0.10880108919060534,0.16062986287886993,0.11870712381085007,0.1537342653387221,0.06615916170944937,0.11797673238379165,0.025994276462387472,0.12652976771700122,0.12146772050832279
0.10139457534923484,0.07192757713121657,0.062085746780209006,0.08831060905220829,0.08177826335936413,0.12385441200164286,0.02392415642664773,0.3111983331690489,0.13552632673042767
0.07419104363999521,0.09601997118240467,0.11571277757816717,0.10007537391724262,0.10496279716289784,0.1058988546935621,0.03814670844689413,0.2562093971717368,0.10878307620709937
0.07914395794738267,0.0871201182528449,0.08749018396951996,0.08341369806361972,0.04684747891602269,0.27337590496468944,0.052988421310035304,0.06812609482213501,0.22149414175375026
0.11744742637031265,0.11250782856672382,0.11394823370551843,0.10360147977982531,0.03017388573685105,0.15468381988350166,0.16755775047577215,0.11920045062025968,0.08087912486123519
0.1102778214673979,0.2048983739394372,0.1111200863045629,0.10807752854983056,0.07565134662662716,0.09522748373931278,0.103756232243653,0.15425162514019547,0.036739501988983014
0.0939626634987988,0.0881076352389582,0.13123290580439115,0.12970395879846577,0.09903942290091683,0.11368731274695658,0.05842794444842991,0.11183496980241625,0.1740031867606666
0.1787617366245423,0.11110387163029051,0.13100712962474534,0.17185948601521492,0.0293206165424575,0.07758855571435712,0.0676942637543211,0.14565194949314839,0.0870123906009229
0.15939722598317008,0.12821070583888342,0.09370782736884482,0.1747114360547993,0.09130714443493228,0.0829518979545374,0.18553438720484514,0.04040817639635654,0.04377119876363105
0.05868558541673464,0.08649730508343802,0.13127055464253343,0.13222416004685347,0.08193061513076227,0.06536821822714711,0.1342942038395124,0.13564464171714133,0.17408471589587718
0.11770105559304518,0.09931297133140522,0.13169055424259948,0.09195067891955105,0.11669041660316239,0.16783549596064665,0.10107818893532143,0.10459399020217491,0.06914664821209375
0.14396274672409937,0.18473979575111876,0.12666322651670514,0.17807112746804754,0.04347800062226332,0.06977967291139538,0.06092114360544463,0.1390199635384676,0.05336432286245831
0.08198519785925547,0.08004164555966405,0.10722617991972198,0.08499680930260413,0.02927302270443286,0.12392203710097506,0.07561180994947352,0.14636804071159412,0.27057525689227885
0.08821251821597494,0.07160012468567524,0.11869644351945341,0.11560712975867599,0.13705649072776682,0.06672150449564763,0.03820119298612235,0.21465714329547905,0.1492474523152045
0.16423322140868574,0.10403372557948842,0.08791614366148538,0.1326988935383931,0.0513673681354053,0.05042743264780059,0.20860193830722448,0.09151317886063709,0.10920809786087983
0.06666253243877514,0.1265539510478496,0.1327729109922163,0.17000866346011398,0.061878149496797485,0.09847553756933299,0.05097426032973599,0.1451648424329827,0.14750915223219582
0.09699817044409191,0.08959354559212813,0.10008546880982076,0.15165486311908702,0.025962167653866122,0.08714511174005124,0.07530530385496993,0.17642955569617125,0.1968258130898136
0.056887716046353405,0.07895840752303118,0.08456703823712086,0.06953142227933272,0.16741263857781985,0.22820197788609964,0.2530758825844734,0.012298694690921777,0.04906622217484724
0.06122993613401858,0.09627831842795814,0.09586636493849958,0.09271156226723361,0.05711633407264453,0.1098207253175773,0.27142067967169703,0.07425469223617161,0.1413013869341996
0.13678915572813696,0.10515381102760758,0.09703415747527189,0.06894420995670687,0.020430230426004028,0.06778734746734842,0.020874641504190366,0.25574527791506346,0.22724116849967038
0.06908366509120788,0.06663869583826071,0.1105254259660542,0.11478452943661148,0.048325509994724646,0.14983578420022334,0.19251270270011409,0.1043911255830345,0.1439025611897692
0.08315616388882244,0.126142138533218,0.09680082537346436,0.08105450679548523,0.11897765244655382,0.07950324962080159,0.043778027825105835,0.10651355976469767,0.264073875751851
0.1331495110624881,0.1360627224921721,0.1291884360492441,0.19434595142982322,0.026407014361470808,0.10838028131165522,0.1477027268480055,0.0701844639081566,0.05457889253698434
0.11509395405706797,0.07565562672827149,0.12416364706390311,0.12530957583459326,0.035077562296275094,0.06826127199066546,0.056525479167634674,0.09233360291820586,0.30757927994338313
0.048844702565485454,0.06833966321499248,0.0824189281087137,0.07541840891238986,0.20932613091209715,0.16805198505236504,0.28762294662338367,0.01704616968781221,0.04293106492276042
0.06380650753579542,0.1744356928070427,0.10475604651958448,0.11999035323551903,0.13597726998867185,0.0967690208785662,0.09504066777110344,0.10139481551340845,0.10782962575030836
0.1418495797490905,0.07373185131608669,0.11176262744157155,0.17906023199083887,0.054265228075128125,0.09404979725855948,0.09364673351407608,0.1496823039205212,0.10195164673412747
0.060612171922965245,0.13008894340046376,0.09503049129841888,0.19695904204911452,0.028179890313977062,0.08084620761523549,0.027315538920280377,0.34195678091465437,0.03901093356489036
0.12343728388308843,0.12148870034990933,0.08297603399143365,0.09065965566894714,0.068891291585763,0.09213651428458675,0.07610891224139732,0.27152406185034866,0.07277754614452576
0.09650248158791275,0.10138374642951486,0.1175425082224178,0.11833203390728009,0.042761260373347244,0.1192703333542362,0.05460770543386376,0.2969009435932127,0.052698987098214634
0.11463760283182835,0.12399545532330486,0.09941471887877451,0.06839636811827166,0.1336187541533533,0.14259755149435566,0.06412843063227557,0.16914189497244372,0.08406922359539241
0.09382434592667943,0.10448963493021089,0.11272458527255717,0.1417024395326785,0.0706984223616698,0.24550431685389118,0.02794100189040591,0.05512687355836071,0.1479883796735464
0.1436114035912762,0.09407662998522408,0.08888471503736721,0.0816769243353903,0.029415776023564783,0.10815514125154985,0.033920832279163794,0.28755028756023043,0.13270828993623338
0.12615342197458565,0.1685768814082065,0.1259576781664423,0.10884801835626647,0.04457651121189463,0.13041718454677206,0.15603807014695015,0.056235893890428934,0.08319634029845331
0.07719185143329194,0.0851097353344185,0.11921814253047863,0.12593662617038118,0.07442650837276353,0.09681793988155492,0.247743256864948,0.041345874463193606,0.13221006494896972
0.1031243610165758,0.15922334874266028,0.10635313701922726,0.16211121234722276,0.094751986758165,0.06139962151928512,0.07469773091704511,0.16816077675597754,0.07017782492384121
0.08840033933095083,0.08444691414837596,0.10034110493223487,0.08924732339669801,0.09493238516642806,0.15703234543519176,0.11394472163099024,0.03448366365253417,0.23717120230659605
0.07908994839554553,0.07334057511171967,0.10252527551514694,0.0968320420073624,0.03318841732276059,0.197040154148297,0.0982151544408439,0.20183953396903673,0.11792889908928729
0.13805058742742715,0.1918624533466443,0.10852894595217223,0.13854298651089572,0.07705481655563606,0.11399682046156413,0.05623465981457539,0.13183232431730246,0.04389640561378246
0.16087516028840734,0.12308934989558921,0.10948146994098396,0.16520399466794833,0.05316054731213624,0.10617786367606068,0.10618281582591987,0.10917055018194637,0.06665824821100798
0.1351872075396178,0.14362298461179424,0.13437280397438636,0.09501494154697854,0.15663287228078418,0.11091556426268151,0.08251807929534372,0.027102111450196573,0.1146334350382171
0.17645306218193443,0.05756857936840109,0.07295359219796611,0.18578417808978767,0.05502875125034371,0.08787089269453284,0.0179434476529938,0.2786568463449714,0.06774065021906894
0.12068907945408176,0.16965839740454935,0.09548761393532183,0.13583334018416343,0.0826129628118637,0.18088615241847608,0.03226649975698853,0.08344070965875454,0.09912524437580078
0.09075214825315488,0.11240393503450082,0.11331774072026357,0.13567223446832155,0.07760482387373678,0.13166338857170892,0.07320435569093249,0.124575655411415,0.14080571797596597
0.09335608902926533,0.06748121060795623,0.1083004338935244,0.0804946751468585,0.035615821732922895,0.13596666175242691,0.04374042650451706,0.1368122701950772,0.2982324111374515
0.11027033570219162,0.11847575300890449,0.09868171899370703,0.08423967342522183,0.03688190654042214,0.12751346356315046,0.2979609817147842,0.04150800493723935,0.0844681621143789
0.13757650702275448,0.1698219762741707,0.13505525225917045,0.07746594405369249,0.07198648908147053,0.09247775563785865,0.10385697149317724,0.13191553570741302,0.0798435684702924
0.09580087321037356,0.11618418165416304,0.11055075589085656,0.1398657911781421,0.07311018037219989,0.1179150238849127,0.13089465991870516,0.15414384386009408,0.06153469003055284
0.1958881220878869,0.11237608869791156,0.1410788176819837,0.11937675607111821,0.08476161120549254,0.1313950694277413,0.04016298722948455,0.13940887754812137,0.035551670050259894
0.16203246902195248,0.09352064433389223,0.10459712600675398,0.0468340677328572,0.02207798853697926,0.15813750374976598,0.046290082574991516,0.042573073770509784,0.3239370442722975
0.11571742844389932,0.08535756291217543,0.10923972562263058,0.13698957110044283,0.07122337666304844,0.15859875950061356,0.178874763502051,0.03539296193922609,0.10860585031591281
0.08513755898512837,0.05498655688628104,0.09445854153129922,0.09568951178843503,0.06829269045873941,0.049960300868483944,0.03685281541802934,0.3709587931516749,0.14366323091192887
0.06945581983524653,0.10319726698565519,0.12833132763198715,0.13872491741368395,0.044839063381999084,0.06669490732392863,0.04885477471724203,0.2628855165184741,0.13701640619178326
0.06466831367010974,0.09211186779501608,0.12189879513838758,0.11070310911857793,0.05771218111283596,0.16663462692437578,0.1566655871597448,0.12981208329826313,0.0997934357826888
0.07489413008037893,0.20792902028674,0.12164974998020066,0.08411666089459931,0.1447731339174593,0.17804673037779298,0.0663082766492155,0.04741892633137576,0.07486337148223754
0.11207170319583552,0.12145749277259353,0.09492707426707243,0.09595873516074903,0.049982144354659315,0.07451949674029977,0.07987266421705728,0.10842856682475466,0.2627821224669786
0.11029616495581475,0.098593546277985,0.08993646208019972,0.08783479988719473,0.057281784710221044,0.1106301918093317,0.3518449981496863,0.04562782806125116,0.047954224068315655
0.18030654919014943,0.055244600991536226,0.0723608094446699,0.0808348087749592,0.03143329167411156,0.11407699424597735,0.26329343121217563,0.11940949601096178,0.08304001845545887
0.15096572430100866,0.10454714990452883,0.12772785749996488,0.08793271476473208,0.03749239151355418,0.10950587411430988,0.04939915064332798,0.1670590585919378,0.1653700786666357
0.06852884012199671,0.07308894762216034,0.09141353677802638,0.09615544326558823,0.07080792931358106,0.11820708232505339,0.05672926663212191,0.07663366904268253,0.3484352848987895
0.1075715246408585,0.1573374764539829,0.1485332422534688,0.19275767791830015,0.07225356500717595,0.08563527878038968,0.03321268523515927,0.07452589279748152,0.12817265691318314
0.06049291591499256,0.10687865275642543,0.11666573117175248,0.09615934565698592,0.12800028742030825,0.12127145810964335,0.11532272543850952,0.19004892109021657,0.06515996244116594
0.10180175258685716,0.12509706008692198,0.13674514609873803,0.1308629105510369,0.14936557554428656,0.11935917727258814,0.07913432251716553,0.1179161775740674,0.039717877768338176
0.06428042799681201,0.09093522721142672,0.10321574440241836,0.1742033540432585,0.03424207639908944,0.09400538603311358,0.12131670877962109,0.10938864044859997,0.2084124346856603
0.11269150100491188,0.10140352040211346,0.1359445672534898,0.12011865092821611,0.06225896601644421,0.08962592651692147,0.09444524016375484,0.1941667367786525,0.08934489093549562
0.0815570692307086,0.10005855519484767,0.11459526527009305,0.0917550535692888,0.09251081515899644,0.10419814012090767,0.08272968236301433,0.1781934525208394,0.15440196657130414
0.16660453493653113,0.12346241215533922,0.12272948935651494,0.22691264128397448,0.034701640590373,0.0631217868822191,0.04944234199918416,0.1539286746263623,0.059096478169501594
0.08583676869869795,0.1267865053372442,0.09539530358720837,0.06421139650966629,0.03146103837760137,0.17971052510115448,0.026630824804295627,0.26151153729325544,0.12845610029087629
0.12907435545205778,0.06158287171594664,0.10085252263241164,0.10556566060103774,0.0950701005388593,0.1410160272425477,0.21430865102565566,0.05720434965937778,0.09532546113210566
0.10141363394113595,0.21925327010618445,0.1187707381845186,0.12092574356829472,0.20817879191768365,0.08740244446194996,0.02654735745219834,0.07010494549647656,0.047403074871557656
0.08322253502880157,0.07303089603334453,0.07497681258855048,0.08996661295172449,0.12305523159424858,0.15192664338824158,0.2741583951816658,0.031813633597041174,0.0978492396363817
0.15440586185845048,0.13698705893039467,0.12058337029463884,0.08776840136743617,0.16442336083378303,0.09523955313496572,0.15047918395618853,0.04862813038291073,0.0414850792412317
0.1274663332273567,0.10561775809452205,0.12560793659460126,0.21946062980327882,0.030296143092884475,0.08156012313592564,0.20190691381385348,0.06437335521938399,0.04371080701819347
0.09389838999996619,0.10825975489299783,0.08941876099722412,0.06758494752523393,0.07895927891817626,0.11488746446980373,0.3490606795603554,0.02455494015063588,0.07337578348560668
0.11500433627634753,0.17951088036457374,0.08818990787758142,0.10710147399390789,0.11479231123959983,0.05987619008798193,0.02192659272764019,0.20189964016960638,0.11169866726276112
0.1214883439505856,0.05901971718105567,0.1658061476249477,0.11459413741297313,0.15176280467467526,0.15077305966374335,0.09475424426996541,0.07971924892346693,0.06208229629858696
0.08834793090623916,0.12721268380905185,0.10350961982106976,0.11099547505152045,0.03226963473604029,0.0805217904463051,0.09805725795955351,0.2046199165973425,0.15446569067287733
0.09937045826289133,0.15074840126306419,0.1288402337543259,0.19165756391153152,0.07809817530954004,0.07984307140890289,0.08760648465699461,0.11024332311663991,0.07359228831610966
0.16641015364119116,0.07165448124660527,0.09074674188618533,0.23984951622223716,0.058286534228765285,0.08567871058456651,0.08419114225375736,0.1577042924757612,0.04547842746093073
0.0602776540742636,0.14635451625503768,0.10723233219018184,0.10985392047087299,0.08204540177434284,0.13306448103216106,0.03758879547008728,0.1329288000514033,0.1906540986816494
0.11824086908313741,0.21124393189098264,0.10045456420249772,0.1051069242369117,0.12276295934602523,0.06838276336447599,0.14115540112373684,0.0863938492998218,0.04625873745241065
0.09271848585941778,0.14286821489112653,0.08654634782503429,0.11794628452854582,0.19797272630288643,0.15703058527893313,0.02810551827942742,0.07722376153662927,0.09958807549799926
0.11891572941276148,0.1536352559196733,0.11366761809820419,0.1408936419930031,0.13613218126616283,0.08895349417119332,0.08667202531552808,0.10535388414345476,0.05577616968001892
0.11126119748124556,0.15769730782362834,0.09805741083309784,0.09797234339371914,0.06007864713002966,0.11930369104203487,0.09154699670682291,0.0826471369116742,0.18143526867774742
0.08509178812611239,0.08289162606008739,0.1120704792792543,0.1533767536982657,0.05995358838168305,0.05811838321662977,0.014103626216764796,0.18765883931956737,0.2467349157016352
0.08268362774630585,0.09435771287202167,0.11622950706804384,0.10292321881715562,0.2488845999674788,0.0945598360499731,0.013630479764713944,0.11829009698064048,0.12844092073366667
0.11757737485341314,0.13103808991307322,0.1124664117322755,0.20829890741849413,0.06944881826422582,0.06061014743645073,0.09048351397448769,0.10377357560583471,0.10630316080174503
0.11168332183163382,0.15777626751703963,0.1308862158526904,0.12768767101993497,0.09059254879819234,0.10628226816136543,0.09914671535640514,0.11434307685378862,0.06160191460894976
0.12266753291062715,0.12412145242970107,0.11683497843813268,0.0865235838185023,0.2401343446634526,0.07255607029093801,0.07346609450643236,0.05461967513280116,0.10907626780941264
0.11018725154026066,0.09260893773539965,0.12617965174227422,0.15097174678261746,0.08300917805508111,0.10644796342155878,0.10318699548999184,0.11179117189634284,0.1156171033364734
0.09141469588001623,0.090545218651234,0.11601672892513742,0.10162277972657996,0.08525518696430717,0.0825979168063778,0.05383932039152504,0.12122692973972597,0.25748122291509645
0.10109141519324664,0.08798462222329505,0.10611745533839527,0.12711944218833746,0.035220386294395355,0.06877945205146162,0.19810589747529908,0.20070564576218627,0.07487568347338329
0.09765712940894143,0.07973022063055084,0.126837453362745,0.23843507213743242,0.028965408444362795,0.10576088501061065,0.05019734004876288,0.1290266745606178,0.14338981639597614
0.11555300118382439,0.09697790089807963,0.10782650664492544,0.10832837884697576,0.031049776383558183,0.050648195522953854,0.056931328307521345,0.2759853308459423,0.15669958136621912
0.08419054174304115,0.1626421121987617,0.12351318212886742,0.18623064005519688,0.07007207329526743,0.06901482309635361,0.11079649088950883,0.13493911324061725,0.05860102335238565
0.08720050405105084,0.09251321118967215,0.09898204207731554,0.09080757069769357,0.11816094698084263,0.10586991585111354,0.1016818681587069,0.0745912398082807,0.23019270118532412
0.08356675015265569,0.13618903547091377,0.11545139415641929,0.23324686357944135,0.06598835913727374,0.04166747560216527,0.15694839169140407,0.08786629032495696,0.07907543988476982
0.10709685812554874,0.0968465706410166,0.08902951654030172,0.14662818779233466,0.06385424232742304,0.22340482944052528,0.17636061783547952,0.022625686303659548,0.07415349099371078
0.08014553254333297,0.09787166837206741,0.11082651998917299,0.11078317910509972,0.09810276183798533,0.12811862710384792,0.031760182904862815,0.17272860832182782,0.169662919821803
0.11902027936624089,0.05533404224959219,0.10654792650113708,0.08052097500415967,0.05062712518192002,0.1363137625431419,0.23244541030963772,0.11422490935834036,0.1049655694858302
0.1481448725465737,0.06489218482638644,0.16238832911095658,0.10126331714569119,0.087931823855513,0.06355324553451502,0.1686810587126554,0.16250312962319416,0.040642038644514475
0.21687863731191945,0.07602390629122309,0.10095403997207958,0.17193420198009535,0.08830300432451932,0.09275065471881039,0.07342236995826515,0.07718491567429933,0.10254826976878835
0.09698972192136286,0.0771092597587289,0.12257994170249703,0.11535266805795254,0.031241992877994215,0.2327597592261117,0.04561723934942036,0.15588004421965448,0.1224693728862779
0.08852833850754614,0.11249228483330043,0.12627047628818763,0.14450160192197406,0.03575563456587494,0.09959834063961881,0.037480807371252874,0.0955435395230921,0.25982897634915286
0.1400886067887436,0.06203445965115245,0.09426816794319882,0.10265799793309564,0.05264795765852756,0.08084270479363886,0.034425631359958325,0.21872576250159956,0.21430871137008514
0.14184642850248894,0.13456608411386728,0.09376682961797894,0.07616106957829294,0.20698082673983056,0.11998684342818537,0.09099499888161773,0.05328098270658549,0.0824159364311527
0.12003506393222403,0.1516376545928187,0.11633600806632986,0.11727401202580662,0.06911222122201029,0.1660800735468119,0.10547634715766992,0.09067016797524634,0.06337845148108236
0.052910206060703624,0.06759781302637635,0.08262737029356809,0.13958271103634415,0.18989252757284522,0.04768844579388195,0.046994066950581705,0.30950793916753816,0.06319892009816074
0.14955396142209346,0.11928774159095694,0.0941775429139643,0.11430830762102738,0.15135713919015972,0.08189816520828842,0.04645666002036899,0.09612296782296802,0.14683751421017285
0.10188149163037842,0.10546907158321202,0.10995452226995035,0.09206747312741688,0.07025952421968062,0.2447043407269918,0.15196453833705492,0.039381143638260896,0.08431789446705407
0.12044541535334702,0.06586183914074188,0.13180075368093927,0.09212232991496348,0.061382385056290505,0.0905735215187035,0.05284842651005528,0.276095913960799,0.10886941486415998
0.23384963734864259,0.10792999342948699,0.10446606309382483,0.08491401159835245,0.10032471200812713,0.08624680741807256,0.03128655980792567,0.1606106355647928,0.09037157973077496
0.07397112921258914,0.1064900932497788,0.08661539245270129,0.18367245131428842,0.12256053026883379,0.12484462949582664,0.12124797970531231,0.10287775969593284,0.07772003460473677
0.08436719106972725,0.15367072644550425,0.09507726767567816,0.11463234053115379,0.10835400276132572,0.1532943387504668,0.0422244313244508,0.146212488704319,0.10216721273737424
0.16121609401921388,0.16782726205488033,0.13782019262318682,0.07251703008555078,0.055699339653107915,0.0843031591935766,0.019599491036592424,0.19409679499902874,0.10692063633486255
0.09740770573760532,0.0719737132054115,0.12247655315668671,0.10257045364591422,0.1427351255138509,0.10324916374850862,0.05089222176302554,0.1943339210249088,0.11436114220408843
0.09464393883337424,0.1922532363521321,0.11556677602680553,0.1960288723607937,0.03755486638617145,0.10537463900244047,0.0341014491896379,0.12467033028522508,0.09980589156341957
0.07844357679867131,0.1355609302974915,0.11828382274157717,0.08969558420981323,0.03357677059008826,0.0833352910330063,0.17727956538640544,0.13573322555175868,0.14809123339118802
0.08703748176194555,0.1305287677715932,0.1253949717769531,0.124692674870154,0.07882162761244567,0.1445370632009367,0.035688291438074345,0.12059226560448792,0.15270685596340947
0.13074785813136924,0.10658753262967381,0.10822915257145416,0.1488092083118909,0.0519352837840894,0.07516570566564686,0.09777974477426347,0.23851899390484332,0.042226520226768816
0.17283663941521912,0.10027618261840916,0.09259350963257817,0.08520119006565806,0.09082695671732084,0.14895062574851595,0.06551827236909702,0.11805780755505668,0.1257388158781451
0.08327142318281626,0.11685960150590195,0.14204428135781172,0.1136956570955619,0.10521033458464252,0.13438566314799308,0.061298355809484985,0.1250871676995419,0.1181475156162457
0.23461061102292557,0.06828690330925173,0.08598995633649038,0.08074933021506024,0.15192932758936278,0.044779902409117084,0.07618372860529347,0.22120260941929556,0.03626763109320319
0.09142591746321367,0.14335178258061335,0.06576349598503273,0.11349231763443075,0.06572425905799294,0.11744513915698403,0.12157275006847229,0.1434030761654286,0.13782126188783164
0.13789698875977177,0.13718968556581232,0.12452482895986837,0.09177000651720042,0.07407456852359222,0.15755020806018913,0.12531235205284,0.05578956734535232,0.09589179421537354
0.0794384303317544,0.11245940149359007,0.11737352061584681,0.1277222545976978,0.03541689146727344,0.11642503977281786,0.19809259349185662,0.13825800114339235,0.07481386708577079
0.0720696676262227,0.0912824548296607,0.1131935518339875,0.14822274728107818,0.16126396638659252,0.05677549635059711,0.02853104217298467,0.23014374021146977,0.09851733330740686
0.10673233771913898,0.08179122128121813,0.12038170503630861,0.13126582556667277,0.12383584175638424,0.15104006565191,0.09978642313634507,0.04995533090535776,0.13521124894666448
0.10454800603097987,0.10881908521745669,0.08844321555699856,0.11702764686312493,0.0479000824903961,0.10673103588614667,0.08739953313913869,0.08064544170951322,0.2584859531062453
0.1495043257104506,0.09871297034333015,0.11802677957698404,0.15693732531136595,0.07262576906083756,0.08069451085440066,0.039988610315279303,0.18783459896114932,0.09567510986620241
0.20947083375646672,0.09464927493626767,0.09700475244182803,0.14447710702289307,0.11710328355404005,0.07880021823889061,0.03492901203100816,0.14049272550030115,0.08307279251830461
0.06202918084954994,0.06469615976300015,0.08949368346055299,0.12288641443235315,0.1484598701257875,0.11572822242520368,0.2809592956563994,0.035384582365091365,0.0803625909220618
0.06845438608032622,0.18580957889849045,0.11211531366399778,0.10223962526245951,0.04395186413808034,0.11772245114770906,0.14573411350599605,0.141075069484744,0.08289759781819661
0.08548884656458851,0.09559118664352273,0.10735320507725804,0.052678602711670096,0.16023058871315418,0.12915839800982654,0.038241442032674246,0.11751836288796434,0.21373936735934138
0.09363481068680718,0.14141948908137605,0.08740471276938411,0.10921068106415312,0.023307066479952412,0.10694518586175789,0.055223645049699975,0.2205927166266168,0.16226169238025243
0.08163381084024862,0.06762856790756838,0.08958674587193109,0.17968389169228885,0.027793980891734776,0.11644084968187429,0.010683508849543605,0.21619280891300055,0.2103558353518098
0.10514117978122227,0.108015836238596,0.07791519085939881,0.07591990230692784,0.1103237747455149,0.19354152923536372,0.28415382528477745,0.013060255869808196,0.031928505678390916
0.15610231841092503,0.08718602435690158,0.09065309774618342,0.10383207616307355,0.07583498270830964,0.09248136479399871,0.03275616881708834,0.12733618518619394,0.2338177818173258
0.075482956337943,0.11292347641873264,0.09174584691932323,0.16936702657724512,0.03082944000909424,0.037744080335713484,0.3729193488040676,0.05371507720368116,0.05527274739419957
0.11952158240323076,0.14589180655557749,0.11644113074598016,0.11100013303410954,0.06331466546431536,0.1018577007383119,0.13292203325389013,0.12584960327915848,0.08320134452542625
0.11333103907998565,0.07964335546896907,0.14467320922614413,0.14523167923333957,0.07391507382451767,0.06778876120864448,0.10445147587904528,0.20598110998937458,0.06498429608997959
0.08144249022975908,0.16249106273406627,0.07836477729781244,0.14265656293360782,0.1164655404166773,0.07901911220882284,0.13077831558775974,0.08518137246376155,0.12360076612773302
0.1472740934161175,0.10462378902719294,0.15370444187054852,0.12730683399084378,0.13572409434567503,0.1332876910376817,0.06623013902540235,0.04429364427897065,0.08755527300756745
0.09263394510379364,0.07129496036293695,0.08976268809713252,0.10245603102201935,0.1381270212912714,0.1229430455626403,0.1313148420940579,0.03637486901587229,0.21509259745027576
0.06092349050310161,0.06892470683465934,0.14071667219227188,0.18380581331808618,0.06612749234041215,0.07995190874772444,0.18940298834041755,0.1515114226738096,0.05863550504951726
0.12161432476043608,0.12865198992965352,0.1010484642303741,0.1928617220052725,0.050186364729963795,0.09373412397887428,0.07431099603569341,0.20562618326985146,0.031965831059880864
0.1549589740186793,0.11527721882489801,0.11842331325467663,0.11232135712349721,0.023071316595457383,0.11438136586142515,0.048502398872767305,0.22240232992134493,0.0906617255272541
0.11334844961343891,0.15297864599282232,0.12694243641663797,0.20049796482652696,0.0850282456168861,0.07553223952824678,0.04077838277234628,0.12415428133812238,0.08073935389497224
0.20437457095181943,0.069068625468014,0.12203288310323729,0.16211941907871427,0.07965642883875253,0.05034122122424776,0.04258266458318933,0.16490617323473242,0.10491801351729296
0.0904103955926233,0.10390007783271438,0.1267916488453732,0.12376042531942587,0.07402132844327158,0.14853501389227955,0.09950416523238116,0.14623512049046122,0.08684182435146977
0.07616002715866542,0.08677520943924451,0.12151062313993194,0.10806324956131592,0.10713350356049411,0.13557903969304036,0.07041384073784397,0.11049075645401414,0.1838737502554496
0.13267119876922953,0.12929349613374036,0.08826881642894611,0.15529006137431542,0.01563530332621391,0.08610464056151056,0.17518972389467047,0.1792368852034331,0.03830987430794059
0.128214003144591,0.10616521636678732,0.1394356709808484,0.15361029202269796,0.1103402921775018,0.10529656325498793,0.03720947683933267,0.10435968011042322,0.11536880510282972
0.06925731902100664,0.11574178296277822,0.08110795184511133,0.11293420000329309,0.12062218473117563,0.16413433966414884,0.057881335308870796,0.10168250665161653,0.17663837981199895
0.11894040497290187,0.10941190482001793,0.08645354159645169,0.17758098089295848,0.2400565001884315,0.09395367797371863,0.05471794432605801,0.07819102871334098,0.04069401651612096
0.10927881966661339,0.11195915430631986,0.09947951181790637,0.11434218700611676,0.09215215621755062,0.04721217570837568,0.0960414260063696,0.21825297617931208,0.11128159309143561
0.15742173326913353,0.0772116099473014,0.13502651642353572,0.2203101929856648,0.1134438785646874,0.07206829671988838,0.08630251841077592,0.06458420855964529,0.07363104511936755
0.08989484211450387,0.11661464817361089,0.12738259918618547,0.10705232849805103,0.1383809003617353,0.05652430467684333,0.036829647492612375,0.22392708566456712,0.10339364383189063
0.0858298388228433,0.0821137762235405,0.10605430055090324,0.28071925974986983,0.02928938028229182,0.08366986546364676,0.15871326909645347,0.11495087446465994,0.05865943534579119
0.0805509891491985,0.12097595801356635,0.12902980562313157,0.07140811432775031,0.1265249220998323,0.06383749373814346,0.1921852431606237,0.09305899176848668,0.12242848211926716
0.14449182426346055,0.12155062583010441,0.1411371363710973,0.11435890676978015,0.03609822311519614,0.08633589729993625,0.09439600659009334,0.14503503370387053,0.11659634605646135
0.17797312638593385,0.08823948723227172,0.08947604536204055,0.08352889962563552,0.14737631508912555,0.12788709720106795,0.09748908241216464,0.05132350685172199,0.13670643984003825
0.08469087927923391,0.15149281677146645,0.12808657675797977,0.12847895141307686,0.08340131023389208,0.05867139277779371,0.06878090590829646,0.22716511161639655,0.06923205524186425
0.07826928856636696,0.08996151620384375,0.07624703188404865,0.07697855234608901,0.2549924569889292,0.10826713353877139,0.04622562261894279,0.10480369300247554,0.16425470485053273
0.07153503568578475,0.08896873504166204,0.12364850541691648,0.09641306972227963,0.11255975561262037,0.1687763136536121,0.04751371005777005,0.18890418007146068,0.10168069473789393
0.09267444176750576,0.10293464259228402,0.12629605888528628,0.12472244787558795,0.02403892330210459,0.14002460317394927,0.06449619246620783,0.20790405652574986,0.11690863341132442
0.08944463260681708,0.11614138582232657,0.1210347058714305,0.08453303922311167,0.19290029740653533,0.19813124290544373,0.09397374345438864,0.035719585072738376,0.06812136763720816
0.07445318502406575,0.09216005282995166,0.10911496814807209,0.08919287606360464,0.19318217754249933,0.05461680160096743,0.1234690399038265,0.1292905334637932,0.1345203654232195
0.11943051383871138,0.1307333689495233,0.08463105070013825,0.12445952544070558,0.052701618812234015,0.13178148673178872,0.08328988272098219,0.0872243657168792,0.1857481870890374
0.06316851010004945,0.08735328830681978,0.08083600431944117,0.09535341973436993,0.17147264709584017,0.15302032326541798,0.06217508564068055,0.08439303955374718,0.20222768198363372
0.10880473438379608,0.13761831167096747,0.14341215680564398,0.09303292841608164,0.1459220430880548,0.12556725900466378,0.03683353223948325,0.11765860899086188,0.09115042540044714
0.0918858926700034,0.15385088145213938,0.0968358124654959,0.18261336429220498,0.02804275305257727,0.0713979165356169,0.10687568014455955,0.22487577502705183,0.04362192436035075
0.08178690619922417,0.1129167248704143,0.11124920994733777,0.12593564815371291,0.1324171897307627,0.15037672500336974,0.0659579506164579,0.1473661338621461,0.07199351161657436
0.08841690765960625,0.1720503792513682,0.10703917626422532,0.1309659714460831,0.018050676129270946,0.08516115835781045,0.25188629250408856,0.053140559991495306,0.09328887839605192
0.1439800608905221,0.08458978218272206,0.11072430383597835,0.14875253605604835,0.014335387874507702,0.0837548314897738,0.14138973225883075,0.18204710229370255,0.09042626311791434
0.20629954141225823,0.13433246410339003,0.10181978345305605,0.11130839153593132,0.04305702070894105,0.09641079531574416,0.15296562236557384,0.03814981933292588,0.11565656177217937
0.10316400233623302,0.08079243057461362,0.08757700093878663,0.12913748809403727,0.050793983222590655,0.07275381978183271,0.13806161064688297,0.25674148347112663,0.08097818093389646
0.18054933820373523,0.13885288046550373,0.1039909826858648,0.13172168884351265,0.03322936544929187,0.11714762259038547,0.03208125231406888,0.18305705712441775,0.07936981232321956
0.169491287918774,0.07927701150129417,0.07882447859002524,0.06190916801888513,0.1549346445812483,0.11779617468034957,0.11516834123160152,0.03990096733949928,0.18269792613832278
0.09097537582380566,0.09452468131227564,0.0703919382801105,0.08342691760414767,0.024633605120360346,0.0636558770350175,0.10927361912979128,0.1876264215162491,0.27549156417824233
0.0962115941708981,0.1097356948978291,0.1136022467087387,0.09505799741983985,0.17245663810954678,0.09904542667332628,0.20566635829293833,0.04274567898558903,0.06547836474129387
0.1130865668139387,0.20275163005438934,0.12814024768177532,0.12621851705226958,0.09008265726113629,0.07602502536643034,0.10663330327322507,0.07857461819972193,0.0784874342971134
0.048007806632200244,0.136897523005938,0.1350179146788287,0.11457549967312601,0.18172858725523755,0.10064142650295516,0.07295540128526291,0.06246461602787773,0.14771122493857367
0.07185610615560861,0.07721466497079717,0.12191276980144639,0.054945541905313554,0.07352056217591235,0.14323145152043246,0.08894315105826496,0.14197215208087646,0.22640360033134801
0.08774976506959246,0.08890819798456152,0.0814215704610781,0.08357484702324669,0.1941111050068691,0.1716423548761354,0.05326908256963573,0.13857886490545177,0.10074421210342928
0.18578993555472378,0.13896193720648395,0.11791164641430153,0.14459890949027862,0.14324472459121523,0.11193588091426605,0.04850695516407468,0.04989476912749502,0.05915524153716118
0.1247260832483686,0.07889311266664777,0.11057764137729302,0.16831893614672053,0.07021941791265547,0.12765862996018038,0.05971419835256068,0.12394302035073494,0.13594895998483866
0.09385277410092228,0.16018811366239336,0.0981524475071804,0.13633088155243908,0.05256429053130022,0.09586840617821087,0.11816312843676506,0.08639597540864714,0.1584839826221415
0.15018070726442362,0.13416389799054038,0.10592834665733479,0.16531843049551462,0.05816087373772752,0.07594706800122546,0.13247659407328186,0.11475574349222122,0.06306833828773067
0.10849173642396141,0.1404383184111692,0.13818029219333194,0.10578914607774255,0.03838113793504813,0.14822215391280477,0.10769959048784622,0.051068066866872264,0.16172955769122355
0.05907743873872636,0.13999377626132048,0.11042302065032077,0.09315897944699336,0.09306934647497694,0.08160327745392576,0.05410734089288619,0.14407514663670226,0.2244916734441479
0.1392110270731939,0.12001348665098609,0.0989799615871852,0.09687796284082273,0.1282983088708026,0.11625355405297992,0.08968924871853694,0.1429864685243542,0.06768998168113848
0.14244788812281498,0.11042702012588183,0.12342449828976428,0.1635896294891874,0.04017482872327415,0.11852670308354674,0.013293163706546032,0.21548018081154938,0.07263608764743519
0.11958583561810728,0.1310511028925748,0.13227993997546839,0.10125177020795519,0.03577738133752179,0.06705890702493984,0.06894077628618106,0.2568497169512436,0.08720456970600804
0.12913599312377547,0.14775855070184127,0.11531241620361593,0.11020058942683568,0.18724305364880411,0.11567769253405717,0.040253178898452924,0.06365763608764918,0.09076088937496828
0.07717863582461788,0.14518462135918367,0.09187365949017091,0.13045264415888155,0.07810960856119435,0.062213130465291366,0.08478887516181056,0.10605679115663431,0.22414203382221531
0.1389722689247254,0.07865712670689988,0.10238969115646468,0.1428846189536517,0.10265501828062155,0.08823722589093745,0.09497351673357186,0.10009784704402759,0.1511326863090998
0.07517817928254629,0.07390774083889674,0.12339204004829953,0.12623887317783186,0.15234701648496263,0.15387003460114923,0.028326114878748226,0.06364428405898624,0.20309571662857925
0.08967073767945226,0.09537164550739154,0.15132208939430444,0.12139561801093575,0.23116313318063017,0.09678731917387944,0.08185590346960116,0.06997690163473691,0.06245665194906841
0.10851464636477919,0.10891111886755778,0.1502812113570578,0.09529523649075063,0.023954947225907634,0.09241560345991541,0.08519159486915713,0.24848575759194544,0.08694988377292902
0.12959675117946187,0.08942370196686515,0.09113404189481839,0.07178529726913906,0.07889983838960536,0.11290998992577239,0.1092397958217679,0.09950345905309994,0.21750712449946996
0.12766706674385203,0.18720710204619595,0.09905517237311116,0.11880364433087527,0.06503848933450249,0.0979938572358543,0.07388319747658885,0.07990720845238257,0.15044426200663735
0.12750275824496873,0.15121450979279605,0.11155347612034937,0.10911705276128099,0.034503667521182765,0.10346432165664692,0.17586777705101486,0.11161598705976726,0.07516044979199299
0.14171350797552815,0.0765803063790405,0.0727291427464639,0.08986635388772246,0.02502671656734247,0.06724589658419729,0.042833609357550484,0.20116163549226104,0.28284283100989377
0.12810948536084157,0.19986222995320158,0.09967775269379504,0.08691572756921247,0.1031211161998109,0.1517459942693664,0.08970582837201942,0.059506725841976214,0.08135513973977643
0.1301291344893938,0.08952065483922282,0.11727463910748327,0.16775340160028954,0.10454126481149399,0.10262665835025798,0.10634440112488382,0.08809534816674743,0.0937144975102273
0.11482669790149509,0.10994303465133785,0.1284810523662577,0.15280764388736742,0.05209708779568956,0.10175401161973617,0.1307327374508108,0.13815425752071933,0.07120347680658605
0.17856546953658395,0.09960440733992705,0.09441281908531701,0.1533283452008167,0.050014302016618904,0.09113016172008663,0.1956002145413441,0.059249244341839,0.07809503621746666
0.10453700065720394,0.13394521997919864,0.0715126125013958,0.08980406807538503,0.07029461176101869,0.11544269334136298,0.232664798439802,0.06863703481524253,0.11316196042939042
0.07371482548437962,0.06145396391525404,0.1011025895799758,0.06528761158892653,0.22023456767263735,0.16559786240084734,0.12311450699913744,0.0309094852261773,0.15858458713266455
0.10523065246357212,0.08617801206564224,0.12000186401221645,0.07656639345332877,0.1284354423028071,0.08007219121671534,0.18361030151446492,0.07873372032971804,0.141171422641535
0.05922257815969437,0.07449402160420575,0.0845052584876773,0.1097224039357848,0.04340090121652542,0.16095698824861002,0.3665910954786633,0.04489650780674126,0.05621024506209781
0.1619176077891703,0.11830895562244542,0.08440941355310859,0.07675071789051291,0.05920863106001876,0.10736606368523631,0.30085023791883275,0.05633712638928049,0.034851246091394394
0.10048775637687064,0.10924805637826297,0.09106793840964583,0.12358410671588153,0.020260558399737758,0.10153344502310509,0.012809701818862103,0.17535515757773248,0.26565327929990157
0.06729103713846224,0.07804991930823181,0.0906425175695909,0.07189829013798987,0.26599165649911033,0.2162665881919297,0.10044308348959752,0.06679275021371829,0.04262415745136938
0.16167523542154225,0.13243282746842971,0.13006997865883238,0.08132698500369491,0.01937104500445885,0.06371913603000008,0.049406751516366004,0.15697841731278725,0.20501962358388862
0.09188983749833307,0.11956008575999162,0.11595335123929566,0.16685108923259084,0.06646014593287104,0.11965902477604622,0.0644801425000041,0.16047327655085375,0.09467304651001372
0.10643128696024218,0.10836707211777145,0.11320129416721807,0.08525909456492374,0.25674902488872176,0.08723878746502374,0.06367116267683506,0.08011917242524265,0.09896310473402141
0.17229535837931428,0.17142978537884349,0.12034935328319647,0.180558853509153,0.019701590489638675,0.08651773338579916,0.11360418911982935,0.08957441255761894,0.04596872389660666
0.1545322743396139,0.07147693615900937,0.1066754405431544,0.07957393495714192,0.012807473984355798,0.10761710649873063,0.0728901647901047,0.3159747383414489,0.0784519303864404
0.07962739738952164,0.09927325297400354,0.08059609012165365,0.06593002789629004,0.15438795880987347,0.07116877640653464,0.0488505642772703,0.25914592338515585,0.1410200087396969
0.07316319965789006,0.08901461499934597,0.1524706048616773,0.13044509787227665,0.0425987982528229,0.08091024931996327,0.05269008407340122,0.30685489029474283,0.07185246066787977
