0.11048016634510444,0.09195744529028495,0.10429262767763897,0.1250702169968599,0.07023859703171244,0.0801980249391544,0.15519792794251241,0.16813582357889625,0.09442917019783613
0.10789478356682386,0.08233315890059134,0.10346930164924005,0.08143041600108492,0.16117886373630172,0.0864907302477278,0.17976137278782234,0.12103236872538015,0.07640900438502791
0.09972024910406994,0.08023920662794091,0.0907534397840794,0.16111898514223058,0.15452976981548183,0.10678135764865167,0.07995763345911414,0.09657627756114906,0.13032308085728248
0.0920894869173352,0.042563826112439695,0.08838374000607291,0.08122179980388988,0.14604721515455288,0.09049500510649855,0.22833814763177243,0.10743020127095355,0.1234305779964849
0.10569873956228937,0.11308663451827594,0.09128205743813883,0.07428674637870723,0.07332584249202544,0.16377997958054302,0.05707800146343812,0.1317052085625805,0.18975679000400156
0.11180152120432414,0.16108319580683308,0.10690895120848636,0.12399706541107147,0.11146686523525313,0.10963323735047699,0.055639366391964006,0.08841375222625421,0.13105604516533664
0.10502681561673786,0.04990435688807665,0.0962601144033054,0.11241809612129311,0.12051274860583576,0.08389416197427003,0.18786208298316234,0.12394587542473479,0.12017574798258408
0.10059637713132179,0.09329497676451022,0.09681750508964486,0.09266712073767651,0.15286092178965194,0.06675391129016132,0.18370202764973428,0.09579842083113772,0.11750873871616134
0.10330100639136332,0.09023460789164328,0.14813569380700156,0.0814258268762907,0.11561625584232116,0.06773574233001228,0.2137674298047032,0.0900130169837915,0.08977042007287295
0.10919034715076775,0.11133445196494196,0.16929667936085846,0.17972112454777545,0.06491507944786083,0.21143726127861898,0.009893800561320104,0.07850896135900015,0.06570229432885634
0.11320230083752898,0.174181261719209,0.1348193170364659,0.15326505249879271,0.08136492414489983,0.07200782078980819,0.033188654305059524,0.10313631997364454,0.1348343486945912
0.09005085150082805,0.15359423839474978,0.1803352256436631,0.1556926317196549,0.10385595654019847,0.08453499494070725,0.04033992272482609,0.09636742911024469,0.09522874942512766
0.09155239886057671,0.048709508963343286,0.07918876811821794,0.12367549787296343,0.14329717651469617,0.19734652902352567,0.052435256060692964,0.11227422199717085,0.15152064258881298
0.10616330555964425,0.05548693636957883,0.10914913014492435,0.08782725769703816,0.12334865164981608,0.1408763563333545,0.17227383852999711,0.11266206885119297,0.09221245486445367
0.11183631836223111,0.09330153098956549,0.08112802089810696,0.11588167148565344,0.13487970818410783,0.18344249034434582,0.015754127264617418,0.1468637331679309,0.11691239930344106
0.11043776940584109,0.09642126771649222,0.1130271347766631,0.0876736912931206,0.1717729328053401,0.08271449536024682,0.13329308900065504,0.109796458620883,0.09486316102075816
0.11964490617299949,0.13555065116683204,0.08137134906499845,0.1422685077904774,0.10212954295410437,0.1333670453760334,0.03843253281769074,0.1699613975326645,0.0772740671241997
0.12263350662129124,0.08108309261411609,0.10504920636447834,0.13841886963316138,0.10108659456484805,0.13699630314226938,0.051935733131697304,0.19396250658988715,0.06883418733825113
0.11273566950105124,0.1542974819327774,0.06382373549171348,0.10074242942054297,0.058127623590591225,0.20323913042875205,0.030769753488430793,0.10780419111312167,0.1684599850330192
0.106588974491596,0.09739964590403884,0.11695624525018934,0.12454009923129472,0.13104472467606473,0.07055169583943398,0.10538286454978592,0.12679476008650511,0.1207409899710913
0.09866418496934877,0.06786258611378876,0.08945880659736483,0.10632253769490303,0.1351788008172883,0.06942335150791933,0.23249271390360052,0.10940962106259412,0.0911873973331922
0.10852907722603955,0.08662134104671483,0.09921639925343739,0.09129527309705103,0.08575077793704883,0.0950896731800341,0.1399345022021547,0.1160711512117863,0.17749180484573332
0.08804930344356642,0.04646009864219402,0.09063644560791097,0.0778952265862709,0.1363203068561161,0.06719995767674844,0.2736453827921652,0.10244310297335667,0.11735017542167121
0.08902403660701508,0.1448396541940947,0.11364581218231751,0.06718484292951322,0.1464943785509668,0.16418969035073608,0.0719693808207582,0.07671068687659567,0.12594151748800267
0.10247017239363022,0.049365817911359584,0.10879175557035176,0.08023551418633852,0.1534211963637314,0.0773711820479875,0.17533863503951022,0.15889281837143707,0.0941129081156537
0.130983354554071,0.3217466800558182,0.08475778219336612,0.08373176561078334,0.06746544621117939,0.08799089868086181,0.013584903341298568,0.09773422433052929,0.11200494502209231
0.10844163255903651,0.14436128429381012,0.10121193163569452,0.1287657017447576,0.10449299647471481,0.07811443185855539,0.054050383899034604,0.1524769942363221,0.1280846432980744
0.08226870944615812,0.14494141461628263,0.11305537592733893,0.08161244171941855,0.20812569262386038,0.05789212759951057,0.12910897437310145,0.07639364105622334,0.10660162263810609
0.12203173282526984,0.19074945562725457,0.08387529361964714,0.10028052521374793,0.08109370862639476,0.16196726217917382,0.02729883171885703,0.13056286157559008,0.10214032861406484
0.10091553981090838,0.05631789379985099,0.10543367886528242,0.0958602602896007,0.1389875602352971,0.07306669856054163,0.13169684149813907,0.19773485396933013,0.09998667297104964
0.08730093843225073,0.05224875155556687,0.10222334531958203,0.08603669298905121,0.12495949767678392,0.211326939284436,0.07986946835788575,0.09353965880586994,0.16249470757857357
0.0996731199270753,0.049540564991391006,0.10199972198528788,0.09545266018926522,0.11519480073673694,0.10045635466786819,0.25090049443420465,0.09530080032902653,0.09148148273914432
0.12175252861914822,0.22057700283260329,0.09571645068789837,0.10383347467864645,0.0681826479533707,0.07791171512678385,0.04212282547835339,0.09899295922927281,0.17091039539392291
0.09715174604451955,0.10909257059394545,0.09903808147035043,0.08632127389046453,0.1349147791577575,0.07694455589868313,0.15369836246777466,0.08876418805722351,0.15407444241928128
0.09399269770041503,0.0496360930750396,0.09710733017599417,0.08139313497777341,0.1401664159624759,0.07339185414528528,0.26740068072165757,0.10666835094811604,0.0902434422932429
0.09856170136330628,0.08240356556711986,0.11237766679918808,0.11808679053834548,0.18521996455344455,0.06926378953565077,0.0886473062113673,0.08806119262918134,0.1573780228023964
0.10779281214712162,0.13624511081328491,0.07857625795065372,0.1404201316919925,0.1004549848608705,0.1957764647696795,0.011707360979989048,0.1538661167048825,0.07516076008152575
0.09598390520821982,0.1321776694822722,0.10747981159589648,0.11359692913273454,0.10706190217658292,0.17329693883654793,0.027767311667116833,0.10800177300077508,0.13463375889985427
0.12027320370846577,0.08872561759500609,0.09824463491054254,0.14880910739168968,0.09966267848658779,0.08118979585311158,0.11368721358494131,0.15455555748313224,0.09485219098652294
0.09033122923321733,0.07602362494750864,0.08634461159358016,0.17137496778996208,0.1228386724897436,0.09618462199610985,0.080310307945371,0.13336279166720963,0.14322917233729776
0.09038243824548779,0.06209931199255514,0.09697762170261887,0.07270206518276008,0.14392195369573266,0.06534019544863412,0.2968913678930691,0.08918765075985996,0.08249739507928233
0.11222956074425676,0.0932367462801305,0.09752048593644931,0.12643745213008803,0.1368688888877671,0.12910193544715284,0.024731903843045775,0.14675074472615968,0.13312228200494994
0.11360248034269989,0.07905476459340761,0.12481598216927355,0.11216135368677134,0.13964540319134086,0.1087760667836805,0.14403446268009956,0.10622638902962071,0.07168309752310596
0.11631766083529615,0.13991640159709715,0.1083202133567225,0.17700061689713453,0.0922528210550932,0.08013862252378122,0.026250171979225394,0.16172892539439537,0.0980745663612544
0.1116577342024707,0.07049942696425769,0.10009785282762289,0.10054421695875237,0.09711854002205761,0.08293425313942347,0.13857326683153204,0.15543749654625238,0.14313721250763087
0.09241827627466909,0.06472168835476187,0.07951597597053986,0.12660075381058575,0.12525443764117664,0.07053905381031833,0.2683881808361577,0.09379183806390307,0.07876979523788773
0.09704120649494719,0.06226046320492693,0.07356451031642561,0.18170314454577174,0.06413009440308391,0.11940738066908384,0.031131821397415504,0.1359309986342032,0.23483038033414205
0.11720134915168938,0.043537348709079236,0.09811004528629748,0.1092839638793882,0.15563758988963572,0.14278627750848272,0.10470432955095064,0.14128421559684753,0.08745488042762907
0.11389662529426237,0.1667379908114183,0.14015928014414383,0.08756327286057512,0.10412833484621853,0.0839935588671233,0.06461255927209607,0.12360776064990468,0.11530061725425783
0.10080811402944807,0.06948586700760336,0.09535800226285986,0.09310933216539703,0.15923884156517185,0.08322693897751192,0.21079999993726886,0.10379540263112082,0.08417750142361824
0.10424678960241547,0.10631067225905087,0.10891800781128484,0.07372298794454392,0.1506078085403343,0.1326354554425169,0.05486257368221884,0.10219715103153133,0.16649855368610347
0.10960420752209786,0.0547139440613641,0.11462942035515904,0.09247919950919943,0.16790845519879563,0.07044122905961868,0.1444221754860557,0.16607609129359316,0.07972527751411644
0.1000524224943244,0.041144181381450075,0.10102764759848387,0.08030051317516525,0.1316864673059435,0.09372456045432138,0.2578660684649435,0.09876799058592854,0.09543014853943949
0.09439200361891752,0.06791347362336377,0.0920342005742155,0.0782480075228857,0.18574297416414012,0.06592795579554543,0.17324191999741553,0.09236100366186929,0.15013846104164705
0.09595519137414706,0.058952833562892985,0.09995067997947778,0.08245250055397414,0.14271700995026798,0.07347402666836365,0.24926281069957998,0.10813833042008013,0.08909661679121643
0.10030244185419779,0.09055358942314606,0.09530832241680949,0.08646769388123123,0.11021546320023878,0.11727592227937743,0.2131303112407379,0.1045304071078486,0.08221584859641258
0.10600387646394273,0.052615472239107695,0.09788082763274926,0.08390988427476924,0.10650629498435772,0.07170150083776981,0.2596621383011624,0.11263027935336652,0.10908972591277462
0.09199382026323255,0.056142905029480154,0.11918171393370221,0.08065104986137962,0.11991000035205641,0.07997318723344429,0.28556290072617213,0.0935734341347142,0.0730109884658184
0.10401381948990224,0.08242406222215141,0.11042728492955099,0.13170620771464794,0.17169933177464855,0.07727173686789372,0.08154779715076838,0.11888289183162744,0.12202686801880935
0.11128297500664606,0.04049122953335298,0.11750909349519102,0.10310028426465118,0.11467878565664773,0.12723284444928543,0.16486217056012284,0.10853837886441901,0.11230423816968367
0.13181685204812824,0.15638276893658307,0.10852383903814607,0.11159171696447039,0.11758659964881303,0.09191247113157076,0.019659034812719783,0.14682636832051219,0.11570034909905647
0.10190011139219073,0.3366351191302657,0.18548186492510232,0.15270909181188044,0.05695673552440944,0.04558051270294141,0.0053305665897897675,0.05422359944544266,0.061182398477977455
0.11664035745280828,0.1948269498771695,0.09112646007185045,0.10703505004793652,0.10035500724692607,0.15858210275912657,0.05835794103167977,0.11859809485458245,0.054478036657920365
0.1084673658586905,0.07237537723416447,0.10710521771521138,0.08477099952830564,0.12003311637130955,0.08062469794220373,0.20786122656334763,0.10619259024047367,0.11256940854629353
0.09608627672814729,0.14133741526012203,0.23900776227971057,0.1681965642934857,0.0976900088565626,0.09997507893577966,0.03578058464508784,0.06816836087497864,0.053757948126125776
0.10634216050763694,0.11194808149161599,0.14636377388137636,0.08663014485666472,0.12258702525104638,0.0678750130600873,0.11544310238926951,0.07791831219746526,0.16489238636483752
0.0899217748426027,0.03731876616337681,0.09208565441719192,0.07542970712274848,0.1711759680034873,0.09376185064894905,0.0965680223065188,0.1014426192102763,0.24229563728484868
0.1191931090283237,0.15223591876704334,0.11274546442044651,0.11119234366700302,0.08857988274019664,0.07041769131742646,0.12581634583213186,0.10788403502733553,0.11193520920009288
0.1035422292096679,0.04828622259943504,0.08171425627058211,0.09253593846948634,0.1409829453309117,0.12619581147228198,0.12126797592768912,0.1046312780066384,0.1808433427133074
0.10947503542006153,0.18684839378916926,0.11456349910264145,0.09666428501583985,0.0706491235909209,0.09585740269730307,0.0882892642654654,0.11328418263933883,0.12436881347925971
0.10696474065433598,0.04408952018572743,0.10416706922346285,0.12911689158660936,0.11175186879049404,0.2557126902744986,0.0543392275002803,0.1267288992496841,0.06712909253490734
0.10897396597604837,0.0919371313543521,0.07470571467346641,0.13365808108484814,0.11402624992495074,0.15178867641703417,0.0619538114203288,0.11986627628417947,0.14309009286479177
0.11070052622555748,0.08944015589024608,0.11879843017796365,0.15977415749491097,0.1319607099244471,0.0995606146051264,0.06088784099299952,0.11842344179082574,0.110454122897923
0.09211911252785814,0.10654535029417943,0.10725491819917064,0.07623709084338903,0.1689587723860594,0.07342645328682905,0.1500072504286493,0.08975575856287203,0.135695293470993
0.10099931819998102,0.04867413180736063,0.0860377232574132,0.10828078207116876,0.1627945911466758,0.07343869733423365,0.126161613010891,0.11417580162218684,0.1794373415500892
0.09401689109729884,0.06165366284152741,0.09401652691937074,0.07728948879759608,0.14268342516712515,0.0771959133171896,0.25110034622652927,0.11822780227321582,0.08381594336014712
0.09399269770041503,0.0496360930750396,0.09710733017599417,0.08139313497777341,0.1401664159624759,0.07339185414528528,0.26740068072165757,0.10666835094811604,0.0902434422932429
0.08638052069007841,0.04681111920425581,0.08135018271190918,0.08208569253912663,0.1764540667271766,0.0745644906715332,0.07289080782759,0.09489917836197208,0.28456394126635814
0.10594197008027091,0.11269235004105044,0.08130521046838758,0.07691489902653935,0.08209173527314476,0.17262954022713908,0.013926357734293857,0.10730941814984347,0.2471885189993306
0.10332644072681323,0.07759787688840998,0.13192831950073894,0.13638264320844984,0.10758998519592,0.13685112523718346,0.06789600999513934,0.1244929983975892,0.11393460084975605
0.12248150232332161,0.13471997196753538,0.1141019761407482,0.12768596237074228,0.08200928268958062,0.16147193294699036,0.029015628175105914,0.15468037703685253,0.07383336634912303
0.10483557743897866,0.10430199349346903,0.1336033636250303,0.11046692235668781,0.08909987192738562,0.23467790300008273,0.03653583203039972,0.08145905898743594,0.1050194771405301
0.13065562266144007,0.17770512926613058,0.09654461975109002,0.128606308926828,0.06862975369255522,0.16884969695026597,0.026124460749176976,0.12816292812472996,0.07472147987778317
0.09987352765463127,0.06058126205111706,0.09318705022567753,0.10027937599325469,0.10696675943445207,0.08068269780843536,0.2700484780790618,0.11087158375043382,0.0775092650029364
0.10933382660978992,0.11977173871841273,0.12282798326812129,0.12184531443816922,0.10265338898259622,0.07776857134824684,0.08721788168917259,0.09776657756017197,0.16081471738531924
0.08978848336162482,0.05016270768978481,0.09213647916167685,0.09295852268604708,0.13862151332260544,0.07075886381577727,0.21306321184408925,0.10740371355966992,0.1451065045587245
0.0855615540760602,0.056742054426811045,0.08737534780558036,0.0882287332938574,0.11503383594181872,0.09111087357769972,0.33622619900847167,0.08977554368097068,0.04994585818873026
0.09399269770041503,0.0496360930750396,0.09710733017599417,0.08139313497777341,0.1401664159624759,0.07339185414528528,0.26740068072165757,0.10666835094811604,0.0902434422932429
0.09673969750901494,0.1822467033359725,0.09584508552927136,0.12818526132929894,0.11521767808193188,0.1370252254068984,0.061214077106054865,0.12527341678316392,0.0582528549183931
0.09057442839690717,0.08841116923919394,0.08761447696015658,0.09804399655050715,0.11814516976959645,0.13068858883243747,0.20890817194919456,0.10573428673871506,0.07187971156329169
0.13393314716573987,0.14327799016303644,0.09535314818699735,0.10039739562872008,0.10629025824760452,0.12365494440311964,0.05678799678275381,0.13008531369846937,0.11021980572355898
0.09649740980078873,0.17195828899666069,0.07946599482015136,0.06468352581512518,0.12214585023721843,0.11689299240673619,0.1508197457515714,0.08405010440052156,0.11348608777122648
0.0923508159873271,0.07016509606881965,0.09372295045290442,0.07278021621764964,0.15355791105829267,0.06813253651105604,0.24648288567200435,0.09878803322116932,0.10401955481077689
0.10155814403821395,0.06072736247797036,0.17197526252684092,0.0856965768423417,0.14492863652466167,0.10944219634437356,0.07897702752214537,0.09311366286844397,0.15358113085500855
0.12335720727097654,0.1544622150435423,0.09200967386016662,0.0928206418786597,0.1213594327358443,0.11798822190933485,0.08363843594875674,0.1338312299016083,0.08053294145111066
0.10817086422074178,0.06938754931076631,0.08293624856058389,0.10756244736681009,0.10581929744343038,0.14003067405814174,0.036873230456273366,0.11408270868425358,0.23513697989899887
0.0988138202681685,0.05636079567297014,0.14658810203628006,0.20828107327212644,0.10388358679557784,0.10166359880479765,0.06125881391496523,0.12622514358958556,0.0969250656455287
0.09399269770041503,0.0496360930750396,0.09710733017599417,0.08139313497777341,0.1401664159624759,0.07339185414528528,0.26740068072165757,0.10666835094811604,0.0902434422932429
0.1253441389429886,0.2659459662461238,0.08858971506414826,0.09045873149579779,0.07110230300553279,0.12299091910073738,0.029599146079388405,0.12817699491885395,0.07779208514642902
0.09937300882035095,0.04813415332452802,0.09456112145552248,0.08953661195367668,0.12307144101805134,0.07297818160582507,0.2254106604165639,0.1769259187563295,0.07000890264915205
0.09345532239530374,0.08831951629978242,0.096010912751957,0.0742544803814149,0.15469042055976434,0.12339680351596936,0.04686360488776662,0.0851205767819642,0.2378883624260774
0.09655195089754864,0.07365232891737959,0.09168819018320094,0.09286349708509006,0.15143695367007906,0.06694629201429535,0.212662211697477,0.10805362530582192,0.10614495022910743
0.10378781099872815,0.19978355082366753,0.06861831635845962,0.08803307194164132,0.09521639032375652,0.1461244299414365,0.023730562428011276,0.09482101535768589,0.17988485182661315
0.10131223498849488,0.05060093270372203,0.15305692265781976,0.14166790219474798,0.14188099742272586,0.06984292659674758,0.1465684729068845,0.09327158058111916,0.10179802994773818
0.09437112881723327,0.05626226388711416,0.0939258895619537,0.08370543829948324,0.11818804575301922,0.08673207971513508,0.30015360022959575,0.09959131920941362,0.06707023452705202
0.09412587776512109,0.09908616645944084,0.06795219058033074,0.10904339605184371,0.16402639689810064,0.15960910439551204,0.13446516785603885,0.09337719682523304,0.07831450316837901
0.096704872315081,0.04861324451623931,0.10138343277926615,0.08409429962278257,0.14692606296301053,0.08248766918139123,0.2061692433896145,0.11590569763719337,0.1177154775954213
0.09399269770041503,0.0496360930750396,0.09710733017599417,0.08139313497777341,0.1401664159624759,0.07339185414528528,0.26740068072165757,0.10666835094811604,0.0902434422932429
0.09731686283055836,0.06813179590997066,0.13212989706808786,0.08713686827936963,0.13388829174766168,0.07034856744989525,0.19710362074248824,0.11480020061226152,0.09914389535970676
0.11496301182297715,0.10165393045751743,0.1381665817194424,0.12121072961390483,0.10125106257142295,0.07168628033774914,0.13012229382410487,0.11860850449839562,0.10233760515448569
0.09685747287463801,0.04353804690805498,0.09578142404184183,0.09473636046001538,0.13145157217818637,0.07096780652685446,0.21050779550485024,0.12004496131369717,0.13611456019186166
0.09812008610696261,0.25495462285592657,0.09745845664367787,0.13370596059744688,0.08263618096090235,0.1577412362005778,0.009657005244246565,0.09181201813450512,0.07391443325575414
