0.12278547006166789,0.12356997808515886,0.11210592195537983,0.1056383253454472,0.08998360265205396,0.11172350111790759,0.09927322874208638,0.10633184919349616,0.12858812284680213
0.09753433264420978,0.139974593974554,0.1366512005226724,0.09613017714297194,0.0800345550657638,0.08492353820867765,0.0966020937651051,0.12769558950620633,0.14045391916983896
0.08829588462573441,0.12273117516668709,0.09015675667469801,0.11790125587897639,0.14706045672609502,0.08807529205798163,0.09036075072654363,0.12435402733589507,0.13106440080738876
0.08542355836954431,0.10243689582973203,0.10851684616006287,0.09424608379778672,0.18049955830307937,0.09075588804645246,0.09137043421988661,0.1495207632988199,0.09722997197463572
0.12896829232402254,0.12781117393360877,0.0748372279219698,0.1509453002008903,0.0809686365954017,0.11035780874332816,0.08543255145222005,0.14343655107732622,0.09724245775123248
0.12929030681601733,0.10085743172094448,0.07371926725073641,0.07535878591172188,0.1262200962125237,0.09919401232036885,0.09132806166229808,0.17809125403355694,0.12594078407183226
0.17472538866648815,0.1177399535797859,0.1095326414411369,0.06118148232222498,0.1037401349793612,0.0717015470433743,0.08145859498039269,0.12248782628889236,0.15743243069834348
0.0961154825435609,0.11185782766033353,0.1279691930392353,0.08230017889348488,0.18540661226666974,0.07701358998201428,0.08117920078085394,0.11555169986900933,0.12260621496483805
0.13646953618465832,0.08639995824094863,0.12145396991961936,0.07073737593858888,0.110991078913034,0.12834376089183785,0.12214411433367954,0.11938725954435359,0.10407294603327982
0.08627830286786209,0.126140238367252,0.1290820200134931,0.12630055062235204,0.11959562490806563,0.11323915223817911,0.08719251983141417,0.11942146130696385,0.09275012984441801
0.11548553858250232,0.1289051580617999,0.11260620977526686,0.08451631594720217,0.13628449489769198,0.08973779085795856,0.0902798149128307,0.12387772724381002,0.11830694972093753
0.10858119894133351,0.12062930974697471,0.12268257871520655,0.12983168864748945,0.12704523446193464,0.08808637581043648,0.0904273245876351,0.11240920357085638,0.10030708551813318
0.13001775221760392,0.09655536109031615,0.10343462874416877,0.07727806971631072,0.12366035656621,0.11759897807127606,0.07666846696415504,0.13249104047051866,0.14229534615944073
0.1491953756025111,0.09469862764188537,0.1167902022505636,0.07505868652429025,0.11259952991842669,0.09518154454464095,0.14018584991063757,0.1129361544741208,0.10335402913292357
0.10865296094870554,0.1288374980689445,0.10675696042147749,0.11550542373809157,0.09783448705464533,0.12473246452566727,0.11255612339209226,0.11641903136528693,0.08870505048508914
0.14504601210279616,0.09652612046000202,0.07152822900676496,0.08225874927674368,0.0883967324942569,0.11179491514441757,0.130188857165875,0.14695832044000623,0.12730206390913748
0.0995597261750309,0.1279565248448383,0.10734830983770043,0.13496431104755505,0.07257682889336727,0.1234788552972997,0.09348444346722921,0.12280245475037233,0.11782854568660688
0.09042444864591548,0.1860899759640882,0.0934233000844646,0.08488402794034565,0.069948523730193,0.1361327050419104,0.07912783056168572,0.11782835873157578,0.14214082929982116
0.14189806849056472,0.10533156264711409,0.052506884626652116,0.1371100437246414,0.06022667880566668,0.13851576591546855,0.14753249021896955,0.11656861160176611,0.1003098939691568
0.11528142359310513,0.11626214858190675,0.12326214413808372,0.04976925027654736,0.20112175017319056,0.0752408642909786,0.08724638044404581,0.08776574846630646,0.14405029003583555
0.12230540551910696,0.09569253532250287,0.056798440656735893,0.043309139155329995,0.23121427317754825,0.12695245434707417,0.07787717883517056,0.10573119463306897,0.1401193783534623
0.08991265572598377,0.09586369993253503,0.11800887166081057,0.15455270261260565,0.09772701865767706,0.07531169040976508,0.14470059435259172,0.1157796232869034,0.10814314336112768
0.10728083073479237,0.11796000087685309,0.12468968645646851,0.1328085689525235,0.12675779395573297,0.08824734405808217,0.08896751631538136,0.11258850162908522,0.1006997570210808
0.12466719774689472,0.13857322097486094,0.07661120102738793,0.15512109821838446,0.07171619392619231,0.11324419330768772,0.08421379787490628,0.12805979884276075,0.1077932980809249
0.12861547776701823,0.14065477503903331,0.07862750209208424,0.12475809878659973,0.10491309370171124,0.0941897974490764,0.07868994146899168,0.11473844860497984,0.13481286509050536
0.10576009263934916,0.11973261193098235,0.08126876894145142,0.21537439272245795,0.08336565810731085,0.07197765230004141,0.09198237035293579,0.11330624668107418,0.11723220632439686
0.07335960836832896,0.12474110327261667,0.12490394194325126,0.1270281198938218,0.07736896532199326,0.08529155387171929,0.12103257101436586,0.11294390175432366,0.1533302345595792
0.12376461443048085,0.07836579261808944,0.10471449271542786,0.08691707319059784,0.2982531600838642,0.05879580105879786,0.06610766770309352,0.0801703675662178,0.10291103063343066
0.09823315693009997,0.08699598783186653,0.08050371360736237,0.08060300203212024,0.11591682544182892,0.1420376748806037,0.1291815411516729,0.1282568586285441,0.13827123949590114
0.09458868523045498,0.11533397472928113,0.09148005972375949,0.09026260813217561,0.11738359018643481,0.08183305064913078,0.0822443950871744,0.13881047336590888,0.18806316289567993
0.08263363810969666,0.11573262905580162,0.11027053202949534,0.08182040701546252,0.12836228736838753,0.15834760450056054,0.11071464938871911,0.10319608351196279,0.10892216901991382
0.1252730289833117,0.1271130017775837,0.1230663928905907,0.07017161343458718,0.14670320818852048,0.11782524270543537,0.08642248330952207,0.10912298326831667,0.09430204544213217
0.12412271235885157,0.12055990529497868,0.11615581579898172,0.0752170616109719,0.15671399152311435,0.06372525645214945,0.14470619626180684,0.1008865970715314,0.09791246362761402
0.12391196822123281,0.10014169125083301,0.0990870035455081,0.23252117891099344,0.071246548532907,0.0835034690844705,0.0842460598599581,0.10320722028547576,0.10213486030862128
0.11193918757272193,0.12081937183956877,0.12721749152929054,0.1522391827000979,0.08918752247394873,0.09848487307308212,0.08685228845876906,0.10970332644231479,0.10355675591020619
0.10326347628959243,0.11632245909697848,0.1133018784169832,0.1898292173149869,0.07064076103147031,0.08438528538064466,0.0798544230773569,0.11097321416901017,0.131429285222977
0.17850348705581265,0.09850045773573406,0.08056995611388042,0.07021191933011495,0.10234165710099696,0.13714421267058644,0.09555134165219652,0.12467374184744258,0.11250322649323542
0.07783092221012504,0.13339600046292763,0.11467201313066744,0.11921331942216658,0.11659834836465376,0.08731014442218138,0.09818434151114663,0.12021617052247775,0.1325787399536537
0.12704668629889698,0.09128272840561454,0.09270204057767455,0.12996563369197173,0.12481411254949015,0.11444377665977178,0.11899786689417563,0.09663965137348889,0.1041075035489157
0.1068625895623274,0.10099758340969373,0.09375382739618243,0.12309304210032762,0.12348226486829018,0.08915723695070608,0.09139959745796877,0.1267132904709624,0.14454056778354143
0.11694373347711236,0.13734444501568413,0.11728171487243362,0.0819677741144005,0.12274879304176599,0.08605265430614129,0.098963363945883,0.11956898469390596,0.11912853653267313
0.10854375251844729,0.12343839894293146,0.10025539667940186,0.15355285528367127,0.07385008402243494,0.11349114801700753,0.09793755566484097,0.11805371774414004,0.11087709112712463
0.12366530218975862,0.13242149282084684,0.08827341459061455,0.06607335301769797,0.08429319813369962,0.1625027209273703,0.13179835158945685,0.10683566874322097,0.10413649798733432
0.12521558566637475,0.08659035940903648,0.07833309644001335,0.05412204345688334,0.17188363504680382,0.14904085157895614,0.14835288437169405,0.09604868715832188,0.09041285687191619
0.08172609157114809,0.09493646769689944,0.1333551254158386,0.07283717206998568,0.09847380259566672,0.12304791020345185,0.14981132592617524,0.14766312475777515,0.09814897976305918
0.1057345348126908,0.09781668311791529,0.1337830629632919,0.12029096043647564,0.10144372050492022,0.13194119846536265,0.08377843962846798,0.11921123960437909,0.10600016046649648
0.1032111731773196,0.12477190265297274,0.1190684120580295,0.11743218091236872,0.11414628467058134,0.09202065226771167,0.08802903437380356,0.1288300379094865,0.11249032197772639
0.10259682955989785,0.12352650763364893,0.10678663538737387,0.11991978618037151,0.08993338404221252,0.09564242689911473,0.08192432562399109,0.16395596916384428,0.11571413550954528
0.11324937154294623,0.10078049329392098,0.08611584357482327,0.1234750338184017,0.1294018910339955,0.1838359459803631,0.06708123161667263,0.10432314729626409,0.09173704184261243
0.10794463303618347,0.12656696703887257,0.11321004687451462,0.0911496878945363,0.09483071032981273,0.11195173811081931,0.12528214725084555,0.13201456706372244,0.09704950240069292
0.12837803894141042,0.08950586230110442,0.1198825434065019,0.049347859882034946,0.11018624375926593,0.23240630784922875,0.07559994592002013,0.1080529857655535,0.08664021217488005
0.13503225652825704,0.11787130755171538,0.06291489360924545,0.1809316215022596,0.07118032210970716,0.09869414347609977,0.08622352351709239,0.13058960142526463,0.11656233028035867
0.11753509666652662,0.10368157960868683,0.07421127856659059,0.23328088894554544,0.056776009530909166,0.0727679245263624,0.09297104665407126,0.14624323294145827,0.10253294255984942
0.09542610727062069,0.13446394482592317,0.12753153388124344,0.10574927683532372,0.10207921445404151,0.09778312014470102,0.08120234060023579,0.13699618565354468,0.11876827633436608
0.10548768919639961,0.15128674991836175,0.05708585286156679,0.08761449484686212,0.10051438014418211,0.10027244589655904,0.09987312853490231,0.17845691475048797,0.11940834385067821
0.11863777548672845,0.10693702807165435,0.09751623882979904,0.07626259798552827,0.16862327539509692,0.09613026397622944,0.08922515164927618,0.1076418693205226,0.13902579928516473
0.08344345588967222,0.11964288619945022,0.08477089468031235,0.05457398238137925,0.3201632886371401,0.08141796703572733,0.0652146423969277,0.08859594818639878,0.10217693459299206
0.13380323059787838,0.07748106640708166,0.1607146295502257,0.058601991269400654,0.0943690639269505,0.07280368049507462,0.20061775963988596,0.11082728359317158,0.09078129452033097
0.13579929660153153,0.10438342325603711,0.09478787567008216,0.11890264575372521,0.10789927692381662,0.08526445501478987,0.10072886145928674,0.1323253808537493,0.11990878446698139
0.09640679822572247,0.1386477163529857,0.13386020852833372,0.09343541278799204,0.09844988446749375,0.08663636700289196,0.08135990493438429,0.12727019731990824,0.1439335103802878
0.10720807615119564,0.1310737917909159,0.12374776233980837,0.11505804632048312,0.07103466139286262,0.09602723080163116,0.12208995198502803,0.09997777655302455,0.1337827026650506
0.08789294465842074,0.11689793184032489,0.1268475159898385,0.10032347914193428,0.13699314324679798,0.11060961266941953,0.09568925833570792,0.11414205842377016,0.11060405569378591
0.10236576756503463,0.12120693977820451,0.10000290396875909,0.14645909691180195,0.12352442222128872,0.0963336971778148,0.09219699284432015,0.11517890995801461,0.10273126957476163
0.09969052817794938,0.128073442753751,0.11836407282237194,0.10438210877968639,0.112965398609647,0.09603624809777818,0.11256784697185786,0.11560116574698619,0.11231918803997211
0.12055365808835328,0.11161331584722152,0.1307862495773673,0.12652763994383512,0.09424753826525308,0.0952534187771691,0.08710103602670204,0.12436000183526554,0.10955714163883305
0.10728083073479237,0.11796000087685309,0.12468968645646851,0.1328085689525235,0.12675779395573297,0.08824734405808217,0.08896751631538136,0.11258850162908522,0.1006997570210808
0.13289860689755767,0.12240798102604696,0.07521518825391244,0.11283971236326329,0.08587943016515232,0.1338480473155258,0.11028454718953862,0.12586530019921965,0.1007611865897833
0.10728083073479237,0.11796000087685309,0.12468968645646851,0.1328085689525235,0.12675779395573297,0.08824734405808217,0.08896751631538136,0.11258850162908522,0.1006997570210808
0.0864149001743349,0.1375394126249739,0.12207062890910991,0.13041272812256446,0.09473427628585984,0.09471427819939475,0.09339153138164157,0.11234121779110567,0.12838102651101493
0.09543923785193074,0.10862910196444885,0.1102576408969841,0.1667809423131558,0.15741265501906235,0.07612328560801239,0.08501463315626444,0.10547658200210543,0.09486592118803594
0.1380072152398073,0.12000968772515659,0.07949466666695913,0.09577591182606104,0.10067395484927437,0.07117584012702897,0.13762890221876065,0.1339297941235005,0.12330402722345142
0.05339019077917356,0.12431923904269994,0.10008172486791532,0.096103245098115,0.11690966677748421,0.09453004344800124,0.13813244357525442,0.1437812246473243,0.13275222176403212
0.13059163326105097,0.12392093934682928,0.10221968047750574,0.09442594905276332,0.1289584075450438,0.09644206102680027,0.08029176954056667,0.13049971924167092,0.11264984050776905
0.10728083073479237,0.11796000087685309,0.12468968645646851,0.1328085689525235,0.12675779395573297,0.08824734405808217,0.08896751631538136,0.11258850162908522,0.1006997570210808
0.09973588147865271,0.10003733429394875,0.1094531850134572,0.2218623178170517,0.09956936760170555,0.08773047364541671,0.08381983707444517,0.10523355094035602,0.09255805213496617
0.10103046278214502,0.14379851902986382,0.12746730393333053,0.10188732872116874,0.09941895549612562,0.09294036502854974,0.09210964391916876,0.13190177974925635,0.1094456413403913
0.13758156739518687,0.13624522947374304,0.08018010670030346,0.06469395469022549,0.09650646709218769,0.14014369153049788,0.11065836479450648,0.10341954487291417,0.13057107345043498
0.0916478359064481,0.1093850360251658,0.12700684344627003,0.13612982180993524,0.08419960531935679,0.06737449398253237,0.12235257757684842,0.11318822679316583,0.14871555914027737
0.09132832092267558,0.16217671791224555,0.11360202825827115,0.10034981074789766,0.09618024982567934,0.11443948893297325,0.10578928052229958,0.11346466091030048,0.10266944196765738
0.13856265782687877,0.11036752145360172,0.10752607568228308,0.15164148923158385,0.07729254984394414,0.09242474731662052,0.09994764714224309,0.12963712814610065,0.09260018335674418
0.10057034714744763,0.10837702094944991,0.12772079642520343,0.1346192546001462,0.1202240209143693,0.0887745004448071,0.09223306116761167,0.11718449826805738,0.11029650008290744
0.12693311558598577,0.12514874558326278,0.12054711109169176,0.08649456745414287,0.14764625687818855,0.0928259899855773,0.09361647660813673,0.0949832300576033,0.11180450675541093
0.08320735965407577,0.09445408117636618,0.07419780961328662,0.1541863997387749,0.18924919626676304,0.10369353713793057,0.06775790977287999,0.0912266515339869,0.14202705510593605
0.17880093449947523,0.11424023045311578,0.0844332122476592,0.10324862926434919,0.09106491783563957,0.10763384239701268,0.07801599097256866,0.11850235479856981,0.12405988753160975
0.09555884072972742,0.10491311685006106,0.10241689294262395,0.0866344323248831,0.15472320212074864,0.06757909828681341,0.14196031265266604,0.11309761665037664,0.13311648744209978
0.1207240910370244,0.09123382919151428,0.09572178636758143,0.21622297806341087,0.10356993369991052,0.07722135095352614,0.07526021989604631,0.08571942158347852,0.13432638920750758
0.11665685551571907,0.14182993252036313,0.12295386971566398,0.12313812465588055,0.09386196121769409,0.08056265031726866,0.10654280617138247,0.11208602790589411,0.10236777198013398
0.15721002650396762,0.0813372910403236,0.05798875857014491,0.15741990661310615,0.08873667965345748,0.14807679048202563,0.08498541193827747,0.10800058294893562,0.1162445522497616
0.10728083073479237,0.11796000087685309,0.12468968645646851,0.1328085689525235,0.12675779395573297,0.08824734405808217,0.08896751631538136,0.11258850162908522,0.1006997570210808
0.0945732205576522,0.0902979640350981,0.0649641134922158,0.07941428669555915,0.3175268080935902,0.058593371260918466,0.07224982039173769,0.12131498873181623,0.10106542674141218
0.09861220771985107,0.143258604915341,0.1036942451050869,0.11147743215787193,0.11101604445396164,0.08724775555959903,0.09282737829715453,0.1257374929099307,0.12612883888120324
0.10728083073479237,0.11796000087685309,0.12468968645646851,0.1328085689525235,0.12675779395573297,0.08824734405808217,0.08896751631538136,0.11258850162908522,0.1006997570210808
0.12517401949070112,0.10138923739704174,0.09288494078539673,0.15694871887289952,0.13014075277966566,0.09784781596577752,0.0736479979677323,0.11289252133018952,0.10907399541059588
0.10728083073479237,0.11796000087685309,0.12468968645646851,0.1328085689525235,0.12675779395573297,0.08824734405808217,0.08896751631538136,0.11258850162908522,0.1006997570210808
0.11220771284954552,0.10958889906315239,0.08018241665072916,0.12926197657673236,0.08899607113954298,0.13304019233169925,0.10050875117998377,0.12216533101923817,0.12404864918937641
0.05880146994895469,0.12123974191350938,0.11924862364488105,0.12864992747118964,0.10052323394940181,0.08520880339883853,0.1260428203365834,0.12402879633755313,0.1362565829990884
0.13418910654657046,0.11207851254464563,0.09605661899186052,0.11361738737014156,0.16370470557351535,0.1007354880969115,0.06593688381828326,0.10882208611982723,0.10485921093824452
0.1180863329297293,0.1318599674284945,0.06653126657003901,0.12066535544081392,0.10424306285099093,0.07985075068214499,0.11513816637949294,0.1282919686540561,0.1353331290642383
0.15511843245694137,0.0853579888926344,0.1216170541039423,0.0697442901749556,0.1361655408150091,0.11221876353835579,0.11107149639604395,0.10832512364950113,0.10038130997261639
0.12771915179183216,0.11990231547684582,0.10821832784273162,0.09930884466492852,0.10783065434183926,0.10430092861701468,0.10258911339345837,0.12984833294311768,0.10028233092823187
0.09111623442381349,0.13142126006533011,0.13724335830368037,0.08854534465767634,0.09962425309450386,0.07789349329468992,0.10426603448507188,0.1432487397643201,0.12664128191091398
0.052046876890797046,0.16431914179780402,0.12543853711324918,0.05100683847922526,0.13317440564274785,0.12472905556871601,0.06937736524589871,0.11670955284937053,0.16319822641219142
0.11257647290322433,0.11568107972750412,0.11297820631920603,0.10981004255563585,0.14946662861239465,0.10272027881823431,0.09182639216584776,0.10427529660564788,0.10066560229230508
0.101499399841947,0.12338027941172645,0.1260377076920465,0.11805881962521254,0.12133217324085771,0.09501255685806502,0.09918689525532598,0.1175279941159625,0.09796417395885627
0.10544380577170202,0.08548097844106035,0.10809778767275376,0.21026958227630402,0.07949212846210094,0.11727734551933304,0.08061439788917976,0.09766170397872105,0.11566226998884499
0.13119965811303994,0.09496287801882171,0.08048729985640549,0.06541950123971421,0.13975455746054852,0.08260920794442646,0.14541343558347927,0.16279934044523067,0.09735412133833361
0.09836380114400284,0.11476012048060769,0.09402468120889723,0.0857188851735541,0.190307265881973,0.14779483123591208,0.06536315472468342,0.08386953008229026,0.1197977300680793
0.12176035388426228,0.09289309322934075,0.10678034370030993,0.09039317659935947,0.17579122350302476,0.08221434098261074,0.14765727833206876,0.09410918333921729,0.08840100642980604
0.09831882805549473,0.12636819573285568,0.11217359205700195,0.14357429054674545,0.12332827214569826,0.1041969994293247,0.0657196770723615,0.09376477804747797,0.13255536691303982
0.11199323153101738,0.10386781755675956,0.12275357544059196,0.11586239073585164,0.11403677711907777,0.08850940410934692,0.11563790121925255,0.11126511843684876,0.1160737838512535
0.105343128966362,0.11632165119864528,0.12035638275926376,0.08917491940247547,0.12299787248811972,0.08878688953470382,0.10240007848167028,0.12391228704614606,0.1307067901226137
0.13196064052706288,0.10924939570073422,0.10878066454749402,0.065804566901287,0.14696004062061954,0.1527239186931819,0.06896829768534542,0.10565321718731861,0.10989925813695645
0.14524891240795693,0.1686357960812567,0.08924288684723243,0.09385113684784253,0.0779093606566424,0.06050392217800978,0.08385940694565798,0.16550633250748972,0.11524224552791155
0.15515169027520145,0.07869705923573711,0.12257281445292635,0.15207049200487135,0.11469677955639894,0.07544672173950971,0.09283512382123987,0.09542669929078185,0.11310261962333325
0.08471043835573354,0.1337737733437123,0.1382724773573948,0.09363409943762563,0.1245523273990214,0.11210192792312139,0.08557071949280216,0.11875105437762033,0.10863318231296844
0.11714558185036465,0.14284701163232372,0.11801459221980848,0.1305081032174973,0.09460196484143873,0.07345186449087529,0.10016441347846504,0.12387568499762419,0.09939078327160256
0.09467546011763395,0.11210249160303283,0.05494699283957669,0.08636243405070365,0.09551732922024653,0.07819010247032031,0.2078231319759922,0.142280918342259,0.12810113938023485
0.08571142608838285,0.10273730338206731,0.10664304187880401,0.0869059819199532,0.11175864830953125,0.06376326873878141,0.08610155717417513,0.14795811290452487,0.2084206596037801
0.11367291053192685,0.12011573853118712,0.12201039113226063,0.15555413112842373,0.11842946779050595,0.08156949155092122,0.09397486068746695,0.09877777414899458,0.09589523449831301
0.1044084778693063,0.12397435835131276,0.12990288946508755,0.10801047754144692,0.12059703773116019,0.09679310299659039,0.08961908023935712,0.11867009730414195,0.10802447850159692
0.07404174210518792,0.12035386407725879,0.1250261875185434,0.09299529273455658,0.11363896972892666,0.06034460132793796,0.12727442198424357,0.10771001977055339,0.1786149007527917
0.09983532508646936,0.1177750755257619,0.13215551002460627,0.14462516567253061,0.10921237062157003,0.11068009432331849,0.07964688812821184,0.10907709578777351,0.09699247482975797
0.1184549912365062,0.08654455442760282,0.10653738520606996,0.047595116600603504,0.12904712016185263,0.1353501656298165,0.14392341697020336,0.10827599994769171,0.12427124981965333
0.11605784904038703,0.12044975941009749,0.1103578849377078,0.06691237277543231,0.08329674913869667,0.09721452227961407,0.07186962998299105,0.13622149148675686,0.19761974094831683
0.09367721896691239,0.10008412544395623,0.137833577802446,0.04319842802305965,0.18683580907532163,0.16744419331249874,0.0646469866764218,0.10120662432546307,0.10507303637392051
0.08621721173698887,0.09402743308464233,0.0890488297156226,0.11238302864729159,0.2915577335529129,0.07108259149427563,0.07307535637891328,0.08958470722102475,0.09302310816832804
0.13095389346168287,0.15260628879398208,0.09372526158462453,0.07521542114376811,0.06662587430435632,0.10900777145195308,0.07517674865598085,0.12968130352598253,0.16700743707766963
0.12449450917845911,0.09682280033494528,0.11305589777564418,0.09902740094145185,0.14392273622604576,0.11157658743351763,0.08969861929591565,0.11039117774422709,0.11101027106979351
0.16126784928067536,0.10061254439280325,0.09042586471237314,0.09147427802550818,0.08634115972276835,0.13446818158134646,0.0890345866174908,0.13090773921614549,0.11546779645088907
0.09788315101437624,0.12015946199359678,0.10646578500468555,0.1220966605487016,0.13761326270655835,0.10859217240436388,0.09424980597002668,0.10665360898276643,0.10628609137492455
0.13420384828645535,0.13624372244700625,0.0963491634109016,0.09531134755201683,0.08895640779122505,0.09496229065126537,0.09039960269711751,0.12086622927615494,0.14270738788785708
0.1003788377753373,0.11987000861916457,0.14794821787045012,0.07614291417819047,0.1025809207271365,0.11406063119298449,0.08525143163963773,0.12672786702924235,0.1270391709678565
0.12990854722640194,0.11799081794200161,0.1240380842581067,0.07569805936157227,0.16447999532114357,0.07785847111862386,0.08984553690898052,0.11317837152498593,0.10700211633818361
0.09491198773289393,0.1236579618267094,0.12960852647932428,0.12217289421288723,0.10981089466251492,0.07739230789290802,0.10476680883891414,0.10920749109411304,0.128471127259735
0.10728083073479237,0.11796000087685309,0.12468968645646851,0.1328085689525235,0.12675779395573297,0.08824734405808217,0.08896751631538136,0.11258850162908522,0.1006997570210808
0.13726396706630753,0.12392730670708751,0.0905182054270618,0.10708495876616941,0.08537977074709228,0.13739961292437342,0.09505885540245172,0.12543215141889175,0.09793517154056462
0.09557912663678998,0.1177608897372902,0.14430713855520097,0.08704661148351274,0.1049169607376772,0.11186068913612872,0.09285046698284738,0.13004936347850585,0.11562875325204695
0.1111167740055744,0.12043234243351786,0.12074554963052031,0.16903842162967633,0.09091347150538458,0.07902471872428739,0.08853064948255047,0.11127596157911117,0.1089221110093775
0.11204644279673277,0.12086090476123978,0.12723848575581162,0.1528247326524791,0.08822329123924133,0.09883791852283393,0.08676045971240472,0.10958628467387092,0.10362147988538588
0.10261869451029414,0.09165688311479687,0.10970390569314474,0.14188718163127348,0.14650192451563615,0.1325389760799187,0.09627037033828467,0.0928671575755301,0.08595490654112113
0.12191753752496932,0.13287068946701944,0.08495917479622432,0.15001231020477737,0.10644837231446695,0.07534982528195233,0.09578401148086418,0.11022656110825328,0.12243151782147277
0.12520528621209784,0.12145089879030051,0.08582272491467365,0.1214883879490023,0.11295424112517295,0.07562089326701503,0.10865576744729623,0.13146128902000412,0.1173405112744374
0.10594362513708606,0.11476195905633102,0.11901704135483082,0.1702372431771787,0.09674341637146638,0.08349989318032537,0.0852494065291095,0.11345508371684472,0.1110923314768274
0.11286991305920675,0.12001249638886001,0.12205358185178483,0.0969979580586487,0.17179389680831023,0.0789676509362318,0.08391544092165522,0.10772918621673931,0.10565987575856313
0.12416712223507531,0.10626099358959333,0.08313431686602213,0.046859997849459205,0.23709022423808426,0.09259015113954942,0.09455708259815392,0.09817208081406899,0.11716803066999354
0.11998738502730465,0.1255377683388349,0.12106968220221648,0.09073279845783587,0.15168894756634752,0.0856832437231526,0.08291393972551496,0.10735888535803384,0.11502734960075922
0.10107335735272575,0.12668611347427042,0.12963022345464226,0.12809042773748655,0.12132846432732018,0.09477614711338465,0.08591564692688945,0.11539882172754552,0.09710079788573524
0.09811936905771408,0.06012494868222917,0.09941890405221411,0.11027433470189212,0.2315434942850673,0.1095487592784767,0.09084010126720811,0.11484296070113581,0.08528712797406257
0.08482094582207277,0.1045068923709297,0.09731601579065559,0.14719538375538868,0.21544985609504672,0.07493805228986429,0.07905800395804113,0.10354445309440143,0.09317039682359977
0.12972392323262605,0.11037534950299889,0.10325759819617446,0.1192218438488678,0.09071275821797131,0.10375938293153168,0.09062623783837649,0.13132737551856108,0.12099553071289215
0.12093100628389136,0.09018829561207659,0.0885360065233321,0.0538346592363266,0.13329192342159718,0.20303810081513066,0.0963130724009651,0.1084835156983473,0.10538342000833316
0.10671049696428812,0.1560291166519202,0.07319076234510809,0.06702358362356664,0.08106176212221652,0.1392146159464471,0.08709200556088421,0.14996650972019143,0.13971114706537766
0.1459816035100752,0.0759209798990426,0.13544450053415977,0.12608854848393775,0.15088500164808638,0.09691931623549323,0.07563048797050077,0.10955861936303168,0.08357094235567268
0.10043585410649751,0.052807547300322645,0.12459644012065862,0.035718074392575905,0.2694416412058042,0.1406572735293314,0.06548989867718243,0.08850737981074185,0.12234589085688548
0.08078972516768368,0.11955513937207672,0.11350716994190753,0.07673858574500976,0.08292400536950399,0.17570201764196489,0.08274063995324893,0.140965454717219,0.1270772620913855
0.07366463901324732,0.13079974513211592,0.10715204694956705,0.10449812304937788,0.13085299218272442,0.07981737934757861,0.16808573265626583,0.1094783706775735,0.0956509709915494
0.11582406155717713,0.11357314081319496,0.10735148159647433,0.12038279359601704,0.1111125116358649,0.10061910775808884,0.10293091145984912,0.11412421873106086,0.11408177285227283
0.10728083073479237,0.11796000087685309,0.12468968645646851,0.1328085689525235,0.12675779395573297,0.08824734405808217,0.08896751631538136,0.11258850162908522,0.1006997570210808
0.10728083073479237,0.11796000087685309,0.12468968645646851,0.1328085689525235,0.12675779395573297,0.08824734405808217,0.08896751631538136,0.11258850162908522,0.1006997570210808
0.12676686794921163,0.14427304547977457,0.10788831576199857,0.06449340904420013,0.15265940356697874,0.08487954758779515,0.08618882022623285,0.11561884031339946,0.11723175007040894
0.12092601874940219,0.13512742953198378,0.08460439607664567,0.09721345694009621,0.12117556737816637,0.0772508854392573,0.10574373063265509,0.128169450993298,0.12978906425849535
0.11047815400328222,0.08964028232545579,0.11181572259112094,0.08816483429767064,0.12943783871428421,0.15056709469282828,0.08482286845732763,0.13255224624966813,0.10252095866836214
0.09867900441625514,0.1435280704147548,0.1225351245544663,0.10057208987642687,0.08813501589321267,0.08334917517403712,0.09548989522186342,0.11889218134692797,0.14881944310205572
0.11222063239678588,0.10642428851973545,0.09113523698315196,0.07419122864590477,0.1538310888323934,0.11566819552432861,0.1777905627461747,0.09232037254224279,0.07641839380928228
0.12190063582606685,0.12254559291366081,0.12134112608944887,0.1062863829290936,0.08458560055451846,0.10365797076625526,0.09524640221653075,0.1337415267360148,0.11069476196841055
0.10990168005782357,0.11878069194649599,0.0887346393066108,0.07538110067385542,0.1112770661065081,0.14541648134400845,0.12772583851237918,0.10780501937173848,0.1149774826805801
0.11573765870812135,0.09453549094492153,0.12622726679521637,0.0736969597641577,0.09017792373865137,0.17277661063134686,0.1271687533336329,0.11230116344065698,0.0873781726432949
0.14039388690480878,0.10754657813982542,0.0827270830445439,0.11562601493493223,0.0755270849974194,0.11041158033084193,0.18339353784346327,0.10217537171351083,0.08219886209065412
0.1194272417278482,0.1097539201533214,0.10923786814213714,0.05839541162316795,0.12735402793919476,0.19668024109472992,0.07674503354178461,0.10131676251169976,0.10108949326611623
0.18072860952096717,0.08429470670558376,0.13234197764677516,0.07488174577645217,0.07595309357114453,0.09944859449528336,0.1313376252614525,0.10729616131148352,0.11371748571085777
0.09133203583940007,0.1389041121246246,0.14274578029806248,0.07460194637069899,0.07714250688680192,0.10276395130146183,0.07711962138180346,0.14293595439617438,0.1524540914009724
0.08630882994023892,0.1036432821504808,0.10456186046374327,0.20594899758370858,0.1599974687779895,0.0790002923277417,0.07118518934866506,0.09865300040315701,0.09070107900427511
0.10096872753195862,0.09296920145731073,0.08162274701150325,0.06383463597401647,0.2832919594476966,0.08197805326863916,0.06852143062158829,0.11464105815496613,0.1121721865323207
0.10420541307725402,0.1069139805745314,0.10088480238607644,0.09542907534580158,0.17232623622134188,0.10584022358411828,0.10849926056531321,0.11125554260788746,0.09464546563767573
0.07269170917866025,0.1245469699537574,0.13670150931817915,0.0964224552168027,0.10896342832329813,0.09536493969590336,0.0849536938666352,0.1268034263636567,0.15355186808310714
0.1452758792903384,0.0981066415408814,0.09877990412321414,0.11043769810497484,0.08830682309455774,0.07925742504475138,0.13570831289180033,0.14055105151641414,0.10357626439306761
0.10571023138286906,0.10946268497102037,0.13007567965906489,0.10332708702570965,0.12550567314279082,0.10575164029650556,0.09594591251552136,0.11766823919767089,0.10655285180884744
0.07670266549919341,0.11648375861527012,0.08114613758651416,0.11783696350631075,0.23235141300301385,0.10216816935973021,0.07886364360963145,0.09995058092241145,0.09449666789792462
0.09724819782150573,0.08957819135596838,0.11568046314568244,0.07905114496427684,0.17897180398977927,0.08095655426847308,0.1510823927835578,0.11481232895535808,0.09261892271539834
0.14687237898389663,0.08667293985579465,0.0898364343367966,0.06477398363731109,0.13570168630941878,0.10643607762994316,0.06332186469290657,0.16338123352739758,0.14300340102653486
0.09378534736963536,0.13556452139575054,0.15104057031941798,0.11284318075147859,0.12780375246075296,0.09542955611932598,0.08020326180031627,0.09422512478382505,0.10910468499949728
0.09786973493704565,0.11723331406054333,0.12288244513816489,0.14170863697107514,0.12600439019601775,0.07854353328995892,0.09009763464566212,0.10850892637238736,0.11715138438914485
0.1253102988981311,0.09365504647914165,0.08829766961592424,0.08181368193846697,0.10096353725733236,0.19445544468065604,0.056902962463509364,0.07899035447768443,0.17961100418915377
0.11950246620680272,0.12378465795126943,0.11809666731529733,0.1084165794173565,0.10757284457442495,0.08770260925138113,0.09014481938050951,0.11898552137434089,0.12579383452861756
0.13458807478162094,0.09963186595459694,0.11509431982766886,0.08238141486711269,0.14969483703450492,0.08997695708694776,0.09118407845403502,0.1271607579435167,0.11028769404999623
0.1321437043275767,0.12376222155825789,0.06389463644663963,0.08939086191951008,0.07136805951073881,0.10763294093312581,0.06170861414325585,0.1771355296490088,0.17296343151188645
0.12841694287325192,0.1014199176000616,0.12183037022207795,0.10904879289928254,0.16038141284298793,0.062495625384831055,0.10131375804345803,0.09623179636522083,0.11886138376882809
0.11588771332437335,0.1120264065207043,0.12993124734093695,0.11082430595626618,0.09667542591665422,0.13947510013124365,0.0676260821771712,0.12272522550762965,0.10482849312502064
0.06797937461302177,0.1183302363177489,0.1404036222006208,0.07544129253943903,0.0969703478712015,0.1145565189515322,0.07877938991687812,0.11504513057055298,0.1924940870190048
0.10624793926766714,0.1101377040773162,0.11886060954079904,0.08045207447848533,0.14349710369216748,0.09932539389777355,0.10404605500209885,0.09921181653083096,0.13822130351286144
0.10227705220998588,0.11690191526454889,0.09711792701611695,0.06761947585274489,0.06700589550012222,0.12395106730264664,0.17609564440036882,0.1157989421945883,0.1332320802588773
0.09387085239957267,0.10458302162568117,0.10010598368703023,0.14928841338421903,0.1115873547173779,0.14220944704171481,0.09763402559979362,0.11993563137831104,0.08078527016629937
0.08529716497720936,0.1124510514804437,0.10902261682752967,0.08311678168975305,0.1331035721978059,0.10198946509094149,0.12296228138711611,0.11827371887362498,0.1337833474755758
0.10346106351798949,0.12675675849885368,0.13656649554876113,0.0647088065057337,0.13137786309738764,0.08939422801519224,0.0868087197844827,0.11720277770564787,0.1437232873259515
0.1101832904049778,0.11571664653081071,0.1249899101158513,0.12276776545490559,0.14124356920124895,0.08289540008589297,0.08522894846200794,0.11131992480602315,0.1056545449382816
0.08370856598621342,0.09436113699881439,0.11226329453522114,0.14640089624979555,0.16217264255628464,0.07689241262348692,0.11457148389966877,0.09585129905959881,0.1137782680909163
0.1050551470426088,0.139306766140559,0.1329825336805043,0.07996478212236649,0.10652284610828373,0.09585443276680493,0.10896055422635982,0.11361802124872833,0.11773491666378456
0.08378468976822682,0.109133520848653,0.12661987163704258,0.060794869565380084,0.2327481089545543,0.07270084191001012,0.07118887321219074,0.1233562974646457,0.11967292663929673
0.10014713405774602,0.11828712619398458,0.12012224351245193,0.10539361865130475,0.14756048253902762,0.11608012310762232,0.08711702118019661,0.1079281277568749,0.09736412300079132
0.059352506164129605,0.0987985346432264,0.11650679533642831,0.06596220577205159,0.15721295131638072,0.07047501260913576,0.14781679146969864,0.1427715066150124,0.14110369607393652
0.10866905195955866,0.10400119304079196,0.12301350099279766,0.1847708228699861,0.10669990035575165,0.10422463570442982,0.08009898901406652,0.09136163242023441,0.09716027364238322
0.14391068163525478,0.09650952241025912,0.08663612643588688,0.07446374378625166,0.09784911434762983,0.1680184746614847,0.07134626552877654,0.10906499975860147,0.15220107143585485
0.11763876549806812,0.1136725739727138,0.1361140546279641,0.0784777782294613,0.14137563538403572,0.06566559173067352,0.11673459296292876,0.10785156247091891,0.12246944512323571
0.09051526659029178,0.11470625933129808,0.11908994313181814,0.08394759777055187,0.09242658101562383,0.12428795243402242,0.16486382494685728,0.10113734850720192,0.10902522627233474
0.13609595607814648,0.11366537716328678,0.07094933746324665,0.1330428356206984,0.08332343703224794,0.08148221647625,0.12686128609554412,0.12731969087766626,0.12725986319291338
0.1304673239298486,0.12270624934515484,0.08780576937250256,0.1009058133119662,0.1561335903664708,0.1099400879724517,0.07515277019047434,0.0906042257517099,0.12628416975942108
0.1115005625035026,0.1166188677458438,0.12999764964764793,0.14029309023476663,0.0971611839185858,0.09806570089466864,0.08933789344822883,0.11598516176113804,0.10103988984561772
0.11173168706849956,0.13603202980321547,0.09980173992529455,0.1182687574994023,0.09691474621173447,0.08114733554306726,0.07604166454316613,0.15559174290263075,0.12447029650298953
0.11412696535834647,0.10673817465798396,0.14414556254889635,0.10428375147752593,0.13942298396268146,0.07801710809812402,0.09977843753785877,0.11655883252469253,0.09692818383389039
0.10673308699436597,0.17063355071566325,0.09479085114375711,0.12354155293198228,0.07809446334946966,0.06945432771813363,0.09475415638142148,0.12254740239398781,0.13945060837121875
0.11026428615790572,0.1202757985739223,0.1247878532450269,0.09731079379998504,0.16663312041399714,0.0784535365661631,0.08367537503920407,0.11141754065510588,0.10718169554868993
0.08101103551940096,0.10247222548455304,0.11080407669176201,0.10034511348727992,0.179208982111286,0.07812335016860164,0.13448666080308377,0.11065178590032036,0.10289676983371226
0.10524491340038011,0.12547863022674657,0.09683350852679688,0.13169303232154433,0.08925572076288918,0.11909485746833028,0.11043007908500185,0.11890895434611344,0.10306030386219746
0.14965255441030575,0.08798044600119247,0.06537852433190948,0.11509937455534254,0.09255811227530204,0.1343838845621197,0.06770251441861912,0.11740433228173001,0.16984025716347886
0.09323050518186228,0.10348130031251572,0.10889079217063613,0.0732273355163094,0.24467832160775962,0.07678454592528161,0.07044330042305215,0.12558102463583629,0.10368287422674682
0.09081525053810713,0.11117529754828076,0.11320508633984766,0.1499026561041387,0.1531514183656368,0.08392313206427558,0.09354887430969022,0.11120758015903498,0.09307070457098815
0.11637377092211293,0.09065441595981193,0.09744067570495969,0.12721766476855886,0.19490878728671443,0.08948754523399755,0.0853961208564088,0.0870631092375363,0.11145791002989947
0.10691597108224016,0.12978651096784077,0.11359488439473982,0.12640733328821965,0.11834628262790708,0.10062000284887168,0.08889075102355455,0.11785479116984454,0.09758347259678168
0.14018477299369722,0.13493820308300275,0.11179190914131605,0.12955813939804242,0.09903099317996149,0.07820791046466179,0.07447692868072243,0.10380813367522203,0.12800300938337383
0.08307874335510498,0.15525891145142287,0.10751992389424263,0.05127222071609925,0.1319135773031882,0.1560070377250082,0.08005223186034273,0.11863945570883568,0.11625789798575548
0.08980146707730312,0.11045937916919014,0.11202806887892176,0.08350463466674729,0.2878956501385695,0.05620999180809658,0.057419882180963146,0.09443811253334165,0.10824281354686686
0.10728083073479237,0.11796000087685309,0.12468968645646851,0.1328085689525235,0.12675779395573297,0.08824734405808217,0.08896751631538136,0.11258850162908522,0.1006997570210808
0.11385235375601639,0.11063627889768728,0.09370346385572993,0.1851437757692017,0.09402842739181506,0.08047878870373254,0.08581610785993132,0.11506386152838799,0.12127694223749778
