0.11889553900509076,0.32165451803964257,0.02725543587248146,0.09965406837266272,0.10666534771867786,0.050737250366917896,0.09788050656632885,0.10039200209861533,0.0768653319595826
0.03704225500126909,0.07821863505222502,0.10062719332372373,0.10289301417979106,0.1415064409085972,0.14051693936047496,0.1313200230431129,0.14374521728136802,0.12413028184943788
0.06419721626900621,0.11549134054237231,0.1622966219135486,0.1424128619647176,0.10384254130581637,0.11925013247143923,0.0892870538689401,0.10532881825132771,0.09789341341283188
0.04607010085893468,0.0871568327152149,0.07886885315922564,0.10953502435006744,0.13516395523012267,0.13550284659779263,0.128870800132563,0.1499080195578725,0.1289235673982066
0.05801893483153298,0.13000302079416723,0.05641699687962815,0.10542342491756634,0.14809530550716818,0.13340961125682307,0.1185006976128916,0.1417622712241563,0.10836973697606618
0.041380686362672656,0.08061580590161398,0.08057995799687957,0.11145754018724903,0.13948364453187398,0.14610298344664233,0.1223147093382536,0.12663266855861435,0.15143200367620047
0.06508988727361048,0.09717514727037929,0.06203683207031178,0.11215098757033341,0.14587569240251178,0.11027316269474047,0.12193261939267754,0.1555848693182451,0.12988080200719013
0.18778638241003595,0.04964654589248793,0.09950687526982004,0.09875616075672694,0.09780447316851644,0.11045334609059487,0.10709685982025112,0.07559296965078387,0.1733563869407829
0.08380921191363633,0.15022267022705318,0.07396183445981643,0.10113057218048338,0.11263609495874256,0.1393783745057113,0.10525790251151908,0.10593660292288654,0.12766673632015124
0.1682736062508097,0.08915027584517722,0.10422462790451416,0.10199637393332428,0.12461465503004487,0.11076451267230152,0.11091732604920225,0.09193310363004148,0.09812551868458451
0.0511404031043873,0.09857149066373339,0.16536546356832474,0.10965839340152413,0.12012813128994393,0.07851364644803832,0.1408276202077091,0.1287187624252114,0.10707608889112784
0.04023804169011927,0.14402685823876507,0.0446932152837262,0.11501918773121624,0.14992047462575442,0.1143873770533117,0.1266907541030642,0.13784966814387903,0.1271744231301638
0.02743938526578572,0.08638383078890022,0.31328432356637365,0.0973437236206019,0.08869416170060877,0.10981577355805205,0.08413210958190354,0.0716063538048664,0.12130033811290775
0.06776731879047194,0.3217599275351681,0.02814749162136655,0.11890390071558143,0.09744684467401384,0.12482317071120624,0.07182482324011767,0.07826516483426028,0.09106135787781394
0.3151004070613597,0.05296068336286425,0.03813991204479809,0.07665340324656618,0.09050906327702042,0.12139783384740332,0.07101409516237651,0.082525011457916,0.15169959053969545
0.1102057491186706,0.06120009128108578,0.07850550998867871,0.11072378878718618,0.11580807058129716,0.12523242021484152,0.11487620006779214,0.16657041671529446,0.11687775324515338
0.03152356656974938,0.10109193132757431,0.09251559195981422,0.12252235715448699,0.12470954708673775,0.09780771213406116,0.11077293419354152,0.15798463819957245,0.1610717213744623
0.014268611876149874,0.1725822165902922,0.13545391912645596,0.12402796302614887,0.1288398848160117,0.12178823588760813,0.09251566705358538,0.10907333441959632,0.10145016720415169
0.04473057715730033,0.1430431305122725,0.053806664655169305,0.12620883586666262,0.13360420519690897,0.12452456463537631,0.10276356030503637,0.1042743105041843,0.1670441511670893
0.03883746717054479,0.08185846622191968,0.1026507061662505,0.10863377253241628,0.13499055152980602,0.13724248019252364,0.12937951900309616,0.14267406127305354,0.12373297591038945
0.021884014021383014,0.15672242695628114,0.12532730900504252,0.1514171892286337,0.13484098680131526,0.0870409415935171,0.10513762267755782,0.10321550821851803,0.1144140014977515
0.11042326971650944,0.0905114310469766,0.04592519961859465,0.1327274232409973,0.12949459851234513,0.1223735366642505,0.128934031359339,0.11437584809547248,0.12523466174551487
0.04549313850407835,0.13818366624495873,0.08849333072705921,0.10450669321606072,0.12701325204194133,0.13306033507296056,0.11692025258501737,0.14353763666774147,0.10279169494018225
0.016438123413777133,0.07561425865066893,0.2003824753479684,0.14947287597346856,0.15058656686632646,0.10818747642225794,0.09943896974867071,0.08958873749106276,0.11029051608579908
0.031229171492162904,0.123009358844821,0.21471585587676936,0.10065607536567171,0.10224111468201048,0.1388289501364995,0.1002231767749044,0.10203613007035746,0.08706016675680313
0.013902677170042801,0.05991352387674667,0.3182254121394668,0.12067769440076381,0.10048192763971404,0.12631759406264986,0.08717774228103493,0.08301047524102055,0.09029295318856051
0.056912283539321484,0.060791813884693596,0.24718873473714706,0.10493258381975668,0.10087620657128571,0.11751721815465747,0.10985527201554939,0.10160282706237689,0.1003230602152116
0.08237813418653572,0.14288365478036708,0.07375308161338215,0.10418521353959992,0.11577839386691931,0.08736381646955772,0.11674659145102943,0.13897235202969982,0.13793876206290878
0.02981289257459852,0.07016449083197336,0.1711572406701427,0.11160336997271754,0.14114050627050445,0.13416739951219445,0.11614925789274615,0.11907479933789715,0.10673004293722581
0.4649376419616486,0.1092213498459471,0.022025871648321826,0.05940924229175223,0.07878430701332235,0.08800478667538057,0.05258493891795807,0.07184451562677469,0.05318734601889449
0.03707951767189472,0.08847842492923282,0.19171947943963352,0.10180445272256083,0.1196941869205483,0.100268444626337,0.09741327791664517,0.16189883461610666,0.10164338115704093
0.06962917892382782,0.08284487318626582,0.0639010043589304,0.16569505035689766,0.14412462271210003,0.12222774258401219,0.11454765300170634,0.10602758469832507,0.13100229017793472
0.029736932033498243,0.06701134072331624,0.12954986184413017,0.12038509809183284,0.12740714614794832,0.1358794319551722,0.13662252729176264,0.13919444492184385,0.11421321699049548
0.027561176152800553,0.08216153016686908,0.1753314450065481,0.13811495070215352,0.13408640317820564,0.09911056547417879,0.0951993383656702,0.09724073626103787,0.15119385469253624
0.07026267901314502,0.06329048839806276,0.11667231876292912,0.09692159523542855,0.1083671926707233,0.12340060796578238,0.11126395335779375,0.14043555365262597,0.16938561094350912
0.03274441266070894,0.08728232169822266,0.09842533153889711,0.12411960276116156,0.13536069811627438,0.1370538625715578,0.12204310581019832,0.1365192853140668,0.12645137952891247
0.038357519202815236,0.08538121081741569,0.08595988924947408,0.11412283577036446,0.13982074777607273,0.13359044522855598,0.12855613757027987,0.14967474955402318,0.1245364648309988
0.015448666497578693,0.1366309098530605,0.18772729417458686,0.11529650815540422,0.11861493478451472,0.1011186420992179,0.09342561952645628,0.12422372139320287,0.10751370351597789
0.025104759392555326,0.1457822774403042,0.06217252573574545,0.1308533701265104,0.1352638041879199,0.13502849467354452,0.12771426362588914,0.09520046633555133,0.14288003848197975
0.019662469108502778,0.06798979741796059,0.3464224681636639,0.1126879830848782,0.09854551217383711,0.061794567658739745,0.1044660134754747,0.10997858312065763,0.07845260579628531
0.04015268226274011,0.0866763960276219,0.08195427784405059,0.11153103451817199,0.13697587046234302,0.13896648641787987,0.1306392054734223,0.14665257865049702,0.12645146834327317
0.08898900126885283,0.19805527125767053,0.06906894061431623,0.09401585041674392,0.09592106574221705,0.10351732089524927,0.13653330432703725,0.11293888640884242,0.10096035906907054
0.023817013598395817,0.09839237784122463,0.07203943242617285,0.12178780744464986,0.1486732903389221,0.13314485837938747,0.12324282293140176,0.13664917068790325,0.14225322635194226
0.3353165031595626,0.06963047744508137,0.06342908760990863,0.08012883166886918,0.0822634960776549,0.07605196588782256,0.0912903689945152,0.07708091411862228,0.12480835503796328
0.03962439909672263,0.13975132560912515,0.03984795218824971,0.11075955661226326,0.12393637755032505,0.15342245192115886,0.11544193819369775,0.14924247907484353,0.12797351975361407
0.01853478911723008,0.0464580258175765,0.42318669652006036,0.09497235813779963,0.08059417114482595,0.08786944163004422,0.0803164820215978,0.0840984522770672,0.08396958333379816
0.060602569158430514,0.21471524840031128,0.038764773552348634,0.11109160613395602,0.11926868566916767,0.1361753723988077,0.10250786339780814,0.10485622370732688,0.11201765758184314
0.1836106197088304,0.24503944647453246,0.03958954077624637,0.07994145832551351,0.07765102437716415,0.08860613016590106,0.07056045374114464,0.08347799529266857,0.1315233311379989
0.3552396266566084,0.221753299142924,0.02267630488616683,0.05916436898770566,0.06052256926353291,0.0766283712647985,0.057973894463515495,0.09385093684082764,0.05219062849392053
0.032136987358188186,0.16851510812878978,0.037896016990794694,0.18079315613081204,0.13229125954190746,0.08866158155351715,0.11721417453070897,0.09756619252437278,0.144925523240909
0.04015268226274011,0.0866763960276219,0.08195427784405059,0.11153103451817199,0.13697587046234302,0.13896648641787987,0.1306392054734223,0.14665257865049702,0.12645146834327317
0.14400093626481464,0.11411311668220746,0.11697439232331164,0.10155732929247578,0.10404761945843755,0.08601717631254742,0.0792595005898826,0.09331624053751535,0.1607136885388076
0.1807350172559249,0.06264377905808537,0.056330688313533474,0.12680120606096715,0.1132607377101299,0.103200462648952,0.09317699208160653,0.09082503730885842,0.17302607956194235
0.037929803481667065,0.12325116247634837,0.0639632120141297,0.0922305108582165,0.12352738180348606,0.14297047124300724,0.12494994569040103,0.15140698217677107,0.13977053025597294
0.05835138423701486,0.10579911939705748,0.15494296282322026,0.10608191444241265,0.12654353411072902,0.10325006306393138,0.10103494168728755,0.15190399930459386,0.09209208093375305
0.05015891338805806,0.22256083691622916,0.09677446091685289,0.1094006479435277,0.10625509425024611,0.0841191379102253,0.10314232081712477,0.12658984163249534,0.10099874622524067
0.06798027101781107,0.05818254510140831,0.08049917710911154,0.12328952814854204,0.12107548827554045,0.13400200336954882,0.12309069479077506,0.133055605888687,0.15882468629857568
0.12425830606941286,0.06491339101168438,0.07923960626798886,0.11200523634592319,0.13245893915130466,0.10991879778596446,0.10849454967047628,0.13261379116295577,0.13609738253428952
0.052038664544478704,0.06884281345140777,0.09288063872254748,0.11671243634534971,0.14291503813924925,0.13836959143426344,0.1269266962595923,0.14058541917985223,0.12072870192325914
0.04473811195230856,0.09881313358960535,0.0544604723830289,0.11500681098935117,0.13342383687969725,0.12188832656409772,0.15455396915861827,0.14869117980084004,0.1284241586824528
0.05142523207872226,0.06957959671041536,0.09592208156972142,0.11742828750603178,0.143611773252435,0.13197910945720717,0.12633246177156765,0.14418682208725184,0.1195346355666476
0.053310858483193224,0.08541829360986919,0.061730340709954555,0.11200622429902085,0.14094887939376774,0.1296325065298055,0.13896186820440942,0.15302139474719623,0.12496963402278323
0.045545138388455565,0.23248104230577468,0.07566264006978196,0.10868070378466126,0.1105788582267044,0.13333490254095232,0.09669361537431868,0.09566561758966612,0.101357481719685
0.07546672191892793,0.2081605213290938,0.03237047990329944,0.10381549156158572,0.13355387136821598,0.1437498910367181,0.08928557400264307,0.10525625698512686,0.10834119189438912
0.09893367616841671,0.29958175151200367,0.045033158914451976,0.07608517313880528,0.09640538786956969,0.12684055226107693,0.09279435666202603,0.0844286849230478,0.07989725855060185
0.026482135041655242,0.10357745542278929,0.09868306215173765,0.1364513010966136,0.1263381734710984,0.11910246814537408,0.11796665797130972,0.1689336750326422,0.10246507166677983
0.4884265419751526,0.05210698829663785,0.023162049629563627,0.0873444923579041,0.08040752925532137,0.058103014572964455,0.06989476246819239,0.07123365321574968,0.06932096822851393
0.047645744608878764,0.09294239837530693,0.06528728222172493,0.1124668220661283,0.1327555885451255,0.11437244678905252,0.11875445340592748,0.15536332909360395,0.16041193489425157
0.050474514418673976,0.18196792668820294,0.034470332842369084,0.11247704984964728,0.12850257919239585,0.11819453244331402,0.13148546697097896,0.09282011324373297,0.14960748435068494
0.06235966891820182,0.07500392155621831,0.07659235545043727,0.11727475839656643,0.12207643217494497,0.15079886947495505,0.12270985175561148,0.11696133947971322,0.15622280279335152
0.05024969735536,0.09440211713541796,0.10821822937053444,0.12243239877481049,0.12981434693927774,0.12668321046537742,0.11008946693204258,0.14493769522372077,0.1131728378034587
0.26068543643317355,0.056277322880330334,0.10895200673938342,0.07993914160858956,0.09114239924362295,0.07595432885203673,0.0928243827456825,0.10995126605172086,0.12427371544546008
0.05421097891584562,0.08464701798787382,0.04913950123704202,0.10815601125293169,0.1272037660719735,0.14362487491106854,0.1450714977381812,0.13099259605562724,0.15695375582945634
0.1112939411021097,0.12132247895560865,0.0421379888246713,0.10373532554442245,0.11158248915844422,0.11728786240004657,0.11644976617931456,0.13838916053642283,0.13780098729895976
0.029819937406412728,0.09851889399490958,0.07871997705253213,0.11408573958093023,0.14042415525292362,0.1318964059291093,0.1269824924376536,0.14367185006934424,0.1358805482761846
0.032870419455997855,0.18619766548057956,0.08475920601494125,0.11053429297932683,0.10928194714702955,0.10621092706514453,0.115330534649841,0.1049359087551832,0.14987909845195627
0.03153777106175771,0.08419330585963038,0.1054024957536333,0.14566532800611987,0.11557402190069004,0.12560955773308954,0.13384355355205005,0.12955978311145963,0.12861418302156954
0.04015268226274011,0.0866763960276219,0.08195427784405059,0.11153103451817199,0.13697587046234302,0.13896648641787987,0.1306392054734223,0.14665257865049702,0.12645146834327317
0.02362702246607487,0.1059581090032093,0.2050328875535763,0.10236948334254081,0.13288008143417027,0.11407891092646788,0.11277348001425243,0.10035855923375143,0.10292146602595675
0.08017099786291111,0.06488376752985194,0.19549616110044388,0.10527142250824995,0.12287068137204704,0.10834087961396867,0.10332961175929835,0.12407632792131773,0.0955601503319114
0.08183941275463409,0.14093766582323722,0.0732850385744072,0.10475324658462093,0.11319519848436028,0.14356054833258636,0.10466726211211365,0.10542480274553262,0.13233682458850765
0.02674141365383616,0.08959944025827099,0.13653463216403441,0.10872637041422055,0.14082426204567847,0.11689575133233733,0.12515194931232157,0.12542556069449598,0.13010062012480458
0.5038554366867772,0.038917051126801556,0.07367438223315251,0.061811598121787444,0.0772346203341097,0.05074840439680569,0.07526912392501613,0.06363184300686492,0.0548575401686849
0.1521622038537717,0.2402758156928242,0.020652699476854285,0.09854789985571895,0.13493562376057924,0.11797504344815983,0.0789548216087864,0.06761473789096842,0.08888115441233696
0.02636842044150529,0.06308013027983611,0.09061166667956459,0.13354997742011332,0.13626683363841938,0.135960397039803,0.14749595472824217,0.13952542575293328,0.12714119401958285
0.0442319609663974,0.10412443855751263,0.08468888656103118,0.11117062340426898,0.11579521564014479,0.13257528046333986,0.11796746858986797,0.17330438700765774,0.11614173880977935
0.03463466806350216,0.06791554727194461,0.1770637626257424,0.11190772881123619,0.1379548462802111,0.12422775158946507,0.10846970469473123,0.13561316817716954,0.10221282248599768
0.012413603876778067,0.14367253797115745,0.18254283723049458,0.13071263137489844,0.11787912282529316,0.08356876247908823,0.09167060762576584,0.08539143873791162,0.15214845787861273
0.03737284589714906,0.088996127427327,0.0705418560580187,0.11674210910819305,0.13849578510740343,0.13702611373121484,0.13969726706925523,0.13797559185442612,0.13315230374701262
0.05664706658027193,0.15895570138097628,0.12152022231498849,0.11467890622068898,0.13629639855634265,0.08293737628567732,0.10742296925568212,0.10054994399733387,0.12099141540803832
0.060302064515626336,0.2285917587293346,0.23052472448927716,0.09082255352686786,0.06583243538733095,0.08757262151707051,0.08432692605954227,0.08937331907673769,0.06265359669821265
0.01848050405144453,0.139529787569491,0.3203341181938707,0.15146114971355343,0.07560284918929923,0.04037654547603589,0.0746037993527662,0.10270706892123732,0.07690417753230162
0.04366847249387035,0.07993203935819938,0.11939617503306803,0.14352336891496117,0.1410508016077128,0.11299752641022161,0.11140244729236586,0.13393087568784603,0.11409829320175478
0.06523441455360109,0.06654060431045537,0.10137703436636569,0.102500086511897,0.13535790351504973,0.15027141862029297,0.12956056162897478,0.11910550038844149,0.13005247610492185
0.012388044386509455,0.07783215096670755,0.08014702037850885,0.20673251585602428,0.13191173606338988,0.1177464470247032,0.12291525540186697,0.10501639295149977,0.14531043697079005
0.019948741404759166,0.13425059704570289,0.21039825350675734,0.119368620857499,0.10176951960826075,0.1032319925220493,0.08515187325265405,0.11902290785101571,0.10685749395130166
0.19535948450007265,0.09721652287256044,0.04672062173687196,0.11319825914326966,0.11647340363795222,0.0798769294871649,0.11222147562594458,0.13191690934344147,0.10701639365272203
0.048706046752382624,0.08268843189587076,0.079746214511891,0.11305141778495446,0.14142340201791945,0.12885349270322485,0.13181854340196628,0.15266776522736647,0.1210446857044241
0.01988759842208132,0.04347666922330581,0.3139308111245564,0.11307080605274487,0.10669907515965227,0.1114198694626537,0.09341086987001046,0.07970199032371741,0.11840231036127773
0.03266757196404333,0.09289482298731556,0.14878804873279525,0.10370946198449886,0.10419238643072966,0.11014565214776861,0.12706983782357065,0.18826999831626887,0.09226221961300914
0.11565253973511282,0.10144600184649756,0.061832045556071615,0.10426280047173382,0.12004684228920413,0.11828862754313728,0.10943641886549882,0.1421700969271055,0.12686462676563845
0.3209753563297612,0.14536423462119055,0.02357355442137486,0.0809686616938222,0.09724136832672274,0.10588590329219288,0.07423803351475101,0.08000398480834793,0.07174890299183652
0.038451950416159404,0.08749130279994742,0.0822264235494779,0.11348268910371904,0.1409995766546326,0.13902586177229348,0.1360258850062831,0.1346822010976192,0.12761410959986785
0.040971979994284896,0.09072612437685264,0.1256315640534961,0.0946871527672043,0.11399189231698192,0.13823819072690283,0.10753531402675877,0.13180297455187742,0.15641480718564107
0.013834258650029149,0.1323304585527398,0.24693966822437738,0.12423392494061951,0.11208774651965703,0.07381435168083421,0.10834741460509027,0.09360063097042419,0.09481154585622838
0.022247008316803582,0.18053382062852288,0.036370223475803994,0.10983290948255431,0.12617279585570174,0.09132415441039732,0.1188346917737697,0.13958836659807372,0.17509602945837274
0.12579791467299759,0.07525719673013102,0.05690941097419197,0.13258834088701157,0.10112729421590884,0.09420149926520943,0.1414073969196824,0.14864909723477793,0.12406184910008922
0.20550528864236903,0.17375619305714604,0.029426617726912425,0.06354498925078216,0.07713739084847782,0.07131926846029887,0.10527724509309315,0.18398112546635978,0.09005188145456076
0.11007885615685391,0.060393228074451466,0.26814391635146495,0.10887814990970672,0.08454238882482949,0.09511069178910465,0.09345947591680072,0.10116751297914446,0.07822577999764363
0.03841773267050838,0.10838390018746369,0.07144912472965949,0.10916702990106623,0.13731186144837196,0.1334913067248807,0.13083685991088836,0.14918724655500945,0.12175493787215175
0.2652324185170352,0.052457031354013806,0.11409765658014139,0.08149475716335097,0.0763521683433428,0.09309040117579541,0.07005930070318105,0.07518665696324492,0.17202960919989452
0.038351700750121585,0.0981684434697015,0.07582024533053495,0.11232432957345008,0.1376445879175523,0.13799576134357897,0.13023142128564405,0.1450745452433052,0.1243889650861113
0.08514711806044684,0.12826424347292423,0.05056671374988805,0.1004671384894981,0.13049247022401156,0.13126315385371365,0.11621769920872749,0.1501452132475247,0.10743624969326541
0.13442571562991404,0.06470229609362495,0.11241775575219597,0.10298071125259128,0.11404523949258683,0.09379389925400632,0.1051264104792841,0.13359038237859688,0.1389175896671996
0.04185450827395513,0.211254096214445,0.05687117053449702,0.09908188921514842,0.11701357735615066,0.15321385303181573,0.10746209035819453,0.1025829204896022,0.11066589452619137
0.03340822400432767,0.0780708981696893,0.10188274288849745,0.1233969847912569,0.1254143620368361,0.13433680027792858,0.1368267324759448,0.14877466199556735,0.11788859335995183
0.03288154729566887,0.08556559824060066,0.0702718642089914,0.151295767802552,0.1362120420856974,0.12820227217537308,0.1335336899534629,0.14342082762162145,0.1186163906160322
0.10963448681790881,0.10009426510190474,0.06852291147926672,0.09132841408548979,0.09782739292109865,0.12246489284841493,0.13034927511763972,0.08960119913929532,0.1901771624889814
0.03344774913982378,0.07812467000951621,0.1017152329044756,0.12330993330987304,0.12550006836725655,0.13437988598954406,0.13680009262570766,0.1487753918240546,0.1179469758297486
0.21445176076252603,0.12174520776195226,0.05611485783628269,0.10016157976946981,0.11454817394769605,0.12743287704464554,0.08855847263982684,0.0885883372319199,0.0883987330056809
0.05190709995163395,0.4289424440982244,0.046082375419353394,0.09344296639572686,0.08422427497711615,0.10449563200117669,0.059613978808236046,0.06373530880313526,0.06755591954539718
0.04404796340212445,0.12287108503050607,0.1105307295374942,0.11562382718607717,0.12574380152649123,0.1359859306636878,0.11658913372391938,0.11881892871075396,0.10978860021894576
0.061410336920132924,0.11075878036575036,0.06913733889705491,0.1396183048401631,0.12447943216292574,0.07500168659979896,0.14138921468783835,0.10939256401930901,0.16881234150702662
0.03200553518087167,0.08450238659255267,0.21492118914067385,0.12626389112496672,0.09813024558272714,0.13972537419436767,0.09983373920144185,0.08637858170979769,0.11823905727260074
0.015757495978079985,0.04293207461315307,0.2626679151889247,0.16206671057993446,0.11363581625116635,0.11436064712218262,0.10317970056193569,0.0651932377771725,0.12020640192745062
0.08274173732233639,0.16366612940239264,0.04050869047491588,0.10391053406840818,0.10945207155200909,0.11787440771634672,0.09606936934169519,0.18161436481972792,0.104162695302168
0.02383183225766791,0.22711905464128032,0.13115390560529241,0.08604718644722327,0.10642082289677186,0.09771662291999789,0.08529425181819372,0.09201184698461463,0.15040447642895796
0.13528861260815125,0.1343060501374034,0.12466615325363212,0.07989379113661743,0.0876949781074297,0.15054513795681881,0.09222635549169055,0.07467089388786118,0.12070802742039559
0.04275280822580266,0.13303152717622405,0.08821577210965655,0.10623279021041453,0.1295614354813018,0.15236059927209678,0.1100333924773752,0.12845949075181182,0.10935218429531658
0.01715049516532813,0.06220463055726505,0.3817964273683862,0.10067356119244804,0.09575535984826251,0.09626356800412221,0.08291888936316787,0.07634449659453357,0.08689257190648642
0.033592186332252146,0.07998919854457444,0.07353611630850791,0.12824217173941857,0.13899413705601024,0.12342469924006376,0.13550767501071856,0.1463022140563967,0.14041160171205766
0.03857015971700877,0.09053701213519792,0.07603132435319958,0.11176698893405505,0.14054006307028175,0.1403266391601434,0.13335249951903558,0.14879081723442356,0.12008449587665448
0.04457179114782841,0.096417565409179,0.04798028617694695,0.13188004538534215,0.1331280858338806,0.1139853697239296,0.13482787016099115,0.15924261068213952,0.1379663754797625
0.040693043834850125,0.05767832154895796,0.25480361184789,0.07882358824924297,0.13595589834649105,0.10564890698702645,0.10644866982279712,0.11243621074982928,0.10751174861291508
0.04999997062280039,0.08432626949188994,0.06840601621092335,0.18199232380296695,0.1350222271316429,0.11198215158016671,0.11029814084241657,0.11463444808320387,0.14333845223398925
0.12491368397818302,0.07272823806496011,0.0847189660480822,0.11698910192008176,0.1200357619128054,0.123830432531705,0.12086851695551731,0.11124924898760336,0.12466604960106177
0.052049986236226066,0.06883010831739604,0.09288987639691747,0.11671625513290107,0.14291952653268802,0.13836774662502563,0.12692528124984034,0.14057783321827133,0.12072338629073394
0.04015268226274011,0.0866763960276219,0.08195427784405059,0.11153103451817199,0.13697587046234302,0.13896648641787987,0.1306392054734223,0.14665257865049702,0.12645146834327317
0.05814502602342225,0.11443873303257941,0.07708232266293344,0.11838137932309944,0.11095919862605778,0.14781846021634326,0.11072648190667735,0.1482090318950019,0.11423936631388514
0.04015268226274011,0.0866763960276219,0.08195427784405059,0.11153103451817199,0.13697587046234302,0.13896648641787987,0.1306392054734223,0.14665257865049702,0.12645146834327317
0.03435949327879014,0.13135030590379468,0.08220896685510089,0.1070892521506334,0.12916619699334594,0.14602686018394467,0.11854053996331149,0.11007765431193407,0.1411807303591447
0.0539861947721304,0.06515161974429906,0.08977003126224425,0.11393676309897623,0.14593523946128942,0.14667417248866066,0.14409967815821328,0.12506131783840527,0.11538498317578134
0.02235071115980186,0.1046098949674107,0.08802177138846323,0.13759885881532,0.1470236287080103,0.11519695365333489,0.1281569983078781,0.11918707965976372,0.13785410334001716
0.015067374236741362,0.07604881317239277,0.20191625405873648,0.14271205059522712,0.1082061299903821,0.11387802036842894,0.12655308682887878,0.12163191495928181,0.09398635578993066
0.08571244640314112,0.16227934883188797,0.05269837206681133,0.11427277950711179,0.11920353402964028,0.11963838976739823,0.11465260108199793,0.12546801648753486,0.10607451182447648
0.02377919295108168,0.12818103485152202,0.2695061373738346,0.1072587329904081,0.10588036585528193,0.09956234738974885,0.08365577951362763,0.09197521561425552,0.09020119346023968
0.13827759085735233,0.08179301756619911,0.06520158669792202,0.09746483756969848,0.11897815013980466,0.1259888679990984,0.0837743334384825,0.07412836300495497,0.2143932527264876
0.04015268226274011,0.0866763960276219,0.08195427784405059,0.11153103451817199,0.13697587046234302,0.13896648641787987,0.1306392054734223,0.14665257865049702,0.12645146834327317
0.03741193769914249,0.07652232650716927,0.11310993501558285,0.09912537962458445,0.11186581338635963,0.10498866867894165,0.14758741247824586,0.1865492506429093,0.12283927596706455
0.030314681733626184,0.09486183327167357,0.07749550644461976,0.16340276496060857,0.1319038718856696,0.1098420132270395,0.1278612858164566,0.11503669025163409,0.14928135240867213
0.07182746268278638,0.2271045866024852,0.034487118895415524,0.10749471392039779,0.09608678853981005,0.0985195291088684,0.0855820966345283,0.134723455352067,0.14417424826364142
0.028680952770132384,0.08047255611783914,0.2909330446657476,0.13884162413562887,0.08791626166226153,0.11831444407527929,0.08941503756528768,0.07749196783536245,0.08793411117246104
0.2342282364715679,0.0381102172365763,0.12259524729465943,0.08856141746110431,0.11251853677328828,0.09825975468208846,0.11644052414422679,0.1044270119885559,0.08485905394793258
0.03489331988362119,0.10560588083377537,0.13590883964221612,0.09996388225248996,0.12159653145839816,0.12702276805026794,0.11319727106492529,0.15282525385672055,0.10898625295758542
0.0511976853267832,0.09361870743189012,0.0669561358384647,0.11170337430838621,0.13023592134229792,0.1340140678233732,0.1348662872016846,0.15697813484188075,0.1204296858852393
0.13762734545527078,0.18020142329477506,0.0231483413284044,0.13638991631506522,0.09897083400134678,0.11110622180655193,0.08795038644877719,0.09299991908864753,0.13160561226116113
0.11151405141216349,0.07414055778384249,0.0839721514286721,0.12199696697374829,0.12385957221711531,0.13656096180424518,0.10784549752045645,0.13221796045653791,0.10789228040321881
0.21644974481936238,0.06769658300446417,0.04285491028137961,0.09318255401116006,0.12154162394571143,0.11626938102198758,0.11148953896225149,0.11031582534937523,0.1201998386043081
0.07224868837524569,0.37566401395230226,0.03770823254170827,0.11787477528995227,0.06864941914207906,0.08412590185438353,0.0746769751740867,0.10348435453309046,0.06556763913715175
0.025911275127255554,0.17977845253379174,0.13642102430768424,0.09828758831487609,0.10790616226021765,0.11551960385374134,0.09802931316631518,0.133537859929152,0.10460872050696617
0.2515333159395629,0.061594407425789165,0.02964998446554115,0.09222505133506874,0.10610260815928492,0.11928907133239297,0.12396759359645733,0.0982666680358832,0.11737129971001958
0.1977233402961924,0.03372377761096539,0.20073110693908347,0.08966624754596701,0.07702576234601695,0.09116972112620991,0.09992193407832524,0.13297036218141486,0.07706774787582478
0.06777261975540322,0.16958443304332751,0.12150922409669078,0.09919848678421243,0.12915928248898148,0.10804823926202366,0.10044749766716247,0.11019610494144266,0.09408411196075583
0.06392546673312592,0.04099892245531447,0.3161485432404167,0.09239943165797238,0.11167810523090571,0.08811255742724607,0.09491678523819837,0.10918208093194053,0.08263810708488
0.059366459611849866,0.05667255251648256,0.10698894923157735,0.16736629445742354,0.12664957091802304,0.11397687046321081,0.1232840239670414,0.14343184937437883,0.10226342946001267
0.06590532991757125,0.1723463786621502,0.06677167531341442,0.10356125534047672,0.11260597636196583,0.12269628905222174,0.09290188823872374,0.09035500513073828,0.17285620198273785
0.038066965001930034,0.0974275069882019,0.07892933979979834,0.11546722271613823,0.13278204446766625,0.15283490892018547,0.11589042170683754,0.1284138812817743,0.140187709117468
0.07960591126350948,0.25796402922386713,0.03149829672641914,0.1120840438238943,0.11681209847485018,0.0886979988249923,0.09595226434888215,0.10974527079372992,0.10764008651985545
0.0222633628973392,0.1035731091592872,0.1157183637894587,0.14361563981423134,0.1438528845229066,0.11266660404013835,0.1166215115689082,0.11042968596398223,0.13125883824374818
0.040422937593323556,0.09206187047350124,0.08505553134726929,0.09910686177438288,0.1362047401809491,0.141565116694075,0.12827559908995753,0.14964030211203827,0.12766704073450313
0.04015268226274011,0.0866763960276219,0.08195427784405059,0.11153103451817199,0.13697587046234302,0.13896648641787987,0.1306392054734223,0.14665257865049702,0.12645146834327317
0.06070735729577283,0.09812991737599758,0.11632414851495336,0.09963134620988594,0.11997035610346267,0.13840210264355138,0.11862678973952544,0.12874095749306294,0.11946702462378787
0.02131509975016933,0.20318801529100425,0.051719571011761147,0.11408078748049161,0.12463793289416215,0.12324842792157653,0.11479051833951674,0.1017509015949537,0.14526874571636444
0.02991682248567271,0.12895620461868862,0.08262057830942701,0.12316903638946797,0.13398627186066459,0.10170555700504719,0.13941855377921106,0.12907928703102287,0.13114768852079803
0.03211298874637713,0.12773444988750846,0.11971802443553388,0.10053046559494216,0.11070627386875313,0.11112540360577054,0.1259297607460321,0.17857399673933158,0.09356863637575102
0.06533921475670264,0.2589521323023494,0.06418678946333455,0.12150382220056805,0.10360282789667342,0.09017151510363675,0.0740936609520614,0.08032836171325199,0.1418216756114217
0.04015268226274011,0.0866763960276219,0.08195427784405059,0.11153103451817199,0.13697587046234302,0.13896648641787987,0.1306392054734223,0.14665257865049702,0.12645146834327317
0.04347965778147223,0.0821157251060045,0.08521807733368279,0.1120713590139989,0.14870113830162754,0.1246278305601047,0.12986230616782243,0.15144016678886818,0.12248373894641869
0.051937085458131145,0.10939173067961461,0.05772455144650257,0.12090027729909049,0.1383690324441824,0.11939412405911892,0.12649517538853286,0.13693473848885657,0.13885328473597047
0.029036420415040426,0.12301258249887208,0.08808859186804313,0.09256860265482421,0.11752187480527725,0.12168145330735515,0.12137609219828736,0.1850660719545414,0.12164831029775906
0.3204221890255572,0.035609848891909206,0.032958156536638444,0.09386827983163158,0.12063320433066782,0.10123378786231764,0.10343431686381244,0.09696720819612542,0.09487300846134017
0.05456715520825344,0.19354002839245465,0.12039980474621835,0.08558882320105025,0.11106076703158228,0.07372829460206712,0.11071658359861347,0.12557457677989767,0.12482396643986271
0.06515017234728054,0.055859135659275604,0.09219421068566082,0.11801568166771163,0.12764425627225606,0.15520617517169424,0.11911494514528805,0.13871922599257394,0.12809619705825903
0.2419858953456023,0.10044112672520021,0.0712778904893607,0.0889302313283075,0.09378624702661988,0.11365785554497947,0.07468207638170918,0.09326100291812382,0.12197767424009703
0.028269002940223192,0.07067018370635791,0.08546220297433749,0.1249152970297401,0.14309111987994214,0.1603926378835198,0.1290802921675293,0.11063404117445502,0.14748522224389501
0.04814174604355085,0.13005642341769508,0.23242155324365446,0.10337598996448139,0.1144188482316616,0.1551838375220712,0.07730860824769231,0.06844011453004993,0.07065287879914321
0.24868841694184798,0.11799346618340573,0.06012353707796142,0.09013757537168027,0.08288098354984465,0.0661882179866805,0.07359258367980569,0.1631348761270696,0.09726034308170432
0.03105243300933236,0.09113615814797033,0.08657283365114604,0.11571949848075495,0.13139531317100106,0.14034982945704186,0.1246163614411921,0.14953977185680578,0.1296178007847556
0.06667318147252116,0.2454230517569943,0.09886710447161379,0.15014232926896198,0.11268578066823727,0.06109983070132161,0.07934869228822473,0.0703917485690689,0.11536828080305626
0.03347485377656517,0.08528833763580856,0.057076129487986495,0.11647483182824238,0.12814727582379473,0.13747593145081666,0.16224347369955597,0.12360170526031966,0.1562174610369104
0.3502761047662764,0.0855301124764843,0.061933985287769396,0.10479179880835861,0.08696467291751715,0.09459004806812106,0.06706719340575636,0.07291222485811552,0.07593385941160123
0.07822116041100259,0.03895078410540564,0.11443713138229371,0.11513801291279831,0.14641028315477478,0.104278363374451,0.12218319588445815,0.14573616086435925,0.1346449079104566
0.019662469108502778,0.06798979741796059,0.3464224681636639,0.1126879830848782,0.09854551217383711,0.061794567658739745,0.1044660134754747,0.10997858312065763,0.07845260579628531
0.04015268226274011,0.0866763960276219,0.08195427784405059,0.11153103451817199,0.13697587046234302,0.13896648641787987,0.1306392054734223,0.14665257865049702,0.12645146834327317
0.04075874331481494,0.08181766545280145,0.07531574258328326,0.11248679928906324,0.14039571799382825,0.14570338346778627,0.13530360995952717,0.14735369291792186,0.1208646450209735
0.03915769359833889,0.08736928764234021,0.05705246170089665,0.1350063901881522,0.1534565527214687,0.11010957502241676,0.1323536634140693,0.12830309933753883,0.15719127637477853
0.04408725283666012,0.11842073803176628,0.06519006695676881,0.10829529966515239,0.12772574917595636,0.13635986800191882,0.13060922692811217,0.15229705314145883,0.1170147452622063
0.02726964902622847,0.061894526246146366,0.20009261065734896,0.10563290037568744,0.13426537744597297,0.13062182371058448,0.11356716475950691,0.12154994866136987,0.10510599911715453
0.035178558784071896,0.08608124042477451,0.07422660212661593,0.1348960544723542,0.13706328673411258,0.13240119352486956,0.1332210307276341,0.14528408078429234,0.12164795242127485
0.03079358464970618,0.03456864772549231,0.4271023623051347,0.12869060485439632,0.07078948065535341,0.09647419893491053,0.07818774249290339,0.06444506476125812,0.06894831362084496
0.07064845367760875,0.08251240469140671,0.07395591589572054,0.11618175140260134,0.12848918687806865,0.1283966542284718,0.12766438437491276,0.15692218919898968,0.11522905965221976
0.05568179848675714,0.07031913585056034,0.09165249189697543,0.11855684373766646,0.13528020761358736,0.13095022464652306,0.12116660175856249,0.15534308949218792,0.12104960651717973
0.033722895804324075,0.07785075057152933,0.06472915725596158,0.11130274944743979,0.13113500947625142,0.11684010915776193,0.112265659287855,0.17011875268079535,0.18203491631808152
0.027776089759519524,0.25301613418219066,0.11973534488808046,0.09573583184956001,0.1171162985564083,0.12828634071134887,0.09300715168614278,0.07432947842455977,0.09099732994218968
0.06265020876064126,0.1265206220019115,0.11401629850303789,0.1175653717807047,0.11894470890898123,0.12020876494589372,0.10630950934228672,0.1384847814545276,0.09529973430201538
0.12907869102199873,0.10647312256596964,0.1596346043918725,0.08606383408267256,0.10037477272682466,0.08081890400229036,0.09644536785607911,0.08592553516672445,0.15518516818556802
0.04015268226274011,0.0866763960276219,0.08195427784405059,0.11153103451817199,0.13697587046234302,0.13896648641787987,0.1306392054734223,0.14665257865049702,0.12645146834327317
0.11007885615685391,0.060393228074451466,0.26814391635146495,0.10887814990970672,0.08454238882482949,0.09511069178910465,0.09345947591680072,0.10116751297914446,0.07822577999764363
0.039362286275824394,0.22723782442809623,0.06901016779158059,0.0998637007513181,0.10355918968887134,0.12651838158248527,0.1037723872561469,0.10306183953756365,0.1276142226881136
0.10266285001239235,0.14878147583180645,0.04448291817335326,0.09376517765260652,0.11181102872336608,0.14917974582941343,0.1145864991492039,0.1050995357265297,0.12963076890132832
0.13133340211001476,0.3838536520577977,0.01349440377455338,0.07439412006689204,0.07321720827176967,0.10629745893255847,0.07956548395554604,0.06081449197846514,0.07702977885240277
0.054088371224540875,0.11602517199217822,0.07750190837968504,0.1160036472908403,0.1267971329008308,0.14045455480761238,0.11422005116745415,0.08523357708283402,0.16967558515402412
0.04015268226274011,0.0866763960276219,0.08195427784405059,0.11153103451817199,0.13697587046234302,0.13896648641787987,0.1306392054734223,0.14665257865049702,0.12645146834327317
0.029999960826452413,0.08524161238702728,0.14980510337558958,0.10675448436502259,0.13247328509594247,0.11899337670933001,0.11917200773956128,0.13414333857152502,0.12341683092954937
0.051144013006280555,0.09358786321924957,0.06701195246248937,0.11170421539476609,0.13026600399972232,0.13403860620120694,0.13485251402372622,0.156941449446275,0.12045338224628392
0.10186526349659412,0.13689661995058675,0.1698868632395615,0.11746898531878476,0.10356167859174283,0.11300823644471271,0.08115762991051652,0.08507496963186618,0.09107975341563468
0.06495706226489387,0.195488901668153,0.046543304120737004,0.11447590835119009,0.11810563643794302,0.08824020094566509,0.09316337617857963,0.12739653506759843,0.15162907496523992
0.13717750469184772,0.07101165595152674,0.08666979223391887,0.10028642069702831,0.1163333581037234,0.15375175175405287,0.11134612384206706,0.11374719770904979,0.10967619501678516
0.027950333360295662,0.09319127129177594,0.07546426243859072,0.11315269176848468,0.13942288582315807,0.15675846463492624,0.12810641442860835,0.1249144977922303,0.14103917846193012
0.09586023054086378,0.08993037316870978,0.08731157336139674,0.1116746844106143,0.10834407964031599,0.10980125811781294,0.11585065870457517,0.17112427675234332,0.110102865303368
0.08107657589972087,0.1517201538208986,0.04976891852486657,0.1126945816392973,0.1370247061535157,0.10399936218594535,0.11079810756734353,0.10440710101606092,0.14851049319235124
0.03847293884318681,0.06236095623670251,0.10024211726043086,0.10132674148571834,0.13058069402209307,0.12833230960559086,0.12834218303701633,0.17059487265999115,0.13974718684927004
