0.08837682345452713,0.02651970078075878,0.08460694017418109,0.07158393181470954,0.06881418350110573,0.05671038436933287,0.47971349061015855,0.11954786680468349,0.004126678490542904
0.16010169720569434,0.056103762427331894,0.10158256430450137,0.10739285373877601,0.20202462428276435,0.17521455625801816,0.025758330581970374,0.13772045520248774,0.03410115599845582
0.13419442821211341,0.06792772956964414,0.04993639151921797,0.14515725619459277,0.1616942711787792,0.12007313438750294,0.07288932906083186,0.14584057871179978,0.10228688116551786
0.15403100587910398,0.11926457599542656,0.04253037647109977,0.06203877614566162,0.24258512912808938,0.14132667855839556,0.018653283231678298,0.13469849583781238,0.08487167875273244
0.1702617271489775,0.04496890708077083,0.07126926386725328,0.1540814082033504,0.17639616063311028,0.1322318824040887,0.030621341637149926,0.15940598092922195,0.06076332809607712
0.0839942836571535,0.042403926629910126,0.08337985771130763,0.03450795877785698,0.0749318978324137,0.25841814847628664,0.2168409727788754,0.09308663550274814,0.11243631863344788
0.08271471003561187,0.03645197994814588,0.01672903186050521,0.2625027581901831,0.08165036583924076,0.09008392112076058,0.29222567011104406,0.07740909065508304,0.060232472239425516
0.12872187671963872,0.07457855125094914,0.09020222394642995,0.07159509130604465,0.2556179129475264,0.11502184172333108,0.008106161996338564,0.13879430942421497,0.11736203068552653
0.1867356413524658,0.04988116708520605,0.11238926705862325,0.051803192182298174,0.17329894863695108,0.17909662357929687,0.016354147930855652,0.10237727413090847,0.12806373804339471
0.12505666532693946,0.0524235112505074,0.0505913571656667,0.07004457894267001,0.10425764921139019,0.20293289970699643,0.06227960452300691,0.1820979688049006,0.1503157650679223
0.09188240393648073,0.03205176864147056,0.03339047227409923,0.09771506952366367,0.08339597493809703,0.20215224003786492,0.2157130249985236,0.09297950330242906,0.1507195423473712
0.08523591153109562,0.016801133166767342,0.06372630101220804,0.22220154143423612,0.06464373678625494,0.16904216445870293,0.27647917841792236,0.07476507027398382,0.027104962918828874
0.11993499821773024,0.05157322690940352,0.048950614755328574,0.11129124323036786,0.09637414957319106,0.31729112036361556,0.04778355333540681,0.11600144500205782,0.09079964861289862
0.07799161124430803,0.025438561820922065,0.0351104166936296,0.0439813281805251,0.06327254565667044,0.23021429222778308,0.3791898629730337,0.06755859243346375,0.07724278876966427
0.10135050139417788,0.012531041463051146,0.06409424909507679,0.350143206784991,0.09600187694537694,0.15476436750050968,0.008799571868431642,0.10240814219205717,0.10990704275632768
0.082768839257861,0.144342134513103,0.024656416735067438,0.08660195475381299,0.060471792486500954,0.1808718865922138,0.18812883602723426,0.06874116928794398,0.16341697034626262
0.06967705023410253,0.2308591088460403,0.09761134309360463,0.02022764034808198,0.07296314442282603,0.053811643061797,0.3814920210525244,0.06263174078674212,0.010726308154281045
0.08446207107472996,0.07319330665523599,0.03452015178678564,0.13796395582917448,0.10995832623472028,0.2097426925457947,0.24063848261388063,0.057031770688415966,0.052489242571262335
0.1459184003441576,0.07667134827550508,0.16317927505437493,0.08659917130702245,0.16185564329521346,0.1675814017853878,0.02046345492330814,0.14935700979045682,0.02837429522457374
0.12833698923344183,0.03832564271674067,0.04712408724186743,0.23513684951488634,0.11705835066793592,0.08348306239396236,0.07709997963752331,0.13981082458543093,0.13362421400821115
0.10182568441581417,0.3216190029992126,0.12677069437920876,0.04458878835726976,0.115235522486073,0.10492674473270107,0.06546674812764625,0.09426782350834194,0.025298990993732524
0.07111791683206851,0.10704269185147701,0.05576672338188989,0.07004980330582748,0.0662253403698521,0.12272273850220218,0.402084831726508,0.08608951124529722,0.018900442784877555
0.1249778358629254,0.07136891161326872,0.10797649482296011,0.16217689908422236,0.14604281798250152,0.24015658144416785,0.010865978387577484,0.11423369920808908,0.02220078159428751
0.07003254408554362,0.0784181274515218,0.018339110632849997,0.30411627866318597,0.085825172705232,0.1174580268767621,0.20113565528664204,0.08922090512530341,0.035454179172959094
0.13355459432208205,0.11587329110938416,0.05447935542312854,0.05715511646094076,0.101395305281402,0.17207704591412334,0.2015992929524092,0.10612468766298298,0.05774131087354704
0.11096542169349995,0.033955577060730276,0.0479744703706372,0.19765270299259682,0.0823722535104489,0.09482909503157332,0.33059083084910285,0.0772266498772806,0.024432998614130133
0.094943577927317,0.2080674662272167,0.027803746953631903,0.07669530979138346,0.07055297673619858,0.15798919227892275,0.2670143944936075,0.06476491369366756,0.03216842189805455
0.07642736068855628,0.0527419053959556,0.3866416243497823,0.11757335025647357,0.06504361797182685,0.10600439243548299,0.10679960770634594,0.0774548001721664,0.011313341023410006
0.1343068541051207,0.11500042784289821,0.041068605000520564,0.06750883318704824,0.082517700490829,0.16131529109276685,0.24438420458282054,0.1121883734294819,0.041709710268514055
0.09574288652535136,0.11753877724837743,0.050475945209426186,0.058598644416109645,0.09068514308737481,0.2096479120842479,0.3024076982920319,0.06499781952412444,0.009905173612956225
0.11334458911240053,0.0866146424395412,0.048897628281787765,0.10343962333408352,0.11419257991329568,0.18135358062125517,0.14147436819827242,0.15166581097123522,0.05901717712812853
0.16254061925143268,0.06920424541298202,0.07012834702071354,0.08104556483641777,0.19499208358314438,0.1672624304034667,0.022502415951570865,0.18231500385636346,0.05000928968390863
0.085077879121961,0.3205316554421941,0.2374281534806253,0.06998700077715138,0.10053919432115503,0.06748252375072968,0.03989489680765717,0.07364207783729147,0.005416618461234937
0.06877618888504977,0.03269960893773014,0.044770907896397705,0.14716350259850783,0.05044998559955146,0.11830863329522089,0.44025750722509843,0.08771801837959474,0.009855647182849037
0.1174664095353498,0.185828729138637,0.03361643849487465,0.11734110643110462,0.051760888581784896,0.25873757929415825,0.1430978849939879,0.08083905223300912,0.011311911297093845
0.13428856841416678,0.23779143091293106,0.02481855554814401,0.09617135739546352,0.0667957182014036,0.14288473774653274,0.1681192002312583,0.09578244233460688,0.03334798921549308
0.07994282792676954,0.015591917559613378,0.05062646594197478,0.13312844538291715,0.11409531256573545,0.10715495019560166,0.30822968994820527,0.1081304284640109,0.08309996201517185
0.11417651932900728,0.08756817551183431,0.04169286403785852,0.12377450721076945,0.0865668723870502,0.12643446269663536,0.17764612139664457,0.14088039475967382,0.10126008267052643
0.1271709453469723,0.07562729343256555,0.12141043135901523,0.07872543020675415,0.1277085914068411,0.24212902320381025,0.033380585368693504,0.13699780094991645,0.05684989872543142
0.07936959075220934,0.012538538188138777,0.06768010860536298,0.0640374797395929,0.05105083367257408,0.23653519273454046,0.32803982195447007,0.08953788527013445,0.07121054908297689
0.11887010112847306,0.04794297939978201,0.07860786098814333,0.12156500843721375,0.14127911507934215,0.18309250725484205,0.09639203232233089,0.13182306303483118,0.08042733235504163
0.0648894630191142,0.07756165722588655,0.032184605997818354,0.1015846480778848,0.050441734354078525,0.19758493177682013,0.4037220756154269,0.06261691928753844,0.009413964645432232
0.09595617801562979,0.21070647409909485,0.03912062820096281,0.03609105847193464,0.08611592164510162,0.2241258378031005,0.14218252552572863,0.14338586705775522,0.022315509180691907
0.11632091275534236,0.055031825137350165,0.03922140860545401,0.07284113685884876,0.06656316621774226,0.07721138645870183,0.4675369339449753,0.053939055125687,0.05133417489589843
0.10497053247289295,0.15285485928039586,0.10154635092803349,0.12357554494651683,0.09041077756663364,0.23658321738674068,0.04345991064671315,0.09336837118961565,0.053230435582457734
0.1296742412649703,0.18248624699129676,0.03018268521168438,0.12074949342562957,0.0828595065941089,0.2253365524851981,0.06377841100984054,0.12589032548757795,0.039042537529693534
0.13864530785112217,0.05174602942952224,0.07743626302924063,0.07005286203160055,0.15234582503540547,0.18931257541052168,0.012792091700090534,0.1906825281804511,0.11698651733204563
0.08771784712855424,0.33429978942604516,0.041063786041612385,0.05372659603736888,0.10199854076647635,0.11224994447419138,0.10551203431798352,0.0791119655493799,0.0843194962583882
0.10613640694256095,0.13078211054329755,0.02862067600459008,0.0655815185456306,0.08555129601005572,0.13405217775214565,0.2627677968601356,0.10720836691771579,0.07929965042386806
0.10204289498043824,0.0656841127286571,0.06436837725196902,0.16859474172364664,0.10369537787579221,0.240152130038063,0.09514187321644552,0.12620340131954086,0.034117090865447376
0.07994878487106549,0.036400469257639956,0.03349245374642052,0.06925922766588823,0.05207690739799395,0.20144722608987384,0.41717992216337074,0.07852594993420445,0.03166905887354296
0.12020421160009871,0.06137594289121578,0.02670557850820628,0.04112111821690482,0.09556557078904317,0.20317458408936143,0.03433979641836409,0.15623827131031776,0.261274926176488
0.08296120386031915,0.5902287760701906,0.0764631035348566,0.032132947383114244,0.06385342656392147,0.05887711265356076,0.019274195387679143,0.06957213402212443,0.006637100524233657
0.09307018271452912,0.2755816346475399,0.04623941438846441,0.02869430616883038,0.06593999237493922,0.10185640902539832,0.3098086983852937,0.06916045308233078,0.009648909212674285
0.0770821552866968,0.42517126277453593,0.17880215479130568,0.012789048318022389,0.09964478536481498,0.08062105180184723,0.035367485264110425,0.08053014903147836,0.00999190736718814
0.09327394309597738,0.12251717452277973,0.042576605145040226,0.048524643952939296,0.07155418688108615,0.2114362482249562,0.2993934559769517,0.10553712268136466,0.005186619518904661
0.06089592937935909,0.3580381982064324,0.2304347649129348,0.014341273767679352,0.05568029641635899,0.07411741280584609,0.15645007179816167,0.039719898868856074,0.010322153844371629
0.061675180051429024,0.44465853149144996,0.012993509755336736,0.05579481602355993,0.12843844586791328,0.08467363622607782,0.09478253936968901,0.08752588249606218,0.029457458718482096
0.0922656012048187,0.04712078726951182,0.021280266046999795,0.047517238465161114,0.057381389652475016,0.2078379496472801,0.36384197376010824,0.09458761519096433,0.06816717876268084
0.13726992301801844,0.06787527051082946,0.038783412738737436,0.12745102782589288,0.1578490658760772,0.13411565818915808,0.07786567239723312,0.1847122248100356,0.07407774463401781
0.08958867471596658,0.0548007490189979,0.12265598445149144,0.12518441941550598,0.07592999639280479,0.16188908818454087,0.28111524189410014,0.06973220523380338,0.019103640692788918
0.08313556171874903,0.0684211448876486,0.03065168352340855,0.1410036707466864,0.0485070815075754,0.04936923482432489,0.3660889537500882,0.046038768361407155,0.1667839006801118
0.08044339882022374,0.008232615990915916,0.016228860929451538,0.26039733701305007,0.14042116963134255,0.0939253112359123,0.07745387637710721,0.045553526958411535,0.27734390304358525
0.151331512206578,0.0684246078568247,0.07648881710828966,0.06370944343476338,0.172632415138278,0.16495593418550433,0.02786635351483505,0.2031153713127866,0.07147554524214023
0.10516422470431365,0.08143046919053122,0.05481616648562889,0.1912679603508852,0.1294380583866565,0.13009263224562453,0.15874092467872944,0.10851712713908651,0.040532436818544106
0.18208345360014863,0.04623154721987179,0.04875656348252492,0.04539673962143615,0.2440154798778187,0.13746269355690477,0.0324277970468084,0.210940016799098,0.05268570879538862
0.09701326402181797,0.01959857000471035,0.18695594967895532,0.041511054201321285,0.060484803248061624,0.1893673037768365,0.2467867510835057,0.13000908278760184,0.0282732211971894
0.08767993947704202,0.2761394569565473,0.2372991544809451,0.05747968701413,0.09243480672950789,0.0806765636404904,0.042010052205329274,0.10554560435979125,0.020734735136216823
0.1152157683342327,0.038733826326565135,0.10618828835577772,0.35876416177135323,0.1600445887828396,0.08291174891854101,0.008373996087024377,0.09614916777455373,0.03361845364911246
0.0932828917758849,0.055989617973206875,0.04200652523491096,0.1470864128481779,0.08209697860639409,0.08938034650917803,0.36743366635779856,0.08441648887372506,0.03830707182072373
0.09999655765341935,0.17140641611320243,0.3235751516466571,0.06982561116002312,0.09827019833831478,0.07355152969988517,0.06747777568986048,0.08217322363044549,0.013723536068191981
0.08320728653995714,0.06889073484329761,0.022427289634139633,0.132947492987872,0.132896934659577,0.17032482289236964,0.3038736819602127,0.05705061703139763,0.028381139451176596
0.14043683724829684,0.07518979566032218,0.11646732817768407,0.11262554830258831,0.181005495670391,0.14472633842375948,0.04151090864874219,0.1413198114939156,0.04671793637430033
0.0940237996890706,0.22413587905041457,0.24982141034898042,0.08852965875253462,0.09687682452250053,0.1198241912092655,0.031857179892382466,0.07957847810443164,0.01535257843041971
0.07253277023365516,0.1630020059989977,0.024039020360164576,0.12455205180022222,0.06433872420263406,0.10835710416344953,0.35960628285323293,0.06611830411447674,0.017453736273167084
0.11113848459182528,0.04491190045663912,0.06363022434035034,0.043510357849713376,0.15463541342237905,0.1584468370190681,0.20180327542580245,0.16127413799217358,0.060649368902048716
0.14002841804601332,0.0609892205753406,0.048288161893594944,0.12931180074820006,0.20713308058805743,0.17926992482646678,0.029369048602096836,0.15065888291257964,0.0549514618076504
0.08677051677459424,0.1052008025963843,0.04142559779457972,0.08479483954938864,0.09163738701781565,0.15696600858870627,0.30347581053081485,0.08294670912683166,0.04678232802088474
0.11680556590886713,0.04310678244651219,0.0654059645470576,0.1665506310434891,0.1014321149938225,0.15773633706176698,0.09801937209108229,0.14603101032243396,0.10491222158496827
0.14339044236938694,0.08998933629095977,0.04915670554793694,0.08082361209809863,0.17042762161526792,0.09157451972552717,0.1272148543211041,0.17320657653030416,0.07421633150141438
0.15589870961790522,0.044524671074125756,0.04902628945669831,0.0645585794867316,0.24011666921194427,0.12261623349919337,0.011170238937839083,0.18069770830005547,0.13139090041550697
0.0726282569592816,0.09075729246445596,0.0142495162638484,0.14358905551334467,0.06295078721828837,0.09223902502476143,0.3631653681513609,0.08238749346718764,0.078033204937471
0.11865084866552432,0.07473922537984183,0.0925705835788836,0.06075585958065793,0.09007815523151834,0.12726447078249736,0.16701303573286785,0.12436993641331828,0.14455788463489053
0.14958995768059777,0.04569403729649315,0.08060611491640719,0.19017692310770729,0.1526745989075752,0.14533522778285948,0.01968293364849596,0.17200838846046626,0.04423181819939772
0.12418520851700877,0.052136702565943605,0.02417783989366774,0.05886165568612809,0.08697505000208962,0.13877511721557337,0.17002523583426968,0.13067767517293694,0.21418551511238215
0.14752415792882698,0.03556386795868249,0.057890921935257245,0.12480134236320688,0.1842228615640137,0.12789003882895983,0.030347874988272346,0.1365558121510251,0.15520312228175534
0.11121217399177309,0.061339580681419946,0.212291555749385,0.0981258813070335,0.10753572887532004,0.2255115884516554,0.015533805338243565,0.1106402145352804,0.057809471069889005
0.09180134862289395,0.021046888703819617,0.07194839956772943,0.1920132383713862,0.06670488979422219,0.1051631003501269,0.3505122692964937,0.07841086636182919,0.022398998931498815
0.12418520851700877,0.052136702565943605,0.02417783989366774,0.05886165568612809,0.08697505000208962,0.13877511721557337,0.17002523583426968,0.13067767517293694,0.21418551511238215
0.15374046600953115,0.07186526015048485,0.09004649443044031,0.1017534443528693,0.19912127961595116,0.11782963417074259,0.04523989720252827,0.16032976356563014,0.060073760501822206
0.05977470998851101,0.023328779090002815,0.03172144461929658,0.22923092048479463,0.047976228148708444,0.1877100296058206,0.3530877580898201,0.050854159239604825,0.01631597073344099
0.08462740870536951,0.05869627340378663,0.10632774683105993,0.14659235139519589,0.09992664577686428,0.06429596094679506,0.33842441465874024,0.0756713107089127,0.02543788757327586
0.11085491854647221,0.021323788253555614,0.05467787631641665,0.23036388827737966,0.16474792436022387,0.14770425534412757,0.02948651651741462,0.15783876561250598,0.08300206677190382
0.09813712963192717,0.09566241323439854,0.053963733453930685,0.052309815451486635,0.10975000158079583,0.1579680993893581,0.1589883052706033,0.10820386071329187,0.1650166412742079
0.05948234814689193,0.20898115622442656,0.13232035382019816,0.06892794363085548,0.07342466755888684,0.18296743217389425,0.22591043025563295,0.044254050915447395,0.0037316172737663724
0.08435743067220179,0.0350281376743683,0.05102696693523498,0.041890720279136796,0.10465293928950815,0.18264770161909552,0.35078131252816824,0.07052994590369015,0.07908484509859602
0.17177176349277376,0.11965238407525285,0.09104351184129084,0.04633181582930246,0.14416381058357672,0.15311216266809724,0.10034008294500486,0.13459178961943774,0.038992678945263565
0.08477419505042433,0.07753421614431039,0.05006264511586905,0.15485661277468385,0.0922885372130325,0.08523544265366782,0.32456213931262995,0.06865421235729383,0.06203199937808821
0.130219450579192,0.060048576215056826,0.12764066735285554,0.09888544103595537,0.207344351650532,0.11583642379051218,0.0652199454587372,0.12028889508073148,0.07451624883642739
0.12553687276881131,0.03552304001066025,0.054782480244747835,0.24772507822041742,0.08076471871302422,0.1960585795257018,0.062259385756989326,0.11604613277459065,0.0813037119850573
0.1010433193195427,0.04655674911376325,0.07147124950397923,0.17867854148086848,0.10246447189943518,0.23899727556536118,0.12878827344780994,0.09182918161705662,0.04017093805218347
0.15988335311854363,0.05502484486737558,0.0908996417520465,0.05485212738069464,0.18015589254591227,0.15607484535784147,0.07871056567396766,0.17495913810365726,0.04943959119996102
0.1528513515422338,0.11833316004337507,0.09781794742286465,0.11852075481100315,0.18366693456729813,0.12006281923283091,0.019683276066756277,0.1427149196665614,0.04634883664707659
0.1412814658312928,0.04708343911079479,0.08790358708039843,0.1567788720900892,0.11594014132913218,0.1508495376489302,0.058026908952284524,0.13495385279237482,0.1071821951647031
0.0758644527871548,0.1108036684806493,0.0942436954424744,0.0719272106637157,0.045207667677303186,0.12173260352200221,0.37719715456846076,0.05653351360671912,0.04649003325152056
0.11926598500383477,0.07058537056094727,0.05371122547684947,0.16998119697468483,0.1035753552669079,0.07695094198354534,0.07090724995435511,0.11529169992173083,0.2197309748571444
0.11012332253705166,0.1752772024086976,0.3319181327988468,0.04659064465030474,0.108278456799439,0.09060681015069379,0.0074750659676738425,0.1086808768678228,0.021049487819469737
0.05683893873967544,0.046834341968282595,0.016221624536951043,0.07332935441123531,0.05219593124134905,0.19233553314443017,0.28804094027465793,0.061731122390635905,0.21247221329278254
0.07739156787508947,0.207473007034069,0.0737449261909666,0.03559943894938001,0.06286146551664401,0.24224561279066836,0.23796929857460677,0.04903895555446261,0.013675727514113204
0.09829922767995669,0.12196832035881422,0.03712916770001557,0.03214319335296301,0.0739220384019826,0.07798639251187385,0.41715958796442615,0.10645028211841163,0.03494178991155628
0.13095757491291707,0.04051848757690497,0.07955379601049088,0.07532066717904211,0.17231620420110705,0.19009187518166834,0.051496755127874216,0.16379279341058722,0.0959518463994082
0.14603625576682092,0.05918276388379542,0.08635818367820032,0.10875551184485377,0.16158342675983284,0.19200609297771173,0.096476817340446,0.12681598222977652,0.022784965518562465
0.14974332877310093,0.10264105574650967,0.05265267785070762,0.10690018376929251,0.10282464869758974,0.17103938757233247,0.09446966349926338,0.13194926196005152,0.08777979213115217
0.14064646500946787,0.10520394455368026,0.0263639687237134,0.05876261960550295,0.12368963328786896,0.14991403721651264,0.1272612928271777,0.13357585070224876,0.13458218807382746
0.14720158688652582,0.04881428545914094,0.10951909718899007,0.0906750585359134,0.16256910739339786,0.1625112999291016,0.027305964221132673,0.1750902416456662,0.07631335874013145
0.0997706843634248,0.08041516502096875,0.05167128536399146,0.1113319856790137,0.12776309028091615,0.26869097961909855,0.09254975651055541,0.1326166653704929,0.03519038779153832
0.07268511153996306,0.13735970021469388,0.05798620461641407,0.12753317219406576,0.06723539110425242,0.10831700549320326,0.35869750183739185,0.05933321345987916,0.010852699540136563
0.09671609518349518,0.22653758849757288,0.2638102322391391,0.06215543978453733,0.06409119965447808,0.11185803404888328,0.0683848466805456,0.08545015613964962,0.0209964077716988
0.11610528620617255,0.10902922069841532,0.07252862909064875,0.12027481843760988,0.15160627238385907,0.22922662363819768,0.06927125303033227,0.09069744706857458,0.041260449446189916
0.07013221884407249,0.026581239502789428,0.043292001991227125,0.3548316030058469,0.09428196892729884,0.04535795721083741,0.2569186681792355,0.07524335348502116,0.03336098885367124
0.10829701640726401,0.09713914367919234,0.04016292705389644,0.24497081576741075,0.14072531873808472,0.16078765630267142,0.03493228592474663,0.11364148912759875,0.05934334699913491
0.1640714284762441,0.07504456423735247,0.09005002810481633,0.09201856249667456,0.18524659069887325,0.14836326390990565,0.012618238433807376,0.19402050762685372,0.038566816015472634
0.10201022976566514,0.2718785937675811,0.258691131681287,0.022154411094712015,0.11644980322726993,0.08864093409177094,0.03154357565961712,0.07084997207272109,0.037781348639375836
0.10215145533924631,0.17150042380480454,0.0746501077687939,0.10852640405266446,0.10337238660939295,0.12535538760968964,0.15724880286278034,0.07605878392066748,0.08113624803196041
0.12866781491426427,0.0658468111141065,0.0619068437383897,0.10148316004874987,0.1592668397405546,0.18002374588380265,0.012398159486265369,0.1646795833999795,0.1257270416738875
0.10060941464656731,0.17508966347493926,0.06400830916928464,0.08763297249639497,0.0907553103860073,0.1269775044927484,0.24933255557127051,0.08167310920946685,0.02392116055332082
0.07896069799096221,0.35142584588489373,0.24496219949769024,0.050044058831080186,0.08723806698814006,0.09326310715428728,0.01489927359930184,0.07161558077369266,0.00759116927995179
0.10816402676987048,0.29050036596286527,0.2822820120931519,0.04149296700212591,0.09852399018612883,0.06646599619304838,0.01860041634890521,0.08359779662420797,0.010372428819696047
0.11338186951804823,0.07561928836571065,0.019123932888168698,0.1578196230194385,0.10036667029967118,0.07216816573484784,0.3039632183359111,0.09739553310630888,0.06016169873189489
0.09487674156025279,0.13436549006847717,0.03128882957314402,0.041996530585219106,0.06931490672074248,0.15106989721315708,0.2706817158892928,0.09765946715400635,0.10874642123570821
0.11166722027109872,0.13522708059451166,0.02647757544734612,0.09554037105070483,0.10799177424426948,0.18426276451136656,0.15481264865770655,0.07790535180117601,0.1061152134218201
0.10361511413993711,0.1527866054363716,0.35499706523206404,0.037577356781924844,0.10940478620119354,0.08507366107570309,0.016474911289196516,0.1103337470120594,0.029736752831549817
0.08379137123278228,0.24631531429006023,0.20889395953981485,0.03772975337285003,0.06408371619966276,0.10035029379634913,0.1252243510948236,0.10147145005029841,0.03213979042335859
0.12474176746289783,0.028595844319294923,0.049056236840265256,0.14239309862538382,0.11748238884755856,0.29221909458781076,0.005325560827095842,0.12673458104421179,0.11345142744548131
0.12320312768319337,0.09776534632723337,0.09467424555096955,0.06311192975891099,0.19361749539754639,0.12477688212545553,0.060032954352518354,0.16491267243597002,0.0779053463682024
0.13445564713341285,0.06160073984908881,0.0835113247589034,0.29644718328403163,0.14660395882003344,0.10227408322510272,0.03536318260609469,0.11458273944576684,0.02516114087756559
0.08656933384301584,0.12812094423365364,0.07163998048755536,0.05874000769018509,0.06680953670128549,0.17373760241105798,0.31776587323755173,0.0885036904979496,0.008113030897745217
0.14223506337530656,0.07153903195800955,0.0714836640624293,0.06789338517403659,0.12144004688580425,0.10056007762476131,0.2580195258899869,0.10232404929055432,0.06450515573911121
0.0896208963598991,0.35199612513645645,0.07176135833696233,0.07707504322940677,0.09394637894899122,0.21060794933577354,0.028710652312331723,0.069304314317281,0.00697728202289784
0.10621755530725009,0.06378493657618141,0.024784650830706786,0.015939752957415853,0.07897829625055984,0.07411510491971791,0.42056775128228385,0.09158048767329414,0.12403146420259015
0.08957141568008646,0.314136585134696,0.2928547569600434,0.04584894895819432,0.0902179481822407,0.05404647872083257,0.028246570427594247,0.07542362974320187,0.00965366619311048
0.09534174949063738,0.15329060341460973,0.3172859491944669,0.07647684382834517,0.08028096935598632,0.1450744200634003,0.04436184764169654,0.07717475819803377,0.010712858812823836
0.08623412950723863,0.058381009862757016,0.045904075648750396,0.1474280171113092,0.07161684579177363,0.17744437469858845,0.30066888839023903,0.07587921904715993,0.03644343994218376
0.10068705209201033,0.10184796863820693,0.1344216714610489,0.04978408679013496,0.08063247960077645,0.24218455354130244,0.14995182371648139,0.10424925016473785,0.03624111399530075
0.1690133219258594,0.10191429417828306,0.03297172575393167,0.10779078195102403,0.18681175407731485,0.12667229110585296,0.037324489012754446,0.1713323155198718,0.06616902647510778
0.09214929698810971,0.06415807008021483,0.0891669360340619,0.056500030268431235,0.06823779434384894,0.13742846296596223,0.3652412262631744,0.09606190250907448,0.03105628054712224
0.15316231755503032,0.06433056658694747,0.06379556248758661,0.12082777788030798,0.19885938072016895,0.1120185681808545,0.012334915497649035,0.1584267859348654,0.11624412515658977
0.1024304350958095,0.049002775640653064,0.03293327293508971,0.18327143280326644,0.08681986902087833,0.1275011514010275,0.277615987466807,0.0831117429431572,0.05731333269331124
0.10493821960967843,0.23446983304026414,0.055360888741786025,0.05475062932133056,0.10134161452539109,0.16149839309259342,0.19528822605637733,0.07782630928476926,0.014525886327809809
0.15652980934591657,0.09345303045182778,0.06688037417662025,0.08832582289871975,0.1963331322134043,0.15326458288341308,0.020505104900517775,0.1852934762127644,0.03941466691681608
0.11299161204917178,0.09200856042241917,0.12033730172711975,0.0773292907838201,0.07148766888081852,0.11955494110426435,0.3054015398604913,0.08113334897281671,0.019755736199078378
0.14630738826851106,0.05437305762742484,0.13654225748182633,0.0895076768263806,0.13816689532779503,0.18704851060757854,0.018090179583744304,0.16657168523027366,0.06339234904646568
0.12061997778462476,0.047812204162849835,0.06235815163421259,0.18464857921214003,0.13123274365119683,0.2178258086323456,0.04731541093074316,0.16049960660134668,0.02768751739054044
0.12714866021983248,0.04333269536628584,0.0671484361312422,0.12324488434632623,0.11791240513537542,0.15586869280500468,0.042118772049383336,0.12901583509176104,0.19420961885478874
0.14186895470711294,0.062129516916388294,0.09434702629965654,0.10398380103304701,0.18527061398157074,0.11946871947621086,0.009669076338194513,0.15973910337394087,0.12352318787387827
0.10344244816244823,0.08040656267932088,0.07588787672422716,0.14748848422651994,0.0943130055989953,0.16453432970645915,0.14687831096435058,0.0981043333160961,0.08894464862158258
0.15023875193015138,0.03648070857713294,0.0920352762008649,0.15560499405415493,0.1916454965365617,0.12409692386524547,0.038788924041815685,0.11521537685279366,0.0958935479412793
0.13173640182273197,0.09133211665112867,0.061928626257099766,0.1250360731817077,0.11091695147304352,0.13130210411467116,0.0907433136124479,0.13040003349961873,0.12660437938755062
0.12532583626933133,0.0741354100992474,0.03790625042333243,0.09016312869354685,0.107569197555136,0.20294789227744206,0.07075565026804365,0.13688222730455216,0.1543144071093681
0.15555927086896193,0.09182912681876933,0.07114607748960657,0.13448130165758124,0.13933384745555857,0.11521402981351575,0.055233833164070295,0.16920500989643997,0.06799750283549637
0.0786106642944882,0.03411421973465419,0.028181811194989165,0.12038906194010777,0.06337301067106609,0.28237162650865777,0.3135220648089795,0.0605006890320662,0.01893685181499118
0.14695621386879473,0.0476081063561114,0.09612461611301443,0.10471858534145578,0.13089849247767302,0.12845381581413426,0.06251350323786684,0.1954778702929897,0.0872487964979599
0.12855556904622661,0.1853199047365404,0.057517405880271634,0.10306923585333534,0.14961501855558418,0.16214583074607114,0.06485307765293603,0.13671542111437543,0.012208536414659153
0.08738278443900603,0.11570760315075916,0.017570249095847864,0.19456528340716664,0.07905433208755859,0.19237544169505782,0.20855234947706605,0.09272228833284392,0.012069668314693915
0.09648791249997407,0.11104500262676835,0.055140751793050356,0.06302069426091823,0.08583351149052942,0.2543451006937451,0.2452745581408355,0.06916382141998391,0.019688647074195067
0.08366231451675939,0.42991841068150755,0.1891592402629171,0.04377653499958748,0.10573280583526838,0.06242964288222493,0.014598472488866568,0.06296848809739554,0.007754090235473012
0.16097136672945325,0.07065205859132559,0.09108207861438873,0.08068419877956502,0.18045699162522877,0.1469806956040394,0.008810247545438852,0.17508498830144262,0.0852773742091177
0.12083676711152778,0.03303274600235813,0.05956776566591635,0.1393917650641431,0.09439696234626328,0.14044516464602005,0.16993387964701856,0.15145669165267098,0.09093825786408177
0.06238713559410108,0.0246881245940668,0.031157882549411767,0.08481564356471143,0.053554657563972714,0.12146215406550483,0.27214234569767104,0.06702891639864232,0.282763139971918
0.08579347502454697,0.43928053001740547,0.1845343074160344,0.03296663356506336,0.09264653805893601,0.06820740436878163,0.01076280823136567,0.0710035349612309,0.014804768356635675
0.15538182153407293,0.06515681358274877,0.11493273264752613,0.04629040459938382,0.12157244737899009,0.14151479564317418,0.07423697170348752,0.13251608459507247,0.14839792831554408
0.09402308168228118,0.0541444274326267,0.0333021869051098,0.41524733344775905,0.11641617045329462,0.1221267570418481,0.035879862258745,0.10704338493596392,0.0218167958423717
0.07066229800355962,0.040337665316325155,0.023407674256684618,0.24175873596240502,0.030173514837289816,0.14532343847998788,0.2702675773788002,0.05560714988607001,0.12246194587887775
0.13202175152651052,0.04974227092469991,0.04137583399869609,0.17710651715093814,0.11172878143738085,0.2412314497718667,0.04323180785575378,0.12010957801382727,0.08345200932032676
0.10621755530725009,0.06378493657618141,0.024784650830706786,0.015939752957415853,0.07897829625055984,0.07411510491971791,0.42056775128228385,0.09158048767329414,0.12403146420259015
0.09145250273965484,0.09038460552241627,0.024874075027986817,0.0569120856084973,0.07241939958200853,0.08993600145562679,0.39822377794197833,0.122960035672094,0.052837516449737144
0.0838282205937342,0.3178230447673028,0.21932877004326526,0.08855204951307967,0.09963019542314998,0.06586333764887346,0.016225096933562697,0.0935907837771286,0.01515850129990346
0.10063696262826294,0.1823770611842602,0.08783249722227199,0.057858238876769226,0.11194291577915472,0.12078939935037954,0.21319497218255457,0.09863709715012797,0.026730855626218988
0.10076117985098225,0.02950108796346963,0.06473720466299213,0.18290089006603602,0.08853896855600267,0.0596491364384758,0.27953501733547886,0.10846364753876359,0.0859128675877991
0.13140710946334763,0.029235337457821284,0.06832096517830784,0.08671816960555079,0.18608523678059133,0.09617703357576124,0.03234135682352642,0.18258797467593282,0.18712681643916051
0.11894469653378359,0.053178542940563754,0.13784516011880502,0.024615938559969696,0.09777955396913289,0.10449297179297097,0.2690970233372248,0.09366252594390412,0.10038358680364506
0.12105977280189628,0.04923860143630623,0.1226463505718783,0.03185750448076915,0.08158837979250093,0.15007412639702397,0.24720630927090034,0.07771297053943599,0.11861598470928876
0.07656907338779693,0.04132723831087542,0.061506547073526575,0.09462548519782306,0.07408433360800389,0.10904589165868746,0.2886130795900657,0.07725516287920925,0.17697318829401162
0.10484541362170836,0.2544883975505063,0.1341940195522552,0.07156332159068408,0.08795511356705654,0.10662127434192115,0.059222401557943394,0.09403522874851801,0.08707482946940685
0.09556208323359679,0.3070108173094323,0.080597909853377,0.058249111628904705,0.06630276202749293,0.12405005444558832,0.16800897323154987,0.08414612861843451,0.016072159651623584
0.08026496991237475,0.03645320176755618,0.04538540237433339,0.18129286360086058,0.04455947862004759,0.07304754444980509,0.38409226624888043,0.05068716999965122,0.10421710302649072
0.13184586344616855,0.044069208566354066,0.06470215499386557,0.10247768264455505,0.16897440993003646,0.07591979433996586,0.01371918249070251,0.12919146342057478,0.26910024016777717
0.1412814658312928,0.04708343911079479,0.08790358708039843,0.1567788720900892,0.11594014132913218,0.1508495376489302,0.058026908952284524,0.13495385279237482,0.1071821951647031
0.07871017857016334,0.146395864877854,0.03021947934887363,0.1681284387353074,0.05839749231807584,0.0656218036940578,0.33943149044762494,0.09345967061924232,0.019635581388800703
0.0860367497873658,0.04560619003515914,0.03383972885693717,0.15873968157517204,0.05438730484083553,0.08389949070022017,0.4664038840078088,0.05419927352115039,0.016887696675350988
0.1387128286552651,0.08625503814278607,0.09018046461090223,0.1349161245327129,0.15277218913042875,0.12618275702531884,0.07459449301343854,0.1456403386114917,0.05074576627765587
0.14688222608784077,0.06502060311973208,0.04901427554103536,0.1509386019414161,0.22384024616202067,0.11698972773879801,0.009001090242868383,0.18580250537717727,0.05251072378911132
0.1726392959376473,0.016836353672925807,0.08268177500137218,0.10459830602410007,0.16756193915411086,0.07837939371705148,0.026008264212707483,0.2186628793621952,0.13263179291788962
0.10023182971144878,0.23039436835517804,0.29073928657417125,0.07031507075091964,0.09822692534724671,0.06792320777372408,0.05490145999637843,0.07539627243124207,0.011871579059690907
0.13489498648074713,0.033764206654059936,0.09412710170403242,0.1570667937903596,0.1843696539567462,0.16292395285508213,0.029130947816951507,0.12979804897282435,0.07392430776919674
0.1344166811072354,0.08874848676209868,0.027484305968081768,0.13736673518889556,0.06921730910046421,0.08630418355558943,0.3121305612686309,0.08403142818086183,0.06030030886814227
0.08287471292493621,0.23364808915961854,0.057816464420889835,0.2085569775452737,0.09701560089052386,0.15432682856607405,0.04471302147970302,0.10028954942515274,0.02075875558782794
0.11828338553064661,0.2201005902740769,0.06628855879346084,0.04659303183189415,0.10037869490363,0.22869859175218646,0.054211012761868495,0.14754827355104674,0.01789786060118977
0.13734715419410018,0.05329469507673848,0.09147241028067978,0.1363485724876388,0.17215650995972523,0.1475427934867679,0.08967088924388537,0.10799778299741053,0.06416919227305362
0.09574236961043349,0.08883734238259505,0.03518448338938446,0.04237349632716025,0.09149239038944638,0.09930778271852009,0.4078734715369709,0.11607145734692832,0.02311720629856104
0.08951927454039132,0.030401271709436642,0.02487249021378996,0.0751799244550674,0.05621507036387672,0.15068595562430354,0.3048542427734536,0.08294009594741475,0.1853316743722662
0.12025375680500021,0.03428393997287497,0.09124177895390306,0.13729230319100963,0.06698123116468817,0.26494851759153204,0.1576464890484006,0.08405537566228781,0.04329660761030346
0.0941724990948646,0.1009506017766935,0.05579006965051957,0.049221360982224606,0.08256101693717581,0.16821960527114324,0.354470832340603,0.0668316954027909,0.027782318543984757
0.14857318104930273,0.08744737892851268,0.08110809507768393,0.17979120278247165,0.18276885324239633,0.0821509589298919,0.05746923476098701,0.148564137002108,0.03212695822664574
0.12222064195486743,0.033746199948490034,0.04964093895835923,0.24319242195424814,0.13042613084617496,0.15860806365300845,0.014564262125951528,0.13551859918455916,0.1120827413743412
0.0888821729799306,0.3512718403278882,0.13851802924020587,0.04282750864656371,0.06962547057862419,0.05912814044466702,0.1552669887171352,0.07683960400550371,0.017640245059481433
0.12379534211754191,0.028919258235016967,0.14024475028823202,0.235946247608222,0.12230914259332122,0.10389675170926664,0.09441661532003927,0.12889297340407987,0.021578918724280142
0.103350662696634,0.048968006751424105,0.03712407660404813,0.15574673706491624,0.08260918561850097,0.08858976752110498,0.2514189117445236,0.0764018648170697,0.1557907871817784
0.13138109095942405,0.040421182288185455,0.09801196004821616,0.23113172330178852,0.14811630113275862,0.16151367253559631,0.019212477811943667,0.1276438119576018,0.042567779964485436
0.09061123350653676,0.3405335581261255,0.167962343962482,0.05643637199897369,0.08551272941152176,0.06993850718641058,0.049294789734060956,0.09142553249110712,0.048284933582781596
0.095841224581792,0.36483561638385237,0.20066345533502697,0.054901013242927045,0.09659500003936618,0.06747672978659432,0.011108888479926929,0.09754011138482532,0.011037960765688887
0.08534639389865768,0.020672564226089877,0.06208188750806252,0.053161292793120124,0.06336184015319965,0.2915832828198464,0.2387727968601381,0.10187353645030416,0.08314640529058157
0.10643761385508181,0.025231628401081913,0.07151981744426503,0.19804713600670887,0.0990373895815394,0.1532181598809954,0.12439157481925846,0.10609369343034131,0.11602298658072772
0.08370398551072239,0.04196546977093213,0.0753141610360134,0.1806236181000197,0.07324953210985424,0.18213234942731935,0.24387924901944025,0.08518528040425959,0.03394635462143897
0.08452634773913481,0.031202749117139477,0.023854511815339884,0.17154379928596183,0.07052976120134231,0.0678581416091806,0.3016540570579527,0.0722034036612703,0.17662722851267812
0.10747319862703515,0.053586058736244536,0.05645629558440692,0.06898959893004604,0.10859654521638722,0.1460518144914642,0.2279460918084136,0.11475693182031123,0.11614346478569111
0.18328039244677927,0.05546549224812192,0.03265669835643065,0.09093377029332078,0.1743706603516261,0.16191631707602758,0.03490008203211776,0.1656691800123368,0.10080740718323909
0.12765443591545353,0.17515901587426097,0.04765061957571954,0.10216836726231067,0.11255231531889466,0.19418435301256567,0.047035524133767936,0.14129236679258605,0.05230300211444094
0.08706479295772125,0.053196250975387,0.01860892618533977,0.07932717390744437,0.06751260136724914,0.13895106414520644,0.3584785575692499,0.08813470204076261,0.10872593085163966
0.09793527647032806,0.28209246221537504,0.2624778170287101,0.04805336357223771,0.09773013270357706,0.09238206301818523,0.017615520622408388,0.0733244183808745,0.028388945988304038
0.10225378253358158,0.029100864462205642,0.06974925928799887,0.16367481100111028,0.10667981578729561,0.19696652496567188,0.18031904386589823,0.09679916606851614,0.05445673202772172
