0.04421223875179605,0.07129519660842974,0.1287308071580605,0.1625074872799884,0.1121153917529328,0.15428385276904608,0.11687249381042693,0.11722603209484596,0.09275649977447352
0.00920539365297025,0.03210147514035952,0.09724441521345202,0.057192699374000434,0.2989504549879798,0.13533043466951214,0.14009703342636448,0.13764817871904403,0.09222991481631733
0.07321534708694874,0.07355660939042327,0.10911988084608652,0.17058174846227833,0.23823941630121068,0.048357857925327395,0.07206715342071376,0.12216831750104364,0.09269366906596765
0.01653435393032107,0.052539735594684445,0.11398979642729638,0.09594472845845015,0.22739452766163462,0.06206870282782586,0.16251196383751101,0.11499985272833436,0.15401633853394214
0.0017953698111577352,0.09071267541660016,0.06942955576661099,0.309595555132074,0.14782913063825306,0.10068921131490409,0.1335748348296055,0.06709582791425406,0.07927783917654042
0.021487981346837978,0.2752270099054335,0.08584158379718008,0.031026044711863005,0.24902370391969034,0.06254445239387646,0.0966693103633547,0.12039335739222944,0.05778655616953449
0.014436578973934059,0.11676293929123112,0.04570508254816628,0.04193200171812118,0.43601063735819895,0.05464583372215912,0.09735140350877014,0.12749101115045483,0.06566451172896427
0.049399388722851954,0.09162971065533447,0.10641342548485959,0.19796927636006645,0.22090820150170756,0.043385575435572865,0.08606327722414497,0.11799018478938428,0.08624095982607775
0.0908521835729133,0.14282366159012796,0.08274707923366943,0.10193747530332264,0.13319794236187718,0.05304848939491185,0.15519974665062244,0.13920478075408524,0.10098864113846999
0.05867459514182949,0.03822418842813954,0.09174980824912084,0.10076935128728008,0.15111067610173268,0.05933403617006547,0.10351213533612079,0.11697536245739325,0.2796498468283179
0.03281345187996717,0.08433673422225618,0.09016522543286241,0.03970969140801638,0.2891317696087133,0.0690141546097312,0.12915447850424835,0.15522544109133204,0.11044905324287291
0.02956220548384068,0.11318269261993297,0.1071030601227722,0.1310388696684722,0.15059634414300493,0.05351357071851082,0.12251483392364161,0.13196156696896946,0.16052685635085515
0.08965274552761966,0.13392275594476097,0.08451238091158515,0.1457909110696594,0.12147001352023717,0.04346925664983978,0.10079032562425881,0.142232497549999,0.13815911320204002
0.017129159674211542,0.12140263209475201,0.0769820379793618,0.031547314454725285,0.41416363275164647,0.11133993088697658,0.09310855458151827,0.06482686329498528,0.0694998742818227
0.008563371137219014,0.10755626103287386,0.09851216965835528,0.12242883942991324,0.12804613445405952,0.07029206544274424,0.10230565319623013,0.1420790888327537,0.22021641681585102
0.01981719963922827,0.22121111449148753,0.0848284869562252,0.09114039595415709,0.08773489680485393,0.10977094106860719,0.10043079039043773,0.15384615010877134,0.13122002458623172
0.027040468659636125,0.06976513745143294,0.12230229298669881,0.07502713985628119,0.25634332055808745,0.06335200044392397,0.08272812575713286,0.14755276754814603,0.1558887467386606
0.05099250959521618,0.056407081078823945,0.12190428402354651,0.06399377423652572,0.2751896753977752,0.08363935252513849,0.14170625107706203,0.11405145962928748,0.09211561243662446
0.022459958099330785,0.048961659162109296,0.10259893273072053,0.03634514898044539,0.07407901552118815,0.3635145921760366,0.11520900812584967,0.12868234993094796,0.10814933527337157
0.05973626877081221,0.042871073626433165,0.15183502286889364,0.09973353099993354,0.09210358606204366,0.08517485057880879,0.1320339409892807,0.17174473308332247,0.1647669930204719
0.02726048039238486,0.03051594047170209,0.0909508952279537,0.1406846755691343,0.12391684934356699,0.1323436694711589,0.1116973065866364,0.16027407412631925,0.1823561088111435
0.018924698413303343,0.03221384674472844,0.11174507139590824,0.021113158685895483,0.15087948224679118,0.24131153613574174,0.1296223621961651,0.14686028159089998,0.14732956259056648
0.031542295802303534,0.12002157781264196,0.08186512228759209,0.05574509414400699,0.22733969727903988,0.10824216832669231,0.12202073141181684,0.1639155748975635,0.08930773803834298
0.013163224424194028,0.04260544525735067,0.08255812620185994,0.015981329180817832,0.3517375751146876,0.13686062375657881,0.12645953985409045,0.11625583294224351,0.11437830326817715
0.019701728156279203,0.13135324007007057,0.11119185579736746,0.03224846652012867,0.19551310365046903,0.12589346917412791,0.12049337922663754,0.15187021885043847,0.11173453855448108
0.042181778875292196,0.21458178926715496,0.10247850967380455,0.05284904973820211,0.13954598318320072,0.1492621994008958,0.09840138978644919,0.1230782180241564,0.07762108205084413
0.23525082277435092,0.06233936250347283,0.13743150442940036,0.06424440601167782,0.0730269326538595,0.0355973759993049,0.09537678680144741,0.13075470924727783,0.16597809957920842
0.0380829572474207,0.05201688133862172,0.10906339487075989,0.044702096640159505,0.29262066860798114,0.06936482923508329,0.12163564154094565,0.11902708675013472,0.15348644376889342
0.0034681798271705235,0.07498002216247913,0.06167618473510117,0.17414322423062414,0.2340800714893143,0.07833527120188626,0.10108193989927731,0.08731501676153809,0.184920089692609
0.021993669697723678,0.0741647815063346,0.07180108047189453,0.05622407905633751,0.43245231341362994,0.07026001365037612,0.09971849832061548,0.10678462153471306,0.06660094234837505
0.024367511823479848,0.03344047836364401,0.08155270886442814,0.06228029911133331,0.28998889818008594,0.14229878877168317,0.1464818965124084,0.13942204031741423,0.08016737805552299
0.011537720695117671,0.19150427305716286,0.04381614432779337,0.041164005184665765,0.40605740219182235,0.05448813604760929,0.09996301608926243,0.10494334613974192,0.04652595626682443
0.03213303608145823,0.09552180214271745,0.14896664170340387,0.13664463897020285,0.1046641744973464,0.12001571324383582,0.12568276378072138,0.11632775798192803,0.12004347159838603
0.017786986051536755,0.17137097501720802,0.12529974089597545,0.07166008762623031,0.0760815373103602,0.18955844869903668,0.12404059196686414,0.13038569043722126,0.09381594199556721
0.01778044294749476,0.2063488702384937,0.11831882479688334,0.08516167085718251,0.14649753935962895,0.05827727786852177,0.10162268847528938,0.13795958938835487,0.12803309606815075
0.014148888339962584,0.051853113078475094,0.09716324257419696,0.07157363634722849,0.2267893423522637,0.08780532493923292,0.11041181298157399,0.1030053736988566,0.23724926568820967
0.04880621444267199,0.13530712576886045,0.10084615142987012,0.12387618431601549,0.11457107772384735,0.08251231315550368,0.13503094592003287,0.14842638098790853,0.1106236062552896
0.00851202962178616,0.11761618185237122,0.09764181253138582,0.05716889493356935,0.13921271673529115,0.11887920046832683,0.1539988084700554,0.10310089214312552,0.2038694632440885
0.041285848014566175,0.03947333599032723,0.11209051468316666,0.17986201653784958,0.2987701960267339,0.06738187885203242,0.07886235725545275,0.09581604754204069,0.08645780509783069
0.1081347458944859,0.07598229679974396,0.147485123346537,0.07282612209847349,0.10195871883877339,0.0766256851190077,0.17313157133385385,0.11902060643765726,0.12483513013146752
0.03531655772077102,0.1385751499518473,0.12464134296334388,0.033836408169007196,0.2861630678922034,0.03454179787995119,0.11068971443086488,0.07940688693800024,0.15682907405401095
0.026133804290072712,0.06636619662284227,0.1190062610618259,0.02599441075685463,0.23615239909262634,0.06734723440264802,0.15821439927478573,0.12338783715192263,0.17739745734642176
0.019473043871157718,0.048470271883719246,0.10129488401388569,0.16188433308114877,0.11952633167452242,0.12002914852457107,0.12773346938660346,0.16822765397929287,0.1333608635850988
0.051982760857266434,0.08458829264370725,0.12331815787410279,0.08006805774932371,0.18008872374149068,0.06523578284858421,0.10935677715843295,0.1523961479924944,0.15296529913459753
0.035901464264599746,0.03534577925017847,0.11732901717615636,0.07452912169247239,0.10720879834285359,0.27937210025819986,0.1406472841998175,0.09301313456072323,0.11665330025499887
0.04825376422886868,0.06597910480773712,0.059310927661082806,0.07469956619050716,0.4054712046384185,0.03333208426653026,0.12167088802548576,0.10194708038311624,0.08933537979825353
0.016046499616147788,0.051445644050995554,0.10735631969955833,0.028294118697333365,0.08075649473320012,0.31324458338326217,0.11194007248764619,0.12384295122691787,0.1670733161049387
0.00945378926745696,0.06826812020123944,0.12255290120946834,0.049268134158224404,0.3155101063239554,0.06715574313926699,0.12052652523241865,0.0978141444675924,0.14945053600037744
0.03666319786444144,0.03934062920648881,0.12897089542925072,0.16156595599445264,0.12985940610750016,0.08115241821986517,0.0994394690682821,0.13857397343863068,0.18443405467108828
0.056441787540167064,0.1352528964016206,0.12552571903435025,0.10408815683434104,0.09708644153746539,0.04345296823248057,0.1226690474837901,0.13994157351223815,0.1755414094235469
0.03813598828785069,0.11861623406979867,0.0680573655572984,0.052649937179412576,0.22188100308133005,0.05072906574010442,0.10445363884068963,0.14806084354634988,0.19741592369716576
0.024454581663461965,0.20270207442775803,0.08287170092048786,0.088293266613603,0.24170430850310923,0.0492406418785318,0.12652219147340454,0.10861672567269663,0.07559450884694692
0.006326059471487539,0.2825276823329849,0.06882627683504071,0.054214715282140974,0.18848269409754317,0.06338452212441638,0.06011851065157881,0.17560202277160142,0.10051751643320601
0.09932331838244796,0.0324664468219537,0.10654495030055829,0.25201779452063855,0.09478234848546518,0.06973058298978199,0.14552104013744024,0.11086274198059042,0.08875077638112366
0.016939696087963,0.032764495390757244,0.09995273658220778,0.19595803227203482,0.25340208123943847,0.07450015619288579,0.1517970432434593,0.0900749244206327,0.08461083457062096
0.05801218583951271,0.054237811399776716,0.10392121243944635,0.27116700994577797,0.08335303807867885,0.045929313847093284,0.10540899322159958,0.10980086915114855,0.16816956607696595
0.027261406353789236,0.02385192517239143,0.07491623084559855,0.11732549732270951,0.46321409321772616,0.030921158676273153,0.08792701106794369,0.10514057908881691,0.06944209825475128
0.09221040137477314,0.13612528041114633,0.09393729643068133,0.056328414393502814,0.16186742761368303,0.034514685337584096,0.10349547360315438,0.16108064843042147,0.16044037240505346
0.023160930426087144,0.036593685941537814,0.11999050446843458,0.04580516798791728,0.06735525566579463,0.26519126464000736,0.12850272839166435,0.1359924786568838,0.177407983821673
0.17049643449727656,0.23094639893587912,0.10605653990799362,0.042549628724464376,0.09065964016686472,0.07370413984875764,0.09198125528031693,0.11292828977111886,0.08067767286732815
0.01960997134452125,0.05002881449136668,0.12482744676161768,0.14721223929708915,0.03705925136269934,0.15423959308386864,0.13787829708625124,0.10154020174584243,0.2276041848267436
0.029043467154499233,0.04847342431335821,0.11141341318061825,0.059303693592881755,0.227828013236933,0.10150842606025441,0.1608033902750498,0.14594429561924316,0.11568187656716226
0.023974538257906616,0.045196699221284116,0.13908484065434268,0.07044194845757205,0.0890583154696828,0.1991833397597654,0.09430781457980005,0.1587441783574354,0.18000832524221097
0.01062186803363025,0.06700896011219402,0.1019809162226711,0.14992877016041492,0.1825626531810541,0.10363991570550389,0.14282039285976214,0.09656482314948922,0.1448717005752803
0.05339037818158741,0.09457412084453586,0.12832660554509534,0.06522594080403615,0.1042359773056521,0.13146010687823675,0.16300972273230716,0.12502290105798272,0.13475424665056646
0.033480626681336494,0.051912297771323196,0.09998333265602277,0.11576972206225834,0.3117316505049669,0.04472387965302354,0.13007768119488983,0.09975417813033072,0.11256663134584825
0.08438569745606202,0.07968396437233415,0.07001986840196527,0.16431298492059135,0.32873931501814585,0.021535540183403246,0.07641815496815231,0.09222958660420046,0.08267488807514527
0.004249429457808884,0.09361685200887876,0.1025974531419618,0.06572713129206159,0.15634098392884646,0.1858269079132594,0.14003444927687694,0.13202000167594882,0.11958679130435734
0.04044945404098796,0.06212669874039944,0.12377228157385002,0.06784356724335157,0.2980108515544468,0.08935258767944777,0.11207229745804063,0.1115360678860785,0.0948361938233973
0.14430099141583305,0.06552310397344298,0.10502670682263839,0.021233001114199897,0.2306739701544017,0.12816249537204408,0.08588101243035456,0.14810231584448866,0.07109640287259673
0.025778396774568137,0.04435678887818959,0.14432969519137898,0.07653129668350013,0.07445894235883842,0.21407631016545622,0.10354955303600312,0.14734013489523026,0.16957888201683505
0.020561091848938597,0.0907864195993816,0.1323058495772836,0.03435053522266224,0.16880845586033502,0.14257043500394587,0.11953853608400028,0.14942376226794854,0.1416549145355043
0.039750280422968555,0.018874148084743764,0.09289710717343498,0.03909121546648069,0.46154968453948797,0.0774574868378674,0.09315970438491465,0.1078653372242606,0.06935503586584134
0.0071415705820864804,0.07732860537333541,0.0996855519364927,0.06480429038417801,0.07509540184792636,0.242128813979378,0.13480812426090913,0.1039787915241433,0.19502885011155077
0.07175030507310202,0.23794650742560877,0.11550091438845307,0.10516973685667345,0.08744559365824245,0.06934727664855643,0.0887443201026384,0.11642805989362616,0.1076672859530992
0.018488622413988083,0.18643366100044764,0.07060401192753028,0.038220697071369,0.24289891850667322,0.043138701184418045,0.09554912611248421,0.14297651659140417,0.16168974519168536
0.01870746111095578,0.10367250296945511,0.08426536630573188,0.11601696568105528,0.2278786285883723,0.09509425369601243,0.09631352629858352,0.16071366787979102,0.09733762747004267
0.02030104941751523,0.05227770360331104,0.09647130641520002,0.03157191998411477,0.3015970036481892,0.09141318362590882,0.13554421090049415,0.12402095185398486,0.14680267055128185
0.035911481812573094,0.07109217752754164,0.1068080730865056,0.0849188855231436,0.2892094870509019,0.046948037031567004,0.14442914578802993,0.13748364425010298,0.08319906792963426
0.05827453537806943,0.05327058918629412,0.13039025196247667,0.10390774053730485,0.20811094760160476,0.04525812666800027,0.09352879599608523,0.12158857973074261,0.1856704329394221
0.17197842100762142,0.04500444975195966,0.09356431880081166,0.07231239693604502,0.1573245673617528,0.06274923194501171,0.08544224758048834,0.1659942705740228,0.14563009604228658
0.02470882348244185,0.05684662719433806,0.11933238935948591,0.11759974293335156,0.13706355719290753,0.24303856800552018,0.10077112376399598,0.12215744743875699,0.0784817206292019
0.010646966986378022,0.049147845860402606,0.0967747149551383,0.031318624597712945,0.09679812465976713,0.28464033719013915,0.1330527862827121,0.1140309651385487,0.18358963432920108
0.02661672544844018,0.021092436215708315,0.11060367067741629,0.21821528721837957,0.2932620426566874,0.06937961999898605,0.08760263258441492,0.08243169336777008,0.09079589183219726
0.03409226413696614,0.025778927925681244,0.11948083839332442,0.09775172612200901,0.2157031180058393,0.10624482385565774,0.14295548586225207,0.13059412448881416,0.1273986912094559
0.005056575840729004,0.16121413688271893,0.06733835573873247,0.03976760204874897,0.18410545544394008,0.13681599425980054,0.14526464916385726,0.11182473455360536,0.1486124960678674
0.0334358558248285,0.14684111341443373,0.07813898088841349,0.23517053993326428,0.09768423310660701,0.0606913209143567,0.11878530771787732,0.11354739722276681,0.1157052509774522
0.05865178907207575,0.059204769421005575,0.09709076768997017,0.04154390266311284,0.2847417429044438,0.10115527557682673,0.14590776119193394,0.12412285204927398,0.08758113943135719
0.02987113819126215,0.19498397354247832,0.10782587131258325,0.09157068320123242,0.06339245145766377,0.1025153677068531,0.10298035328449529,0.17628480552299916,0.13057535578043264
0.0172250235637507,0.13071237883756207,0.06415664255285655,0.03336002783740712,0.17678663170969244,0.10586879724329819,0.12949511723624518,0.2232949058648045,0.11910047515438317
0.018581409395738546,0.20650965439231675,0.061459186441231196,0.03855143990359434,0.26138927212933233,0.07327354167473965,0.0909627460752842,0.14226446975368415,0.10700828023407878
0.019491697074847655,0.06420138444947897,0.09806805210762959,0.16379828207268685,0.050946505329116126,0.21283711982481504,0.13908734779694712,0.14591877091358918,0.10565084043088953
0.09748173087953571,0.041305605903204756,0.07768950713244394,0.05264495682256498,0.24578237612847165,0.10203878179064481,0.11900208805960409,0.16540373288620927,0.09865122039732076
0.01638387969148376,0.07326642450070682,0.06861539631810115,0.3594999243496854,0.19758105772543,0.025568824502913628,0.10112025591329316,0.08917329031997452,0.0687909466784115
0.03032148318154888,0.08158972558155568,0.09576471045897354,0.05581505034128237,0.3019952890178466,0.04478228012138261,0.10866753368985926,0.15465279186705425,0.12641113574049692
0.027499357180339596,0.05316417974577278,0.10821467332359364,0.02216701264891179,0.2625426090330774,0.11330778892458866,0.16007742267160074,0.13227032904876154,0.12075662742335384
0.03407433545816921,0.20066558623959851,0.10417413604169817,0.06047271170467994,0.0736121922651278,0.10253655712758987,0.14720243576312142,0.12277906402643528,0.15448298137357974
0.03431000376688012,0.06954080335645157,0.09433024717081806,0.012764101513995686,0.4028205630000296,0.0789071875992002,0.08713173075961363,0.12380031255670017,0.09639505027631096
0.13299666865583873,0.05187330427442166,0.12572467485884295,0.1480616715929851,0.06784040074822052,0.11466925481761407,0.09353922098862782,0.15490910377894593,0.11038570028450322
0.038202799440172734,0.09469011695607453,0.13386517133692263,0.16695103067452477,0.08104499584900988,0.10894969182780284,0.11497440029624512,0.1160916434674693,0.1452301501517781
0.006545256425311195,0.13394728018300753,0.08197074311968808,0.0365660908289438,0.3191509782800745,0.09736006412159837,0.1317567235461837,0.10363028960970111,0.08907257388549172
0.01997405915848875,0.26875358671160066,0.11735880614167804,0.056810684739945945,0.09970532731438277,0.12546660479307678,0.09444766285160948,0.12511406698233127,0.09236920130688629
0.0336282472932633,0.07990703821700926,0.11883292629927596,0.29870202833876075,0.09138451703145167,0.0837557373932777,0.06063525173878584,0.18099442250198447,0.05215983118619114
0.07194158091542034,0.08887833913452352,0.08778830760904423,0.05059987329299801,0.19929289014273419,0.1389887601029651,0.11203839176742399,0.15708759507475656,0.09338426196013412
0.060191960709309454,0.11214600143663457,0.09977442756362265,0.15820879875009466,0.2049188504801097,0.0366189872675802,0.06539158694644275,0.1723611489493432,0.09038823789686284
0.007407040102527296,0.08642128062099204,0.1134423131347616,0.07689427381376036,0.2040784170866972,0.07942911308232586,0.1684626642595548,0.11732045101612794,0.14654444688325297
0.006866253217565592,0.10090566225677951,0.10059606056774069,0.04244935082222442,0.2108588643060405,0.15162692620453158,0.11925267845379779,0.1624715668311113,0.1049726373402086
0.01973466141685985,0.04207476577382264,0.10700947075675342,0.052642901571692,0.09841864073789254,0.31023149801299604,0.12477657995438755,0.13899803600613791,0.10611344576945807
0.12802730708202173,0.07041304398231622,0.13222982867126107,0.1290156064199852,0.11749657948129844,0.11842870625296176,0.11793689182291418,0.10161348437752664,0.08483855190971486
0.11467389565652253,0.05905025446812814,0.16672183613024483,0.15531764722826905,0.06966425165658484,0.094497050750337,0.11833368327546202,0.12407274916281004,0.09766863167164157
0.010346118963536738,0.15616727809563993,0.10567136475904121,0.11018708161097783,0.20145621295096483,0.05161760734946343,0.12243742659474523,0.11819901595126125,0.12391789372436957
0.0796826566968183,0.027814285914754284,0.15800918051871213,0.14994733027504856,0.19678228311017873,0.07676640796515843,0.10514471118581271,0.11208519024484818,0.09376795408866863
0.019247264392300904,0.025855862570244883,0.10050530814094645,0.05731740129430571,0.3239364368884911,0.1392074282994977,0.12446520928365946,0.1241751294890772,0.08528995964147652
0.008695829390369171,0.34389630411961125,0.0553479843221644,0.09743803638889977,0.1543809794120513,0.07182312915377338,0.07280658426089481,0.1414750164577023,0.05413613649453358
0.028438193790720784,0.1548941013901001,0.10733107910907365,0.11517960337857432,0.16395065611177387,0.0824080672219189,0.10255624076027085,0.17406876052948014,0.07117329770808732
0.16822792862464828,0.04271134773627162,0.14609412220326848,0.07210642696334342,0.0464719904243294,0.03958470021985721,0.08846400613949405,0.1368836554412619,0.25945582224752567
0.010753769621963803,0.042812593462750285,0.08708123215602433,0.057384232823585075,0.20867693665478546,0.12195611128003443,0.15165726610584876,0.12276793304907004,0.19690992484593792
0.006651281291459484,0.0451950367319591,0.0845247033189994,0.046557364510365705,0.3485631647516003,0.07302291102841328,0.14004158267180053,0.12599859907140906,0.12944535662399312
0.01503703197296232,0.054642169755490154,0.09137162653597806,0.03147803133844634,0.2802237232536836,0.14087514077684485,0.15857437116160575,0.1130108189067814,0.11478708629820751
0.008006553253796664,0.08106556343848469,0.0794015829659221,0.03884658354532525,0.249187011907094,0.22001011876888263,0.13036499049240435,0.13375925999046434,0.05935833563762605
0.059312445035864525,0.10237260949860971,0.07578338804892285,0.057850463997435854,0.26538926132634094,0.052411717798023554,0.13642024221237217,0.12366806614173824,0.12679180594069217
0.1252379291816865,0.05027267512659034,0.19612348107199343,0.04132957458514228,0.08118419277696731,0.08090704799162539,0.07032032380406444,0.17019982384432522,0.1844249516176051
0.005830072293344521,0.3224451357513048,0.09773536054913982,0.12031205450756262,0.09802545055956828,0.05696604965715261,0.11344095280451268,0.09432504300154326,0.09091988087587143
0.02496957897220767,0.04048162191379809,0.08916010472977683,0.18136349810531402,0.10637071267433929,0.12904900957840573,0.1813770888267444,0.12249052133418907,0.1247378638652249
0.004772295812910634,0.1041914112910957,0.07244731471392431,0.1945431963581692,0.3030573761709415,0.03671964800776229,0.09962647161310838,0.13258326726145167,0.05205901877063642
0.009537355244824007,0.1300010572233585,0.11269903233975119,0.13837741805988904,0.07836580495843182,0.18625419489205217,0.1192871717115842,0.08561252527790915,0.1398654402922
0.012133463726990786,0.10103772547949806,0.09321175141884148,0.03823986911940707,0.2574118875815045,0.11641756456739889,0.0972631338503921,0.18457865010364205,0.09970595415232497
0.2266370801854073,0.039012917192257975,0.12821057680943768,0.12236923958954887,0.03593632411120362,0.040492778597934743,0.1007233803240768,0.1358638597596006,0.17075384343053238
0.0057530474418177845,0.06520762941231627,0.0649898388615866,0.023045836815429096,0.34502849741906466,0.16639573546750172,0.16049129377830532,0.07740834299220246,0.0916797778117761
0.01825101033296585,0.08249996556898222,0.05663108285997023,0.028480492502644384,0.4441538408039378,0.09423211136345287,0.10870825384333958,0.09980925995789937,0.06723398276680763
0.05659175936214913,0.08503929932066989,0.08494815288102965,0.1139354513807107,0.23457741328385032,0.06073892701378349,0.09295021763849687,0.12661778551616978,0.14460099360314013
0.18357901226596132,0.14442625229891648,0.07715864261810011,0.028769231713014737,0.13261968005333186,0.0416822472411118,0.09590825613977783,0.14079017278914455,0.15506650488064133
0.022001260719851725,0.10244324083820507,0.15952184614008813,0.050293917568082845,0.06901823881232634,0.1274658851763018,0.14969638850554257,0.12162723418026712,0.19793198805933443
0.03808891595066377,0.06181181928297885,0.09340089770880698,0.0770843589418216,0.20099804077331726,0.08367526293220334,0.1484525898776412,0.17722670486112657,0.1192614096714404
0.05241111425314223,0.06281932287476007,0.07530785818509338,0.054843238677671734,0.3765870360527168,0.06825365955611025,0.10087852216526905,0.13195875690548528,0.07694049132975118
0.03763132860173617,0.04749909599332636,0.19137175766822215,0.053690807470028835,0.18292524546318437,0.11554596751144301,0.11511482275374901,0.10121037220012208,0.15501060233818803
0.058087739357276715,0.11592179571052767,0.11900059756890785,0.20889845101360685,0.03019170031352303,0.14826127631549887,0.09362480343299628,0.13741292566881716,0.0886007106188455
0.008405196743958121,0.06918638853573465,0.10290606532885822,0.06605732924403025,0.1257575465915405,0.3359110836731359,0.11555202821696003,0.10491158177765708,0.07131277988812516
0.0209573294278781,0.1253752448159925,0.1183688091204919,0.06640194742318957,0.21730633953447084,0.05483755133100388,0.12711148853443435,0.08300319922333275,0.18663809058920622
0.023418114834472554,0.10182626347160655,0.07461021870135374,0.01999706184046037,0.398394088352272,0.05292097309345132,0.0765361290838913,0.1273123606280521,0.12498478999444002
0.02683077883623339,0.03315722843047343,0.12845993706930944,0.25156353448158536,0.08314797700555382,0.13718728980028913,0.10828765936329071,0.11557220123583127,0.11579339377743351
0.035003900403441125,0.10729822205063644,0.11170606325842507,0.02889939010955257,0.15771513658901237,0.10851821159207149,0.16535950592814322,0.13498819932546033,0.1505113707432574
0.009979297830479279,0.17374353089479852,0.08148504731999566,0.04156143175124636,0.24571545085218657,0.10131769200299902,0.08713973136602514,0.17210232603960776,0.08695549194266168
0.01639520344520849,0.06001006173941312,0.08164162006628213,0.10085341452165475,0.2907884710308874,0.08465956008655083,0.14213614734796107,0.13429431908170564,0.08922120268033663
0.011300607068108834,0.154128880337606,0.11575446600570995,0.09683226617193048,0.09804480455795495,0.1761084826552399,0.14537653653298688,0.10712762958344231,0.0953263270870206
0.012131482176618183,0.21942573494282516,0.10620638347874933,0.1037472505837918,0.09626047202533318,0.044441236323808087,0.10769168046432338,0.12896559783341213,0.18113016217113873
0.1108571800872038,0.08095926459647364,0.10167786936936672,0.0951397265837558,0.21451851466714011,0.0601510672936539,0.12404617861529192,0.12734800149382133,0.08530219729329279
0.03862837856918488,0.028986056980537012,0.09111932585979049,0.2213055665544157,0.16432130557682859,0.0619371771583583,0.10496282032203774,0.10417884404012308,0.1845605249387242
0.02141036068137234,0.20363143544656856,0.09833848246844577,0.12501330823192125,0.04350208950071132,0.1488241977856185,0.1433093907467943,0.10344267978641968,0.11252805535214837
0.030234905303274603,0.07664424319866017,0.12663915096360703,0.0945769787277364,0.05939771933196946,0.14469231741547756,0.14675448150994255,0.1371236442500241,0.1839365592993082
0.009809919859369286,0.035309445515474755,0.08450438168412526,0.07422781482798309,0.4265746472018563,0.03326534760375776,0.15264380480025938,0.09129774188704894,0.0923668966201252
0.043325895665407656,0.19713311733354658,0.09167684574298912,0.03999682225319142,0.1448477966609287,0.06288127712437672,0.12690848271090027,0.12352960139915399,0.16970016110950534
0.04219472479642717,0.034072105531966504,0.0757872974621082,0.14020926944444342,0.14111418424627234,0.07156107102883875,0.09793755457985394,0.19018016945187258,0.20694362345821704
0.025915061296698544,0.053886393620693564,0.10350286723886189,0.0512366398191475,0.10674854969737797,0.250383655990327,0.143785374682129,0.15309086781885214,0.11145058983591233
0.02393275589898136,0.16526004675098968,0.0809156192267932,0.07968314032987457,0.18931799109240863,0.13199434098818022,0.12106856970251016,0.09733506308133745,0.11049247292892478
0.04740071030412404,0.02982221144952737,0.11560071159395596,0.12200261445534505,0.15776118257942912,0.1554161284369213,0.16051871738166537,0.1201693629880732,0.09130836081095861
0.09097465921164932,0.09926743600292037,0.18750244712158406,0.07129259598209015,0.15556913418137389,0.04696201786353402,0.09676856293187298,0.12180209871315391,0.12986104799182127
0.01748287369044965,0.06832360513022585,0.10167293576256746,0.026466290490562167,0.31021306700907214,0.11304566516929108,0.1330905878488671,0.12280448370434771,0.10690049119461682
0.010779996931038616,0.06595496658157061,0.123553776865871,0.13886754620505395,0.2011584176076604,0.03836108332322132,0.09670800587372615,0.09298770966856466,0.23162849694329316
0.0065170389820626605,0.2122881591644653,0.04283064998179272,0.03949839833411987,0.08953533475488627,0.272633673441391,0.10808500998892538,0.14239132812671804,0.08622040722563877
0.0027940509849704274,0.08325469694553327,0.10513783515811652,0.043011742825083465,0.3128019630831784,0.12387152162861931,0.12138769719248754,0.11371819434785209,0.09402229783415894
0.04279307538178025,0.06281092062974948,0.10152847141668003,0.19997387145473156,0.19386795524026326,0.053719173913345276,0.0981078173660506,0.09627287494047838,0.15092583965692116
0.05460863293014733,0.034595955137300564,0.14364701805459015,0.16065339225838768,0.16689339074451592,0.05687495552573477,0.1303832675616726,0.09826089105233453,0.15408249673531643
0.01707590370111503,0.21319306296961119,0.12002772106629434,0.14026047993987711,0.09841393769361662,0.07349106544170667,0.09728275175172091,0.14715213969351928,0.0931029377425389
0.12488362104255409,0.13526482165967949,0.12536393549508046,0.15128740378620967,0.06762050282127258,0.029831215607332973,0.1011905440375489,0.11415700753812023,0.1504009480122016
0.032293266370874964,0.05792781495552741,0.13245928248545105,0.05336088461670229,0.19046236799756244,0.10796879139086175,0.1773517724316437,0.13489428887558486,0.11328153087579151
0.02100925418791592,0.04724254024523227,0.13056761253424465,0.04955524117610014,0.08006103460050736,0.13980801204525042,0.10566182131966854,0.15663423988133335,0.2694602440097474
0.011789519601583453,0.1515207288861077,0.09507815387458142,0.0357775087330073,0.35307915254698025,0.10179709222916848,0.09358884938929013,0.0855857882502521,0.07178320648902918
0.01296732087341819,0.06185832833105349,0.09676097606031232,0.01643366975246977,0.4135377973326116,0.07431927182211137,0.13445599985957482,0.10569363550881163,0.08397300045963675
0.036720841113493954,0.04751497171865635,0.14004744967595142,0.035531108317942615,0.3179783796216137,0.06361605889863221,0.13494988093560542,0.11399356222144948,0.1096477474966548
