0.05871503664103076,0.0861280360035705,0.30624326586488065,0.09339571564969294,0.10306602369898588,0.09655974246277745,0.07281823353065969,0.07253763173862153,0.11053631440978066
0.14448099705766312,0.12837329221700716,0.02675927062422868,0.06742744633930865,0.0986050125815514,0.11788396911377154,0.0443365478693074,0.25344717276521705,0.11868629143194505
0.09226441007162473,0.14111294108439756,0.07999414527747573,0.08857357715968223,0.12408456476467766,0.13573918170456942,0.09395888459181401,0.10612640672387709,0.1381458886218816
0.10826572392047033,0.028137407648074958,0.13684917609202896,0.11810388442189279,0.09360962603991692,0.14861558941282507,0.10881368598638282,0.15391634629833598,0.10368856018007207
0.29376558122359087,0.11102421193376576,0.10473982293330042,0.08564141514506118,0.07854943171799274,0.08703299422145516,0.030943923103554958,0.07711578162860654,0.13118683809267237
0.11752465558609161,0.03812787673802613,0.08833373426178286,0.12175181600682845,0.1279715321630058,0.07326251676910982,0.054025264719559714,0.2780402287356319,0.10096237501996369
0.1261246484859323,0.0647748693940271,0.14966007546912977,0.0969900719009631,0.11189478527066758,0.11533362263506756,0.08934378368378941,0.1249582422144168,0.12091990094600646
0.20497096071831664,0.046025582275620515,0.18054993150333695,0.09355210723796148,0.12127333068875934,0.11010569540480915,0.12449116594190461,0.03784714372271112,0.08118408250658019
0.10936536280386354,0.18908962610100413,0.03961572973809448,0.08096301195828393,0.13007068367002503,0.1263536280066697,0.10163008647979586,0.1138622133979977,0.1090496578442657
0.11903780369742717,0.30773554570817874,0.03409462519600633,0.07034599700268078,0.07012711291124979,0.11604840307292023,0.03766817526938435,0.15068938333060153,0.09425295381155104
0.10600163142849435,0.09326708454460181,0.033790662799437876,0.09971458578645219,0.14039325390218715,0.12565588142299625,0.13201425995171084,0.14121992729180569,0.12794271287231382
0.1529373497452278,0.1768263796646505,0.11311277638020605,0.08487619764208397,0.07638123224264716,0.10989427503821565,0.0721498641563121,0.09747793832697553,0.11634398680368134
0.11596149877619928,0.034797588719581975,0.13063677370488117,0.1015612508114917,0.1499310184254636,0.12065539197862939,0.19637500068732913,0.013967210727474172,0.1361142661689496
0.08431839908854082,0.25650092174835476,0.04577009199633855,0.1116491759248674,0.10427139055775862,0.0930475277161464,0.05892931057735599,0.14559534218605522,0.0999178402045822
0.06866482805674345,0.11905527875043675,0.05536400637607187,0.0881032373989899,0.09495657503240068,0.11977464958141175,0.09375806194865272,0.25365813886886573,0.10666522398642712
0.114521943748989,0.055123855525461486,0.07400964854209473,0.12000324069255258,0.18249059731414272,0.14684299994179972,0.1361255814732485,0.05010900486051734,0.12077312790119389
0.13277889521691869,0.08676810929417972,0.06689225436835451,0.11103613315456946,0.1943550797413941,0.10914332891136219,0.060800626142725224,0.11557507508899685,0.1226504980814993
0.08301731127118138,0.1531089704827386,0.11002088343592425,0.06785406794409725,0.1228713422855215,0.09530089761156839,0.030953424935500472,0.22081032916984664,0.11606277286362154
0.2680137426941069,0.10573629623879544,0.03996966475717764,0.08349204146901791,0.07708764541586532,0.10877621889199389,0.04451657615852284,0.15356500240156987,0.11884281197295021
0.1415316350365857,0.039521760458394055,0.10995928690135463,0.11122033315277864,0.13016006266054464,0.12491326235551418,0.1939206381738793,0.03754114848497217,0.11123187277597668
0.1924679275664728,0.09728647892605258,0.13789051483245449,0.09878770364222213,0.09802526887583063,0.11864331622472195,0.04424802622612939,0.1198160729448751,0.092834690761241
0.16113928815887926,0.01833183249795438,0.273825580309538,0.06827244497368973,0.09901778395541967,0.12047555897015001,0.10299863750381637,0.012843090760317649,0.14309578287023492
0.1306420429765048,0.2798352821586158,0.15163222667555767,0.05567316077393614,0.04264302562925112,0.09680652348199818,0.049901253499967296,0.11897247238726048,0.07389401241690854
0.11443372909374151,0.15475543544820192,0.09948183124810155,0.10706845109184393,0.1690175124817412,0.10341897382640379,0.06728563026952676,0.05947008002661514,0.12506835651382422
0.17360746018162465,0.15668909308130952,0.10219110517320774,0.06684993696796565,0.0752938117249057,0.11901651134360469,0.09505917231013412,0.12195553033700797,0.08933737888023996
0.1339585054531306,0.12043607674712875,0.05809038130890643,0.07440611086563927,0.06944870629027437,0.1282043980977977,0.10838298389620286,0.1996915048592133,0.10738133248170667
0.07471393669866554,0.049454740763977455,0.1396931763168474,0.09317563079072626,0.08307846701606435,0.11549355161002213,0.10360879895846808,0.24205268891482856,0.0987290089304002
0.15397953116196514,0.10626954479196545,0.037123589884933604,0.09138770891416359,0.08761521363433901,0.1185229355719027,0.09092505285111736,0.19023546232812802,0.12394096086148514
0.11217362895426249,0.07413236000473704,0.07791084347615344,0.09839261009449635,0.09654241320277633,0.10935349235447848,0.037708734445411875,0.283123568934214,0.11066234853347005
0.1807341343993504,0.11450001850853884,0.09604751924210682,0.09579218878278306,0.09021837084810073,0.11558637315033954,0.04325160252655701,0.14983000097476287,0.11403979156746062
0.0955198559467932,0.07296633600928788,0.07068005021466138,0.11766121050141749,0.14314973479593984,0.10832171602307383,0.09987183657410449,0.15329460778653767,0.1385346521481842
0.09379424147531847,0.0248716129975554,0.06679035531567927,0.12647963906109375,0.1696165148997625,0.13099403954268518,0.19865538824923032,0.07020416818730722,0.11859404027136795
0.11283597590391892,0.016843697513153743,0.24240060220361873,0.08104054802128823,0.07459623882012144,0.11252045753561457,0.11077096960445203,0.14695338340408912,0.10203812699374333
0.13726879674927728,0.22538867662870252,0.03205012588597494,0.07661730105952544,0.0800426702789906,0.12705399691326566,0.09803082060858688,0.10421391205760772,0.1193336998180689
0.14095961449553063,0.055206462026554194,0.016242752846764602,0.13131553662491888,0.19341033728183243,0.11834178264890564,0.09544050790924057,0.0911931766928199,0.1578898294734332
0.24613306366390045,0.12670322835853765,0.10381234378798536,0.07529293627794299,0.0733154474261306,0.09745956071477953,0.030994509264532576,0.15199736077614698,0.09429154973004385
0.09560442239750166,0.025855423662413335,0.32205088326258297,0.08598824426770273,0.07037318544461073,0.10363724450846395,0.06458907848385831,0.14839709056404707,0.0835044274088192
0.08550696669021153,0.07446083623259535,0.36627419041799564,0.11334103030496516,0.10187005252516278,0.07465504304054725,0.02931039057450684,0.08053271255798294,0.07404877765603253
0.12320025088957771,0.025777224459765963,0.1363970756519057,0.12874530766124562,0.12140760218632063,0.11355003833131978,0.19965440969198825,0.035691116907148344,0.11557697422072798
0.12491619221495838,0.07755791225866636,0.1488942784809212,0.10962116528117903,0.09350625474409961,0.10552550564991768,0.07558780541637267,0.1598579730883374,0.10453291286554763
0.07384074263499298,0.20328650016334593,0.042033768802650605,0.11591904775933559,0.13014699261350696,0.09400326777338613,0.07130979186268488,0.16974224319445305,0.09971764519564397
0.07182076808655619,0.31033071735959106,0.08878610871249765,0.06837172729936192,0.054781019291701656,0.08845649599604104,0.05146742976277854,0.18186802159438942,0.08411771189708245
0.07603493066378435,0.1057738057121111,0.20188098695515055,0.0877780664803612,0.07888289324357817,0.0953286736114662,0.0592834972333998,0.20123160898087214,0.09380553711927642
0.13303698424837082,0.03587190482238264,0.05370150298054114,0.104387639024268,0.1064387415551044,0.14588813136803117,0.16068638993963477,0.12725003461166506,0.132738671450002
0.15189463511086954,0.05987062287883372,0.046965725896428355,0.10397379171786554,0.12165125146438371,0.1361860160774992,0.15385679295690527,0.08986428272338615,0.13573688117382857
0.16183781684984347,0.06032725649189671,0.07710383859989516,0.11843611532732441,0.09296539301974123,0.11288993277850112,0.08322146008878879,0.1744307474787156,0.11878743936529361
0.1239083185512377,0.3205463575494301,0.0390711845804476,0.06319640347071342,0.08715155075893201,0.11375355316879938,0.0663208447013275,0.09112019904154782,0.09493158817756446
0.09644548360605924,0.07553612725867924,0.03392417987920004,0.11525954186710376,0.15982851048261557,0.12114342442583055,0.08594309249330624,0.19159619894303867,0.1203234410441667
0.16062502318638586,0.12014326963549009,0.1674544024063024,0.12042014502736664,0.09313730464888337,0.10168725172917592,0.057259277976582666,0.05148580892551857,0.12778751646429445
0.20078321646022798,0.0715787812958278,0.048781035532466044,0.1134529541499396,0.11704777178599214,0.12539428246582704,0.06901994221176577,0.1350017145529132,0.11894030154504043
0.12020284734981206,0.032411341107187026,0.20959548975323952,0.12569152556866137,0.11877167186257198,0.09765237355322028,0.18162818242958448,0.01221396013891817,0.10183260823680511
0.24256974753450722,0.027535551892828372,0.16205454788800977,0.09289265211068772,0.06820024788460127,0.10854011038419875,0.11814054306175768,0.08953172595570219,0.09053487328770704
0.14915141718550975,0.11075153320791091,0.07462193010683067,0.0850358148278365,0.06399964351023718,0.10062987334783524,0.040244339901269806,0.263371543093558,0.11219390481901191
0.1538769994931897,0.019162963730478322,0.0844201555177162,0.1520657136824071,0.0961814608543141,0.11250427347177351,0.17775093627531166,0.0841834480615815,0.11985404891322794
0.1165716698708799,0.08876209836620814,0.06581958285898608,0.0964767221931644,0.06688389299580279,0.14613270062825642,0.08555916980710189,0.25045975278240973,0.0833344104971906
0.12316183419079718,0.007016218791908071,0.2722083252349815,0.10704408589827279,0.11853599391163806,0.09333153783326296,0.14889008303203605,0.03180426134102499,0.09800765976607835
0.12301925423960479,0.017202641250174476,0.10199137279192781,0.14520099789714577,0.10134917549465973,0.10867193734007957,0.2717935693189362,0.027518303950557457,0.10325274771691416
0.07631937832016977,0.12433262097921875,0.10617587083258395,0.12056950164198366,0.1314318778206743,0.09560961599664723,0.06667193734036282,0.18213968161454863,0.09674951545381077
0.19915547036582396,0.19772768512343217,0.03069645867007764,0.07981595582182634,0.07601966468087891,0.0994263966696136,0.056706010333349315,0.11729421191676344,0.14315814641823466
0.16832318666869417,0.021700119780744168,0.26071638210409587,0.0830965194696225,0.051803185890969695,0.09102439902626304,0.031798872536258245,0.19145483392814375,0.10008250059520846
0.10952050356254195,0.14320038575985056,0.1388570257571544,0.11052007895523419,0.07287721405638399,0.1279108628597636,0.13239657603182972,0.06487019247667841,0.09984716054056321
0.2150109683527458,0.04483776298826911,0.15551973911835476,0.10513914275164044,0.08071425390470777,0.12536655883569692,0.09455991602082914,0.044379467020285855,0.13447219100747024
0.11815915495213337,0.1899170541234905,0.020328321675183784,0.09116425147661715,0.12914570247670373,0.12563411343539793,0.13310607591815843,0.05911981249975634,0.1334255134425588
0.09248419063529233,0.0808062279562758,0.11699811259550913,0.12768628884476585,0.16339127967491976,0.124344249476615,0.126903041173489,0.02226532878016226,0.1451212808629709
0.1014531930548027,0.0541708925168003,0.13470195051572417,0.1012812721325602,0.07193975502388837,0.13643831868795067,0.17468407919108975,0.06529961900961341,0.16003091986757037
0.11834951651882826,0.10878496309379065,0.05334117636004185,0.15847859881873974,0.10686689239936502,0.11554892360289316,0.06030384251379392,0.15851068944776323,0.11981539724478413
0.282016712993252,0.013292369420742358,0.16820985178299086,0.10042667241943089,0.07253449712218782,0.11241131411506751,0.09394734085797819,0.05412231365076378,0.10303892763758653
0.16823049052609787,0.036467255302451936,0.12045624634401374,0.10547810051503857,0.1587725085088644,0.1298144989700336,0.13161293433028912,0.03138612373484304,0.11778184176836776
0.1567066168680981,0.03903915648145422,0.08194276104297767,0.12073812446368841,0.08547906740289812,0.11911667129834114,0.09949068194785365,0.18163374710544491,0.11585317338924377
0.13075042445356425,0.11296292030216985,0.09744531590750331,0.08252528802244553,0.12594282580725538,0.10762872200325495,0.042214509491279466,0.20290225884586977,0.09762773516665757
0.13702669617546814,0.042511885465630374,0.07430367541985661,0.11311044273950392,0.09665888077793432,0.12696055227254616,0.07334192481336792,0.2277509352191964,0.10833500711649613
0.18971095530672108,0.028866404018566477,0.10715823785308466,0.07715663680299022,0.1656858032180827,0.13526846914467502,0.18272604020716388,0.018232134270189344,0.09519531917852665
0.09648934742007059,0.05523964028545541,0.16048346007198191,0.16143680884318756,0.07253308326504453,0.10298113339519042,0.0584049308586429,0.15476037184955937,0.13767122401086723
0.11068096294660261,0.1366438740122345,0.04818620978878347,0.09978822155840357,0.10307194500869077,0.12751777294464858,0.07358971958187298,0.20566183280607767,0.0948594613526859
0.13359738679273636,0.051203760222654555,0.19027473187112878,0.10300141511001547,0.08966340067182355,0.12904396744217433,0.14992172635487308,0.03771457510914005,0.1155790364254538
0.17456545251077218,0.09776965012412216,0.05977198571330477,0.08078825776671485,0.10235774867103008,0.10373759747174399,0.03456548250838216,0.2522865913061035,0.09415723392782627
0.1345038048353495,0.05284978915589426,0.14155608920267357,0.08241755045043572,0.1250079955905547,0.112682821115429,0.10947229898065497,0.13309516017398093,0.10841449049502729
0.11773237819257902,0.23226087670465664,0.06026900535596174,0.11967036460996004,0.0759356799839765,0.11088909093918098,0.08956784062828273,0.05947966364107404,0.13419509994432824
0.08446565585074957,0.23265315821597196,0.05626606428649424,0.11179312688650032,0.07331299034962152,0.09174112933538636,0.052548823777272054,0.18165509400369606,0.11556395729430796
0.12478569294294846,0.06250819474221807,0.03917932023926599,0.07291497708309197,0.07183483644025271,0.11923107614353286,0.08680408814766467,0.3360929355302294,0.08664887873079585
0.08407079174513173,0.03532112480940942,0.04832176920662642,0.11710936993624053,0.09488463981725055,0.1142276569994654,0.10635421185401767,0.2827441825602067,0.11696625307165148
0.17082882566945176,0.0734387643901799,0.027663625561612473,0.09070293766120462,0.08624542653597332,0.15024888086585844,0.12444646888458055,0.1513369788319723,0.12508809159916665
0.16712342048333248,0.0632333079165217,0.256879821326589,0.14066660783342497,0.07061273770818734,0.07559482928516421,0.028781214925310477,0.07780291661601545,0.1193051439054544
0.1458044423022878,0.11431642207335498,0.0659962996194257,0.09211171224202881,0.12166928791891886,0.1312519372474993,0.12913736949780594,0.07310317434379525,0.1266093547548833
0.08282035266298506,0.039351158000822554,0.017013519979980643,0.12538828265934462,0.13697865616662094,0.11256041765280465,0.2000962961770227,0.18246023194816874,0.10333108475224999
0.15994671260287988,0.04528316286817085,0.050382022860505395,0.10130322480015476,0.24817916555206987,0.13021074872524827,0.06835124141887035,0.07619055731625965,0.12015316385584096
0.09069460624018659,0.016470928922841577,0.06132436921918057,0.10088760809445463,0.27098927696255615,0.10409272784420955,0.19136272415010838,0.05159785153417066,0.11257990703229186
0.21173612677279466,0.1580571754907454,0.19621981665105767,0.0738524107846484,0.057441496346958366,0.09331564209332084,0.022173729978989438,0.06676641070907528,0.12043719117240993
0.19662511961349582,0.09140767543357338,0.05450999440770099,0.17840947887764394,0.10945349338160663,0.09337941755431022,0.07140268770828359,0.08882407719987222,0.11598805582351324
0.12660727716171363,0.16610295629301416,0.015090927792055253,0.12373152452245408,0.13517531412479847,0.10795730327212483,0.07815530058451725,0.09146191820702991,0.15571747804229244
0.09235415822830023,0.3037411884416888,0.16049215660504482,0.08396236945222156,0.08539445777933585,0.09546626522190897,0.06006037388300108,0.03609476821265292,0.08243426217584571
0.14215460742022137,0.06917766816727591,0.13568268244804957,0.09493954410897597,0.099614172028571,0.12013750417512725,0.14987908777752604,0.08333235170488457,0.10508238216936826
0.11151776766581438,0.06564682583680165,0.03300636461441043,0.146446951691237,0.12633515020250538,0.12277534640907,0.20760209102029747,0.08783496519382723,0.09883453736603647
0.18502707063925827,0.047220794699761814,0.06899827158546357,0.1335652811281016,0.1692470827025315,0.10962068482510602,0.13476201197042856,0.02578541304271942,0.1257733894066292
0.16217668297172103,0.06053528095143467,0.17581474398791205,0.0822902148334053,0.07175158569279554,0.11553451203319393,0.04487514368329323,0.201795639610406,0.08522619623583823
0.11835696779499656,0.0244016434500335,0.1545218865186971,0.12534951663822327,0.17796708537209938,0.10940036853018364,0.09523596724855815,0.0628215223454787,0.13194504210172966
0.19549792544861744,0.021646079742847744,0.3405729099626136,0.13051319365011407,0.08116772333815737,0.07381306053678187,0.0727847026522962,0.02205535149632697,0.061949053172244604
0.1580227785052736,0.0454236557366103,0.16102245961193098,0.1140936963256614,0.10436208988879324,0.10522723921163762,0.1539748921469151,0.04282278365062155,0.11505040492255629
0.1809882166405146,0.034816144493207433,0.17249965953709054,0.1500940234225202,0.14481782334575824,0.08953826276270149,0.04118117551056941,0.05355808986837692,0.13250660441926115
0.09072079377113122,0.06210035101379822,0.01793269341935837,0.09612249836198355,0.0932157660586443,0.11025179453204244,0.2304982619103778,0.16098626194527768,0.13817157898738625
0.07458489416995823,0.05319176488444654,0.052412167463294135,0.14276316016963334,0.17925980007794037,0.12486534796295327,0.22605015312025367,0.052089910556187356,0.09478280159533313
0.19226817919402484,0.05254966515976953,0.1436705559746766,0.0998932275119508,0.1395778938089182,0.12091411076716047,0.07990209366291962,0.051522717339066604,0.11970155658151334
0.10319659850942194,0.04557280135701905,0.14796070009899306,0.10271140772817124,0.12279724463723475,0.13794762847593806,0.09885260120382262,0.13723738751138462,0.1037236304780147
0.13818907330524297,0.214813009378962,0.04428826423510172,0.0628970311511292,0.16292859130481813,0.12621507139912405,0.09295267511968834,0.03827314374551725,0.11944314036041626
0.2602929340518365,0.07170435146461951,0.06226852229200341,0.12096743296399283,0.11940966584437922,0.14747442702557154,0.0851841578118931,0.05097351374886242,0.08172499479684155
0.17511776678723476,0.016179352344221652,0.2730475578968226,0.11155311903482483,0.08866677789218087,0.0974304487007565,0.11790934194905046,0.035490270724071016,0.08460536467083729
0.06267609179147125,0.33351736035073154,0.03988210455583618,0.0954380787672831,0.16000789503754168,0.09184647502502008,0.0475404485281695,0.07716070348235604,0.09193084246159067
0.069112597429126,0.34271204109137293,0.023901904517640776,0.04462649602820746,0.058692959535999345,0.08962867927920115,0.037787359027371015,0.2550896396065203,0.07844832348456109
0.07249739031054236,0.17235732382691846,0.05015970517305494,0.1132770673316323,0.09747758590718114,0.10451619813914996,0.08314307994222443,0.20156740819198524,0.10500424117731123
0.12186925928067609,0.046406684657597695,0.10426246183628274,0.05710209415803686,0.0565395021037704,0.10554450638991401,0.07341969767488211,0.33793152876523674,0.09692426513360343
0.06166767722157901,0.2576298467517413,0.05584779826217336,0.09109096686516023,0.06766192541109042,0.11011543340604225,0.12839585538567308,0.11530857966912737,0.11228191702741304
0.16304769991446713,0.038467536706175566,0.03626544515616877,0.13147397409107783,0.15786034958561157,0.11637026362125369,0.09722121322788647,0.11212108681346107,0.1471724308838978
0.09980004311631853,0.059347236968072814,0.11169431307461875,0.09584415201985032,0.11550566509062783,0.10913697072018196,0.05434238495170387,0.2490039397263013,0.10532529433232461
0.2868112873952368,0.03437110042909151,0.06853411500811707,0.08947228341953739,0.21896302552338223,0.11194028162174512,0.03277547516129246,0.0672283239398342,0.08990410750176325
0.07764614695415777,0.08707329366083927,0.15260616199632845,0.10427610470468472,0.11723335596988177,0.14021688246632424,0.09073203088775168,0.12010862471814854,0.11010739864188361
0.08967484973382416,0.11655807639778275,0.208213993946159,0.11544685469700362,0.07714661964222626,0.10800592073097821,0.06956960161147079,0.13343116987319012,0.08195291336736515
0.08797165255876177,0.030627718683839743,0.24973461130755606,0.08995685345030702,0.16272884692865455,0.10766921113024737,0.04449623390003563,0.12586008967672968,0.10095478236386808
0.13508576634361452,0.034523506205142086,0.12664686922742563,0.07685786968422925,0.07656492886917025,0.13273671756552322,0.07803668997966402,0.2170429873270976,0.12250466479813336
0.08668516609793125,0.045816462020448034,0.02065041325839183,0.08709780211105116,0.1450888878553178,0.10237067283965828,0.1035171704414276,0.29740951863861764,0.11136390673715633
0.07292053332260792,0.3128425561469403,0.037956698892612696,0.08780900725488722,0.06676233622589815,0.11522526382229516,0.08121816316381279,0.1262017113831665,0.09906372978777932
0.07002742021082951,0.3368204303415315,0.04601384806715697,0.09778504508082915,0.07318498299342414,0.07748805163067363,0.054506308283425564,0.16395071199401426,0.08022320139811527
0.1641166018641562,0.05635242384111813,0.15975520809120797,0.07911554841713096,0.10230067757042083,0.13324003640621737,0.10928143811172637,0.07957722229313001,0.11626084340489216
0.18720826105004584,0.11505262333549822,0.16146328283701705,0.0991188930909087,0.07829252065136273,0.11334397800493982,0.08939316814209124,0.06503263742828956,0.0910946354598469
0.204534112393956,0.1806156815316128,0.13173669817855158,0.08716032448890713,0.08288250092865103,0.10432336261726505,0.034466049494062984,0.06851825673733677,0.10576301362965668
0.22089748115514052,0.05919757688044753,0.11039698201597518,0.1254903721488478,0.08671682586638114,0.12855432341475223,0.11520042197819409,0.06002791944956496,0.09351809709069653
0.07799935463133896,0.05640870459141795,0.16318168895909138,0.1124126374134814,0.12540678809704647,0.1334091630932823,0.13983338866638748,0.0745034291504128,0.11684484539754125
0.12977283108487406,0.07509841722076913,0.08491253373025674,0.09339724528223114,0.18623219670424243,0.11745898625752647,0.14128861853738658,0.052771425895636825,0.11906774528707666
0.18293321847986824,0.0677835718180226,0.183757383967737,0.1012372784429137,0.09156423924330448,0.1022850604001569,0.06620269914868239,0.07735871509913729,0.12687783340017733
0.16810828005853776,0.12898842987220419,0.15924063187290796,0.1065449752983391,0.0654399096131643,0.10858014253766728,0.058188831895697395,0.06471911025427309,0.14018968859720893
0.14810764297178614,0.02558729290361507,0.047542821384810675,0.17177193261446191,0.1326135025225464,0.1116112535871659,0.17696255576024342,0.06533529966464569,0.12046769859072486
0.12274183525292483,0.12645652905740287,0.17738938491697684,0.08474435381701488,0.057467228064361164,0.125318900098487,0.1064863567036018,0.1072186512796464,0.09217676080958426
0.11713013161250864,0.014351496524441025,0.05036762301823753,0.107437401696248,0.21836909896203682,0.11510623039171575,0.12021561867198845,0.11332200234064845,0.14370039678217525
0.17917464950084097,0.07085135647863931,0.06749531879815694,0.10997398876308644,0.08143037227074525,0.1329759099689328,0.08471371614682488,0.11656715944175888,0.1568175286310145
0.1298913319146427,0.07772821659690564,0.15957345762678996,0.0995935055246628,0.1195557856849744,0.11952916244456517,0.04766402044637321,0.11906498407219394,0.1273995356888922
0.14317021351751788,0.07494035051223706,0.0885064157995002,0.13080854005156375,0.10344898633205991,0.1092399006427488,0.14321711358729697,0.09611177352860317,0.11055670602847216
0.14231305316399764,0.0335292909839103,0.13772052212679387,0.09340050280904333,0.15570939101713854,0.13971470052824328,0.11122024970044185,0.07057812554379343,0.11581416412663774
0.14082851022070567,0.02248721378678539,0.3860957638997979,0.05992899660271883,0.1063683226315708,0.09320864807386646,0.051165004674353566,0.06533571672032938,0.07458182338987203
0.09941968534068063,0.33370527491406765,0.045071595300468455,0.06029921245504987,0.038684258942761014,0.08092278593497441,0.0379238898782592,0.20930095498694615,0.09467234224679259
0.2672935564796837,0.05166886203807484,0.1532353924502521,0.08099447663464071,0.11313831911773649,0.10805697905999041,0.09868414410369808,0.030589843210040116,0.0963384269058835
0.14179979243373533,0.06903364488336246,0.09232142708839385,0.07740389619666611,0.10543755145623672,0.11492832080836617,0.050488863401252,0.21650187979904242,0.13208462393294498
0.20267355279576307,0.1109080140061194,0.037451621571704966,0.09566866278903119,0.11121641427879281,0.12890850126199005,0.19011222587119977,0.01771196388148336,0.1053490435439154
0.12240343375840941,0.05045498161289532,0.18149575265579734,0.11723818698127066,0.07543258348044558,0.10741635852211173,0.03579336795963935,0.20260307810763056,0.10716225692179997
0.0621608343541075,0.13440906410211398,0.08270313073621893,0.09772031820109421,0.13934943730158977,0.10582369815735793,0.06915471881656428,0.1724716698310269,0.13620712849992647
0.12504906877564637,0.1455212192162456,0.08361952637986263,0.1349578284496132,0.10050503185757659,0.10407025713153756,0.14262588992719025,0.04029877099423462,0.12335240726809317
0.1502646021795151,0.019181035512090005,0.10610465784122151,0.16266838690425778,0.1313101178972201,0.08309970639392468,0.048615951754403496,0.18244763916958165,0.1163079023477857
0.09938508245817708,0.024855107565049283,0.06446250997999899,0.1081185294929009,0.17865338004030754,0.13990591406687966,0.20535994076378428,0.050883204315077014,0.1283763313178253
0.11196534731545604,0.06631917594937196,0.05141563299932772,0.07701614689885711,0.07652709716393677,0.11299303857807837,0.04426624522022307,0.3626733498197566,0.09682396605499234
0.0843500016532746,0.24487101553118515,0.1166535071725154,0.09503927915325873,0.08645693146290485,0.09919195761519639,0.04150441607152175,0.12197229224160466,0.1099605990985385
0.17630864700732404,0.08119089842333664,0.12210907430526959,0.07864340721810296,0.1583632641375202,0.12412300078669537,0.09918080230030508,0.06978793370550894,0.09029297211593725
0.14091640890040988,0.018476467045427204,0.2914985566302801,0.0731432406026602,0.0802891435827604,0.10921855453493284,0.09327316619583777,0.08524829780824061,0.10793616469945096
0.1205623780916832,0.06974944726377373,0.2651934574033343,0.08188002743680622,0.13122461166009178,0.10602445743146705,0.06699343623182248,0.05287573490644983,0.10549644957457142
0.11989932761177229,0.2948265437778243,0.100686743699352,0.08240221192737557,0.08836164769536292,0.09044129472992339,0.030637449664863165,0.08870748739765393,0.10403729349587248
0.11397664312632015,0.06629514704126088,0.18938461978860566,0.1477085357614649,0.09237777404916546,0.11136126129501993,0.07104018985751903,0.10184402252920488,0.10601180655143923
0.14054399441104617,0.0408520569449089,0.08967411974151485,0.12102800072919477,0.10798183011443763,0.12744794226609843,0.14287238671879476,0.07179491403344976,0.15780475504055472
0.18369196944975008,0.04022880540982709,0.19582705932016697,0.10917635033500594,0.08128535289307387,0.10230898544742971,0.07706054304818451,0.08895871511690301,0.12146221897965885
0.10499516737625042,0.030485275536217438,0.06120958029967233,0.10209561318388934,0.1586170223758013,0.14505483602441852,0.13590437936959013,0.13933807564577183,0.1223000501883887
0.22169529574674782,0.04094205356014848,0.04294474576763759,0.15461779812824175,0.14194943689779219,0.11472303711899683,0.13442373977151353,0.03212824482387346,0.11657564818504833
0.1492379979377238,0.05682073720939054,0.06761788120220752,0.09610386733588457,0.10093870930283266,0.1443644708482473,0.11657337900512217,0.14585364473136497,0.12248931242722653
0.15916179022800966,0.03679127240310574,0.1848417737127717,0.10376389413105451,0.09613073438499409,0.10511917492581309,0.20712863773410528,0.023656999339739956,0.08340572314040601
0.20882120417083416,0.022906576779205764,0.09416959162667897,0.09022204734781207,0.1275641557474165,0.1260399547244219,0.19322484382261984,0.01261586589292841,0.12443575988808248
0.09893123340187626,0.11888683400763052,0.08881971419489276,0.12154454770031721,0.08146982933295276,0.13094591771221442,0.11617655252985683,0.12943240602823655,0.11379296509202264
0.26631909131237047,0.2737525340837547,0.06760938326264786,0.043840238520026636,0.056854264673322934,0.09849038518443447,0.018033333680686218,0.10537850059378935,0.06972226868896735
0.20182192162059964,0.018060010786013533,0.15224899022285207,0.12189036706379197,0.11354535283132677,0.11354221752429844,0.15095968159426507,0.0225777617920743,0.10535369656477822
0.12245531399110894,0.045572584848139,0.07284073999407498,0.10760919961106837,0.1653208215411747,0.13096266495768014,0.1393769065634013,0.11178269983616089,0.1040790686571917
0.09797891175704287,0.07468343771895536,0.088170820440171,0.06929735939327884,0.17240962747052702,0.14283220672674904,0.17961920056538871,0.05354909984640258,0.12145933608148461
0.1356988074983652,0.24009783451862887,0.1912769501247691,0.06698426069501133,0.08897965637155743,0.09546029904279278,0.028394604469912963,0.0698375888068749,0.08326999847208737
0.13593417647546283,0.04695721247020978,0.064173778562945,0.09001409386568242,0.14968194532956525,0.12398301111542372,0.14864380354679788,0.1414629866914706,0.09914899194244259
0.1375262115489039,0.019795705226954962,0.14660005705721013,0.09124987901889085,0.09468348375123546,0.1312218788909283,0.16091204474991622,0.10070805820840557,0.11730268154755459
0.12315780036734825,0.138886750460972,0.056504876025345076,0.1315977723423639,0.14388913547963683,0.11015829789878483,0.08945133455169757,0.0973230263982476,0.10903100647560393
0.08753588255089546,0.12447474147723103,0.05601029382244693,0.07717642918977935,0.06750681703554486,0.10292067058364736,0.047029808941396654,0.326347097139336,0.11099825925972233
0.09321718920328385,0.033942227890548286,0.12025052657948848,0.11738493465285817,0.16451277254084942,0.14201872241507643,0.09909173070939209,0.12718244637792134,0.102399449630582
0.15850212867824312,0.03642977015475322,0.05339156980374508,0.12887311636155843,0.14569119448211,0.13265017710759405,0.13254514183261698,0.07663932873147222,0.13527757284790692
0.11857767397990772,0.10551603061257255,0.06918646257859874,0.13111272098412666,0.11161808285427599,0.1265587634442884,0.07085082533541082,0.1533758920328772,0.11320354817794193
0.11106050051983292,0.06836226437999982,0.27051004538822837,0.08086665515422807,0.08501267854190216,0.09149515976987782,0.020851658589944838,0.1756339157983172,0.09620712185766882
0.08467216366632142,0.06403629137308875,0.2665598235337225,0.13542492822623722,0.1221267054566653,0.07960569767278704,0.11561026322398726,0.029407506985393756,0.10255661986179683
0.10959912911288529,0.06340813724100834,0.24232089332829929,0.07902464422047006,0.09880727475468039,0.14338472406689348,0.09021534535895696,0.06120948720287985,0.11203036471392636
0.10157345535723383,0.08010457067419056,0.12875040321295086,0.08860697490191788,0.065187771754856,0.11551713362977588,0.0355161110999297,0.2844569186378476,0.1002866607312977
0.0728477385408584,0.0794437440934377,0.3243067346868517,0.08817671778255078,0.08032764456075306,0.08718455861337526,0.03877311987787648,0.1486655061880926,0.08027423565620391
0.06807650616368024,0.13893705748884969,0.036208854191304644,0.08583776302959091,0.07954368858477055,0.08920209967632912,0.0655374068943564,0.327245053535645,0.10941157043547341
0.14883464264777935,0.11630155152593802,0.22757476825730386,0.09771592557482255,0.0692357912309658,0.10406304451355218,0.052648445797710136,0.11750199561123138,0.06612383484069674
0.15589172019250344,0.25540992446175453,0.07130774901419132,0.0799532696956602,0.10380955623392289,0.1007663461741572,0.04945980915492449,0.08612344401361934,0.0972781810592666
0.0839778017303045,0.18834206779023446,0.2526146539644603,0.09009669230407763,0.07808794788643485,0.09284157307834984,0.051449539334711504,0.049615373668590514,0.11297435024283638
0.20738111288960406,0.1351117616444506,0.07761590669091122,0.12395824336526111,0.05873814289696095,0.08906738405105086,0.03162043338196648,0.17997810190215988,0.0965289131776349
0.12330099080175916,0.1404895809416851,0.033323438218225955,0.0803081202323543,0.061804734259441295,0.13712387132492412,0.09929065021242643,0.22211009767202858,0.10224851633715505
0.10825199963178173,0.10313816356150544,0.0644629752235925,0.11166354131738636,0.09706448697655483,0.1332800343559479,0.1095002021223862,0.11901658406725169,0.15362201274359333
0.10458756683562125,0.045775340110272865,0.20702102974692296,0.12219196314726011,0.08539801146785064,0.11262615818509168,0.1235392423528991,0.08190450261528597,0.11695618553879544
0.07667783918929985,0.15497044642839078,0.2308342806676675,0.11178442852990485,0.11980701564206216,0.09600152527398496,0.06880360517601174,0.06024362474682838,0.08087723434584984
0.07944062063927278,0.035850127731336785,0.046156383724286744,0.0745329124527444,0.16568757115670604,0.11247685727289625,0.0986958834489828,0.27224912574758503,0.11491051782618922
0.10745977687733477,0.11933774616143412,0.1027400791092694,0.08082986960316467,0.08878972057296537,0.11802745889217409,0.07063434319249937,0.1823281131046884,0.12985289248646986
0.17559911480387194,0.027324899031689703,0.25812832901970645,0.12410950620671406,0.09709523916267432,0.09141222689468385,0.07088407208717959,0.06915796222242833,0.08628865057105173
0.22624709557803868,0.05365247888691899,0.036398777216554566,0.1214292630555055,0.10604501514483357,0.1521317274211443,0.1176370124314667,0.04847701831832766,0.13798161194720993
0.16576243733212243,0.04812982768983362,0.08376257203598697,0.14214778404313527,0.12493659509635689,0.10503209647557009,0.11183917697617252,0.08750827944059347,0.13088123091022866
0.1119171929846166,0.01715279669186842,0.062201962037066315,0.13386232086235747,0.14210712327061545,0.11367458217180819,0.26793915561929627,0.045769651063762275,0.10537521529860895
0.1779508301241958,0.11959273001897701,0.22908698946587167,0.09769952152847387,0.06686800012060468,0.10069863974451553,0.075520504709525,0.04016916445260868,0.09241361983522785
0.14319912750277583,0.15193080524144364,0.34782000631850657,0.07417265004924335,0.05589213718894829,0.09252460206568391,0.03399482796989653,0.029283875762705528,0.07118196790079638
0.1167475990714747,0.06834651442585721,0.05681215868720588,0.10385002345015276,0.0849181289366211,0.12388472665194024,0.18864929933508848,0.10143737523858176,0.15535417420307784
0.16992273050124115,0.03708345395559292,0.1554571625988223,0.09101384433851502,0.19599672583323435,0.11241876660007,0.058735304301128034,0.0645835298110449,0.11478848206035137
0.1026380115075564,0.0305512735797699,0.07082236536607267,0.09745687905061806,0.1600535494645397,0.1366003891567641,0.13419761612634298,0.13666617438414475,0.13101374136419142
0.15288706533772914,0.020149670270779827,0.03771901349250967,0.16292707175716314,0.13851295885325945,0.14221602132081293,0.18260030346605963,0.037367215899076205,0.12562067960261
0.14875672677499108,0.046973402429199486,0.0325194938941453,0.10277815110275541,0.108855682316568,0.13945956101015408,0.16215083305866188,0.10437499866372058,0.15413115074980419
0.2050079006043458,0.07169435614257631,0.036723241164729144,0.14141427332973056,0.10951021455185113,0.11598754746593563,0.09463470392106076,0.10105576861800973,0.12397199420176101
0.08648508412260231,0.2570375296424519,0.05968201062054104,0.08173561178488449,0.13832081813978606,0.11356374088903924,0.09902285318470871,0.06443125074832999,0.09972110086765618
0.1171639567673593,0.12657466300751288,0.04000612769077267,0.16090880543977426,0.08154801744492556,0.10552091329051601,0.08672994521957045,0.1922697209395906,0.08927785019997829
0.14949402045676177,0.016920901795641267,0.04055135208431127,0.10113946793989537,0.18646867646621537,0.12437654052618197,0.16265043247434263,0.07816101655269451,0.1402375917039558
0.1306557271409903,0.09759215795773309,0.022133006589309657,0.12587271693032406,0.0734849320866606,0.09136002968279637,0.07401872582442899,0.2795670759832621,0.10531562780449492
0.12146938412643786,0.006777725562752614,0.22071939832571297,0.11959092396939781,0.09878612505960505,0.1100495843896618,0.17860822581967806,0.019009523909856843,0.12498910883689707
0.0783399415636386,0.05155472655220175,0.1647201655516374,0.07999026553084275,0.08723158064960314,0.11530268932382054,0.07822453994638268,0.22316672777663435,0.12146936310523886
0.15426745030590241,0.07085409931319502,0.17967759024150207,0.06086237075280995,0.09354404138939548,0.1367792535144985,0.061075329020415924,0.14873735439751,0.09420251106477066
0.20291267133567017,0.030599463219141615,0.06492666013745359,0.10665196973166959,0.17368178661331926,0.1359198822594291,0.15706735196551871,0.019271303950681,0.1089689107871168
0.28684010260127085,0.05790340998149782,0.29366512179711807,0.07431089277076254,0.07225702924451467,0.08311822606160298,0.023891695338603882,0.03567655716437705,0.07233696504025211
0.07960893858097581,0.14746791502232637,0.13644245468245297,0.12080824558133073,0.09491931548691383,0.11003967176700591,0.09905011463235279,0.1060496848315229,0.10561365941511876
