0.12965321360893736,0.13768969244956533,0.07863966822005748,0.06607198441743152,0.11787017904687158,0.1296947840038841,0.16499018331355456,0.02986046280093517,0.14552983213876297
0.14189647129127975,0.08129053379560287,0.11183264447760165,0.07566213637692754,0.1309186271369824,0.12107047516482976,0.11101568050504863,0.10378997231437515,0.12252345893735227
0.13134118282522056,0.07389826486007879,0.09219787651013019,0.2797363770602285,0.10217323585276857,0.1033690359883274,0.06243473041767733,0.053310389764382106,0.10153890672118644
0.1002755750302066,0.0695085438623063,0.1245375596412634,0.22374399559321648,0.09927626862439592,0.10069540363057554,0.07379385585445665,0.04566594138613982,0.16250285637743925
0.1164603964851794,0.12125062030436444,0.10858946155791814,0.09588573418535723,0.1272546837092872,0.11420234565146614,0.09093647206673783,0.028519411936085464,0.19690087410360416
0.13061747197760995,0.08478393172993727,0.07738431622829332,0.09411726740360377,0.1037433409463892,0.12086872349718751,0.21703441122974,0.07657149701842761,0.09487903996881135
0.10663076704227242,0.07929303430104968,0.11514627081165875,0.2532124717824915,0.1100310152951679,0.1316132958494961,0.0694155350586427,0.03578427755735419,0.09887333230186679
0.1258523501637486,0.10177369537351033,0.1278371928246751,0.10413169448093355,0.12662414245341772,0.13612943528669366,0.10920373576779681,0.06544062886314399,0.10300712478608036
0.12986124350569714,0.18960785120183773,0.10506354630885599,0.06405968659568088,0.10891638345395667,0.09825126688244297,0.13474582264274118,0.03922373177687491,0.1302704676319125
0.1454885757377714,0.08425768426149123,0.12185674867732328,0.10841298828326251,0.11866218499086216,0.1225661942994702,0.07272682276616826,0.06215331512425826,0.1638754858593928
0.13468037411097672,0.06839376201866636,0.11041485611666402,0.028783551869550884,0.12946167030708364,0.15824544004406335,0.1893152128057741,0.031813003106829725,0.1488921296203912
0.1960187762126131,0.06112719062536587,0.10723247521992994,0.032337042394903905,0.11940553431182699,0.13488582762228538,0.0951225947622597,0.047901224526184706,0.20596933432463035
0.11261355795822336,0.13003391124695257,0.08220251035789182,0.12416473594294536,0.10271981816606873,0.10755907905243395,0.14315700657914823,0.13411757075916858,0.0634318099371674
0.10544430224127403,0.09762989513263891,0.10842505037404815,0.11599251198637243,0.10042535672557291,0.08567378458958197,0.07229626153023137,0.20068262436210602,0.11343021305817429
0.1341313781164869,0.07933608047123342,0.10188738962863418,0.19387048607075916,0.09113565790612717,0.11080574231001583,0.15402104907391834,0.024707585564818276,0.11010463085800672
0.11323940591303532,0.12602990652799037,0.112204791017553,0.08298044324627103,0.10372746928834692,0.11168987922720075,0.16355242055138178,0.048985047136271075,0.1375906370919497
0.09013877713469438,0.1742496269208038,0.08876263936595578,0.01677745162831051,0.08123055628575145,0.10313986634885557,0.14678692104060412,0.01154762242293963,0.2873665388520848
0.08927047816671048,0.06771207234572779,0.12919400214280638,0.13845520124809882,0.10065756666991484,0.10343246094837938,0.06337212829683024,0.2318038704335242,0.07610221974800789
0.1432988773388061,0.05364029025438133,0.11334401128386835,0.05126036743606532,0.12857347910061492,0.11266760716715378,0.19960961417790415,0.04132727258984412,0.15627848065136193
0.11913705911114288,0.15523404147727313,0.1128959116839755,0.06752640957332938,0.09926732626581473,0.1262923129810021,0.11295054929062309,0.09826188449243532,0.10843450512440388
0.12357298295891074,0.06120004731423831,0.11816502575224476,0.08048820573012135,0.13963278826074224,0.12890720103811248,0.11789863177350146,0.012234227786073472,0.21790088938605515
0.13452891196913372,0.0786091615757618,0.11182940658978575,0.11796415299135114,0.11299391442711397,0.12930111477952763,0.11123129455759027,0.014523273823036193,0.18901876928669956
0.110625911006684,0.07818458014435707,0.11817946807534814,0.2323485237174497,0.10553421393905416,0.09858596175252021,0.08936356444858072,0.06232062978896959,0.10485714712703631
0.14992785974249165,0.08294333435629535,0.11287259454292183,0.08344927820394617,0.11772429268111428,0.12649653528216517,0.12194891805485324,0.09489076035484832,0.10974642678136394
0.126460755868069,0.09288347991225128,0.09731735066709553,0.16422899704501445,0.09255801703254497,0.10815953811094549,0.16619241248621044,0.019552976116143133,0.13264647276172578
0.11959848591352464,0.09909686741357021,0.11298198291452276,0.10183455380376209,0.13341906499556397,0.10894376022346024,0.099880048919802,0.055556963986643004,0.16868827182915114
0.11552265164605767,0.08643048576744577,0.1285559310226482,0.1649479926157431,0.10918540089582839,0.10134293102004975,0.12534248818174576,0.019318257223185097,0.14935386162729627
0.10915218765462927,0.07738623712948356,0.12411011014208968,0.14430482123345678,0.1287022760348707,0.11393014724906396,0.08056435710854823,0.08713549063734195,0.1347143728105159
0.13271849389769622,0.07954186795355327,0.1124338931873909,0.06347139075757986,0.12317118685826382,0.12029293424968134,0.16830535449876094,0.08895723427860003,0.1111076443184737
0.10297814557188793,0.09473964704942604,0.12946075897847095,0.17908135937746913,0.11589389508865128,0.12705518649527134,0.07403980857107409,0.06282824955865292,0.1139229493090963
0.13599257501674797,0.08453684048134835,0.11363323876179694,0.09331658444987745,0.12689583374653282,0.13940733124954877,0.07952074200984767,0.13416197808075986,0.09253487620354013
0.10477772309741763,0.09214539952355282,0.10514653159340702,0.056032653548713944,0.09732793903388078,0.119444024404792,0.2485799214699265,0.02717533679186383,0.14937047053644548
0.09038083723769262,0.10142416956294525,0.1316783313314802,0.175525032529757,0.1089199630335242,0.13012682597012362,0.1004846463443247,0.07042168829146826,0.09103850569868416
0.09142618651896896,0.09987952780144221,0.0978236201711915,0.1415702196424435,0.10066010552775635,0.09025573722621412,0.04479930861596326,0.23699280230394612,0.09659249219207398
0.12007626982898245,0.06823310294555206,0.1498320474205839,0.15525172890285457,0.11515358612037789,0.11659965735313493,0.11048399103342584,0.009610228596327453,0.15475938779876086
0.1483591056616461,0.10744805466474454,0.10935465754098402,0.057928058215976796,0.11748912133563427,0.1550620540728228,0.11305755849761913,0.060336779001342024,0.13096461100923032
0.10229365392135391,0.17893326526190678,0.09801775839720928,0.08211163265770743,0.09250206134513139,0.12302751992546157,0.18250565222789894,0.015275418368136085,0.12533303789519462
0.09428834845636282,0.10048451152390529,0.10197058944880287,0.14607549144475768,0.08453202623078625,0.08013035911444355,0.09232721432852618,0.21292052129773897,0.08727093815467644
0.13091191329973084,0.08028798501617021,0.10767120558591418,0.053400335191199154,0.12067333542276087,0.14354708789446005,0.1420288336887468,0.04616835287207103,0.17531095102894687
0.14241947962754878,0.1486828270561933,0.09655797564104875,0.06297836950624947,0.09764506078711144,0.0998807627850502,0.08986139420925542,0.03197743123653387,0.2299966991510087
0.11611810966560332,0.17143145772901955,0.0952037677493718,0.1118436133828891,0.10881487743832757,0.12847627427551328,0.07690465699900785,0.08275861931774946,0.10844862344251804
0.09048737775381656,0.1068076644373102,0.10907496156230341,0.15211343133329044,0.10718881192402874,0.11246611876409911,0.08640757424298001,0.15682928486338923,0.07862477511878234
0.11974799684954081,0.13973668440917889,0.08718940326143652,0.07301209564916378,0.10407497197920614,0.08852609104130305,0.10059770780371947,0.0667985617102922,0.22031648729615907
0.11169426086865514,0.0807535096801721,0.10695060469183565,0.17438633492355815,0.10732992300858184,0.11699627493335345,0.10938771149725872,0.1274757544490082,0.06502562594757678
0.10146487177166157,0.12906380086675737,0.10153373968489916,0.18422093301206952,0.10027963843305593,0.08908845093691982,0.061527360361649776,0.12972416306382822,0.10309704186915862
0.1237910602473737,0.10428876134040688,0.08626520974998997,0.18776345738597844,0.11980293219815001,0.1590711803984021,0.09995678062064806,0.01883336127442837,0.10022725678462252
0.10154316447803352,0.14897533352368295,0.11448092192968028,0.08835286925432077,0.09905074953842681,0.11518835338390702,0.1799016425047736,0.031997781971191866,0.12050918341598311
0.10744931695863058,0.10063500180013585,0.08704986618559622,0.04354832162515657,0.10874835546038808,0.10636658037627249,0.3410693167280643,0.028261262287111417,0.07687197857864451
0.12257025637129171,0.08177417279642546,0.1296605083162816,0.09866051875393901,0.12131233331117201,0.1440872482951596,0.06121975189590009,0.07110935003755259,0.16960586022227794
0.09989195415395657,0.09222611707606304,0.09790716039430264,0.1647069083857591,0.11531938529794457,0.12563454599211665,0.12819829824952836,0.03219027048617943,0.14392535996414954
0.13495664883682987,0.07618175091462609,0.10621628289657241,0.09007707509130697,0.13889568815336395,0.12391727230512463,0.12973548479696212,0.08335403241544302,0.11666576458977096
0.14499889341117753,0.10788296800312684,0.09427463553678687,0.07084369499195016,0.10804224193756766,0.11614901069158241,0.09556328986455111,0.0832078623043003,0.17903740325895712
0.10659741694535473,0.11366807171342186,0.11109770042923335,0.15618289599141152,0.11250745194266576,0.13389089478320204,0.1231314733605481,0.055695140674320985,0.08722895415984173
0.10204704688471439,0.07836066556269304,0.15085444447204008,0.1274850226792959,0.11737536458908278,0.12989871839645042,0.067903031587924,0.0663776811579455,0.15969802466985386
0.12652692188635406,0.15688493682760377,0.09240222861819236,0.08140854813147136,0.11662704415758172,0.08789086066784052,0.06995374819504578,0.03938779449009625,0.22891791702581418
0.1065133345682568,0.1353107673272985,0.09481384541135196,0.08016157098349418,0.09009068920148,0.12401449135722954,0.22286302024728422,0.08412304688010434,0.06210923402350049
0.10839054396320774,0.09027734533540221,0.10012200810089074,0.11389673541806707,0.11525292444941258,0.1137842385209365,0.0794203599656167,0.23185836866001197,0.046997475586454396
0.09436051425871812,0.111252831175379,0.10991259876465799,0.12941848808860407,0.12956173243120236,0.12033965680267529,0.17912182182270509,0.044110291653470635,0.08192206500258731
0.1084217922082064,0.10593658567536429,0.12517654590457142,0.11120354291799457,0.12083065896849732,0.11315187583836629,0.15702278313940854,0.05193869147663647,0.10631752387095462
0.09243257163821016,0.06651183922189524,0.1240569145321868,0.1676191243237131,0.14167756100899018,0.13280722798472636,0.14592505758934984,0.039278643778877464,0.08969105992205079
0.08503163213080654,0.12588482296704687,0.10738305171581347,0.18032064873055045,0.10653148590569846,0.10418644117159497,0.09750958221937833,0.12265436097181437,0.0704979741872966
0.125468197696023,0.06561885917330888,0.1514796515376172,0.08118646403780719,0.148310833012493,0.14238113240572262,0.11452352178572749,0.057909146693329326,0.11312219365797138
0.09507389036473157,0.14213330955436523,0.11634232088657308,0.20845535100304158,0.08071411480519886,0.09207093068156968,0.07274448150133596,0.09350558427807582,0.09896001692510827
0.1455001188332318,0.06062162778823516,0.14295395703130123,0.045663265722046764,0.13987418948612684,0.14622532643573644,0.09373917614071435,0.08365830995255347,0.141764028610054
0.1134009209779614,0.11247943704142392,0.09551174561328184,0.1546472561536825,0.11565415328388003,0.10449573174498578,0.07126418442749259,0.11485892501284713,0.11768764574444489
0.13399975567240188,0.07637559016213867,0.10133223867510087,0.18017267962940275,0.12903448287119226,0.13637152771680552,0.0519561462083655,0.06938656082058478,0.12137101824400769
0.09223260376868377,0.11105966245651559,0.11169309591669736,0.27406519971797344,0.09653748895279761,0.139059400450569,0.07706002554413212,0.035921894603147715,0.0623706285894835
0.09747121333764215,0.09616071680313677,0.09340850441671565,0.14011895594403995,0.10525802785544473,0.10942851106612354,0.1447283211487714,0.1398766664956311,0.0735490829324947
0.10916861950003794,0.07140108059271567,0.10899911887838863,0.16100782447326048,0.12211560404226147,0.12259537380402517,0.11099019693019001,0.11191559208257514,0.08180658969654554
0.08548223786195731,0.12726965211953087,0.11912705508379595,0.12997888949649522,0.11113712382337428,0.11106918746938188,0.10495901931886058,0.11137016549457078,0.09960666933203315
0.08593512711972451,0.07903928349517324,0.11847025233500409,0.10900571022010574,0.11265814253063455,0.09055454042048718,0.12060528768345143,0.19058491884853843,0.0931467373468808
0.130478679871354,0.09284252765314661,0.08924434991732123,0.10754776016860212,0.11292483500466916,0.08865278278738592,0.050962559786371674,0.2289287470037309,0.09841775780741834
0.10722950270829502,0.14192625178766027,0.08320265273284287,0.13648479000289043,0.10921852048527882,0.10092747317112205,0.15722695440945558,0.06510917044288798,0.098674684259567
0.13343332725853616,0.10405221438785765,0.10594769430996231,0.09371203645669958,0.13036383844138624,0.10998317964393296,0.18262325790722922,0.020781292819714404,0.11910315877468151
0.11827088398472423,0.09265765743832262,0.10209001302162389,0.1488129019115322,0.0991810901963006,0.10928029903917626,0.12298678203720427,0.05055352288354015,0.15616684948757575
0.15953717374183174,0.10860094140996858,0.0883852786753957,0.10995086814516682,0.1226362777439029,0.11174451975172749,0.09688197040609225,0.0564417027996992,0.14582126732621534
0.08786601959608258,0.05629408964307947,0.1080013460240553,0.25449986856063195,0.0725577681197579,0.07454058765893769,0.042097709371814035,0.227014862532158,0.07712774849348308
0.08763565481461137,0.1304260148289518,0.11196233613794516,0.1558709106793137,0.0878318150730067,0.12896861069105692,0.08018394122484569,0.10183735131164451,0.1152833652386241
0.119342607061427,0.09095926200055719,0.1337278051924071,0.09376136557374604,0.12988560116963282,0.15427878224658007,0.07258692642163095,0.060884543294761694,0.14457310703925713
0.16562438772926596,0.08925514325765897,0.11663558646355232,0.14011113879096446,0.12039195535786452,0.09138620729195285,0.13589251069962158,0.037681611533877564,0.10302145887524182
0.11585591042506453,0.09265228134035931,0.10638179414325528,0.1885353985474343,0.13195833461196163,0.11545468195659749,0.05943196006419626,0.04419440182202164,0.14553523708910945
0.13419555246212422,0.13436002104600245,0.12363575292239111,0.04333148157198854,0.09394698702532889,0.16845658055420362,0.14123118884941907,0.03948228070291911,0.12136015486562297
0.09007305763709555,0.08241951778418073,0.08636679577610357,0.16238086895489742,0.09791039992002977,0.07734969789292652,0.09302332473186181,0.26131307776033824,0.049163259542566395
0.08111497429128069,0.13519681433916342,0.11919937966926468,0.1498380384563348,0.10581558239012356,0.09611796067872484,0.12799734237762742,0.11301248854221176,0.07170741925526875
0.1013822840652282,0.13975481530015202,0.08154363214224238,0.1542533455988835,0.07976067459833559,0.06543970063681455,0.07819208707233183,0.22276346446034487,0.076909996125667
0.10543237648448384,0.07804932995589657,0.12104811304223373,0.24626657143723904,0.10512277541687905,0.09054417452384633,0.08135611935365113,0.05523955361625547,0.11694098616951491
0.14885589480622904,0.06429132449881626,0.11435076232335611,0.15738142978885306,0.10774931657797034,0.12548208668177074,0.11155760626451362,0.04190954690097082,0.12842203215752
0.1392844775893586,0.0954050037767568,0.08855051181779554,0.14122496016777666,0.09321475970493125,0.09764979337338452,0.10030194631216761,0.09380776832871306,0.15056077892911593
0.13029340555900612,0.10262010105233554,0.08794503481031664,0.2514408787420141,0.09518524425872833,0.10265813029615256,0.12450845661804959,0.0341622098400508,0.0711865388233463
0.11177521088786009,0.0964606292393078,0.11045083368955944,0.11729925670934031,0.12314849338627216,0.09790025323816458,0.12809371453105972,0.10656876776629642,0.10830284055213957
0.07576385547543785,0.10909985638286508,0.09170561545465744,0.10729644554757733,0.09102154974401631,0.09214464185140114,0.10265127263375752,0.25837345400455397,0.07194330890573326
0.09687547884223918,0.1447444349945283,0.10365421621141142,0.17036901539253843,0.10720208858536329,0.12601369273707844,0.0787044571969377,0.0989526164734215,0.07348399956648179
0.06769478832685721,0.23620696238436045,0.09588800401016682,0.14353316671842534,0.1072689792230661,0.11014623620086783,0.09071150667887372,0.026157423635367837,0.12239293282201473
0.10280405408159499,0.09329800274974538,0.13993104261060604,0.06104504208136315,0.14140195966457256,0.13405696559451322,0.13642914317217267,0.046651779275826456,0.14438201076960552
0.16026153294519835,0.10350272537610694,0.11802632917899898,0.11623610180687431,0.09861500669031352,0.09881516034162378,0.06600795775515433,0.07282912852151548,0.16570605738421426
0.13628398556115798,0.08373584894542645,0.12162807009285766,0.07399277041342493,0.12183420137410311,0.11871462724190589,0.1630468014058711,0.04126067117098307,0.13950302379426985
0.11496641624746555,0.17155475482829796,0.08764580691098396,0.1032973275145822,0.1032495878112145,0.13327318291906223,0.125487022339815,0.0547468182995709,0.10577908312900759
0.13123037821533187,0.06998658862476365,0.11652871223350168,0.16934521314604248,0.09593159517340977,0.1032532739879032,0.09648008434644195,0.0634995891950451,0.1537445650775603
0.10952151904417014,0.1511595463351102,0.09194054833389735,0.12086274595830493,0.139300344880918,0.1248059782358657,0.11287502766773964,0.04132769802358094,0.10820659152041319
0.10579892888696509,0.12159473126500138,0.08710903894198974,0.14734924401529484,0.09415489907388817,0.08785358494529434,0.22345256704582686,0.03609630399125545,0.09659070183448411
0.08378229209372882,0.09834539076147396,0.12674535485339242,0.146634287846785,0.1280384190013939,0.10256674495290963,0.07854140423257339,0.13247567193000262,0.10287043432774035
0.10968408031303778,0.09738476334027694,0.12308057176002009,0.14042253118436782,0.126169950087557,0.13368709242456062,0.07394981334431326,0.13207189183333715,0.06354930571252936
0.11963005870945982,0.05825978965935197,0.10816065402363555,0.028929901117084756,0.10949507758262467,0.12164553147909352,0.13365770407187474,0.1706580035426902,0.14956327981418474
0.12854970783075,0.0780682228777992,0.13116165543299205,0.0611814515735996,0.12206765584715835,0.13318036300767963,0.1560127572051461,0.08432892758173809,0.10544925864313702
0.09407216450193438,0.1231084065064617,0.0778692556372787,0.17747290919682987,0.08602692490010812,0.07828818157942284,0.05818688116592386,0.2398152890917169,0.06515998742032365
0.09466055118392569,0.11842744625807322,0.10654710664955097,0.06673616407593397,0.1112426898509009,0.0992620437184145,0.10108679668357534,0.21362922790825176,0.08840797367137367
0.08743598786263107,0.1486371386524143,0.09461377768384382,0.055278114507528814,0.12074862698063078,0.10827392653119423,0.09292886686514001,0.156208006523305,0.1358755543933121
0.11332642130904545,0.11184975674062614,0.09582883203702725,0.0999152151480428,0.1340800999184836,0.1289394336377415,0.1329421187377505,0.026789834030382865,0.15632828844089994
0.11089672381366107,0.13709587888171235,0.118307768254356,0.04107956642844365,0.12936929183800971,0.1156914233611307,0.10896250910845444,0.08313179708854301,0.15546504122568905
0.10576415188552533,0.07762670466982598,0.09511444773165194,0.11375332098565895,0.09840741066566051,0.08543920268016221,0.05590221961801651,0.25462962914496456,0.113362912618534
0.13212678238086864,0.06889213482301391,0.1193406063103523,0.1854682430799243,0.10167756167904564,0.16833029792556697,0.07090586965723691,0.06265222622413537,0.09060627791985591
0.16512143123786546,0.053938477355920576,0.1064374471226528,0.08059115689712451,0.12370499374748416,0.13729550618650407,0.15230327248723743,0.026306393954477352,0.15430132101073363
0.13606511609958674,0.1378581160757608,0.09269566820314162,0.1287513565399454,0.11173154009842438,0.09848094351321494,0.08114271953542306,0.04351187999152959,0.1697626599429735
0.0866866514099099,0.086353544624719,0.09403786150373489,0.08754220904545351,0.09975711349927736,0.09702728242953344,0.07420958085096946,0.3225595245500778,0.05182623208632453
0.13394404626120804,0.10941422407872402,0.10977469277448366,0.1511638874859537,0.13172239952462572,0.13897300986705133,0.08205585559097762,0.06530795842721288,0.077643925989763
0.1151498963769174,0.10336039854123258,0.1502536482356803,0.07346181232920122,0.11942688301195419,0.12997159138306555,0.12993807344129826,0.04841762940189114,0.13002006727875945
0.13162573414137102,0.0979876067793665,0.10403558428707216,0.090012432472775,0.1203730801937599,0.11053656704192516,0.20063258312386323,0.05359841478385241,0.09119799717601462
0.11833748395282971,0.08741020824700109,0.08791630623691443,0.2046380825278655,0.08831074608905133,0.08603806885257737,0.06699726488339428,0.20205661637041974,0.05829522283994656
0.12080625938400052,0.11599195390393564,0.11233983686981708,0.10135426385613988,0.12216485852462604,0.11337661081608215,0.10237853264725998,0.07381823525151483,0.13776944874662378
0.12671429315764302,0.09252210355328035,0.10146221890892614,0.08657003125007927,0.12087286059281503,0.10402175631675732,0.16239260484081644,0.1136731660159177,0.09177096536376468
0.14837104321221906,0.1181106595618786,0.09449122153326618,0.06489543198925994,0.10439444216467153,0.1508968569273266,0.1543502492035738,0.01354123841449299,0.15094885699331134
0.12142468936257543,0.0680184107587253,0.1227183880278816,0.1605617587262861,0.1336015353264183,0.15165192860543755,0.10320339843256295,0.04784835331537359,0.09097153744473922
0.09643905092636675,0.1458619701481165,0.09917942928555733,0.11243288720959221,0.09792185197826546,0.10627843776006517,0.13862124275971502,0.059218349128921786,0.14404678080339975
0.13508027717436946,0.07045503145484333,0.1254900013765804,0.23291687595415178,0.10274617662218222,0.09976876461550895,0.05155094287304137,0.02388086255052642,0.15811106737879607
0.1505867799953664,0.08844625228724623,0.10966087034133103,0.17312101854295123,0.10604048304820231,0.1160527669583362,0.09387205832412059,0.08961295614636426,0.07260681435608171
0.11471532903418262,0.11881894000530413,0.09217131752807763,0.10666219474777539,0.10135715314323741,0.08989031782658828,0.06991104765778768,0.24344810396979874,0.06302559608724811
0.12314305013839266,0.10011558154978935,0.10221415950043178,0.10211586245646304,0.11857734635632122,0.09483446886727986,0.07049856369702208,0.1378009893742903,0.15069997806000976
0.11555114888164182,0.11799129754155703,0.11785200435670078,0.07971776688123434,0.10631779283810787,0.12953221272735826,0.1815815858179811,0.03722568528913729,0.1142305056662815
0.11747776094952306,0.09547892947884955,0.11131402119993221,0.17023108580074964,0.12918039123598168,0.09898329586340227,0.058531948809591734,0.09557430140361815,0.12322826525835169
0.13292640952047033,0.1269106829192216,0.08701960455398634,0.09014594552474949,0.11336922996820742,0.1083108346023436,0.13345274801762683,0.07979109237571357,0.1280734525176809
0.12982346255912525,0.12147130112708145,0.09934607710718919,0.10050107244702537,0.10941326665436979,0.12380142355011266,0.11196042220070808,0.12927962766243795,0.07440334669195024
0.1071226615768563,0.08937268828881811,0.12044098520187115,0.036584501310745136,0.11506961593732368,0.1285061921839425,0.14214778136334338,0.16414380565871303,0.09661176847838661
0.0881461688281282,0.11459875558979764,0.10021350021213225,0.04375295327632315,0.12248155517915042,0.11790517085967712,0.27048316144339996,0.058319892253858946,0.08409884235753239
0.12245649821872051,0.17334052139503656,0.09808834497330698,0.10322271287300537,0.11965259930025414,0.11328663343442032,0.1046791045819298,0.046988167421898756,0.11828541780142758
0.1462428731920062,0.112714386459553,0.09291237869647735,0.045828704393008346,0.12839095426545252,0.13292521316628012,0.1346191339358745,0.05749253409630503,0.14887382179504294
0.07477559222434944,0.13064786216108704,0.08356916850810979,0.05968097081481503,0.07923856483417076,0.07841520317039255,0.043865154674074626,0.37657732115108705,0.07323016246191368
0.08471523644238904,0.19570371595726188,0.098724718036521,0.1093381567129821,0.09648603297677182,0.12384876723237508,0.16010835059374026,0.06246049852559663,0.06861452352236225
0.12143642237067243,0.13132366699154321,0.08778809620783706,0.10618111124860181,0.10455239559938202,0.11454912690940339,0.23123238873400961,0.034095851501460814,0.06884094043708955
0.11470083010448935,0.17038735101131494,0.09297344051443257,0.10393233623219583,0.09727133941774883,0.1179674203225906,0.14813574434006713,0.03109623154941965,0.12353530650774108
0.08934831474713156,0.0882288029779199,0.1279503558705066,0.1980333033495071,0.11900766141796622,0.1133426542243547,0.07105009371323896,0.07568125808132754,0.11735755561804732
0.09338870588890176,0.10918658311140143,0.10060433699802525,0.2140757308363241,0.1075217211741611,0.11470888639212658,0.06201800535875987,0.086873552016925,0.1116224782233749
0.12189023170607678,0.0693800727593383,0.13372552732260198,0.12441184129775888,0.10108937489391157,0.12470303808004546,0.1599022569359252,0.04772223223279274,0.11717542477154912
0.0776423804089102,0.11360762697499764,0.10755241325032865,0.13653583513517867,0.11583605835050877,0.11045238748913229,0.1280295450669752,0.11634062075243269,0.09400313257153603
0.09507897361474954,0.09928019749485158,0.11164076724397137,0.1967122473646543,0.10058469474180344,0.10365682447894116,0.061227385547142306,0.15116828143611907,0.08065062807776728
0.12613317512069566,0.13109240611994397,0.09449413535425044,0.10555463516706924,0.1103100923336724,0.08589317862888661,0.09336686925623032,0.0951004993922104,0.15805500862704097
0.08618946235054997,0.14640554761655797,0.08009861834094006,0.20056326119258805,0.0890342563169773,0.07588151774558784,0.17774264705760093,0.02046115916846018,0.1236235302107377
0.15176956429742228,0.12637060768872466,0.11757651076609255,0.06184554505333873,0.12917127144097396,0.14413548821978003,0.08515803256682265,0.02070912792664635,0.1632638520401988
0.14266167487522807,0.07298541329660874,0.09511202143412496,0.05417203368697492,0.1348090697526871,0.13132835115450134,0.17801348686855925,0.04989457505784542,0.1410233738734702
0.11496606794024318,0.15141508735776357,0.11758213412447525,0.07090322909187696,0.11080478934120785,0.116543086122094,0.11086471039003086,0.14105241309925096,0.06586848253305734
0.16206882179796622,0.05478245121042313,0.12363982221788868,0.12583196896198934,0.11574080861115547,0.09437723683255074,0.11679679554366788,0.010399073886932056,0.19636302093742655
0.13095770275516097,0.11878864211032458,0.10323113348227257,0.17887717287818442,0.1211895525632568,0.10536620873768913,0.06867015460038471,0.059215232209797054,0.1137042006629297
0.11124145953842095,0.09301528474825534,0.08275223307402955,0.18315336358850298,0.10042768477957735,0.11160501375333952,0.09900088816688128,0.10847688737988076,0.11032718497111228
0.1309400372745239,0.08698979664825612,0.09783737079425714,0.16766132964797956,0.09334728049357044,0.09238263529594858,0.07945337829715914,0.1251243492648587,0.12626382228344643
0.07609115588896352,0.135642893609466,0.09606925353428215,0.18419970461998805,0.08696672542788086,0.07451753576343191,0.1283817570003651,0.14899849540881274,0.06913247874680963
0.10849983201735468,0.06381988725934816,0.13064423982707601,0.041818845035086864,0.14001881618136358,0.12663684492945426,0.08184236096614755,0.03992703120330044,0.2667921425808684
0.11346118439059975,0.07379992545724796,0.13722808784632404,0.1150902395534088,0.13809353752377843,0.11121086064704762,0.12830823967327626,0.06295274781244549,0.11985517709587162
0.10114107238907666,0.1325847018224617,0.10053863026394157,0.14162818833781862,0.10705216128041323,0.1341879489682413,0.12231972434507832,0.0407349108747538,0.11981266171821482
0.10324078295006517,0.08343674724424242,0.09267909594295766,0.22468653904399827,0.08535596379953947,0.08713297871008273,0.0536349581031197,0.19895763942818867,0.07087529477780592
0.10133985845769351,0.1012210388299708,0.11172682948768636,0.14167779256435312,0.10222135823642997,0.10264684250134137,0.1886356129113708,0.028556062928969204,0.12197460408218504
0.05109770488595625,0.07580809487278431,0.09398374222402861,0.3341732146413822,0.07860944590449803,0.07460584808289118,0.07739626591696368,0.18663294546585796,0.027692738005637835
0.13223193391695387,0.10082066842038728,0.1299885111372551,0.039878325717707934,0.13670976388117625,0.11349796405065138,0.09685267684767902,0.09774250805280855,0.15227764797538057
0.11030986661994836,0.16261488029350368,0.10043919055240887,0.08238456956618878,0.09895727752463383,0.10417371939272217,0.16225480223124708,0.07667663331829101,0.10218906050105629
0.12424897982264876,0.07770957724195635,0.09939105094893386,0.11595087283687268,0.1026584077296906,0.1050361577325911,0.0524458277403391,0.19678483104044134,0.12577429490652622
0.09698872375087915,0.17237769809929815,0.09549070901817054,0.08042207452549048,0.13994962283412338,0.14047659174606808,0.10179295396343109,0.09353051252307303,0.07897111353946619
0.07656564580384807,0.09033748293635296,0.1335502532482279,0.21373358381400945,0.10075813085820386,0.11685327645768734,0.15218502706044926,0.03777716957566605,0.07823943024555506
0.12852098420879712,0.08302990626158645,0.11952231324422631,0.16515086756748829,0.1263973184472531,0.11773526533941912,0.056531407711594865,0.07192191771552152,0.13119001950411321
0.08910122353331928,0.16431050423121873,0.07008967123053089,0.12556315433782725,0.08716764413323981,0.09879291848934701,0.0510975163475608,0.21326270257948562,0.10061466511747051
0.08204126784459598,0.1284207985973801,0.1370345087135801,0.12491587058105046,0.09517679781743373,0.10633913421706459,0.0935961737593083,0.15437944186847732,0.07809600660110945
0.10417323688613385,0.11259978258728294,0.09660679083249218,0.1321935829987781,0.11402517154534242,0.09588806622967365,0.0747028910001014,0.13035446992684074,0.13945600799335475
0.1160068082745593,0.12576393253545476,0.1129033891496825,0.15464905031093237,0.1010582507972952,0.10651823676818649,0.08497258007109093,0.10648318481678275,0.09164456727601565
