0.09049541160627005,0.1033553743588187,0.11330677747341085,0.2846954358772315,0.07476725294918479,0.11542109231168646,0.011988175603692459,0.12775598241454036,0.07821449740516488
0.16227891495742952,0.10328909882454883,0.09089054853783805,0.10492213688691515,0.13937528869040852,0.13779701532038577,0.05095649871983416,0.07145583972036774,0.13903465834227216
0.06452162523366377,0.12468667614503272,0.11787529728657664,0.05275249988111098,0.10288269092120776,0.14670754340097228,0.035787699206128676,0.13083757942740945,0.2239483884978977
0.14229372740244306,0.10876932643698639,0.09424100481541355,0.16975345804560393,0.11363378464481148,0.11574074581762057,0.06899497217242902,0.05918287594705187,0.12739010471764023
0.19453005731990067,0.11723230476595421,0.11424668301974095,0.09284193988895334,0.08090639251006075,0.08002653759636383,0.08507970702407637,0.14112001320777237,0.09401636466717748
0.10240033368538737,0.09291760692438715,0.1261288671177969,0.11777841958148723,0.1527666755784077,0.1358983043956326,0.11341611694339133,0.050062858394460556,0.10863081737904924
0.1393462868333318,0.13854803377662742,0.13123923757930347,0.1444172345945405,0.10248442922621763,0.10002043581452781,0.027394967029389566,0.12994567815131475,0.08660369699474708
0.2261142584100023,0.10933251575249198,0.09398622768834282,0.1668581060155174,0.12650460359949167,0.07770915047045658,0.01947678146295186,0.09435597133366021,0.08566238526708515
0.09056389518419235,0.09761567619592011,0.11019706130918976,0.08679962802676089,0.0933974939979837,0.07693844118497692,0.31976692717994987,0.041092527552476006,0.08362834936855039
0.11195644089895695,0.10564958022009167,0.14331748183707885,0.17690069097904457,0.10841790599298429,0.07742326243074886,0.03670741980008122,0.15288518195645376,0.08674203588455982
0.21402793140175358,0.09537518834779897,0.08228368697472588,0.0736807088018316,0.07820852523677911,0.06616633270797377,0.1880146153409569,0.09273090158614422,0.10951210960203595
0.07663578907940018,0.11866483087579911,0.10545399807520807,0.08661395360469258,0.08524188631616873,0.08739019705976499,0.24386700590305618,0.10657693341307234,0.0895554056728378
0.08590259380380612,0.11694234705301776,0.13472750999439556,0.12296722416333274,0.14261329326122618,0.13271241576691362,0.05459625931788875,0.09784813201384718,0.11169022462557208
0.13562311969647314,0.12210115706298962,0.12022139744047633,0.0918512727296918,0.10256914002643787,0.05834445143149123,0.19706983895408117,0.06372573846980407,0.1084938841885547
0.10882368788439874,0.1070390002329437,0.1488032366894274,0.13295682795588507,0.09760469084214861,0.09710703399458569,0.1196899948003561,0.08164345156606845,0.10633207603418622
0.09301578062614545,0.09953178286592067,0.10825341297927216,0.037712466904030156,0.09000462406741556,0.13235991942594572,0.24074560516962693,0.09034306573457664,0.10803334222706679
0.14259197911666488,0.10865473583666148,0.1211455555023941,0.15435162927042198,0.11309735567102396,0.08255244780591173,0.033663110489522974,0.1729801944989071,0.07096299180849176
0.043578678644150486,0.10390421483788391,0.07877612029656882,0.05765128104492523,0.09205205469720368,0.14719156391825416,0.2746549731972789,0.08130335652485886,0.12088775683887594
0.06135822508894236,0.132533296356316,0.12718021530135995,0.0622240893211125,0.10315788489389892,0.1336812020744201,0.0709971537174518,0.1555478212226211,0.1533201120238773
0.059729421705022545,0.09539136029318063,0.08012634744346105,0.0528085234203054,0.08968771577084272,0.08059466823891442,0.38670733831786425,0.04371720145660648,0.11123742335380259
0.1854500437178608,0.10285653839912058,0.0836514793084124,0.2904455134028787,0.07527362593258706,0.08557745307068977,0.011942470341817632,0.08704821190544822,0.07775466392118476
0.15390599618801726,0.10421233240350151,0.0783508466120389,0.11888641037622101,0.06979954165280593,0.11810663120150637,0.018898122400596407,0.2724269893013596,0.06541312986395297
0.05724871240897363,0.1079572789728579,0.16519985608519738,0.1293481209898433,0.09077037031049888,0.1299802010693513,0.185751855303847,0.038819761762001914,0.09492384309742867
0.1024685558244101,0.09682097775177605,0.0868394523729659,0.06410246138939839,0.090717931887611,0.10563480952154815,0.3134329744504723,0.0484527111418059,0.09153012566001228
0.13316816067344892,0.08892899929890781,0.09571194054768613,0.10182638871449086,0.12194458281983905,0.08979122121693135,0.20764673001846704,0.036478668886649857,0.12450330782357903
0.08886448542468563,0.0967808633494051,0.07596127722649725,0.15788120425057497,0.1279271185745622,0.07903599759552234,0.24735623476697133,0.05578765509050158,0.07040516372127963
0.15899759763217539,0.11871808510852262,0.101475022570734,0.1776933807625991,0.10364210859922986,0.14029545552204684,0.07455457294211654,0.055026766249460436,0.06959701061311517
0.12021379392536902,0.11673048481882659,0.10642891274852968,0.1654338586927618,0.10795370536765374,0.10555205914904531,0.02828511382628333,0.12561465697772756,0.12378741449380294
0.12475849781368605,0.0931600331910591,0.08773103139922073,0.05196410464197173,0.11187918159143079,0.0629530080868213,0.03462394787134715,0.3491265929883555,0.08380360241610758
0.08828124438259333,0.117767884473765,0.11738971884913689,0.09006379099090771,0.11832730900093069,0.16358864491589187,0.05046641630105075,0.16051549677685104,0.09359949430887272
0.11358909288031765,0.1387044534370517,0.09299642513202762,0.15153383283425984,0.14848505033797402,0.13267386988091645,0.01866650027546426,0.12018039379722921,0.08317038142475935
0.06530538552630978,0.11480503322808412,0.12063152920612803,0.07274586091154485,0.18712527131890758,0.11905206711497225,0.07067320769374659,0.09743100479490331,0.15223064020540336
0.08578531886525122,0.10204367902894489,0.10361486870533539,0.15773185225896422,0.1444593586145065,0.11282485637807343,0.037621765401511874,0.1264774000802111,0.12944090066720138
0.08784455654384886,0.11591542491552105,0.12053721286794594,0.0893977099589458,0.12140923096142635,0.14325083280275971,0.03552475334748523,0.17449243914201693,0.11162783946005013
0.18515257467616678,0.11424067980029996,0.11624631745147156,0.1500458030064752,0.07894345903856216,0.08651678763267706,0.01414217605888489,0.14137816227453667,0.11333404006092562
0.18813510446541537,0.11850949953282088,0.10002940491844327,0.15111332488483767,0.10976472045430785,0.09477665018427396,0.05053648213456726,0.09444868257945842,0.09268613084587522
0.08450213126063653,0.1106998477523045,0.12572056670018641,0.10083946024591549,0.11212676975433894,0.07885173520689896,0.13785941273033875,0.04267830879482328,0.20672176755455715
0.11067585893929605,0.10261016484311665,0.12325845624702754,0.22627997932651667,0.10803574709367962,0.05799843221414807,0.0029899983390705973,0.18020359558647817,0.08794776741066662
0.2336672388312591,0.09660579394708417,0.09715416082795658,0.11616259903391779,0.10264937339483936,0.07641007081357874,0.16413028382115016,0.025557783190752647,0.08766269613946147
0.13640048425132617,0.11331895810449082,0.09685074236613815,0.1388898876559295,0.15032247622820336,0.07918338256836947,0.09758796718709262,0.10216107135440809,0.08528503028404183
0.07776461632298098,0.1009879295003565,0.09345979817159089,0.04769629820797746,0.08115180307225839,0.1105328331269892,0.3373299700893007,0.04820087823257222,0.1028758732759737
0.08651213406793,0.08759356686762436,0.07775907564057671,0.2563743944305319,0.1230778198125122,0.060457297868396404,0.10077981151632448,0.1425835008123093,0.06486239898379469
0.1479951755570326,0.09559823200652152,0.11190771747628642,0.2613584593496307,0.09867597162123937,0.1092612999451818,0.024230253166916255,0.07540407802481199,0.07556881285237936
0.10518704674243572,0.10646111613692948,0.09669035329806308,0.26683987801444126,0.09848340991910993,0.11082409677296672,0.027107279566519663,0.07474106190258327,0.1136657576469509
0.1041346761829474,0.12606803778814954,0.10744452633190428,0.05597864387722875,0.09638146994318021,0.10190272134763091,0.0764689592035472,0.21229363046990393,0.11932733485550771
0.1473021300101863,0.1147579723308888,0.11215111966093953,0.14785824646172321,0.12889740929517754,0.07886126667662885,0.09842474842457775,0.07028417117652733,0.1014629359633507
