0.09808508395245558,0.1251069489120506,0.0237641963910665,0.09965210713284335,0.10425881181056658,0.0842975684512867,0.12686712283171733,0.22795943996441573,0.11000872055359756
0.10175149704440334,0.09243532658678401,0.1699961380493221,0.1292186465179306,0.10734915713024185,0.09091715368751492,0.13192553095602258,0.07677838060331245,0.09962816942446824
0.09529073466558828,0.08265308582674129,0.06881833938165614,0.11837268530383142,0.11938209717028155,0.2014710618086546,0.20847708607535112,0.010574876714289534,0.09496003305360605
0.07421805611026717,0.07006602114876115,0.2564728682585966,0.0956696845954332,0.1317852054174431,0.03570294685980579,0.17904630123770146,0.0547546036941744,0.1022843126778172
0.07449062206857816,0.07361595636284712,0.3601489872391413,0.07815912154580253,0.09107642934371724,0.04818348668729675,0.13371807314954112,0.051660232178756926,0.08894709142431885
0.09185353897689945,0.07743534782190765,0.12416012778637937,0.07862862879073086,0.12228544470622064,0.051813377867404066,0.2846082962771875,0.07211459585139204,0.0971006419218785
0.11156681583282668,0.12407361485962694,0.0329210373780873,0.13003781898043765,0.11854676904059054,0.10391112298242162,0.15204869391776443,0.10162744741571755,0.12526667959252732
0.07719775561078217,0.09222207034776593,0.20716135746575917,0.10246323626522864,0.13490928750758382,0.07280303677697224,0.17542164459997064,0.035325232211726655,0.10249637921421077
0.09186978787495548,0.08347097379596125,0.2538621732641328,0.12271671689148249,0.116298935107839,0.06531499742330382,0.11240714666670726,0.03608067764772838,0.11797859132788953
0.10697611995769651,0.1083900986573862,0.06601472191021523,0.11001752763786522,0.14184565393014045,0.16247873566607676,0.08501070362010739,0.0900300319963157,0.12923640662419653
0.10896002812507671,0.11298760001135143,0.09289218531334077,0.10420451242158695,0.18042493477906837,0.0707977203041109,0.11062443494882979,0.08099033215551664,0.1381182519411185
0.10289949321276597,0.10838772748612811,0.15747681473987754,0.09489062520692333,0.124308487708932,0.05853252789205232,0.07371173846726654,0.1472740422085518,0.13251854307750238
0.120233740634258,0.1123992749819583,0.08108577370288975,0.13898479239560635,0.09353382749537408,0.07555112151929787,0.21927547780216206,0.04223889856600201,0.11669709290245167
0.12366106093007856,0.09326412676496053,0.03534671796370233,0.09713723460594666,0.11124831994736369,0.053674145702422814,0.05964657300762122,0.33255771566044134,0.09346410541746282
0.10532502653197222,0.11943957699163554,0.0923082314922805,0.09198811210715914,0.09471849117554153,0.11376598718956939,0.14467330761378142,0.12353428688493688,0.11424698001312338
0.07479309666420379,0.10104249174561246,0.40314392268502086,0.07889781226383437,0.08707296552704234,0.06665038674834833,0.049916028899674954,0.0412450129175952,0.09723828254866773
0.10600161262221149,0.09024670040991989,0.17154728085705673,0.10545033964970606,0.10323764746683627,0.16578416293535475,0.12034571927182197,0.03944880211757959,0.09793773466951329
0.10801482028367837,0.09602023079830546,0.09983925482623868,0.09323115326571836,0.10353426627242825,0.14238832592835518,0.0994405674583636,0.14709252507933607,0.11043885608757602
0.07621111735578417,0.09364351672298114,0.007233932844777565,0.11572386891743063,0.0850650262008011,0.35864720909467424,0.050273071919973635,0.10758998241406965,0.10561227452950782
0.06922515701482816,0.09148594438262041,0.1261632296383018,0.13580138930321647,0.13810343327101746,0.13167969217445102,0.04104911458941965,0.16755984595851137,0.0989321936676336
0.07637336991293846,0.09146288234723031,0.23886157368392355,0.09011746263304099,0.10123019240888224,0.16165510020399781,0.11556205714623667,0.02286440987430398,0.10187295178944604
0.11637719971151322,0.08357732882264013,0.017131546813444375,0.10937941354486935,0.10139559383568504,0.11590683475223339,0.07520437996863137,0.28057436646740275,0.10045333608358027
0.09006812067130072,0.1002401379108831,0.28181974805351157,0.10499653824063655,0.08702488614355763,0.10124110687130354,0.0909699377174971,0.04888886345449872,0.0947506609368111
0.12690884717574677,0.09811708432429651,0.06196955844878913,0.12551644639561046,0.16685162597429962,0.11647744484884791,0.09261827148672963,0.09369936045402294,0.11784136089165699
0.09300989812902406,0.07796505470976332,0.2914518792510991,0.07061895825374372,0.0782763756225126,0.07455956422374617,0.16718720197222148,0.05531292515696742,0.0916181426809221
0.12833365027510654,0.13428526833237253,0.05811153892123829,0.14651581461240182,0.09798486885197093,0.1417364690946086,0.14463922369181165,0.04203948352529633,0.10635368269519337
0.09880022102303228,0.12979160322230573,0.03570186566220804,0.11890936918697176,0.08964152901895805,0.07902846767093707,0.09592018157360443,0.2122863413054811,0.13992042133650154
0.08373143589781622,0.06924229356794005,0.28462543865557555,0.07125094632242635,0.06547377973569292,0.17433391123929912,0.05133880032669433,0.12287337260680142,0.07713002164775402
0.12616086883890373,0.11421626026350457,0.12696045015251176,0.12649242889585624,0.10163926813382022,0.09244981372405107,0.10258126485629628,0.08739893163239071,0.12210071350266542
0.11012094747444563,0.10413841080916224,0.032857313049881966,0.11553530088462677,0.12032672745937374,0.1843998884080309,0.11567268205323168,0.09900294060299812,0.11794578925824888
0.10844150323649615,0.10956431204528427,0.14975420709659518,0.11989060793874022,0.10528663876695353,0.0815799805811905,0.07871498182243691,0.12233333784740262,0.12443443066490056
0.09913914934612278,0.10522647418127105,0.09111555965261457,0.0820706606784132,0.11914187025307214,0.15358900092227554,0.06182354051533956,0.17868504129037446,0.10920870316051672
0.0833891971599821,0.08146995169065824,0.38890180698726534,0.08924678016584177,0.07655073456451165,0.06912392259328069,0.06920268539225717,0.04869430621872171,0.09342061522748128
0.10733739605611477,0.09819949111688175,0.04368771120211179,0.106069227767079,0.09267624569369314,0.11592119777354203,0.21414098737751672,0.11520485229255595,0.10676289072050486
0.10600357190645975,0.10115801254269245,0.1406242285278466,0.12671981653305256,0.08977913300412406,0.10845301749350063,0.16552171095893034,0.046336444434856315,0.1154040645985374
0.09530893831090533,0.09553937515084487,0.005851052992165197,0.10631735315982975,0.07938998773736346,0.10566261034057899,0.07446983113147164,0.33337989403237606,0.10408095714446465
0.07839316349614567,0.10846045340904893,0.17167105886493064,0.0963214349662615,0.08822221742921392,0.2550646279274024,0.0762909346663536,0.023059647923017942,0.10251646131762543
0.1017536903809032,0.09174227754536779,0.16806456734583827,0.09821706913882837,0.09218789653211396,0.1832748172585639,0.09636719823415218,0.055774266745668676,0.11261821681856372
0.10565231348170874,0.10050202823266824,0.17230038117808152,0.10898621052391927,0.11083898141562036,0.041775135090400324,0.1166442073240102,0.13285061216470984,0.1104501305888816
0.0948318682861685,0.10743164394241946,0.14151392242062816,0.0845675757491734,0.08691290813458707,0.11929474462429923,0.1416750372624677,0.11895834590845827,0.1048139536717983
0.13846788835762855,0.18383488955009883,0.10486170797265437,0.12563477466057438,0.09047248322054036,0.07001637659585656,0.10989205190608027,0.058534371457189184,0.11828545627937755
0.058848441736995515,0.06446547977294496,0.3236142360748739,0.0703248296376321,0.11219584413777571,0.1234987969501652,0.05406920954483005,0.09541142641074792,0.09757173573403462
0.11159771741577672,0.08761200570338917,0.03520517304347562,0.11656217977759824,0.10042673570430406,0.08974598841589398,0.2241134530508836,0.11036592477568553,0.12437082211299298
0.10520949587084057,0.11721245211501717,0.12023651728078155,0.11210978614140876,0.11417933154024384,0.19198917479998656,0.0738057430882828,0.03900211546183139,0.12625538370160735
0.10732818461597392,0.10698084479292837,0.1471996111965694,0.09398236902824837,0.10660040567594897,0.11535603396358006,0.11151763073560904,0.0970808274585861,0.1139540925325558
0.05345334027872672,0.060490687535836536,0.4924989125401506,0.058500374081869366,0.10600702491640167,0.0720649415449018,0.041950794568084704,0.037988599564270385,0.07704532496975836
0.10096971266591369,0.09186604375060577,0.04545630305980525,0.09682428622635063,0.10404946145091237,0.2946727853210881,0.10581033758291092,0.06262530344592186,0.09772576649649145
0.10645774595042518,0.2226389044407965,0.09479309229736226,0.10846370974103577,0.10179373647528327,0.04964792044539287,0.08394919787638193,0.09277618873893999,0.13947950403438225
0.13620241757194934,0.11012495178984938,0.028131854734389717,0.12089249615483033,0.09889005294938875,0.1863710452719629,0.09471551266968925,0.11911605892808634,0.10555560992985395
0.07168007232730651,0.07553397211014506,0.22800754278449528,0.07953489521343636,0.07877313118822632,0.1866423040198685,0.1269107868506689,0.0682727736878556,0.08464452181799742
0.11636148491874669,0.09746965124065216,0.10041628013189845,0.13479955140354788,0.09444761759146768,0.07749950815907998,0.07108157022502763,0.20221654268185474,0.10570779364772481
0.10438234766318688,0.11481159685020655,0.14252521242855032,0.09132674240161309,0.08482615297286245,0.07671348636334346,0.15286393787186778,0.10565132734617032,0.12689919610219927
0.11258436835791974,0.09157974213722654,0.04339907106889392,0.11614449559954164,0.13595485920930797,0.17258824729383773,0.15077502215631097,0.06757149939549738,0.10940269478146408
0.10274546421367914,0.11120120030224757,0.06948067137093959,0.088150137822401,0.11078220262907114,0.18490776136004053,0.06791967264856015,0.15115774208568547,0.11365514756737537
0.12163458470996776,0.10640411751842548,0.14916909776944828,0.10805516744856863,0.09302006728050453,0.06362761400959782,0.07787382529575486,0.16725458243315663,0.11296094353457593
0.0864821232110327,0.09869667573934189,0.03999711992629029,0.09532685009545984,0.0919165193498121,0.24804236831456483,0.09449675334182134,0.13403218460546704,0.11100940541621002
0.1309042976196315,0.14947854903686925,0.13560879537145737,0.1284684590717565,0.1526271888320254,0.056218101996728366,0.07501650154969183,0.05394655621574549,0.11773155030609429
0.05675601638775174,0.06102270926492396,0.4568516734363783,0.05770753745376772,0.0752904391862352,0.12135346090198292,0.042072066051964514,0.04686198740627189,0.08208410991072379
0.11847539187086596,0.1013326629147183,0.12584685183787195,0.16158228988681564,0.0909254567710152,0.05644603474251194,0.13337518906105383,0.09133373965098869,0.12068238326415855
0.10229358047753283,0.14368461009298494,0.038029796919003295,0.13286972223566834,0.07982828022445586,0.11390373563187545,0.18047074369576155,0.09474232048616742,0.1141772102365503
0.1146356249565645,0.10079665303940816,0.08224292709121889,0.08742982719380543,0.09372627219672397,0.1391246872116481,0.13376850772380375,0.13456861309194604,0.11370688749488123
0.11215290725177905,0.10028231818291088,0.19603978258915147,0.09916911388926224,0.11569209082111818,0.06610152672015657,0.09587979496429704,0.10465143585836019,0.11003102972296437
0.10156844808314337,0.14305134805846761,0.038283020440379706,0.10942636666194505,0.14363229478526526,0.12561938315332657,0.10138132938433336,0.12059327112820978,0.11644453830492929
0.07289767236597545,0.07592285535841414,0.3802466081124445,0.08619109122991908,0.12411326300051624,0.04002216306751757,0.07859639051998595,0.045837991666344086,0.096171964678883
0.07359477327704307,0.07972986817310702,0.35843541478398483,0.0763520393097335,0.09299658980024195,0.11622703026089125,0.09637484054360738,0.02635690536311096,0.07993253848828004
0.12716560062768464,0.1361746014356437,0.11350912180264316,0.13728225151418275,0.11733137479874706,0.09733430001956506,0.09342714098427364,0.06107274228268936,0.11670286653457056
0.08904604457504654,0.10534155029261283,0.019892224954350297,0.0873492139200443,0.07740627249270866,0.16470238449655442,0.08166215464976719,0.2859397159997281,0.08866043861918764
0.11930385850923124,0.10017586541541827,0.06288768533571718,0.12760009692940125,0.12529841017863283,0.09582411051371657,0.14236933298134344,0.12179016414751119,0.10475047598902804
0.09155833593971552,0.07917205866553395,0.1789693623746366,0.09669311298020895,0.10550234932104723,0.1945706052792271,0.09029804715575836,0.075742026204155,0.0874941020797173
0.13305144488643067,0.12337391831712258,0.007912252550246789,0.18105953112752848,0.15245348926332147,0.09111153597387316,0.09355230089654931,0.09310182120001963,0.12438370578490791
0.07265607943275469,0.07919177146021643,0.3331141787362549,0.08529692752570812,0.16280015491817096,0.046618037685915936,0.07525188956787884,0.05328829507071139,0.0917826656023887
0.10682976362177032,0.0835837889339583,0.01851716478937323,0.13130295642509227,0.14893514955518808,0.07862505570182182,0.19636748119671651,0.09987888828305697,0.13595975149302247
0.12107865933225255,0.10781528001690634,0.06026087103559067,0.11242939189758254,0.11556055223480144,0.05002319112755076,0.08437324107095516,0.21797378696466266,0.13048502631969794
0.13049713617035552,0.11451495380646155,0.01418017582344859,0.1416715953022002,0.1117130233384429,0.14012380794109458,0.08067158684734783,0.1313349515529627,0.1352927692176862
0.12323290538298864,0.12285799358347531,0.044246120201280416,0.1289848923003278,0.10277260090004729,0.2244735777040415,0.06207344254513001,0.08086029678045,0.11049817060225904
0.09921067679469857,0.11023329369410088,0.06489681596644098,0.11803710001261092,0.09431655145826522,0.12932466881699825,0.06230403739391314,0.20057784029355108,0.12109901556942097
0.09291691502346604,0.10470664510021403,0.09223055256697453,0.08932965946565972,0.0776829287065179,0.2588619806574055,0.10068779632525415,0.08440878482838927,0.09917473732611869
0.08415362587261795,0.08392717271421408,0.23420704035613615,0.07682432961805315,0.13001880107837535,0.08734876503285567,0.08432125351633134,0.11253082968772903,0.10666818212368738
0.11521137725132374,0.10998421449214524,0.05714523084935908,0.14059782283322425,0.11133612721556592,0.12679287494961514,0.09679545256674789,0.12729422476286378,0.11484267507915492
0.0797942656051898,0.09232322760419283,0.2740597286929496,0.0855915531476555,0.10478377531088791,0.052590213463722064,0.0646628857813711,0.13107270487148817,0.11512164552254295
0.09204880724103481,0.08383116499015375,0.24501283783901195,0.12773156301909813,0.12166312153695218,0.05933499152602609,0.1135615233135626,0.037492086677255586,0.11932390385690494
0.09300394360400166,0.09877933374219648,0.17549623205912143,0.1054511254166214,0.10536990898747935,0.12052571657840093,0.11775365547679302,0.06419104965282706,0.11942903448255875
0.09221004382952891,0.08474550706648061,0.10501336673979834,0.11230659784606005,0.1236038302634435,0.12367010564140295,0.10638984030576147,0.1450434332987853,0.10701727500873887
0.11552997776456225,0.12740736650812165,0.038545433731741525,0.1283810388603557,0.09079426182890764,0.08596136071909115,0.07678146766641662,0.20518212644584513,0.1314169664749584
0.10792056181994143,0.08608893879768253,0.16290733547521183,0.13079632384613354,0.1031032556432548,0.09295222207230147,0.16994416487820563,0.02966334344539251,0.11662385402187624
0.07361306166942914,0.06218883163123212,0.4448408117221114,0.0773980117957224,0.054908855101449584,0.10382370496922455,0.0796730043094,0.013021678508600263,0.0905320402928307
0.10191571946801535,0.08997928222428797,0.11502935295733945,0.0941205782719481,0.10507442271607598,0.2079234002205865,0.08511351727811206,0.09297008237464628,0.10787364448898835
0.0738273364740602,0.07412549953695408,0.2463061330529642,0.10894242945482017,0.10293943919737071,0.05783093721447732,0.1125420808631089,0.12960500395956762,0.0938811402466768
0.08679405802600894,0.10273252013889506,0.1369238689553777,0.08754619937199591,0.10722108950128084,0.20720914413798816,0.07991148965397898,0.08508259837822169,0.10657903183625274
0.10862798376281252,0.13468985799377783,0.12317251432537142,0.10417427811994433,0.13207620359197642,0.048470849345513954,0.15261331400535594,0.06639891592590973,0.12977608292933793
0.09092053703718418,0.13656543868725227,0.20164480458228065,0.08166694633522419,0.07240779750738006,0.07241596724864992,0.13382747139997192,0.08705509005804131,0.12349594714401542
0.06062125435664261,0.058143429231954515,0.28646740463817727,0.0644090369438465,0.07757609843757422,0.212040732428142,0.10733525303004827,0.06137660490350818,0.07203018603010641
0.06479020853910411,0.08592617121095662,0.421116935557297,0.06566765961466708,0.08202942373233647,0.08190232653375547,0.053172329317871615,0.05915314081745879,0.08624180467655285
0.07967084904574177,0.07735318083537791,0.3010321627830723,0.0969404547293527,0.12466904963721694,0.03569048018345676,0.0878113964585181,0.09443411751752061,0.10239830880974277
0.10565039455446645,0.09320035123694416,0.13508474453269068,0.12232406233867643,0.11213835435624532,0.11058951882320911,0.08854237170982517,0.11744211207794397,0.11502809036999868
0.13841436148218342,0.12133097087256038,0.11583226194054709,0.14842446173460563,0.10972734829905927,0.11830599105079408,0.09425474719298253,0.028594134587818332,0.12511572283944924
0.09922069397380373,0.10619373651301613,0.06279716923796502,0.11411904026869284,0.11557860370394861,0.1636025516115377,0.10119479108441343,0.13306766125107325,0.10422575235554925
0.09401372679258524,0.10304752699296706,0.062038915192944445,0.140191971665882,0.1405332871471842,0.1846117169637901,0.08511125326027048,0.06474992722793078,0.1257016747564457
0.10451208318449683,0.09396209711618865,0.10827415594608845,0.10278608131655242,0.08668353591110893,0.26291140999413826,0.12734772359918559,0.03513804208222341,0.07838487085001761
0.09625388202615225,0.09492002671993709,0.08558672135514196,0.08751673365991658,0.0894251470982102,0.1625864421270288,0.10761452180459047,0.153983090613942,0.12211343459508067
0.10554062865961743,0.11328353450523489,0.029602131255297,0.13241630191068401,0.0788330585893689,0.05143056824915685,0.09038836547709152,0.28598485964585885,0.11252055170769061
0.14649806649223618,0.12215166523362127,0.017154782868629863,0.15882690812045305,0.14839857365667397,0.12029483926800806,0.11747193134579781,0.047183964943544654,0.12201926807103514
0.11902732706988443,0.0938772566011175,0.2173571976562408,0.09258222866964111,0.10724707276794114,0.039590142699692556,0.20395911332687297,0.01255240588629281,0.11380725532231682
0.12073849049739986,0.12270388041792912,0.11782739598826797,0.11245821992651439,0.11588658201797508,0.07936690637914164,0.15985910697044378,0.039124969658719255,0.1320344481436089
0.08617675358661392,0.08828917275366509,0.37203619608372224,0.08746747679598703,0.0858118590026646,0.04123681405605798,0.07764248446677117,0.0695054233533398,0.09183381990117816
0.0673634689444907,0.07591750843356908,0.3563809385154284,0.07376479995369951,0.16864158799940462,0.09093508565766929,0.03830190746402426,0.0501056380375168,0.07858906499419732
0.07555918161943818,0.07704101307270601,0.325256457289208,0.07762475539777745,0.1138734960107064,0.098282885258256,0.06902073332342844,0.05430941676495471,0.10903206126352476
0.11813754918442683,0.14512137062226962,0.06386666437538895,0.13855402830679067,0.11591300389728006,0.14683370326308623,0.10424981582307291,0.03372344918939148,0.13360041533829323
0.08353984938916942,0.0780570193084132,0.30793874909123603,0.07861086600975682,0.08316856560716535,0.11042927337428628,0.135124825009486,0.027155156215068563,0.09597569599541837
0.06910994232202322,0.07587675439749043,0.4567166707128154,0.05765244994688682,0.06310087446852412,0.04738849750558366,0.12426034494897366,0.026872951798291394,0.07902151389941132
0.08154737151781126,0.08525201153719719,0.1439178186059112,0.0842810962525435,0.08158682595247391,0.1506614729578258,0.07773563240823954,0.20323851724430222,0.09177925352369537
0.13069731829641587,0.12577029968689346,0.053836048899137956,0.13871974220037084,0.20260149580129153,0.07988717712457115,0.11708197313855329,0.02543399184792906,0.12597195300483685
0.07973571720248197,0.08023852797458488,0.18764069479343456,0.06802399127926025,0.10142410541691206,0.12633264237379002,0.09831181435413948,0.16496544311110697,0.09332706349428987
0.10379401354094638,0.10165428675607963,0.0067834634282688405,0.09873662666001697,0.08175097191663677,0.21189175440721097,0.0895051128545047,0.19930008906867328,0.10658368136766254
0.09300404662475915,0.115043145287467,0.14248454018995071,0.09302498184244246,0.08056056602967444,0.10065679241308038,0.15046073041459193,0.09956740499750061,0.12519779220053326
0.08440459130979616,0.08277268567139465,0.2712624742451862,0.09238675669680942,0.13497229363604663,0.04086599206757602,0.13395538969920642,0.08135264730145265,0.07802716937253187
0.10095276890895973,0.08429753844443973,0.16773850170232918,0.0764965722666348,0.14113661852192916,0.06110980494752095,0.17425200298290466,0.09084724053373827,0.10316895169154354
0.0759690549620893,0.09691215316104916,0.2700012121952829,0.08743522534631037,0.08787016092101463,0.09758806904770238,0.0416018626025286,0.14961891555287665,0.09300334621114593
0.10048617023881258,0.09001152373350395,0.17177234507856623,0.09844104264710742,0.12721283129610392,0.20458468735580126,0.09313486344393151,0.01220966120570934,0.1021468750004637
0.0946389423946624,0.08700759306198892,0.05323919172378841,0.09853672240021531,0.07572709952643795,0.18318618575930734,0.19646539922380382,0.11119127282315712,0.1000075930866387
0.0809288363414392,0.09078623321252016,0.012295955824451,0.0679423835716964,0.07888191300974556,0.16394627758980934,0.0750004911230705,0.32653187061548217,0.10368603871178565
0.09476789672698634,0.09612730224342196,0.08455897139135944,0.12381431894777362,0.16710353970827793,0.06832420849032914,0.12251680776538199,0.13734710384258483,0.10543985088388473
0.07778175906721561,0.07537263131517248,0.23947507836874424,0.09546738996901911,0.0823003473467337,0.19040916240847872,0.10005054105361329,0.04469422892013717,0.09444886155088572
0.06658635618148646,0.06292145223817801,0.43355482132014034,0.0633220213555044,0.11370717317835866,0.09636168289049896,0.07022565443237871,0.01562922744815443,0.07769161095530004
0.09196659716872228,0.09587485812546842,0.041147139628751016,0.13585708836383836,0.09023886771101215,0.09585338154951269,0.1543827832383838,0.17466889249186165,0.12001039172244961
0.09699247789519021,0.10296427243614965,0.24047735704403336,0.0982540116423164,0.08804450992470748,0.04955811980010272,0.09545504496296715,0.10277062222092477,0.12548358407360824
0.09488930548432471,0.09204745238755883,0.2930428128405123,0.09195938153338164,0.09300385629803724,0.060949805145576984,0.12373478667133092,0.060676621716942124,0.0896959779223352
0.0740740491744899,0.09948963666748083,0.30464996718029214,0.06286836368039,0.07361094271147339,0.06730909269398948,0.07105927342153297,0.1540254938268417,0.09291318064350966
0.09698167076073556,0.11388541262111467,0.19544881759169286,0.0937437248162255,0.08029351968737386,0.09115534175785421,0.11371737891285282,0.0971642559780187,0.11760987787413184
0.09840820311443288,0.10724843181338928,0.16013168349329,0.10988928871789977,0.1847073990759628,0.08362176408984956,0.1139665270670603,0.03600716019169137,0.10601954243642402
0.07913680368638791,0.09539131118186245,0.06855376763506825,0.08883745355482138,0.08857434219217673,0.12684727571235685,0.07943846695603284,0.25428418380898926,0.11893639527230437
0.11912740219913921,0.11548773837536193,0.017411378327856202,0.1172131159653698,0.15026467491192597,0.04783223087367222,0.19993531332664663,0.11703212622385521,0.11569601979617279
0.07247520155694652,0.07264977647253924,0.41533788673320426,0.08212781486637803,0.07631366675393118,0.039687905031190636,0.10601741191958998,0.05594833646515174,0.0794420002010684
0.09704013189226113,0.09587483736227646,0.15542103750187733,0.09836838860204607,0.12426948303699124,0.17376295850589565,0.060259932858922054,0.07645612763209164,0.11854710260763839
0.11985309863697786,0.12161583016260018,0.04563732965117829,0.10499058403866389,0.10624939668244976,0.0721997761167118,0.18879099119604467,0.12416878122668766,0.11649421228868588
0.11256198765583993,0.10486588936397488,0.1378372052091192,0.13470443602571572,0.12162121138148947,0.12395807002439894,0.100829477120145,0.027143632740354685,0.13647809047896212
0.11846576128025593,0.10132625212697578,0.12586659542095557,0.16161561688410128,0.09091920153807675,0.05641760008779958,0.13335927001461081,0.09135250948404279,0.12067719316318153
0.07812660903187209,0.06601346928501628,0.39166097714173714,0.07420848887267845,0.11144404736182334,0.031531324307288104,0.12172405201815933,0.02810559073812906,0.09718544124329621
0.07316554299841203,0.08380398646345838,0.0136614055606389,0.08673882507866926,0.11040015646250474,0.25603580920969854,0.07167749863655902,0.20741023400760983,0.09710654158244934
0.09914583868857081,0.0782327952053944,0.21132908961657146,0.09533832930189083,0.11170157673651539,0.08883764496799072,0.1109212927031716,0.10909558128369688,0.09539785149619807
0.08085429422360511,0.08941848424711622,0.23675757313028986,0.09700921445811628,0.08496174145865136,0.08215452906452038,0.06993055717242161,0.1551954526985255,0.10371815354675369
0.12652332193381874,0.1267006040098397,0.04125369228567404,0.1742350824048983,0.13236194657669917,0.07999538561331489,0.14414775644316344,0.03529197368521513,0.13949023704737665
0.08078895386203343,0.09430176405265538,0.3461314159177005,0.08304214258738109,0.10992272853422104,0.06436764680185776,0.08809232964680196,0.03546741259828446,0.0978856059990643
0.08303812935248671,0.07821040176700056,0.2950630399821616,0.06519049111305801,0.09701617197442274,0.13783095770946777,0.08921228626053845,0.05254168443849241,0.10189683740237176
0.0640351578639078,0.06626484712527163,0.3518782368851095,0.09568277297995575,0.07728368962934605,0.14889132232610533,0.09839821016662276,0.018345330537228793,0.0792204324864524
0.08040954462017351,0.10776618416418526,0.14355728453526698,0.09549037086911326,0.09844250085777627,0.21643371349592178,0.056842567154466304,0.10027019560408867,0.10078763869900799
0.11637343298761814,0.11933299266921708,0.05181463278255193,0.12689116720197527,0.09814507412500333,0.1724023645143057,0.09233659577956306,0.0960450093815625,0.12665873055820304
0.1004424773948357,0.10926089165259735,0.034349338681886006,0.07951333464208288,0.12414114227404503,0.07723048714943855,0.1030313962149466,0.26760283480002767,0.10442809719014025
0.07552371984465124,0.07056647240622416,0.25942057342127345,0.07635247993935317,0.06417707822930842,0.18617643286818483,0.0635968989486856,0.09583018858027041,0.1083561557620487
0.08978017650108222,0.09088759888491464,0.16252879261801265,0.08409980393349199,0.09637192450665626,0.1578100086427621,0.18844815960148306,0.03616441442014658,0.09390912089145038
0.08051192956405046,0.0726016593192287,0.14244371471795853,0.09928017659612741,0.09456833283430456,0.2162798417413526,0.16821686992975282,0.02698899113790101,0.09910848415932393
0.08468780684826703,0.09621670055827909,0.3455870618528012,0.07224400921156714,0.08303894227988633,0.12610408623536457,0.057609671099073854,0.0430978766120503,0.09141384530271064
0.09850451523560289,0.1486324709283446,0.1520651454532471,0.09157027740063835,0.07931707035936668,0.08976892384387758,0.0813084450676111,0.14424519596491717,0.11458795574639452
0.11478841433224651,0.16034902812826454,0.04197271756961659,0.13525626618476247,0.10159733914772189,0.10972270484328593,0.08024032079178421,0.08372668283015644,0.17234652617216148
0.09105639799603765,0.09257778397669354,0.1504400780065421,0.11091475540453373,0.11023702103637704,0.12409582327738894,0.114994033375953,0.10372780379552216,0.10195630313095189
0.09592674596283884,0.09367181895002291,0.03706061036771169,0.1256381281753406,0.10237377370190814,0.0781911713765441,0.09983386722084069,0.25994967572167577,0.10735420852311717
0.08343537646439775,0.08494508084659015,0.32947664208427135,0.10980993435857049,0.09601450565802255,0.06147259813615339,0.07106856178069336,0.041807600216662626,0.12196970045463824
0.10850648125164197,0.09552155405298822,0.07854943120850684,0.10365176245499119,0.08988669274874501,0.13958726498103727,0.10676393496889391,0.15813120982717366,0.11940166850602191
0.08821127041330355,0.12609723942296933,0.10870626312971983,0.09417835534491513,0.16229438083348266,0.05552645513758055,0.06219076449312905,0.19549808411149264,0.10729718711340731
0.09495230916864034,0.08599786917284258,0.032968388395319584,0.1288234071869565,0.09677761533797491,0.19940715629364889,0.08804704452802037,0.14155684319637726,0.13146936672021972
0.1197759991625917,0.12543921052500148,0.027880408550285733,0.15203073743483783,0.1922600643695985,0.0464703581732429,0.14142318775061857,0.06670689732462153,0.12801313670920178
0.09723119169227311,0.12449045318840225,0.15294826913374293,0.09069774568863832,0.10083393628933794,0.17127821337830498,0.06259895746895347,0.09596799802802079,0.10395323513232628
0.10814436902357549,0.09717247251608967,0.05476014349952039,0.1128875968283428,0.09110903199108428,0.2526381119819575,0.09273116930240984,0.08612585790184606,0.10443124695517404
0.11480185944873263,0.11631826975089732,0.08425389081011027,0.11623016383381672,0.11921330002838898,0.10756138671510741,0.11399409248513319,0.10586700514511786,0.12176003178269564
0.11598771335957013,0.10625681783379026,0.13146486451727227,0.10524999071941506,0.07978099369520092,0.1197939205590282,0.14584207352741477,0.09120931329205606,0.10441431249625234
0.10769705403674962,0.11296251421899793,0.05708791927578453,0.10903188956956529,0.09896694632628024,0.06919502881996986,0.07525921653487433,0.23607313271246,0.13372629850531823
0.11627065660009595,0.09583805510083382,0.055449077637578004,0.15438724003784943,0.09196677261963256,0.19057163311828285,0.11937068218915166,0.05924503128364339,0.11690085141293234
0.10389932778061263,0.09835336253297629,0.06363073808679247,0.12011701923031348,0.16532759185609835,0.16504086457601055,0.09653520772327484,0.07235282202699685,0.11474306618692447
0.09857755223268831,0.0860820590424426,0.15596613826678643,0.12115019105267266,0.1311992024365609,0.15618613440571838,0.10995697584244801,0.037412136721110496,0.10346960999957229
0.10737361467912669,0.14635353943540877,0.016882543965150713,0.11718693865622774,0.20212509432439338,0.08153914033945954,0.14564877720231953,0.06204477119175753,0.12084558020615617
0.09726748934528134,0.09517226145592039,0.1957796988138408,0.12019199916810115,0.08428068707535204,0.11728280941256326,0.14747894022649521,0.032620541331016044,0.1099255731714298
0.06877891589302676,0.08143531301969457,0.39393307048314674,0.08159998799822465,0.07639915205164992,0.050982594973063365,0.08024432098195163,0.06080710653258828,0.10581953806665406
0.09125703802356473,0.09975870885226784,0.17936386504791357,0.1133234387356828,0.09571402738921925,0.11667376686512822,0.12157624804358969,0.07306759844813206,0.10926530859450186
0.11608423847692405,0.1280827649863098,0.030232430997082494,0.13469783805668026,0.08555842353926951,0.10296808789934503,0.19102263249510185,0.07040562142744024,0.14094796212184682
0.08006064199759833,0.08113555867194579,0.3242354063766772,0.09006217209676287,0.10969275541083294,0.0436552889806564,0.07795515830104177,0.07758280100157988,0.11562021716290488
0.09606917828001438,0.09603017938722846,0.1385777637813003,0.12060434267525626,0.0889520444463578,0.20764404724905416,0.07829684531669821,0.0729959529913972,0.10082964587269322
0.0838152183421804,0.0949853783467709,0.0290169419313204,0.07646611984106254,0.09550131280888186,0.2600703527285696,0.05933212620506362,0.19331902045434454,0.10749352934180623
0.08271463174446535,0.07718832508896391,0.09891437206273142,0.07463104393113923,0.0869464375969025,0.2720395223588692,0.10161283131992756,0.11540189394393814,0.09055094195306267
0.07118188531459703,0.07537817749416936,0.16054987858007289,0.07120184603470461,0.08078802852136958,0.17204842364585313,0.11450195651291963,0.15385679263567534,0.10049301126063837
0.0862566528552114,0.10533198314450641,0.15555759392281984,0.10223348102097375,0.130784823942507,0.10577543432151121,0.05259689157637096,0.14840046981201827,0.11306266940408116
0.09977712645770892,0.081281569035624,0.005861259079231056,0.10217290175619968,0.07741847997864588,0.18110857836625563,0.16820469444693775,0.18093810455308076,0.10323728632631635
0.09877857319188883,0.08893550659072862,0.09733785404668578,0.10156696501867239,0.08873252208074778,0.10017233949381228,0.10748898862033172,0.20650157296951185,0.11048567798762086
0.09922676770116264,0.10979751629616863,0.21165841879455125,0.10452299745908811,0.11085811592144174,0.08263725092763159,0.09991198290685786,0.06468761943268672,0.11669933056041155
0.11733405064231993,0.12072811180850553,0.03369894767477205,0.10989188031592016,0.106357573906025,0.07894800858747153,0.10978108393657406,0.19780595804789067,0.12545438508052106
0.07277003181561342,0.06637508270001627,0.3741113307780653,0.06970187077576878,0.08650472180480033,0.1344639755699527,0.08039919975312639,0.026565511293652203,0.0891082755090045
0.07681305530499712,0.0909460399210301,0.011990644502740719,0.12095688460931266,0.08987435195339273,0.19050855404132508,0.28326006895821554,0.04474760956389368,0.09090279114509241
0.11959944846509966,0.09620800060654443,0.06626319060204199,0.10257320636148387,0.09312102089445258,0.3156688534065209,0.06937215400275358,0.028694730748121833,0.10849939491298123
0.11537661983326318,0.1476290167411914,0.023626864236374456,0.16352409249029667,0.14501849001318748,0.07566283660527491,0.17505694283053577,0.03375184941917006,0.12035328783070603
0.1150721704500477,0.12485877899935904,0.06471708982982986,0.13466877536308883,0.155112361609292,0.1801147102076941,0.0825138701315367,0.021285290958036777,0.121656952451115
0.10030876856644376,0.1079002640419181,0.14430102508063272,0.12028978348293586,0.11516614488412784,0.07089317225648796,0.06120645364860233,0.15630442711919812,0.12362996091965334
0.08860382084826458,0.1047795736307356,0.09232217436240021,0.09485977287392276,0.10469546669848877,0.23291812039364848,0.1547662265600778,0.04628670104993907,0.08076814358252267
0.09059743962828425,0.0877333691485167,0.01554622380771327,0.09478279093900825,0.09225116328363266,0.2526434008406471,0.06124157061152363,0.20635137735175016,0.098852664388924
0.0948318682861685,0.10743164394241946,0.14151392242062816,0.0845675757491734,0.08691290813458707,0.11929474462429923,0.1416750372624677,0.11895834590845827,0.1048139536717983
0.11108062550654098,0.11798772919071517,0.18930696417293502,0.10477245094415634,0.11696589771615729,0.06473489019939882,0.15144153533896323,0.0325486965535404,0.11116121037759273
0.07437757928197218,0.08485131199962313,0.3213168121497561,0.12109847622647568,0.12016489065354548,0.075947574975286,0.09283685657283347,0.012712167016927595,0.09669433112358039
0.11300086369497568,0.10220727265123151,0.12070386636413417,0.11465973842999751,0.12838305705254202,0.07145206823586307,0.1810050707373008,0.058969953521286034,0.10961810931266913
0.09239846715791034,0.09875060883664157,0.14559451339929533,0.11041152499162821,0.10946642904314467,0.22236409231394114,0.08354039788971468,0.02652082536861119,0.11095314099911285
0.06671085881657829,0.07741715792148009,0.4103496519691395,0.07730402710895817,0.07742988435835897,0.035661511753662244,0.12413766393497244,0.04984066990055793,0.08114857423629239
0.10998476705621,0.09405311659952786,0.17930807204224966,0.10455684324383017,0.14079989172476054,0.06726821022107,0.13527316198493158,0.04502637371866541,0.12372956340875474
0.10430255440051328,0.1116351092886471,0.12946027430630533,0.12469683728625354,0.14388475855379876,0.124939432189683,0.07579640336055983,0.051170426951723726,0.13411420366251542
0.056792555593668435,0.06545027650577206,0.42474095798641626,0.0635054793042469,0.07297296499017909,0.1107346937288069,0.08736813392706795,0.021956178484697175,0.09647875947914515
0.09808940136262397,0.1185436755822082,0.16010377537144782,0.1188984370890188,0.12043741411884112,0.0647457803465246,0.09706573712073598,0.11030316923859436,0.11181260977000514
0.10887164094389468,0.11575138770431959,0.08011630860917644,0.14591923954538788,0.10518824628138228,0.11555449411216977,0.1303624955363119,0.0894604215414793,0.10877576572587815
0.10822515829051638,0.08829641845586643,0.1794876209479261,0.11734434927730225,0.08378956168050396,0.05606472848902816,0.13631220874994812,0.11314722674457402,0.11733272736433457
0.07918804839991395,0.07013826161337433,0.10144872768041968,0.08314910188435938,0.10758988272717084,0.25380908452078715,0.11990819929401775,0.08658200436582357,0.09818668951413338
0.10356842721520854,0.09161872769601613,0.056588609719278156,0.10530725822407272,0.10215785203804799,0.16889155825866206,0.08133964032048878,0.15721825851542984,0.13330966801279578
0.08223524312880252,0.07880584536301805,0.3519132236150117,0.09352772154710154,0.08131726480645327,0.08512898316930491,0.08059574793436637,0.05154256267993779,0.09493340775600383
0.08353984938916942,0.0780570193084132,0.30793874909123603,0.07861086600975682,0.08316856560716535,0.11042927337428628,0.135124825009486,0.027155156215068563,0.09597569599541837
0.06541226509449287,0.0653974711586802,0.3416943547934068,0.0674011683320724,0.07369577786207489,0.0910086026379381,0.10909745378009049,0.10748473892917725,0.07880816741206705
0.12487395966541896,0.13549897563539298,0.0308881566890024,0.13960313263360505,0.08826207671324975,0.144675814830768,0.11854845751228958,0.11038953246941126,0.10725989385086193
0.08290701125728224,0.08716694430247185,0.4117721580554896,0.0840399375296334,0.08983698880978995,0.04059599003339049,0.05293867194828266,0.06811714794121176,0.08262515012244809
0.09590921484968089,0.11534335960964189,0.26120308187041497,0.11254722488959523,0.10708398452302452,0.09244536003037544,0.08283294013656395,0.00988368078013178,0.12275115331057129
0.11446976143736332,0.11861101252084362,0.055452326540482606,0.11073417468386561,0.12891269851929563,0.10978070826083626,0.12297341718408188,0.11931474381505382,0.11975115703817729
0.07224822860647971,0.08949533195609927,0.3551909263055261,0.07958713200819119,0.0973558692280468,0.05013616338809188,0.046782685203773815,0.10953969493335146,0.0996639683704398
0.10968780747289064,0.09105114738111857,0.008521373238819628,0.12136010466938225,0.10116313304401049,0.24987150334895625,0.12302922143381446,0.08640054705398624,0.10891516235702141
0.10565457761322339,0.11164110509864973,0.11324382857379443,0.09760065078112208,0.09934941968603044,0.15338902210296337,0.17952132940682028,0.026081687235389037,0.1135183795020072
0.09861192376903767,0.09419451233839075,0.06854038795272158,0.08292222550932654,0.10357856624656316,0.1837895636912036,0.11103188720562496,0.1432191839069412,0.11411174938019057
0.062192022987968054,0.05889619442796956,0.4979089885745685,0.05827390806779174,0.08384336607858751,0.058834818636527224,0.07665361640651305,0.028695120610596158,0.07470196420947811
0.1348869572963646,0.17533841611158477,0.0923465636706484,0.12425054242828354,0.1021240684595847,0.10873671350085816,0.09614424023171826,0.04423641441462393,0.12193608388633363
0.11702402865855183,0.11387596777643516,0.06629038531844836,0.12463695986408281,0.10491867145653898,0.23885499899619597,0.0647382031369478,0.05364564278238603,0.11601514201041312
0.10132666289344498,0.10248985761090011,0.048040409277485145,0.10607150853138515,0.08000540613299029,0.2806705877376085,0.08104438194761614,0.0894954370854945,0.11085574878307519
0.103207095728025,0.12609905905312668,0.019722032587999153,0.108550434211374,0.08933729095703753,0.07024832714940098,0.10242411159659441,0.24844010655441454,0.13197154216202772
