0.12089994734896921,0.11235026009985155,0.1384998033115725,0.11758775273793304,0.12580982617345757,0.1157687125004786,0.05186911539889305,0.11205856740168153,0.10515601502716306
0.07376772374873268,0.022274591844323274,0.11149618525548166,0.10048835567229236,0.129687461889723,0.0783579169636121,0.030396106296519152,0.2678197179502871,0.1857119403790287
0.09907161289719735,0.02767831415601346,0.194706015126622,0.11156596313594012,0.11794835996568553,0.10414772099232128,0.04943145980306398,0.1525813608024407,0.14286919312071558
0.08499010795429796,0.04285001923160458,0.08504269733272919,0.08547909093329727,0.07367050190447788,0.22524755634661364,0.03448427278609066,0.11163254450284817,0.2566032090080406
0.13074486080569486,0.1250911172203196,0.11039025041740275,0.09833458428510412,0.10168340331340414,0.11701181366668541,0.15357854086181696,0.09114160349841312,0.0720238259311591
0.11522267446929517,0.13045374213682845,0.10233994672292507,0.10120468859198008,0.11999296534676883,0.09968943831009817,0.04068539086720126,0.2629804029895677,0.02743075056533531
0.10220599979181916,0.041859549799500996,0.08264147773281667,0.08229144591476883,0.0799724297603492,0.05365768865267451,0.14562987306884512,0.17208945388113958,0.23965208139808594
0.13017738900859152,0.18356088935315526,0.10447649574610363,0.16843315671286171,0.10207324884521962,0.06897321738178228,0.07243477550050768,0.07572659813474468,0.0941442293170337
0.12033119649557246,0.12294609397599927,0.1354801354079266,0.12478454980399771,0.13323697387484765,0.12147650687807253,0.15072636330047934,0.05750156046977626,0.03351661979332826
0.1048504588600016,0.10948664035902228,0.12222572378285612,0.12905068699920322,0.10771987474310668,0.10999885738852035,0.10560912952850926,0.053684085781961356,0.15737454255681912
0.13008515003783186,0.13382616528429112,0.07472104565220461,0.11751671485881258,0.167461870157855,0.13645746295076266,0.048038348204436775,0.04857214973784906,0.14332109311595634
0.12920005755391126,0.03983620347350205,0.11914838762213714,0.1586583737867737,0.09234833968501154,0.06997992855929452,0.03268118389145676,0.2902839657950152,0.0678635596328979
0.1104539621777897,0.06568781152031868,0.1540203249059666,0.09772859602034212,0.11339192533521021,0.12401334440931233,0.04502520725467609,0.12513732905009142,0.16454149932629294
0.09640345095969809,0.05629624695207069,0.05241921758066074,0.10359256507211274,0.10217423997575238,0.11194726495042161,0.11957905204138312,0.12283535461013968,0.23475260785776095
0.1071082535866421,0.08178268881652884,0.061572229145765045,0.08721973060729683,0.10125459098501771,0.09941924538632202,0.20920872039658814,0.1890136709888801,0.06342087008695914
0.13168279138348363,0.10217853711221898,0.09893155452344972,0.13949868185162465,0.10085975277133102,0.12281818704617138,0.09263778159735976,0.13413452884696123,0.07725818486739962
0.09074105514377291,0.05820670311320333,0.06337777662323739,0.12490815391279254,0.07149321971370447,0.07609669319077067,0.07654233091455409,0.12713282588767005,0.3115012415002945
0.0883133338188654,0.0804937588429086,0.09792161765247477,0.09541950337522105,0.13691885651929306,0.22570961908162293,0.17499895568978277,0.02577777671717023,0.07444657830266115
0.09147687054515634,0.05952231771142031,0.08848854358468777,0.10128497785882355,0.08261627959232429,0.10389092421790645,0.23834425208288956,0.08129767497863091,0.1530781594281608
0.09272161404941383,0.06037723488015961,0.1037092437599589,0.09674848555338422,0.05056799607327964,0.04681826504172625,0.019798563500481123,0.2940323987770523,0.23522619836454406
0.10791134477694898,0.053155768769188816,0.11114487846794928,0.11346076044297237,0.10671831309499807,0.1450413466140069,0.11978641875900876,0.12481035374768608,0.11797081532724087
0.08047273679487227,0.08587352576032369,0.09659492437572244,0.0856348219938517,0.10586837247459698,0.09609651038378943,0.03416029177006152,0.15368349280416796,0.261615323642614
0.11664940693924107,0.10679060788801409,0.11005625519340022,0.10255186304433604,0.11311502198756306,0.080751415310488,0.23580237256047168,0.11305011210817462,0.021232944968311202
0.09866362564256718,0.02365678005351166,0.07590684675162242,0.10293848637973134,0.07554968627256385,0.10019509303354278,0.03958712520516452,0.14969626813025705,0.33380608853103927
0.0923403602536461,0.0933930389986442,0.12572201035246525,0.09438636211601119,0.1186950720680418,0.20918061917220043,0.13400090686745236,0.016179514932240156,0.11610211523929855
0.1256583899299453,0.11325225786252087,0.07224877021468912,0.10203662746691634,0.10346079580653249,0.11303888016886292,0.08268163724709189,0.1670413839763636,0.12058125732707746
0.1451676108430595,0.06648415755796648,0.06531495041798215,0.14401588372520335,0.12806308425512197,0.09866173852609426,0.05492426147566925,0.17842091851026567,0.11894739468863735
0.11173131272137433,0.18050696932261115,0.072998358350735,0.11547061766797535,0.12634295931141673,0.06022020015585186,0.019196370161814816,0.19666385247378493,0.11686935983443576
0.09600572899998745,0.12088413327523728,0.08017780297792013,0.1179338524142985,0.10885203243983323,0.0771579739679843,0.07918845383159077,0.1725911538380275,0.1472088682551209
0.13713041031192597,0.06712507524517887,0.09347810080853676,0.12458022990352856,0.12534532172190774,0.09777929325370999,0.039722528126024684,0.2574413410774967,0.05739769955169068
0.10257639350245173,0.07565522629036729,0.1597176919613297,0.09678927277040056,0.10921670507423879,0.1353344807563733,0.1187568879551671,0.1489037012814468,0.05304964040822468
0.08577921285335753,0.09752492510051687,0.23539479144677478,0.10179088383983126,0.11487632709106148,0.12602626031403408,0.023867678254279573,0.056983478643538,0.15775644245660642
0.08895098908441823,0.05702603490208849,0.0998093682649895,0.09114571973309123,0.09724007086327008,0.10588021305770805,0.04084875261380277,0.28566247210280993,0.13343637937782174
0.11095063851893278,0.1420802333738033,0.11848984595453044,0.11508064520543759,0.10279898367102715,0.11526120196817165,0.19604973112110927,0.06091914835911957,0.03836957182786827
0.1351565018876894,0.10066048562678749,0.13330935839223534,0.10764577255395491,0.12337432092215522,0.1113630838952654,0.1609915238396795,0.04264052608508498,0.08485842679714777
0.09668579667019324,0.20020469873134858,0.11890935112606761,0.1340204530721282,0.12940824871078072,0.0716488506240414,0.06246822579960329,0.12116342379642057,0.06549095146941637
0.08869900158904004,0.05680282036291436,0.22305712597921998,0.08581749666871115,0.09246170535022807,0.14243440452592776,0.0799324357992109,0.034815453749157094,0.19597955597559055
0.10655872933651563,0.06988562265837962,0.10631315979149858,0.13225983019512796,0.11672330893899248,0.14668663830155193,0.05538207169307555,0.07927028013248112,0.18692035895237705
0.11764987908566683,0.18836474189711697,0.08136675831133947,0.1066732182779903,0.09176534272042397,0.06686413588375612,0.1751847369859952,0.11451340669529414,0.05761778014241705
0.1025909769394689,0.1256410602851866,0.12164243138619174,0.11788270415397217,0.11615489656229337,0.07782524505334383,0.12762077832005184,0.07700314509229744,0.1336387622071942
0.16588997689664214,0.11470548349321934,0.10073544357779173,0.13113858235008466,0.09869237343847075,0.11025584492162137,0.06438013864475911,0.06683913266435047,0.14736302401306048
0.09455158593938419,0.04291784729132508,0.09819761185183223,0.13844669423183673,0.09712264088862171,0.09834275074010956,0.03300316354759777,0.2926436984138305,0.10477400709546225
0.09444152140983124,0.08221814868009462,0.11006677618802789,0.09576257885061247,0.16250125579115995,0.10445897163621533,0.0830677257442878,0.08123170155580524,0.18625132014396542
0.13268152106946193,0.10817537080782573,0.16217142525830014,0.13147290944288323,0.15199644662070103,0.10200931962901805,0.05967022412401877,0.10231437024363021,0.049508412804160885
0.0837276426265919,0.07638840288761321,0.06579048567624321,0.11429740464627784,0.0973425289102759,0.09883775775881154,0.04533028674502023,0.2251282584329836,0.19315723231618262
0.10571433590860468,0.09208669732020773,0.09129163357324466,0.10124331164612142,0.1141423264435369,0.19088501523463977,0.11097869474238918,0.05396894758796935,0.13968903754328635
0.12037288558312657,0.23458296922610847,0.08886602958907819,0.13078330031179067,0.10893310758432116,0.08499568079802956,0.0648124507014146,0.12441035018133702,0.04224322602479367
0.11390096321348046,0.05193185930798946,0.10235940365743064,0.14221109319722283,0.11057229898502387,0.09262741166650024,0.12825924271757175,0.09221314792946193,0.16592457932531882
0.126898201406435,0.05306270440429294,0.09736702605827445,0.1373405225931992,0.12647550273928032,0.1058831143121277,0.09896553601328724,0.08638652913241777,0.16762086334068535
0.12606971322688384,0.06019495673298577,0.08812490382569449,0.08478166339707964,0.1060197833477674,0.1383340478360113,0.05353752197088054,0.0319470780052201,0.31099033165747697
0.1148571734900699,0.04946905187486588,0.17580496877884455,0.13599857009963323,0.124390782211239,0.14796152259502768,0.1332568643172319,0.05633108235794201,0.061929984275145906
0.0837379313175492,0.09391256302642714,0.04710222108988731,0.10774897792089483,0.09338458382081881,0.051524844341280455,0.028893599111037938,0.20096751205399843,0.2927277673181059
0.10728830803584137,0.06383408168330874,0.10462539775322706,0.13368538740424796,0.08455004362080548,0.06066872299297751,0.056151651789567665,0.33012871900097457,0.05906768771904972
0.14082031613963777,0.09590194484431332,0.12208236254313527,0.1151913335317583,0.11447001753724717,0.07574939711999296,0.1747608711061732,0.07268538864860008,0.088338368529142
0.10226916800561751,0.10748371974096865,0.21372004181946935,0.10356071391757489,0.14299109240739205,0.11972021555753402,0.13690049813654123,0.042069904891936426,0.03128464552296587
0.11118662160084009,0.06558667473380246,0.11113490117564595,0.12320695182177636,0.11638668694378834,0.08420899991354976,0.03149433349503653,0.11460637633586869,0.24218845397969177
0.09053944698095279,0.07945034071438145,0.1566519300530088,0.11560877595186307,0.10859003637228028,0.12785678221233332,0.21926917895650197,0.03097629183680979,0.07105721692186853
0.10258252437363595,0.04097868359803055,0.07206115796770515,0.1313943974066185,0.139332915410893,0.10610195567338516,0.24454801824362446,0.0644891995128473,0.09851114781325991
0.11954707908210749,0.10441572365412076,0.09147420103247934,0.10447334625938014,0.08689518911180387,0.11001951689230986,0.05024805415609098,0.2372844216128839,0.0956424681988237
0.08067466301487428,0.0460501697769023,0.11490738811669016,0.07838559126342114,0.1301763798944592,0.07927785487902074,0.06952820806353428,0.12785354394851597,0.27314620104258197
0.10190620153567427,0.060214222649776335,0.07526414072129274,0.12078488705503487,0.08566353878182352,0.08996598076805719,0.07385924456437427,0.11146951569157566,0.28087226823239114
0.12920615425936385,0.06665305777972304,0.11220736911706504,0.12405595150058413,0.08881080657978462,0.14125837723787352,0.0707545820321883,0.12367222232722878,0.14338147916618876
0.102165034748536,0.21278420986011504,0.1573180693154097,0.11647964203577084,0.09075895270900529,0.08919142729379555,0.08443070291772647,0.11318680228565377,0.033685158833987296
0.1248817282553187,0.045562671123919436,0.10850997258583402,0.1486784411049118,0.10986794532222095,0.13835126300195633,0.13524441136004797,0.08430670137444966,0.10459686587134115
0.09923519881916602,0.17563512787425908,0.159098550320387,0.10138312060816179,0.08957922728117873,0.0920137492077348,0.0700585862312428,0.13197405669410653,0.08102238296376327
0.11076482725018444,0.049789576278627255,0.0916198618872165,0.1084886755858151,0.10982594552835868,0.15009962019491832,0.08215041283756362,0.1463084659001179,0.15095261453719824
0.13042882543990486,0.1327553332466227,0.09299113113786821,0.1282517552781872,0.10447518344963085,0.08726658277391885,0.0991535747391198,0.15200280798418334,0.0726748059505642
0.09523250013254754,0.07245624044263789,0.07193658952109751,0.09138549437343364,0.07382467469864869,0.09827288636404613,0.031555503340524926,0.3223872602405611,0.14294885088650258
0.10862165534610894,0.042831852934817644,0.0852411705203847,0.11139876617969686,0.1052552182147138,0.20615071985303138,0.198685313972602,0.03772403982825492,0.10409126315038968
0.11203098359707427,0.16147570477248116,0.1588269347657372,0.1258013788707095,0.08221023898087909,0.11989725182320161,0.06247008449614749,0.12610534428548176,0.05118207840828783
0.11065937239586672,0.06964053042450442,0.16553216346918623,0.1339649283904248,0.1521110147397984,0.17167369357299334,0.08272296147198187,0.060408989443486605,0.05328634609175765
0.10991890335922504,0.17515516062800554,0.09783496897176586,0.11877205541795872,0.11779987816384896,0.13221897660864912,0.09972738739310004,0.039604936526423336,0.10896773293102345
0.11338694276904608,0.07642329477457953,0.09875937198633444,0.1905554440587924,0.12036349148290777,0.0758823572327542,0.16880262914997876,0.11642507132398722,0.039401397221619616
0.09201709979154099,0.05188891433855217,0.13288833890358906,0.09440679988123855,0.1431639274886859,0.13120033616840357,0.25640446909394526,0.0313272959566015,0.06670281837744303
0.08420782337106207,0.272966262254613,0.08687008447553708,0.11300048806279306,0.11512213084507794,0.05939803948183011,0.022649326251621166,0.10791419966553566,0.13787164559192985
0.10582613221066582,0.049718679760482005,0.08053061684330287,0.17292830509516707,0.107902984883822,0.1559488636088996,0.03357940544399355,0.0916597089352006,0.20190530321846648
0.12994925526139237,0.11944945719963175,0.055185232789842144,0.12668481695692788,0.08381325157204116,0.11857546105488877,0.07192143178075798,0.21945465449690935,0.07496643888760862
0.15346959448569567,0.11777435515007373,0.08545833646914873,0.15582749063584372,0.16575321240306626,0.09655466841328263,0.0663996615604316,0.10093495846190088,0.05782772242055678
0.13895066062108707,0.061964020738850954,0.15931923563370667,0.16300004160477335,0.12918696720062042,0.09585166357415094,0.0642884737220015,0.1440600384466255,0.04337889845818361
0.1087592436995534,0.06300135697078985,0.18080461750829388,0.11453096089108505,0.09661204555461333,0.15147550656356076,0.058134597220581126,0.09941943850389211,0.12726223308763054
0.11874927872576724,0.08971200998943345,0.08247795581280475,0.14503397388475364,0.12482369533787403,0.10944720478231668,0.12795609695125665,0.15498431231748352,0.04681547219831003
0.10406108158898429,0.09877926526820069,0.0891636566294875,0.11660975302326342,0.15740424103107464,0.17439200295623422,0.03439411789096754,0.04623188717490149,0.17896399443688626
0.10185609994341575,0.10153367228317521,0.07674995037062955,0.13297279107825677,0.10431972917407493,0.07927831771291398,0.05192503845420143,0.2634320101168785,0.08793239086645384
0.11005540163726646,0.06970425641307128,0.14770404910779636,0.10415350291816432,0.10032416473137758,0.0708041224169098,0.0767989408320883,0.12311224049589953,0.1973433214474264
0.1217451429746433,0.06196447539445447,0.06892365305220416,0.13848916147167187,0.14617957033739,0.11314909834734126,0.029174566689033243,0.24530150618377253,0.07507282554948919
0.13667986327848755,0.06000125734709899,0.06967691861534939,0.12445236623743278,0.10077051855633772,0.08550551185214185,0.02838866161620114,0.16456334084183835,0.22996156165511228
0.1136127490279077,0.05219658011370093,0.1694634789591396,0.11911746056696648,0.12949731121997357,0.09527197074867089,0.03017404715846202,0.15527380026549817,0.1353926019396807
0.10950893169925267,0.09452163631289599,0.09833499400288664,0.11676897373299289,0.11889621936870891,0.09427641193949148,0.20374651843223998,0.09041007256667022,0.0735362419448612
0.12643299249391446,0.07356300446418287,0.10284319971449313,0.11975705622963422,0.1371700291776379,0.13822417514066862,0.07964628378483936,0.07598345023292243,0.14637980876170706
0.118957854014842,0.09148060631578736,0.10986164459665838,0.14540221072944257,0.1510878661968986,0.09112483009703154,0.05356229767376094,0.12755093427184847,0.11097175610373015
0.10672691719849457,0.057453299021289594,0.11375637329774291,0.11071109212206375,0.07815463178185184,0.1361979399198437,0.05991058908035135,0.09918432832246543,0.23790482925589687
0.10220519930988052,0.048566976451873474,0.08035800604520547,0.12582087493875008,0.07754337170624263,0.07543925110338967,0.051309471300504554,0.2627083362721518,0.17604851287200182
0.1458534352615921,0.13880455750970816,0.15788848712352585,0.15783324702699342,0.10060001171338329,0.10663376799307352,0.04762901026432422,0.09843455088428499,0.0463229322231144
0.12116184119491454,0.053410741295430386,0.08172012381340624,0.11037356255540291,0.08789734883951732,0.07835590972480765,0.04592535225184641,0.36945897615024254,0.05169614417443197
0.11505760553814577,0.13134436665253535,0.11583354338845499,0.12601100180644612,0.0995478423389236,0.08552556499072074,0.13655764161365194,0.1454940143456285,0.04462841932549297
0.10520705219101234,0.11314425393858824,0.1626367722593813,0.09027848317941763,0.0820429306661265,0.1424997136195064,0.07947974271726198,0.12433073112838376,0.1003803203003218
0.11681995683126084,0.21796116462245885,0.08513272839415187,0.10102518269780673,0.10315079478992535,0.0729910218966605,0.12096442410311696,0.14011786469802887,0.04183686196659008
0.11111139970929922,0.13093185471356086,0.10236015769677775,0.11066173694674286,0.12699780128636481,0.151923523690548,0.15124885890534512,0.029117916996245153,0.0856467500551163
0.12364470639961467,0.09178203951156168,0.10143045681490269,0.13486767283970866,0.12591551397095582,0.13723781556928968,0.02740652250582055,0.15205333322561962,0.10566193916252664
0.10707695997218021,0.06962653734993118,0.08171340049604674,0.12243582351275245,0.10371161741806922,0.16316395317711357,0.1298425940300218,0.08979152253652495,0.13263759150735985
0.1621550707821827,0.18371279139648924,0.08063977219310775,0.11996776843340466,0.11327898709717654,0.05216499567798707,0.17856778558704076,0.09864838149088977,0.010864447341721513
0.12752753649392315,0.07630731096470496,0.1373740448310499,0.1210593239293896,0.09843518421616494,0.17184033641536,0.060310376959598004,0.10910621341080012,0.09803967277900932
0.11174526737645067,0.037809606352252875,0.15713801976491407,0.11716949423470287,0.11053771839988095,0.17576480999532917,0.05736444499778435,0.1679685949811994,0.0645020438974856
0.14225435679018386,0.12438376322764734,0.06577754383533746,0.12685910564149452,0.100302619932785,0.10294940496527465,0.023020883097112504,0.17931980759903,0.13513251491113462
0.13214518751369284,0.05229784468397647,0.21911388032518095,0.10646728003985677,0.08070272196514583,0.10492370726805787,0.05973455044063793,0.1694217086872949,0.07519311907615646
0.14618519434738053,0.09866805394439981,0.08843770637902887,0.10353720186106145,0.16185482335671397,0.2106644934736047,0.06632764481914476,0.07111588837350359,0.05320899344516236
0.11305027780843242,0.08771369334508695,0.09096641039129415,0.12295852049825329,0.14505872752696333,0.14272155033428266,0.08703109735920274,0.1250229057722904,0.08547681696419411
0.09762078242698717,0.058508868638814084,0.10256081469789087,0.135139086925166,0.12966626631144923,0.0608200445250772,0.03981173941097191,0.31062874111108935,0.06524365595255423
0.13072592103379269,0.14143644732530938,0.08985865696294093,0.11772423813229967,0.11765804938386541,0.10880433952061448,0.058654207063231954,0.12059090332972555,0.11454723724821991
0.12027214262294711,0.17184198135767373,0.07938935806549081,0.11569208482318342,0.11946896405883829,0.14122324631775432,0.12948966089919986,0.037364851639620604,0.08525771021529181
0.08670998766748599,0.08292641952444492,0.08742659121793916,0.12165494543304016,0.08770553795039997,0.082003315750192,0.026414129871935033,0.22426011123269238,0.20089896135187044
0.13985980898196707,0.15754274374546365,0.18960167530998875,0.11264108983760694,0.10152610031400827,0.06295322067581828,0.04567892799853319,0.09429398222880643,0.09590245090780747
0.1221779295687558,0.07722148569478166,0.09224238378245782,0.13740668985772633,0.14511670876413485,0.12846336301236413,0.062400370268761364,0.1129373399822533,0.12203372906876471
0.10694343587556011,0.09545833482722067,0.09324779900357126,0.10934303061291906,0.10999164467738569,0.10762555917775178,0.06063215828354603,0.11082606060563426,0.2059319769364112
0.1471755636654061,0.10601276947155978,0.1583737254304424,0.11211292019536116,0.0958785520290238,0.07029345112110268,0.04656981034003901,0.15654814732524716,0.10703506042181783
0.11845765435932738,0.06367666207398548,0.08235412644925004,0.14857951501657127,0.11684663722332893,0.14725724689997455,0.08354455832165981,0.13518070913525423,0.10410289052064832
0.1267423145789619,0.13471937663896352,0.10807995041732059,0.12975262321869382,0.1341819120557843,0.10047004735502936,0.16673005378001768,0.059506019661847265,0.0398177022933816
0.11141281778189598,0.07571716164507224,0.06932005348873378,0.10280533168749235,0.08340059732802442,0.10351164741924666,0.07068100193732967,0.08196085312664107,0.30119053558556397
0.1293375115782122,0.07970882927142993,0.07491376109437457,0.13815965656592502,0.1130690378356346,0.12960887857687275,0.09848716293417557,0.07774798763074824,0.15896717451262712
0.1277906802391128,0.09952854561740306,0.1367550873672141,0.12124468558389957,0.13017561819129522,0.06629032809780096,0.07286680450976862,0.18169960732619148,0.0636486430673142
0.09985562217832829,0.04780373786347059,0.18604322077262025,0.0932600172954453,0.09644259505141362,0.074995693803612,0.13445333624061853,0.05625302702505869,0.21089274976943265
0.1365337480488759,0.14283896505373098,0.12991048862874052,0.12819068562432442,0.09618671299753928,0.09492942822960626,0.07954880918343506,0.13856733402419716,0.05329382820955047
0.13226173709135736,0.14525321636535551,0.06661016191290785,0.12601456523287377,0.1346588700393008,0.04679835496110845,0.04382523520086896,0.12986499076352753,0.17471286843269965
0.0992308525335025,0.09229849765157272,0.11002403809064397,0.10606798892028575,0.12140415623803379,0.09959832196879835,0.14814425658906238,0.09510255186449894,0.1281293361436016
0.11556034452420703,0.09215684943874498,0.11899755926334595,0.11950740231931194,0.09796362590612796,0.07979010257222229,0.2226466101452469,0.06150862278151547,0.09186888304927752
0.11544791380315468,0.09793948754414043,0.09501416621129001,0.12912252346826703,0.12861172337633456,0.12175696962583155,0.06994562916105791,0.1989111775675578,0.04325040924236603
0.1352889444284079,0.06525327338291766,0.08918246676919898,0.14922728930977458,0.1297952268213004,0.13265285306013117,0.035058868949434184,0.1552791602671125,0.10826191701172272
0.12006232395661624,0.07716059589831063,0.14546205807681764,0.11160221195934099,0.072991883348406,0.15370912145806168,0.14453547949912846,0.03389924972152139,0.140577076081797
0.09952977770351763,0.04763181293602863,0.2005796881773236,0.09042673876461983,0.1110409014839342,0.13856657102444833,0.04891851290318231,0.19207857040710044,0.07122742659984506
0.12104591275338744,0.05350700484792361,0.14073630344245222,0.1324578472605601,0.0896268561833495,0.08482143163360907,0.08178942747388457,0.2500785340293348,0.045936682375498666
0.11042474511666095,0.0804590513578714,0.10658664109426079,0.14890897262868308,0.12192691681587603,0.09103250404224701,0.051696935474713684,0.14212710170933954,0.1468371317603476
0.11517520536911556,0.0347078400868795,0.09959139928454495,0.1245989075238617,0.13210730509926125,0.14129697586011036,0.12713407366361765,0.053003588101824074,0.17238470501078498
0.11073377595215371,0.13858521720412853,0.09457546048757141,0.11057209428763899,0.12042747271212394,0.08132956000262133,0.08468167184283516,0.11996985611056264,0.1391248914003643
0.1268113453741692,0.16989618257913797,0.06519694302620353,0.11855450743161726,0.08337899313450509,0.12920471862907137,0.09380476390012062,0.10231256471425147,0.11083998121092349
0.10918072540315865,0.15199151216461868,0.13870044411273053,0.11471265067432433,0.12565390798267567,0.11293140516638533,0.04258438913287616,0.13637769965606894,0.06786726570716169
0.12111499486795585,0.13580892104355813,0.15055229481398688,0.09591168622929251,0.07735765427531664,0.09231683297765285,0.016113409747380476,0.2002078068236904,0.11061639922116621
0.10681457871695715,0.06094215247076651,0.15916890670756143,0.09944547692800892,0.13995298765100725,0.13930236833376802,0.2302912111408909,0.02364738804864759,0.04043493000239222
0.09165629091333559,0.23051762621570834,0.06371726926557437,0.0864825978331205,0.1021124502990145,0.09406614885021154,0.06754176444930665,0.13961181744449278,0.12429403472923577
0.12028986275744895,0.15351733717262173,0.0958904145308872,0.14427450072463888,0.10966005667583201,0.08882977501770999,0.17877435403262346,0.08187906346236273,0.02688463562587511
0.10301087622998482,0.0529763341460199,0.21657482159516864,0.12903499142980776,0.10118034110977313,0.0955369273982396,0.10912480259271495,0.09584394901443567,0.09671695648385546
0.12769113511140698,0.09457786782267667,0.07123766365277671,0.14642551261817213,0.09829633716069068,0.07276003039833201,0.051529136843870484,0.29869502094176303,0.03878729545031132
0.10148734766239387,0.17600310959395393,0.08169898749552992,0.12119193050420458,0.09292227476849592,0.07748438546376864,0.0326952328644333,0.07340812194116335,0.2431086097060565
0.10211547468227204,0.11375580752351365,0.1125243722201973,0.1176714662373249,0.10238103911302936,0.1083522913570047,0.255309890293818,0.045548141636868746,0.042341516935971296
0.10348586355015209,0.09193871370423856,0.2700804300846537,0.10636030408234746,0.07802785857841021,0.07976375028282255,0.07351578063661297,0.07184732541751747,0.12497997366324498
0.1104506211661606,0.0552394924115801,0.12153491813145606,0.1475131575305154,0.09253360613305206,0.13810947673364615,0.04312525022895539,0.2525178649110687,0.038975612753565564
0.11212722575034828,0.1337363578905573,0.15252182081341573,0.13184653763741339,0.11835609806827284,0.08382200762367102,0.07767397435930841,0.16178938223807868,0.028126595618934352
0.14831745292960705,0.10617489964624864,0.15293041628055573,0.12285567426381912,0.12771683289582725,0.10550271106179841,0.05439430481555505,0.07196325982023166,0.11014444828635715
0.11710318838748135,0.14987502791540372,0.15469873223862016,0.13645973577859585,0.10260483689038387,0.07819310746491519,0.10304814292774477,0.10822729680667453,0.04978993159018056
0.13775995782688116,0.1002589339370601,0.11697831717624481,0.10997030233951903,0.10150081492229197,0.09689324449399354,0.07036772506720458,0.1779432098601347,0.08832749437667003
0.12768052352006384,0.06394068432728542,0.13391060558683524,0.11602627934557902,0.12666189978596043,0.16577708065286847,0.036963211613848544,0.1822112445813517,0.046828470586207406
0.08781955855579969,0.0650175704840145,0.1333387888874447,0.09015697050997466,0.11038408902934721,0.11514012728668115,0.030411677450311134,0.11078395022791403,0.256947267568513
0.11665800389284081,0.1893370178028335,0.07072700163790337,0.1278580049922552,0.10870516118894853,0.08081391950068678,0.10644347398459658,0.1698978126292945,0.02955960437064084
0.09020246701562647,0.13792264641879734,0.06076512405745088,0.11841512145424625,0.13260409464100364,0.0811721592758179,0.11161013664843396,0.07236399612740223,0.19494425436122134
0.10047596125775736,0.07662156328418544,0.08569712518968159,0.12280042624482983,0.12349529303340723,0.15623523367268177,0.07386154153771822,0.09298803888703881,0.1678248168926998
0.10163264331787254,0.09772159635940329,0.10881438664287217,0.10570658683000539,0.1325613768298459,0.08942125538435013,0.2160982223354427,0.043787482706601134,0.1042564495936068
0.11779019262805551,0.14851369388048194,0.12177054186821017,0.11705625933943238,0.10190594939709086,0.08225041594675525,0.1101657638722235,0.1564573441297309,0.044089838938019515
0.14071622838036127,0.07640419344687537,0.09814318649996064,0.13304169311293415,0.14119902786367017,0.10030025033382477,0.16315966366974963,0.07052223052046176,0.07651352617216221
0.10920122105929168,0.08225529070812021,0.05879970996799086,0.13884462561919234,0.11939225262506022,0.07028559754145187,0.04407193163485676,0.2622639902553395,0.11488538058869661
0.1443799847448399,0.07083566386740107,0.23053742983546047,0.13062120426731516,0.10721227784050764,0.08617101560676121,0.04908766309053974,0.12808412114597656,0.0530706396011982
0.10314601187283079,0.2465736060924583,0.05850514312916042,0.09081225188820874,0.08940683751598018,0.09593882121541904,0.0878195308184198,0.16536102341478817,0.062436774052734546
0.1172504769423014,0.0760569438620048,0.09140208867146503,0.1099504151071979,0.09413766390701526,0.06718924586185193,0.13234423752584515,0.14782928970393583,0.1638396384183827
0.10966066714960125,0.10808337768352189,0.16665392744018112,0.10047568631260377,0.13552020980926185,0.07726199600710891,0.1523675558550883,0.07461029383064079,0.07536628591199224
0.1257642105602584,0.16012914596986516,0.10459939361735972,0.13282604447407134,0.08636366791231205,0.08153352364348315,0.12417222560123035,0.14882231618741878,0.035789472034000944
0.09996040217383954,0.08317788860366247,0.13158722472097734,0.1031293604918373,0.11357751987960936,0.12242113400003235,0.024736981577307204,0.08843196116969791,0.23297752738303656
0.11076944209291956,0.06641728149577529,0.08079531625384259,0.10482912948108081,0.08865669201673643,0.19767248948057334,0.039029281676806485,0.2220536488548288,0.0897767186474367
0.1432163769238202,0.04604681064795748,0.07259844014148716,0.13198992297259962,0.09519324950292352,0.08885987767869696,0.025790302530165874,0.1942228200990824,0.2020821995032668
0.0933761867280191,0.09107347960178667,0.20236644899448267,0.08812591563328094,0.1045081481577075,0.1627486216146901,0.08779501980539169,0.037228557242206695,0.1327776222224346
0.1420430181626641,0.09499292622957223,0.09201088740103029,0.1243656448189922,0.10281881372561123,0.11570008278698878,0.06418761354444193,0.19004108310566362,0.07383993022503567
0.1268155325157517,0.15802094402444034,0.07661254627588669,0.14230243966383738,0.12544928187362395,0.14764229223582315,0.07872445215197209,0.0974507886047236,0.04698172265394113
0.08281770791189196,0.04495732425308333,0.07126444862526665,0.0866661498815466,0.11135431944131073,0.17418763540463145,0.08931820890742952,0.06623074798462807,0.27320345759021175
0.11054060315804666,0.25834927717413203,0.1302500921214009,0.12938083312032836,0.08636474296841694,0.07154138352747852,0.057745689365412134,0.10858605843313773,0.04724132013164666
0.13660894979413465,0.08152809164976171,0.11978824559834618,0.16268918892070386,0.10353656845800625,0.09247422321099326,0.08592667552672845,0.1804815200912061,0.03696653675011949
0.09887685123197039,0.07850341744950758,0.07507849009905415,0.12111127148228361,0.10836189491386729,0.12979333806859286,0.1084133512387803,0.16979187480518054,0.11006951071076336
0.09303281795906328,0.07248164115143457,0.0863760018336494,0.10712062595557863,0.11720344595075512,0.06028941087971692,0.0782913112864207,0.14325367310156725,0.2419510718818141
0.11423797741474873,0.11303833827766196,0.11452677131950069,0.19301789638825284,0.12272148208875806,0.10062952821717756,0.05857103126141056,0.10359682088540371,0.07966015414708587
0.16661301648590154,0.03013534202199049,0.08565217511141193,0.13405952518448308,0.1135295785644009,0.10195075685414708,0.14524063896750117,0.12917968379647027,0.09363928301369345
0.11221347815354592,0.09128983919341521,0.06478032446827801,0.12079260232084472,0.09482924714204849,0.08757315907272971,0.16179898866661738,0.16143030653469037,0.10529205444783023
0.10873511315315688,0.11426620973857786,0.13558196322557903,0.13007596120843548,0.13804384156122193,0.07625850099305657,0.05694083588964575,0.1493484417899499,0.09074913244037654
0.09974901227017265,0.1676060285363751,0.0803437075209103,0.11719634205254503,0.11309328816987563,0.1333447545210268,0.06224383443165612,0.057429388169019345,0.16899364432841893
0.09941093068443181,0.06834666771344376,0.0566589688632805,0.10608038356841094,0.09434818686602092,0.08219248450834825,0.06190944053428188,0.21431386145579426,0.21673907580598764
0.10597350388774675,0.09828141672668105,0.15788597206544266,0.09341935329329476,0.08247679017817865,0.11759110810927302,0.11682023435783669,0.06226457158116511,0.16528704980038134
0.10060834743956319,0.344124857421185,0.07399103038288046,0.10565393857122406,0.11543681790049505,0.07754330429730145,0.11053563800285494,0.05076950691178526,0.02133655907271054
0.10422690585545576,0.11412070835022019,0.11035950689162899,0.10117567538517369,0.09899452920370748,0.12391492601947818,0.08453934608765067,0.03587236656920075,0.2267960356374844
0.0802905614784265,0.0911876435372471,0.062492197582545615,0.06851276010886302,0.08101870254157105,0.12921699659663866,0.04223072131478812,0.17001080270567873,0.2750396141342412
0.14255758217845102,0.038335213460093005,0.09103501254474013,0.13211493891966786,0.1544551540393736,0.17898002025689017,0.05099477005181482,0.09299588792839775,0.11853142062057169
0.12721918710750163,0.06383704672365142,0.16191825339924093,0.1317554323383557,0.11037130720351947,0.11573393437444285,0.18046277624178253,0.04571170463898431,0.06299035797252119
0.11220226684563554,0.04776109620538135,0.15482983131331748,0.12711143249149356,0.09348103520565565,0.13881890954187578,0.04805330042322576,0.20603616301574,0.07170596495767494
0.1118967730876423,0.09355546369552516,0.1702512242716284,0.12291552234070831,0.11946214181234716,0.11334857106567132,0.04943592960936291,0.03936059652800892,0.17977377758910548
0.14980419268416476,0.1111791029076921,0.10796776923388794,0.12632351333327277,0.10287767798359763,0.06680692463606726,0.1569147143349802,0.13088350312112687,0.04724260176521034
0.13522380093357292,0.1412879957310027,0.10773759429754282,0.12127368797342282,0.09028528067372289,0.16819058867296263,0.04078324907215139,0.07741944705423297,0.11779835559138885
0.1082661285135272,0.08771418876966773,0.09428348390590824,0.10643934748935596,0.08406138703617853,0.06452540614058577,0.05718154680889547,0.06365526634827463,0.33387324498760657
0.1312558049546715,0.07971791642117664,0.10703912515092322,0.14160038388089585,0.1460864451923873,0.1276773856635962,0.1093793420594971,0.09261438718682076,0.06462920949003134
0.12537136232435506,0.06513566156137199,0.059325193140204575,0.1351854580588511,0.07929619886422239,0.07277147357988932,0.07930044732118575,0.2534253909054625,0.1301888142444573
0.11429664929578132,0.12546438242326707,0.08944276046730022,0.13869456406695194,0.08150591877588205,0.04010698760680735,0.08685689910010208,0.23750405898921959,0.08612777927468838
0.10272304563300787,0.10506081860550169,0.1002128811444533,0.11418958154335895,0.13627893432437058,0.1214093854684749,0.1154934845148476,0.07028154568831309,0.134350323077672
0.09214502127749846,0.0896881417501754,0.07492343499324726,0.10276969085455638,0.09688224844240197,0.0758140358225356,0.08322044809774937,0.10257529501166891,0.28198168375016663
0.10626120957434881,0.03131207012082144,0.07599785821881715,0.11778978468988206,0.16942751971354966,0.09236090273874077,0.06562915511605168,0.08753514903436528,0.25368635079342305
0.13871701201663555,0.08086608599646332,0.11945158361326602,0.13506817172074473,0.10311924900434305,0.1691944578801329,0.024956526709158596,0.06522605599603855,0.1634008570632172
0.11140073586109733,0.1070541287889285,0.15362375634273165,0.11662889417999678,0.10985244518382452,0.1236127754867798,0.15661362843251844,0.048686930008424646,0.07252670571569832
0.11856075723716337,0.0504030111331423,0.06465602249567604,0.1273909812386958,0.11926198040876074,0.07314073633253122,0.04023225107457055,0.12372949804567762,0.2826247620337823
0.09619951539739563,0.04746290801567443,0.1401366834158062,0.09491087803365296,0.10358807458686448,0.11139288839025306,0.07461393610008611,0.13195177156438348,0.19974334449588368
0.13611460725151422,0.08286668846040722,0.2026697889533057,0.12512096791506935,0.11737191318491584,0.08867855991668017,0.031135234173296306,0.1637498713315759,0.05229236881323528
0.14270162254214502,0.06656261376010258,0.09192885698525609,0.15602388186434255,0.18091188000494815,0.12618729578950513,0.12468053310513583,0.05550935177514971,0.055493964173414935
0.12530954634506866,0.0694777950863905,0.10716406765735516,0.15326152546923383,0.12317884588774723,0.11210083091200734,0.08275669776478027,0.12966357928452618,0.09708711159289089
0.10742219079041347,0.14942716250309807,0.12463597544344518,0.09039663685993506,0.08737379414331618,0.11668543988093256,0.13142912145908936,0.10348317742140667,0.08914650149836349
0.10185920626441601,0.07773336403469372,0.11732501410848938,0.12666106217177345,0.12867975895677522,0.10253746514532085,0.14562614707865937,0.14396130273603505,0.055616679503836884
0.14879785765041595,0.0807510540205309,0.09058675075082917,0.13606768842946657,0.12237467530930035,0.0712686940330171,0.13496031850075135,0.12814054037204314,0.08705242093364551
0.13832076325522122,0.11718975302349106,0.14581500485267931,0.13739535108026327,0.11947917475177056,0.10734615526844776,0.08820153550626793,0.07900233232764621,0.06724992993421262
0.0941318487459246,0.11326393223992226,0.11912139050418358,0.09527657434334996,0.10512853511190368,0.11922119494698709,0.23543157408641058,0.07279951324696837,0.04562543677434976
0.11571974635673037,0.05954681807718543,0.09788646155644264,0.11574413341302386,0.09439307461022933,0.1645261028707541,0.18581190320364807,0.09088151248383573,0.07549024742815046
0.12228069619607769,0.17649232500792844,0.11258390153330018,0.09750562854003887,0.13437049978891985,0.1488153717789997,0.047589491386638705,0.09905404074103748,0.06130804502705911
0.11924036586294186,0.03444993337724594,0.07627624667441145,0.12075070187879151,0.1509000867802305,0.18285831667676064,0.20127234435168528,0.04977575827762284,0.06447624612030996
0.1348859455152833,0.07370434278969584,0.11430612964471304,0.1260777111546202,0.1522147444858946,0.11632606038436939,0.1873075143903303,0.06100241456315072,0.03417513707194265
0.10127395693144074,0.148936052144803,0.10949675351763509,0.11289104956957247,0.10185896456813892,0.07753183182762861,0.04289400240804603,0.13066589903951478,0.17445148999322038
0.09144428624343692,0.058640416690254604,0.07614427029121018,0.11476827657318406,0.14122657594205348,0.1759120634564094,0.24011615820072799,0.08254380736336601,0.019204145239357345
0.1210739499931478,0.08600939285010571,0.08975933341849945,0.10363750504629343,0.09050130757119679,0.07431049078886015,0.09509580368258237,0.11950470289075138,0.22010751375856294
0.13436999005454373,0.08198419728096105,0.06096649212718102,0.14441082905594818,0.127662474413379,0.0976622977048225,0.09564740304429477,0.11891356852568254,0.13838274779318724
0.10669229181456168,0.1475856803595287,0.10435624476990768,0.11092442422326809,0.11649563485552948,0.11367803130073713,0.06881953103619312,0.051651604033921494,0.17979655760635263
0.1213562287808358,0.17492263033652575,0.14155988758083157,0.14069398842113656,0.13139543834222686,0.06503405051943485,0.054510583763049986,0.12424689876394163,0.046280293492017045
0.09438126663876346,0.03999801426724376,0.16391334802404225,0.07989433887800018,0.08178355513458264,0.0818057790422609,0.0563051621016677,0.248028758042116,0.15388977787132313
0.10377442227712867,0.0460806711248149,0.10447316184688832,0.13152168798584132,0.1103247321942622,0.08850165026950303,0.0469824597044022,0.20558354099532897,0.1627576736018304
0.09988586576715158,0.05130821564932316,0.15325875622115007,0.12184636662957853,0.09093648460605035,0.05870475764583257,0.032716431516259005,0.24883805603327103,0.14250506593138365
