0.17090299478575854,0.06541042692937989,0.1941669273664135,0.11511816805128207,0.0977103660508013,0.12153436349341216,0.03715748242388473,0.09393104158958226,0.10406822930948556
0.13137597915005994,0.22746494510193874,0.08942874854264238,0.12457181642668747,0.09530805838641059,0.06790057765306873,0.02946058923016325,0.1279896326545585,0.10649965285447037
0.1277522085298228,0.12319527865881068,0.14021692245682163,0.13211783973624622,0.10714679804170614,0.1060568253350127,0.08027766873530402,0.06986452952964023,0.11337192897663571
0.11233075375889016,0.10114184383639947,0.15017800571678627,0.10893909303655025,0.1292363265623434,0.15183671052595427,0.023120252569436492,0.08832719414914177,0.1348898198444979
0.11733015777111633,0.19518970701082247,0.09987475874991941,0.1575272654491688,0.11772359930525544,0.0498569539689953,0.03723420473102934,0.10943641141031574,0.11582694160337713
0.08762772793743252,0.08866653629768073,0.1056065436989616,0.15941080086402717,0.12962803826480102,0.11208062335538942,0.07742241093366847,0.1205201295869087,0.11903718906113044
0.06978412297953879,0.1436994454347967,0.08854459892275084,0.11916892642767034,0.10518765436965184,0.1992496113553441,0.05092568739967196,0.10297319908337198,0.12046675402720346
0.17254950189414556,0.12800094633948197,0.0746974766633412,0.09761558034143288,0.08512804723118368,0.17565152557084218,0.0779711679602186,0.10156311194133816,0.08682264205801576
0.0568423118055593,0.0667416074072807,0.15221526728897203,0.14011003196020969,0.13322648064652456,0.117519913660399,0.058462866127621305,0.14726068045860857,0.1276208406448248
0.039466404092173814,0.281200959733684,0.10901762748677017,0.08557773217760917,0.12326833762133882,0.11850661556714698,0.04579204044508972,0.08464278611741653,0.11252749675877088
0.18682882155721472,0.07761585313150435,0.12458422312687496,0.10589601965425205,0.10489273173692688,0.13137686836089765,0.06278618645442122,0.09360341875668969,0.11241587722121855
0.10789129980909817,0.10525824880196756,0.12621922230225324,0.14822833018025525,0.10377423838297513,0.0654597435798203,0.1220596264884382,0.1064118330975512,0.11469745735764088
0.05752773435963992,0.06824810716527958,0.08044507729909316,0.11557867101352497,0.08514919261009907,0.2816911763709414,0.11294112085865989,0.08494358061550111,0.11347533970726094
0.23650964005509093,0.1275314268519681,0.08895251342110218,0.11258680716990584,0.08912908054398218,0.11614421243666444,0.041183935004226895,0.09023752838687256,0.09772485613018683
0.18178097684299868,0.12698998307491488,0.14590563945482957,0.10144740254368427,0.09209620644204285,0.13056477311088702,0.02130956075063117,0.10431800547009094,0.09558745230992068
0.05786692600188412,0.0868471634545438,0.21157367598031296,0.10406125406630222,0.12661148209851333,0.12392043687745458,0.02574787623546931,0.12629730951189047,0.13707387577362914
0.10419551506331319,0.093364235380182,0.13167556951937023,0.12805711210641635,0.09758528374009275,0.16597955556881913,0.09760154325408625,0.07912610342309738,0.10241508194462277
0.05950767970177922,0.05361431622274696,0.07801405732146166,0.14052384102340743,0.09760196520297464,0.26282837380359025,0.14748733601472439,0.06630280977223207,0.09411962093708331
0.114975283177245,0.22927081453717224,0.07667010204482115,0.1343022326365461,0.08075741776614416,0.07148029293891518,0.11507372375405728,0.08693952662827513,0.09053060651682372
0.05481360761076714,0.09373104326805365,0.08419354691947345,0.12173544102891792,0.09978051292766864,0.15549762835107075,0.12789485431543432,0.15655475111129305,0.10579861446732104
0.11797666834255392,0.11895721491324777,0.16557521533366437,0.10643984058924165,0.10358015942448721,0.15344838878680242,0.017849265404620673,0.10176980785781896,0.11440343934756303
0.145570705216352,0.09355163302487418,0.10236388932788727,0.14374411234533263,0.11253411727780638,0.11238666342408261,0.05875792154305077,0.11422026688230041,0.11687069095831375
0.09206906957049726,0.12061892822699566,0.11548152600486648,0.1275433452371512,0.1187554489454848,0.08252937765200968,0.14365635028493198,0.08640086118897278,0.11294509288909016
0.08839607775208573,0.10433923491877233,0.10362302235865584,0.1426826512326359,0.10789358139251524,0.15472380205686576,0.07704258520592557,0.10969723805039087,0.11160180703215276
0.04945733716665393,0.11688171874597808,0.1323698431630244,0.10569412830759688,0.10835526500261654,0.16725628512027382,0.048110408912033824,0.1545838178740965,0.117291195707726
0.06499862938087317,0.07746915754463073,0.11161729606191413,0.10434425624639904,0.13635254384045195,0.1442685691146205,0.05858431835218919,0.1639978389339443,0.13836739052497704
0.39523010893634547,0.06887715278416869,0.05652973197879268,0.1181321457534269,0.07302711442548082,0.06531419876294438,0.09334491387884586,0.05410488361935669,0.07543974986063852
0.06417350308638273,0.1551202895977319,0.08075455351520776,0.12325932396409862,0.09322527119388739,0.1016487017071534,0.15004095366262363,0.12745374976683466,0.10432365350607997
0.16875074265258427,0.26197503878623846,0.08897230163375235,0.0939684015119265,0.09460417270057919,0.05374721300671851,0.07174093511132537,0.07044841171794114,0.09579278287893418
0.03491665136429261,0.11232785546473839,0.1260182177648331,0.10701508825696641,0.13713626142676397,0.10104213195040296,0.05154265638275559,0.19853044549558518,0.13147069189366184
0.040385491237098156,0.13276544447303226,0.13319065138378502,0.1102162139927149,0.1162844075276312,0.17169935674812994,0.028559418712992474,0.12641738909179498,0.14048162683282103
0.03435763458648307,0.10236207171822818,0.1572563129001422,0.11015447791834566,0.14577923068262977,0.14399529549418186,0.08381528373189828,0.10137962195078724,0.12090007101730373
0.09098925701219474,0.0910182052614907,0.14002567842203323,0.12279437104315777,0.1576186666675226,0.02513697808920359,0.07195245396521771,0.1688877827579782,0.13157660678120142
0.12127330895447513,0.16206642661505674,0.1209095445119639,0.132480845501751,0.10686640075182907,0.07573210487545812,0.06356856439816483,0.1083560321183939,0.1087467722729074
0.09941901891651134,0.10045192305301966,0.1614427521113344,0.13500568723758144,0.11825258108676197,0.05311628257892551,0.0858391879761221,0.12389923723685331,0.12257332980289033
0.1181163228023034,0.10974679456297232,0.14551177455924055,0.12915366074381965,0.11722887160457181,0.1297959269546586,0.04925632056673487,0.08874322486191878,0.11244710334378004
0.10108048150769577,0.1174121920422503,0.07943852692569854,0.11139268807966878,0.11060294149311668,0.13327311202441325,0.08996016149358706,0.14225781328067874,0.11458208315289094
0.09769670345393938,0.11839647975112429,0.18877943109886086,0.10527613243468296,0.12112060153560518,0.1198290993866075,0.019274442512195174,0.1190070368682492,0.11062007295873545
0.032727692370804036,0.13517625108074824,0.10525141817488741,0.11577571479421613,0.148639980838293,0.12203937753524972,0.09155363990317954,0.1280332631491364,0.12080266215348556
0.2880420404864216,0.10993034060452318,0.09559840830183264,0.10842176385169894,0.09309438101538751,0.05156367951986734,0.09319837242587681,0.06573757432867132,0.09441343946572067
0.021864975171954487,0.1318339816036359,0.0888715019256744,0.09403294402499957,0.08439780900298055,0.20573250593700657,0.19838322338110884,0.079399252982909,0.09548380596973072
0.026969091996449996,0.09013319977026595,0.11892058806126289,0.09822690940917435,0.1256696170552176,0.10804625754338044,0.17338520337551522,0.1327987389332116,0.1258503938555219
0.06489768124256208,0.10394642268422828,0.12528723739835193,0.11889959865723686,0.1598342109975136,0.09664992174661839,0.03145520460245846,0.17280166515735332,0.12622805751367708
0.06899506719479465,0.20627879641979496,0.08975258683805139,0.10651800434976988,0.10619251269677642,0.12411307015814214,0.02947948422123317,0.16409110435927485,0.1045793737621626
0.12999038926819748,0.1308619214412513,0.07198163957912963,0.0998325630884163,0.10887378178786955,0.14687583891827624,0.026894515177606684,0.16693619896318987,0.11775315177606294
0.24007305496482587,0.07282544550969157,0.10603999381320224,0.10509799444017574,0.09443642976423218,0.14645239864395407,0.030349107472161022,0.10950965293120883,0.09521592246054854
0.28933871702524017,0.1483011248232591,0.0710366977016492,0.10698830883343315,0.08548335879533049,0.09397911367569112,0.045793884785142853,0.07111225883225186,0.087966535528002
0.2789328257948311,0.10499984462030426,0.09920200561839038,0.10303088925472127,0.12106750193390871,0.04965241417757898,0.029824428489724174,0.10158108712150254,0.11170900298903859
0.13369903444248696,0.14599990339358165,0.08761887393009678,0.13656387266013767,0.12058610601411301,0.0928627182096929,0.05731400547182509,0.11603559215551014,0.10931989372255575
0.17048391230165882,0.15928329708492606,0.08350357425958171,0.10106431847945867,0.08807026757879337,0.093316389050749,0.1311132274006259,0.0830211247655175,0.09014388907868894
0.13131435697002128,0.21728044850145947,0.0817909654795325,0.11450222896744795,0.09900617000916134,0.0863692657018074,0.06013272490479391,0.11176607154700695,0.0978377679187691
0.12059282830346858,0.08356234032505876,0.11420043740954021,0.11942552693585888,0.1275524909032455,0.13698923505960764,0.06915934155050185,0.10127392296941883,0.1272438765432998
0.05379682584760887,0.10714423927575278,0.16700895079190622,0.08954999924331515,0.09668873551590741,0.037395272220196264,0.12462696792297827,0.2092794134597025,0.11450959572263252
0.05434042876391926,0.07711309340362221,0.18597318004920024,0.12739331015832672,0.11856555059963748,0.11694730982370366,0.07887589699178223,0.1028320577920024,0.13795917241780573
0.18006909196536236,0.09795293345480864,0.07592790497954764,0.10552176572293431,0.11685559714076453,0.12791341629650327,0.08487889480738185,0.09986015860756053,0.11102023702513687
0.10278914513739111,0.09151767164180245,0.16077357377469934,0.15509470015752547,0.1278177247090099,0.09877850443108394,0.037058819298084904,0.10937192093101951,0.1167979399193834
0.20965014885479225,0.10088809583753844,0.11155263946456397,0.12892879666884677,0.10120466072063351,0.053366905914186615,0.09470536174408783,0.10184983681909983,0.09785355397625085
0.024526433694163668,0.08946342586247986,0.17182728857876076,0.11377116604923547,0.11851661470895596,0.22759170687926586,0.05106922817565493,0.09382933029703593,0.10940480575444772
0.11608989116923694,0.13676673354257576,0.10638913972007429,0.11330897161439978,0.11376705713455874,0.1202061893880999,0.09420132871078452,0.07956232921645658,0.11970835950381348
0.15281514061433,0.07058259627717338,0.08434088732020682,0.11770764063576766,0.09788029495850832,0.2052596006139361,0.10534411788742006,0.06874341785587514,0.0973263038367825
0.038122213078601426,0.05931657786083142,0.18649719598545356,0.11199582516007615,0.14390725303403148,0.13670629183435795,0.046605792272549074,0.15522894154057493,0.12161990923352402
0.11319958901070466,0.19409582343642154,0.12667774801850626,0.10291277915582842,0.10843905720097131,0.0663643021711743,0.059237494435206095,0.10953096580337246,0.11954224076781493
0.09864952872414533,0.11447260709400219,0.12610066189161978,0.11192875457056006,0.12257931882673655,0.1404738947839688,0.05398957747368713,0.11582771378369133,0.11597794285158891
0.04327707098963468,0.1003009846343691,0.11594995359374242,0.09521205233452411,0.13361479233559323,0.2530362946669676,0.03212918986020857,0.10581149339529573,0.1206681681896646
0.07481522904216921,0.09454190389402377,0.10763849144675856,0.0992560108395872,0.10847714614800084,0.16407542472607625,0.11764893553021506,0.1253403183898256,0.10820653998334358
0.05509812749130045,0.11409972847152573,0.1754264517049008,0.13225548331662562,0.1102373098427134,0.15045737911301416,0.04197564383826071,0.1076474934485079,0.11280238277315126
0.13295113439156525,0.20730355793037983,0.10189451594733599,0.12201852470458453,0.09519289121503889,0.11218872933060912,0.03928083577849517,0.09056446799771055,0.09860534270428069
0.10132021965197828,0.08987563700342016,0.10318186574007139,0.15407016684283167,0.11777336210743038,0.13013909263820708,0.06454363496122421,0.10584873781886707,0.13324728323596968
0.1450899724230921,0.235419991634783,0.13886669120748119,0.08708811105119146,0.0988751879798964,0.09701257130010567,0.028416618642345737,0.07335349951866628,0.09587735624243815
0.1359103028980259,0.13403444912621046,0.10840033023188685,0.125912686708934,0.09496005306210477,0.137840615392844,0.033680273462115946,0.12110626789724827,0.10815502122062985
0.12163912416394947,0.13757533350092654,0.12187895377082249,0.09234550398081937,0.10710929567525525,0.1746462070649495,0.022689154450767482,0.10664374841527381,0.11547267897723605
0.21472257880226997,0.07726542064491392,0.10537441561674156,0.11705644296639377,0.11492858850961818,0.14186540215846866,0.04521624561671963,0.07441997617787167,0.10915092950700271
0.03118879452576266,0.1138533619274837,0.14625537686212312,0.12541257272144132,0.10144775219829995,0.12909628801106685,0.14545252540826342,0.09230645335341081,0.11498687499214826
0.14948643404007042,0.2727826446699771,0.0565693892132389,0.10751373971300993,0.09187723754845567,0.07665728263631905,0.08528710834819803,0.06790799084968646,0.09191817298104439
0.03134885009850669,0.055999151967280565,0.14680227328910997,0.12252944128055411,0.10416080959489332,0.16878444771874804,0.13768702224338777,0.12213944104237873,0.11054856276514073
0.18074513398880754,0.08932140091814683,0.14204170340469216,0.14233014149256568,0.11088090440230025,0.05946376826709419,0.059193026234350486,0.10163248747620651,0.11439143381583634
0.2813521267303465,0.15722568149064134,0.0693073616650459,0.1027110620313678,0.07837444505622833,0.1103499556431184,0.05974933777430408,0.06068467113051429,0.08024535847843331
0.033911605420433096,0.08237038428849197,0.12674697930314113,0.0995743967107755,0.12192610415953242,0.24733272905295833,0.057345520675891604,0.08868255810574098,0.14210972228303498
0.019952198310501216,0.11272405814689773,0.16179429443756477,0.10815172240090765,0.09154633888101349,0.231838373959064,0.04565802357934003,0.13602451733173282,0.09231047295297823
0.0802310615081302,0.16691987855785964,0.09611144519015986,0.14453404666789757,0.11310326415865905,0.10347109298514824,0.06976938991153671,0.10694972201471616,0.1189100990058926
0.21538581403609483,0.13562452237104508,0.1304446761129554,0.12784842264140045,0.0847878368812275,0.06955381441705484,0.04697790937657977,0.09737298796781269,0.09200401619582942
0.063604002541107,0.06391371894063413,0.12851439472760573,0.11617777720340035,0.11825578078839737,0.130689416338427,0.19211339406999173,0.08372133407079348,0.10301018131964312
0.10300050671846966,0.08703067636597273,0.10283531790431162,0.14512512737732666,0.10383063464041838,0.17828585582732323,0.06886668114602601,0.09034781792199365,0.12067738209815804
0.08695695307176149,0.1140053618892845,0.16514274842276003,0.11920761221242993,0.11296764929199972,0.12298427260656741,0.0478992299135631,0.11508623847496263,0.11574993411667112
0.1507704652828061,0.07961564011179488,0.09234976310016528,0.1286510769547161,0.145352603589581,0.13302212102511207,0.043148512793609296,0.10005243929942564,0.1270373778427897
0.14164399928893048,0.13356585740653779,0.15373395256851727,0.08789807947092128,0.10090204235339129,0.15070611985854507,0.032833729600677576,0.09136093818552461,0.10735528126695464
0.03549840653330878,0.18996551477202764,0.17402835262134442,0.09070116032026541,0.13291800817286858,0.051925511813264824,0.018376413657030476,0.186196267931333,0.12039036417855692
0.09072206160846624,0.06876939830976833,0.07609276713880557,0.11288754239757559,0.09886718247711294,0.10296474114424263,0.23540217300861918,0.10346804946620282,0.11082608444920679
0.15237960806839757,0.06769653941469023,0.09201375252034467,0.12229914462480908,0.09276639225487586,0.10923354209156684,0.18998822605046053,0.07439409974580659,0.0992286952290487
0.0657909005575613,0.1262958138446615,0.14712678544917646,0.12407464832923937,0.0982405076224719,0.14682045786364267,0.06433767578980835,0.11595390075888197,0.11135930978455645
0.07906126460088518,0.099092492731669,0.07667322454957799,0.13533364492114539,0.13017589344387892,0.09476535821761219,0.18648040086772588,0.08730482256285053,0.11111289810465497
0.04012714918711787,0.16663636020206127,0.10682250827267627,0.08926489355646505,0.10171824181157957,0.2174950723967226,0.0476238979838463,0.12016942859686575,0.11014244799266537
0.07107861701308886,0.06380383911635527,0.10885718132968263,0.11302077541075095,0.12697574499112985,0.1099435192794207,0.18469577490530784,0.09953707152255724,0.1220874764317067
0.10953939714945678,0.07084852565136714,0.08815928267492044,0.10927317050525324,0.10272745617303124,0.062541200063345,0.25882082995350836,0.10033135918217673,0.09775877864694105
0.10659079370133133,0.11878675293068171,0.0949968408772428,0.11598354528986421,0.09953115454711924,0.19279040737936,0.02813097953838939,0.12147156241558248,0.12171796332042885
0.09987094080722665,0.06335037532262018,0.07797038476087376,0.11872192163092617,0.09767499549677554,0.3150072824416566,0.07104940423141869,0.058937057394306464,0.09741763791419594
0.22850130992502637,0.11153455364261895,0.11203914159088779,0.11196411909962141,0.10401530458313174,0.09671904383748324,0.045003836815121524,0.08078993121573864,0.10943275929037033
0.145830253638521,0.1322211749190766,0.15099789549073672,0.09549421935923741,0.09438608071024612,0.1222123193129591,0.05883615728806133,0.09080301567474425,0.10921888360641745
0.202562442147629,0.13580466913398231,0.14434196243042186,0.09675942984104831,0.11061377603232704,0.08625417615386055,0.03265423062595373,0.08334441220767098,0.10766490142710622
0.07756600727375347,0.09278453579870777,0.09590315430437846,0.10357077213448412,0.11560659400254707,0.2202830775997359,0.07901008474673223,0.10432013820042367,0.1109556359392374
0.12364078618770052,0.16693650778839486,0.07556354601512712,0.11718597731785228,0.10002607850036899,0.16865845212971417,0.07496019014694914,0.07580285191169014,0.09722561000220281
0.05134217241084133,0.10034653019067448,0.10901321974042101,0.11856164672671937,0.08670868937211963,0.21339050279983607,0.10584594101240984,0.10517091501036051,0.10962038273661771
0.09707360679868775,0.0858766958160248,0.20246302918741466,0.13238616811178316,0.12631628346940718,0.060590288846626754,0.02943493518376637,0.13590968827702574,0.12994930430926363
0.12068259018614118,0.12001951083487132,0.09086886044539601,0.11894690115931639,0.11782325144035655,0.0811179515158305,0.13031046245388664,0.10881364820239246,0.11141682376180895
0.1570566101020386,0.1288631735366075,0.11336748723925467,0.11542609752835016,0.0953193577725685,0.057718334104809366,0.12528901914387136,0.10681750257943969,0.10014241799306012
0.11905608462246307,0.10828307121226267,0.14090377917253435,0.12947384115092678,0.10795313303039232,0.1098747600366465,0.09127289136171148,0.08768811792311582,0.10549432148994697
0.08313682379876525,0.11953771587756212,0.1447675884809545,0.11546992369263011,0.08978781649648115,0.0983243909429486,0.06652174436679052,0.1646933768546471,0.1177606194892206
0.1514997102244245,0.14279814154487777,0.09828819353182561,0.11858853777574263,0.12047330751844754,0.0881232210885246,0.04316447341524207,0.11433206732342792,0.12273234757748734
0.35256552712791184,0.1846061151678163,0.04411573462763149,0.10346069046283661,0.06200907048325883,0.03357596297862448,0.08945494802786658,0.062355932338366976,0.0678560187856868
0.10961387697507918,0.09275012011770424,0.11327446000652121,0.1028065181219076,0.0984951437445672,0.21987394142889696,0.05484180269322949,0.09943619869682846,0.10890793821526557
0.09840629238128233,0.07514898993367357,0.12460093299568258,0.12961063064888803,0.1398500238093124,0.07483714720007989,0.10407939349278394,0.1092654222104326,0.14420116732786462
0.1573560529730033,0.17736587153084535,0.13638176331564436,0.08463247871220043,0.08878114773890276,0.1661951715865766,0.011131195949561504,0.08436197844328087,0.09379433974998475
0.08020624793613626,0.2233069902409497,0.10703000536009195,0.12745104013222655,0.14487364944335543,0.06565907518918544,0.02215560486592305,0.11487876854522953,0.11443861828690222
0.11920324236697755,0.08633856494976085,0.1659105757739349,0.11571833709688845,0.10002226400272475,0.07864188936579042,0.08714745899702638,0.13414556418005993,0.11287210326683668
0.05859078791326424,0.06527075932130268,0.1445888788482417,0.12571479259363316,0.10607844862076175,0.2666132652802447,0.05225355179136954,0.09272223478227011,0.08816728084891216
0.10694655730687452,0.1359089455586814,0.17025781953557853,0.14853525600121542,0.0944505416470472,0.10529521903804528,0.02301086177243626,0.12235645567766684,0.09323834346245452
0.07114712786530245,0.25882714345459057,0.10873210881978912,0.09739786682962039,0.09944197933013454,0.06111556710261348,0.03906271542066656,0.1521208277807418,0.11215466339654108
0.16139377946749398,0.10258969626466362,0.09426434662472137,0.15268468970229568,0.09953478066192582,0.05419347875083411,0.1130423479297739,0.11488685235617634,0.10741002824211515
0.07465529537443098,0.058982547797781004,0.06130708983613719,0.11925498253295656,0.08348518605430537,0.1954969426137141,0.22190732420103465,0.09691610768690702,0.08799452390273316
0.21739074121255808,0.12849506701244165,0.08374956574840298,0.12991668576779805,0.10489868595152528,0.08263509413248553,0.05420357066962737,0.09997202894101087,0.09873856056415022
0.14923035747597707,0.08802903108501799,0.14343998262050728,0.15943342442154532,0.12863766425709736,0.08752409068426457,0.029258285915837026,0.09462808567058756,0.11981907786916583
0.05222056106917682,0.23822242820024483,0.17027751741813213,0.10478928019045579,0.1117503534876525,0.05475773901734701,0.05114360820081826,0.105748775134496,0.1110897372816767
0.05843955233521097,0.15961093588593692,0.10730123734842223,0.12045409019742187,0.10925727032264576,0.07027845590120473,0.13087441156238885,0.12299207436152797,0.12079197208524074
0.15465590522808148,0.24578567864740128,0.08051045795974666,0.1018622848835411,0.09877605253592005,0.05830332963917894,0.07260727232309738,0.08396159390870812,0.103537424874325
0.26468404867673256,0.10802078266639624,0.07874434725156647,0.1074465280454149,0.10431001274639234,0.09752120249497692,0.050212187586238,0.09018251173684716,0.09887837879543539
0.0922412449740609,0.14212083818386886,0.07167470446534448,0.1474847709615957,0.10481145394628838,0.15491678190889446,0.06387837728944694,0.10937999369340662,0.11349183457709372
0.27380368330726607,0.15203483268119486,0.10661539935830078,0.09042330544018633,0.0788338147198384,0.08114403597843188,0.04675177352873666,0.08583403464565818,0.0845591203403868
0.04898249972685496,0.17454301972337696,0.11240295126723536,0.12023646240608005,0.1328364487854364,0.05806264664012334,0.12464495007597405,0.10721586548960764,0.12107515588531126
0.09144921592008544,0.14298206365820623,0.0829500976302693,0.15819944764876082,0.10905734690738915,0.059011362246300963,0.1509090298215197,0.09404484830721271,0.11139658786025569
0.05375601223374211,0.1270205660631852,0.07790121695653128,0.14980136621651371,0.10979315032423598,0.10219090582807773,0.14935982525520528,0.120955414580927,0.10922154254158167
0.12567583759315884,0.12769232753633022,0.16160067055038965,0.117263559458343,0.10226903288246024,0.11141684636357681,0.04180387065267393,0.09962852141678437,0.11264933354628286
0.31108210127196195,0.1049334913973905,0.07482570853349534,0.0960256388427931,0.06938896165298496,0.062073216309461166,0.12601175172022178,0.07331519845217478,0.08234393181951644
0.13526198223922767,0.20491236132868274,0.07675865263342678,0.08106595617531537,0.07739832711667326,0.04318906372009573,0.23691072823890638,0.06407359746505668,0.08042933108261535
0.03210038972379429,0.1175205285111514,0.08727773249926678,0.14102555277399534,0.129950759594201,0.1250698634607263,0.13978405964112886,0.10209837771479154,0.12517273608094454
0.3489149652260506,0.08433761497557325,0.08177258860004666,0.08602574222795556,0.07804155147831222,0.12746262927541774,0.04619823707732895,0.06441533012337018,0.08283134101594482
0.10217064441070105,0.07803462842955498,0.17385695353108607,0.1594116321202984,0.12461400409191392,0.0998491289216303,0.06050246496744164,0.10157780000405613,0.09998274352331749
0.09353787495512537,0.07377839727075342,0.17180250093547522,0.13561271630725644,0.10753062276692642,0.060958171452316405,0.15804234558119473,0.08609290762286903,0.11264446310808296
0.08284737796180318,0.09792284412858665,0.10040279751201646,0.12345079202982849,0.10350125930524645,0.16616256483171152,0.1404473480922636,0.07765865602200601,0.10760636011653764
0.0845046971811993,0.10756024237734392,0.10882620180926399,0.10798248477999546,0.10265720667142612,0.2259787046122226,0.022362001162177254,0.12793674110074235,0.11219172030562902
