0.059780975774875976,0.10526416797031189,0.07681067774697747,0.12432223888006667,0.13313026971670966,0.10545737587699405,0.10654763586213269,0.1291466398393404,0.1595400183325912
0.14127001821051113,0.10121808485113383,0.13158032711436257,0.18335128854081476,0.06148337971510134,0.09113857399735747,0.12796732777606434,0.11369097753724026,0.04830002225741432
0.19549824211880606,0.08799468099679726,0.12395296003211413,0.07526762817951106,0.11027752822821096,0.09599152100262405,0.10860262569537023,0.11286924045960521,0.08954557328696104
0.10099406512527505,0.11436258397150177,0.07961592777916428,0.07090713162400698,0.2331356927282359,0.18870097425046584,0.10669947307432015,0.056911701098962285,0.04867245034806772
0.07481036942307567,0.12002914970042826,0.0921390924859022,0.14416638086630648,0.033385940789060826,0.15270849254922408,0.12732853102358724,0.07917860739256848,0.17625343576984676
0.03228954300258166,0.1217425099509376,0.07412951227247604,0.20904160461412755,0.03253359173460529,0.13033821991023617,0.11724690629257008,0.0851902591161373,0.1974878531063283
0.07470941596575116,0.1405106824462586,0.06248960474552798,0.14190646266216567,0.018078928281452265,0.10898851757966055,0.1438688377024263,0.15437208729821844,0.15507546331853897
0.2719071937799848,0.09857209092733021,0.14670699414317437,0.04853643500427061,0.21772067553739385,0.04123751601472824,0.07393505729112919,0.06574067944778257,0.03564335785420613
0.06398974330027778,0.15537349104580858,0.11953847677608243,0.10313039466214753,0.026974906616798387,0.1935140524258391,0.1478830459381496,0.10639658597351831,0.08319930326137825
0.03924767026882411,0.11138597551622371,0.07172781215933019,0.13596863299569054,0.29023929774380536,0.12562427348623253,0.1101447949273587,0.0639484820770053,0.051713060825529476
0.07174426059514631,0.11780224464163054,0.09779263417045035,0.1174281787737413,0.10342759180217308,0.145265806656983,0.10514841063695683,0.14384529417300596,0.09754557854991268
0.22534958483684017,0.057128560307959986,0.1550698177744045,0.04268092788543045,0.31968873575390794,0.05400147795287754,0.06579419548267104,0.05532960737652614,0.024957092629382168
0.02357977725569921,0.11043579782939585,0.07056852591247424,0.16673775962594165,0.06897537704674471,0.11428630970610547,0.09561534769463985,0.10779367928914109,0.242007425639858
0.0887167622463428,0.13620503294435837,0.08470703944988399,0.10843040763636332,0.025143094263975842,0.21189868542833926,0.13085152878939202,0.10174462775396152,0.11230282148738276
0.05171690974500398,0.14663064660274147,0.22723201481442182,0.06463532716749269,0.056280315042118334,0.08217425938920886,0.11926705286097732,0.19346170922767505,0.05860176515036045
0.1012630900022428,0.1282299983733645,0.11062856087878302,0.149507744957448,0.020999264340032447,0.1673974758560243,0.1287374846953705,0.07678903894412491,0.11644734195260949
0.04438825189826697,0.11682826515853025,0.06476903781660602,0.11798413810819447,0.16353421611166577,0.07696830865908165,0.13551686013034406,0.04193447117459106,0.2380764509427198
0.03642746336565748,0.12554212098999748,0.0752958269626907,0.2481641356691988,0.09376163100830114,0.15895783309730563,0.11810204469334575,0.06732999302319093,0.07641895119031215
0.0757257685489049,0.12835972662650205,0.1447835190052922,0.15176881626797437,0.17612318578436806,0.0963909350966433,0.11419694772588447,0.05640502789440088,0.05624607305002976
0.051817177861598285,0.12334573650289822,0.07699466122935095,0.17513411257405323,0.06138523914391128,0.12114285694021709,0.11563864512471922,0.1188360369895668,0.15570553363368492
0.06746694218505919,0.13424079096416278,0.2316221840082365,0.1666572453014202,0.042506186891602495,0.06683772340492093,0.13247621602893375,0.08158896490965706,0.07660374630600716
0.1432364364739691,0.09152218700245275,0.06621703785736997,0.1984221245293564,0.1832910576450875,0.06377917901764686,0.08864697743357386,0.06650907415462133,0.09837592588592216
0.11204627466136229,0.12660736122588986,0.08952719871814206,0.10356951460077,0.0666159984036319,0.07930778706187742,0.1384631319087536,0.09508554337081276,0.18877719004876023
0.035869132038078094,0.12681673970898982,0.13909627709546005,0.19785016077048345,0.15176202149608356,0.02803927901871366,0.07083006510428057,0.10415702987986734,0.14557929488804347
0.07768834171276734,0.12072860327416386,0.09582724308704531,0.13189891814555313,0.20263196122446012,0.07344323026473547,0.12238118495809636,0.09111046950591258,0.08429004782726594
0.0351108251074787,0.16885310353246494,0.08549382888954925,0.10110421519597439,0.007334144407824508,0.12118716536833636,0.13025360579423814,0.09236286676940215,0.2583002449347316
0.27960083773947936,0.09857927769311124,0.10460217937246215,0.05824444163029648,0.0464810146757887,0.077448774157604,0.12204437238324135,0.13748738838554922,0.07551171396246757
0.0474342543253318,0.08400172017620489,0.1770256422433294,0.04652249220788803,0.23568904307134997,0.08312740603321345,0.07674309261138068,0.17903486539134347,0.07042148393995838
0.056501073609622705,0.14773522895578017,0.11926804968353676,0.13104050101782375,0.0722709040633498,0.1574784849354885,0.15306983539075322,0.08581697915903996,0.07681894318460508
0.1341454079050663,0.12462830533696834,0.1159244565300163,0.08910263452941214,0.030376777154111707,0.12300045134474662,0.1355895253736833,0.15166716528922816,0.09556527653676723
0.23540229281178773,0.06684753920638598,0.1600381683617598,0.05352431478065774,0.20941272480649276,0.029404772656719563,0.06321160066687344,0.13783048570257778,0.04432810100674511
0.03133494517599102,0.08803575547654026,0.40888149456253947,0.06012683045340302,0.11158537959108883,0.05764617206133645,0.07345819446796713,0.09131164217780093,0.07761958603333281
0.4323589514908331,0.07266296724641859,0.0503177757092031,0.07366543550284767,0.07951459622444941,0.07573343075481279,0.07898638010730308,0.10756207344091263,0.029198389523219587
0.09404919347213014,0.12671218396295583,0.05300290224291985,0.3314214300489123,0.08282404721683508,0.09257617528439321,0.10355726963975098,0.05504087034715568,0.06081592778494697
0.05599833462920067,0.12119992687293547,0.07590608529823854,0.11583552903653367,0.081179535676281,0.09467385694622828,0.15333938942565684,0.17789627024664303,0.12397107186828248
0.08116326719734317,0.07732495106368385,0.21204938274389315,0.08874592845199121,0.029261115916725134,0.1503601637544945,0.09136380202548555,0.1859834431673918,0.08374794567899164
0.057015494653498706,0.14082558142900034,0.09890754832314487,0.11609839346175192,0.0308345211679819,0.2018720954111292,0.1383138258770505,0.11787477157842628,0.0982577680980163
0.09928150306568691,0.09170776785901084,0.05278793827597389,0.088133570725764,0.12564750288427115,0.26081979086824214,0.10702467992192889,0.11964385688857622,0.05495338951054602
0.08294036980446613,0.12094727824530915,0.1572124275701143,0.08228609282711262,0.19529267939418707,0.1070328818465337,0.11725798265069347,0.08650445120576282,0.05052583645582076
0.021015194115963032,0.11996041883120336,0.043366390243613696,0.14187994133641457,0.318431680994804,0.07719896565882388,0.06971870190869488,0.12512060501553207,0.08330810189495054
0.15868462432648398,0.1063739679027884,0.10102377239321474,0.12662597991030844,0.1960676315128381,0.0707956197982826,0.08546281917367649,0.09422834804973028,0.06073723693267705
0.2648274301211058,0.08166507779563557,0.06974635790138208,0.059963430348347384,0.2299888492731057,0.07423516054799832,0.08323376168840035,0.08592071538382885,0.0504192169401959
0.1075078308979119,0.10527023437779019,0.08994282557960849,0.11206155666684264,0.031095664989614125,0.13435078807683376,0.11745668046323048,0.09506599223973616,0.20724842670843213
0.07611196410253812,0.07600978369854443,0.11864895216887929,0.0626904396970933,0.40322860705377467,0.06828401298781273,0.07588371798495656,0.05778038099665094,0.061362141309749964
0.1499189276298278,0.10568970400229938,0.06906210229152838,0.1431780731155344,0.03636462334558064,0.10452649136048542,0.08305358470905198,0.23422784128575747,0.07397865225993445
0.10360332125990197,0.07420306592396121,0.19719202654070642,0.15057520816083034,0.22346552885777515,0.07571446113529677,0.05484030083038558,0.04988176454912017,0.07052432274202246
0.06602908528213335,0.09765903583331086,0.11992875369302658,0.14873730018641743,0.13778900141300884,0.12001929555182889,0.10247984948872609,0.051682346668477964,0.15567533188307
0.06897292341490847,0.12946201124831136,0.07809280261552813,0.24968430152205237,0.02539949285414339,0.1206423885924771,0.11199234612318648,0.1480270522553949,0.06772668137399787
0.02267673603247781,0.09790838019261676,0.08296709677277504,0.09920639783779635,0.16850763509320968,0.10846752910257407,0.1403460790943231,0.23393341773434276,0.045986728139884414
0.3284848475092241,0.06157771863610318,0.1049072061457706,0.06016610385445223,0.23026752661376348,0.04441578367265229,0.08208788689215277,0.07124088440677438,0.01685204226910705
0.14656659750490292,0.11096371233364573,0.07551704304712188,0.08423505440658323,0.0846808604689661,0.15020840741350908,0.12723852068912575,0.12551994971464328,0.09506985442150205
0.08831444806892881,0.13539390240220656,0.1480637735224635,0.07865416158559081,0.0988136945526963,0.08313355815710495,0.13726816633747965,0.1660342954532689,0.06432399992026056
0.16347131727499278,0.12376791092613158,0.1227794220402016,0.14335984484871903,0.0802466009143606,0.0797548213959242,0.1290425336458322,0.05945968972174668,0.09811785923209128
0.3202421546862721,0.06937723874716331,0.07835949151065692,0.053704568774688044,0.21896831034007236,0.06329637827382197,0.09767177081450473,0.052734976523275356,0.04564511032954529
0.16797981205067666,0.09853850191698371,0.12315504356573753,0.10787452914033087,0.12594892877103164,0.15193664628197695,0.09959115837978012,0.0629562094469185,0.06201917044656411
0.019589412163336005,0.09593491553259333,0.23365464693933422,0.06984552832384082,0.21905515196477754,0.12245409058361946,0.1101710843326484,0.07646564020715266,0.052829529952697636
0.5205885687044377,0.08739424087336974,0.05431116248051818,0.051131162760132215,0.02694003676659618,0.04990267743053708,0.0879577886233261,0.08228576301280953,0.039488599348273264
0.4271834503380811,0.08126559440164143,0.04247222118587887,0.06363613739434745,0.05128066817442109,0.06554808146463605,0.09158382273904936,0.07815944890691558,0.09887057539502919
0.028911783996378032,0.09086243909915588,0.19889567230158592,0.08728410154491699,0.2355396310438329,0.08397081062663037,0.08366196267036584,0.10612530774126909,0.084748290975865
0.04832166511706278,0.10293926729361898,0.1784175526340895,0.09439629924717252,0.10525178243371337,0.0989732531327952,0.09953714970937148,0.08610828792999821,0.1860547425021779
0.09231509554073421,0.12978030546355102,0.12583033329856033,0.11576588668099545,0.024259184480231472,0.08917279537660133,0.12762476192992014,0.1834978836792828,0.11175375355012329
0.25515947676046197,0.1035641148390928,0.12648546597311852,0.12577024012058904,0.04506976468522039,0.09574764026873785,0.10324307497438835,0.05329039404121047,0.09166982833718063
0.10105513975610962,0.10096626415505572,0.2510616187320753,0.13108133939357267,0.024613502171307356,0.12335062244356686,0.1016354006966224,0.08106017951913826,0.08517593313255184
0.02405962653736438,0.1414472758003157,0.12543319466868205,0.17780202021748456,0.06277988613875658,0.12204450296973164,0.12110308083751874,0.13657741603810294,0.0887529967920434
0.05560731885528771,0.08138723628592548,0.08411599732500367,0.05946995633721516,0.37587794457532003,0.08935399407694726,0.09723167438399989,0.1210600346504191,0.03589584350988163
0.08243089142361755,0.10524028812119074,0.09403588311737492,0.12751131022619325,0.06997527741792847,0.10369407026521384,0.10405949601404212,0.1591181692688156,0.15393461414562343
0.13230615500356246,0.062003213664184154,0.12130130868652528,0.09725693613446866,0.2280965212470842,0.20152743008948135,0.06406982091430131,0.07332464365575907,0.020113970604633557
0.06746753238082434,0.12869463899472097,0.11952154427555206,0.08853629344297691,0.13325963677774957,0.1369241397511648,0.11998020352126197,0.14649043487711197,0.05912557597863738
0.1008765553527502,0.10451232088050681,0.09786043941736992,0.13723651447896187,0.1314705906441529,0.07721234198530293,0.11367404878726171,0.08782765252769333,0.14932953592600032
0.386555391923689,0.10201332426352616,0.08266139613898703,0.11822456347695397,0.03698103459708881,0.06287303182817938,0.0989309696027862,0.05875368691119485,0.0530066012575946
0.2210471949132903,0.10073712381835938,0.06838843582218809,0.10307024433504945,0.09723192943330487,0.1136766048297501,0.14235478280937733,0.07310791313613749,0.08038577090254295
0.37602255030735404,0.07487445925911883,0.027908275860776433,0.08692957364581898,0.22169376663976717,0.06694073330822686,0.05803331403112272,0.0450222470036073,0.04257507994420782
0.045723170421605286,0.12494734388110797,0.23982453903318005,0.11101196689824794,0.030015441803428255,0.11080036596545133,0.10635748872210837,0.1553623397190755,0.07595734355579521
0.06665224783883712,0.1349360098550635,0.08499715851379723,0.12485891965231616,0.057105584407586375,0.17808054070368404,0.14272220474960196,0.07110179799114268,0.13954553628797092
0.08403602239353238,0.11924460617867431,0.08260118028244873,0.17559703993371792,0.024495047450430085,0.24343819111549395,0.12321434442598923,0.08666548640559958,0.06070808181411378
0.06926168714775598,0.1291603733883652,0.0497246934284189,0.09311283673520221,0.2099547167076081,0.09382777692991827,0.10853287976367317,0.18550996106834974,0.06091507483070847
0.3101679162564113,0.08764896029466418,0.06352266571928776,0.15198412088465943,0.03234078444724159,0.1570072332640802,0.10367916768769612,0.06749264770501273,0.026156503740946666
0.1222326995256595,0.11119226909854218,0.09476494038677123,0.19051514623500435,0.054097969848339394,0.08988125007813563,0.13721567808929944,0.0771737434015068,0.12292630333674144
0.027145331836895086,0.09149351499411988,0.0340735897963365,0.1282752478590792,0.10635656265212556,0.27164052784727,0.11073001867255049,0.07884984050719739,0.15143536583442588
0.09367410309891729,0.08577342686683342,0.1028487234860103,0.12077795547960828,0.17696678746707903,0.1415935953816988,0.12057674030887044,0.11341564327885556,0.04437302463212692
0.06374961166234146,0.13739014076586664,0.06442148176433975,0.10020797030047607,0.021110003028179142,0.22683259042352769,0.11842993821723989,0.18048606971430392,0.08737219412372547
0.01770852060386454,0.08012578319112651,0.11183414626802081,0.1065651940938291,0.1873765432326223,0.08850283913020392,0.09058589424008306,0.05081392833473478,0.26648715090551495
0.33558509170583634,0.06638299725099872,0.23091207756965124,0.10562888540671701,0.04842678786706154,0.05717636604882931,0.09298415220229528,0.04074734475498638,0.02215629719362415
0.09235487155488369,0.08341048084719928,0.2711458301371353,0.15455061006880194,0.018825129229044116,0.1960097561517169,0.07319658462219718,0.0699692867522188,0.04053745063680284
0.28672182250456224,0.09994274681376865,0.046831029549380156,0.08741840142382602,0.1698346632867376,0.10656118632066502,0.09173401566817087,0.06205167469997142,0.04890445973291801
0.08758975359460841,0.10750625234970446,0.11692984962672125,0.11596470053993231,0.1942257630469673,0.10415643952094562,0.09412207400346988,0.11933234400766896,0.060172823309981825
0.0848881313339439,0.11383497565739543,0.08540460691007869,0.11507573385400477,0.030075845087734487,0.15610838269409263,0.13139723740971096,0.1650729138021577,0.11814217325088139
0.18974646135898607,0.09719733452094842,0.08139651682254435,0.08635478627597375,0.15378768394858847,0.09671571872614361,0.11009090939836268,0.0721095908425081,0.11260099810594464
0.05570902532678476,0.1517098941441086,0.06076575612501545,0.12145970854835454,0.04319586289678731,0.15438011300228754,0.17363597009044798,0.12112979101705852,0.11801387884915536
0.08570217427897235,0.1516490484857461,0.12806058932452727,0.09254977240881161,0.04852369585120638,0.08230271710033117,0.13562315552035298,0.12709758533974155,0.14849126169031054
0.12397490351980334,0.14563192340066092,0.07866444930369883,0.13072157418181635,0.030665662219497052,0.14994514563671865,0.13200558416636907,0.08874729760662377,0.11964345996481197
0.1735862195985524,0.11172800329839501,0.09673728582772667,0.11296816433430158,0.04114729160573644,0.10890006413610048,0.12779497894296168,0.1215487129721059,0.10558927928411975
0.019779824904392472,0.08570744073386129,0.07922633291648197,0.1996522951561067,0.23987941229597695,0.08400020764151138,0.09584242576337558,0.06837369337966936,0.12753836720862435
0.03174467841580654,0.1522279440009706,0.18272807068305585,0.09201034293425357,0.029814458421952492,0.0767265650919044,0.15487559138572082,0.09114931247471691,0.18872303659161882
0.057510965404874125,0.15136807851596956,0.10982442371633518,0.1133112313557758,0.043592913248129306,0.13687811623289983,0.14968390114306232,0.08437004080802779,0.15346032957492609
0.2027455623466323,0.08049567372733751,0.13807350243020564,0.04977390345085905,0.3031843196585653,0.038092009777902995,0.07778307867005545,0.0662460238187962,0.04360592611964551
0.06423837702522524,0.12323504380426642,0.11129870980318596,0.166006086074593,0.1210145062074497,0.105930733821901,0.09193870660311737,0.1257630187403255,0.09057481791993578
0.2146806300629258,0.11584952020995974,0.10632671324394698,0.11364167132825775,0.06618839737233319,0.16876077158899874,0.08881097950080162,0.0652540575082002,0.060487259184576
0.11672426199751501,0.11787453893312437,0.2209471124911894,0.07704859365312641,0.07378807270605184,0.060164541800213356,0.11158454276141029,0.08088952159773088,0.14097881405963847
0.05173099681235163,0.10305194158809916,0.19606590039478036,0.15100294446334903,0.031269669252726305,0.15631526249452013,0.12229435686412149,0.09493630422220063,0.09333262390785128
0.15097652478135706,0.11335544933092728,0.1787154519184039,0.15308994001042137,0.0913974327255218,0.06865353081276947,0.11117561808106942,0.08198400898101672,0.05065204335851298
0.09858910159210536,0.136938886556547,0.1095405672732213,0.07733332105052741,0.10735853376282074,0.12898685516498917,0.10375208753351735,0.11935261781991909,0.11814802924635255
0.08766431293145828,0.062490914667596376,0.05105847461507292,0.07308472860025621,0.4849815562149958,0.06142081435515345,0.05268461539835073,0.11815474785664955,0.008459835360466716
0.07983414785861376,0.09622102017690355,0.0416244358386865,0.1016311317764851,0.28455290973133385,0.057919905445586985,0.11788995394234647,0.08881177258897281,0.13151472264107097
0.168806917185485,0.09019353938460922,0.08142420809220606,0.05810311614236926,0.3157602747407447,0.04231764531405783,0.11638082353369962,0.06169646703951157,0.06531700856731677
0.056389906648257014,0.0913179920875473,0.09512886944323234,0.05134491116349793,0.21275426929220095,0.06931073469936506,0.08673707605332015,0.20729909995189547,0.1297171406606837
0.041563247272350064,0.1629846381253933,0.13580149868871674,0.10450733969296962,0.08576690625302685,0.15973415609825017,0.1098563447306586,0.10382104619951242,0.09596482293912233
0.16017470106529139,0.11999015873222944,0.15675991059891778,0.10792207940154663,0.07752986779004535,0.11916884786763586,0.09813845933893789,0.0821956488442935,0.07812032636110218
0.03754798877655708,0.1730822874790008,0.08996021748942562,0.11039419267328725,0.09078238990190446,0.04750753119700296,0.1587910818375517,0.13939367494724975,0.15254063569802034
0.021733635971313184,0.13011134182179263,0.12995823828245776,0.09702446921801378,0.11992567998642363,0.13057908649609645,0.11107754270955365,0.05849914755375634,0.2010908579605926
0.09484842309374447,0.11478105434773116,0.17591321899260678,0.13186443992502048,0.053990007338305585,0.10537502922031927,0.13784115217884366,0.06334755491130513,0.12203911999212365
0.05239935536907797,0.12502005870184188,0.06596863768109419,0.174221582154614,0.19141542444769424,0.1300277766194157,0.12048428187507398,0.10616194576867993,0.03430093738250805
0.04195749763430823,0.13219491285980695,0.14507735692636506,0.16407216197284305,0.12076686851201036,0.06853434026660386,0.14383105006084065,0.10546801016471115,0.07809780160251069
0.07768779087632934,0.11543304616597001,0.042547799713076324,0.14347490194301474,0.04537617181661554,0.18851398302508274,0.13523227615709263,0.10217944706455385,0.1495545832382649
0.14086121111738678,0.11433928457511279,0.11291950287563275,0.10334978183710519,0.02435807556691076,0.0888489440064547,0.12207281179391936,0.12229242993829754,0.17095795828918006
0.189077662452658,0.1400952653958412,0.1180969520061581,0.07394143993603754,0.06256585616609646,0.08517378388215434,0.11744564806835615,0.10722427030685376,0.10637912178584448
0.31844394081228916,0.09440752094674078,0.060178450512145466,0.1486109394841135,0.031441094843614514,0.12425439170553325,0.08678145700758359,0.09848670111551704,0.03739550357246282
0.30264925546438903,0.09234894801169563,0.12096918562863408,0.07133511193978571,0.1198588378996472,0.04535105363571864,0.08650399940518011,0.026585671505663346,0.1343979365092862
0.02859019402175453,0.07493451490227339,0.22247004784025984,0.06290305843061678,0.273146178147659,0.06228751177253109,0.07702358657498859,0.12825035089538492,0.07039455741453177
0.0582786917733325,0.10717469285903708,0.09105499984060418,0.1812850437646459,0.07421561883255963,0.24424546081721976,0.10327092078336214,0.08790443830998197,0.052570133019256726
0.016539754377209823,0.112322651641155,0.048196090375964874,0.10605936395360238,0.11353167973887512,0.20057210240770537,0.11015829088429126,0.06874242697552464,0.22387763964567156
0.029411693916778836,0.10121141438214021,0.2591738511043176,0.11338945466002077,0.0751228594999664,0.03875907565117307,0.12583829068779415,0.15839617271926087,0.09869718737854805
0.03395444533982364,0.11679942948475534,0.05676624708778013,0.15422060019870706,0.17754259501869174,0.09790498725788661,0.11364775434756758,0.10316396386883186,0.145999977395956
0.12145918077989604,0.11969959706776379,0.063189231149898,0.11619163966242252,0.035564435868454314,0.16230941585525033,0.11909395263491225,0.10081966032494527,0.16167288665645752
0.043402100472173154,0.13104192084547964,0.0544901560187722,0.13159589779463796,0.11395070468767567,0.08087890920019686,0.11798045177739397,0.0664707379087776,0.26018912129489297
0.08716904740201314,0.12198434420773967,0.15779023538378575,0.10473467585012715,0.022408496252321507,0.12841424211206784,0.13293481061875756,0.14324311522959884,0.10132103294358846
0.02637593233663746,0.07996793130145975,0.20595550679489716,0.09792989507745414,0.24815581826305855,0.08384410749267969,0.08994286001992637,0.09506183571426595,0.07276611299962094
0.18755426429214625,0.11383457354696978,0.06967349239559179,0.10802468241015893,0.1848681528878362,0.10041812120220685,0.10141169936719248,0.08789924787273896,0.04631576602515864
0.10173498286075983,0.10801300323403339,0.08909494377857742,0.17440293229832404,0.07536862339986238,0.06468800786024902,0.10318499246239836,0.12077096641837128,0.1627415476874243
0.07302620279472312,0.09208841006485247,0.0866738812806177,0.07434120282751482,0.25476191244012053,0.12444385390446198,0.07340442798391274,0.07740063010988292,0.1438594785939137
0.07863915881392496,0.11087546042171463,0.04169077862401586,0.09527740558812066,0.24078940180120623,0.0763700093542671,0.12566785282261017,0.06425208057833563,0.1664378519958048
0.1412010036902297,0.08538511796132826,0.08654220207467393,0.0582760976755941,0.2335394460768736,0.0825540718320039,0.1076624066892027,0.13872528531323444,0.06611436868685948
0.019177507883280293,0.10456382166396444,0.18346910732817875,0.1384405878463064,0.23551155087573813,0.08018159985675972,0.10780825532763905,0.09657602659694157,0.034271542621191725
0.0955709102337841,0.10997959556327586,0.0679674641239249,0.13041202727927936,0.1892317364241823,0.06366653371831132,0.09124380699056496,0.2206522141953213,0.03127571147135587
0.08762271444193,0.1411105804796894,0.14156411745023775,0.15018584177906957,0.07869682107001001,0.11477032179634573,0.12539368494842934,0.08789051063240012,0.07276540740188807
0.05207193812057969,0.135156747930397,0.12771183701639277,0.14902220149111364,0.0219703774338289,0.161881234767907,0.13067095844055743,0.08796404430262629,0.1335506604965972
0.10284402485508837,0.11091433111000794,0.3128622599306457,0.08174370606060911,0.04534880925054683,0.0771106926693665,0.10530415690338663,0.07743406425922902,0.08643795496111976
0.17442763492485125,0.10494633547581615,0.14778670883693826,0.15770356444137837,0.03906991537935659,0.11204447579886591,0.11446612545429376,0.07348683180425336,0.07606840788424633
0.026713456967276145,0.16318515276332068,0.24211922623805127,0.08000643581122689,0.026899878861187915,0.16294330200735754,0.14207484076571064,0.11497629202494719,0.04108141456092171
0.1418472213443075,0.10847263364587693,0.13369482848633663,0.08491067110694465,0.11012626922307704,0.09274301614489043,0.11792908017298546,0.11853650236953062,0.09173977750605068
0.25564974349165787,0.0929744238560846,0.15643291839125933,0.09960522971648045,0.03556163461667259,0.0744833820983836,0.11666481119658191,0.11012866643928398,0.058499190193595674
0.08606725242505166,0.13294489311278554,0.09813956084063881,0.11643082823286764,0.09865119464538656,0.14496714298010235,0.10744802972363769,0.09795838783971415,0.11739271019981556
0.1561372668324997,0.10476964557944901,0.09066726648988359,0.16599976278692594,0.05645825920459766,0.12020717207672,0.1283502980334877,0.11410822459192434,0.06330210440451216
0.1460828639372577,0.1159851406197801,0.06955294459892765,0.1419884917446609,0.08602391770727975,0.09737124878147481,0.11857659812994052,0.09423783148590988,0.13018096299476867
0.08914142607383778,0.11299511874461272,0.1845205524266478,0.18316024797884722,0.035740062635450535,0.1087288128319442,0.11034101553058712,0.0977705664927536,0.07760219728531892
0.034136255253298546,0.15759144593752247,0.04347734478068898,0.19379818087587808,0.02972269854184159,0.10993809802710752,0.11570235471676295,0.24574344201229067,0.06989017985460926
0.21681737172960644,0.09429953944447189,0.0937501672407612,0.10151827628321086,0.11983401524250338,0.04581869513362783,0.10679442164047098,0.14689373235870776,0.07427378092663964
0.0428517488093404,0.14851377121318501,0.16334506398227652,0.15566296346806083,0.01980492050846541,0.14129580471081446,0.09869437724569487,0.12465928379455472,0.10517206626760771
0.08799635327856271,0.12388277448286807,0.12063915419645126,0.12806746721860549,0.034901682611424706,0.1312421819596282,0.14273955014435544,0.09399311776091313,0.13653771834719106
0.029445655987413857,0.1572213570433951,0.09705061574144518,0.20476572012508512,0.18157106745417406,0.07350131929980759,0.11637779652506075,0.03132726371942087,0.10873920410419753
0.13295781068990117,0.09412463326644076,0.05124076775467273,0.06754114879979793,0.37999117061059756,0.04019543203205927,0.10150203736980684,0.09540102280367398,0.0370459766730498
0.07466282881183736,0.09990082802391174,0.040499170132292046,0.14511900441702674,0.11265895741721306,0.1083445329881844,0.14649536683746542,0.1708843270290119,0.10143498434305727
0.0908897536676541,0.15292569798883168,0.126722767467627,0.10578792505747937,0.1406173147795666,0.11176511826414771,0.1245563177666269,0.0667141840804984,0.08002092092756817
0.1415589836913562,0.12169967800128095,0.09167456821650306,0.06251774523894107,0.1284524668036636,0.07394027676644793,0.11598454959922312,0.148836416670262,0.11533531501232208
0.05547669893243721,0.13130697304122962,0.09419050966595283,0.10458736171453793,0.040075632279525174,0.16762524557688552,0.12472961357716228,0.16238972429118262,0.11961824092108682
0.08893498532731574,0.11514986454288689,0.18719732602059577,0.09314598415036185,0.01870976406681374,0.08866290153618894,0.12675709365031232,0.10835750052739956,0.17308458017812522
0.1670474688418815,0.09575209310277598,0.056759509693320886,0.14466125931161905,0.09298563523188824,0.16724107699430557,0.13396662846097507,0.09977511329673892,0.04181121506649486
0.032053168092612404,0.10072566520214798,0.056067111908518506,0.17255262058768006,0.18321668441181507,0.188585391421301,0.11849670054368579,0.08216134668476881,0.06614131114747042
0.04666392439115938,0.1149489114857271,0.05866522335833143,0.19602544197280883,0.16511360198933614,0.11078576729360183,0.13284378451088516,0.06956939380247297,0.10538395119567721
0.08295087095803426,0.11758582484904899,0.07537768543809732,0.11804857234718762,0.03624590388544802,0.11019413886961117,0.11912360322278959,0.14376442633552358,0.1967089740942594
0.22525940187347662,0.0989930000792531,0.0662801346471838,0.042886975845231774,0.215635900548084,0.12424867786830925,0.09439120454107547,0.0636171424397234,0.06868756215766265
0.17004384870745323,0.10612934132719182,0.0636975435990378,0.10726278572548022,0.06454151102466997,0.18383967615474342,0.10439112227056045,0.06017254365749044,0.13992162753337264
0.01906698853568953,0.08988505569010373,0.10074033185083091,0.09218987092674459,0.28497233990063187,0.08455332793212418,0.09602265708562467,0.03468415935589606,0.19788526872235454
0.16664656559770666,0.10380480419594472,0.18933585601015235,0.048425768525800494,0.03258344679700541,0.05034132549525371,0.12091997732221538,0.1217103407145097,0.16623191534141166
0.2530913537304223,0.08255613395346664,0.09254764933456999,0.08954383266783966,0.14401468949682691,0.049631743676921615,0.1062495385874443,0.09377119286967872,0.0885938656828299
0.1688766309723518,0.08543334582096967,0.10442782495571719,0.11229898036802723,0.2261054198534657,0.07631277844908375,0.08524261558994883,0.06140355386823763,0.07989885012219823
0.018536822537653083,0.11088382500058828,0.11108579702763355,0.08042808551548536,0.18302438005780272,0.20400347738171512,0.12681327952492996,0.1149253648563508,0.0502989680978411
0.08563514824533176,0.10514758860449196,0.13250365535282504,0.16746795517067406,0.22628735707806977,0.05036691026044899,0.0808955707352444,0.09184418245626058,0.05985163209665348
0.06840479846181757,0.10284741172851335,0.22104640400139994,0.10360509056054408,0.015401516388190496,0.08797602518719483,0.10676037592629323,0.2013842972747418,0.09257408047130472
0.2503107093750916,0.13831079694640017,0.04792593726780082,0.08512591325583996,0.07989230295823903,0.07257313351674359,0.09731679061541937,0.12368558962531262,0.10485882643915272
