0.10299815661870369,0.08446345851176447,0.2215491850860325,0.08910768339499846,0.0605525732688074,0.12125313155252782,0.0476931483707673,0.10194403291641156,0.17043863027998682
0.09092906991917526,0.10922653796863219,0.16273829425072772,0.13243385965867624,0.09096509537308571,0.09464329623141561,0.09079680225694474,0.12265686471872735,0.10561017962261525
0.09892096652938458,0.06575762058273137,0.04998309335219525,0.1287417632773926,0.1449732591836604,0.18100347543422143,0.11979022407573847,0.12083104761212864,0.0899985499525473
0.12297498938884115,0.05863792465626331,0.02989798298631677,0.1498745461057045,0.16425964472288387,0.26110466229043033,0.1009866077789759,0.09691691020828445,0.015346731862299746
0.14679755620926901,0.18113626421574847,0.08114821811070673,0.08128494434155366,0.09757744563069433,0.08028408726513701,0.1534943611410453,0.1341290961803608,0.04414802690548459
0.10440415820903359,0.11658899289252887,0.04665581575229166,0.07614109515123996,0.16511200852038566,0.1938273157351412,0.10718684681821124,0.1257518379581916,0.06433192896297622
0.1517178739065201,0.04361550400176656,0.24339738903828478,0.14839600026914598,0.11038446314361473,0.13933763868285995,0.06561118806075733,0.08978225962149382,0.007757683275556766
0.07905219229212589,0.09644601316091445,0.17011699725359952,0.0924407562431561,0.06654443140507657,0.15219594928845823,0.07180437883721476,0.10896753969526823,0.1624317418241862
0.09623346779269981,0.08781442904171848,0.062177381984777506,0.14388970834052703,0.12614258101773723,0.08002470794929557,0.25035807152418227,0.10831527333494,0.04504437901412206
0.10173707730361971,0.09089382528552993,0.10728689736593465,0.10831903148770232,0.0926087620114127,0.19503721320192666,0.07373402341845113,0.11856920982809988,0.11181396009732304
0.10659920847256381,0.10923135774498315,0.056516165323738356,0.11334980601243444,0.18057216720702937,0.1266541172245143,0.128076139454208,0.10420024541583402,0.07480079314469458
0.1263831362671385,0.11886796423332698,0.05912024724528949,0.11977283080614635,0.11186585907240328,0.12160643521589036,0.12660862806703574,0.12593641370048256,0.08983848539228678
0.08446152968128444,0.07897264300566503,0.11241318409459555,0.11677034876505547,0.08381008141413142,0.11642840972294916,0.05785277217866275,0.11741552150318742,0.2318755096344687
0.08967041578567685,0.13873088943402997,0.04646640960504533,0.10804082005489592,0.2683061526092581,0.07149549769603535,0.06299194523488094,0.12422502577946637,0.09007284380071108
0.09254253076098932,0.08263533007776493,0.24443095863764444,0.12019971175711303,0.06884731820832042,0.15823647631067106,0.10128408118059644,0.10270451286456016,0.02911908020234018
0.1256468655095598,0.24520592619262563,0.03134226740196025,0.2262853822796331,0.1304982762231787,0.034706010139877244,0.04991493633329003,0.12217786664648067,0.034222469273394555
0.13656030609656641,0.12114746093462943,0.08017117467685825,0.10649507955893829,0.10587953003956581,0.1478317982458295,0.0794194583522356,0.1227834725008527,0.0997117195945239
0.11329213022146813,0.14385906005855034,0.08630355862654622,0.10692323700365453,0.060392757300973376,0.09612185664946522,0.14695869403730502,0.10497506977987665,0.14117363632216043
0.09673035913997119,0.12106756932200663,0.14819143296792572,0.0973590489324012,0.08040943552168264,0.17960859232665224,0.08271189652521237,0.12509318264399355,0.06882848262015441
0.09288435227376078,0.05859744778872374,0.2468183088017021,0.17666235924319887,0.08207851211568101,0.16280804746063873,0.06257701735191419,0.10142874011219716,0.016145214852183384
0.14553055048649563,0.12057721468245446,0.03775680335137255,0.12100387993241289,0.20114453093604787,0.0858902514322405,0.16092807822200347,0.10841391711150196,0.01875477384547076
0.16223406266961438,0.05731893380659691,0.0761702266153314,0.16781774081487544,0.14821950870432485,0.12391291719236619,0.0832400361323148,0.11853942537318692,0.06254714869138916
0.10343904453326129,0.14041175526851649,0.16556074201738588,0.1297142474112776,0.10027553176182315,0.07780044178608829,0.07977886694067116,0.14148762055307446,0.0615317497279016
0.1683235228020771,0.08683076812445252,0.07906178549249761,0.10475860824682348,0.06323946433446587,0.12084376935947072,0.06437105703747177,0.08862627306686958,0.22394475153587132
0.13693934833211355,0.16417351819487028,0.046897268542188286,0.10916554061189494,0.12414636116848933,0.09095614963031995,0.14923275578256912,0.14052612443122445,0.037962933306330084
0.11519060188789464,0.10104892968417116,0.05838737279450751,0.09867523251712822,0.084975486679966,0.08465953252700349,0.0965558751628887,0.10901547387264732,0.25149149487379296
0.1841605692527933,0.10699567641875374,0.05035941448432857,0.13832038169187041,0.12120142715883304,0.15985366272852383,0.06779906366321363,0.11275112806410331,0.058558676537580116
0.23937212416816747,0.10393822524284758,0.031000098335591475,0.058233937945734615,0.13069309488581807,0.15674996989586346,0.13631731779973347,0.12266396352882271,0.021031268197421227
0.08462143379319702,0.17512631932829434,0.03665979879745357,0.06907747471759824,0.2165876513003142,0.10768177006444768,0.13236336305590743,0.11205658043939815,0.06582560850338946
0.11850010341233312,0.12247338277140894,0.09409971188708084,0.12425969563369481,0.07494461095197068,0.03858303599059968,0.28141797731513835,0.12969254592554225,0.016028936112231294
0.15411956101836033,0.10272296289745807,0.15814462616641303,0.0866062877239111,0.10418953246994457,0.09787899530542456,0.07034437133631609,0.11688401435284462,0.10910964872932764
0.13511536576543096,0.08135208269608296,0.01940116540287213,0.08597841003698171,0.1696340246971949,0.17618013079789305,0.14503785251355175,0.08476897610338412,0.10253199198660845
0.09077656831117037,0.10614082895523481,0.07295386941579932,0.15777313417823605,0.16369620191227793,0.08519065797589527,0.10804499279122744,0.13220070010881732,0.08322304635134141
0.11423342914410639,0.18683918113160525,0.04405501794655673,0.06600981787238311,0.1014349412725799,0.09194160483966829,0.07802903194214673,0.12497407033986348,0.19248290551109015
0.1086991997257451,0.052540808920078674,0.3475936930383285,0.1218793158362056,0.07143446720120432,0.10088773036983695,0.05530141402783615,0.11574121959411704,0.025922151286647613
0.12340200408595924,0.08752292416945993,0.028157467983752172,0.0725722058385172,0.15544676188008172,0.21459080380189777,0.1428233855823187,0.09686989315943888,0.07861455349857437
0.14335390748611895,0.07921201383040034,0.11935317498895569,0.13207978316297037,0.08048343368814531,0.1526257872717572,0.07563632852207862,0.11573331122963398,0.10152225981993958
0.11782031069954113,0.11198504029274059,0.15246848865520599,0.15542560265507302,0.08686256687205872,0.0694354561375019,0.14413504251417567,0.14392859938206826,0.0179388927916348
0.08504927784526765,0.10265033451011589,0.15769642283196053,0.11734638486870726,0.08879671867773169,0.1151283770749854,0.07867224054331477,0.087894746893268,0.16676549675464877
0.13614840320305985,0.12399487160468936,0.10376613156276016,0.13281431449323036,0.08736837464023857,0.0856641825989468,0.1366169469866413,0.13928899321011023,0.054337781700323266
0.10023012754504552,0.16607198212055227,0.05133158781195152,0.07905074553166737,0.17351288501283899,0.11451945634512273,0.04796660632446009,0.10766406666486096,0.15965254264350057
0.07411650168082876,0.06597935799431692,0.15248228230497518,0.09709448768829665,0.06101386677162091,0.10623708878989162,0.06875605339380383,0.08766432388180247,0.2866560374944636
0.09975600319869936,0.07608541956877612,0.12172771944486238,0.10215012080513718,0.08419334953805158,0.1621369365151413,0.09144620090691392,0.12324848093222057,0.13925576909019757
0.10572559507955544,0.14205493903262825,0.15315285412324461,0.10367316885750351,0.08553777131690794,0.0927017295102772,0.09150764390719722,0.11313943447639573,0.11250686369629011
0.12786341309072005,0.14213248871027326,0.08330366582917118,0.13282483677329052,0.11753350933866898,0.11293271911266402,0.051380025031102894,0.12736132528007496,0.10466801683403414
0.10777335128433747,0.11114050369345461,0.0755832857893777,0.1282770213480107,0.10455635185403939,0.1097050811056513,0.0680726202711066,0.12924240251921912,0.16564938213480312
0.15832359044140573,0.2095984864394941,0.05769185691008343,0.14343822222621957,0.1081760717926802,0.05698106554593835,0.06122807824276294,0.11958617392759352,0.08497645447382206
0.08070819452959037,0.16450892261315112,0.08789351344518992,0.10272376584755893,0.18087914594080665,0.13140239518317776,0.10858408809038335,0.10407834285133405,0.03922163149880779
0.13795372583976595,0.16553709431778774,0.12641514429814177,0.05809998717078301,0.06814032801919277,0.18995962416620374,0.09738535053203344,0.09322707575016605,0.06328166990592553
0.06457781408211978,0.08567768780410367,0.18795136752449226,0.0902878520048489,0.05891744668802221,0.12161424201291866,0.09158633051442465,0.08657750641584068,0.21280975295322913
0.15189321756995441,0.05692415312372171,0.0654885244679279,0.1278551027602877,0.08839962475532175,0.2219065286077534,0.1296315858789099,0.1330167476008843,0.024884515235238908
0.09463443156725289,0.09706362158084447,0.05703110746973252,0.1338695892465663,0.09178059437079793,0.08037309318187706,0.09073065156869242,0.1268240218846384,0.22769288912959795
0.144829864506493,0.1549287228744073,0.06491506224197051,0.06719393181879806,0.08201702347202046,0.11250830211776146,0.1882928705076066,0.11610624617720167,0.06920797628374102
0.1804925803559483,0.08635464937271138,0.01721259110434685,0.08631831075352701,0.19388348651277007,0.2136391200296827,0.06709958668836648,0.10322718575669294,0.05177248942595427
0.06388951982541834,0.12336442726976667,0.1670025203179171,0.0963868350247119,0.060128311855385336,0.09702785893810821,0.0833865349706901,0.08800826943598299,0.2208057223620193
0.11172083368244463,0.08481268400735185,0.1198490752709337,0.10625930901638618,0.08418507075462979,0.18307468915561587,0.09962214958312017,0.09924527083923664,0.11123091769028104
0.0832405466027607,0.12427206736307377,0.051691561064825586,0.14252069588289903,0.13710733120122987,0.11243900120879909,0.11817253791482892,0.09696916529161537,0.13358709346996767
0.09407212401390268,0.12193616193538191,0.21761443143512438,0.07985843564072853,0.07119057302116805,0.11170342727159689,0.09920709170063707,0.10523358354047191,0.0991841714409885
0.10098942682313483,0.09113088265625746,0.2763348379328292,0.11479285072907743,0.058883719267669006,0.1150195161405343,0.1178243664327765,0.09229158893361578,0.03273281108410562
0.12820906873479562,0.15033787885478878,0.1549048417731792,0.08809123733499787,0.0820396187286092,0.06239643794137074,0.17089531339246752,0.1059395637249313,0.05718603951485981
0.11565604111317683,0.09601024220359161,0.06441479918530485,0.11732523506672769,0.12826252251248546,0.13604632492740257,0.11355667114357805,0.13859007605789186,0.090138087789841
0.1391857749951129,0.11163606199889027,0.02079780799515418,0.12470292468785434,0.15765530535422403,0.13019729006825545,0.17107181314634123,0.0844064948870908,0.06034652686707682
0.11883522804099965,0.11434211827021142,0.04611493728779753,0.09120872178187796,0.2826048745572674,0.15664081120010953,0.05489707818109146,0.09411842524418208,0.04123780543646293
0.12081329076010648,0.16646157092039413,0.048044668830655085,0.08371714689865266,0.1657707635931355,0.09938655474632858,0.12033994963907076,0.12799598684929303,0.06747006776236374
0.09308983755637835,0.12814795570622906,0.13607152171057826,0.0916053655726196,0.08446828385925348,0.14109566635842036,0.10430792861839285,0.1142125606162988,0.10700088000182928
0.08496441153792567,0.13813601977028078,0.14981256234983395,0.08049931989417118,0.08622545560068623,0.10427807889009327,0.12850222077318443,0.1262103171302373,0.10137161405358712
0.07215706888433464,0.06910064172939319,0.1741350027100772,0.13327887594663215,0.09319286625814473,0.19160284646806228,0.06207711575501429,0.10193750681683282,0.10251807543150865
0.09423317157092957,0.1344367401306452,0.07200993908420833,0.05586767521904725,0.134482551233814,0.16607483349308183,0.10153621979966942,0.11508852186322154,0.12627034760538297
0.14743890091265416,0.07761486989775211,0.0864617939450989,0.09658495391610174,0.07726022984360222,0.21703062712687982,0.08203902295181,0.1360162212562142,0.07955338014988685
0.09832034063925683,0.11454889019737963,0.13692690320931447,0.10275234786703132,0.1018916976870224,0.12886486341060147,0.085116255842968,0.12446289113917348,0.10711581000725238
0.10522330113792633,0.04830748634909116,0.09772024875525805,0.11714991683912868,0.10166237848749875,0.28616465358461873,0.07759925416767574,0.12912643016254405,0.03704633051625852
0.11879562679215482,0.18576646495319724,0.09595439730230863,0.06803907871165464,0.10401695191885378,0.09968767488168327,0.06531634327766757,0.09279514155394451,0.16962832060853553
0.11471679889437365,0.12335724937852945,0.08298457034956888,0.14734661594850162,0.13666724822223694,0.09242877837658454,0.08165449411007428,0.14186827914477426,0.07897596557535645
0.12264066474784618,0.07425384412414061,0.08231013975394427,0.13585925493354484,0.11761697018181794,0.17457431103286644,0.1033738013722124,0.13259115521746243,0.056779858636164963
0.09704952825024848,0.14965406239770676,0.19222300207683374,0.10074291863532325,0.07894022872680603,0.1278379694740193,0.10118749928594466,0.11057509646295231,0.04178969469016544
0.08325281093983689,0.08681178084728174,0.32880290861473377,0.12142945593112482,0.0758616024672895,0.12423535825057476,0.06603256338445185,0.0846718271928576,0.028901692371849086
0.0995054492017879,0.16153943724099531,0.15462570955024332,0.11182840403602708,0.06635042491692042,0.11150121417965674,0.08300898293431129,0.11449934431680342,0.09714103362325456
0.09309477348347288,0.08802691121419809,0.25334063314600824,0.1727068282780839,0.09548270095773835,0.07959468284091446,0.07694740923782539,0.1088232039389014,0.03198285690285726
0.06706570929573111,0.09056685861285561,0.33286836581952073,0.0907408551926247,0.05138928994311225,0.12132658781492567,0.053264332611682064,0.08230144810988861,0.11047655259965923
0.11600994158202009,0.1259564714782373,0.2232420860737564,0.09920278574925756,0.07446786191104636,0.10422180434520706,0.08492512763648981,0.12662011378133,0.04535380744265546
0.08764159894306178,0.11507736437873362,0.15081478820638825,0.091390305695915,0.08359944844349959,0.18669312772001614,0.13474054728899618,0.108451163574045,0.04159165574934444
0.10025992733784722,0.08422246274735905,0.028998474001040875,0.1352935352169004,0.2473150966949931,0.12671141023994315,0.07017462276249718,0.11986762319799095,0.08715684780142807
0.0782263735899522,0.08665655167388325,0.19364937565497645,0.09647296877942098,0.07995044299318545,0.15559314713707742,0.02830171624568518,0.08313237807899405,0.19801704584682492
0.09368425987367786,0.06898120676362017,0.15040460657509405,0.15021013673908692,0.11092871657010796,0.15234496010558216,0.12630659059560978,0.11829812872730656,0.028841394049914464
0.11245222460087223,0.10525138756440754,0.15246754315265895,0.14757869175381308,0.1373942767315911,0.07995071527957068,0.09478436989016227,0.12617721442713845,0.04394357659978568
0.11766906013271117,0.11519026507787718,0.11930735113853506,0.11949501881615295,0.09789364568260274,0.12668113398914427,0.06391460866258357,0.11633863216315377,0.12351028433723925
0.14300790889483736,0.15268380447129037,0.08611371597324947,0.10219559405773863,0.11101277465962466,0.0758469050026962,0.1427249788405993,0.1257742611188375,0.06064005698112662
0.1457220691687082,0.13579787872835644,0.22849252041671356,0.10010107088178177,0.08934592697130041,0.0817627213858884,0.050455626328662406,0.10333136862967907,0.0649908174889097
0.140907044970998,0.12571834166466375,0.06969915400227132,0.06484278399016725,0.1428083198081437,0.18980862296194032,0.10232608641017671,0.12303246401788202,0.04085718217375677
0.06212636531853886,0.08539855517373574,0.24682968267119754,0.08999333498323449,0.053560578686424894,0.17968340296306273,0.110811321825548,0.09389417980441002,0.0777025785738477
0.259779116488939,0.05358371890701331,0.04012487935918582,0.10022085121993558,0.11025337117033916,0.22169375915344683,0.10273607312522219,0.1045899736538169,0.007018256922101212
0.08229309773072911,0.08243578559027552,0.21626924556434568,0.09191996001585867,0.07517107330003196,0.17053808402911808,0.055852014261114004,0.10952605196118115,0.11599468754734578
