0.1294125925972557,0.2182083834031252,0.0708031171903395,0.09501907956329834,0.07989118081128123,0.20105420478814773,0.1287313385407131,0.04554537879281766,0.03133472431302151
0.12107135705486904,0.10085513707970502,0.05460184234243637,0.11853441343962719,0.0701282328498251,0.10370458635901465,0.12350969271795924,0.03886282280714556,0.2687319153494178
0.11777610696417072,0.06918450392759197,0.1925369708548957,0.14140214194408998,0.04418748139001708,0.19817075011628804,0.1043046388845507,0.0953020975823944,0.037135308336001295
0.1320029497790706,0.1346612668426409,0.2887426362716458,0.10952984761385891,0.03254270433424594,0.1261139181073416,0.08956820604914278,0.04544119805530778,0.04139727294674574
0.0744668810868991,0.09202679775642307,0.40257445168030515,0.058293596608394734,0.018673595058368492,0.020516669618647176,0.03182787226360483,0.11025410653350147,0.19136602939385597
0.09970118743710538,0.05630436051799526,0.08112307018356767,0.10301783401813969,0.05443294678653515,0.22332635051308958,0.20494714717283247,0.09562888599094486,0.08151821737978993
0.17717890333797262,0.154092082235953,0.10367663184979725,0.13150492941265726,0.09937074702075921,0.1343103191591813,0.11134941059380009,0.05638076402840663,0.03213621236147269
0.09448919579573327,0.04679179502802364,0.06288207931090034,0.12087890532880513,0.03190999952988235,0.07789465462023173,0.1296542970542076,0.04763210028236412,0.3878669730498518
0.18659266249053516,0.06240069568106003,0.11109184355561418,0.09939067364564245,0.10011931201884632,0.09516317732131481,0.023154555679181902,0.05110816599774606,0.2709789136100591
0.07713251332823855,0.17127081091006577,0.054424942115875015,0.10659054570611842,0.03708778370533667,0.09367754159544821,0.16771527677140127,0.057174028690280626,0.23492655717723543
0.1364843263757543,0.06315848648690975,0.20626313734014967,0.13884310052530857,0.12551032703211992,0.1615439452799236,0.0839788468098599,0.05616745968150965,0.02805037046846462
0.1839939763497064,0.023572720943649202,0.06728837350702783,0.15427938758596696,0.14318145095481685,0.12389836188379484,0.037194927892623346,0.10029069563204951,0.16630010525036504
0.12939310049668384,0.05586385197492788,0.23996034622129372,0.13152703365698643,0.14161444084213007,0.13142084956640632,0.08348114450193006,0.05860636318577028,0.028132869553871412
0.15456004105678672,0.009689565001750479,0.01868022581895098,0.06292424588986399,0.025019733297060837,0.01636552000525334,0.3339176020555064,0.275564455628563,0.10327861124626415
0.09327570881943563,0.2739208151444029,0.0616855662136227,0.0856832406005525,0.10579469568842924,0.11956078989757779,0.19304916724071908,0.04719737433658999,0.01983264205867018
0.10763363577071842,0.023966832150577388,0.14337964735396777,0.14651090955907023,0.02076867484173572,0.31562825030030967,0.16201065932199102,0.044614131377469564,0.035487259324160164
0.16477877998673637,0.11725175129420728,0.11838004962034467,0.15943064003030982,0.05946880226838012,0.09297677535421393,0.057445920270530214,0.1404607894003747,0.08980649177490291
0.11076434416684056,0.11068583658694424,0.105802931022187,0.10484071412192068,0.041517204506243015,0.3276157467202036,0.07818293552773882,0.0712003211525809,0.049389966195341084
0.2981288567847803,0.027369357821975263,0.02369678364738173,0.09537926337083742,0.04115601359644939,0.21054310293218337,0.19965573529295874,0.049407116210168855,0.054663770343264945
0.05666335387155202,0.12448520574636601,0.044769463562966606,0.08526656600596412,0.030642162709734008,0.517395650766852,0.07347511583556011,0.03935907208261033,0.0279434094183947
0.30760295260406273,0.08123248127650828,0.10318078940815432,0.12658118295119702,0.17348688104048238,0.050467410596409905,0.06413953754542469,0.05148683998215803,0.04182192459560266
0.1351728454662233,0.062033729192598676,0.05136894761140076,0.13900066913233358,0.0300174495690199,0.11002485501575192,0.20620773041880777,0.16281431339319818,0.10335946020066593
0.19263466419924158,0.08736974820548647,0.052636851060123606,0.19937350639123289,0.08874296381928325,0.09490480074341201,0.11054279941307688,0.10282405397369931,0.07097061219444406
0.1341550016204018,0.029537598349365982,0.10019499735376734,0.10547099561918567,0.0444954276008702,0.02936794512736871,0.09355349253386075,0.046298517376053124,0.41692602441912646
0.08693188000531964,0.04252477121686066,0.06955937525735288,0.12472283545099538,0.03777660463615468,0.0999481397148481,0.25791139615086756,0.20874162232513147,0.07188337524246975
0.09095750613044346,0.017311577839276605,0.08669389829075073,0.1060912815009367,0.02382896661543366,0.03697771110483164,0.08545684206012573,0.06732720945503391,0.4853550070031676
0.07564728312933423,0.07758047885010323,0.046492974911137776,0.08831373964691476,0.0465903753078375,0.1375884837774413,0.06034364508786013,0.06049833227790057,0.4069446870114705
0.2013620086486734,0.015834978626430313,0.06643143169603818,0.1336777010196152,0.04297712074033224,0.12291589585343508,0.19679662746555412,0.10146001101949524,0.11854422493042614
0.16115167112811862,0.10450131205480023,0.3548473507498581,0.10798620047366887,0.05758488029157957,0.05833404774322496,0.04454310389453211,0.09313931738217722,0.01791211628204044
0.1360952863101494,0.10723010154825917,0.20526645202181582,0.13125829551639637,0.035888398840695925,0.09926625885704314,0.13855662507701796,0.06629621646840023,0.0801423653602221
0.106397599604538,0.054198152253446145,0.14238570409854268,0.12402412734398309,0.2612794708743799,0.12178720023386291,0.04396823913292141,0.06649580488184252,0.07946370157648336
0.1299712331281743,0.010498406166242634,0.0474288903946344,0.11986372933662048,0.04657676394190952,0.043721425224155654,0.3145510809414502,0.22503548134174559,0.06235298952506726
0.12845927871303736,0.12493645489743149,0.2363669867470676,0.13331619666860162,0.09028916998253227,0.12294269787507815,0.047198084273567954,0.08987296062062648,0.026618170222057036
0.07433966829795462,0.007827694418196203,0.1779533383176762,0.10749466086972759,0.022141312264648192,0.12299044597748642,0.2547056580698806,0.0492010914794741,0.18334613030495597
0.12136733072131067,0.11177028902463271,0.16222486475307202,0.07160975918552943,0.02717601435210698,0.009386387093578431,0.10113473516909417,0.04896140343434943,0.3463692162663261
0.1822221363636055,0.047964490935405314,0.05569439123125486,0.16695418142244303,0.06319955612962198,0.03373194292928481,0.149667293870712,0.07845077377090079,0.22211523334677166
0.13554278418347684,0.13227850405208944,0.083719121518626,0.14346658328192805,0.0317254736117979,0.08970876134487936,0.1042917330672165,0.09839547261891723,0.18087156632106863
0.0976903639361507,0.03601795805452531,0.07884514019471582,0.12721393197739378,0.07130659568428288,0.3480611518789043,0.04035503272495667,0.07784258806161892,0.12266723748745163
0.087126572508981,0.008410146900475077,0.034899128485794455,0.08971347360625898,0.030576500644850613,0.08028040567489113,0.42564789101578104,0.1904627972422471,0.052883083920720664
0.11627346060611497,0.05002878221032392,0.06136511493674116,0.09831788418571448,0.5067428351702516,0.018838598520569554,0.0498480553764535,0.06843512089774961,0.030150148096081214
0.19330693506757182,0.019778902420479423,0.08840527480848921,0.1309787042450302,0.041540360216520626,0.08381937224068925,0.20601033476616895,0.11581230742119086,0.12034780881385955
0.15573125291620113,0.137448673647013,0.108962632535201,0.13791021043813537,0.054360884251012855,0.15507887671533707,0.1587498603207139,0.06173055749985477,0.030027051676531007
0.11026769634636195,0.034525859588464526,0.06208350588754319,0.12029620388467381,0.06339061529200772,0.04692894602205868,0.08140947542719361,0.08781744879536835,0.3932802487563282
0.1544976086044374,0.08535088504202293,0.10642405449797683,0.14149042603833026,0.03174907471816726,0.056970608935241966,0.2881961109350783,0.08248222609430446,0.05283900513444065
0.10279333410745993,0.07355069167092147,0.10678459667106659,0.10613141530955039,0.27599328229417575,0.15272560382725694,0.09739006775088166,0.04614788450975163,0.03848312385893563
0.18841795691888233,0.14559652777989748,0.18786295848416804,0.14795085287209736,0.04787190237236186,0.07033759030309121,0.0818282600628112,0.04556190878217516,0.08457204242451533
0.15311078486792476,0.016591792892896137,0.1092940932986396,0.14355140523357793,0.03605007345026674,0.19427934372131014,0.09324566222300427,0.10172009206123349,0.1521567522511469
0.08161682382174291,0.10612501433322298,0.12026166809802163,0.09764973096015751,0.3564636269962956,0.0700500274810802,0.10295341771210438,0.041908132426220046,0.022971558171154635
0.15815963526733204,0.07617813579011203,0.07298842049128348,0.12572515921360947,0.03975855450182494,0.21416364480339134,0.17063148455809082,0.10737587291309836,0.03501909246125753
0.22576558781940628,0.027282753801975822,0.05495981938514862,0.1325837210948655,0.058274343667333105,0.210182272414296,0.1740871703646316,0.07415815399918002,0.042706177453163165
0.14688294157065132,0.2573011963883819,0.07295310511038379,0.14243154922374676,0.06857555233255645,0.06601409347489674,0.10459104629507088,0.05354199389982259,0.08770852170448958
0.1551771781584391,0.06915660054199112,0.04222879972767327,0.1789521487375594,0.08394216971480402,0.05928103573030943,0.10582688779968057,0.24791363536643318,0.05752154422310992
0.1445773568366695,0.08589742573486105,0.0880874339357801,0.1244254851551344,0.047140185917395945,0.13795043229487677,0.23025777480204848,0.11120487106973194,0.030459034253501754
0.09103020087783946,0.05447367067731002,0.04166897475032966,0.074736311781264,0.016536147334468874,0.04331497033993615,0.3311751130283996,0.07436876131938958,0.2726958498910626
0.09051001060827761,0.1606530440549885,0.10690788973343081,0.15351870137891335,0.046984939621288545,0.17714242760569945,0.09333725822408473,0.11173494786828209,0.05921078090503481
0.19573042334486943,0.07720704435703835,0.027473383969559468,0.10579827621026357,0.05241329937185734,0.148302697908738,0.09002403048725438,0.1963187447349585,0.106732099615461
0.18913901148224307,0.02367527404856466,0.06801845498300334,0.10658521390634153,0.032527929100395335,0.14315108184163794,0.1531031365398577,0.0957750894855759,0.18802480861238055
0.16897598503985556,0.09623593588316463,0.10223835075463783,0.14574119222298018,0.061204099434602886,0.12873739625116432,0.15102040317163062,0.07139574212674991,0.0744508951152141
0.15952121349784798,0.10845525037643387,0.032736270419576746,0.1399839428543976,0.06596371369909677,0.05582445340832836,0.057176565443287385,0.10576838446050478,0.27457020584052655
0.0625884544038987,0.023724302489514907,0.12959172589133608,0.07952813887698106,0.42374553597765924,0.057580340306634524,0.15278305219291746,0.027002837853505147,0.04345561200755288
0.09172146706472871,0.030929720969182044,0.1714457385296241,0.11246560946021238,0.06049014152579882,0.020932825734636663,0.24640153590078828,0.13685046144604793,0.12876249936898107
0.09582547345869202,0.21547241822572785,0.10653576994915691,0.11913509900422437,0.21129761732305385,0.0753784097219709,0.0718661750585503,0.08469587414767492,0.019793163110948878
0.07199262741756601,0.07513962714374613,0.1767085563884652,0.10575512033825867,0.04128002270515107,0.25271101303085125,0.09039682716465602,0.04079056807992638,0.14522563773137925
0.1496890937222848,0.06316927562699749,0.0722456343867344,0.15094474538991187,0.0447234985873687,0.07864380574724583,0.09779838069939906,0.22910394997365072,0.11368161586640713
0.07262657230727243,0.09415316864806743,0.03337056766483707,0.10525611949017173,0.06029559880105071,0.12662313808197342,0.12809149368537667,0.34517447131921686,0.03440887000203369
0.12209151178097126,0.15004862715473263,0.09255456725264011,0.12732191986522312,0.04650905839556055,0.1662130929298248,0.15326874156533735,0.06846438705384462,0.07352809400186563
0.10837082449292144,0.05127771101127169,0.0643114501615679,0.1304649405625336,0.08860624912590524,0.09257813047140397,0.06560230369154495,0.22957280861744397,0.16921558186540728
0.1552939629362793,0.11910381024797716,0.05258879928628951,0.11440717647749786,0.0748998983271153,0.12080629875967074,0.1284398552490402,0.04201361083527163,0.1924465878808583
0.07948137997355569,0.10920099499189827,0.12705952651626848,0.09927409861169606,0.02659474009039321,0.132857149041173,0.23169741958207168,0.0345765687779827,0.15925812241496093
0.10229691694263698,0.2655024369190829,0.09617778953400742,0.11450641154582102,0.2163738379977315,0.06385534180231722,0.06803535724370564,0.04877859378340701,0.024473314231290236
0.11143518641286172,0.28012914226862723,0.062302773407544164,0.13349001010004224,0.04476049162263812,0.05540892621105819,0.14673506513607568,0.0706554865963529,0.09508291824479977
0.31451508888478297,0.010759930073980987,0.0401493590420412,0.12122670426491873,0.03171682486493526,0.10939211166779887,0.21918464542865868,0.11216907954516457,0.04088625622771878
0.10002744920611663,0.10737960064386153,0.04883010059905555,0.11247749599660384,0.027905677159799972,0.3881805910667791,0.03731443341199494,0.1161756361243559,0.061709015791432446
0.1541499531581352,0.03690786823458595,0.05495227672751465,0.137423930175518,0.039153875959650114,0.30607935161896277,0.042537946802796295,0.20043019634864848,0.028364600974188525
0.06474597827198318,0.0626602623519905,0.2129905303810602,0.08495720872864566,0.36106761324905134,0.07423524290069224,0.037547540449515214,0.035868722229486144,0.06592690143757551
0.24395012354418866,0.06447111133465849,0.0983859142167065,0.17878591489914128,0.049408340874832646,0.08951655670939092,0.14999071660757304,0.08567298694889579,0.03981833486461269
0.16009755449002047,0.0781836626378488,0.15344885287708876,0.1368058025085922,0.15113230166354938,0.13652277575072216,0.08989156146208778,0.052777379668990106,0.04114010894110032
0.1423626481738084,0.14011098999876848,0.129494154321013,0.13474831706157803,0.049205748209888635,0.18888405759520996,0.12058997401938289,0.06331591923185295,0.031288191388497706
0.15806603329635324,0.07623227771436801,0.025652137855676594,0.09919739500968239,0.04028971870335435,0.13143377634720463,0.3640767452738188,0.07185326566052092,0.0331986501390211
0.15234022772833053,0.11688868818923577,0.1468740204706107,0.15627841261492734,0.11499976264130474,0.15403386141411282,0.06122242820347342,0.0582148118111657,0.039147786926838866
0.05913984951985888,0.14458609003616604,0.09934677796522724,0.08569263598082612,0.053161200515584976,0.11197394423486116,0.36014071986889845,0.026382054849625206,0.059576727028951816
0.08005488984471074,0.1047030146300381,0.13328620872057803,0.10420769149312677,0.015633006017221052,0.32150543251966396,0.12089538556991807,0.037436820482226345,0.08227755072251687
0.2718612482372805,0.013843490827819637,0.04870970314881027,0.08501808977187696,0.02021566183392114,0.0897736499611858,0.3717672706149049,0.07575912764604939,0.023051757958151408
0.1228355598268573,0.04641457762325719,0.09987570012194336,0.1325632667685488,0.040266860664782377,0.2066304516513721,0.10800092301978002,0.08193403847646856,0.16147862184699033
0.11563435884125628,0.07868706482677047,0.20895618501059396,0.10272553223642374,0.03877628551494002,0.05182815417587073,0.24993029724104243,0.12015098491022193,0.03331113724288045
0.08612584418372878,0.02506458999986255,0.28539899007066616,0.09200074337383242,0.09987458584912295,0.06123937478943345,0.21358947803753023,0.05622336054153004,0.08048303315429346
0.14614453436038527,0.05496075157328522,0.07963472410640642,0.13806302926153355,0.03503486123658151,0.2428330755546814,0.1941265759989204,0.06054893598565598,0.04865351192255032
0.11679779841979902,0.18961303803679241,0.2890425046490192,0.12075754944202644,0.029226052182687524,0.05239105376188367,0.07542458019253394,0.05933200987500601,0.06741541344025186
0.12609001151181834,0.13375068463052497,0.08736153781630689,0.1435994074510602,0.047608004855590046,0.3038127699257678,0.06491165499105489,0.04684278533908895,0.046023143478787776
0.11141478632032094,0.06814701909298003,0.39534012237806104,0.08459143635785756,0.10089249831249832,0.04090909953554662,0.03856060945421213,0.055582060676565535,0.10456236787195783
0.2228709310783774,0.030848822000499543,0.057773341408422246,0.10312214572537741,0.028974710415465357,0.13385985762079247,0.2935372765451785,0.06730619404715317,0.06170672115873379
0.2137174861851742,0.14706548911696612,0.0824297820028662,0.15247198580743185,0.08319389960180748,0.10725555313437217,0.05334628951386711,0.14414100665732052,0.016378507980194308
0.12413478325152143,0.016947104113646198,0.06397366429230135,0.08619290040069237,0.021787653612453772,0.07368657882434698,0.16603680955153566,0.17475143976862503,0.2724890661848773
0.14045564615341,0.1431082211460228,0.06307697696585174,0.08737136758770471,0.027356003499307557,0.24703493098644824,0.1255796506696588,0.061046827045423115,0.1049703759461731
0.13990333605138797,0.02946116193812003,0.01751525706979578,0.15080358114124368,0.03951224964951664,0.1362645970147701,0.07880244417107582,0.2443713017537158,0.16336607121037416
0.1237634530623986,0.04055726221477839,0.09294377326576031,0.10238920166026451,0.06625289194954127,0.35698113335554454,0.08184768518376472,0.0469159528889995,0.08834864641894813
0.09820051400104272,0.0967842887189176,0.15793600130442706,0.11386427285938126,0.05326589427000722,0.01600599713516747,0.12428606487921079,0.12139339674344224,0.21826357008840366
0.12005533878346575,0.053255359311007965,0.09097004495882688,0.15142806209706225,0.045914671850600636,0.21861087639652707,0.19544426139381757,0.07962440470677672,0.0446969805019152
0.2189202655200515,0.014228819235647663,0.05671413492122715,0.12098457500951994,0.12499070858968393,0.051236117818354604,0.06116482924648627,0.06376241023235443,0.28799813942667457
0.09650200369752797,0.062261757611615336,0.10027068075266117,0.08023826763623577,0.014171986015212934,0.018138812513968785,0.09944174414293973,0.25305703571314686,0.27591771191669145
0.12297071996914467,0.1383423444148538,0.11793130601613801,0.14144164613825194,0.09121286996305251,0.042489567737781224,0.17907356516616094,0.08522353198412548,0.08131444861049136
0.21078226060613123,0.10491707787031522,0.09821233614345036,0.1606426663970514,0.042463672613820086,0.1040038740896908,0.14297856947017815,0.06743225406973441,0.06856728873962846
0.12427409623681544,0.08891136573305382,0.038945721774182006,0.1413239651623657,0.05762437434339334,0.042368933382440854,0.09250099832659854,0.23889163088863832,0.17515891415251197
0.1353288208666927,0.04247392627231698,0.19743849187137041,0.14077055699912033,0.10517152725747447,0.052936923440085465,0.19525588480125874,0.07492525232665186,0.055698616165029
0.13258275365640615,0.20904396394862387,0.06264502007439697,0.14285554050907778,0.0645401402786502,0.13240712485992964,0.0762588106086611,0.09416226099686043,0.08550438506739393
0.15209214427903286,0.14002688406616484,0.11063924791715037,0.13478770056300352,0.13075487019290025,0.1270094167452467,0.10106310997578061,0.05947128036114302,0.044155345899577876
0.1239342569050758,0.07317671471683605,0.12757198695445948,0.11618722317340034,0.05924115469452434,0.3484417333979552,0.07365688123364003,0.051194020924575666,0.026596027999533162
0.07166348944363905,0.49634192853887193,0.03101419312820582,0.13595735510403228,0.05700051687918687,0.02662998690193739,0.05002188259464721,0.06392112647084346,0.06744952093863599
0.14922353638217176,0.06762860368779432,0.03922766645110195,0.1550452446234371,0.06166689160855312,0.1839187163424524,0.15534237831229544,0.04897601908917474,0.13897094350301917
0.08476828967125888,0.02043991211604664,0.03486681485813639,0.08294770899625546,0.04687436399023359,0.15093084230108153,0.32333627591898145,0.23191363923111097,0.023922152916895048
0.11095018939862024,0.060685197154455195,0.40252286313149394,0.09355917249725416,0.10248796016185323,0.032023359937246275,0.0970259452053659,0.053922275278849296,0.046823037234861774
0.11648194039738276,0.10090339292430077,0.2647216523938266,0.1242878610035002,0.15186990100476885,0.07627607933699045,0.0811006669330999,0.04540144727831663,0.0389570587278138
0.07283952798563607,0.35272759590228225,0.045588090098205795,0.16944117939583336,0.04887364252428623,0.05453087595395031,0.061499073667349156,0.12773874413630318,0.06676127033615353
0.10082963603970212,0.016385994351020988,0.04817653169219672,0.11682703612149592,0.03193310210775161,0.2899698535953486,0.07485169428100903,0.04424138924158929,0.27678476256988566
0.13676632331623176,0.03863558184460945,0.11027182701312262,0.11864426929272255,0.2415906298114601,0.086514496649377,0.18178252081158205,0.05665435475971244,0.02913999650118193
0.37405186130356954,0.006616921884587237,0.060178122840087396,0.08619647420686265,0.04641555888245638,0.05145503537691667,0.032816848780675395,0.22502266099711699,0.11724651572772772
0.07758299148540694,0.0691982763754085,0.20923004060955877,0.11284485529411747,0.3013028285382371,0.06397273083470678,0.056858828352039675,0.054958494048739426,0.054050954461785344
0.10478495875501502,0.14456509246044413,0.06575017662441446,0.13170832892518702,0.026679449420200535,0.06943442636576141,0.16987734104028748,0.1516568545968315,0.1355433718118584
0.09721972322856387,0.03134366719246448,0.17161308224330907,0.1170588675138809,0.04677083438744047,0.23760227985070034,0.14487391881492276,0.04907441981881106,0.10444320694990707
0.1502117685247427,0.06969562634159447,0.03315134959223302,0.11042892883142313,0.04033942643017411,0.17967015924986832,0.27074126073900967,0.05933215654354688,0.08642932374740764
0.08287691761914892,0.15882377588105892,0.01536764176182876,0.08028646500907174,0.06792103224920559,0.020118200579343437,0.19970771401863488,0.3302570037772377,0.04464124910447009
0.12986755523231305,0.037203573283099985,0.04116152350471284,0.09091956659863519,0.05548088974069893,0.03905202253745424,0.1982658059687058,0.33923226787943905,0.0688167952549409
0.13631066094720765,0.11557763372558184,0.11409017179649411,0.1578473600376441,0.07440843769641081,0.1290440072742875,0.11240298484075599,0.08594275449190651,0.07437598918971142
0.14213150810672107,0.04239880924653594,0.07024038058833756,0.12235315362721906,0.11464619969081825,0.10881439296301744,0.24368577877183525,0.07980672541459098,0.07592305159092443
0.12883960680635972,0.014476988371311894,0.03537284128273213,0.06649554015631574,0.6043351018270391,0.01390463421957829,0.02471744090480615,0.029796040378118813,0.08206180605373808
0.1654782560918536,0.17017482940045478,0.05642011768530572,0.17326468296672118,0.05569936103161852,0.0853798235509261,0.07940141294218535,0.10345516725274749,0.11072634907818728
0.0926163102659947,0.07352069290417729,0.052161634164288956,0.10527985431464933,0.06929750490759357,0.013801517405903102,0.271793014411386,0.25484074687565633,0.06668872475035074
0.11446796649274693,0.16402875110434936,0.2848617795834372,0.10006762004773541,0.01240808169194387,0.04411508609993162,0.12554828868641277,0.06588308634726775,0.08861933994617509
0.299868771634711,0.010953276905028725,0.034687798423975076,0.11339561246569202,0.028951235278532054,0.2550565246699676,0.05888731676076192,0.18295435512530175,0.015245108736029939
0.24870466367332011,0.011235304757253586,0.08500446555602499,0.11522247052131773,0.026345004224241807,0.1041673211262989,0.12882865623986461,0.22633412718827084,0.05415798671340743
0.10352707372694336,0.06495273750099001,0.06574677491059193,0.11140877127724441,0.046068612941305785,0.03796794560423576,0.08149812823159569,0.23053274519393477,0.2582972106131583
0.11412709007192208,0.02652094960642791,0.2317216964150455,0.11314897075931929,0.1418525375511275,0.05448931844531394,0.08061828918841467,0.06056473835470594,0.17695640960772321
0.20459434357197795,0.10168667774739913,0.17399053614210117,0.1176934688155097,0.08488259638867922,0.030530512667077736,0.11054922544133439,0.09799137766852027,0.07808126155740043
0.16203840811249812,0.057745472520732345,0.11638552628767933,0.12288054737480648,0.03157711095746386,0.2105460285914902,0.07658973655978857,0.038388006216682646,0.18384916337885845
0.08724704037686355,0.07734862117126252,0.18595278775956667,0.16231337971761614,0.06446024246643665,0.09845837747103013,0.1996103717839325,0.06889178647600147,0.05571739277729034
0.03764377115335673,0.009040325004682792,0.35360891029312985,0.09794985639182585,0.23600836897160837,0.12244261318518522,0.0548640958416031,0.0474063419747884,0.04103571718381974
0.05317866639735472,0.014237743054502499,0.17276120481045365,0.07624254012143061,0.016392576380394933,0.06721821573198854,0.22248295520605862,0.027040367713329794,0.35044573058448664
0.09741997346822995,0.0721366755829342,0.21667326105782225,0.08075063034060799,0.1859930054841575,0.01773881147872063,0.028858974993340187,0.043524220862073755,0.25690444673211354
0.13494336163621226,0.09701585557474708,0.09109570119978107,0.1526916471281711,0.08369152355830804,0.08453475503551704,0.05327627891841976,0.18455233718352437,0.11819853976531924
0.10755731067923972,0.013920782782291431,0.13318654981271236,0.10129272934500821,0.028359873870268466,0.030741028360951855,0.2794149987610566,0.233162265902043,0.07236446048642843
0.2914462414914017,0.015376950487191975,0.030942793346997777,0.08347171145808734,0.032546065404546756,0.15013012663778483,0.3072206043152787,0.05135731188397205,0.037508194974738875
0.15594844216754858,0.002375601267283899,0.051263278664868066,0.1238140158355493,0.11831750133347625,0.18243907872760368,0.14831859213415852,0.19199674189604787,0.025526747973463826
0.20817604105430557,0.10131455117250023,0.07277535973284349,0.1326743738881021,0.0867420289966307,0.15380437485283882,0.09129816221836494,0.08005004891775523,0.07316505916665887
0.1719165568506913,0.14625706397163765,0.10478252602984144,0.1412150718595752,0.09951075600010051,0.13874195818690577,0.08975460827539233,0.06652748158720696,0.04129397723864892
0.14213150810672107,0.04239880924653594,0.07024038058833756,0.12235315362721906,0.11464619969081825,0.10881439296301744,0.24368577877183525,0.07980672541459098,0.07592305159092443
0.22579493559378716,0.007364779629381494,0.02178957572822503,0.09531710275192545,0.04037534614141417,0.4828041409927648,0.01795201091233349,0.08985576154012216,0.018746346710046234
0.1367981579051003,0.07618948811671065,0.0773931120280535,0.12390159534545686,0.0454088811724262,0.07581660938764988,0.2950149318316558,0.1205964297203468,0.04888079449259997
0.09927306467655202,0.05824709346835536,0.09997407616673015,0.08426830107178662,0.4910910973032905,0.08853966668821357,0.015266028535724703,0.03691249720972162,0.026428174879625437
0.12488511443617227,0.11851335846739897,0.044382710673226446,0.1512478219262802,0.047182068825210866,0.019683217269354333,0.2882546645633045,0.1716860765756952,0.034164967263357125
0.1237634530623986,0.04055726221477839,0.09294377326576031,0.10238920166026451,0.06625289194954127,0.35698113335554454,0.08184768518376472,0.0469159528889995,0.08834864641894813
0.15368355295162764,0.04153374332139143,0.18243575843923712,0.13621134525045006,0.0627850498044104,0.0973209630759555,0.14135564413813606,0.14371834414508153,0.040955598873710385
0.12530409191987235,0.01602906037146438,0.09337310241713559,0.09959157686551562,0.02203186422365518,0.07805309954270236,0.46434147135842146,0.0791068351916564,0.02216889810957669
0.13461382148403517,0.020657796197630533,0.101049013601011,0.0998711924439029,0.5117853259328885,0.03899538894257714,0.01656586205760946,0.04690428234347275,0.029557316996872546
0.22730697516321388,0.05223324803179189,0.18866922039081332,0.13320498169707531,0.16199528214972336,0.060335205996301274,0.0948898162497962,0.053772123389711816,0.027593146931572887
0.23563482671116862,0.1868335688751007,0.10990241654959071,0.1382044942458076,0.04970147221946619,0.08757733240040122,0.10938043476649222,0.0630842775796549,0.01968117665231792
0.06269988968378788,0.15452621980789807,0.0571867995034653,0.07660380173729515,0.030812459348687166,0.2904457802434158,0.14508203889114413,0.027801507997693802,0.15484150278661266
0.1453371491461768,0.14923971634551852,0.1963333379483511,0.14960655658281927,0.08234256661517064,0.10454806708107257,0.03596728538876363,0.11739210217996476,0.0192332187121627
0.12964719784590653,0.1540071638811432,0.052808564376821056,0.14495306309273748,0.07797552005013982,0.0808589817963291,0.11375385792192945,0.086525387256573,0.15947026377842044
0.14033490079568267,0.13554443508460476,0.09022573277834071,0.18205257902112895,0.0929020209244148,0.10348573897693662,0.09249502249568632,0.10255865046403305,0.06040091945917215
0.06737198992927097,0.009292912482518997,0.18206823928944185,0.08237883720910995,0.36927118517189556,0.09316146341451581,0.14749316490454797,0.0339991175556084,0.014963090043090486
0.1720855097268801,0.023322306563340764,0.08233407901895488,0.12447360803219916,0.11623724309722429,0.22921553192637067,0.09249289602466204,0.12405881951714152,0.03578000609322657
0.4896790235608229,0.018308678424311383,0.04216818318173682,0.09650874243497311,0.02352935817964245,0.05917023264974946,0.12660946945786858,0.10369014888354129,0.04033616322735395
0.12411111055098488,0.1797633798147776,0.04750514283309428,0.16624401445007497,0.08441864937791477,0.04127160467063709,0.2645937090491896,0.058029386840205255,0.03406300241312161
0.08434067598897405,0.0852683319689338,0.29427555521860255,0.09287367753431398,0.29084131553466547,0.03417048854113999,0.030724308020967983,0.07056482953845664,0.016940817653945454
0.07040691728159611,0.34708478311112234,0.10200082938547507,0.08056188791684776,0.23175873832190222,0.0165309178505951,0.07125632754522297,0.037047228990955035,0.043352369596283434
0.058694087624961776,0.2330526555937892,0.03231642063147925,0.07615724333254377,0.05209257555909599,0.32590998499996293,0.11729507010014144,0.05614056665689376,0.04834139550113189
0.23379444346770706,0.0345068113534848,0.02208839378706968,0.08383710682235568,0.02799880085080821,0.1489929921300633,0.16201256679077447,0.0613785901943924,0.22539029460334448
0.17988112230503014,0.027676095321295557,0.07434634385136547,0.11804425201269696,0.040590503301712315,0.047134279724928785,0.31946703740948534,0.13996099218982438,0.052899373883661116
0.10579377037359906,0.020819458925596737,0.175072606223677,0.08404721391431698,0.017890394237590604,0.05068869832567322,0.19915300781804743,0.18639734085498005,0.1601375093265189
0.14175040092785685,0.08714750742347066,0.0837652185050954,0.138472202031822,0.054307857949059624,0.1549523963728184,0.18884832705890373,0.09119621739312195,0.059559872337851406
0.06980621384376921,0.12801882162092634,0.08722851904746169,0.08836439910587494,0.025538114699968178,0.4494830041382713,0.03778037207981171,0.04246485158919402,0.07131570387472257
0.13216724885698336,0.12030547512348128,0.04503473439583216,0.11507351688414054,0.027734086136093048,0.14403934255018402,0.16356211964222203,0.2090934229763477,0.042990053434715896
0.4779584610223455,0.0061547160834363075,0.03800572942469501,0.0937506609354451,0.022415518605656885,0.15101930912633474,0.1145017593742114,0.08322727112358284,0.012966574304292232
0.11535562706154438,0.05853679742685818,0.22839745252518476,0.14222475662515002,0.051250050857117,0.13627715594589568,0.1341381771380912,0.08433366628994958,0.049486316130209186
0.046570818821863376,0.037313920631597504,0.05056299971849496,0.07330265125063572,0.02035063120589103,0.38658991092698985,0.2102983265090367,0.09813473224159269,0.07687600869389821
0.25238948657319793,0.003472239501117731,0.036348914556083016,0.13169358125366862,0.032771813137148255,0.12535048383893374,0.04728168984984494,0.30223468771142975,0.06845710357857615
0.23690874997989506,0.1396724693042228,0.21697133452711648,0.12299622793006376,0.0929406970289184,0.05282854836493806,0.0522374667111243,0.0627753288940059,0.022669177259715234
0.1684680722091302,0.005599588646424035,0.047013156010159755,0.11751006152592668,0.014105736023666007,0.12262776573580436,0.011403671659493244,0.36329159060028626,0.14998035758910946
0.16069406634468378,0.23621529144771916,0.043833129653266516,0.12279773800238152,0.037913618838662504,0.11171722577862504,0.022712413202033686,0.060121466059171035,0.20399505067345672
0.06385747964988762,0.13057879646381573,0.15949986780169365,0.10275958924230373,0.26888669287224,0.10012157232648544,0.015596445229263928,0.041478449062691485,0.11722110735161838
0.2212581166760024,0.2767545167675524,0.1351057243912468,0.09873788013704064,0.05123111403130808,0.07998415659726582,0.018830759603228244,0.04699070734042619,0.0711070244559294
0.22644473104061533,0.0018479312142941611,0.03933444173045649,0.12385653180788236,0.019523695748035638,0.058973047101766936,0.1749708798799318,0.3292914800590537,0.025757261417963705
0.07617370544274281,0.1145123248952898,0.08471595783517645,0.11164103592464603,0.18674031787399978,0.06560076655472742,0.03782263172072264,0.12271261929304787,0.20008064045964724
0.14830851682279464,0.10759298578213938,0.11572095064036418,0.15082214748176784,0.05785318314325607,0.09914055168386836,0.15689806523142882,0.09702845519229862,0.0666351440220821
0.05563979938069014,0.011869213589748557,0.04879298395934195,0.068156030820407,0.022621930562437397,0.38001198453934637,0.10677522843580116,0.032359514857953256,0.2737733138542741
0.09836472050862737,0.08358497932887084,0.10404907372484051,0.12712667591373827,0.048701758536593566,0.2802837637432499,0.09061315562177275,0.13076566671814369,0.03651020590416318
0.09379795075093418,0.06667247945822899,0.09822478409586559,0.1122298111933749,0.06509037278844243,0.3363439594315874,0.10043258021695754,0.07623675995244254,0.050971302112166404
0.06816041219604722,0.029372244902724453,0.0712003835114588,0.08373207757908047,0.029071838971207156,0.5106761512744202,0.07227883656545044,0.03273045449229458,0.10277760050731675
0.18383527136086497,0.03353127375381769,0.08923350181086165,0.13652198363330673,0.040687258824890736,0.21005978598660402,0.0918397010527136,0.08600821400870488,0.1282830095682357
0.14972194453115092,0.16813558334499945,0.09828058013560774,0.1312731947107912,0.07179583358537416,0.059580459174375634,0.16060098810390241,0.05221885738249676,0.10839255903130175
0.1335564594754546,0.02127639721006998,0.2188075474903893,0.14262769550201868,0.10430047088511296,0.14093500762005406,0.09426322544046417,0.042740748686584694,0.10149244768985151
0.18542533510078751,0.15310135397349836,0.10162049221792291,0.13115016721614606,0.0450988575551691,0.19772255266735161,0.06552635995489553,0.06533737923829887,0.05501750207593003
0.12334016114462233,0.08814996129640891,0.07443762324230957,0.12341523271070891,0.06487965318326853,0.12797487902282695,0.27065727804137285,0.08357031477629066,0.043574896582191325
0.11560590417388794,0.06793370597188596,0.13574193908912516,0.14145413069972387,0.04203025662748517,0.055188941492313355,0.1240949416126119,0.16288807105499603,0.15506210927797062
0.0785897374447999,0.10022596620468201,0.07315803762388152,0.10306596063315142,0.07314901105304117,0.17721107646903886,0.03370049357240138,0.14505700785212475,0.21584270914687895
0.10245948828412595,0.04397323344937196,0.29447199512988975,0.1253900431513932,0.09865712496059559,0.14390231431749378,0.09335505361459238,0.0547034322840422,0.043087314808495196
0.10296398180313993,0.004286547402056227,0.20137672054533748,0.06689938417603682,0.2990383119916149,0.03445579050033903,0.007427497516701748,0.02758213719133175,0.2559696288734421
0.18558951215026673,0.1236867567033939,0.06409046794258953,0.1347354436897303,0.06821916776480653,0.07345116543460094,0.2508453821489804,0.03496823301602935,0.06441387114960233
0.16028332552254468,0.007533957650090968,0.08960199017044834,0.10502158467013549,0.015752511394459604,0.25754927834516533,0.11322710391983255,0.12082345611301477,0.1302067922143082
0.09224984481935916,0.2898094449217518,0.022511067855722693,0.1601109937203548,0.058187230399437274,0.13562011052545253,0.05183375441031368,0.08288752506163256,0.1067900282859755
0.09794881607838686,0.16030090699279698,0.220837589533742,0.08515678918853871,0.03208381554160921,0.012986452091163439,0.16611737364307824,0.1504160660845284,0.07415219084615608
0.11960391470786959,0.003248796402108172,0.06261518266285826,0.09584335654037779,0.02250763529242518,0.21156456469548915,0.3946796593346338,0.04470847059783133,0.045228419766406756
0.15417117625183632,0.16442786182884508,0.08674723603515315,0.13721395809295572,0.03434050485199592,0.21128404695930458,0.10641458739977178,0.04768590307069826,0.057714725509439034
0.14933478323284552,0.027539288629103806,0.04505239332450226,0.16185044545636743,0.047851082002477265,0.04886993580428,0.17574776940225068,0.16086741370964588,0.18288688843852718
0.4117520650787359,0.0091515127023466,0.03433535925451782,0.11064479821408559,0.024093883550720202,0.19490184423584475,0.14517910341674917,0.04927816967974341,0.020663263867256546
0.09448919579573327,0.04679179502802364,0.06288207931090034,0.12087890532880513,0.03190999952988235,0.07789465462023173,0.1296542970542076,0.04763210028236412,0.3878669730498518
0.14365717040152257,0.03410401991467556,0.140669651855115,0.10014229604831494,0.2750109853932154,0.031622048337359966,0.12238173455531631,0.050806318642442845,0.10160577485203746
0.13435007443701083,0.10015926013445103,0.1713369996824157,0.11987594916286735,0.034856838678759765,0.11524109863652633,0.2495356237676898,0.043309471344950966,0.031334684155328245
0.06719238758282504,0.008501579202603428,0.16660527037034586,0.08765902803030841,0.01286989976398869,0.03009925456955063,0.2265820984102421,0.08768002205455248,0.3128104600155834
0.46789380610489917,0.003786351704816213,0.0291083839593821,0.10340874780504376,0.024504143174382143,0.0733756330117014,0.08657042471239408,0.09843742967825868,0.11291507984912245
0.0649569867074529,0.09281163844786307,0.2051899357855378,0.08777498260149143,0.43098899382203265,0.02824111162241515,0.03486501718428601,0.03400961894653365,0.021161714882387248
0.09750907339234825,0.022345354918120758,0.07909795014002559,0.11357310090849616,0.03845091955435489,0.242070473093442,0.2895215514697796,0.0952356360286692,0.022195940494763474
0.09992819624963252,0.12564972655923667,0.055005814836057175,0.1231124154798335,0.03468287558756683,0.05132184022096137,0.10156183951649882,0.04886462708752206,0.3598726644626911
0.22821358472475184,0.03562637745291609,0.04966099296408485,0.1749697411210046,0.04096458599810037,0.19040954474611924,0.045333028475593756,0.19678847001630503,0.03803367450112428
0.07818808276360915,0.019834068915165853,0.36028849550793735,0.10738210795976284,0.1019862096757907,0.101328089481925,0.10159339699986268,0.04400007890637844,0.0853994697895679
0.19623685797044962,0.002343861780900632,0.041806256421470976,0.10861373768218006,0.01154586144928211,0.1987973301555428,0.02162957309181646,0.2938854905544768,0.12514103089388057
0.06446155496063728,0.012162486583289764,0.09842239998038156,0.11962290954076667,0.04770126456909952,0.22260929775827934,0.25381265448697754,0.06665998064363078,0.11454745147693751
0.13696763989768226,0.03733339661970373,0.15255637134731484,0.16097462113580693,0.055577803693687804,0.11278423039616181,0.04867091415831213,0.10259558953911758,0.19253943321221298
0.15545493187127693,0.06933673416671875,0.048388819911932925,0.1434928157706891,0.028785620342586655,0.20333756880215728,0.03309427740036062,0.17708715543945716,0.14102207629482055
0.04676722835441657,0.07814900854779412,0.07809113822053199,0.09021339919903533,0.10426296974314382,0.43615529384436824,0.07511530037752857,0.047147201648353586,0.04409846006482771
0.370082999367078,0.004960802477145372,0.03526288719555432,0.08086562975102869,0.036597203286027384,0.21396372808504607,0.16205419844899865,0.05975795272542319,0.03645459866369829
