0.10618991963229518,0.11025466546612983,0.12979977463005815,0.15668658201512095,0.03817114061112853,0.12383358987195804,0.08752124978362785,0.13298938571962912,0.11455369227005241
0.11606134209107377,0.09482155426517493,0.10910950715103364,0.11012483495595916,0.1417814273095899,0.14938560172232576,0.08325349644535004,0.04644940506383411,0.14901283099565862
0.1054291260713688,0.12069925820309464,0.11197195390095843,0.17601615446338292,0.03434211642820328,0.11060330801670366,0.08617631030524381,0.15716226569140587,0.0975995069196386
0.11741672560808664,0.14365021482797694,0.11616832759715649,0.11381641485814352,0.05117751826977666,0.10174460978641058,0.08872233676433809,0.14261720020372856,0.12468665208438251
0.09475767106905512,0.06739357049225757,0.1364282677763002,0.15156828612168596,0.043593180082863565,0.11300807794186783,0.13558973384088865,0.1530804103986653,0.10458080227641581
0.09868815977321188,0.12514937782818056,0.10527443310562994,0.14099269719637356,0.12479594134971883,0.1149224234865114,0.10484669436105849,0.0914533075020436,0.09387696539727179
0.11865888971850762,0.13734226005814024,0.09224789051609,0.15911467542389932,0.06062228834629418,0.0768233317428318,0.0880658786588187,0.15382726346433964,0.11329752207107845
0.10265947848066327,0.10731252881937996,0.09058009478860786,0.10342174794085833,0.20954021808057552,0.0906536263976979,0.06250334197765747,0.13351353777845384,0.09981542573610587
0.14106309997700217,0.0980059656369429,0.11102379309733312,0.1255969900069951,0.056095102721173316,0.10703796760787648,0.10979831152200174,0.127112852372656,0.1242659170580192
0.10805630622672922,0.1172690744802905,0.1038879927693368,0.17461972348948193,0.07240108797947852,0.12427620712261811,0.09909109696575469,0.08826938650308375,0.11212912446322652
0.11395226827944012,0.10200373336696915,0.08538443503001832,0.11645614066155972,0.1780182000956452,0.1318738742362213,0.05348077629420952,0.10593864243302568,0.112891929602911
0.09925378324239821,0.13716300862639305,0.10503111674763123,0.14284470462808366,0.13802396712184456,0.10355803842585255,0.07315701467766718,0.09358620077562697,0.10738216575450256
0.1330169199278573,0.14429059285489246,0.10627525267431694,0.12505865630124932,0.04236075436768876,0.10692771101208688,0.07466768562786556,0.1574059663952008,0.10999646083884194
0.13364160215604173,0.11566731456224351,0.12789007382299825,0.13782071387891845,0.041307800784005526,0.10150294828843576,0.1008125730821864,0.12431972392813313,0.11703724949703716
0.10175370610444266,0.16059437578620564,0.1105350814858886,0.06877938944828116,0.030092587796526057,0.14475239007835208,0.12753544014183674,0.1465568732310669,0.10940015592740016
0.08734755482046624,0.09735316733018005,0.08656861969361206,0.09773490464465366,0.23839175638681923,0.195305463745171,0.06377912104436162,0.05324211783410315,0.080277294500633
0.10423547723856452,0.14175091818316007,0.10337053093168681,0.15430956298870735,0.03301648673995209,0.09521986469930684,0.08323837296171645,0.16334233026481051,0.12151645599209537
0.0998276927324238,0.09358141705305305,0.10929883823828146,0.11745896695502006,0.18152089598345164,0.0912142146838902,0.09800046746743878,0.10606896651005455,0.10302854037638642
0.09497445499369084,0.12345039866555191,0.10986135255376922,0.09482407183211106,0.2136199605657592,0.0995222105604376,0.05276769007335147,0.10249264978928678,0.10848721096604196
0.07803294004305854,0.085923883383121,0.06907339344775122,0.10877154603083354,0.3551292748920026,0.09047989139875053,0.07221054298682274,0.06573096785818279,0.07464755995947701
0.1270386481406725,0.09938241023704548,0.12331179966686727,0.1265481877702141,0.05986427114897095,0.14415013881712713,0.13911063859106956,0.06059528139399994,0.11999862423403311
0.11958525075208766,0.13662545961153014,0.12202232831055852,0.12255438003763053,0.054275644524592714,0.1035556697457125,0.11513267827432337,0.10572213581275365,0.12052645293081092
0.11368797203939433,0.06710223613054549,0.1149630891310552,0.10689943835213904,0.1328828271914425,0.19240220416653483,0.07069011264038196,0.05934082165691592,0.1420312986915907
0.06513185903007536,0.07151127042328935,0.0666468331425097,0.09709906643889805,0.4456290387108199,0.08349870976720974,0.05562485879363258,0.0491989569400627,0.06565940675350251
0.09268333963009845,0.10351633452818361,0.09594641650935613,0.10355614029990438,0.121322480049408,0.08152452470587218,0.20049735797207682,0.105369341112038,0.0955840651930624
0.13325482285412565,0.10240427497468274,0.09200790367186244,0.15979534676583765,0.013077770251093806,0.12037469198962936,0.1187152117908024,0.10729680473871618,0.1530731729632498
0.11563757680380342,0.13866434378845152,0.1045851554327843,0.11169373506670159,0.09378062861697396,0.14257659719643123,0.0696040516887221,0.08038101230977758,0.14307689909635438
0.10928538878715455,0.14319894460382585,0.09523239703585755,0.09539772817674735,0.09739082135537384,0.11406646274389833,0.1164318951734452,0.1340736442991792,0.09492271782451818
0.13997063923577088,0.12506090073823276,0.11324843502815903,0.1459728562959605,0.028327823772430538,0.0958101035114138,0.08995664958867272,0.1297462515220143,0.13190634030734552
0.14114806905075591,0.1134523589011734,0.11509833558432363,0.11217862387549894,0.059929792203833154,0.15514675843844003,0.0949205287764129,0.09499420487728051,0.11313132829228147
0.07294337774796973,0.07601792112480356,0.07897517980183182,0.11864104591099045,0.4028753513793792,0.08315450098875118,0.037091753963003155,0.05658176548167005,0.07371910360160093
0.10544595729722452,0.10187093780040758,0.11045658821277217,0.09897830399799683,0.16999602940570704,0.08704684731209282,0.12019550848597593,0.10000992386938294,0.10599990361844012
0.11131704041867428,0.1064033020782602,0.11113563176552295,0.1278991058816605,0.012320062944521079,0.1178833768575805,0.16594815350301967,0.13789122761024705,0.10920209894051379
0.11377903935796387,0.13273066954311527,0.11492178687478231,0.1381315408828815,0.023466216754773516,0.10160280757750319,0.08510142779972385,0.16533805150822073,0.12492845970103582
0.07727746883092214,0.06984817038058767,0.0906344559089645,0.06704806569741194,0.41140637123245144,0.08981945858601563,0.049224639322628966,0.06418687624323045,0.08055449379778734
0.11154448274226976,0.12399758469935622,0.09191511726269386,0.07844305796827326,0.07418303564958965,0.08746955497158644,0.19297049534579092,0.15009341320085623,0.08938325815958366
0.12806341895250395,0.1302027905962978,0.1171727487578223,0.09726525647315132,0.054810468399577206,0.1085332025354802,0.08989577592490489,0.16116146468574055,0.11289487367452178
0.10058802836713109,0.1011166134423808,0.09901468182555873,0.11238656391958812,0.20986171592841937,0.08917034811622078,0.06996388496469823,0.12373675491654701,0.09416140851945588
0.13122255689586462,0.11946035387116509,0.12896669299152372,0.10516405797811057,0.08794369079170966,0.10734895526822115,0.10292411059066033,0.09547175005899071,0.1214978315537542
0.11360711578574768,0.07787569064195071,0.08832752168267712,0.09608719608635578,0.1799852488249556,0.11048051377662627,0.15645052341836982,0.06095138627306127,0.11623480351025582
0.11353040030541543,0.07581131761014326,0.11015585217428041,0.1270360705679163,0.1481758385052216,0.10928033701053398,0.04508345353746795,0.11742011555108513,0.15350661473793592
0.08756606603165062,0.10963194396877969,0.08823837092738075,0.1553228286691448,0.03887162899070423,0.1610976155392064,0.16983618254802704,0.0894873004327169,0.09994806289238957
0.11580317983153486,0.13266134409844474,0.1327391594220456,0.12252046451947152,0.028538202874622918,0.09247103685778257,0.14410152870776585,0.12027834305870944,0.11088674062962256
0.11326946343463697,0.13599202232553695,0.10194760771717391,0.0940344102471569,0.14429916717531324,0.09724405125767262,0.09793809811983545,0.10211741942531417,0.11315776029735967
0.12643067253755216,0.15710880565036664,0.12086635754117787,0.1257926668968322,0.02484874104594079,0.10000526458141719,0.08471943958124727,0.14141810472097707,0.11880994744448875
0.09101240037415316,0.0983284109928438,0.08066072581401641,0.09586291857275364,0.3725558061184569,0.06623675484205684,0.06485514255789197,0.06182176545071685,0.06866607527711045
0.12343774245062732,0.10629612875096513,0.13603919396462594,0.1325940115338159,0.06406194619887168,0.10604437272487131,0.11033526835107232,0.09554525310889993,0.12564608291625054
0.11269900192056122,0.13071499141462178,0.11923526414522978,0.13792025973187141,0.046113457945656654,0.08984981948517919,0.1061734330763413,0.14872848177239048,0.10856529050814816
0.12135695090567511,0.1318974806420715,0.11775746915856673,0.13527068998546346,0.017696531468439688,0.10997225142038526,0.1106230802568104,0.1268758055656882,0.12854974059689958
0.11493140781061777,0.14483251415556875,0.10541223758985357,0.1176863861848857,0.1661867642165736,0.0861374215525267,0.060998817537602334,0.10085760573181557,0.102956845220556
0.11546607084204118,0.08070647315737851,0.13168416461863877,0.12503433678644518,0.02625851034933845,0.1370169492984483,0.09275578486533555,0.14970397012847736,0.14137373995389668
0.10722215201294154,0.10362125894293783,0.13632019359054168,0.09215108904565261,0.1331593919481444,0.11253715278466625,0.09731839057098839,0.10239659148297393,0.11527377962115336
0.11861748320533562,0.1124238799285499,0.10174079300769934,0.15414363345414975,0.03947980028630429,0.14572175461972806,0.12535765558651366,0.06722422292127694,0.13529077699044242
0.09805412363641092,0.08832683305274609,0.10034964771596322,0.17885732836967058,0.09679988643823713,0.09759167126923944,0.093025015697556,0.1528082778209185,0.09418721599925807
0.14948686714674353,0.10187851731912488,0.10775930637089652,0.12748021204802493,0.061609876411280906,0.1115650594540829,0.14451078837510345,0.07568342670424466,0.1200259461704981
0.1072019669044167,0.12641516105381323,0.1299028835916168,0.10745498247208889,0.04416857292270789,0.12221411610158195,0.1389320502246569,0.11779538062844182,0.10591488610067583
0.11710570218091038,0.08975155525610579,0.09966752674028141,0.16701080141649097,0.052870876996082485,0.13360127595073557,0.13880711995953882,0.047105430238444074,0.15407971126141048
0.12622207591433574,0.15855483003507223,0.10674474302644514,0.12723161229666013,0.021935022248504743,0.12527437233906913,0.11530608165905187,0.08093502616981078,0.13779623631105017
0.13896655909803843,0.07716565003437946,0.1397208041182526,0.11250103495489187,0.06304585654937844,0.12719534537235808,0.07408895266577877,0.14331330900075542,0.12400248820616688
0.12442011873080427,0.13190589993664467,0.12427171695907774,0.11639593209221082,0.07352639774832247,0.10244547061930263,0.08246445243092519,0.12228056880505028,0.12228944267766186
0.11179236085081623,0.1306806750331407,0.12176053918930922,0.13898323817611444,0.028129385608841168,0.09584003629616918,0.10924611987987232,0.14790146661214618,0.11566617835359061
0.07608755159288462,0.09882636770199249,0.0828525567281503,0.08867145165174556,0.35303677133642086,0.08471928896183833,0.04276655534066609,0.07549001087934695,0.0975494458069548
0.10691369109155184,0.16862088395014377,0.1017286567997097,0.10172548278572051,0.07013703820849587,0.09032556897220982,0.13033319423650827,0.10736433302129339,0.12285115093436688
0.15494506009926712,0.1417472274231207,0.11804140088872787,0.11628734986833096,0.05194926598013271,0.14797676303719362,0.06907831867699173,0.056105508647656045,0.14386910537857928
0.11791805223132841,0.08112228513879131,0.13560522665951102,0.14316535735446276,0.029639933081339585,0.12350249433979794,0.14000080819862298,0.090706458108465,0.13833938488768097
0.11732572443431981,0.12864028474404485,0.12479216288201526,0.12943701525015563,0.03209916830564228,0.10759790973596779,0.10274834772379034,0.13567499746389386,0.12168438946017023
0.11797513233783884,0.128048701122104,0.1370010321146431,0.12262435111849064,0.04847303315873355,0.09966602495015513,0.09760092790375284,0.11841275479602216,0.1301980424982598
0.11349421407103222,0.07378599982429672,0.08578901849116637,0.11186959374367704,0.26549173149909505,0.10202192924091667,0.092485404039862,0.05172139721044292,0.10334071187951087
0.11714742188343014,0.09098249645256219,0.07822257806565085,0.11683827561741988,0.2213500501018856,0.09289451163807856,0.04694958151354343,0.12636518819328976,0.10924989653413959
0.13014153904153447,0.0975461703930791,0.1380350448173541,0.11074320538829392,0.04282450142588581,0.1532907905245234,0.0830861120714171,0.12260563559642101,0.12172700074149108
0.12772046420916958,0.09524180340223358,0.11595254401966797,0.15391790676489944,0.08050567728651568,0.11296872008398251,0.08281042624085584,0.09491530032922442,0.13596715766345094
0.13521106433773272,0.14974895559597398,0.10550718225590226,0.11063904456516993,0.06489211512985596,0.10826578207431337,0.13041670861950286,0.07609327726016792,0.11922587016138098
0.12506553131202494,0.12711752811537438,0.12792271971634475,0.12263147279657845,0.04161286091344288,0.1563928967584867,0.07267465782339473,0.0913649928292698,0.1352173397350834
0.11038782668025393,0.12667218269719435,0.12420564112411435,0.11738558543596102,0.04197141803770648,0.10857507127247044,0.09070516000265028,0.16049947997530253,0.11959763477434669
0.08189440193151447,0.08679224708042725,0.11628050924363986,0.13668277894731018,0.13145974144091785,0.12150583705252743,0.08451137044936612,0.14164774318649456,0.09922537066780225
0.09366444883431128,0.1029463182783268,0.08514743392505182,0.10480751682974336,0.16878085672390242,0.07352943441888289,0.07611347450271388,0.20581950700824445,0.08919100947882314
0.10692642264491475,0.12595749872117037,0.09578830292003994,0.13110794887371668,0.02740996964171515,0.14810326518718875,0.124277472632591,0.11534356390190541,0.12508555547675795
0.09773059838948368,0.09643051054691824,0.12108577416626377,0.10027421067825,0.17228630517600754,0.13643815505139698,0.06370721645522942,0.0935001443065359,0.11854708522991449
0.07173687178327955,0.08220468303382696,0.09293697140508743,0.1286589056275028,0.1636640780797832,0.08214567134759136,0.10427685303641511,0.18433034866302103,0.0900456170234926
0.09643188004862914,0.0983319416741489,0.09753122131675264,0.08711093730641949,0.25220705847186614,0.12310043666973437,0.06461921800339464,0.08290190763894949,0.09776539887010509
0.09418119120021336,0.0972658085660109,0.10350597655370304,0.12611896671809228,0.21412164452702362,0.08104181469632667,0.07130865059556211,0.12826606719277936,0.0841898799502887
0.11470328426345822,0.11086645974816574,0.11524493649505378,0.11662339716596508,0.06737722889266873,0.12476541693098848,0.09118839278321463,0.14867414648065838,0.11055673723982694
0.1143223639147799,0.10670769324118111,0.1316668987908208,0.1397814288621669,0.022343258823966716,0.10917169627852423,0.11680712313020168,0.15336028626935172,0.10583925068900697
0.11508102793167657,0.09868385881555913,0.13079420613013418,0.14181003297840178,0.020348243434379593,0.1478614390620875,0.07776984349640913,0.12874057175012102,0.1389107764012311
0.16952911890378808,0.13759579514318052,0.10001502097183729,0.12156740379408114,0.04749989511930979,0.11356068767469636,0.10028673911850639,0.08921366192968445,0.12073167734491598
0.11459910542932117,0.14841204219425516,0.12210106007246573,0.1339362312349458,0.06252785773250828,0.07817709540593129,0.10259113243581049,0.1190613244553888,0.1185941510393733
0.11992347040842055,0.11969631487633442,0.10360967904290742,0.14971856185092827,0.149806461500719,0.08940697818114322,0.08643947712347365,0.07652812081558029,0.10487093620049326
0.14495463007686127,0.11401282202722192,0.1345546841978046,0.10604861703278647,0.05868567763254872,0.11405476249785944,0.07527186977601802,0.11714582505708805,0.1352711117018115
0.13989588172376755,0.10331577447161217,0.10829037088127708,0.14408437026200316,0.021766561339526178,0.13756759028760304,0.07140475439441445,0.10525001508693975,0.16842468155285661
0.10876319872153777,0.09659537644504364,0.11383543010275056,0.1332056642344648,0.03977244239117112,0.10117294611131399,0.17719380415159716,0.08734767572501967,0.14211346211710132
0.07818715140500095,0.06049724250192212,0.07270629424639778,0.0732822093877082,0.46250428095857127,0.11676321902052789,0.04741108233069064,0.018770788913071917,0.0698777312361092
0.07980971914736956,0.12355176538525096,0.10526620352236087,0.09234315382906318,0.13785591356648247,0.0839980635692455,0.17738621141777855,0.09363644737667974,0.1061525221857692
0.1267661925988769,0.12457132690031535,0.10951395655467827,0.10579784121598924,0.15587897523039798,0.10897671419267728,0.05431846063435249,0.08294769639529435,0.13122883627741813
0.11705540622592912,0.10388010800644369,0.13574360995010382,0.09463860618539766,0.015709969957454193,0.17149089282346922,0.13733310068688578,0.10682402925161692,0.1173242769126996
0.140541592914234,0.12394433927633103,0.1054362605329876,0.11996820897167441,0.03614588129859655,0.12197368093090184,0.11150386046569893,0.09911726798548644,0.14136890762408916
0.08710467911140234,0.09798153448102771,0.10891382606565826,0.10387914089717037,0.19764089695787454,0.10994409639189189,0.08736888968850948,0.10397489241514808,0.10319204399131733
0.08906635146153513,0.12792597250719173,0.0912478184681572,0.10282914582548965,0.2263664965352643,0.07828203494822399,0.09407659937322864,0.10296591641185088,0.08723966446905847
0.09248727129211488,0.110167298546461,0.10717818773073877,0.10214740848973813,0.14365824512127331,0.08331765599252745,0.14770948437158737,0.10163846736762346,0.11169598108793562
0.09651882242694154,0.1660926349506293,0.11969155885565452,0.0930485203145393,0.09496600868596712,0.1257070570185492,0.08376887123222514,0.0968378746596994,0.12336865185579454
0.11947615188775024,0.11972921968442866,0.10172962391545948,0.11042229483553079,0.051833151842509056,0.0989556271104008,0.12006607489294373,0.16329005028114715,0.11449780554983009
0.12110849614708337,0.14039093823116042,0.0944497482965808,0.17962365997453214,0.0222953858908964,0.1131269334254593,0.0727379747056066,0.12995968049914505,0.12630718282953593
0.10433811786241841,0.10700760944426357,0.09298135305940004,0.08848964800325605,0.22897119999033708,0.10697344455645912,0.09993646903307873,0.04715192218211647,0.12415023586867048
0.09587627355217827,0.09924272212194642,0.07349728803664037,0.1024607904761211,0.2577918683204288,0.09444789291555822,0.07466781695634743,0.08079634024989037,0.12121900737088905
0.10895031441126461,0.13115878074458653,0.11042651008201497,0.13255247406544152,0.016266264190011325,0.0956605701621847,0.09385746500003385,0.2044881845834656,0.10663943676099687
0.12558149317862718,0.12335655716340439,0.13310723664343063,0.12294285308311877,0.04969248270528706,0.10645710732591492,0.09605300959941622,0.12163163559621727,0.1211776247045836
0.1320917761002495,0.0890125273056566,0.09452505145349249,0.173514784004995,0.07789389395854299,0.12873620828631183,0.091048895462229,0.05633592690932606,0.15684093651919662
0.10644153526443428,0.11037038157687261,0.10293735356105767,0.0932574949629414,0.19345958915517347,0.1125442366053916,0.07718313353545037,0.11067720915874384,0.09312906617993477
0.08372897380171578,0.10194251718797669,0.10472828147831416,0.11901842246266264,0.17010015640414955,0.07705151483815655,0.1345902738133861,0.11471994814535563,0.0941199118682829
0.08622928412522148,0.10675971707027054,0.09044792045183787,0.14464809438544166,0.06312022207553251,0.08498014172855702,0.20165259177246186,0.11526588918648374,0.1068961392041934
0.10485771575015335,0.1343895917570763,0.10419753337247377,0.13712957303426235,0.03700743403707433,0.09260162451295233,0.07821217641720347,0.19838585885158302,0.11321849226722107
0.13463685319864596,0.07597806770901498,0.15981044769450012,0.09589581364395013,0.11187021699900429,0.12541693119131558,0.10848749969197602,0.07946320070073196,0.10844096917086093
0.132867699031834,0.13960532049359145,0.111853094072838,0.09585008994061929,0.06492621780606465,0.12381157701498757,0.10602973372404399,0.09108089549825209,0.133975372417769
0.12424971486888803,0.13651261212684676,0.09977050467375541,0.12566399067450806,0.07140326778631617,0.10873295549071832,0.08856331832011403,0.12097197319865909,0.1241316628601941
0.125408280492386,0.12753773579447272,0.13049234976615184,0.1332682572719257,0.03931830814996964,0.11011594145174948,0.1332071027690042,0.10100526931679532,0.09964675498754509
0.12716738501770972,0.16296910334618644,0.107922575247437,0.13653560558621758,0.014926533747996606,0.09491109294108352,0.0980699145540289,0.1395620957899845,0.11793569376935571
0.12040842107165523,0.10383046427421101,0.13537637707746777,0.13793257243672533,0.0564784918209723,0.10400766478059136,0.12072367945859626,0.09062306322951987,0.13061926585026087
