0.17562819002593155,0.12769169159114516,0.14288327308102405,0.10111888295965475,0.08200358641765292,0.048143646229811314,0.10695734292352642,0.06836024268590563,0.14721314408534827
0.08819661142531858,0.0989936103666117,0.1056397365840853,0.05733234933229106,0.25836036025612935,0.043101361319165477,0.0957465432622211,0.12335992060705896,0.12926950684711846
0.14136929155204145,0.10904651457750092,0.13182922112884157,0.1048199880402755,0.11550409862112193,0.06258430030103292,0.08474141101735351,0.11416006803274936,0.13594510672908286
0.09223343774945353,0.11404757641584433,0.10934483982347044,0.11555911323226925,0.1999183384588461,0.06945107291724763,0.12019856529516859,0.1117140894541661,0.06753296665353407
0.10223171639596591,0.14158316045440525,0.10347915374045162,0.0936000246524038,0.06882231641403903,0.17294512061539194,0.16157029814658974,0.0454942360989401,0.11027397348181263
0.13136274188013206,0.1340296909615574,0.09262787831342574,0.09152010607286531,0.06962581259837354,0.2281062395781616,0.08704955617730552,0.0782013264232753,0.08747664799490346
0.10412858158789216,0.10538888601869943,0.12814195033896114,0.1396377357960988,0.055410351624997606,0.10393003813012965,0.11884769178209313,0.10978561039537693,0.1347291543257512
0.10002752142513333,0.10234716310056434,0.12892715918088798,0.10230234333390857,0.18267880651224547,0.08243813634561638,0.11471647488988289,0.09000051514674978,0.09656188006501121
0.1023918872360342,0.12813262122944225,0.13153548958919142,0.08775857483721329,0.07569125882129164,0.08021355238820506,0.12436122488797786,0.0814593590853323,0.18845603192531193
0.09999556271333924,0.14184387841556373,0.09564689148880005,0.09217191262544343,0.11285436025358682,0.10318379415196953,0.1151144470809562,0.18714273211737767,0.052046421152963374
0.10089504020715745,0.11351963992095904,0.12361543695633219,0.09268817303808381,0.08511326330254987,0.15862854945526192,0.08725388885659362,0.08333929088246213,0.1549467173806
0.09754591538599959,0.12420001889693415,0.12165647127207103,0.10599911521432548,0.04233523391448193,0.08821286228959613,0.10733497693757121,0.15008800906294636,0.16262739702607412
0.0321888288322228,0.03976393791753718,0.06910175073974241,0.039333721468816814,0.2982926195975639,0.3294845873955479,0.0712200153370343,0.08602871890151283,0.03458581981002182
0.12240178284011138,0.13702305910527154,0.1284050147820429,0.08003211590350179,0.0898281828750197,0.04011122213723112,0.13771941084697573,0.12807187521773492,0.136407336292111
0.0864225453516298,0.11923942031066119,0.11149658444477263,0.05891182730838788,0.09573223889947195,0.2998183286035068,0.09834400125005764,0.0629700440726518,0.06706500975886033
0.09472419206840814,0.1440599197816563,0.12621581323814063,0.1006408393152022,0.07315261232239166,0.06224444035254582,0.15575447414990795,0.14612808273175462,0.09707962603999266
0.13479030761481584,0.13051807283390152,0.12381642080192345,0.14459139795976728,0.07899539854389305,0.0656004259173565,0.09347844219946984,0.09669737488827139,0.1315121592406012
0.12372532129069612,0.13247207362781457,0.10537109275952834,0.10584583431383938,0.1329992016041948,0.1079927766588472,0.07178884720232724,0.11032567912149081,0.10947917342126157
0.11244102397952617,0.11637219131908512,0.11401087101479639,0.12242148778140534,0.03934856300002679,0.07736707899828328,0.08453862427401682,0.14289772418573668,0.1906024354471234
0.13019207025418728,0.12765656597187205,0.12641818860860585,0.11566269234346312,0.05193546775825775,0.0572525387876941,0.0925039226397552,0.1242005550685854,0.1741779985675792
0.10669346382826111,0.12451460607472327,0.10463787429896791,0.11006465401715937,0.09421518438588623,0.061795754879179654,0.09462924780917477,0.1748114752194593,0.12863773948718832
0.09467619351921397,0.10913738234200843,0.1172613998006085,0.11300448784994521,0.06867180833218815,0.17116721849509473,0.1026198749895802,0.0553199662943924,0.16814166837696845
0.139705522680476,0.10705015454444015,0.1372291973485804,0.13771670011505643,0.15778725109177028,0.10812515914043273,0.1242233511994671,0.03159963211305409,0.05656303176672281
0.12657598475316012,0.08105450302226452,0.1129271671944998,0.10351461022304716,0.031387975624370394,0.056038098903288515,0.18093665517244698,0.21964192170864683,0.0879230833982757
0.13538765368761338,0.1334690332477139,0.1311764847934139,0.1226056589000087,0.05016608099285189,0.07598594382253993,0.09797140062636482,0.08267733855923359,0.17056040537025985
0.12675942681833088,0.10665207156100039,0.13631456175844608,0.10458557574234585,0.10293010576032006,0.09856710567931733,0.08385298219767283,0.06236185556015006,0.17797631492241647
0.10975280677018233,0.14108824670913286,0.12099891494050453,0.10943954899322335,0.11502987122821216,0.08774569499548439,0.09383945567314582,0.0797801015204691,0.1423253591696454
0.15335424388271224,0.14482295850235058,0.13967808203989143,0.1009288110012796,0.10518264393234171,0.076149113819416,0.1160334684203655,0.056307671061321944,0.107543007340321
0.07858899521940235,0.11003521885133005,0.11607704353523977,0.10825147851156179,0.09717136166526102,0.13408178800678602,0.11367755022127225,0.10381249051841113,0.13830407347073553
0.08331808399657721,0.1289004397231249,0.1024092790756979,0.09072631919645387,0.19478300956437308,0.051411396631391666,0.11246444055990566,0.10294544763142917,0.13304158362104668
0.06786314379903614,0.07508378678606924,0.10606026804730438,0.0773439919883564,0.036592592101823335,0.21827101461911358,0.16121876301560145,0.18152282997374572,0.07604360966894963
0.08188866125165509,0.12014516743617391,0.09519674147082365,0.1372758881662393,0.13225605823386388,0.04526075136231305,0.1131443272582533,0.17674079840062537,0.09809160642005238
0.09272750165922101,0.10912176713116671,0.08483703191082205,0.1158397724956952,0.21840538713348334,0.07885484823345726,0.09858522026418857,0.11856116987677699,0.08306730129518884
0.07192755762489544,0.12918201810874555,0.0918980839660748,0.10778232386286181,0.054735279899379985,0.21370095587088997,0.06510429388707645,0.06401616509007578,0.2016533216900002
0.10594557468336148,0.19097327559612412,0.10884289762390002,0.1147627952343389,0.0726356415367813,0.08204410277605154,0.1389408950406675,0.042087170314111834,0.14376764719466342
0.08981404590107571,0.09324838774385785,0.08982947624779386,0.10740416601828136,0.04764185873420653,0.2235275241429224,0.07172005379544392,0.1860415566564296,0.09077293075998878
0.13711827890558667,0.10888507912663022,0.13293295717727802,0.11581009397397697,0.13227110087824842,0.0642883873169343,0.12473711922644597,0.07527249258012116,0.10868449081477832
0.10497267582395653,0.11048448650539555,0.10841244514955338,0.1067250834475208,0.07242200473500075,0.16154670284473593,0.08057690941070862,0.07150973885266747,0.183349953230461
0.13908767318391813,0.09203281340800666,0.11854856847031044,0.10588779653563962,0.1465624959787923,0.0844699269120539,0.07329164766532505,0.1332642166568748,0.1068548611890791
0.1379677634404458,0.1614326428229272,0.10579666798048482,0.11897292334339421,0.1072393784497322,0.0833445686199537,0.09946395669500725,0.050700276661588856,0.13508182198646587
0.12015660350175039,0.16563514919020314,0.13455092353429512,0.12160583106055484,0.07023930553366468,0.07803937896127484,0.0907238787086606,0.08149983312456774,0.13754909638502863
0.14390910261961232,0.14119724487885973,0.11697836152980608,0.10263193794887793,0.0596147376210689,0.10675997355935991,0.07102776120596699,0.18091982511746507,0.076961055518983
0.09710901142995847,0.1557315595970494,0.11451070679585561,0.08427397336847565,0.16264572524291776,0.06523998302379497,0.13172642891799302,0.10760963183560113,0.08115297978835402
0.10885329214447659,0.10849967328978345,0.16510015514135282,0.09466008482072363,0.11637233275019288,0.07891047132676933,0.12374156334810991,0.11260930358141762,0.09125312359717379
0.11316387100342318,0.11840934900418876,0.13059062479220077,0.12771338334278612,0.1007105627032155,0.09976339225598896,0.09772753268314045,0.06590074487605735,0.14602053933899886
0.09832904035274215,0.10135387459574889,0.10740098797246599,0.10179690602693421,0.07522447560099871,0.1781847344614398,0.10203220670446607,0.10040652725743354,0.13527124702777063
0.10888970243821879,0.0411249133483125,0.08558558309666048,0.11432391297878053,0.22854459124021428,0.16476939802651577,0.054584230263784894,0.16160767203940507,0.040569996568107745
0.06257444604896799,0.11383192782719122,0.08874439260584772,0.14277328707874956,0.0942146780929674,0.10771665720507723,0.12564057837865525,0.05822103468990677,0.20628299807263692
0.12939332038765497,0.12378501495644505,0.13564031618520858,0.11455369744002443,0.08176212284993935,0.05034175479461119,0.13353684560756496,0.10224831168982361,0.12873861608872786
0.06900814399477591,0.07502784408745533,0.11250098833291301,0.07828958125233847,0.16973477851032479,0.19341317059954108,0.12756073030037005,0.03554051676369958,0.13892424615858176
0.10400386759064567,0.13741465802928096,0.11830444063185365,0.08706548458255237,0.26643829308133127,0.06894746188457689,0.08922035970073339,0.047663758082992926,0.08094167641603289
0.1662971617182466,0.14095225288979532,0.12011448536884878,0.10458351699048059,0.0785510688042989,0.07002071783064708,0.09446125979156668,0.09767763189472208,0.12734190471139398
0.06626764846116588,0.09906294339155154,0.1141225038410791,0.10246129700383515,0.2071828448421373,0.11196562613463527,0.06690334291358989,0.09095012649495325,0.14108366691705268
0.10610252712422341,0.11829138162119102,0.12392933137972513,0.12212544546188504,0.05895527372726731,0.11623985905878202,0.09109677158198316,0.13424464060959815,0.12901476943534476
0.11286956010064635,0.10527105018287221,0.12647351638718413,0.12410173005172508,0.04154632335127339,0.07632331797657639,0.13305114226928255,0.1368063418050491,0.14355701787539085
0.09678395892542642,0.10359658319539379,0.10054721157551018,0.12394292148383083,0.053335242498636116,0.18375371186557676,0.1382777351383537,0.06420362779391015,0.135559007523362
0.12675646720386288,0.12198299267402475,0.12782836187882618,0.1260842717468423,0.046255233104075054,0.07571025041390535,0.1337236863917879,0.11104402299759131,0.1306147135890843
0.15555187398092704,0.12054003402649006,0.12175505116821324,0.14428056684390134,0.033522937942679555,0.05582762971601341,0.10042786914463782,0.1402602167517899,0.12783382042534755
0.09703009772320659,0.07354921166451217,0.12545238379917295,0.10024913392761992,0.0588406515017642,0.08106606105558263,0.1596739796837576,0.05510978949556563,0.24902869114881834
0.12003296865509776,0.15481221934893014,0.12132304892795093,0.10635382144704986,0.06579258422787586,0.15463834301534374,0.07069195682230618,0.0748195832193444,0.13153547433610113
0.11639055928696902,0.08094406001092425,0.14247900208588826,0.12282759788375876,0.07861761525343314,0.08592589344330143,0.13270505027557192,0.0701387042572131,0.16997151750294012
0.12216953275539137,0.12857749226507562,0.13739617835336657,0.08056987856119326,0.054882838479378776,0.11228602406053469,0.11144979439514292,0.1281381597763918,0.1245301013535249
0.13148928339729643,0.10343515159387189,0.1300494371447946,0.10308173212497514,0.17215945923071382,0.04210118624394219,0.15878974851445973,0.08089328161607585,0.07800072013387035
0.13067065402337766,0.1547454968780226,0.12751643016100744,0.1268895724415476,0.08219939019864446,0.0641869433719247,0.09368774992501401,0.08852904996076268,0.13157471303969892
0.10484059870691509,0.15799208668002923,0.12895055427966148,0.10236020232400306,0.08189691266189525,0.05398456696621017,0.10011829309581417,0.07968657852122148,0.19017020676425003
0.1407818049472249,0.1291696722099828,0.12486984863629824,0.12437326755164159,0.05330804855107609,0.12290042316305412,0.10183403227514258,0.06357463696689362,0.13918826569868603
0.13920574194473015,0.14304781477049222,0.12680718075850694,0.1319536195058367,0.04325424590605722,0.09064407897021727,0.09015010732651524,0.07655372917426916,0.15838348164337515
0.07906975270326189,0.12281456638491074,0.10968782724173594,0.0718094866374664,0.07831684946888631,0.2788046319814471,0.14663988768058722,0.05140896144019818,0.06144803646150624
0.10133610444998349,0.15201338620655583,0.11382694995289276,0.11349309413296844,0.07258678464188778,0.10555154581603872,0.12633048339489575,0.08464330924800163,0.1302183421567756
0.14913959047177425,0.13703141878545608,0.1287394262631004,0.12667189562627226,0.09379566075184376,0.06607152438091861,0.1184511041368339,0.07173561289524484,0.10836376668855592
0.08606783167474259,0.0720555383404372,0.10508353691445406,0.04950879831493823,0.17082732718855,0.2846839983265654,0.11359927196310649,0.05380045151097396,0.0643732457662321
0.11396550568917473,0.09054790270348294,0.12080174647118734,0.13274404815378837,0.09348333830337241,0.0804967381651354,0.12124392782087963,0.13832659691461663,0.10839019577836258
0.10737621544469966,0.09603140002197881,0.12080686745525444,0.0937737445424514,0.13562055732940972,0.16720922372079253,0.09720206753401052,0.0735343181273219,0.10844560582408087
0.17233263466467164,0.08469343353886309,0.11097547940602998,0.12638251484112242,0.0941602510597513,0.046190847219947255,0.07389359736631279,0.0947152246445449,0.1966560172587567
0.12027249005482323,0.11093364109148089,0.11094956473025135,0.10578698648422642,0.05623902677448447,0.07429868752439334,0.0797043575938028,0.2017993366388228,0.1400159091077147
0.10896819256003848,0.1273771554671064,0.1260821217823196,0.11227838964305235,0.1203810907621435,0.08917649720737518,0.187303995021764,0.05355739240150551,0.07487516515469489
0.10793670510805502,0.145231149991475,0.1276807484690103,0.12837053885535188,0.07907359382194803,0.08214960038041823,0.10511817503886008,0.06656612569589164,0.1578733626389898
0.12833538525768615,0.12570830692966004,0.13011445994496887,0.13867217080448113,0.0676519725401437,0.10711044050727636,0.10062196114450868,0.06401703240140551,0.13776827046986959
0.15888637243713025,0.12113495044554838,0.1361820615974438,0.10949637028414781,0.05933611492148213,0.08279083360404202,0.13110618736344706,0.06856977099064492,0.13249733835611371
0.10968063927362404,0.14519983980328774,0.12697690708299308,0.08262415469452151,0.056756682990771835,0.057417574256368474,0.13803344172095963,0.16366022716625472,0.11965053301121893
0.14259016898995483,0.1270831656520294,0.12932564545784359,0.1333245631672008,0.041876128408222656,0.08111046165440945,0.08862137788754804,0.1341064212458394,0.12196206753695198
0.10962300574030427,0.11720636833287212,0.12652697449722553,0.11250658594910945,0.09529233592530907,0.0629609554682345,0.1108343633401248,0.14867001454477866,0.11637939620204156
0.1328985376511282,0.13447041365333437,0.14483093164400337,0.1075611568730133,0.09226540594739772,0.09319819539528527,0.13399051953276234,0.06956320556636862,0.09122163373670682
0.085399631794085,0.08624165248080747,0.11383756089601949,0.11403904315601902,0.10679349050262864,0.10904295117220471,0.11235496004807444,0.11747376060570963,0.1548169493444516
0.10213688165350043,0.16948745416195918,0.10596162455261726,0.09823309442675787,0.08638121673492204,0.11233927790690867,0.0969756418600516,0.10783293027725603,0.12065187842602693
0.1330747799742368,0.13456182778197737,0.11771624852351552,0.118976460247963,0.062270383404656134,0.09329155769329685,0.0798229876953429,0.07525634823525851,0.1850294064437529
0.1122586709543354,0.1301774615744635,0.10481243691434006,0.1164159520369697,0.15319091284860026,0.14832238790151117,0.05856491444250567,0.095835151103776,0.08042211222349832
0.1581594544070409,0.14735755618733218,0.1403817775773866,0.11752330977932791,0.09113515898648439,0.0363103326694649,0.1384130207320596,0.09157283676308832,0.07914655289781529
0.14850488749403354,0.08773019832587677,0.10891960462481813,0.13996088893461858,0.14504576094061464,0.0807851370216585,0.059211364397770055,0.16977057481965904,0.06007158344095078
0.1496901815916545,0.1362314742167553,0.12617458992523936,0.09500014916711157,0.07246162884549669,0.08960628120928689,0.11702505429554104,0.10031241922188729,0.11349822152702736
0.1465612897625881,0.14933818240996252,0.1140899993157049,0.10025165962322369,0.10306301132175583,0.10932166895322197,0.10162440139060608,0.09992918515961331,0.07582060206332365
0.07029607298047143,0.05708781864801695,0.09956763110482286,0.08297260115892163,0.16820041963681684,0.287843726274386,0.07525869002697416,0.07107962540743477,0.08769341476215546
0.1390513216092577,0.1290369084669026,0.12156265905707682,0.12645569983121724,0.051976947929559224,0.06311211986558479,0.08262497034269005,0.06338251079330344,0.22279686210440808
0.10462657972932295,0.12275142607374616,0.12258057552509889,0.1167376360180858,0.09742958404138784,0.13879642259073802,0.08537319498162332,0.11654688694215791,0.09515769409783914
0.10369806070593335,0.12828954176604243,0.1131690109482955,0.13374157696827016,0.07224180322516568,0.10423906061924577,0.14840118736571498,0.06645407303188579,0.12976568536944635
0.11619441810335678,0.10868714542189678,0.09559777570408089,0.0977192996958378,0.050444149036183085,0.21928955293559202,0.08749732748250187,0.12324473594942804,0.10132559567112276
0.10543651662755815,0.14360035281026054,0.12653048778953094,0.10121237147349753,0.11887376285295352,0.08427446395104048,0.14140187791586842,0.0465093479325036,0.13216081864678694
0.11364909912126452,0.12385835932908007,0.11716936495190146,0.0864606230871816,0.06677613343317228,0.11465791965407668,0.08972148149398701,0.13081858493672868,0.1568884339926077
0.11894495590271172,0.1765770582410124,0.13552049727157545,0.1007761195262612,0.04094928711281428,0.08585052261630714,0.12197437499547391,0.07172964683310623,0.14767753750073764
0.1760157681388991,0.1410449237660674,0.13573989815214293,0.10124673581795403,0.0512088146905389,0.09702938053124686,0.08978099313760635,0.07967507708585093,0.1282584086796935
0.11813725265127493,0.1683170695650212,0.12470415149602748,0.10794486559760935,0.04139336271061981,0.05593676378228366,0.16593678733527245,0.056240228892673834,0.1613895179692173
0.1499123782223827,0.13734405754542822,0.13818553828878968,0.12731861100158878,0.057994764471732574,0.07320970377807202,0.09668231528532444,0.09532008908916394,0.12403254231751754
0.10116441892563856,0.11065911062122252,0.12038702047952114,0.09927282075657806,0.04086101093989733,0.07778266008906454,0.12949842005721454,0.1636129069589187,0.15676163117194464
0.12087396638438706,0.09447895277635236,0.10609082128709858,0.1450597453039553,0.054182212181721943,0.1257573277666377,0.08345633505089717,0.1605229656078757,0.10957767364107411
0.10890814599921599,0.10760316346764816,0.11631507448407641,0.0927702597122515,0.1174647119607866,0.07372531757724177,0.14342077598995792,0.0813579931440604,0.15843455766476128
0.14998107629752408,0.0979635605252633,0.1268124168831859,0.0996052886812514,0.22421658014469878,0.09697995348068596,0.06652715193166471,0.05149898975609305,0.0864149822996328
0.08570791406394118,0.13494854062124817,0.1264213494403418,0.07699818254227309,0.04937891520258466,0.08410576802376117,0.1484795058610069,0.10346514770973286,0.19049467653511018
0.1396728411897903,0.11418634642611823,0.13053450140222347,0.14382179959601413,0.0996212106201068,0.09151060872159485,0.12245612816762917,0.05981921547340593,0.09837734840311711
0.148416995262053,0.1375306496691779,0.1303788818940724,0.12849509511394827,0.06390086033856705,0.0674753423299626,0.08980844955151888,0.07870418384848982,0.15528954199220998
0.25066922993217783,0.10210623129777456,0.11892801844571543,0.10350046688010817,0.06073633291034921,0.0623786235218699,0.08171310276296603,0.13161081844968772,0.08835717579935125
0.09637637770532331,0.08006636811265176,0.11552717826589043,0.10823863301093999,0.12468159537198609,0.19141013798140105,0.12036098881435113,0.08378300888086947,0.07955571185658676
0.05493160378667131,0.07088228065363314,0.09402845693472857,0.1352409195364326,0.17562129786411793,0.25505751653930586,0.08477982532223849,0.047638021475336155,0.08182007788753592
0.1742764754766266,0.11422106546090889,0.1175134595066122,0.11198666275369379,0.08978806424427786,0.07127777882964437,0.07939430834036403,0.10641420195852253,0.1351279834293498
0.09999252445990275,0.09873594706110227,0.13144173666440065,0.11096688058161269,0.06749586413385097,0.15832224247712576,0.12707545205237017,0.08546952105499872,0.1204998315146361
0.15709472953840417,0.1285751583984932,0.13211132013274132,0.12342375490962328,0.10544870127546324,0.06573347723461191,0.0859906359618876,0.0635294800789755,0.13809274246979986
0.08962096978328431,0.13574864202409978,0.12618312624863032,0.09956608432592551,0.1863053317878496,0.08485086052915225,0.08465860052845342,0.08161260179302109,0.11145378297958379
0.09151168529736729,0.10621628054317506,0.11228372108153438,0.12878137623278083,0.14429079233555414,0.05204680426979156,0.1176942778211919,0.10129868200634062,0.14587638041226428
0.08839042137609311,0.10512515748407297,0.12339745795470754,0.0961039551376824,0.15051708219308602,0.09295625731196859,0.13517655752314697,0.10251388872425098,0.10581922229499151
0.08422361889273307,0.07726579370005605,0.12360125267068056,0.11752830108660235,0.15560079071333097,0.11313446132318405,0.12012282433358575,0.133599393793722,0.07492356348610517
0.17783566779491775,0.13038610371058715,0.1318584016327569,0.10907187972686032,0.08815748157568447,0.07084530543851046,0.1477625537267289,0.02762596181131459,0.11645664458263956
0.1387613706172892,0.1473376893198447,0.13046620969191958,0.12159507159094109,0.04107620219569266,0.06381359829847809,0.09427010581597876,0.08345983705691695,0.1792199154129391
0.10037198543705583,0.15552576811920524,0.12987654613297833,0.09756353666880997,0.06626825805552268,0.09316381858091694,0.16005374634417682,0.0815465194311678,0.11562982123016637
0.09523215025994204,0.1342344787696278,0.1152142699958346,0.09010157843547241,0.09218899092245196,0.11087058281163036,0.1509526433068965,0.09926247608597977,0.1119428294121646
0.10270936398263963,0.12163589827332372,0.11330797646356978,0.11330167102917783,0.0734419574806315,0.16514694080977715,0.08955111072186445,0.11931988365201673,0.10158519758699919
0.09891170351953495,0.10480724340225252,0.1249875423008381,0.09252155039461762,0.1863049640047817,0.15107299171637745,0.09435287011142113,0.04256572081780679,0.1044754137323697
0.12395462287635028,0.09478255761252767,0.12325384728892474,0.1231960171799369,0.16249635990518166,0.08261763848302199,0.09824889626293097,0.07373652171623933,0.11771353867488644
0.10470284546015567,0.11775758118335485,0.12801734881388646,0.09856366209826393,0.050272553452841394,0.036665285497473554,0.12204939527307085,0.19212594462151722,0.1498453835994361
0.11071214182389393,0.12862913895729067,0.13499269139279568,0.11334047931765896,0.10507603610879097,0.159640032401262,0.09531449632841693,0.07229893363559552,0.07999605003429532
0.14130599712624156,0.17577783332288444,0.1233945989527487,0.08394949390687667,0.15621273808406452,0.08443055936229606,0.09888452694813883,0.04061567050607021,0.09542858179067905
0.1299737953975172,0.10989510378700201,0.1045505697468742,0.16280796749560641,0.09956927367791413,0.13255433280310028,0.08326842233626193,0.05388080464817854,0.12349973010754534
0.11413841561040632,0.1223873054667941,0.1057788296510518,0.12294502418943758,0.19454236361755542,0.05163803393402187,0.08686203028353391,0.11473071306650982,0.08697728418068908
0.10373415839551753,0.0977773810928688,0.10971027644101376,0.11780180775609002,0.0604470236064204,0.060617039003392104,0.09182030139710634,0.18581970399172168,0.1722723083158694
0.0920151778788408,0.16477567276828223,0.10277323976498605,0.12337484166139821,0.03493289534659461,0.07225452866658909,0.10668907912506871,0.14040441188166308,0.16278015290657724
0.10873837564834654,0.13569007879346925,0.12635372815660653,0.13042378132177854,0.04914196000053076,0.060604606238207646,0.10880740703102909,0.07014673302716211,0.21009332978286951
0.16736622328118056,0.16654160764370274,0.12413429831027566,0.11298786775364267,0.0575064868712889,0.080042218900763,0.09051674668869199,0.07763585380407095,0.12326869674638356
0.09231774917006423,0.09410974584600222,0.0900712650741412,0.07495656106106509,0.11766412902541434,0.09239611502197652,0.09215269534052878,0.23832007774730846,0.10801166171349913
0.09390323337383455,0.1005397748996869,0.0990194863973856,0.09061123942884632,0.17027664052206873,0.25502772931203993,0.09885299570594773,0.040275232550326376,0.051493667809863974
0.14610855027550254,0.1236351249911581,0.12180268859270015,0.13365476878490323,0.06628911262698185,0.06305870670838103,0.08241513141940544,0.08184020484971961,0.18119571175124805
0.09177608318551793,0.11296764916119979,0.10781399601506682,0.08842226314199302,0.14532083512016183,0.18315578310529132,0.11080640202107116,0.05459482234552954,0.10514216590416858
0.11789175085218602,0.09209559909408382,0.09984770576394071,0.11244101473606322,0.09930709035730734,0.2003917360479942,0.11369500916017679,0.06415566826220097,0.10017442572604694
0.16377095621601154,0.09736326570021213,0.13838573560429365,0.11088937149151588,0.11272295018190433,0.06675545183864266,0.09065433102164111,0.121200443397786,0.09825749454799272
0.1527424072821579,0.12277651869948732,0.11699599259661286,0.10589843432197876,0.06033776398993327,0.06495604335917687,0.12976312483306995,0.13094399594907113,0.11558571896851196
0.1280123772347496,0.12472035477851591,0.1331135423243062,0.08724028166474895,0.0686861498466864,0.04946920107697497,0.15108282851230612,0.08342512055827682,0.174250144003435
0.17989129889697472,0.15560448603429627,0.13796725730115714,0.10351300484966601,0.08097218573388792,0.04970544282929973,0.09507627141173025,0.09204489154752878,0.10522516139545919
0.10437757129527749,0.11916266832179308,0.1304380041142841,0.10472433587545442,0.0937218912038878,0.09274971274324524,0.07474099320528436,0.0890519734648172,0.19103284977595625
0.07237450466962783,0.07030230398565639,0.09757055255476839,0.11213789484874796,0.08395758906583654,0.12304314571408974,0.14359151041068763,0.20894845981196133,0.08807403893862416
0.11706465608180072,0.11434427839997231,0.13462553062041524,0.11523275875886015,0.0591800147529645,0.07021012348295942,0.11497326795188935,0.07991136710017664,0.19445800285096163
0.13060015738655206,0.08354494865774768,0.1337237091021596,0.06429270026200622,0.20877525939720135,0.09204419979512786,0.1146725129253502,0.10118676648542697,0.07115974598842792
0.07141683348864308,0.16611092275262393,0.10713703428813921,0.051307581798297634,0.09175937287048906,0.1323334310347835,0.09442997783929935,0.07918925580472454,0.20631559012299974
0.19272449603246758,0.09210037132458655,0.09642215511323922,0.11774150319127918,0.13856735846556018,0.11043135728541935,0.1006350743083456,0.09603140215138749,0.055346282127714835
0.10357017192022137,0.09133695189687978,0.09969746791060359,0.0597983962347177,0.42088505740957594,0.02424256574903017,0.11917667840729056,0.02827330180228198,0.05301940866939886
0.11469226293825635,0.12312470523765602,0.10930139105732171,0.07298631813865195,0.0829066431154538,0.29547997553518973,0.08909879201536608,0.04521894324751039,0.06719096871459394
0.14353036464745197,0.14843234678793862,0.1178402513775715,0.12865139188134,0.043290007492551956,0.047915354208101536,0.09016084468150548,0.12013597501710571,0.16004346390643318
0.15649381877164514,0.125569355951848,0.1351241305851967,0.08119733019531476,0.13652711815940263,0.14711612200292043,0.07729602496673975,0.07750535310359688,0.06317074626333577
0.16847069144681417,0.14487510142925558,0.1281631418223663,0.1116247475619042,0.07686949256495945,0.0894400488827448,0.0965532844501315,0.06550007661395817,0.11850341522786574
0.07690324004973396,0.16195676506859566,0.08666237961350809,0.10284259269937014,0.0715491607696895,0.07096223021345464,0.06128930308107097,0.30040431052587974,0.06743001797869734
0.13128446534563765,0.06055933508289867,0.09893395793271975,0.10146560900473124,0.14191694488512405,0.021710459130911863,0.08435031873289561,0.288596746527791,0.07118216335729018
0.11278127236938502,0.12663101297233106,0.12905464271048162,0.11127264313991987,0.03738715502139959,0.07476969301767349,0.13413276275699895,0.10638630820018186,0.16758450981162842
0.1733017376582989,0.15547588544806104,0.1261287605060704,0.1357797077141976,0.059322421023037225,0.07539061647125929,0.08319246806349895,0.0601046122721893,0.13130379084338736
0.10394111450419619,0.10656258119769697,0.10197714135609247,0.07645661185288004,0.046905855568535215,0.21964421421227823,0.1016964472090584,0.0788638325967545,0.16395220150250797
0.12804406072621743,0.13453617166056822,0.12459711393302049,0.12638808128043724,0.06484098178793282,0.09012169906416058,0.1237793850767779,0.07715677104321776,0.13053573542766747
0.09942616520816779,0.089574828144541,0.12202402655031647,0.10714838170010037,0.11072067740353059,0.2292422542168974,0.08806695948801609,0.05969969788285436,0.0940970094055759
0.10385458922174791,0.13823776623232517,0.1199740668190193,0.08082308290531778,0.12188294842678145,0.07635750655280298,0.1470002219942393,0.0526942129543245,0.1591756048934416
0.08643986704101331,0.12214101753328606,0.12758425222566605,0.10869839941352816,0.1771347515419793,0.05516908372006311,0.12294236298617578,0.12580556674060162,0.07408469879768677
0.0887950506501458,0.08110176244128446,0.09883286626844284,0.05736922902443067,0.23601228529113794,0.2724769932202818,0.09353911568871653,0.03709870451396542,0.03477399290159456
0.102805348795672,0.11196487183493875,0.12669473915311866,0.11802479251183921,0.1390001911048195,0.07748750592289984,0.12316284707717151,0.07600045845260231,0.12485924514693812
0.13556753473573135,0.15303968720314073,0.12809756546758552,0.10158622980259445,0.13458197611606948,0.05430034624218335,0.11039569586754967,0.09369680359456918,0.0887341609705762
0.09135254378064495,0.13881594896685234,0.1266164810819579,0.10010440467838337,0.14748118728571338,0.07474849987020549,0.1276215272094233,0.08363267519983221,0.10962673192698702
0.10156785938140528,0.14707995204965343,0.11236426045450092,0.07538739120162145,0.0462260267926439,0.1940889669813524,0.14650706549916445,0.08541613771809814,0.09136233992156013
0.07030090339519891,0.09357665479477743,0.10363356860272188,0.08677144432581613,0.05698130442259041,0.1320197328200513,0.07325936560073297,0.27303311014264103,0.11042391589546996
0.1617034693232311,0.09643604327213821,0.12585849659393755,0.07164639642797827,0.20893278987042105,0.060358813648826094,0.09007714259763666,0.12895936731775062,0.05602748094808047
0.0673019382594517,0.06836898152805332,0.09429345260243471,0.1003946911892426,0.29893707379928497,0.03996444760603939,0.10525250203598957,0.13854873991163355,0.08693817306787015
0.14526368560980504,0.12641227891430262,0.12746507395466836,0.12952177505911747,0.04694224457363585,0.06486411702425639,0.10577962220365406,0.11343648495711256,0.14031471770344767
0.13061722516248436,0.10946317705755293,0.12317161461559713,0.10342785456976884,0.10108878574788,0.15001693062245147,0.1292833833641539,0.04278962042785161,0.1101414084322598
0.13262111143475683,0.12534518071072523,0.12241263033531807,0.08119894254110677,0.1605894427961696,0.07518211824750534,0.1404696860083806,0.055179182793610955,0.10700170513242664
0.1444283677627689,0.14717047069525058,0.1315330748989357,0.12091350820111317,0.05756611842441478,0.10366753701997848,0.08574709347303842,0.08155717346845086,0.12741665605604915
0.18496900157520077,0.140335486104003,0.13307369388462909,0.13218498718519878,0.05348032762668003,0.06882772269273509,0.09822385836308883,0.058494022614767945,0.1304108999536965
0.10817736874637286,0.09974569865303963,0.12753906173772478,0.07730392747881625,0.11725201011390539,0.1015992648592809,0.14776663679081536,0.04016797047558865,0.1804480611444562
0.10402165102271725,0.136541937950222,0.10636411530796315,0.08806140220027835,0.09971555984064245,0.21796298105152168,0.09418366356150494,0.04471672530946688,0.10843196375568322
0.08306847252387685,0.11215343311907018,0.10845877347962224,0.0980488089995661,0.177259208627508,0.08420688682876472,0.13493213915336957,0.11416421551223754,0.08770806175598485
0.09576838739922301,0.11209785773578806,0.11983260862583801,0.10647881243432718,0.0829852646049415,0.18967420594912812,0.09309452405371245,0.09965371139062505,0.10041462780641652
0.07207088370683687,0.0951450174165116,0.10502970249175848,0.123834041393598,0.08897062827884522,0.10827274861931237,0.11836783673158136,0.18506822046248864,0.1032409208990675
0.11383105597337277,0.09382589593856445,0.1256032554429856,0.115159699240029,0.08898778990664459,0.06305492456735466,0.10473289962267052,0.16243570008208996,0.13236877922628854
0.10322162794317473,0.11488025495574013,0.13114715885586772,0.10755002699481116,0.07784017271765298,0.10515172961151507,0.09041436173706963,0.09659767421145403,0.17319699297271454
0.16852142685423344,0.14832120337595997,0.12519309720557462,0.08971922870175897,0.10951769812084615,0.052265777279308305,0.09952415923086984,0.10462266659010183,0.10231474264134695
0.11309763618970108,0.07417173481755111,0.10446279866838863,0.07588772360971359,0.36272222310149527,0.06460315982740229,0.12847794820895683,0.03823389615096001,0.03834287942583118
0.11432960655581588,0.107901468727949,0.11113516378055986,0.11113886876737783,0.029224433721415633,0.06417508216462929,0.08495092101174018,0.27289954847641046,0.10424490679410192
0.11361312299272346,0.1369975506792607,0.13228563686893152,0.1090331342535733,0.06090877274277282,0.054092798423442286,0.10966825631552518,0.076254597662057,0.20714613006171367
0.06736397512370472,0.12890712135209637,0.12313034915448613,0.08611526442984753,0.0952941294176246,0.17745941258454323,0.10962530506248717,0.11946729310730762,0.09263714976790251
0.09619367242306336,0.113526589920812,0.10438082323375376,0.11046716434193839,0.046927759546534865,0.1420350479817085,0.15222439409748187,0.1465320244792334,0.08771252397547387
0.15645929410176931,0.09083654515393046,0.13225416193947673,0.09182069515833624,0.13835787934143443,0.06664664065695548,0.19481155143124387,0.06502858912415561,0.06378464309269784
0.055973317018423306,0.06732445844559969,0.090895596752315,0.06449670594888213,0.27289589466809566,0.2688031701183655,0.06278244476598484,0.05013588317901185,0.06669252910332199
0.12338174215957116,0.14125203671492417,0.11909002123641528,0.12474989760995114,0.04467377211908504,0.06888254699348749,0.08209544736277614,0.13054123836203305,0.16533329744175643
0.10384953910434079,0.12018396411717132,0.11285816260434134,0.1563439776721642,0.0859515051234273,0.06058909769507657,0.12681430752535042,0.04892538156563681,0.18448406459249125
0.10045492350932904,0.11276190186202982,0.16166478706351747,0.09760352273055539,0.1034708467754854,0.13688672603945606,0.13877203136266192,0.03318233325592727,0.11520292740103756
0.1137304020494841,0.1703270092616008,0.12659139873176564,0.08967287660555134,0.07571357273872348,0.09836339262883802,0.12174467581557717,0.06992816888147303,0.1339285032869865
