0.09668478143759511,0.050620705494874574,0.0740324060662128,0.04482563934165179,0.14954412725884605,0.4402320272605065,0.04054919517700597,0.021857695904586628,0.08165342205872068
0.08325664828389832,0.021662048962943353,0.05520899984845259,0.1227897726923134,0.015392194399019697,0.45924263677224514,0.05851787704714966,0.01612020121134342,0.16780962078263437
0.12193088106852024,0.03833474283354059,0.08905104886933217,0.04127988983639038,0.2018028821667718,0.04371918661923449,0.05794772855617502,0.34965466101192905,0.05627897903810632
0.08828541298896575,0.011067792403833468,0.06631023135566456,0.022906918737539906,0.6132010590190854,0.053845765802830924,0.044702344821503925,0.03411993730435731,0.06556053756621864
0.0862197572661364,0.021215972220066687,0.046204718228783026,0.38373292152913524,0.14292903985463232,0.14769479745137487,0.07267765116873988,0.01409935564751271,0.0852257866336188
0.13867162885051054,0.05319645444076479,0.1301730884127769,0.04119663695792489,0.08449297872576723,0.0788232187902211,0.23828839204743693,0.08213018764360878,0.1530274141309888
0.1122812793002141,0.23573683820749058,0.10218249363920305,0.024974665231590032,0.03666681327118337,0.06626105033483236,0.16940850142617428,0.16122270805419733,0.09126565053511487
0.118631890461397,0.16128741069233402,0.07699044266985279,0.02971388740871489,0.08608364947336646,0.10773103057311527,0.23418218135369676,0.0971478111948109,0.08823169617271202
0.09801951636414523,0.07887291462276964,0.10258514662702205,0.04315762496974148,0.2614220045166696,0.058596529848504664,0.13547305338840465,0.12207797061843188,0.09979523904431076
0.11534928543447433,0.12390673527345743,0.09323556714686221,0.03241149119197947,0.17007513162913632,0.13563659420922644,0.04637379250030383,0.17816994187449553,0.10484146074006447
0.15578327319642793,0.10383964560635735,0.08753729492916279,0.060259722486102084,0.03501209221287809,0.07006607155529836,0.17717288651093752,0.11908610113827396,0.19124291236456195
0.11932842716768803,0.07677752957059857,0.12010145096113696,0.05064564213613992,0.16311366435693292,0.28238728908787697,0.07389904969916793,0.023361464300998797,0.09038548271945986
0.14634742070428625,0.06355868993796064,0.11602054230373077,0.1421754465354706,0.07250462960056424,0.04015253222561361,0.08404951203776125,0.1334573274540409,0.20173389920057172
0.12317979411449909,0.014927264265223755,0.15856068579117344,0.25669521899578923,0.035736098784775856,0.05527005339862049,0.24571285016278957,0.015406411307414096,0.09451162317971455
0.11755906186617258,0.11083857405777285,0.10253948312077864,0.03752467886619156,0.37401245459469107,0.08660371295168927,0.05749998043865536,0.03200028365283765,0.08142177045121102
0.1147469673037708,0.23377563594667575,0.08023994691277452,0.033395284112919726,0.05876088429353991,0.07617622402023655,0.04728378250342885,0.2773142611533512,0.07830701375330267
0.1070851138015,0.041503445108934806,0.10818951343527612,0.040700306651099714,0.17842161850393193,0.047259899658807614,0.323310031581485,0.037520352259872304,0.11600971899909253
0.11951498175105246,0.02345763216587016,0.06918359369651268,0.09224582248448691,0.269023185771825,0.15249854842425473,0.06815812282618396,0.02548755468322686,0.18043055819658718
0.10064111125974044,0.13025846049325032,0.08999219229010835,0.04219868876438856,0.13367105265847026,0.0899621723717875,0.11879806850544877,0.19838682632017002,0.09609142733663584
0.10146965696610431,0.03578986001277245,0.07736102072121537,0.029560367577925562,0.36502192583484305,0.2080556371769184,0.049867119833037425,0.04179792683777533,0.09107648503940806
0.10730743379806908,0.06679630084251346,0.10047329147978461,0.09870330768749898,0.03394476082368071,0.0873697053693625,0.18607468240701142,0.20737130511364907,0.1119592124784301
0.15094504765565595,0.06683766228139842,0.12077668650859656,0.18090057074416974,0.07777920778449895,0.12195131884704002,0.043275230581673034,0.08014576488980339,0.15738851070716398
0.12186594399917812,0.031353504069031465,0.1347255577302966,0.1434030581660326,0.018781904372733502,0.03180779662844907,0.17850830034543463,0.08259891358949835,0.25695502109934565
0.13361147255812586,0.06739571088876112,0.1406975317064841,0.043038367627828415,0.2423058959905259,0.0858192049076613,0.09238534234040656,0.062499651917027305,0.1322468220631794
0.06188144538337061,0.03569012796212586,0.06980265307676804,0.025744313301260906,0.6311656739295236,0.05601737017473191,0.02668325678644952,0.02542313694711582,0.06759202243865378
0.1510434956612289,0.13570827247044448,0.14805180232715232,0.05627452929570539,0.13350765905467923,0.14164280906107193,0.050264282518130386,0.04078428656148262,0.14272286305010473
0.09693727183198293,0.06243273758028869,0.1309817228780212,0.028014368053677945,0.37425280326478366,0.08090692274454277,0.11892258854565736,0.03388298103304364,0.0736686040680018
0.11843058826959808,0.17507374210244772,0.10214428976408745,0.042725776741927464,0.17301180008067632,0.05459927078009517,0.10670356793408053,0.08813638000195738,0.13917458432512986
0.11101213796175476,0.31677683023970316,0.07534222052120997,0.0647611625601965,0.0381031183822557,0.03385373349864143,0.09080284814881796,0.16586021575946408,0.10348773292795647
0.11494639948266672,0.1361485300000086,0.10763647166398092,0.04928644638068184,0.015780847959351006,0.05957349241985868,0.2586448976701476,0.0981119142858163,0.15987100013748828
0.11724716021582227,0.13376232078350717,0.13798362383973387,0.04229578854506425,0.23212684970274564,0.06991165372253422,0.12071396216833978,0.04060238372528322,0.10535625729696962
0.12048313349147755,0.09367645661022768,0.10970947317905809,0.0716492450143096,0.3189234790548776,0.04513049129601641,0.10884124898164449,0.03321834269489914,0.09836812967748942
0.09304050631287601,0.25633188453993266,0.04917336434195233,0.03238088906000841,0.02377976592562481,0.13644745294200097,0.05230455388795713,0.2984784338117748,0.058063149177872836
0.07390337739841545,0.014315211781128023,0.04647500580429786,0.04151692271476213,0.43533911885227167,0.02321894048556357,0.018061040778306742,0.28302907758902934,0.06414130459622526
0.12263495169116002,0.05855717235038726,0.16969258729670966,0.08049396494703691,0.12089040330271648,0.05864625517482186,0.0834558020075074,0.18002168293844245,0.12560718029121798
0.12411266744793596,0.11172475357326946,0.09707337062728806,0.021370484901217332,0.12178782634328283,0.13937695786777318,0.18471091972707168,0.08985605950120466,0.10998696001095676
0.1081343963916095,0.10041018697550996,0.10704625112015408,0.19341233132151994,0.2191034301397403,0.07399200622039799,0.08461366315352224,0.021639230867946026,0.09164850380959992
0.09866335040941913,0.2294325821782879,0.0896946267958113,0.028596379489403603,0.026378271859632027,0.1548550563365888,0.049367021606107474,0.2287648922011948,0.09424781912355483
