0.10795862548675376,0.08619684446695337,0.11446263246960814,0.1357512408868076,0.11337627135151389,0.15534810659863854,0.03599675490559314,0.05010647103638525,0.20080305279774632
0.1408158259781341,0.10271558372954037,0.098345596462374,0.119323726012323,0.1184966084475891,0.135115656123798,0.09862449378108544,0.08240252800875414,0.10415998145640176
0.07439040170478885,0.10783636172378465,0.11504378327291943,0.08954790077107716,0.10452770448805436,0.1495187879224781,0.13585732373408113,0.12378477535604905,0.09949296102676725
0.10603480375419118,0.09711956273801477,0.10819927971142601,0.13114696036108214,0.10499932365405863,0.1018134252522958,0.12629768691260546,0.12077442992712961,0.10361452768919643
0.12231222477310567,0.10352511018885997,0.1107307074267373,0.10840145580770089,0.11701684766588516,0.11702743859695901,0.09517713023061597,0.09116585479881434,0.13464323051132177
0.1617045130050789,0.09866389834522922,0.0830390921828768,0.13653513777274154,0.11145450930985694,0.13097039248906522,0.09709384679552019,0.07268671539525272,0.1078518947043785
0.08490877387629707,0.11095171972936911,0.13175493467578894,0.0817601403927777,0.11702531631202823,0.1766893008165615,0.09576978908457423,0.09758367913146315,0.10355634598114005
0.0819649532718386,0.10151447695471562,0.1134920982625555,0.18876112350765342,0.11282834568670473,0.14233741308165807,0.07132596359557761,0.07414293807190536,0.11363268756739105
0.14079693405231689,0.09449144635605049,0.0898601290874456,0.16145969421114723,0.10595768392066156,0.12493295765675155,0.08967909826852903,0.07448403135736734,0.11833802508973025
0.07146576366135106,0.12041287266540317,0.13621887968037438,0.08324257278104998,0.11899141685078285,0.14343476730891383,0.0957281944828434,0.13165540290745834,0.09885012966182298
0.09845364277493159,0.08788798459469094,0.11077946767506784,0.2021664197444967,0.10101881979529226,0.1127272425449183,0.08950348532862062,0.06810388216460904,0.12935905537737272
0.08872557625064892,0.10829884786628213,0.13155396731082705,0.11198461998852144,0.1269726584073452,0.15345942099134072,0.052733865843036354,0.0701162727776947,0.15615477056430346
0.24627378356851715,0.1155574278213543,0.0950311043034096,0.05306323855067571,0.10816411103582628,0.1415920070033619,0.03847171038993808,0.0559835339236977,0.14586308340321932
0.10268493903093308,0.11264592920033839,0.09773564949921047,0.14743623244235338,0.11379372532886055,0.13210579905939354,0.10690382067901615,0.09477267204300621,0.09192123271688829
0.09439174815142304,0.0982180413283179,0.10560916552111578,0.1800365041046148,0.11570884806763122,0.15034144510512001,0.06621398533552073,0.07123540926356255,0.11824485312269395
0.10740230235697436,0.11718383641616159,0.10255282180630453,0.12369333683287097,0.1134696306920992,0.12582091489965597,0.0930061739083554,0.10963761548684259,0.10723336760073544
0.0623431687804383,0.1018069064804724,0.16320606914764169,0.03864645906834166,0.09236149932948974,0.09714113888866815,0.0348858772363936,0.15260269983541916,0.25700618123313534
0.2467314763571411,0.16172028141067538,0.0907234483311737,0.06494197248242405,0.1055641350376532,0.08909083867250468,0.03751197347490713,0.10576517708331294,0.09795069715020772
0.1082399197541662,0.09710785445687331,0.10973375935333984,0.16324567251556626,0.109839288628166,0.1143627430140801,0.08662547237457181,0.08787229844379744,0.12297299145943896
0.14806308901811704,0.09407667995728257,0.09539857971488552,0.07316178335580846,0.10479295430395243,0.07801745150356663,0.11944436511805416,0.1629510068815879,0.12409409014674527
0.07945624711860956,0.11613008709114925,0.09839814706929773,0.10016772887860126,0.1116362011031183,0.12651215972938254,0.1587121029281269,0.13632077087947747,0.07266655520223701
0.1405531930485181,0.10078934543121802,0.09143657577979897,0.13660991557475466,0.1116025729426422,0.10653469548691068,0.114261212084665,0.10502026376489255,0.09319222588659977
0.10370143705066288,0.09804456252683308,0.1137816836569069,0.17067000418692926,0.11521894076688736,0.13093841015021299,0.0663906322254416,0.07303044085853293,0.12822388857759298
0.10828483501470611,0.10404420434717183,0.09009598239208601,0.12127721153752609,0.11008243241636084,0.12926930899691128,0.1664937555701901,0.10026968132746357,0.07018258839758425
0.07989594784362616,0.10817733657703515,0.11694544191347613,0.14876472906854288,0.11261497705279087,0.10725247775821034,0.13192424499061103,0.1014361796285949,0.09298866516711242
0.178645025857449,0.12549954719123854,0.07817214831432272,0.0882595315540828,0.10173244993035446,0.09447271782641935,0.10992857621345951,0.14129626438139445,0.08199373873127909
0.14765046856074013,0.09451813116511813,0.10949752780372886,0.08257683305559839,0.11064776539473171,0.12190951709725555,0.08613610892344666,0.10025266926828731,0.14681097873109328
0.12585371173672077,0.10173170977616848,0.0957120645943701,0.1366361950056624,0.10898752501767422,0.14910702519546892,0.07069072729933236,0.07525184671075541,0.1360291946638473
0.10831627080660121,0.10025058523630914,0.10098742683038235,0.13926754272365882,0.1067959860598393,0.11791010360978238,0.14323872092298373,0.09011132057891401,0.09312204323152913
0.08324346995460875,0.10142132730359284,0.13029584120014367,0.14340727586436383,0.11602127498321613,0.1140821250143974,0.08891481901217708,0.09216590253280282,0.13044796413469753
0.1031910670575263,0.09916888616801535,0.12343459941032398,0.09664954365823568,0.11038610272969439,0.1225464306995318,0.08244709744010074,0.10257118544055699,0.15960508739601478
0.148190746667221,0.09810505016094849,0.06797235244742522,0.13903259298705606,0.09535658679634483,0.11331965124370146,0.18625560650807116,0.08997063587156252,0.06179677731766923
0.12221752603252282,0.1024184554161729,0.09000027730182009,0.13204447734304053,0.10829459508823125,0.11260629086451567,0.14457382979072805,0.09835358950221551,0.0894909586607532
0.10978788496800125,0.08609671778081505,0.18902445292075376,0.02022499743948433,0.09932758413571774,0.2069458983234933,0.03606480182680274,0.07383774471979736,0.17868991788513436
0.13088810441562926,0.09348076849908397,0.08086428876050478,0.14743376695744792,0.09888799198334754,0.1197750662593259,0.15203219026629794,0.09084795557646347,0.08578986728189926
0.16905637123419615,0.08868327577500053,0.13531818869061368,0.04376900920549404,0.09604389752997626,0.22615384285578197,0.0347772731696762,0.06289880012511133,0.1432993414141499
0.12505219437782442,0.10181921581651725,0.06125250760158136,0.11740421005412523,0.1028424471157046,0.1163680181522221,0.23170010448590692,0.08648322634825419,0.057078076047863885
0.17545552128382183,0.09351323381935416,0.09673619545324902,0.07974923058116644,0.10981378249214946,0.09605659991908111,0.09552626452023522,0.09154240085919473,0.16160677107174806
0.11904911437820102,0.10182426001929158,0.09849556592016827,0.13157931940296697,0.10808879823736334,0.13677081093962523,0.11190251781573646,0.10480896910396842,0.08748064418267876
0.12839931156622486,0.10709242847483579,0.1225980144430807,0.09088382970997211,0.1059497025732309,0.10291288211797629,0.07360983012639494,0.10775949179200439,0.16079450919628005
0.11380364580748285,0.08940732464111621,0.11316280721899859,0.16488035085731031,0.10301288670882743,0.10486900825242684,0.09113356042492304,0.086619933945857,0.13311048214305776
0.11126450353804544,0.09297058549422814,0.11080296877824058,0.14455175110127527,0.10536306081238794,0.11777850772638958,0.08828008754438284,0.08291565764076483,0.14607287736428534
0.07488804551465983,0.09624590103996283,0.11040522178136336,0.12799607003877775,0.09781458097595201,0.08519617266902708,0.1697386262737164,0.15006036017652943,0.08765502153001124
0.10053312086972642,0.09230336868635307,0.10906396208080187,0.13780993244871478,0.1010338720078306,0.08806199373152752,0.14065905277665325,0.1295530782934609,0.10098161910493164
0.08827115174129573,0.10603304012361274,0.12694492703923319,0.15184604852564393,0.1117332820853028,0.11047166621664066,0.10322528772632357,0.09100723756397154,0.11046735897797584
0.13922533853583832,0.0989206231450364,0.09584243957011389,0.08472976418332727,0.10820071941556386,0.10553287401532944,0.14561169770197516,0.11563172635479191,0.10630481707802375
0.0849831529444054,0.12317089867341073,0.11831099159069676,0.0555151177996679,0.11681954803208178,0.11101375392886292,0.08000482015876115,0.1667356235497445,0.143446093322369
0.09634370080970166,0.10767056346794875,0.10949421668346566,0.07507563159726471,0.09257449269655403,0.08428426907102819,0.14463885712448735,0.21233117134806978,0.07758709720147992
0.08816435468074792,0.1254192340640037,0.10192335115227112,0.1187141955839584,0.12289678243796724,0.11998308342567197,0.13297727262452083,0.11038370106834279,0.07953802496251595
0.19592849215290495,0.15952257703425257,0.2196049807863973,0.015545412560570489,0.08834677047854866,0.07916580814043092,0.038763037637619444,0.05473203367342033,0.14839088753585536
0.17845227776430717,0.08784562566948233,0.08250087694725695,0.12156523743786242,0.1024111897374973,0.13192469334315887,0.11182486458933882,0.06301686131498248,0.12045837319611356
0.09368737791198457,0.0984863842845834,0.11686410526209624,0.13670147470416213,0.10739901351645288,0.12182850925397222,0.09393872122991008,0.0945735388336791,0.13652087500315938
0.09861310869004465,0.11224305659408405,0.11605921616671555,0.11035860678479004,0.12247428967762612,0.164078621205339,0.09836708545196664,0.08711356898932028,0.0906924464401137
0.07081591422370438,0.12143475099931093,0.15097921179673768,0.14569995953462064,0.1318092504097492,0.10956681474650454,0.07116534775468163,0.0777448229268113,0.12078392760787966
0.10337007613958608,0.09110630704541316,0.11884754332506658,0.08058445170490194,0.0940616293260439,0.06935892586744902,0.09802052306814395,0.21853343498430375,0.12611710853909164
0.09211308553592688,0.10963757087984745,0.112676755764154,0.14447782588015548,0.11936141234551521,0.12037043021164058,0.10405017684056772,0.09460266814285001,0.10271007439934265
0.12815365324111713,0.10047496861392806,0.09125031725314901,0.09628229267899185,0.10984330870609539,0.14226162163376027,0.16492331677533645,0.08638880920019461,0.08042171189742717
0.0861222210287968,0.10591723275373767,0.0959140649878435,0.12082003021416561,0.10389815978528934,0.12544326832455,0.20606615972567321,0.08965014371078504,0.06616871946915893
0.17691221730735326,0.11829924400681212,0.10053088046521512,0.060902318132705476,0.1466208198436624,0.11538249508504463,0.039662343362465984,0.07349809518223765,0.1681915866145033
0.11062360547350737,0.11327031419020968,0.12841839284204182,0.07694628653163682,0.10891291597316727,0.09553126580074996,0.06990593576753536,0.13655602920726204,0.1598352542138897
0.028870038981225546,0.08018995519293358,0.18047644735832444,0.006516662056517704,0.08353951552879209,0.25615145065452,0.034038572379840495,0.1509055821222812,0.17931177572556492
0.13216795351000152,0.10054499013081881,0.0964716934990838,0.1394264119883584,0.1103721028665796,0.10647752513631353,0.0994003720945111,0.1031900892616641,0.11194886151266907
0.10195633655522089,0.09682498559386772,0.10728344224925206,0.16409861811117651,0.09884951496801482,0.11326919456776142,0.1131490186841387,0.09697788192437384,0.10759100734619413
0.09955738363294926,0.11691102760778176,0.1087274802918828,0.12369786515159857,0.10421348046759664,0.12407274828861986,0.08800350070970882,0.12423893984386825,0.110577574005994
0.09458450267062506,0.09702414754256126,0.12202581905791782,0.14911696402627028,0.12142565524731565,0.14588976039390672,0.05262330685203346,0.06896028054231125,0.14834956366705854
0.11580841126550541,0.10497852100947358,0.1321818280484383,0.0790554317086916,0.12565798896424674,0.11880184088347397,0.043901467124685505,0.0845821955187851,0.19503231547669983
0.07956112336839312,0.09501723827472831,0.1375615983396819,0.14284780268672068,0.10289735728671993,0.10297810257121387,0.07855503439964874,0.1472847206308995,0.1132970224419939
0.17786298702010125,0.09554086604116997,0.06725152203076752,0.10367052253475095,0.09831056973635859,0.12889068833691908,0.15315047403853413,0.0861781994748178,0.08914417078658092
0.03740908509410771,0.09050897284561131,0.1459051313570098,0.025764496955125425,0.07966949463658478,0.18528677993665457,0.03677785298389267,0.2236474610514033,0.1750307251396105
0.09985651909962946,0.10875466743304918,0.11723914854988311,0.10662981782544591,0.11910389268655497,0.15235032842240714,0.05513774009769145,0.08879010528227398,0.15213778060306474
0.07268479959422867,0.12184245634151951,0.16926895579515092,0.023712608121963092,0.10312276402588987,0.11160489596924024,0.0278994277735863,0.1704692946679869,0.19939479771043445
0.1360504531123212,0.09659895699523495,0.12588941762514785,0.09677927708457025,0.11014090437354225,0.19090364256243683,0.040965132436777345,0.06796330899087545,0.13470890681909398
0.10575325351834992,0.10032145454792472,0.10330676132322475,0.1605652445259494,0.11025932600774714,0.1101012787110196,0.11231704550780526,0.09827389975238619,0.09910173610559299
0.14736068671247296,0.11941263880714666,0.08532545319189738,0.10971278665958463,0.10266255498372127,0.10410890128007873,0.10639295273237703,0.13290015481042364,0.09212387082229768
0.10324132453855794,0.09014466965586528,0.11548535163770542,0.1833580586307951,0.10700230888408273,0.11547119643409957,0.06888130334486178,0.0714192095609798,0.14499657731305235
0.1077130686113766,0.09225006138680321,0.14573531517982036,0.0629272573048119,0.09758167471018164,0.16196201363035453,0.032934384244326674,0.07742002598112112,0.22147619895120396
0.08020950334485157,0.1050179480981593,0.13318930281287347,0.10362508648593825,0.11098213569228933,0.13628206002973214,0.08116275142553835,0.10097838947796008,0.14855282263265754
0.13571054543073646,0.10197675245796493,0.09616412953407573,0.1140597554554217,0.11149090225210352,0.1641795410463529,0.11552296522592163,0.08100226311573289,0.0798931454816902
0.0875556931993811,0.10564973960779012,0.14829831480515193,0.06899435685885143,0.11343608658868648,0.09714036263840546,0.055920026566654395,0.1294567156631005,0.1935487040719787
0.10444778751177945,0.09756109489807115,0.09741167190803028,0.14874779817578845,0.10551581268669179,0.09526942109153784,0.14392459655504863,0.10855042905268408,0.09857138812036847
0.095889312779861,0.1053328959497613,0.10960745484388605,0.14959318844558575,0.10924631736270478,0.12323847077222715,0.0971681372488586,0.09503263089678941,0.11489159170032597
0.1256250654973595,0.10690946415437552,0.1405991737815641,0.07702031731165913,0.11305509179138303,0.10026459633517222,0.05883669365699943,0.10290263675995585,0.17478696071153124
0.1351860165660962,0.09997590535531635,0.10293245877748498,0.12075837237761743,0.11436209163275124,0.11647546292491011,0.10134685614008505,0.0875889535689604,0.12137388265677825
0.08346465084073225,0.09579294578884263,0.1367366765663719,0.14277871850342796,0.11843808692244617,0.12697395434238898,0.05601441102930544,0.07530463193920654,0.1644959240672782
0.2186868374774826,0.17652001477381882,0.10052345388165984,0.04593228658193673,0.1144040073512773,0.09028180728341995,0.03585572011418791,0.1340649647077077,0.0837309078285091
0.10175713916393692,0.09796363172776122,0.1030114694464175,0.08921107141679241,0.1019621355394798,0.07657242715704583,0.13647038805227388,0.19102957004930676,0.10202216744698563
0.11603353983751968,0.0959223079877387,0.09462079813461599,0.14435921076595035,0.10459961338985496,0.1324613125708059,0.1291556083168294,0.08545885933704182,0.09738874965964313
0.07614392335009008,0.09616027296501706,0.13681742886230672,0.18228755503841695,0.11508417346310122,0.12070613456110842,0.05980144461669753,0.07156616342710202,0.14143290371616
0.08749218320720803,0.11328793384916098,0.13024146148338311,0.09203381469405623,0.1187862037949217,0.12718713986915084,0.07124858145892142,0.11258041675272101,0.14714226489047658
0.1202038800062304,0.09456218297986259,0.1145392233410387,0.13824149673536873,0.10954732088730086,0.13583841097166108,0.06685340818509902,0.0796629170148776,0.1405511598785609
0.12549635571612447,0.09463516191933426,0.09452758317356745,0.1494846993431337,0.10976913584178699,0.15117404490050163,0.07669000715790324,0.07521717078046603,0.12300584116718234
0.06686067073948641,0.11691613564924362,0.12657280658065015,0.17720511603204445,0.11893542555238486,0.13630828297036832,0.0728678470396292,0.08059047113713798,0.10374324429905507
0.07908683555566155,0.09698878648018827,0.14432052618832714,0.1518968713216641,0.12118986799004405,0.10411404066094043,0.08450972441686157,0.09803703505552475,0.11985631233078815
0.11798512305579266,0.09159481453623257,0.16651991616518427,0.08766309078546346,0.12402297163859068,0.13858580144992763,0.04205290617839691,0.07382086355231943,0.15775451263809245
0.18715693229143704,0.11402557849199403,0.07687956134277586,0.11303874753406488,0.11834071338600961,0.1305091543361938,0.08762755785247406,0.07038168507842225,0.10204006968662845
0.10856443089111549,0.09646461218717191,0.10458252173022616,0.15466836056988922,0.1075478760781941,0.12571096574643817,0.08242645367092724,0.08030382801208334,0.1397309511139543
0.22461105841430165,0.12044640697734506,0.14385467324518528,0.02195704075027995,0.09322417063949955,0.12409490785065848,0.03569291561678552,0.06682513447347348,0.16929369203247094
0.12246226042049997,0.0977759872451381,0.09995959905663203,0.12607594770912198,0.10743913982149354,0.0882203437463346,0.1286164150692333,0.11933646709033341,0.11011383984121309
0.10280678431303769,0.09195808544970147,0.10948099496679271,0.1333927243680885,0.10940545088606302,0.18780239496006443,0.04970527744724059,0.07296469361226197,0.14248359399674956
0.11226130332313372,0.09716610323061252,0.07645808818293584,0.10654155625297151,0.10123274445871999,0.10255598667243522,0.2277404189485299,0.11328578146666697,0.06275801746399438
0.07569041651615828,0.10316313013243393,0.14215066114093322,0.11589844017750639,0.12236124756432953,0.11835107451010074,0.05300794878511555,0.09483039938385512,0.1745466817895672
0.07339862346775707,0.12792782121583948,0.15045226695397307,0.134432722933879,0.1347201788000347,0.13189821499273569,0.06048559422847894,0.07467845118121103,0.11200612622609096
0.14619751730835748,0.10999330041344202,0.09308745417318313,0.10181209006878084,0.11238933114616328,0.11313199362940281,0.11477067093503752,0.10210469388504399,0.1065129484405889
0.2851995900659874,0.14009043067463575,0.05779126441033686,0.0891661252012151,0.10764282130631882,0.10658762838980214,0.07960509718515314,0.08380006956786828,0.05011697319868244
0.11612122103685,0.10874375020539205,0.12446797804738728,0.09217915875379828,0.10549395552080049,0.09871496961194932,0.08194902523363276,0.12615438819988278,0.14617555339030702
0.10075461805538571,0.0952134986308385,0.103058224182489,0.059698555950829575,0.09810332833034303,0.06686226201701244,0.13587283138479803,0.22813381450692535,0.11230286694137848
0.10446691197885732,0.11520424529503337,0.12023400206212571,0.09808176721798399,0.12193490145969721,0.12091396830124095,0.06573699994484415,0.1025543634650204,0.15087284027519682
0.11268474178325065,0.09315218761057677,0.09297249329141984,0.1606209250250471,0.10054354220657928,0.13008462495999026,0.16055606611297688,0.07050403352052818,0.07888138548963097
0.09686432740099382,0.10293519717573596,0.13182581008920938,0.1068523546598073,0.11391524201044452,0.09716363720235073,0.08911630602618502,0.13813339588570958,0.12319372954956363
0.09179460057510151,0.10486225653769787,0.13327659867927535,0.11700853895181755,0.1086724920477415,0.08829510121330712,0.11777313296448928,0.11546363767759012,0.1228536413529797
0.07604618698573266,0.0819994980538289,0.2100672955916353,0.07607841277391843,0.11457700648615447,0.12223085281228428,0.03517106428618554,0.06879172252814798,0.21503796048211232
0.11242041542973776,0.10835293726965357,0.08902447405133836,0.12440334796394019,0.11510410032936623,0.13836388721407786,0.1494573266023048,0.09371036798743908,0.0691631431521421
0.0769546196554441,0.10809936841803984,0.15392789986518807,0.11129212029751734,0.12843728172079702,0.11473287057314248,0.0752397415853051,0.08395379776350442,0.14736230012106163
0.11066080345544967,0.09427841138833737,0.09523787192391152,0.1508882249975223,0.096611517094545,0.11199399056155195,0.18404552868348398,0.08797874885132866,0.06830490304386966
0.06045158961026386,0.11342012470713936,0.13913487607123817,0.037963290598160955,0.0889745685059259,0.15280071644446117,0.052958657121862644,0.18517513655126205,0.1691210403896859
0.1211726893704893,0.10890836882838945,0.08359117749180456,0.13521357839983114,0.11748151130937022,0.13669662789748582,0.13778140124571922,0.07790480696494817,0.08124983849196207
