0.11133598773592122,0.1532914997141472,0.20931403322637296,0.03211844905881471,0.1426464440021016,0.10782319393502075,0.08093903905648031,0.10087435494444484,0.061656998326696376
0.09175243988719657,0.10559028020172101,0.1304292151361246,0.03814443028485048,0.0728395016982273,0.09651094618817856,0.186155208948521,0.11019149192776294,0.16838648572741752
0.09627526108226496,0.10081506999298,0.06595228234776696,0.1672506644473305,0.0653335521471105,0.09836602117775173,0.042262133471042164,0.06409409746171202,0.2996509178720412
0.16854563177148132,0.0715093508442991,0.07529287785038276,0.027939673950266797,0.05650492212095141,0.07131097309593902,0.11862808704153975,0.09704667539578414,0.3132218079293558
0.11704284389930207,0.14757128570466868,0.13670858441734282,0.05179145063209407,0.14569815609334028,0.13344401510472653,0.058554325029607564,0.11231730821763669,0.09687203090128131
0.1950148593435368,0.14533922990375037,0.06995124431059369,0.11068535094554675,0.10469073429676494,0.11958291059112593,0.026797486407336268,0.11786134251094556,0.11007684169039966
0.11520681391106578,0.08934382345497044,0.08438912801368618,0.12727199021659016,0.16251737890448734,0.1394427750732604,0.05562643840638853,0.13114248072290025,0.09505917129665092
0.09390067511643457,0.14405687762630762,0.12166210142572653,0.0582458425056439,0.05606572746458141,0.07209273050810171,0.043889826854358605,0.064426840761392,0.34565937773745364
0.16467765766928225,0.0883238076363911,0.05600949440211738,0.039658928915843085,0.128307072367877,0.12199209223975153,0.13705355690024443,0.1540350333569489,0.10994235651154438
0.2168253440153853,0.13504815236406992,0.043558787947911515,0.06121651207090934,0.09426917451477719,0.10705272130012451,0.037880587594394326,0.09181511542978031,0.21233360476264762
0.16633595188532851,0.12265580370978364,0.12520795777879568,0.07837875767953818,0.06995117158496615,0.10270651023750481,0.06133594339874082,0.0809046415144119,0.1925232622109302
0.05451788569380126,0.12665386498079245,0.27958174834731486,0.037102721839371695,0.10732981059910869,0.1293574556821566,0.12075544547547411,0.07644038061156082,0.06826068677041953
0.1503000545102342,0.10266603966682375,0.04081800256565899,0.16254376280781566,0.16766614707294417,0.11047145224681092,0.027368767496798955,0.13001211391372092,0.1081536597191924
0.1525618315630166,0.15497930405479166,0.11485366894289029,0.05220285149227947,0.1016154077014418,0.08484118218222607,0.04312176227095135,0.10259012722414713,0.19323386456825556
0.09025261261604227,0.08600505605188617,0.11984069842936106,0.06128220253072747,0.22014103736055599,0.10381228406374916,0.15177072262030708,0.13408393952777375,0.03281144679959719
0.08211694171423217,0.12930989957918973,0.10895029255531914,0.049472752631728574,0.1422267362786439,0.12625537321280186,0.2013403799973503,0.11529205198704258,0.04503557204369174
0.12336243609527625,0.09169252319724432,0.058215336759026896,0.1785363861572349,0.1022604089104056,0.08894332912325344,0.028078471263136145,0.19944484768223456,0.1294662608121879
0.10238549182124329,0.12326311708424813,0.16647238412321105,0.027824432108631697,0.13106910172632782,0.12145058787875491,0.13728122833413756,0.10462919097346685,0.08562446594997865
0.06203431420960533,0.1068386931208084,0.0884965659226964,0.22886540866067986,0.0836322171339252,0.11246177000267203,0.032317925876787716,0.07730001617134313,0.2080530889014819
0.13845628671781798,0.1177232330105002,0.21199803951763627,0.1264344592856097,0.07452966230019505,0.1022930533838044,0.05323494612647259,0.08927127183362436,0.08605904782433933
0.041030997081457736,0.1281279748054854,0.2533555941468881,0.02384848635597289,0.07109744279117702,0.11160441889085038,0.21955636077997218,0.0723458113223404,0.07903291382585585
0.08351100352000683,0.08002590517526426,0.11460178370528791,0.029460370884540926,0.09568492767007819,0.09635243735403924,0.2706719147576799,0.11349399263444955,0.11619766429865319
0.11281826714706245,0.11633396510041842,0.08761568685499427,0.22117795886925587,0.10585500423232581,0.11096393459863409,0.021396001784495272,0.09888715119405111,0.12495203021876278
0.05777644612391789,0.1921237585425076,0.15197528000893748,0.03579752533087023,0.08582649468716204,0.14102871456915608,0.1860612974521959,0.08774958600742923,0.061660897277823645
0.0661093321120453,0.08348411703567826,0.04241695668639665,0.3443188653063746,0.13586041305190058,0.0964153169966628,0.032455835710239286,0.06574545816090525,0.13319370493979724
0.07949120046331967,0.08174316744985478,0.09089164491137373,0.03607018522584481,0.07253642298637726,0.0966167230341551,0.29099592631534776,0.11770053599213226,0.13395419362159458
0.022190065414565096,0.1388286061584287,0.037811811825864856,0.03256353821173407,0.050388232423159214,0.08012970736174509,0.500595430316077,0.06583034986753017,0.07166225842089592
0.20291216344511773,0.13597862432296728,0.03489224970502997,0.06290759629325308,0.1463699689364416,0.08841677314665379,0.041278357352327134,0.12425506636312712,0.16298920043508233
0.10292674636603139,0.09105850025590374,0.0728715535136476,0.18478098719609606,0.1660627594922126,0.11395089245845032,0.04533554482591648,0.14891490391772352,0.07409811197401818
0.13767771585504307,0.0925311060887823,0.05746267424197928,0.04949738549794765,0.18168278272379293,0.13063348290124596,0.12106075297734575,0.15100144943920382,0.07845265027465925
0.061541140829718725,0.10104564394888967,0.17038180876134076,0.04520820425148328,0.11078505791531834,0.14405554035872503,0.1829146410859266,0.09800420653504388,0.08606375631355384
0.03460875583204867,0.2216170739138882,0.10345733666039825,0.05833880402675168,0.1002157862064856,0.1537083227011209,0.22362385259650333,0.0746498635150558,0.02978020454774752
0.07722412026387825,0.07618366352493026,0.02870321819082633,0.3275747009272925,0.15222421543931403,0.08812218931163161,0.03347225555116435,0.07641552090829525,0.14008011588266725
0.14765759766377765,0.12000068022449902,0.08936185483382982,0.10562177420283077,0.12462686031203436,0.10226418063334304,0.03268506110623944,0.10656586789399318,0.17121612312945278
0.11016244680081727,0.11208648791873037,0.12480170959754787,0.11554915312290785,0.16533896560225483,0.10549007784278545,0.08554929064440232,0.1312295427251504,0.049792325745403744
0.29689620202892775,0.11903292062872167,0.008819326696178667,0.0801658407562794,0.11180290063397846,0.07515785511826423,0.05459249340278111,0.2112581830698513,0.04227427766501749
0.10993491765125592,0.08623143387305336,0.056061157764413894,0.150170182419901,0.23545056048095694,0.11983337686879487,0.033584666065278546,0.14180814353434182,0.06692556134200363
0.03772147557170553,0.10736891796817134,0.15124571367419534,0.034120310217907825,0.052003530666847625,0.07208383515958416,0.4099199625569307,0.08039208903759719,0.05514416514706031
0.08776385425252953,0.10921690877243857,0.12553867498841703,0.2098554155991024,0.12859944421860908,0.13452089385453825,0.03630843539940134,0.10244554416389613,0.06575082875106764
0.1075569374786723,0.08541109256776036,0.07781113005838962,0.08660526344502965,0.21837890762319645,0.12582254862529738,0.09250264732457747,0.13747473841473798,0.06843673446233889
0.15734192874703817,0.10692339189390722,0.029719778056958437,0.16547418363273647,0.1333811421737097,0.10371281266888759,0.039804180132295176,0.10345915332695238,0.16018342936751487
0.1797565155131661,0.17873505703751022,0.13787232309809813,0.08238559898296366,0.08945540051121476,0.11512215062176352,0.039092314335520545,0.09009980367802058,0.08748083622174256
0.06718562597512583,0.06948073287838065,0.035065470891802876,0.0498210629355727,0.09610523649356474,0.10120371061647711,0.3421698728551618,0.12637031352772213,0.11259797382619226
0.05178134514737814,0.08886051736085675,0.08594164926592178,0.06075450081711376,0.09359073371174777,0.12515601173430096,0.3160107517812882,0.1082193893180034,0.0696851008633893
0.010997820171426143,0.19122784152641167,0.020026844738454792,0.04800213917583405,0.05039662075023311,0.06103662843903218,0.486938673758208,0.05282063975082981,0.0785527916895703
0.27696717600363013,0.12621830098866949,0.04003013157787192,0.053515202503637914,0.10225049524934098,0.09929668521554845,0.056076369848353014,0.13963569818621904,0.10600994042672902
0.01535802736790721,0.20687032165535887,0.07513612260862419,0.03798700509614767,0.05661245307046931,0.11454578200815267,0.38090987157501094,0.059039858969900195,0.053540557648429
0.146732897511461,0.1443892598404312,0.07013041403802922,0.08693347873123419,0.12169642635997113,0.10944953371869785,0.056243416639613956,0.12854605957481005,0.13587851358575143
0.06691928378443703,0.2247173620817973,0.12360715491704415,0.059762950759404986,0.07213703089173405,0.1236977690890158,0.1764012101071465,0.09875694448539453,0.05400029388402561
0.1132629427586918,0.09061200081464993,0.12630034911929455,0.05087753385504434,0.1628653233338155,0.12372187587204049,0.10555286366335448,0.12981442502390353,0.09699268555920537
0.06221214202962493,0.08826819616273285,0.03624142455381071,0.04337563905561951,0.08393094554528203,0.09055698892849988,0.43342380512295353,0.09813205832863743,0.06385880027283912
0.2011870824935944,0.12980681530994237,0.10780500300838818,0.06391702580296536,0.06562709002204076,0.09434650875932397,0.05150263377130673,0.08724330385691685,0.19856453697552132
0.0786192621091145,0.12696756665305037,0.05937614321071331,0.05588868531672408,0.1623495891725756,0.14113941787385018,0.2228445357695705,0.11230496718577448,0.040509832708626875
0.1478735814271783,0.09601660227746552,0.11289555273497731,0.04487185394823782,0.16723563588090964,0.11427571811959614,0.08021297787938518,0.14203158007512262,0.09458649765712741
0.13514530332104488,0.1378890131515391,0.08129007139912174,0.13018436822495474,0.12036680782559896,0.10050526870098903,0.05625406047788258,0.16867111841747498,0.06969398848139392
0.08132515236004882,0.08719206007573076,0.13269142434879957,0.026014027768512926,0.0832979555888725,0.10488593353038113,0.24155580046827585,0.10169722590396778,0.14134041995541066
0.10370533770285206,0.11089064279085864,0.15607434872304468,0.07990592830298023,0.07462394260477172,0.09741266533535253,0.05909664474951254,0.07613581027041788,0.24215467952020972
0.13337107196611264,0.16137514830558086,0.09636378932904544,0.042202742025007116,0.09794985040389158,0.10968005548286926,0.10605841423397071,0.12640005733935797,0.1265988709141645
0.10651386374037553,0.09962908661703895,0.08142109813758446,0.06238568990785246,0.17167719656282157,0.16711026799457698,0.09019540789796465,0.1321200140747113,0.08894737506707406
0.033082403652210955,0.07308987602463353,0.028962592892284866,0.03090539543619009,0.0526063733317943,0.10008790391585305,0.46761610564315964,0.09250165490519668,0.12114769419867688
0.19508803824883225,0.09743190972493021,0.029373227297525114,0.15700322030640187,0.15371710028404928,0.10102060157082281,0.02196102478246124,0.13713266888161427,0.10727220890336293
0.05382919313571355,0.10737310027976084,0.09711387935342224,0.052255721464189636,0.11515176438388945,0.10826442393003084,0.3274387860259374,0.0927420405195971,0.045831090907458905
0.07819482274600169,0.08635120963678848,0.15715335525502105,0.029658819671065494,0.08678621214816763,0.10808049398940782,0.2038025971674494,0.09816672242919351,0.15180576695690495
0.15357624466987121,0.1197669511974634,0.12119716898124223,0.10282460424315681,0.09370978068412666,0.10215291253020432,0.0380823866125768,0.10063577717713108,0.1680541739042275
0.11092895909578648,0.09271182321921739,0.0605508589922888,0.2713105766717005,0.10199186730066252,0.10914090774362252,0.04151191801604901,0.09395337027446317,0.11789971868620962
0.07409720234112348,0.1702834446559155,0.2014222085438179,0.03428719552346929,0.15383205024614863,0.13142351578784703,0.09337144766264838,0.08269999161933289,0.05858294361969691
0.061445417023023675,0.10242507768304637,0.14851038130681707,0.04095021113775997,0.12205173867201857,0.14330361042852477,0.20308791610836074,0.10220728194987254,0.07601836569057625
0.1456390971008239,0.13481607449662714,0.10158335763281345,0.036576175483227114,0.08033502502495694,0.08523064131577507,0.07522499989403288,0.10586869780662816,0.23472593124511534
0.05247410478908545,0.15593816118462536,0.21985346555251653,0.030227059397214966,0.09884347027283989,0.10275474097096622,0.21710334527996622,0.07908622210195437,0.043719430450830994
0.08154990500101814,0.08714331675203683,0.047395544680188334,0.08242555787575902,0.10676597972942518,0.1758361174811077,0.21752905291221244,0.12222882299940847,0.07912570256884394
0.1480070848624663,0.1336235939489068,0.08772527789363292,0.10068022842732033,0.1011527055032706,0.10396139129004944,0.07017293834682249,0.118695330359054,0.13598144936847711
0.1368588246071259,0.08555520543032115,0.09807178135018528,0.075988320700997,0.15374699183964025,0.11777766224832621,0.06991730113637479,0.10638505692064758,0.15569885576638187
0.09051675913571937,0.09360353923755284,0.034103792062658435,0.2249880236455386,0.15639653559573294,0.10682091309415002,0.04019227469532564,0.08412664983704732,0.16925151269627492
0.1165412717144801,0.08714886223513009,0.03670079000098725,0.283824861453428,0.09657591594803912,0.10271448854866212,0.04765629898226573,0.07937312860272128,0.1494643825142863
0.12144854467665665,0.12698299601070215,0.20059803313262736,0.09846435296331313,0.10216255663302427,0.12310955902675659,0.06447756923619548,0.10735947027129582,0.055396918049428624
0.10476701829096657,0.09647758646261667,0.14496552781613045,0.02648566226175351,0.049782658364449194,0.06076711562782806,0.12782057444645678,0.06984986712250502,0.3190839896072937
0.15325985412877083,0.10857500131875247,0.05533162954713857,0.1741220567555084,0.16753667031759012,0.11641877209253444,0.027022037453350984,0.128009909850518,0.06972406853583618
0.09670819840174184,0.10422493571323009,0.15145437425792121,0.0362139243541497,0.10247306533014726,0.10081367479016001,0.22370555514256027,0.12437992690440203,0.06002634510568764
0.16419671781088707,0.15980020151910707,0.1253902470031205,0.05032688140834147,0.15638745051098765,0.12195370333260884,0.05536744657001135,0.11594363672495737,0.05063371511997871
0.06171762608767892,0.08838500683141494,0.04468898154284095,0.048386011099168784,0.08160496716772313,0.1468911289576769,0.3100037397583539,0.11825262516171238,0.10006991339343012
0.023547289441944032,0.1645570334449322,0.06717031766908231,0.028213263741640533,0.05644081635714448,0.09697219747537263,0.4301560079995183,0.06754707690518287,0.06539599696518265
0.03269064552462903,0.17146842005423493,0.04165287135450286,0.0470214523925234,0.06142823187127729,0.0990810638125077,0.4243998060047785,0.07499957386831695,0.04725793511722929
0.12080235466032807,0.13862157016021046,0.10621893415061985,0.10536745185311157,0.0801085255351857,0.09438327776181414,0.03868112733978533,0.08216369857326013,0.23365305996568475
0.11555546918092667,0.13858664268376933,0.10478838435068011,0.05038009768449695,0.1345911593562821,0.14676634032703414,0.11101592123450078,0.1344861818213184,0.06382980336099141
0.15146820049826634,0.14027704367940969,0.07474642252299224,0.038960379413071455,0.15023734713038053,0.10779901925300182,0.06640451235551663,0.10820672889257815,0.16190034625478314
0.02426383192917798,0.11416694191308412,0.04058762622308639,0.04694467669188652,0.0495117771766947,0.07216376416692888,0.5060235002844758,0.07781762498198869,0.0685202566326769
0.09142922089916473,0.10710226958363063,0.09415428515517525,0.09822506301939449,0.18155760610920513,0.15815540028406697,0.07189085798302859,0.1243094960470208,0.0731758009193135
0.1665361613493099,0.08493266232391473,0.05245113925955835,0.04481259544207871,0.15937323870584405,0.11962444352594877,0.08408919631116611,0.14533771743656318,0.1428428456456162
0.06918175059801572,0.1047877151429419,0.0675769779175237,0.08580046562970761,0.2033629792540139,0.12212041995413773,0.18911933866179875,0.12682432298945068,0.031226029852410103
0.08393335869790597,0.11445677679405318,0.2230180974907204,0.03248119310265088,0.09179360040790695,0.10743140310336903,0.12448612617395649,0.08698803869330433,0.13541140553613273
0.1548540435502408,0.08886800887452957,0.0638424408724495,0.033341351324507607,0.12264291753451223,0.1042863211980553,0.170868323398954,0.14645591163723987,0.11484068160951115
0.0717366733866827,0.15566420504342945,0.11940758639338324,0.07391049770064541,0.08456208697529315,0.13833175387548247,0.11663441575412102,0.10474777562751092,0.1350050052434517
0.13830878366710211,0.15851492305276016,0.13938308251307577,0.04653452910970346,0.13298002494822,0.11012242613571656,0.04914976084670807,0.11898261435257446,0.10602385537413937
0.20493092722902997,0.08366937954298746,0.03890650004735877,0.07580657714758625,0.17559401885274814,0.10616587556439712,0.056047325609777356,0.19147511217643817,0.0674042838296768
0.12710035946083345,0.11992374500642095,0.119747610525405,0.044147612614601706,0.12510983962159172,0.12192819333303662,0.11408346355052727,0.13096109898461092,0.09699807690297242
0.03887699884535448,0.17344847173891378,0.15134280700342653,0.04213922540260728,0.06786116026819809,0.10064226082813367,0.3095851056608796,0.07625462134963103,0.03984934890285547
0.1073446335302979,0.12218931920463172,0.1198020696268383,0.04323055123939026,0.08400637715490729,0.11743846290904779,0.15620838911095467,0.12649452693959404,0.12328567028433801
0.13229906519967113,0.11348219764220448,0.07592103792565545,0.033707729424063186,0.06978883508428212,0.08738986334398195,0.1147223462543308,0.09915908149856441,0.2735298436272465
0.10241044894719087,0.12207059777479817,0.2751135938194112,0.05692485730895463,0.10606973785617264,0.11145841479466334,0.061043679169908015,0.09249002835976268,0.07241864196913837
0.03067118973020376,0.15646353658035772,0.043154698879529475,0.06060218445217392,0.06442272921439769,0.13993608077227032,0.3671736760348298,0.08405013017033602,0.05352577416590124
0.16518657399732806,0.15778993444468362,0.1339988933573232,0.04373488228364408,0.1434637922831327,0.10232979298031648,0.07175880525205074,0.1290523815296896,0.0526849438718315
0.07439169097269245,0.10679955025717419,0.20275558842620153,0.053303051688877445,0.12813856129741089,0.13749205049251675,0.1080936412736168,0.09885588881472164,0.09016997677678827
0.11449647993917228,0.12966310306519582,0.05784251955712763,0.0826634506029166,0.08538953227222747,0.07578292467031722,0.05151869514284596,0.0814700153445632,0.3211732794056339
0.0499813542884204,0.09476476591408156,0.02792969374717792,0.06211387223512758,0.09466823285921862,0.09696097676913988,0.4207660653388469,0.09565452833158437,0.057160510516402786
0.08588546324592894,0.11886608122759051,0.13015436264862298,0.059818257585840286,0.11811110437093321,0.11650479429645683,0.07829576863358474,0.09386184975685856,0.198502318234184
0.04060623730966879,0.11214448546410372,0.19749291841400787,0.0424473887887017,0.06651954987230092,0.09793348197774947,0.3105010360054052,0.07032516617335903,0.062029735994703274
0.1032597998103163,0.09595275668804674,0.13599842757017547,0.04692960376818801,0.09561743071518226,0.1304593017051941,0.08213151763156996,0.09754683598335118,0.212104326127976
0.12302151678669947,0.08885416138158696,0.03467749328389774,0.12150482405419921,0.122687244424013,0.09655018335866832,0.04774084402242414,0.10027530592699417,0.26468842676151705
0.1371736513812153,0.14262258883164092,0.14748871867103316,0.09818641690583817,0.07841040662249474,0.10195892590781776,0.04583537005990346,0.08173407211468951,0.16658984950536712
0.08223999293644539,0.12370797696735543,0.13892944444247127,0.21497817163825808,0.07014719146594739,0.09134812774834279,0.05303931562975841,0.09484393770371256,0.13076584146770862
0.08751694698635572,0.09152634284017434,0.07951575424141612,0.03403270590535766,0.12704951323713498,0.1138991775852543,0.2871957588753303,0.11299014174862128,0.06627365858035535
0.09793815589113923,0.11454928795476697,0.12410754751947474,0.057369637747519964,0.12367489001562476,0.10939633996458464,0.0892410016036125,0.10578114481009981,0.1779419944931774
0.1532120873181267,0.14537694939473023,0.08412379729366572,0.06977767863489846,0.08399113788960173,0.09224686180399655,0.04399402313123394,0.07674868862425784,0.25052877590948885
0.07415254689136491,0.07820733191124475,0.04148845233647402,0.061519822542881485,0.1474542267241007,0.09979063168529505,0.3065209824288309,0.13054199200605168,0.06032401347375641
0.09875378059391528,0.1586945670073598,0.10141788420230806,0.09167507321630895,0.1334984522967865,0.11854794249580913,0.11586112826481797,0.13939994196137506,0.04215122996131934
0.13766139476879283,0.12058486728838834,0.07472284958644966,0.04854546878307758,0.12640513544347143,0.11786770844756644,0.06819556257861215,0.11246693111727536,0.19355008198636625
0.19220296683820812,0.09928803899671464,0.023522175151525233,0.19827076551568643,0.11761710308206703,0.09635539967433,0.05583191773459683,0.14258730998188615,0.07432432302498551
0.10460613287835531,0.12940204582287507,0.12250726455618015,0.04758283517143332,0.18322030766224096,0.1417028305793344,0.08735054893755546,0.12443087442484695,0.05919715996717839
0.09841002846202368,0.08903868764174382,0.08638855224895055,0.057473591231902425,0.09392365600898801,0.11047193569859291,0.06218144093353273,0.08924401941423764,0.3128680883600283
0.022219531451366892,0.0979794692724522,0.027152631936310883,0.049822975411367175,0.05167319643834762,0.07583341941049035,0.5150664292132844,0.07548954545642192,0.08476280140995847
0.11196160948902634,0.08831494590736973,0.10715032582893141,0.07922855712081585,0.17549629453472884,0.11314549160923752,0.12048505133552212,0.14757551294724522,0.05664221122712296
