0.15079889404852617,0.03403629035062044,0.1111495415098252,0.1099974040202627,0.06552622416594726,0.19825189630366427,0.14256477715260787,0.09746414021054399,0.09021083223800215
0.11773458138548737,0.022381838300681717,0.10217474525991406,0.19930777272728029,0.15429776177009566,0.11712332888474396,0.09228960298737536,0.10994744802573124,0.08474292065869034
0.08244069599101493,0.3575813968884624,0.1320915545522142,0.03777860614893468,0.06313111685209663,0.04694165559909139,0.10386962672174933,0.09965827233965936,0.07650707490677704
0.08586264357488967,0.026541156702317565,0.11992446173439202,0.26160299435614226,0.11590134775901588,0.09486079889958632,0.09400220396986397,0.10726483073232934,0.09403956227146297
0.12854507818663594,0.0630101624567193,0.09014070018643512,0.09032962070281318,0.14313563367632343,0.10677196379539079,0.10406304003982526,0.15694364445509804,0.11706015650075886
0.09190682817571842,0.10047645639761597,0.14103483754250087,0.10429704007497909,0.16053406891526997,0.08149138371574399,0.12273008075798501,0.1113614766383626,0.08616782778182408
0.09788264785349136,0.06913217831470887,0.11676538682589808,0.13203523271296008,0.10875402504415206,0.14930988616801602,0.10751321095602401,0.10082118871142054,0.1177862434133291
0.07454708992306454,0.32079688171073695,0.14187368857708885,0.03038221522305121,0.0711080664488958,0.0638303673521692,0.1276470489090498,0.10094571986055621,0.06886892199538754
0.0675484721366937,0.0621540143906645,0.029778899719209523,0.10674251575826532,0.12686309857572323,0.12886071123526235,0.14749884146332085,0.13321283891555827,0.19734060780530224
0.08089556426272679,0.04443461581358391,0.06536555518714356,0.16312938818219413,0.105828672689113,0.12007400692077075,0.1263827160331202,0.1301643650203576,0.16372511589099004
0.10924103318526918,0.16082779969466648,0.1491192737829664,0.0710505557678463,0.06744060833890825,0.10955513283169382,0.11525187633866152,0.10771892652436295,0.10979479353562495
0.10388189088071416,0.09173439683363478,0.16417088894740428,0.10325200569471617,0.08874807835582055,0.10679037503539872,0.13755358334851028,0.1078774780554335,0.09599130284836761
0.10209561418700863,0.06519893108911874,0.0732868222047728,0.09625438506658611,0.1636218463682272,0.10727594460510903,0.125258200391365,0.1476442542247798,0.11936400186303268
0.1176098766522692,0.15766417293961513,0.10679270964690575,0.0676627049587853,0.11275163829781913,0.06588832569116704,0.141615701890824,0.12824338354126671,0.10177148638134774
0.10354463760359989,0.2701171163364044,0.053644160176617446,0.12628874392390824,0.034018272685326804,0.040931412549809455,0.09222249697413208,0.11371433146254051,0.16551882828766118
0.10470690871999688,0.05517413912736685,0.15942539073702966,0.19156846683913462,0.07591110866550735,0.0719465743542672,0.09844781561910221,0.11793311610466985,0.12488647983292533
0.08505456095121784,0.028295337311211782,0.07435803806392784,0.16939653146373082,0.13611806928217463,0.12564290694877328,0.1163092960013374,0.1288841860543438,0.13594107392328272
0.14354746567019513,0.11184380511808938,0.11853013586218665,0.08989701345577043,0.09623142277532416,0.08253447119962787,0.1167591904749794,0.12569926758010588,0.11495722786372105
0.1179332348298609,0.09195959481070261,0.07143847506747052,0.18073971947588877,0.06340308251558813,0.05470690892666097,0.0946769622178137,0.13775806958372241,0.18738395257229193
0.09493031932841293,0.011377430149733962,0.08592626658358754,0.3204668076679841,0.1321573369472366,0.09277252989847046,0.07403555597578089,0.09851349430465156,0.08982025914414189
0.08159681382809236,0.31590480819304695,0.12533664572632675,0.05232482441691757,0.06700034437378631,0.05292459072064353,0.12489058050693543,0.10041817194778041,0.07960322028647064
0.10064409914261747,0.09361783873558231,0.04266054540786054,0.06170842215388452,0.1829258744478227,0.1543122744488988,0.11958721448738119,0.12567513035495523,0.11886860082099733
0.13301628345217537,0.029202359441560948,0.12945956244426748,0.21334791617446977,0.1177524003929424,0.08650065143783425,0.08426043020731071,0.10857417700923667,0.09788621944020237
0.09254537240951904,0.11228112472240721,0.1318420865572619,0.09403249573129718,0.14016753034307577,0.09317808269518009,0.12643384102462854,0.11311067978393059,0.0964087867326995
0.1342450164342197,0.05449458688036298,0.15753810622415723,0.1357148779371437,0.10072963010947755,0.09199753129151862,0.11508854725277835,0.11503888886640885,0.09515281500393286
0.1071439383375926,0.12439819355914405,0.13337515115710286,0.0784208974791456,0.15595965153273203,0.0825301995237719,0.11311850064876476,0.11552130398252025,0.08953216377922603
0.14098396179904402,0.11202237855389165,0.11035698618443203,0.06151715526518642,0.12742057629928985,0.10526664368856174,0.13383054499827915,0.13069454084965607,0.07790721236165919
0.07669735235140507,0.153159157846627,0.08851594054033397,0.0865149809092346,0.11165214328242862,0.1402295088170368,0.10807660673601675,0.10783451120170151,0.12731979831521567
0.10008935079972044,0.13170494765635615,0.12428652192403693,0.06451655111831685,0.11629505718795402,0.10920980916626492,0.1648818894710666,0.10616038117670874,0.08285549149957526
0.13347981974273646,0.15276428581898804,0.06102279597474081,0.07826655526285653,0.08123175321472897,0.07865620121552534,0.13012602261682663,0.11843107474073518,0.16602149141286207
0.09265468646863158,0.02844496414647341,0.11526389183081469,0.2191983128284589,0.09794430397837865,0.1351018360732036,0.09582338437000804,0.1255289126462358,0.09003970765779523
0.1099040741265883,0.23246583196696521,0.16096520389874314,0.060222686277843024,0.05807084335868723,0.046771765561885476,0.10464148305634512,0.12883950645434225,0.09811860529860028
0.09565025956379103,0.1651617404107109,0.11956836235072384,0.05547819758923572,0.12414471989788516,0.09259106848222835,0.1656125948748931,0.10584892294695812,0.07594413388357375
0.09658063223286754,0.1050610080469243,0.16201405881592643,0.09046096351684581,0.08517631384733844,0.13351080485341776,0.1217359425333742,0.11284619237297422,0.09261408378033133
0.11031436636613079,0.11348051143026934,0.13478098489083334,0.0844105442710501,0.15568273980361805,0.0856580919315712,0.10871058799743549,0.11361775275668388,0.0933444205524079
0.11114679270955503,0.04380047768949805,0.10561117784237012,0.1238261105780658,0.18063655244970903,0.1222700768798502,0.10258594914602309,0.11383142326822208,0.09629143943670655
0.1382946725666541,0.015415031164448383,0.07893892714216412,0.1619770256316504,0.15596083255336748,0.1555681541928671,0.09802919023215244,0.11718830908462134,0.07862785743207466
0.08414017697173028,0.21923940178559956,0.14725966302851826,0.053384047560203644,0.12754244884739593,0.06645559060532165,0.11968182270316652,0.10402865962605908,0.07826818887200508
0.09517283287615903,0.059322571228852566,0.05056583257859207,0.07396297959420715,0.20340870190651308,0.16761131930261586,0.1206492769891357,0.12508927662191335,0.10421720890201114
0.1569330712039227,0.021286597987250373,0.09794033644018396,0.19286962108962613,0.1243098669572873,0.11681452613397025,0.0899370815865801,0.11123972858682783,0.0886691700143513
0.08977253115298976,0.08604458568032052,0.11786631043816587,0.14462306653153637,0.15272638661279092,0.07902664068855829,0.13608384286398537,0.10258938553506591,0.09126725049658697
0.1002423252361954,0.13406188311457068,0.21443818808753698,0.10015293286734367,0.06702663293440585,0.06259717313594589,0.11152770636307323,0.11196403809047696,0.0979891201704514
0.08109939765744642,0.0208555956692192,0.0643214255389498,0.1557864660630475,0.13360621051021665,0.18841831490480201,0.12630331865338099,0.11258462944208793,0.11702464156084952
0.062120476210049846,0.08061451883312994,0.02985976271815866,0.0643069922349167,0.14195306422269532,0.24887861908615064,0.0898205897278777,0.14420433977113484,0.13824163719588636
0.10865292244086511,0.18296077071276273,0.08820611119059842,0.04288702054679306,0.18878514211390093,0.06972609645248277,0.10973505020660888,0.1216585534180371,0.08738833291795105
0.09247456314033975,0.1991423901005743,0.10493721916901909,0.04402831526247725,0.18364461876665214,0.06574520076450267,0.11596884287351832,0.11478849126574464,0.07927035865717193
0.1169117625564338,0.22815334090068004,0.08540992810297428,0.03649340727418146,0.12056865318966492,0.07973765436020798,0.11080237812254819,0.12877300563286792,0.09314986986044148
0.09040370464440213,0.09709493086493048,0.05075442030631683,0.086605392741055,0.11413326446543298,0.10740151587768487,0.15240306655629263,0.13473850871093976,0.16646519583294528
0.08075291047761803,0.06306165343474023,0.05044788882489806,0.10914444848761597,0.10570409436077723,0.1609421865824863,0.15700374753595547,0.1164800253344045,0.15646304496150418
0.12648622053594677,0.23540025497151337,0.08032291493313619,0.03813854307193314,0.10915259614893524,0.061138396480632455,0.10621315521005766,0.14276469649706552,0.10038322215077966
0.07814956929594614,0.047161931147700266,0.11021177437011849,0.2287245996363981,0.19677643137043888,0.06141353929677887,0.08880039586506337,0.10387822930707476,0.08488352971048103
0.10921447386275286,0.0844775492361316,0.1262185425040029,0.1332391459196324,0.06101101611575485,0.10694673281405002,0.11522237096715703,0.13091922047409685,0.1327509481064215
0.09648663033362477,0.0713581467306645,0.07793256601126847,0.10530221032884353,0.16990058036230507,0.12971690867473665,0.11304605006310735,0.11862712541944444,0.11762978207600516
0.08601628894355288,0.012462378953755732,0.05038211349561802,0.19378319854040146,0.10494954595654067,0.25554312579415533,0.07906483156061589,0.09482116514107557,0.12297735161428443
0.11364729687862812,0.2576214877015542,0.06681977133652159,0.022710457680758356,0.16143314390106125,0.05361185135693606,0.10278841059406436,0.14695924431725077,0.07440833623322522
0.13804797323782636,0.022985336324712034,0.10555883687370693,0.15847934137109762,0.09329398760785745,0.17365597944416622,0.09192148228803222,0.11556672872238928,0.10049033413021184
0.09760911855280119,0.07279791209099433,0.11488055976213979,0.12220580531754012,0.2192547066755235,0.0660535423612532,0.10070935284788456,0.11013553860556864,0.09635346378629465
0.1140477150872742,0.19404070343773486,0.0936147140600252,0.08186043616614087,0.07582579104574878,0.05466065223013061,0.1267229177607244,0.12963011144368042,0.1295969587685407
0.12025532117657489,0.02939500821771049,0.09205392758370019,0.14492450504072454,0.15988288361359732,0.15943727781304676,0.09828096016763836,0.10283951176772706,0.09293060461928031
0.09296605547144494,0.0725859461060158,0.08328865158617682,0.0857438293135037,0.14507239484477322,0.16454860734935975,0.1278734686574333,0.12356008584027141,0.10436096083102099
0.10728733125625034,0.19543677178502036,0.06912719503002977,0.037360792713997885,0.18216304089690394,0.1248499241701696,0.10387286249574117,0.10814631683426297,0.071755764817624
0.10012724097464397,0.1292517735459158,0.1435942567127171,0.09817611150899815,0.13417472002031736,0.07605961080309984,0.12112796416314124,0.09927302330346706,0.09821529896769966
0.15404893215964946,0.1362721868156063,0.10401025838565008,0.06156124717221092,0.07639330954392756,0.14649745819983656,0.10148525004369802,0.1186841544256594,0.1010472032537617
0.0907379528753387,0.30588862947882595,0.10772613903543656,0.0347263635576657,0.11057731755159328,0.061710815475050196,0.1031379058720641,0.10331143136007598,0.08218344479394955
0.09511889981556808,0.1925623775008142,0.10047717537720853,0.08471382759880852,0.1106665705110127,0.07152307473360477,0.11091854327202509,0.11279552939824511,0.12122400179271309
0.10149394528324929,0.05090319879253286,0.10775851586384744,0.10655777400336235,0.16127153930220206,0.15323076076610037,0.11615834213487079,0.11175603751320305,0.09086988634063181
0.06337205232668959,0.156337321322728,0.016419620930421683,0.06880509042434384,0.0966740664605768,0.0798661266776904,0.12285054835416725,0.1609379822143648,0.23473719128901763
0.07571656161894538,0.034637493341247126,0.10111542088986968,0.23827025498531518,0.12926335864681496,0.10380769805284694,0.1082359702992794,0.11445547711618916,0.09449776504949225
0.10093916511120994,0.09896993572025208,0.07032464556746774,0.09725516297565122,0.09591616962779005,0.08961601417413133,0.16787534564147943,0.1398439910512376,0.1392595701307806
0.11957774289618844,0.031499159835925654,0.08306905116327247,0.12205359176856666,0.14877924232568532,0.14394937536186508,0.12257549784587236,0.1275784826254398,0.10091785617718417
0.11870103370900098,0.09069234747759446,0.13186081447610223,0.10286637964395555,0.09230602925830778,0.14017812630516469,0.11221322007864144,0.11119890945298933,0.09998313959824355
0.10519281573785728,0.04010144075301376,0.07808258461095632,0.11915923909429704,0.14091317367826903,0.1493198133759015,0.12465539966589674,0.1233220923210021,0.11925344076280624
0.08596737089048756,0.0399712533821577,0.08585798498194476,0.1313412475279846,0.12133818472124254,0.21707822463980234,0.10293014640037323,0.10419655182894405,0.11131903562706318
0.13933542063113027,0.017529904759423006,0.035206144301011814,0.10968682082790464,0.13100196374938924,0.2723562061937463,0.10292238102179528,0.0952195947273649,0.09674156378823455
0.09320273540315542,0.03301929978609577,0.09736695432669056,0.17470311196851965,0.1472613063058066,0.10777398871556752,0.10691151138503874,0.12208787434509479,0.117673217764031
0.10280684031522475,0.04470258609451027,0.1044132005564717,0.14684410234268122,0.0770543769095716,0.1783668183131358,0.1007113339204832,0.11387929228653881,0.13122144926138268
0.08408391303606401,0.23219801804873078,0.13529390649080736,0.05363671443578775,0.09569975454737406,0.07798919984554915,0.13010826455401397,0.10659008231769522,0.08440014672397782
0.08697343568399547,0.07597364931831561,0.12460822386301391,0.14876471865660207,0.16703731716059286,0.07656980223250727,0.1169742924586098,0.11262292260760053,0.09047563801876252
0.11875639472659073,0.04485321211834292,0.11757009013293807,0.12873849218178665,0.16945247163781077,0.10394950618951437,0.10962266337917498,0.11627399226323676,0.09078317737060472
0.07681064644748205,0.048130412844011226,0.06079404639446099,0.11068290259813114,0.12706256522489381,0.21015108502253477,0.1260142241339279,0.1128312531040867,0.12752286423047143
0.06375041891486591,0.06983913065254593,0.026782182559086636,0.09808132258907211,0.12905371124452283,0.13246722686703497,0.14564277198135897,0.13352539079579703,0.20085784439571555
0.1177147305271717,0.0310472815522905,0.11805616016571652,0.186347421561928,0.10463347700601223,0.09311097554825228,0.08803178451798821,0.1334619733955391,0.12759619572510142
0.09482442190970121,0.05061316016725264,0.07324293540349631,0.11344118476892222,0.09403839429423416,0.2694307880800766,0.0918499975314895,0.10345029680678026,0.10910882103804707
0.09938135319412178,0.2193543996297392,0.06601568583628462,0.06350440202970348,0.07094253237623536,0.09195608174603037,0.12200762161589111,0.12677134857628214,0.14006657499571196
0.0920422267694078,0.09524564197247797,0.12065857765778176,0.12672157841882428,0.12010632723954841,0.07406731770610013,0.16329239232842555,0.1173629797627997,0.09050295814463438
0.10326035306407755,0.1297670598623449,0.16638310337231998,0.08914676359410663,0.09721107493224868,0.07552726026764339,0.1374858540774171,0.10371238875133648,0.09750614207850532
0.11666808561140647,0.2129738333068557,0.10924642535029323,0.04570930829952267,0.08802870022031005,0.09561919806466286,0.1273659102193223,0.11107961550452934,0.09330892342309736
0.09393372747537616,0.17900139677515547,0.1197163826206823,0.04760964223313465,0.0998122199049024,0.13218405963430246,0.12939679558860728,0.11176777917583995,0.0865779965919995
0.11272334711844685,0.03937539559314331,0.09488128834196861,0.12850702756987484,0.1538372741015235,0.17344687821739568,0.10249933106221008,0.1039673691327317,0.09076208886270554
0.19970022166238344,0.06325567516559401,0.0799698153552976,0.09977179180270097,0.09392154722119794,0.14211090993516698,0.10320019766269299,0.10237466670476282,0.11569517449020333
0.08822676903346245,0.17040373879234294,0.14694948173830505,0.07504736603571037,0.14857289334914606,0.06701973291967649,0.10817717640417718,0.10767164763201058,0.08793119409516886
0.10315661648818723,0.1779217531924132,0.15635366145441648,0.057186849065850566,0.1029093625050942,0.07622438744011543,0.12868462558727556,0.10799765572009717,0.08956508854655017
0.07993629242621486,0.11000831901933218,0.1645659301819642,0.10124614943396489,0.07511513842626848,0.1471022574291959,0.12730373350384985,0.10485034135142707,0.08987183822778255
0.12142238072352575,0.039055470658345325,0.07578785744059456,0.10181553763059492,0.19955316293509817,0.15021139513750062,0.10272386344182717,0.11810108164547227,0.09132925038704116
0.11062111423270223,0.09218432448506468,0.09477327938896953,0.07697285569188783,0.16442812813969643,0.08513960389885539,0.12048201561070226,0.1483000249045238,0.10709865364759791
0.1064444406691264,0.1656401238735584,0.14800279458940338,0.05217515641823836,0.08025494980965832,0.0923832454686259,0.16678991290809894,0.10199135098917743,0.08631802527411293
0.10417809375901747,0.08177469855988148,0.06970233887061612,0.08458531299291679,0.12835090437576543,0.12584376758585475,0.1438281127321429,0.13559162890468257,0.12614514221912243
0.09637877973012109,0.028922520454601187,0.06277229018928204,0.13719942799308033,0.23623819075886524,0.15177677188271846,0.08067814445021426,0.1039667464463272,0.10206712809479024
0.09823346611769214,0.2907721625377942,0.05784080081895845,0.025553496421067495,0.13267622365145668,0.051545723067152265,0.11793597303299386,0.14607334203605957,0.0793688123168254
0.07710579837166914,0.06019198283567942,0.15790759244261085,0.20944148521740222,0.07950712357342042,0.0772873254894672,0.10604524883193733,0.1362088916263358,0.0963045516114776
0.12069767668887228,0.1686007668580175,0.07033463232973775,0.057024361933430114,0.10077344059901616,0.055660748777529225,0.17982944972876932,0.1385219761822357,0.108556946902392
0.1058176400663864,0.1112845809873717,0.12541622257198476,0.08657615485698773,0.1496631534180183,0.0783224270106817,0.11806976921168529,0.1226000504058381,0.10225000147104601
0.11820010124583584,0.014442390319530601,0.07472600655975375,0.22088802968492524,0.16925823951365312,0.1366971169805057,0.0766785215028511,0.09529076660681506,0.0938188275861297
0.10549500271286155,0.06386017217807231,0.10431528340258438,0.1138270027772269,0.1423109605423091,0.14556329463422615,0.11367234573119922,0.10350557088216177,0.10745036713935864
0.109511796373095,0.014985118813005752,0.08851073229089639,0.2930780028337661,0.08314211932364118,0.07291713625914727,0.11598647844384492,0.1297863538582234,0.0920822618043801
0.09371841139451147,0.049816453912073476,0.07710206473710529,0.12059690454043519,0.13618778964643188,0.14950663926558277,0.11724267734482845,0.12994677650793252,0.12588228265109902
0.11453323908854667,0.09426294516615612,0.15462000230778059,0.07472417995458021,0.06768078626750823,0.13245650114435206,0.16804363146356782,0.1035891668918562,0.0900895477156521
0.10941813588396761,0.20835522512235435,0.10287561312112281,0.0734977761907692,0.06697730365859662,0.09225754911805546,0.12699386819254146,0.10689267360730921,0.11273185510528327
0.14269113204693112,0.03838888645260769,0.12776267378993125,0.14492829963548814,0.09367552462940713,0.14389006953394406,0.09642904383666646,0.11577790659355501,0.09645646348146907
0.09682877987219325,0.09295705217092524,0.15702845626444964,0.125270835790027,0.11429737443199532,0.09258583507182165,0.11220213264132302,0.10906539202016596,0.09976414173709887
0.041132075556343024,0.17273670813895303,0.011843097936968201,0.038778433271874406,0.1397608696668253,0.16385315863053204,0.1276070933885765,0.14451523939169514,0.15977332401823233
0.09707822076166624,0.15771145886404828,0.13342111624235786,0.062456900368789446,0.13447615660166762,0.08686753364800687,0.13951720148915825,0.10413472059363077,0.08433669143067467
0.11852974990959052,0.1760210449923272,0.0658320030850124,0.041357407762385834,0.13842831692453764,0.055553072509979706,0.1725920909829024,0.1400295644956682,0.0916567493375961
0.1042854058644724,0.05386198921385956,0.09569645633190581,0.1486369837376448,0.0896397138424662,0.11703835937596944,0.10859209280727695,0.137472131364676,0.14477686746172888
0.09456536297094316,0.2367280468638293,0.0785661686779297,0.0708902139139595,0.08091527185023867,0.07360636676524795,0.11985683409774939,0.11673396106870772,0.12813777379139465
0.07411911550435565,0.026146358247696344,0.09539761874343496,0.3010925679184679,0.11528125125102484,0.05872491875663424,0.10108069794812273,0.13938652778943325,0.08877094384083008
0.10142711925166355,0.2695555956487989,0.09240787455026522,0.026593374007880127,0.15571378587093235,0.05655623269104602,0.13850467266871766,0.09522505112119774,0.06401629418949845
0.10215843756012478,0.03546860604499553,0.07263996463806001,0.11634677469057282,0.16531052700867163,0.10873422592031456,0.129011096694122,0.15162263824634695,0.11870772919679172
0.0969709895467708,0.038684757299706135,0.12476760268561023,0.2160314533510352,0.15467654841604936,0.07107023927130464,0.09046288337028069,0.11702361964738384,0.09031190641185906
0.10146421176882332,0.14461584608214986,0.16295133225185723,0.13674529672879995,0.07704663697668486,0.05791967111368382,0.09852178355763425,0.10484011382509884,0.11589510769526785
0.10873342175826338,0.19147495024964512,0.08740322677867741,0.09767424352529504,0.05211365173107826,0.06070173431290283,0.15310811619310163,0.12226098378403881,0.12652967166699744
0.08366968451674632,0.1632075053436669,0.14145213473926813,0.06135251034132159,0.1263798745984521,0.09415201207065803,0.1336245740512597,0.11814697559956351,0.07801472873906377
0.10525892313343527,0.12337791611985187,0.14585788338459665,0.06943107300932838,0.07698073990318789,0.1355614687421841,0.14982565125410083,0.09993077611192723,0.09377556834138782
0.10462691772280512,0.08661048490056589,0.11674913964139651,0.08988223492160287,0.17814558875470757,0.10793730624258058,0.11476668567822952,0.11211562963627052,0.08916601250184149
0.11488476481308484,0.1585726802312124,0.12755389758777483,0.04924789694996043,0.12115057758912307,0.08694304692509906,0.14012970371151023,0.11439968799487588,0.08711774419735925
0.12176589399615007,0.11667298239551903,0.05802264373066309,0.07880700910751842,0.10482743260128176,0.0668194708173483,0.15298957880020272,0.1282418877601742,0.17185310079114233
0.09476778624564154,0.07799973947623207,0.1468579813193842,0.14893949099403428,0.11545995382836545,0.09045840555434535,0.11039097714088897,0.10589421331210243,0.10923145212900563
0.12665928890783243,0.23951780089281574,0.11339720608009929,0.05670018363169832,0.056411365826748404,0.07869899192985781,0.11305617494398205,0.11099026564767367,0.10456872213929219
0.10060769100466176,0.17926033734643534,0.14631488561778208,0.0707063751800566,0.09007509665569609,0.08225952441771929,0.1273566417705264,0.1110714249366584,0.09234802307046407
0.08960842042912558,0.10441508118186206,0.15906046887938988,0.09854978189688607,0.08526952160104384,0.1342487686860322,0.13267697036429163,0.10349445703350957,0.09267652992785913
0.09302789052839172,0.14203627842636937,0.11744462034770743,0.0672025396580135,0.17439160425511502,0.09224106991360086,0.12984118137785483,0.10309412760779678,0.08072068788515056
0.09252200827601453,0.03695109558330639,0.1121859740398834,0.22273184397323229,0.1594595459572141,0.07601288237785005,0.10654446892468272,0.10313668906286437,0.09045549180495216
0.107805706539153,0.06138106357261297,0.12494682871874167,0.11666120137119167,0.16825483920374953,0.09323659260148594,0.11248636476856648,0.1194032970521528,0.09582410617234581
0.12477559748503105,0.055999199234591346,0.14710855445359905,0.12428038573411852,0.08661241659057863,0.13382781443859312,0.11053800598010054,0.11255267515456502,0.10430535092882277
0.08864973898897727,0.3438808174737151,0.053822997293537345,0.02207579756429423,0.10254518412415888,0.08138166584291752,0.11724381866933482,0.1120899723957071,0.0783100076473577
0.12118025401944761,0.026264366841172698,0.07391754754589526,0.11698356674274975,0.15584763950311,0.20444863254352338,0.10349210569525508,0.11035487326522697,0.08751101384361926
0.12039164381592247,0.02936568301576122,0.09199720948843071,0.14479408148043435,0.15979485732433119,0.15961666724868784,0.09826636805788425,0.10285789502870957,0.09291559453983843
0.08308163894776273,0.018895173079716977,0.09213997758368848,0.3143867206551348,0.11896878186400318,0.06130829855876888,0.09070867734660577,0.1314756834029317,0.0890350485613875
0.07315926140439084,0.04001510761854057,0.04688117485696549,0.10958111328422972,0.1375088167082911,0.1935714777933081,0.13019779221675098,0.12656976134127595,0.14251549477624725
0.08943295551200166,0.2102039320368648,0.11982137997374105,0.05212720485859651,0.13991446348808567,0.07218817893839559,0.14254563367284592,0.09980111576037883,0.07396513575908993
0.10100570636953173,0.09267430861217153,0.030806778336364516,0.05267427781569256,0.12989950569577638,0.07441022294922696,0.13590611330374477,0.23025275983195792,0.15237032708553358
0.10381601832319931,0.04720490569789328,0.04637671202788374,0.06773532140676251,0.1752547681487487,0.11203152323214534,0.12961864831436767,0.20867608470458113,0.10928601814441842
0.11664215806860447,0.09183039692282391,0.12827120734953715,0.08601725291902458,0.17011894705250427,0.08659199562177668,0.11086527130299101,0.11666630466863442,0.09299646609410352
0.11293189453085456,0.06148273643593927,0.15018956144187354,0.13691096864808705,0.11318984683563664,0.10223793558984336,0.11738144922803168,0.10252998212325355,0.10314562516648029
0.0804357858478833,0.2920368070201288,0.18238131047989717,0.050980971969270795,0.052881064627323,0.053657518153939404,0.11502893470703046,0.09429477166814637,0.07830283552638069
0.08349212798744454,0.19332425404579232,0.13516338745128267,0.053788477174079884,0.14250195753743064,0.07470889547733912,0.12431836470305228,0.11402286976045654,0.07867966586312201
0.10060513542057543,0.08149046527978858,0.063903272912526,0.12765157767755922,0.07471643335640554,0.08406695837512802,0.18833866164540783,0.12519227284305945,0.15403522248954993
0.10733948462390656,0.039961908526813326,0.10532201322932692,0.17355110241947158,0.14987697247269519,0.1101536632324438,0.11760806275428255,0.10240643873020328,0.09378035401085678
0.10780459167333993,0.1481448207895092,0.13434647399943603,0.08265291708715085,0.09718826954369193,0.08318829391451343,0.11657758546033546,0.12007270788622759,0.11002433964579562
0.12057967742731464,0.16854830488425118,0.09903596570916325,0.06474768900954692,0.06401073097322857,0.12315118954849931,0.12391101698552592,0.11763357347992354,0.1183818519825467
0.09185439201468369,0.3487867793289618,0.08316851028864708,0.04723763320477183,0.06816166098014771,0.057021157525892534,0.09568808704160962,0.10042652315619921,0.10765525645908651
0.0885913382644577,0.27489822231157857,0.1395965431529248,0.05381170093227545,0.07169499149414553,0.059947488426286215,0.11766488932136687,0.10644585266782552,0.08734897342913937
0.12644217018851012,0.07578223719861432,0.13081487686270565,0.10105619586569235,0.11661637104250645,0.12806266674742098,0.10921299601511762,0.11089105782536329,0.10112142825406922
0.1007504950399042,0.07909662099269976,0.12424567039025158,0.10774396488347378,0.16734129022178376,0.1048096051907405,0.11215866502486073,0.11642806474565241,0.08742562351063334
0.10932604945889617,0.07996515954420617,0.11477027847619037,0.07520563324535734,0.1432794760881189,0.14944565637020832,0.12294969588842308,0.12062407061454834,0.08443398031405136
0.1087725114501603,0.04939671051568517,0.0695601948468156,0.21809759005656082,0.05302986999484616,0.07376929341139056,0.13735571879533792,0.12702792333125965,0.16299018759794387
0.10063069242445317,0.04883544540587686,0.09716773781859804,0.12089339198642253,0.1735353860032496,0.14851349740745665,0.10416104191588364,0.1051248961785836,0.10113791085947588
0.0587635798586594,0.09041441310298537,0.030833954406190207,0.07455474902932785,0.16281019817596695,0.18748596359189929,0.11742963377553313,0.13450432818509725,0.14320317987434059
0.07565221906716026,0.3815727353174318,0.18027354631279993,0.027194833535097735,0.051225536515387665,0.026186797535881576,0.10014680394251459,0.09297539211494181,0.06477213565878472
0.09605191256306474,0.1067347807805522,0.1452705686941225,0.11139310511999746,0.16098576692144853,0.07297998173537783,0.09906852750309685,0.11275516652721253,0.09476019015512734
0.08363020933115665,0.03881001913708402,0.0602770678107235,0.11484380473668915,0.1339514099394178,0.1559508594304208,0.1459595550340699,0.13944378938838772,0.12713328519205047
0.13435770422126306,0.060347853803779605,0.08362100186465428,0.07580254269077215,0.15635793033677145,0.17716344075871673,0.10527265119509233,0.11317498219769245,0.09390189293125795
0.11448945216820794,0.19860907888385462,0.11809565885044922,0.05915105682031082,0.10948515403642774,0.07955270716820197,0.10873459058622097,0.11280747984573496,0.09907482164059174
0.10143720958761719,0.2769138337844023,0.07339298397964832,0.02439249313801672,0.17741798901269631,0.057595658350755724,0.10013162549803493,0.11619104917566254,0.07252715747316596
0.11090491145689703,0.009746795985730009,0.0774067661021217,0.298562810622037,0.1453094958802352,0.10641541305454794,0.07060782358579747,0.09232720259902095,0.08871878071361271
0.07564910062673093,0.12935919307295446,0.056193620992680306,0.07742198099747132,0.08187851069058351,0.18129115773552487,0.11503187364777717,0.12893898537969709,0.15423557685658032
0.1066909190733323,0.07895255397733707,0.11629462002379531,0.10495660126497221,0.10779036093885745,0.14438699173852781,0.11761161052939069,0.1118866675610735,0.1114296748927137
0.09764812281432568,0.0647562521032291,0.054733026212755775,0.13155192162005333,0.09766852609366465,0.08134189166430021,0.15499796417875433,0.13614304234309654,0.18115925296982027
0.10485404584884617,0.14620622348148568,0.12162632860243767,0.05895274189201708,0.14703613198009782,0.09250899711322552,0.1395921294097289,0.10529259739493109,0.08393080427723003
0.09746708401737614,0.05681492713359696,0.11796744035083839,0.14870650234407948,0.21032587632082508,0.0722479384792515,0.09422177108749225,0.10748024044109024,0.09476821982545001
0.08185107316546496,0.026177268762918815,0.1039351639247565,0.267585212342375,0.17796124710905506,0.06686003757934973,0.07625865922110917,0.1144641135689735,0.08490722432599729
0.10674714186874708,0.07273787347161736,0.10042501721373669,0.09330017738506381,0.1636039601257934,0.14130046397416937,0.11479985612074224,0.10732558654455972,0.09975992329557025
0.11142355661304326,0.18191228759836844,0.07489528780375669,0.08694726405757786,0.08092892919703905,0.05491549444641594,0.1101925255902374,0.14373652898993752,0.15504812570362383
0.10504189003880593,0.030249759210004012,0.09496619430450622,0.16561646824896525,0.11220327438518972,0.10474294997848181,0.12468374617751293,0.14050982743216633,0.12198589022436784
0.12319106443491035,0.06173228321515045,0.15541888525370742,0.1381831694465889,0.08981149740128941,0.07726751484822532,0.11870643266131824,0.1440427675794361,0.09164638515937375
0.09063652676011037,0.08439174873660772,0.13752888742334501,0.17865111541492937,0.05877904789081745,0.09935352756675776,0.11989864815689144,0.10640661911903215,0.12435387893150869
0.09642266818604726,0.052687952836302544,0.09478745703030027,0.12642111903830325,0.17922373737427724,0.1341470010848607,0.10916987107658264,0.10770906860345207,0.0994311247698741
0.09595665988925718,0.1763315037806278,0.08100907994797865,0.047158029630305,0.20062890627937455,0.1006065057526659,0.12094871436942904,0.09670317803891998,0.08065742231144192
0.08758992374760088,0.06528857379692347,0.052640734369620246,0.0969390841820601,0.14003742418559417,0.1997680824280321,0.10762921130799132,0.11206021772462683,0.1380467482575509
0.09583533550434027,0.09659539427270504,0.1650057564713687,0.13545095010979624,0.08227067744930161,0.09302565819203228,0.10669747338311647,0.11152664737129729,0.11359210724604207
0.09050240576895173,0.08453594979917979,0.02175851892648502,0.08958304374799712,0.07884181639017387,0.0830162262738766,0.17603368379213538,0.1627149029005537,0.21301345240064676
0.14511624107277565,0.051913561126914594,0.1313166562774199,0.13118677682725266,0.08597211064797187,0.13903722413485425,0.09246745132939727,0.11190716530615287,0.1110828132772609
0.1068387038719419,0.06269998059206312,0.13679928099101427,0.13515431510573217,0.12358628008659304,0.11052527850537047,0.12424746767878621,0.10103322996280151,0.09911546320569732
0.10627022757390721,0.2514287765628946,0.05703586322061591,0.04185184146198562,0.10867301994620227,0.08906822953891386,0.12623299401808963,0.11083363244862905,0.10860541522876184
0.1127242185558124,0.24834684898536183,0.09656846444956275,0.02840349900611981,0.13980031854798478,0.06895546936936993,0.1343194772184236,0.09904462498098865,0.07183707888637632
0.11371383091004572,0.2787582868716401,0.08452510013669101,0.028862615489587035,0.084320953127088,0.08136193048657403,0.12506257173657487,0.11978999328782403,0.0836047179539751
0.09421169447210108,0.0682708393466776,0.07919571918439224,0.16077756599069162,0.08905426416483397,0.10834553958773653,0.10778150381742323,0.13126196288435246,0.16110091055179127
0.08165892465479323,0.17085344177583103,0.13053245852835146,0.06934274999967542,0.17681815745366128,0.07308390090644583,0.11155291450470471,0.10494076127254087,0.08121669090399614
0.08110897096509088,0.36958454657510326,0.10116270119278536,0.024972943729008223,0.0700776245332098,0.07093087317026253,0.11111693129463614,0.09457204213019578,0.07647336640970809
0.11628768821311108,0.08451570163381804,0.08498694149334492,0.07920123485934465,0.1690703892610367,0.07790505227165449,0.1144621213410842,0.1645500190089814,0.1090208519176244
0.06897653546574346,0.13433744248678145,0.038544468447982094,0.07335835811836812,0.10640883243632358,0.15891753412679532,0.1175684146632831,0.14267539163721318,0.15921302261750972
0.08430579888954098,0.17293339208861047,0.04653206966247267,0.049223111305844176,0.1169812840830212,0.17748481320812148,0.1067009389492614,0.12382723205805463,0.12201135975507295
0.1569330712039227,0.021286597987250373,0.09794033644018396,0.19286962108962613,0.1243098669572873,0.11681452613397025,0.0899370815865801,0.11123972858682783,0.0886691700143513
0.09771620806347493,0.03666187742785163,0.11630968752382043,0.2186754528784558,0.14291621672876328,0.07950886380224183,0.1078550527339918,0.10416209300876134,0.09619454783263896
0.08946262134787868,0.14381437541674227,0.1489074102508682,0.075976207454813,0.1311204940092153,0.08401859585665623,0.13116669104732634,0.10950136584091907,0.08603223877558087
0.09651965993068122,0.03640900423511117,0.09215311443297947,0.1894221026638371,0.09362685674728277,0.15425797254992954,0.10092959719265365,0.10342645819357991,0.13325523405394513
0.10232763315904973,0.053532217535259295,0.08182467282477601,0.10846017486356008,0.17905428935314852,0.1265408571651725,0.11209437877458295,0.1248298578092782,0.11133591851517273
0.1027939710471924,0.0763439794238794,0.1359853217744694,0.10371381600925444,0.15420492201257652,0.0982723789168049,0.11968275363434484,0.12270154975658594,0.08630130742489206
0.09300267522428159,0.03150334473982054,0.10751006594361702,0.23473020686855653,0.12781506914713134,0.08654315336933961,0.11954777024580042,0.10734662490307312,0.09200108955837975
0.08978690739351698,0.27101793683953096,0.11249320564580385,0.03375336219504655,0.14090615899559458,0.04735465914612521,0.10811654625051237,0.12626299926736093,0.07030822426650866
0.10151566617168774,0.04704725786075977,0.11321928979694611,0.1789602285831667,0.130006480457577,0.09064690864427387,0.13730461156484297,0.1071156416449372,0.09418391527580877
0.0998339104870047,0.07998023122399472,0.1293076093988521,0.12611506764098854,0.1781847925533447,0.07571333073359598,0.11159950416228152,0.10335115314622108,0.09591440065371658
0.06927420464278378,0.09264423451106223,0.0395193383335594,0.07558845217370729,0.23639067548950463,0.15750155901621507,0.09818380244260423,0.10979167630001076,0.12110605709055265
0.13529991120966325,0.06877275157053779,0.12529612074626437,0.100258680427553,0.12537457483822068,0.09489530850730503,0.09982988027795477,0.1362780364754189,0.11399473594708227
0.093800770271447,0.0451719772953339,0.14266463563312945,0.1801087217071061,0.12135282018032918,0.11096381557162671,0.10310994655943477,0.10316833642782813,0.09965897635376482
0.0874550427248472,0.1556857228234513,0.12428386992726437,0.124824058439832,0.05551563836981066,0.07986912086117985,0.0964078542137171,0.12265420709288392,0.15330448554701354
0.078088607510598,0.07843910838180868,0.1212505751358771,0.20631883419911332,0.1720926321924714,0.05464709076551782,0.09111300477015423,0.11166365682005018,0.08638649022440935
0.14269113204693112,0.03838888645260769,0.12776267378993125,0.14492829963548814,0.09367552462940713,0.14389006953394406,0.09642904383666646,0.11577790659355501,0.09645646348146907
0.10527152619466623,0.06783218339102788,0.07716816008260473,0.12268638656668922,0.1240064746543852,0.0841976533331605,0.13766599020677872,0.12727855353801246,0.15389307203267508
0.11959783574596032,0.20599456483513948,0.08504753187681696,0.07523140548683113,0.06293183776329599,0.04937946756544095,0.15102853504312577,0.13024988431500636,0.12053893736838302
0.07934949618213244,0.1975668287528772,0.04129022278625235,0.07894522795183513,0.06507136753088423,0.08335715986462017,0.14483257778488884,0.1276391318473927,0.18194798729911701
0.11677426158685533,0.21243602915796211,0.13941993990111268,0.04626319377824598,0.0895094426854227,0.07271426221993242,0.11884851108667736,0.11087204021889935,0.0931623193648921
0.09410508502729752,0.05784016974030192,0.13329928188336163,0.17396378191649897,0.18612472473833785,0.06123585146348329,0.09188199998132462,0.10941545895757898,0.09213364629181525
0.11804821054186349,0.024261841207482582,0.10264557111238475,0.1692792434279673,0.15674597750044872,0.11683039185429149,0.09201533696493319,0.11806999742302804,0.10210342996760051
0.12235959776462729,0.0745099322300467,0.10472681061678273,0.0911353571595482,0.19758282163080085,0.10004548546274732,0.10625919932338046,0.11383701752160243,0.08954377829046391
0.10393478109185074,0.2644454938742291,0.05798428549818291,0.04318975320499676,0.09343688683192149,0.10354195974799607,0.10477542039034189,0.11212898943807215,0.11656242992240888
0.06154270905753154,0.12311860019568861,0.03522048326696226,0.08021946977503523,0.13893595084724586,0.11235366387906716,0.10350866314469043,0.14462956666856,0.2004708931652189
0.10754784634024522,0.07313946044232451,0.09918430105062082,0.10315099882284284,0.13956202253651218,0.08398398542085617,0.127390567937642,0.14616478281015857,0.11987603463879765
0.1058973864576736,0.08785540758019632,0.13145904274588524,0.13330965357664606,0.10966035776470655,0.09882951657001683,0.11382972300028071,0.11030531736579262,0.10885359493880205
0.09976970885844139,0.12370996532683838,0.13369418151291743,0.09538483435455929,0.1036434525778485,0.09676682859624965,0.13032375573139413,0.1141608610707328,0.10254641197101844
0.10108611349772485,0.05936425146339086,0.08464564914997397,0.15674870863736348,0.08126766482981779,0.08459326739124312,0.15063403064577832,0.1270093321566859,0.15465098222802162
0.07774752040482438,0.04917026475160574,0.11749981800422055,0.1688705726359513,0.16770796874904567,0.11806742073801128,0.1049700037729197,0.10478170218144651,0.09118472876197486
