0.12132770914740697,0.04771004303589466,0.11789368057550008,0.08286675429400374,0.11920431856168238,0.11610755259096965,0.09064899954445589,0.2135939885668011,0.09064695368328556
0.12891159879172917,0.129983285605233,0.13617323917171312,0.13392274827837622,0.13441250535140373,0.04265572361943956,0.0762735602301352,0.10080286412531875,0.11686447482665124
0.1070404920494012,0.08194020087749208,0.10405477017850821,0.13058277060426002,0.11782047734474016,0.11572384671447374,0.19310474934151314,0.07134698860931989,0.07838570428029153
0.09998133949946884,0.047699375504352,0.11852630081082434,0.11553422706725673,0.11296828103373054,0.13364311752740274,0.14957188894320383,0.13836718609885168,0.08370828351490923
0.11132708043643957,0.12074690442141671,0.11945733034769052,0.11302731362001905,0.11565000445454938,0.11609928061926911,0.09904504418890663,0.0687525861749793,0.13589445573672973
0.147355763987727,0.10047165691451031,0.12013501613223558,0.15958009162882983,0.11803904051104656,0.023051955170006955,0.14107936551769143,0.07184755380213705,0.1184395563358152
0.16071872982791843,0.05688970629381155,0.11595374303797197,0.10652478674272457,0.11916265330583187,0.11002493281937631,0.10809600099416562,0.05795394163103865,0.164675505347161
0.11039495937825432,0.05645098279153534,0.13609794940563544,0.10426919857614673,0.11419986150005364,0.1294354384638876,0.11263478817577578,0.12598468067754187,0.11053214103116919
0.09783342654287164,0.12608701097345157,0.11912072943521661,0.12169190858267998,0.11413566709859398,0.08487671003501324,0.08468331681992518,0.19317129687416668,0.0583999336380811
0.12745541843801048,0.05345620658148751,0.12025520720510531,0.09626919685324696,0.10635781204254403,0.13702464050114743,0.13488596604421033,0.050832483631903604,0.17346306870234432
0.12850406222802932,0.015174598535216589,0.2695761184105443,0.12139160017111712,0.11301596812359439,0.050215006249697096,0.1323777786831352,0.09203412181163662,0.07771074578702947
0.0785149638383149,0.13650675297894269,0.1001870044283558,0.09452577042365284,0.09994522266744177,0.2040541748816619,0.06477224817377614,0.14088321030507184,0.08061065230278218
0.13472910775515823,0.08477748571681025,0.1265073821294514,0.12349994445296346,0.12779633702626697,0.09696852239847081,0.05681459710817235,0.16149703229501924,0.0874095911176873
0.17707403254356646,0.059501534278905865,0.12286205230328062,0.13299253783820045,0.134671954245805,0.028999705174125822,0.1188536125020014,0.15061098718238802,0.07443358393172629
0.1925902182236571,0.015942955335387875,0.11717229473812672,0.11269383914443121,0.11217958333301599,0.03544255514475989,0.18541070463579376,0.10336430165165407,0.12520354779317341
0.08835922092607366,0.18731931853062958,0.10605798070039406,0.10207011465305708,0.10148541526973172,0.18093823063999437,0.046264014576636266,0.039712190422388306,0.1477935142810949
0.16089211213545487,0.12427854990365023,0.12074963541608301,0.1914619896912353,0.07015984241370433,0.053818122235152525,0.11073755206675288,0.08640658198127356,0.0814956141566934
0.09697520947565541,0.11127283281802015,0.1238289381579003,0.1174557486880453,0.12138111832138827,0.11213205656445324,0.07427208173911715,0.15053913488188408,0.09214287935353609
0.11864649045423381,0.08012161036695331,0.11350331030512989,0.10291306231415041,0.13266666328854318,0.10703909139912128,0.15630851606471818,0.1093658115424152,0.07943544426473469
0.08558348991020519,0.11512003875974074,0.10552661831861616,0.12746776206681454,0.10344847457419515,0.14818571691971713,0.10537696986509987,0.10261386433512397,0.1066770652504873
0.09869348791892674,0.0636146533708316,0.17736876696057505,0.10353172603482959,0.10239065754615377,0.14418275668934596,0.12213549415593405,0.04650377780794801,0.14157867951545525
0.09122950812996156,0.24132085793980765,0.09933356014181145,0.1793371903319405,0.05917243788268275,0.0664080770487951,0.07761654243138565,0.10531012759491971,0.08027169849869559
0.10463488349188173,0.17939647271078965,0.10342123369408913,0.12012101786568007,0.10578358314118229,0.11064848917233046,0.05252632052030554,0.07297816997598647,0.15048982942775457
0.10064174546045285,0.17068127137931247,0.09270115142536038,0.12097962597608841,0.10252737202067014,0.10902860050155133,0.09996858727861045,0.05583304632806533,0.1476385996298886
0.11239029785869196,0.08387209521371486,0.12411516915350489,0.11952877770679977,0.12991116495487545,0.053152810496985226,0.17812869071979395,0.11026400964622263,0.08863698424941126
0.09291392358727658,0.1134644706203306,0.11946757961064154,0.06457219370026548,0.10900886974911855,0.26265185702094385,0.06462901445093185,0.05700523318897632,0.11628685807151519
0.09695812364930993,0.028132216143300626,0.27923175316731025,0.11333897743359124,0.1136434834062443,0.03531211572121164,0.07946758504114108,0.18778906550555483,0.06612667993233608
0.11149428075777366,0.06577107057614705,0.12878278440565508,0.11592672021546746,0.11915800580523496,0.11304160688772232,0.10122091215745534,0.10297691403858539,0.1416277051559587
0.09544681185035919,0.1566193135570175,0.11397273877313796,0.16309276474102527,0.10789303941458477,0.055444213148591624,0.08381287907873579,0.11437830998018783,0.10933992945636006
0.10890082801481842,0.16528472758752263,0.10230764388398265,0.10256458418246998,0.11580095513982414,0.11390515975243548,0.07624344703255952,0.08583651813546901,0.1291561362709182
0.11999077338078325,0.07786685844685227,0.14006318455628544,0.13599928309120193,0.12268248855152375,0.06980275098051446,0.0949215191689865,0.12405571383106145,0.11461742799279094
0.10365601256377294,0.05191154398212717,0.3121291864321276,0.1281178616924419,0.07043131199291795,0.06734398438991872,0.06348898218056938,0.12700499481111216,0.07591612195501224
0.09353266277388195,0.06253699062790637,0.1896372996112132,0.08609093040223702,0.12492085514244344,0.08901331846867348,0.18968270804794632,0.07006649633306318,0.0945187385926351
0.14439651748569435,0.03845705102567908,0.1004786694257956,0.09275142846157967,0.1014347403720099,0.034756445220752726,0.26795959012644505,0.08993696708233427,0.12982859079970935
0.1406210996994994,0.05821947129689994,0.14076099265472067,0.1344175145773364,0.11938911060951245,0.045296303028827346,0.17670567310011218,0.06571547440041847,0.1188743606326732
0.10851461559523208,0.07653944648353574,0.10677375617538849,0.10162268543699642,0.1171915453619199,0.16222593871444915,0.09093950510149136,0.11743223972345807,0.11876026740752876
0.11833949966715666,0.09974423491172191,0.1306285637367272,0.11073815417506962,0.13859326275743045,0.08518324636710999,0.13677106723802443,0.08205003302201817,0.09795193812474152
0.10980559669622654,0.14723075058228388,0.11726839781264707,0.07543459423485459,0.13176818693089218,0.15411868895199377,0.10188069143916152,0.05926952021235363,0.10322357313958685
0.11838775643990185,0.036541144318265925,0.1790457059504621,0.08876479399877407,0.11465544500056875,0.1065569901006207,0.12277726014201891,0.08406406301451182,0.14920684103487586
0.13512582870250425,0.039123392222413046,0.13320726601935653,0.10510547502780494,0.11341038742009674,0.06518905527807729,0.17112432107921793,0.09149121264142164,0.14622306160910767
0.08307706488860477,0.10536515762829536,0.08337155358523636,0.0663890719473686,0.09746841311348371,0.14124437601064718,0.2202563728931758,0.066551689692113,0.1362763002410753
0.0783883388504013,0.055893423500602536,0.10186412512451454,0.06725588069668516,0.10760900390605281,0.1427455774789432,0.25733043830266555,0.10478565414228856,0.08412755799784627
0.138980757334814,0.08986459112513852,0.1145156993940016,0.11605370359037981,0.11834592456849014,0.08267812567795713,0.1052794225998951,0.06079284281352746,0.17348893289579617
0.14560418760668367,0.039259958644872424,0.11300932465309076,0.11336572738772543,0.12100227368902598,0.04972418077231897,0.1705928813631019,0.14771078851872962,0.09973067736445122
0.0922031410928153,0.05657494827379226,0.11662684529089855,0.0771300204178518,0.11159166482050492,0.17102329637391125,0.146071844257208,0.11207607182477634,0.1167021676482415
0.115753752644208,0.06473341164314927,0.09852620414953271,0.13385310191478436,0.10549779914680513,0.047164849465774095,0.25825711216231717,0.05944882029492749,0.1167649485785018
0.16335921014687196,0.06535201130582065,0.10356414373354722,0.10055447513780534,0.1233240926874772,0.08648000627268425,0.13494566870549954,0.09250449427814243,0.12991589773215143
0.12028605489851396,0.2384070131292064,0.08263695256900967,0.13453500459532866,0.09943070639436652,0.07215046479605157,0.07236305722611965,0.04691108616874595,0.1332796602226576
0.11066840622247093,0.10214307346945428,0.15724672015872823,0.10141185749142584,0.12406840292278314,0.116907303459155,0.05071767443597472,0.10262879645971017,0.1342077653802977
0.12221125512754216,0.03395309481597961,0.0925280521117825,0.10930516303125244,0.10809276878693758,0.03594106870141788,0.29202433049563975,0.12344712512891255,0.08249714180053551
0.08584040083810081,0.02428022011111304,0.360891944567997,0.07376203043436654,0.11289358462826223,0.09981232568729514,0.0862464830592813,0.09711612254504774,0.05915688812853611
0.10460578779533279,0.1067645215652397,0.11716768320081732,0.09579113330257555,0.11866274531276538,0.15999837457760882,0.06394882004139703,0.1378565120947109,0.09520442210955245
0.17192232032478783,0.06927663296680288,0.14388583959785617,0.1386335260254072,0.13353369337746343,0.061614586640575,0.05109777307919403,0.14892224792530048,0.08111338006261297
0.12677650416851016,0.056775876941660065,0.14862042345564988,0.10295749151298432,0.07009923351174524,0.15323782927274301,0.03283546089282275,0.21904849733857046,0.08964868290531404
0.11116218260031802,0.11684542355785994,0.10458999990209156,0.15085883471900716,0.11217958942048534,0.05862134058430127,0.10746060375956053,0.12184062943803486,0.11644139601834123
0.119850513733238,0.15637648004874172,0.10470233697283982,0.138306476278974,0.09822205705972797,0.11827455400331809,0.048229515558485404,0.04362404992296906,0.17241401642170598
0.1050529984370126,0.03660721341409474,0.12648120219221123,0.09407524381984168,0.11196769732923151,0.06029820476197515,0.1452771977151672,0.2372047733092171,0.0830354690212487
0.1291373035248389,0.1369323376727212,0.09547333770319379,0.15392304449379343,0.05639550789439355,0.10619684066412029,0.07974845028414361,0.028148497286533486,0.21404468047626166
0.0878091067255135,0.057801809751668654,0.11271247192916578,0.07020249747120831,0.11253145332529162,0.2560343743582643,0.09100871613671206,0.11364828854975452,0.09825128175242137
0.14462643734446665,0.050705288432984684,0.15361891294271618,0.1246262144102012,0.10961146940667964,0.06162237746276964,0.13907723773980177,0.04972771346661168,0.16638434879376857
0.09082584529613447,0.05023538905889424,0.10319062505620501,0.06979321295422929,0.09436021172789792,0.27602783083776,0.04959232632311492,0.15656683867760698,0.10940772006815717
0.13549198765028864,0.07674576456651726,0.1295360433133359,0.11619174651838386,0.13003878446706388,0.08247363872368955,0.0942727215681257,0.0979804797678114,0.13726883342478388
0.0949460032929022,0.05922687529003426,0.11314288539043445,0.05933266342223654,0.09996186019136256,0.26416746786556283,0.03308575290975771,0.15738815169075007,0.11874833994695942
0.12277654339542728,0.08155315085289716,0.11596751720577952,0.10849745656709253,0.1167352810854122,0.11975458197393833,0.13936292497221384,0.078634477252014,0.11671806669522504
0.1142067432505532,0.08348928044841779,0.1717139974948242,0.11744759385113361,0.12279565218261719,0.11190300016566475,0.09735134204808543,0.07997276642920455,0.10111962412949933
0.11902698898900275,0.11340490390770848,0.12050702178766091,0.15158351235930603,0.06961449654851613,0.07826860834230664,0.1668693015842704,0.07142395105337222,0.10930121542785641
0.13133048309285844,0.06290824173532365,0.10761407632523684,0.07524648198184625,0.11460893800770483,0.18255948020444138,0.05658829644156993,0.18848782790399246,0.08065617430702621
0.1269493853414925,0.05520978127223067,0.1377653436912317,0.09523126183460402,0.1386040761536266,0.08195204474990778,0.11436590325522833,0.15033815256857364,0.09958405113310487
0.13677026461455136,0.0997205044921794,0.09673534265795464,0.12285317171606745,0.11501938598409585,0.0820880612171842,0.1579690674662866,0.09858449959230982,0.09025970225937067
0.11963420349707081,0.1385982751604455,0.10652378564593261,0.09744946500508883,0.11446801864840168,0.18751859402661256,0.04209382229795152,0.08590243730663606,0.10781139841186045
0.13578371173877427,0.13209957998579266,0.12874381518353772,0.20182565805625285,0.06570139812906751,0.042686648274556704,0.13787989425470307,0.0660437296450307,0.08923556473228449
0.10988439258323186,0.19113711570732128,0.10843903460920723,0.12953620077766662,0.06402764493303507,0.16217490753920907,0.057131467500936915,0.0647497003916542,0.1129195359577377
0.09283276354474031,0.2054269333562323,0.10603957697059431,0.0954867240163968,0.10490197927580998,0.1332482426132052,0.050283999625351794,0.05960266527905143,0.15217711531861786
0.11718517916988176,0.12383393344637483,0.10577611436717997,0.13576590814708903,0.10443485240230894,0.15424891576036046,0.037079462673327075,0.06577790906584159,0.1558977249676364
0.12534515958532005,0.07668088765280923,0.09102365289708954,0.11133632259189465,0.10874247294530932,0.061161118976642975,0.23678917074740743,0.07655659251481933,0.11236462208870752
0.11994658276301196,0.018238546038511785,0.32789640038218487,0.09552669472436386,0.1116609764023373,0.04976680907340725,0.15799975567311084,0.04848838573531403,0.07047584920775814
0.10861055660130992,0.1077091715159601,0.13201793963043532,0.14815613372234734,0.12067048117540442,0.06519346221380583,0.08834656858561711,0.12854589076548914,0.10074979578963085
0.11678793331605487,0.0823383627467687,0.13756158334757881,0.1402829409083324,0.07142422111738732,0.08781598237501427,0.12043415150022228,0.11603170038122472,0.1273231243074166
0.10445049923126759,0.11371367624828359,0.1386959691562417,0.12037439949720934,0.12719601408312528,0.12602186533133516,0.06021480868791404,0.08383235414038288,0.12550041362424047
0.1109598943797651,0.041590845466022326,0.11628155244060472,0.09610806287509871,0.09729434468697074,0.08900318262384656,0.264219865690946,0.08047194983093399,0.10407030200581179
0.09388624298085946,0.14462183668019804,0.11321843546697748,0.11807485259708494,0.11233343887683751,0.0955853594666655,0.08604927264218824,0.17586982784688218,0.06036073344230667
0.0788540458296016,0.2024953155732824,0.10666435714967214,0.12980213110396746,0.1003778317270247,0.1622718409629846,0.04846835903078106,0.07212976813446603,0.09893635048821998
0.11641860984536619,0.11517085176713439,0.106672836351053,0.13624723483040727,0.1141248380097983,0.08786632767553708,0.08484149249440824,0.11346281067402526,0.12519499835227024
0.11688314742550295,0.13201540611236798,0.1271871396253467,0.10403214295065401,0.11845269420178683,0.15001540511973507,0.05423799768110871,0.11640757505231392,0.08076849183118387
0.12026267921202666,0.038007643988873525,0.12336810730659244,0.14228643255020532,0.11555215834855483,0.029597967664581597,0.15451793121041688,0.19677066739143612,0.07963641232731267
0.11311865145206774,0.08168547953882703,0.12881805817793493,0.1254589696525895,0.11138494777196273,0.14964889921332444,0.07301710318294947,0.10596951212627741,0.1108983788840668
0.09823655284012751,0.08054535089026482,0.09078135007241396,0.11081814176342446,0.09859926437201526,0.08982854410708548,0.22368941779471951,0.07181052520957906,0.13569085295036984
0.162465409651713,0.038195243713435294,0.12463305879972658,0.1513228376131159,0.11470305365579192,0.05842189430988453,0.1243978931293467,0.09064028257475104,0.13522032655223507
0.1017460541615663,0.01317749619283385,0.44777729880913575,0.07642194216244559,0.1040559066042549,0.051571039191287533,0.07483564863344243,0.08614547456028944,0.044269139684744184
0.10805022583883227,0.06488481994440587,0.11654506718796905,0.12214495433819257,0.10983700606619429,0.03379476429516002,0.284841464173921,0.07616084569154404,0.08374085246378098
0.12477464959117557,0.17037672525883454,0.15276037160819098,0.15214957063000253,0.12539102198859528,0.05754104326934153,0.05964137374091905,0.0682023001038965,0.08916294380904403
0.15504278674790284,0.017405161829636615,0.16419250643129482,0.12377425902832395,0.11417891068401408,0.05427216482163353,0.16428332227210038,0.12306161442271568,0.08378927376237817
0.10057863819633651,0.09287779675162773,0.1467619166601222,0.08735889262157463,0.1256659509227294,0.13163905498956632,0.100775800455571,0.10072925593876082,0.11361269346371143
0.12374257912618152,0.18095403918624853,0.11036682750043299,0.12148629196440514,0.11378850435615824,0.12282784822037714,0.034534461017528155,0.09845945001448252,0.09383999861418564
0.10695207134717954,0.07819955369233274,0.1126365627451062,0.11467867057768588,0.11818022920698083,0.07081034746417739,0.1766048302729256,0.11563140203249773,0.10630633266111418
0.11686722030134004,0.0811506767068277,0.08969609377989046,0.12199861172334024,0.10781182457005128,0.0425602747352181,0.25889542454877246,0.09568057200083728,0.08533930163372246
0.12013731296392166,0.05202401347289707,0.13200470084190183,0.07735608478706026,0.12094410763343555,0.14739086708060214,0.057759919885835585,0.19803106386286215,0.0943519294714838
0.11268235217010103,0.16175039556001955,0.13065786674060453,0.16536733425985317,0.07019350450437352,0.07295307797761587,0.05505691020117084,0.12557192535175676,0.10576663323450486
0.08373794893129805,0.177827094330581,0.10645865104304553,0.130392329578055,0.056236977912093165,0.19672235222206283,0.052804206254868584,0.09896621432805834,0.09685422539993754
0.09273339930575081,0.050191027606622834,0.0936925595329563,0.07682877182156446,0.0985155285223291,0.11792177887541733,0.21504386174514303,0.1260349686049586,0.12903810398525759
0.11487433177078714,0.0466405157528885,0.13157323955264602,0.15340102318742496,0.11015904171673868,0.050881878348827375,0.06516189370719609,0.2608017397524046,0.06650633621108666
0.10073305996738542,0.04480476833777214,0.11058983033383525,0.09342277865106365,0.11473415749324356,0.13185620583128746,0.11751949830001733,0.20604554152535437,0.08029415956004075
0.11791206473821221,0.09879710025369072,0.13414084244154934,0.17206485238384026,0.12080193004812628,0.050331282730575334,0.07791160872353435,0.1270629814884168,0.10097733719205475
0.08672935346168215,0.0570774317453365,0.11791197040771396,0.10636869325880006,0.11277579175734669,0.09052936936025842,0.19990106566963103,0.13784681135589974,0.09085951298333145
0.10804307140029412,0.10339836143955257,0.14112069031151805,0.11731468535967243,0.1216254576015459,0.06664884740644468,0.09008956020384722,0.10888777959061956,0.14287154668650548
0.16623019553663657,0.042974931151160474,0.13221597011512434,0.10333031030977076,0.10891183279346768,0.1225731588540258,0.06256793091594988,0.0769850729934383,0.18421059733042625
0.09268304664221537,0.1472424076442109,0.10101240531548823,0.1340358852910539,0.1138012901814545,0.07917624106132054,0.14706831729642844,0.10300438201638941,0.08197602455143882
0.12018183227629224,0.08186069672603224,0.12739056006129632,0.13686364826807965,0.1268164563622798,0.077119012012996,0.10739915854299419,0.11313880317801873,0.10922983257201078
0.0704151408805521,0.19539384603859392,0.08624358626808436,0.09950391127453652,0.09387178222629942,0.22117175432111488,0.09063094492207169,0.0600005951404688,0.08276843892827827
0.11070684906329498,0.13959707948680397,0.1287723553168336,0.19613412723580578,0.07334185683137284,0.04719037542817062,0.10406772757701122,0.12267936897308764,0.07751026008761942
0.13235482049488523,0.07630926822254286,0.11993075963123688,0.12350102185915718,0.13225939252484278,0.0739528600753149,0.13372139188893792,0.11835944005787162,0.08961104524521062
0.10430095617983666,0.14504762989856432,0.11715381369151019,0.1674453074625765,0.11561279928235187,0.05516952784226123,0.08337151811773323,0.10446368174203423,0.10743476578313173
0.15890171598750097,0.095004685272488,0.10857901655974005,0.11861280802890302,0.11319110357704748,0.06137125760250351,0.1206369143297441,0.07048513779224254,0.15321736084983031
0.10655998275097482,0.08515069505450619,0.13883968154794807,0.07538798145475584,0.12952161712489593,0.2257636417635679,0.06482970902202016,0.08204761774828755,0.09189907353304354
0.1306486888761265,0.12076221481660622,0.1068101225434049,0.1312484952557271,0.11055603486378422,0.06483751445410164,0.15167122028329943,0.061621359448487616,0.12184434945846241
0.11031725955093574,0.07774394662363802,0.13041973081963568,0.09847512602137605,0.11883672447884212,0.09975972819925664,0.14388876035110595,0.0943987888300748,0.1261599351251351
0.08946759072887062,0.20625362058979943,0.12581715446146316,0.15299883486830898,0.11608085267727775,0.0650665493955092,0.07440648725948873,0.06391589345955755,0.1059930165597247
0.12265397805132637,0.09860323863501437,0.09784428695005354,0.11638439197955297,0.10678299499554973,0.10393635813128278,0.12266673957308076,0.06650322471360089,0.1646247869705386
0.0802488062033468,0.05810207516751278,0.09729782817428485,0.09973872301263931,0.10247482633085885,0.08785146268413456,0.21794583700312872,0.18840205500470905,0.06793838641938518
0.09504840405491329,0.05122740106237534,0.0948699506874718,0.08625074349396429,0.10370199379799055,0.10861625915495439,0.22038397847443,0.14499173894226414,0.094909530331636
0.09029463946305227,0.09989593977236244,0.11389494085313012,0.08127410096406051,0.10434767653586245,0.20321490995196986,0.05239984740292653,0.1142641519722038,0.14041379308443205
0.12157336602118272,0.04505517936928712,0.09488233438824195,0.08720938609365242,0.112149717734999,0.14745821480706864,0.10769193712296692,0.1986514694499386,0.08532839501266254
0.0882875644236168,0.06020930736666095,0.11506698205783333,0.08893477605791207,0.10712052501936166,0.16658919292749486,0.1511027983434732,0.12475097612926456,0.09793787767438256
0.12123557807889969,0.10136000827493095,0.09634654111449796,0.13688217710783868,0.10701069829609487,0.04144803842113222,0.21922925316023711,0.0782244108293827,0.09826329471698586
0.09243016261218924,0.08682709306509513,0.11651007736491147,0.09165456409791073,0.11381860749500788,0.1314289470211891,0.09031637947760159,0.1517262029783608,0.125287965887734
0.13062919990662128,0.04397182081760801,0.09968230207615496,0.08623349343347823,0.10381435499442071,0.08383186975041397,0.21970208876816966,0.09065992240901626,0.14147494784411688
0.10734818252864697,0.10512422853128141,0.13112807698970605,0.13359259882721233,0.1229129852139627,0.07833478249680025,0.08879692147181811,0.11180308554324965,0.12095913839732252
0.14781732894929425,0.09586342962696522,0.12457733886937299,0.11571514874076072,0.1274988566954752,0.06286335690087798,0.1206766300142672,0.10712929003703381,0.09785862016595265
0.11390130587582986,0.03327633601580567,0.12692991427434772,0.09013040409657543,0.11234555615816284,0.08941567378117954,0.2261093297953798,0.0918351006027099,0.11605637940000925
0.10906324376636954,0.041462221879313775,0.09951091429251113,0.10559419018824755,0.10794156009732718,0.05332868280515533,0.28735738621845885,0.11225262068711983,0.08348918006549688
0.061470211637516835,0.19988481173870745,0.09159728890995604,0.10280536445524953,0.08752411993734954,0.19931529751285337,0.08839297549537632,0.07947396535501054,0.08953596495798043
0.11380277507866192,0.1046772323891446,0.12457265479388878,0.10925438501608525,0.12696391781346883,0.1318165539372207,0.06257514340656863,0.12527920000196663,0.10105813756299468
0.11061068344791848,0.1251273290911918,0.13759245876105655,0.14829849900573042,0.12326079838186203,0.06933248461515186,0.06212612759165923,0.11937485208650457,0.10427676701892508
0.12495294732176838,0.05733088113894336,0.100715170539926,0.13596424129276088,0.10863097232468207,0.04338139966865937,0.24031442423674787,0.08851049311339247,0.10019947036311962
0.1315312158953147,0.07936087902187235,0.11380360981606909,0.09978242500319055,0.12765677173862613,0.08837272443847649,0.1631320547111628,0.08402516767500996,0.11233515170027795
0.09624159464433533,0.08370592120315484,0.10727378009218619,0.11745671206102726,0.10988681403515638,0.1083297821512312,0.16047013310675115,0.10689249206931996,0.10974277063683764
0.08782212419537927,0.05770847521947494,0.11268587396087161,0.07026133916415944,0.11253937693139233,0.25574955842285757,0.09133183696426483,0.11372863886480661,0.09817277627679344
0.10787161741331502,0.06709243023416755,0.1299444868790061,0.1509294767409335,0.12692952102236593,0.03613434670645536,0.1514587266905919,0.15011236486813628,0.07952702944502836
0.10905053119165053,0.10451924377005943,0.12860333814469346,0.10350870351920634,0.12472838170346918,0.11291142132264503,0.06994641360607715,0.14908584892991159,0.09764611781228727
0.10503159101057002,0.14070147391774526,0.1332749777230116,0.19696365440038174,0.07391222527000828,0.039607207584568184,0.10834285907752672,0.11345308704924274,0.08871292396694548
0.10439354529964379,0.17390056446607385,0.12840869887330764,0.11991910632699465,0.11595973210661696,0.1381593600564288,0.038462863126027244,0.0895085669310019,0.09128756281390515
0.1007558997009686,0.20690932180051688,0.09886335236429943,0.10186402714737496,0.1115945962459068,0.11497662464082302,0.06636862488996902,0.09165325279268703,0.10701430041745426
0.11045887478773465,0.11451373865578286,0.10683830487739432,0.13904476677102526,0.11914973479308431,0.03423583852699643,0.17198388131985767,0.12166203617430328,0.08211282409382102
0.09682543165040049,0.10182747485165367,0.10497730661162906,0.09616611269753828,0.10841965271089547,0.07408054209699655,0.15464805228981082,0.14652900201576996,0.11652642507530574
0.11965264067734878,0.0554312905459785,0.10387932325036486,0.12723075415348448,0.11025245438114713,0.03827875015834854,0.26791117258094344,0.0702537524970227,0.10710986175536154
0.08396784863793805,0.09369292380150336,0.1358231265242491,0.06874224883684414,0.11076129664141347,0.2053302673024537,0.07757024337507319,0.08736785131233943,0.13674419356818557
0.12730018773708424,0.05257175387168058,0.09106712357795306,0.0873827095980374,0.085889579371861,0.09559330131156336,0.21060136290578016,0.0620108455979558,0.18758313602808432
0.0951817027852951,0.05955476860932746,0.10524004705324974,0.06282977925362432,0.09963754079695393,0.2570856347376294,0.05584147177353182,0.12761226320428276,0.13701679178610532
0.10336228189738973,0.0921724833870561,0.10604917106920729,0.15892719556204407,0.1066385133506998,0.0376840993336199,0.24394253479964456,0.062374809834864015,0.08884891076547448
0.11183077136464388,0.22856159661880115,0.08295029679605381,0.1558435763962624,0.05276384968996047,0.10599281135678564,0.0726861994617508,0.029575833421814777,0.15979506489392714
0.11315715955254546,0.058812023745532294,0.1419461350963743,0.10768186765655717,0.12197861803189265,0.14481141920751456,0.07209357774450753,0.14478476490358952,0.0947344340614865
0.1514998297943959,0.06804970633490916,0.12631636168250115,0.14349947296466395,0.11888652737939538,0.04688442838043724,0.1257559071570726,0.06998298495923744,0.14912478134738713
0.13397635340599165,0.09712179489808788,0.10976429860954323,0.12655429691112413,0.10922403189596236,0.051392720517276204,0.1580117589382425,0.06125227250091134,0.15270247232286072
0.09053069566028189,0.07235981450430233,0.13224884344823884,0.0686477980359171,0.1059983308561407,0.2302328644532113,0.05348590007166429,0.14928305074829804,0.09721270222194552
0.156724628233981,0.022599706682618386,0.12104703751637524,0.08762702145999846,0.11222871912463024,0.06910337971608847,0.17083489127728502,0.08158547936066102,0.17824913662836217
0.12212319264930827,0.09546266178055272,0.12904836107188755,0.08288185024423451,0.13177343047184553,0.16481021685731015,0.0707791995685818,0.10011995593856743,0.10300113141771206
0.13246221239881228,0.08299241041904966,0.12207537979495503,0.1561586962378778,0.12493392616360444,0.05089010177866049,0.11956392753749978,0.09614388781049697,0.11477945785904352
0.152958428554795,0.04376389789240487,0.10490644635161837,0.14388688477446185,0.11115979177054804,0.037815652394543875,0.13594871248950047,0.20091368437524135,0.0686465013968861
0.15022767548693303,0.11007258809435848,0.10663742392950615,0.19352736116340866,0.1129722898813907,0.04881954680826448,0.0833685703018706,0.11901216260053356,0.07536238173373437
0.10075180731501472,0.08844935285172224,0.0876224162129397,0.08626690789471943,0.10084612735764492,0.19629502207508695,0.12818194530604757,0.07773306857498509,0.13385335241183935
0.08989178967727018,0.14623284021392025,0.10472775980959188,0.09357590907072721,0.10295404677386928,0.22397858137402613,0.039295299194574,0.09215292131777213,0.10719085256824884
0.09171455405875752,0.09583065579069533,0.1004958922479029,0.10479698130958055,0.1129998989500875,0.13697646156896431,0.14819707490411652,0.1158921917746112,0.09309628939528412
0.10787335741527443,0.08285173045534741,0.12144385869496586,0.0996378338524881,0.13295502251268473,0.09518406442527187,0.13681985798147192,0.14968014161245743,0.07355413305003826
0.10606501911319556,0.10834756834892402,0.12005969464495196,0.1121767428116508,0.12124351774884416,0.1264052313789042,0.08510123660981099,0.10977762356523064,0.11082336577848774
0.09662410085350918,0.09283990768680611,0.12054160510667929,0.11002295942842828,0.1177524422111101,0.1417494347052771,0.10510528996213175,0.09919137623445949,0.11617288381159875
0.09281336563059288,0.1893154470294194,0.13532207307041474,0.11821703342379229,0.11038639953150207,0.07321815206117784,0.08123663215966279,0.06926803517246992,0.13022286192096807
0.10694019065486353,0.06910547505269682,0.124125462028512,0.12191336323555492,0.10198179589856156,0.19600125458053144,0.04650184282731031,0.10105304146660798,0.13237757425536137
0.10080372377051088,0.07367450237851973,0.10253817060367064,0.0769438905555957,0.11070005944083482,0.16117367977697508,0.1821352303580619,0.059698544277225325,0.13233219883860595
0.12814137591450026,0.06425979802065936,0.11857749068662882,0.12190234798444821,0.12258637260474987,0.059412043868590725,0.16730072183841538,0.09824917785203874,0.11957067122996863
0.1228564342978485,0.06334547589105251,0.09308935560770389,0.054249456126562796,0.11106540147348416,0.0641642598279422,0.2155826830602309,0.18674624711042645,0.08890068660474855
0.10624537473054922,0.05393308132956518,0.1037961513011308,0.09096487971853869,0.11866121047853029,0.07604449991211333,0.2443973872933677,0.13279753163577743,0.07315988360042733
0.08808123788651678,0.20993454603120357,0.11880318766979375,0.10771736550765226,0.09890076790645645,0.16401875056031998,0.04471055506486765,0.036024682602321466,0.13180890677086804
0.1757148917188973,0.06373105567739475,0.1041194434287495,0.12299296919992664,0.12056064980828389,0.07297866055133106,0.13196101456306839,0.06558175540928927,0.14235955964305924
0.12240805202979303,0.1566544840895859,0.10891624238391223,0.12050625047200825,0.0518991496459519,0.18197622768960728,0.03438710568026974,0.13738113761460205,0.08587135039426962
0.10749037636865544,0.1273030284688398,0.13969443626403436,0.11866816297862,0.1320891623334499,0.07636042339958454,0.09073845403869137,0.10383030906328276,0.10382564708484192
0.10457320708919508,0.038691475431824836,0.08478429313451959,0.1324542881796227,0.0951987677468315,0.026722822241857205,0.35001953771791444,0.09742731537690548,0.07012829308132926
0.09969574145809851,0.11870411498817574,0.10776573815930479,0.09090918080474243,0.11318439627082193,0.08118487567535727,0.1252601197127853,0.12312153065931032,0.14017430227140373
0.1081089292782199,0.03699813882716441,0.12610022766854287,0.09495052033978657,0.11325070176431261,0.09838308059971718,0.14872374248425582,0.14353882302533771,0.12994583601266296
0.1396218495213343,0.09027137927737233,0.08856283784400049,0.15314058071413042,0.1018656309553279,0.032037126978901584,0.21134139338285818,0.06245095888689045,0.12070824243918431
0.1338488052654628,0.05923735215448184,0.11118652414246277,0.12515192574837797,0.11647899808987276,0.056607799262307544,0.1845685075736269,0.09355581268453617,0.11936427507887125
0.17438107848466386,0.06152961445381618,0.11592906755939732,0.08419871716677872,0.12282628524464788,0.09602654782016168,0.08806521563669208,0.07570021868700429,0.18134325494683798
0.11227237185065775,0.12214734617855005,0.11112152825376205,0.09150627916789701,0.11950811443005953,0.1739958789851823,0.05939765214550704,0.12645887094241817,0.08359195804596621
0.10233305697034673,0.1452438359769976,0.10201657955180382,0.1737558198772392,0.10547123376968459,0.047809604297848675,0.11196107820637606,0.11330079742423665,0.09810799392546661
0.11264212698277176,0.09557562615934674,0.09913488486783739,0.09107910965494727,0.10167911996653178,0.2052301308563513,0.08724183980115124,0.0711218839369731,0.13629527777408942
0.10013346586355243,0.1029661417777969,0.09541412767098816,0.13693609586082603,0.06332282257087914,0.11639491586507728,0.17974172247429798,0.0783764870057065,0.12671422091087567
0.14491397074692622,0.03294602016750147,0.12944812150906296,0.10828824529073393,0.12442176531068368,0.0877990466165775,0.08038826800320516,0.20073974786486817,0.09105481449044091
0.11234972998729313,0.11341720466186543,0.0989866187165066,0.12200065980509245,0.06225553671443265,0.05960594769028014,0.2279306700736438,0.07229703608636671,0.13115659626451912
0.11735635477621102,0.10820194680584098,0.09306654711442751,0.09429678728495228,0.10196766856906331,0.23778507381256306,0.03652229003365697,0.08522985251475441,0.1255734790885305
0.07751432075316388,0.15481778859849896,0.08257183229588524,0.08442107742371563,0.09548699771428633,0.231000343963255,0.12178709047276892,0.08134978432170796,0.07105076445671811
0.13469518130015642,0.09418174082123305,0.13445893805095896,0.16024609750973953,0.06418825707808219,0.10662482182013745,0.06342796469301433,0.16443974881303633,0.07773724991364171
0.10528981237273326,0.10399060959980162,0.1127477814514682,0.10391822412413891,0.10105168493148481,0.07416750966566288,0.2317793814537624,0.07072977905041054,0.0963252173505373
0.08277218959941617,0.12988067773345516,0.08727081058340709,0.10192012559066566,0.09934759792254143,0.13862898518035136,0.13509754365699864,0.12280542093458202,0.10227664879858246
0.13512582870250425,0.039123392222413046,0.13320726601935653,0.10510547502780494,0.11341038742009674,0.06518905527807729,0.17112432107921793,0.09149121264142164,0.14622306160910767
0.09230728798538129,0.07666320563689534,0.10745005454353007,0.11044790118371188,0.11617850132225684,0.08662601656905548,0.19875534493703695,0.1260109156563566,0.08556077216577557
0.0936169889775643,0.20030510404877497,0.08569674227065495,0.15197097317171018,0.05607897457503045,0.0971843588298963,0.11452938942704954,0.0585331914464699,0.14208427725284936
0.11127941369229977,0.10764226352470135,0.14801869859573977,0.1325154877736631,0.13436295436390325,0.08886292000455764,0.0595537305518177,0.10431057458298927,0.11345395691032813
0.11648342690051565,0.11462970918554434,0.1208234120948068,0.20516231933569662,0.05823862882487798,0.032965170561078734,0.19127207649515476,0.06261150721652332,0.09781374938580178
0.105728941940327,0.08078760270863984,0.1125057944119517,0.1164506725166531,0.12434712657736706,0.09004174725300874,0.1483962189247223,0.13263400807045483,0.08910788759687538
0.1084786553885226,0.1300190274952463,0.12200995360715224,0.16870433645449925,0.11680517689569365,0.04842199365997137,0.08038625741820458,0.10825645081267686,0.1169181482680331
0.10931433843234045,0.12100729380070814,0.1310463869847018,0.11625641962186052,0.13382553795845412,0.10235380939433118,0.0958675432447353,0.10461640848014508,0.08571226208272331
0.09702092126970628,0.07561493353586866,0.09969397139810822,0.1041536936571475,0.11062812090929262,0.08719313676788813,0.23794635685046686,0.07899525625695304,0.1087536093545687
0.09343777526657754,0.08466945841597869,0.10539589899396214,0.10163965595504998,0.10837658429977841,0.21433234741830506,0.08922938865666767,0.10394756099495968,0.09897132999872084
0.10907997239217476,0.07088219770225865,0.13905202365444064,0.09724179106369928,0.12530544774376806,0.14219008818293932,0.07072636857848115,0.16500608029408506,0.08051603038815308
0.1151921504470017,0.10762107168313996,0.1365431851613173,0.09394600755091187,0.1298707872472443,0.1249929632599165,0.0644327044832529,0.114463835166565,0.11293729500065054
0.11126589409852904,0.08955828632970718,0.1393612511764791,0.14069383955133796,0.1250491055734307,0.0850439866518231,0.09572181274021245,0.09290132661705341,0.12040449726142706
0.09945983333921447,0.005724649292405654,0.3471524514774402,0.06381412267239073,0.10442718857013372,0.06580379673247677,0.14207020973281653,0.12798094605310342,0.04356680213001838
0.0747433312090832,0.15073576846642303,0.1721081031324053,0.12670406372410167,0.0637133488243927,0.11508838279402374,0.11646087528161526,0.11117708921954172,0.06926903734841343
0.0704151408805521,0.19539384603859392,0.08624358626808436,0.09950391127453652,0.09387178222629942,0.22117175432111488,0.09063094492207169,0.0600005951404688,0.08276843892827827
0.14149482101636793,0.07088585876389299,0.11477657833740784,0.17458370907094636,0.11707173470666092,0.039976581337810936,0.08832870524577903,0.15210553644597505,0.10077647507515901
0.1574690211960145,0.06997808786726907,0.11673536372454153,0.1234577751868926,0.12106649198875291,0.12303767949874185,0.04698274462447174,0.11541370454930483,0.12585913136401097
0.11789798218381083,0.09994919717518129,0.0957947094885836,0.10936321036000092,0.10341182514001547,0.06442668173885478,0.17529467268374155,0.05402041299482571,0.1798413082349859
0.08762831088656338,0.047712288076807975,0.0935947335882838,0.09476098476517059,0.09711126988127285,0.1464125765156534,0.18911317984394913,0.15368888514569004,0.08997777129660896
0.20423692328244183,0.04638963525202478,0.11841397103835367,0.09971165685895776,0.1336860265523622,0.06586960386526243,0.11481489476772604,0.09073718225076048,0.1261401061321108
0.10727427111600953,0.11283986105566667,0.09648395506560976,0.11716186125578414,0.10879806272873445,0.08420286160517988,0.19323504405872027,0.08827900268951279,0.09172508042478246
0.1431091793303049,0.060371819922992835,0.1460692035596566,0.11370204352074485,0.12658803837692903,0.1557980961651624,0.030878660966280627,0.14489644439362764,0.07858651376430113
0.16376651734692668,0.054115345851743844,0.11501726334364322,0.13215445479989785,0.11777568691838232,0.06867268702847508,0.13332427606277042,0.1059752851000129,0.1091984835481477
0.14885726255247433,0.11724708806341416,0.1108773790540792,0.15017231464943206,0.11943772572355536,0.08898601932375778,0.08090416523508953,0.09786183743744443,0.08565620796075317
0.13908844289226882,0.05463637660169296,0.10490957766208225,0.12979193833769068,0.1045636575316005,0.062053623075840204,0.192487691796455,0.06412095140419918,0.1483477406981704
0.08602985270840556,0.06620151787207618,0.1124268728694352,0.07217826854773882,0.09695715935534792,0.296516406316449,0.054075646304706605,0.1401744796153602,0.07543979641048044
0.1136842838028798,0.1531945779104534,0.09876223888698472,0.0965130611846133,0.12132209710582921,0.1276278706825586,0.09191970200856596,0.11825017811714032,0.07872599030097475
0.12152744665565667,0.09994691189780554,0.10440148632804935,0.10146624243472446,0.11671272359007463,0.10471049359261975,0.1362135479156881,0.07654889744044749,0.13847225014493403
0.13071443371932098,0.11048734405045897,0.10370044594876528,0.08672160298451555,0.11667476387225852,0.18285062511953734,0.048553220035698674,0.08267044787054678,0.13762711639889785
