0.07624729223385089,0.08373923927691823,0.11051327600131527,0.20166314972202862,0.2816428555066875,0.12088624222747617,0.010461389753190229,0.053141173669967685,0.061705381608565396
0.1490906069431647,0.12391577418222917,0.08940684455139604,0.04228352894503954,0.05069735890338628,0.08957213692228838,0.1294539574551819,0.19441870045508733,0.13116109164222664
0.0863247611591278,0.0893536587950266,0.0828810957205775,0.14851051175927066,0.30842395283918916,0.08070222411757877,0.02182006076155141,0.046456278744449166,0.13552745610322894
0.1450320776500698,0.11760384511075202,0.15382902388541,0.08824321632571099,0.12394933429276639,0.0958549267125101,0.02816538224533584,0.10673316812110782,0.14058902565633702
0.11189031210814149,0.12858495820982055,0.096133729304212,0.1829361689700079,0.0857295312012674,0.18383845357143427,0.019712959600749282,0.11461825228493416,0.07655563474943289
0.14846486138239245,0.09855023049473376,0.10903802838682485,0.04168653339312952,0.09934777382732278,0.25116229173337995,0.027756043363978498,0.13032141857849508,0.09367281883974314
0.07584734729491092,0.08027985981790087,0.066296127941055,0.05772760100910836,0.14352270687676208,0.2984589801718815,0.12813540906750895,0.05769230592925462,0.09203966189161776
0.10050664353432404,0.11855765703857539,0.08609747332601954,0.15102998743880883,0.07753148281041167,0.010136326971305775,0.0688731999464192,0.15811036160372074,0.22915686733041482
0.10045130588612071,0.13089437359766734,0.11425754285761684,0.10069076923349003,0.07619562585403229,0.06630048105954132,0.05490982798842255,0.18507140972667424,0.17122866379643464
0.07509158070223586,0.09743288358646063,0.08732506899675697,0.0620677921751401,0.20946786500489833,0.23699938422372613,0.036392439597329775,0.08950973524354804,0.1057132504699041
0.18601221079464683,0.08373712712908639,0.08264742216505706,0.06769062766904023,0.12257326512620322,0.25724279508630027,0.0772957235923396,0.050203881705939535,0.0725969467313869
0.1414239231430009,0.0986711397575405,0.10222326323184165,0.03741291017997856,0.0766298388350543,0.22723135332456942,0.036546587048210843,0.13731479636270205,0.14254618811710187
0.10004390413552271,0.10117484087854471,0.08352424831441894,0.12993949541256156,0.14541056713630265,0.26041880166016945,0.019204110010607553,0.08818002762658779,0.07210400482528463
0.10185473044408992,0.07031468130877781,0.055096092069490676,0.021580837435257447,0.04852347217709526,0.2955505542754965,0.23199790022241304,0.08225950921726362,0.09282222285011583
0.09342268779331797,0.1459006841457951,0.1073944014017197,0.06475388830600676,0.04068088601179878,0.19910276858916223,0.09470270169455337,0.1033933928936227,0.15064858916402327
0.12583714893378067,0.112712417139029,0.13754617300873515,0.06231426785752318,0.060352967732067914,0.08636354368075654,0.17469061466678948,0.13887653344558273,0.1013063335357353
0.1049930703635475,0.09722888977796629,0.11990818328772164,0.034306303316824854,0.13138421809377213,0.25096137457781387,0.0745768320459681,0.0864879303132549,0.10015319822313073
0.07064718774248488,0.10982874370623368,0.15469620733316308,0.0987569882020239,0.09437068272353165,0.22447114851881508,0.09682777299836202,0.07014769086425586,0.08025357791112986
0.07399998712526577,0.09692364978495588,0.11084424588154125,0.03995639087718753,0.15840897439148205,0.21135858988957512,0.07961146201179949,0.10873744946105528,0.12015925057713761
0.05911398467573076,0.0987310376674811,0.10084100274682938,0.17324358994715983,0.21911645505532096,0.17195142052162807,0.04557267316022425,0.051052958389190856,0.08037687783643478
0.07020976912362274,0.08548440911931925,0.06945650068966956,0.17929292167728664,0.2573216385387131,0.18658005315266468,0.009466785436792515,0.05365176057002865,0.0885361616919028
0.13083801595605568,0.11580220657233369,0.13695536718316484,0.09144469463269965,0.11307308520182742,0.15637067771238713,0.01260310272058524,0.13578493097676028,0.10712791904418599
0.11860227994880378,0.10841359945290034,0.11892592933398811,0.046576512276473435,0.1612902662273951,0.14519929000555987,0.06105748615017703,0.10681652897731307,0.13311810762738932
0.1256279599318277,0.16264846115287054,0.11244593289255096,0.0712140378580397,0.069499225332307,0.034998206505403716,0.07196837224596812,0.16810182796069592,0.18349597612033633
0.04472939291989502,0.0488879765929973,0.0327756311889304,0.03557826517327929,0.037524303419086,0.26724738630758055,0.4606261973357369,0.02959827592905398,0.04303257113344056
0.09475766587524624,0.10752560293303774,0.1274900894097671,0.18203465719269052,0.08059849551771871,0.01446403020265869,0.10044583713393723,0.1449999785138203,0.14768364322112348
0.10750563668683737,0.11144904925405195,0.1054733071612301,0.050884578980705863,0.04912721170732088,0.1956695099331797,0.05010457567241897,0.16550441696077375,0.16428171364348146
0.12824410239022171,0.12759356939604038,0.13577116541849632,0.11094267863235695,0.11904391078355749,0.11182771999417429,0.0559984369827712,0.12131356801204007,0.08926484839034149
0.10460809282453336,0.13629996512747658,0.14707104775443355,0.1020888351893161,0.060788215903835215,0.037840321213393084,0.06556596095812038,0.2032369449085746,0.14250061612031711
0.11764585865768916,0.12751910692075627,0.11928415919241425,0.14138097548691828,0.125473953313496,0.047409918636381825,0.03541406741606721,0.13219950985936768,0.15367245051690936
0.07670147828455531,0.11425862641562316,0.11148335927363513,0.07279777011906208,0.15245785047617708,0.2049712798441511,0.04908940755485542,0.10354028292694765,0.114699945104993
0.15009013307665361,0.09879637198348008,0.09210382516214427,0.0770133467780078,0.19342731139126298,0.1270686401331599,0.01842591489187929,0.08375406371308382,0.15932039287032823
0.12684219538085006,0.11469331803731538,0.1335322827343209,0.0578184488557656,0.0648118961769607,0.042390425191829874,0.08186104092099193,0.23822678436253833,0.13982360833942703
0.14874468011701056,0.11704139128548918,0.16314945294426206,0.15630281375321478,0.12425746551124299,0.044420820226957085,0.07664983681901098,0.07783385035594187,0.09159968898687045
0.10552176363324615,0.13500643839777166,0.10532603116474548,0.10319468111013863,0.13146529486053796,0.1887338925525557,0.02414958753429596,0.09748815744292554,0.10911415330378295
0.1160703617304631,0.11100648431438243,0.07822701306040099,0.07212641524959268,0.08527339460093435,0.24774639541657384,0.0455894476668711,0.13723293440675546,0.10672755355402608
0.0927552556705135,0.09993547101937528,0.11276524149600099,0.1531580277059036,0.23192594909905087,0.1294522565846242,0.02567583250477064,0.04880152838057265,0.10553043753918834
0.06269272783615122,0.08807319585535493,0.06538579338078383,0.013954340569690263,0.0301553215108961,0.18799827037065198,0.30779308157387886,0.1053959148722189,0.13855135403037389
0.07719940259962961,0.13993053048383322,0.1337123443833815,0.06373083021533042,0.09960340811205885,0.13623009421765853,0.09080705980007349,0.10972861841181088,0.14905771177622348
0.09938338918990147,0.1062213006598407,0.12948189789003822,0.18163033649280194,0.13566199859528413,0.19780571466683183,0.01563134074325666,0.07060173222341683,0.0635822895386282
0.0663368967483313,0.13344691307905845,0.1239644770971829,0.04959278222978736,0.04665517593682952,0.07669474395985106,0.27343644342420115,0.12846968062911898,0.10140288689563937
0.06936015300648625,0.09427498124386054,0.07684753573943677,0.045630465027187095,0.08528882592084423,0.32749115754194574,0.1491046658020104,0.07634597946387262,0.07565623625435634
0.09825043157252063,0.11194167846434612,0.1466673694350679,0.053519678601184374,0.09115941155442321,0.21566501502770233,0.04542869061306479,0.1319344646474532,0.10543326008423742
0.1894824514055736,0.10708400477589226,0.10680082747089097,0.13523088810541187,0.0944473926031028,0.11467648728281936,0.014700092080256624,0.1533344197699353,0.08424343650611725
0.09525422492574448,0.11049780786511625,0.16214655807784983,0.08712028201828513,0.06664732220318319,0.024283527506655803,0.14149097706035677,0.14800119400611567,0.1645581063366929
0.14550947389553778,0.10967182172921904,0.12285253795643125,0.14123447309286238,0.14452247892969736,0.15920925611252987,0.025905474145260343,0.07536944033410649,0.07572504380435553
