0.10932989049477237,0.129588189627175,0.07550156572336224,0.08936393246310692,0.11384896643608729,0.18593572219990992,0.11109394803946586,0.05944893133160343,0.12588885368451688
0.1054518772750434,0.09848201095576402,0.039517033669887014,0.11903920362576231,0.10156341803082042,0.12365853338690187,0.1237813935537009,0.05787223933004418,0.23063429017207593
0.10902726638730302,0.1318924235841552,0.12323200290208557,0.10561799916508628,0.11462282868721213,0.12520438137031353,0.11507481726766366,0.08573825116881874,0.08959002946736187
0.07269466367345613,0.10027346185073933,0.14902736898830635,0.043174299498477064,0.11171213812698755,0.10231108718689684,0.07965440975320433,0.04829332329830215,0.2928592476236302
0.11417376489586027,0.11511039662796911,0.11163847390538646,0.08978047992065026,0.12717658042171634,0.13067595843056887,0.09795388098318031,0.13270094980702604,0.0807895150076424
0.05908446697091333,0.08250985849960385,0.06880132260883949,0.13231832514457853,0.08624126643147033,0.07431249599688128,0.07106485347989443,0.03852401347977151,0.3871433973880472
0.06902592551178686,0.11342318506963124,0.2528093953521176,0.06936683953945688,0.12022437972800398,0.11660146237690233,0.10686295502096199,0.051689988451945744,0.09999586894919334
0.07486285892331687,0.10269184097586642,0.03558719518844361,0.10715144129894676,0.11843351660216095,0.11318957309963174,0.1103041354084464,0.09465391172556932,0.24312552677761792
0.10658198694479241,0.0924820080995692,0.018579084041616487,0.13490057292630928,0.09948179182680798,0.11121210111578538,0.07731050087092357,0.05323632486415578,0.3062156293100399
0.1142710738123079,0.11532167299105432,0.12395179411502966,0.0928051322495617,0.09249677733548944,0.11619468421266967,0.09546728934539006,0.0849569937868415,0.16453458215165576
0.07290768891847071,0.10811804430883315,0.22459895520376763,0.05629330537503554,0.10024712195953824,0.14809620700715007,0.10158240796571995,0.055899889100090284,0.1322563801613944
0.09505226304321712,0.09322001455076352,0.06327225581422154,0.1876116960154638,0.12019863671140947,0.12952621570378495,0.07991791060932145,0.08818066023437665,0.1430203473174415
0.10149437300187399,0.10686688107043318,0.11090603241835602,0.2451677718027153,0.11762170288770875,0.09206494226686417,0.07570468022788228,0.0906726395981843,0.059500976725982035
0.06776598447867994,0.11958126442012229,0.04176478525402036,0.15652070754147737,0.12354287229000338,0.1299436741739445,0.11321537298562313,0.1269198091676695,0.12074552968845947
0.10330260241130203,0.1048981763653261,0.16162439324232294,0.08479216916361289,0.12929922454187806,0.1352997260444835,0.10260353374563576,0.08597014171362749,0.09221003277181128
0.07388790378522603,0.11817090434573312,0.05473835007040644,0.09640264251981312,0.14624542773741478,0.12008642790077044,0.13563037938917719,0.07559311256841743,0.17924485168304147
0.11721596950217461,0.10364182698002926,0.06266211508059999,0.1759637760839182,0.10731025551266278,0.08945659608303662,0.08140875049467364,0.06318185897838587,0.19915885128451905
0.19095751142348658,0.12548266682535728,0.05720554379007189,0.04977694985127965,0.08429193558764404,0.12230401886654474,0.12781797358545127,0.09829349460892871,0.14386990546123582
0.09881262478062842,0.11440416038217233,0.09123356195348814,0.13286960644934667,0.10209159955615806,0.0871258137485133,0.09267080953487915,0.0628078589433491,0.21798396465146488
0.07724041507245231,0.138328349337457,0.1396519705558026,0.088294468973818,0.14022538652688568,0.12407998408549586,0.1063781994436352,0.1273146518464133,0.05848657415804001
0.05811137783457824,0.11269215312872889,0.3376025590709193,0.04497912214805048,0.08889156531184601,0.1269768303661519,0.09655768387384116,0.09382343170887784,0.04036527655700626
0.07517631699901735,0.09662525686731281,0.09172892211809157,0.06547779161620616,0.1045505609107855,0.11794692291338083,0.08407380669044284,0.06437246982827716,0.3000479520564859
0.08337006613417586,0.1526615255496395,0.013314278434464073,0.11485937623594371,0.1094232920596901,0.1327444209107812,0.17689947286479826,0.1395862881713443,0.07714127963916292
0.08853688230440837,0.0987631988407512,0.16801828855956424,0.14144712576075233,0.09759940821708808,0.10394825071747767,0.10755258001365135,0.08077585759486791,0.11335840799143888
0.07829260263766907,0.11320710534140889,0.0485030048265234,0.13861503100018277,0.1174870203114693,0.09868196026686875,0.10045802381166263,0.08241498590689246,0.2223402658973228
0.07508040220751404,0.12784814996058821,0.13376515865647545,0.12047034683252487,0.1370898538454607,0.12272003966246697,0.09519740848156384,0.07158912611317216,0.11623951424023371
0.08384421847655865,0.1078108014465926,0.025491593381538283,0.14258458250681819,0.11138433554947369,0.11266721582739903,0.10594110263213402,0.07589796748221055,0.23437818269727498
0.12633686899917587,0.11131136506502105,0.0701251897852404,0.06712821257405552,0.1487940622723168,0.11479344422227185,0.20837452677567278,0.08699204478952582,0.06614428551671983
0.0629999237967817,0.110864102597214,0.24014321296479157,0.07442803745620907,0.12661590290111252,0.12989187203671576,0.09899969393936314,0.10598728661260186,0.05006996769521038
0.09364849970282212,0.07726901447977814,0.07864768297366337,0.036743647880858765,0.08916722296883785,0.13274306083595291,0.08257432797890607,0.050024396323096514,0.3591821468560843
0.13127081934878568,0.11766777700220288,0.04963408260895898,0.15806939802537046,0.12238307152224744,0.10807003262743924,0.10290412743376764,0.16117597397961284,0.04882471745161487
0.11611043157308136,0.1271346759237441,0.1415373263604425,0.10186946447935186,0.10760236077339741,0.10504907358986097,0.10249462603640112,0.13034086056553604,0.06786118069818471
0.09263600541265193,0.14083188983290038,0.06681037134328471,0.09870929191157407,0.14731302277637318,0.17282563637015266,0.12266088295034168,0.08551712620546881,0.07269577319725261
0.10967486435733247,0.12572599821701794,0.0826959001759939,0.03331342889575271,0.11434571575638326,0.10351017942933653,0.18902125608241302,0.22410151416450008,0.017611142921269956
0.10031029677245673,0.13668989911067458,0.09000245604954099,0.05319227800964559,0.08903526142272788,0.10644039649690629,0.17133887860173855,0.24449467497768454,0.008495858558624792
0.10053513445917299,0.12422231153262109,0.07200916673563111,0.16243835420484354,0.11654776859638472,0.10525977910314782,0.1129624026598048,0.06631216794239801,0.13971291476599598
0.08149149219324205,0.10541577751783265,0.08859161615399831,0.15296273385878487,0.09838923377796772,0.11082839975723723,0.08169392314996694,0.06177335265310727,0.2188534709378629
0.0736052833498477,0.10336215495620012,0.08718337398643101,0.21067100675347625,0.12178032411536227,0.10596447829396206,0.07145372395865807,0.07406818798258706,0.15191146660347535
0.06826314082103356,0.09566707018525454,0.16746023242811445,0.11065762674968227,0.11769724788048587,0.1094676967762493,0.0933037924108272,0.06159544398668624,0.17588774876166657
0.08989392474641411,0.09039645125696565,0.11356723083802749,0.07503415713040791,0.09109688492869134,0.09023728992383277,0.06403499222617783,0.04756746554936799,0.33817160340011493
0.08993183999051246,0.15211084315181847,0.056202621206930224,0.14389787747177915,0.11407087067183401,0.10911664165095897,0.14721188519054515,0.15534013378883246,0.032117286876789074
0.2210406655043966,0.11904169487025823,0.04923695478352023,0.024447202928844242,0.07431448382063512,0.11429178248564241,0.1670134541579494,0.22051191110498444,0.010101850343769408
0.0729406819401018,0.0921779993889471,0.03991079583342467,0.1364288555434613,0.10242474263219468,0.10609097723750383,0.0945895813150955,0.060763974480329525,0.2946723916289416
0.10183290590804361,0.0960361864659589,0.08104726372758657,0.11381085482669899,0.09384622775892533,0.11829621935696677,0.08627122006616485,0.06647777768972697,0.242381344199928
0.12225758831363331,0.1165606954512239,0.02824801718041227,0.07325731541394535,0.12338881606281639,0.21956311532375136,0.13683364071602866,0.0829667192224582,0.09692409231573056
0.09716002254829416,0.11128956867378421,0.05378306945351036,0.180751194179213,0.10432008326554987,0.11970346770712004,0.09990872413016537,0.12348438805950461,0.10959948198285839
0.11435232136513662,0.1224958160307341,0.06354932349526854,0.13497002918645148,0.1345091767893215,0.12116524326554419,0.132351049744069,0.15314393637460524,0.02346310374886934
0.11549871166080476,0.09358186637666305,0.22202408043241625,0.11908523705028524,0.09859667265477944,0.1059076013167124,0.08125694588668396,0.0785920532624008,0.08545683135925404
0.08177722873820743,0.08082152440440961,0.34173576256222704,0.12608148557695784,0.08999998792741909,0.08688996808853959,0.07544325346487461,0.05950166793724019,0.057749121300124606
0.12611943341945378,0.10370684717336336,0.05118541741682084,0.11250481552805437,0.08698336272060486,0.11020831906330446,0.07747607993389805,0.08069583928723216,0.2511198854572681
0.08802439665459716,0.11114824479055406,0.13281698602743075,0.1530350400094738,0.11979816476296384,0.09301091061627442,0.08926291736568386,0.1093247630035434,0.10357857676947883
0.12032242862309421,0.13270495691820375,0.18736869047450203,0.02112839739723286,0.10537658224974682,0.14362022383834555,0.11283464508057854,0.08941103155681164,0.08723304386148467
0.0891163848379568,0.11569097260971535,0.05483767178926182,0.15679461838148764,0.11751755419198294,0.10262463519358851,0.13729968344356278,0.10022833521004232,0.12589014434240178
0.11191076251471425,0.08559108855180858,0.3967930651750329,0.0836219890070521,0.07825214619819858,0.08818294353213846,0.0724667899405471,0.06827149963195665,0.014909715448551344
0.10415100605265826,0.10089882870906165,0.0746227491466041,0.11696498975438496,0.09901926370100929,0.13726758780669066,0.08933466113173194,0.11357753868783395,0.16416337501002512
0.09325635590587229,0.12327743106387516,0.21894229740051574,0.02305362142710897,0.08867552832243196,0.10345837129028927,0.1955459354955271,0.08637375676134718,0.06741670233303236
0.07702231889368298,0.11740368687847456,0.1359987299128293,0.1476254629422866,0.1280394699734203,0.13625136377715308,0.09976748489363567,0.0817948335880332,0.0760966491404843
0.09534974667371392,0.20158035709752942,0.009552713313339003,0.0067534488437711706,0.10246129588562643,0.15261199975353032,0.22694017517267925,0.16539294018620518,0.03935732307360532
0.10887230974373514,0.0924859256167704,0.12771225019862376,0.16226828194169954,0.08439421771347493,0.12122302696574605,0.07135858576708787,0.07088430254189397,0.16080109951096835
0.10325711609810591,0.11017273012592373,0.08271838352046557,0.08538034410143837,0.10148257606795585,0.13560885746556725,0.10549457782681641,0.08621142110827851,0.18967399368544835
0.1083963310333459,0.1505996127346854,0.0404877504376605,0.10066975082479608,0.12667743051900363,0.11789748443675115,0.13036695996709088,0.08879078720742466,0.13611389283924177
0.09803809774864441,0.14244710001375704,0.05754759338193232,0.0458527400840407,0.1211938307639493,0.1369102261799258,0.15980335497992657,0.10165557895069362,0.1365514778971302
0.10121763142136236,0.1239533505838945,0.12137350029759238,0.11662583326192881,0.1087188472638762,0.15008326195385638,0.11103384443990966,0.09142990805608224,0.07556382272149746
0.1045665274615342,0.11007862441890881,0.06880437001428506,0.08193139526091935,0.11619802812453356,0.1460125593213398,0.11219298270699755,0.15678091414287304,0.10343459854860865
0.07923601168238377,0.1347685822040737,0.14883608818187008,0.05301398907279142,0.135440683238453,0.1554842865887128,0.1271682766173371,0.100083404673796,0.065968677740582
0.07017596893302375,0.1037961643958417,0.2589702553813467,0.11927282474338197,0.12493269091111085,0.1083374709657624,0.08494119748079627,0.07511698499898455,0.05445644218975184
0.07388097404637696,0.07904762292664692,0.02903615951773958,0.08090619419247413,0.07055928421475356,0.08742365786603312,0.06423603717872968,0.045240159288784866,0.46966991076846115
0.07708406899893656,0.08488252545082715,0.0731709862520305,0.11567058876459774,0.08872365231560032,0.08548774777572271,0.07239295746599497,0.053258586355670545,0.34932888662061945
0.13942699186912996,0.12576690210497846,0.05368500456718427,0.1071017465671874,0.12558937030990452,0.15994279023886784,0.10359392200874261,0.11575893254642951,0.06913433978757544
0.11153626763173298,0.11161141548357058,0.21532555424323854,0.09784256044463546,0.08786875751332497,0.1127467420982194,0.12129385808500785,0.12860047421030998,0.013174370289960087
0.1015755063468371,0.11120750731535871,0.05514155573794131,0.21911731177896487,0.1220714273650566,0.1129156461276188,0.10047981837498614,0.08299903853257123,0.09449218842066533
0.1001802347609206,0.12847405043051363,0.049153436230061125,0.138176913342561,0.13424711980882476,0.15152166681284193,0.13789402009074628,0.11767715774668264,0.04267540077684801
0.09564810458976408,0.11355712825364296,0.06029016321780306,0.05116332293558298,0.12632435998734506,0.11996190124149597,0.08129395124611634,0.10622839892230067,0.24553266960594877
0.06879227486312613,0.081237410810445,0.07985494134021627,0.1665071350235032,0.09682205113450781,0.09976805967039855,0.08022306890609399,0.046885048348335324,0.2799100099033737
0.08161672696092144,0.10666185716879502,0.1688593435576503,0.11224157083620843,0.10618477397777264,0.12753332359880643,0.08430192095304855,0.05908481081161839,0.15351567213517878
0.08807579640074016,0.11288406096131094,0.09527600164227383,0.08180801918735661,0.12110083752085281,0.15710536548544857,0.11386609034710464,0.1104760801456492,0.11940774830926322
0.09757449221775044,0.09338863328909419,0.04561639432269029,0.19074836384742744,0.08408163202385098,0.08826893145407849,0.08998357140432395,0.050092851580226805,0.2602451298605573
0.08436243761689283,0.1255241871633681,0.14596532969694256,0.04765126560659965,0.11627608326530149,0.16250494863640688,0.15458431997952662,0.10040952896126831,0.06272189907369359
0.07620484727416099,0.09715538714731668,0.08657674590116195,0.16473407430353218,0.12427526732266152,0.11312276464833844,0.07533114722362881,0.05760605431557362,0.20499371186362572
0.200361909787926,0.16321016512547634,0.04533389303136374,0.03306546882282924,0.09555697729941715,0.15713613048322797,0.15678893092220839,0.10944557105464651,0.039100953472904654
0.12588129369063714,0.1001621639143281,0.022059848434141136,0.04874185692305979,0.13362634076343904,0.1658523921823725,0.14355784851517941,0.10465845412780984,0.1554598014490331
0.08942655814901322,0.11124678232309715,0.10388739532039125,0.1466968901822708,0.12051084161406433,0.1223777094130483,0.12634649168645715,0.07663798850609937,0.10286934280555841
0.08268216375566502,0.1188619173189323,0.08780186155638497,0.09590764044761073,0.139847397051741,0.11960119763997594,0.09249918135546302,0.08803438025234393,0.17476426062188313
0.0970675065439915,0.11412168663241183,0.1655409177823767,0.04903648670712765,0.12110798683020862,0.1370350330337526,0.14682211818736865,0.11159755602411557,0.057670708258646786
0.1365806209828967,0.1465029383846014,0.029395321547593393,0.14680134386563162,0.09396649179065197,0.14664663446408624,0.115535517947753,0.1780677881153326,0.006503342901453058
0.09630663658714915,0.12824366216775077,0.1465861123372071,0.12701755498975922,0.12540115068162538,0.13358361917305459,0.11277206707168079,0.11605980844727108,0.014029388544501836
0.0839074935845013,0.10593652903991439,0.08453346619227893,0.05702437739257769,0.10898631861095047,0.14552295313962935,0.09362696249720737,0.0884951689644693,0.23196673057847117
0.10303889710240444,0.1313208086827826,0.05989020026389056,0.23894596670175913,0.10858166166944404,0.09579279004975287,0.11581055693847116,0.11121537049524029,0.03540374809625487
0.10039828355913594,0.1706581644286995,0.06042214558336423,0.061366158271119214,0.10094886239538196,0.11398334669470127,0.13952238011919668,0.12440248694970606,0.12829817199869517
0.060827419453234076,0.11171881380673898,0.21504684212167258,0.12160932900270179,0.11862434229221937,0.11943302864772909,0.09078464383103553,0.05218261755961448,0.10977296328505404
0.07846331169664378,0.12266055378947155,0.05764229222656048,0.04911568578049998,0.13062993127864872,0.13646182782241717,0.11076266425294694,0.13608227843157453,0.1781814547212369
0.08500622685325138,0.09359617393375015,0.1899832909451189,0.19257574173192563,0.10646417452354713,0.10636071524179447,0.08009453821142765,0.05833780401698191,0.08758133454220274
0.10326065280605719,0.09440202631187807,0.10398851967140728,0.0605355909296827,0.09156046766125293,0.09732231773546642,0.08685259330389263,0.06069568849574303,0.30138214308461964
0.14321951626861582,0.11053636745645036,0.09466066389396928,0.06373493389749799,0.06309927987515133,0.11512847324855364,0.2758789740788089,0.13126208692806685,0.002479704352885912
0.05450858563720296,0.09031855376288639,0.044691661150363715,0.06095924709114198,0.10383257151752191,0.1001494432215263,0.09500304981857903,0.0783482991667111,0.37218858863406656
0.07543201014043438,0.10956636630831422,0.057808281101511566,0.14663740764656297,0.12576001989640354,0.08586658306779822,0.1324367348987945,0.06252427248579671,0.20396832445438387
0.07766658485482135,0.09946530952620058,0.290660954447106,0.09286294397313571,0.11006076466667454,0.09431196775648387,0.07872556664150478,0.10087514676327723,0.055370761370795864
0.05921142896174616,0.08575472509118505,0.07171956765449616,0.09540571675847802,0.0959372633458032,0.0943036687370153,0.08423590448572016,0.059677164664368364,0.3537545603011875
0.13430185097843028,0.1307976189508309,0.03318992426844105,0.07997566086525106,0.08825341170338576,0.09348248332282305,0.12630301852426773,0.0566716719111881,0.2570243594753821
0.08311453152717331,0.10799920331549924,0.06713980851932637,0.23396328503040467,0.1240465541050882,0.10235701538745601,0.10203524761239217,0.16449241714061935,0.014851937362040579
0.21359184908889536,0.10853779116360913,0.046351708751729816,0.06862982626956127,0.10549958703169345,0.15218154433735886,0.13748957114791283,0.1070245415289891,0.060693580680250166
0.09839274804576863,0.12436016519099004,0.05804661344058534,0.1569887072923352,0.12629641909035258,0.11830487562495721,0.11599320303672356,0.10277875013388238,0.09883851814440503
0.08704691745889044,0.10785632207434344,0.09859101548453338,0.1748942533396304,0.131117121511962,0.0933957820739205,0.09858346333619472,0.10657122275580459,0.10194390196472058
0.12918455557369354,0.11959843342019956,0.17017891025307663,0.059399797258478194,0.11431510773876223,0.12841082726122205,0.10898869602918389,0.08695520108690351,0.0829684713784804
0.14212945017587938,0.1278101036844303,0.044499313933229,0.14224691720757363,0.09501393864373153,0.10482135856825785,0.12766210353510118,0.14348961986253225,0.07232719438926495
0.08350059684393725,0.09325792737568832,0.30936468548009044,0.178668178733398,0.10054224528559796,0.06711378697165833,0.06469353620551459,0.06480655507827353,0.038052488025841526
0.08990911390464075,0.08770177211945568,0.10045496944994614,0.18159400416423022,0.10298039269320058,0.09906765785366094,0.07909057642601867,0.04010964517639871,0.2190918682124483
0.07864130807417495,0.10028228836981956,0.06155382061315343,0.08062320668300847,0.10748984361173775,0.11319977307627092,0.09560639571394197,0.059134736661367676,0.3034686271965253
0.10502871393813695,0.10255917384661871,0.04581736268277876,0.10116139279073814,0.09539955100777255,0.12938353343616393,0.08497971081116514,0.06324675802972292,0.27242380345690287
0.11474738912441144,0.09638567521372265,0.08373087316508547,0.13496241377174245,0.09482767717275838,0.09137851698944238,0.06504465465813293,0.0576776070062208,0.26124519289848347
0.06543147101297976,0.10759297871371687,0.1175258628296831,0.20216176023464047,0.12192579185832177,0.10707461433468879,0.13035646803046377,0.10514306624366804,0.042787986741837446
0.09676191888654177,0.09838576359415274,0.11605497275145617,0.18226597185200813,0.11260943931847829,0.1078541672739095,0.07414743028491731,0.08029221790479861,0.1316281181337375
0.14001101624188175,0.12348320462294131,0.10368056621729038,0.12114632569961527,0.11941494282594077,0.13283373906079166,0.11310368498954808,0.12040890823560967,0.025917612106381122
0.08416269991295726,0.08733574369686618,0.2926525175777939,0.05096973018693712,0.10265072854265662,0.1604484592823766,0.09874184878548597,0.055901497987627245,0.06713677402729905
0.09102795779759844,0.11037564255639443,0.08506015284478807,0.1500138319746459,0.10150975339807393,0.11989270252201593,0.07676905115472592,0.0982444857532876,0.16710642199846973
0.05623508464893562,0.10750927347178964,0.24067915112141244,0.08584058848511383,0.13349735921474307,0.12077251151135977,0.07985093484648115,0.09214142990486092,0.08347366679530353
0.11405174925158572,0.12714375004181513,0.12476953851907346,0.06599757925647017,0.10215140575311442,0.1262736144136529,0.1356989831424111,0.10732993774569381,0.09658344187618324
0.09640879833318805,0.1521918227143569,0.019990770122661008,0.03242108873633901,0.09971687297836307,0.18033187462986502,0.19326775552898803,0.16798330886522717,0.05768770809101178
0.09429827099299853,0.10399056159747071,0.0354904634677285,0.12657693511534454,0.1117052340325186,0.10299338381976703,0.10193546254217965,0.09422182777217573,0.22878786065981657
0.06873269203238534,0.10494994435402005,0.1618617859295752,0.08484545994320082,0.12055131893762187,0.12325172502421489,0.12013807760192362,0.11016603738417179,0.10550295879288647
0.08250096277276925,0.09840622964566725,0.1724620308401634,0.05974086035270448,0.13467940994148522,0.1350961654706301,0.12930223982278852,0.13191062847139062,0.05590147268240114
0.09217313512573179,0.09943157948322716,0.10077678098179844,0.14162547459327898,0.12289916562291754,0.11105802263293192,0.14851459799295721,0.14020033057526446,0.04332091299189236
0.0933420751920077,0.10797020824962422,0.07187988352221794,0.06419303668296052,0.09347321469652205,0.13848607931020582,0.0879429410838428,0.062365074365175716,0.2803474868974432
0.09033786021335939,0.12064501199019895,0.1606934900816164,0.12351346052398893,0.12089704743209072,0.1149097670053509,0.09442569659403667,0.12980141184945396,0.044776254309904055
0.1415010806177874,0.07774853790712379,0.34108985932825453,0.047117316303128355,0.07885981626922402,0.10319433817921657,0.09193047478735304,0.0842874039538824,0.03427117265402992
0.15439026924130683,0.0955755446212072,0.15444437163605898,0.12276139342501798,0.10219256413072642,0.10472067278562679,0.1411711521337969,0.09504530218893692,0.02969872983732196
0.0841943195985869,0.13416617804611533,0.08320223510418401,0.09138516870494756,0.13324132910163414,0.11237446629542132,0.12556577383328393,0.08582511219789485,0.15004541711793187
0.060569150752291114,0.09794531421574233,0.23372575867129156,0.12694513337314278,0.10571979112224199,0.09281935737828213,0.08542999657747823,0.04631013451006613,0.15053536339946372
0.140577590670019,0.11419443375019901,0.0401575636824927,0.0889401105588727,0.11500768576740646,0.15142028110835662,0.1550497065637401,0.14141610574013275,0.053236522158780664
0.08477919076062146,0.15793867116296625,0.03900094784919298,0.09015834885441472,0.11828176745857825,0.1280791557307474,0.12840995998380464,0.0836168540309924,0.16973510416868187
0.1455556475065178,0.10159588912754858,0.09715204238376551,0.17026082161913939,0.1001847304002355,0.09135657125481263,0.1500262819685797,0.10001041867366962,0.043857597065731245
0.08413814303098667,0.09644521122698796,0.12102971990276264,0.06955225842963139,0.09771555562379335,0.10383354678481455,0.0682657835282343,0.050693851816598946,0.3083259296561902
0.08854726909790288,0.1297758489326526,0.12244859917886947,0.13877344446992154,0.1322481018236687,0.1258523777268077,0.10901893293633429,0.09719977334143731,0.0561356524924056
0.08022791653646182,0.09068154364183835,0.3069470594714702,0.09643648557367872,0.07833778238487915,0.11899142956051728,0.07770300738013042,0.0538905684419174,0.09678420700910668
0.10419478775613529,0.0992964477811243,0.18262231586693178,0.08718979688255861,0.113075743955376,0.11684291762269759,0.07447403822695726,0.07392963845204036,0.14837431345617888
0.06984272493948178,0.08010406116921447,0.15621663967539312,0.1867628555545144,0.0896107932162446,0.06443676522286802,0.06051062407799651,0.04956865030325897,0.2429468858410281
0.1034445658662352,0.10586759540241775,0.07020533826427977,0.22081574512135949,0.09400221741045182,0.09407396501012792,0.09874025648168128,0.07416397699798842,0.13868633944545836
0.11130340466787005,0.09326835578189437,0.05564664446799562,0.27616250598332215,0.10328848331371614,0.11253290183774933,0.08358915911333364,0.11014800375616911,0.05406054107794953
0.09225802642819936,0.10185964022776849,0.05274114571724408,0.10449909351419795,0.10389420057844816,0.10227846464918684,0.0938708794122043,0.053095989775286685,0.29550255969746414
0.08807585703160974,0.11600826839080387,0.09332198202579307,0.16347575406653164,0.12199705243795154,0.1088247446141825,0.08357460549594399,0.08221379346291152,0.14250794247427206
0.09718539253606906,0.10009742690137036,0.07701738119575634,0.1496988974704282,0.14416339310396006,0.10888321054137919,0.14467735004861573,0.1555634212427309,0.022713526959690155
0.1313129996764967,0.10609796596251407,0.06552064334952644,0.1185442685176049,0.11211638392405592,0.0909368495787994,0.10977433462082753,0.12319719863649407,0.14249935573368094
0.09662862773495713,0.1459377052427823,0.0977974988970395,0.03713918143498819,0.11445267165819008,0.14045985843851386,0.1548388483510399,0.07260259618469132,0.14014301205779764
0.07243355579706645,0.09738834126741631,0.2815136830712602,0.0676833043385927,0.0984818056940459,0.13700606155976705,0.0883487425494074,0.10203152942510997,0.05511297629733395
0.09033786021335939,0.12064501199019895,0.1606934900816164,0.12351346052398893,0.12089704743209072,0.1149097670053509,0.09442569659403667,0.12980141184945396,0.044776254309904055
0.0916551996538808,0.12311835190340002,0.09684030737499023,0.0677840560885894,0.12785077484810423,0.12824495232092437,0.1373934904504041,0.11100712430069792,0.11610574305900896
0.08353792959567664,0.1300770956186663,0.10759238427972,0.06280072535437305,0.14511399963414648,0.13543082844127222,0.1125475049763003,0.13296839976349942,0.08993113233634563
0.09207549587105063,0.0828056640957882,0.3254548219080595,0.08338612828105334,0.09817729128008229,0.09892959926777294,0.06459136935985334,0.055383397764604804,0.09919623217173497
0.06326041392355476,0.08946055536915322,0.08690374829791726,0.07622149674487744,0.0996595055484308,0.11444569599102843,0.08928105352918016,0.050843235145167164,0.32992429545069074
0.07543201014043438,0.10956636630831422,0.057808281101511566,0.14663740764656297,0.12576001989640354,0.08586658306779822,0.1324367348987945,0.06252427248579671,0.20396832445438387
0.06668908262545944,0.10451610147421415,0.11320156097559814,0.1818807096075171,0.12838149118485526,0.09276717966555387,0.08529438443065958,0.05571926374172185,0.17155022629442063
0.06588276270691953,0.09336022971233043,0.23963949138756677,0.08278052387984743,0.10600132102107825,0.07611385587999274,0.08245908915363927,0.09356819530483813,0.1601945309537874
0.08103906731101347,0.1100937883046137,0.1453855023471796,0.14208496224503533,0.11429829502486161,0.15630672285186045,0.08804217338101412,0.07439704123979243,0.08835244729462927
0.08188161212323757,0.11691956861047537,0.12828873692701978,0.02962781600839935,0.15532292415081947,0.14447155031588788,0.1746790996621994,0.08153017957486978,0.08727851262709134
0.11577844889383888,0.09239690191101468,0.33141242109629737,0.06118460730091493,0.0843154541092903,0.08878466992123278,0.0962154409113598,0.07151816749997784,0.05839388835607345
0.09549115939740001,0.11961802538780462,0.2108475199377251,0.07449105807305945,0.12239126956632633,0.14214076081007299,0.1159913380812946,0.10464381445135844,0.014385054294958463
0.07683270688481451,0.0950364947926971,0.07538476126975303,0.20918429752564446,0.10847127215576069,0.08611055219717122,0.07047476077233318,0.05606918470835472,0.2224359696934711
0.11990685872235228,0.14302399397037882,0.07224824298676931,0.13395893275400406,0.11780001844496195,0.11206199140871653,0.1372864039956312,0.14715497290778096,0.016558584809405086
0.07692694752428662,0.12820914871137876,0.06392167864881598,0.14087242911825662,0.12781355557630447,0.14220791660468068,0.09032313642985662,0.10060399122471543,0.12912119616170478
0.07966153689331852,0.12427659564194349,0.2733809203901065,0.07214751208602112,0.13117087967155858,0.11597168765551008,0.08667248533443866,0.1011265463876519,0.015591835939451279
0.1338038098788312,0.11940790320054817,0.1758331253930335,0.10804006455047048,0.11433177419472003,0.1094458103627331,0.10846770379191346,0.09970223966796075,0.030967568959789287
0.08775430936339611,0.13016671623850537,0.13136516137787452,0.0681795395958117,0.15274017109911797,0.11717260342193275,0.13228365799360545,0.1212019442749374,0.0591358966348187
0.1008585931695158,0.11845955339890107,0.06893599144233162,0.14164422493789966,0.1226763673234238,0.13440926778781823,0.09208523933423064,0.0910955150561663,0.1298352475497128
0.09131054205593576,0.13507509801692913,0.03896844499894341,0.09130681538091671,0.12375542866769611,0.1411799691942973,0.08605225201683757,0.09085160539866916,0.20149984426977494
0.07469665794055294,0.15124951469038986,0.06664491125756337,0.05855360341577374,0.1501349859690789,0.180311223746773,0.1306647252436705,0.14745604811219468,0.040288329624002965
0.08905026532135052,0.09913472247639371,0.015779602288649445,0.3222436946799446,0.10955819357583411,0.10961129288867116,0.07801321028812298,0.09523017466921352,0.08137884381181998
0.0815947811559949,0.1200696038447231,0.1325757419064051,0.11672618862702684,0.11569280746947948,0.11407046642750834,0.11090238900325129,0.06895585152915663,0.13941217003645434
0.07871395412297283,0.11413772676998292,0.12580707327364893,0.05449571980531099,0.11448407788767061,0.1314532439686581,0.07414102661882731,0.08125612444738911,0.2255110531055393
0.0946916724423198,0.10913331873398019,0.06289640253112544,0.10340108947717828,0.09050429184742659,0.13828023039557613,0.12115123534548207,0.07054671927117005,0.2093950399557414
0.10672088739167496,0.12404778122242288,0.04519507446369541,0.13528333922421257,0.10648331466784572,0.11601832615798964,0.1041258561759713,0.0888926950526452,0.1732327256435424
0.1241680844494693,0.12453244221610842,0.05246682523778196,0.10071033739651451,0.09532968578587492,0.15712205605569032,0.11494047849375578,0.06496609152496707,0.16576399883983772
0.15685972679770424,0.09134010933538107,0.02714702964293535,0.06085008797925407,0.11445741172062894,0.15384417501182765,0.20833938518895487,0.1780151430735469,0.009146931249766921
0.07551086770023588,0.09942439644836236,0.09182968560776929,0.3160588014332881,0.12180983286170767,0.09945800435550096,0.0896275506620171,0.0858504427699265,0.020430418161192173
0.08582313318221013,0.11743010440448892,0.08757727640363257,0.0845528348200917,0.1206908232357337,0.11758416250222063,0.10210898886664,0.05502707324519238,0.22920560333978998
0.11148667054138506,0.12178530188182167,0.10409134324279323,0.1670152972726915,0.10417946370631768,0.09851334319274918,0.09785767828290502,0.07924356677900284,0.1158273351003339
0.20484795925329105,0.11004191888774545,0.1170810948856305,0.01854024347083943,0.08505819279363507,0.07753406501689353,0.249285165231105,0.12615228442699178,0.011459076033868164
0.0769302667120978,0.09354386083766049,0.2557168011758065,0.11672855622941773,0.0997661356849815,0.0971673721926725,0.0711506696989268,0.043193515462721044,0.14580282200571568
0.0909771277342833,0.12313524049064573,0.1427033048863041,0.10605439046392068,0.1455753052576992,0.13547867428337657,0.11236319914312869,0.13212399212528744,0.011588765615354359
0.06635846914124595,0.09770145099528761,0.08559920136451699,0.05824941411062597,0.09196043450524533,0.14492318481419006,0.10393902211993256,0.05321066743506375,0.29805815551389164
0.0824898524897773,0.10953017922878312,0.06428114410594472,0.06434472081608734,0.11136327005509473,0.11003448863840391,0.08538199609420771,0.07348667475029601,0.2990876738214051
0.11583823410374662,0.10788374523902523,0.13585201870277294,0.11165546943206979,0.11459409593964971,0.12079763814366941,0.13074660879095434,0.08183657711585762,0.08079561253225424
0.10485034467859604,0.11054568972446738,0.13412572517651467,0.10474239282118836,0.11900357064424223,0.1306332429485085,0.09861216995974663,0.08277163522590025,0.114715228820836
0.11901463973573638,0.08692892608436482,0.2766952868920192,0.08913385505881055,0.08873199257431641,0.09626292811760945,0.07244519245931481,0.07882444893974973,0.0919627301380786
0.08015194796960085,0.11750042004078236,0.09548038048934661,0.05189685682824798,0.12640779173273595,0.13916607204225612,0.08532207379540407,0.08428779184540867,0.21978666525621737
0.13803570981961596,0.13765060260301945,0.06437545355565351,0.1287472026132847,0.12087864113671687,0.15051150503062402,0.08739821527107378,0.1297854641932694,0.04261720577674238
0.09682729604435543,0.11758385628408263,0.06556513933140902,0.11103626365118507,0.11984250341109375,0.13312809576523857,0.08046272467716174,0.11032011171020879,0.16523400912526495
0.13141479688352523,0.13973320815794418,0.018524387582963823,0.06883317536530874,0.08763006434649166,0.14009213043869226,0.18946578103862843,0.21057186233610634,0.013734593850339358
0.12647499588042493,0.12070296047476459,0.11528167943463326,0.08279727928001875,0.10347027309251693,0.16137964409798028,0.1308397165081707,0.12498758086195978,0.034065870369530786
0.09464153106360573,0.12056742819501287,0.12736264448508047,0.09167175509272564,0.11738653257061758,0.13090873457173355,0.13999497742600786,0.08552875007139336,0.0919376465238229
0.10262171707922947,0.12726428964848746,0.04178679629223262,0.12732112134252452,0.14137334883884134,0.14347466445954532,0.10168676946363846,0.11894114494960545,0.09553014792589544
0.09985092744730743,0.13321626377849413,0.11242310979102389,0.1188947593286998,0.11139803762399231,0.15544171293125078,0.10669682049856781,0.14406637647454643,0.018011992126117485
0.0899022444907722,0.1210055458288362,0.05275653609646014,0.19927578697250872,0.12800332705374065,0.13791019503314572,0.08937347509550302,0.1500450159570722,0.03172787347196101
0.08531593670768856,0.10746116136494714,0.260304936176663,0.05760447897636942,0.10786033990662819,0.12233061423138168,0.1161430662233139,0.07733555318712797,0.0656439132258801
0.0850038241177905,0.10324603972424706,0.09319009221808876,0.08785972680571402,0.10479506174002078,0.09343063245168172,0.09490928170363251,0.07424336837528962,0.26332197286353504
0.09846329934669025,0.11105034282683841,0.019888499184160052,0.11041274239796929,0.09657006795705884,0.11624774326605192,0.09909875012575513,0.053144295166666446,0.29512425972880957
0.08398291264009405,0.10606841738082008,0.0718548126662769,0.11462255258903654,0.11639533774230394,0.13082535192813546,0.0891753429579716,0.06786743405188599,0.21920783804347543
0.07909745009628598,0.08511293040249117,0.30645730409331357,0.09193870409465167,0.08636865080397259,0.11719274294931524,0.0780160927838406,0.08593207357048899,0.06988405120564024
0.15499715619632629,0.12300235572954969,0.027690672791940336,0.04353655570373365,0.09917750235065886,0.17659814032305413,0.1979885144703315,0.11596749556514978,0.06104160686925575
0.13878260683269253,0.1322215646352894,0.06576362420029769,0.10811289239054793,0.10685088682554912,0.1391371231300533,0.14084988391387457,0.15004036178718516,0.018241056284510244
0.14910498262651647,0.1066871435925768,0.02683855064089508,0.02869672873548768,0.11128469144118931,0.10245316839587869,0.18743662101837502,0.09058906128333061,0.1969090522657503
0.09849830815818165,0.1267882788256295,0.07578180874379621,0.20168066971586815,0.11570216271344459,0.10366819561943745,0.0816222814262618,0.07167873728018496,0.12457955751719563
0.07171338638764417,0.11731604979164618,0.1062134181365292,0.1778638933708175,0.12725986152360044,0.11431254885566382,0.10234163158949094,0.07906424959469197,0.10391496074991587
0.09127798537478742,0.10969618020406839,0.18558206147726852,0.10227801792638676,0.11619597129713062,0.11812493095277804,0.10695773144907063,0.07250659057206116,0.09738053074644844
0.11899802481203281,0.099623963097257,0.07032995198490118,0.09748534959438694,0.1163744804595052,0.12927410647893584,0.09902276723561403,0.051390487949886036,0.21750086838748098
0.09347282787847132,0.09938374701547899,0.1732186663187357,0.11520601086434634,0.11539238251527457,0.11854349828317545,0.12749188069744102,0.13893457349936922,0.018356412927707302
0.07486285892331687,0.10269184097586642,0.03558719518844361,0.10715144129894676,0.11843351660216095,0.11318957309963174,0.1103041354084464,0.09465391172556932,0.24312552677761792
0.06908886870210319,0.10064490140516814,0.19229124410311463,0.104736255165638,0.11325630660965759,0.11428545073145881,0.0882037474603809,0.05204661182001957,0.16544661400245916
0.1325682797478038,0.11120402520252028,0.1476313653545194,0.10431930044548089,0.09878401109550942,0.09405471174704642,0.11680886281240536,0.19196501041837044,0.002664433176344018
0.09309427066931236,0.1026376111253266,0.036591395945829296,0.1120968574342671,0.10329154696811842,0.10553017961851158,0.08334733977575243,0.054601854329766664,0.3088089441331155
0.08876898347099808,0.11846182737594708,0.14382110802525472,0.08310706811218897,0.11787664961822286,0.14729534871904412,0.10522448743309572,0.11293414523545627,0.08251038200979212
0.11351944904613569,0.11645666498216604,0.14348679199344727,0.10824428199317833,0.10619708552271219,0.14958413234422566,0.09484636905251681,0.13343278311788478,0.03423244194773313
0.08864608176899325,0.1370698957001655,0.07875117781400566,0.08729999306946239,0.16736816687525483,0.14117196773397883,0.10344253807995947,0.17836008102890025,0.017890097929279758
0.09330470081416968,0.14669013027946817,0.053579033264475245,0.11397310408004128,0.12575336453614158,0.13969931760543,0.11824515408755731,0.10533239608091326,0.10342279925180348
0.1163838329352999,0.15588903007672197,0.05041491822831561,0.1453165332757265,0.1219136816010593,0.13476652847904913,0.12548183612234365,0.10723163777487833,0.042602001506605584
0.11573714859780349,0.11900609925146644,0.21430456507935733,0.12154461409758326,0.11648760543499041,0.12127634476547362,0.09483356097028735,0.07357015425122124,0.023239907551816957
0.08465322866120818,0.09273824855186454,0.255084709369976,0.09020205743049747,0.09182340726659206,0.12760310451288528,0.07507666083378768,0.07027360935862541,0.11254497401456337
0.11619968972223958,0.1301848058098819,0.040062035750438395,0.12003176647228259,0.1301401575936058,0.16619229415915984,0.09704623092600462,0.10544012665632913,0.09470289291005814
0.0913333109215982,0.14137300244881,0.1180627779295238,0.08972932662430157,0.1283889868196393,0.09948341827263657,0.10360945527710529,0.07804571977729273,0.1499740019290926
0.06922362904776552,0.10362542458842372,0.14739111061204171,0.09748926553896627,0.12140901035567575,0.1424029694783113,0.08796481867253036,0.053255770253973704,0.17723800145231158
0.07517846933685918,0.09038059422975975,0.16917131105813032,0.14964979830253597,0.0972414760729377,0.10735808311086537,0.08043280212380012,0.042283455678112813,0.18830401008699882
0.08990166625085111,0.1032221772386711,0.2528380422960235,0.0871886111694768,0.11064123676755806,0.07462360317752005,0.14041018649593315,0.1284171165727009,0.01275736003126523
0.07971578649196229,0.10686587730261632,0.06317703019469767,0.18219466636550086,0.1364195067197267,0.12669431393301098,0.08973434349167975,0.14648689232336415,0.0687115831774413
