0.1256417092616484,0.10151218165059805,0.04506799859227972,0.07869296003151055,0.15043947255183834,0.10063407158136232,0.1717422244421037,0.09686005665204227,0.12940932523661655
0.10827923140477243,0.0837424273302525,0.1963082493959376,0.07081056377784196,0.1235558364520814,0.13358824690297036,0.0747921301973965,0.1054624513024985,0.10346086323624876
0.13057342171586447,0.07438582131027575,0.03860240931334228,0.10551092826942281,0.10689360455829355,0.28994203289332204,0.06767003148193583,0.09097712101242096,0.09544462944512233
0.13748801272654806,0.10241962637361063,0.15691324930366116,0.07867596846296866,0.10440537044664261,0.1544104231371764,0.05331307276646591,0.08316241836716566,0.12921185841576086
0.10878117329975527,0.12722351145691643,0.07152504320785806,0.06847534638117407,0.1080110809513196,0.1583143444001243,0.14195030899813973,0.09390248551317483,0.12181670579153775
0.08889222026053802,0.11591809899142895,0.09625995364752159,0.1201273839985026,0.1024998263033341,0.06804597148197576,0.12820703060814906,0.15643956612829565,0.12360994858025427
0.08678111902431825,0.11048715813834442,0.05189152920626524,0.07264165258712861,0.09323443404824833,0.2847242473745882,0.12506319952088996,0.08336904101496521,0.09180761908525174
0.06345811248921727,0.06928274737810346,0.31862816836135305,0.06584900225613666,0.10011705094493346,0.0733254063111843,0.13760805648344418,0.0783332714314636,0.09339818434416401
0.13033723872447026,0.11374214301803527,0.08392226815579588,0.07720035265680583,0.1406537682131382,0.15917090406057638,0.12136256099652998,0.06669666475461623,0.10691409942003195
0.10243109338320466,0.15537334571336267,0.09730873669438289,0.09293687276662817,0.1485941339672963,0.08478773851427157,0.07865250255868657,0.13227934630164703,0.10763623010052015
0.2080709157007232,0.099459267417852,0.044527279492522914,0.171126160174052,0.08898746618016513,0.12427610099755577,0.0744593661526554,0.10005925330692028,0.08903419057755335
0.09853402025845093,0.09533398601268056,0.18594965229075996,0.06503844004425059,0.11656778933032663,0.18943511119140735,0.0803771728138415,0.09137405947565364,0.07738976858262876
0.13275430064672997,0.0712535670358523,0.026305908443086654,0.1176847116625886,0.15579880949008948,0.19421771247625474,0.10944853094417946,0.07995166887172561,0.11258479042949314
0.06745990969126323,0.08651828247605851,0.05409982541860259,0.1373178575507045,0.1001067582117046,0.3090841828279222,0.07748837524967624,0.07542846813314394,0.09249634044092421
0.13804533985132392,0.12780101873347097,0.09328496571687127,0.10396380132108467,0.13806425473477602,0.09448797092959031,0.10709735873458814,0.07776231905280201,0.11949297092549267
0.12450191571125602,0.1025339605984205,0.1332553940473588,0.09848610443128863,0.09666068905274751,0.08537998534319957,0.16472344779176898,0.09846431400200024,0.09599418902195973
0.08532813521447785,0.09807384820524025,0.29771786423460506,0.052664248965993705,0.08888011821399566,0.056491478085635455,0.13643989397034814,0.1049010221497708,0.07950339095993304
0.12373682296349847,0.07854294489440615,0.033343293631331754,0.1288212621720772,0.11887249025419915,0.2542849949763316,0.10290454326368936,0.07453803336847396,0.08495561447599231
0.08473152562305893,0.11492859455119057,0.21029020175383603,0.07883945157901026,0.0983479192147364,0.03182214780245584,0.17029967116158318,0.10095134538827315,0.10978914292585575
0.09820756857788515,0.08075343573868626,0.03815114738968227,0.11024147522555931,0.11883630534971423,0.21891331435979366,0.09388827628473019,0.11895342377184433,0.12205505330210453
0.07031920895933923,0.09705974689894964,0.11187853612179773,0.14793685431638523,0.10148620652437713,0.05400008969326423,0.16110255979495677,0.1517229315098059,0.1044938661811241
0.10848170560296093,0.09805375980809515,0.07476950199577588,0.09181297801554118,0.14458840394727002,0.07383265009172964,0.2052043685780116,0.10001749736951471,0.1032391345911008
0.09299382721895612,0.11357860327389978,0.20608598644863205,0.07995693449957124,0.1308990255866991,0.03658167816190846,0.09488495973680144,0.14630859985013717,0.09871038522339466
0.11805784832971979,0.13268572400429526,0.044511386793999436,0.08147230562609194,0.09727241505238941,0.18222947063989148,0.15585405535969346,0.1006227214293912,0.08729407276452812
0.06654092643990432,0.09113313556425746,0.21709649890127333,0.16042997012257465,0.1039990135536709,0.0684864543925781,0.08934075509995569,0.10542207377143452,0.09755117215435105
0.10948261570328262,0.07987489918207556,0.20014538144933322,0.09097290262041759,0.12386634997461071,0.09845228112711046,0.09406418965185682,0.11310069287976991,0.09004068741154307
0.08341603280387046,0.10280048019238441,0.17899897894014974,0.09380237950998621,0.12975516327385708,0.04362768509327495,0.1430249967530933,0.10209272008561343,0.12248156334777043
0.09700658157224719,0.14082383159196235,0.014174403192118873,0.13076922655940257,0.13327264442209608,0.20358177827800025,0.06478608673519405,0.09629962086501374,0.11928582678396489
0.11061513321569205,0.10063200447904723,0.24517575172665515,0.09949821374163052,0.13348150438940223,0.04290246206977096,0.06346958236172974,0.09445442606544933,0.1097709219506229
0.1672646365179482,0.08692449613436688,0.07295281890061542,0.06316846525445972,0.10077854771497478,0.2717401800220865,0.06981442753222855,0.05646077718535807,0.11089565073796182
0.052858595778702756,0.11580465536370628,0.20414631166514283,0.06767594054445172,0.09023489530157398,0.18882264734440535,0.07755627727867932,0.1031697409803884,0.09973093574294928
0.14343155339180183,0.0875243131776234,0.18395521042316254,0.0780371794124085,0.11072653342571444,0.061135704778074305,0.1308169417079222,0.10484753166308326,0.09952503202020946
0.06255673629548815,0.10782442988784657,0.03846817135499858,0.19842334794744387,0.11679061769303085,0.06149617503197886,0.14602327383716043,0.163508443847209,0.10490880410484367
0.09818868848812178,0.09559210049216206,0.17348567406113088,0.10461998504603671,0.10622598821638606,0.1052891492178775,0.11047693514340946,0.09216315305260321,0.11395832628227236
0.09917414572615302,0.07700372765648217,0.021563266095963134,0.08936515575378849,0.10634290987760249,0.24794793059658582,0.16606523632138134,0.06879157039053234,0.1237460575815112
0.15063901147421846,0.1524468813151807,0.1386782946771554,0.0725953066090309,0.09052826524695878,0.049336709355467835,0.05895877889828418,0.15856956239972161,0.12824719002398216
0.17733035358763807,0.08269527731144598,0.06578812180503592,0.11927480961303293,0.152613700464919,0.13073010071519,0.08320071093714143,0.07321409985345441,0.11515282571214229
0.07895532597955277,0.10771896013101169,0.05172066425627144,0.13127574827199096,0.11983935531574354,0.026734534668012927,0.21544367848850476,0.16810378200204956,0.10020795088686237
0.11683907994498084,0.08784495458571438,0.07056783207896337,0.09371808317981269,0.08612812255063233,0.28338757594941644,0.07010849492761954,0.09645190837941771,0.09495394840344272
0.10260233117590019,0.08647654368502455,0.04485650946998602,0.11718760882706426,0.12350787926676232,0.07251747466059713,0.1873565416322107,0.14731752895615247,0.11817758232630232
0.16069552955036898,0.14211097060816222,0.08979879210374596,0.10075841990625377,0.1122534585617433,0.0886795507303374,0.0850636888974945,0.0815033757499639,0.13913621389192998
0.08516023432559934,0.10363859964544098,0.14327414151375828,0.15431252295366352,0.10938065755979909,0.11298511301421627,0.061636955501450576,0.15102421088122978,0.07858756460484216
0.14054400928824903,0.11786634614095472,0.10873434162541445,0.061754711488228954,0.12791171853221753,0.15971825102925227,0.12399553572182244,0.06361505522298885,0.09586003095087171
0.1390147749231703,0.15035887250648225,0.09361606322696615,0.11388728890331783,0.09354664085465754,0.0321497188501327,0.16199825820330835,0.09443577259927745,0.12099260993268739
0.07267647840127112,0.06905742994224374,0.06213716339077719,0.1384293383432977,0.10537659049306862,0.20470676411322808,0.1462264478487087,0.09636017875468456,0.10502960871272031
0.20317594155138438,0.16049141709264814,0.08270363815753055,0.09075576612605303,0.1138680071618962,0.06931412612202731,0.06653111828273577,0.112669575022046,0.10049041048367867
0.051109935230194616,0.10978658504393812,0.09616365065610072,0.09266960579765678,0.09567122929890015,0.0647439826477244,0.2619280312376046,0.10627861795499033,0.12164836213289028
0.12612573879980707,0.12688037251099743,0.14956832643986784,0.04423689629442643,0.12935755462356224,0.09027015969093531,0.13461020377569932,0.09279881678685716,0.10615193107784722
0.09922112583169353,0.1545102859193918,0.1803248609362453,0.09869120833743583,0.09795679335770387,0.05536818278153868,0.10659953597801397,0.10450812013027395,0.10281988672770298
0.09978460972660014,0.09867684625445132,0.16031623378694967,0.1103449916795421,0.10897392116664108,0.045866916227612055,0.14199561664445426,0.12217526330838019,0.11186560120536908
0.07342762229831036,0.09166497856555134,0.15240881721815241,0.08940176700697829,0.11870468507442232,0.0718309663996088,0.1816870900289559,0.12419844829361938,0.09667562511440118
0.12251078050367747,0.13216967804090085,0.07132470882500848,0.14090066734796025,0.13837763155617586,0.06360191192562441,0.08765252206114695,0.13730892279832937,0.10615317694117633
0.08157661073149616,0.10048824214613422,0.09315829253015544,0.15594559839892283,0.11211414520639956,0.05547227569791339,0.14867779267299996,0.14480736449556605,0.10775967812041236
0.07057215234392179,0.08927309909081699,0.191715195476996,0.08076951673514512,0.10639664758072608,0.10158252726103038,0.14577322265886575,0.09193037456584208,0.12198726428665574
0.09027732450967624,0.09112876906300366,0.24260196782168283,0.12756985775488158,0.10372365811186356,0.041658785007614184,0.09886036525312232,0.09294659015282099,0.11123268232533463
0.10208392470043846,0.09854273978647139,0.12485875421217156,0.07606484791333257,0.11085160482278865,0.19372965495250435,0.10641568742338652,0.08557601050354263,0.10187677568536392
0.07613897749552893,0.12144070234859834,0.17410289675642973,0.09716378095009148,0.11270600930104746,0.09214166406689968,0.1034652679897396,0.11950156320426791,0.10333913788739675
0.07854424405089988,0.12354482887951275,0.16906460575412163,0.0922150423946365,0.10582702255383221,0.055096670030481514,0.15649021442144007,0.12604454823470954,0.09317282368036595
0.10255681506329378,0.1573465005628615,0.12649637296385016,0.0902301939498646,0.10622881915133563,0.1032982729236586,0.08407793044334354,0.08643831506746381,0.1433267798743284
0.09264420410258696,0.10420141076489449,0.17101886792528173,0.07305488960773282,0.11281452706402706,0.053521979937927955,0.14689141639891043,0.13567651141600248,0.11017619278263609
0.16876422400284039,0.09553686473448342,0.018432012854506855,0.18102622985640582,0.1366097661192814,0.05786218035706601,0.09950921177252763,0.1120992309076903,0.13016027939519823
0.05537600764933239,0.06839341123336583,0.13123156275031012,0.07420905699602515,0.1344754631078828,0.05231758497401231,0.2394149646876265,0.15813003980014825,0.08645190880129672
0.0676749961512626,0.11017424354661765,0.11917596088221372,0.09247727377468673,0.10111017367563872,0.055545776656257505,0.2543189504791643,0.10325951122964978,0.09626311360450901
0.07340266075589634,0.09150781344444993,0.050177778787686256,0.09652021372619886,0.11408104751861581,0.12061269095308935,0.22134351363241486,0.11198036487161568,0.12037391631003296
0.14242726627218685,0.08035632249630109,0.11360649394773799,0.059897350787789315,0.13687127812495173,0.09917090017824748,0.16916710315957742,0.10491158257764556,0.09359170245556252
0.12178887432676734,0.09411606862331871,0.16970528506064098,0.07488838727311904,0.08814711094232648,0.22139649931098648,0.07860015262325144,0.06169516918945403,0.08966245265013562
0.098360434927248,0.0860960772040565,0.16675607065225906,0.11502531688917443,0.12753299931450754,0.0921462082320658,0.10514100590508783,0.1027093019680473,0.10623258490755356
0.07324864592096975,0.08658376072275746,0.20247552075419747,0.09133351129016859,0.09550359792049638,0.0687894634809381,0.1752313065480499,0.12431211997112912,0.08252207339129329
0.1340995867462497,0.0837460338408414,0.04946003334317778,0.09602030775371828,0.13030486965828667,0.13620912288877787,0.17278015787127,0.10520348659881795,0.0921764012988604
0.09120653775719557,0.08967953263392331,0.17955014041066839,0.14022914683498353,0.10457679064564657,0.0768856328768476,0.09815668205139284,0.12691326695491387,0.09280226983442824
0.14776502487631307,0.08983592760160082,0.05066262489934691,0.03793395203594176,0.09734859512839328,0.3592945591778282,0.06605804662263415,0.04483577457514993,0.10626549508279189
0.07789014398644886,0.07110947336991084,0.07664886123472035,0.12067791018173402,0.11024649447388013,0.14864860032775337,0.09937180362045096,0.18105152888979067,0.11435518391531074
0.11455491429087113,0.10550611731450689,0.09723566325031002,0.09252428256066703,0.10915497886156685,0.1145609799911948,0.15367253187812704,0.1127276922893851,0.10006283956337113
0.1277638894093883,0.11895929569089976,0.08034067730446141,0.14878365735730437,0.11843419287431822,0.05304149454827822,0.1143715870043912,0.12494028736483483,0.11336491844612367
0.08137038696248394,0.07924828316290723,0.041039403100458845,0.10609252710932193,0.10321569645301583,0.2579805407467218,0.05788829428403911,0.1610841464234862,0.11208072175756517
0.07633006292241946,0.08391580733127128,0.025391199426657535,0.2373232790319685,0.12077598484003227,0.09120348386638695,0.09487186165477969,0.17443694019479836,0.09575138073168594
0.11864268170629173,0.14576070881482764,0.07115559837694223,0.1302387321595063,0.11840211524025558,0.09502391232990713,0.06453937587462756,0.13386715827769322,0.12236971721994859
0.07682992997869192,0.12276482141052596,0.09334387198381079,0.14340750812036088,0.09353844804041776,0.03595084463774762,0.19272853594929726,0.12906300609211493,0.11237303378703296
0.0918765572129671,0.11260892580229276,0.16376169570229718,0.06019514006544982,0.16342977564593927,0.10876780042688532,0.07264782862187964,0.1251792529228156,0.10153302359947335
0.15382766306967388,0.08547978699245312,0.06062793144303343,0.10058721252770207,0.12300744651538674,0.1011073127372079,0.16351788728206976,0.10494352019103613,0.10690123924143692
0.09652937124198513,0.11629530931443594,0.1398764226493421,0.08332993640437943,0.13393446985683047,0.05146050856560692,0.13867254961790698,0.1376994290459074,0.10220200330360575
0.06854866922650922,0.09659552875578399,0.08572911439085346,0.16330503504919766,0.15622642955758212,0.050159664434737135,0.12095101813974436,0.15233632539834407,0.10614821504724796
0.06957417435210712,0.09120794435504535,0.1873367670009574,0.09280422726721316,0.09616035268254845,0.08859153283826937,0.14673496970143576,0.12003313160783209,0.10755690019459134
0.1149609074731532,0.10001104929369997,0.053402932763434385,0.06136439213647471,0.09542772724139119,0.16620415712130607,0.2308771160537788,0.0681723797961535,0.10957933812060823
0.1359165487545653,0.1147737219157498,0.1868698525811691,0.05765876171901846,0.11501347384632389,0.1264900051143039,0.0735032856338791,0.10108880820200906,0.08868554223298138
0.07141809576228207,0.08212295611753499,0.12061127576228581,0.12877447827109653,0.10198892637225478,0.08814464061443726,0.17380106167203924,0.117367004377255,0.11577156105081428
0.10085621978359323,0.0757718100655682,0.21076415177626626,0.05651071046504998,0.09845315377636733,0.24895025664263692,0.05401808412373448,0.07004062675770649,0.08463498660907713
0.1255628248084351,0.10305783146134989,0.11523675623488494,0.09232394632424022,0.11251458041791527,0.15451017986952467,0.09078765680939144,0.09054117744360451,0.11546504663065398
0.1163554819200187,0.09052481811845581,0.16773497544579655,0.11184253037197155,0.13109729177763038,0.04783212199527053,0.13746540562145673,0.10002039074483675,0.09712698400456303
0.0672784583716343,0.08657026874945463,0.19462906660324933,0.07608138945658066,0.10727288303389708,0.060086187633372916,0.15854291272261561,0.14318932264634848,0.10634951078284689
0.10449131412621909,0.1025753612911277,0.08522144124986121,0.14497229415494703,0.1505100817818326,0.05779591444144181,0.12315405332581182,0.1362073947408894,0.0950721448878693
0.0613502624868397,0.06794486809671947,0.2598259566989732,0.05004523354962213,0.10295783956837277,0.09180732127512248,0.1805675035087263,0.1169062480045271,0.06859476681109673
0.18324857233039926,0.09978819127835153,0.01681860366413391,0.12126204339934817,0.11468211626164015,0.12298138675237524,0.12100451556656232,0.08403710433653493,0.1361774664106545
0.14766097536175302,0.07878451343479435,0.09549396571717866,0.09207100266815889,0.08607161866169066,0.2634650872568485,0.06498228003446373,0.07700174901726346,0.09446880784784882
0.07512824409688842,0.09129797426979507,0.11454048087797204,0.13903942796258434,0.10607631605784118,0.04584952672031745,0.186301492917063,0.14201884456205535,0.09974769253548321
0.052742591978148255,0.08589666152743532,0.0675212800453468,0.1256866982427899,0.11393711035191452,0.15381972777643285,0.1579528843214559,0.13875687445744792,0.10368617129902846
0.1072269402050862,0.0906880883311872,0.021718674463354497,0.30317729765363893,0.11017611551600574,0.03313284005349896,0.09498970991486876,0.11418013203256018,0.12471020182979957
0.11519096932941363,0.12830724029675944,0.08267498060224117,0.0894207074525763,0.15026502463642485,0.09351496542981601,0.13548019130499916,0.11438332498989078,0.09076259595787868
0.09691622497499892,0.09652594407288122,0.21030817464069498,0.09399769026758674,0.10504345386806357,0.061480959821561355,0.14314448148386297,0.10012002955930106,0.09246304131104917
0.08968140671420759,0.11843886934404875,0.06801220783155491,0.1777426099116791,0.13163666049012177,0.0790026359709438,0.09872909197034525,0.13543545538966584,0.10132106237743306
0.1216093999624388,0.0894053060339887,0.022249808955653396,0.10612937790299042,0.12198982388759187,0.2791806329721011,0.08047497456043211,0.05544347576680798,0.12351719995799565
0.08534295275415514,0.11606209274821393,0.2771799103093277,0.07052976561126184,0.10562134638461551,0.027589100450215388,0.11471067402952494,0.11759956805276639,0.08536458965991915
0.10294918225459793,0.11720317176926208,0.029924925407388368,0.15911648268438602,0.09394112071729581,0.21215040002932053,0.10948297367097758,0.06788581615587598,0.10734592731089578
0.08612204999967941,0.0913246182958396,0.10920233026097882,0.08095062697284137,0.1305611735537927,0.1302877866961795,0.14078598589584893,0.10464275118552115,0.12612267713931852
0.08625855827687266,0.15608075904353913,0.17092781576387364,0.10766047120292156,0.10977994863925311,0.04739642039043205,0.12698041374357416,0.09289147581745529,0.10202413712207832
0.044628352308076914,0.06059562706186138,0.439861473274279,0.0533787666493614,0.0775514517283827,0.09816352952910361,0.06660782548203038,0.08746045421191277,0.07175251975499182
0.10766620242308989,0.09315773807246468,0.05955379241694623,0.11197256614872053,0.09875013754707752,0.25993999956517183,0.07609193672952617,0.1016654268696537,0.09120220022734953
0.09073150337463252,0.12899568446467455,0.03262406189415933,0.15305275396647752,0.10891816756392418,0.15295868928675294,0.11348898430827221,0.10612531960213935,0.11310483553896733
0.06667359292789414,0.08949364935646204,0.17962883555315856,0.06973031950780928,0.1141841826367983,0.1735167143610031,0.12797794898327505,0.09199646525072754,0.08679829142287192
0.08745512623670622,0.16038134547501218,0.054144307831229865,0.18967741905081534,0.09577614878921793,0.018652822326312334,0.14908119200509756,0.14362669683162665,0.1012049414539819
0.12736626794467973,0.09266861176987921,0.05469118899828512,0.0868513543810706,0.13437239014449368,0.09003953751088696,0.19559621547638098,0.10477090578892893,0.11364352798539486
0.07762752305946972,0.08664370651566256,0.35905403299624566,0.04979650910711386,0.09583223248015744,0.054090586720180446,0.11447367044536161,0.08755403678431893,0.07492770189148988
0.1743411186448034,0.07801388760989815,0.01097192052811286,0.04081624419155262,0.10115862990322416,0.2644741248245029,0.17520661322551245,0.06363759456991545,0.09137986650247797
0.09498803999489715,0.08891971561264128,0.1625898320956734,0.15153865347806514,0.101854814363745,0.08238748218186558,0.10606004761490502,0.10504092008073289,0.10662049457747462
0.08463556223585915,0.08696271741353497,0.09432814919778214,0.1490253692541743,0.13562086404012616,0.05182185863350747,0.12598106819759256,0.1774362077132214,0.09418820331420191
0.15615047060594697,0.07961729249860054,0.011097366765806707,0.04916972035310279,0.07708187872089918,0.4526264122868902,0.05291639948783202,0.05231245045303993,0.06902800882788164
0.09287375069754457,0.08175507246157153,0.02116330324333184,0.08900067509036441,0.11817645150499455,0.3535489707604349,0.08679974051285712,0.06941486323391549,0.0872671724949856
0.09480521555038718,0.11544247566853606,0.09370453301454712,0.19771513552684294,0.12106189281623018,0.05060364996497133,0.06895292238704855,0.13763103683394695,0.12008313823748966
0.08385636820792612,0.09483165493640551,0.1610618398261395,0.07772758307904297,0.12952589118640442,0.0864319808524731,0.12592088116165503,0.11688331943947262,0.12376048131048074
0.09355203576070215,0.09025004647372226,0.14474574350356886,0.11259055055863092,0.11115835866035191,0.054361915657772784,0.18616799868573733,0.12325587229963635,0.08391747839987741
0.1319340942388735,0.11152839563786242,0.11581014121869145,0.0918959525373406,0.10468338530585952,0.0525132715295753,0.18539447205452605,0.11954258053931445,0.08669770693795675
