0.09876832310116129,0.051035566921196575,0.10045260877140956,0.13244971336320913,0.11516348495690788,0.16746890960629682,0.12382842260172207,0.1342620306230264,0.07657094005507031
0.12257280843755262,0.08253858421538966,0.07196219554659199,0.13138932917801968,0.11571298379586452,0.12904155903841458,0.1444871574981712,0.1283959518740435,0.07389943041595222
0.0888070723909062,0.11701779708354514,0.187789714705234,0.092560971165721,0.13442745150155158,0.13512179599579216,0.10026065498538263,0.09023665065014046,0.05377789152172686
0.12749155794036135,0.0553657552448184,0.09986904790650308,0.13690335664586642,0.10769841771507375,0.13832993648378905,0.14224033380945497,0.12926316725796314,0.06283842699616991
0.12471547219434898,0.06401102085153253,0.1023598599974972,0.12520354925926752,0.1254330090246829,0.1479198475831865,0.1140194918221036,0.12261080990220741,0.07372693936517337
0.11464389954583414,0.12214438619889374,0.1177729007332533,0.12113322040538295,0.10969417942773353,0.11266430868069773,0.1220847319273692,0.11877037797151524,0.06109199510932009
0.0864298190720657,0.0659638703953784,0.11895042856001843,0.09131746656392213,0.10747345653322567,0.12251248941352454,0.11038243468493658,0.08329243183850872,0.2136776029384199
0.08503845248057529,0.15574307768150406,0.22786308406177813,0.08754532761132296,0.09241272652833306,0.12250084223713527,0.1001987279922439,0.07688117388853646,0.05181658751857083
0.11214028769262242,0.03712311412493704,0.1214731673302744,0.12564768742454024,0.1424932265986793,0.06751949474329857,0.10837987899448027,0.09740197375780184,0.18782116933336593
0.16625987063829212,0.052336257797567225,0.07676295862408293,0.08308944917246332,0.10888983646719978,0.13187785751097403,0.1210061264887704,0.1121382965693047,0.14763934673134546
0.08870824949285877,0.12331864435198403,0.19501245780293452,0.09568106218080617,0.09555570655295291,0.05875926182497857,0.09254802318003619,0.09648373944354512,0.15393285516990374
0.10676894590150199,0.05197106692050779,0.21644298029247525,0.10672208832874042,0.1346173623149144,0.09161175173844421,0.10175241035306688,0.13568621732746416,0.054427176822884886
0.10859694693848737,0.054358119981426006,0.05297103623760873,0.12009022383951701,0.11802816761282364,0.22374598806780688,0.09805017393256511,0.09525767826734964,0.12890166512241574
0.09223714379998084,0.05856784725095576,0.09631850566664797,0.128152569701257,0.1006823799089116,0.046471124567012884,0.10983765566233568,0.08589995416332868,0.2818328192795696
0.10833201384810189,0.10575779401449557,0.03588268764926399,0.08426710163301486,0.12767002105555864,0.08924796275373244,0.0904049672278452,0.0800408746764834,0.27839657714150406
0.11423842023970587,0.048197438631478455,0.08605763003096582,0.12263684506415103,0.12975113436011673,0.1080544626819847,0.09936407167401856,0.08828821327712487,0.20341178404045393
0.12046671291128726,0.0367699220448151,0.04278042226357918,0.1026860066715859,0.10336339519811828,0.15363976239823232,0.10611651583410515,0.08990547321950866,0.24427178945876818
0.09276246942079126,0.24219611920153353,0.0569922940924605,0.11130491618157869,0.0830893568996192,0.13443852616303295,0.11106090087696137,0.100095279249709,0.06806013791431352
0.14976556381078449,0.12911768424435027,0.05490920552950285,0.10181122343071364,0.07963970868639926,0.07057501858856227,0.11257930960972695,0.09896468843480222,0.20263759766515807
0.11161364291951252,0.06285039700247318,0.0926550904993637,0.1424544282664494,0.11553271760314472,0.12060640496683321,0.14319893421168792,0.1307973995851389,0.08029098494539652
0.11404133397813758,0.0677858064165054,0.2530587829243384,0.11064379573923788,0.11171788285722861,0.07278831850701419,0.11361181277829752,0.08073188027806887,0.0756203865211714
0.14460983803851227,0.10180441440834335,0.04786298051445135,0.12074533566449819,0.09834217253409112,0.20116454989653695,0.10984352682598503,0.124868506667635,0.05075867544994674
0.11253572866865923,0.05492024130100314,0.058581860192629946,0.09555915151514098,0.10275571801738292,0.2380348673053639,0.12373431207482355,0.1053285010839493,0.10854961984104712
0.09383996001803595,0.06308640697222558,0.29484378393838645,0.09932168723199919,0.10519781634462527,0.0467038098301143,0.09792476177069546,0.09910242271907238,0.09997935117484534
0.09734291637486854,0.08709307791695754,0.13429625543160595,0.11263588099773009,0.10543632876978999,0.09650950187459362,0.1227757200409489,0.11941149428129932,0.124498824312206
0.08717750670474833,0.06174835703013218,0.3961243648783744,0.08289796559393528,0.08216706220164767,0.0485992190371487,0.10160646997856547,0.09620913072630995,0.04346992384913806
0.11679803441679752,0.14705523581695978,0.12536403899070755,0.10097210136906694,0.10481598789437445,0.12028043001848183,0.11957910211034269,0.08712016415004435,0.07801490523322484
0.09099750466338695,0.0703391255063166,0.05230215551574549,0.09796418895995163,0.09980834429079406,0.06822616102051861,0.10545598903235937,0.10842384441529196,0.3064826865956354
0.10212906630721985,0.09942101457969461,0.13909854226504284,0.1269185652986604,0.11944173994399965,0.1318654375798706,0.1136680236819384,0.10908270107036842,0.05837490927320521
0.13498548204797145,0.17898866517124437,0.03004398617182193,0.09948254838054875,0.11160496464912693,0.09322788423026303,0.10274179060943416,0.0951179140910215,0.1538067646485679
0.10114227105418783,0.04476962335020097,0.1495134167904674,0.14798675543071044,0.12026515769319335,0.12775656941240296,0.14520903375817096,0.09327728687453386,0.0700798856361323
0.09278054588625821,0.14613792974026912,0.29815792041826866,0.09861425785700041,0.1051662610141371,0.06203060928388631,0.08231307601181047,0.07370696763061611,0.041092432157753656
0.12280325026719492,0.12860112908372437,0.05791561396490774,0.13032414580243382,0.10548785370170582,0.14108065718952997,0.13674807687244067,0.11793400777120176,0.059105265346860926
0.10771106351053061,0.05644761104913643,0.13502591161924415,0.13788334937292338,0.1294777068686658,0.14068589855997268,0.1273225233408016,0.09177570976870845,0.07367022591001694
0.10613925795867996,0.17240305317944546,0.10715596091693581,0.11497099365730296,0.11377392282607858,0.09431419624853876,0.12225736610835007,0.10354727855493595,0.06543797054973244
0.10138860577058784,0.054138579351396016,0.17557457724976908,0.09795022650430037,0.09582230460580983,0.13958006760411032,0.108813962394453,0.11730238854656638,0.10942928797300715
0.10787483023060974,0.06436830526255945,0.06134451146984834,0.11207677134758247,0.09770019212881138,0.2241851731564737,0.13616220664615755,0.11742399466827501,0.07886401508968233
0.08823049242593152,0.13120696687373634,0.2973044609152835,0.08367753112579339,0.11220079728990412,0.0657373528385471,0.09203227432871404,0.0853584309019511,0.04425169330013883
0.11121477723369151,0.0717639453414907,0.12216436399094528,0.12986775834920325,0.09138125859120501,0.17126391797197563,0.1184983041243371,0.1081524897702526,0.07569318462689888
0.10887205043785696,0.14224987029845493,0.059709737989713435,0.13582378814116647,0.11668741444826301,0.09389028790917091,0.1296637775544007,0.13170601045651417,0.08139706276445943
0.11173770360106343,0.07137316095307612,0.09831068403221244,0.15957903970245477,0.0988831857443842,0.12906872870300398,0.13422869945403829,0.13182633527606122,0.06499246253370547
0.09839168146428558,0.24304345229012406,0.06272556634901091,0.1112563740444464,0.11476922725360779,0.12090848175714337,0.11348313018605986,0.08828871441444347,0.04713337224087852
0.1380368926000002,0.09431547738386992,0.06012447999596831,0.1058069318436395,0.11116041601745114,0.12451288779882941,0.1268407836712224,0.12983605207393237,0.10936607861508668
0.12195500313434178,0.13599117527720292,0.08213080662199464,0.1109149679026341,0.09500974791432922,0.11282482150437616,0.1044491266378184,0.11938491327682071,0.11733943773048204
0.1063978891989843,0.0659284159009333,0.18446783877525122,0.11203484921984963,0.09723069035062577,0.09101536497686095,0.12132970034542674,0.11405119946546309,0.10754405176660493
0.12346378857684466,0.07733877176492207,0.1153899419457219,0.13481686050562694,0.08392238933533287,0.07678842172818574,0.12565630745623887,0.13010750114744318,0.13251601753968376
0.10540177082073847,0.2001270103284185,0.04188854464261604,0.14343440064701163,0.13013711630622632,0.07145845960467828,0.10078548557075351,0.0848841713910864,0.12188304068847083
0.11498494224697459,0.18355477598844364,0.059601368638098985,0.11235173842472863,0.09556255809110174,0.10380243473114421,0.09911960214874672,0.14041749134994788,0.0906050883808136
0.10800407988501083,0.05128152401625643,0.05811902612071259,0.08865749119821033,0.11312907014164697,0.10239059966938484,0.11363290916924092,0.10603006556104087,0.2587552342384962
0.16834505544847,0.22571111478884934,0.059904344879252,0.12183257988510149,0.07799810826271981,0.0711025777106307,0.11033819657799643,0.10241212444359436,0.06235589800338593
0.11811425241181335,0.07329891387004746,0.10503563689735691,0.12560646866361724,0.11811224000203296,0.11703136654529844,0.13446034136622856,0.12562227600469877,0.08271850423890631
0.1131453624038065,0.09747566052432571,0.06330213807225442,0.19506110659366427,0.08686307522822245,0.08970208594508129,0.1167981751556777,0.12381482358707696,0.11383757248989068
0.13749231747534565,0.09552301775746226,0.10311702215651192,0.12246384092207319,0.07862515300433408,0.09131401731314798,0.11554491073334383,0.12363816580684199,0.1322815548309391
0.1359553316534615,0.041414245834316334,0.028009542945934652,0.12399119248827821,0.097479520360139,0.2789646373605679,0.11518090512982604,0.10684742332461988,0.07215720090285654
0.11516424549268112,0.19189110600732928,0.13578200688944622,0.10388592385073514,0.08309309306331866,0.11730431791353402,0.10773264146014033,0.08380451728652616,0.061342148036289124
0.10577631034818408,0.0705244873251968,0.07855253348130133,0.0964120764693925,0.08150878820847572,0.23229774562674996,0.13292149592242475,0.13007396674288763,0.0719325958753872
0.10260898540655368,0.1831049903006731,0.07120398856547407,0.1094093473693591,0.11909130052075385,0.08965175517003564,0.1119002047087267,0.10067646741080127,0.11235296054762262
0.13286510980460775,0.08055778557368393,0.17980892633829063,0.11500617047017224,0.12344411722154691,0.09083293751871359,0.11191785552852261,0.07139219413569943,0.09417490340876293
0.0978422807586208,0.046685690570507386,0.10341432883954156,0.11480277307107528,0.10490387431961279,0.19140863149320972,0.13208948120443795,0.12772624200399424,0.08112669773900016
0.0852180375890298,0.07264527033593295,0.10640578165508174,0.11563761359666523,0.11948166571984764,0.09584168593232077,0.10657823899136941,0.0950699821387414,0.20312172404101111
0.11422697115496722,0.16579707862467788,0.08140290039736266,0.0846575018529054,0.07921255131876116,0.18733416401027536,0.12120988905668213,0.09407016266033734,0.07208878092403097
0.11885761250611622,0.0787328370185967,0.20550356416943102,0.12508434517439146,0.11145542144184217,0.07745669444676692,0.1228766619684649,0.11506945724545019,0.044963406028940466
0.11014341102676843,0.12809181788460017,0.05285134679760222,0.08010773076416189,0.12236419155775634,0.18272172647886273,0.10488752672804207,0.0969628531293184,0.12186939563288769
0.09978759530749808,0.1422579445353584,0.2659903175147582,0.08526899445959156,0.09118558108073804,0.045785594911861245,0.1056053212970478,0.08212379865232201,0.08199485224082453
0.105669915026612,0.16047711294064726,0.06834544882827459,0.08909917912810376,0.08807844919917678,0.08554855495314001,0.10346508262934262,0.09940783341807836,0.19990842387662455
0.13040012266596493,0.07312519743842445,0.12206431282055223,0.11611089421533394,0.11245147561215395,0.1252630388347143,0.13019152184792518,0.09486570187554359,0.09552773468938736
0.10225856734109894,0.03643869039236116,0.028011112282260248,0.10566352608729183,0.12700515250035302,0.0925449745638356,0.1034255213219805,0.09013598399360397,0.31451647151721474
0.10152403411902632,0.16388044901091595,0.07025777812547071,0.13315566389388112,0.10781885851017141,0.09561159450174565,0.1258578611969492,0.12394145268113682,0.07795230796070275
0.10799132696991649,0.12197336379329539,0.09654016626785054,0.11290614926790532,0.09071435581499078,0.14751838828980254,0.09424653983804915,0.09939149180420782,0.1287182179539819
0.12511169720736542,0.058003519603913256,0.11018179351747365,0.13768345517761235,0.10451576358685304,0.14843978785777914,0.13094050696880039,0.12917357246003136,0.05594990362017153
0.09184719195118586,0.05399650319880886,0.29740882251504197,0.0903050884056532,0.09061835774782538,0.0889591981206234,0.10043024147189177,0.0931052590179452,0.09332933757102442
0.11643547966743611,0.11193470997824484,0.06561615070915265,0.10965982272694413,0.09495555612675301,0.18539112564692237,0.1328905353730122,0.10419158736113114,0.07892503241040354
0.09969583671741367,0.04666801741361903,0.04739537719458251,0.10660803277088678,0.11933370107524766,0.23043549469489624,0.10580624536726298,0.08512800299013838,0.1589292917759527
0.11897562197782093,0.05786344457537935,0.05169925139010245,0.1316214315565358,0.07599813067548702,0.13741100556771038,0.1318810623951828,0.171597649293571,0.12295240256821031
0.1068392252928443,0.09833084769869416,0.06440302045745239,0.14812731841945698,0.0850088633829839,0.08829345644024013,0.10222703011004201,0.12845127006712895,0.17831896813115714
0.10349052906068057,0.09090905461860144,0.1015746867764019,0.09549235657523263,0.09005831012610484,0.13050216949463747,0.10992881175819101,0.11847670046640725,0.15956738112374302
0.09553028426750869,0.06419761559687485,0.18458874246898702,0.11027119571911526,0.12523064834088424,0.08157809539598658,0.10951123500649822,0.09667232375121264,0.13241985945293264
0.11988655897037533,0.07709663443357433,0.08522652821065187,0.12903351727760368,0.09365570522741584,0.15474922955793913,0.15084947798558276,0.12392956469893628,0.06557278363792085
0.12881003865451143,0.06932206399490304,0.11366669803068619,0.13800271592251034,0.1147601722271458,0.10605642952705069,0.15285853522399898,0.11260146754959538,0.06392187886959812
0.08989905606647303,0.04413051853932668,0.14536996686185485,0.13549364784112655,0.08853483226816634,0.14465831359206754,0.09807745318480293,0.10282318836172838,0.15101302328445365
0.11037207953643163,0.03728461518871822,0.1154575430523972,0.12083802747369572,0.14243864744874618,0.06623743413841648,0.10502754512381544,0.0925645991500737,0.20977950888770547
0.11536682671553672,0.05740381641518728,0.050050142809043165,0.1224256393124034,0.08545899670732272,0.23402050408866457,0.12264178969149447,0.11512368750445405,0.09750859675589359
0.09400259951116165,0.16886083172088107,0.11266428898583632,0.10716693222408778,0.0887046496931802,0.07765321131801915,0.1166844976179479,0.10034328435481515,0.13391970457407076
0.11641952395124745,0.19668829549032807,0.03199800563669488,0.10879969222596042,0.10037361598531859,0.07609747406865237,0.10019019765161719,0.10184367791761084,0.16758951707257022
0.119543743605797,0.12203053278980693,0.06933709839956372,0.14204537496747327,0.11692537097810986,0.10574624705038128,0.13791306723378025,0.12185655968313082,0.06460200529195682
0.08093593528054802,0.07105181752115247,0.18829500744406,0.10392846933065074,0.09415046615918587,0.1569211604417792,0.09926570517276713,0.11928829100101268,0.08616314764884382
0.103486075029532,0.20633448247094388,0.10480955001138392,0.11882735452867754,0.11846736186847308,0.1003008035557749,0.0950654841840511,0.11033916433905089,0.0423697240121127
0.07190405390926478,0.18776912186802575,0.05783579437867559,0.12371598937959462,0.1135239684802684,0.16282281162433287,0.09381081260153536,0.09119064023114352,0.09742680752715914
0.10346311730926332,0.06461002761019526,0.08722921957308342,0.12073352576191136,0.11257169926289573,0.15834894087232235,0.13474044599374368,0.10037099610780792,0.11793202750877692
0.10985170356823996,0.041164642644116956,0.03626226847094461,0.1099178457975545,0.08810172072419696,0.10678006675767669,0.1240557954361425,0.09768201360019385,0.2861839430009341
0.12797513427318974,0.22426931635795042,0.08025309585772733,0.09180325197893553,0.09413268052546837,0.10814468542906734,0.11384281858320296,0.09268055328548856,0.06689846370896972
0.10704648670311594,0.07384931685065436,0.18623569657911096,0.10217546494390878,0.10634256773941923,0.10464922717439194,0.10563853426106327,0.12417109895843599,0.08989160678989956
0.09645422581712043,0.15809010495543505,0.09370294103707814,0.16192279156622355,0.10918712260435108,0.10800539397043453,0.11222847790218908,0.09501446881184795,0.06539447333532024
0.14033217969783426,0.1642895336520536,0.03310784086368886,0.12282380644709247,0.07274414425143276,0.16655571620524517,0.11704553837057752,0.13303207974081152,0.05006916077126383
0.11609421658171203,0.0785848167066691,0.13830518595737784,0.12710830884021443,0.1052216456572267,0.07088404429854682,0.13203388990367523,0.09432057294232699,0.13744731911225083
0.09179381496141668,0.18781743903289325,0.09846902839488132,0.10767851038093018,0.12068379323224916,0.12272122186431385,0.09942383235120257,0.10610672468865644,0.06530563509345659
0.08828515451217626,0.23581688078195687,0.04073421919608413,0.11731183346224174,0.11573227784687129,0.09528244433534172,0.10282056045601605,0.10000666729495139,0.10400996211436052
0.12715762045052556,0.1121615763067023,0.08174391814054495,0.12931772746934528,0.08121105676699454,0.1024153546435646,0.13122406781051774,0.15967615803150312,0.07509252038030188
0.10251472697956442,0.28318961551948985,0.06022165740919638,0.0971620049647009,0.11994861178472327,0.0870831174718737,0.10362879859344676,0.06833598832045602,0.07791547895654861
0.09290320365520714,0.07086253147738222,0.274518962741264,0.12747210422122504,0.11919649469010636,0.06443063913042123,0.10777252743736145,0.0933656793814744,0.049477857265558124
0.08088734434982263,0.2891227935632626,0.0545860657003123,0.08520949465215732,0.09663926596695915,0.1684961237767301,0.0850798369948061,0.09252953263079504,0.047449542365154744
0.11493792969309446,0.2715273871475004,0.11642621941703883,0.11023907443380172,0.09256415602119002,0.0561703826747594,0.09175431854355591,0.10540089264449161,0.04097963942456761
0.12774648192590507,0.03841147983126379,0.06754489976994094,0.09140153010051462,0.10655671874701762,0.21323124823379533,0.1251534379938809,0.1242273940755572,0.10572680932212453
0.10264475046094751,0.08759544768238448,0.04604276165810748,0.11968845349193487,0.09811444802886808,0.1841715473805178,0.11534694386332811,0.11025758677955066,0.13613806065436104
0.11526255418241105,0.09138334913669581,0.06900543111718177,0.1344744854294285,0.13209015289213086,0.1160346360096292,0.13339589251969838,0.12204950262540226,0.08630399608742219
0.10185008050849724,0.08449813475259733,0.060788405032342986,0.13490482196389555,0.08848530405188981,0.1370364886977363,0.1235928474249039,0.1443751457506128,0.1244687718175241
0.11552267325668165,0.1498564367786986,0.0672080642660242,0.11899407000235664,0.13170177217333282,0.0918002920283275,0.13664325305739786,0.11258059624623917,0.07569284219094156
0.1115261929367119,0.16352505371282608,0.16604850122250622,0.09566859345753637,0.13485218227065707,0.07563763268317496,0.1077352673661633,0.086756412415301,0.05825016393512301
0.10452515951172377,0.07948635303308121,0.08823179217700887,0.11423058218929434,0.10864071977365213,0.2233945611034032,0.10990788600087359,0.09554820275353242,0.07603474345743047
0.11754538057234887,0.07841396048637259,0.14085910029533258,0.09866538571912797,0.11303947318506823,0.15687105975104745,0.11857734437170608,0.11388032460845782,0.06214797101053831
0.11056169125112765,0.07794031265643124,0.0627744481599914,0.10925205851134373,0.11306923041271144,0.09335778502573343,0.09971238160050348,0.09652956402349751,0.23680252835866003
0.1319782755399668,0.08164072539888384,0.07916778431901361,0.1338047705534097,0.1050168961880324,0.1494141541997703,0.14119577864681718,0.109992508202482,0.06778910695162423
0.10206777780607089,0.32057941713872645,0.0362869553953046,0.13468924840090082,0.0873791634647465,0.060709545153129714,0.09511514952116272,0.10821420745994177,0.054958535660016544
0.14178774251284648,0.07882997596115184,0.0857955848429723,0.13757297062942483,0.11505902194496696,0.11613952444656893,0.1175558667694257,0.13075586833032124,0.07650344456232172
0.11562607722354701,0.06963508287580208,0.13451476151923372,0.13341401633572367,0.16462550548069652,0.08446941500087368,0.0980476668325933,0.08150705585773882,0.11816041887379125
0.11486897033012122,0.10189302368509147,0.08090149015913721,0.13802859230640316,0.12023289878016989,0.09639645675217136,0.1339595771065728,0.13187567961696114,0.08184331126337178
0.1265849763743316,0.07762034376562373,0.09919565506773327,0.12532835182973648,0.09086190876182543,0.1147959525034926,0.14641870464642673,0.13382326666617123,0.08537084038465899
0.1014351357255326,0.061310180783544936,0.1461533704555675,0.11701838701969113,0.08855597173309206,0.12591381164690826,0.11502525075588699,0.10353965596783203,0.14104823591194451
0.1174650696228075,0.07136336028427721,0.12436121476927979,0.1316778083512916,0.10604043669133252,0.13200093991781983,0.13234112672483375,0.11838082638121454,0.0663692172571433
0.1160558891083645,0.09178832258801617,0.11188993534524411,0.10502288912898683,0.11353073677693931,0.12250010297650556,0.1113235904826872,0.1091334736588216,0.11875505993443464
0.09533543722723221,0.1792525603811692,0.1412108881728559,0.09954316658640068,0.10171333646256282,0.12158625603535307,0.09536126633744811,0.1047339184105804,0.06126317038639745
0.1124328358701439,0.06822815604733055,0.15854020198740815,0.11084964873224545,0.11612320246613068,0.10827580999245656,0.12280877031908971,0.09974705353985013,0.1029943210453448
0.1082699936749182,0.09284319427165673,0.052207946571642516,0.14585329197373584,0.09809922574460471,0.17712377923042558,0.12195523290184003,0.1247033640970786,0.07894397153409774
0.11344964733762093,0.07005946318466907,0.10184918288350132,0.10147620289384678,0.13979396477336906,0.14051563805468745,0.11481409677626159,0.09672696469361564,0.12131483940242817
0.10394846121495194,0.11172173778907686,0.21806295593879274,0.11593940767912385,0.12650488439140392,0.07596930819014924,0.10643587812397722,0.09704593819299707,0.04437142847952716
0.1339766083036524,0.11075280847925716,0.0537911111104904,0.10059168743411084,0.11652767328163867,0.1866802882559296,0.10284694362207443,0.09042904619166207,0.10440383332118448
0.12518755995751435,0.08628379307278043,0.09880274779926974,0.11026186238160703,0.1376111058696178,0.09433688804195135,0.12665474480490946,0.11161770610477768,0.10924359196757205
0.10772226818830656,0.07634625342677724,0.056158999324210986,0.10986109595273504,0.10431288813363139,0.11311768375566893,0.11960035005742853,0.10084869100213088,0.21203177015911048
0.07324860690277438,0.2354356969502069,0.1493548319249574,0.10712512980455581,0.1141808833830454,0.07046412572798269,0.07648210484604957,0.09814957819724635,0.07555904226318143
0.10054232222729846,0.0987037353931663,0.20477907699478545,0.09104743843193976,0.12377783938319104,0.12325005897434045,0.09066106179617302,0.11222961775789042,0.05500884904121511
0.0983553458100207,0.20200170123318503,0.11473737868479335,0.10844623008809606,0.10475535636119311,0.07884424839592429,0.10101140852412449,0.116299014751991,0.07554931615067208
0.12668597761400538,0.07564807600850706,0.07344783762850485,0.1394180151006734,0.11514961816894909,0.09311290481538535,0.14049835830443022,0.14194485178565616,0.0940943605738885
0.09857453272289758,0.07322570588119219,0.19623525199521993,0.14177092295662544,0.10971003787548639,0.0674915746473286,0.1285060002526816,0.10324256461143615,0.08124340905713211
0.11160048488089376,0.1598737109874862,0.05513621042228976,0.11716106235887758,0.10129036408466909,0.16633752462512638,0.12410871313889126,0.10902723291034515,0.055464696591420816
0.14775227188772452,0.06552407880359441,0.17798321443782114,0.12260487460541458,0.11934299172305514,0.06713234857242113,0.09066513527219137,0.09457963212410041,0.11441545257367729
0.09451015576762178,0.1765385566995631,0.06557382377727643,0.1445626312961378,0.09795650802995147,0.06978220721480911,0.11534031008234662,0.1223559040619309,0.11337990307036283
0.09782477089052473,0.046655019907174494,0.10342570480472103,0.11478239399523704,0.10489818045735082,0.19149425434586845,0.13208060942481625,0.12771367350091392,0.0811253926733932
0.11511648826159089,0.07317497064548355,0.09956260130201953,0.13604251998392825,0.1275938635923843,0.099642334957786,0.13521420649390067,0.1330303518805064,0.08062266288240043
0.10768439319634178,0.11803691437009868,0.039990317311854644,0.08194225824367583,0.09534852321150232,0.2658439300301491,0.10486820181467739,0.08604796370402762,0.10023749811767256
0.11917271415207166,0.10327351537069192,0.09439928297603499,0.13637197582054786,0.1107594454082808,0.09957061649748611,0.12414765687387512,0.14421687861936613,0.06808791428164546
0.1021274719880025,0.2874623148248066,0.03624748828788643,0.1131356369362379,0.0951058513125399,0.12518280610594498,0.0939185722859406,0.09268247171253746,0.054137386546103644
0.1339303633706682,0.11781662036987295,0.11377942544046567,0.12694900184702826,0.11224434136373031,0.07447674395836533,0.12125775713142628,0.10361622798794239,0.09592951853050052
0.08817005340655804,0.06234546293882603,0.345569839595504,0.08433606063128068,0.08979162319385699,0.06530672431325586,0.10674552770389949,0.09218746238098001,0.06554724583583883
0.1008871457351837,0.05549886015090838,0.10166753216643987,0.1562220388380589,0.10743783910224221,0.1384136389972944,0.11304534452201427,0.12037115412380893,0.10645644636404931
0.08946514225001545,0.10041986308944058,0.25255533650882245,0.12796753662155314,0.1173828499956399,0.07362724142803469,0.10027665423501901,0.0882847564779578,0.050020619393516985
0.10522800744695249,0.2636462509187431,0.0924935019489115,0.08270851604105452,0.13846543108541431,0.07742885245832051,0.09869124124878985,0.09081162073847693,0.05052657811333675
0.14489255684371144,0.07703895806050569,0.07754486372457506,0.1204714899535525,0.1271265122551872,0.06594952848376559,0.12254036466494715,0.10666718241069419,0.15776854360306114
0.12300837321763236,0.09165348436246094,0.08825086466977868,0.12306305452935203,0.11451646055430813,0.09987385984255032,0.14186446276434084,0.1354567978035294,0.08231264225604722
0.07817595176102764,0.0726287003234844,0.2525526143178429,0.10397733995937491,0.09631286103635567,0.053502158720058736,0.08492501268352777,0.08470508988939696,0.17322027130893106
0.10836550808906907,0.09706019488515816,0.05935062401699431,0.18024242787601327,0.12087925542959466,0.11632973624203247,0.11296427876847538,0.09813621739203933,0.10667175730062324
0.1350694836908823,0.27247681593668177,0.02917085614892842,0.09237855324843697,0.09678757097774171,0.15019456281689758,0.10423552395653224,0.07238104680049066,0.0473055864234084
0.08079914695163544,0.06797020340045636,0.07601063250634059,0.0832784341639608,0.11603981048231442,0.13467511740948282,0.09732713801368599,0.0806749863203795,0.26322453075174407
0.09627993049158012,0.18105566128985306,0.1683543808340853,0.08635642244318881,0.12885198860268185,0.09161874315258428,0.10635666894016838,0.08997382948832804,0.05115237475753015
0.11677853081179952,0.07026277471451296,0.16498403493261912,0.12572078933594663,0.11053120739548543,0.0963076033864139,0.12579973789346743,0.13016269058749155,0.05945263094226341
0.12939054259545432,0.11208063688768799,0.08108659925826768,0.10567088366622741,0.11129676100820772,0.1331119766544087,0.11850019813836843,0.12398301712479758,0.08487938466658022
0.12509264331421624,0.062146204208251545,0.020871171032705388,0.08986238386194716,0.0880075575049965,0.10045903678561047,0.09680304519906252,0.09744027672533079,0.3193176813678793
0.13999633807022296,0.09656461014505054,0.06789867117046956,0.13746847673591006,0.10654657860368723,0.11495722161773102,0.13810361920649597,0.1086628341117074,0.08980165033872532
0.09783570845272067,0.15824813786809003,0.025701197099010517,0.10031625177724192,0.07160022929914872,0.13927883963544105,0.09523634874474513,0.11842233772080123,0.1933609494028008
0.06953967611392316,0.23962535567041754,0.15269257395710653,0.07636475365505296,0.11111265092845157,0.06973504438220818,0.07513663472672961,0.07390519280214623,0.13188811776396425
0.08626165974691492,0.06991193578392824,0.23880854901374274,0.10739336870873038,0.07433903367706235,0.12370205300215531,0.10901633387935931,0.11334038050431644,0.07722668568379029
0.13659066248809823,0.05441452101943075,0.04207698511296143,0.1140145753735805,0.10515870279284806,0.16690524797657835,0.11334147210945904,0.10344862145640636,0.16404921167063738
0.11363807159816429,0.11228258430302977,0.26825975303450983,0.07831094531878426,0.08637329040792648,0.09025771612353568,0.08973953198878554,0.10698242659595918,0.05415568062930487
0.1548418048173709,0.06925243159893772,0.09103778235122885,0.11792628056975178,0.13688987248774706,0.10984435915262732,0.1376110395781109,0.10478937050026023,0.07780705894396525
0.11089663864729704,0.07677597350960895,0.18802332097424515,0.09930608378922813,0.13088295517344783,0.11999394119199717,0.10597196984220623,0.0884072014521254,0.07974191541984404
0.10868954814787368,0.053396391194173026,0.13856816294318142,0.12975137696210717,0.12851807912672378,0.10139649281502812,0.12956407880855716,0.13282770926328888,0.07728816073906675
0.10863516515935123,0.14377642538141874,0.030560585939202134,0.09008759718757338,0.098917442021331,0.13904267913360346,0.10867275948498051,0.10288294755480283,0.17742439813773672
0.12414923811111105,0.10373724652526821,0.055544833755450794,0.11772136029122789,0.1225230420193923,0.13268414190078873,0.12026848846719673,0.11895150295371469,0.10442014597584963
0.14862485540783651,0.0776704568842523,0.0405585729875413,0.13084855450868615,0.13742068901014962,0.05919024973201064,0.10706071608826723,0.09522360304508759,0.20340230233616877
0.10688399112939757,0.1661962451530942,0.12433876794151755,0.10186360812469947,0.10650238840590547,0.09835962459550918,0.12770128334128528,0.11406033034536693,0.0540937609632244
0.12244150991878089,0.07579035141778935,0.19479990797907373,0.11250973667808828,0.09019929799938253,0.09266646326071766,0.12375887677739471,0.1342580594688193,0.05357579649995351
0.11561427404252296,0.07346907686625388,0.10293649680296717,0.12593154154352834,0.10951515116664723,0.11383039701333213,0.14048889208915735,0.13359528601162232,0.08461888446396866
0.11239155387576734,0.09793101885412307,0.11155922068993468,0.12675834611573844,0.08530023346674644,0.0782715510497199,0.12765590622432274,0.10843850963956743,0.15169366008407992
0.10991577356560234,0.14550494413701182,0.02365261249228055,0.09824604133615784,0.09875130314165494,0.09564988568532536,0.09536638028786633,0.07144623605535999,0.2614668232987409
0.13288326104284573,0.04646711556205157,0.06221169347146499,0.11585213483609962,0.08369701212540163,0.14654401651077462,0.11480322886746862,0.11031430763630569,0.1872272299475876
0.10330821593578328,0.07287937048982653,0.18831513427506316,0.11409005315921682,0.09466562904663878,0.11414557223609055,0.12494166108885567,0.1015021593735978,0.08615220439492736
0.09392463547936569,0.06527472904003656,0.05467908599209964,0.10996584067420383,0.09751838577836619,0.18141497061653122,0.09528354845104664,0.09543283709148204,0.2065059668768682
0.11189391318244289,0.06695157065167702,0.12669673174657223,0.132539907686365,0.11645018686437876,0.13246787735805543,0.10226596397593861,0.11633071948963591,0.0944031290449342
0.12110387226687695,0.07892619004379373,0.057178797047853946,0.10836247979333806,0.08675404561009738,0.17642867442925037,0.12503174869469685,0.1337419774877877,0.11247221462630497
0.12172777698548588,0.03240594828903218,0.07347583337684564,0.14176869494777497,0.16774421486918353,0.15086135904650702,0.10729195475862136,0.08984024463241519,0.11488397309413427
0.06622526503593,0.1597301830577947,0.18188884636601252,0.08082974724915883,0.09989617752402807,0.09752753731135182,0.09005794609043544,0.10057134515554078,0.12327295220974793
0.17889833611608455,0.07807688947878157,0.0243515596002097,0.08822392737448732,0.0778948400380556,0.1102267155865283,0.09474262839613057,0.11719702758849966,0.2303880758212227
0.09681723146080551,0.12074587209110456,0.08318187102755414,0.09278674396971592,0.10106279644499067,0.23101724414526928,0.10072950669705992,0.10973212506808572,0.06392660909541424
0.09882631293483897,0.06210205550065926,0.10554148080140567,0.09954174740475052,0.12211192860248525,0.24874471458837202,0.10062742724366903,0.10548057176432102,0.05702376115949822
0.08450455481743273,0.10616705998877324,0.043420533660618876,0.11714855019962318,0.12901143050544933,0.23750495852722095,0.11224440643058814,0.08414423178100712,0.08585427408928642
0.09422321710294863,0.20431064411010622,0.10879667005979954,0.11606192341358541,0.11929306000436746,0.090663493491072,0.1111793623805728,0.0978341436280807,0.05763748580946737
0.08308674054698424,0.10703718172780485,0.2100998845578114,0.08790922181135412,0.10064845766045738,0.20673997756771775,0.08394597249480239,0.08165567472746649,0.038876888905601516
0.11610371316304145,0.13125231306997162,0.042753646366715914,0.13377194235394732,0.093510032429163,0.10128847147796771,0.10621747022172712,0.13178584737283816,0.1433165635446277
0.11501154257378998,0.10118103846969713,0.12326826921291266,0.11567374402603843,0.1190654331630735,0.13126881530760628,0.1162537365861785,0.10662392042651969,0.07165350023418379
0.11939808084440155,0.10106218233379172,0.207734690765517,0.09361874022877041,0.11310066339117571,0.12267470880794466,0.11768135146873653,0.07460517998381037,0.05012440217585207
0.13946544450506257,0.06413326409127397,0.07563911367551875,0.15586596559032903,0.09947559893295226,0.10470487773702482,0.1380821561596384,0.11340461163591949,0.10922896767228076
0.16370528583770702,0.09814890339273559,0.09490399975850543,0.1250613068861921,0.11819544251195825,0.0976146172324218,0.12384113875083756,0.11842089019797852,0.06010841543166373
0.1266978756509499,0.18883378904668116,0.05696501799285439,0.09612467334713108,0.10765156220539047,0.10026793235102827,0.10783954013535613,0.09995102905032653,0.11566858022028209
0.10887205043785696,0.14224987029845493,0.059709737989713435,0.13582378814116647,0.11668741444826301,0.09389028790917091,0.1296637775544007,0.13170601045651417,0.08139706276445943
0.10814333331795316,0.07884355960307053,0.11100346228494984,0.11448847606951053,0.11632691180263999,0.1385512205632961,0.1272851528550398,0.13130406175187417,0.07405382175166587
0.0947392471602551,0.05617065621324532,0.3654886764311904,0.1085733580175028,0.10109538889628918,0.05837024274733913,0.08988052060975149,0.08835091133866634,0.037330998585760215
0.0948140093014267,0.14493950269833358,0.04923744098800629,0.13549488589754674,0.11901382809032394,0.14073098682448992,0.12044272686598545,0.09890921161542543,0.09641740771846193
0.11186001196586977,0.1607229922102658,0.04298759313020362,0.1384653823646407,0.10616883583355903,0.10458304534529005,0.12463131439090845,0.09894277977491867,0.11163804498434386
0.07873291763645915,0.056293634814899546,0.38679401324226853,0.08086364829853789,0.09914289526425797,0.05914482377611687,0.09068175252793048,0.07372916990093081,0.07461714453859873
0.10587491235674085,0.06125740406726802,0.10003903419118025,0.12258036200548804,0.11872283100559704,0.15263884905543124,0.13509231247051437,0.12579213503903944,0.07800215980874083
0.10028089029492249,0.19492144151487598,0.23473942203283574,0.09922625378960724,0.09577214085609069,0.05375810531548763,0.09398565972996879,0.08148263759603502,0.04583344887017656
0.12624423608513033,0.07605268603610765,0.07462462837791752,0.14162152751467735,0.1185219307500407,0.1011360901935977,0.14411330274754053,0.14577160160154748,0.07191399669344074
0.10827259470921474,0.10157715500821281,0.14108049936646558,0.1208558808880763,0.1188250048535741,0.09207912764232302,0.11485736298591405,0.12495099964290572,0.07750137490331367
0.12643227218349415,0.06560356071279327,0.057583222055412144,0.13456731686981271,0.1013035469394704,0.10443470813239197,0.13754420942102522,0.1289116871979474,0.1436194764876527
0.09209676211100208,0.13724170867602062,0.18785196747336705,0.10940689619222932,0.10234668593164635,0.07887692407265486,0.11730365297855401,0.11028814658163748,0.06458725598288832
0.10524891622806816,0.11952949816483195,0.15523745898027752,0.09829397997324245,0.11504220306440366,0.11788535394079598,0.11151192767337208,0.11271402345754467,0.0645366385174635
0.09625028574360682,0.11587174400181022,0.03922953106585985,0.06806625367766511,0.10957092193954192,0.0952462298939258,0.08925487312837811,0.07412730627935622,0.3123828542698559
0.11058983169481561,0.10314686473435619,0.07428866512416922,0.13576424609301593,0.12736695684045188,0.09409531103200502,0.13349241007096205,0.12294607380911389,0.09830964060111025
0.10452515951172377,0.07948635303308121,0.08823179217700887,0.11423058218929434,0.10864071977365213,0.2233945611034032,0.10990788600087359,0.09554820275353242,0.07603474345743047
0.09195753589879445,0.09503011096566759,0.059549985109045654,0.09691175269031284,0.09853792742099556,0.2129085728117146,0.08939870460246496,0.10293101037109098,0.15277440012991325
0.09193870462177561,0.05664976336739597,0.15125322438394384,0.11176689534139424,0.09392007470568797,0.059046415215220915,0.07723083643435585,0.08861517459723951,0.26957891133298606
0.14191168674417162,0.15409302537235078,0.04593353597213049,0.09854142409744138,0.12420507714939544,0.09108364764715554,0.11358416967875913,0.10881040810895298,0.12183702522964263
0.12296216410908112,0.12753062230340897,0.12620984272721816,0.11147459102557296,0.1282131792659071,0.08459173002252189,0.12073461971747586,0.10530788205219559,0.0729753687766183
0.1006703534904644,0.0772729548864778,0.18725037304037698,0.11799135732699491,0.11704016425387405,0.06802573371394575,0.12016015994245192,0.12494246093423304,0.08664644241118123
0.12154620761793448,0.10904298518606875,0.054729509604041916,0.13576770906379576,0.08903823960578881,0.11169867768940468,0.14953531355966687,0.12878769948719201,0.0998536581861067
0.11707680185210789,0.07065565239591871,0.13867136579582148,0.10207052323336518,0.09210881090830801,0.08242215369606408,0.1266934500959601,0.14510674466210877,0.12519449736034582
0.12580560075659505,0.2536670109269703,0.06586590973447821,0.09335992883087833,0.09428583721692979,0.07912948529494288,0.1065407200936387,0.0875150899513567,0.09383041719421
0.1434885635530051,0.0642179096725356,0.06564770593966267,0.10634023213025606,0.10518324580393239,0.103471628043862,0.10278142837118708,0.1057436638571914,0.20312562262836775
0.1380417252993231,0.049150467870337944,0.09481665719620301,0.12094343422868999,0.10296403610815512,0.1755482898740678,0.10327207950771637,0.10305686849571306,0.11220644141979362
0.0814727218775869,0.03136946390387179,0.28029390363524437,0.09538049918490993,0.13502967983449207,0.04787125636009085,0.09717473107185821,0.09100629488574537,0.14040144924620054
0.0797791647017176,0.16481101623989813,0.10948121543326382,0.08080384304461435,0.12506921301173943,0.18947258241622408,0.08525113285151685,0.08349295968492336,0.08183887261610238
0.08808426812557135,0.1651571031335328,0.06196653091903629,0.1365789562197854,0.090161471439182,0.16859002833481782,0.10794531448301546,0.09508697993418908,0.08642934741086973
0.09450352337607783,0.21781626216313446,0.07416629514184538,0.1037665510934172,0.09051877513277311,0.10284728144252274,0.11945457663486973,0.10749615986122744,0.08943057515413215
