0.11482457077817487,0.13259939290470366,0.09704315079159227,0.05671575354216656,0.1126655298509344,0.0688672371182568,0.15325950988463366,0.1471178338169394,0.11690702131259838
0.08112456074643472,0.13109234541416415,0.1206909152913292,0.33046748651538627,0.064210289955613,0.025178896846865185,0.08672542590152932,0.08219292659560347,0.07831715273307473
0.07864246240643953,0.12629432154162912,0.09213232293006261,0.10230139127853233,0.09562470888515902,0.09401680948728418,0.11471094375247463,0.18690897287117672,0.10936806684724183
0.09098326369863256,0.20255168788301162,0.08271952979022427,0.16367903750094862,0.07373103410779978,0.05536289112859421,0.11831549026017806,0.12664612158880387,0.08601094404180709
0.08187502488969668,0.10490359336879009,0.15377378845427447,0.17629976789355598,0.0900853271923343,0.053587803053101284,0.10079311869239072,0.11816872826891667,0.12051284818693984
0.14311780258893492,0.07846320004708467,0.153023606856996,0.06756318630630752,0.11415402559746474,0.07683833881874765,0.10935448704479316,0.12396219590187522,0.1335231568377962
0.09539830690011031,0.0870622533375471,0.1171649965384477,0.042975546960621384,0.1341426008637653,0.10271513485748,0.15029941952438744,0.15283437518426168,0.11740736583337909
0.0544546867532981,0.07982455124872427,0.0990344512505385,0.27152054034323186,0.07816196941215785,0.11780969951079694,0.09557106491943708,0.10491397625069054,0.09870906031112499
0.1353424694426242,0.12514770259424832,0.11848897420348863,0.06611785291985743,0.12838249259788811,0.06850149864196431,0.13722023825491594,0.09174787615089493,0.1290508951941182
0.08220143783841231,0.10916494031296499,0.11790634445440991,0.05696778226924781,0.12201217091305357,0.16299428537660446,0.12175765007962802,0.11226258259261913,0.11473280616305981
0.06801338704395558,0.07689957276942176,0.06054802421814473,0.26291981759329164,0.09448533213322459,0.16677653475752818,0.08695674227117199,0.09926794514714872,0.08413264406611287
0.10844030416424295,0.10784007209470166,0.10038707084792792,0.06761960528405193,0.13204265462925843,0.11437501310762838,0.1432377229253593,0.10351016522775987,0.12254739171906955
0.1089593547415859,0.09734892425939723,0.09299831499431173,0.09136730064492772,0.1348103221470026,0.13649774055356292,0.1348078566988182,0.08918535949062156,0.11402482646977224
0.10221914465204895,0.10589835447028521,0.13968850588862367,0.07397710638605791,0.09205018660185427,0.07590240912942649,0.12713004495604502,0.1674776674610983,0.11565658045456019
0.08285352176426647,0.16676596956335044,0.1279067685439258,0.0642462757288078,0.13831505918243395,0.05329967121827697,0.1300410548122829,0.1079377806335498,0.12863389855310595
0.06961653919477381,0.15018384726689613,0.14664856935689016,0.09415201864505912,0.11942286337114405,0.05978138032207894,0.09908785414080135,0.15491486952662428,0.10619205817573224
0.09830753374953083,0.12139757226059289,0.10689082739827761,0.06864253572692003,0.12327436701000154,0.10569882467976088,0.15032327306682894,0.1019061601939239,0.12355890591416334
0.10085316876445129,0.09754252399270795,0.09587640397713372,0.0916394321066208,0.10321544200537851,0.059875336422496685,0.1191635039971732,0.23173939798506274,0.10009479074897508
0.13370126381530623,0.0780205700835503,0.09013147058450778,0.062201892198449314,0.11748586791263434,0.09580478363876622,0.13815191571966906,0.17213977846233597,0.11236245758478085
0.1218245569406075,0.13495976153404018,0.08195893921631417,0.18312828384078253,0.06847805970427928,0.12777308041359958,0.08363235772097476,0.11452691084070067,0.08371804978870138
0.13220448352815695,0.12680264140469058,0.09070755127766039,0.1035446613888429,0.07831641448472164,0.14657084315799765,0.12652583501017278,0.09430981349781797,0.10101775624993918
0.10225470530047186,0.10896131767418048,0.1012140645778717,0.08227469366338615,0.1333249681007863,0.10836624855423277,0.1448706527349097,0.09915111229886901,0.11958223709529199
0.08132912483508986,0.08548441180840087,0.07550260733953862,0.09654671274002359,0.09807925201986745,0.1310722874845421,0.11040768555085771,0.21587319617405754,0.10570472204762231
0.08111501591123547,0.08996562557845976,0.12781175286038085,0.03835581549970113,0.12454414516000929,0.05999805593542953,0.14017351335910744,0.22793720693182862,0.11009886876384782
0.09022239815388049,0.10062788902092835,0.0894899653027128,0.14364530535921174,0.11848685465316978,0.15097969255254504,0.10945144657878587,0.08164250560227491,0.11545394277649106
0.10162899996633083,0.09016525570526417,0.095399096560966,0.10823961134955605,0.1319792760091082,0.11702305814613335,0.14019157658671724,0.09985807469899165,0.11551505097693253
0.1003181784505479,0.14935016423278782,0.12382149681033598,0.2703201722141844,0.07920541406556907,0.026859620681922058,0.1077535425080726,0.0640748243574498,0.07829658667913036
0.11187428652049458,0.09258065895191393,0.08731703949915763,0.112113220474857,0.1545004818255095,0.08639616922849423,0.12763858535944173,0.11235937843013494,0.1152201797099965
0.10156564336803751,0.10488514416344204,0.1030252420619502,0.07649896715603215,0.1352608541004669,0.11155220244770209,0.14997761913100213,0.0978300779385381,0.11940424963282885
0.06519455756221987,0.19261300999595954,0.1434383978789614,0.1787069251917274,0.09821548650271202,0.04543482146183272,0.08653336437984228,0.08281672408703197,0.1070467129397129
0.08849314858476852,0.14885008813537842,0.10304103021219434,0.08550965237768,0.13868159222575965,0.09854286997312185,0.12109395462394922,0.09783953930825022,0.11794812455889774
0.06971427518862731,0.1172662504719162,0.10063570520477876,0.28710646740485896,0.08956565247577784,0.05923635659835569,0.08164962625482064,0.09307404365244597,0.10175162274841866
0.04500978040356343,0.13330863171132382,0.051133598040608776,0.35871086763914023,0.05332484029631057,0.12720725925459453,0.07191540585096089,0.0917022579243662,0.0676873588791314
0.08518219598957037,0.13267184587458403,0.11450800941186229,0.07943735543197737,0.11437845835305131,0.1021955088200356,0.12323737365035727,0.11857604639170831,0.12981320607685345
0.0823937533816275,0.12401877373519367,0.09995085123928155,0.19690368960625104,0.15138293693977897,0.03472066507972278,0.06573429268095253,0.13436545479369277,0.1105295825434992
0.1675541408111351,0.0800177221714874,0.15071835914556816,0.1130904615300216,0.08990443373464979,0.12523360972468048,0.10386975014726825,0.057351701933740534,0.1122598208014487
0.07763102682297769,0.11624625836354713,0.09808733128169615,0.1916600087609075,0.10287633632786519,0.03895726730436958,0.09716288074160566,0.1632451931123535,0.11413369728467761
0.07860089493235915,0.14712204316187447,0.13617410210833789,0.055798291580634894,0.09930198846562564,0.0712632627023818,0.11249302048155822,0.1723999768110236,0.12684641975620434
0.1056360426752768,0.10816949097559463,0.09885069412981008,0.08017729361851218,0.1317843877872014,0.1208747278646325,0.14476680564928224,0.09232903079450376,0.1174115265051864
0.08701000316668052,0.14266375927370056,0.0924920373191288,0.06462663219393054,0.07992853275540783,0.059501356673719814,0.153885644854282,0.22878043479451704,0.09111159896863293
0.10762907736072487,0.06089884053427889,0.1029721047487297,0.09358478769291616,0.10415864399403986,0.14562578599807616,0.13458511793676675,0.12918847513141454,0.12135716660305303
0.15601027078077792,0.03658994980228711,0.1036527833118418,0.052361495374349275,0.09468657205033909,0.1939326138767614,0.09320786743198133,0.1679178694515726,0.10164057792008951
0.1175149656447408,0.08452361986843716,0.09768080524475647,0.07902382227191039,0.10772951351412528,0.08274086464118593,0.11032409618844537,0.20429815947336996,0.11616415315302853
0.09190202294536375,0.16103320222179326,0.15768680970888097,0.0936061804869485,0.09200598579983603,0.10427286064532267,0.08958615619157961,0.09682291404761305,0.11308386795266212
0.07920335202631966,0.1561046759435496,0.11254159375519364,0.0874341740243592,0.11208363982210612,0.09311051064772824,0.09613663374660779,0.1305557749971263,0.1328296450370094
0.08456126927935544,0.14695627445585005,0.11435713433662731,0.26757939092619726,0.1127881923123067,0.026081227536573114,0.0715119990698524,0.06535919585162427,0.11080531623161348
0.11571692055482057,0.14241258295741308,0.1411431281676711,0.05104343658041901,0.10911067293196762,0.07062199758265479,0.16236522722864424,0.08255871097799049,0.12502732301841912
0.08004441476028065,0.09310769309455574,0.13855915401296184,0.14137409966476247,0.1168496053133719,0.09354831160950439,0.09732322456187381,0.10868564425770406,0.13050785272498508
0.08961010706038215,0.07580145599131512,0.09225429752423547,0.20169793688902213,0.15352705442199946,0.06159847010725667,0.11334284986940128,0.09924276694245714,0.11292506119393053
0.12483497584356311,0.107802711222242,0.09900563329269185,0.06296167578574695,0.13208605456585745,0.10425714802193083,0.14039338816088062,0.11296080077739395,0.11569761232969328
0.06431473381139995,0.06810956893402728,0.04917461890798713,0.31489052886424146,0.07910207378954673,0.1826956149074208,0.07452366696383533,0.09712510368030443,0.07006409014123695
0.06230638834161997,0.1248311454772042,0.0736534089155745,0.2973567350816895,0.06469277522323486,0.09051199162724609,0.07389650960443811,0.13164728668963008,0.08110375903936266
0.08888743813924355,0.1296422105503701,0.1483256309281997,0.056655846375875375,0.1647675714824084,0.05360697300463232,0.10498077257671735,0.11506944774744497,0.13806410919510817
0.07254157898813901,0.06982636297529625,0.12318210301522052,0.21915123367059622,0.08346051376435161,0.14265716220634928,0.09018402866498192,0.07980350080026506,0.11919351591480008
0.13532275820533776,0.15113363879651318,0.1133149552910585,0.2253542221571714,0.13507294065092298,0.02065831953516573,0.077041172058643,0.05567911505269881,0.08642287825248866
0.10767387804664348,0.10140311618115765,0.11211025305771784,0.04861763720715381,0.13039015310021826,0.08717954952862884,0.1480628222905832,0.13730912142336046,0.12725346916453648
0.0845825302089301,0.11944349599289983,0.13593025678570617,0.14736415384910412,0.10106033298460813,0.10013235166933633,0.12950577766657162,0.0700813782314308,0.1118997226114129
0.09975848945964551,0.11271216578562482,0.08461671605974071,0.17731127871118482,0.0979697191952396,0.11655079709775244,0.08844228321472451,0.11184881560704842,0.11078973486903924
0.16997620876046368,0.13252463573279602,0.07922718127550303,0.07639064196542661,0.09534918877586807,0.11800972377278847,0.12736186245841885,0.09560452602040787,0.10555603123832745
0.10405076817807975,0.1334387814548047,0.0787741653432041,0.23960500150725236,0.07737403141365269,0.08151060523516508,0.06334917136321348,0.13060285746803815,0.09129461803658966
0.09071610267232429,0.10293363194686957,0.10274084751416769,0.08425093443822906,0.1251997828234976,0.1179551060276512,0.14127400262982467,0.11275393515554362,0.12217565679189228
0.0846601451721027,0.11408676418293795,0.10079614167194345,0.08205776882942216,0.13352108572782348,0.06446045436593677,0.15767910164433194,0.14899911650568165,0.11373942189981988
0.09860757192418507,0.08828704106091963,0.10356291792942653,0.08805611108528942,0.13016436845140622,0.1328622683335028,0.13234226913131986,0.09799712912442109,0.12812032295952938
0.1784632255578503,0.1087097773608962,0.0942014705418852,0.03393555663047162,0.09282551568459106,0.1683727787338599,0.10103419209274234,0.11814799515401293,0.10430948824369046
0.09239729534743794,0.17308129854736184,0.1245299475933666,0.07417434456314335,0.09414314781291587,0.08808413368502666,0.11993565018393397,0.12647209415466443,0.1071820881121494
0.07560490025057216,0.1714198985089709,0.1024998288179809,0.07988699807338308,0.11463955118674934,0.07777236608670182,0.1059358063892139,0.1565418170331988,0.11569883365322904
0.11404959152366168,0.0837624501179947,0.07911867787991285,0.12113689240839048,0.11946465316044587,0.17617948961913474,0.10664343046204765,0.0904042116218584,0.10924060320655371
0.08890831700998737,0.12023831948400387,0.11302262694896133,0.07157370256889334,0.12876526395845814,0.10141442896848663,0.14118038169655042,0.11269034068333184,0.1222066186813271
0.14834170966353194,0.12434697657580436,0.1207681745422004,0.057594058748981714,0.10532174007874501,0.11126135005665898,0.09846619349823178,0.11656818135058074,0.11733161548526509
0.06484305142203418,0.17379575106715583,0.10148764536310075,0.18289955838874097,0.13068729050893196,0.036489946164843266,0.12006867711839957,0.08827735587814554,0.10145072408864793
0.12037751257587974,0.10696456588789723,0.08764192643011874,0.07207350934564563,0.07763641049314944,0.13455032168151065,0.12992901092439613,0.165587864713155,0.1052388779482475
0.07171554724741457,0.11452536877183715,0.11867279177289243,0.21419581849252847,0.10971081739623761,0.05751837284414018,0.08366229134801695,0.1162664276462357,0.11373256448069695
0.07910504487386139,0.10714767481516944,0.09741142618931435,0.33080091819870855,0.07578913053195696,0.052137257361275946,0.09282461748355302,0.08310204493123152,0.08168188561492874
0.14488995147669417,0.07040488740456684,0.1342572901121553,0.11028235453271333,0.08410527669420832,0.13411671465416558,0.15650369377734394,0.06328842979599035,0.10215140155216217
0.09385562314099154,0.11142305305280416,0.11331028913480616,0.2253692788154736,0.09758518777590837,0.04817119673859699,0.11163954498893924,0.08967730070020628,0.10896852565227357
0.10433681407411699,0.098074432540971,0.10004606116558112,0.043363137425802674,0.1265309445400382,0.09252389906327531,0.12926238887268196,0.1796502000591481,0.12621212225838477
0.12401070381820029,0.13836210805586155,0.08395609637180164,0.16318858198139477,0.09080130288935624,0.0937654281231785,0.11729871880167808,0.07657585943266222,0.11204120052586668
0.13276343753301575,0.16248484548657302,0.10984314293981536,0.05551252091145185,0.08479254570537527,0.09081007325131611,0.08574707701884639,0.1798796222517509,0.09816673490185536
0.10707188560099072,0.08250852471070373,0.10309457933637405,0.05744024344155361,0.14015187912057347,0.1358413794918909,0.13936561270441036,0.11352285097664476,0.1210030446168584
0.06886496841123503,0.10998018281483718,0.08859101490255007,0.2525916605340084,0.0972828618740131,0.02848799785929339,0.1038528959065488,0.14303175628738837,0.10731666141012565
0.0947037008877012,0.09196868639710487,0.11572804665642128,0.058599977458825094,0.13834074177930816,0.10374217910403773,0.15728271431554294,0.11590464869353882,0.12372930470751986
0.05497879484016677,0.11865483265926768,0.08589567563698049,0.10758421236509387,0.08354776835853213,0.0542287575370623,0.10552296340108432,0.28687058786509495,0.10271640733671757
0.07512815355941921,0.15935419625872568,0.10661186391351353,0.10050643100405553,0.10070435259188563,0.13588748349539456,0.09834944624693161,0.1120958098574359,0.1113622630726383
0.11350597207086977,0.057871030577896,0.08259807994367875,0.0882911761195675,0.12394647071423193,0.2425582985808111,0.09639732523001972,0.08862076431533267,0.10621088244759254
0.09094106274569587,0.08909702921548061,0.11222794550181425,0.06672786153557772,0.12146862625226529,0.13270295348020272,0.13457980305952957,0.13191861830106005,0.1203360999083739
0.06696277490639185,0.1056015153421319,0.14903357214632543,0.22210698000138385,0.15970060381030113,0.0195825788979805,0.13525642490673634,0.05503788567294485,0.08671766431580413
0.10277619282806938,0.11334275904940862,0.10234424624419998,0.07638168741075836,0.13648659815970748,0.10665081767579399,0.14162081190574163,0.09993004850657615,0.12046683821974442
0.08580356114360475,0.10216107361475157,0.14074877005202155,0.09297473143261119,0.08898001573997749,0.10691827839972241,0.09788238707442136,0.1700503045785586,0.11448087796433104
0.12344309240778421,0.10643547939976977,0.09869281220735149,0.052748661541215214,0.11020031991792988,0.0806588616109273,0.11507009602908554,0.18592416865311265,0.12682650823282396
0.10431773179357329,0.09211008121109256,0.15649522438181776,0.24494199550934634,0.08780944049206073,0.028146523530450388,0.12085160370798698,0.06190748367753834,0.10341991569613367
0.18218056604185398,0.07784102105346746,0.12692662064204785,0.08770457980986555,0.08605981021837063,0.06764882690149307,0.10198861472467873,0.16019872393061105,0.10945123667761163
0.07960447201653591,0.10218634735785433,0.12340619869164733,0.1625615902207677,0.10246235214142234,0.05328352718892021,0.1111599664613669,0.14442460135911694,0.12091094456236838
0.11322225360931104,0.07714353975224737,0.10481427683524051,0.07921164874991456,0.1333240164871904,0.12277839666607104,0.1475302574177403,0.09937860270532205,0.12259700777696274
0.11814894399967284,0.13167216028121173,0.09016491893566571,0.15502637919656853,0.09366726108365804,0.050626826677390165,0.12089936785862615,0.1212064369773012,0.11858770498990567
0.07888014099189884,0.12704456355217034,0.13328851715041865,0.17314409931253716,0.07429048246448941,0.05191253392998793,0.10197090925862139,0.16333079205120318,0.09613796128867318
0.13522730895107335,0.08050175866909239,0.10476323852309344,0.12842838567194506,0.12894879044867694,0.03372062995306694,0.1216066870404332,0.13293068377987516,0.13387251696274358
0.09288151668661619,0.12177040977404481,0.11003667459542706,0.04717558661711396,0.16503076111660495,0.11070966579466666,0.09805395249370134,0.12935149597955312,0.12498993694227188
0.1426956047861019,0.07162219997446805,0.09877297592629426,0.05594050538584097,0.11522927920900855,0.2192535803565728,0.086051600506332,0.11378239869214472,0.09665185516323681
0.17606826509499385,0.1361726547613216,0.10042464054621231,0.11906592556692515,0.08874770131657143,0.057849800623006674,0.12821542868305716,0.08668285821000594,0.10677272519790597
0.10939133987411792,0.1286982410289018,0.11684511986943612,0.10958469542465117,0.12032226701511055,0.0746388816020357,0.13887020424866905,0.0842149296535768,0.11743432128350091
0.07245015108917993,0.15045236957672994,0.06476198303532811,0.3234521487584048,0.07250882853419692,0.07621508925373728,0.07302114325402469,0.08131784696124694,0.0858204395371514
0.11180820691558524,0.15328003543720084,0.09603882752422249,0.058466672560114875,0.09302176597684997,0.07113927939092796,0.11303149286837526,0.21140058253408248,0.09181313679264087
0.11482846726737887,0.10567385874819057,0.09606547098768757,0.07430913753382735,0.11662755076753233,0.12015769195338517,0.14463007238293332,0.1069739051286257,0.12073384523043913
0.12040007935378767,0.09311267773476921,0.11290852477663038,0.04300615874117486,0.11357861707093471,0.06525754376961503,0.18344926969548817,0.1326076801193923,0.13567944873820773
0.05797104278498527,0.16825730715499101,0.10506961634593859,0.2328148553642552,0.07547566080680222,0.04544153380851445,0.11210691902416127,0.11699998700984292,0.08586307770050912
0.13743710729911532,0.17829608477059175,0.142307876014225,0.04831077752775187,0.1068014822345396,0.04076694468915413,0.10424586879842353,0.14061411439570531,0.10121974427049353
0.10237279504018604,0.06664935172396215,0.1017795617135482,0.04761143549445071,0.1238504870234118,0.16799001878258946,0.12514585792244162,0.1441742361173047,0.12042625618210534
0.11849788964721736,0.1779690627846291,0.0945769044580607,0.08567069253342445,0.08331787692950364,0.09669375549106045,0.06811747899769022,0.17562045262233117,0.09953588653608292
0.1538947166172149,0.06548679406747275,0.1044938840056945,0.03497525992467188,0.1285982778720209,0.12454422256853041,0.14419391108527477,0.12363581053636458,0.12017712332275517
0.09593924244569318,0.08098826043868323,0.13606676797346562,0.07071599778737199,0.12072272003273099,0.21965945394444422,0.08289499288658359,0.08339920268319195,0.10961336180783532
0.11020139383164347,0.11878622412841465,0.10961697743431346,0.03750007569912461,0.12490336143554633,0.10544229145941712,0.11430033832045149,0.16144707572446126,0.11780226196662764
0.10887430225260501,0.1489975389132491,0.11173552375774354,0.061777705750618556,0.12401124239059351,0.07002081368654677,0.14719067325943597,0.10683157876564285,0.12056062122356477
0.09742351474275042,0.14367651998399722,0.12770630305318045,0.1744122642643063,0.10580931065288716,0.06694957376768963,0.12273264750489014,0.0688535922419137,0.09243627378838502
0.06820817857106709,0.04585690331483144,0.14467996518476808,0.156753039339138,0.12377255131217839,0.06163207703515272,0.08862616418888287,0.1498455366785306,0.16062558437545074
0.12542919038720726,0.1776903628393962,0.10759067601259503,0.1745610417398107,0.08762845790379221,0.030553364417211504,0.09731560126690832,0.1021688769611207,0.09706242847195796
0.12066627890489928,0.12504106727692293,0.099794940099663,0.04301098638484261,0.1330148418515947,0.14408315739791155,0.11242352290351297,0.10758676160758918,0.11437844357306381
0.12040388830391334,0.10629411757152973,0.11537916830797283,0.08952486042883612,0.09885219857618825,0.11897737543782831,0.12390886326546319,0.11554883814078576,0.11111068996748241
0.09430079496425663,0.10203117756769432,0.10069770716847583,0.0510032619956739,0.11820892073904554,0.0883675224595024,0.14044411208784963,0.1804020035322272,0.12454449948527463
0.12237145144738897,0.16268922456616217,0.11216308332195372,0.0765938663557617,0.10537857895382287,0.058502957724625514,0.15006949597370992,0.09795267199302632,0.11427866966354884
0.2557638900051631,0.11917762727114904,0.13121895870574227,0.04542067768917573,0.11023353854712502,0.03685742433624135,0.07842861086506098,0.11958551973246316,0.10331375284787941
0.13572416881249916,0.11505883955658398,0.11653641457073405,0.043513549595831875,0.11679671967190859,0.08667598228651958,0.10900374078716824,0.15545330413185177,0.12123728058690282
0.1806502409233016,0.1645530096630631,0.09289315942116655,0.0639987616685543,0.08858221693971276,0.07946890601921339,0.14391059398856174,0.08370512988372862,0.10223798149269799
0.11923665128570743,0.08875158758107841,0.09047580085560214,0.13580798736124286,0.12999385377225778,0.10820162003124356,0.11701440174821594,0.09839517638674074,0.11212292097791106
0.10558403457472061,0.09230608026667303,0.1411687992274034,0.20070896432209864,0.08097230306390041,0.047361321693383085,0.09823728090578743,0.14446998220716936,0.08919123373886399
0.11376035520635576,0.10950528829898525,0.10126311679477125,0.061676154451781096,0.13122557143410565,0.11311947233397673,0.15280735074039653,0.09527429388107678,0.12136839685855094
0.09102996296069378,0.09985857851752432,0.11591772616194734,0.05760249534335297,0.1529629878003063,0.06556248089619382,0.17333715787500795,0.11936197910799544,0.12436663133697812
0.07760087782969977,0.135121053828733,0.10627514033457396,0.13664365514187535,0.1234616615517688,0.10798639293548547,0.08927902258228436,0.11376448313623493,0.10986771265934435
0.0704054409207767,0.10481178677198338,0.1802027870848603,0.07157040830863876,0.1157170470376373,0.13661192830683166,0.1259851609636833,0.07973378472392897,0.11496165588165963
0.1750468833832184,0.1378442752294573,0.133187396322076,0.09109025928786212,0.09761221654098862,0.03573650909622203,0.14044992861857408,0.0767082834001223,0.1123242481214791
0.0635016350486312,0.10378541432411297,0.10248596583830212,0.07373136243053897,0.10520197874169356,0.08281035688594678,0.11002320943685316,0.25374614722564554,0.10471393006827573
0.10610396809023653,0.08454669719264586,0.09299403620934249,0.09827749288962317,0.1316760185505528,0.1412171226003992,0.14626002818705958,0.08764450981942629,0.11128012646071413
0.1874095220630497,0.07273389072696783,0.09305365567876524,0.056064665997069024,0.09620477864155931,0.0884766669163634,0.126781683080403,0.16432257051616392,0.11495256637965863
0.20692398590208896,0.1470672793578729,0.08451695374733291,0.05288584615226069,0.07452732813347075,0.09550473673151723,0.09113000901409322,0.1557759808127979,0.09166788014856543
0.09722211569993115,0.16334881782240723,0.10336545262812737,0.05414987510926627,0.0986627714181016,0.06937292679244354,0.1529426299452159,0.13556918087792016,0.1253662297065868
0.1686900281783882,0.10039918699247753,0.17938838344936328,0.053819658974767905,0.09921336599186348,0.07748197056329058,0.08702530257182457,0.1161507399236934,0.11783136335433102
0.11479476738619536,0.0779990294948872,0.07161927938831952,0.2187167821887066,0.07343813976625525,0.08502414930159453,0.12040260104942302,0.15504761452984908,0.08295763689476943
0.14286758900435156,0.11162894638487508,0.09337397830897237,0.07461495779592273,0.10978453251614838,0.1228260298617,0.14397731521447407,0.08650384431037911,0.1144228066031767
0.1032037390256288,0.085609131800219,0.11947518708082734,0.05639066891281542,0.1310388298527664,0.13798894637976342,0.1301573687045601,0.11710532258456186,0.11903080565885758
0.15988091295083523,0.07406464876526837,0.1007150254418374,0.03781195826958975,0.10712736634190412,0.17022836462167504,0.11165666446392974,0.11024928970047333,0.12826576944448698
0.11234127323557663,0.11827786356070182,0.10123669604294229,0.16929359296919733,0.12008789767342916,0.03917800720618022,0.12105263811258384,0.09584314751458807,0.12268888368480056
0.10903789514759647,0.08631531377214247,0.08860376741248573,0.07499054026691984,0.12402264345153095,0.07776755590585788,0.14947272774600556,0.1694979324310395,0.12029162386642149
0.11596629441062384,0.164179067755883,0.09928493606892419,0.06721151825929646,0.11859043612369229,0.08799415636846424,0.12024974862513793,0.11072151038017469,0.11580233200780332
0.06357661018085005,0.1261851047260558,0.08986080651771756,0.39539012753799224,0.065948118186258,0.02197529842925235,0.08410607268108038,0.06843948259626004,0.08451837914453357
0.13587179575176914,0.14303740217051278,0.12366072044688571,0.12992352216909167,0.110774109541993,0.031029291123747648,0.06197163406177008,0.1560447699227995,0.1076867548114304
0.06981791044877848,0.10584122138050937,0.09377571740689043,0.07602089836367551,0.13462397214358732,0.07720450042129981,0.11986191472790027,0.2090451828501615,0.11380868225719731
0.09859914026929457,0.10867175598326802,0.08318395334243579,0.21838675265980143,0.08530368175166653,0.0876222054097714,0.1323906479145853,0.09617866607800911,0.08966319659116785
0.06663754288040656,0.10869723150561078,0.11298908042936699,0.14912746054123452,0.09565429597111569,0.03679310983576316,0.1120141781815653,0.20571395134151338,0.1123731493134237
0.08924153368548275,0.08927411610201434,0.13735031620548155,0.029135511455182783,0.0892922285193543,0.10586281082835775,0.10902225837382129,0.2456851955881564,0.10513602924214886
0.08981972100910925,0.16496034598346135,0.10073001302727169,0.13832442900248687,0.07824721678843671,0.10140496291321029,0.09906565721993717,0.13482970675735598,0.09261794729873059
0.10741470964182957,0.10933906400327302,0.13696357860259592,0.2028112347862412,0.10392469717458179,0.057772818995927316,0.12255945744611181,0.06264537026632135,0.09656906908311802
0.11231881179911002,0.08565178863953826,0.09950305909312473,0.12045755673169456,0.09051219339817675,0.08896519686007714,0.10394234782817537,0.1894520399533295,0.1091970056967737
0.1136222952852138,0.08885314549996276,0.09716056565425295,0.1858157829084864,0.10273653636611563,0.05203918072747493,0.11481489436830983,0.1436095615365548,0.10134803765362892
0.07642619389724563,0.1261297921749541,0.12788922003460348,0.07000248480437272,0.1293628396243385,0.1482330875196285,0.09891905456440031,0.10488058265525123,0.11815674472520556
0.1191125037915864,0.20506221778727107,0.11781521561061999,0.1342508731159375,0.08330377904406185,0.0372080508975662,0.0612997098642268,0.145738715789472,0.09620893409925824
0.11531937531850467,0.11068493277527831,0.08324381088570976,0.08786866590549659,0.11555901388557477,0.13617780751498082,0.12186375095736303,0.12273678818161399,0.1065458545754781
0.2298287586227554,0.14177105405189047,0.10488079197691498,0.05455731397471503,0.08865332687831305,0.06766277958352686,0.13170099439607377,0.07235108277179345,0.10859389774401688
0.15034444250394635,0.20300881963473003,0.06880204512344605,0.07014824003896449,0.07447833508194485,0.07099062082750218,0.08421640256617818,0.18546709882553514,0.09254399539775265
0.1147948159577782,0.1016955089275518,0.1036682495586243,0.04927083323737988,0.1322670983446116,0.11980138590684324,0.15791070286025963,0.09719151369632606,0.12339989151062537
0.0674380159499498,0.1231826318254479,0.08038044219917137,0.30581215044265825,0.10742187020244494,0.052604001151349146,0.09153833577924037,0.07153317152220295,0.10008938092753523
0.07976368643762499,0.15392674264937578,0.1288935491800637,0.2948202800091721,0.0648987571484917,0.021057637506832993,0.09249927612031895,0.08886330799772102,0.07527676295039874
0.091933843583813,0.08507705746462842,0.11191132102915456,0.043425817988978176,0.16371305256076568,0.1240620180162459,0.1184832072788708,0.13493196680158223,0.12646171527596115
0.0596432474784818,0.18782682802346917,0.14874003678207173,0.18880188472210527,0.07551803708753581,0.09119860696126718,0.06990129025609217,0.09420870443632168,0.08416136425265523
0.0743043771712061,0.12959268102611773,0.15417626141328536,0.23608431851653244,0.10283493726637506,0.017407031527396203,0.15287678232829527,0.05201403438459806,0.0807095763661937
0.12271735473736324,0.06586375150342878,0.08343855970831919,0.1816777438019934,0.08690683720749644,0.07733319762798878,0.13010570832464602,0.13151047585709513,0.12044637123166906
0.29560240509572183,0.062313329257729755,0.1001336073060803,0.044949383395609104,0.06965614437388144,0.19439629696914987,0.07746114601709782,0.07179473956078201,0.08369294802394778
0.10967909603834451,0.07778429217870445,0.11801386442159177,0.22989409416306714,0.07542892051806346,0.11571284525808317,0.0922691775286607,0.07713907541470726,0.10407863447877752
0.08497749514036011,0.07688785776958611,0.12410227660824862,0.09621856600635692,0.09294902417979684,0.11921656041872725,0.10571077528838675,0.19234677263118702,0.10759067195735039
0.07863682051740169,0.12491311770578435,0.08912557341401668,0.2129819619062108,0.1043552080395993,0.12036213133648087,0.09139892423717706,0.07744906086957691,0.10077720197375234
0.09875883270243058,0.09825322682644326,0.10404648733735455,0.059327782212847985,0.159590106060394,0.12503211797732877,0.1157968151987106,0.1141463948873304,0.12504823679715987
0.223285244149407,0.15940375531091217,0.11456692278273461,0.047025750517657665,0.10480616271122094,0.056901550416514936,0.10756493661617418,0.07994577348673441,0.10649990400864408
0.09093205236308526,0.1737808452041545,0.11186053161470598,0.21344356122844999,0.07936683867218705,0.02300203492325192,0.12276502294326237,0.0975150810649068,0.08733403198599614
0.08430761063965225,0.11106714056508189,0.12122558817229223,0.07237670543737215,0.09467693891459494,0.08932082749216826,0.15083877123709524,0.16767561547315346,0.10851080206858961
0.12577728899304666,0.10755920928753548,0.0959301566103611,0.05646648951279879,0.11310593375070031,0.12778667785102452,0.14157502305423128,0.11153603924283688,0.12026318169746496
0.13061743294055794,0.1397431345036542,0.12296884773986168,0.11647396321009591,0.10702165002222257,0.05136126975966046,0.15539939989259435,0.0733434995284177,0.1030708024029352
0.20711973532843955,0.14093390767511732,0.07566824808457025,0.05467231001921007,0.08240718288927433,0.12181831979205611,0.11981960853987945,0.0936546548416068,0.10390603282984605
0.1576963623222916,0.0992905460897832,0.12902958418539823,0.15105260178882948,0.08485633477230205,0.13635277787658184,0.06971957428840987,0.0740527390982106,0.09794947957819307
0.10914540800646089,0.0736222787659146,0.10099460227278075,0.1705692318580155,0.13440549333840812,0.10791439348426841,0.14344803696428013,0.08003567400123462,0.0798648813086369
0.09886392360974733,0.10418071372964693,0.10840814001997316,0.056799738821491565,0.11726627887971301,0.1035395593955114,0.16539894754807488,0.11899771935061974,0.126544978645222
0.07685616509373756,0.1731942907176334,0.15224573072914446,0.10718306086377916,0.09576211714172293,0.0778083725749348,0.08531435342002298,0.12906027708055612,0.10257563237846867
0.09900060299838771,0.10241094873727759,0.09206555678460583,0.0987225519248271,0.12843613839658982,0.10157736903199995,0.14551778987985078,0.11667036862209101,0.11559867362437017
0.10342649580054868,0.1108861731146315,0.1005349526619409,0.07958392071819669,0.13396477056366093,0.11345386860725759,0.14189372902869649,0.09656609116219643,0.11968999834287082
0.0859548131031812,0.10105262208149364,0.12893495873628788,0.0506834246158844,0.15418022634269743,0.12272350262163194,0.10448780573789172,0.11586996534148626,0.13611268141944552
0.09288851173911676,0.1067679672686407,0.07199531502066851,0.1918706853604034,0.11893904088003365,0.0533306864964532,0.11160969305591827,0.15165403662916566,0.10094406354959974
0.09997105654503098,0.09493152675463958,0.11909780385627489,0.2873847050931235,0.07955247843832443,0.09391182025376692,0.07587687652833151,0.0601733433810587,0.08910038914944947
0.1044011912652032,0.11061229386886244,0.09901317346183212,0.08480010079688104,0.13134357791207452,0.1112775910311306,0.1460742875187769,0.09479173702429243,0.11768604712094681
0.14107053508495748,0.12500565192846838,0.08159212927672167,0.06212355013497792,0.10291573671540445,0.0690196892010884,0.11335861932481063,0.1910093015467087,0.11390478678686237
0.09146568547009885,0.1288347146043702,0.08679849588666183,0.08306525980540048,0.11422470764580289,0.0970861763377912,0.10523349063935393,0.18078060400527585,0.11251086560524474
0.1494529390931217,0.14271926791180167,0.11365495381114737,0.04306219674385297,0.11208581230103505,0.06708023393840105,0.14978451453176891,0.09748263995115092,0.1246774417177204
0.12955709511852417,0.08534910103570027,0.1550929650685188,0.07030757578631432,0.10441954168129464,0.06677717829527467,0.13686064324985825,0.12390216285015111,0.12773373691436377
0.16406254597686698,0.10582358413988065,0.12782025857688287,0.11780213477172748,0.09929490452354865,0.06457909444678119,0.08797010628263774,0.11688217545294892,0.11576519582872542
0.13458547120330996,0.059423356189249134,0.07808145100212394,0.11152372935973803,0.1252693168076406,0.15251144917966092,0.10893001605504603,0.12150949627259333,0.10816571393063805
0.192116107961301,0.04723448283185667,0.10202284516700218,0.07630243917235054,0.09995771111347286,0.13649376940526192,0.10392912205898162,0.13643282627720763,0.10551069601256557
0.09580428259897655,0.1509063008567646,0.10353197419716287,0.09859347956404158,0.15085604720542828,0.04406362417311521,0.11968512729812612,0.12887796544826505,0.10768119865811976
0.1833539851851692,0.11778149166076092,0.09293395026016021,0.08957996132950297,0.08619708517653622,0.14843652035581423,0.11530836713718613,0.06151280396920574,0.10489583492566436
0.09530162015678856,0.12099905386152783,0.10009634279323833,0.11324047062386848,0.10560994260796325,0.12820798362743605,0.1338804099174545,0.09150160323175371,0.11116257317996936
0.07214448482961937,0.1461450307162538,0.1409139004752662,0.13219648058417519,0.08625502396601957,0.08343932993013044,0.09472180774122253,0.13218806232281693,0.11199587943449596
