0.08994572913257821,0.09293685852447948,0.2698538043323004,0.08659242335615076,0.0883695188042495,0.09931091039444677,0.09502796240126328,0.08068624402011541,0.0972765490344162
0.13136790045821936,0.11084346390482136,0.05919118895017236,0.11889822484650654,0.16978819288976635,0.12410949603662476,0.1297593569789607,0.04564476334427391,0.11039741259065457
0.08516110117147897,0.12190127952587317,0.23694751565551833,0.09519509178243594,0.10048438710045193,0.07784850508084253,0.0800717495393662,0.1031967925174316,0.0991935776266013
0.10671172463780966,0.11715835377640939,0.11051757557928632,0.09644432064248067,0.1487478840367513,0.08431000702408675,0.11126644651795564,0.1188494755201089,0.10599421226511137
0.12019809530028415,0.13838960826547766,0.04049239610181923,0.09136094060935207,0.14930967956483185,0.1194329229590023,0.12059685054642415,0.07469328195441215,0.14552622469839646
0.13802715402916932,0.09583354049547403,0.06334135702049389,0.11152185406177388,0.161141860549418,0.11554193056696861,0.14482023555627205,0.03804262801229247,0.13172943970813775
0.09437209120794028,0.08408249137863387,0.2426033089596773,0.09466521009129626,0.12633239949983427,0.09673430556400571,0.08621423462274325,0.09524196138021317,0.07975399729565581
0.11615361255424735,0.10953168127703332,0.0284860258975559,0.10869277270948174,0.15880779164755365,0.1141570446178292,0.10471305919835784,0.14911527224981305,0.11034273984812792
0.11160339122576766,0.11311295238179093,0.09909324887851649,0.12887960752842778,0.12753896444180593,0.12108442910492902,0.12869814860949733,0.052130063322422725,0.11785919450684211
0.09520482714676874,0.12705612748583775,0.15218660457358876,0.10350347085564769,0.10637545114097337,0.10686160711166708,0.09488184293699688,0.09743638095537398,0.11649368779314577
0.12703851474055064,0.10774959994067468,0.07446794815349812,0.13091215325461422,0.13627622065137615,0.12720298131085114,0.09949814483471704,0.098192945571974,0.09866149154174401
0.09600097125958101,0.11812928594814005,0.12871548196253127,0.1259092719967669,0.11721165659635169,0.0882916318570008,0.08670423822060301,0.12959359206088852,0.10944387009813676
0.13382263424989668,0.09547996264557497,0.051691614030040335,0.10186306988790877,0.14573586482984477,0.13248075565296888,0.1292778833744497,0.07541279627616611,0.13423541905314976
0.12177104111068109,0.13317459680877503,0.012245590188259292,0.11551425603420769,0.1334766333866375,0.15336980687519547,0.10559990395229801,0.1343934782623308,0.0904546933816152
0.07706679955641427,0.08222283450782265,0.2796492882299409,0.08151910884338508,0.10083309724802704,0.10746119457440634,0.07615528823252041,0.10446497121315705,0.09062741759432631
0.10934036977123422,0.11064795289096692,0.05102250127040999,0.0782126437556986,0.15785575338654415,0.10879956344546991,0.14246815784745348,0.12214795607498392,0.11950510155723881
0.07813492852559308,0.1337881733300904,0.1679899253866486,0.09109806486713945,0.11530181692410095,0.08239590640721468,0.11105594899797512,0.12967257506263608,0.09056266049860173
0.08805366860087672,0.11897608046818493,0.12496721558871976,0.0833392046220025,0.10293665929971878,0.16767486265469586,0.08295822086973864,0.14005523865950423,0.09103884923655862
0.11528818017303795,0.142036299158574,0.05118718056837765,0.14032455296850774,0.1279607365531562,0.09607825057560931,0.12775252707507936,0.08170428188428772,0.11766799104337004
0.08930637742472447,0.08509615173238978,0.2198357607075524,0.10423447458387898,0.10770962768658249,0.09219933580126982,0.09758754811799782,0.11416720513632073,0.08986351880928352
0.1488003230562239,0.09660668430043873,0.04614717302797122,0.10218972890334606,0.13403136248906203,0.10450969422588657,0.18185938912921065,0.06188531012362985,0.12397033474423107
0.10386375378790695,0.09306753155308804,0.07014614404198592,0.13804407636887328,0.1617714636388645,0.12276860387511392,0.11322771827644877,0.10008672673378939,0.09702398172392927
0.11090613458794903,0.11838904963158314,0.07998654863531206,0.12520591902130232,0.1209983823043228,0.09704884675788761,0.10623076145927253,0.10184561215184579,0.13938874545052482
0.11507343208079153,0.11229171595595266,0.059984579782996365,0.12302835241080486,0.12012435594629206,0.11844703985947845,0.12439008440548259,0.12503323883617742,0.10162720072202412
0.12590100558660536,0.11756897770504578,0.038867918838968604,0.09107096183919032,0.1633096649177963,0.12793311879135186,0.15124542263025378,0.04450513310065759,0.13959779659013025
0.10356176366244237,0.08884958161019962,0.1636720830966733,0.11257291381041817,0.1262887102392316,0.13393859986185258,0.10503038507127614,0.06935134656119475,0.09673461608671145
0.1073993097270489,0.11243588532119075,0.05976307295374935,0.09029696164104985,0.12333211725550292,0.14983329220658775,0.11720238835894352,0.14083752056530716,0.09889945197061979
0.1051575046440637,0.09555731667868823,0.172980686299301,0.15042691617530182,0.12942114910447042,0.08720891630065492,0.07613621737489355,0.08396947579316927,0.09914181762945716
0.06243323613931582,0.09085200202845811,0.23641491626519084,0.08860207834433707,0.0733738258044229,0.08206447394139804,0.09456160680719287,0.21365917850088892,0.05803868216879534
0.09253337683940537,0.08950684244224871,0.24037140289519607,0.07211443916264233,0.12793656234155984,0.10048672594074165,0.12538985856238555,0.06889885436747689,0.08276193744834359
0.10692735807302123,0.13485290264681568,0.06389674675544531,0.1082145818247698,0.12054721868473521,0.07687038227515985,0.14167572803401132,0.12440225843615904,0.12261282326988254
0.1325414829219406,0.1449214801805331,0.035856483548379454,0.14466950927853628,0.12249708092852914,0.10636408518796203,0.12666631251837843,0.06553168039313763,0.12095188504260344
0.10494080208273705,0.11592216812726254,0.11227704558735614,0.11442852985423067,0.12251766316043372,0.11392205765534236,0.13668644372828387,0.06586806873597521,0.1134372210683784
0.14260255138379385,0.08894954521365935,0.04607391925566235,0.12837823303773135,0.15036074412708578,0.09776601302100311,0.1841876784351341,0.04711154332149554,0.11456977220443461
0.11567855845083037,0.0959090915817532,0.069134355684788,0.11964280778420132,0.11729326702547037,0.09098372917791035,0.16819298128974447,0.10141001325033357,0.12175519575496842
0.11353465236113951,0.11763166489112857,0.08701282255029617,0.08816305983277394,0.10629691111190187,0.09269428448412458,0.12539250225042262,0.14774564851941965,0.12152845399879308
0.10597130426345414,0.12917539064712677,0.07091500108731201,0.09824795415281806,0.11382229738429907,0.10360907466255227,0.10606187051330411,0.13754363490075047,0.1346534723883831
0.10883160767976263,0.11493481641300214,0.06959965359862898,0.09239851005100574,0.12941969400300393,0.16611987572594242,0.10329503674327924,0.11282168897398,0.10257911681139494
0.1160612225610601,0.10983902188201093,0.044649798544676066,0.09654758091622623,0.13720019897274657,0.12306128805262155,0.10995130688997828,0.14675515052787422,0.11593443165280598
0.08761839066644218,0.1068637598669989,0.08146445430274364,0.06723817639999428,0.11484844162564732,0.09801110915388407,0.11990757788009344,0.1906546888738485,0.1333934012303476
0.11797219540457632,0.13971243021722116,0.030209938014046325,0.13909875850500134,0.13275060978489486,0.11858489463339028,0.08979953229362903,0.09354993462895643,0.13832170651828424
0.1180117652301324,0.16090601384063738,0.06418512526172088,0.09627328116877247,0.11718127348481394,0.10887251980357537,0.15164400270553577,0.07816587859788106,0.10476013990693078
0.11119145085798972,0.11899663315394177,0.07777370580606142,0.11408626187548954,0.13471501030932984,0.0984644519424146,0.10686048704016286,0.139134234228204,0.09877776478640617
0.131540828724846,0.10377097547650728,0.04337747025281621,0.1526282096068098,0.15138891751682923,0.11565170043818214,0.1499897800850635,0.04179963747925016,0.10985248041969575
0.13478283316956105,0.09603811710364131,0.03876347703074411,0.09110212591976137,0.13477172845326046,0.11373301892230299,0.10466534814370183,0.1703353676716435,0.11580798358538323
0.08906158040545538,0.1147159091677365,0.25280611276411397,0.08148964693322698,0.09483043551142868,0.10096931904205363,0.09326175999792514,0.06352238541113447,0.10934285076692518
0.09250951072934306,0.12179107567049896,0.07051390303929385,0.13537702750284344,0.12454275296351518,0.1652977978368723,0.12665216684942912,0.05642305286565727,0.10689271254254673
0.10062251130840934,0.12406374219082512,0.07698285611738977,0.13243906260491242,0.11503020672285373,0.09240267171411369,0.1524866150343316,0.0911884101301287,0.1147839241770357
0.12018863330746037,0.14185446011331312,0.019381909568754154,0.13522967985936798,0.12873529013613624,0.10837004254252725,0.11967013637982875,0.1055983766256104,0.12097147146700186
0.10911846790270253,0.11512957971816569,0.07553723526120419,0.08840287575541354,0.12197961613502527,0.11203603116361527,0.11554844778168345,0.13127214938978526,0.13097559689240476
0.0937954651172734,0.08518285231256494,0.15251821224293294,0.15769681623804588,0.10573973806138733,0.10425218722253597,0.10677989012438995,0.08887297124876002,0.1051618674321096
0.11969928850681123,0.09038912871575573,0.0443370974002604,0.08542360868881793,0.13507673792000563,0.14449383679764757,0.1139284151186452,0.1458773730485922,0.12077451380346411
0.08691356644649291,0.12403340713323596,0.1904584314254906,0.12108874637978999,0.12909232242982824,0.08108279639017806,0.11726447337300094,0.06017765761502175,0.0898885988069615
0.07497234260194799,0.12651326993465475,0.17468514333487684,0.06175377827667209,0.0880203780823376,0.07518040318351717,0.08293404053549033,0.21909848654509814,0.09684215750540508
0.09965905933395548,0.15541031284979054,0.05100368481702477,0.08594748242144319,0.13457676297908103,0.0988671366381717,0.13986076835871644,0.13316741858103454,0.10150737402078229
0.10677461238345787,0.10585893176562718,0.13278478276152494,0.11938338961118311,0.12690958320278153,0.09984401125035779,0.115457161936246,0.08548070712062183,0.10750681996819983
0.09145220532528292,0.0744389355897923,0.2738870601440882,0.11145713768460552,0.11075368233285554,0.08931942331665438,0.08708838358783914,0.06567958254291714,0.09592358947596481
0.13664965974225804,0.19118850809890006,0.016130639039055265,0.11049662428352679,0.10368544759238403,0.09452274259799172,0.11524331590525305,0.11609082476637302,0.11599223797425805
0.11306447539790639,0.15115808712256074,0.05509066376696801,0.11350617449021083,0.12737800867797897,0.09592587655238105,0.11791927171384493,0.11784169091391737,0.10811575136423164
0.12401251198829531,0.12185527898544579,0.021710153709180263,0.10910300971447522,0.13852222052999705,0.13721659788564997,0.11757202251129088,0.14048331596893082,0.0895248887067347
0.11454208129772471,0.14093330395275164,0.06805104015507556,0.1054248055641523,0.1389870101920354,0.11735840077917292,0.11231123802484667,0.06484287887872349,0.13754924115551728
0.10710768615367217,0.10845837079927269,0.045533855753038095,0.0722183306608502,0.13996019043695188,0.1511918933390026,0.13350698477590328,0.14612919975065145,0.0958934883306577
0.12001415349241418,0.09830133388539236,0.0999292527077731,0.10051211873914405,0.13503586025978762,0.1237855758162991,0.113605496307225,0.09864304598675706,0.11017316280520756
0.09373283557130367,0.0906953756307909,0.0902129176545442,0.13751632768811875,0.11527854967723784,0.14641860517372587,0.10336736306125167,0.133575911665772,0.08920211387725506
0.11055016950550939,0.09941581737250815,0.10907535461912393,0.13961314036675762,0.10733819837940628,0.0858259011102654,0.1434180520765719,0.09968465667839665,0.10507870989146063
0.09144024533966884,0.10735133027978598,0.12315854342114906,0.15463293627375682,0.134342736564219,0.07489379951590845,0.10870648006581436,0.09247769882315156,0.11299622971654594
0.0816415642046982,0.09510659527450006,0.28184379357002337,0.10548166849730245,0.07782461632643574,0.08022345468556082,0.068533557324459,0.12483917114923826,0.08450557896778206
0.10658481426852225,0.1476143779211135,0.09387861173536048,0.13483242961333897,0.12561649137394612,0.11468145491748488,0.11910072886023626,0.07238461752250797,0.08530647378748953
0.12428248853354333,0.13545605101856006,0.05208826714754011,0.11463082387809959,0.13143213629228634,0.12477545638743692,0.13704173061337585,0.07923408660704594,0.10105895952211187
0.08939112812657703,0.12326071599032094,0.16037624305297415,0.09709583170328805,0.11754850830228201,0.09134108329057004,0.06518137433233943,0.141209928922888,0.11459518627876031
0.1280105808300526,0.13919338412821097,0.02644610590749409,0.145419510889688,0.12901112387840402,0.1014839777908889,0.13181132841622548,0.0811207833215496,0.11750320483748634
0.12421022808977406,0.1186481213766573,0.04819405647789873,0.12847848564631606,0.12541620118759456,0.1358589343850319,0.12824101815430733,0.04138772515010465,0.14956522953231535
0.13442693779200277,0.08511528804911195,0.04098736337452453,0.08660813284404784,0.1354143386767914,0.15832213841819012,0.1508200976776497,0.09772230451466962,0.11058339865301209
0.13082479149060583,0.1385898326487516,0.03249617380302818,0.1125120365087068,0.13282505968278357,0.10443756503081754,0.11370593356110392,0.12898654555837705,0.10562206171582549
0.09983499656733157,0.14536961863558406,0.07260473176729983,0.1153376114967923,0.11667907044192172,0.10803406590423191,0.10463447436582966,0.10850320404923781,0.12900222677177123
0.10599332175311928,0.10392841180421164,0.20756570374323458,0.10320629236634772,0.12250635014452893,0.09564345966627169,0.08887840629764072,0.0629697021693074,0.10930835205533806
0.12347473679444847,0.13131204806405464,0.07918583690218843,0.08435665667766097,0.121492539999059,0.14118770644456177,0.09232986877621537,0.11269975340509568,0.11396085293671572
0.09658742475302344,0.16632623162033006,0.07332444125406956,0.15157893389841173,0.11559885953006377,0.07767806555485396,0.11513990340759812,0.10345103595906206,0.10031510402258727
0.10451725552540514,0.12863312343194042,0.06675589028345492,0.14258022373441295,0.12221387370989983,0.13232873941495793,0.08579460842037466,0.1093485994280054,0.1078276860515487
0.12837635855509777,0.16111910886488906,0.032314749658321665,0.09560416294153647,0.11926813830145917,0.09758315353312692,0.12237211881095743,0.12230554972137984,0.12105665961323168
0.10211220610447697,0.10899661407769519,0.16308933693430397,0.12335528989071594,0.11747634193888801,0.09376677895701208,0.10189066219287829,0.08572253789214242,0.10359023201188715
0.12315857977947908,0.13480350633092067,0.02144338865738973,0.12192436424016373,0.16410530033022727,0.12085941204505718,0.14098538957821768,0.04251779085535771,0.13020226818318695
0.09300185848259464,0.10777851934566257,0.18382280278999016,0.0702007370231912,0.09887021457949756,0.08742718553482598,0.09387029302500012,0.14234498049499092,0.12268340872424682
0.07705754063665848,0.14197240999544208,0.23221482843348132,0.07938547284849039,0.09145785492670651,0.08930775565181308,0.07532467140644378,0.11553423132200348,0.0977452347789608
0.08698022769606102,0.14152317962340188,0.18403723389100748,0.0892048716997852,0.11986506092144937,0.0814201833830494,0.0806866796138614,0.10044454087489003,0.11583802229649419
0.11825756155416443,0.13446829511590339,0.060096904995226554,0.08028342638312691,0.13881762580525622,0.11974541438568558,0.14207483782986105,0.08181702084477999,0.12443891308599597
0.10016443898543403,0.1362122617977577,0.11436170791178003,0.0849202831864871,0.12781864158919962,0.10635327810301458,0.11350254923605518,0.08333232756299656,0.13333451162727528
0.08854185524274116,0.10509677687075707,0.21278325559256586,0.09100188108813333,0.1068638559500432,0.0863041857906212,0.11112940934725173,0.1216314548793186,0.07664732523856782
0.10140463965174003,0.11471295000879699,0.08763535594471084,0.12831957625229676,0.13486822147498184,0.13981757195852854,0.0932965631848393,0.059322099306809796,0.14062302221729595
0.10237608906343855,0.09526904549043609,0.17743292589804807,0.14213574521684938,0.11166450412216238,0.09520754657766771,0.09621063797247996,0.07632512231124591,0.10337838334767195
0.10426633093596116,0.15040523728673108,0.13286898206078376,0.10341130863802063,0.13046457019166416,0.10878398244683168,0.11201038978872364,0.06059925338248389,0.09718994526879998
0.11831714664316233,0.12476476054664686,0.08397499944278125,0.12272550955173515,0.15184604500561022,0.10166010609041504,0.10518726732550211,0.06859947040188036,0.1229246949922666
