0.308764143109505,0.09582698376998271,0.09385376128857544,0.10263522704211281,0.03658345071530212,0.10194472354432706,0.10008891833715698,0.09543980586601837,0.0648629863270195
0.04665304545007589,0.11355117904429106,0.10938564887620968,0.10323612659469611,0.09184712427690316,0.11501386451284519,0.11072977543999724,0.10226776949840043,0.2073154663065813
0.09538803353938524,0.1090372968734125,0.09442792041426117,0.1271879617859202,0.17565265336077987,0.0901261473532174,0.10672388862287652,0.11907716842975007,0.08237892962039699
0.04810689083948618,0.13324245926255993,0.15205239291189845,0.16319236867333908,0.07912121087284486,0.11127565102463377,0.119448036482239,0.11750593486527118,0.07605505506772754
0.056301587306057034,0.08466242638811339,0.09669982841861972,0.048752274555397164,0.46029850589674587,0.03819795269878986,0.09893709866669688,0.07700576547175543,0.039144560597824736
0.33868352773303584,0.1000116383714046,0.07786275107757298,0.08771682964555115,0.036073538895299365,0.09308911391774856,0.10324350151235158,0.0736345891394126,0.08968450970762333
0.03174704593385281,0.08056289135789056,0.11154695086014206,0.08393285112963389,0.3590044560289607,0.05147601742876536,0.09982611512594118,0.137252926528767,0.04465074560604642
0.09138165489869891,0.10609002512914435,0.09540083324165631,0.15144904487136507,0.05681231782389546,0.13188159324031226,0.15687936938152502,0.09058251138714067,0.11952265002626185
0.3134882410202089,0.1113022274015922,0.08572289543511696,0.08800779302737653,0.0516486184383314,0.08071888109087756,0.10649172324412896,0.08144451349638267,0.08117510684598482
0.23071541397495934,0.09475087695790685,0.10352930374565461,0.13101034687779312,0.10805952568339017,0.07198871852337073,0.08891832260171106,0.09551480194394148,0.07551268969127263
0.1009811536160871,0.10702544079051952,0.12185269664285729,0.15971684241491746,0.21667582982733857,0.06739797312106223,0.08457174691945711,0.10767037661702346,0.034107940050737175
0.047875141222753485,0.11734851173664755,0.0964796723177686,0.12022987176157907,0.17397115202402846,0.18643204792498316,0.11812892622848596,0.0987936584380007,0.04074101834575296
0.20909066432994827,0.10785788596024741,0.10132563161275965,0.09261374471382626,0.050031033173773394,0.0725295633900032,0.1259189948268806,0.10049547098741711,0.1401370110051441
0.31079268723582637,0.09746816766211654,0.10054907648508184,0.11626619149344751,0.038187676481623675,0.10755954921796752,0.09363101656773538,0.09220420675283743,0.04334142810336374
0.06769368116382068,0.1169582172322482,0.10443221061588859,0.14090816227668485,0.10048875228184244,0.15486481777546293,0.12990070994668823,0.10106843547927079,0.08368501322809337
0.16158854493034666,0.12184761568924823,0.1048818439258211,0.10171245367861954,0.05293915213653408,0.11768995535610514,0.09997924195935393,0.0981705340440895,0.1411906582798819
0.0862746524565793,0.09297394778738756,0.15823464172051102,0.2132189265381307,0.17805293851211298,0.05764027100311411,0.08504240549198717,0.08663600885136975,0.041926207638807424
0.07178948160910958,0.10755972537341817,0.10391777661638918,0.1011424172987404,0.08876572590234515,0.08470045940340726,0.11585795990259673,0.1274991011180041,0.19876735277598936
0.0839639255863649,0.11997882843793284,0.11804218438355395,0.12358551283107995,0.10393121106131877,0.1593313962702963,0.11281536494299306,0.10984847852860798,0.06850309795785221
0.11352624785611826,0.10710740752066948,0.10300065402816473,0.12740910391272633,0.17326125763982447,0.05838066763661607,0.10867948180751659,0.10032505938248643,0.1083101202158776
0.05768697742533257,0.10279751458712806,0.10289530943701115,0.13329541469058395,0.1798706225553202,0.08457152398533545,0.10287424740161899,0.15076116482618945,0.0852472250914802
0.030714814497053194,0.10329613059929948,0.10105073607524057,0.11806558418189107,0.19591564742237047,0.1275472600316965,0.13379547455267213,0.0989374851348815,0.09067686750489501
0.06042585556822388,0.12281317679895443,0.11804621602774283,0.10892948751052117,0.08012551243067056,0.13459528725714706,0.14054266373976199,0.140879542440796,0.09364225822618205
0.06862149927945593,0.09573738752000782,0.10365607230186673,0.11349809490507291,0.0885074774284985,0.06439423170714456,0.12362445480558493,0.10409495762415455,0.23786582442821402
0.11154071114641562,0.11776161750225507,0.09674058890505015,0.1619563223093125,0.05938913699194682,0.1251357851292766,0.11884491426604223,0.12860503109625687,0.08002589265344413
0.32410570894028073,0.11115570050335305,0.08379554195096232,0.08739102292622196,0.04914191729227663,0.08260691890060977,0.10568387211211365,0.08242122827442443,0.07369808909975749
0.2272787585693424,0.11126311168782255,0.08493423288134942,0.08174307119503019,0.04026045325826685,0.11265401630571524,0.1215573456093698,0.0891585464592927,0.13115046403381095
0.05419782145647079,0.08907769521236737,0.08037838929669494,0.12213973412660219,0.3275277552478158,0.049612550316807634,0.09492990982213577,0.12223770916230033,0.05989843535880517
0.05640309826534278,0.11269429474708803,0.12981791952674865,0.1428964022784527,0.02399209856131067,0.18375663666645972,0.10896972844347895,0.09263475801581074,0.1488350634953077
0.1794458489808568,0.1186067842062692,0.09403741543396589,0.09826250306189839,0.05286767001586997,0.09218221622632095,0.11464828085654322,0.09879942401781912,0.15114985720045646
0.11531300168217144,0.1173741927780575,0.10754920913966508,0.09034352209665035,0.12863115988636456,0.15339344015564915,0.12354304097184049,0.11434684542871831,0.049505587860883216
0.059284473125954716,0.12998399887118037,0.13387406450054104,0.12154230768747738,0.07856540652338219,0.11780834145191972,0.11361352729216968,0.13246381299173046,0.11286406755564443
0.08796868339537067,0.12582751297666617,0.10943068960380098,0.15202657453988552,0.10059766327510879,0.09204911833836578,0.12115482459291776,0.11714818631426434,0.09379674696361999
0.14125587741925322,0.1070166134731985,0.10403064116782407,0.12181689684819574,0.12188080951097673,0.11199609748691798,0.1118075986428315,0.08373628984608866,0.09645917560471355
0.08061625422574903,0.09867291474533095,0.0834291609838751,0.128655542855429,0.06910495340595271,0.22058810755171596,0.08332186663261533,0.10689084648662527,0.1287203531127067
0.06142784910776842,0.10912960907252585,0.1419500384515737,0.21072433929565937,0.054458701529553226,0.08466159655663046,0.10749860004321066,0.113276347049401,0.11687291889367733
0.07760441185835204,0.11378872100553593,0.08796248864208135,0.11384459473623902,0.09255001580909726,0.07008034714358533,0.14342672328249034,0.12035511316878837,0.1803875843538303
0.06019535186469688,0.10468556982780575,0.11604943081022756,0.12375860732113858,0.1698754033158402,0.06584768252463329,0.12333248418150948,0.18087095707352854,0.055384513080619646
0.10305785306145747,0.10743478017320668,0.1149037524529749,0.15065522280364865,0.1627480457505848,0.10755331438409406,0.1014695849081137,0.10267414180246692,0.04950330466345285
0.02586940222318659,0.09092676575234977,0.1272747785017976,0.06704914999745705,0.33890709128480606,0.05198903464304344,0.11516109792025798,0.13218411633271515,0.050638563344386316
0.1170875765864382,0.11272770851903413,0.10251241988980948,0.15299523756284641,0.12641520143930238,0.07429368287653189,0.09348104025808839,0.1233510159947165,0.09713611687323258
0.14901133746546222,0.1299974243391229,0.11937802739496102,0.1338080020139494,0.057405623860844475,0.11254924200017509,0.09034201827145351,0.14544775917748864,0.06206056547654273
0.17338776667455205,0.10438938064280028,0.10448745729219429,0.10870601753410819,0.10956609162035617,0.14512755345679032,0.09623484899966907,0.07391722939768076,0.08418365438184887
0.22038101765687945,0.10093229509986751,0.08902560740121916,0.10620744810780579,0.035138340401746786,0.10817607588557439,0.1295291661686571,0.1039008903483199,0.10670915892992998
0.30110240652744863,0.09985528984234858,0.08382824038491786,0.1045425429067025,0.04072821295018599,0.06496195534788311,0.08677606074340416,0.10403612050995188,0.11416917078715731
0.08471377674648516,0.10796445237271877,0.10338110442477659,0.1389099011242698,0.25155789147271074,0.05768387795795721,0.0919369455532613,0.12348500474795447,0.040367045599865814
0.17114349729680334,0.11546834515209982,0.08906273427787541,0.10345191425357907,0.057158661084462124,0.17423164540773262,0.1383487204660403,0.084260645261364,0.06687383680004344
0.03692512122296141,0.11613052792013312,0.08777397888213818,0.09083682129282618,0.04974030698297894,0.11567387382442607,0.12487897237411823,0.15734157344464295,0.2206988240557749
0.059693079062026595,0.09529627754922117,0.09516957601187791,0.08379689699347936,0.10359296259030693,0.10181530379743121,0.12501525394354465,0.14210700207323126,0.1935136479788809
0.061025070120410564,0.10178530965294295,0.14404570185582657,0.10824631597970369,0.29724524980345457,0.043906588186992244,0.08690394980799082,0.08852970317441544,0.06831211141826316
0.015702777656879902,0.10848779001070324,0.12207358885314135,0.13781508374515686,0.0615282745683803,0.26085782301619065,0.09255800341615868,0.1027143137474343,0.09826234498595471
0.1263234540851161,0.11455334034139612,0.08956157192957404,0.10685161656357117,0.04089689997704205,0.17942565062097204,0.13204255866222825,0.08622223879404307,0.12412266902605718
0.04833933722565226,0.12353672932929018,0.10847613562268288,0.08509790156425252,0.17528668663490618,0.13114682443370737,0.1543675460807545,0.1000051807994337,0.07374365830932045
0.170483520719909,0.11068409434823286,0.10377371530525958,0.1262156434223303,0.0743549137991298,0.1317874086139908,0.0993786959007646,0.1393571414947076,0.04396486639567543
0.08104328784075866,0.11098815301261312,0.10687760681218282,0.10655532044176612,0.08693634743289204,0.19828807128282974,0.12380103842273738,0.1065257439880935,0.07898443076612661
0.10280156164811845,0.1008476251298549,0.1088665820891525,0.10023575094628302,0.07915423808021195,0.06410367010266214,0.1672471793620323,0.14535443548169913,0.13138895715998564
0.25582019832208575,0.1129015980551681,0.10126859980106971,0.09540632628237168,0.05668799920807818,0.06959590943558748,0.12303458455897111,0.09301429049358438,0.09227049384308361
0.017338121950331135,0.06625293917769294,0.1226891873013745,0.08673369583211926,0.45486033891446503,0.04511958962763566,0.08601261980118481,0.0807636699780558,0.040229837417140875
0.16349298045032143,0.10909024296943877,0.11362236084811062,0.09827438724139011,0.1305034410464371,0.08544757485088443,0.13221623025111498,0.11811450210983025,0.04923828023247223
0.07744412649278781,0.0933690217693518,0.11866621925501135,0.10501985181852985,0.20910078638094523,0.060573234877364934,0.11669718151509412,0.11358203095505555,0.10554754693585933
0.20729395729079902,0.0768706646623062,0.09495418574179056,0.07741324375512784,0.15757497093833323,0.11428096814856652,0.09264028837310602,0.13554990526893182,0.04342181582103883
0.1794458489808568,0.1186067842062692,0.09403741543396589,0.09826250306189839,0.05286767001586997,0.09218221622632095,0.11464828085654322,0.09879942401781912,0.15114985720045646
0.043051369402679424,0.10128433255791514,0.1449050496371338,0.13814372025857538,0.21337531090105313,0.08324448669173305,0.09287005458970367,0.12222265622190807,0.06090301973929831
0.01950176279619383,0.07619379219053232,0.12179285386495949,0.06367647696321067,0.35384051801959404,0.0474196600102724,0.09970635095423175,0.19503847200807709,0.022830113192928506
0.1306670505650307,0.09229264569248918,0.09349120539524346,0.12923451623039206,0.08506018202418068,0.04678571694148854,0.14885935400970893,0.1577650593258081,0.11584426981565839
0.035736425310546105,0.11326827501667393,0.11462824767917397,0.16545498150834875,0.21234032422844015,0.07281627421801215,0.08344400857176355,0.11043248100538261,0.0918789824616588
0.2130554089775187,0.1113081702564709,0.08686932905676019,0.08458351617241537,0.04141594295649172,0.12049890917868487,0.12511979749817198,0.08623130093411081,0.13091762496937534
0.09908924149320637,0.11985628931962643,0.08918715470977763,0.15738409761233244,0.16100333334478859,0.09277420673765029,0.09347632082211217,0.11810860083729731,0.06912075512320874
0.023803140652673513,0.10834665671439336,0.1321112465663173,0.15609232823683086,0.1424289440964843,0.07942309372586163,0.1291149403297908,0.11932172051034885,0.10935792916729946
0.3224299033171714,0.09021526306349947,0.0942826346799186,0.09611677014895471,0.08714776418958513,0.08298627833278448,0.0943050310299205,0.08026475073571243,0.0522516045024532
0.03351516799987758,0.09989757555918417,0.09289075016906208,0.10896274659557374,0.32788097614731754,0.045485721777434124,0.10145090624724933,0.13046066297754283,0.05945549252675858
0.04395228574332222,0.09923246726216517,0.12004945348807827,0.07942262850642903,0.2795562199905142,0.047860068132105305,0.11419413688189729,0.17603615006400697,0.03969658993148154
0.027642759202623112,0.12222327560573147,0.1412732154544631,0.12700445695029478,0.08540780463199349,0.08738778959157907,0.09616409130175867,0.12504491429489492,0.1878516929666614
0.019599286453302334,0.08148531693079432,0.10322617486483832,0.11580524763820262,0.3259748852611174,0.05127635934783025,0.10602666053613918,0.15271215290665338,0.04389391606112217
0.04432774690852451,0.15058653371355,0.13393419684292998,0.14261064790694503,0.06293035924478897,0.18230381062896805,0.1323653212678253,0.09614002872345852,0.05480135476300965
0.259402560801727,0.09937343780920675,0.09116005191280853,0.09632954023224129,0.035519027997648375,0.08673940699497405,0.11028200610180931,0.08939948010538377,0.13179448804420094
0.042804023863303564,0.07657148804572866,0.09033994011326246,0.07539753131225974,0.4368567555093006,0.038834108523681514,0.10946247039249209,0.08711185784667859,0.04262182439329263
0.10502460013961078,0.11760075223781924,0.12277270615716075,0.07590384971352176,0.16227025288194116,0.12111639418137693,0.09030648255749206,0.1510217468835445,0.05398321524753288
0.16866386600499836,0.11631738225104178,0.09801453209363022,0.10919324042747806,0.07081686326029446,0.1207191245330192,0.12132904666289884,0.09244632966105093,0.1024996151055881
0.2043688742548004,0.1145048374760777,0.08876734942483028,0.09533666317104979,0.0432434166927157,0.1412304421406206,0.1279468267336958,0.08355125818124763,0.10105033192496195
0.11196546929971042,0.13255177976634103,0.13506835786321672,0.11182716933213477,0.06142637471829875,0.07200573748734486,0.15241303007868337,0.10687876731182806,0.11586331414244189
0.06918705966882989,0.1377483717985873,0.1215724405113487,0.09802640345459757,0.04567424358353941,0.19169799465340587,0.11777013838581761,0.12083843675822808,0.09748491118564556
0.304738804529344,0.10213164877211632,0.10089199824546775,0.12052663153219674,0.040889729173803256,0.08633566316681546,0.09994635601150703,0.07619319301519721,0.0683459755535522
0.2849348989061243,0.09826258147234367,0.08551702000107626,0.09745992794675075,0.06498971694203715,0.06034753287044681,0.1156015016996666,0.09735232891728908,0.0955344912442654
0.07567599162408589,0.10718919939964729,0.10484575375040373,0.11913128441873928,0.15121009688589582,0.08637163523188672,0.1306605608750486,0.12193481269345102,0.10298066512084171
0.1283943210363954,0.13878083215348677,0.10084523191453264,0.14625096028749673,0.0779227835024058,0.0957603258491182,0.11210029683700225,0.1145808107413292,0.08536443767823304
0.04037515897823379,0.08901254746680336,0.13009557537637784,0.061701210307264165,0.3850893147630751,0.049789134335318334,0.0860086847451526,0.10465724390043464,0.05327113012734025
0.08156674023029024,0.13864105963067444,0.11017437558985545,0.1260608009900563,0.06885292862225313,0.13826717449533413,0.11666277251586162,0.10737168911674681,0.11240245880892778
0.257109858290483,0.1079008110503245,0.09073270944534541,0.09195905468931509,0.03442247843466017,0.09871328804673714,0.10722522271855477,0.08161181693258203,0.1303247603919978
0.09209988411843999,0.13286121603738796,0.09818623276412207,0.1547928591297783,0.06707547148099448,0.14652788553136173,0.13466818397880198,0.10497479196302846,0.06881347499608509
0.08864423613147838,0.12178723089563248,0.10510655882006702,0.09973748862546113,0.035280939224686926,0.24118254130049285,0.1412383340344002,0.10617456981071621,0.0608481011570649
0.3522225088096413,0.10416117395592127,0.08129493453395453,0.08744406754591405,0.04674085380174464,0.06929526980590477,0.10147998178507252,0.07577210345950637,0.08158910630234058
0.08641245755157029,0.12777174968826735,0.12907445388932864,0.114514448046101,0.061217982094350254,0.13019786483804507,0.12645344132330805,0.16199092225766792,0.06236668031136142
0.01884748145106531,0.0715764985987161,0.10350802184195362,0.08258173063457809,0.3929979746530818,0.042023180641758286,0.083115130589504,0.12119371119769239,0.08415627039165045
0.23238331697834558,0.1184119622827351,0.1308726711779905,0.09278069315129707,0.056270253751027545,0.10254724995038107,0.11386547622210508,0.10196980842476344,0.050898568061354676
0.03144947522239088,0.13176833187371564,0.11786417300227121,0.10211650610727235,0.11337888523704383,0.10398083547957844,0.1453219234237567,0.20429938706745984,0.049820482586511006
0.059943564256714266,0.13671359740776357,0.13195802887610739,0.14239605234906552,0.05672667581581739,0.14521155847903044,0.1017590878410608,0.10653752198068735,0.11875391299375325
0.06147216124119927,0.1337862800713554,0.11789401270849893,0.13408171696091817,0.09249313420521281,0.12432454661376273,0.1269554212887605,0.1508749196109149,0.05811780729937729
0.10551391901593375,0.11250926976084381,0.10522906949065465,0.12454584693258486,0.05048667175967316,0.21397659345837913,0.1418962851698303,0.07566184203669735,0.070180502375403
0.1600815818215442,0.11069941412345925,0.10625582634315554,0.13085199255148897,0.029046583031402614,0.11353696415744247,0.07750248992207663,0.09698862100324684,0.17503652704618355
0.05311210551852824,0.09923269789510174,0.07757260173874148,0.10009880647237646,0.03172671576079706,0.24722189047831655,0.09259959389870848,0.08608364483469967,0.21235194340273034
0.0877577284192017,0.10903507380355432,0.08565246004637235,0.10256121792715878,0.11488298007004542,0.08766570574073666,0.10440480600325436,0.0952317448074127,0.21280828318226377
0.20838351313386513,0.09282355223809123,0.10242972904074664,0.17294258384356512,0.034216149330534865,0.0516432438765681,0.07512235912024985,0.09876017319462638,0.16367869622175277
0.15441789595969194,0.11287995177106785,0.09655225331997408,0.1008535104150199,0.045694106432681146,0.09244909447369241,0.13668856615151204,0.08461331114033403,0.17585131033602666
0.056218776904544104,0.11846115374449306,0.14275068446969932,0.16033792486148982,0.1774948825094557,0.07812858756547668,0.10065515350384824,0.09305898542656488,0.0728938510144283
0.231784414211926,0.10424486989834762,0.08179664938474758,0.16708991382203045,0.0900007566457065,0.09559232380791542,0.09350445940224615,0.080816662438888,0.05516995038819234
0.026018693359016593,0.09353250428925493,0.08673312071666972,0.12798371754823046,0.2602951254194163,0.14885159723518884,0.11148834296985533,0.07723250810151405,0.06786439036085369
0.031051504473615276,0.06854104927478194,0.11219840723363365,0.10263249415612861,0.44105546668483236,0.039365235237999535,0.06363680032039587,0.06860108855111668,0.07291795406749603
0.10464641671506829,0.10618080182270996,0.11058325097828142,0.1334316159032384,0.04865137111025441,0.14204144851020276,0.10894898298800999,0.09656512667218768,0.14895098530004705
0.039527490342942694,0.08867984574130165,0.10044735625901634,0.1217230558567882,0.2866445610406934,0.061226468417476,0.08536434015745942,0.10875628343108901,0.10763059875323322
0.08783808228260241,0.10932401297677956,0.1292035278877054,0.12214744748460012,0.04256654867674276,0.21728233625099405,0.11332325513196173,0.10853892820663232,0.06977586110198165
0.05432916032259582,0.11346466221545848,0.10937904949588279,0.13107406860022675,0.17321003907050583,0.06197147223119185,0.0970367627479808,0.16215440661246747,0.09738037870369022
0.21364684574335488,0.10330450101670187,0.10276456503234667,0.10296179026505092,0.05029648070969687,0.08312890877715266,0.11165038754499733,0.14693730282389075,0.08530921808680803
0.1276690580108481,0.12576281585472573,0.12425708340522933,0.09281989640151521,0.07976370371832997,0.16658345370731983,0.11492252313141793,0.10783177979429338,0.060389685976320495
0.1993737828543504,0.10071107724950634,0.09195078757030738,0.10839604821665695,0.15226727851921248,0.06786963009084789,0.1070754082914947,0.09153188025596382,0.08082410695166004
0.030166796043449254,0.1217287101852824,0.21093916382956657,0.10577398307147327,0.11103846141936984,0.08160920879225984,0.14473880397907474,0.08659517279908861,0.10740969988043547
0.026018693359016593,0.09353250428925493,0.08673312071666972,0.12798371754823046,0.2602951254194163,0.14885159723518884,0.11148834296985533,0.07723250810151405,0.06786439036085369
0.17490112913480937,0.1220074080229252,0.09889683566250555,0.09431981126988472,0.05036945654029895,0.13269557979471006,0.14175167531200553,0.1002351960571763,0.08482290820568424
0.15273028998777247,0.1218589193030743,0.1258654463113309,0.13882206354084373,0.02351800163521997,0.11007108643557317,0.10684891809074996,0.11433970445070081,0.10594557024473468
0.0195319090478372,0.12052649343791354,0.10312534768382915,0.10140309347581385,0.15516538027756718,0.07203079109585712,0.16902346164029555,0.131295704451625,0.12789781888926147
0.0689765250936826,0.09227268970798756,0.08609652930892002,0.08013463003595367,0.4109479750061156,0.05026585996432995,0.07216823682425415,0.07727603999466887,0.061861514064087596
0.03324365980046274,0.08176475846492079,0.10197940720224392,0.06979144306433564,0.3822225193554261,0.05327154892811172,0.10976388380614249,0.12772045627654696,0.04024232310180954
0.05059688624302455,0.12784981237161752,0.12438400027186974,0.14105099316206832,0.12806816863795167,0.1732778240635343,0.11338061912942415,0.09951225186162954,0.04187944425888015
0.0162454711931108,0.09978168765068769,0.08256824622789832,0.08485155018881786,0.28391990620321755,0.09657243995850102,0.09688959491855874,0.1752113803894739,0.06395972326973405
0.1271437235893558,0.10841093349825966,0.0848539881897664,0.08698968010292275,0.04033141652140685,0.15841755097996546,0.13404834180016342,0.08452806482126175,0.17527630049689794
0.1512839807041185,0.10125891674002492,0.09083345050508984,0.1372388521571348,0.02240557061658992,0.21400460781990116,0.1018503153718573,0.0905725917580249,0.09055171432725866
0.18151806022415898,0.09653965838147822,0.09832745398750219,0.15654108852672036,0.10430256909914022,0.048863913736092,0.09839601314436537,0.0832352003796003,0.13227604252094236
0.021972573285720488,0.1149921725149738,0.09539942335435674,0.12841003800008202,0.09489517360069155,0.18903319384866976,0.10777799617936328,0.07545921623121428,0.1720602129849281
0.12630096550161865,0.10915331218932749,0.09142247275139544,0.13264427768255024,0.04655062355335839,0.26512229458900904,0.09016206920029378,0.09150782117596142,0.04713616335648558
0.05585135898369234,0.11212968559787286,0.13907231177714172,0.10831380511077908,0.09558573638452296,0.1343373564831685,0.10441393061942529,0.09597817348130772,0.15431764156208957
0.20321308714545427,0.0817093752918267,0.0683972233487838,0.14429443903370637,0.17278065248906527,0.04899119473697009,0.08220101792351771,0.15173539031532104,0.046677619715354786
0.06334098816699,0.1226255864291242,0.1405909909126506,0.09599613864237833,0.1549695492683811,0.10117618118258577,0.11706849637600251,0.1425461613844271,0.06168590763746037
0.045419376946856764,0.10922559786125974,0.1008366567156258,0.08395817446720936,0.265332679204396,0.05642234245252727,0.1225077922958775,0.10855027798051846,0.10774710207572909
0.092383885951966,0.12426219148688067,0.12177065546666586,0.1292055350240108,0.055477078762680404,0.07505501648631036,0.17369965282433797,0.1389484035028189,0.08919758049432906
0.0840300316992197,0.13236145953956305,0.09437824367918309,0.08514778424605719,0.05693167151818501,0.22419617465158184,0.15034215129516526,0.10318739672124284,0.06942508664980193
0.02991314553845185,0.09721554284012812,0.0962412190272753,0.08883514309536732,0.34454237855540226,0.048171979069109944,0.104910646855836,0.08197161417444102,0.10819833084398829
0.10873580773103787,0.09733276703221276,0.124081467062631,0.12960267605822362,0.03000213743586218,0.13000559853143268,0.133993169364563,0.08805519050410104,0.15819118627993586
