0.0828489617439714,0.0633322860158764,0.0618003350617073,0.06738746282083252,0.41444897827500404,0.06725037245023258,0.08460213073893502,0.07987708784304291,0.0784523850503979
0.1344116276464415,0.12407375412116413,0.11809778442355985,0.09459416801154778,0.08122832005472383,0.08796655642414003,0.10493196086228158,0.1250019504342801,0.1296938780218612
0.11062669375016838,0.09580002077517759,0.1012003263419966,0.09308551290700867,0.12145340398223549,0.08369001926696899,0.11755794915299962,0.16336028592813268,0.11322578789531196
0.18420016586004392,0.07096468213942347,0.11834047575325113,0.05563448345678124,0.31267864430111214,0.09448297796582368,0.056867449376516,0.051215568155984326,0.05561555299106408
0.04220926606131469,0.08452782938473997,0.18236027240829542,0.1856492483353833,0.0448150454082768,0.050951581945214985,0.12322762720908198,0.13352464102701725,0.1527344882206757
0.047732041431470446,0.07682503643262859,0.17572719725879168,0.1850819342998046,0.056516313513453265,0.06252920015758069,0.127290722418178,0.12890136967553298,0.1393961848125598
0.1100432841854659,0.12016690396392564,0.11910344961371466,0.13610701122944233,0.04541402434799627,0.12214204779848468,0.10818499173089542,0.13630291412230755,0.10253537300776759
0.04016859582090743,0.12096120771179152,0.07736077715290424,0.14675638306873953,0.14598572587686007,0.13774817726546132,0.12207811258012118,0.11296601603069427,0.09597500449252049
0.11596472971684381,0.06504398796856985,0.15934947205539887,0.06882870044279177,0.34736005110995083,0.027506401931620027,0.07074172479041113,0.07450316326274975,0.07070176872166391
0.07763644968639742,0.08180904251706467,0.10464829854654957,0.07735080490587427,0.21424054439991566,0.08964310644179412,0.1383836677987983,0.10954913696374047,0.10673894873986549
0.24027537234025265,0.08571752977127149,0.11582571135961235,0.09897849669168002,0.14785309961573626,0.03543734439447496,0.0933497423133578,0.09665036195382391,0.08591234155979059
0.04474936482734856,0.13994091770157038,0.1088040743976596,0.11822267124418716,0.0580634479146284,0.19596377670808926,0.10349353711856307,0.1281136917072058,0.10264851838074779
0.08108759397816427,0.11686531051840822,0.09145195313792336,0.15276181371244282,0.03013368398041379,0.08733453835886346,0.15063523490995745,0.15418965860607844,0.1355402127977482
0.06048057380112928,0.18688225674614703,0.09129945590836587,0.0802972676179578,0.04219506979541996,0.15049416067402388,0.121123635898566,0.12878713107910175,0.1384404484792885
0.05059451361341797,0.09273657249341481,0.19492113333250508,0.20531623142085811,0.023084712410634242,0.06590033756869738,0.11863672352077026,0.12214485397832914,0.12666492166137308
0.15558372459001907,0.09336575070332677,0.06415388318495951,0.04557857333582061,0.4000782078870541,0.01611994740006709,0.0695205592577633,0.08097577896022638,0.07462357468076318
0.1263373263219947,0.10514040898107453,0.11610836080106775,0.11519188969589239,0.07181486094158478,0.03988694614859136,0.1314319858763507,0.15818918121209843,0.1358990400213453
0.1285813491886734,0.11970532246872294,0.08129977940459744,0.06197405232685088,0.23892990027400618,0.0801752043343919,0.08940831445571495,0.09358011094576084,0.10634596660128143
0.10725996115797842,0.20939798092412967,0.09585751585282883,0.08242783200282831,0.025336186414888006,0.1284830032850677,0.1167267912630861,0.10178091501784346,0.13272981408134943
0.09814946137586063,0.1542342293093804,0.10779077544773917,0.09590159259128213,0.05860135482203244,0.07103685374784964,0.14339989727969357,0.1348584646953208,0.13602737073084117
0.0848252513407179,0.089124167499056,0.07876385113938426,0.16990750084129128,0.06207687686119731,0.11738889607222358,0.13509562098713093,0.13532235833501025,0.12749547692398852
0.1542499964849647,0.10540440287058872,0.09993414820233605,0.07017356602635356,0.05108345178240583,0.20617363046406897,0.11023207495231202,0.10564684741937135,0.09710188179759886
0.09153896983924965,0.08290461924702454,0.1121560853938895,0.1895328898637003,0.1300788356947756,0.07139656259293166,0.11594444738319461,0.1036684078186521,0.102779182166582
0.05963193612815255,0.13586650972244158,0.12637356348253914,0.15364406339066145,0.04171085784847753,0.1043565577350402,0.13582059187214338,0.11107061762445607,0.13152530219608813
0.12024141662867638,0.13112018301523096,0.1423819751069828,0.09395048864828011,0.24057976338641526,0.06022055540811083,0.06877193174052865,0.07552658423891923,0.06720710182685574
0.06388639345790971,0.10034959715889835,0.06587078424481115,0.10694253230561669,0.1477108405010378,0.11029614033305418,0.1399685234441824,0.12819074625258095,0.1367844423019088
0.0520873510759536,0.13283441010359046,0.141591629786234,0.17950842022130564,0.0857633699975273,0.09132645145004138,0.10538633521510825,0.09731738936284351,0.11418464278739586
0.1545951654041607,0.1362226001381124,0.07297640334328327,0.11517831176907539,0.020536669440780527,0.04892332834682778,0.1407308466300911,0.1527205346252766,0.1581161403023922
0.05952015973450975,0.10151651041812522,0.127259384295385,0.14885588725934287,0.06862122593375511,0.0887420017188104,0.13646404326159875,0.13727089417270813,0.13174989320576477
0.04414968200376109,0.13623484662904758,0.09201759021688355,0.0857637271860423,0.22085186668498227,0.0683706730310814,0.11069092577714423,0.132644384736745,0.1092763037343125
0.12127312486194215,0.06264648996863695,0.07340857323651631,0.059227106276760345,0.09844234468437076,0.2874748010682435,0.09750918195503899,0.1154646715202038,0.08455370642828715
0.06885925018367538,0.16708489567640847,0.06902369528365566,0.07980331340216025,0.08767870856899047,0.2339725671533283,0.10241013349105967,0.08644885442618104,0.10471858181454073
0.05070760320882293,0.13461215225435855,0.0686316432550832,0.09258095636994956,0.0930275924528891,0.1195120394391674,0.11431193316760707,0.16194195111824852,0.16467412873387374
0.036561813593009994,0.16567093227354404,0.1747868066960263,0.16528141234461605,0.05374062774656979,0.04787392943444082,0.12814274976212844,0.1088144080999894,0.11912732004967523
0.2423556368409113,0.1623397808584621,0.029357087261682107,0.06005320346420898,0.07122437980833742,0.14068772677381794,0.10026659844449133,0.08098585684969274,0.11272972969839608
0.07425940635275304,0.16084565355641692,0.08627630082641531,0.10996014685026073,0.09895562263832558,0.1000419087559099,0.12234490397731956,0.12017992428941197,0.127136132753187
0.1145364458743558,0.10017062416433904,0.0955656510309017,0.06927122697085776,0.25087203931503016,0.07095271104977709,0.09465228730850074,0.09491501599817175,0.10906399828806596
0.06667293301281552,0.16749288850908248,0.07755817256960788,0.1877883073242924,0.04683224874753103,0.07726735454487803,0.1309845822007971,0.12863627804027852,0.11676723505071711
0.08811316601563428,0.13810922176958865,0.12048115821780551,0.14890362361872084,0.12872489554306,0.07182384483486497,0.10895368001334586,0.09281346261846579,0.10207694736851407
0.19139091925533805,0.11008307765475071,0.07424725843578468,0.09991444666464715,0.06774991283525028,0.0693870570140457,0.11941937059499895,0.14865952938677876,0.11914842815840578
0.13680167715925332,0.11569182204979032,0.07173036226980857,0.08568159128742227,0.13944348593210465,0.06085883738905921,0.12199424825810555,0.11098177021337186,0.15681620544108413
0.10262730615238236,0.14995716684961355,0.08110553405731895,0.09642776168699446,0.12892534482140972,0.1407835807094708,0.11344916655006539,0.09339573798258775,0.09332840119015706
0.0797837053011824,0.11072788838388314,0.06403684622068956,0.07521457583503278,0.24821528045137353,0.06592362547130409,0.11042543473615962,0.11888441256948135,0.12678823103089346
0.15056225667068304,0.11613442451375311,0.10304730260987045,0.17342024341610304,0.03282527524639769,0.07902294127207053,0.11999641552125821,0.11112059553379254,0.11387054521607143
0.0504097624545291,0.1468177121857105,0.1339611216651068,0.11303061154151811,0.04907781218568983,0.07978491897616453,0.15156571854982373,0.14418403280356967,0.13116830963788775
0.03669618884308674,0.20180399974875884,0.08425653639172254,0.12334213531077964,0.10412393875390853,0.0594629288555952,0.13709914281025545,0.14080058804123838,0.11241454124465466
0.05655918256274798,0.22362194810450106,0.08007004803485136,0.17139141240759292,0.03551488968111024,0.052220444081024074,0.13153481589677996,0.13185116044976242,0.11723609878162998
0.22426635659947888,0.06013441153865651,0.08065041162342468,0.12383025959697365,0.20508529467845316,0.08622958083751513,0.07135260971823072,0.06751448661537353,0.08093658879189373
0.1053320390843308,0.1492363407168795,0.1270104426378845,0.09265802288790646,0.030286063230210825,0.16883723421960403,0.1133275443316814,0.11270879560348203,0.10060351728802051
0.05835425012633424,0.11960628619444542,0.05962682477178469,0.08232033569931302,0.20847994994138844,0.06754922978532145,0.1185575923463113,0.14831027572169778,0.1371952554134037
0.11200499485907249,0.09379969995834447,0.06556445109449006,0.06508801027318802,0.24298524793690737,0.07168038157445744,0.09573629714626264,0.13020999188229607,0.12293092527498145
0.07006099778481022,0.12066464216435345,0.1018348672179671,0.0981209233217935,0.043472284677197943,0.16954936787843347,0.14312799130433596,0.12754089856545633,0.12562802708565213
0.14849982150045576,0.0642766644114971,0.1056870905603537,0.13825572674422063,0.25430014061628664,0.06819588301045529,0.0800039699621075,0.06764754222482976,0.07313316096979361
0.06070647070234009,0.09234464828664778,0.0418406564268111,0.08839416043064692,0.1411483435464456,0.1824926918347675,0.11117007191360641,0.15461770507068884,0.1272852517880458
0.12490786694225837,0.08541888267950204,0.11124104992660198,0.0506759094264437,0.3308702933438191,0.050332940622214134,0.07800381620125683,0.09858141960279525,0.06996782125510856
0.027567010604306306,0.08249567279836002,0.06394645898836492,0.07356988497471073,0.29702418094469446,0.1392517651058397,0.09686384285617601,0.10738439815512425,0.11189678557242351
0.10716875153633572,0.07609260622462594,0.07568035672853969,0.06581956577834423,0.21257980817119007,0.19013796997515478,0.08769195558289296,0.09434013157662957,0.09048885442628707
0.08687796870001903,0.20760504960288592,0.09722402204868856,0.1449290274836922,0.08694874560341709,0.14213505560610903,0.08707715127331635,0.0711792743947142,0.07602370528715759
0.09261503046370277,0.1585173582936116,0.13430043130947691,0.09845701650181737,0.024730986356007695,0.11950337334214096,0.1272441634143288,0.11503503912826012,0.12959660119065375
0.08046222699810773,0.1449158436644847,0.11449022718718067,0.10113120654353336,0.057335951597542865,0.0918861045734972,0.13683111307660867,0.13312233965866407,0.1398249867003807
0.14763528443774393,0.11130986133562361,0.08342669496091165,0.10356065273263448,0.11881778224299087,0.059542838841313776,0.13022393159777845,0.13234711905724963,0.11313583479375365
0.11737839505292913,0.18362398597921584,0.0760862523129602,0.10262575553972508,0.07598883322818656,0.06997565516391595,0.1289517432194788,0.12675630178282493,0.11861307772076352
0.1431573906759476,0.12304228513428213,0.08597189977586477,0.07607182211252889,0.08552782873808636,0.12468093764316975,0.11314830791641657,0.12583657957361546,0.12256294843008837
0.10939192592227619,0.11062220908051863,0.11147420310220672,0.12294982239803683,0.052029572853624716,0.1509717786208514,0.11336709974934672,0.12135647431903764,0.1078369139541011
0.04620588057630481,0.10709872183499054,0.1397639248736641,0.18302951291829764,0.06583666658761601,0.07112029683048714,0.14139252767359112,0.10619984472757595,0.13935262397747272
0.05137237656439197,0.11012544818476268,0.10632538250947184,0.13563780114724663,0.05818245996225487,0.06535456519532555,0.15159989274340832,0.14640841766316348,0.17499365602997466
0.14618059769382388,0.08576326953245601,0.10964341362619119,0.10110278944747907,0.016826520337464155,0.24674933047708406,0.11067816464736036,0.08775074303528463,0.09530517120285657
0.08103904000129039,0.1652667540805296,0.0927808701083818,0.10737017224631085,0.04355591436060688,0.15788628081204129,0.1214566407447204,0.13740974876862652,0.09323457887749227
0.12239096823998703,0.09540193278803694,0.04883658720069472,0.06696749125905331,0.24326753754209096,0.08999301613357209,0.11926664851927155,0.11539948128276896,0.09847633703452441
0.05031000839063012,0.1215603485553401,0.12436679430108588,0.13827054742336253,0.030496153012278527,0.06137953686190887,0.15044483077292553,0.18614921051589048,0.137022570166578
0.08395106677452217,0.15037876376895998,0.09574079009614338,0.12108811124963738,0.03610480183791373,0.11932082144341416,0.1511784623915686,0.1116334897997852,0.1306036926380554
0.09495713275072225,0.14674569453961472,0.055670841821425954,0.0983864831262577,0.08897446551230047,0.16162485910019142,0.1309311955273362,0.11009543785350824,0.11261388976864306
0.06213311043969335,0.15282311797698186,0.11722093117299785,0.17608309681914283,0.024175763577488376,0.14189811734277757,0.10927505444530279,0.11636455449403867,0.10002625373157664
0.07472507916264214,0.13698620320965474,0.061989258817945585,0.13705053468444967,0.03604369586319837,0.19855168592435138,0.12077872305715752,0.10268665650013403,0.1311881627804666
0.05800673309845065,0.09458324071893826,0.17291729327827166,0.17406275332975726,0.05757609410865302,0.057940403993869904,0.12586491770757785,0.12193067764808141,0.13711788611640005
0.24667186722768178,0.07805951675370221,0.07647810361846478,0.07052585354842346,0.14534436157252376,0.06317999304967986,0.09661243923468704,0.0899521829079112,0.13317568208692587
0.05853436946354116,0.13036620469561475,0.0717761672634651,0.08392291498862636,0.04007916058231809,0.2774388142547392,0.12284304747511858,0.11354109752675695,0.1014982237498198
0.06046789897345433,0.18849839120469739,0.06921388879424673,0.0943731706425443,0.029281492872975625,0.19558094708671903,0.12826747087822662,0.11342102541344641,0.12089571413368959
0.03505975152132267,0.13115835547107346,0.11098210384565338,0.16159563690047696,0.13709750973591495,0.07019262288144484,0.11661492391112321,0.11345187638410766,0.12384721934888282
0.18297529440140226,0.15557260750804938,0.08809702231720702,0.07689714172271604,0.06570295522816157,0.04436724187704858,0.1225700402024974,0.16463123176654773,0.09918646497637003
0.07331761931949299,0.11423669878298388,0.14840421173846818,0.09556766329798978,0.10679358582142832,0.037849732252954155,0.12690050194990204,0.13626249032203253,0.16066749651474807
0.12004730295073696,0.07315594928789519,0.08343132013222239,0.06880051427298801,0.125478965991245,0.25145615505676255,0.0947980957897031,0.09043782268281088,0.09239387383563591
0.06926394701256507,0.10224875205797483,0.16784483996932256,0.13991391269017128,0.060827438108962094,0.06164206810469163,0.13209241277188713,0.12254109760559595,0.14362553167882944
0.18582902991483952,0.11742936733017707,0.14529005240399903,0.07859044135394176,0.0773604459449649,0.059623148388078105,0.10962391047724222,0.10305049959869277,0.12320310458806466
0.07860654142394438,0.18907747731812163,0.07419200765848859,0.07624332270746666,0.08082158455090727,0.12995231872442095,0.11623966153500019,0.1430413591161763,0.111825726965474
0.09634585837112229,0.11280096769635928,0.15148653555987848,0.10569275981090857,0.10932627795220277,0.12092337521542366,0.10310174558235828,0.09227065291094523,0.10805182690080141
0.1025658440863128,0.183376638636121,0.12256378923751383,0.14736202350773012,0.016795582794844395,0.039899071698607895,0.12575585478285625,0.12560625890235538,0.13607493635365833
0.11203754552944294,0.11471427659185947,0.09408262178783099,0.12318514762301862,0.07672010272029674,0.028984635593736627,0.12260466336042286,0.19034833950708038,0.1373226672863114
0.1596195212636711,0.1079468505115359,0.0744793201864567,0.20876066715627692,0.015958852671194932,0.07196096955307735,0.11892087110492704,0.1390052355831827,0.10334771196967729
0.038397274555178065,0.0705442768632116,0.10133149082665778,0.08106375786831523,0.30082200627662276,0.1474394517922187,0.07951391962003841,0.09693356703597218,0.08395425516178524
0.09071391963808091,0.14557986414831584,0.11485984887925538,0.10221389881665495,0.05735860891993818,0.09352196263925396,0.13697244504134679,0.13243423587432748,0.12634521604282653
0.07694612489485127,0.11696770073328862,0.15158763396294903,0.10258730405395715,0.05281262409978956,0.07488135146800082,0.1454078013131981,0.13882258283856458,0.13998687663540085
0.08773097912446177,0.19497705929103884,0.06712326956248833,0.15057900964524926,0.03614753543531552,0.07643597010875496,0.1378189021842458,0.1277718004642989,0.12141547418414667
0.15623839570865958,0.08190299446979532,0.06043550422572754,0.07803106772854616,0.24947304683948865,0.052555058425135116,0.11180808195637597,0.124598707221426,0.08495714342484567
0.033184528151385326,0.124727707917139,0.12599469661687943,0.13086295528609704,0.08677265475065826,0.056436672544416734,0.12729595717483497,0.18658756437575508,0.12813726318283422
0.0833686005175603,0.1630188176662016,0.09792449993669668,0.08633522493430636,0.2071608144850208,0.048354832789583226,0.10945413306151604,0.0946171598124732,0.10976591679664176
0.06935411300233195,0.11692149534187957,0.12443916104110271,0.1841514799415125,0.041267552201169795,0.07339764243394142,0.13673219850150828,0.12298594517354267,0.1307504123630111
0.0941344543054951,0.16830943986040228,0.1020364356990671,0.13373367228113825,0.09603549679994529,0.05760427285822995,0.11048129705605336,0.10230133568366107,0.13536359545600765
0.13670792205157023,0.16294539372872344,0.1626589714860602,0.09042603273434276,0.047400626428555304,0.09083138194461725,0.10670403136449948,0.1027293899823613,0.09959625027927005
0.08224699682419452,0.08887953705099634,0.12824366476103727,0.143329865417271,0.0436775787372261,0.13652962990364534,0.12301599338984172,0.13549916519827043,0.11857756871751728
0.07116586831594289,0.09087739830806217,0.16225783471368635,0.17275405371069472,0.03956801797182574,0.04669176869755337,0.1678810286215725,0.1302930706521858,0.11851095900847645
0.07404997185182631,0.14596726668051077,0.10830816066484655,0.1356685698742466,0.03345636602696229,0.05751711766071179,0.1458976461372331,0.1643066717089944,0.1348282293946682
0.144797452884263,0.08664030631598817,0.13903720517150486,0.08042856839358797,0.12594310286839397,0.11923854010462402,0.10906665545816253,0.09865894855968331,0.09618922024379208
0.039237626780288214,0.12169795939251782,0.09580083505986607,0.1629048891903296,0.044170076886537436,0.08535741977600007,0.146289364212473,0.17243840341893088,0.13210342528305688
0.04388712607731248,0.07248234215270087,0.12272158120706438,0.21015447293498346,0.14869547408525285,0.11460527115901624,0.11446573093165567,0.0879201875085303,0.08506781394348382
0.07041591730729997,0.09942480603991223,0.166987463075582,0.14885610853866,0.05234541042621127,0.055690203583636445,0.14480843860654471,0.12585467544664783,0.13561697697550565
0.13145643453231068,0.09102085656766878,0.13385462309739019,0.14205470611921817,0.042347905728548775,0.12940974191004434,0.11455581202393417,0.10637992007630853,0.10891999994457639
0.06567669863670823,0.09596035658083757,0.10054860814045792,0.0716989876083561,0.02129734351403025,0.34899736198771464,0.09800269491779219,0.11035283655996868,0.08746511205413439
0.09118044459390073,0.06962140093816978,0.1229402374798108,0.15989252462754236,0.02737113814544993,0.1798720352167241,0.13119535262605084,0.09820693534381063,0.11971993102854088
0.12604542036957517,0.12782409305372888,0.04346432996178831,0.07753128257236054,0.09802293094233668,0.15684618604971728,0.12603303180454964,0.1203647453851232,0.12386797986082036
0.08021405853760714,0.1071807098812886,0.14884709505351082,0.12442187509208429,0.056475370029965305,0.06798114044408003,0.14811787712513877,0.13158192635477167,0.13517994748155326
0.06618722147706979,0.1547807167710211,0.12227204961867406,0.1647595770044876,0.038625426003734926,0.1096274258321267,0.11247894717924528,0.10583517546788435,0.1254334606457562
0.053778326764040214,0.11585122668772597,0.07391985065592861,0.07451542782761604,0.2321330121739571,0.13468758819834006,0.10754698308691045,0.10775653625606281,0.09981104834941867
0.050800672965918815,0.1889626370944452,0.07469702998810841,0.09080108911012442,0.04772434383011006,0.06665419463089556,0.12555857310077864,0.20481981295393828,0.1499816463256806
0.16106843200267396,0.0777493728866598,0.06063651207207003,0.09483385407863838,0.2840091616527352,0.07664046742920806,0.08117473199114464,0.08018294676982979,0.08370452111704012
0.055605055046356655,0.06038800132280961,0.0900654911393275,0.05286959688572729,0.42075468556484513,0.06881624561716844,0.07700546880686311,0.09480547918741498,0.07968997642948732
0.053151696778915625,0.1257397260918365,0.13074173660039326,0.12129245758400692,0.07420933040288358,0.08561718343390456,0.13666258891700164,0.1200289818634581,0.1525562983275998
0.13200193833625704,0.1385846136675892,0.08382216900151689,0.06760176653657603,0.08378129020871271,0.22297941409192765,0.09832321833785639,0.08801471936455722,0.08489087045500694
0.14557573576456592,0.15166169773638172,0.09291199735835871,0.08170788565896607,0.10522144908240344,0.0506364988291016,0.13574652707379967,0.11804431827839867,0.11849389021802414
0.08050612968008908,0.14395098776051016,0.11124021474105296,0.06640965166452,0.0465352314648319,0.27587020903138354,0.09861398616997392,0.09833148791872835,0.07854210156891013
0.10089385848426942,0.14898513836591804,0.09841843431107718,0.08713625850503477,0.09981959167994099,0.11352029835380155,0.12056369748714146,0.12525168222795632,0.10541104058486028
0.07448886573920611,0.15631327280411145,0.138182329068426,0.0925055822750801,0.06192261317723155,0.05225595829043553,0.14007714195364065,0.1441625812003628,0.14009165549150582
0.11109689824302986,0.11905122562786445,0.07022250948764708,0.07691167272907179,0.11725548475404822,0.17154031472068967,0.11716109665652837,0.13087705456147158,0.08588374321964899
0.12257247098352171,0.11324810702079728,0.10863687922103958,0.060624493155203685,0.31137452049248265,0.05760492706745704,0.07533227489612226,0.07701787115689492,0.07358845600648084
0.08634213349461169,0.10109135291880243,0.0482687132549643,0.07172316875676192,0.15401610404640356,0.26298796315791795,0.09073439337781326,0.09565758463472927,0.08917858635799565
0.23104378630347855,0.05092567619014452,0.13844900802089885,0.058171145116249545,0.1712247033593158,0.15023141981867547,0.07047266967416904,0.06139123519558154,0.06809035632148677
0.09675981565781215,0.08655970602190537,0.10787247251632637,0.2301820414159811,0.043702564904635005,0.07499880657749272,0.12337449549091446,0.11385742877083993,0.12269266864409284
0.18650963032961018,0.12825549927703908,0.18740761263261044,0.08288143850249653,0.03980406423139852,0.026427817294571627,0.10281495687748617,0.13458047424671393,0.11131850660807352
0.12542940202850417,0.11627683796319101,0.07466888430293683,0.06058834851711135,0.2382636965514278,0.08902981136265874,0.09661167115306725,0.110100063510497,0.08903128461060587
0.07632595716480395,0.17685702222748,0.11766979270889937,0.19117958284011213,0.03144850206104602,0.05957847080053516,0.11705079847532747,0.11628448911775835,0.11360538460403746
0.07770117026918724,0.10723025077972091,0.1635443841274408,0.19577287561796478,0.060987888129864685,0.05781537941530925,0.11858650006967127,0.1065195042253931,0.111842047365448
0.031719212678384213,0.2189875850360193,0.09295609137113854,0.14034607285819103,0.022314017796538115,0.14047714881498274,0.12311320773152963,0.11774747024941261,0.11233919346380371
0.11689704268497887,0.13593340757187367,0.07559938146422948,0.10290164387682148,0.04192093732718786,0.06471470459800795,0.16029358833469828,0.1354068649531884,0.16633242918901406
0.060589563119398886,0.15709342090066253,0.1453264039983689,0.09476876854088634,0.05439979507490402,0.14804602994899496,0.11844553399990436,0.11586801550103215,0.10546246891584786
0.16984691620985212,0.11562837507729821,0.08378008293511453,0.07546247117503913,0.10338231964612193,0.0947595090837207,0.11360382715838978,0.1258439323348972,0.11769256637956639
0.054879689113126816,0.09524101598900314,0.09844738551423204,0.06707613197578584,0.22245666981526177,0.15462084288903852,0.1047696978214574,0.10249956053855176,0.10000900634354278
0.17879883330076782,0.09205367673860841,0.06788925514667647,0.10191433345861185,0.13659851853460936,0.06376557811295697,0.1196894753391174,0.12429379220935616,0.1149965371592956
0.07184340632127079,0.14677165429030783,0.09755403771589398,0.15442740560000034,0.017348310028969503,0.11520030311869302,0.13559389418777193,0.1415998362335609,0.1196611525035317
0.0829934321723697,0.1213144081621438,0.10849831654766003,0.08168104070916811,0.06902605406240038,0.21160711626333073,0.11810163752920132,0.09969355696445181,0.10708443758927416
0.15458169170503744,0.0817019654954989,0.07307573803597207,0.15950820138000113,0.07285576992463287,0.11153729972891457,0.1193238132321971,0.11892846099297005,0.10848705950477588
0.0451661463621895,0.13560924287750661,0.07971381855311811,0.15837759610825888,0.06852629460728092,0.06220839631053238,0.15240656509982134,0.13819298145235756,0.15979895862893462
0.08581941918020651,0.11569849732505012,0.04675462559432444,0.16475051567001295,0.027141888658919408,0.032502364952537804,0.15448558703163898,0.23070853017374357,0.14213857141356623
0.19161173966475076,0.0910656488893169,0.06262599871958567,0.0700154400374485,0.14945315395678568,0.15466589860958654,0.09425783984593578,0.11056882833153787,0.07573545194505234
0.1933485379798342,0.1724052102752706,0.0642815524476808,0.09256562015415104,0.02002241926481687,0.09255060985811255,0.12239507362105562,0.10693351981011918,0.13549745658895915
0.046574661935891076,0.12447102774465361,0.12033435250708373,0.18592601150880983,0.11608274856849822,0.09662920463384768,0.10629357635133112,0.09550303919442178,0.10818537755546291
0.08679183140404273,0.11605439853062734,0.06817802536218794,0.14144903585437144,0.07701299254642811,0.070507061200082,0.1507469893939464,0.14772281938379084,0.14153684632452324
0.17862191949949044,0.06657225096466424,0.1455634321014715,0.052244197782923184,0.15636547617747357,0.12030954451419133,0.09677628384808294,0.10318628793415889,0.08036060717754388
0.08742597667258122,0.14116859491491332,0.11841874159756388,0.09894573187035209,0.08212126422051079,0.13145150437119438,0.1173711302692334,0.12484100069272648,0.0982560553909244
0.150342971046852,0.06606986193482674,0.055149385411370634,0.0759558980841113,0.07133279379634118,0.30514750425928977,0.09729625978774253,0.09992915653617322,0.07877616914329272
0.03224747361326425,0.14226286911026736,0.1209601628454554,0.11626002112232327,0.06360929504345829,0.12413818828733529,0.13316953044865912,0.14063345669682925,0.12671900283240775
0.08683097221553186,0.15169027180082098,0.07914672261961064,0.09652684618856085,0.06896548532919931,0.10993354379922121,0.1374208429738537,0.15280173775335892,0.11668357731984245
0.08192622130329455,0.11244926984528543,0.15207355081065121,0.12500918535437774,0.050778891052913964,0.06322071056602482,0.15840946841107967,0.11601993278845557,0.140112769867917
0.21997440778594668,0.0917563872868286,0.08906518788289704,0.0688030388754426,0.2614376647938141,0.019293670825455644,0.08256578325050036,0.08214669607959353,0.08495716321952147
0.1523230135086613,0.11018015614112607,0.08806770961870136,0.153756669208676,0.1410524064554979,0.07220877176715136,0.1033239465484388,0.10272567493360635,0.07636165181814081
0.0663126911543319,0.15881802342870457,0.12969833093691308,0.09432056888327317,0.08737503248106948,0.1688540744073416,0.09788259325981269,0.10953286199510816,0.0872058234534453
0.1282218716680292,0.11430945781848463,0.05774433662700957,0.12504052553302322,0.06151439106644257,0.065384933281857,0.1621491229905836,0.1140312407985163,0.17160412021605387
0.13690945858666856,0.05177340667324012,0.06343264383347003,0.0597229659470813,0.3528474825725602,0.12433207440663148,0.0741757003227014,0.07031585759024106,0.06649041006740586
0.10155806881174655,0.12338631128724575,0.1150032206714446,0.10034539928602854,0.06571507353589735,0.10063652226560131,0.13079669364103721,0.11688783832917027,0.14567087217182842
0.06458617320011599,0.1569862832471296,0.1426736063551067,0.11540268979495817,0.02538031769372116,0.14590942624122313,0.1210805232081122,0.11922227997459399,0.10875870028503905
0.06649617959201708,0.106250851661841,0.15183279173388886,0.14352264886458982,0.04351440585100519,0.06767520432680134,0.16022612601939468,0.1283917186034034,0.1320900733470586
0.0676684520625684,0.11235029380797185,0.09505343716064119,0.17914547323368393,0.05478832010511955,0.14908012293685566,0.127078136877208,0.10965712950869144,0.10517863430726
0.04319093476998134,0.18431786196977007,0.07825611709498302,0.04744005078808131,0.1560224796226646,0.18411045416566282,0.10296239581729714,0.13119116986137078,0.0725085359101889
0.04693035006009474,0.11648554308302113,0.09176817545988895,0.1800635977268142,0.035556546093784024,0.07852081446084984,0.1247209839499359,0.17403454977552915,0.15191943939008204
0.17530864190466375,0.11302837111812254,0.08692255753187166,0.12337157071492795,0.10522017161962453,0.06958313063032302,0.11264415841750104,0.11765198709754587,0.09626941096541956
0.06248275879982721,0.16305841195197118,0.054667994824995784,0.0884844886237427,0.10588589900728691,0.14479943399021727,0.129737044999059,0.12662861422129193,0.12425535358160804
0.06435360169278596,0.12828757457924297,0.11213436653536124,0.15636783452096656,0.04004156160484296,0.06947571012939836,0.1490661960319816,0.14680394378749664,0.13346921111792368
0.0485000060089657,0.09868853161854407,0.08781546416467878,0.09578494579020502,0.024003393205109868,0.2603602595065663,0.12679062762628965,0.15438811410017791,0.10366865797946269
0.049121579708019114,0.133562118472095,0.13346157127564726,0.11360358164216551,0.040819937413485614,0.06129199274558661,0.1442641820488834,0.15660265948776045,0.16727237720635701
0.2523558170842646,0.08599588080524828,0.0632376532901363,0.06739140851577279,0.20290960487365947,0.036655835169404495,0.09657076035743058,0.08963601937442783,0.10524702052965558
0.2898778123016755,0.09069097406280001,0.03914529579971187,0.05811933074090786,0.07850137066497437,0.1425493914510245,0.10159989381955503,0.09134519655560504,0.10817073460374578
0.1565779795584625,0.14781484025195393,0.12729712290750592,0.07777630852132315,0.04874334831273356,0.18606008253616876,0.08945066814203724,0.07581637289208804,0.09046327687772693
0.07579558437141427,0.12528037128112257,0.1001762948456867,0.07387694282976762,0.12600450668784413,0.18294522717428982,0.11869732982328422,0.10668825739675165,0.09053548558983898
0.1672246135113177,0.06847155484313139,0.06891222859047498,0.067246045378478,0.06931604278390574,0.2405319701730766,0.09682637601862161,0.11416448242738268,0.10730668627361134
0.06866530067440925,0.17516379302873322,0.12233970226960235,0.13729568403536505,0.01261749503407543,0.0656331316427922,0.13615385833535906,0.16554488091024128,0.11658615406942219
0.09306443429273077,0.12944011001490738,0.11453032878664733,0.14145485263959912,0.044743069440344896,0.13062891168049748,0.12635074552099557,0.11189092735958613,0.10789662026469134
0.1269085585686194,0.11246069260427659,0.082146802383865,0.17145906717666629,0.015842375502119865,0.0475178018100467,0.1551377259208047,0.15647660472916178,0.13205037130443967
0.08638912276419318,0.17643145290664983,0.14595370652913586,0.12502317854540948,0.04337120054271303,0.07851958794772335,0.11767338715053495,0.11234762724956603,0.11429073636407427
0.05971344369644329,0.2098487449868751,0.10282161290171916,0.08532797582827766,0.08639025184452509,0.09797595069453043,0.1326540313667969,0.1178720005828821,0.10739598809795031
0.13125240927167606,0.11180274350363717,0.06578028998014847,0.10462968441265263,0.08403227840172978,0.13879953403817083,0.11654364339323009,0.15255613159268924,0.09460328540606573
0.15095381971717067,0.09877617289206912,0.0595997866689378,0.07483465648788988,0.045285240492084676,0.2538411313407309,0.10287269010710676,0.09782267223209064,0.11601383006191969
0.13346896808770983,0.12185718884782872,0.13265824513072616,0.07043878578626438,0.13290144743524532,0.08826684541961777,0.10381977997297008,0.1116433634897273,0.10494537582991054
0.03656992772046024,0.1142707016573679,0.09894948634970309,0.20628636059049657,0.026739764225912944,0.1370369113422518,0.1390314904179078,0.12285025338660016,0.11826510430929955
0.19690487776924595,0.05926246101083108,0.06872319089871536,0.12107937896668276,0.29086669609575283,0.03064700742653582,0.07476468531743323,0.08120195847938881,0.07654974403541413
0.11325242866731759,0.09115919141320483,0.08446029672046408,0.1177896387569402,0.08495832615396577,0.05321522109856062,0.14360266323756943,0.14845069032748243,0.16311154362449506
0.3706116645753525,0.08920441738910732,0.06889142302898531,0.05446858122972451,0.09072062548476606,0.06323859577012447,0.08627557563290562,0.07760832145044541,0.0989807954385889
0.1345234090457729,0.10326760505808975,0.16178828964082567,0.11508712212702658,0.03913188582991448,0.14709274256253516,0.10892492561976382,0.08300726878259913,0.10717675133347256
0.24499216602067733,0.11031493922909108,0.08336189610110667,0.10231442176067669,0.04170905193693366,0.07294758913298155,0.12037853127253843,0.1221202901752866,0.10186111437070795
0.0566759547519498,0.048778187927967766,0.10537971034612069,0.08953081803909411,0.2549011463750273,0.1782167666988179,0.0841480061532318,0.09815207823936944,0.08421733146842127
0.05488992911044197,0.16746212494676485,0.09270523098069794,0.09981749187949057,0.09640464132874664,0.0941722236290563,0.1444429758759638,0.11780413506916461,0.1323012471796734
0.03680948164424002,0.14259637860516064,0.11395897205251011,0.1797056140460127,0.02101679870660607,0.1208664395545717,0.12990254831198458,0.134531633109133,0.12061213396978121
0.19929216866398833,0.08093175853454042,0.08974533497739423,0.047838252311480034,0.11397250602693822,0.2181035351788728,0.08203689598064656,0.0775863243852735,0.09049322394086594
0.1439883161479552,0.08177030988223942,0.09035260720328099,0.2079888648103687,0.032590883139718675,0.09368502889450729,0.11886299693921036,0.11384891306283501,0.11691207991988446
0.10681353753744986,0.11542156883096961,0.13922396638694198,0.10331662105056472,0.054564728750739165,0.08087338470047477,0.12940794804563424,0.12906319462663882,0.1413150500705869
0.05549725729762156,0.1675358047794362,0.09144146595447604,0.16933120720896078,0.0371445566763697,0.06684953196521332,0.14877610462875943,0.14558919211172242,0.11783487937744057
0.20630608950680776,0.04590575779717271,0.08378531560625317,0.05172428914910889,0.40030046485387444,0.029274324011544367,0.06317300064311407,0.06698021540953303,0.052550543022591545
0.2508541608510159,0.11402279862663507,0.09977327920688073,0.13407313698859175,0.01221927214197707,0.08196091953394359,0.10587787407635531,0.10073103225031498,0.10048752632428563
0.08405447831928453,0.12571363773957964,0.11107147236923987,0.11908542816879432,0.060018178575833935,0.10033265447405877,0.12455046512252799,0.12271741190971047,0.1524562733209705
0.12572808471225863,0.06941343916477845,0.14565548575046558,0.21371642025018447,0.12445472027876307,0.06372964546317479,0.09540867644788635,0.08077958361550512,0.08111394431698353
0.13213212879469693,0.1214387083514575,0.12631957774626001,0.09168312011177625,0.13088671375308494,0.0891586128116885,0.09429374551483705,0.10210230551825648,0.11198508739794229
0.04817792409324776,0.1285572205683601,0.15937914438006628,0.206522232832235,0.1069148768293852,0.055038019247936366,0.09493369923812546,0.09353395366588897,0.10694292914475469
0.10641421524015342,0.1004816760613409,0.07785973353191998,0.06683297255259672,0.09055031557648861,0.294714115674752,0.08780430706465618,0.10150581951469269,0.07383684478339964
0.0632660829813237,0.06111706327823402,0.1286507771828609,0.08654943719393428,0.03816022173432083,0.21784485058230516,0.10571850359525181,0.15497258794742352,0.1437204755043458
0.16378980995843204,0.15811300057234817,0.054306817785877204,0.1661558451429602,0.020147927571103796,0.0898055997892685,0.12519190554149748,0.11137656784250871,0.11111252579600399
0.07890522248716869,0.11953790193146625,0.14789725494595318,0.17440565481562328,0.11351393826694693,0.07749805297604696,0.09918526601572329,0.08968668142140572,0.0993700271396657
0.08004587180782957,0.09321302912899215,0.06292604060159127,0.16699928851064363,0.09683912332507795,0.05334944204572604,0.14888715584925236,0.13710964771877937,0.16063040101210763
0.03405205961910638,0.15152812272026897,0.11180600114252963,0.19835707243667988,0.05857393274341347,0.05298373228700861,0.1207933735879571,0.13345145126157923,0.13845425420145666
0.07170116889802605,0.16671709918674846,0.1143756870936898,0.09560148742144015,0.0969493947350633,0.10894567112120405,0.11744739757421463,0.11420783733863192,0.11405425663098157
0.03380947975375676,0.1966230120589125,0.04823285955008513,0.10556311987983737,0.10505180142343985,0.0692885302414843,0.1433271097026449,0.15739324343893032,0.14071084395090885
0.08169447816789228,0.09649543895783576,0.14066702297606634,0.1464748221452134,0.25211860390196267,0.06831612147032678,0.07105676314683895,0.06360344027791552,0.07957330895594832
0.2036354895422631,0.15709778984753228,0.07019754634291299,0.07781241286449413,0.14613008825111662,0.0332035794677095,0.10401449780047982,0.09191249683759979,0.11599609904589174
0.21262833344089863,0.09997893946336245,0.18354820966256946,0.06835586959104967,0.1372273403535835,0.08517209215414791,0.07149933631224341,0.07420208961270625,0.06738778940943874
0.22884089822479795,0.06472854284071293,0.07964774802280133,0.09272447964082021,0.06072758189519401,0.1208227722731024,0.11081106131037931,0.13118633843678904,0.11051057735540278
0.04810345122588038,0.15671782988478009,0.11649380704529576,0.13151821830776428,0.052294945250906194,0.12271688051419109,0.14030577378281775,0.10821554497000822,0.12363354901835626
0.17276875974995978,0.10104550531952872,0.14900302435723933,0.09637891622518945,0.07192452793177158,0.0929838433272732,0.10776040720581186,0.10624881544118824,0.10188620044203787
0.3568763689105192,0.06089690205564172,0.09370905651387229,0.059825017104293964,0.1514206724262868,0.03902075072473564,0.07490643318384219,0.08284431244274988,0.08050048663805827
0.12303633281437759,0.1043802816252094,0.13893226534748968,0.16059318135013775,0.029197332949088575,0.1141796680076923,0.11876993002073673,0.10032160802069066,0.11058939986457735
0.1229569825663215,0.11232538433949707,0.08134586421746973,0.16398653821863937,0.11187038741580353,0.10796569936710267,0.10720646438673774,0.10430534317007878,0.08803733631834966
0.06516315414784739,0.12988148569110838,0.06266466930722424,0.08127530052070484,0.24447432278695921,0.09762822804389877,0.10865776853027394,0.10883179383358421,0.10142327713839898
0.12181857757919838,0.09991917761229252,0.1028847991839996,0.17562196721959025,0.060544676512488786,0.08395493942391445,0.1242981409753436,0.10922091304102377,0.12173680845214861
0.11492042680660304,0.09379501827752966,0.12529622257169212,0.1060095027669532,0.07317773303999194,0.06029728132404725,0.15533995986070384,0.13604466187595135,0.13511919347652757
0.06711883646302665,0.14446449292819208,0.12041532115359932,0.13763162996933048,0.05950779543801996,0.07865238399482467,0.11996518182102785,0.13498053485036582,0.1372638233816131
0.06686164816929363,0.12659238720370677,0.16853503396100958,0.12352563959703228,0.059413634689914396,0.04720422677692523,0.1346039073797972,0.1306915515253648,0.14257197069695618
