0.14525262681792037,0.08008520339812092,0.07114340586593416,0.22242170349969945,0.040667312068739615,0.18368261585785428,0.10758302680167305,0.05445959568681482,0.09470451000324341
0.14611472261419545,0.1359526069343849,0.11928525000900873,0.12862673206234843,0.17730617559147865,0.039602249141247714,0.09240903024890908,0.026227174564235584,0.1344760588341914
0.0967380221651956,0.10706569170364384,0.09262013168384764,0.05033839831721824,0.12505399445589113,0.17450829335782536,0.10787403605027834,0.1628783702341164,0.08292306203198345
0.09812648698886905,0.12881728188787092,0.13141137840492031,0.07393369031906194,0.17608758648052106,0.08272192335101748,0.11233578776899482,0.07483047339258271,0.12173539140616163
0.06494502419831234,0.13784635663987546,0.14141218267767677,0.11256917472545185,0.2059129907490024,0.05295716745836451,0.13786613715033705,0.021474199252590438,0.1250167671483892
0.19754184689654153,0.10688045338905909,0.09202588766688641,0.19530012711071312,0.08411587924198942,0.0822727187169497,0.086468972389918,0.03355563947487476,0.12183847511306796
0.11221836979041956,0.13557207436874932,0.1226858742795441,0.10037741211876805,0.15964674528921488,0.06226549312510562,0.13989790664236965,0.028941848351575938,0.13839427603425283
0.16364514714960465,0.12905284361397748,0.11429156803436195,0.15221430909273612,0.12832471408188303,0.05028986561134541,0.10260455701591481,0.029411543002838644,0.13016545239733793
0.25295556665031044,0.09257618002805022,0.08655489839662785,0.10839938112861436,0.0892557628057784,0.11791509101582927,0.10244861503733756,0.041316142364881146,0.1085783625725707
0.2306295822804191,0.09501329833483992,0.08207112755601674,0.08185421880727685,0.08066822314233014,0.17276520175850138,0.10284108187068437,0.06215443955378219,0.09200282669614927
0.23117747111071305,0.09545044130746748,0.09434509411170029,0.07438898356566705,0.10113297472786237,0.13982211960980725,0.10442468921437194,0.06387998243575482,0.0953782439166558
0.34531327595113925,0.05396731353288351,0.06555022386724278,0.1088139343979178,0.05475379047677517,0.11970175150841002,0.11124845280537658,0.04015851642111203,0.1004927410391429
0.08402560312429541,0.1282300692327519,0.11557931485859967,0.08939682052508903,0.17017875529807955,0.08293041521414153,0.14862352834780473,0.036486326227841995,0.1445491671713962
0.15306748967604897,0.09391726230154578,0.11088124906216719,0.049404539086213,0.09169617650027424,0.1857515579273186,0.12735211344769548,0.1097940669306644,0.07813554506807248
0.040134984755400956,0.16639514341812434,0.08388378758662031,0.09042298254600313,0.15351090971397205,0.04307468940183329,0.07728583322721587,0.15740525045763346,0.1878864188931966
0.13287728120689066,0.08733852597749087,0.1149970161837645,0.054695468990661265,0.0960827972511298,0.1315487020266713,0.10229879744257926,0.1977239688999619,0.08243744202085042
0.028852714699504862,0.12768793282938917,0.09995295062419342,0.06437678452686031,0.14288961326974123,0.04096848765475288,0.09909930503886706,0.2746638654599844,0.12150834589670671
0.07940029910282555,0.14178543996143225,0.10861668221262326,0.08378398931671525,0.17232480805952213,0.07986100378414895,0.12451322447403661,0.056436485176093454,0.15327806791260246
0.10619643017854814,0.13716337767306166,0.12264296844039141,0.10653855629835396,0.14849918822729483,0.06622804086527136,0.13171374070016698,0.03868633187900395,0.14233136573790775
0.10919446309951042,0.13124601372046396,0.15004366127121663,0.0722843387987715,0.16134544138929344,0.08095816065168608,0.1275387889054929,0.046937249322044926,0.12045188284152027
0.09759814299326118,0.13546929344568012,0.1353202515928504,0.08253135777734917,0.15907831464829134,0.08122176328837157,0.145714531909004,0.030339836343310406,0.13272650800188185
0.03054760546246552,0.043858370369221744,0.05762791252764369,0.043282474897278156,0.028513525425475073,0.18092063426272945,0.09300740541401797,0.4663182037524895,0.05592386788867892
0.19398689918913517,0.06981109876703664,0.14491104856301074,0.08022238722033322,0.08002134940400496,0.11278237759613992,0.1255727524692608,0.10232293753520098,0.09036914925587759
0.06029308667865655,0.13948506793283602,0.1276980604243655,0.07440606463466622,0.15645230834390766,0.08838218977442358,0.12909856285218588,0.075874932377679,0.14830972698127956
0.1373956408352761,0.12445551826913272,0.1437695728844785,0.08301621840454484,0.16054556764611316,0.0670263570668965,0.12450231083002987,0.037790021681368045,0.12149879238216028
0.14532352791385098,0.13039266784226652,0.12252641317575508,0.09775955297230932,0.1614673969144538,0.058222180404287636,0.11854890812227703,0.033460668936527445,0.1322986837182721
0.09884636502981954,0.13703406612784882,0.1507251970082288,0.13021889338826695,0.1740965440384469,0.04232385519740398,0.1152620053311189,0.024616852163805488,0.1268762217150606
0.06048270809865519,0.13853159387657946,0.09910684277931159,0.094678366464139,0.15210250148810509,0.0888025113224174,0.12738153296344293,0.06443759315994145,0.17447634984740792
0.11209152224600143,0.13397360947354,0.14808141180166132,0.11249243117046996,0.14885826441969988,0.06152535282560695,0.12376111584066662,0.03152497127144931,0.1276913209509046
0.22522950380091997,0.08975262495683745,0.09978259867118555,0.10516635468007662,0.10380377586638434,0.1084956377274956,0.11634395656284667,0.0401712742183536,0.11125427351590024
0.1694026273320052,0.10453340640026947,0.12545059101765227,0.07569606318826362,0.1403534754095084,0.09981284736716313,0.11317463096834218,0.06613835905034032,0.10543799926645553
0.08476970974644547,0.025993410060145165,0.10063869355704043,0.0579115196361285,0.021920296617304366,0.21779696595616035,0.15435284768984003,0.28584017915345133,0.050776377583484404
0.21756908167896705,0.10031721521292984,0.09786955389019818,0.11468912048591136,0.09235911893668532,0.122458789690801,0.10406835261433715,0.041484176667415336,0.10918459082275485
0.10436563976515782,0.13607572115567054,0.13746127879853606,0.08561548968201689,0.17949917557467132,0.06112082224605231,0.136342046388086,0.028284949614347927,0.1312348767754611
0.04389777338165645,0.12709028053409208,0.08709113743892866,0.10142017472548485,0.129979911436086,0.11323250841871307,0.12917631710294697,0.07648933710535875,0.19162255985673315
0.2013415584608398,0.13352532638503428,0.10613819464817144,0.10688092460620256,0.12836643308790455,0.06431896268547553,0.09872981992137796,0.03502460417300406,0.12567417603198974
0.06846407763391205,0.12682659305494387,0.15754025004343103,0.08134803199833876,0.16038494633958336,0.09622119246518883,0.1577811216323688,0.027884050661937335,0.1235497361702959
0.28636927017150254,0.08687307097817905,0.08572885491765753,0.08950603012213974,0.09341140849796918,0.10875793603512073,0.10163115972614079,0.04276997879302558,0.1049522907582648
0.09661797226671054,0.13130381679252892,0.1357526141440675,0.07456010287181604,0.1665057587784143,0.08743006204757002,0.12236700177691245,0.061107543887090686,0.12435512743488965
0.1100592214059933,0.0961253541495985,0.10401791431003632,0.29263040134439744,0.06589535731932418,0.07888575234472386,0.10054759012115984,0.03577089041461201,0.11606751859015459
0.06536835358657785,0.12470306747906491,0.13498560448311178,0.06182427373235167,0.16184067446494962,0.1032779761720386,0.12016967715080303,0.11807049174896911,0.10975988118213348
0.12956892909585727,0.1210034999708662,0.13593618173653163,0.08548937615394164,0.15922767804351054,0.07944787095499874,0.1242186418186542,0.043479763084797514,0.1216280591408422
0.056618250333374004,0.15436741116712385,0.10109379386963076,0.08663421859498234,0.17656225366770864,0.0629369076526572,0.09279325010661947,0.10485469172944979,0.1641392228784539
0.07305951222972092,0.1322657491811463,0.14112116549141665,0.1228720007273051,0.1977040361717384,0.048581150927527995,0.135142559387564,0.021891818860894138,0.12736200702268655
0.0990664413583327,0.13334554128510337,0.1571057958755858,0.07635717776325127,0.16405758270359536,0.06073896832998535,0.15072247133480515,0.039128113330407104,0.11947790801893386
0.07750758658481732,0.12693009031670652,0.11202612056675922,0.08223641659561201,0.1579463127679793,0.11169287016849054,0.17325648824880321,0.026263303300207663,0.1321408114506242
0.14106162125539012,0.1054894681510628,0.13351896891335902,0.07661687476801417,0.1463987774199795,0.10391211731041122,0.12118157554986242,0.06518028525628679,0.10664031137563405
0.13234907422563316,0.1312704541246998,0.14048777508699736,0.07472749906026972,0.12978115023365464,0.11380864261545286,0.11404594994382872,0.05670934196242388,0.10682011274704002
0.07100701989986545,0.12048071860673597,0.13877227632084616,0.10141317963748551,0.15945044863307786,0.08797338180453923,0.16375875126054587,0.02626762030937425,0.13087660352752975
0.10580071125854974,0.15521036938837915,0.09670482181750449,0.1307305282514923,0.12515543478118682,0.054827954939527336,0.11295203212048037,0.053753517044530345,0.16486463039834945
0.16293220914917417,0.10025330339850332,0.1287736242491638,0.08395927375244018,0.12292308477937879,0.11794740145262483,0.12710933999804816,0.051157533490849984,0.1049442297298167
0.06207509267941665,0.11887226217883273,0.1531971129119118,0.08084678167120181,0.14487026410803985,0.11627160475203502,0.16535750373058497,0.03184442432793037,0.1266649536400468
0.24635406754530184,0.050926926469293254,0.051870856719939136,0.056577256747467025,0.03472797083225545,0.28733567998405674,0.11604317256477865,0.09542245173280477,0.060741617404103256
0.13257151309814602,0.1417040281410832,0.14995684152558855,0.07837720412913919,0.16621887251261003,0.053250983585024024,0.12119044942801653,0.032132450187956636,0.12459765739243582
0.21513473305032624,0.08597091604696167,0.11198560255446405,0.07652620864579711,0.10165202392990268,0.12871868680894188,0.12375059698189601,0.06059055465116742,0.09567067733054298
0.10735142518148655,0.13012340139616183,0.15723263528857265,0.13585919950158817,0.12196360927465306,0.07720255156696083,0.11473757365331057,0.036400007707232146,0.11912959643003414
0.19664631560324253,0.07346021637502206,0.08713127787105875,0.06568207118193765,0.07693872707118432,0.21149676587645147,0.11638134557307611,0.09259615069062503,0.07966712975740205
0.06904325498908072,0.13475734537935508,0.12960454278903064,0.07108804449123085,0.1738266849790968,0.08569756232625497,0.11423283740051254,0.09407562006091129,0.12767410758452716
0.14047929959527838,0.10997029357207883,0.10505753603758321,0.23420152985118614,0.09521634625633064,0.05678194618358704,0.1007628019557133,0.030079233321209483,0.127451013227033
0.0884376785837877,0.12620006166838593,0.149956008421835,0.08997403812525327,0.1833026663865757,0.05286568490177149,0.15187712115800037,0.03071237734288992,0.1266743634115006
0.08894854835112737,0.15026521593668707,0.09199205315018734,0.06945555240600639,0.15946147357254548,0.0942481649655184,0.08073776937361343,0.1486160578590114,0.11627516438530312
0.09653817634632371,0.09649188064384671,0.10948705516810663,0.3418254407390077,0.07735682517166276,0.04967229380343091,0.0835813669738767,0.03027447827157501,0.11477248288216996
0.09627530373080768,0.1311700118852415,0.13201373810436137,0.12806494253495745,0.17818682056457033,0.04627542707620047,0.13374192559196044,0.02306576187961719,0.1312060686322836
0.21791876005520558,0.12239599539210168,0.09528769768390095,0.08687417971828228,0.1139558499993341,0.10519529510035043,0.09696534866367439,0.05072875989216713,0.11067811349498342
0.08419169985257453,0.12183448842463947,0.16710704436686927,0.07623302892732363,0.16385632545624895,0.07489279938458522,0.1416637688149804,0.055942498165082344,0.11427834660769622
0.22364246233571802,0.09932793941442326,0.07441266529729516,0.06318055748153599,0.08313611669468664,0.1873961314770475,0.09059544685525596,0.09430017673996793,0.08400850370406958
0.2754333499214046,0.09121003727387013,0.06464655104787793,0.1184785782402562,0.05283852733629754,0.1599618171747796,0.09002928437550772,0.051350906959954035,0.09605094767005214
0.15859124714995992,0.0794853811147208,0.08892574672043309,0.044903657363263794,0.07730538839084312,0.17888238241871438,0.1147498113633612,0.18454095288018998,0.07261543259851383
0.07417089505119291,0.13528941785596185,0.15342633590374247,0.08255414736281204,0.1767187650592473,0.072041319022643,0.15373522845088908,0.027437800129542653,0.12462609116396876
0.06319643268666889,0.12387097654603234,0.1464614013380073,0.0856484928236808,0.15892871630325514,0.10656975796503056,0.16751495571821418,0.02472446007712843,0.12308480654198233
0.17244528854175253,0.05618108468199437,0.07759488799408651,0.04697126772161406,0.047303235569013134,0.20700490843762318,0.11768745137387833,0.208840836464561,0.06597103921547683
0.08512258211541379,0.13682049310393676,0.13582235475948182,0.0891213525988046,0.17918308856272935,0.07278671815300419,0.14844502123557246,0.02408911291155663,0.1286092765595004
0.13906063877353303,0.11374917217342,0.11464004782902577,0.17532119495680018,0.07836650372083358,0.11968101222340134,0.10336352258743425,0.04456926559550184,0.11124864214004997
0.15396812178995414,0.12354009104946607,0.11576917798070448,0.08060526854491691,0.15357006294257816,0.08782121427367466,0.10768136399133292,0.05847905123958463,0.11856564818778804
0.07393628079338915,0.11409301502814873,0.08929107259825664,0.046522805498455576,0.13910041792705474,0.09163112310164595,0.08818412592638501,0.2718509937678952,0.08539016535876905
0.046633171397613,0.14745845730624105,0.09656920422172238,0.10213987109127365,0.1485905875934915,0.06505227926463396,0.10226718538397044,0.10233564864066913,0.18895359510038487
0.12074067643319754,0.13230356852818623,0.1366943857924395,0.1578942038675256,0.1372765472547052,0.04449588580004005,0.11477631399491632,0.02778729149655891,0.12803112683243065
0.08332693470139736,0.13006514577937242,0.13407729774478594,0.08073397250220937,0.16171789520171287,0.08974596107979822,0.14789976536424385,0.03689167417010641,0.13554135345637355
0.19768906439663228,0.1071322359164512,0.09305365873211108,0.1359100916951624,0.0746584842512905,0.14036494421177295,0.09831474191428548,0.046885985935001505,0.10599079294729254
0.19174856257126552,0.09565340770976892,0.09330088736221649,0.15362293583777875,0.08383590008693326,0.11673568061059458,0.10975229403810706,0.0396317721808661,0.11571855960246935
0.2643700527209452,0.08730999070000396,0.07489111215054632,0.14181688903395503,0.07566336593794226,0.10321864702390726,0.09776730946838968,0.03740561533415893,0.11755701763015136
0.0959513096110567,0.12506898795004237,0.14260712121919228,0.07887648144975022,0.16783880186453604,0.08458143695005425,0.13051381091497896,0.04978637100281489,0.12477567903757425
0.23088960779951817,0.08294635421807332,0.07494755440828797,0.18138316732179396,0.07746482041997714,0.10230795203742367,0.0950206733047126,0.032096169058745065,0.12294370143146797
0.2468532388023231,0.10835354113233094,0.08905093793958374,0.11834138707313478,0.10792948827327292,0.08323841780086653,0.09161258631194813,0.033521734790639156,0.12109866787590068
0.12634923438613044,0.054283710122108246,0.0934289038919608,0.053973650149510666,0.04851637310242499,0.20513719156989227,0.08581363998808848,0.2616361317413228,0.0708611650485614
0.11835293817888425,0.1449537362686364,0.10676492738915673,0.0784930929434949,0.1712487357269807,0.07290900940183022,0.08538287674257543,0.09312135007364737,0.12877333327479393
0.11822820604750556,0.13926616339623032,0.11993295384308793,0.08273523659135663,0.1692962229356431,0.06570440917043868,0.1267045412353859,0.039524297621117234,0.13860796915923468
0.06603520858935659,0.12413109114549137,0.1590483153497099,0.07758621643354033,0.1414248820141776,0.10905241001840538,0.15506684523425437,0.03907778958293592,0.12857724163212844
0.12571763804997305,0.06769152183010656,0.05504390049009578,0.3848306821957565,0.034504724019418974,0.09124092007693253,0.09451914371429583,0.043810162309254254,0.10264130731416643
0.19457609456653888,0.10982916590301474,0.11595694197808785,0.06766905319499057,0.12500623261463042,0.11468675669898332,0.11068929705799331,0.06175259552756649,0.09983386245819435
0.07895189797365863,0.1254132886601413,0.15919441621728656,0.1620667655833238,0.16090074335488916,0.044673588289677546,0.11885982560560582,0.025477287487232898,0.12446218682818434
0.09801729226634304,0.12916470500764712,0.12090371177908617,0.05303481673900624,0.14495434204293953,0.12145623683411143,0.11392955325272498,0.1221246674585472,0.09641467461959434
0.11933772397875247,0.11310157124295976,0.10967310631148715,0.07865849059451452,0.12160966183022014,0.16186668697721907,0.1132320792613879,0.0816783226155072,0.10084235718795174
0.2347435761028164,0.05325394101423659,0.07886857951196076,0.11858758313000022,0.05545399425042038,0.17300301913721342,0.1438821802400622,0.050406668046348135,0.09180045856694186
0.29842387630094064,0.050013098357673924,0.05581044154005969,0.11050375449426213,0.03743797414161137,0.193075040592836,0.11878123594771046,0.05190695480156473,0.08404762382334108
0.05571628206873771,0.12088519884272031,0.1272936574002178,0.08113408789745212,0.15986090471204148,0.12257238430908957,0.1823202984164042,0.026578044209380054,0.12363914214395681
0.08113935304552074,0.12526599034392238,0.17564931559171545,0.07864488176695332,0.14041149237252046,0.10373433788173618,0.13360654339011446,0.047829043420950575,0.11371904218656644
0.09886585608887577,0.14468123697322155,0.13996828306450154,0.0662403810229333,0.158827376520633,0.08090511529353021,0.12395724564497963,0.05936747479842127,0.1271870305929037
0.06087961185479146,0.13365982139203525,0.12369460678476547,0.09272090761915297,0.15371202197343317,0.08687942419261606,0.12974060696402503,0.06528916833833033,0.15342383088085024
0.08877231032101035,0.1899972439075821,0.0812623076001172,0.09689942435034994,0.1435840260155445,0.049835637277571954,0.07684396615882937,0.10629713449867018,0.16650794987032438
0.0939101696596467,0.1408138681353961,0.1561254608961673,0.06677473265981544,0.15579584904929256,0.08320153733430305,0.1412426387165617,0.040852484609392475,0.12128325893942467
0.14384203435050194,0.12103463047010056,0.12463352227361009,0.14689799697763853,0.11403311715135815,0.08152151019684262,0.10926056497745472,0.036169081346616956,0.12260754225587651
0.11131480252852362,0.13981340188931987,0.15567495722549818,0.12427664857611186,0.12544310527098818,0.06681426686695513,0.11764388970244334,0.036117364987218764,0.12290156295294109
0.19046035672132963,0.13087216758605089,0.11128850752068915,0.09375091624394838,0.1491361192248931,0.05889469071375409,0.10407481139124435,0.03370961944550183,0.12781281115258866
0.09060637849174137,0.1334727857376541,0.14056285112678632,0.10030996628808993,0.14659680827131918,0.07675171343643183,0.13856664069789187,0.03776210677907201,0.13537074917101347
0.06806343470912825,0.12765825698823438,0.14581568153500285,0.0826451876891522,0.1767843301409577,0.07975378079274102,0.16456542373314156,0.03008514549050706,0.12462875892113501
0.18404080732150127,0.11171646238197479,0.09689835498894149,0.08363961487104193,0.11488565017566604,0.1338506484441307,0.10165451778670874,0.06832834147608068,0.10498560255395441
0.08800181747879399,0.14250181388118768,0.12333019970020913,0.07282860697219415,0.18006794766894818,0.07326938104066617,0.10802579456137111,0.0799169651153314,0.13205747358129824
0.07290860303870433,0.1405337877297587,0.12164966088696677,0.06713338172561194,0.15939231272033366,0.09664474601200239,0.10993121783394823,0.11347124133688001,0.11833504871579391
0.2267822041405186,0.07566447630190325,0.0805026158306102,0.06899796387705358,0.07167893181530986,0.19985933966558092,0.10419413327610483,0.09080362544923665,0.08151670964368207
0.216240287836295,0.07498521673408877,0.07344868128724391,0.07674158061173898,0.06162913732464429,0.23078112810277837,0.11276176559082919,0.07334497854449323,0.08006722396788828
0.15017680229084343,0.07840899701819103,0.16581256849046666,0.08295703769230106,0.08098100762733194,0.09934653396420196,0.15893186094036107,0.09339577866724219,0.08998941330906061
0.13953705489214177,0.12420583305384847,0.1276856607583416,0.05923331085700265,0.14580352431257632,0.10769873658549699,0.11176148250386404,0.08333905262287135,0.10073534441385679
0.26320890720100937,0.027761701469525318,0.040750462252320103,0.08897600743610705,0.021288004949938433,0.2916205893815667,0.13650821462470553,0.07197907248625839,0.05790704019856913
0.16029724730227737,0.12255240532793332,0.11937119174970119,0.06455867553946402,0.14991328655996117,0.09710302465800831,0.10319183601025833,0.07829024876319761,0.10472208408919864
0.16505399149788266,0.1111146557813446,0.1051133556720339,0.0866795822100455,0.1134007250665741,0.1424075404601228,0.11053003866937179,0.06150840293071395,0.10419170771191066
0.06784421409775164,0.146435975187057,0.11184851264167439,0.0902719091504315,0.15439949133849204,0.07672837981228976,0.12156048880519425,0.06817375352430909,0.16273727544280028
0.08291157623998525,0.12998053061529405,0.12956298198776153,0.08329489120691423,0.1666977011228904,0.08506307779285262,0.14169572532518226,0.04188217391979199,0.13891134178932754
0.1285848412300746,0.09998910321920605,0.1082773428074967,0.050250075414356804,0.10814511807938477,0.11378119682107102,0.09573166035552949,0.21253985720919943,0.08270080486368131
0.07879378920242941,0.12522818038593897,0.11078703048845633,0.0683735505470199,0.14689774765648897,0.0741438858201981,0.054406148328673694,0.23588004411562843,0.1054896234551662
0.10301179133607569,0.12971129875651385,0.1084860228280765,0.08464701421062996,0.15895159465022704,0.09841991181827754,0.08880785937513408,0.10572235836258377,0.1222421486624815
0.10376202842955046,0.13982146015166955,0.16498951268345727,0.12983425334701817,0.1597178965802391,0.045550882434495,0.10617103743524337,0.02708252302404372,0.12307040591428335
0.1274706925916934,0.09982287694290352,0.09560783931266968,0.23406932893819699,0.06220267453116857,0.10472293112617774,0.1159100582617842,0.04283867955986378,0.1173549187355422
0.10938448018423608,0.1284349764721597,0.14034596419992298,0.08787392307555235,0.17122132402317095,0.0664151866200594,0.13223834668988257,0.0344064215149826,0.12967937722003345
0.07134103277164043,0.11240314971474245,0.14479234631830173,0.1379384914914561,0.16154392040179086,0.06221338892472206,0.15207246609651615,0.02677671632838698,0.1309184879524433
0.0811502937335536,0.10320716626114611,0.12722484564313555,0.29441715006390495,0.06978598822983288,0.06393204560077764,0.11002544534722498,0.03573307856085078,0.11452398655957342
0.02867894553138571,0.16114320845285066,0.06678173753355464,0.08370269155379408,0.14896760611518509,0.02407980501609594,0.06136238306397399,0.26677204701062346,0.15851157572253638
0.10072906840745677,0.11922313607468292,0.1430465618236525,0.04770821238463772,0.12751079682900243,0.11640460241563826,0.12794552251420346,0.1282815838782342,0.08915051567249177
0.10679925835038824,0.13860017303076133,0.1391813841219501,0.11389803352191348,0.13417588787747217,0.0701088201432606,0.12673711906144328,0.038806936450904043,0.13169238744190673
0.06324958190893189,0.12132713863367241,0.13674780047592797,0.08493895558464713,0.14192670231621513,0.11236690933018556,0.1614341690171148,0.03903861726794097,0.13897012546536414
0.07090104738540622,0.13496171588262562,0.13646237630831817,0.09311545563570907,0.18704853104834226,0.07375028825440562,0.15439018507060134,0.022844716352793743,0.12652568406179787
0.0731191748322158,0.1288775298859405,0.15266520278352946,0.14066791878375567,0.10813748267903756,0.09191750098499839,0.1322071406586355,0.04736491717042718,0.12504313222146
0.09322393472651296,0.1290424538661795,0.16247038962713123,0.07595229414364434,0.16250317871732298,0.06765347313263836,0.1383872018994883,0.05574636848220648,0.11502070540487581
0.08666410716507884,0.10256939443657977,0.10429154257535501,0.04642175536234344,0.12537804040057415,0.1518062854011311,0.11921547810844198,0.1818942016483239,0.08175919490217191
0.07027810489823272,0.12885638794751317,0.14411064833480858,0.07176407331010619,0.15026160856509826,0.11349239215585931,0.1614625822532393,0.03424741831015042,0.12552678422499208
0.11953134156761701,0.14130908707274756,0.09323524247499711,0.1557455043874226,0.078563842777798,0.11143358880537639,0.10607250887935225,0.06959231752572936,0.12451656650895974
0.06754653014327867,0.14131595680691958,0.1312754969326139,0.09104314457220762,0.14525368349690446,0.08603130941049142,0.12558257539399678,0.06844319078348289,0.14350811246010467
0.1866981145645971,0.04658354293985222,0.09642501028465678,0.06204169177831589,0.04387976240800942,0.20595336269755296,0.1554217246060184,0.13421334853092787,0.06878344219006943
0.19471563178164283,0.08297551303313384,0.09697126791075573,0.12172574328697457,0.0887051373278166,0.13837867683470684,0.12432203555547235,0.0450319748339931,0.1071740194355042
0.18338027843672058,0.10207001323836491,0.11897617955033972,0.07824349949163457,0.10486526464180257,0.1412269113827618,0.11870268954092052,0.05447835697125042,0.09805680674620511
0.09494120491316076,0.1399110853585512,0.14218986380537088,0.06881700386532989,0.17294299477231956,0.06960437475185166,0.11028490341881499,0.08277086306458797,0.11853770605001317
0.13376917816843692,0.13871384552509547,0.1281415718959351,0.10609728995041319,0.14733131773578503,0.05864851702478821,0.12074081540954053,0.03367534940362578,0.1328821148863797
0.15164751203569818,0.11864124178452594,0.13011834092237284,0.08058892800874333,0.11772986756385433,0.13047720769712057,0.11380831512801198,0.05392902610272618,0.10305956075694661
0.09412660303544278,0.111825662335839,0.1326245195479052,0.23574516826441969,0.11955966765786474,0.049616434948295644,0.10404048520689109,0.028094995308635778,0.12436646369470604
0.17837634368824307,0.0978310432376041,0.12414709474816003,0.09121035488204195,0.13557297554892067,0.08761362789188758,0.1272253484409024,0.04474169068653317,0.11328152087570705
0.028137612649011347,0.13109147438671262,0.10480750554418382,0.06194103109069877,0.15188623143584232,0.038227581592420505,0.09982749813787371,0.2590788970155398,0.12500216814771706
0.07912612655654251,0.16628967267457953,0.10306250466083051,0.10121233333621905,0.13186077322872988,0.07767758674665044,0.0984247277923382,0.09813077453572987,0.14421550046838
0.1362714009739532,0.13919627504065393,0.1382889038843458,0.09095901149799557,0.1755820246040334,0.04618430197280712,0.11494804755535803,0.028899599140430696,0.1296704353304223
0.12549802479460462,0.1404871490151193,0.11016870846059856,0.07997839754262792,0.1320449706507322,0.11756772316808795,0.10448301590696123,0.07652586761929647,0.11324614284197178
0.10231408137895215,0.12945235858878287,0.13630698638961514,0.06957756685745105,0.17346579219542954,0.0815589640164525,0.11281150599813461,0.07751321366537434,0.11699953090980779
0.1799783602693424,0.11835039565761751,0.0983669304993578,0.0730265676179357,0.11202273085625954,0.14742989687959765,0.1024325168819406,0.07003064886851648,0.0983619524694324
0.12366430779746412,0.1221861476039211,0.12304361894515353,0.22082733494462412,0.13097497467321226,0.03823710454700805,0.09000859320680044,0.02644089174731687,0.12461702653449946
0.0531197674465339,0.11928282497595728,0.17764402421564487,0.06661491765745219,0.13550667985053935,0.12516995761585034,0.16378124387492032,0.04307199786545101,0.11580858649765065
0.25138676119739006,0.08638344013357231,0.07822755865297472,0.1440453932188256,0.09401376486579972,0.09333612140931512,0.09721737967203774,0.031277593802705735,0.12411198704737901
0.19060367658508828,0.08738747575090468,0.09233768021605347,0.05685962508478143,0.08520353185767437,0.15947941676743807,0.07672738725670993,0.16852118828169238,0.08288001819965737
0.10095340430368334,0.15265500749294805,0.11336423192385219,0.08457145341802802,0.15782727137186214,0.06862790355722627,0.11698141500194235,0.05667591903991126,0.14834339389054638
0.05849462784330666,0.08908723748310227,0.04558644741090162,0.04069069914537874,0.07043641001474497,0.1478592588324487,0.051786165844200704,0.42676955859132387,0.06928959483459245
0.14504957894662462,0.11343278554179749,0.11627806806622505,0.059004680502005136,0.13886544044531737,0.10897777737050847,0.09266456315326456,0.13132099885194312,0.09440610712231416
0.07936318407047493,0.13278590353695882,0.17688045056192528,0.06753484216743859,0.14278561518505112,0.09782149009752356,0.14265896313839446,0.040463523890543675,0.11970602735168967
0.16381914503474984,0.12056442694390261,0.11779128866387147,0.15505708478399707,0.10086157461015133,0.08781430559432252,0.09810990347405603,0.03716370630626189,0.11881856458868723
0.2645037163032819,0.08063055756936882,0.07693707679097035,0.11331017787306519,0.06701164705921876,0.13749247471336087,0.10275024473872645,0.05443511684547466,0.102928988106533
0.09751894594664993,0.13978702666538786,0.1306697496949051,0.07239487123381988,0.1565903090406149,0.08830903581372673,0.14163786556388208,0.03850832032056132,0.1345838757204522
0.04865098908824831,0.1323780650138149,0.05519314434282548,0.04734631538574883,0.14284385979547898,0.06637153328345564,0.06556023079868388,0.3554635110001649,0.08619235129157904
0.08533789982421329,0.13581581658913397,0.1548777247494124,0.07226543984010993,0.15163188236035205,0.09537052945624408,0.1488184322136051,0.03135579337899992,0.12452648158792919
0.06086681680098139,0.12696270436014276,0.16054349360680256,0.07258016909543248,0.15179589105301491,0.10610453191951297,0.1637052456166621,0.03882611726314592,0.11861503028430488
0.062399337936296595,0.13379218064600257,0.14536853999109334,0.06715438558852137,0.16306903764171368,0.08890352633106047,0.12918672392494118,0.08183788813820335,0.1282883798021674
0.15170689058226508,0.12215231168195934,0.1314797386902626,0.07301606544336184,0.16153339813783754,0.07501873747264064,0.11393087613696828,0.056386396183154885,0.11477558567154973
0.29196685190424315,0.052310727727320705,0.06968216755545283,0.08178164824488642,0.046821800736316886,0.19106787863649166,0.12255581854144641,0.06462458065271039,0.07918852600113148
0.22031823561219635,0.10890310898099599,0.09204671250898727,0.13788778272141436,0.10194133891265185,0.08489881659081133,0.09654419546321362,0.034484217197661766,0.12297559201206741
0.24048041990963775,0.06740678919195511,0.1076511156345966,0.0791766011499745,0.08035171253802177,0.13947334351783172,0.11780206787446738,0.07825541105841648,0.08940253912509862
0.11496758429682759,0.12299699561366134,0.14911761326241574,0.06691939381757461,0.15951969999303325,0.08561469238898443,0.12213092732390296,0.06939013685601668,0.1093429564475833
0.07411357036136709,0.08833448592193503,0.12479009860222194,0.25576453046947006,0.06361408164076506,0.12106480848779226,0.12587524275841674,0.04159020243165177,0.10485297932638016
0.20846197541559355,0.08459047256052521,0.09845028117432941,0.07154014152718634,0.09625005127725593,0.1606593705944169,0.11067033724998136,0.07967217657580936,0.08970519362490202
0.14314836653164817,0.10595715788232478,0.10482018320480779,0.06531918189471249,0.13047583806457763,0.14172563406234331,0.09399465547169257,0.11941138649564388,0.09514759639224935
0.08902461444952149,0.12826022146963623,0.1315768086425844,0.11091779763249184,0.15018154135022044,0.07165899743018062,0.15177346819754098,0.029253021864399983,0.13735352896342407
0.11878248796641784,0.03641242808569387,0.07307750491297281,0.045495620336189445,0.02949018916760118,0.2936991902826997,0.11551657632897931,0.23442356189019461,0.05310244102925119
0.07422750515002087,0.13573081728617367,0.1531633669417675,0.06501005533646488,0.160033683972819,0.08722506415172111,0.1305359608845915,0.07262379350436937,0.12144975277207219
0.04981547487715704,0.133022241935121,0.15398861908217892,0.060638763402963036,0.14732782566554833,0.0819968196735123,0.13385853068243947,0.11231199815242325,0.12703972652865667
0.07005369703967167,0.14277863461052337,0.14181122016541245,0.06034516930501128,0.1594810356338007,0.08074031808682176,0.12240042995200162,0.09928378675464582,0.12310570845211144
0.20368012363533142,0.042607021349684436,0.08513997588230178,0.06357498061985932,0.042649456336248365,0.23092824909376974,0.15098567087937162,0.1131623584964631,0.06727216370697019
0.04634994048055774,0.12040833627503826,0.1485266715420497,0.07023782551976811,0.1272741474622203,0.15874606967699653,0.18612721046711753,0.029615853613208745,0.11271394496304306
0.10122188320995888,0.14197441661095803,0.11431785623650569,0.10687356241113473,0.14223709194337505,0.06622160216750918,0.13661847581561395,0.03930573583537058,0.15122937576957388
0.11002079016118027,0.1408762645963307,0.12633749076423142,0.07286412017061669,0.1706426065308767,0.07456884811100127,0.11624877240669111,0.05864761500460811,0.1297934922544637
0.07419106944138974,0.13340870506474825,0.11285952737162656,0.08202671134332334,0.16401305605118402,0.09598384143997261,0.14213477738460384,0.047150184916919656,0.148232126986232
0.07438819574940263,0.1355815138292958,0.10889598297960412,0.1489382876823133,0.08421688290540669,0.12196119636697056,0.11518382938840638,0.08960429297078315,0.12122981812781736
0.12492743417897234,0.11913780133907774,0.12465495812747927,0.0959968929744981,0.18300856036973076,0.053972000475983765,0.1312790477432789,0.03340533056684781,0.13361797422413138
0.08085463209521354,0.13812478266299522,0.13760244455606876,0.07034172691388745,0.16018654404256996,0.08903705189509986,0.1340237672742786,0.0555250898137444,0.13430396074614215
0.20284431964858943,0.11918030650961912,0.10662180332960487,0.11781385470955567,0.12526003874124053,0.07350181798505108,0.09763496868573662,0.033192507602092323,0.12395038278851035
0.16471938049151102,0.12288293707717086,0.14356532171243766,0.06816864071359613,0.14247311863259413,0.0754088992091404,0.12283990314890343,0.05068532189176728,0.10925647712287911
0.1639624276146963,0.09588944169784647,0.0643046435679935,0.05529717354709631,0.07387985517809349,0.24767126886846488,0.09205504226875934,0.13310444426850201,0.0738357029885478
0.14421028386042192,0.10620569140767504,0.16515031303935152,0.05791826195180594,0.08864726021257148,0.10340026149300052,0.1425874099640079,0.10589549060336574,0.08598502746779992
0.08399231914556378,0.12454251953715513,0.1530666625272615,0.11294915995660615,0.1495686278846463,0.07381066670595415,0.1408497067085908,0.032265862806897784,0.12895447472732455
0.16402872649342365,0.11530216874040855,0.12889139535993457,0.11451574859690078,0.10853491137925886,0.11028456976882672,0.10593439701501779,0.040900502227551434,0.11160758041867765
0.09597269839258223,0.13188801497703215,0.12586101377870273,0.11422821766165876,0.13184495001980248,0.09091109592786323,0.12383547926103607,0.052916250968772977,0.1325422790125494
0.1406457082471488,0.12087928304804109,0.12124597199641403,0.11774860590992686,0.10150184160411385,0.12778452446182917,0.1109888627038399,0.049065503820135505,0.11013969820855085
0.05165215468839906,0.12221223656152465,0.09770173959186446,0.053325594254260866,0.16319258002413461,0.07637691009552475,0.09273105594189125,0.24610495292366305,0.09670277591873733
0.07865276200294141,0.13767881730050727,0.12613425428185354,0.09542775873720215,0.13898878013391774,0.08474252638496092,0.14406201797026566,0.04458076296341437,0.149732320224937
0.25348577181612864,0.10614789700395995,0.09431745904738072,0.07267533932126193,0.11320091254091619,0.10741528470799355,0.09591600034443348,0.05505874423932829,0.10178259097859732
0.05954121386498773,0.14753330646771703,0.06164123188703851,0.057491628823676706,0.13936797488928268,0.0711146155574627,0.050606275367000776,0.31497887492059434,0.09772487822223956
0.20292849044163516,0.11901593320041444,0.12562885878447172,0.07194908424048461,0.11865383637757765,0.101171687279748,0.1085003356153661,0.04775338484186914,0.10439838921843318
0.15242826201298662,0.09115686859809165,0.08884563207240148,0.2427582114160852,0.05917396111251272,0.1149862155871471,0.09786711722445851,0.04059425018195862,0.11218948179435807
0.20765735118631304,0.10541397414929639,0.09616199390278368,0.14463319300934552,0.10171333706187087,0.08994974658864213,0.09816585312665123,0.03422221401389432,0.12208233696120273
0.0907051143627766,0.15676439662595285,0.08703031160887263,0.06964642626431554,0.1438623063561821,0.10498097049974293,0.0834962147996019,0.15089055050249744,0.11262370898005797
0.17864037103275077,0.12358992948029511,0.12811267555014752,0.08193971303543712,0.1395042527116672,0.08167275345620471,0.11013438497215815,0.041120293044517454,0.11528562671682203
0.19547709258269044,0.09963931658655638,0.09156549896142596,0.1693191265159737,0.09624265714367382,0.0855127244085067,0.1029426880500963,0.03297675125501245,0.12632414449606424
0.18605202020079104,0.1147375238013217,0.09383258335952539,0.22216584312364743,0.06761988365697959,0.07844482628983936,0.08258224076078861,0.03852369203110221,0.11604138677600466
0.14653257082373883,0.12719786773604944,0.11251504927496614,0.13652719743958866,0.14224368407520896,0.050110999762535025,0.11799753295261643,0.029889615153400263,0.1369854827818963
0.1147139535647836,0.14249755034485626,0.12741377245851013,0.116986437155623,0.13313293857519568,0.06290733657570206,0.12618530826131044,0.038413015664933436,0.13774968739908536
0.24536404601398454,0.08755780575356198,0.10757496422962183,0.07423509907510646,0.10339987433704195,0.11258056771569547,0.11110836146819365,0.06155653857885764,0.09662274282793647
0.03586840173736772,0.1445719878273036,0.08751252974632355,0.06345149916680766,0.16917375819599104,0.039605733830803645,0.07909612532477665,0.25942358132789417,0.12129638284273199
0.11678570929754761,0.12464307833270877,0.09462699530755404,0.0655562847357158,0.13053583985953157,0.15465115252977663,0.09679334616294655,0.11887862757737704,0.097528966196842
0.09820634077156361,0.13607943704868278,0.13236257505702095,0.08306862957612794,0.16340842617765639,0.07994658149606461,0.1472536215196573,0.027821350880431157,0.13185303747279517
0.13615245936183218,0.12801725603672306,0.12035225873544915,0.16674314942627289,0.1041044285948637,0.06961914051211698,0.11135682137484038,0.03684181069168025,0.12681267526622134
0.07653516667913035,0.07329486571437613,0.07344453612108436,0.4280534748277472,0.03751163381579605,0.07313074201945463,0.0946053859092319,0.04493620644990567,0.09848798846327368
0.19239969570816184,0.08997734522844365,0.07952713168851867,0.09960244222285124,0.07044279625927469,0.18964847827716227,0.10408644281153008,0.07941189359116517,0.09490377421289235
0.19115024917244025,0.10543330739407523,0.08973353103615282,0.16420287841738218,0.13100720485318543,0.06186119326520415,0.09294151351497608,0.02710859794617876,0.13656152440040512
0.12514081132430882,0.11808360118144079,0.16588098193963952,0.06436101282733887,0.1342414979203964,0.08972050088406125,0.1342193019366065,0.06666428907474382,0.10168800291146403
0.2565119422883326,0.0849581558293354,0.08161830413358849,0.09636524962051944,0.07845496839623443,0.14292814434068088,0.10287180446457678,0.0569850170350078,0.09930641389172419
0.08258366036041027,0.12970344079486776,0.13588633195180053,0.09942425278137233,0.14971653772133897,0.08404392782166054,0.13594697873077607,0.04559913542068488,0.13709573441708867
0.16002256413487717,0.12877326039662493,0.12130748110421763,0.12779738429068732,0.14552930807778383,0.05362034710766193,0.10352534080009208,0.0294981562462124,0.12992615784184272
0.11192565123498253,0.1371093944560595,0.11343841662790194,0.09265828847222289,0.15128781545891604,0.07535174084641393,0.15011882613295416,0.028165292028938957,0.13994457474161012
0.09685122855172872,0.1390173719386426,0.14100555170197196,0.10412684210326689,0.13836672540879033,0.0718361240939809,0.13640550041367727,0.03690343492008195,0.13548722086785944
