0.050029446168352525,0.09334663764594826,0.10847184999120092,0.18557909941958117,0.03452635680063688,0.23494034549502896,0.053441491684536734,0.03416921442915927,0.2054955583655553
0.09641536335967767,0.0893316149889326,0.12030698063319294,0.06974936854200936,0.319399542809108,0.08607859059232126,0.04839160318673883,0.07011287818412637,0.10021405770389295
0.07706653685393573,0.06764160244008718,0.10920302576810581,0.3654926378457833,0.10941082240096639,0.06048190402206543,0.07635208603134823,0.05238277309015523,0.08196861154755274
0.09941413674088924,0.18988835383477284,0.12190990855388935,0.04930625009302072,0.11734644782139912,0.06591823395708775,0.11523978271426194,0.14141348399342424,0.09956340229125481
0.14846560438490797,0.11886881196564562,0.12492957262765836,0.05530694909548626,0.0797249949307317,0.06275657224592147,0.115189090476616,0.1886110890995983,0.10614731517343434
0.0989835478762014,0.12198971127851206,0.12942336169840088,0.09519518552324248,0.21696348396308843,0.05932343488667997,0.07777704964308375,0.09408251705403119,0.10626170807675994
0.0826085170682245,0.08933342625778694,0.11603046718742736,0.21057437248649466,0.21185112862562325,0.07387424161981737,0.05470802620457763,0.06257661584395191,0.09844320470609642
0.13851748016718932,0.10002628306869032,0.10848437981579684,0.04245510683407292,0.051834746685458295,0.063068638576142,0.1161710960811722,0.27011615010012835,0.10932611867134977
0.07629614552365208,0.060309396221129435,0.10089456564837716,0.31311965606554487,0.22223691619512564,0.051570217358036984,0.038150410309188025,0.059333396724987615,0.07808929595395823
0.07634569952818217,0.1103900573903505,0.1302323407297903,0.17113697360730407,0.13525014997805548,0.05682013176591084,0.10247007672798154,0.09922471225795211,0.11812985801447297
0.17337675597689647,0.09562722575382698,0.11123065583664003,0.04309330219015096,0.07099584040881768,0.07502148398788684,0.06112603967716229,0.26194113244072165,0.10758756372789718
0.09407255045188717,0.08066298947009894,0.11634411873956407,0.29756945742845486,0.11092686726423094,0.062600002494692,0.07994726430319944,0.07680124408579299,0.08107550576207945
0.05587934340779554,0.1503624961594048,0.12418353138938514,0.1099860779680476,0.07011670680809647,0.06155585327857795,0.19529269001268032,0.09752320621706895,0.1351000947589433
0.145381966479307,0.12402648662771021,0.130390094294067,0.07339557296142,0.10725958199959695,0.06608443301376433,0.09807121484027619,0.15446754352959377,0.10092310625426444
0.06405828697054189,0.1840358127743323,0.1305056995792504,0.07593457157748551,0.10661481130634125,0.05939274873709736,0.14628272073987944,0.097873900172097,0.13530144814297485
0.13244610556325528,0.14118534557413923,0.12674195777946096,0.0784634644822587,0.0769786792306913,0.06556005245419876,0.1549134476563769,0.13215610862361402,0.09155483863600487
0.09946714613025391,0.11552505533761553,0.12645351661773918,0.07078877611570782,0.24537539679723527,0.0674890940094703,0.06420411260950441,0.1037842828398527,0.10691261954262088
0.04052735136398753,0.12043372575044507,0.11004737041024637,0.1437666536466267,0.019944641135187163,0.18418969905285373,0.14591957753820528,0.057904793360295304,0.17726618774215286
0.07028367780297713,0.07397209398376718,0.10946307544983426,0.2962137806518104,0.18859520422439272,0.054877693217804425,0.05289825879180052,0.06181591006270701,0.09188030581490626
0.067068469414575,0.08119312816721579,0.10126762931055748,0.25730467730028134,0.05408302238013485,0.19735566516874556,0.05028347641197293,0.03945506448184947,0.15198886736466757
0.1272077654548177,0.12945829585641003,0.12140499048829279,0.04928669711215817,0.14616081572398287,0.07340301849836132,0.06828314597946394,0.18038539546716403,0.10440987541934921
0.12825276140739636,0.14563184266300636,0.12361871434916978,0.06808793953623621,0.10245107513048797,0.08831753999638292,0.09768377543588284,0.15240463945976662,0.09355171202167097
0.06314385537327244,0.12443761219906058,0.09819092713216508,0.0817279185201512,0.03612039043229839,0.30640383706544055,0.033804487584135574,0.04878644673868643,0.20738452495478973
0.0887662316756435,0.19219905441493604,0.12616142734501382,0.059553810225448665,0.10544949218216344,0.06784977724911408,0.13057570352725306,0.12236162687043554,0.10708287650999176
0.039294704770510884,0.13374987098150184,0.09079719569080219,0.07488517024724037,0.01868506935016211,0.14559718543937747,0.27058671464152534,0.09613844328546022,0.1302656455934196
0.09576542473056444,0.12323665181009319,0.13263449220644638,0.11089880742854358,0.15294552374538856,0.06355052174968345,0.0910634963425833,0.11703834449057855,0.11286673749611864
0.08359781071505551,0.176522633555403,0.1310613705379436,0.07401725993776519,0.12523250526855279,0.07221043102594718,0.1153505441228647,0.10495933132276487,0.1170481135137031
0.05289717273558144,0.08173482678765291,0.09479627939733802,0.133090267065178,0.015768052347167168,0.34734618187762784,0.0826318924019198,0.036086805070411836,0.15564852231712292
0.32741335353379736,0.1095695421044212,0.090299978417484,0.0694475396061884,0.034763574665346984,0.10258188563126995,0.1378776024796595,0.07241682560208051,0.05562969795975214
0.04936776247649075,0.21588949159210094,0.12296033238616565,0.086998881652234,0.06996997792665627,0.0644648558456863,0.15565610786723924,0.07220102016697612,0.16249157008645068
0.16256932669918314,0.11374598171658008,0.11214601875052177,0.19050351985955905,0.06507603861981322,0.07806189804118717,0.14343513369548117,0.06736355015770625,0.06709853245996822
0.0567790405309668,0.09534057636876514,0.11406370562083852,0.3004170466474196,0.08864278981882127,0.07429510300063807,0.09919295211236452,0.051265615442148284,0.1200031704580377
0.14917149479939187,0.14495488764426112,0.11286069191859155,0.043530857275054985,0.10988939521478279,0.07181157961440147,0.07984824605517206,0.19486892637636744,0.09306392110197681
0.16163883590035255,0.10979956580756915,0.11884388636798705,0.05146133035208308,0.060763683311177215,0.06252937261495427,0.1343873692821333,0.1975697949529782,0.10300616141076524
0.07253427077477831,0.14114857207129675,0.12157975543626871,0.048869528279670886,0.10860077086867355,0.04785168492543329,0.12947116979761022,0.18832712741325663,0.14161712043301167
0.10328696069161424,0.10568530973641914,0.12110217653823652,0.05234071677585272,0.05095457995517719,0.0615365398721654,0.1891969480018532,0.2108743357537709,0.10502243267491089
0.053704960319146344,0.06168322557700243,0.1068877844433563,0.28314678781058444,0.05458829863143422,0.19641295635383726,0.036291121306183304,0.0311997514814747,0.17608511407698105
0.13176475220217146,0.11804437305092141,0.10967417430927516,0.07686498808022878,0.18370513394200083,0.17282999291309453,0.04546359941916973,0.06926157509264134,0.09239141099049676
0.10727284969487576,0.12607829950069607,0.12384881732397723,0.07691722730848741,0.22821170251802267,0.10044889323980653,0.06031445712835496,0.07688733809429522,0.10002041519148415
0.05863380106459329,0.12486179362499922,0.11070501351062272,0.045798282122017316,0.08027325278127428,0.04169351244573654,0.15335986677089378,0.22802673707412965,0.15664774060573325
0.08427417127986626,0.11834326717759551,0.11333248475498188,0.04583293375203059,0.05183097163399461,0.05136036921487567,0.20659049365448592,0.21165880167475673,0.11677650685741275
0.04508464124820264,0.1748805357120039,0.10950427615443675,0.05289424792427657,0.06208363116511228,0.04377538677123944,0.22117953422636827,0.14471518901382077,0.14588255778453926
0.10825120951558308,0.10093586302578224,0.13254477194210992,0.07049119757900775,0.08665853140119728,0.056776848265877485,0.11346375818220145,0.2021864532186358,0.12869136686960506
0.12372517964355971,0.15053978811386784,0.11561641674521213,0.043646171686290015,0.15986261667246862,0.0698222301464419,0.07620561449547471,0.1652225448742797,0.0953594376224054
0.15072667372347617,0.13800005322630934,0.12159750036983193,0.05386633954905626,0.11498230940302928,0.07887242620108875,0.08000632851168031,0.16935391516841755,0.09259445384711042
0.11619414884736091,0.17188608639129363,0.12057171587156107,0.05413939977285132,0.08071864581958783,0.07120761886948986,0.1385230525961326,0.15434722190459618,0.09241210992712674
