0.15977903104831367,0.1283589079883751,0.12315533906171017,0.02216156068382547,0.18151569510402918,0.10527598827315927,0.10013817283547628,0.07570915579830134,0.10390614920680956
0.11488324600623302,0.1361620476666894,0.1329601719891956,0.027463023868997193,0.14231241504943498,0.12610722699703733,0.10023457598137675,0.1094266786522588,0.11045061378877692
0.06658051408834731,0.2780809802805723,0.11042611689574149,0.03820375221176744,0.11867617237829921,0.10563431802106742,0.1058827532798899,0.0925176780968406,0.08399771474747435
0.26963596990793787,0.0530264230527136,0.09205661933796495,0.015548991736808593,0.1682408554656639,0.0952111149798658,0.10898677918079658,0.06278334933332173,0.13450989700492696
0.03464088835031395,0.17172500365073695,0.06667190436003889,0.1256598907128997,0.09497568238279987,0.06718268492477267,0.265598719075625,0.04610633925106272,0.1274388872917502
0.028793567572653403,0.25201396241531143,0.0708706959074497,0.10143066926415116,0.07289891925424025,0.0756180454435016,0.2241247639019228,0.06577243994294425,0.10847693629782541
0.08233350233646104,0.14439793222914837,0.13527692164107005,0.12268422241815802,0.09544871990902393,0.13393918919239192,0.1092930843161913,0.0686331981704112,0.10799322978714408
0.14607065002761915,0.07448120716354541,0.11033153581843842,0.22827448256735683,0.08116223068559535,0.12680459145303044,0.08389931884665609,0.04706478375494081,0.10191119968281752
0.17387047491759508,0.08438417091350492,0.11945016131979658,0.010737033485939311,0.17835947533734695,0.10902851710220145,0.11314797798695536,0.08393601885761996,0.12708617007904036
0.06469942161460467,0.11874525850978444,0.14194393698751118,0.10330190254246115,0.09218266910645527,0.11951273594900443,0.11798469445690073,0.12898141879013708,0.11264796204314105
0.15994657299352857,0.06995982714633527,0.13504120776787878,0.12489233862763792,0.08927822403808672,0.14602272876730701,0.09756732379913334,0.05978903475815776,0.1175027421019345
0.046231522567233785,0.3000450091474434,0.11661941586416469,0.05892815053248623,0.07527070403475096,0.11574237576654094,0.13973193744813642,0.04794330291074358,0.09948758172849993
0.06886264247954521,0.11240882347091773,0.10517491854310279,0.2479443955961389,0.09508554561554212,0.10340142664743458,0.09491855522038768,0.06884820276767688,0.10335548965925406
0.026299159682063134,0.19613264122537102,0.07252137128044296,0.028148040485429644,0.08192876159375428,0.06377964840533201,0.18299729093458053,0.23082222613573303,0.11737086025729326
0.12365024511419931,0.07227407130199831,0.12502824028956924,0.19152557208100443,0.11749296241508635,0.10924155971361986,0.08256473788245905,0.06606849784623399,0.11215411335582948
0.22305908505842376,0.041847035862736665,0.07752920876617668,0.004478309054531673,0.25887529720280256,0.08073049099779207,0.10621073653869655,0.07668601927557044,0.13058381724326962
0.04603020186600992,0.1475632627402325,0.1037123583132649,0.13757571633279794,0.0933490944130486,0.09187501306125766,0.17034761050261096,0.09653406605996101,0.11301267671081656
0.16468540024862965,0.06710858982470634,0.10793833106822191,0.007395317098896299,0.2634080036959108,0.08656662979500074,0.10639410403514886,0.09266236795115505,0.1038412562823305
0.025077062088223006,0.2738448405489042,0.05432310160233333,0.06492560833904458,0.0774872052570619,0.06690770647034365,0.2112221711612784,0.1251697279893022,0.10104257654350891
0.040211262387501855,0.06193114484424392,0.09214362578407749,0.11547588685153919,0.09083532240956153,0.07000561098636546,0.1398508498744311,0.27114869996170016,0.11839759690057938
0.0911013843868078,0.0876543536011219,0.10047066323935129,0.32588431551899827,0.07881404808959892,0.10598842872099691,0.07419571068096822,0.044186851809155554,0.09170424395300114
0.07804489915831181,0.19840021835701196,0.1278353125216623,0.044339698294332174,0.1111425461929222,0.12995186240853926,0.11164054663065352,0.09353351115975943,0.1051114052768074
0.09332327911508696,0.10939237292760219,0.12191931332949968,0.19091706998413507,0.10283034338434428,0.12381579172833228,0.08796469395239477,0.061917648001302,0.10791948757730267
0.04661294161426215,0.17870919592378262,0.09026238089724432,0.17222914158793146,0.08844318874303718,0.0937221180765309,0.15093932877818725,0.07603564396138503,0.10304606041763907
0.17758332452019054,0.052057072211923516,0.0948310134468987,0.005870804552288022,0.28505525532706416,0.08583240413587535,0.09380194174365696,0.0921685132480995,0.1127996708140032
0.025932427856364685,0.28073214957282205,0.0614744075688975,0.11345487065845479,0.06372733249272168,0.07433695455633774,0.19096413629733314,0.0971716762297787,0.09220604476728972
0.08785230732058541,0.08578786133307174,0.09572272080734467,0.3461835551347578,0.07842342428017084,0.10112008193441024,0.07156374443098139,0.042607361022588365,0.09073894373608958
0.06227052442022956,0.13444867206478175,0.1304717782034864,0.1284173465980508,0.1010787764373507,0.11113604598623472,0.1408280514224732,0.07672553138036138,0.11462327348703143
0.031867575459991464,0.19442677387047025,0.10725306417980475,0.0789466380227558,0.0744421785003488,0.08384161884447243,0.18555302545740845,0.11985863700072204,0.123810488664026
0.04339332431449714,0.2721656024363397,0.10788404508806577,0.035265628905525905,0.09115920237648367,0.10169970015055942,0.1638545338069177,0.08326676985209082,0.1013111930695199
0.13748722456220303,0.08361595747148172,0.14317444619152264,0.017402267390572396,0.13420869425925142,0.14053841246326418,0.11465549323452552,0.09590121512838905,0.13301628929879003
0.13449322196747474,0.12090151580730514,0.13136939456709337,0.05112758029551623,0.1323595483458038,0.13557636724672598,0.09132290796325403,0.08977157742558255,0.11307788638124423
0.21440525651865017,0.05482300310875332,0.12081833061068202,0.031104356708637048,0.12391621626583044,0.144635455475584,0.10335469355610165,0.07174872627011863,0.1351939614856427
0.03988889305547829,0.16904205401327874,0.08670864055185272,0.16253608821587115,0.08717682050819749,0.08034074740291389,0.20962306123002872,0.05217685280227269,0.11250684222010636
0.19122660287678497,0.09441716939498351,0.12359555597854914,0.027459001318458864,0.15132564451943198,0.11431422580425872,0.10511633505934659,0.07188797836213413,0.1206574866860521
0.026089105916162373,0.23138174473011866,0.07644952335165318,0.03596313760250034,0.08648989883399912,0.06917075732514799,0.2664416442862981,0.06522500798686488,0.14278917996725535
0.2928426632263681,0.049370942368862476,0.08429969510007788,0.03266665456194229,0.11816748907724751,0.11806368461383633,0.10694062474096107,0.051292085331163105,0.14635616097954132
0.11782729564511157,0.09212150528060553,0.11360560363630297,0.22989878732607946,0.08813899623080522,0.12541753570403244,0.07810266622156538,0.05389230726926828,0.1009953026862291
0.055932264480639475,0.17494445769644482,0.13876517415469866,0.062002487788147535,0.10007972695062499,0.11358555827042725,0.1578765179519289,0.0782172580864083,0.11859655462068004
0.08873902759867808,0.137935042214643,0.14753716520124294,0.07733709845469493,0.09961214744281444,0.1394653161841765,0.11065463469065628,0.08530825410058034,0.11341131411251354
0.18171958139989744,0.05027801886290988,0.11798544878949178,0.010626625805774835,0.15239558559456684,0.1315989984455422,0.10831348821163743,0.10495861214305713,0.1421236407471225
0.10388215251037013,0.09891987579167845,0.15686124512148789,0.042495293297495525,0.11909410644367772,0.14155161604675998,0.11345141723170825,0.10165285799918879,0.12209143555763335
0.1339896431939421,0.09585491104226172,0.1512949949880143,0.05958419737996153,0.1056818557684993,0.15317225473228935,0.1069226581384158,0.0713962418632315,0.12210324289338449
0.11127831545959227,0.06502171088832082,0.08989824939654227,0.37260540901387956,0.06773526850939715,0.09854038677934472,0.07024207283180992,0.038206854994038204,0.08647173212707515
0.048450576740656524,0.08696638633449638,0.12279524934445894,0.17357071754779832,0.08739121172647517,0.09121826944168691,0.13807151517891914,0.13805199221545464,0.11348408147005391
0.17367187737455037,0.0928431727883599,0.12773162221786885,0.039050873729384504,0.13261365159859909,0.13711809304076625,0.0994458189124563,0.07447483162395746,0.12305005871405732
0.03140789564755573,0.1975258167115612,0.07282243527906804,0.07455888590699856,0.08461739200829142,0.07298609214728309,0.19451943079398118,0.16077639619574824,0.1107856553095126
0.14762619476263653,0.06601455385180974,0.1246121486862865,0.012209920037624777,0.16042260343563416,0.1256380671243576,0.1038323437392956,0.12661306891688706,0.133031099445468
0.10694588424113012,0.11109223482283868,0.14030551991514106,0.08943155280232822,0.11666418107883775,0.14095811712370213,0.09835615406655708,0.08108353198042981,0.11516282396903516
0.04598824646471877,0.3042543351226672,0.08662923788796735,0.025181852361955442,0.1588538012674233,0.08125275771790615,0.1185992769894089,0.1105089942540513,0.06873149793390168
0.158054803700984,0.051770582531287544,0.10276514211266664,0.006206046838594821,0.1916104191404749,0.1143760056782946,0.10317577060715011,0.12909613007604823,0.1429450993144992
0.03265613401004714,0.13405100030838574,0.08543184056012149,0.08768441038908344,0.08735835209570952,0.06963297812353199,0.2053486215939068,0.17006527256286916,0.12777139035634466
0.21683848728441724,0.04826737229623531,0.0958502249997631,0.17802516583283448,0.07909962784454432,0.12544886529528917,0.09072443142307562,0.04780633246872328,0.11793949255511738
0.0751638521445488,0.17850569060269975,0.1136119969118569,0.09245324774209696,0.10992408533184328,0.12430831035933161,0.08581910684771225,0.1233008574561954,0.09691285260371503
0.14358161892461388,0.08130958370080257,0.11968526815391416,0.00804760884622205,0.2516135729263354,0.0814569620791837,0.11639167739832428,0.09927259409444578,0.09864111387615826
0.10866217747575702,0.14426891074490983,0.1471788614863746,0.06673932866876432,0.09817663770028384,0.14852099391052606,0.10796587109291504,0.06274467932936123,0.11574253959110803
0.2064548642210159,0.05747607323669158,0.119754315256048,0.021720700923583636,0.13525774060651508,0.13382142373801567,0.10494018153617347,0.08089967820102999,0.1396750222809266
0.06421341945735383,0.17734946505503343,0.11599625101810485,0.14639331186173668,0.08978133684953853,0.1202583587166759,0.11681457589083881,0.06717484161688332,0.10201843953383456
0.10317395774577927,0.07359687197113804,0.12306253165283453,0.209560781431369,0.11657667310420505,0.0984162856218113,0.0863614268564441,0.07749981465309537,0.1117516569633234
0.05571847956990426,0.11715035862735722,0.13603335662414273,0.09651615236655886,0.10373171063086895,0.1036632440043796,0.1540216334931059,0.11169339762742558,0.1214716670562569
0.12854853889996,0.0777911341890511,0.10623030638424534,0.2542002212065518,0.09841935707388523,0.11598697224096571,0.07146179401274326,0.042935561499082814,0.10442611449351484
0.030605109512870432,0.340114848352475,0.07584533704472794,0.037298824530606435,0.07994340338851136,0.08350412242318157,0.17998146695258868,0.09332092116748515,0.07938596662755337
0.06904986419898697,0.23275750869463116,0.10856955988540529,0.06776350924735225,0.11516805333056225,0.11803189263878498,0.08988413946103284,0.1114951476156381,0.08728032492760619
0.13505418070813505,0.08260496810420277,0.1508997017058279,0.0963982879732599,0.10158585847462594,0.15093316539903232,0.10317152908898404,0.06312407176894391,0.11622823677698817
0.02750446704426322,0.19189003122608803,0.055496344576620456,0.09922425075606389,0.08529716764557693,0.06171162301208082,0.25519193921053634,0.09391425572201188,0.12976992080675842
0.028130135424977536,0.2396001590453973,0.05905288508244322,0.10896197519275429,0.07893420721203907,0.06752897205661242,0.255758316115073,0.04433943424401101,0.11769391562669214
0.13526134302344792,0.07067767068832732,0.09453013239491725,0.30212806306712026,0.08098401900043416,0.1107482285273317,0.0684334023877645,0.04045594682063263,0.09678119409002432
0.13907086301413454,0.09738513768619095,0.11885158383745596,0.1659397972793407,0.09654693274382353,0.1374333048845619,0.08353527123167809,0.05376803205561607,0.1074690772671983
0.10233457174329752,0.1561279062777047,0.13676388053451508,0.05663063852797808,0.11129737069853035,0.14379871005276168,0.10595852140650296,0.07553152406968008,0.11155687668902947
0.029356605345338155,0.22289451165480623,0.07732835882579217,0.06915575872996284,0.07969322350559817,0.07421398796291404,0.2169033768164963,0.11511165996496804,0.11534251719412418
0.09413084784143244,0.09608873466208724,0.1324806241388206,0.15370490791546718,0.11120269249740695,0.12244290742957042,0.09262231276026757,0.0853715482819623,0.11195542447298533
0.08615932579870483,0.18440169216764046,0.11941304727624015,0.0980833170880135,0.10522794949914709,0.13108179900715294,0.08979058145641768,0.0870984672152915,0.09874382049139174
0.14217613939899512,0.05590213005950836,0.10021536593892412,0.30540570332281014,0.07308478720174218,0.11136268229359962,0.0778874323748939,0.04147772194153513,0.09248803746799143
0.11391382554452749,0.10783128907354113,0.12242486321065153,0.012259980171423537,0.18408410979379655,0.11208648692411464,0.10073938577088411,0.13462994837571912,0.11203011113534184
0.025161940456044567,0.1778670075430172,0.055840135120106694,0.08080566136375422,0.0840137773295687,0.05680422853867486,0.26536437983649785,0.10970269400042426,0.1444401758119116
0.17483057193953425,0.07983229506253808,0.13403645491116048,0.01889125840856289,0.13100846348150447,0.13130773542489713,0.11149507027886825,0.0777915618633122,0.14080658862962223
0.04135150746880791,0.25111014055552705,0.10727617789021153,0.09309494505106591,0.07396900801305775,0.10309954114974669,0.1579337064751069,0.07167081193098303,0.10049416146549323
0.07391558750622733,0.14679837949346183,0.09233718761360936,0.29031862715792917,0.07446396964329845,0.11061711605544906,0.08229456237718771,0.039996223414179514,0.08925834673865758
0.07240533935673331,0.11655084802798243,0.1063906798703313,0.28177179085587206,0.08085060097162577,0.10722692965739822,0.09504534625615356,0.044298134202169576,0.09546033080173387
0.06596950635721276,0.20584685953264406,0.11194312560785197,0.043251268809212935,0.11957531270843187,0.12001777905697035,0.10746429480730908,0.12355983834989777,0.10237201477046914
0.08659535122546728,0.12494742339780063,0.10076256735798556,0.21995532565076847,0.10621094309206087,0.1158272379142742,0.08002523390308335,0.0541652018194396,0.11151071563912014
0.10636331277528632,0.24476476592590934,0.12467382598414274,0.0637441280558772,0.10931583090615236,0.10748072175063399,0.09356260120400746,0.05324730735123867,0.09684750604675196
0.02238018922234555,0.14317703963805836,0.04961107873418863,0.06966087549240825,0.07866591581387927,0.04486487914715483,0.2402318957796581,0.20438123427841004,0.147026891893897
0.10172901230272635,0.17350762310676351,0.12076745778117286,0.12707720768589123,0.09296672003460321,0.1305985344417726,0.09243622985237239,0.061987033989791475,0.09893018080490634
0.1477542392329433,0.09684860614025947,0.12482093246914543,0.06765818758903049,0.1382469750865222,0.14489483182219287,0.07713312026457915,0.0817870213576763,0.12085608603765087
0.14863835938222833,0.06954345686015692,0.1409101054813607,0.12688951505394117,0.09888915826472083,0.1447508756750975,0.0950224163349298,0.062488537401033405,0.11286757554653133
0.046269153718389584,0.21316076368416037,0.12209490308383171,0.10177164434173651,0.07802303234710262,0.10876080394586903,0.15262507507336384,0.06917808210865665,0.10811654169688971
0.07188825275844046,0.15987863025229676,0.13259238978682583,0.0618695162473781,0.10689056353085435,0.12607023825655636,0.11501117367168394,0.11644449798901306,0.10935473750695117
0.08741862905234173,0.10398715375565504,0.14990657345129077,0.08145723444881786,0.10869339347206271,0.13240813918274877,0.10941030363491654,0.11105369209429002,0.11566488090787654
0.11704856632438555,0.1700036890638316,0.13348740104202692,0.06451141725374059,0.10712326542818762,0.1313924381572901,0.10035319148160045,0.06813697056796945,0.10794306068096775
0.04219201503048467,0.12638489234736588,0.1126982744206468,0.14912463141610297,0.08228501459946312,0.09028319730616967,0.15860363669831745,0.12367853193531936,0.11474980624613017
0.028315658584622993,0.09113511815972584,0.06360238637723459,0.08547551800958919,0.08388754165087187,0.052594517572556974,0.19295850128104672,0.26250820074265613,0.1395225576216958
0.14126144984736955,0.06796677436423652,0.1098757354836189,0.2522568276323156,0.09224374413191466,0.11831336127365621,0.07462510834845604,0.043085102199246376,0.10037189671918616
0.08239188075758964,0.07549117045223781,0.13876558363592595,0.03140845914836114,0.13827894029035412,0.11058371032410856,0.11393763819341163,0.1875969111232766,0.12154570607473457
0.1035283474674492,0.08997365582687337,0.11337359963711773,0.19600076204407793,0.11562996161547719,0.11350900564700837,0.0791118254609008,0.07527540923386021,0.11359743306723524
0.06483986911167273,0.2353665069528494,0.10836834499510661,0.025285152255269398,0.2135722422495742,0.07837455975316726,0.10622963102257348,0.09244655044184552,0.07551714321794135
0.058968263453532684,0.10039341008215903,0.11949330017548021,0.2030177290906744,0.09686357214892612,0.09695314109664926,0.13237018702819037,0.08108422758218069,0.11085616934220728
0.10748673119215013,0.16159263490853704,0.13833857442053935,0.06617158483123924,0.10184322285024767,0.1408842870073462,0.10419603201182263,0.06872437968956811,0.11076255308854956
0.12040082398729907,0.10791469594023495,0.13563728995667126,0.11684250109195198,0.09861007644578763,0.14042078712155812,0.09451688915306684,0.07452914550968814,0.11112779079374202
0.0865761650205744,0.10257785898194748,0.1405075095484254,0.18498875190781172,0.08658986333605843,0.1283838140776744,0.10336238348442799,0.060960205948039005,0.10605344769504121
0.03187811722513837,0.15433041904574799,0.06645974238497931,0.09075416781848626,0.09636805466196711,0.06435662008512588,0.25631616874608315,0.10357183626227855,0.13596487377019342
0.036964055379631745,0.074974758507061,0.08788794999380539,0.14011237523470252,0.08551628538726523,0.0691692282727903,0.1551900319158763,0.2316972648308019,0.11848805047806564
0.15533980186810867,0.07493451016718229,0.15032654700508638,0.06135728719680866,0.10373087287773074,0.15632233453835345,0.10644784089682112,0.06722433809367316,0.12431646735623562
0.0925756780011871,0.07336214357761647,0.1186892437688009,0.21379070788784219,0.10344066236354743,0.10869133455066533,0.07820793401497202,0.10754087993602802,0.10370141589934041
0.06762058408703792,0.14000153112571345,0.11310147423190332,0.2370542907881171,0.07636893053479059,0.11422184978284183,0.10152540224947326,0.05485453881218986,0.09525139838793273
0.021084866795713534,0.1638608351668687,0.04969749527361029,0.044990803681750124,0.08061266409468572,0.043883047905016924,0.2570943557343451,0.18594160417342598,0.15283432717458376
0.044351368128513056,0.17482583520203296,0.13005081843840754,0.13235459992284257,0.0759509329235417,0.10392045418506574,0.1539891748960853,0.06861191384247402,0.11594490246103716
0.08269478980865608,0.1477134312645586,0.12805399373483378,0.17675970459653514,0.07866681352335635,0.1305481358378253,0.10298160009504563,0.05143389600669077,0.1011476351324983
0.1037899220567144,0.06782780527051906,0.09564647797120979,0.35039928549040855,0.08812450883123457,0.09141090750172313,0.06984159235244569,0.038094002634114735,0.09486549789163001
0.13847140109024536,0.09830712318070951,0.1477836532221658,0.03017173991601148,0.11831685114276476,0.14249733724789257,0.10888766808457184,0.08600668555605005,0.1295575405595886
0.029413341686553834,0.057160925220309966,0.057178075370676984,0.10236345069660191,0.08112685684623303,0.05145380441096298,0.1524880334437709,0.31846362024867875,0.15035189207621177
0.07266439061225811,0.11624961463927752,0.12325624632044102,0.2219233043417609,0.08308918409251657,0.11678893971356676,0.10183673378273246,0.06384905160576164,0.10034253489168497
0.1273381719950627,0.10480579550997438,0.13693186310490227,0.035301563133889775,0.1336963447452068,0.14173849841689015,0.09860780046892866,0.10225624421145874,0.11932371841368651
0.14155482252453552,0.08218048569848112,0.12640283843914282,0.15471063730069992,0.10230673184243035,0.13845709477292115,0.08358322548590232,0.060449070168837764,0.11035509376704905
0.13678664116071884,0.0886396994812328,0.14457640968107166,0.05246115769593323,0.11580367401624155,0.14592307513625755,0.10104136563740261,0.09293476132649077,0.12183321586465097
0.2733635637120887,0.03838578155203811,0.07735798670483619,0.0070628289706957045,0.1479991732981736,0.10793015933785914,0.11829206538805236,0.06121860907355845,0.16838983196269766
0.022131622910325246,0.24110601300813586,0.04582947522775102,0.0710200585950234,0.07684580776719525,0.05961333605535583,0.255445441604401,0.09894527633202288,0.12906296849978952
0.200316804773222,0.0639105942295096,0.1250228539744239,0.033495081088895186,0.12487300188664398,0.13592417202805612,0.10335318907235784,0.07723275136338643,0.13587155158350492
0.15165245153560236,0.08908910031315194,0.12788686982491018,0.12043595781063106,0.09990790838312208,0.13927604297349264,0.09173290672274668,0.06540461271391236,0.11461414972243066
0.047023242425090685,0.1414861423228769,0.1122592791796929,0.050311995708769236,0.08657316471550884,0.09643535821862988,0.1136058451105091,0.24604523524188662,0.1062597370770358
0.09995230906761508,0.11026520447133875,0.1433929464358826,0.03869968893268955,0.12093503840463925,0.13489311836135567,0.10437810023664128,0.13046432063723665,0.11701927345260121
0.027972800044307786,0.19614824387381333,0.07369341943606396,0.05216996005693977,0.08794754609737358,0.0660912312618032,0.24767709746246672,0.11454478896498486,0.13375491280224686
0.07973481760548533,0.13876480134357536,0.15824698709630688,0.02405657116167471,0.11254807594242078,0.1296745415675085,0.12205984836807217,0.10806515587409458,0.12684920104086167
0.1703591138458467,0.07913741940228679,0.11057742264314456,0.007252223825650702,0.23072592185494836,0.08752386410849065,0.11718880065685462,0.08536641830808038,0.11186881535469721
0.14526596842830697,0.11588375466403071,0.13793588189887718,0.03183740986351524,0.1325337563168207,0.12617273529610037,0.10474092996493045,0.08574904124963707,0.11988052231778124
0.2701921848350048,0.0792986385431987,0.08613436180357492,0.0767662777396321,0.11487461378965942,0.09877244475692731,0.10070595634636459,0.05065497632577262,0.12260054585986557
0.05313135316653331,0.13966165229543126,0.1189048437042558,0.219548962700261,0.07727279084190941,0.10170989230718945,0.14126311184089937,0.04473713666535961,0.10377025647816086
0.06871808963803522,0.12983417728690155,0.15022997504767813,0.07793413954728497,0.10642982529086875,0.12189259040197359,0.13677907835734915,0.08845657979831877,0.11972554463158992
0.08033067310905974,0.26931480602463037,0.12848071131147348,0.04072928143956007,0.10876556147914651,0.10809270755165228,0.1018638080033849,0.06608483221149432,0.09633761886959837
0.11101315135230587,0.05997961698401776,0.08628714051472923,0.3917357121771429,0.07303461773798742,0.09097914487629528,0.06534796770951302,0.03524262286415338,0.08638002578385508
0.03981933111917666,0.10969326067243652,0.12708244013824843,0.1197105278819008,0.08036524066120006,0.08807725419680412,0.1494048988735686,0.1622585359000214,0.12358851055664329
0.0537342159253106,0.142033714187736,0.12446959521029448,0.07532464758569081,0.1038618252204127,0.10413822797625329,0.14965449577996862,0.13004667814271856,0.11673659997161491
0.06721540269665117,0.11343857410414042,0.10444035569608501,0.23872332167893462,0.09699473770434042,0.10224035582715807,0.09750520872182854,0.07478642681354358,0.10465561675731827
0.05207993423730819,0.175995716717,0.11778201159223088,0.10881100840017606,0.09548756409658872,0.10425841522141494,0.16730296999064928,0.06559782348925304,0.11268455625537882
0.12684848166887686,0.13415532659821064,0.13576909777866522,0.036402450993946074,0.13100820282553016,0.13024703858908804,0.10151025843656712,0.09107254592815366,0.11298659718096223
0.09549767152283818,0.09953368949900591,0.13433583406012548,0.11179288178676065,0.11826764948866635,0.12703617492449706,0.09313031194539619,0.10631483349157643,0.11409095328113379
0.20724279566550716,0.051686761088022205,0.11227707819273898,0.017293754206962813,0.1564455276502606,0.12607983178884505,0.09543476719090303,0.0939980394544533,0.13954144476230682
0.05059501996366314,0.15957582187235575,0.11868662276690144,0.08820311023375078,0.10206004975426092,0.09990068238413574,0.1724928483990724,0.0906678246035351,0.11781802002232478
0.10338908185819139,0.07638409203351568,0.1477057305956415,0.1108680032023508,0.1132584426141885,0.12729371014110877,0.09557239845104067,0.11227315153314528,0.11325538957081747
0.11449857817436099,0.0858370585781052,0.09595430946152593,0.31862489439897573,0.06545624264058404,0.11104247978486396,0.08075646629648033,0.03891669604502123,0.08891327462008258
0.08201236670976514,0.08764908967128236,0.13287777979640336,0.1914197307952692,0.11038734763081455,0.10378026263602659,0.10654724815651835,0.07129010592052105,0.11403606868339937
0.04352064441683332,0.2898625086622693,0.08631679416625608,0.059805240188391784,0.09457789552403884,0.1002208196225075,0.12194518426387006,0.12308487725736135,0.08066603589847175
0.15020069639851627,0.08014666650909798,0.14342970199724775,0.05424734663072245,0.11766401683701572,0.15083612690422768,0.10096084732975387,0.08039180836454317,0.12212278902887509
0.05647686546723547,0.27952595433209393,0.09667064077384635,0.04799001019471164,0.11230514904038785,0.11483256383163769,0.10304367744738589,0.10325861578699679,0.08589652312570449
0.1489601403995171,0.06076425186233265,0.08831680711210514,0.31765910821167576,0.07206490100100006,0.10644350388452473,0.0726082253292739,0.03919176299783824,0.09399129920173245
0.0369221133488864,0.16520648252169753,0.10729141132577119,0.055025352821308805,0.09948606851962882,0.0795839606267676,0.22966822849567628,0.09059618855984168,0.13622019378042163
0.2656334865920686,0.05829729805169619,0.09705444494719818,0.038218368601186554,0.11194898846945095,0.12328167341530527,0.10732354344801233,0.053134802675202514,0.14510739379987936
0.08610062330553579,0.09696983640693957,0.14122541343193776,0.01591187400560498,0.13826836087617272,0.11902632344066531,0.12168252652520722,0.1529979068690552,0.12781713513888146
0.16197521009669355,0.0729275257176508,0.13994412130847847,0.08633192879389327,0.11134265615684545,0.15087026623615682,0.09719680563295265,0.062583767853657,0.11682771820367198
0.11357532554550727,0.07332428579817288,0.12180439273420048,0.24454625960271528,0.09512429593169251,0.11663236187638532,0.07963839868737171,0.053776834782990314,0.10157784504096422
0.06981297429387805,0.17169062052842232,0.1318556102392676,0.08261012455144763,0.10198183712397509,0.12707974713044554,0.1252541373669353,0.07948210125006781,0.11023284751556069
0.025828578914150208,0.14793485748470236,0.050620557283269994,0.11046817515261602,0.07878916736510772,0.054510555711517694,0.21500662433866968,0.19180239054214462,0.12503909320782164
0.27157330466750845,0.03918988426160989,0.076794264753364,0.00811090317367368,0.16468408608891916,0.1212502188543962,0.1065320737722238,0.05968239661061835,0.15218286781768653
0.11819616708791908,0.13032476469139287,0.11764565097564157,0.1680181072990771,0.0909511954753701,0.12711280659728674,0.08573390431674895,0.06099117797130358,0.10102622558526002
0.08002762779707288,0.18839149008226078,0.13800303211805062,0.04417043640889371,0.10450413585267215,0.13029369099523952,0.11306509249554153,0.09294427159482228,0.1086002226554465
0.07896382257352787,0.15613522941197447,0.12665245723102797,0.12827720953889019,0.09294288143460731,0.12945013549583984,0.10079755453934913,0.08406072529771179,0.10271998447707144
0.2687252228827859,0.05532569157169148,0.09304903317111461,0.05494411268649249,0.1083478706088938,0.13167080031561954,0.10245825280687999,0.05053491349365578,0.1349441024628664
0.028401765206721923,0.08935332211805912,0.0620553031946782,0.06852177295091647,0.0830058416558691,0.05350682740571599,0.17356473361803945,0.30195188946675633,0.13963854438324344
0.08652953209742854,0.08698516601833373,0.099646913463377,0.3370805809556909,0.07707406071998013,0.1031946581811733,0.07542163931429062,0.0436554659852269,0.09041198326449897
0.02256575286090855,0.16405071404566365,0.044356872705211735,0.08221178139190487,0.07753137248162677,0.048638669911471144,0.23611863104912847,0.18966585132137584,0.13486035423270895
0.12620172120000556,0.06487632846617963,0.09882567349289535,0.3198411151046335,0.07406793113742312,0.10897381377927307,0.07449047281263797,0.04109615193334456,0.09162679207360723
0.2483064884305132,0.04926018725101658,0.10256207329082523,0.02384920019472417,0.13490507806897253,0.1320756688971473,0.10200380328673403,0.06518057299920552,0.1418569275808614
0.04691923293988362,0.20340945813623093,0.07766719407942944,0.207513543535258,0.08230470133989927,0.09850013417567216,0.10574631498281502,0.08727789692011989,0.09066152389069156
0.13558595565090012,0.10875328555298497,0.14081560632695525,0.04679822262797248,0.11860323696436624,0.13801051606410195,0.10200905301821288,0.08963652123032491,0.11978760256418124
0.11041957962288333,0.12174677567028187,0.13408244730014757,0.08478587253567708,0.11373265558167224,0.14138978232694768,0.09158734156784405,0.09058297179932707,0.11167257359521905
0.030804661568424607,0.10729819386949783,0.07599190268221194,0.11837562324496771,0.08220408462404653,0.06261961169766007,0.19416408209621872,0.20160922086780045,0.12693261934917216
0.09260226472432471,0.14434789596278091,0.12097353488961227,0.15627223736673948,0.09376000506147764,0.13169171540058086,0.08856758279844691,0.07054064755961896,0.10124411623641834
0.027818607355757932,0.14027988304248673,0.08363690830934538,0.06730194908397073,0.07850123841245248,0.06317302328209862,0.19454556453104913,0.21318968791975512,0.13155313806308389
0.13577433539121528,0.09300228195966224,0.12631404820996064,0.008899467190749926,0.17522640023270444,0.10828976022441501,0.11562811456442941,0.1085364199525072,0.1283291722743558
0.27390482745009587,0.04045259350362539,0.07516833489227857,0.007234128617828298,0.17375899115662574,0.10074450782871291,0.11196854976066804,0.061117548373805376,0.15565051841635977
0.08163531575180531,0.23327179407339094,0.09971437683900024,0.13544247229637954,0.11647337265180358,0.12532959396339957,0.06481431207727963,0.06073667783686119,0.08258208451007994
0.18027432395770862,0.06934919821025036,0.11768038669654683,0.1345127683977168,0.10427052577794754,0.13896285702239253,0.08372564701867137,0.05558810511228641,0.11563618780647959
0.15669592771569965,0.09530491174061419,0.11438358428601764,0.16918309026666856,0.08446822496305978,0.1229648484025061,0.09090429372982717,0.05515247102734607,0.1109426478682609
0.06991720157816204,0.12841536650515026,0.12216207158710612,0.15863641751553947,0.10627295193393814,0.11026530896163807,0.12406611609589972,0.06613460620703367,0.11412995961553246
0.12390890124908831,0.09911717157448596,0.11066235991684242,0.20333443078228552,0.10249169096145667,0.13108360693893162,0.07310790138830243,0.04856740665752165,0.1077265305310854
0.061923725299246425,0.10888257055759133,0.11752381764058085,0.2430405139324557,0.0848853000949787,0.10363022114914493,0.11434264147776868,0.06384477479122995,0.10192643505700343
0.06586617703261362,0.14588693307033415,0.12366463350394774,0.12389471527459024,0.10240938470347831,0.11654484436877055,0.12308951528471485,0.08804548736842378,0.11059830939312677
0.047600356002116345,0.17451311123089397,0.12751294280988643,0.036556046004736616,0.09849814330242153,0.10145148154452399,0.1496327479581822,0.14592217977297886,0.11831299137426006
0.08280695787331338,0.14868698167086616,0.12930850007247188,0.06617333982465583,0.11468430248900792,0.13116672508055285,0.09990285079565144,0.11873320526022174,0.10853713693325877
0.14161600993208895,0.08033505545800797,0.11477979389697156,0.2088496030644512,0.08908844165723158,0.13060638776887828,0.0819251000436181,0.04903385495124254,0.1037657532275098
0.13649703297120894,0.06151575037485583,0.12585013339188764,0.00841596806806179,0.15584334028803062,0.11697809354065065,0.11265818116182379,0.1387081977044858,0.1435333024989949
0.0443823248716006,0.14638636217621742,0.11574233599151197,0.10188653314250722,0.09763506374815416,0.08997262566120433,0.20001218505985108,0.0796036131160366,0.12437895623291668
0.2574639063943804,0.07259539959857525,0.1018367817730249,0.024006442334196226,0.1607388846822966,0.08670137356549033,0.11242042107215104,0.061537635904965526,0.1226991546749197
0.07122712802443479,0.23578122536375093,0.0969532928611229,0.11887001610973298,0.10320382753343497,0.13437481769241275,0.07796528370730788,0.06830939981018837,0.0933150088976145
0.28380254746747036,0.03296491238524839,0.06971500611181324,0.005916966152518289,0.14001706732484664,0.11867174528339468,0.12313822490262234,0.05797913833186045,0.1677943920402257
0.06077785125967868,0.2458082789457987,0.1119225507625809,0.16167621108085417,0.0647548968116332,0.11818426589058745,0.10336854559547977,0.04148328673219779,0.09202411292118932
0.14763948230431387,0.06330807164507293,0.12897643355741537,0.17573715985119698,0.11048433025096682,0.12369213589821877,0.07994386726095327,0.06125810884525105,0.10896041038661092
0.0717351307456575,0.1512155152846167,0.1635731939821732,0.040087750091737935,0.10007364494005004,0.13212874051732168,0.12295966761844845,0.09372707033611087,0.12449928648388364
0.027059565294871035,0.3107148121521001,0.04983401075152346,0.1112448039081546,0.07269595740114357,0.07457188287541851,0.19535948531424616,0.07301934690736568,0.08550013539517688
0.1116382848627222,0.07910627502138069,0.10725121371879316,0.282347555966516,0.09437204810604245,0.10802745359748767,0.07438860786212137,0.04212823609488046,0.10074032477005601
0.1390792792637953,0.16453582409937426,0.13031812342490764,0.05932860309777818,0.14428058865575455,0.09934393379515727,0.0966565986281888,0.07177308858938826,0.09468396044565562
0.17355915690048854,0.08012308508160537,0.12361779402171957,0.09012136148769202,0.11873520696387622,0.14298959496468552,0.08443350539162144,0.06625468625541148,0.1201656089328998
0.026696697352899045,0.1865705055557285,0.07988654794492338,0.07538991432820447,0.07525839746037337,0.06740019285591325,0.2188888917925912,0.14206473853462473,0.12784411417474212
0.023215740544341223,0.21985851239791074,0.055073358676367166,0.05391939350525259,0.07557906574163686,0.059824781126683414,0.21471231043098146,0.1819622782921857,0.11585455928464099
0.29233886813574955,0.034862735238281255,0.06600535344202757,0.005961526208337038,0.14250839972392546,0.10392489260680525,0.12310884639254906,0.05472424732441813,0.1765651309279066
0.06706684891119818,0.16034140334366498,0.1392529852521913,0.061210963577419786,0.09986935064404896,0.12444103879951061,0.12268436368577455,0.1132259980369394,0.1119070477492522
0.0569270477648199,0.17105309392128534,0.10789428501905252,0.16188795343751197,0.09023291441809882,0.10962597665558617,0.12608050877108648,0.07347544678573163,0.10282277322682713
0.16797043900909892,0.052969123970685546,0.07597988538020246,0.32886046677296676,0.05888750605697701,0.09929647391110619,0.0787423230513297,0.03915572028454319,0.09813806156309009
0.1723537987404653,0.05801175867436126,0.1279428085624907,0.024229274265508693,0.14526843461437275,0.13949581337809477,0.09406123457970639,0.10862700836553596,0.13000986881946422
0.10743838292260204,0.06615915581277039,0.09136503879690598,0.3578213325717902,0.0847405886918534,0.09403985728870452,0.06567598464782796,0.03871545644318118,0.09404420282436439
0.1557880537432423,0.12965199960021329,0.1225798804002028,0.053605508013674676,0.14556698246667246,0.1273853998734764,0.08573742013945078,0.0706069440278166,0.10907781173525073
0.18623063342531276,0.06629371855119405,0.12471492847270955,0.03643582198753651,0.14040276929851472,0.13448261717932683,0.09135873953370205,0.09051805159087041,0.12956271996083313
0.07286647834464528,0.14314439225184533,0.13757207690269468,0.09771778354418477,0.10435420810785333,0.1257024339206874,0.1241341865293038,0.08107003597951508,0.11343840441927026
0.1145846912814998,0.07341329933133504,0.10649228212784079,0.30152723326351166,0.08318884761056516,0.1100116821643879,0.0759860994510272,0.040634935718819314,0.09416092905101314
0.16147627511459237,0.06595942482772782,0.11146589969985121,0.20552528366467657,0.10029873348033731,0.12644256137531443,0.07403301830699088,0.047205419358253765,0.1075933841722556
0.06162117821032565,0.16449142741979772,0.11992687304901634,0.18402061534767855,0.078172925716175,0.1167476241339569,0.11837105989649088,0.056808689072864293,0.09983960715369472
0.03273778406900464,0.19134875808312737,0.1131211660331037,0.06678826006054507,0.07684375987890117,0.08538977538010839,0.18035326035711255,0.12787792408060314,0.12553931205749405
0.10025769094604366,0.1440020715913851,0.13614667735744448,0.06709594690303941,0.11339288608820304,0.14303078683116202,0.1023105866382175,0.08175287938985269,0.11201047425465216
0.15553322304573028,0.12513900148509294,0.12030141162524295,0.12593416760609485,0.08881650484037061,0.12386435856638862,0.0935320579782511,0.05217409404597359,0.11470518080685499
0.11719148585457706,0.12110176446953834,0.12150108613361933,0.02209968435742136,0.20361138384439478,0.11696147154983338,0.07442104650317316,0.1192047017981606,0.10390737548928203
0.12997704690643638,0.062340482647714586,0.09836709979259738,0.004908162209870192,0.2854442338933407,0.08356590687637717,0.11071755698428798,0.11574862759509781,0.10893088309427784
0.11618992422339396,0.09620873935258133,0.16631235563044308,0.04567680492289219,0.10322405677038438,0.1510849329885074,0.1101715970950035,0.08261468582729271,0.1285169031895015
0.0868014782818457,0.10470298919963922,0.16478464598737763,0.06345165775572272,0.11233887841886057,0.13400345794584453,0.12326964918813134,0.0885063220837332,0.122140921138845
0.12343219665967435,0.08127415293883815,0.09493778894266336,0.2724015412370115,0.10152253345539354,0.10745845823171173,0.07101098306965896,0.038143336479730734,0.10981900898531775
0.2584339061781034,0.050834429458970015,0.09661674748641168,0.0123466207465995,0.2120124805985459,0.07705391754157671,0.11182793554152248,0.07164268014563496,0.10923128230263535
0.10245629742653654,0.09323855793896874,0.1303326097428492,0.21517818203972516,0.07870830967396726,0.12955652376793528,0.09321994434264502,0.05521790847633707,0.10209166659103576
0.24074666361234856,0.04406049416280209,0.11468328807291357,0.03254971123796654,0.11513305985800837,0.14903283189844616,0.1060037827691938,0.06413221950950564,0.13365794887881532
0.035978857231326246,0.34527571359273973,0.07411650704295726,0.021000648196751126,0.11559787154301866,0.08152503700570206,0.14466029602857497,0.11188686357735983,0.06995820578157015
0.07103567792000791,0.11358575701797773,0.13436211427229613,0.22130688260750397,0.07615499649259398,0.11921188393930111,0.10756437539734158,0.054148956989004814,0.10262935536397284
0.043754448087647606,0.1838728328461319,0.11103137572195458,0.13614652685540965,0.07950788722144536,0.09870534500739798,0.163193078339298,0.0757858104216788,0.10800269549903609
0.12696138306477642,0.0927761946366552,0.1400710432934319,0.09742149044390624,0.11281864060581666,0.14481800402821118,0.09284847518572559,0.0773357448070307,0.11494902393444605
0.08683457649014277,0.09004114699726717,0.10345639732498146,0.2394417016684041,0.11529486866110283,0.09184817609638303,0.08906999185653748,0.0681056371598134,0.11590750374536762
