0.12122834087237495,0.19859154682530777,0.050566419520424864,0.12895525615151462,0.06163553953303585,0.13363694282847194,0.027070104551794972,0.13705930835582233,0.14125654136125268
0.10474641519370899,0.1396861225305125,0.0812852946115571,0.10140140690013706,0.15180384787602808,0.11416691767478104,0.1192945560191354,0.07902244584616784,0.10859299334797189
0.08705652125231385,0.07666010212696713,0.07652672998873655,0.10494329819222643,0.07461784946812135,0.10351097618057326,0.2884016873219859,0.09552842347723493,0.0927544119918406
0.10464293055990896,0.10015150387490628,0.12745633717616514,0.10394754747818817,0.10374283692269126,0.10957691416421621,0.11726060707656712,0.125004106838969,0.10821721590838784
0.11200133766534787,0.0687633200248939,0.10843328262849129,0.11677219517999661,0.1440270372481076,0.11554285381993114,0.053853949894891506,0.16472291268487851,0.11588311085346163
0.11500891200834762,0.14565519339160263,0.12894674680158638,0.11698510791718329,0.0742558405531445,0.13035977120878312,0.008193150002822794,0.13972327275651822,0.1408720053600114
0.0965046401693313,0.10805817754656903,0.09734711358560028,0.10707134014575825,0.24400526321886237,0.09898911995023052,0.06177323018491867,0.08981407664054582,0.09643703855818381
0.13537409268152492,0.14009734456306952,0.08901222311647343,0.12152234140065306,0.05938734632954042,0.13435695373678516,0.10216327900166433,0.08576221938566468,0.13232419978462442
0.08002650162878788,0.11434068209344982,0.2282665953262866,0.0961581076245641,0.12188808023491667,0.10301073881480527,0.025140294866508834,0.13122987124407992,0.09993912816660099
0.11251082388359328,0.13209560940259477,0.10183588709565887,0.10701101483649057,0.17543061599368692,0.10821759304636319,0.04410846807999591,0.1092112091265619,0.10957877853505461
0.10144320487820258,0.1473040990984074,0.10830058454257563,0.11902038409966904,0.0881118402340504,0.12054500155810562,0.014977427945655779,0.16886946619327828,0.1314279914500552
0.1351213691225779,0.10022672231495573,0.10627654646711719,0.11229203489126444,0.08388809822567019,0.11350304912830271,0.08965739486776986,0.1485124750379576,0.11052230994438435
0.11959865247808675,0.18859743703646062,0.06429609125343817,0.11347244821855958,0.13063090474818365,0.11499550579340419,0.035169935416391705,0.11265200827609283,0.12058701677938251
0.09615781223532817,0.1344766502018617,0.11593672095144684,0.09868325315346478,0.09449333326992827,0.09300296966561579,0.18708296363250113,0.09097756047052198,0.08918873641933135
0.12468999869610131,0.09660039057178253,0.0935282235692848,0.11086561218239517,0.2457741888484037,0.10296772904755781,0.016696902641603548,0.10362764671984316,0.10524930772302792
0.14816530560811356,0.0680889167101348,0.1257749414567461,0.09795211422725336,0.09046727344309512,0.09979627103816113,0.17242345579472695,0.0936876221189575,0.10364409960281147
0.13337737615625886,0.1560297932301646,0.13301830647792962,0.10912926662030537,0.07780529902465694,0.1131795654743027,0.021879446657083784,0.13367182776230235,0.12190911859699566
0.10319964799658028,0.07796776780530423,0.040529923650396184,0.11294290580194384,0.2513950222321277,0.11507832606268849,0.06352765656771713,0.11465247093892161,0.12070627894432058
0.11563625713068426,0.1474401637870715,0.14193559814790782,0.11040299567326738,0.10523083549140916,0.11137614059573342,0.041376273872818704,0.1135722557119258,0.11302947958918202
0.17829177723860715,0.06918637665985981,0.05761754754052343,0.11520754143070344,0.21854208427735392,0.11398369593369188,0.03405489125432397,0.0936721105743238,0.11944397509061257
0.18106551497366533,0.06650507335795057,0.1233873175045297,0.0943695350248318,0.13680996395984724,0.09679210982729063,0.0859616338662436,0.10217996723574374,0.11292888424989737
0.10532972098391924,0.15597037328313987,0.09983173169088173,0.1124038613073709,0.15517996651524943,0.11707075274096912,0.030903483721621217,0.1043503288739145,0.11895978088293395
0.13556805010442746,0.13353524526008217,0.10634490794216443,0.11785293559196287,0.06592027647808367,0.13154682110257715,0.008789591872137419,0.15070560136103875,0.14973657028752613
0.10678393511137445,0.10615461247823232,0.0966594763150721,0.10853004486811309,0.13518267315393545,0.1184422066604921,0.07837167295670029,0.1263344931341961,0.12354088532188412
0.12344709186187358,0.09803639503378196,0.07676235156865638,0.11511304315294801,0.16827577296570118,0.10481019400407565,0.04518493377646635,0.15333330514646867,0.1150369124900283
0.11742694785854894,0.10646914894354813,0.10098550417611007,0.11286180513564252,0.06423933657457073,0.11331294915769541,0.08547544097127992,0.18366710090837593,0.11556176627422832
0.1222562605293183,0.09571049786977205,0.11290350655946424,0.11985492133492182,0.13003944384836194,0.11776740343765289,0.029605305926315353,0.1467405791171674,0.12512208137702602
0.13152453609974923,0.11656505845502228,0.04890248316512428,0.13615088869294806,0.10210082738759697,0.13387496979966776,0.014769213984590282,0.17625618520147177,0.13985583721382935
0.12347885621667909,0.08095583921500348,0.1287490315638873,0.11752661609655853,0.10958028247317071,0.11658775300990194,0.11010991929690535,0.10346005230136257,0.1095516498265311
0.11511933885504792,0.1432526716737841,0.07027577486794755,0.11242002424954788,0.06955000492668739,0.12445202122993453,0.1493012911167601,0.0942320285698391,0.12139684451045152
0.10887688602237318,0.0887277721609669,0.15533082817237173,0.10343404446207281,0.1322367399740424,0.10192319158630576,0.11189974548224611,0.09646245996835258,0.1011083321712684
0.11132756123260157,0.07336152002232338,0.06536353528729201,0.12936321277853977,0.19860866389941015,0.11920575956166028,0.0697447425554255,0.10570443979321888,0.1273205648695285
0.1525498867393905,0.05320047357733426,0.08262386504808612,0.11013443872704948,0.18954669016883693,0.11434286583908648,0.0767940354821364,0.11100444535957783,0.10980329905850199
0.1770417542789556,0.0981633011052751,0.08823358449786696,0.11282399641024397,0.0742146002439152,0.12072944668511885,0.07911794497006996,0.12444135866944683,0.12523401313910762
0.11308121352110227,0.0807598908023196,0.07916714065255809,0.10183705352946663,0.2227787512684437,0.10612700660579981,0.09436600428484938,0.09234648620338493,0.10953645313207565
0.11192469707999286,0.10942258540745055,0.08506309745055539,0.101860984088977,0.10595800187232811,0.0984361493383827,0.21863750711446917,0.059126063425828185,0.10957091422201604
0.14604418572580619,0.12671513283812197,0.060809083571346116,0.12102420096023436,0.1308478844449422,0.11589446414456485,0.044502169527110835,0.1407373124540295,0.11342556633384393
0.10937014167380173,0.16372749814555942,0.04663165721604817,0.11900407892553255,0.12890447145561734,0.11431601176884387,0.1265462085697545,0.07852782906696404,0.11297210317787836
0.121411571555464,0.06495825042145827,0.17571190069207945,0.10250532310667983,0.09976930052989659,0.10329322883412896,0.11732118059834055,0.10975015515098507,0.10527908911096724
0.10035645360304418,0.08014652718564552,0.15597896218303833,0.10070489340372846,0.09925236249469456,0.09280373677628724,0.19011091817351441,0.08747427581235234,0.09317187036769498
0.1053638228277024,0.10978804202130533,0.1426354801518435,0.11097927839481525,0.12687677437698036,0.1174416938629686,0.09078036368510596,0.08653344580305716,0.10960109887622137
0.0840704172717236,0.04658392700150133,0.10473324013119972,0.08359170852626825,0.2190199479934114,0.0917930087203835,0.19551705329983957,0.08629132284179293,0.08839937421387979
0.14911317306465563,0.09042856208896217,0.03463477074030314,0.13844342202700666,0.08462123066289155,0.13771700582489158,0.05467247768761612,0.17160080776104747,0.1387685501426257
0.17484657035884457,0.12061921306302414,0.11875169268857855,0.12439388477140252,0.04678653385988252,0.13025337538860013,0.02911702677262709,0.11894244197568175,0.13628926112135872
0.10612041023685648,0.18282891894839204,0.07300748286515295,0.11796747654961148,0.05856148404177155,0.12082763912500406,0.009911840111148566,0.19994801690311112,0.1308267312189517
0.12622946529272153,0.09488923589231296,0.10973316795178785,0.12203397842409551,0.13647528011785537,0.12055934064926509,0.051900871888435875,0.11585693477010499,0.12232172501342085
0.09880639563191142,0.10856978733922978,0.04479643439621391,0.109997703757017,0.17382958958060943,0.10862050265621793,0.16620522255118808,0.08009207406848688,0.10908229001912557
0.10408305793243079,0.08361620815350868,0.09448173437339626,0.10418445422482618,0.07737121161350319,0.10241507935282879,0.1985333706946567,0.12949321252928267,0.10582167112556677
0.0803221047483927,0.19256333626682998,0.15151156382316494,0.08910101888164508,0.05813954617503162,0.10274637888831721,0.16129737894885168,0.06871109870424606,0.09560757356352066
0.15437492232946448,0.09348301679132397,0.10021509085361076,0.1280399573730406,0.08148399448046643,0.13706368009209943,0.03825611076191714,0.1360737594752308,0.13100946784284648
0.11923857221219042,0.15891875432151062,0.08633932314778203,0.11274764413904637,0.15249391124576037,0.10918124029519881,0.04106187284210066,0.10548262364202333,0.11453605815438733
0.12026776969284332,0.20222743915173114,0.10238864366404027,0.10675129090400715,0.10715918086556013,0.10592288800905714,0.026050727501274188,0.11803161769663299,0.11120044251485373
0.11468107110755373,0.04793222670747716,0.06151040579154465,0.1027622730098839,0.25939535862872287,0.11174023793868326,0.11073361267613663,0.08747741646449814,0.10376739767549958
0.09500998689763611,0.05728673271959931,0.050385103519653716,0.09605768753918759,0.13749912331568753,0.09346776567578273,0.267542163300098,0.10497541543560845,0.09777602159674657
