0.07885580191722395,0.12051379585325044,0.1254204596966462,0.08509491179375034,0.12750094910479307,0.12897413744608308,0.1231751171609088,0.10613579749318465,0.10432902953415941
0.07194786096376322,0.10997687449526833,0.18668279507454466,0.024811355134136074,0.14222621375999953,0.14582499677011615,0.11364618290998689,0.1255310991839466,0.0793526217082385
0.22919404686479017,0.09686052865146849,0.025456086636008332,0.11091775927676968,0.14026903964988563,0.1051850944066209,0.08064677702186489,0.10679404155437115,0.10467662593822075
0.1153724895700463,0.10339142502706455,0.11257592100322145,0.05247952061996428,0.08170523648024293,0.13888599961064704,0.11553786652809861,0.1126259159217244,0.16742562523899052
0.23790147984869145,0.0944217854962514,0.04404520487310346,0.026838170308791404,0.13334540677971843,0.14132493362682771,0.11405506294662554,0.09668745806000541,0.11138049805998522
0.09741717651768948,0.14855539663207862,0.06072514462822168,0.09407634985195622,0.09913826223847444,0.120424645342616,0.0956925132963921,0.1563816899789113,0.12758882151366016
0.11934987528032336,0.1315655753341774,0.08760971977030091,0.10683910600447422,0.12179094747958948,0.13230775116332485,0.08588859088223726,0.11461179252002086,0.10003664156555163
0.038137669774524346,0.05388163197618667,0.4246579116051483,0.06334012817510137,0.07931209165113622,0.08082251687190113,0.08989548475606701,0.09075861838277134,0.07919394680716352
0.19251873673537057,0.13322448923990263,0.057499779812045515,0.06229235986435902,0.10246342316097105,0.12660114497209904,0.13232028157287046,0.11755894216919825,0.07552084247318344
0.06229050988180649,0.15299841619955934,0.09667187652051668,0.16430074606454678,0.09721972845249649,0.13143556458469985,0.09706129116355233,0.12253949387958436,0.0754823732532377
0.18726837699867038,0.06322476032677035,0.13509086218886335,0.10820583512658066,0.1495669737049863,0.0987195736151637,0.0851843861314278,0.1032708053155555,0.06946842659198203
0.0972920194928296,0.1699371853973325,0.18509331152059824,0.05579872906424831,0.09136042281571229,0.12051514758716399,0.10666653938625775,0.11269321656210635,0.06064342817375098
0.09542156471487011,0.09579194004175627,0.046686785744384986,0.1188530859959769,0.13805198167968277,0.15388205099899524,0.10699832910257899,0.11714665638556572,0.12716760533618904
0.10598025597932277,0.07235358790413549,0.09590842510269725,0.19229710259635702,0.10031899039336208,0.11898144547521439,0.09772346570450495,0.10676160117831564,0.1096751256660904
0.07865620341751649,0.09385322148529461,0.21226626144023406,0.058732043396089194,0.12163459247751222,0.12035932170606951,0.05968115831446227,0.10760018066282513,0.14721701709999654
0.07735773822512451,0.10007429612074618,0.15582033753490968,0.06736821652890658,0.1167637079310479,0.1371095899811838,0.1365396221592195,0.1138128649508842,0.09515362656797759
0.04605330666492314,0.08320841739583815,0.41339710712374383,0.02951422876814303,0.08292265332392683,0.08200859422902254,0.09774880017157382,0.10160311357989904,0.06354377874292969
0.10275555126136554,0.10341069404998572,0.07238071616346735,0.15454892897752356,0.07897015996872009,0.13746083507172122,0.11929773316602472,0.1361216169981906,0.09505376434300118
0.06644318478868023,0.1105864418329801,0.18020065742434202,0.10142952153935401,0.09150884624908377,0.10624179699976714,0.10965101451607091,0.11834866161973152,0.11558987502999028
0.15652186431391424,0.09792123728893115,0.025254924288437567,0.18830247522526697,0.09632222503708403,0.1428128572079863,0.08161967859762678,0.1035901342597626,0.1076546037809904
0.05745862323586435,0.08556321271251993,0.14650072769716915,0.20049701372822062,0.09851602137871783,0.09175975467962556,0.11513379661932309,0.11936424757157212,0.0852066023769873
0.059191690280828206,0.10861230163366214,0.18071464834549245,0.10654676241943051,0.13282088427932995,0.10326433327988309,0.09038162489482716,0.10475496122585996,0.1137127936406865
0.13781632589553763,0.14234227992521023,0.21041821556426807,0.027376929338989203,0.10572944960353553,0.10322461861480675,0.07588102537025948,0.12830118521751985,0.06890997046987325
0.11166039979552846,0.17441205130018625,0.04224849925623619,0.03706315545794706,0.14618515843596505,0.14461602751602723,0.1532401611368492,0.11415163046952558,0.07642291663173505
0.055538266494381074,0.09510970069658448,0.16515596426622922,0.1388231630884457,0.10723214718842002,0.10816989045794578,0.11160877970464307,0.11434232126775788,0.10401976683559278
0.10415023034175681,0.08857104794236187,0.205174664232839,0.04420086177058197,0.14242736429477695,0.09879075917928376,0.12751735771111675,0.10749958709759738,0.08166812742968553
0.05452584065968369,0.11498363456611187,0.07871828828023962,0.06071191948607796,0.14582049925388715,0.11707425441858964,0.16988692250807325,0.1281818938082921,0.13009674701904472
0.08081745087409614,0.10907147142445861,0.03750051905072399,0.1532169565178927,0.10524078552555709,0.1628504586764464,0.08981564496997797,0.13189027102010667,0.12959644194074044
0.07540783784235018,0.10344513960017804,0.12836921862951314,0.18811474556295735,0.09116325732238333,0.10321702853385671,0.11867342166664506,0.1123526724367606,0.0792566784053556
0.27966803377880084,0.09602442862732115,0.05224767552656417,0.03828810649030213,0.14235492414995535,0.122891455407661,0.09875355881562897,0.10885118900120877,0.06092062820255769
0.08832272857980383,0.25050098543613225,0.13506013896224509,0.022078198450203954,0.05864522465296146,0.11064611691770875,0.08346518145235743,0.12856365572289563,0.12271776982569156
0.1529026403802585,0.08597289874619866,0.24708912592970048,0.05669455892903297,0.09437175940362923,0.08471501808464903,0.07964367285702433,0.10599703165158943,0.09261329401791729
0.07081291981773509,0.09876216414685858,0.0619395652597198,0.15468596590464342,0.13441459507145925,0.0955101203785612,0.1707255040399344,0.1286142821839382,0.08453488319714991
0.08324232845066927,0.06525526098768827,0.1975885636706318,0.1969578920662446,0.09101895933865678,0.08858936031325841,0.0945324380846684,0.10115814148188824,0.08165705560629415
0.09770667386846732,0.14212453662068703,0.07098461696718873,0.05478091033363491,0.10068776519834212,0.12238804888051324,0.132287771786211,0.12841817656889057,0.1506214997760651
0.1190177906806305,0.16864218903659686,0.09850978424914636,0.06236801324327266,0.083398057869494,0.1091932369795952,0.08282132957704717,0.1384095404524203,0.1376400579117969
0.18857548875263275,0.10431851988188155,0.1008407427415451,0.10452638771792332,0.10153123112997381,0.11096663036748405,0.12877784753661778,0.09522250140881076,0.06524065046313098
0.06265364414545381,0.10717029423228837,0.06016842483973084,0.18571856428399566,0.11466603482683863,0.09653514327100905,0.15490781468910378,0.1229334974550655,0.09524658225651439
0.15294881387588818,0.08939025721682674,0.04133536048078269,0.13322330846085065,0.171207402777907,0.11138716939435767,0.08813826447746376,0.10212688785961051,0.11024253545631287
0.19153328390936056,0.08164644188337311,0.07504180158632806,0.12739095467360587,0.0899130103694023,0.0961259344181244,0.11762951190176245,0.12861337741152512,0.09210568384651811
0.1439414242907142,0.13979132893710036,0.03446798691331814,0.07887026546382449,0.10812455131020482,0.13421467158132258,0.10067339975016511,0.12929186337844936,0.13062450837490094
0.09805914451455705,0.1247327631244226,0.09758730773808198,0.13271637673284833,0.12616480262356547,0.12706176269824254,0.08028491589791141,0.13691865396918226,0.07647427270118835
0.09078864472758763,0.14739027255646775,0.19108813054924198,0.03694235024041686,0.09912072653119391,0.12974985201464354,0.11348159295832973,0.1011272122548662,0.09031121816725247
0.1296837157319697,0.10731474810275181,0.10215795760652717,0.11855477557397191,0.1359221244958442,0.0869968545574694,0.11028803587576985,0.10898186976820738,0.10009991828748854
0.05504742360169512,0.07336919016314014,0.08613294299348025,0.160279084659136,0.13590054510852803,0.10388142431260876,0.1369932654587492,0.11206998243622955,0.13632614126643294
0.18422424567043352,0.15838402179049937,0.0673616356823668,0.13781418317874725,0.08179010009309354,0.09827315398959384,0.07726983234627778,0.1122597007054665,0.08262312654352143
0.05646365088794136,0.11820902470646154,0.10535604130476302,0.08224216409689876,0.16039123375356265,0.11805929894464595,0.11155182188833118,0.12396183135440875,0.12376493306298686
0.06548573681713626,0.1168149111491774,0.2753810458998731,0.033968602628157395,0.0898687785642865,0.1246549540667239,0.13170170954470672,0.08646197040306748,0.07566229092687127
0.0903827242347457,0.14449610590769388,0.15777296300721022,0.061583189266844834,0.12014066530671132,0.11184717651421565,0.11101486310641036,0.12101412963917618,0.08174818301699184
0.05571249682743645,0.09646561950704942,0.1863512877545022,0.15544113125793135,0.08702888036089518,0.08268980456252684,0.07550052437763889,0.11095949777891079,0.14985075757310887
0.04633967506409755,0.10217463487506928,0.12878630866130872,0.2595764226155702,0.08824259792981802,0.09999050506925587,0.08964046667530363,0.11477717791112126,0.07047221119845541
0.13478942782351977,0.13165371306720605,0.05745494994385413,0.2006881549007716,0.10218801282293817,0.0832759467264782,0.13321787345104108,0.10297642872943995,0.053755492534751065
0.06248687940930905,0.08979293323831479,0.11690718819108785,0.16356965302365342,0.12334902778745145,0.10931779125602407,0.10845903614809908,0.1246837000656542,0.10143379088040601
0.09250885676953859,0.10841643332405515,0.19884541889915205,0.055086598826524245,0.09587898300293994,0.11437652105812791,0.13932393768569895,0.10353474517701644,0.09202850525694661
0.09862748203803916,0.09609079211223957,0.22856128926075914,0.0923225647283182,0.09142652030365926,0.0912127855083749,0.0748234918449825,0.10895488075874284,0.11798019344488449
0.12190301928883408,0.09017802857311813,0.19035654497763885,0.05562522464868954,0.17607658630973685,0.09604154768866469,0.11197980462722111,0.09109306902768398,0.0667461748584128
0.05397108147510752,0.08876421592016105,0.2602621305021125,0.08034555046286503,0.10480580523530215,0.10803185999029845,0.09722335893165908,0.12367848959227652,0.08291750789021766
0.05567000872025738,0.12325813342721588,0.1616767819861501,0.09248983217294483,0.1335742305789609,0.13404537658877466,0.08144494505159108,0.11813076952284181,0.09970992195126326
0.07594590356897969,0.13862496809892486,0.12822567933795023,0.09480678631988766,0.1295792682445641,0.12406747732433505,0.09944639664516057,0.09653806279750753,0.11276545766269035
0.11953127627018106,0.10458869579163389,0.08663400334421424,0.07878369749510583,0.13227100255869895,0.1338497983363145,0.10857375050054978,0.1350754017853338,0.10069237391796797
0.15474900873352138,0.06992100805082614,0.014043832176755873,0.27621976761002237,0.12483341696355336,0.07920095667107209,0.07620190250498639,0.09334010633095662,0.1114900009583058
0.04364648380748932,0.06382811058025362,0.2658127828797305,0.08023427887373989,0.10939514437333352,0.08593467510403678,0.13187633971248228,0.10400496293835189,0.11526722173058228
0.04409299665145092,0.10608263174547884,0.15538555328623285,0.10222614924654866,0.09017293895828205,0.10644159089307076,0.1704560203644707,0.11991267437810067,0.10522944447636444
0.055207222991806644,0.12351869945283005,0.03420047360051137,0.23009013617319296,0.08181634045837441,0.14316941056864707,0.10372022460365095,0.12444018408219225,0.10383730806879427
0.07086618276695685,0.10227183772350679,0.30003903923183267,0.04176281759895411,0.17126139579707664,0.08158544087772503,0.0731862156879682,0.08303639851405749,0.0759906718019222
0.16381561516506973,0.08914583025993984,0.08698236467255809,0.041358079921497544,0.08773575242359521,0.16585198534004206,0.09997871178082286,0.12356170682519835,0.1415699536112763
0.08338322723298547,0.09829162914057098,0.19383492431514357,0.08381820485606084,0.12655252233296468,0.10839093395984441,0.0931069803670521,0.12587868140141592,0.08674289639396206
0.05427350756121144,0.09161470343540057,0.20851504965381276,0.06517963101450298,0.09844447212805459,0.09723116630120741,0.16333840358627666,0.12300439530098133,0.09839867101855221
0.12899985746937312,0.12371072534155907,0.07331858821833616,0.09579200033943393,0.11582268522372922,0.12487274866807496,0.09692314286214458,0.14059625161765424,0.09996400025969476
0.06712067786452862,0.10337655847336664,0.19421232546725062,0.08447517616972317,0.09792042810783673,0.09347798844121069,0.11140431237203786,0.12528260001002503,0.12272993309402065
0.11755445105673988,0.12131636123714677,0.04379843603039699,0.03808872580804821,0.11235163093697914,0.16246763393893537,0.12273144697251935,0.09998146415994076,0.18170984985929353
0.058993803464364426,0.07970181149007467,0.125313311157796,0.15540669385547393,0.08159426340765409,0.12760759308788844,0.12092131760863038,0.13837114953151627,0.11209005639660184
0.14645500298424308,0.11566911297388836,0.07931348656254246,0.0696497889829855,0.11223910036822386,0.141595910467228,0.10597873330238035,0.11667136000657281,0.1124275043519356
0.07367093850343397,0.1384470646991384,0.06934177603938453,0.16422025037613677,0.10393115679207059,0.12066371612688177,0.08182038980693433,0.12170852393227338,0.1261961837237463
0.14659200452595228,0.10465468560584151,0.04720808900128006,0.10994455410684394,0.08248292270939411,0.12257524780308782,0.09394039978948339,0.14060726045920047,0.15199483599891647
0.12155948616023864,0.11043888525254879,0.016032129988323738,0.2057891723601494,0.09840949578731835,0.10459874067246448,0.10525024104901994,0.1393289858608504,0.0985928628690863
0.13491262627629697,0.11856794827345991,0.05926613253906161,0.1887231829014013,0.10028103610649837,0.1052134566129181,0.07321116115319645,0.11169840589674486,0.10812605024042239
0.06129998895252344,0.07975143251059029,0.11400532288210607,0.2029179627829575,0.1223064437849386,0.08525346570896668,0.13386826268101018,0.1143688508578718,0.08622826983903543
0.07054405252083268,0.14392328254456044,0.14010348012479132,0.12820944603206846,0.07698689705727356,0.11585296522704759,0.1210557968615927,0.12169937494342857,0.08162470468840467
0.10045334047123346,0.1237197613168634,0.05119192604508421,0.05661672171859463,0.13805942889389392,0.12417153510335092,0.12343972320125339,0.13556721338731367,0.14678034986241242
0.05950503171031526,0.13058081316271733,0.12129301543745442,0.07421643115402275,0.1566731036145477,0.11505210544717553,0.11053768096812532,0.13500043088614075,0.0971413876195009
0.08174896155305876,0.09440675347478529,0.05832980797212058,0.2240194189637743,0.09769452122607279,0.0947313210963026,0.1253833908084132,0.10998557774656291,0.11370024715890951
0.05138592509087927,0.09311672775034792,0.2308934833013738,0.0922397477899818,0.09486269035716972,0.11434248785050383,0.09953107720584331,0.1372426402619237,0.08638522039197662
0.17035852400407284,0.1175180166413456,0.06375959220076707,0.04313546193585416,0.08479266880357732,0.13866538084703975,0.14300604861376742,0.11364386587885801,0.12512044107471773
0.13984320305315068,0.19168989974859899,0.08998840907154837,0.03147863013653961,0.13968931924614084,0.12035654588904608,0.10037258383662608,0.11343356071456044,0.07314784830378888
0.10930197995641962,0.08815199493979971,0.15713765610195793,0.12712205309169558,0.12362956362288424,0.08762019090169648,0.09521855607163136,0.1078160762771329,0.10400192903678206
0.10156226046238188,0.11202980393090832,0.1595238884529555,0.0393957132548004,0.14040449813202982,0.10835302622526448,0.1502613977832421,0.10733391107871866,0.08113550067969873
0.10678828338142286,0.18061833360909865,0.04495574479441325,0.0908120336023499,0.10269751504178626,0.1453512220170677,0.09311727048374734,0.11345957846178477,0.12220001860832934
0.09931305801551933,0.08294355676460997,0.15638680420383333,0.07918960087999531,0.13241879642817048,0.11340665745252614,0.087296772888891,0.14546303757655188,0.10358171578990254
0.04485047828455066,0.07418643319210629,0.28237790680939706,0.1237524009032066,0.10345287365936622,0.10316523542778776,0.08358345357772014,0.10703781396728222,0.07759340417858306
0.08011640768568469,0.1095521006818247,0.07981390859639519,0.15472344808624186,0.16175108358312554,0.11272211224566524,0.09917803520733515,0.11791388006308927,0.08422902385063846
0.04147841145123412,0.06199320174868167,0.4267064000868012,0.03326207003706225,0.07802970968034957,0.08143504307487383,0.08378297962994495,0.12387609064185051,0.06943609364920189
0.18955276501023968,0.1000596924919208,0.021043674022973285,0.05238129958158431,0.16089167026766474,0.1214468444982758,0.12495318072923593,0.10065688108094191,0.12901399231716357
0.22571950550543637,0.11682297507793789,0.04320800693078836,0.0501587107984916,0.0889709787083142,0.11184808412287145,0.10116484705922868,0.09812937005693324,0.16397752173999822
0.048274681156305344,0.10867937341345153,0.08437180864222978,0.1260896878554873,0.12260739788704127,0.11853570165153571,0.16288993871657562,0.141354153750871,0.08719725692650253
0.08021732354842143,0.10725090579168238,0.05228560634470877,0.15038952704954275,0.12604077804177982,0.1344971601536136,0.12554468903257832,0.12291352718666583,0.10086048285100713
0.11148787266694427,0.06912142466248979,0.0204065578093329,0.31254584121166257,0.09518359835410435,0.08378446017668241,0.08118319318609957,0.11931559284372151,0.10697145908896266
0.09546723126674184,0.1672636945909152,0.08426163067424837,0.06021231907888188,0.11955997256876222,0.1585216583772471,0.10821982971893866,0.1261052545142142,0.0803884092100506
0.06563375692594557,0.11420918999482527,0.17537084652592738,0.06651206769431144,0.12759330127921412,0.11453402519078822,0.11383519599581578,0.12659167886231074,0.09571993753086144
0.061279228053730206,0.0811531082889672,0.0645549930412682,0.25888503512350564,0.1281200530828415,0.09753463041894513,0.08082049308282933,0.126118464796578,0.1015339941113348
0.07472959878008513,0.17296704855009262,0.017523192299137697,0.18164840642973976,0.12027033846219282,0.12512488047322864,0.07949108938726164,0.09155701451055887,0.13668843110770282
0.05626442754919591,0.11664765748034267,0.19811802895127398,0.06933656051614386,0.09642030702033692,0.1040471976382868,0.10595803751063526,0.15508570951731893,0.09812207381646569
0.1048019299664565,0.09457869002593124,0.041817644220029905,0.26811592561563385,0.0880413193311248,0.09508974801280917,0.10307129976368157,0.10742585126530424,0.09705759179902879
0.07588270361488529,0.10885029104755867,0.10935017264524509,0.12724630493022906,0.11671663176719187,0.13438954631300468,0.09597167017049309,0.1208379236983899,0.11075475581300236
0.06093695317247033,0.09615261697205668,0.21659360525924107,0.15861990816372795,0.08646096366968542,0.09899028473860814,0.0878423826064072,0.11019517060456056,0.0842081148132426
0.033772731164667454,0.05755101512268893,0.4948970361604837,0.03754577218304941,0.08715861221938491,0.07500500517848833,0.04728877022749906,0.0938772847793105,0.07290377296442771
0.11224438150430105,0.11313252381532739,0.10673008995089113,0.12309337043998635,0.10918110722339326,0.11209983584806714,0.11080130894717456,0.1097426545057068,0.10297472776515236
0.09512742362607683,0.12565407888391253,0.025643712954477472,0.2551173448067444,0.14454098766699683,0.09125404935486336,0.07777168424043386,0.10601194481529952,0.0788787736511952
0.06753339647406963,0.1722587664282391,0.1375837968790032,0.04943614622527631,0.10437320706267443,0.12204321799176937,0.08990667316885209,0.1626658267771183,0.09419896899299755
0.07416314880955399,0.1111590000487122,0.06256983726305139,0.3013506038104431,0.09360509606927063,0.08073835073105502,0.08402462445834258,0.11073207666401703,0.08165726214555401
0.08356468813127027,0.12268521117593306,0.06878339361073503,0.09782610764907995,0.11758117376073147,0.1502954834297855,0.11420482429253252,0.1323328787975628,0.1127262391523693
0.04829587411693964,0.08817938846635519,0.42045942560729754,0.018434575686180225,0.11920750752062675,0.07538081581316224,0.056394055173164585,0.08688372059516819,0.0867646370211056
0.277674201437129,0.09608960341476645,0.006903522299328289,0.04327796537564837,0.10441427646056452,0.1368797769137496,0.10066097951034479,0.08603129538419724,0.1480683792042717
0.06862746117036123,0.09335747709834408,0.17348066320209996,0.12253802232382659,0.1129205630262476,0.09615950186157533,0.08229904315021541,0.11335268603966232,0.1372645821276675
0.07686352763678246,0.07434655960958764,0.10405431035241998,0.1671499045235376,0.11489086558277696,0.11288182556367564,0.1038324414746334,0.14090210405268402,0.10507846120390231
0.18108222958516382,0.1108694330096605,0.006843555855506487,0.09040826180146337,0.1214314832856626,0.13141945900147203,0.10592769766192954,0.09057053395817494,0.16144734584096682
0.08337375071229973,0.16403474227856094,0.021462209391539307,0.07871590131072202,0.12767329067658564,0.17176593999891154,0.09681261529926477,0.12879901938472066,0.12736253094739533
0.0759683641156373,0.11436708312354764,0.036068640858278364,0.3261931092873191,0.10537387532492426,0.07962345894488844,0.07255779483505127,0.10669532871021924,0.0831523448001344
0.059177187785621775,0.14626816052591277,0.164404599488392,0.06385554111688724,0.1206979592073939,0.10018220475598617,0.1127686980408638,0.1311508615753334,0.10149478750360896
0.059252293275984025,0.09695222531569904,0.13014363641992682,0.09569605161098009,0.10834311058208558,0.1077884451185797,0.14180307071280446,0.13795708374395102,0.12206408321998925
0.08682732465156694,0.15491108679708723,0.17384227122390541,0.05255784683355913,0.10156828280704937,0.10552700485226467,0.12013527803875497,0.12036908277527229,0.08426182202054007
