0.1680737492377878,0.10463907270082012,0.07625853657372406,0.14334646460907566,0.1287010564005509,0.10450268107410539,0.11896281055838098,0.0575905069968923,0.09792512184866271
0.17757678190524553,0.10343296483763491,0.05324767980543992,0.09837877728774917,0.07088889582986935,0.11109342518447074,0.1548884764325287,0.07074466042106871,0.15974833829599291
0.09419525383644255,0.12977622495695404,0.14986288350560734,0.0793964760475412,0.1067738286889535,0.1303576741653077,0.1304785845507244,0.10408648609549535,0.07507258815297398
0.0676574736193948,0.0952539452785371,0.12763137419143789,0.05020679608840394,0.11455541811487431,0.11824713851808932,0.06395702201314536,0.06497124063928729,0.29751959153682994
0.11111092479235492,0.10726194831009551,0.14929289558739042,0.05074188669541552,0.10473815529136342,0.12056103802197249,0.1111155374548714,0.1137552499964845,0.13142236385005185
0.0739360288776204,0.07667368796518399,0.0724789223803463,0.25509466130723835,0.10492563318190316,0.12461055912509245,0.05300953456777368,0.04709399991515126,0.1921769726796904
0.06384373205686139,0.12390493084526072,0.11015327223175335,0.08330295056376734,0.20858288664841884,0.12113901903926423,0.08473764359638698,0.10117614482802241,0.10315942019026474
0.08086981454218152,0.1393293531256338,0.03446559439659466,0.09570239377349525,0.10232611333975744,0.13199351250944222,0.10664516185634702,0.1099202528769813,0.19874780357956687
0.2000686129496454,0.09244658282227562,0.03887180415297171,0.12663367474549447,0.07830803904701128,0.08430537566509795,0.0654619688477036,0.07753837168056572,0.23636557008923428
0.0875928240018841,0.07501947044242079,0.2320755913868725,0.09018678424455163,0.07399557101738448,0.1202843493239565,0.06718840053009795,0.10436188359367234,0.1492951254591597
0.15075413264517148,0.09582602427153371,0.13043438193950463,0.04577299821194567,0.09349825441118058,0.10186709727436112,0.10230433942039241,0.06534640374002124,0.21419636808588915
0.08981264924297687,0.0772548265576497,0.06327552359963615,0.14268315857395472,0.15945260435370823,0.10800474023025157,0.09811415950503427,0.09267768789700519,0.1687246500397834
0.08049708549591468,0.06987937757090129,0.190150531558316,0.18598133395303587,0.13860561253795067,0.10776300276692528,0.05263913177755326,0.1400074198908541,0.03447650444854883
0.10153737720265675,0.07334541697966998,0.0626834274983938,0.08553071927882432,0.11423900747194726,0.11013278663137832,0.08736984351214482,0.19557912260498314,0.16958229882000161
0.09318158521430621,0.08200903678231804,0.3324440292093002,0.05290845475525443,0.08880370767877384,0.11462975142173283,0.06417569871020308,0.1016738953708421,0.07017384085726924
0.06892425974218876,0.11100325396320987,0.10770442714530597,0.11678579271484106,0.18567415744951798,0.11454047586358689,0.13453220344714867,0.08378445918516247,0.07705097048903839
0.11261563551006876,0.1181738717884907,0.07917065315102251,0.22028773237836877,0.07799910299455602,0.13146751079636665,0.10695824324259516,0.048786370696675546,0.1045408794418559
0.22945392672858922,0.19453829147193932,0.041452009914845905,0.03562082367808458,0.07845326494446479,0.08970674379630554,0.17474464722934666,0.08501682714844315,0.07101346508798088
0.14532156163061682,0.0759219295416983,0.13286394581993408,0.1319445259447095,0.09368423807273464,0.10806969666912451,0.05342153422426058,0.07416050087574144,0.18461206722118007
0.12388271924183784,0.12895599884459027,0.10557262574697378,0.0441704337413474,0.10748958142607896,0.11065903612367317,0.16942306489430534,0.12772106101440764,0.08212547896678564
0.07695294957720777,0.08014794662285683,0.18276862669050506,0.05622232675098687,0.14426265632364216,0.1179721897025728,0.1462838669485107,0.11791673825224719,0.07747269913147062
0.10674008159292532,0.09077310361392578,0.06080197710206701,0.10522414858641621,0.13771564284523188,0.11676042291902271,0.06634453059943496,0.10954745327552945,0.20609263946544668
0.09689433556875111,0.1285836552644098,0.030108473150963818,0.1948603308478868,0.08609192262175337,0.12664568393446163,0.0758877614753269,0.09568808773022085,0.16523974940622577
0.11534346835916139,0.11976868696014369,0.1450579364288127,0.1823588179697592,0.10373812075521854,0.11640888115157533,0.059907660359178515,0.08271686230667619,0.07469956570947438
0.07907654248096672,0.09310940161953019,0.06994283320398915,0.14871231379750097,0.10490894675057638,0.13027529802043422,0.12649933673823152,0.13060555824506875,0.11686976914370208
0.084398551167595,0.11002918728906323,0.10692388581239061,0.17642825489731803,0.16748242266138333,0.11526510823542996,0.12409047162530863,0.07290424226957351,0.04247787604193775
0.12271276816946186,0.08637656173264692,0.051589199569327344,0.11005748857734045,0.12956864259278464,0.10196827423242079,0.1371235038882426,0.08079626035333333,0.17980730088444208
0.1260299604886106,0.1379833967704946,0.06277332658028152,0.08064224891668352,0.14581470862588494,0.0999610480534267,0.1575587229966897,0.1383061714728847,0.05093041609504367
0.06709883391985454,0.06403676091645075,0.1473884667629798,0.07737141218347324,0.20026649691325268,0.09865812228231674,0.13315253439223776,0.1354842528029577,0.07654311982647678
0.14148090905534333,0.08381391985697279,0.06489513979315159,0.05594733833957355,0.08813717058763948,0.0874902873467946,0.06741681525256954,0.06064678954042963,0.35017163022752545
0.2479043801639961,0.12003146130716204,0.07827901590298714,0.08247791391873614,0.08690707602065657,0.08477738564416433,0.1420640705931753,0.13828240389820076,0.01927629255092163
0.08156890487247385,0.09694232033832455,0.1775736780436773,0.07190765793533305,0.1258883446440253,0.1132718237475986,0.13092084986530017,0.12888897704829552,0.0730374435049717
0.08077076922569491,0.12914052813366816,0.061312774678626336,0.16731122802052303,0.1920745829384367,0.10925023049024622,0.08651295707595712,0.08159990599706218,0.0920270234397853
0.05975272613707497,0.08018866402583615,0.10157681806404568,0.020309066251642686,0.10046753287064884,0.11374147911432031,0.299675007312216,0.19929121422158835,0.02499749200262691
0.11371880623431363,0.10775699203438842,0.11663453548880627,0.0468207530509791,0.08528414408444736,0.11976612852662905,0.18197209808627587,0.2005390051408575,0.027507537353302886
0.11555091967389726,0.08335203688207765,0.2780131223487486,0.11825988873613646,0.08494375099697171,0.10916977388590288,0.05132171090482629,0.05854075289206214,0.10084804367937701
0.12110087468136461,0.07026387044678027,0.09842072947036003,0.14051819097386556,0.11434536106681102,0.09778123589660707,0.08078779475292493,0.06663111953230284,0.21015082317898362
0.08880021513841872,0.07814297979700587,0.12487376320491898,0.1495720116349288,0.15492329755950004,0.10822191064325781,0.05100958025526372,0.09205616195502804,0.15240007981167802
0.08079211906134921,0.09685158082088803,0.16809180696021964,0.21515270196305813,0.11319637554819788,0.12485841610349056,0.0769962055279985,0.07083508311431103,0.053225710900486944
0.10889322634310535,0.08979175056610948,0.13533059196720573,0.1432739153867104,0.12351595056869653,0.09266435030954402,0.05317880687650394,0.052852103396462756,0.20049930458566176
0.06291678085976797,0.13262775000623683,0.09848275518690104,0.10064747011494264,0.15508570415989317,0.14348777966121604,0.15695979069864416,0.1124359794254756,0.03735598988692255
0.21091275900014397,0.20229135810328255,0.06947455823828781,0.02315679801434083,0.05602457650632988,0.08784803731239692,0.10860628467896567,0.20970800346776505,0.03197762467848735
0.1326134716666081,0.09031722575857139,0.04136817089271499,0.1482056233059428,0.09885281496499343,0.09868662152128103,0.117948558340216,0.09462471857701828,0.17738279497265397
0.18322572296360437,0.1031799535355248,0.05273778484720403,0.09318221048578597,0.10504331381927251,0.10187762835814503,0.1375972732130084,0.07284511788086999,0.15031099489658492
0.1394212931477624,0.13913992194358157,0.03524597423596993,0.12519828587928303,0.08021134577615541,0.09562400101737707,0.2618125853482686,0.051694218881771226,0.0716523737698308
0.12966109924487446,0.16242375085187924,0.030381678605086032,0.10206186780076486,0.06416534544321505,0.13090835591019612,0.07143005453937876,0.22715819231689297,0.08180965528771243
0.09530648361810039,0.23641947006231723,0.04179995339481788,0.11526024120430228,0.12428626359734281,0.09716808782028591,0.10113851704463091,0.16200313875131508,0.026617844506887506
0.18083429429587627,0.12312595519952318,0.1393084633582398,0.07616040610535349,0.08396454269504187,0.12320291243483628,0.08217918199410834,0.1133120134260403,0.07791223049098044
0.1269484398510025,0.07675908875664914,0.28533017453188986,0.11095814779532565,0.11630718346302064,0.0926609194503719,0.07331076748371507,0.0639922099742231,0.05373306869380223
0.2126399175818873,0.07899111138166494,0.053749950037713934,0.19082064274998808,0.06866250210366502,0.08496943260527991,0.08353569805196932,0.08766601508914908,0.1389647303986823
0.15429766113013746,0.06992216695038173,0.16736215028361104,0.23663583180951317,0.07647100752070465,0.0952635421138297,0.06039835856808747,0.1069108166381648,0.03273846498556999
0.13496283173172502,0.08039055855801296,0.2339141708211815,0.05127011480615665,0.08900108340620794,0.09942101188866977,0.08884060005896778,0.08855613731529684,0.13364349141378154
0.12386446134362689,0.09261995600886896,0.09287118373735233,0.13914798072013557,0.11798765638231479,0.12967149487921367,0.10647913356583867,0.1110103948704384,0.08634773849221072
0.18158048236363408,0.09729725705453006,0.284318588048804,0.11565915025821681,0.08846944592255084,0.08099847995323305,0.054233654429503,0.06790737714531543,0.029535564824212795
0.11921753271051294,0.11547932938269327,0.06404092922834267,0.11594496201760736,0.11910668781555249,0.11770982856545227,0.10071465404184027,0.1179185889565938,0.1298674872814049
0.10368963685490312,0.09067140883860725,0.15203126590247518,0.025662950855931444,0.056724936157898614,0.12215928838113654,0.2776720242312234,0.12600660554940893,0.045381883228415514
0.11152031564582421,0.08594860991095027,0.16731045438842732,0.1371409281754167,0.13107553892556564,0.12050975434241311,0.05690813967606084,0.11487749138615859,0.07470876754918326
0.05057981598034786,0.24489307592217635,0.021055395775308138,0.010050265365233254,0.07220939232769372,0.11239702482575396,0.22983357964774598,0.18933508997034534,0.06964636018539544
0.17598453322666438,0.09580815762167848,0.10112719490408441,0.11644979232842251,0.0740805337768483,0.11871439644073345,0.08731726216704162,0.10381770169574346,0.1267004278387834
0.09208343430181165,0.09492630238258652,0.13895573089779675,0.07526650036901314,0.08913735024297231,0.13153050045861328,0.06425283128775593,0.14354207110522652,0.1703052789542238
0.08918028643805491,0.16192627017068614,0.04760607830901767,0.057858205329030986,0.11800820184421353,0.1193309639275733,0.14802688692834406,0.07941112634074705,0.17865198071233238
0.0837534762262686,0.1416909850010664,0.09845680746590167,0.037150856490732,0.12107373973965763,0.127506423257619,0.10480559207308493,0.10803673255974633,0.17752538718592348
0.20359203873504628,0.10882573393571791,0.1285587173332116,0.05676587188303408,0.10629079845801424,0.09010791338991873,0.10586110024491739,0.09396748944244476,0.10603033657769499
0.18470620735348306,0.12915755812598187,0.076202188460287,0.04270726667421116,0.08026379306771253,0.10728703943555128,0.11771245119510972,0.16677993301774743,0.09518356266991594
0.1324663429706427,0.10626445960288972,0.21250153881214606,0.03213759682907194,0.10405665012595079,0.10634524386277146,0.15115073704428095,0.11184653739663282,0.04323089335561354
0.06543886422560095,0.0795485575195982,0.23456221248153195,0.1428363998064002,0.15439531464893178,0.10739223686102572,0.07608274974239466,0.10359308241377684,0.03615058230073977
0.09761334159503592,0.07642646633327449,0.018941194442483936,0.10534494689782316,0.05699300230017775,0.08135979977004963,0.04834240606704554,0.05276029716396773,0.4622185454301418
0.10392289560436657,0.10435928531989935,0.08604474897041862,0.10577118504204736,0.10482216577416677,0.1180784245752428,0.05746017309642378,0.074412648153485,0.2451284734639497
0.15515280114721272,0.11109047492620384,0.045554625913974474,0.06320015055748678,0.11937668354933968,0.09499758916327415,0.11166145347471061,0.1235281536664876,0.17543806760131023
0.14323573197075157,0.16887933614870623,0.0801652422248412,0.18747807131740443,0.09334484789594666,0.10840583725110901,0.09866853397415808,0.09731344382517708,0.022508955391905814
0.07379600923852526,0.0944849464576591,0.051641990028012834,0.1779525962048567,0.15446003739615435,0.10935066287728314,0.07940718573392416,0.10432607602622879,0.1545804960373556
0.0737046139677948,0.11402946253818923,0.1550832880182155,0.09818763594863054,0.1931305949524715,0.1117438851908929,0.12901107222844316,0.07574856638056426,0.04936088077479808
0.18497629674392235,0.13772922918970462,0.0903650351843019,0.0430287419650463,0.1217572905278928,0.10161099564526688,0.07749548255360887,0.0856434461254455,0.15739348206481085
0.07679774031075284,0.08460032419014446,0.07503473029384643,0.21141238266447715,0.08182157048435666,0.10812604955435812,0.06403137745590254,0.036003519632731094,0.2621723054134308
0.11769864916175739,0.09089184818608288,0.11982943954939447,0.11901358177621402,0.129419308873019,0.11670526119257206,0.08917842618936683,0.08725680518783861,0.13000667988375472
0.10536998692800002,0.07188550224306618,0.09960848052159048,0.08296112831068739,0.08439313326927174,0.11981565408429455,0.07630385161977303,0.220917457926995,0.1387448050963216
0.10437798963604722,0.08063027273058755,0.04254382248671317,0.18124014512722386,0.05909796944919831,0.14585016059813768,0.06493167223741517,0.06211652615943333,0.25921144157524373
0.09869576372082202,0.11117952494380268,0.08048807539277394,0.04440766387279784,0.11679924825708447,0.13708289520264863,0.19422166297860013,0.1150407861795859,0.10208437945188446
0.07975281446418984,0.09047035403801622,0.07437884765253162,0.179465514393546,0.1920760402406149,0.10880270663808678,0.09140578079319807,0.08253188608952478,0.1011160556902918
0.10344178385301243,0.21715197180287152,0.0668801467333749,0.13627367712054475,0.08732141929049735,0.12139895353962382,0.10649370103456635,0.10982656572212873,0.05121178090338007
0.08996473491902361,0.15572271510672986,0.021576756080357893,0.03871014268448648,0.10351418750003827,0.1199182696054822,0.21761989036861182,0.09779214388090106,0.15518115985436873
0.09517417277482498,0.09217925124837995,0.07865442293985793,0.09801680147149482,0.1635511773972696,0.10434574068116091,0.14692488832116973,0.09097979305490216,0.13017375211093998
0.08035143324321774,0.09540825351136333,0.1460670393449128,0.10866230396963428,0.1299386202982948,0.12673637849954306,0.1181435207030479,0.10480002004971062,0.08989243038027543
0.11699819038916699,0.1034469070130924,0.17159386119279055,0.032193369120325006,0.07007623209411624,0.11626177258348191,0.13254669734845306,0.1409950353599236,0.1158879348986502
0.20466292932290242,0.12202764602355076,0.04799952231621416,0.08800873578976494,0.07479141548987821,0.098153552194018,0.10721851521048716,0.2407635260233515,0.016374157629832815
0.07967732313736052,0.09070360933992598,0.22870986231607024,0.10747017615679817,0.12926698096135456,0.12078862901013848,0.10092687661644978,0.12355939777737941,0.018897144684522856
0.110210549818912,0.10708370518345656,0.08187125139437643,0.04606380084512971,0.08483435348880641,0.12065124692465663,0.1503040411339414,0.09474551275779407,0.20423553845292675
0.07620805291171813,0.08881069831567871,0.06745029107895277,0.21273818000249098,0.1305963898880597,0.12337159392078534,0.15632791088291328,0.08166007624511085,0.06283680675429036
0.13700700577849256,0.09253376376963823,0.06479346817855042,0.047288038755447605,0.05238784461431,0.1354574628373181,0.1762056955683253,0.12633601669367048,0.1679907038042473
0.0815660096054221,0.06839804895878085,0.23104869462696165,0.2428780597536143,0.0994756373561823,0.10337510057250916,0.0708777986797438,0.04335675744263654,0.059023893004149286
0.10568291908914283,0.119114913489412,0.13251002686733915,0.057115702747224016,0.09819227375001689,0.14088932282418862,0.10024606580270712,0.15978239506155112,0.08646638036841825
0.1032294933495888,0.07217245975171489,0.14303870990082265,0.22658729782587564,0.14026496368742628,0.10330380139959715,0.06534162217668461,0.06319675067044957,0.08286490123784036
0.10305839537347777,0.07800359407570613,0.12349593297516459,0.06465391600683527,0.08562970659263351,0.09288839197720244,0.07170698677341228,0.04540771639133256,0.33515535983423556
0.23669439812376689,0.1325253113257366,0.0713653145589211,0.07204275272845082,0.06865246682831037,0.09898570104401362,0.1710517973143686,0.12410725916280967,0.024574998913622456
0.08635809130774746,0.09957755530108196,0.034448826294742226,0.08166355764319538,0.12941397826982906,0.1313037968141282,0.17258261569487662,0.1265462271791005,0.13810535149529854
0.07885071594032296,0.08965786866625676,0.10172621265479413,0.15429805575434943,0.1642783628370018,0.1171751576319399,0.12402904607363037,0.06526141725650071,0.1047231631852039
0.09203565580257637,0.08761280645551085,0.24957870401330337,0.11370144391033717,0.14875161200417844,0.10964126820104787,0.07011873180233757,0.09464550597379162,0.03391427183691686
0.08379502151166945,0.06581535245628035,0.06263327398392751,0.08166729996551936,0.11624758418210827,0.10143884088663435,0.0672108536489172,0.07934010399782293,0.3418516693671205
0.10426588937743035,0.10035501494395471,0.04149848885156529,0.0529003297494943,0.11381705774198565,0.09001082927038632,0.07947805955804517,0.06993147393293538,0.34774285657420284
0.07626995903609525,0.1159607503352672,0.04072723180319715,0.16146774500068364,0.13128683906456548,0.12345147229424058,0.1442809313738742,0.16797823555336736,0.0385768355387091
0.14114127787039002,0.10970668705897256,0.06678956119902797,0.07802169693735116,0.06953038497638099,0.1172022039842872,0.1976156171275619,0.09932238001693183,0.12067019082909643
0.08907692594224605,0.10885825829864798,0.04074441238585534,0.1370078184962583,0.1463684308650057,0.10426017477316378,0.20661301024894438,0.09700709490798905,0.07006387408188952
0.0766850745140772,0.07915327736813438,0.042429385859185126,0.1258297363760549,0.1243463090296078,0.1174703201279237,0.17408077561358773,0.10954192741644143,0.15046319369498776
0.09013435391766049,0.118271852321383,0.20008484307424879,0.08409669196421488,0.09507269026449701,0.12803226905028856,0.13419972892009793,0.06854732689691556,0.08156024359069368
0.24402074890530145,0.17024168625743272,0.04999004375471786,0.1055599875750561,0.06833147421556286,0.09962514199849837,0.09881535915785715,0.09900291594100256,0.064412642194571
0.1091534633031878,0.08102577083008856,0.2334366699739232,0.1853951379178981,0.11444350412732511,0.10117969338830195,0.07202904747233073,0.07857736892063888,0.0247593440663056
0.1209193763802509,0.11689726463028416,0.09488559667835121,0.17382327216969787,0.1552071604710176,0.09610224444456268,0.08808788228190217,0.05847506066878682,0.09560214227514664
0.14549703737113392,0.1011567056479391,0.04845903640874682,0.07672804529176346,0.1229204118373709,0.09627820361446175,0.11866758016731087,0.0710359710086332,0.21925700865263995
0.20552493614729608,0.08842800522143142,0.047928325215233776,0.11887548691693268,0.06567607670399707,0.09716234915304321,0.06057684476878642,0.08170718728317491,0.23412078859010435
0.18615762157695837,0.09386577991687184,0.12413603699489491,0.16336451575040986,0.09652619743971307,0.09508567842320277,0.029894449687469737,0.07152925922615681,0.1394404609843227
0.06910928035162935,0.0959442953960098,0.04718314807683624,0.2686739023668458,0.10029330552470532,0.1326546418436986,0.13198271311431994,0.12846394326827146,0.02569477005768357
0.15458508047062935,0.09012119492582592,0.08204567547069537,0.14154120585403004,0.14032815754299086,0.10316391908408223,0.11903113293406903,0.09717223947273905,0.07201139424493812
0.17245614139391394,0.14749125869600693,0.09649160187904426,0.11565236087866816,0.09417685423953137,0.11291112729096568,0.09883882038962073,0.13022146406838678,0.031760371163862135
0.12677980144800574,0.09287632872498186,0.10540848982122429,0.08617990655155484,0.11062894298828065,0.09871234561416901,0.11586387983881181,0.05321158895861582,0.21033871605435597
0.10791979068358167,0.08437893058735796,0.07116531199088455,0.1319478947242023,0.125812885864233,0.11708311953226729,0.07828674549948215,0.1724007036189936,0.1110046174989975
0.04621960999032205,0.08902340928511236,0.11118845253479846,0.16968587695901835,0.17779101015042595,0.12409403182325257,0.1041215596625822,0.15475226077233456,0.02312378882215363
0.17945845284766695,0.14845394159297334,0.09120655053196884,0.04724087545155283,0.07546498836981193,0.1270157419484416,0.12339330781399697,0.07784617543424564,0.12991996600934186
0.07601772715767985,0.11479772850260798,0.05817751765261198,0.06834202076284805,0.07073052927880173,0.14684636157788214,0.14014548102000496,0.13916916668201088,0.18577346736555242
0.0794534970588278,0.14040124904391008,0.028543756566166038,0.09572614359618492,0.13144519134651708,0.12489260257184297,0.15489494564328288,0.08678270474068106,0.1578599094325871
0.06718508324567417,0.1024679268274105,0.24478187709342966,0.0971227735601541,0.10969763239968955,0.13438071354673012,0.06014127259182824,0.13282584908413153,0.05139687165095216
0.07780308436627935,0.15669453569083877,0.1476139452922027,0.07640410294185829,0.08571751921560633,0.16725309129524835,0.09636506032515892,0.12957727795027774,0.06257138292252966
0.0697875473846599,0.09124262377570536,0.2014722013160133,0.04716088607505169,0.1452412528811373,0.11095236994283446,0.14565197959924278,0.14532899908736055,0.04316213993799461
0.12725050571225924,0.10245301367082275,0.038439252903604205,0.058156394146329275,0.08270839302123778,0.10664278387373204,0.08276579712186206,0.09941562179959129,0.30216823775056123
0.10733390507965873,0.10759873214900688,0.08919054036042373,0.09787892435478146,0.10974958718017797,0.12366427590483726,0.1795007558472741,0.1649823084700277,0.020100970653812226
0.24251449661643174,0.09808763616263239,0.2790789272271067,0.030182986568435783,0.05210495479074583,0.08832094843598892,0.08320905558320664,0.056461639597472024,0.07003935501797998
0.21787638201462745,0.09992533289982175,0.09854814731934623,0.09454009357139377,0.08996280861580441,0.09847252997662381,0.16423384414916226,0.08615614844368497,0.050284713009535326
0.06104275288628164,0.11403346035263291,0.11941726822051546,0.13975310832574436,0.14761515487645024,0.1346270840565083,0.06531062301778653,0.10414320279716847,0.11405734546691194
0.0740419400842939,0.07731016265920673,0.21432025701170554,0.1811028473348257,0.121521232552952,0.11791888962210678,0.08616927957125664,0.045295931094892605,0.0823194600687601
0.16334868599518568,0.1280430506383942,0.05039977388180097,0.10706100517184043,0.08444991380855316,0.12118633605196683,0.15875891707765308,0.1489786279825747,0.03777368939203101
0.10921502551018177,0.12222155728835456,0.07605097237008601,0.11314361120132845,0.09452048365376715,0.12847848027037848,0.09503573300530894,0.08282232778663644,0.17851180891395824
0.1630942509055049,0.12988986129676772,0.0832198241529314,0.09063032512515039,0.09511078746728209,0.10988127285744757,0.13527048375863063,0.10252091108486787,0.09038228335141751
0.09601121784399735,0.08676769916536725,0.16666909972023167,0.09573455753167082,0.10795862581596694,0.1059517200918394,0.05582913112525886,0.0661576697793189,0.2189202789263488
0.10135852296521708,0.13257906319485965,0.1180809665146018,0.1123189345048788,0.16783782324766772,0.12342385117941285,0.0785703484060127,0.1023750049236191,0.06345548506373032
0.10378049322585897,0.09738533087436901,0.22708618612872444,0.0794038398566441,0.0723317154126031,0.1333925370573126,0.079481313501464,0.08787732160586444,0.11926126233715928
0.10896691006058053,0.08582193025850902,0.2940222819392167,0.07924517111491594,0.12252318624819898,0.10581993244120717,0.05100310710060336,0.08518027241814315,0.06741720841862515
0.06885803327097291,0.0603321513217949,0.18846208261498934,0.22275087149608744,0.09284234348332648,0.11765803066776469,0.03276595953763337,0.08435743562675278,0.13197309198067797
0.14401334979082936,0.09953024194111208,0.10283595941573631,0.2085770186215761,0.07530404421288084,0.14254633348738835,0.05540915184650815,0.07481222055320264,0.09697168013076618
0.08400657742513166,0.09836818492798022,0.04194820507726379,0.28061229260209825,0.1002124346802284,0.1251896033560199,0.07869860236454243,0.12854934148637695,0.06241475808035838
0.13501599376504272,0.1034517794670665,0.06964824049871872,0.11479377469918027,0.08476569470929429,0.10685770270859461,0.05669800586043236,0.05975412388994842,0.2690146844017222
0.08526368744629444,0.11884822275496036,0.053186243308482595,0.18706339501668492,0.14935666810797635,0.1161834661849584,0.06767021802023566,0.0905262183244974,0.1319018808359099
0.0813486004747121,0.0718264938937619,0.2021808062557303,0.08000511747123334,0.13457917479688367,0.10564345502592826,0.09796541236420479,0.2024246950933191,0.024026244624226673
0.12515731865385285,0.10522020784685508,0.07862895218132397,0.12449333287032827,0.0730945776599481,0.15744694629507983,0.07477551400383495,0.12060366348636448,0.1405794870024125
0.0965917753440693,0.14181729377968816,0.18230154151818068,0.055884925308409834,0.12700798049880396,0.12293429398471774,0.06941206958408844,0.05591839614510585,0.14813172383693599
0.07166621196413812,0.11059373413220741,0.207657920201025,0.08205630918774118,0.16599311502782035,0.11130463384850743,0.055713037432572804,0.13187184290908585,0.06314319529690184
0.10733390507965873,0.10759873214900688,0.08919054036042373,0.09787892435478146,0.10974958718017797,0.12366427590483726,0.1795007558472741,0.1649823084700277,0.020100970653812226
0.11161749877933365,0.12397239065471621,0.08067915015782583,0.10038324150303424,0.1744684455447746,0.11189060919890748,0.12630559632110547,0.11191523090182931,0.058767836938473185
0.08453664316958785,0.13008948747989485,0.14497630641859802,0.03854848490796819,0.1394509868582264,0.11829950007806674,0.10088366642564679,0.16870717394215642,0.07450775071985472
0.14391043031850134,0.10549069264145722,0.20835506545517943,0.09325315417989648,0.1151125927806066,0.0997251584681191,0.05261257209426156,0.0836453062662859,0.09789502779569235
0.09826876353175873,0.07971917774975386,0.19741581665717223,0.06145920661042167,0.1219724378600302,0.0966926278332335,0.06198015485933958,0.06862085954301314,0.21387095535527703
0.07885071594032296,0.08965786866625676,0.10172621265479413,0.15429805575434943,0.1642783628370018,0.1171751576319399,0.12402904607363037,0.06526141725650071,0.1047231631852039
0.08342081386762601,0.06936818162003867,0.17071548731562358,0.204420480082423,0.17886660561122325,0.09832295363320392,0.06382396196065067,0.06879271499765353,0.06226880091155743
0.046215100640302986,0.060101732722601726,0.2566470317672828,0.1545218204915956,0.12829909931682418,0.1168777739427228,0.06132253441101959,0.11490288829762485,0.061112018410025414
0.07711129767059924,0.10375230745474873,0.1461574361855853,0.16048265301991665,0.14548389460519418,0.13585960325600646,0.05774760041407349,0.12188781498789582,0.05151739240598018
0.06644188052694264,0.09701420085229089,0.19992874096056887,0.033177880888653345,0.17210977951285225,0.1050949372173915,0.1039364288820257,0.10139705120778049,0.1208990999514943
0.14738583544839176,0.07328826443977608,0.24394060154156647,0.051169816334157736,0.12163034647879443,0.08920879675168608,0.12037907419448253,0.08040096321150045,0.07259630159964446
0.07566368256172212,0.10126844151822946,0.27746521623782217,0.07904773014413947,0.10788157887367271,0.1213180900154575,0.05402542028286592,0.16925979572561586,0.014070044640474904
0.07765961919660797,0.06355778646034582,0.09283682878347581,0.20083741403470626,0.1457146804381839,0.09844002848317729,0.07414387721364568,0.06176763591026938,0.18504212947958787
0.0682582001152701,0.15458503312748592,0.061217259063057944,0.11432619874641174,0.11130872128183884,0.12471945426236743,0.1913578796188505,0.1482964674383591,0.02593078634635849
0.07211362618787362,0.08737140624305906,0.09326342046816884,0.1645996169002999,0.1449520095563073,0.12604340394981264,0.06662604195290933,0.07695630352046924,0.1680741712211001
0.054290538285662306,0.07565081809667878,0.3057486184807704,0.09195032510137262,0.19247769621311384,0.09201471626102802,0.09370527687088297,0.08110463037286066,0.013057380317630374
0.0815327665907657,0.0984725335112308,0.2650150213467382,0.15649672121776104,0.10561056768204335,0.11293399070114507,0.05871184516531222,0.08966963139496702,0.03155692239003666
0.07910659499617771,0.08483702267964338,0.13824044447285405,0.10397395863448844,0.17109574251941273,0.11255968601399606,0.09241494278440765,0.17552331782106745,0.04224829007795255
0.19030806804863123,0.10034442148262128,0.10547855914610976,0.20275780744486196,0.0855736460330458,0.11312140615912286,0.0920376529130228,0.06840090597674538,0.041977532795838914
0.12239572487136124,0.10211091751395307,0.0748533805311403,0.06452105965902238,0.10259412631679905,0.09844922807106078,0.0849755446927715,0.06253591099871976,0.28756410734517185
0.06512021520986547,0.10907753856092596,0.14125873456702037,0.047454015557107564,0.1938496671304745,0.12776743897823525,0.10244979240084322,0.15742097850964257,0.055601619085885144
0.09314359560575076,0.182070610873711,0.04192753284176831,0.24211822219073179,0.10192290151523518,0.12953160797912858,0.055946168667806606,0.0918735983036361,0.061465762022231675
0.05520848565189782,0.09101384954763843,0.11476219758178403,0.1427746376085938,0.1223486507477448,0.15833108066886958,0.08478972837273198,0.12108218279040979,0.10968918703032975
0.08865625050615218,0.12945580722679395,0.0702401475759073,0.08563322395672439,0.15690563651945608,0.12174504745048599,0.10599979257470653,0.0983666101490137,0.1429974840407598
0.13763837057194103,0.07563549545028075,0.11082812719698154,0.14523400902242067,0.08768669248489969,0.10998205634420244,0.0820345004457304,0.08395973529354998,0.16700101318999352
0.08304256721700012,0.08593975254686621,0.028359553392936738,0.15992551733525873,0.07991446915118851,0.10210991675769843,0.10677275037641087,0.0996191438017474,0.25431632942089305
0.15999196465167476,0.11176741107962579,0.04186604036640159,0.07942281403456035,0.08982573290181699,0.10391845600674438,0.12690900269330074,0.10235683805670519,0.18394174020917023
0.09488826917297936,0.13750614869613265,0.026486135909762416,0.1826543887249378,0.0937338010263518,0.10464391795813353,0.11692755626567175,0.2220189950828769,0.021140787163153856
0.09645083108152823,0.07021483448151858,0.14716012569264228,0.25469795235285897,0.15147363400177394,0.09537378784533874,0.035527055210256536,0.129140223883441,0.019961555450641672
0.15683364610665798,0.07801997262136973,0.1341908826261154,0.0755800191360993,0.12083504374255578,0.07684307970136843,0.06438406683863028,0.04788529492518064,0.24542799430202245
0.10887295584005725,0.08109056928363104,0.140657991660514,0.13448043557434217,0.09188837059473327,0.12389649014137451,0.0930950939084787,0.08426991012528105,0.14174818287158805
0.09566848346700203,0.08394719812217703,0.1501457252965813,0.03270121466314089,0.09306472410883061,0.10247521286567478,0.30152377660412316,0.12444083991355676,0.016032824958913425
0.10786530346283485,0.0945747608813748,0.17701111859095323,0.1102186774974858,0.1476966849646438,0.10360867486925528,0.08369083590800018,0.05379406560500225,0.1215398782204498
0.08244107376266137,0.07104972430020588,0.13192737431684234,0.13727237906346176,0.18289704096714057,0.10256619551026906,0.12106978011233567,0.14601206612128984,0.024764365845793484
0.12248932952857434,0.09373662676144251,0.06721619801150987,0.0776246495332266,0.06366026778848559,0.1168416152007542,0.17588994012475598,0.060987711017083036,0.22155366203416782
0.09421741668208071,0.07424344567810946,0.17604501286687446,0.07576048191632109,0.12128923765603543,0.11079117750074585,0.05494377016341021,0.10247507238087462,0.19023438515554814
0.14333771177612464,0.08183089003097059,0.08539425431499537,0.12158391289880573,0.10235144343172853,0.11014890922748173,0.1059101686556551,0.08503227478765314,0.16441043487658522
0.12458335941226405,0.07330141245000209,0.15342607419046847,0.0911917334129408,0.1287350613264259,0.10332440450612627,0.1908312680546661,0.0862624158803565,0.04834427076674982
0.1352259191782704,0.09708718393049787,0.338821574013975,0.03922495827095604,0.053100284807271976,0.11565920341085789,0.07824372339252056,0.08166806061911418,0.060969092376536194
0.07676053830955192,0.12398668474952108,0.0813404486665531,0.04884361955335912,0.15807815579143517,0.10986530610702118,0.1285523184465434,0.07726501920028912,0.19530790917572594
0.11645541357502785,0.14536476331877324,0.047550381884039254,0.03862161781877021,0.14126355268525184,0.08998447046197232,0.13847800367285534,0.20526362688971042,0.0770181696935996
0.1505125622606729,0.08169602880142646,0.13092362297385246,0.14202701897516068,0.12595413325589208,0.09897721554467727,0.04903847887208518,0.11941206982533281,0.10145886949090017
0.12433743704393944,0.15318393939624295,0.06186469479079187,0.1002964682986169,0.10307806080627828,0.1287098967170647,0.14482527094940986,0.15553124431439327,0.028172987683262752
0.1949560074658346,0.09490684888765923,0.09918080947747139,0.1196920981732762,0.07214577369337148,0.11031202506244404,0.1278131286256087,0.14123872981915842,0.03975457879517602
0.06672149697311656,0.09648629379590268,0.13240956562515926,0.17501093588043345,0.1600839007901471,0.11839202022045069,0.11441233302159164,0.06068377938394531,0.07579967430925334
0.10661895883805315,0.15834392029451,0.07510111590206645,0.07531671253357519,0.09936831118902022,0.1282255463995294,0.15868875314779665,0.11317162522494191,0.08516505647050694
0.17851614704530924,0.09362098154642384,0.12543432212299163,0.1279996321873576,0.09265394848927329,0.1065820419524568,0.0975020792273848,0.1530339862096546,0.024656861219148184
0.08837457791002795,0.11152997899292628,0.09869597544768334,0.16469536510843408,0.09047696938845555,0.11974124282740335,0.14713819743658993,0.16576368960462176,0.013584003283857747
0.11844641332716527,0.08585566642697046,0.24786137466437255,0.040389747129080895,0.07436018413622807,0.10033159090477912,0.1842514308107371,0.09050843781069136,0.0579951547899751
0.10767513882592228,0.08987744575165968,0.050516924942492415,0.07182861173303796,0.11866239438080856,0.10649842150599416,0.15322560755036915,0.08297837395581281,0.218737081353903
0.10091136675398717,0.07018019370536478,0.019119585384183086,0.11121736193465215,0.08294350276568502,0.08300032816855261,0.0558216013872073,0.05751262670499665,0.41929343319537127
0.09443547702104922,0.10122981891809896,0.11128904641281667,0.11905558921508612,0.12653919394593746,0.12572747602844855,0.0882088572418004,0.07261314094966723,0.1609014002670954
0.15303307270629926,0.1138969676428148,0.0909328031659523,0.13641105782160173,0.111288729008704,0.11371823179561881,0.10775994479522721,0.0989117321286564,0.0740474609351255
0.16150063200766238,0.10782141969356285,0.06115490282408825,0.06504858366112239,0.05083699783114525,0.13413904094235662,0.11059244949033524,0.1655384286749475,0.14336754487477957
0.10037877307182885,0.1265129209820393,0.08287557772577396,0.1725774665861798,0.14949187029852298,0.12703073863863584,0.07190180512798773,0.12586118386231818,0.043369663706713274
0.13724162347450955,0.14727771030339845,0.018551248218661564,0.04160849171340874,0.06086571404934124,0.10063375986274921,0.1677958740674387,0.06848379877620774,0.2575417795342848
0.1206636183779195,0.07511713605538446,0.07679158135924878,0.2780607597695479,0.09583769705090994,0.11329413884974565,0.03982034481193709,0.1026267959418254,0.09778792778348121
0.08206304669580687,0.13481742601494454,0.16473091689412758,0.07110958334291827,0.17409333452317607,0.11927956747131697,0.10837602108788881,0.07318756882334837,0.07234253514647249
0.09184117150703018,0.11687987744668622,0.14342128220766745,0.07360400804688966,0.15920409430051113,0.12247622293183308,0.10472850161374996,0.09766407533619981,0.09018076660943249
0.09883688930560248,0.11114317939501754,0.08799861307104835,0.1148917992948549,0.1574043494191999,0.08644739736393765,0.08728057498431945,0.04900856094752826,0.2069886362184915
0.08310088317353972,0.091385739009064,0.20702786078368363,0.05854415549567893,0.1593407489937241,0.10461933657097977,0.13705536095441512,0.11940901324551378,0.039516901773400996
0.08086981454218152,0.1393293531256338,0.03446559439659466,0.09570239377349525,0.10232611333975744,0.13199351250944222,0.10664516185634702,0.1099202528769813,0.19874780357956687
0.08640377362855779,0.09120803709936524,0.15150540786865307,0.10213919484272312,0.17596779509166052,0.10343805086345877,0.09892880929896612,0.07547598987471324,0.1149329414319021
0.08253778746542957,0.10861496185485518,0.14140529861707066,0.08752492119993843,0.10693919632300564,0.11596296426571812,0.14815265749037987,0.2034560037862474,0.005406208997355101
0.15482919773127832,0.10459931032675879,0.029472744152869726,0.09108698920158947,0.11554404476730874,0.0865165283439772,0.0777176543301607,0.06404038863991951,0.27619314250613747
0.0946542258185593,0.13856229516153162,0.11144429759351614,0.10217383129257596,0.08547559796677344,0.15478359495268312,0.09780664235158944,0.15278022359453547,0.062319291268235565
0.13613345739420127,0.14008808032336986,0.22547840599927804,0.08342545556965869,0.07129503912680242,0.11020334196575972,0.07717303871554043,0.14005460849951867,0.01614857240587082
0.0649107107831126,0.1125023357819438,0.1234389736143921,0.06722455986541613,0.1864140305428629,0.11467301232556693,0.15905441792132832,0.1469966165705051,0.024785342594872098
0.11341294075369247,0.11504755428492752,0.09109456062476497,0.07605080782050001,0.14303758618341852,0.10757076439832773,0.1481858314346667,0.10749798928801568,0.09810196521168642
0.12973981760161388,0.17554871194755242,0.08901893398476841,0.10737773999792687,0.07305488289752299,0.137845114651884,0.11069713025144101,0.13899597368550556,0.03772169498178485
0.0883189192216839,0.08755548776920048,0.28973540172281387,0.19847001813332532,0.11687936720333301,0.09678458201640054,0.045072748720345314,0.0573775826246802,0.01980589258821734
0.11409348202689103,0.08397580232633345,0.25348183868184754,0.12808163503868153,0.10845168665178538,0.10668409859035548,0.06088677473224141,0.07116802515871613,0.07317665679314811
0.09700757673262388,0.11645147728026319,0.06420697089113259,0.11350740669568103,0.1772529881845052,0.10369892725298935,0.07039249886237235,0.1451158119678914,0.11236634213254108
0.12527263956625376,0.13888228793758714,0.17429099366306885,0.10735065885088095,0.10036703741857968,0.12673571164041472,0.0680001636276822,0.06558811016362752,0.09351239713190529
0.08542630713296558,0.09963890014752595,0.1794552539141808,0.08988431832535493,0.17342027028160154,0.10654758411930858,0.06311547242160698,0.08541916362967637,0.1170927300277793
0.10525327419440063,0.0842562686225972,0.19593577271392715,0.08870873247436013,0.09444947927374105,0.1072857102329634,0.06367127012060424,0.04873438105867512,0.21170511130873107
0.06764463031515487,0.09177321597646593,0.259774824836877,0.08339316537482004,0.10565834959376424,0.12106528925658655,0.17352214928968782,0.08517915259859245,0.011989222758051041
0.07131684600196131,0.08801806852895268,0.055581167446466496,0.11374769568027887,0.16571573943069573,0.10610975789379405,0.17021373336237686,0.20275110898193582,0.026545882673538187
