0.017410934626359436,0.16986281511938084,0.08254476992141073,0.230945423039108,0.07952741811426584,0.1045877570118093,0.07781188422538575,0.09150310541391665,0.14580589252836354
0.04706953215267933,0.10759076295051444,0.06944798631711302,0.03885351727950467,0.22818966651576375,0.07469484940574143,0.12997426555072275,0.08358910629336047,0.22059031353460012
0.10318447091379905,0.15507316158740622,0.08007583015616243,0.0866840048484393,0.08311761598324457,0.10560115422027246,0.11623704371432354,0.12308187156603871,0.14694484701031366
0.030915860969843917,0.19276291854796243,0.05335658791426559,0.03489856084676748,0.3423182811145164,0.09269508889369582,0.0734399468561826,0.09339640016277335,0.08621635469399254
0.12126998759875111,0.20625493637549722,0.048593726705038504,0.047733671809287816,0.21095571502489263,0.09736790437399452,0.08634268476142533,0.10092352939115805,0.08055784395995477
0.03511755621816305,0.1580763241003371,0.051213135118715676,0.09806091492133644,0.15780383520831337,0.10987840699680546,0.13141927353928098,0.11953038814272869,0.1389001657543192
0.03819704873049825,0.1503405952399182,0.16676709805360965,0.14059590982950454,0.20123416394754726,0.06132510277683729,0.053258432034081156,0.08185288283758597,0.10642876655041768
0.015116025284309519,0.11082384460120058,0.06007983242717286,0.05248545382725439,0.14825041486819476,0.08970739557572953,0.08877715674078646,0.09852196337976753,0.3362379132955844
0.058603985043424796,0.14940730345630587,0.07536390297084007,0.1347925948423844,0.18411891004140749,0.10776723534505644,0.11077746260075168,0.11419990096752519,0.06496870473230397
0.06471051221794466,0.20387706647173875,0.08142328852432633,0.06776134308750316,0.10039575364218371,0.08980481783502958,0.08164603125441207,0.10014117592424567,0.21024001104261603
0.02660762014524136,0.15201004976214272,0.11052549528802225,0.11365330451281014,0.2098674310008457,0.08348659080582616,0.07488991930293604,0.08908351848461667,0.139876070697559
0.05173062081400722,0.11467375525789696,0.09865342887284478,0.038307795585100314,0.06960833546948213,0.08592368724968558,0.07488796317286678,0.07666559723136307,0.38954881634675315
0.05077623647861677,0.16932727208189421,0.10524670047878992,0.1506636920939115,0.07280197143878724,0.11395923086150607,0.07813216747192704,0.1080723259871348,0.1510204031074324
0.06903755875933829,0.16790164504271754,0.07390652187541065,0.04171219395408577,0.3442725146622281,0.10162607663888806,0.06202634426241796,0.10301283976351781,0.036504305041395714
0.04522674031532355,0.20529683932774004,0.04389898518261758,0.06726801344125159,0.1023889244796895,0.09654415817872475,0.08450673483271205,0.09583284583148956,0.2590367584104513
0.13286205589283692,0.10964589365229899,0.11836397646071266,0.13598146459906651,0.04592579014124503,0.11658981617054363,0.11128979680657197,0.1328814646229706,0.09645974165375366
0.18520552746988928,0.12800213703017269,0.05996307020537598,0.08365065855730187,0.06724364158942676,0.11292550809440392,0.15791171020224828,0.11390766780305889,0.09119007904812225
0.10788306752260164,0.1427824827298256,0.15644296048118156,0.05933906736964176,0.17867111493777785,0.10250925138616107,0.08288091090131523,0.10437218199688819,0.06511896267460726
0.022747653262897283,0.15785935169181856,0.14913187442512396,0.08528481016010037,0.11583302046145565,0.07106302127063628,0.053182027882035375,0.07677394524599283,0.2681242955999397
0.02906737918119537,0.1094867919580058,0.13725310800622784,0.06911820165532391,0.0609621909130175,0.09172005694568952,0.07028608002370279,0.11481271801643848,0.31729347330039875
0.05318829310511166,0.23391362574888974,0.11344365699051351,0.10261403415727588,0.22734466944074852,0.07446841122240945,0.08435179550737025,0.08726117988695943,0.023414333940721562
0.11240026439587425,0.11547156409195329,0.10542348401296597,0.0817607791526792,0.12708495221627467,0.07350317935546496,0.0535627367336563,0.09089138484949089,0.2399016551916405
0.06240982040483064,0.21496215726294007,0.11018686177853572,0.06075524202684674,0.026411355522864933,0.0889785073804192,0.0736570661397589,0.11791217769903733,0.24472681178476652
0.05731239131772859,0.1251073585839393,0.04326139996473885,0.03630073241737126,0.24812357564486529,0.07091822897491694,0.07217048897255883,0.07541580919820715,0.2713900149256738
0.008220793058423858,0.1605274689530902,0.06527701790137928,0.18808800203590526,0.2142003421499883,0.08845397458838895,0.1078254388179618,0.09765865378870647,0.0697483087061558
0.15114904750938202,0.20174347769875414,0.06729234890627377,0.03242284263081169,0.22711430035103275,0.07258195626809315,0.11568075091886272,0.08345545027460223,0.048559825442187565
0.04955800857500634,0.10912000293934476,0.105757577222021,0.19192502040198892,0.15828832663619477,0.09791305479789086,0.08770838129226528,0.0948108017680351,0.10491882636725293
0.11999082157580365,0.17368812226327143,0.06638181195978693,0.08021048156206746,0.12787431489039433,0.06502054339554394,0.0803625424882489,0.07731593379096958,0.20915542807391377
0.006132500860687561,0.10373422400270266,0.048596904334669504,0.15422325866288925,0.40171150327960997,0.07235549035949798,0.08892032008886212,0.07253070890812807,0.051795089502952855
0.14144970816688326,0.0770917368464017,0.13574114088156952,0.12466438883960462,0.05875538120543594,0.11012026957060915,0.1211619881613154,0.12145870705763788,0.10955667927054252
0.06721047873346765,0.24655731535470357,0.12412629924402085,0.05557289768009926,0.0630868734616215,0.11043745934095679,0.14119031914655944,0.11374803308270491,0.07807032395586612
0.3098860759667359,0.08744147584906951,0.11027316748875067,0.04379533349189313,0.21494371548575075,0.05442366751594437,0.10014285982110366,0.0734100416219232,0.005683662758828831
0.023263846990843638,0.2500803305271955,0.10079158809036602,0.10295678348756789,0.22640740761833744,0.10791802590127697,0.057341275320905105,0.10484596153696168,0.02639478052654573
0.031058243965424014,0.2579880783774661,0.049387992444138745,0.08566722995890712,0.272156465767565,0.08580407683029324,0.05700525389847253,0.07424075738696294,0.08669190137077033
0.05764026129765195,0.11946847890091605,0.1066726336019566,0.10308797675158081,0.06135324776879605,0.14662447478835314,0.11148532935864143,0.13058589706377566,0.1630817004683284
0.2898400183219071,0.10681194486941414,0.0640621006914805,0.1350820265805681,0.08125992140188971,0.07572568698401462,0.08928665992032858,0.10235819474928297,0.05557344648111434
0.22949867444450978,0.14296943782109647,0.05541135765321616,0.07113734990271738,0.0960437782435996,0.10413261089640931,0.11298360204390868,0.1080814753883868,0.07974171360615578
0.13874920717513242,0.20725469334014282,0.10072362907070666,0.07533345727218697,0.12077562175617085,0.10772576878299338,0.09378007653569738,0.11103672350262617,0.04462082256434339
0.12918813565027343,0.10421460811302348,0.0536764014785501,0.07867235464260303,0.17488598247894094,0.10024094114713455,0.058170481987242395,0.09459361355437997,0.2063574809478522
0.021728340070242724,0.19431503970649358,0.06869520637815192,0.1438096382022311,0.16719680605641354,0.10543367499878868,0.1345469232770462,0.09561248884802938,0.0686618824626028
0.013122859708742203,0.1870264108911419,0.0618700350309259,0.14394309318198945,0.2820563212241465,0.07770094895354986,0.06665465006943162,0.0915109474249367,0.07611473351513591
0.03862350652949034,0.07242599169238136,0.06710599512261942,0.04301855306721186,0.11067630725862737,0.06516750587171809,0.05514711455814222,0.06440375856250598,0.48343126733730335
0.06413432192099683,0.07909967157216385,0.07477340010026029,0.09634314516691661,0.13883577920701873,0.0644766183192052,0.07880812413201027,0.06750633978787142,0.3360225997935568
0.022634427325012696,0.15078802566754537,0.0733705500574172,0.21901816749471345,0.04628329527975857,0.15834132057679437,0.15451781453266464,0.1133426494394939,0.06170374962659989
0.06809916084995116,0.18096864764818532,0.1394446788837841,0.12318088222372352,0.11651939600057566,0.10081887741671132,0.08498268623476256,0.11057740883852518,0.07540826190378126
0.02200782784649792,0.14134297241423074,0.08801095376382244,0.0732719695070108,0.17437831724982478,0.07562797935756398,0.05363688878149996,0.08392523850447721,0.28779785257507223
0.036115922987662086,0.25857476984184796,0.07301483049479648,0.07172165255237617,0.33404104493001857,0.060254506090679116,0.0727233260405633,0.0704458293498846,0.02310811771217172
0.05730522124620546,0.2361011086082808,0.09328074644493377,0.11922125775707425,0.11516412127634079,0.11995233846111626,0.12298808460220421,0.11542340163749938,0.020563719966345134
0.02621457345796847,0.16519917765078465,0.05142684813029397,0.028066720318141353,0.32989612304138544,0.06350297432998143,0.1431371286857338,0.0694918622956654,0.12306459209004554
0.1424799834141515,0.17621390761187716,0.07415257445402862,0.11722627553026539,0.11977804681870852,0.08515626044753509,0.11057989087644444,0.10758507893236981,0.06682798191461954
0.040262519732992504,0.18532290523879133,0.09043743507915657,0.11350567952696393,0.20111467870658525,0.10073639810075626,0.09487539967175934,0.1023246142496308,0.071420369693364
0.1369479475069001,0.17981419023065728,0.05106598459322944,0.040731100425657966,0.0686824535404969,0.07374719153740834,0.07854824707059549,0.08501377324892068,0.28544911184613375
0.06659670474683117,0.25435759368666716,0.06062784943018962,0.07024812274536349,0.12691713110002198,0.11185426214647232,0.17751703292708707,0.11083537935403893,0.02104592386332837
0.044358505117558455,0.2189969285358515,0.07480941979651963,0.08830567909733496,0.158348651025358,0.09284073324291149,0.19119155244144434,0.10559327643283634,0.025555254310185238
0.23417407289252526,0.09721022707051984,0.06390930915201286,0.12530925081557964,0.1284911412639884,0.08263290934724314,0.07710631253928056,0.08831066481484334,0.10285611210400702
0.048863428357266835,0.19637352596856675,0.08044231156023211,0.14971409539529876,0.19591479369792122,0.06736988593610556,0.06031873935407769,0.08498167066568772,0.1160215490648433
0.03398679645907898,0.1841389436066665,0.0545849922342127,0.16183169438521847,0.2273392581373714,0.07649658744029615,0.09311390145198367,0.08794669261414996,0.08056113367102212
0.03004174202879546,0.22619924073286005,0.08650100086112077,0.14765482029410532,0.10562044786863628,0.12424480425102785,0.10627451396580824,0.10870188034674233,0.06476154965090371
0.05411488630093597,0.17041278416701863,0.0932074065632207,0.18532250420273533,0.10129866930091869,0.14103964025554153,0.08690886027206603,0.11066616052145668,0.057029088416106426
0.18152358630895274,0.1005331465159776,0.06584499911030293,0.19027227040870098,0.06939241128536947,0.11000633885523119,0.12372940692632688,0.10365102018872434,0.05504682040041392
0.11341421349677232,0.22959493755881297,0.0671866381391163,0.07930104631407602,0.1847368917660226,0.07829608267968476,0.1105045666704015,0.09913519729167102,0.037830426083442496
0.062986008472341,0.20131278314313514,0.1375956207010357,0.062075564851692515,0.14586971768365076,0.0893758370444306,0.11932998287416498,0.12274572273608186,0.05870876249346749
0.12206839202807307,0.27467163613630385,0.041841231040147586,0.021400482502791893,0.3641129984751023,0.05979841938207711,0.05208090064520158,0.05804670491724484,0.005979234873057824
0.1426418110497216,0.12435797607801054,0.09479477806233978,0.17243890114348828,0.12160218585784004,0.08937527525199673,0.09905771423682293,0.10517552660086009,0.05055583171891992
0.03777432468839496,0.10328171648657729,0.19929879119952623,0.09124439526257287,0.07370094560225496,0.1873211724128374,0.10271182229622795,0.14525538279261396,0.05941144925899441
0.044124696338223156,0.1917090547714367,0.04660851076540632,0.05251417850842691,0.2818096202032831,0.08007984814630735,0.059540207309328595,0.06711820615358949,0.17649567780399844
0.027253524131870974,0.16484673953093773,0.19249511656682747,0.13865132054936286,0.0692955869762199,0.11761434590665121,0.08561339363011568,0.10838242692855389,0.09584754577946035
0.011125299606713587,0.3130701220323132,0.09062472948335777,0.08017155174601419,0.12027615329786616,0.08005397425231342,0.08327669637256647,0.08999294234360654,0.13140853086524856
0.13207840813584157,0.07340540466388921,0.04890309244129287,0.22921194656151847,0.10938055824299596,0.077119532124122,0.08725398191059024,0.07321832828687776,0.169428747632872
0.09878054623384917,0.12208483946920594,0.17621311623685113,0.10198882205774747,0.047511325485790394,0.13218435314955393,0.09157440606924105,0.1305982848089732,0.09906430648878765
0.07733699513608022,0.11120934450025939,0.07513762476585774,0.20288109989948047,0.13052142112912501,0.13237598801047112,0.11169587974953016,0.10957529861583078,0.04926634819336506
0.09153019965653691,0.2059611997898382,0.10127691389933613,0.0650442411852442,0.1828498219538948,0.12914981629600905,0.05115029672704582,0.10529552923669862,0.06774198125539631
0.02772153518883108,0.11361082448330535,0.07845100135249074,0.09765036286900337,0.09456768678456882,0.11288288376232021,0.1436654462037302,0.11600275136852362,0.21544750798722656
0.23222857563552038,0.20278453279064065,0.0614946261599604,0.09671808257775782,0.059209634599283835,0.07288229469011999,0.05802832563709077,0.08510448591820002,0.13154944199142612
0.09347203445244712,0.12818045691960803,0.05025618962067338,0.07510953842639014,0.12269667767903551,0.08413078412312668,0.08397625249863759,0.09654060878238652,0.2656374574976951
0.048404396812090356,0.3029523093263735,0.06236819439501912,0.04816821903746404,0.0700015131356928,0.07848841767799102,0.07074255216583193,0.09555079441409164,0.22332360303544566
0.08353135286306307,0.18595408826240958,0.07647744905958036,0.12915205141603062,0.11369442308671322,0.12671642449319676,0.1182587398328399,0.12201092316794888,0.044204547818217504
0.04970523593802565,0.19696732327150848,0.12037186913108398,0.10585233118864777,0.07799708007665301,0.12100216891393334,0.12386610197755427,0.13515345921952496,0.06908443028306853
0.08800520586537597,0.10297958372149907,0.13163161868513198,0.07810182581873638,0.124190776444993,0.1405974427855181,0.12897588469912047,0.12648438860255973,0.0790332733770653
0.16492667440062378,0.2112764799984411,0.07460696705239778,0.030690468803964796,0.1983984622309155,0.07359149540865614,0.10862876178256727,0.10183144908412789,0.0360492412383057
0.09332957975075129,0.1468315524669232,0.13945049378516533,0.06507610212269486,0.13405128486956389,0.0947229963909164,0.12011167174693178,0.10078790744113382,0.10563841142591941
0.15050269116241222,0.1284313221965553,0.048504190919653876,0.059901070483454256,0.3137674442848262,0.06410282609119637,0.07542179989813858,0.07150184062689467,0.08786681433686849
0.039797565491463016,0.07634214054240027,0.0679172476560092,0.06931762450573334,0.07477209117116373,0.07392053341802417,0.07677733948832012,0.0888512649487746,0.4323041927781115
0.051313660333451395,0.09892359242068856,0.1445331101410853,0.08615562325551317,0.056120056708465975,0.10835854873183208,0.09878144845662419,0.1227057920506805,0.2331081679016588
0.07541046851042597,0.2567100537166445,0.0991269971392235,0.10022142794721489,0.158246554638072,0.09045149612315291,0.08625226701008959,0.09164415492078892,0.04193657999438779
0.07049600314395883,0.19768737561418495,0.0584260035423606,0.1782178324666092,0.1304940346971288,0.07303504984341581,0.09047668148994055,0.08899430310969585,0.11217271609270535
0.07547746377774246,0.19410805303628273,0.061009877048434746,0.07469656628744491,0.1477554935275097,0.10499512991075775,0.11019731180249985,0.0952825037883835,0.13647760082094437
0.05331473148529544,0.21402661843823903,0.05991978159345435,0.16667980237792857,0.05804104419937691,0.08112208642251602,0.156183999298213,0.09720338226092566,0.11350855392405103
0.17522991708881963,0.16501603498615247,0.06791863871554434,0.07449257158923074,0.22543166150628632,0.07317206395714282,0.07647486415587545,0.08364105262057374,0.05862319538037455
0.016258728163886547,0.13682304144907798,0.06922211966608527,0.048163801017643136,0.1158935803348397,0.08889129289978553,0.06624773501633054,0.07216803000819437,0.3863316714441569
0.11001893944071665,0.1428844435092733,0.051944126163794145,0.07049138617415006,0.30523896921224064,0.0710770369097998,0.10565166165728528,0.0847429967386274,0.05795044019411275
0.03842115978688584,0.18361509657851816,0.10351007145169992,0.05130687625718141,0.10022717996460019,0.10769811682388847,0.09963104177198856,0.10076559457303018,0.21482486279220722
