0.12348235538551526,0.08327671214887443,0.0439457209713735,0.10687701732002693,0.12004593251381009,0.09291057304934537,0.04833683848999437,0.14126489846413892,0.23985995165692112
0.13790038604825974,0.12162509881615784,0.11478857229140708,0.1614844455143643,0.09333205843102628,0.09512722911414047,0.12826223694435349,0.12331846060900002,0.024161512231290885
0.14317437141903214,0.07156564560273299,0.054669059967352024,0.10042318211941752,0.07046429306797093,0.25048603497859573,0.031782670864004804,0.16211855302436737,0.11531618895652655
0.12218931781523591,0.18906618761965355,0.05067727531967273,0.09425717667755405,0.05142784123497048,0.08166698984433486,0.11709121181405684,0.07751112353353244,0.21611287614098917
0.15330463090588697,0.20101982349388506,0.052307781124118075,0.21088506988018185,0.09467576837231377,0.05556953586063032,0.02663748374594002,0.12258382595492949,0.08301608066211445
0.1220075595890908,0.041887057170507724,0.0464182838955929,0.10680155862519135,0.06497384504558551,0.06629161454761828,0.3313554023918746,0.1813346865264803,0.03892999220805855
0.10640762894752485,0.04949346841160363,0.054977829173989384,0.09940754332180157,0.06057925911563627,0.08827322941846459,0.43965530898794203,0.09419794821235965,0.0070077844106779625
0.12420013212686515,0.08485491073012712,0.07317396637746144,0.12182929154278811,0.184092766534957,0.06590661800208004,0.2576200408294343,0.04904500045658806,0.039277273399698866
0.07104191861380042,0.03541991720255717,0.012966742088547171,0.05601026062728046,0.25398905060567456,0.04475246151434281,0.0362668197949385,0.05156562120391972,0.4379872083489393
0.1162208855771021,0.09905818834579434,0.06271812045493445,0.08099498558969022,0.2041751612912602,0.08730349036325648,0.14617793369392254,0.1063434086218616,0.09700782606217807
0.12720503386407847,0.09738577472599824,0.057235345204793654,0.14244079418497269,0.1256312400324381,0.07069618138118684,0.21262229568839708,0.08906727846549051,0.07771605645264441
0.10699461267969557,0.12769382722792222,0.01781702738642041,0.07739982394424508,0.29421029181556774,0.10406875945347915,0.19206940384115975,0.06101558230765606,0.018730671343853915
0.11413318717778086,0.022359444610051543,0.03825020994290682,0.09973339135696473,0.10106917781758351,0.25616974990795954,0.13418557515712365,0.07428270295370253,0.15981656107592682
0.1309992387274664,0.22652839148092752,0.04869724053265533,0.10345875076249984,0.06297808883822988,0.21038629624378494,0.039518157342944366,0.12177349121500336,0.05566034485648854
0.13297048851970264,0.07206467750292507,0.07698853392210203,0.14003049046731944,0.08789553564210441,0.11071871217200702,0.026221455736500494,0.1845357419386072,0.1685743640987316
0.09991437111119757,0.11595960788655853,0.022725194711400443,0.06588448113949008,0.18874495958152412,0.045984147720010304,0.33860033473672074,0.03804578995963775,0.08414111315346033
0.10613346238426002,0.10799840424154483,0.04258114169603567,0.07462767462542362,0.07101830549342658,0.15385374186061837,0.2834630894266854,0.08507888504617843,0.07524529522582703
0.11232621454799885,0.20628023944645615,0.016836801165809122,0.10711655404545777,0.06985566161475527,0.07857995988020174,0.2650255931724512,0.0771298208338783,0.06684915529299156
0.1425809915991045,0.06890347317638773,0.10719526821329012,0.138087467514581,0.06614354329536856,0.13978106925871195,0.05923337176141061,0.1382879246112704,0.13978689056987512
0.13847048150703026,0.17025630207139364,0.06996597089820913,0.12187016251717438,0.09046648007663831,0.07152764586496926,0.11756582840932144,0.09567691338270401,0.12420021527255953
0.142257427534635,0.0867187821677889,0.2468655375721074,0.1836300299330064,0.11662953088087337,0.05880035551687274,0.026851573610358382,0.0796237584636374,0.05862300432072032
0.1251986365067579,0.15039107895811787,0.046642306406903866,0.10843804568103711,0.2269177174933892,0.0989279631479642,0.12222429098398939,0.05957350208243398,0.06168645873940649
0.09408005730123119,0.14815695318107527,0.044262176851024744,0.10340153287896385,0.30783951263921583,0.02441090329800558,0.06555235851312222,0.07279664887944959,0.1394998564579117
0.13703868126641366,0.10059457095313047,0.08253141946447742,0.1421389191086744,0.14122884741380579,0.09357626174185134,0.13499094573824544,0.14002408820613443,0.02787626610726704
0.11319275811323769,0.0791050952719386,0.04338978440554877,0.0853928460523461,0.07882264246244229,0.07952192075129266,0.4247470099081588,0.06561867998029654,0.03020926305473857
0.135424234465402,0.06463897830314005,0.0820572924597659,0.1806688378533028,0.11717163065090676,0.11809294560688466,0.11246027511454003,0.05547620049056414,0.13400960505549367
0.11518308662559656,0.08591537331425413,0.038873310725512616,0.09632126636362699,0.07243791297487075,0.14254066414396285,0.28313894334452383,0.08606850817802096,0.07952093432963127
0.13744262114264963,0.08605501852650214,0.22704755698017345,0.08411927729664538,0.12356663437769322,0.06585670910187101,0.09117511318239829,0.10867533448078914,0.07606173491127777
0.12251383108922394,0.07983585244298118,0.19510196631239937,0.1339875053546941,0.1244920187053042,0.05227477812527349,0.1355738239825748,0.12167089609650727,0.03454932789104156
0.11075519021622354,0.11099672397573113,0.04282019354402348,0.12956066247337386,0.08430492687720564,0.12288345769984432,0.296659087902536,0.0745296653550646,0.0274900919559974
0.0927015139434423,0.13849677346228215,0.03743569138842237,0.074388833835315,0.14968812984926383,0.04483750889472166,0.37711697938124605,0.04292995206196424,0.04240461718334245
0.15331557173671262,0.08278191778208256,0.09760896899940184,0.1430881052334837,0.0949154497601386,0.11279735693124608,0.042173633169391676,0.14889544759065068,0.12442354879689221
0.13919793215476903,0.07345108072467908,0.22467873181581377,0.08266086973648486,0.2590578075825667,0.09052630982810424,0.04323458476433916,0.045226227418113975,0.04196645597512918
0.09362394270062369,0.09104237531386694,0.07083428255168857,0.07926140328117691,0.1905087153616778,0.036560818095332105,0.38721599156324343,0.03588108130251733,0.015071389829873286
0.1374140482485001,0.06990810493583609,0.05086893053460701,0.11458125830730093,0.2278474078959105,0.15055558916078268,0.06001846014865325,0.12115743195157842,0.06764876881683106
0.1345920549508441,0.09909796896490308,0.049218905025645306,0.135130456258405,0.21742535751549452,0.13641317211076986,0.16608423772893002,0.04346667817580472,0.0185711692692035
0.140776434529836,0.14411393567726546,0.08070194174686744,0.13436092667786545,0.08561686289823829,0.08453613502790021,0.20680898884894017,0.08759166032210802,0.035493114270978975
0.13781220273345152,0.07646786442035819,0.09269715474081706,0.10990937776056298,0.12178123180826166,0.11636713043778206,0.1383250524683566,0.1161975814898127,0.09044240414059723
0.1343235288411578,0.15660748435954608,0.11717508293022606,0.12540030742010394,0.1373908648149359,0.06343580082093413,0.14907438534545844,0.08918098008972919,0.02741156537790844
0.1377122612126405,0.1650069925855824,0.045182924157320024,0.1172342056234904,0.10328138601599818,0.17101516011435566,0.13067399771180932,0.07356950749513853,0.05632356508366491
0.13543904312117136,0.10136767492867467,0.03163940159234335,0.13371213936316417,0.18514368851781207,0.06953188181137268,0.17199654614380097,0.0992940617270129,0.07187556279464791
0.1263346191242192,0.06705305224632233,0.03952413595019272,0.11360218415905943,0.07921285316168662,0.156451883803421,0.17822687341566454,0.06554702035133736,0.17404737778809665
0.1538154935374443,0.13146186117143016,0.05802589793106616,0.12874618236887814,0.0772231745700564,0.09273646923831395,0.06761888221943542,0.17930430646781526,0.11106773249556023
0.15560897626857592,0.15244108850626234,0.04255476977766411,0.17562357169797846,0.0764107234771224,0.08369452927894983,0.1332267998276914,0.08783836238355497,0.09260117878220064
0.129188634615087,0.15334761735673072,0.04628239339212573,0.09856436235014025,0.10370385948738359,0.10368085014187188,0.1930662078287262,0.1547324540349397,0.017433620792994972
0.11291236483525986,0.0729769626875578,0.06305372483757064,0.12375357752764797,0.05740358590255187,0.08966066851447878,0.34959313887017657,0.04695093570408054,0.08369504112067598
0.12238869526433228,0.09878964823351356,0.14417916055158692,0.08095618984176414,0.18792313638098768,0.060397733334603444,0.08256814466358613,0.15466510605049139,0.06813218567913447
0.08795663800302554,0.08152049652517053,0.028706252726479715,0.08218894797513086,0.0913586925107021,0.04818067774172227,0.5265308751791735,0.04215209047233757,0.011405328866257801
0.12163480231391542,0.16797914819804774,0.03852736660155219,0.09041600981294108,0.22762921582972004,0.05794128516930444,0.14887958099607213,0.08293978038834458,0.06405281069010235
0.14074404661517936,0.10859639248557636,0.05621483497525854,0.1355047833345638,0.11092664163821976,0.07235827708505423,0.055668509166222346,0.09026528972952569,0.22972122497039985
0.12840188473677136,0.08665866239337143,0.03964555480461159,0.13136154732646033,0.11608747445528193,0.09749428972826481,0.2751168115477754,0.10793077630552957,0.017302998701933525
0.12287466460517078,0.09714185075059097,0.05419780898510362,0.13306318758509808,0.06152738074246502,0.03919752165446176,0.03574293183236888,0.23422332495645362,0.22203132888828717
0.09730854243447294,0.10959066096820062,0.07081055260398245,0.07888867933021636,0.12319528128241293,0.25814910495329474,0.19630108898238927,0.05280579317005604,0.012950296274974621
0.1437304347320739,0.18573972895115765,0.04683777157581196,0.08466561171070781,0.09336258381022762,0.09955163212197954,0.15289158935768235,0.09063189048821722,0.10258875725214193
0.12366733028144798,0.09941241787279116,0.1763246826981595,0.12132303777080984,0.1357293302509133,0.049428159875841544,0.07127187645938003,0.08060424471261574,0.14223892007804098
0.1207690617843647,0.09706536716869768,0.0527947227248358,0.16282552509664697,0.06415389696075925,0.07958136945097292,0.2556896835076483,0.14470275034448934,0.02241762296158506
0.0930957860991004,0.2809174842941689,0.03812273793796137,0.09409573894779567,0.09546341433311932,0.02114995338774878,0.17498299830255107,0.04191248369087892,0.1602594030066756
0.10729035182813657,0.30820082147583583,0.09828969276916773,0.11442792229185487,0.21464999943456883,0.08440641630761792,0.008650800558375216,0.05925362406713843,0.004830371267304688
0.11279649559782266,0.08001384709041297,0.04924945725338283,0.13577275800839164,0.06605099282286041,0.08599120254410188,0.37255070169128485,0.07839405785345932,0.019180487138283412
0.12507058782103228,0.07453225899995031,0.018325731680129284,0.16135000416397235,0.07820646919892736,0.06332864534802123,0.269837975989535,0.08495503637418711,0.124393290424245
0.12215365649609551,0.1701986249248033,0.04055052597190808,0.10528567204254191,0.12006484274767448,0.10031636966603645,0.17024634150061813,0.13048373173806382,0.04070023491225839
0.13300197907361322,0.06595117901032431,0.0531929592032461,0.10706147742673162,0.05710048341738788,0.12583130847976157,0.26997511482712233,0.13198134904747266,0.05590414951434026
0.10669230797902746,0.1349277042548435,0.058597180143459694,0.0865462241486304,0.1410735775100341,0.04844965409929986,0.04917508999476713,0.0931909456151296,0.28134731625480824
0.12418434668739492,0.05955333215013081,0.09059232932951805,0.1548747441029216,0.2996856430443441,0.05310808124714204,0.01957462338585209,0.10106027977415839,0.09736662027853803
0.1210821025701555,0.2060228734360651,0.057912680605919226,0.10691592678585947,0.08864090017012212,0.0717311392512815,0.1923516372455928,0.05883857761663203,0.09650416231837229
0.117552087655242,0.038800622699247486,0.04225338279721206,0.12079705070892939,0.05923034016229176,0.14002150909973587,0.31077535284564467,0.0503885001869195,0.12018115384477716
0.10850736347825814,0.06834014638691518,0.05286179356165192,0.09580651266740425,0.18119764780843609,0.11676788986224985,0.052563566125399204,0.12020153158263518,0.20375354852705008
0.10205083792115509,0.35922805603562175,0.07661121118579828,0.08344238787632346,0.1280640518998906,0.058142470519245426,0.03674517068990269,0.042861422770219086,0.11285439110184371
0.12523556997432053,0.0625766136874072,0.08014426704493162,0.20438598352203666,0.2070758724750106,0.05718963644602441,0.11414865018421316,0.07298615102434343,0.07625725564171233
0.10717075951074863,0.10231837431766612,0.016438166894133615,0.08700091137522305,0.060382552414465836,0.09296742694090167,0.38219672246828473,0.0513477022963004,0.10017738378227586
0.12152515001915652,0.17791122571723195,0.10909761438118686,0.14354716089088046,0.1295936669805482,0.11002658330819876,0.02398594542248853,0.07246849399645001,0.11184415928385878
0.10152475514103047,0.3432004084526206,0.03869988894218964,0.12379754718152718,0.05266690719953245,0.10441330114347754,0.10407679581859075,0.06329623491826557,0.06832416120276578
0.11285027627107147,0.041270362927936295,0.037422317354325545,0.10313566094249904,0.1840469978747263,0.12134995672957342,0.02653067882481369,0.06446845969790274,0.30892528937715147
0.10687971383077448,0.0883413021046065,0.41820354329764725,0.07674771498895845,0.12099293366730816,0.03397500230625177,0.011814718949729358,0.08255182457946074,0.0604932462752632
0.10632883407752337,0.10843404398518437,0.04072803114012218,0.09516764230677922,0.05199449492962702,0.07072131660888584,0.39521085984240106,0.09866457658594437,0.03275020052353251
0.10628057984906554,0.07200510820523798,0.03911118665006655,0.08934284330243102,0.1298062313177267,0.1228184776914666,0.066871370881266,0.1641227768771152,0.20964142522562443
0.1042538639646628,0.1507819661111042,0.11396847436535766,0.08355895516947343,0.18204169518718702,0.04495910679182372,0.02948259595360017,0.10817786093836258,0.1827754815184285
0.10808972591314685,0.05866663670350819,0.02792417646731699,0.0800966165866084,0.06821650030559762,0.14901623390457105,0.13712234392733705,0.06982041607809907,0.3010473501138147
0.15698269366354403,0.05718387804461622,0.09500457805901674,0.162033781176273,0.24158209384432183,0.06404520819441685,0.028521076128509116,0.11984885332546828,0.0747978375638339
0.13645202751144672,0.07595022083585566,0.023803890020406657,0.13682335730010173,0.14759859975674763,0.1210576997288817,0.04973213299272933,0.07267761428761858,0.23590445756621214
0.16152667140044352,0.1764666798658634,0.052693520754253036,0.20239676351750624,0.06804138958054796,0.07276418349194759,0.09843623377986509,0.1070596379041087,0.06061491970546445
0.08785276670414037,0.17916132440950502,0.010886986840639268,0.09559104525245012,0.04263289978867663,0.11640777512564267,0.40210899552186846,0.04153568001880317,0.023822526338274277
0.11682350295502036,0.12984603161251043,0.05734295714563681,0.10606670096344599,0.0741059717181179,0.17739473942113762,0.20525038731204895,0.09262333011072203,0.040546378761359865
0.0855268064497331,0.17189858858962936,0.04561791571869184,0.10045784746750659,0.3280972487666478,0.03681379694376986,0.00842200293594484,0.19258916836454767,0.030576624763528914
0.13285208437609838,0.09856449074817208,0.08512363825167392,0.17708677913957302,0.150114434623801,0.05249079578864288,0.17737882586515008,0.08529469474311056,0.04109425646377803
0.10385766064085707,0.16919612364197234,0.06946010495246834,0.16762677602350554,0.20005225939664903,0.08062725402699496,0.12399991160725247,0.044547821139994094,0.04063208857030612
0.10521747188347315,0.14731710629648945,0.3086256187957903,0.08624592090773263,0.10035963644183939,0.041494713461370646,0.0344894211732124,0.15819659909152406,0.018053511948568034
0.10805288214169023,0.02883307510606806,0.052336112347945635,0.08344030298476308,0.09445299024145253,0.07327161248784451,0.4458930130926837,0.08090095184250665,0.03281905975504569
0.13285208437609838,0.09856449074817208,0.08512363825167392,0.17708677913957302,0.150114434623801,0.05249079578864288,0.17737882586515008,0.08529469474311056,0.04109425646377803
0.10188526626477902,0.12454062516461428,0.017316808775038,0.0916903596301429,0.06400465435279597,0.06500980888545073,0.07618901439448852,0.08835249966579832,0.3710109628668922
0.11491495785206844,0.1465403524644374,0.03819335842928361,0.11754761554255766,0.06346584986602637,0.1535728426387983,0.18193263110870928,0.08080399774233737,0.10302839435578166
0.11940904784466777,0.04446462171438175,0.04462255008460727,0.1960249464350253,0.15756908231772018,0.1269167862671612,0.054849734460103515,0.10043163576406318,0.1557115951122698
0.12811255631854854,0.13373689007557213,0.03569799304462694,0.139212500498476,0.2526836825411152,0.09769452445933619,0.07772082197478632,0.10294464167186752,0.03219638941567125
0.12956179834082945,0.04917934505922114,0.09898821499330131,0.09316956504786056,0.23176184360036964,0.06349956741569947,0.24471134615459297,0.03490361821014281,0.05422470117798265
0.13178766447860404,0.07494087458281258,0.09935635200657537,0.1174839481293088,0.07155570856428121,0.07928158697618476,0.2647887461577659,0.08750595207644789,0.07329916702801947
0.1307011278529195,0.06368773819246616,0.0535438323797017,0.10928216914722173,0.18791877175436425,0.10247239004779433,0.21185248610454765,0.08163534869075026,0.058906135830234324
0.13787760658586043,0.11861483844583193,0.04224020858381327,0.12201449700773832,0.0847904525826253,0.19024346984262777,0.09203726656230764,0.12192108880007939,0.09026057158911589
0.10662118741626736,0.18789131030850292,0.05292767500521608,0.08952324900660685,0.053305080881016154,0.18047556253623429,0.16767812030561305,0.0529201462506373,0.10865766828990607
0.11131607552358395,0.19374224063963139,0.11966069198566011,0.15036618640378427,0.08046797082979386,0.051147049753849816,0.09062117522040952,0.09252214060577746,0.11015646903750964
0.12207266601791626,0.07647552528720729,0.10562861643979626,0.1288802244305225,0.16223240954673177,0.11792418459193788,0.15385622265806448,0.08071894039911358,0.052211210628709946
0.10649599770067424,0.056088060706396804,0.16018447094545882,0.12851504698245286,0.10936319195320014,0.039115692882343046,0.21592156345101174,0.10006270756734947,0.0842532678111129
0.1302426168235489,0.07017775708020377,0.0448246253478311,0.2636614243762212,0.08748087725841053,0.06206653449228363,0.07996841106074394,0.20929146605598817,0.052286287504768825
0.12536555033040217,0.07382655119081516,0.06018258887899113,0.1390289210224853,0.3483283467485849,0.052838116673351754,0.022096760687486238,0.10383266762112782,0.07450049684675551
0.12870326689047717,0.13220696828006037,0.06626493754239107,0.1567650641451552,0.16459600159525367,0.04694734589068234,0.13116767219305717,0.1127874155709873,0.060561327891935655
0.1274446048286638,0.14285900550067002,0.07148535443166909,0.10876759457403147,0.13990353137241573,0.0833529679489201,0.18808656794565393,0.09688311199559223,0.041217261402383625
0.14895683527110223,0.10540953172740336,0.041468509391391434,0.2525065814295493,0.09924280601513404,0.11277489084354923,0.11869288359200823,0.05731846092770834,0.06362950080215392
0.12596915220171767,0.23990017240268968,0.09760506461170637,0.10665078660851833,0.1395308134754867,0.03488540535655272,0.08112550170875639,0.1378405159112732,0.03649258772329896
0.10839930691225391,0.07568065079350426,0.045630506255454374,0.09041125995198869,0.15375609247038233,0.07645116050001075,0.30195648372219697,0.0723489098876415,0.07536562950656729
0.1102869180560893,0.0633398100896251,0.0630929082414766,0.10599849651895714,0.08126457279258954,0.09313856776208647,0.3478824656943032,0.057404120212147546,0.077592140632725
0.09996103218084344,0.07800791637156941,0.03311134732689696,0.10642697059623495,0.041889714210480135,0.19815883042129756,0.3297103015570652,0.0688973751707853,0.04383651216482714
0.12389182412239787,0.11353717252636497,0.05340450123967147,0.08982031218747118,0.1605693118230801,0.08905637096415447,0.05706536470379414,0.09314635825275107,0.21950878418031472
0.14597121621323322,0.20153997641091978,0.05986559491492138,0.140470974556034,0.09911758447598733,0.08679063437277727,0.058821655626109685,0.13407984524553895,0.07334251818447841
0.12970425437223285,0.16131323887890292,0.08958090924676843,0.10006547949798172,0.06661408871283338,0.06282740040363134,0.24265238656075425,0.08498887453407168,0.06225336779282346
0.09260433954200938,0.19998367225348215,0.03240160355490284,0.09058565342326175,0.09010051790061313,0.0433584958179185,0.2348819181510715,0.09165804151609112,0.12442575784064959
0.10896366060469574,0.17865836386536635,0.12173025888258615,0.12612035666437438,0.08210015021575229,0.051675835051515205,0.23211905476250047,0.07465090845518303,0.023981411498026416
0.13714199613599667,0.10643698962789135,0.06470004485503875,0.13407811576455111,0.08581879984911377,0.13412199131547412,0.11466630064810153,0.17717115633299882,0.04586460547083391
0.13173275560792122,0.17483308589458754,0.07055248585735345,0.13982286929174573,0.10339629549341343,0.03852894574578961,0.09589216414874706,0.1272186779860527,0.11802271997438929
0.1572983118222575,0.14830429462716455,0.08373932089852691,0.1384098082717698,0.13644744825119848,0.061823040579588255,0.09542729804076368,0.09711015878422302,0.08144031872450787
0.11610898186866803,0.054520007035040015,0.14133372778662026,0.1819474843891792,0.1983932706312548,0.0665055052694175,0.05401248059469362,0.1533231566030566,0.033855385822069956
0.10238408941869104,0.04352241935740592,0.05089993838577153,0.06203153748921161,0.22105130825049915,0.12030522768677303,0.0508699912817611,0.059579780628882355,0.2893557075010043
0.10099880835125298,0.05359731173900492,0.03543771760763325,0.08331462785266597,0.04536640410193358,0.03880103327873031,0.1009831223894007,0.15219388249584176,0.3893070921835365
0.1410913298621305,0.08962405658148881,0.040763284619409416,0.15562403504406983,0.11681105075451836,0.09246713379140133,0.052132886229580906,0.13574429132571547,0.17574193179168543
0.14066849089969727,0.16215704912603415,0.07531483532725537,0.1261770673487985,0.07103147810429444,0.08214297971224285,0.08200894970044915,0.18819659350351567,0.07230255627771263
0.13529006287529563,0.0678600869866543,0.07213154415400223,0.18130638805314955,0.07456421730802035,0.048144610326672554,0.2563003145977579,0.10253512289625007,0.061867652802197366
0.12841824900413804,0.0950039523681205,0.11563559691536356,0.1102703606059862,0.18854819351261373,0.044504284629873686,0.024138090992631405,0.13668040209045765,0.15680086988081537
0.1356859835934973,0.10187371650844386,0.05009907552587059,0.11523355457121287,0.04825423446843529,0.13513139966666196,0.26306506223538145,0.10265269894428447,0.04800427448621226
0.11932381742912913,0.08792629262626639,0.11845090493125167,0.1206007931244275,0.2671863075079607,0.06781489795496927,0.06887412735686234,0.03930357953619284,0.11051927953294023
0.11725127365338506,0.17414306745639144,0.08601413730131442,0.08642313934430272,0.0895370138417498,0.04412026638467159,0.029873513217861053,0.060338751029660055,0.31229883777066386
0.1286883001782619,0.11636230363117978,0.06245000158284652,0.11154630080474816,0.2547161450989683,0.11547324551165687,0.08743257943035533,0.10269375800957818,0.020637365752405
0.09794050290969585,0.1410614310091025,0.035350087732980484,0.07227043833378868,0.054143481884829286,0.07938913992114939,0.4077607484246548,0.10094528813593988,0.01113888164785907
0.13190290338561309,0.13940478323243444,0.04999926471466181,0.15683432715814438,0.07229988960301839,0.10847600311525751,0.22362283359504084,0.06870932775626902,0.048750667439560524
0.10977232131087615,0.08940174590521564,0.3640892937476881,0.09160231570335998,0.05783008335409113,0.06541169574732807,0.08489123979754583,0.10479080385889743,0.03221050057499763
0.13392285932196546,0.20789148941409263,0.06526122328291052,0.09911262999354,0.20146297446941586,0.06743771040157868,0.061414272202167726,0.12329350068268623,0.0402033402316429
0.10441784797379848,0.013793700924170316,0.0682225371487691,0.08474419305642933,0.2469110849666949,0.07036174610644252,0.2145712646136029,0.09608490426205984,0.10089272094803264
0.11705932107998097,0.11167613153470439,0.08488807492284116,0.18254153646208002,0.19609754512325414,0.06752437394587518,0.09646034110648645,0.12110557059881681,0.02264710522596099
0.13474076037178453,0.1548249851604888,0.06187529134193209,0.13794449343359286,0.06996478876150813,0.12420382958244558,0.1558082210607187,0.11597036933830523,0.044667260949224
0.1303369861358683,0.16508073465235926,0.0735416764626807,0.13674961362966143,0.0970472470421206,0.08835233783136726,0.08124221922243029,0.11665772416407373,0.11099146085943841
0.1345031023246339,0.1153117118471172,0.13159737229746193,0.09597072786943578,0.25811513056670926,0.09126868116793248,0.09609936259658237,0.05477449096410179,0.022359420366025364
0.1173770109933211,0.06645786888342896,0.10429265435493949,0.12873824520499483,0.09299976860082175,0.07274435972925959,0.17518463504021486,0.1740310900653863,0.06817436712763303
0.10360503819328853,0.061157499714738724,0.046978875980806765,0.0899610670562826,0.07388541976693887,0.08058400156568639,0.3936584807176022,0.07112520190555319,0.07904441509910268
0.12628061629260387,0.06826750462262182,0.2802053300003349,0.12059270982141634,0.1054893274547478,0.1119765680285416,0.0933991095845641,0.05723843910043872,0.036550395094730875
0.13807559265863922,0.1408940830420529,0.0703467841227366,0.12266075968075629,0.18970576064332523,0.10226022099428267,0.05125869492891686,0.10909266501473676,0.0757054389145535
0.10750372888210247,0.07675893469777172,0.04006850841396652,0.08083353492362046,0.07132064842407608,0.06258539240887212,0.39447810624102747,0.08342362689479484,0.08302751911376832
0.10874696688848666,0.10877993471717086,0.06110905818635425,0.09778044561341448,0.04663425469352362,0.03654207963217971,0.2179241588166272,0.05748031130256478,0.2650027901496785
0.1339250754099665,0.16507818772351443,0.05241394540522217,0.11460812796422722,0.06697595310058814,0.11529682534760632,0.11320816673113293,0.19801338447249306,0.040480333845249176
0.12285175802479809,0.15323785873401516,0.11187571240909029,0.12157508122446448,0.12333196058082456,0.05424401999649047,0.18458552532807512,0.08839919009903029,0.03989889360321152
0.13308930678141112,0.07152087329721557,0.03430463818310971,0.09601568545062278,0.2434901022729942,0.13839425600324892,0.022072777557319942,0.17405626240813657,0.08705609804594117
0.1291726971644321,0.10803166378832228,0.09834636838638777,0.11112556145362751,0.17820120068729484,0.05730423822913339,0.13157744287637108,0.11558619582915376,0.07065463158527728
0.12160793692992977,0.13719390192896855,0.02895983198870763,0.13515426775717862,0.04103980906713229,0.09651575755600317,0.276768268173303,0.11664593705580062,0.046114289542976306
0.08542091644820009,0.08397280318700918,0.01323798670598554,0.0698172342832858,0.22715412994860198,0.08520897776267783,0.012369683611515794,0.04753246132340356,0.37528580672932027
0.12563702364275117,0.14179569727132113,0.07045316925639748,0.10482377650146961,0.08239277887228372,0.08043637431448496,0.21205472268329428,0.15245393432704338,0.029952523130954308
0.13323975089078122,0.04602424331979565,0.064484744736248,0.12917993691340315,0.1074675145255829,0.09049298471339833,0.10635676857616316,0.2351102714264097,0.08764378489821788
0.10810569841419948,0.1779541943102799,0.06680937017028425,0.14456455251961972,0.08064103775827126,0.09777123497670433,0.04051310135278365,0.0972541704983733,0.18638663999948404
0.11607598200772111,0.05706247246712284,0.04501195130321801,0.09562492744880187,0.0723239928076266,0.06446630102324262,0.43682321973977817,0.07802039623285753,0.03459075696963127
0.1103536289069086,0.040796815531578566,0.09043186025728563,0.06723664560660468,0.19977023830092663,0.07225299291493865,0.10180858292788365,0.08911364050924135,0.22823559504463228
0.12675428126753807,0.07422731785851361,0.02642421640558965,0.15338892228624132,0.11195808969199655,0.11451544722643743,0.19167160620128817,0.0419475666058075,0.15911255245658762
0.09512806463708212,0.03280543283125991,0.06688006365359188,0.1251578185963029,0.36060418830609103,0.13951340637222298,0.0321610139193188,0.07191901342040295,0.07583099826372748
0.1299331489099085,0.12999920688056382,0.030224194395234452,0.13704915935089898,0.06905604491845618,0.23387782350713518,0.09374556470251712,0.1512825107883601,0.02483234654692561
0.13777931406231902,0.12548359209591245,0.06436956035743667,0.0987621600392999,0.11290256959247798,0.10213005614501268,0.2169393292143079,0.09439215872831169,0.047241259764921655
0.104203219733357,0.15229211382446492,0.06433103626151525,0.09708189623357522,0.09145203709445542,0.10851213609217865,0.12325619249785069,0.12349741704832333,0.13537395121427945
0.1089951697133344,0.1696854483234468,0.03851342070363949,0.15122407145858152,0.09310259739402849,0.07911169772742903,0.30324543058130543,0.03641214975996936,0.01971001433826541
0.14667623461759197,0.08107849102169172,0.022521165918248053,0.15568773584810544,0.25287031302625124,0.13224990340680956,0.09169970905671139,0.07733696233854291,0.03987948476604769
0.13869092555607335,0.06412320845455553,0.09998967516046403,0.10803096957323051,0.069194013593029,0.26372916860129697,0.04096677505282261,0.17757749598171743,0.03769776802681061
0.09528482454104747,0.11347295514965884,0.04586531246402231,0.08897149967138092,0.1400945343214728,0.023830890820669148,0.4159241200486796,0.039694062419543104,0.036861800563525685
0.1357176745102354,0.06303235055655616,0.16829641911821,0.14993539038041404,0.11020462261563979,0.05058553447603886,0.17845193574769244,0.11021658916275107,0.03355948343246226
0.13567725577664755,0.1911971092349822,0.07797233301299626,0.10638668039582343,0.13514800264894491,0.14407880652776742,0.04828618073398,0.060038688762083785,0.10121494290677445
0.11404014304991701,0.22553181675106715,0.05072994355464885,0.13309603608787068,0.11079476691077694,0.040804005033904654,0.13275481261234243,0.17047807394057937,0.02177040205889289
0.0942391999083863,0.06165695546393421,0.04711367025008157,0.124223951747167,0.07928706788014005,0.050769025873685834,0.166089262590776,0.1361314230152613,0.2404894432705678
0.10884986981398664,0.03850448034103115,0.07541694447008046,0.10028371124942621,0.16100346389559003,0.04483587764117963,0.3730929887153713,0.07119292456056825,0.026819739312766277
0.10909367665824114,0.12126297518399472,0.40767549842966716,0.09134545797201161,0.06308604558252293,0.03543979120488044,0.03080340989066438,0.08046459671880617,0.06082854835921148
0.12363059142784139,0.08850862036560873,0.033252606305938404,0.13845350595119377,0.06189782214972084,0.14525254280502498,0.16492732933330126,0.07451067286745948,0.16956630879391113
0.1167845961134103,0.1416336513140118,0.11346209831209075,0.07778775614142143,0.06088680152422891,0.10355196900714521,0.1360951494503729,0.05665868554617714,0.19313929259114163
0.11161823556616594,0.04700134657528762,0.05617067361315964,0.06552273230487464,0.08387071086447716,0.06947828768912179,0.34306540018384984,0.15354662032242977,0.06972599288063362
0.12026890039469551,0.10888492393270345,0.05688245845212242,0.07286846125536163,0.18484629845705866,0.11943275745601058,0.05726975223859835,0.15918876543542654,0.1203576823780228
0.10360503819328853,0.061157499714738724,0.046978875980806765,0.0899610670562826,0.07388541976693887,0.08058400156568639,0.3936584807176022,0.07112520190555319,0.07904441509910268
0.14617856005016236,0.12089763558682527,0.08701034743534726,0.142256137961247,0.06900826352559276,0.15882306995198506,0.08700045711921513,0.16599591592907212,0.022829612440552885
0.10679595896219744,0.22003087191442253,0.2800512707685088,0.09032355996738521,0.0880345884424295,0.03847385046363822,0.047761858488262525,0.09401237929954372,0.03451566169361207
0.13829277767271064,0.11313115906586595,0.09516583003692392,0.10184744111708126,0.07967033572923907,0.0822300254140462,0.0664138040844169,0.10843545878533845,0.2148131680943776
0.13687120961430674,0.07953610159547621,0.04750624041447182,0.11736145203478741,0.06611175912220643,0.12698467216058226,0.13476484536298275,0.2269103641786232,0.06395335551656321
0.10424763963645434,0.06338476080332862,0.013365744103497328,0.11142569461067046,0.07335001615057427,0.10521323436159075,0.10815430260323866,0.0782834273124003,0.34257518041824536
0.12059941929985585,0.05154448184305204,0.05434075706086918,0.10444310467958684,0.17137286863175058,0.1058188581408318,0.20199056449658548,0.12969484761361122,0.06019509823385702
0.10326056940257548,0.0689008423497088,0.05925967633579788,0.1346593675368353,0.08401964904256254,0.12373686173997343,0.3543560805683838,0.0556386935593346,0.016168259464828225
0.17942670877455116,0.10908063037202125,0.12483662333876068,0.1461813271975491,0.07330884098558782,0.11022244803343706,0.05976719478033277,0.1006500532847701,0.09652617323299
0.09533103673166349,0.04313651486199507,0.5638649228962348,0.06418229708020882,0.05975887417206067,0.059149961530610216,0.030479333098606416,0.044876803915513665,0.03922025571310676
0.10650371167850813,0.08172193772880675,0.03873036585833349,0.07454419329266238,0.09786977097171283,0.15786177545256905,0.35867414606333026,0.055790456767878194,0.028303642186199
0.1199792953057936,0.10556865101735151,0.015027712665969174,0.08581690903285007,0.16271701837416627,0.13654853610445813,0.04953198379291738,0.19197913162689664,0.13283076207959726
0.08775189553884373,0.10481765377371005,0.032853945209657474,0.09126185759924497,0.21226448398945788,0.03997523186985055,0.18174201488714795,0.03289639859092646,0.21643651854116094
0.12870326689047717,0.13220696828006037,0.06626493754239107,0.1567650641451552,0.16459600159525367,0.04694734589068234,0.13116767219305717,0.1127874155709873,0.060561327891935655
0.0926358376466369,0.2591346126563135,0.013962646267558698,0.07795779032880916,0.07358917711279472,0.05431324381097593,0.28260692152522054,0.07354788378730945,0.07225188686438111
0.10016730631533066,0.038131372694333844,0.05386611143696896,0.14292473828913696,0.07512075839738692,0.061894891537622655,0.4473300325494589,0.06495387848850509,0.015610910291256034
0.11812285833086678,0.16071804184192973,0.030016390373537094,0.233974683974331,0.08272329085780843,0.09231772708459389,0.11601701658034551,0.10852237503006519,0.0575876159265224
0.1157686370732225,0.08668507520381381,0.02911808873108934,0.08169708604409948,0.08663789386319631,0.18459472629772677,0.04822586771078796,0.22204547399319594,0.14522715108286785
0.11228024605576935,0.07436161034561663,0.029119240722010654,0.09590879577282553,0.20965356978139185,0.17373923419072992,0.07139910193704173,0.18308872057249934,0.05044948062211502
0.12303768841138306,0.09269346401146732,0.2407579845750486,0.08573930487316071,0.18313374068804325,0.04108218823726638,0.054463254062247286,0.07719062958996663,0.10190174555141673
0.1113400038000741,0.06069057581985563,0.11917167812646623,0.17974930140914855,0.11232518290289097,0.06892562885928337,0.05114559235577465,0.08825068485608174,0.20840135187042474
0.14013329025611068,0.07838063212667709,0.022326546361601238,0.14511815893446675,0.15038945002535606,0.11646293567286571,0.11283533069944669,0.17791473486518175,0.056438921058294046
0.10787147105369123,0.050940015782077575,0.05192045608216758,0.11556731922085188,0.1530634144553696,0.06572401632936976,0.2002734739280313,0.11133783746593745,0.14330199568250365
0.12355190675641446,0.03777201515776745,0.03504016067246787,0.10529945285522552,0.1442298131619225,0.2622766363713789,0.05008358894726001,0.23030580273935852,0.011440623338204786
0.10743493174270441,0.12022599312267031,0.09796355932879673,0.09621087781613613,0.29817681453147943,0.05166627826332165,0.07419009900760705,0.12169560443919873,0.03243584174808554
0.11231773331476073,0.08300581394555921,0.06867283991790014,0.11797331613979138,0.05407874409212934,0.07159723762864467,0.3858746010636905,0.07127234722823612,0.03520736666928793
0.1137601514241519,0.0887562743627245,0.03594354925971118,0.09446472158751078,0.1376532238773233,0.08481995661264034,0.26598789940465417,0.07837355007487339,0.10024067339641048
0.11446403881047042,0.022084749036841322,0.07360402618836098,0.09908929390973147,0.15949950618518935,0.06481004961443915,0.26225819704541287,0.07029255292431826,0.13389758628523604
0.08900086299372366,0.08102570410295547,0.03713561687958316,0.05830286541615154,0.03804990909015407,0.11685440659473469,0.48503407409424887,0.06396415313155371,0.030632407696894917
0.09361928001049542,0.08575564964213528,0.04809177969542503,0.0823988556430226,0.4335434567863093,0.04108769351050464,0.0807350561455565,0.10157909172652106,0.033189136840030116
0.1447581970099179,0.06556906686393742,0.025489519944818156,0.1491414346909352,0.07444020036353609,0.16709942059029279,0.12232233067582121,0.2047337125206914,0.04644611734004989
0.13115156144937468,0.23782116195072825,0.0727314118929679,0.1312104171079554,0.06859789333261788,0.07635788586140937,0.14877260008487744,0.09561421421815575,0.03774285410191328
0.12890809313054954,0.13865143605657038,0.06126758590772521,0.09274913141490075,0.2608545029826808,0.07983610339393558,0.07359415210212955,0.12966322465757293,0.03447577035393528
0.11692115897866406,0.08133160315026772,0.049467061302967796,0.11467651706514,0.07466113894479497,0.12367185523706677,0.3291876172976176,0.06661241687054485,0.04347063115293636
0.13319119023869364,0.06603910255856855,0.06287199409253659,0.14214528852315725,0.20806429150241348,0.10405344996683204,0.1082363914670897,0.09010872478789188,0.08528956686281687
0.14595146517435953,0.05523308512639628,0.13375767623264337,0.10821995126300381,0.21637998929004879,0.041081057333600866,0.059351614097499394,0.10940222543385587,0.13062293604859196
0.131958093003285,0.16710807045416387,0.16677513277537373,0.11099850470682403,0.08312229698372156,0.0826377899506928,0.13616316108502305,0.08445998075106438,0.036776970289851614
0.12503947418782918,0.15106253302099637,0.04926366795584344,0.1279686018911749,0.09516608272084494,0.07597830879556257,0.19187488490586158,0.09483490271980348,0.08881154380208352
0.09232686393884819,0.06005407449131325,0.03183056185310653,0.12032215143873892,0.10312005864939387,0.04634227796085268,0.40237571301218916,0.08775471314523105,0.05587358551032643
0.12322715211845693,0.17517229898106135,0.081832728814479,0.14410690426160785,0.06073919588036581,0.1029919349208454,0.06245678272483574,0.22067314419476217,0.028799858103585808
0.12952697801402072,0.09255937301255586,0.0860154459565855,0.11341067524408625,0.09088891215888743,0.07587294223265863,0.2154499247026668,0.13810200051466684,0.05817374816387203
0.13136988187823648,0.18385237187468517,0.07874383297137087,0.15824348797843982,0.14616941473657,0.10319575353464648,0.05024889733875201,0.06717440860695102,0.08100195108034812
0.13192703839472594,0.05658590355544945,0.08078267075698815,0.1314898563139396,0.19088094595054628,0.05834077231726235,0.18910095332046908,0.14070031633002253,0.020191543060596503
0.1197981427500429,0.2018808450336468,0.03271594119221983,0.10015243199497471,0.11018174644127159,0.08266531233792895,0.17346695179022675,0.15577501584357073,0.0233636126161177
0.1256793738076513,0.13063959190030264,0.0430517326459773,0.1524781406021339,0.07609422854497819,0.1037176734853492,0.22447965471202636,0.11488888059076792,0.02897072371081327
0.11889309483780953,0.04847130520373704,0.3051382083170701,0.0968553453742848,0.1332517981077894,0.11005274883145645,0.08492055536606767,0.058497172342938754,0.043919771618846276
0.10725266920327171,0.041118942352408726,0.12684656200169817,0.07668948801871779,0.27819994639052,0.08861524362606954,0.12431540750471483,0.05885011835379691,0.09811162254880242
0.1327389176730254,0.22767470363682288,0.051294363594457985,0.10204169023343483,0.17112713393355694,0.10480789324193578,0.05169264916427203,0.1245215384565293,0.034101110065964814
