0.1596761619784288,0.12581498622501822,0.10517698270169624,0.11733344150881313,0.15809461466071847,0.08461294326353304,0.04511508382221375,0.04436290603220494,0.15981287980737333
0.24593277535825298,0.10254314876060688,0.059255384831824985,0.10861095943321065,0.03934896854762099,0.107257015186263,0.17804673445440533,0.06239568893928896,0.09660932448852626
0.0911047587234407,0.1615042313219424,0.05111680523885823,0.13595153185133138,0.07839740251859317,0.1617440538729578,0.08475377335697722,0.04162768429369305,0.1937997588222061
0.14109755180492778,0.08182015182324633,0.20539327726701648,0.12244924231277383,0.06312855886548781,0.08770467568516749,0.09517452123828163,0.033141594859195295,0.17009042614390324
0.22158758280252036,0.0793795186539747,0.08111155193199143,0.11984897358705847,0.1857034786927361,0.11994055923927487,0.0551982704844978,0.029843091426308654,0.10738697318163769
0.45966141501700997,0.14510899173435213,0.05721022968724088,0.08416285138283541,0.03937262607456338,0.07830990906524124,0.050393959452387414,0.02159481182386383,0.06418520576250576
0.09815599087039657,0.09198891512037703,0.3363240036246731,0.12261378545027461,0.04715898066450466,0.0893462819185188,0.03709603245632202,0.03327681112876268,0.14403919876617058
0.03990529741768012,0.05537264000213843,0.05545599999334602,0.06802435043176998,0.042014249026594654,0.06547603595839914,0.07878499291869111,0.5466832564699855,0.04828317778139488
0.16169910939676294,0.19125423451101184,0.06073223353910536,0.14158538478484758,0.06601266473757805,0.12085832327085504,0.0984920503390908,0.07412653371462237,0.085239465706126
0.06093925557207517,0.09606419969878488,0.10455400103822272,0.11441915726292057,0.22232972342644888,0.11754162167299605,0.02820306009976296,0.0656009606108631,0.1903480206179257
0.19293116069408509,0.051704864270388486,0.06805696542504548,0.09137690746169731,0.0820072663703932,0.0668667278152512,0.2640975083809747,0.06592783749870877,0.1170307620834558
0.1077164408057328,0.16494157982248467,0.07286947781688345,0.1262494131954837,0.13699943821392632,0.15651554838617043,0.03752167404571577,0.09345857719198554,0.10372785052161738
0.09102373774260421,0.15681856152431115,0.04012713450075766,0.09621840509793429,0.2177291094298209,0.12270296949068164,0.1323235478101215,0.05264859706412953,0.09040793733963907
0.2926440825969365,0.0533286998967232,0.18084998660098636,0.09192591526128113,0.05220617324875284,0.06349984355798352,0.10328069549238754,0.10717735699673098,0.055087246348217905
0.15104770338525197,0.20775966138517385,0.08585444013279764,0.14063784691735795,0.0426732360012877,0.12643424130245132,0.09900870484003184,0.030213703007262522,0.11637046302838516
0.08030498462437788,0.20953522217531603,0.12660648150690146,0.1446998325156349,0.11835165776358514,0.1011939371944751,0.0783832167324881,0.013491399757400907,0.1274332677298205
0.31995270078169674,0.09462225721235834,0.11040887020645897,0.1339287203714188,0.04165820502428529,0.0960999953349278,0.05670564575608639,0.05171504758014114,0.09490855773262642
0.08102687493820156,0.08750571040780253,0.02793025860866792,0.13295816736882507,0.17042851781980506,0.15747175223814056,0.08777831887294256,0.050237076178755176,0.20466332356685948
0.10587203804434896,0.14648688898855164,0.057369281855740584,0.1089645411300721,0.08971177869534615,0.13614836745997813,0.05342216869105246,0.14108824428699712,0.16093669084791287
0.11215286296801767,0.19467931829170335,0.1265773012739021,0.13502849805659803,0.12513187219435498,0.08230353760973026,0.0660450510808273,0.025929816285743406,0.13215174223912293
0.05028219680977336,0.11322992505993584,0.07369179082025011,0.08999322942468381,0.37810149975077895,0.10190265969961197,0.06941076796191457,0.017091119113187832,0.10629681135986362
0.08896632454317054,0.10009357985895084,0.12831719397375171,0.11769377014182959,0.08154626256053907,0.10769507987545225,0.12295387068910697,0.047937282692629896,0.2047966356645691
0.13507032136554528,0.09222320222666781,0.066540713399237,0.09040810512630455,0.13177222891359056,0.11681195634634294,0.26950966379118824,0.008210404808708,0.08945340402241565
0.09304476582341732,0.10554871474200478,0.11971107698820788,0.18387065673682892,0.06938855791098238,0.08082172323011784,0.10965395023813712,0.03167163950696125,0.20628891482334252
0.06984785641423852,0.10047914601561565,0.07437848287219773,0.16350286478889683,0.08289153989594046,0.1126393347719933,0.053336881962483255,0.17569222652673647,0.16723166675189763
0.09595187765157033,0.1263789763533595,0.13622583773580796,0.1874065590410113,0.024888040987546614,0.1233959570365875,0.08621506805297241,0.06448328945278166,0.15505439368836274
0.1455082849471686,0.09637758007687246,0.08197647550548133,0.121157590323754,0.11836010848452272,0.13860658181810495,0.0449027399571709,0.06249941439748182,0.1906112244894432
0.13235098290651168,0.1505930034947803,0.08515759668411939,0.17061416094938278,0.06400232092237429,0.1509563857754126,0.054446017180721305,0.034556019518342244,0.1573235125683555
0.026401045586311362,0.04239902159006095,0.036440630535887066,0.13695848376957254,0.024120362208700247,0.07368455076686405,0.07232360365145941,0.39165184308529244,0.19602045880585192
0.08909585546062153,0.14069249315163265,0.13720383757553262,0.15330087420890828,0.06352788506986888,0.14607547018393888,0.06585993974209085,0.01958244249874708,0.18466120210865924
0.04650747809532078,0.10176760929409445,0.07898213515595941,0.09226050671443169,0.27052588214727663,0.10955661721270012,0.029039235604662206,0.1196424905407419,0.15171804523481278
0.08410374805379195,0.14320337722754947,0.10029780515411606,0.11859980679759018,0.24422947114824078,0.11451023715643809,0.02709755318560364,0.026425113626370695,0.14153288765029906
0.30850289067165243,0.05259339352010136,0.02498188468641667,0.06502073197886817,0.21323659296288125,0.060779337574722016,0.1593955426688545,0.05218781343562485,0.06330181250087881
0.44748985652454526,0.1496405647259071,0.04752565473897652,0.0882757453005736,0.022288833792282813,0.09163581257512116,0.07112886642640971,0.021800789479980164,0.06021387643620366
0.11935478035807835,0.09650605825792415,0.09055165063571542,0.11144195543415403,0.21205062647702366,0.09216647856732914,0.09149531430996254,0.03847274392442063,0.14796039203539202
0.06984384563400131,0.10335241103693175,0.12157225208144311,0.10588558036669188,0.04596952522036304,0.1500123190243536,0.09896710631856274,0.1889155732880158,0.1154813870296368
0.1574112431570888,0.20650847138906436,0.0241591630384025,0.1492791713819494,0.11605443052081876,0.1093626905006652,0.048338606970923494,0.06154735736637599,0.12733886567471148
0.11828192245399634,0.19077457392835587,0.07456406737025066,0.18602682250458472,0.058031543703729475,0.15921768949258142,0.08357362682442004,0.012350413309861896,0.11717934041221956
0.07429208709067371,0.16654068011034728,0.07496237778443116,0.11682747429645228,0.09338641217312016,0.13653060620111632,0.08737876534756855,0.036948165524050856,0.2131334314722397
0.26380236495820014,0.09677127632572945,0.0524890776541787,0.1584103723800729,0.1317463559079348,0.13180457841843285,0.031410450512019315,0.01745647898292586,0.11610904486050604
0.16117257574992508,0.13335519750113975,0.18610855716389,0.1087293319759331,0.03224751139591322,0.09516889376719186,0.16206673366618055,0.022169971756186402,0.09898122702364008
0.055175905500728144,0.2026152782016224,0.11444043088089201,0.15366255064238313,0.1368878285867268,0.08824625077612747,0.04788673622165712,0.04733629964367372,0.15374871954618927
0.05357010957953009,0.16263801891223748,0.1685359733981249,0.10629317572725927,0.062381502363808884,0.12753504847012642,0.11306683426513793,0.08927582695726018,0.11670351032651481
0.32642148676753124,0.052253376822434826,0.05172086992134361,0.09822029230092556,0.033576020753094925,0.09315903203094539,0.09085002405235165,0.164563318371346,0.08923557898002678
0.01898655862888032,0.08975359706632148,0.09474531312525199,0.06790641938643878,0.04225974960057064,0.07337946989950131,0.019621932362379472,0.5251093017760673,0.06823765815458864
0.17471208019557383,0.07166397951330987,0.10890286435104983,0.09367096702143256,0.036686374538731116,0.09485693401148643,0.06887501599188596,0.17806081981724178,0.17257096455928866
