0.06032222749770811,0.10375855962781248,0.10601103093821433,0.1385403706641611,0.089230375349259,0.1107691603459026,0.11170545700948213,0.10419589119817214,0.17546692736928815
0.06805954433794453,0.13858796406220156,0.17880913634045278,0.11872544716167936,0.08624873997111408,0.07762733244490658,0.13259708619123772,0.11290760285854402,0.08643714663191933
0.1430740046272881,0.10281938926940465,0.0823421826540729,0.11887213740017087,0.06934882610581757,0.038230091412900305,0.23315908586414946,0.11072014451942136,0.10143413814677471
0.01787245780286597,0.09838908532086454,0.06347457642170934,0.12778984007424915,0.08477876612129952,0.16680799756398734,0.22976834453491893,0.10167821817297577,0.1094407139871293
0.14611157220024287,0.12302426533442445,0.14887776910397785,0.14050636750518536,0.10817773889075544,0.03142275205165919,0.07782501499166923,0.12449548181756032,0.09955903810452525
0.08975254922174525,0.09547622145644823,0.12936382894490975,0.1615172338964049,0.0783555444960287,0.1314809676761247,0.04531017651939292,0.12103923763778214,0.1477042401511634
0.2168468082875432,0.09713196069481356,0.12191856077951814,0.11543674050676721,0.08298672100520844,0.04170158615028613,0.04620637524761296,0.10951777402526634,0.16825347330298399
0.07301088820062245,0.09962760904207953,0.08019126688155437,0.09427250186487968,0.12842538523958363,0.042295655667569154,0.3225037682852118,0.10207083859924676,0.05760208621925256
0.039638424339806785,0.10998379043641736,0.19659614952407348,0.14573981246298565,0.12119277895275478,0.043694218470833386,0.11071628211895161,0.13221118620361186,0.10022735749056501
0.05083430346161542,0.0926311494034709,0.1857444856189875,0.06416290072506006,0.11197870129360488,0.26952640802300737,0.03695258148440322,0.09479355348975654,0.09337591650009404
0.07786741193551795,0.1353022342660873,0.087226337166596,0.12998711480079442,0.1030463718083408,0.18828014201282603,0.10633628693152941,0.10393403547459323,0.06802006560371486
0.06314331907092763,0.10805434761649368,0.16829939862215193,0.11540444887206774,0.12369666483027743,0.07741036774679023,0.13388964768968423,0.12633959025608146,0.08376221529552563
0.21827942787222757,0.13095635326237157,0.15860838888758275,0.08540855391979624,0.0835170744904889,0.07844847984404207,0.046265284480877904,0.11233714382595616,0.0861792934166568
0.13664450295315034,0.1401348892937922,0.11849462045408936,0.08840433055414672,0.10439598062214034,0.09872293199490223,0.08831754819648559,0.10179037677860385,0.12309481915268934
0.14569205416892658,0.10967744241835707,0.06741902235864168,0.08281403963433831,0.10931232013093484,0.10297383301062184,0.15093759984667476,0.13886374574085333,0.09230994269065156
0.0313845351555222,0.1282956961082183,0.14735239356881746,0.11355859587128521,0.19428303530784827,0.10169254254974185,0.09077999654559538,0.12053263147218977,0.07212057342078156
0.07209932368299378,0.1157507909218005,0.11061667526549442,0.09882641926155222,0.08404916968355848,0.1768410517300604,0.06361000121296047,0.1303211598381627,0.14788540840341705
0.1461165580194191,0.10977225506576127,0.20305454509092824,0.09727334074974843,0.07354570683796001,0.08508346032360674,0.07473048482907302,0.11580388395889925,0.0946197651246039
0.05757873599613794,0.1228727010725733,0.13095360933976008,0.20189344936198908,0.1472413112435033,0.08613406914093431,0.05221916482028632,0.1250548417850064,0.07605211723980924
0.2615876435390127,0.10513783804042066,0.1055754244631323,0.06305459980847176,0.12915923889979505,0.11177319843138318,0.027789017369572455,0.09253968788669127,0.10338335156152063
0.05103023771204888,0.10389463580289209,0.07703644797814312,0.09181976582871643,0.10786834641518363,0.2764213264600028,0.09739387443120266,0.12144455152656093,0.07309081384524953
0.0978629683021293,0.124240981705596,0.07936168614720919,0.12188525286317377,0.10986689371897185,0.10388001652396428,0.17141678435342875,0.12727574674699896,0.06420966963852802
0.08146928796204571,0.09086359335080647,0.13869298856067006,0.11081815336215643,0.09271409677787053,0.17695552131608214,0.09948943754415283,0.12109942140700242,0.08789749971921336
0.03462892227517464,0.11869450296069428,0.12678697783801787,0.1411814912172069,0.20473461816383018,0.11133754600439989,0.056135308800232875,0.12601166600723324,0.08048896673321006
0.049319228615035925,0.09449649938212971,0.08397983523780816,0.12763736679724472,0.10703174621742358,0.05635110055092244,0.17691272452906523,0.12095644180261861,0.18331505686775165
0.053457173639774,0.11259574744585572,0.2815899257767201,0.10179483319494433,0.11710099989964035,0.02393297807810925,0.07887071153942492,0.11604445451508501,0.11461317591044634
0.03419718124779512,0.1160030476242911,0.09064605718219243,0.13392839543749238,0.16037087525709595,0.098238808302659,0.11008413484239123,0.14210181085958704,0.11442968924649576
0.16470159411358118,0.09086647912059936,0.0861354467911678,0.12074457264434889,0.11502342399857139,0.12833966518734272,0.10026596506409707,0.11551668048948945,0.07840617259080214
0.1422282931167225,0.09784138371447192,0.206317889731069,0.10168385888020955,0.10661746493423328,0.051959867371585367,0.07363620759430105,0.1269182157931699,0.0927968188642375
0.23687661373093868,0.09991269397914855,0.1469119948171928,0.09005688094428736,0.10246033232798779,0.0456522361007255,0.07173330151611104,0.11994871847265083,0.08644722811095738
0.2276468192637784,0.12320449565302798,0.1369035330836682,0.10300189165914335,0.08525925470178931,0.04154359561716473,0.06551491503487845,0.12914614760377818,0.08777934738277153
0.05069802457084335,0.13197122586909196,0.14781829288547868,0.16337581892933323,0.08838301767208927,0.11260834578276864,0.08639722573757695,0.1322243624660642,0.08652368608675372
0.0829690036413358,0.094489821417767,0.21054473518446234,0.06131254814895668,0.08318015010347077,0.18331804357119608,0.07736085001463949,0.09778996973098396,0.10903487818718789
0.14387816828174493,0.11451981153561663,0.18753885133412992,0.11685121406026601,0.06583289678010827,0.028518127072951677,0.12048377225182594,0.11984852466112123,0.10252863402223544
0.051443817502964555,0.12082614040099916,0.11571968133417265,0.16005707700087657,0.0890843174344425,0.06156785553198244,0.16254849618981967,0.13494287909072586,0.10380973551401658
0.15574067525870308,0.1286299689331924,0.09112784359678622,0.07383767948466123,0.0894366732190423,0.03615177386925925,0.05906848119068204,0.13698511982944864,0.22902178461822484
0.06961082478089095,0.15632309182149007,0.1270999805770888,0.11031735825450194,0.08986471956757491,0.12212140888043449,0.06263900069966537,0.12112253941344871,0.14090107600490479
0.10855383872368801,0.14397207284791277,0.14402514913655215,0.14261446326756103,0.08186641447191746,0.08794984433266025,0.09389472319264225,0.0935872549729158,0.10353623905415026
0.05429128894464636,0.10638192280393609,0.08165130731024195,0.163921922476206,0.0582111989192085,0.155149563934854,0.17905331007000883,0.12617670888793464,0.07516277665296367
0.041337406593253245,0.15535334193952557,0.10215078986054177,0.12525828236831535,0.13963212850738035,0.06800171036794594,0.07803095108352384,0.1282394533695332,0.16199593590998076
0.04390543820142336,0.09264023239276176,0.13911987729634578,0.23252254379268264,0.05835738398761282,0.10347924662348379,0.1283644828498449,0.10790894245538933,0.09370185240045555
0.03122200977237125,0.14111555671543283,0.2812462723272061,0.11734597031953697,0.13063167368272444,0.06721599401319972,0.049206733535374615,0.11676996053719012,0.06524582909696396
0.12791029104056814,0.09464135997829089,0.06516050652656323,0.12910018495141107,0.0990942981521057,0.12959110409016902,0.1318760621709316,0.119152854698652,0.10347333839130834
0.009189303212742994,0.06565414079681436,0.10988323481944921,0.09733334814517418,0.1527306528977026,0.028840463169717067,0.3558933416899201,0.10725364587940212,0.07322186938907733
0.04736769466683949,0.08387518124348035,0.07391943751661552,0.1079559660282805,0.1556245926357591,0.12168817151884093,0.12749564472623212,0.1316570496809875,0.15041626198296457
0.18830853945266912,0.10167445158062928,0.1799726106198566,0.08104118270355785,0.08191387315497221,0.08793147274590422,0.07618439575676647,0.10697602883892458,0.0959974451467197
0.05084135904702917,0.11609629105393023,0.08469733662308243,0.14237631600009207,0.08831511972893717,0.09722706109810371,0.13775799382258724,0.13592827332238622,0.14676024930385181
0.05283852134173502,0.10530181503691927,0.23120134703287565,0.10197744600248142,0.10846233017840838,0.059994718661602185,0.06686758765557727,0.13402464669882816,0.13933158739157273
0.0964106239603451,0.10097174106907973,0.19116038265402369,0.09372674615820557,0.07963639832497717,0.08198840853815348,0.13700691721772199,0.12247987242892751,0.09661890964856575
0.09233672652611151,0.12227088723476547,0.19836208579520545,0.14800359139521732,0.08088064591701218,0.026791678363808063,0.07526095754821001,0.12751287253478247,0.1285805546848876
0.22382213315732105,0.11717804916138669,0.07257043574617396,0.07985562397624213,0.11720564125074061,0.08433505427273763,0.12214662094629818,0.10702771137062428,0.07585873011847548
0.03509394171497415,0.10429461859608723,0.10142938615053154,0.15593986650857863,0.19669604893781123,0.13760703355950288,0.07765501114982547,0.12374787754629672,0.06753621583639217
0.0731736488120928,0.12081330681159587,0.11959395638729131,0.07729858461392695,0.07226561807507702,0.1594364849005942,0.050973357277392946,0.10198384881239542,0.2244611943096335
0.09727277096412286,0.10691597826350603,0.11162065647302383,0.13982686672747743,0.14122534399308687,0.04471981355960333,0.15769467422870442,0.12736888020318632,0.07335501558728903
0.26263179039593215,0.11226589297761418,0.11722704721993733,0.12393147343535606,0.11389854956317559,0.035208569597684154,0.07059795126955819,0.10213992587196595,0.062098799668776405
0.13331784890650486,0.12300341034503126,0.05679798529678448,0.07212793687567635,0.07497105454018045,0.2530734515459048,0.051266595977160496,0.10345936011969542,0.13198235639306186
0.039249325934801925,0.1086606593241055,0.14560150994749765,0.10923905518717349,0.08922669744988432,0.01839071810020645,0.17821617677353616,0.12810376193664888,0.18331209534614565
0.01943024797855013,0.08476190779196276,0.05009626830035909,0.11502467535013605,0.10716525605184656,0.19151235076722128,0.25987911406030145,0.09779506487826839,0.07433511482135424
0.10172905975117617,0.08125639722229526,0.07505676759203961,0.14583633643709915,0.2599605782128322,0.05323772868836022,0.08594478177826508,0.13558867479321085,0.061389675524721486
0.19272748578163676,0.08353712315864513,0.1988135552732705,0.06586758245111603,0.08746184982416776,0.14545950023879178,0.050044238440616895,0.10514504342240383,0.07094362140935132
0.20472509004075498,0.08423361868283506,0.08841902610582715,0.07748597208954994,0.12091425240443676,0.026254256685656632,0.2071861275660547,0.12014361586692389,0.07063804055796097
0.0630245640160464,0.13172721115626976,0.1345144014464739,0.09735384338583235,0.10312373841494894,0.07064054856371955,0.18109681543923664,0.11738779550464735,0.10113108207282513
0.10187503262227703,0.11648911216689666,0.10061256012868247,0.07770351102371464,0.0647654914514215,0.11174601479985613,0.23146640507461816,0.09657898352823886,0.0987628892042945
0.07569794719402398,0.10378826542693244,0.1771274411230944,0.10293325744872132,0.11616383789292045,0.07058489200648592,0.05849785899642416,0.11715016644233818,0.17805633346905916
0.09121569243544503,0.11933186349667409,0.10198832249399238,0.09719212305031216,0.06939570931157936,0.14236514270037878,0.08046276541849033,0.13185549186450166,0.16619288922862618
0.035840536826910165,0.11334317172483964,0.13957369657205126,0.12818326219319448,0.13082514287509509,0.10935928633539686,0.08231590874987248,0.12669546620576322,0.13386352851687686
0.049880235286830915,0.12986445792919435,0.061181173902560615,0.17240885898176936,0.12127921912864244,0.06171787556399466,0.15273277189741744,0.1366233754683531,0.11431203184123706
0.2631413251673343,0.0941501648501248,0.23035509775188553,0.09661322759881967,0.07200880443758553,0.03996017015089704,0.02759107459289022,0.09725480048495276,0.07892533496551013
0.4641069923812928,0.0836568810190294,0.06768255183741355,0.06275120959816023,0.10554628793034422,0.01577958848597905,0.045400199432226764,0.09152402394250132,0.06355226537305264
0.1324514016975953,0.09259823060416132,0.07533016933826418,0.1915294655627584,0.056356039962218545,0.03975927841158309,0.15786848736276457,0.1278898750265514,0.12621705203410324
0.10826806566009288,0.13344665612474763,0.14744090883829722,0.11685459189435199,0.10675510447447208,0.09417230288290773,0.042901555464437045,0.12645815865616192,0.12370265600453155
0.06594154889315045,0.1101944985750467,0.22437902664376744,0.10282847138630763,0.09891462624631846,0.04060834382683332,0.0638068657441954,0.12784278165671184,0.1654838370276688
0.022535498634820687,0.15231425252340472,0.1037460621336656,0.07832709698282071,0.1589505213256289,0.11726466998501872,0.17071333430102434,0.11861456159262318,0.07753400252099311
0.05496443615857322,0.10312320908068796,0.07290582779645717,0.12822541228080833,0.0872427290574564,0.05787610460174889,0.10337900546712427,0.12978074971077658,0.26250252584636713
0.07263502113397025,0.13255888301919994,0.03857605199581838,0.10982991649161476,0.08793486163564912,0.1860379064416724,0.1117107094049516,0.12323313857521905,0.13748351130190456
0.11191368840809478,0.13517238301671622,0.11529049961273992,0.12420105860604587,0.09550430001564263,0.060223092626082275,0.08491510552289526,0.12919480724537544,0.1435850649464076
0.058277588687317035,0.1281438640195691,0.24902541811030046,0.08746370000626935,0.14542968958127042,0.026307994089646746,0.11466279254400602,0.11337064474734593,0.07731830821427492
0.18438577352196284,0.10995112093135602,0.09991196905376265,0.08278633285024461,0.1385970166149867,0.07597036707159947,0.104835367905251,0.12304547446518112,0.08051657758565567
0.15234586099384295,0.09784139264807779,0.07332177635337774,0.11434875226744425,0.0667073539974873,0.054252492967400014,0.16037065345422538,0.11968952023985413,0.16112219707829045
0.05192677638387064,0.09667832620498185,0.19054292654937102,0.10450606533804203,0.0869512546388913,0.166745536514357,0.09737886722448635,0.11232157386470165,0.09294867328129809
0.07051327565221593,0.1293981518117709,0.17156709903061998,0.11365472564645451,0.10093497007646067,0.09673761052582598,0.09169639759394548,0.13710343605247574,0.08839433361023084
0.05492299205863632,0.10100079263120705,0.16816918728659205,0.127824836443686,0.08180561374285007,0.18392472340858798,0.09881237686958717,0.09236281215822946,0.09117666540062387
0.10222191196842505,0.12999391088272247,0.03246657732679172,0.12137484122776356,0.07804692375718647,0.15777084948242048,0.1823230363045416,0.10176039553240901,0.09404155351773964
0.03308824247795781,0.0921380099618939,0.15808768000033294,0.09417074265312524,0.0901031310930012,0.23788853501112414,0.06623802449518419,0.12364258544349939,0.10464304886388115
0.04920417662144471,0.14831321424214264,0.11922285988281421,0.09402493592891044,0.06481460990120647,0.1572749171823014,0.14204667723737804,0.12223181500403552,0.10286679399976668
0.13673476925315917,0.12341422930462657,0.2617156645667858,0.08587032829507103,0.09663632889733291,0.021822231738105408,0.03565832532490143,0.10109146422185515,0.13705665839816256
0.06335925026138439,0.1329943642514853,0.06997771213607921,0.14450105946160297,0.08877526856502659,0.21810254627846715,0.07917969149825199,0.12371204726362998,0.07939806028407233
0.054586579849467555,0.13425254953822577,0.14995680089905436,0.1548359809662455,0.17789050385733596,0.05465721597901534,0.04497458811188778,0.11278005228769755,0.11606572851107023
0.031210984108968585,0.08999404286512035,0.2754616232837951,0.12718795713881867,0.09953619919802154,0.04351571988350476,0.17803633792421072,0.09289934561604744,0.06215778998151288
0.28153853613932484,0.10459654074543955,0.028962701825438784,0.08452167879260014,0.10575501714358972,0.0692562654277877,0.126430066406847,0.13591776479698492,0.06302142872198732
0.17130553405538743,0.15827983346177688,0.08500757172405166,0.1144128259141894,0.10069952150450197,0.0716201127478409,0.07381554369020564,0.10643289477647074,0.11842616212557533
0.050814120693141875,0.14804748953309374,0.10833963576022454,0.15848399740562225,0.17086933176983302,0.09424473763350066,0.037276167286031024,0.10964788287329182,0.12227663704526105
0.2575359477169598,0.10199905483149117,0.08735330890040054,0.08884384965544323,0.09047845836484976,0.11035096945310106,0.08059447298829892,0.13333252293770465,0.049511415151750914
0.06481624109356525,0.1112801082776788,0.13040623980382662,0.1060793792906855,0.0883426051954817,0.04891453428420108,0.20902596750191293,0.13152834377561962,0.10960658077702849
0.1382128879469585,0.08183487628703483,0.25636531096891885,0.11355311299600929,0.06420847717960833,0.05992610385936901,0.06399821299385734,0.1367249148996706,0.08517610286857324
0.20594714277350423,0.08643173140329637,0.09034909403751747,0.1472923647948354,0.11007903849455057,0.07625023777467028,0.07956270482477024,0.12185069113335793,0.08223699476349743
0.039107679296081145,0.12387606814938461,0.12278898773749418,0.14530919839659903,0.2037756632982394,0.0996409606097975,0.0544289886540281,0.11600402299969191,0.09506843085868417
0.055311855101820136,0.11625705689635774,0.1309583680295386,0.12098198351303091,0.08510196198260218,0.12663102401228307,0.1790465409092,0.12064809279703535,0.06506311675813202
0.08160312847654634,0.09750649638787069,0.05252429622967477,0.09971126164250016,0.08022897211434626,0.3057103484993211,0.10789970184822968,0.09461828785317809,0.0801975069483329
0.06520642301265762,0.13064688117325304,0.08937773466476413,0.11948615465491098,0.22213273271889297,0.04968710935017879,0.12648677311211987,0.11489269686247039,0.08208349445075218
0.2743815818713941,0.08224772329392373,0.12247643638407284,0.05098719497414184,0.10126719280037626,0.04778505986380255,0.18620968733759447,0.08369687118678598,0.05094825228790826
0.01599915543014503,0.09243982592686129,0.06962285972589326,0.17244728438634863,0.20702846513072,0.15581040549420053,0.048675591785524656,0.11250855525756537,0.12546785686274123
0.2830328217604734,0.12870383763333837,0.09928399403660443,0.0781769443827426,0.07306026972210537,0.02270392749671518,0.10400845915110257,0.0848046138233699,0.12622513199354815
0.22640861998604533,0.09163084976879958,0.07940820957054862,0.08663961544441434,0.21244671830570824,0.03691459140608712,0.05916810757785018,0.11779716312690186,0.0895861248136447
0.172369799959693,0.11430844340842654,0.07125013774821055,0.1353101410578853,0.11029978066355346,0.07748057163757834,0.054643609947030304,0.11972000485421537,0.14461751072340714
0.2557803045705003,0.10878602625119703,0.07179526509299508,0.07569554994164782,0.07189493573324732,0.09679210816101884,0.094592166128227,0.09047874662577875,0.1341848974953879
0.09868025015583569,0.0873600381837721,0.12784409293184282,0.07159992351970856,0.05282161926627133,0.09917963535637214,0.2248738710406438,0.09594387381303043,0.1416966957325231
0.03045364917867488,0.14886628099946483,0.13097880641854306,0.08967474735381131,0.11049817087024626,0.05872868920750288,0.17764296427990092,0.10198888577746629,0.15116780591438955
0.045809138732867634,0.12184117106422154,0.09409050074718335,0.13801888687668995,0.08322955720814268,0.165612933669221,0.11050374083610341,0.13529996436334613,0.10559410650222434
0.11177464047963115,0.1283622893322139,0.10337758172081653,0.13983814755031973,0.056057923344988374,0.1342212291098929,0.11133614071221494,0.11176169942583147,0.10327034832409095
0.04475033833308098,0.13368613549461886,0.07181509086556437,0.10566549442881214,0.11302892459878272,0.2900312717700923,0.054632078875425406,0.10866956370787095,0.07772110192575228
0.06382968495496776,0.08807677291099293,0.1724381503247331,0.11057196484191711,0.09198735878260698,0.05390056269855623,0.2493046924528838,0.11140790983607246,0.058482903197269585
0.08405499268673616,0.10618887091593064,0.1401586310247419,0.09823494129628281,0.10957228840094642,0.12423602662163324,0.10784028649596433,0.11967682525563418,0.11003713730213026
0.050125949890682,0.07327515430773747,0.07746885918195352,0.12269878070277322,0.08936315691923184,0.1893924091179633,0.18885165518709982,0.12605342725379975,0.08277060743875907
0.049894916545638664,0.08242021932722486,0.2834877686720827,0.11985795493001244,0.06627915594652427,0.06058679216763008,0.10430852985322718,0.1247686580439296,0.10839600451373026
0.02970926089461999,0.09100281227819573,0.07864299521032274,0.08069405088683561,0.1077686874547522,0.12596122575115284,0.223338711355892,0.14691548498674747,0.11596677118148141
