0.12171973800649356,0.07963661043840319,0.3341066400687078,0.09355014658618617,0.05614891379068917,0.08965047090092908,0.11096224401121572,0.09722311348686337,0.01700212271051194
0.33576714292137705,0.06061892529105692,0.25637119022556937,0.08068026157126292,0.07483490583686787,0.06280869847678337,0.0833497876021574,0.023137987360333217,0.022431100714591878
0.049056384587066126,0.1873946128233768,0.11634884838630916,0.132450629849006,0.06315364525385958,0.18505923155072376,0.08848609055510655,0.05080025870823789,0.12725029828631415
0.039741758481664204,0.13265447609181982,0.10627731197196288,0.2147379290345994,0.1103659832074622,0.09976998281659077,0.1261173770494883,0.03353559196819696,0.13679958937821543
0.17530534085557145,0.08860674338137627,0.12507251459091318,0.1139128422670811,0.1298820877236682,0.21230251200640313,0.06873529306879766,0.051129713803711285,0.03505295230247777
0.3210553094915923,0.09232973926298778,0.06887504354873272,0.09375129559517409,0.1347445078466848,0.10278709141920778,0.05434059510474357,0.02843300147238935,0.1036834162584877
0.15014471246589475,0.13336495712915783,0.06576945667315645,0.13999275104088824,0.09595475948091166,0.10580470452203174,0.10539708026688775,0.10080588355475602,0.10276569486631555
0.03399944766782564,0.06866218608522318,0.04087119466520613,0.04147079927504666,0.037175310384016357,0.05979207910027847,0.06424230035370272,0.2635878724523416,0.3901988100163593
0.06128146489650594,0.07960669092398817,0.2023016718017043,0.08177991109532408,0.09283236357426385,0.09649737131559823,0.08943368967735697,0.09452709618043263,0.2017397405348258
0.2049487986144274,0.1121602241455486,0.09395808460117054,0.07832278254684488,0.15781297751381373,0.09926811690514666,0.05441631893074056,0.07612117963230186,0.12299151711000574
0.38908567613287137,0.10864691449457727,0.024632938186662207,0.15460119561064087,0.06628130192168204,0.07251300398171398,0.105430548833165,0.02325765979952477,0.05555076103916249
0.14260565656775717,0.13902435546664035,0.13138307860460152,0.09764963062887873,0.12366207702244984,0.1128821534512947,0.0851011804232727,0.10963436374312586,0.05805750409197926
0.07710113752911889,0.12755970310576584,0.25060747512192455,0.12596142141301128,0.08086055369496785,0.15995678484746445,0.1001702700887059,0.04869085938711043,0.029091794811930836
0.29511066331424946,0.09964892069322828,0.03849413090326102,0.10679220271196434,0.08058789419253375,0.11220163490656344,0.0440589376670897,0.08074574731723932,0.14235986829387057
0.05050335693870939,0.13981079884134942,0.17949277992729895,0.13768306384976406,0.15269403639389614,0.2078674302789604,0.05426528726247334,0.03961209371810682,0.038071152789441454
0.027091624507724617,0.1671009440310499,0.14258969616411413,0.1693222260338216,0.11057489291698153,0.08093711277737918,0.1054160780932885,0.05682271026662187,0.14014471520901867
0.35126488193873273,0.09686330562830268,0.050054345141486205,0.07527506930080279,0.13076953188978438,0.12307970015869014,0.0638529211519689,0.02937335208404047,0.07946689270619174
0.11394306710138773,0.12042494907075492,0.03499650964202605,0.21268527326676265,0.193959636591405,0.11390255393760573,0.12704055103482478,0.019789310572001253,0.06325814878323184
0.07748576257598948,0.12881720189897675,0.07143941894234182,0.15832682157267983,0.1614947426457097,0.13716338705250977,0.09832918961768307,0.0504207996305954,0.11652267606351423
0.04581501629533785,0.11499671514989412,0.13436785241566745,0.1372236158100281,0.11732786193687654,0.0968053362917914,0.244345660316696,0.016317201747026933,0.0928007400366816
0.1831904435273657,0.08658644251607929,0.05554964273716598,0.061964581452612834,0.15173830229533106,0.09174349167759181,0.07720001681310937,0.11052789029697252,0.18149918868377138
0.08396245344229629,0.13008719911389513,0.06854702674878416,0.27930976734878027,0.13737237571121064,0.10224922379485651,0.13242506509113763,0.02110413042021597,0.04494275832882338
0.1076870646420871,0.11455116910000414,0.17866731713946427,0.1178989550735347,0.13873408521045824,0.1586844028528465,0.08729831883896909,0.03707321727595683,0.05940546986667917
0.08671903821016635,0.13147819023523108,0.15825499546677094,0.13911107335073056,0.0893358767748547,0.07354873688181897,0.1189069757930576,0.1387144767015574,0.06393063658581237
0.08363202831064805,0.1353045420342918,0.16671479178850512,0.12813709864412734,0.08762484189373616,0.10711101754386114,0.10826628060393216,0.07488518268057874,0.10832421650031941
0.09929418084624252,0.10925463733498053,0.11300562608859081,0.09823222234385848,0.15530203329945685,0.1087150423941371,0.1264575526672591,0.13491638836074196,0.054822316664732605
0.1363340718140159,0.10379071279297697,0.06939824544122818,0.13316494070148766,0.11208882507786015,0.14485042777716142,0.10084348393784837,0.03200145427987028,0.1675278381775511
0.09587496034769782,0.103359593041655,0.14291038055314442,0.11219375057008585,0.14271177892369813,0.14230844305251875,0.13718516597063776,0.0814997485760312,0.041956178964530966
0.12684697066127187,0.09167956026558055,0.05204934629693745,0.09323504711303428,0.09074333193059059,0.08611961445415077,0.11710406084847304,0.1423893187316144,0.19983274969834705
0.19562740663659958,0.10682128413750959,0.06226645955157411,0.11855900807318996,0.0737005620236612,0.1534675277321591,0.15065685228188608,0.05964043076353174,0.07926046879988857
0.05037264837300337,0.10071995471890975,0.06028748576976504,0.11126952565364018,0.2539831753220671,0.13233776155095886,0.09343120738500045,0.0449916396359816,0.15260660159067369
0.04898737876825426,0.13790828162677846,0.05734046895590559,0.13497742583169234,0.17311749694541076,0.11399507813317455,0.10146372068931742,0.021223433762128777,0.21098671528733784
0.2747005858788904,0.10990571713138368,0.08656314888370749,0.11700837100960775,0.11840943276703138,0.08399073828872006,0.07272203284592244,0.07258348440070672,0.06411648879403008
0.287121180634323,0.09966991440291673,0.03795040448534457,0.06240129797578663,0.1042150842192745,0.057661971337244856,0.09369860205630347,0.2147495986331203,0.0425319462556859
0.14304065220901627,0.13240719905364892,0.06865619605245542,0.09422079441437103,0.19951169897235088,0.12107375704776224,0.06523475304285772,0.15528805164099652,0.020566897566541023
0.23526376106298205,0.08900331844889331,0.11697307577794562,0.12793957210797732,0.08111535566104978,0.1426617320667904,0.061862438377546645,0.08848070617977459,0.05670004031704029
0.17167240831827182,0.14597066774254644,0.08068364487863598,0.16861717371911736,0.06580897928912854,0.09737492128850822,0.06588545826815322,0.022357422426663245,0.1816293240689751
0.17400564768976323,0.11961976180358215,0.15430738337142022,0.1402879076601965,0.12009914313090948,0.1563148987700528,0.05693389696700526,0.048150745112022074,0.030280615495048232
0.12680745746031188,0.12252024299807807,0.09026159022131468,0.15442462772675047,0.0959377448292662,0.19614696082613933,0.09575580950376998,0.0641807832650819,0.05396478316928755
0.18057280989497645,0.09469136761671386,0.05099254959869002,0.08784136699500374,0.2313766991465321,0.15984726412700415,0.053419626754825277,0.057720781205552296,0.08353753466070203
0.056107516124838906,0.15370905627091,0.25027952332021475,0.0987509287627731,0.058941119120956266,0.09430854420068108,0.12327744162159415,0.08927015135584974,0.07535571922218194
0.06666430970648043,0.0885349371133007,0.05067630254891476,0.1320074704389489,0.06313485200177087,0.24144607712128308,0.06754712635351523,0.016968658030789015,0.27302026668499696
0.09458510754684181,0.16320652179572567,0.09494522476041638,0.1791498021914116,0.10668163755888475,0.1285549788435327,0.10785652174064746,0.030002908636997283,0.09501729692554232
0.22409921977090672,0.0680051366951402,0.0292686932828561,0.12193995270907755,0.07312495641086302,0.07186640584928952,0.059632554205810116,0.32812919268600316,0.023933888390053584
0.07574396894093448,0.12483162678423106,0.1980579803972494,0.05316634774833332,0.09021074583072446,0.059038290928528823,0.12481120937244604,0.19290653182863068,0.08123329816892173
0.06089300596064557,0.15556380215084117,0.11980495411904594,0.08179596524122652,0.19932734254529652,0.15236452308133464,0.08439436296930973,0.024432636874915935,0.12142340705738397
