0.08258113922120748,0.11562223456225296,0.1284938716018563,0.08176605733115226,0.0739009264149403,0.17644246166338173,0.14648612102283565,0.07318438756061202,0.1215228006217614
0.030498169710140858,0.08263047333120492,0.15421502555430935,0.08351056171328942,0.0977028325333034,0.18567459985447546,0.15479836978180603,0.07865412186262853,0.132315845658842
0.1876493742117299,0.08382194813249914,0.07070346326161027,0.03447669071436293,0.29918930555093776,0.05799513881220359,0.07237530032613011,0.08817727885559135,0.10561150013493503
0.045260319463098546,0.08560092870375124,0.10268995716031497,0.08020136842045406,0.06325184321230036,0.22178099342667915,0.16802478053885125,0.08903474303481056,0.14415506603973985
0.01556113830348331,0.054833472334361144,0.09410166147906603,0.14827274554803918,0.06441503739741394,0.20810607760901767,0.13539479076643599,0.10552702350639791,0.1737880530557848
0.0903860457798436,0.23451982922320633,0.09705298027780984,0.11343640874377565,0.0732002179594821,0.08031302408344503,0.11010087310429016,0.08028844708943271,0.12070217373871456
0.06056882657697227,0.07004169904876716,0.1425196392885941,0.09634121500099767,0.12068237990772952,0.22081811918611316,0.1126472766510825,0.07713130544374973,0.09924953889599382
0.04515957245720278,0.1465878608617329,0.11966773362271126,0.054387133889487245,0.22211904702780427,0.08433169787182355,0.09188984759141416,0.10680081287176997,0.12905629380605388
0.03593096076357669,0.12079729935410742,0.13691040741729746,0.01667447781003888,0.12628402107714906,0.1372679116999984,0.09296956791608409,0.16529102967420503,0.1678743242875429
0.048058289357967375,0.0350210399584258,0.08199117660377098,0.16596178171585213,0.26634950393129214,0.08836741123558511,0.07929176064220546,0.1524123016403572,0.08254673491454385
0.08613367114808261,0.19920608682370897,0.08982011960267712,0.05514454428746165,0.14660191385279725,0.08069740619402717,0.14145787155228715,0.08936629780197014,0.11157208873698791
0.04903069425339416,0.12510397364733047,0.13617862250919036,0.1858189176573433,0.11211447120429519,0.0948922341306307,0.10795879467747001,0.12663529964386663,0.06226699227647916
0.038284566547856266,0.150791888728634,0.10696856669941945,0.08425543924116528,0.16181598496886193,0.13162430374026435,0.1258373487014821,0.08678841114805695,0.11363349022425977
0.22232071485957208,0.057851768535457565,0.10922976577621334,0.07959780820729061,0.10175421657507182,0.12970905153790702,0.10276023981298182,0.0886201241148935,0.10815631058061231
0.037444808247298504,0.054836614252468184,0.07190496340017848,0.4050611198009731,0.040987785531548,0.07800238024977107,0.0718721749752624,0.16008735518002054,0.07980279836247968
0.05524014294044168,0.06406193098184886,0.14139938048301923,0.047130363962200134,0.11434582688980145,0.18232320497520807,0.1444976367197973,0.1611799748409566,0.0898215382067266
0.11536743784199553,0.07672998343228576,0.09359400225153691,0.08442976316524851,0.18603452502999415,0.10777026567147713,0.09925854375134197,0.12808955802294777,0.10872592083317228
0.06320615198716566,0.049045820353690095,0.06950753094877096,0.03252133534427698,0.120720610983448,0.09204672899130822,0.12127038914691608,0.26578383999835015,0.18589759224607383
0.030029024599991756,0.06930494332645595,0.08672230427707422,0.03779640647616376,0.12335379734357606,0.24878224281825367,0.129718042927552,0.1541837535549718,0.12010948467596083
0.025677445120562734,0.1162502526460683,0.12891966442776107,0.17882445062247498,0.09264432271147639,0.08623936850530227,0.09566767515739061,0.13465385619627282,0.14112296461269078
0.11038248296059187,0.10188252619376272,0.08971607248892595,0.0677198043164592,0.10553166955643327,0.11372477778129982,0.10703500442066634,0.12534050116668985,0.178667161115171
0.09858245952925744,0.05879354931355821,0.18912478368826738,0.027267493159659997,0.1812931256515982,0.20500885337768152,0.10723884457380418,0.06462655930427397,0.068064331401899
0.052999145108494135,0.2174506750409603,0.12603813529546962,0.08430109557853749,0.08801614435073175,0.10919911849852389,0.15055402048243313,0.06464840042412923,0.10679326522072052
0.050472330634001535,0.06758854574762672,0.08245988461652276,0.04191772979366079,0.23196232468493486,0.18988442442199818,0.11696283989619131,0.11864036184342498,0.10011155836163883
0.05073471233067776,0.0795415488725928,0.06342120085237439,0.030047547724443308,0.2454060195281177,0.09420540816698007,0.1293317324414562,0.07437499807061165,0.23293683201274615
0.04105102305975553,0.08126759613904407,0.10304653719644684,0.18596794482071446,0.06781183090404705,0.17382839441584197,0.11538972745180416,0.147741479459651,0.08389546655269492
0.021665291321067457,0.09263443699244199,0.1357696532414228,0.12458167584666453,0.1519263046713665,0.0769945955093747,0.11100504803797077,0.15918716831406646,0.12623582606562483
0.05146964005262717,0.18507921682683412,0.10251789112209973,0.027027492519372916,0.05987228583103118,0.2822612716471346,0.11751998480658406,0.07852367504937342,0.0957285421449429
0.03348393932690169,0.04583813948985943,0.08306499270627407,0.045371758270793115,0.16089641972392663,0.3300701999410671,0.15141549818594222,0.05866725087512864,0.09119180148010712
0.1242342049945497,0.06998586328381605,0.13833998129217148,0.09371178730542201,0.09145375614475305,0.09956490521687357,0.11136193727312264,0.12653237940806594,0.14481518508122557
0.06404117975504922,0.17235709855747536,0.12742452085422384,0.019649191445543685,0.04264569728826866,0.1810821656373244,0.17534466318135192,0.1418969004446324,0.07555858283613044
0.05238353057091216,0.21997884265727086,0.08724074465213345,0.038535356370832684,0.18678865095077843,0.06772572118879193,0.13896685176623577,0.08247202201424444,0.1259082798288003
0.03446786331198323,0.0579292036690611,0.13668555748916286,0.1406602332031043,0.05640552010567246,0.10550347192807856,0.0977257844609154,0.23442293765529162,0.13619942817673056
0.10115056410368466,0.2001207799713041,0.05337042635779224,0.08597456205762359,0.07484329865949692,0.18619490628700083,0.10039222790184947,0.08393802110093362,0.11401521356031459
0.1211736817013959,0.0626324399942405,0.09878773885284604,0.1382531913162465,0.09462815057984696,0.1088078934717678,0.13997333205750218,0.13699567317192124,0.09874789885423291
0.061418497061221676,0.09866465350889685,0.1013856158425774,0.043255228744500974,0.09853010347456988,0.11947759622693692,0.10879862390403404,0.12203450546346757,0.2464351757737947
0.062374053523637896,0.11961847150576632,0.10427161064666546,0.1230632337337491,0.15863795686267315,0.11240695332460515,0.08961041226989774,0.08034642134475396,0.14967088678825122
0.045569354096358705,0.04885363292676532,0.10654994580152544,0.22909411551937411,0.05663184288705688,0.12712449781537244,0.10211283369599021,0.20125680712975594,0.08280697012780104
0.14731002840250582,0.04876247449397023,0.09158321420681532,0.0846830608344296,0.27166805126175003,0.044427860043954666,0.12306588532961511,0.08210332564026729,0.10639609978669191
0.017810498612126142,0.09581665119133072,0.08507605163297631,0.12774603460954767,0.037046775505554165,0.11174476441938881,0.11334028590260858,0.286569801159736,0.12484913696673157
0.030417502915132694,0.0685780246035906,0.10941438608011805,0.09993022895415322,0.08855580762544892,0.2036640278793013,0.10686483314240518,0.17785695816339997,0.11471823063645009
0.033155602618265625,0.0715215297685415,0.1636782966976705,0.04754404009417459,0.12044180842065087,0.20960846639638764,0.16746829433550614,0.09400790397764773,0.09257405769115536
0.24870759598070077,0.06237519522931658,0.10047615151986433,0.09068173220544402,0.16019836141080804,0.0538409861538624,0.1085462065529302,0.06941753066452667,0.10575624028254686
0.07176750256421617,0.08256732102042029,0.11451618213012243,0.09420146645513777,0.15359768391003506,0.09479790164172379,0.10005228597894837,0.16218291497514073,0.12631674132425533
0.040089651202808725,0.10385069900952555,0.11259793673492745,0.06459909951748453,0.06414713758171481,0.16500679750128838,0.15850844515903173,0.18945625947803202,0.10174397381518673
0.03183829516030685,0.08532535845272209,0.11641556985258694,0.13459421182426048,0.1503932542460813,0.09995575088741654,0.1318614944208766,0.1277140109502285,0.12190205420552074
0.07856228620858846,0.08954457412325789,0.07348411513275045,0.08842482655741635,0.13386915179896905,0.08043583085713372,0.11714936684065662,0.09787060423074985,0.24065924425047758
0.12370832195288854,0.1339808264141447,0.0826080018404645,0.07201039519676214,0.2703502715319522,0.07094587070311119,0.10082075182296928,0.06472346329474643,0.08085209724296102
0.14358693879325593,0.10273431443333332,0.15535273301490907,0.041646798465537684,0.10155445209481691,0.12292587106063557,0.1430280440209698,0.06913733516296855,0.12003351295357327
0.1459709054945838,0.07079307321120676,0.09725297798063458,0.08584767735264413,0.08635640075572415,0.1263697735736608,0.11927514554869134,0.12950146540430185,0.13863258067855258
0.04148726478160164,0.10336628552880185,0.14062578489694313,0.02786601672440728,0.11836121903271414,0.13452666759626794,0.15196237773212395,0.15231542790123595,0.12948895580590405
0.09428573248687148,0.14409080468277333,0.07079645776698684,0.26797739306384977,0.1350097081417128,0.05805954070104367,0.06774492297907116,0.04729718476003406,0.11473825541765692
0.0388176575730543,0.08769709323649195,0.13968965237836828,0.18356594616065305,0.081091978706766,0.15683168706022152,0.13098061009535578,0.07819324497567715,0.10313212981341198
0.12069891199791809,0.08735307460231541,0.13323733345569985,0.059383349173691806,0.107253041861561,0.15819641934898745,0.11991309729986899,0.11602339660471121,0.09794137565524609
0.054771965024441836,0.08562866490342831,0.11243330946982433,0.15361389817029372,0.13257782224770168,0.10396226251056878,0.12851932336752125,0.12880899226670486,0.09968376203951518
0.1417942439165928,0.10811105432182826,0.10751345930730194,0.11341837627694451,0.13025566300080357,0.12223616344537007,0.07414118390683376,0.109315542635065,0.0932143131892601
0.09209529694261821,0.11093509450994905,0.09300127534624437,0.08059790929963974,0.09151237582813303,0.1478413829218256,0.12782343309116548,0.12881012046485282,0.1273831115955716
0.24469143676185764,0.1542123959913907,0.11614320662212263,0.05039439631273285,0.10386665263618701,0.13946840956420922,0.09812896994893218,0.032073258669374244,0.061021273493193605
0.0429659659955951,0.10812907671510495,0.1052963939691343,0.2125999074348003,0.10126051887759145,0.10072033802578007,0.12821204145416867,0.12474642839944154,0.07606932912838353
0.04491723137023088,0.047178715064262515,0.07047159022565176,0.2101581687812751,0.07681564247162162,0.05413295626851109,0.0858647602522939,0.3453049142574774,0.06515602130867569
0.06932282099969003,0.07481242027761896,0.06806946713317731,0.1734965431952347,0.0750843410476213,0.22915620725229754,0.10238417405592694,0.08929896898168095,0.11837505705675228
0.28765754087152,0.09238659094999367,0.12220942885632462,0.02641803890387095,0.0464252095069558,0.16246808822169514,0.10012373476159948,0.05772883866456333,0.10458252926347689
0.0585797499415166,0.056991308574605194,0.11570276738642153,0.17351526397395012,0.1018917977279216,0.12257564038761627,0.11482577240281154,0.14913263726572704,0.10678506233943014
0.06220836917813947,0.06332426532005188,0.12439449729752727,0.08297542644741736,0.04428279050392638,0.20510417299637715,0.10450534910937669,0.15150856125262513,0.16169656789455875
0.1895228243910273,0.0660090433359413,0.08862256890177302,0.06941592329796593,0.061412115044257636,0.12265881017642248,0.11479272572175418,0.17464968122133664,0.11291630790952156
0.05619773389567359,0.11927084338598443,0.08340961304772221,0.05611724771930676,0.2531542088517778,0.07853163133470271,0.12918126387014697,0.08830874072800034,0.13582871716668513
0.025477031415609395,0.14400492168337498,0.0858182085657496,0.0728284108501533,0.23009973342846946,0.15217932142591287,0.09467024586729934,0.09381216513663582,0.1011099616267953
0.04120216600773025,0.1160587549081184,0.09628422926499496,0.20523464240416034,0.07628748768021071,0.11550108683001621,0.1298996541905927,0.0763889086010535,0.14314307011312288
0.0569131334881656,0.06823449075748404,0.09132325445770863,0.04047377404135593,0.06923393820926178,0.21376805591312342,0.15146053064385048,0.15633236991426283,0.15226045257478732
0.06749785302929852,0.07322290359566143,0.13465344313599778,0.10711834546749059,0.042047417084574545,0.1914434480311168,0.10265791642065636,0.09424397076443027,0.1871147024707737
0.16993448701297395,0.0681665189168854,0.1191656110133202,0.035045055350806625,0.08037201867371974,0.20339148347618016,0.10648641607609544,0.13256222591579264,0.0848761835642259
0.06897917030188794,0.1414042712889347,0.159064728601957,0.0551513913466103,0.04479707298893898,0.1721229893376204,0.12710237406872746,0.09084414808726475,0.14053385397805843
0.1158077174273248,0.048932885863937965,0.10448958383272554,0.050721085995962124,0.2024514210093917,0.10422188717040594,0.12848576986734192,0.13955825241601064,0.10533139641689931
0.030165667345702665,0.09367213548132218,0.09118123214664071,0.03573183863726507,0.08809144151768612,0.22900227359390982,0.13186495441259768,0.19778239428934943,0.10250806257552621
0.011206811641044456,0.18723634170726777,0.0919915895833044,0.05754590955280372,0.2130474065612742,0.1305852846729906,0.0759992471519151,0.10850438895386118,0.12388302017553865
0.0443781983353318,0.1437497396030223,0.13724446238932267,0.05829636481178959,0.09905883557689342,0.09626968908327238,0.13211086647993284,0.17106976006553634,0.11782208365489867
0.04663958483117934,0.07949699906487584,0.07753452573753325,0.0816168853272563,0.32996306954741067,0.07606948676824603,0.10309526656599956,0.0579113226756709,0.1476728594818281
0.04499880880588795,0.05102645037336706,0.12944120209941182,0.06679849823194434,0.31013304712205597,0.13294914930862825,0.07476732006953211,0.107686562326838,0.08219896166233451
0.0498670212352289,0.11112764923162431,0.11966242196238204,0.09316044208365815,0.10666619567672309,0.17880702205520616,0.11691764278320205,0.13686900881711417,0.08692259615486105
0.03695405846270891,0.023520185680452593,0.05546532675808858,0.22175910516506922,0.28271792496563375,0.1015918891376303,0.07336338390986848,0.1351376646816986,0.06949046123884965
0.0647271307877445,0.1108433647820153,0.13515675280486708,0.10409156975870087,0.053293210735979396,0.12821395235839214,0.11942908978830859,0.16314443601339615,0.12110049297059598
0.11433506387209769,0.060631726238255725,0.1221429236384914,0.048706318357238404,0.14231059319709508,0.20749039812341477,0.09507239093222876,0.08912454312720396,0.12018604251397424
0.0797390301122633,0.20292403273490492,0.08309712732296337,0.060428252289697136,0.037487310634747306,0.1915937994183439,0.10223416273693997,0.15089819966094042,0.09159808508919964
0.06645804881950527,0.04375512796608604,0.13938572850570993,0.16835051591275577,0.12547442643430426,0.15132764019280773,0.11390161101668239,0.09907688976851052,0.09227001138363812
0.0543478066089855,0.118767277631018,0.08871766901520173,0.09415842455947881,0.05686656713584096,0.19205600259054534,0.1371299556367532,0.10556278398575042,0.15239351283642608
0.07514588961123936,0.050071901690729136,0.1056124702780376,0.0435026748495894,0.12000925485882907,0.21204314715454484,0.10962588051964978,0.16192530519720474,0.12206347584017606
0.038922463744534584,0.2504645081664735,0.09879229417614706,0.045729245835476995,0.143964523892252,0.08691078259715336,0.14125114401968736,0.07794421952661894,0.11602081804165619
0.1438178110877044,0.07052464289845294,0.10893689965150677,0.07739588666463636,0.039095503820514195,0.15091848215074277,0.0995420850959276,0.11835806691102273,0.1914106217194923
0.12836679840701948,0.10985762636932667,0.10754822937840035,0.05764790515131832,0.08201445129584654,0.16510272142134172,0.11461742418078374,0.09703250800194141,0.13781233579402177
0.11235072431000942,0.05606433669626124,0.11544300340744738,0.04862244886478586,0.23869221800069898,0.11357499376283002,0.10542935215126836,0.0779029441386038,0.131919978668095
0.04837936025344592,0.05062573334945736,0.0639267105325164,0.03189035155957919,0.48895184185038804,0.05824829764548802,0.09968740287545037,0.08286820186073425,0.07542210007294045
0.03306245937092985,0.06990964694595687,0.06879476231590267,0.21368723984765745,0.06816651408142846,0.14840942378839211,0.09155017860491149,0.12422960324566286,0.1821901717991581
0.15428462464880105,0.07120110368950013,0.15053947993264863,0.05970417927421614,0.10121209855938794,0.14930070962596567,0.1181679567548199,0.09128029932058362,0.10430954819407706
0.07205594416389535,0.14962606352611432,0.1485440686727237,0.04310023019344834,0.21850307893839482,0.10341836395621617,0.1260253707271779,0.05876282760134658,0.0799640522206828
0.05077083543099601,0.07280605824162402,0.06262900348469683,0.030312910861218612,0.4474162072532753,0.15148833158349898,0.09550968037401793,0.034199301780825905,0.05486767098984637
0.14645696805156602,0.07492272326759548,0.11163740840451442,0.10099690354139318,0.09360871720301926,0.14950164947740838,0.13144407382833928,0.07374623759451088,0.1176853186316531
0.053447352951404486,0.10124007176817301,0.08384747337339438,0.10520671469872034,0.08685454418283206,0.24136830094804432,0.11706805099167676,0.0752398972156026,0.135727593870152
0.1926827116427828,0.108500530572051,0.12653449143790532,0.029179693651930527,0.05794262206402103,0.1541186751338434,0.13429865530897278,0.08604155167625303,0.1107010685122402
0.08351130879335601,0.09615464865555566,0.07535983673366918,0.06231605041508801,0.045475221639654895,0.105331660700819,0.10583527158411703,0.26067005924233094,0.16534594223540933
0.03934104545945093,0.10384937800872406,0.1599539320006599,0.05098875649276571,0.113113083187433,0.15264791183120863,0.14458233902580436,0.09863689278920611,0.13688666120474732
0.03214786327174938,0.08575298453738263,0.07365171584181428,0.09132920538527306,0.08018940372883522,0.22567219299263006,0.1685168363301902,0.12248510306833942,0.12025469484378577
0.03771234681196948,0.14883130533896294,0.07514936935843525,0.10136635855284683,0.18763089309692418,0.08800735154181949,0.10898875873955642,0.16535942206116092,0.08695419449832446
0.021144111398151172,0.16082807832515258,0.062280206793561055,0.14522062784623313,0.1475423742637492,0.04913451034289195,0.1817147035644342,0.12629813825175568,0.1058372492140709
0.03956380527413409,0.13749927433949438,0.12163059899534114,0.09334047456774092,0.07570971941347059,0.1808990520952659,0.11189958369383428,0.12078915222059604,0.11866833940012267
0.09307235738662145,0.14726078828056907,0.07345600143760818,0.13448948611631142,0.11450514780459979,0.1124968520934909,0.10782229525537566,0.13593044104016969,0.0809666305852539
0.09107956103841613,0.13096484544199635,0.10682927586410983,0.1573656830866709,0.09070113190905321,0.08912658968318972,0.14425674436392952,0.089860042818297,0.09981612579433737
0.0304337926459663,0.15183147837411295,0.10189729657967937,0.08621954823557704,0.12277940238051066,0.15329460084255941,0.13448636918879023,0.09225383887494847,0.12680367287785546
0.059400264196635445,0.07467845396343285,0.12366863505471067,0.0965914000298062,0.05800757028002065,0.22115669300485338,0.16219899090629905,0.10575839140024956,0.09853960116399228
0.10537766981745215,0.08803352185763909,0.08994211284202114,0.027024611975502762,0.14331396858091827,0.07745703961469867,0.11713472057829195,0.23235336938088094,0.11936298535259499
0.08217117022751218,0.08248395234865642,0.11044033395496167,0.09561280491031489,0.1690233304490126,0.12412802860487748,0.10459958951768096,0.07566140410047512,0.15587938588650874
0.06492876348984467,0.09789869684911656,0.14762601478250095,0.0275764502215876,0.08239429576472942,0.10249030353841149,0.10030093418500702,0.26091505311022484,0.1158694880585774
0.08540854056836651,0.18351791772197845,0.10068269991524263,0.09233516817607075,0.10344002994047369,0.11861495404227407,0.12627957822703786,0.07203859567179603,0.11768251573675996
0.06612562485131473,0.09485413185237734,0.1148476204686828,0.11682379103848929,0.11731631688466974,0.11814597526382549,0.1264999629298364,0.13099563773695236,0.11439093897385182
0.21333158945020111,0.13472409688521,0.07687750637555073,0.03824183934839003,0.04804260792817829,0.1330269342089061,0.11667432611367684,0.0749123452747476,0.1641687544151392
0.06305887893596213,0.19578538260358144,0.09792444477553756,0.05024331252544804,0.21281489855446356,0.09066002177124145,0.09516324903540453,0.11174868737582332,0.08260112442253793
0.14088924864155516,0.11253736890740651,0.11128900179286161,0.09648531309515124,0.1469437044489912,0.08923435643228377,0.08751505073120246,0.09049677441776567,0.1246091815327824
0.027368510159506712,0.05916220622098802,0.09585576303933209,0.12166586729137648,0.1777838219280302,0.140583312110286,0.13199124393219364,0.12944891221734664,0.1161403631009403
0.09184681625059103,0.07575438113671006,0.13494036609894924,0.05630231068960443,0.0977199614562733,0.19621446892930383,0.12479243994771172,0.08836309787700745,0.1340661576138489
0.08700523064609494,0.1365749773810413,0.09568430587731484,0.10214868762866731,0.06257477109500698,0.13218408837355344,0.1691061207571365,0.10286856149060015,0.11185325675058455
0.01891562874443062,0.06396493994319713,0.09470150330728135,0.04223968940756046,0.22765234700989942,0.2750918908013366,0.13089717895651026,0.06756718564678084,0.07896963618300341
0.04025424504999839,0.22278902371264706,0.05620735166893581,0.15528141980079938,0.08215271858074359,0.1111917514541068,0.09395668570809755,0.07498831994138107,0.1631784840832904
0.1363263350111118,0.049590941190450454,0.07383903012563424,0.14176505669863887,0.174468048579736,0.12380160397822404,0.09642070162060128,0.0788212862723374,0.12496699652326594
0.13265694837082043,0.2513666617242362,0.09661715978550271,0.02559267320868,0.07128025102712744,0.08476914704772727,0.11250296349544213,0.1124281133416985,0.11278608199876522
0.09378834035216344,0.07833477798396896,0.14102522853887087,0.06641853568568125,0.05687359005216223,0.20939074185324125,0.15616774979123813,0.07654148218575212,0.12145955355692177
0.08627365306116826,0.07520959270354068,0.10058210744822733,0.07998971993029404,0.18434697971624267,0.14984575326790817,0.11017461018513273,0.08116934284672124,0.13240824084076477
0.026342988008363304,0.05918701787591354,0.16561040594165952,0.04931284939799626,0.09339262885928122,0.11434137004167673,0.18988798832515,0.1248834417823879,0.17704130976757151
0.19235049680648278,0.06388461008480588,0.07462259090067484,0.08209456601190213,0.16757517285910353,0.10814822807822226,0.10717769676460283,0.07474582351542136,0.1294008149787844
0.11987214415609977,0.2642959419856157,0.08451857219977844,0.20085829608927186,0.05560476261882508,0.08860220888766422,0.06953653283966071,0.04067842889746565,0.07603311232561859
0.0798784049357254,0.06696596830927123,0.13168191115191333,0.03755686892616735,0.0610819305624456,0.19889169525064357,0.12083785217030696,0.2049300659360728,0.0981753027574538
0.07037672839286907,0.08413443417768862,0.10665627803791507,0.11607847275046933,0.18374377844194867,0.06387875259459987,0.12085322777781755,0.04977191950167861,0.20450640832501313
0.1637471619984506,0.10789209152775925,0.09176158599111262,0.11215218373485902,0.1524321599726219,0.09316988510084641,0.10015412703203326,0.09462796955444445,0.08406283508787245
0.03285225151778715,0.0840560022884227,0.04230607136655711,0.045547284648948076,0.4688547669065439,0.039756537349861835,0.07972303192528496,0.06318399264423798,0.14372006135235632
0.012887595840877392,0.08515279491449124,0.04938375952396015,0.13737652864724995,0.05737007979558704,0.3099335162401098,0.10658516600067247,0.04153567070620457,0.19977488833084744
0.16125173610018367,0.08218075740437596,0.08890498962974047,0.06007191614342608,0.17083394598394708,0.15186239443611552,0.13729269222838583,0.06578332366860228,0.08181824440522315
0.1769195771381025,0.0665305655357394,0.06327659888432112,0.05171685862317534,0.315035487309942,0.0459752101049695,0.0938062072477228,0.05446582367015823,0.13227367148586913
0.05237596460448924,0.06292186932707201,0.12361636226428292,0.05073761291442735,0.16053077987405856,0.23796798315853182,0.11320380134503778,0.1146558903602282,0.08398973615187215
0.06698661848550709,0.10330307541028251,0.145798629447351,0.042570213452776985,0.11642942064411975,0.190556674982687,0.15459179071621207,0.08990933713916686,0.08985423972189681
0.04175161036881172,0.08107409883309702,0.1357115563573605,0.04659035865298875,0.09611241530794322,0.17236936007014905,0.1545620221567454,0.12762047651646216,0.14420810173644216
0.20969060814823667,0.08254354059261125,0.0882178058166881,0.0169062095389925,0.15660103892295926,0.15904157175351613,0.09306037145320957,0.10662830808495695,0.08731054568882964
0.019311898266627697,0.06490791577472117,0.11629823792070304,0.03690768735475137,0.40658324075502755,0.08741897422594454,0.07912510239956763,0.11117551928422635,0.07827142401843064
0.06198731719278403,0.09466755412063109,0.12786124263579868,0.09370172463347394,0.13006595766851312,0.13684033283995847,0.10226008854520831,0.12518242063761256,0.12743336172601982
0.03946264268240933,0.08579663778006613,0.04512044341213076,0.08897250401617153,0.1812209599734822,0.14380850938702544,0.12989367472473598,0.19407777181745098,0.09164685620652767
0.08865232941242056,0.16732449170527045,0.08781145526075775,0.09163951492339746,0.1144629232035879,0.1022376586202196,0.10710074259537188,0.07334656908299936,0.167424315195975
0.023783488033934628,0.1006222849857795,0.06785494196677978,0.14584328665832313,0.07258238665163068,0.19083169175733042,0.11450948017371737,0.13797098400142768,0.1460014557710768
0.04956527367395386,0.05982640737092824,0.11206382824384502,0.0474488746555922,0.07187355818351655,0.2643338427563173,0.13887176750140606,0.15600833287092572,0.10000811474351495
0.055659461366912744,0.16060403548528954,0.18549295289540887,0.0908294211853392,0.17637896558398883,0.0769470009184311,0.10931081187798393,0.07096719913848742,0.07381015154815836
0.20655062882391748,0.10238224288000124,0.1821574206891343,0.06940215901271032,0.09898145302993981,0.040737548890412076,0.09332197682737313,0.10744073710512704,0.09902583274138473
0.08612527539743926,0.11109945953553385,0.10904392160201389,0.10391905692383561,0.06307705938095161,0.16845061372223333,0.11989480126917584,0.14293886959452717,0.09545094257428943
0.05764024245510674,0.11097314575307098,0.08044388416710474,0.09461170848635042,0.08621604945386431,0.10571468426022139,0.13698175279145738,0.2314606644807086,0.09595786815211547
0.02897351849988644,0.1182361758330448,0.06755578817148264,0.03248387766824937,0.23203108260639152,0.1428900014872043,0.11854443371678508,0.10608377699064768,0.1532013450263082
0.08864401373423332,0.12530039179761962,0.12495630166204626,0.09449774729843824,0.05093288910282474,0.172998619016935,0.1106863297017855,0.09540873621601718,0.13657497147010011
0.045571788448728646,0.07581070582517152,0.08727271820253198,0.050940486816506474,0.3560357922327784,0.13301715307920345,0.10009493360077587,0.04747939452399922,0.10377702727030425
0.041875492197348874,0.10268872999329211,0.16883532246448432,0.08880617853464172,0.19405699336470464,0.1339310969478448,0.12228002460897854,0.06685393647033709,0.08067222541836792
0.09380296027128888,0.08736345432104582,0.08545360070907275,0.062137564959068824,0.13750054332919037,0.07976542241072697,0.12732729786068658,0.1282726952391028,0.19837646089981695
0.1366371615425845,0.1374283671713989,0.06194849587235413,0.16407490937706842,0.3265504500708909,0.036823398904490205,0.06561230393032282,0.02833489765570511,0.042590015475184956
0.05715907294166023,0.07823976977777833,0.12326074023713961,0.1429700141379034,0.062257971402173255,0.20220986543676375,0.11655211663062427,0.0913400127973182,0.12601043663863895
0.047595640488305536,0.05265202532606774,0.11064648704750217,0.17028440769489905,0.09095191784250212,0.14687524881959818,0.12038174311063282,0.1653582043411221,0.09525432532937023
0.018866513214593674,0.049596195108070125,0.09462504900188799,0.07461723521152082,0.28267439319664,0.23986990079644518,0.12036938956129613,0.04475480511344517,0.07462651879610106
0.07933543075497047,0.06129457748761343,0.09250160101049497,0.34694142278578904,0.04689710685758894,0.08107456611288257,0.13349748307317041,0.06533276526490837,0.09312504665258177
0.07802114463591202,0.12135967481605768,0.0974806761985335,0.0871530645977241,0.18931103860121332,0.128766562599519,0.10606389248283521,0.07537519699341533,0.11646874907478984
0.051850164837938036,0.11362167707551041,0.1435338232004085,0.07866914387333497,0.05628085621548876,0.17496997040573792,0.13531474040898314,0.10384730964171446,0.1419123143408838
0.03740757822239804,0.05578506346271894,0.09759964232717881,0.4324838451927146,0.09495982412600334,0.061214261261660165,0.0745033512688263,0.08702184025723543,0.05902459388126441
0.0902727750083022,0.04891470508709523,0.1453954829444272,0.2113733044985765,0.10745589542923167,0.09050465494537409,0.10566661594094495,0.07627568722639441,0.12414087891965381
0.11017736989048339,0.1053303676444879,0.1491986996961785,0.05916176641466512,0.07360451254816051,0.12587750727997019,0.10301118064809785,0.0825006354704547,0.19113796040750183
0.11085062890586628,0.06010294686122408,0.09191886602863027,0.1453175167694203,0.21007557735580287,0.09117852956550658,0.09555437855821158,0.09170662528049146,0.10329493067484662
0.09148979224503832,0.1645546600372408,0.09488501825999497,0.06951008216239622,0.04250010248381462,0.20170179105082517,0.09754201694623514,0.1453341020060998,0.09248243480835494
0.06206977430186785,0.06197811934329272,0.11045556755701806,0.06781686907555003,0.060597518426953025,0.16348414514473053,0.14486895822341905,0.19725706741601887,0.13147198051114992
0.020812956569939048,0.10461084510725048,0.12185661020505296,0.1296554239828195,0.09110962046378861,0.1924654484856679,0.12458805775793909,0.09887578084739729,0.11602525658014508
0.09965524317103103,0.07033165993851612,0.11789112417357672,0.11873746227289761,0.07127221061042686,0.1280850723086371,0.1362090299912204,0.10378736118832439,0.15403083634536982
0.10090208478319673,0.09812996890166671,0.09802539419137808,0.12757416872670282,0.07252710338511824,0.13415073415544573,0.10807899292349343,0.17843266994372034,0.08217888298927788
