0.1185715465401267,0.04243206983022224,0.2794616652447488,0.021763397455172914,0.15532444104690443,0.15559868830837575,0.026869227011656675,0.11326080668895237,0.08671815787384028
0.11408620100471929,0.07460970167765464,0.16659670895960857,0.07126015816900436,0.15327318049905408,0.1267684705798582,0.08920980437543628,0.11770894592245697,0.0864868288122075
0.1109438431929272,0.2136546905733363,0.15613034049376837,0.04313463759208189,0.08699148110037296,0.0829543168046355,0.08882686205850528,0.10965800320910084,0.10770582497527166
0.09829984711193328,0.061308852339149476,0.09905027619998412,0.3302271514068056,0.03860287748800217,0.03849500080819786,0.1010203083833275,0.11573699641770395,0.11725868984489597
0.09858077593740155,0.08605430365837129,0.15803061353466966,0.05198643371613948,0.19902029488961223,0.04269289631491132,0.05076127539466454,0.13689494192638083,0.17597846462784916
0.1384733654544461,0.1485023039201979,0.03909388004074088,0.04349954588086168,0.12699853883048848,0.10295645390675269,0.1350739453205894,0.10580021699991989,0.15960174964600296
0.11234904073870733,0.08585585863174934,0.18242980955669022,0.09537547058848832,0.16532767301459564,0.06481932097686031,0.0607530661875223,0.1393680073101612,0.09372175299522524
0.12857888013162735,0.11196377244353112,0.08775446135330035,0.16021826060635827,0.1337176914156942,0.07861788849037485,0.04067437748104142,0.08223118784373623,0.17624348023433623
0.1070687945522325,0.11134501499641665,0.23243418636838642,0.0573495219724631,0.10308624689281394,0.09082278270850974,0.0393718386948522,0.12615688633393,0.13236472748039546
0.0926380668835018,0.09102349667321874,0.07174406827672332,0.2948819084261208,0.08975259763813133,0.0697218586618323,0.024519377817365556,0.14648639771901684,0.11923222790408931
0.12127385045492119,0.04410273646728863,0.17583265161063336,0.025472007234012006,0.11328085905092716,0.21893685448294176,0.03256443669245528,0.2026508199632633,0.06588578404355734
0.11005200043011172,0.06649451631626015,0.14864450912694327,0.14002146092652293,0.1765184631491111,0.06839855677966429,0.0354212883538103,0.13211790301113144,0.12233130190644494
0.10746720558872176,0.06598701011860506,0.052174214634875815,0.4018916920063684,0.0985375789814919,0.055937149010682675,0.02080053086295517,0.09221339166238467,0.10499122713391461
0.1402396453781836,0.10096100169689298,0.08907570706608965,0.07067292413242186,0.13036321343306043,0.08227430659078715,0.06012292753785168,0.18496785962615725,0.1413224145385554
0.08997175931813724,0.11409235015721358,0.08099288647193054,0.03690108785606474,0.1267121791528868,0.02491420086063759,0.2894484186316047,0.14906874794699207,0.08789836960453279
0.11687585330391455,0.07849085988155144,0.19756762406037476,0.07121175820979808,0.11050090817766722,0.04005681761371492,0.0476755908767916,0.2209401663481151,0.11668042152807227
0.07940775051262625,0.1381999986186455,0.23827463967953685,0.08079977185030322,0.07089464843533984,0.1777479882746205,0.08905028096323075,0.051379193331894724,0.07424572833380223
0.1209501083401741,0.09317516990089782,0.06109297739718043,0.2949282458509073,0.09018633186045029,0.10942859946654467,0.0240039370917958,0.08038742433334903,0.12584720575870065
0.09903022533386115,0.1500670679567173,0.13234706486715675,0.16543816261935446,0.12268808555685533,0.07443500398507165,0.07162279081212168,0.06444103428097932,0.11993056458788239
0.1153780068298192,0.17690973756526898,0.06910280552900408,0.10360914937652099,0.0986448766402485,0.07830071481561568,0.09872624080314414,0.11372416142105628,0.14560430701932214
0.10558369731675864,0.1580467199003903,0.11096426266071929,0.11540229381719512,0.08345386910185575,0.10183589706993677,0.128176270842882,0.10024281761386777,0.09629417167639436
0.10694970415521941,0.04355813905975849,0.3193268017443376,0.08389961419523555,0.10670828572643176,0.0758024997468955,0.04196693904641735,0.09379974746069804,0.12798826886500633
0.1039951913642798,0.12216176039685996,0.05601839908538624,0.1455713415715527,0.17454432766296332,0.06976010413741722,0.07146649207682033,0.12957122920233868,0.1269111545023818
0.11395135095705534,0.05947435233330664,0.13398405521519455,0.19395174435763987,0.12102719024311231,0.09173045306725754,0.09610750452720733,0.07458942507005695,0.11518392422916947
0.09372627126386845,0.2606610273952225,0.13176495377845585,0.1305831278061547,0.13360659688183116,0.044278483225107225,0.03847667306939787,0.08043861068418666,0.08646425589577574
0.12064109885747741,0.08504432281929693,0.13414353565934975,0.1430628890649346,0.11703992269137255,0.07631160606687148,0.06409510906094974,0.10390146060319344,0.15576005517655406
0.09803968705678569,0.06258844160371613,0.06578583391633835,0.21332838962941622,0.0822542029358052,0.03715839853109153,0.21800779550511032,0.08073290049542914,0.1421043503263074
0.09800947411231993,0.08258159180821119,0.060861459794865146,0.2474539584490593,0.12762865074521906,0.11361458183128224,0.053751515663856664,0.08901849918846112,0.12708026840672526
0.13947489050835704,0.06952241255685553,0.039097498095046805,0.16733168949711544,0.13180547783603003,0.06711274060619986,0.08859977070598339,0.12880022202733238,0.16825529816707954
0.15167639172420097,0.15715302056418576,0.09480358738601728,0.05414893995557663,0.17792231563958394,0.1168799942182663,0.04027254887599835,0.10355491018402123,0.10358829145214953
0.1710761292541162,0.04173017136629407,0.0641378736679356,0.08799923853462256,0.16364009810016397,0.10799269193574708,0.048423877879346044,0.14979509136722483,0.16520482789454968
0.11873025535594557,0.05833913477092486,0.20576231080301685,0.09093419464403475,0.11127058415421336,0.11001855558735435,0.03210331161474934,0.1233886958075829,0.14945295726217803
0.11170493516512936,0.12139044199385497,0.07253935574274128,0.1328367632532583,0.12452709266078142,0.1798798412613131,0.08133410471384968,0.06772925105497717,0.10805821415409465
0.10995152761493025,0.10013584156805366,0.07498126960312729,0.1194654961174355,0.06202708120265982,0.07116615824372842,0.060478645311735225,0.16143506713808328,0.24035891320024663
0.10799696712049245,0.1778641901285618,0.05254336804844103,0.10894665247821249,0.07128289873312936,0.035035864152069766,0.2737449504714807,0.06689367126664832,0.1056914376009641
0.08065566855100682,0.18658688912495483,0.05280911555407251,0.05995693220229984,0.14304894298992973,0.07464181235661427,0.02724716128913977,0.29272561551371273,0.08232786241826942
0.11980818933523645,0.13069870613473983,0.05274902339403359,0.05711472889443214,0.09378696876826621,0.11524251004692498,0.1909466683141797,0.08462594204158769,0.15502726307059939
0.11842615134395106,0.1604734308026594,0.053132753056627936,0.15032831584104642,0.14119512754018304,0.08579339244687273,0.03679826612944557,0.09089468623209325,0.16295787660712058
0.10066612690913522,0.05890660747571586,0.09317234324229573,0.3501340851596571,0.08337616741725655,0.08582980194146816,0.060561492299577156,0.055851253099391936,0.11150212245550221
0.13609476059903422,0.025117819335169638,0.11325692723731369,0.16878321206640814,0.13419433985090493,0.07482097474459548,0.01650955658502265,0.21773140946463707,0.11349100011691415
0.0884997486230275,0.05757659429745224,0.3628780650137274,0.08433342248310223,0.11195903752330721,0.060410334161122764,0.04734731701786771,0.11254606991911002,0.07444941096128294
0.10280537227848703,0.1266022864102744,0.057694622428239924,0.14176251655349598,0.11393800116648929,0.08825697288725463,0.1770187203604033,0.09849878438989268,0.09342272352546281
0.10542370712633835,0.0504572828074992,0.1789872857047258,0.0959869213261506,0.13597590873137108,0.10505591226023638,0.1081354419542878,0.10021032798599261,0.1197672121033982
0.07390661940691313,0.03216106331247989,0.053860446308173625,0.4389382869097617,0.12235306233678796,0.07671811786475517,0.01952192522266696,0.11896747687030147,0.06357300176816014
0.12882196810491017,0.11101718943633054,0.07453043349841208,0.08217803901910016,0.07297842679816756,0.1432827070684416,0.13177102427536236,0.15419881397042534,0.1012213978288502
0.13080759780510948,0.1794845891891869,0.05122438654019804,0.06665012233048567,0.09378971638086885,0.10594517120111947,0.1082310723171539,0.1620765883569132,0.1017907558789644
0.1371633911435788,0.06345100921031756,0.11646519801349936,0.03517236309426389,0.09627182387099319,0.1468165601336335,0.24701122850951315,0.06644564806951848,0.091202777954682
0.13355590542195292,0.03319517436095101,0.1483118223798789,0.12287933645388882,0.07445632002596414,0.08854527205324364,0.20807968929263088,0.08218264809951403,0.10879383191197566
0.08194115630722797,0.15160931514405393,0.055474629631937576,0.2039021523879867,0.06821673650337719,0.05101707571006686,0.17426901556479837,0.14190244476188602,0.07166747398866541
0.1028383338554363,0.08093320295389717,0.05623582544018942,0.28707046247902573,0.07126508604988978,0.17286655430325348,0.009982983944054538,0.13110986014589582,0.08769769082835789
0.10926490911323543,0.10182973573792818,0.061425484002598264,0.16377348176981965,0.15541296788358472,0.08289526048169321,0.1368392548438348,0.07869406436110477,0.10986484180620097
0.16133238119220086,0.053906715870958695,0.20838720142371567,0.02216419147890995,0.07881684182876908,0.12284027360114552,0.1359145858164784,0.13249392462600504,0.08414388416181677
0.09788127586306346,0.1025351715030326,0.1397893613103709,0.04251069556283551,0.06101731531285076,0.07830784984026566,0.16792649879462332,0.16183303061714627,0.14819880119581155
0.16067028396900987,0.08392445410845772,0.1419273788408325,0.03985524270521989,0.19236835045221043,0.04948694711792732,0.04873218867833265,0.12645569499955114,0.15657945912845855
0.16513784616564697,0.12037738771544709,0.09207120719949068,0.06665828569409685,0.16106658269696675,0.13509945836460666,0.04582757927160933,0.07640205495156445,0.1373595979405712
0.09383412563280162,0.07233185767912162,0.2765555167253962,0.20441128542937423,0.05680158319009915,0.034541070161331545,0.025708333290274426,0.12439797361742443,0.11141825427417684
0.10321736924344849,0.16775772948039616,0.20346339678683864,0.1521337323926156,0.07472417640588948,0.04083507538755395,0.05133873398269114,0.07650376599063126,0.13002602032993527
0.10399693972313627,0.08030413830742768,0.0802001385543669,0.19057257100076738,0.118856693675444,0.11515115102038982,0.03716081497302281,0.14119110010206537,0.13256645264337977
0.1240564926592228,0.06544173035352914,0.19461489484816555,0.12909141192813042,0.10927800600156205,0.04933885187799905,0.0390487049638086,0.09873219326301062,0.1903977141045717
0.10088055158630087,0.09910218748899176,0.07989626346691954,0.32458935074466866,0.08507847328762846,0.04939996974181827,0.03650032798522309,0.09167661680958943,0.13287625888885998
0.10899109089411337,0.09675921832009504,0.15636899201970597,0.09368741634754417,0.12637979792916457,0.19823414562813624,0.05042849068433262,0.06939342843431788,0.09975741974259013
0.1348806579022461,0.12652820753130722,0.1266049633742531,0.05253738206646835,0.10892871029238031,0.049041175008536136,0.13290316321482917,0.0792969547538067,0.18927878585617286
0.14003610536105937,0.04565994328451054,0.12296037328637875,0.09997598190034081,0.08362498114379714,0.15931859571163984,0.11559640280088311,0.12063097521469872,0.11219664129669178
0.15728540810273314,0.09500780090002899,0.20314460048988522,0.09183955591919889,0.09295463023347213,0.07024420322011769,0.045290175361131564,0.1233512675953115,0.12088235817812103
0.11066244121156471,0.16317837497452878,0.03601296741441291,0.16405772999489474,0.15738450639799453,0.08747441703420324,0.04018362273238835,0.11830643713559492,0.12273950310441784
0.11514314970049867,0.1498611320222315,0.06974225334638086,0.07767268293859743,0.11093363901638287,0.174285199213385,0.06765925093848608,0.11270760093286464,0.12199509189117291
0.10726999356256621,0.08385045621091335,0.08895130460291482,0.09814864641203373,0.12172257101645066,0.12235766060574212,0.148149837074674,0.0543944919904407,0.17515503852426448
0.10837332161423906,0.2972296310050586,0.1279606824153755,0.07428703222752242,0.06693521859360226,0.08351142981695144,0.025409442865258907,0.10092670647806505,0.1153665349839268
0.09819190158910733,0.08765155322447597,0.044183853524956025,0.2664823763524537,0.09308466876837203,0.09936211778370059,0.024910653701844022,0.12944826802482903,0.15668460703026138
0.09586956211441094,0.08165975308534355,0.06859812104159259,0.3231108163705057,0.06683863156137711,0.05404385588749749,0.09618511633049116,0.13486912485834315,0.07882501875043828
0.09912260910022357,0.18500021966365596,0.047343808097092155,0.0962046776981927,0.12409629116694225,0.1348341457635097,0.12961514202044813,0.09521367958949445,0.08856942690044116
0.09277863243355479,0.07643801527469123,0.13527228173816055,0.12359041318824682,0.10455857494642999,0.08683769896294363,0.1948374532687077,0.06619680968821691,0.11949012049904832
0.12427155161870322,0.16992341235286548,0.02742563653325188,0.054248498056394874,0.1059697907319865,0.3052885647648424,0.06434794655421174,0.08564961279986044,0.0628749865878835
0.09357909869916141,0.09638248154938311,0.04652058374517807,0.078834215636165,0.11702759342077061,0.10570937046375994,0.15251433109094634,0.0665366498732394,0.2428956755213961
0.12238987368147136,0.1929021049884386,0.06543921517522927,0.2157045621592126,0.10028813712488228,0.13538926959689088,0.019252343649610815,0.05210807158718008,0.09652642203708413
0.11968536205175288,0.05345521204625756,0.3559375366629782,0.07722971748019129,0.06980611121665527,0.07109899396479506,0.06765744112540914,0.10254756793193853,0.08258205752002208
0.10097916804412516,0.05366888076832399,0.07749452726551842,0.10055613948616564,0.05360995833033258,0.059489516464692416,0.19793348872430225,0.21484404989076233,0.14142427102577718
0.11985436979726205,0.2461290003455924,0.05636258554126893,0.188337468403459,0.050694768143313224,0.06171688949962444,0.09542797593562209,0.09139790030000676,0.09007904203385105
0.12685221531859195,0.03612843320589847,0.14237073264495,0.21066189290533577,0.10386460797540731,0.1315404003252564,0.0178382979937653,0.10873550374042655,0.12200791589036808
0.09065209298698625,0.04754325106311332,0.050988997260329634,0.3153701586879439,0.1320272456439889,0.11189577946763728,0.01702941731871074,0.13814223104997944,0.0963508265213106
0.14551280445293058,0.11623555749758056,0.18800397705683256,0.056171187297618684,0.16557554948296835,0.045151649958579655,0.04047213339081598,0.08218152241415207,0.16069561844852165
0.12333679800161985,0.17383813848777363,0.2446978124129631,0.03886547072440473,0.08639764757388495,0.04838603473423723,0.06461971995433013,0.096388497827724,0.12346988028306234
0.13907513023387622,0.14287993771125515,0.1244515606233242,0.09682397138081716,0.05941305581143543,0.07248779469221509,0.05078314574888309,0.1334793728921823,0.18060603090601127
0.11586744656371029,0.05815242201240253,0.12061299550136552,0.12457742340680417,0.16898799302380973,0.05450875792443255,0.06936964585269127,0.19685491809957836,0.09106839761520559
0.09805758241059247,0.07558394761284036,0.12368245300913172,0.14083086862053007,0.10461950034385005,0.11565510241479016,0.04994324114270023,0.20448347302847794,0.08714383141708708
0.12320878792451695,0.22738391403620264,0.0562524597564793,0.055938378853390446,0.08036988466504157,0.07236197200575278,0.17635832765339474,0.07879315217673045,0.12933312292849103
0.13294280469480227,0.16417934034456846,0.047676085286570934,0.16794517356111613,0.0947334190682278,0.08920646712373259,0.046840119997841594,0.07950588724403858,0.17697070267910173
0.13074224071385,0.022331521959204997,0.24700705259643316,0.06850115250625459,0.08962113041777513,0.09625530842160594,0.13332705125981256,0.1334478800071234,0.07876666211794016
0.13411882052275464,0.13845046542985198,0.07325746900088705,0.12774593197311104,0.1440659548133338,0.14028663682703643,0.04312797887421862,0.09556379466332225,0.1033829478954842
0.11992830330982207,0.04034428880809814,0.40967086308636763,0.05275347844070662,0.07141609209016264,0.07057416610198515,0.06947722322478413,0.059898584912897214,0.10593700002517642
0.12280923741113087,0.22863050069211263,0.036721931842414395,0.16229975984438938,0.05953752369583107,0.09735652107167296,0.0665695799330876,0.07361534971465952,0.15245959579470156
0.12568969324061105,0.04142620581160061,0.25898973301038536,0.0773235093237954,0.11090216428197079,0.05838243654249133,0.164513775275502,0.04787059170960595,0.11490189080403751
0.10965811058179901,0.13432480059624,0.10070733301816241,0.09777418510817258,0.10634393766993543,0.07370728870104222,0.1109381716293381,0.1271502620640102,0.13939591063130005
0.09328955450568281,0.06722207945677104,0.07988793484567212,0.09612904924499167,0.07072159927337525,0.09016052996696859,0.26677730791877713,0.11589115783842624,0.1199207869493351
0.1516861051744676,0.07237926999936452,0.08772485992294399,0.16726476296124335,0.11131110214175005,0.1907330398964129,0.01727890260814005,0.09435201813296297,0.1072699391627146
0.12437116501861083,0.09874280392516194,0.1349878501943909,0.0744275709166029,0.14634540119045783,0.1376729726425305,0.07497406637826708,0.09131370631296121,0.11716446342101679
0.09349414987054361,0.17696867704512123,0.09364780853589964,0.2101456111622202,0.08212239500843027,0.06059060459787868,0.0519290019674831,0.14235845212768466,0.08874329968473858
0.0998302881741034,0.08667081172176606,0.2909365141215234,0.04731821235832239,0.1380148595813724,0.06318560810190238,0.06728982838086657,0.11827888809333459,0.08847498946680897
0.10710992348945914,0.09677216051243108,0.0651891869358504,0.14926900377194438,0.1249126333568229,0.13393747460304883,0.029070894858993637,0.10603324737655763,0.18770547509489202
0.10382202199413011,0.06302531655589892,0.12322272457679218,0.16427310690216887,0.12940950584815447,0.045221204211521475,0.10051011428940752,0.1615396919225386,0.10897631369938783
0.14208627064577928,0.24561124905999296,0.05080230412840279,0.04110258363289544,0.11101531712601131,0.11551213142160095,0.06042747612785152,0.12765740440612794,0.10578526345133783
0.12130400421507583,0.07159772958648075,0.19189689710231342,0.1480205534844478,0.08979315082246853,0.04658856032495748,0.11742355697804974,0.12119671527085275,0.0921788322153536
0.12999003062069486,0.04200616936445944,0.1397095917624825,0.08957737087048183,0.1124067272809665,0.1667379791025941,0.07686151959936614,0.11242598588717778,0.1302846255117769
0.09829136431166823,0.06526606969610373,0.2207020565757396,0.07664439541419797,0.11191020952560728,0.11296039389835015,0.015244537053672425,0.09126309469473033,0.20771787882993029
0.0991521042703372,0.11647094558516073,0.12811547827563544,0.24546321026876658,0.09601586676937897,0.07489325684453771,0.0446926663118831,0.13032766771873547,0.06486880395556475
0.13357875704405733,0.050355400483420444,0.1245612396911407,0.08343048149267755,0.12356116512867173,0.07080408308624266,0.24083894875726672,0.04338489593861092,0.1294850283779119
0.11531253444447176,0.34127602899207304,0.029186823531850887,0.03125277197989367,0.1329480177939745,0.036004487199880454,0.11697499528232062,0.12476471328147005,0.07227962749406512
0.1393152051708495,0.0796457124129132,0.12089370706839352,0.09161881932857818,0.11070297825449171,0.14041709628872487,0.03840753263205942,0.1477403170557912,0.13125863178819847
0.07722549639890658,0.06696205924881654,0.11137933492019697,0.17426131158126293,0.0638466311199018,0.08284527719781136,0.08653578614095081,0.2546073350509275,0.08233676834122565
0.09275286189923815,0.08910376588732795,0.23601061851703073,0.1254411457255564,0.14160533874546546,0.07275401999486679,0.017420443505660545,0.1216402451164753,0.10327156060837868
0.14063010752775493,0.0784997559447689,0.11415243026099188,0.2009394009806685,0.11283770857522601,0.11678971278160631,0.024715506980580507,0.11239174451937263,0.09904363242903029
0.10349214889431509,0.06693391368260253,0.13729497795140055,0.2576852298967176,0.08859581713877819,0.08759962844926243,0.028965268292810153,0.09750614406274623,0.13192687163136732
