0.08693751178106651,0.1444838826819362,0.07163012398261485,0.2149081857357549,0.10306830623305746,0.1223985400734255,0.07672964793876796,0.07949446978239028,0.1003493317909863
0.2100057503501264,0.09251232086713311,0.11850696949983168,0.08951921946759661,0.1315430037460932,0.06732203941793918,0.09409085767545798,0.0957255003683231,0.10077433860749874
0.09190063895498697,0.08368534912893716,0.2739395163325909,0.12897765384587878,0.11385338905090621,0.036720500371741974,0.12459765385752623,0.057345214299710755,0.08898008415772102
0.06053519092995058,0.1584390214685493,0.09971614479093895,0.13528696696082212,0.1026471005565638,0.07926458738547715,0.11833972851518675,0.09968274637068232,0.146088513021829
0.25404968769548725,0.08906237282132241,0.08399211601819156,0.11343596980213322,0.1248782879493317,0.07327932058821487,0.1067422533459023,0.07582790575895106,0.0787320860204656
0.1950472866174695,0.09505801703072543,0.13253696193071038,0.08514968188699666,0.10817443251302496,0.12693305127860985,0.0785907339002294,0.08101492361743058,0.09749491122480321
0.1410032746029197,0.08111684606361276,0.14212768615656957,0.08831648112273037,0.10872076734293383,0.09038008156739454,0.13477488798094506,0.09981021556360402,0.11374975959929012
0.023656284271161534,0.10161958218530698,0.22426354180297925,0.13440983181346053,0.1108691072242838,0.0656762058103512,0.17609282440530674,0.0670869879125743,0.09632563457457566
0.15599981193308443,0.09472047242644537,0.08525582934139216,0.10695144984705358,0.106108569079856,0.08303866142593609,0.1631603302390275,0.10845506090469259,0.09630981480251229
0.15235604941952963,0.07981103680953823,0.08295167945360907,0.21609382814470257,0.1078260388802666,0.09919232639478459,0.12041388036645699,0.0641211992183962,0.07723396131271609
0.14953955341631134,0.0848831565842535,0.17298766723867173,0.09385761760191925,0.0966702028629055,0.1599246111866707,0.06644535881015184,0.0698978217298438,0.10579401056927244
0.07026475061835107,0.10002935819165998,0.0655838413265407,0.12695370702228573,0.10690479516120728,0.17376288798100462,0.11110475334639308,0.10999862985150162,0.1353972765010559
0.11688875285774347,0.07436720508296984,0.08098587186087368,0.21038163300054588,0.11432097375739397,0.09991826446008471,0.07763028320484788,0.09557154191441246,0.1299354738611281
0.21297936164336373,0.11401008215901391,0.04302855631471645,0.13024321634391398,0.08513823408371794,0.034907362536835726,0.07707417899981073,0.18473742924179595,0.11788157867683169
0.2049668456127969,0.08621321858355042,0.06300336943953412,0.06202396433226235,0.11190277562096596,0.23021753179096494,0.06824444127677505,0.08039884849567808,0.09302900484747208
0.22304281652051025,0.09878242154608503,0.05249256092266829,0.11148497314569904,0.09239708474586557,0.09588832686850422,0.09969296891707702,0.10076354095941646,0.1254553063741741
0.14863413620425475,0.10265739817918922,0.10389585204440978,0.08530794953632902,0.11011914081190123,0.07369028137543981,0.19256765812781587,0.09072710685176331,0.09240047686889696
0.06279528328587781,0.11980294625036887,0.11480668367172649,0.06636830525456529,0.13981145636083972,0.1787532603591615,0.08527894475570841,0.11518186870783725,0.11720125135391463
0.2058911783940848,0.09986871805562343,0.08781698185651149,0.11114795229089985,0.10048105947700796,0.08962637138728113,0.08114026191067097,0.11032866657095923,0.11369881005696107
0.08835154922638673,0.07467271196032936,0.19031544702165115,0.14560680682571256,0.10262189803373202,0.06108426099220163,0.16919138250246016,0.08060171852522396,0.08755422491230241
0.09392795817311918,0.0931196693403983,0.22297195469578424,0.06864965789208569,0.10614644392812256,0.11473746851445292,0.12585931650392815,0.07145693116203071,0.10313059979007821
0.06967677379916941,0.12839942548150318,0.07599403194402754,0.10506964785632178,0.10006370900619192,0.2519317528010116,0.07170634084948066,0.09422912094599485,0.10292919731629906
0.027736800087763056,0.20200539454824798,0.09876543931841232,0.08405420801581531,0.12553503076589245,0.06276140661250276,0.18375041565307573,0.11742519665180474,0.09796610834648556
0.24734321979506255,0.08174528513483742,0.06363460483919847,0.07346546267868813,0.13756072641510855,0.11265739489525876,0.1176656188047724,0.08005818673044189,0.08586950070663175
0.03892002200249924,0.0853089521706768,0.13805388073852629,0.09836779112253857,0.13001247326070983,0.09998117532805961,0.13332914723312758,0.1392683092640382,0.13675824887982385
0.051093085972576724,0.13841750040654174,0.07799505037479175,0.16127832494532054,0.12149847087316962,0.08784277833280207,0.09999600310495799,0.11156945377519485,0.15030933221464468
0.027913891515413115,0.17485489936718893,0.08336203997129273,0.21953656515757758,0.09297988125376076,0.17932206986554108,0.07272814577045754,0.07972338394364817,0.06957912315512016
0.07003396780001554,0.13086108524690462,0.09220881295964223,0.07676914569336475,0.12152947436259605,0.1502985641386567,0.15131392353412285,0.10996103407305381,0.09702399219164341
0.18830664645629294,0.07602025878501983,0.06626545079697033,0.13808082528591212,0.11991484058098341,0.07456584953366387,0.13578154258973174,0.12592229140233982,0.07514229456908593
0.055250204123179235,0.08230124413084021,0.14151467788333785,0.10253739399917239,0.14513116520502037,0.13735435442914123,0.10446449054551715,0.14548589869941053,0.08596057098438102
0.25963868495243103,0.10513148093415205,0.0635476576635202,0.05326757065173665,0.10845423872870892,0.1244820924548183,0.0936477460643474,0.10332639751530141,0.08850413103498406
0.2174805727734556,0.14726051611506238,0.07767893843049704,0.06299541886594247,0.10340051779650972,0.13536929647059842,0.08987456000024778,0.0806959743347125,0.08524420521297414
0.12916220612772722,0.10665345139431937,0.11878834340337241,0.0789184388484454,0.12228896441172983,0.10173004192104018,0.16173372175467418,0.09914238258664111,0.08158244955205025
0.11151284603955558,0.13816143210207807,0.08947687755023753,0.11736912216282303,0.1392102008157444,0.09294787508058666,0.11077791082453081,0.10024305962395191,0.10030067580049207
0.04547597006546042,0.11032533092263702,0.1517356612732119,0.08182849430969392,0.11220400355419984,0.07753724111505546,0.1550290758179522,0.13631464893955125,0.12954957400223804
0.21802503271161297,0.09598072121402323,0.07776579250445669,0.05011840034064826,0.12393008120910921,0.07183381508426705,0.14193284373997486,0.12576944247388414,0.09464387072202353
0.10812869465586565,0.1101187918664784,0.14269513268206244,0.12768496781306835,0.0924868188134537,0.08146645696044387,0.11175784726603168,0.07838588343733786,0.14727540650525825
0.10729508595378663,0.11933707299886243,0.07914902193945596,0.08069495538540057,0.12073194460939451,0.20528656580181007,0.0853474500704125,0.09304242531460762,0.10911547792626979
0.1963880795344574,0.13776234235725002,0.0779032607811213,0.05736247645112208,0.08198963766032166,0.0880128177301569,0.10097198980949228,0.11735144061464776,0.14225795506143063
0.1257704307747374,0.10282837719840647,0.07845582608701814,0.10064791090920588,0.07837469336521806,0.17179727050449115,0.10454987743798407,0.09508250923334709,0.14249310448959177
0.12727655722287015,0.09051690814199488,0.1678961829186956,0.07503252643300563,0.1143692160058276,0.08112837564343577,0.11001322193875969,0.1187507437159707,0.11501626797943994
0.10118664222079853,0.07474687956246871,0.08415501716463314,0.22882772825394668,0.11424915587769097,0.07720686899253475,0.14697442942717054,0.08024132043059601,0.09241195807016071
0.14881383244576327,0.16494666471997574,0.059471819219491955,0.09370016960290667,0.14005600706535346,0.04226294275823237,0.12541836548912091,0.12334788834089089,0.10198231035826472
0.09238762098260363,0.1474086459846532,0.09400979944332742,0.07498819540104473,0.12352966560663037,0.08861283197845878,0.15613552474658873,0.1055701214691151,0.11735759438757813
0.041868876066273965,0.1016648196900254,0.08784213240273903,0.07091827254695211,0.13157576810224078,0.09512942114458944,0.25042847827677034,0.1198673712714572,0.10070486049895176
0.05274730811383747,0.07252247867386312,0.14045116654788084,0.1867280165412013,0.12856372060747348,0.09487421534972856,0.1592601692126874,0.06049198388996035,0.10436094106336752
0.19454021636480665,0.0898804520916255,0.12076680795013821,0.10435560569586029,0.10447621953266185,0.12457564992542276,0.09459522187615403,0.07795774089676347,0.08885208566656726
0.19251834185744296,0.10602927183939319,0.05130439703644144,0.11911868164478286,0.1034632134512647,0.08030357352943322,0.13932633057014118,0.10138316545028214,0.10655302462081832
0.07195230088158104,0.15050940364326962,0.07918334596572545,0.03589134001471067,0.11425175313357457,0.15099381910564227,0.17106375792426828,0.11922351759661487,0.10693076173461324
0.14091088099513363,0.13612147836900598,0.1178150153059412,0.07945569467357187,0.14683746087539357,0.06738105083073442,0.1283825686205159,0.09341240550714595,0.08968344482255745
0.25353035504097626,0.10398012504613953,0.09512017963100554,0.058280043309081854,0.12368083837499966,0.08899159691964827,0.07898125810514867,0.1064055115970638,0.09103009197593644
0.2099552847741739,0.11032318080951704,0.05979248892779527,0.06639137565696314,0.10899584038510761,0.11069936369785094,0.10032487381864268,0.15396628484022826,0.07955130708972108
0.11220240029546852,0.11649044774375668,0.06968796878926371,0.08674771816645499,0.09638042737135882,0.14816829867716633,0.1279321860949733,0.1582629044107548,0.0841276484508029
0.05337217016417319,0.0697679602634814,0.10653377448580403,0.10265594766010777,0.10501938341361457,0.08285815145711214,0.22938085820369059,0.11798465593067213,0.13242709842134417
0.14488890237749683,0.11906749722146827,0.09225968504734126,0.04244520998763731,0.10463603273646012,0.16073529285480365,0.1262317274197978,0.1241735918061594,0.08556206054883526
0.062128736252945516,0.08160639512875757,0.16492898163100775,0.062710211497133,0.11509622340645237,0.13415182568825204,0.1620860505647299,0.11110155988330335,0.10619001594741855
0.09151023752879983,0.13320018507232612,0.06772006865484469,0.048308804429159,0.13303182777212222,0.2010673380753891,0.12688765397907717,0.0997415634965258,0.09853232099175596
0.15773945344989415,0.07957589513170152,0.15206498637288074,0.03938140869570073,0.1189056868342257,0.10339962380955481,0.1312548327141065,0.12781726115625913,0.0898608518356767
0.10398545392450598,0.040955623379582785,0.08721846049090877,0.29102659118033186,0.10318952277633153,0.06423106237756761,0.20315054430954224,0.049529616019260786,0.056713125541968466
0.1514698134624257,0.0975580328231767,0.13633893218689053,0.16128374105833396,0.11017671943084106,0.10247817090489907,0.09285104695950132,0.058226911821914064,0.08961663135201768
0.15434764093754902,0.12308800999349849,0.07026427058504671,0.09498995218911181,0.10063427992473799,0.15846762760918742,0.06971378581486294,0.1159222053458988,0.11257222760010681
0.3782967038967737,0.06262339436571675,0.06983941638795023,0.1089593002875139,0.08810639765781138,0.06728527536922287,0.09129696222434476,0.06168424733263467,0.07190830247803183
0.12197195918383645,0.09906929081235256,0.20738771406264703,0.043767257030059424,0.11596219526712385,0.11193625255304429,0.09281229700622051,0.09341056447171146,0.11368246961300442
0.04114630749605997,0.08089771197378408,0.16218417021103868,0.05017916008900092,0.10830378293797922,0.0878666477114775,0.30496635847203396,0.06353814989597525,0.10091771121265043
0.11530829537271066,0.08013959424013951,0.08680354543477949,0.08336487983380214,0.10198468022136199,0.14652802565153486,0.19616460343329323,0.09793878876775691,0.09176758704462118
0.12635431090563728,0.08548369098402166,0.10241765806139819,0.08863737050088864,0.12231789418458267,0.14262480803551605,0.11306727686954339,0.07892183949974581,0.1401751509586663
0.12130630599066294,0.1077996138684091,0.1307204169433955,0.06537783491491438,0.11074606566305363,0.14031526583406198,0.09363493821997709,0.11557191932020972,0.11452763924531563
0.03980885133314252,0.10169007703134614,0.21279236473793472,0.09716447824908298,0.12507071213479215,0.07214591190811015,0.18470751868464083,0.06474424610862364,0.10187583981232684
0.05857786092799846,0.09206024356390824,0.05480765745688706,0.1785999255911314,0.1224599111972826,0.1999045048943069,0.1298737797361439,0.0699204782971588,0.09379563833518258
0.11647675340638101,0.059995985860788255,0.07660969675381168,0.18738202094960324,0.08956801090765298,0.1703482242209774,0.09623083143726285,0.09165134175735955,0.11173713470616305
0.15114406518346837,0.14842914701967982,0.1067372847669696,0.09298731177924568,0.08773824783185308,0.06410159403287087,0.10418718161396312,0.14317192284808336,0.10150324492386609
0.18046372405252753,0.11635064670867012,0.09222560214648078,0.09274844950921944,0.12274241613986675,0.12384863672299422,0.06927802581899754,0.09218843894593597,0.11015405995530758
0.137471580674602,0.07752825907548881,0.1320090891135015,0.17771749813217874,0.12305892527504936,0.08559247186383774,0.08676289347304662,0.09840069727923477,0.08145858511306049
0.099214654188945,0.18928066669769752,0.06841144532526051,0.10184269234673565,0.10319134270290552,0.08268209456568093,0.14619059107847307,0.11892620136784242,0.09026031172645943
0.06917088024180774,0.10287950879511228,0.10070995883003941,0.11212915892940833,0.11695695089136358,0.18374368059527948,0.0938299284172784,0.11562709992068894,0.10495283337902173
0.10507043981777171,0.16756573068302974,0.09950580528671578,0.06090062419176127,0.1253267076404063,0.15119513304304963,0.06845865398301504,0.09977597126774757,0.1222009340865029
0.22756233160482542,0.09007527752108901,0.09106978310756264,0.09197271088873533,0.13707762843906504,0.08004284898267079,0.11276824836917608,0.07814679422539154,0.09128437686148412
0.1350711585420822,0.12773027433654965,0.0923371919042143,0.14184052400824895,0.09500249010505583,0.061132031707235995,0.1307644011640222,0.12385015605984455,0.09227177217274625
0.10277223206984133,0.13015125054543353,0.07017634287694509,0.08532084409495157,0.13614271490459381,0.0853615332445082,0.16385124398366532,0.1277047863856582,0.09851905189440285
0.10964520558534413,0.09910754665557513,0.06613142243533392,0.1670183232589678,0.11411231249763269,0.05524200801262349,0.1946173652860468,0.07473772700545069,0.11938808926302542
0.1360773780928112,0.0988164419174824,0.10051374506500672,0.07468928741109865,0.11635601972563271,0.07573603704339493,0.16429250801116788,0.12354102292004328,0.1099775598133622
0.024851002606558713,0.10097622302447325,0.12008134935272526,0.14844675889131595,0.12831134732829033,0.11277912397166463,0.12437256241706318,0.12226521343037712,0.11791641897753158
0.15538740467998785,0.06693706658737235,0.06272848476719906,0.11801644030494618,0.09102986705926792,0.2223482705488691,0.08194169476319203,0.07508833534168817,0.12652243594747728
0.26265585101343625,0.09048649867495005,0.06273651963214162,0.15032533557085223,0.12671957697877828,0.0738677352524895,0.06720962663777001,0.08485097386277139,0.0811478823768108
0.07770474163614814,0.07391649804457177,0.08653004972358576,0.16520027910580626,0.10289425070445052,0.1253143073202457,0.14162706779784415,0.07293866249088461,0.15387414317646309
0.06405631080819975,0.11815535684998311,0.24109783743732435,0.052817318407933654,0.14850501597693047,0.06336182907795689,0.12696245436089962,0.08115854060654415,0.10388533647422808
0.23884161308450938,0.08551771099494919,0.0832423554515788,0.11790395079738565,0.12443001908259488,0.07995084314831476,0.10205253948710741,0.08110411281530595,0.08695685513825387
0.04463399329097825,0.07796614573159204,0.217114140896979,0.058358044130825425,0.13279053023788293,0.11064177971849985,0.20623898698598386,0.06967421107370535,0.08258216793355329
0.016513720931598287,0.1324343517967189,0.11782350140949778,0.05544439237086285,0.11677430053517342,0.13256030265704566,0.19057163897665932,0.11663183890014099,0.12124595242230275
0.17741593118194057,0.09810626349725615,0.06630372884272652,0.11920793334314274,0.12665145415110532,0.06528779125518475,0.13790362488119498,0.10535009556488767,0.10377317728256132
0.04265042661820684,0.15520455999035365,0.0774471814067494,0.10325605149126116,0.11413673499968753,0.08780957343123952,0.15021822578399305,0.14512015136658374,0.1241570949119251
0.17576284238687498,0.09449062708510596,0.10104683883091381,0.056281720369232034,0.11995489078242423,0.0689874691977868,0.2053358045743783,0.08602133826687793,0.09211846850640591
0.08171788572746165,0.09502731234998978,0.11197311713324891,0.12825470231085953,0.1397428072506386,0.09797576831529113,0.12807635733279707,0.0934943113750049,0.12373773820470846
0.09730160193383025,0.14148727075877462,0.12479971482072487,0.070221542439229,0.10642958418579523,0.1305019140795444,0.11907745730972237,0.09615611000965833,0.114024804462721
0.03423186501557423,0.10112643881517018,0.06967197575518042,0.1772562753644078,0.1258316942025687,0.11171700288762342,0.12931074127314332,0.11673168338061123,0.13412232330572074
0.07835581979676608,0.13062013364762393,0.10969167096363723,0.1439567342190187,0.13841394594269454,0.10115062021725058,0.07936898698033097,0.10665697220056147,0.11178511603211654
0.06372930832037663,0.13251676567335882,0.10820799944482357,0.09184459441551496,0.11706821655543014,0.1351042466363264,0.0978189031628451,0.12923890912641386,0.12447105666491047
0.018488028709117896,0.09691923451382257,0.11113571318673965,0.13640088246619683,0.11591836882795642,0.08048033371221357,0.19149388303429504,0.09289580547170928,0.1562677500779487
0.0627039141733154,0.12495828310697595,0.14555888727116395,0.038654317810351876,0.11919223165624025,0.16040205977201658,0.10157171945964287,0.14033118727818655,0.10662739947210649
0.05129884145906081,0.11187803997864743,0.08759740153242135,0.206805744952577,0.11092331384493292,0.13896796711555984,0.10013874750917622,0.0777536489845962,0.11463629462302823
0.16679183214336765,0.1379267877945494,0.0818673171534892,0.05647736428094485,0.1355645486908635,0.1184275530823421,0.08212664612726071,0.10759187491749438,0.11322607580968828
0.10682826530925378,0.10827329281555316,0.06732953834551565,0.07905350590160608,0.09330498411076482,0.21744926300852263,0.10042037951469622,0.09729178310877863,0.130048987885309
0.01719414333353095,0.08869634982611163,0.11101499045845571,0.1581130315606362,0.14601077606903964,0.13668700789962304,0.1059648199932501,0.1254133114739404,0.11090556938541225
0.2204950141967358,0.10172854743091082,0.10699881389021737,0.08981979172596583,0.1327465764985229,0.08025377621280373,0.0805225269902199,0.09182157288273347,0.09561338017189012
0.04898517675368222,0.07102833300747248,0.08779909508291646,0.10829540919143417,0.16277992900831648,0.15274934429089268,0.08640750073596197,0.20086394231678042,0.08109126961254305
0.19345606790848613,0.10237289139675954,0.14981839808562528,0.06518776942701081,0.11758203738011115,0.061773324191057986,0.08474907179099478,0.09595816309559103,0.12910227672436334
0.06098267481103037,0.10616262695334722,0.14781913630356533,0.04469763764962351,0.10378750208465758,0.17299325209354707,0.1045573964218406,0.14101224627943224,0.11798752740295605
0.11381095326939213,0.09809352940460525,0.10382323658911137,0.15118221448194455,0.13862352326478342,0.095708740748448,0.10573460238211718,0.06379976889109411,0.129223430968504
0.12225598890880914,0.08777416362656391,0.13022363562633907,0.06929119627442776,0.09118861040619752,0.2110954431461716,0.07006918469125555,0.1034272919810779,0.11467448533915751
0.06248226389895212,0.14242715227687577,0.08922728171761544,0.09004361912633567,0.10508987702596247,0.08160366442117588,0.11464131133582661,0.1957444618864421,0.11874036831081396
0.12318022523542797,0.1345441297929819,0.15189372153027536,0.07674330952379935,0.10845344300691379,0.07225106107438894,0.11213516966464904,0.10330010025390524,0.11749883991765847
0.11759667299742162,0.1184856418862179,0.05854569113985647,0.13988221395392708,0.14639657334035253,0.11390221393220064,0.09431813272412672,0.11469166166626459,0.09618119835963239
0.10826714564852473,0.11912835630082565,0.16766815610935018,0.09454632857260947,0.13940685082235252,0.10937718889641462,0.07154737839422327,0.08802208598299373,0.10203650927270584
0.14667636763665695,0.0877087562801364,0.09683850858675482,0.08728247661019865,0.1377113951460239,0.13049062225255134,0.15587332445072244,0.0723980801413608,0.08502046889559474
0.17342175493443068,0.06385498768442739,0.09389091468599338,0.09312375275420502,0.1406694121259649,0.11925673317248743,0.1112103502893692,0.10939424009966676,0.09517785425345526
0.13097370534377206,0.10030370257384617,0.08697357252145382,0.06953050630999476,0.11860438751240925,0.20309311871251048,0.09791308651782732,0.07845730755297486,0.11415061295521121
0.01913646200777347,0.08337976146770039,0.07074826104505834,0.07908854630863056,0.11135131815512445,0.14377813748280757,0.21241509346925805,0.16383092476917427,0.11627149529447282
0.14604336210652005,0.14804668528954099,0.055875410818830344,0.09208925968083281,0.11194713814763313,0.09328776642817616,0.14001145670240014,0.10370559802449024,0.1089933228015762
0.20170452651131235,0.07294063646521702,0.09168208687906297,0.08389451837184099,0.09468817174361055,0.12072986702074202,0.1625968173324814,0.09288722036198976,0.07887615531374288
0.10461840455062106,0.0875623490600237,0.12729299258848323,0.11105509919080019,0.13310863266558853,0.14075271813300516,0.0865666564026548,0.08405397147747325,0.1249891759313501
0.058417188085916,0.19574932094708428,0.1234431340941368,0.04587558460074754,0.11223142884737713,0.1646615352189009,0.11319918518728099,0.08274712913294575,0.10367549388561066
0.14332037446402754,0.11243789114013998,0.06415443717721016,0.12200216836985316,0.10270280717541236,0.17505732087676176,0.08010775262534564,0.10419498829283026,0.09602225987841918
0.1905448636985494,0.10961863215482665,0.1560468319630744,0.1235807982463557,0.0916869834665107,0.03724281018515216,0.15629009460084428,0.05999301492984834,0.07499597075483834
0.07170126610317175,0.10388422054857534,0.1538027771543857,0.060364453722855704,0.10879270817678266,0.1289333443619657,0.12557103129984562,0.13901951894136727,0.10793067969105025
0.10494533881239072,0.10393540588810139,0.09270423453111419,0.17597759616801237,0.10590520207547462,0.08639887685016645,0.10415442225543131,0.09599332960677665,0.1299855938125323
0.25035191803783713,0.0928627702581476,0.05822461706824289,0.0576468500445857,0.1014181771732378,0.11649486760962857,0.09544793709618689,0.13055174532594052,0.0970011173861929
0.117130436462563,0.10593231383754993,0.10376617029085322,0.05836060510494304,0.11908425333415303,0.1745233772310841,0.12465962564573319,0.10170969458634747,0.09483352350677299
0.15548036683793628,0.12310038288768903,0.09740163837676685,0.048708951167899216,0.11797514333908489,0.15249006345791952,0.10481037527113655,0.10203360752360253,0.0979994711379651
0.3248350121953723,0.06819492652062614,0.07542215917964333,0.12219619402577996,0.10888488132726788,0.06875318677755438,0.057877552040562635,0.08706377059150028,0.08677231734169315
0.012047383428334611,0.13193243941881938,0.12975833441028387,0.11082786389581749,0.08872103571084444,0.21353134569273544,0.13158867952438322,0.06934787928712743,0.1122450386316541
0.1678339312153454,0.11437192247126855,0.08045521169966617,0.06860805620353026,0.1487795832469172,0.09646848681032938,0.1405059276088275,0.07104797400298336,0.11192890674113216
0.08169466379051991,0.14542039851578673,0.1761037624192875,0.08571853541298331,0.1194687336377741,0.1064576097569208,0.10267123521346018,0.08223411475237956,0.10023094650088782
0.0922264211392209,0.12000982282581484,0.06736529802216498,0.15969936263465523,0.10328342478903058,0.08105121489104006,0.14026191138431265,0.12622334314433284,0.10987920116942794
0.33277607316518154,0.08711971381948112,0.07472302290157261,0.0708301413677334,0.11302472873325653,0.05665335355156272,0.10371500155025382,0.08009333273686346,0.08106463217409486
0.11889049589026186,0.11627651209350275,0.10199013505280129,0.10914649283195677,0.08666920530494777,0.0772162620250181,0.10043105434513798,0.13856700600749028,0.15081283644888313
0.03611664957828286,0.12854571954300434,0.13834014625456773,0.088160460580489,0.09672149543587145,0.0834037470078793,0.17442428504372773,0.13061354902535974,0.12367394753081788
0.10391660845954766,0.04092148557047365,0.08719881741890147,0.2912026969802321,0.10316055710204626,0.0641965714945541,0.20320765151699594,0.049510800442768114,0.056684811014480675
0.02883982807542586,0.08261012876023514,0.28589424772190997,0.07643487950582728,0.09875690848183176,0.05849969437938076,0.20203916414473433,0.07189304846182593,0.09503210046882898
0.33168888058409857,0.08356788773994843,0.049875445540912645,0.04429131484617146,0.0704515661574681,0.1359590690885025,0.101815928689668,0.08763637668617459,0.09471353066705562
0.22279428170156246,0.0968816059883203,0.16620768190331028,0.07933799672877644,0.08350376381895275,0.05039043487550565,0.10873700082457555,0.08349553079190229,0.10865170336709438
0.2497024520618308,0.09438489257623688,0.14630726036911157,0.13918069351175033,0.08785952300313395,0.05820269925350811,0.0675525278222591,0.06979597565639377,0.08701397574577557
0.008384429918980038,0.10148903486510867,0.05657982073020917,0.2713560352868815,0.09350836800168995,0.22162322887360564,0.08479778388246478,0.08707271292481861,0.07518858551624165
0.01941152871825822,0.10413450159405914,0.08459676501219739,0.09838996074695355,0.11740921480205581,0.20159126107825084,0.12148473829402572,0.1383664910256581,0.11461553872854129
0.06445563373158013,0.19846159166951619,0.06695701470748826,0.0963119859743049,0.15300403075042154,0.11538933463815282,0.12000452140535083,0.09985607976890348,0.08555980735428188
0.16190818482796862,0.09528131735107466,0.0830832195543891,0.1846707473024235,0.08811864811104442,0.08138725961199532,0.1206085470320768,0.07988599664519738,0.10505607956383019
0.06293008025241904,0.08721911645483864,0.11715619123714478,0.14354100440462725,0.1211014146407443,0.10158384265352355,0.15907187141990217,0.12551836652435017,0.08187811241245008
0.1484796465139472,0.12502830239326165,0.08235321872497477,0.0964499137994486,0.12520008577631314,0.14605795737109017,0.08179936415805063,0.10318881780342687,0.09144269345948697
0.22915172161593347,0.1059129002067453,0.10858921521051319,0.06588925875041741,0.11681704311498624,0.08949575813806454,0.07619233830630258,0.09140859020331783,0.11654317445371935
0.05263355701067641,0.08191920318561315,0.08576701603203733,0.0826111315136724,0.11177344138195756,0.22735511273478537,0.14497904380079993,0.11780337860971102,0.09515811573074688
0.16106037205793508,0.08870212727028141,0.0761889078883974,0.09265025673367354,0.12849416629382093,0.15156586989487367,0.08812884656731622,0.10642378490910102,0.10678566838460068
0.1411415254681899,0.07391820755120766,0.06471042352124023,0.05516586035285039,0.11260618578491348,0.1649699545710486,0.1518680223589124,0.10863648637340295,0.12698333401823433
0.05885863618917727,0.11113018611882636,0.1945766643218345,0.08414324427819757,0.11025062231940398,0.0677939103959418,0.18047288945996742,0.07749295291704063,0.11528089399961039
0.15941679090273386,0.1440942523951111,0.11474910267225093,0.06313203512118438,0.11722368216988983,0.0981058109659998,0.08283559388116905,0.10755981545708977,0.11288291643457125
0.3077862729156184,0.06907730198971775,0.05698739588375165,0.1727817612112721,0.07439409760002229,0.04562971190578293,0.10861707532849192,0.07668793610932469,0.08803844705601827
0.19225625710576102,0.08786748099141307,0.05412545715257804,0.07265415784637975,0.08038623444599217,0.1473151920004446,0.15210936828921065,0.09258150876954112,0.12070434339867958
0.17875989422887917,0.10684736461465631,0.06411192834889073,0.06319791523136875,0.12899509605686352,0.12425081883394089,0.12237182293261849,0.10560092792568594,0.1058642318270963
0.07452617797186628,0.16996128592596346,0.11599566462869071,0.12126095885711498,0.13509789253531151,0.09355761828417362,0.10185898473524045,0.0765411479224924,0.11120026913914656
0.2584079373358508,0.08187306004768287,0.0760524918104966,0.09159703329818687,0.10540481106329073,0.1289436719618395,0.09707658887046844,0.07505598504781298,0.08558842056437128
0.24163501178080624,0.06398763048410762,0.05779283749512163,0.12608420834078957,0.11545233675160325,0.13068116142164665,0.1067452424517945,0.07765621265785837,0.07996535861627221
0.3463867788884034,0.06412754911614897,0.09979771843764174,0.07969967777581234,0.08952619015732595,0.06852463229586665,0.07858569632625523,0.07918290691382707,0.0941688500887188
0.1992523965292202,0.11856856072952439,0.04822889814207901,0.09153494564076788,0.09009775460979867,0.14082019595982612,0.1468209953135862,0.09179679412308202,0.07287945895211544
0.033455717246378906,0.09454153694579835,0.21373035701959406,0.10092673930334568,0.13525529279888598,0.13025487492388613,0.105852313783305,0.07551615909072996,0.11046700888807588
0.233029135244591,0.14299941355743465,0.0866404442501138,0.05945394600472245,0.10635467528247093,0.09678176002249794,0.08996536724716005,0.0820992613401952,0.10267599705081402
0.0867153368425927,0.15536670970397323,0.09736253877625649,0.06112408333960967,0.10513498438654283,0.1735599472814784,0.09779540244857095,0.10391709013447716,0.11902390708649853
0.15760091580456634,0.08681956935648512,0.04529833958357283,0.18956603785919005,0.09159420931556894,0.15308387387709643,0.08905512662793409,0.10779823964192903,0.07918368793365715
0.0233035217422881,0.12371397553689366,0.05229841392439857,0.07581493789992044,0.10307792963856734,0.16516114329966725,0.21987221291293124,0.1555520616252248,0.0812058034201086
0.02282776821847199,0.0726504702494868,0.17547886242713737,0.1336994505141249,0.16352343977132835,0.1124437023410451,0.09949841829101648,0.13508131725224723,0.08479657093514183
0.1921139800524918,0.12229067876754363,0.0711613517417254,0.11013726892554959,0.1285156474184713,0.09584838009133383,0.10417031625632474,0.09083901002113305,0.08492336672542666
0.1310694420975923,0.13399818074712583,0.06407911928744586,0.10641442165702569,0.12321261732297079,0.08245753096796533,0.1631380965849719,0.09317546094327304,0.10245513039162939
0.17990598847541847,0.12566485733272717,0.0851815117544044,0.10723136278126533,0.10155229155171301,0.049358335141641445,0.17862628282983836,0.07266935393519326,0.09981001619779852
0.07723052589665326,0.11401419816680845,0.12292914561997537,0.09258306206263196,0.09822365177643794,0.16299927880965878,0.1157095841132952,0.08126939697842069,0.1350411565761183
0.18912675403504875,0.07964163313968188,0.09316944905109227,0.10449590416305314,0.12244982243960795,0.08976822079569656,0.09829809726916112,0.08825643721096423,0.13479368189569402
0.34690063518265846,0.13284342831499138,0.09159080556154849,0.048016428436472545,0.10324934102426787,0.08282845671544058,0.03944391969537105,0.077671921860844,0.07745506320840569
0.05170920154671507,0.1266216655162873,0.10147059932341397,0.11404603781981433,0.11653256839804825,0.15229621765777349,0.13889331964353524,0.10509149701516245,0.09333889307924988
0.13839146644204772,0.1562296380375998,0.1572333586264085,0.07435743355379253,0.0983669070701874,0.06773494851399073,0.10099568727778517,0.0983503770259413,0.10834018345224693
0.03966694475542655,0.11562666496099516,0.1666975424029312,0.07905665326129038,0.1418172890064337,0.11569384089966783,0.0871251745834436,0.1527291352101893,0.10158675491962232
0.06082474392056425,0.18863954589164791,0.06746937225003075,0.12111891553737449,0.13584347588168524,0.07334256943632296,0.09580938903166208,0.15493713999459727,0.10201484805611506
0.31954204809986647,0.06837696682303133,0.11252145328474404,0.05214303732300859,0.10525939965895918,0.05443218369198288,0.13715235198556333,0.08020472960949794,0.0703678295233463
0.06841238898976067,0.1464970144040688,0.12181017854345022,0.0427819037397448,0.11868890480787848,0.1415819907248468,0.11368926978147424,0.11103917073030899,0.13549917827846705
0.033650889707228376,0.14315553488243526,0.1014337729238909,0.10739033514812858,0.13903004010762096,0.09291443561865663,0.14613408334705963,0.12803076747788578,0.10826014078709385
0.07452714270305949,0.10081076100755965,0.17374592260462193,0.08324904999517016,0.11718098206446848,0.16497223838905345,0.0793656617574008,0.09908748564782004,0.10706075583084597
0.11100359418530183,0.11615333336272526,0.09958295291414056,0.08703825336236386,0.0937337845952071,0.11820449100691999,0.10523044252684162,0.15743014476646985,0.11162300328002984
0.1443989096108074,0.181940458256146,0.10473680532678899,0.045834715396892316,0.10254655044920424,0.07773718962115055,0.127390893371363,0.10403432553172848,0.1113801524359191
0.07160941975728032,0.10899232110645966,0.2125116112703159,0.11184737847240663,0.16718880184026386,0.04835738006064952,0.08635996675015471,0.0858355715206237,0.1072975492218458
0.04762022752876791,0.11271068893316426,0.12044446106464772,0.14319985517327494,0.08522756521378493,0.04429780865520155,0.23720578954127217,0.08067365777189169,0.12861994611799488
0.21917697177673454,0.11091156637341042,0.07699743258941961,0.11321573191317423,0.13078794254720982,0.05258104839693883,0.11045244471590383,0.11673762409937367,0.06913923758783506
0.07907728370533858,0.09981862314805644,0.1650814989616828,0.04415941644206259,0.11454786780384264,0.12726077908541913,0.11293104474518474,0.11158240261463874,0.1455410834937743
0.20797264541435578,0.10674393711691432,0.06737220450891951,0.03803550627656223,0.11522850294218101,0.16431173621018566,0.12627156811867227,0.08013994992841578,0.09392394948379344
0.05845915955108699,0.08610367412470282,0.06330996661775688,0.1281044741956467,0.11782151403759171,0.14260287384470316,0.23758568029012506,0.09229527945425009,0.07371737788413661
0.17018614700804194,0.11367065741661093,0.05968860452822442,0.13064662627132287,0.09379149103468025,0.14531633204743355,0.058716522551793805,0.1136655551135467,0.11431806402834553
0.18127150751288135,0.09564439622957295,0.10257877040942104,0.044562187026458415,0.11033242342330034,0.09342381175874855,0.12868468948555378,0.1272980829263712,0.11620413122769241
0.16134421749630398,0.15855122703024802,0.10012876731666877,0.12898382165145794,0.0933648520448026,0.09979720085213477,0.06333486252937615,0.09702252671729161,0.0974725243617162
0.1257704307747374,0.10282837719840647,0.07845582608701814,0.10064791090920588,0.07837469336521806,0.17179727050449115,0.10454987743798407,0.09508250923334709,0.14249310448959177
0.1268967530528259,0.08839461857885973,0.13987246768291253,0.13074600302327807,0.1285063462947361,0.12548362512711786,0.0803360364835717,0.09051332475519269,0.08925082500150548
0.0529055379649561,0.11537884709850953,0.08227985041270501,0.24616158684772826,0.11398250771646334,0.0566059587708441,0.13345306995486067,0.08418904715330716,0.11504359408062587
0.012603902508600702,0.10226254549316367,0.10222260584137825,0.1705175432853908,0.08667930341028225,0.1762182119819117,0.1717933116118163,0.06395429760585407,0.11374827826160239
0.1170179587832841,0.08682446499191886,0.10296271531713315,0.13668318907355603,0.11724980074072512,0.08364004463719388,0.1522645653408978,0.09042096314954552,0.11293629796574552
0.0026539250716473787,0.12887473269715774,0.22311267231132317,0.06231663887825778,0.07349010217155726,0.2058249193834518,0.11989605399330551,0.06921192086416612,0.11461903462913325
0.1382815670609517,0.09693275900447333,0.0703917164229984,0.07633537822444374,0.12332566735659596,0.0896952886393368,0.21283154578998506,0.09236051621787156,0.09984556128334347
0.46971468463157917,0.06210416185649209,0.05320980131333908,0.06736087556007914,0.08505115236773252,0.057681019353828945,0.06487891554002255,0.0666976134872884,0.07330177588963811
0.16580370197311403,0.044165986797169716,0.07551077602375482,0.23447252175968258,0.09841014444112008,0.11358105613057808,0.1022500697606973,0.07581893716251013,0.08998680595137327
0.14374616812599506,0.10516911038761234,0.09573216771307103,0.09856357789589636,0.11644790364036152,0.07309250677724581,0.15518627515455533,0.10126486986942966,0.11079742043583297
0.3162978714188504,0.1315182371690846,0.06174381517414754,0.04628771972768097,0.10186050011773272,0.07578978377596668,0.07624512722952799,0.09227035477797552,0.09798659060903364
0.05842396635531225,0.09051838926965211,0.09513791732014243,0.1013904769212957,0.12489426936243482,0.1476722669487181,0.16709903464178666,0.11311955843947052,0.10174412074118738
0.19559367899223767,0.08063694459764406,0.0762655393962108,0.11134923061102169,0.11199838572826303,0.10433444926329859,0.09481746475649581,0.1052106412890214,0.11979366536580695
0.21261540022710443,0.13135643172983655,0.0906554210368984,0.04912110269694922,0.12659216585644192,0.07198277588839648,0.13420795364777136,0.10746823455067835,0.07600051436592331
0.060405679739718214,0.16245111206281598,0.09941885128680346,0.08343408929324325,0.13400507090556735,0.11989775142522169,0.12938408672013774,0.09596505139331268,0.1150383071731796
0.12225598890880914,0.08777416362656391,0.13022363562633907,0.06929119627442776,0.09118861040619752,0.2110954431461716,0.07006918469125555,0.1034272919810779,0.11467448533915751
0.13834513017814057,0.1033628509793809,0.12000863020140752,0.12250765600477696,0.13218313913955695,0.12228083902120311,0.09536412904735873,0.0743373565879402,0.09161026884023499
0.1290415928717894,0.130334301354852,0.11734135441105142,0.0560628973769605,0.12218707355765764,0.15546841384898383,0.08113806528189278,0.1073133384571988,0.10111296283961362
0.1877801624581561,0.08928561945533264,0.09058284789453895,0.1255464521376096,0.11825689511338373,0.11744825840084028,0.07639951032730134,0.09274752501307826,0.1019527291997591
0.0229336005275549,0.048166053240489594,0.07987364495827604,0.44053986745902546,0.08099780783264789,0.04768158580470835,0.08032949973733658,0.0515921144496199,0.14788582599034134
0.060537989825773596,0.184313221028387,0.07263407843234478,0.0463208049084709,0.11741514421525397,0.0892711887389676,0.2322929054539531,0.08384951582047555,0.11336515157637357
0.11543172579701357,0.14497238083908912,0.09944064379665797,0.07184434138599462,0.13511311770322768,0.0821051697331562,0.12713165532298853,0.12184869606067543,0.10211226936119687
0.16714339780954993,0.10018574544462655,0.05116981266964343,0.08893087916472502,0.10655470194640478,0.1650507956092118,0.15277755289193926,0.06680349254321467,0.10138362192068452
0.09409030640122655,0.08606404617613583,0.05751442098210646,0.20911978874595516,0.10308541652324481,0.0674847102067534,0.19995146538183586,0.09645291379126325,0.08623693179147862
0.09781758031298032,0.11272660054031247,0.1476603924904661,0.050144897894191666,0.11550019617438219,0.18519015769229882,0.08640028347719786,0.09729766448305699,0.10726222693511367
0.10389395106346518,0.11307169684090908,0.06852363445645833,0.11984527857934783,0.1319699957298923,0.1531831835686899,0.11537316977960545,0.08752844770339503,0.10661064227823687
0.2543499215919311,0.13113300438069564,0.06833715121509405,0.05901910994649689,0.10243152949743246,0.1011440110437073,0.10187140655520116,0.0894707444923611,0.09224312127708033
0.1427667932296923,0.12452150078568595,0.09036612008823214,0.1051405310896768,0.11309139941055146,0.08825597270843304,0.08369128140885695,0.15347883193542702,0.09868756934344429
0.20746358288957711,0.1345054743357559,0.07233682206066831,0.05528822477485046,0.08558505298801744,0.06756845378824711,0.18442986019378838,0.07370019472359479,0.11912233424550055
0.22465790117645135,0.11653999596913212,0.07593216685225025,0.10979621003950597,0.10608133296837478,0.10427126495651524,0.08341619951908963,0.09249531037949306,0.08680961813918764
