0.270640526824149,0.05823954774526513,0.13867316379162561,0.0776729709880188,0.09362951204208358,0.019068361580021707,0.08081927232028813,0.1388159492127146,0.1224406954958334
0.17005898868052402,0.06568033481628206,0.1826659457018217,0.13718442845656373,0.11150639858094813,0.03378139325627975,0.09054874128952374,0.1138592059182784,0.09471456329977844
0.2457361471558146,0.1142220267514572,0.08683627676656663,0.062052354313191005,0.14110780691461625,0.09835973695363441,0.11128104371039653,0.030951646812160862,0.10945296062216243
0.04094687437487784,0.12355071268813228,0.24100244381362926,0.15401302452387386,0.11601770027812497,0.060890250622013885,0.0896624565087319,0.07753392408834199,0.09638261310227396
0.2631555052409383,0.09607105210760714,0.08188778400967743,0.14731516201413444,0.1147179758455505,0.07259804751178621,0.10191444184726288,0.06905249227676938,0.05328753914627373
0.18523387268050548,0.05632525572487135,0.11292322860895428,0.2170120483502093,0.11824539273367103,0.12653268719567287,0.0995785619417965,0.041566716448281624,0.04258223631603752
0.15219867979303328,0.14762118535990243,0.11487915619737847,0.15203948481662613,0.11004167950625184,0.11973468947711019,0.0971558864291356,0.06487816339009206,0.04145107503046998
0.40875631772599874,0.06593813567530014,0.1360796065416308,0.07473922717539411,0.0869018908632825,0.05423185357554069,0.07406684176588851,0.0333413251455301,0.0659448015314344
0.10072147773950002,0.10971541107761906,0.21394670207303587,0.058598567884515756,0.09292375586266795,0.12164220446886446,0.09487552905488876,0.1454684388911968,0.06210791294771136
0.07652078431205163,0.10576379945905579,0.22035741838531897,0.08639784126332943,0.09785875300175806,0.10961703313174238,0.08469645693614936,0.07079645821190457,0.14799145529868984
0.25628069564436035,0.06406374988566423,0.10011303095959556,0.22773918261923454,0.08911615800526762,0.04692265169798024,0.099653987912307,0.04753327950934282,0.06857726376624769
0.18451665788971394,0.1882367386886105,0.138705212991497,0.1303874337118007,0.08548408338910955,0.024605643906572546,0.11368385145759911,0.07477526316635898,0.0596051147987377
0.11115803197517134,0.13784309680877171,0.06244346104086138,0.08519908999094812,0.10126551910395006,0.1861460336067263,0.11510535136199844,0.1447835754388328,0.05605584067273985
0.08782889682953689,0.15619582153752176,0.11373830612943521,0.0910608226947786,0.10789967056290854,0.03696396579610368,0.11942183063178458,0.21776717010194604,0.06912351571598467
0.256067098309178,0.07033050855642335,0.15448717403733894,0.054356794041162004,0.09278270829038127,0.11385083919376306,0.09590624058569508,0.036604546255051745,0.1256140907310065
0.1093972317084078,0.25145086732984195,0.14498178633317618,0.07019536883216099,0.08035294609076503,0.11675552581642269,0.09515817844404033,0.06486390667781085,0.06684418876737414
0.027945353787812516,0.17563834906188394,0.2363478981389505,0.04415735717521251,0.11802674595777629,0.06697249548883955,0.08678256105313698,0.1691998757422942,0.0749293635940935
0.06535538929938488,0.21534898530171587,0.1925219293869517,0.13673832568304875,0.08950667196082983,0.11095213053161919,0.08236305116913861,0.0717937902161822,0.03541972645112898
0.0940630976745419,0.13828186876196724,0.07368668172281735,0.08545359227413662,0.12164000650519975,0.12421412956331705,0.109666284557987,0.06566517521084052,0.18732916372919253
0.042279615401874665,0.15833932435710912,0.12844689990838606,0.037810500235560825,0.11321892226110186,0.07183872860159346,0.14732024291768694,0.14526232974065523,0.15548343657603184
0.1373053375095073,0.14143370870602898,0.11651500970055868,0.11003669816632766,0.11381082809170577,0.06256795353899568,0.12288815982061167,0.1010884211376371,0.0943538833286272
0.05272281040416962,0.17169104365852797,0.18544668800324296,0.20929103280850336,0.0995497197626406,0.04634464491519113,0.08292791834984907,0.10086565016210382,0.05116049193577149
0.07698537519666974,0.11160334702163542,0.07426287351278917,0.08686246065962605,0.10914534200981109,0.221508281943911,0.1266587538679149,0.12062972709982041,0.07234383868782222
0.186719000473112,0.12152427325078963,0.16766675459929328,0.03840346900817212,0.10767264732263203,0.04433825090658979,0.09658405117474654,0.19706972915586732,0.04002182410879717
0.07129437453950684,0.09026995418178684,0.1738323180996462,0.12762558855438055,0.1035869566610963,0.04235333824390785,0.08646040402862903,0.08843114725412672,0.2161459184369197
0.3337094350612652,0.05356267695466741,0.0749156655071674,0.09253997141744796,0.09314662813825443,0.06372680984141575,0.10362420018314371,0.02657369381810575,0.15820091907853243
0.047318919768994376,0.07693057653627718,0.09675252856074329,0.15423039248343481,0.10404523442838008,0.03242737426115815,0.12596373672267444,0.1947471884108425,0.1675840488274952
0.23612283347813592,0.0987644513973812,0.0710325598596729,0.06341183314328627,0.10840373637181372,0.08615732100302388,0.1017984867272998,0.07027987424531608,0.16402890377407037
0.17739430018347938,0.1173559423758644,0.17750801793698848,0.25382110331879487,0.10290459784450955,0.018368331633893027,0.07389470003135386,0.02194249700235354,0.05681050967276278
0.05992571522008736,0.08635307744559996,0.15807159545678362,0.19920675129789775,0.09369222707837943,0.11255933990626671,0.09434030901798862,0.05942666341385599,0.1364243211631405
0.04966155589731042,0.12041611183230316,0.20153897679491958,0.058538130278636295,0.08453094445979442,0.09581833995384918,0.08341519040443972,0.18935550879877783,0.1167252415799694
0.12181316589522455,0.12218393848722987,0.12648581630061062,0.08693526196083845,0.06542601694817014,0.05000389751207671,0.09580105170656379,0.2707777022482825,0.060573148941003276
0.14973431407386942,0.1038803102787134,0.07510963878370995,0.08392238706552273,0.13310956749966651,0.07066762471365946,0.12426359360172805,0.1818072483413776,0.07750531564175289
0.12063254872363911,0.10198995569819207,0.127356856200663,0.1596002907596518,0.14980829449804578,0.02908470174936771,0.12346401716550987,0.10711253177676304,0.08095080342816763
0.13298132952024164,0.08933128596814181,0.27379036839357684,0.08889553421380618,0.10933262276038118,0.09494408148551824,0.07429244085734521,0.042310935491074474,0.09412140130991438
0.28776651446168744,0.08259600462980389,0.09756932067717529,0.18860779362328883,0.07786431138693016,0.031693356769018195,0.09099027767889357,0.07766837299393156,0.06524404777927102
0.1434766877968088,0.08145887473748571,0.08291029949942828,0.09687050294779742,0.17910096208311374,0.09178393975028849,0.12460447882650287,0.059588351719442344,0.14020590263913232
0.4410917501522212,0.03900007316791781,0.10231796715314263,0.15157611733815837,0.07812040150396325,0.039052272097878676,0.06755878159285883,0.042955545001019425,0.03832709199283981
0.080664234138431,0.07600561135596878,0.16612693330665648,0.0658064861837321,0.16225786460992528,0.11814819283023385,0.09601569728365078,0.037032332453348894,0.19794264783805282
0.07360409107458396,0.2329819871355244,0.11560297775022689,0.11452657556557518,0.1121269036330013,0.0486904466648039,0.10347258347094002,0.08323624499137174,0.1157581897139726
0.03951735818229799,0.06750090632904322,0.14604899821479192,0.24923550585915302,0.09124353356782493,0.051067945299802166,0.11123218933580285,0.11170338266033031,0.1324501805509535
0.3308302615904941,0.03587785688828774,0.13145851402638983,0.20641577780575313,0.08202025743837763,0.05939449436399349,0.0905845627339953,0.02788294688634466,0.035535328266364095
0.11306309247279193,0.057100864556575585,0.2599152539488874,0.13558551408806033,0.08418655180546315,0.15704793162311262,0.06696979012664671,0.055597305911520935,0.07053369546694128
0.04990173422542482,0.08994076743047792,0.1470637003636098,0.047017270357650805,0.13031553023765083,0.058088239278887926,0.09700032363927856,0.23197117722681818,0.14870125724020117
0.2167306878174892,0.09781629917968705,0.13654872772280977,0.10227850868265163,0.09539965674677585,0.05552158383542991,0.10798398697038458,0.13004741904672615,0.05767312999804592
0.052597514942974134,0.1011718974192855,0.17142805899161662,0.21546949279284563,0.10070203737308507,0.040619181022826405,0.09111903185315667,0.17043515420131203,0.056457631402898036
0.08830177184919095,0.19130273908207585,0.11916442666816278,0.039209493191724856,0.09589871171345558,0.2513201721522593,0.08291475090379942,0.09951200605511963,0.03237592838421157
0.11313245191719505,0.10906990005819533,0.20424962202371844,0.20537725877243637,0.0997321990086472,0.04061199896881557,0.08468583570954867,0.0900181327383544,0.05312260080308889
0.06375952193591947,0.109487251784627,0.15606711489352917,0.09450300560424406,0.10185431006551919,0.03166361964045223,0.0825678110034909,0.0530837501583016,0.3070136149139164
0.1143684823213507,0.05913750705862151,0.11786325275551764,0.09750379772841143,0.08622236637585523,0.21613351982655105,0.10333676289564553,0.04187352758437263,0.1635607834536743
0.07074067359701819,0.13532990797647862,0.13083590494885503,0.22308708995457258,0.10173033378588107,0.054222463623470905,0.11322544016874965,0.11219743413218679,0.05863075181278718
0.19792883142874107,0.10841578282983078,0.11237024561873314,0.07037315844956298,0.13441487170169916,0.05220597931615253,0.10229343289060396,0.07827923529628646,0.14371846246838998
0.07094548038377212,0.14355551782947315,0.12417733839141103,0.07471738199296378,0.11236394703011439,0.04943032807691569,0.1240473316178294,0.10513063382738114,0.19563204085013927
0.14642667112403834,0.0974869737678911,0.04991469492576855,0.011371530008727466,0.09292210586037064,0.22291809623033598,0.068750278991805,0.2710827557135576,0.03912689337750533
0.41745149994322267,0.08697882779563797,0.07988108816363201,0.07008962313453015,0.0860893651022348,0.06070751569334023,0.08401907548904025,0.032026652938321305,0.08275635174004058
0.2888859712455801,0.05679197897964124,0.11467121776171556,0.15981351119900025,0.12902823584767242,0.07035864472339279,0.09275093835271357,0.023507916556141536,0.06419158533414261
0.04050141424865009,0.12838306233945818,0.09243181520321082,0.06760748456661599,0.14060288368861298,0.11834020419408355,0.10938022231248236,0.20376469453347937,0.0989882189134067
0.1309567489707979,0.09231519293157442,0.16589565411120236,0.14277519153376952,0.09344843560817691,0.0476889962364101,0.08624318730039077,0.05085977718908787,0.18981681611859016
0.22266308816138802,0.0394535894466916,0.09890149538183361,0.2466464320423606,0.11706577312669338,0.10849636441964157,0.0683961696614714,0.032286875878229426,0.06609021188169033
0.2904661156819334,0.07828382118257239,0.14484054659605428,0.0989712784859017,0.08768826298516959,0.12471428063409583,0.08354091482239086,0.037934042982598185,0.05356073662928376
0.03646984451635971,0.1758253292298614,0.1432917590572886,0.07790060932602534,0.12676624485305107,0.027747274060160084,0.1200155925152571,0.12549012652003086,0.16649321992196567
0.21829563301367064,0.0929616296037651,0.047011180946231294,0.0699251021597606,0.11624288957348056,0.13552637658314312,0.12409842106292446,0.1453762217114967,0.05056254534552749
0.15539344456909707,0.051244367527549184,0.12161929367427149,0.058790832916768086,0.11242067029099269,0.049117094439751284,0.07853227686998783,0.08525697669063219,0.28762504302095016
0.029210389084158638,0.11532030390579429,0.14738861401478467,0.14897340553399166,0.12973372044458562,0.09487090511648814,0.10955590682572718,0.10158579225907623,0.12336096281539355
0.3012752859979467,0.1030064658685208,0.122433543247406,0.1607481392130312,0.0883516869779224,0.03056632133328163,0.08340347396900179,0.03915689181875281,0.07105819157413666
0.10825977266440813,0.13772700020232634,0.21326743795089217,0.07599454341047461,0.09202970731446569,0.05385393599886464,0.09778823018195522,0.09387970682248799,0.12719966545412523
0.05042412682292141,0.07714514176851898,0.13659806108067354,0.16916068121799488,0.11481321283605915,0.03978483412051174,0.08776636007226389,0.12772704678282762,0.19658053529822883
0.12500614296900373,0.1884440969875377,0.1053798084001654,0.0667525676429584,0.15973700385419382,0.037121815468327116,0.10717475364420638,0.1300379231091657,0.08034588792444168
0.03200061638296122,0.056385327040467344,0.16070608715655466,0.2013148901666293,0.13939566958595728,0.18155667618048446,0.08362824277534696,0.0892649240071637,0.055747566704435196
0.052219078341298804,0.12948203247329085,0.12492715006915835,0.20704835952208756,0.14010504202924423,0.040027536047993244,0.10950619684011621,0.08694683656682622,0.10973776810998441
0.05454912244231614,0.1476032060830242,0.13945213079242838,0.15382546462311056,0.12166412100989572,0.047247716569908275,0.09894043211953102,0.07013444935596608,0.16658335700381963
0.16186584780399882,0.167617580733157,0.09987603323773393,0.08213073257805802,0.09464244709067242,0.04645064209974076,0.1074910223473143,0.14609581153216797,0.09382988257715676
0.1957426713863124,0.08035483007145593,0.08621438021115373,0.22367651201203687,0.10454050486876494,0.07176558664738465,0.1227644645379576,0.08371968471883884,0.03122136554609503
0.332900218322662,0.09213481778117762,0.06312320849928245,0.06449768911156878,0.08390425905926685,0.0966972233571758,0.09704981683637239,0.056213296820951525,0.11347947021154255
0.0995095438744567,0.1608063095077273,0.13185756221405195,0.05560403313111917,0.09345310524048818,0.025687037638475463,0.1017418755611189,0.25615754366849125,0.07518298916407112
0.07361431630751343,0.1825945709451544,0.10655014650052486,0.12557688032285155,0.09665159341624753,0.05752686617809984,0.10440969153837781,0.06804948803090526,0.18502644676032529
0.2493350473359334,0.10694902771008885,0.05551019693585193,0.07087633512634793,0.09150240009414051,0.03211856121757722,0.11839369921979226,0.2311046915054342,0.044210040854833814
0.14061678542068243,0.18139631698547887,0.11579652024626093,0.03488198582117879,0.1539827343890657,0.046841853470836387,0.1012606418633127,0.13552729498133506,0.08969586682184916
0.1437743091346593,0.06478788212770036,0.07852508576258425,0.05873299223862961,0.11410175240382675,0.05628101143723213,0.1114554715787706,0.22059220689499984,0.15174928842159716
0.1524484801295678,0.09043793230363001,0.06756015228278063,0.12198614041385876,0.15505057898081898,0.11171522491748713,0.11022359623505562,0.06793078265405046,0.12264711208275059
0.09094114023988642,0.12329795024831867,0.08139394239476005,0.1369588973450047,0.11493218767560222,0.10486635957686112,0.13294883937007215,0.1575837915232438,0.05707689162625088
0.4674736515018354,0.06847496872941876,0.060570001738966095,0.02910428696470894,0.10952624042273647,0.016997359072439874,0.0868338969717035,0.092498422710725,0.06852117188746598
0.08590189972683156,0.058568759620139486,0.14712417027234465,0.2272379910927466,0.0985168814686835,0.04170553204086199,0.07980552548357428,0.040684635197143576,0.22045460509767434
0.025728550937644354,0.1343916571721249,0.1430980444631083,0.11531788445462103,0.09455752499853175,0.20017117608295706,0.08026048271119025,0.0662356030160468,0.14023907616377548
0.10786496193175586,0.11625547573553115,0.1176385396787653,0.10402021437691722,0.11295028519180401,0.16837964731223398,0.09941467025809525,0.07322802841811839,0.1002481770967788
0.12327810186755546,0.0840640511500837,0.11640012059186788,0.22004028075945703,0.11335759131889993,0.07031986168826249,0.11203470473777484,0.10794554308621786,0.052559744799880896
0.08499693427197808,0.13053438813280327,0.10738837150785148,0.1196760474836915,0.13826935080908695,0.216237766288654,0.07767145803987896,0.07257137887975841,0.0526543045862973
0.04399474201515071,0.18940925088586205,0.10140371892182576,0.0708194948400317,0.1403053357024304,0.16125077692469963,0.13949487376153566,0.11027669880576002,0.04304510814270406
0.15552440831612624,0.0977397559636023,0.145003950339204,0.21150030998495475,0.11269286404383183,0.028987705443354325,0.07359610240752239,0.056911276446234865,0.1180436270551693
0.04682940353906437,0.09788802973259347,0.19886578392840107,0.02636901649831107,0.10375471902982851,0.0405912505425842,0.08189533109924174,0.18925864061609396,0.2145478250138816
0.1925674813657213,0.08622553365579488,0.08883953253493698,0.0429917354308026,0.10943449002161876,0.03193934628039982,0.06402713997379333,0.1365538111363007,0.24742092960063156
0.1275059041496031,0.18690781839193873,0.08655113949876796,0.12966105222448296,0.16674647925143896,0.03177122624380307,0.13828139653355,0.05083583127796019,0.08173915242845496
0.07774064671374882,0.13170054917347765,0.11404545811387116,0.12314628802815825,0.13177072361429254,0.049910823035707784,0.10929474254195985,0.08865401540866481,0.1737367533701192
0.07553566573765885,0.06572352044032526,0.12057572600175241,0.20969133755554412,0.1024025648012023,0.03188987006285091,0.12385897549292302,0.19227865180557094,0.07804368810217209
0.15556397877782147,0.06749699490281319,0.24913907914658603,0.05467530863385132,0.09449172996804885,0.035065212090165054,0.08997552729580506,0.08557072226615982,0.16802144691874923
0.11647682126567711,0.10631359691933391,0.09406465008041141,0.2867639637283854,0.11935969225732602,0.039794747262830214,0.12839161801361532,0.04745048504600197,0.061384425426418664
0.04727940658206934,0.08118687745857088,0.07420831966584476,0.04093693209171926,0.11242131609544997,0.04445410518088549,0.09876286843573341,0.3302172359021421,0.1705329385875848
0.1308649484579558,0.10505177814827028,0.07982275057150422,0.19372975913159665,0.13608792079974716,0.042670197291516394,0.12254016977272646,0.08706818994685032,0.10216428587983266
0.13746435459408968,0.08711492967391525,0.13534264085838857,0.12860706356725038,0.09464140313162674,0.1042543856983701,0.10464946870801156,0.08624569053425146,0.1216800632340962
0.18505542061213529,0.14374653788195116,0.14046726327624948,0.10495900209113333,0.1126715758433287,0.09483297438424465,0.08516646487674494,0.05156259249578891,0.08153816853842359
0.26038532430342803,0.10654083018431586,0.062392177395325786,0.09632920459615617,0.1223220243158773,0.06274993357479196,0.10345163090815486,0.10461184714996889,0.08121702757198111
0.21853061947120045,0.12031045489899327,0.09633109922233692,0.07531803176409131,0.14122569668862284,0.0862593086299621,0.12386082601137267,0.06900157937155789,0.06916238394186269
0.28572829057483723,0.06748752616202931,0.06993132314126844,0.19583398939549368,0.07951469946934192,0.12053107045071408,0.09397574920473628,0.05515165012505771,0.03184570147652135
0.43957525882730647,0.13458425552772124,0.08019186331390213,0.03604724069962192,0.1261359085385381,0.023744812905847883,0.0797997840334387,0.049520377195223474,0.030400498958400104
0.03499642128641544,0.052073434234368776,0.06829589698802821,0.28664314368323146,0.09862865199019417,0.15084005448813234,0.11026224191518115,0.08440623237640808,0.11385392303804028
0.02248669998769461,0.14357232875514073,0.05449198294317784,0.1494887895202681,0.08131851211575335,0.10264771829359375,0.12042863818190093,0.07154014091752947,0.2540251892849413
0.03624738703915628,0.10889807371268127,0.15315248813405316,0.1921948155388248,0.1299911334982157,0.062343137136053196,0.12596375558802617,0.14864704143740576,0.0425621679155837
0.23212347218612361,0.08374560053096682,0.10167292392899437,0.13348812115820471,0.11441332349051125,0.10186105779212733,0.10764610513415951,0.08784154656018,0.03720784921873239
0.016255254555504934,0.04836238841264336,0.05749512253170574,0.13265658403798739,0.1081687715203334,0.03226089167509066,0.0933198902459249,0.037545796988218645,0.47393530003259093
0.45457961565724014,0.08291837836828653,0.08638755979263239,0.09425338977002828,0.0705209079376085,0.0613400584809936,0.06970589745865664,0.05538562885766301,0.024908563676890854
0.187800245449564,0.09803339349497847,0.2478087795466616,0.09309311632236524,0.09677444736989461,0.05283034533586021,0.09070456692145241,0.048142800939113876,0.08481230462010954
0.028975545754592883,0.06752862866568164,0.16427754324209695,0.0484286398915875,0.10151766767784927,0.12182909963075728,0.06745224573350593,0.22995379827098672,0.17003683113294177
0.13702527450955224,0.09778558984608988,0.20075857746175566,0.06631113830032383,0.08273623056573977,0.08635536727000724,0.09189883328751412,0.148350929967759,0.08877805879125832
0.1870516084828032,0.066867693673272,0.10188377504140649,0.10319135437148719,0.12032555093020292,0.07797269084513264,0.11190857754012906,0.15076981164480022,0.0800289374707663
0.26573071553975175,0.04876863859118025,0.14247344573160337,0.16264888455991508,0.07329865574108306,0.13273752461029367,0.0773994367372348,0.04321689514476023,0.053725803344177765
0.1963751428891625,0.07576044948434381,0.09554863378617406,0.14274008884915945,0.08511504753837669,0.09398762080104102,0.11300164428725339,0.1197909794262136,0.07768039293827535
0.22848483906154696,0.13606032308984964,0.09162981296376653,0.062215257198366486,0.13085016336250457,0.09853263554841961,0.08971277463928613,0.07997036313887504,0.0825438309973849
0.13192858548983663,0.06952886331401585,0.08852493546798429,0.04004967973519147,0.09394379685026144,0.30747105378345835,0.08596136442861653,0.04683583250049039,0.13575588843014508
0.05853735693372239,0.19216868368593007,0.08606737923940633,0.08447452653769909,0.11812344125107847,0.06623500507452292,0.10852057627878546,0.21446345499116473,0.07140957600769053
0.04079226901628954,0.23491713295774796,0.16805851412581427,0.1622467604779966,0.07730416629502589,0.024564029490780213,0.07983233947201125,0.13270257641430677,0.0795822117500275
0.11749805747069801,0.1118504936671967,0.08721966793916475,0.09628201316705905,0.13645844135291724,0.16621535449299454,0.1255754172435271,0.09312788525569109,0.06577266941075145
0.14183498892249244,0.20486308763554487,0.1934703990798962,0.08220845830983016,0.11557254058820554,0.06444013610796578,0.07376883866149786,0.040030961868752594,0.08381058882581462
0.16378294623569378,0.20551507516124543,0.08372833746846046,0.129191955416886,0.12530283065548783,0.05047602570957107,0.11607288220291141,0.06278820719743182,0.06314173995231225
0.3060066334165879,0.08765369779759184,0.057877967952701954,0.10952758128318847,0.11210711303213777,0.07150305311939983,0.06533616425538046,0.09353512131094129,0.09645266783207045
0.19100295663405645,0.05666398758792198,0.0988258719404732,0.12889360386085233,0.11446452232724165,0.05723828554913952,0.10391436227972961,0.048444340255903995,0.20055206956468127
0.01913191781177806,0.047696242730908,0.1938823737150742,0.12722562562792078,0.08708142611617492,0.06294906042263364,0.08984598261578958,0.23628741989508018,0.13589995106464067
0.07352907699347075,0.14019450771436323,0.13689098916644568,0.05442290532224372,0.12547781411749262,0.11941654383500803,0.11971919892806308,0.08856273678792827,0.14178622713498468
0.07822563114702764,0.18122724582782831,0.08413838243889528,0.03285033978808006,0.1751433839453483,0.06022283938491551,0.11259288985682536,0.17803758450946552,0.09756170310161401
0.0871921798231492,0.10493903524659855,0.07619565913156862,0.14050855832218892,0.1292625233542266,0.02001373730673623,0.12993772286430014,0.09209281253531665,0.21985777141591512
0.3961175690864498,0.07057615065226557,0.05789539217189299,0.09866609805450673,0.08759410895101942,0.10766855186764039,0.09359046063947324,0.02796115832669066,0.05993051025006114
0.0929237179191975,0.08439590475936441,0.16685010976146106,0.12277302485829233,0.10045096893768478,0.2956084861113271,0.06920182893338249,0.024862618250629593,0.04293334046866084
0.3857332261649982,0.12984017261146158,0.053894635285044734,0.06272332319113032,0.09110484298894161,0.06587467573667508,0.09236603237831975,0.09347740263005298,0.024985689013375802
0.247670075823076,0.16787203884670623,0.11900784277417405,0.07083187869461273,0.12078459848737196,0.027563963426306747,0.10460616819480338,0.09975931588684613,0.041904117866102736
0.0429802662289058,0.09330389828869484,0.1133219079103468,0.06516429884814705,0.10210528763519044,0.20684538715027143,0.10227279032348091,0.14615289785740823,0.12785326575755454
0.15405254431115403,0.04149077673106494,0.09038206821225968,0.2512601351334473,0.0933948898946253,0.1318146093381575,0.0898082727331173,0.021050193542236834,0.12674651010393712
0.04057148260144218,0.10518962678525973,0.1011018295533347,0.19186738166597775,0.08780193985816487,0.018528869408812584,0.11228505557123358,0.2157027313406745,0.12695108321510007
0.03366451254946826,0.10613193359583672,0.13519377553229375,0.08097249024491787,0.07960623570975225,0.02807743540222189,0.10859527950854087,0.20273074676929545,0.22502759068767286
0.0712032265429365,0.12940297126660918,0.1174510135794833,0.17488666654733467,0.08645047240266933,0.09139269923838152,0.11712497221268225,0.07432669915310297,0.1377612790568002
0.09408207147919868,0.10157515689916713,0.10578800108685095,0.0465732369593283,0.12467514889628911,0.14571722792201613,0.0925644612510191,0.04042303430025164,0.24860166120587893
0.49681116441718115,0.08887425787764626,0.06797950513428967,0.05714675049474869,0.10044208922317853,0.042898828519467615,0.07091222626053578,0.03266712185857063,0.042268056214381705
0.14559174198384048,0.1804619790535692,0.1944402798490875,0.03791835006616871,0.11534109967218009,0.055696722278974854,0.0980237869478191,0.07859662274304956,0.09392941740531054
0.30255376789025656,0.15134060835287252,0.13591401007002585,0.15341055656974842,0.08838997596273528,0.022549371529796202,0.07088658499355206,0.03892746968313053,0.036027654947882536
0.2643821303177683,0.06023379955862319,0.11916953918231017,0.20853447449154275,0.10707749122093731,0.05790880402967726,0.09701891537626305,0.03847360207852819,0.04720124374434977
0.22539852554656484,0.04562643905607002,0.1980441743620637,0.04533137067604771,0.10354835207954675,0.18331379090393618,0.09584980155510603,0.042422632685717554,0.06046491313494728
0.2857266528899181,0.10211919740721041,0.1025081305689756,0.12158996657771916,0.09455612300415972,0.03908539443601464,0.09148786768814156,0.08882195503023142,0.07410471239762945
0.03474588081005626,0.2698186480122669,0.17621170347269924,0.04376820406657819,0.10393221862967698,0.035529129750956685,0.09127173359438645,0.047047373802460234,0.1976751078609191
0.29365198610093507,0.035896836715447696,0.09003669644581185,0.06671556029006917,0.08978047326494044,0.022978247941728758,0.08303946137836912,0.2729788406443492,0.044921897218348716
0.06727217707494748,0.12214440989487658,0.1730082054066433,0.19744637567073656,0.09797301488685754,0.09210459950358561,0.09073276235866995,0.046790395027172436,0.1125280601765104
0.020812218382617393,0.08535134270393789,0.14954212136154088,0.06442540831062649,0.055445546636675024,0.3243338700204437,0.0637403469289665,0.03313202185062249,0.2032171238045696
0.15176581120011567,0.08467496843515378,0.0970486637810334,0.18150850463162457,0.12600146528191386,0.10630090576718,0.09922578731635325,0.08663005669897955,0.06684383688764588
0.1578200851445686,0.12185475810490887,0.1870363914132355,0.09753391125982391,0.14812817729560868,0.12524637289799168,0.08901599744880646,0.04152057237915983,0.03184373405589646
0.10096220182556413,0.10214882175159497,0.08436239878913354,0.22516706751079696,0.08849234745652378,0.06786452672544364,0.10464329669958168,0.050985574768223955,0.17537376447313743
0.027722560831836166,0.0830510012166847,0.09802592860622379,0.05112304502995968,0.10828507297849621,0.18875181434087526,0.10098736649074207,0.28017919664558294,0.06187401385959912
0.299432740829599,0.10158203604116717,0.14583500364325877,0.06547095342358052,0.09528942464640143,0.08340362911434251,0.062022568181129695,0.049098827065607746,0.09786481705491319
0.11147576174665369,0.15062220237529536,0.14557230032605642,0.013427566211886883,0.08100577589216848,0.19302539028805055,0.07038704910994988,0.08508420215216757,0.14939975189777116
0.07027268144704128,0.1152063731693103,0.1343443444993967,0.10879430531080884,0.12373666755131353,0.09515990666409417,0.0991228417862286,0.06848941185523903,0.18487346771656754
0.024165545744438507,0.17806562937650783,0.14614862106044083,0.05622472710878942,0.08177525705784178,0.03759242191133612,0.09225625120968517,0.203692876534013,0.18007866999694724
0.14513387568992378,0.08794257830307346,0.10863376055871495,0.05393031736950715,0.12621100445705688,0.1588884743775554,0.10463690310494456,0.13259407691494315,0.08202900922428064
0.17410596234282116,0.12258434770031379,0.16328750073302994,0.05002775769221207,0.14152893666684543,0.04710178514430045,0.08326155410646251,0.1301719279053645,0.0879302277086501
0.3474901978920563,0.07278927117542112,0.11109500196996074,0.1509168474284673,0.0853546598614955,0.029909851012202532,0.06482773270315932,0.06954975810754764,0.06806667984968957
0.12925044571281366,0.14919870450095224,0.13397726530915022,0.17691418098674805,0.09607093747274296,0.03695920789183044,0.11005358430802537,0.10910563658466932,0.058470037233067707
0.04001636945256044,0.1649507717093106,0.11598961472776902,0.106783952857383,0.12530301488408666,0.04834934418592687,0.10776170514668808,0.1951751935224455,0.09567003351382987
0.0274811097984311,0.15798930881711967,0.17827419829889288,0.1554517184944319,0.11001085433953066,0.0995029717825043,0.12248383213679159,0.08404433555877512,0.06476167077352275
0.1802749090643946,0.09212688822986399,0.12457522028136753,0.079216360010872,0.11889535107187714,0.18655598796083486,0.09027062939891746,0.09147224607820122,0.03661240790367113
0.19054673977713268,0.15272963460278952,0.10201999363011138,0.13713765476025244,0.12013443469687086,0.11269996645117815,0.0896205149966317,0.038445220468572176,0.05666584061646102
0.06689130059789557,0.04640235784551566,0.06021846682793742,0.031194223858823172,0.11606615301958945,0.3837879808514413,0.07890618279505751,0.022218910102300298,0.19431442410143962
0.1165509139254201,0.16404040067737705,0.11335558617526247,0.0823628524642721,0.16978117362650547,0.08918873017321498,0.13607853444024323,0.0869619800787809,0.041679828438923726
0.11042126678306091,0.15925497860853746,0.14093882842413005,0.11794258508583828,0.13072777880789307,0.02304859660116826,0.11302621782869067,0.1387829453068835,0.06585680255379785
0.3547531529453775,0.0855156630747999,0.0695337364089855,0.06878120316237969,0.09144573083959613,0.0314243942610934,0.12557526084968282,0.13789060554009813,0.035080252917987075
0.09899251328980012,0.0951567596094401,0.1454613605419747,0.1136581044120875,0.12341494152229439,0.11443856977590301,0.10221948302109844,0.13101162161504984,0.07564664621235188
0.24468118878149228,0.09463039690691717,0.10756053583787197,0.11390220926584228,0.10469052336808816,0.05659347939290735,0.1025952466491098,0.06775971429496666,0.10758670550280429
0.14546689406084398,0.18004884442155814,0.08494797761749179,0.16876248320378906,0.10507996147069192,0.041526121286162974,0.10740467690426947,0.10565844142009582,0.0611045996150969
0.049113700464953954,0.0619681983514788,0.16346962805948448,0.05000225967041539,0.09256160809039699,0.12233062375307015,0.0881590968351645,0.2925916742166163,0.07980321055841942
0.22530130798487433,0.21699366466984712,0.07254706507980431,0.07669771423893941,0.10871780448533915,0.07718813613511323,0.09146129265902514,0.049840189828410285,0.08125282491864706
0.30461911437711425,0.06744715072729356,0.09615795566373637,0.086243299524648,0.07334481497762187,0.14165071250192812,0.09544492841886089,0.0777540689570052,0.05733795485179174
0.06461627494551374,0.16005721915477275,0.12171151436744039,0.17139639698968867,0.09662597215258334,0.04011837385218777,0.12351657952671757,0.10493883656642485,0.11701883244467093
0.10139425944288853,0.058760229770270456,0.09666091475848466,0.19008157578838103,0.14643323878264217,0.1785615689986889,0.11688250217514366,0.051137543441293926,0.060088166842206664
0.24915070689237692,0.06327114620543978,0.08823985442006789,0.039996562434602784,0.13095551689888196,0.06747815028307458,0.10994738792754744,0.12253504250595776,0.12842563243205093
0.15076195453282956,0.1071748071035847,0.09012725040146576,0.07526758954189956,0.13430464494113645,0.06737275505813053,0.1438333228498939,0.1295312504828315,0.10162642508822801
0.1357844603885174,0.16288098451121094,0.138017878310744,0.16325152744810925,0.0879961521021011,0.04631065670463,0.10966731491578723,0.06251035085952676,0.09358067475937326
0.055422362492808186,0.26124603345098335,0.1410560691807775,0.09091135539096235,0.13521885974247883,0.05528431785633801,0.11666143769832159,0.08283715467538477,0.06136240951194551
0.12608437680912488,0.0948620937942567,0.04367920138828552,0.15883402373121772,0.1202286427173271,0.12342620615924445,0.1243190815472231,0.04619142862037759,0.16237494523294296
0.14264392766094244,0.1450427761466323,0.17738689135163124,0.10780925602212998,0.09722248143089336,0.10847667608566637,0.09915957800383142,0.05912251397758836,0.06313589932068438
0.0879411302125583,0.12266809110060402,0.1866567785837162,0.23170115759694157,0.09741956545121237,0.023604897500819424,0.09023000253587975,0.1233257634252567,0.03645261359301156
0.03410416874509226,0.1387144106110897,0.1283929822635219,0.1369395018941139,0.14381221712444772,0.034621846553375794,0.12463106527992217,0.17122031399211882,0.08756349353631769
0.24759597161837388,0.09763714734144142,0.06878538068429753,0.04116257557477717,0.14192490487836457,0.08911895626537257,0.15052786101388205,0.043776013094199345,0.11947118952929146
0.05391878502070959,0.09967152332694289,0.14524405990970268,0.19135466351640842,0.091717053037081,0.042478259141186504,0.12154115537812392,0.15925510750352648,0.0948193931663186
0.0996798221752984,0.22775404439155975,0.1997472475805134,0.12710487478739585,0.08182066676200132,0.05580997344652058,0.0875746243761073,0.05576201362792146,0.06474673285268204
0.18884775360406084,0.11569773326071671,0.037561773822799814,0.03170428382427833,0.10737108720595888,0.03247553540567506,0.11108911922596716,0.25029486471962525,0.12495784893091792
0.31139464804908695,0.0983615742122908,0.14641147357518683,0.021334968229293594,0.08227797761779106,0.11814246100224379,0.08490208562343411,0.03369775603849526,0.10347705565217764
0.14523746045145597,0.1561593563037812,0.09834769113357622,0.0780007873365209,0.10948570588350309,0.05351488988097234,0.11194757743062655,0.14053931881875717,0.10676721276080652
0.1806678769557647,0.08684488611540754,0.1584701465114118,0.10107262427312909,0.14271097703146426,0.054574711791189494,0.100514503640743,0.05574131444186912,0.11940295923902104
0.3142042692751669,0.07014238172321795,0.06996225964982407,0.06789445598834187,0.10445664686806962,0.03402406906168424,0.09540378842759105,0.1213572248860682,0.12255490412003595
0.08506392491549412,0.1893556469565446,0.11019699153584855,0.05850114519003911,0.09896813439364265,0.013793220290648028,0.12272047489826825,0.17976253147703414,0.1416379303424805
0.13040437365566712,0.1301839915897681,0.1060870139330099,0.12093950525889464,0.11288577436563045,0.09963732773253552,0.12108812530250353,0.08096320783351647,0.09781068032847422
0.12854373327238558,0.09848078229770339,0.1386465267216709,0.1101927190051152,0.1320570264151908,0.12078993742692663,0.11073848491101823,0.05890680771619733,0.10164398223379185
0.29873422064828864,0.10480897058143483,0.07401678419715356,0.13438154216649634,0.08556260409176754,0.0659456524952722,0.09471905080436172,0.11063574408035486,0.031195430934870334
0.13118378495465133,0.06290105069688436,0.0903766774083488,0.2465990116096243,0.10038946343398336,0.0533430728478702,0.1031264192720092,0.10026413750083348,0.11181638227579498
0.06688517606585834,0.16102955630533702,0.15081275877901015,0.12862069996387895,0.10446498881254436,0.062335301904157085,0.11182393128172663,0.12288273939209628,0.0911448474953912
0.1384236365713061,0.17506929300027121,0.1990518266628459,0.0853220098231592,0.08036660501674665,0.06097023514023461,0.09435955110384632,0.08849434880874363,0.0779424938728463
0.1257725303146516,0.09642913412274252,0.1054386021627415,0.11912263594516519,0.14242445481574326,0.07649948207314625,0.10154385623841433,0.08025790193506471,0.15251140239233066
0.0801128468896668,0.13603583820627121,0.12152853495056497,0.05919594962559697,0.11404621067184563,0.18908749166721442,0.08850707141151748,0.1620422651776853,0.04944379139963715
0.12136710511682358,0.10640086195175996,0.08015334441667646,0.09366259610672707,0.147765925001901,0.09705531314831284,0.11561901666680519,0.06692630577740528,0.17104953181358865
0.026389831687143817,0.19697180609281617,0.165717997955327,0.07006253756984533,0.12557317350706423,0.04918100592888539,0.08954544170045242,0.06463059394044297,0.21192761161802265
0.18551040730268942,0.10998831005543358,0.134512423154404,0.08798130825804155,0.12398072028641416,0.10324319359187878,0.11320133055781072,0.05081124330634435,0.09077106348698348
0.37104049653757115,0.046794562797877824,0.07178245298919306,0.0600143455726197,0.1380557241984396,0.051866576169408284,0.10940028074723218,0.09601365799387158,0.05503190299378658
0.15494434094075485,0.13067888890514145,0.0664921352828464,0.039543644706758814,0.13871359899334956,0.11893594379231837,0.12535393185938223,0.12600011847434095,0.09933739704510731
0.30434498085057987,0.10872511324817129,0.12494556060150315,0.0942282432967471,0.07465896110850666,0.10690641998596385,0.07792954078760717,0.058224096583395606,0.050037083537525374
0.2262706785653991,0.1425561342745384,0.06725394888999482,0.12193570332751742,0.14772985466242097,0.04855317839801689,0.1123257149748836,0.059100004843372245,0.07427478206385654
0.16344120474659038,0.06192080304159351,0.10353350338317839,0.07851499794145843,0.13130725421110562,0.21578548120178417,0.09641539281758414,0.05930480968124489,0.08977655297546056
0.04444827047303689,0.09611637832736213,0.07691439893087063,0.06022580712698645,0.11938859744242099,0.05981368470674197,0.11940846012831667,0.3416883350616096,0.08199606780265471
0.19050375982904375,0.09873296152070306,0.17735263902597342,0.04925398052908412,0.11488920234008586,0.16380974577098328,0.07230031325161239,0.09178857053622162,0.04136882719629245
0.13299760917384104,0.09258991692516035,0.09166864125058487,0.03552833446064723,0.11454030794107169,0.12187776935120742,0.10055065429376264,0.22060731900626332,0.08963944759746156
0.09737604870689333,0.11434907425376019,0.22522934148233767,0.14215671023517282,0.087681356900335,0.06584653512276481,0.08607377717034463,0.06257016262786534,0.11871699350052622
0.4486781641582664,0.07363218510688335,0.06294570421159046,0.13290215590222798,0.06849746917095827,0.0506433792002964,0.07162476213567258,0.037892092767008695,0.05318408734709603
0.03687850918941136,0.08694540504115172,0.12441681768690731,0.17536658760895094,0.08616123269044888,0.035811908771910095,0.11610524809407337,0.24538056665888863,0.09293372425825769
0.2638709908147004,0.04904198709130484,0.07092924218960191,0.019330938854805912,0.0959734484704654,0.216259992121043,0.08686296741619555,0.1258039608005158,0.07192647224136713
0.10617944672354966,0.18368487519592525,0.1375554208639116,0.06873980515036604,0.10237138528431904,0.08448798022823506,0.09965086743771129,0.07873584153453757,0.13859437758144452
0.0668162519547149,0.10503315037269485,0.12978817981793003,0.17284473534524517,0.09680965068120866,0.051565428520722816,0.13546624416712838,0.07520577356334776,0.16647058557700745
0.03579417700359235,0.11116583502738292,0.11527004197694297,0.15806094843372523,0.11398916670994952,0.059561889422492596,0.11545829285353844,0.17666496340606863,0.11403468516630737
0.06347584594040394,0.19584505301897384,0.17409385317950407,0.18454527750622873,0.11613747893701032,0.06424686333089494,0.0828675626827143,0.03163846516891116,0.08714960023535877
0.059970585980274584,0.07107312860951856,0.09870015390308774,0.09803492532528846,0.16797405835794235,0.050771745919131674,0.11903803918746937,0.12346389516402241,0.21097346755326485
