0.14019588424196247,0.1204403471539705,0.13137900751724288,0.1200760053056159,0.062006644349226044,0.07700919348643649,0.1074318160693545,0.13304257672419786,0.10841852515199331
0.1528339961458148,0.11077188232857527,0.04970555450697853,0.1032962563074196,0.08509184865935182,0.15280153367764426,0.10101342809471037,0.11010663615485004,0.1343788641246554
0.08647603606822236,0.14731909744794938,0.14257232015118818,0.20114868594019944,0.05929824968180444,0.025228411976502923,0.11179300370693655,0.10665945587061244,0.11950473915658426
0.09215744592075958,0.1158708675912119,0.19041970099158148,0.1422129587890498,0.06502800320170928,0.02543556248484459,0.1491817936135992,0.10686922664971134,0.11282444075753278
0.06771138560881142,0.11641804166695706,0.04843656565325977,0.10911963864495518,0.1006584300109533,0.18071338044111088,0.11902658086047047,0.11542579146279523,0.1424901856506867
0.046691055624257655,0.12356186358710776,0.07947212934984443,0.12702127320304402,0.12167188533421862,0.14585509433081356,0.11336723005650721,0.1202601101875242,0.12209935832668249
0.0840684821056324,0.11549454772628857,0.05205989192434946,0.14610699257358614,0.06194266010675802,0.21587034269606709,0.08573149439024443,0.1266534024209526,0.11207218605612117
0.0756658204618962,0.0989822901031947,0.13434271528357974,0.11677898700349665,0.0417403108400865,0.0511618031146392,0.12431647684416426,0.1656951535070207,0.19131644284192198
0.09132489778596069,0.11744048988250604,0.06181908611659448,0.1550888528680101,0.11514449997794635,0.10458469211424969,0.09845083256156965,0.11753392465513224,0.13861272403803085
0.08239736499855825,0.08421378090423921,0.07499156325164359,0.08222815108664473,0.062358609505633045,0.31318197899224604,0.071158178711376,0.11627598988367387,0.11319438266598529
0.08999569219164805,0.1053461290898131,0.0420859892390144,0.12529753271975996,0.032102286239319336,0.3032198143942271,0.09441972226999439,0.09921470233526637,0.10831813152095728
0.1347106230865645,0.12598130167308266,0.06917236136066907,0.11708505773228318,0.08188132230632705,0.0926680787044938,0.12171778671029887,0.11968408568480667,0.13709938274147423
0.14634133682431352,0.16637063394971802,0.08172454126038763,0.15803119596321857,0.054023834633280345,0.04420668140785063,0.16652204168272033,0.07246777593974536,0.11031195833876566
0.15277880632799934,0.10459838954908846,0.05059300519776317,0.1388974288236434,0.10984062213808547,0.15113650739863713,0.07228204077856497,0.09705842731675003,0.12281477246946815
0.08406660157068034,0.11845022200770401,0.06906120258611649,0.1370268427462591,0.1441670183226831,0.15671555696522296,0.06203330176551308,0.1129786909698507,0.11550056306597023
0.12218587744947973,0.1102675596575305,0.06763349645397179,0.14734601688631288,0.15736730958437276,0.01737730097479062,0.13344840645228148,0.11171899181438787,0.13265504072687243
0.12425689297371491,0.12231039090552635,0.1432841808630447,0.26797220545714656,0.07618510933443,0.013892298618091513,0.0783937009039879,0.07120820645216354,0.10249701449189452
0.059892447582895504,0.11405071687035191,0.08888734073615358,0.18866466476684227,0.1345970369945432,0.051919211135121886,0.0762178745386345,0.13715545208285498,0.1486152552926021
0.08513912861416766,0.1050504687603605,0.048859870764024045,0.09106760253551366,0.04532823956322807,0.2481791576604205,0.12764298661283566,0.12389442664752341,0.12483811884192657
0.12055055385838494,0.1471857182742758,0.10694920279649185,0.15355395893584445,0.10007644962426705,0.05855433306658001,0.09351970959595152,0.09682833993023594,0.12278173391796839
0.08935542409689505,0.10547983012948163,0.021991638542564848,0.20099973877734453,0.1548827683795736,0.03576420028324002,0.11680969144745375,0.14143416597722358,0.133282542366223
0.09763538217724732,0.11328067254543717,0.27437398895515486,0.12045900371281294,0.04009302030317457,0.04618854765083203,0.08189956203450248,0.11106754753668015,0.1150022750841585
0.2038382251494316,0.1008221040897458,0.0466765599657805,0.13652506915201343,0.09736657494256638,0.10516706036017133,0.11076584479187784,0.12554571698699907,0.07329284456141404
0.12679268534089036,0.10608222933575255,0.12007423703120189,0.12516153490987866,0.06637819385541091,0.12370685952376713,0.08351729002793007,0.11179209995440481,0.13649487002076358
0.1475857460768314,0.12579601059048204,0.04102153902145697,0.11196498005494648,0.06940242470645817,0.05132165450916728,0.21182679577495186,0.12765546239059947,0.11342538687510635
0.1603617381357635,0.0948699805100967,0.0480585497073327,0.09140405273303603,0.16712907491251258,0.19177185107040037,0.06101445921330678,0.09370293158290999,0.09168736213464133
0.14718892062129726,0.13373477953988758,0.019325036215864854,0.13171379999252886,0.08500903596269703,0.06253216850798328,0.11409831673862893,0.111609295493996,0.19478864692711625
0.14953683136723048,0.12307923174276496,0.04379898952119842,0.17331915664428302,0.09321299442975217,0.10307457440850844,0.1124932314889109,0.10670598029092848,0.09477901010642308
0.14169209195917817,0.10746920563408952,0.05504505127803206,0.08207717880080441,0.040612367771821374,0.17314713251496663,0.18852503707067872,0.10289323043053328,0.10853870453989584
0.08571013906633455,0.09547034997528851,0.06907962319712635,0.09074989349012803,0.13124165277971253,0.12533714169216192,0.11583706230830837,0.1425475127966225,0.14402662469431718
0.12152335331425061,0.13482388162781295,0.11793811193208203,0.1165592978239987,0.10457055004670474,0.08715012762422587,0.11603446037681923,0.09828285234727509,0.10311736490683077
0.06164667756916515,0.1265372066584985,0.054414830957414305,0.15778907060250458,0.09282080352345624,0.13051125589903337,0.09369011657002053,0.13347358212319224,0.14911645609671512
0.24570857552398082,0.09482134436640426,0.06567441171309318,0.09989400667819776,0.09842665432828002,0.09663704182059187,0.07416213650859076,0.12232734380974725,0.10234848525111417
0.2130892784101044,0.0804276326164079,0.05886285507119405,0.09091931232762639,0.052715045527068384,0.23307887681506748,0.0745046283521431,0.10934092623055025,0.08706144464983806
0.0871446994036903,0.12997329199053162,0.06927255167659711,0.14486741700535044,0.06787649646129072,0.04117726481007201,0.16552844353320187,0.1098666122751615,0.1842932228441044
0.06768350322847588,0.09261044329196384,0.09780128324770959,0.15102228804847093,0.06784019271198742,0.13595914731378198,0.1232660781081883,0.1397055571618878,0.12411150688753429
0.12848281195888397,0.10502685655344413,0.06120177809243487,0.11957086796850742,0.09245831976560948,0.05107309915712329,0.14163053363144842,0.1521908161865646,0.14836491668598387
0.2031985901666029,0.13263036194524583,0.12129421024889879,0.09570281651632191,0.07921231144942686,0.024971791403356775,0.12244143746242787,0.11983077987543099,0.10071770093228805
0.2708885941421868,0.10308483120552454,0.1083886551089767,0.1175105444234391,0.06022341549613013,0.028474525130235722,0.10199897296101566,0.09969090529154728,0.1097395562409441
0.16173287596456484,0.09440306579256175,0.0702561240543546,0.1126116097833829,0.10745467036861571,0.11313634759658624,0.10733707841779881,0.12258216585059807,0.11048606217153711
0.25121799322541477,0.14306617110138753,0.02810053859070387,0.08388036613221062,0.17803348449919407,0.024577887518414433,0.1037265827097219,0.10322273678576949,0.08417423943718343
0.1571896759124757,0.15051583531163992,0.023524276331497115,0.13435965162786134,0.0722499057790632,0.042223704012723934,0.16842281475710905,0.1160725486216374,0.13544158764599232
0.09801391695452209,0.1546175131221906,0.057733547650482615,0.14894706134168578,0.07124353452431696,0.015562131373462795,0.15044735330033385,0.10151179646977576,0.2019231452632296
0.0835273634871349,0.09127543000993586,0.11152976517936458,0.11810505236696896,0.04525657875756623,0.2152769962957469,0.1038714790857751,0.12752695423087068,0.10363038058663691
0.08378805763824249,0.11908478875054233,0.04566040794723968,0.0998384137769464,0.03803238152063971,0.32228902988974945,0.13921298962691517,0.07080818575592775,0.0812857450937971
0.08085077138252914,0.10909461183219094,0.1408751344476434,0.08479974834524069,0.080680436720401,0.09235532980001086,0.16559617570500018,0.12250830728449887,0.12323948448248488
0.07942191970697977,0.12655291892799772,0.06746352927909957,0.12288927457900296,0.10262634499772157,0.20360263266035483,0.07382078533182752,0.10246089222085968,0.12116170229615626
0.11947583031419058,0.11206418921932813,0.08888886578915099,0.1271383635717411,0.08329639780994781,0.10950448246024332,0.09501127182919074,0.12464721366842647,0.13997338533778095
0.10801728962613942,0.1077958530517726,0.06816700988477137,0.14012982571375568,0.13486014620977194,0.07191842086173188,0.10531619574102917,0.13984386939341142,0.1239513895176166
0.18334676815195597,0.10294367904873421,0.08040105249335291,0.20541895556709525,0.06302549974808112,0.011953796263469802,0.08394568558368547,0.132787814773866,0.13617674836975932
0.20624482152708082,0.11764924770450665,0.05268581160736576,0.1553786897926215,0.052809210162175935,0.0521661102817933,0.09925513693815846,0.12199694802147747,0.1418140239648201
0.08612098281891067,0.1410966769307094,0.1339004085083185,0.0939760262414351,0.16159604584719778,0.06564110010779255,0.08610575847778594,0.09109206168560598,0.14047093938224406
0.07715811325977832,0.13974333646685802,0.1406380387530147,0.1809052209053534,0.16840254788785622,0.01276565144231785,0.10219723861819054,0.08522124857555487,0.09296860409107606
0.11974245333322768,0.10520180094727383,0.07593419608872944,0.06638806129600379,0.2516102392742705,0.10580611468554472,0.14799049745120493,0.06979730433234493,0.05752933259140023
0.2483025152611443,0.09081246306199033,0.03526017488953814,0.12204739366196267,0.10279023000294414,0.05994382571035395,0.09929851211184833,0.11820094129961554,0.12334394400060261
0.11206721739388152,0.15397237943273523,0.050989026201646116,0.13462960279125336,0.11054396860236548,0.08071503219599828,0.12264891817000743,0.09735753282472581,0.1370763223873868
0.08873832430133273,0.094593497165336,0.10462980446146641,0.09938219624229662,0.10088298261756967,0.18055011152223124,0.11517759676662305,0.11757311713573808,0.09847236978740624
0.171835557598927,0.09893231035126299,0.039388224448717826,0.09885957425620502,0.17618884200564933,0.041599919105194394,0.12362239346158292,0.13138642960427596,0.11818674916818446
0.05503989695996161,0.14273714089671072,0.04717850778399962,0.13911737795755624,0.07474562731605935,0.19028615118684225,0.1290856524950366,0.10634917041898799,0.11546047498484553
0.1078208075933597,0.12000433699927543,0.07311032515775853,0.1645806778152963,0.09841966587059421,0.01994022099635759,0.11480034381078173,0.15040000449020696,0.15092361726636952
0.10735304022230359,0.11318846357395228,0.06498928097795599,0.09479240568636639,0.2134531867898113,0.03551030703687651,0.0914760231549917,0.1479799853173113,0.13125730724043086
0.12672558944196954,0.13553006549282362,0.06459212119284642,0.10983742886131742,0.05543485702036257,0.057814922482355535,0.1869177349159267,0.12752335054063843,0.1356239300517597
0.1023364788696741,0.09586661373761224,0.04859519419540534,0.1273987959177658,0.1897961912975951,0.08622760659219071,0.0882101779894095,0.13996920573257962,0.12159973566776754
0.20775379364448596,0.13737044800095785,0.10944426974049214,0.11258042985778145,0.08741312325411867,0.053753551256927296,0.09551951676930125,0.10705113485683831,0.08911373261909712
0.10353229296778454,0.10117163149526982,0.1573093580946544,0.1263757679415564,0.05331416961978148,0.09616997032320655,0.08939825463059609,0.13954239280884037,0.13318616211831025
0.045497357397916494,0.11024566488590459,0.04833322039134095,0.14035358267792045,0.059104553736166986,0.273546669101767,0.10047507810601614,0.1134195651051892,0.10902430859777817
0.2302477418578113,0.15635479500306804,0.09719890543087456,0.16072051360556128,0.0668061513270617,0.0066000307139727045,0.10783534248307369,0.07711968450880201,0.09711683506977471
0.06459086054146385,0.13240040672459316,0.10295777185545468,0.11359837130397399,0.07754898520076593,0.039419300893139726,0.24019036570948016,0.12131028845309666,0.1079836493180318
0.042375590243261714,0.0756011326925123,0.031911731094241745,0.09208813739408013,0.05974417611464413,0.3604441691654732,0.10862222378399021,0.10769866416060064,0.12151417535119581
0.05754370986110258,0.08642299784198237,0.11947148268959064,0.07778217284872008,0.08372289914965442,0.19188028059450435,0.16171482424702285,0.11715742030817367,0.10430421245924919
0.07619704952106889,0.1100659860491785,0.058477884562519566,0.1350576554066081,0.25610022449676245,0.0336095918089348,0.1019054388797261,0.10978363630634748,0.11880253296885408
0.1075327991822496,0.11924732082013717,0.04384057106616185,0.127345503605604,0.07157862569954265,0.1656264829068135,0.09262670973278382,0.13461749888468946,0.13758448810201793
0.2236587319416826,0.09826022249282673,0.05096809871923887,0.10673374209129348,0.06430905249512768,0.10053946541998122,0.10822975746583763,0.10017824990530233,0.1471226794687095
0.10171783560953623,0.06963661520185489,0.2467759418233307,0.11976917347781608,0.050422947325783535,0.13780652181594177,0.0650502585373971,0.11365294851404106,0.09516775769429862
0.1304846817253704,0.11056444891467669,0.09527956897390666,0.06902689776651384,0.2003464778992221,0.02503839505641983,0.18224362098105382,0.10347438571089683,0.08354152297193988
0.11393416836688247,0.09975415298844535,0.08123153355215686,0.16952545243878062,0.1450481633896725,0.0515065573648652,0.0737062978025232,0.13695182098615438,0.12834185311051935
0.07727877710434211,0.1340143373997803,0.047557364973196355,0.12047317968882676,0.19557327980725678,0.03960981780545427,0.14032823121517757,0.11942408504303208,0.12574092696293382
0.16494045934316978,0.08654889625794904,0.05922559059313782,0.08171597142055238,0.1829497754829481,0.019033767459513067,0.12320016367650159,0.1349281280073694,0.14745724775885882
0.1403348202343638,0.15134751749218536,0.09998979304148732,0.19395174804562396,0.05749723275113869,0.03909350887748389,0.09588588120710954,0.10045180448695844,0.12144769386364902
0.10387579646555545,0.10468826533540186,0.03321740109480646,0.14900203736688922,0.0726386368290564,0.1876537077158301,0.09071023620105538,0.1080142754728759,0.1501996435185292
0.04821811436433663,0.08202845953681183,0.13964338851535568,0.10409038634707007,0.06776676937505809,0.14460829471226747,0.18117749065024533,0.12273084919578577,0.10973624730306913
0.12581767748970218,0.08760918339499785,0.03374685984891393,0.10059330645182685,0.1290271739489933,0.2858590890725557,0.05375990124366691,0.10312277178294339,0.08046403676639986
0.09912319471986027,0.11531171547155446,0.03719464157166245,0.12389220741558987,0.06786285050976226,0.1503084374050413,0.12901492347646945,0.12095295886118107,0.15633907056887886
0.11954769550288029,0.11731936774519348,0.10426806688126163,0.19505757027252804,0.08591553435995826,0.07110898890743057,0.0826269307171119,0.09408707989214375,0.13006876572149215
0.1260879400612289,0.10678215985912154,0.046800809947029155,0.16618268087508167,0.11145160741398241,0.11758030605857371,0.09187168129175578,0.12593805968719948,0.10730475480602736
0.13861170333082398,0.11534396606340774,0.07473489205769922,0.1499973293214939,0.13718902716116124,0.058907789072308876,0.10227823780142331,0.1261760386744867,0.09676101651719503
0.10225865435077024,0.12832276615509366,0.1152085729302929,0.15238255295815692,0.06917591230755725,0.03232308199184743,0.10358795267978926,0.13381625757961527,0.16292424904687716
0.12092974730724904,0.10827861773326958,0.1342840718583074,0.08997381129641212,0.10860308334770441,0.056950788098667465,0.09846304151887886,0.1447252658086412,0.1377915730308699
0.09411782289539224,0.14384395448024076,0.03913167160592023,0.1465361515628956,0.11547549546161573,0.044514770272989806,0.16628082093825494,0.12591849277260184,0.12418082001008877
0.04678597211290755,0.1305829434563842,0.07935898720057771,0.12494869412655392,0.08800472930483887,0.2593466557112441,0.07668308487857105,0.09405085932521733,0.1002380738837053
0.15977269558097193,0.10476868553415974,0.08268661149646571,0.16152393306149368,0.06852806105330451,0.034725292228960904,0.12141642208038157,0.1361880445905298,0.13039025437373225
0.09580767214868202,0.13093241073960735,0.0771180819777315,0.12237606766156188,0.07780259362740309,0.051601216059703546,0.2063406109660677,0.1348761312584621,0.10314521556078093
0.04644202539400658,0.11819942117228859,0.0436732249632813,0.12461796025942591,0.0660543426281796,0.2694652814505633,0.10045401946405631,0.11016295205967276,0.12093077260852557
0.0814288306787904,0.08726362120183732,0.2554442117440932,0.07263422484776345,0.05573653569401535,0.17048699715813675,0.0727033683391483,0.09530989513695214,0.1089923151992631
0.0786928670729354,0.08234991146393794,0.14707759042811375,0.07499455331946948,0.05579232194644471,0.20858002515351126,0.11323893767019451,0.11089634890129384,0.12837744404409912
0.06192158287178804,0.12020139386858238,0.06582504985323227,0.1292634164128198,0.07237390302415835,0.2549193601411837,0.08154059506360388,0.11278767946051076,0.1011670193041208
0.09022410450882662,0.11291225871922117,0.10279322473197239,0.1836146368872796,0.038744714391815205,0.13560801646219023,0.11880968814775861,0.09730229835742199,0.11999105779351416
0.07181587528632848,0.1145138592929938,0.17568112061465482,0.09628653418938497,0.1519716934995388,0.038390049630889655,0.13927139798280733,0.09143682005690539,0.12063264944649683
0.07047097703355007,0.10343930653273638,0.21290362762437734,0.10856833845833284,0.14885197691474716,0.010052484127363209,0.13450455583507404,0.10764641815139192,0.10356231532242688
0.10043853988279032,0.11247740649307393,0.06107948646526538,0.09198311424885891,0.18819013677824925,0.0768086360659515,0.08573583734569072,0.11423918014409427,0.16904766257602574
0.07589417479268522,0.12411937272623182,0.03813582686256655,0.18132607058389483,0.1296737637369431,0.056259884289720924,0.0902754358300829,0.1393804251185251,0.16493504605934958
0.05771296659955157,0.08630208442691535,0.11980503290833189,0.11588980845587275,0.0884486789975532,0.24591556455141336,0.06342577306089768,0.11499424109926361,0.10750584990020061
0.09283511682737923,0.1455122714787498,0.07071447036083517,0.17920037177356063,0.08912172720330626,0.09759180860518994,0.11980114487985889,0.12009331306121267,0.08512977580990742
0.11162671348806585,0.11102903062939525,0.09033959610469634,0.15351796414846808,0.04968008198596488,0.07875424275758912,0.11152699493783542,0.1370489539896893,0.1564764219582957
0.1576795092650161,0.09898584001811778,0.13790891104075897,0.06615973706254367,0.1689559269848736,0.05814520804523832,0.12798980314634065,0.0926836688227257,0.09149139561438518
0.18714340033329369,0.16301146979283365,0.11688984012602532,0.1385273110709321,0.05152343681644774,0.03205759436401299,0.1048416613771536,0.09570527946741532,0.11030000665188548
0.04781928611727972,0.09426341185277243,0.024234443922237798,0.11663666339313312,0.06886952956754454,0.35196197089737874,0.09322008845301666,0.1037662618055718,0.09922834399106513
0.1414607577997584,0.13264796298094347,0.1565081094539957,0.10076105612868802,0.04021354286562393,0.021669074267107985,0.1854117527363619,0.11451338716604609,0.10681435660147459
0.03730370266276255,0.13271261133195508,0.19177781685426684,0.14091273640512406,0.07901073077296616,0.10906905009791464,0.10252194516302142,0.10439693904545312,0.10229446766653612
0.12135361849841457,0.12826282901567165,0.05459836149611347,0.11711702654015375,0.047394466935226504,0.12334053839254881,0.10876994938762424,0.14459218105760105,0.15457102867664593
0.06805005873301471,0.08978024745638363,0.09859695053170796,0.07969016718564043,0.12785508688182706,0.24518497962349953,0.10424177675668467,0.11571490179368898,0.07088583103755303
0.10601481523421151,0.08761928525379443,0.2662766257582794,0.12000652607996538,0.05967457680508004,0.033862784794754505,0.07906525524465541,0.11275191444251718,0.13472821638674218
0.11208204154644401,0.11337525886999962,0.04582450415360372,0.23275820535637745,0.06353882100092821,0.029605995824647912,0.11784186568102233,0.1388676017383704,0.1461057058286063
0.07085609004149422,0.1415347154289647,0.04699052407692734,0.1480852074392876,0.1550264552781541,0.10423441474337584,0.11325781633150585,0.09324552703874024,0.1267692496215501
0.05666902388764567,0.136317926353234,0.11855049172570374,0.13787166297110987,0.05537173384401356,0.10589539626651,0.14358681280159247,0.0943348367128729,0.15140211543731777
0.10867098024066708,0.14605688502906547,0.0548362192279217,0.1567558567963345,0.07852043377227015,0.1562562947575213,0.06956785855545798,0.1195145477607207,0.10982092386004115
0.06500279110632644,0.1217049099749858,0.04425528273293774,0.13180028213403797,0.10553264839745669,0.19556964804806856,0.08071409642850887,0.13124910814105176,0.12417123303662618
0.163614167791727,0.12637443029505568,0.03893088821171393,0.08147491736119916,0.14641789287710402,0.1531656866490718,0.0800161318604856,0.09536775573823057,0.11463812921541226
0.12297626775662969,0.11415213689815484,0.04849431133645212,0.09331314925692874,0.07235295063123971,0.1644155986748744,0.16302971251746864,0.11669377932901247,0.10457209359923936
0.1028276464579937,0.11767879887060419,0.024537573795311556,0.09328264447632877,0.11940372386060712,0.12723157394534848,0.17932011378834486,0.11996127379285915,0.1157566510126022
0.09898533032318102,0.09274933547613923,0.02767402655310608,0.11967512862380547,0.06585102294024049,0.26703389537525896,0.10316238079603164,0.1229026839041888,0.1019661960080483
0.34286577540887614,0.08922269758439681,0.02655723686917443,0.0793852534622322,0.07245910583112304,0.11600920788507176,0.05691678654474872,0.11808411436077193,0.09849982205360493
0.06752164068340116,0.12560681814439292,0.25193405556864623,0.08189368167878486,0.07117034186864707,0.026225167140699363,0.18197806299197639,0.08458689311445595,0.10908333880899614
0.058871411607302304,0.12321295070103382,0.11208009209121324,0.1778171652285949,0.0636572503925671,0.05468058162851599,0.14906810844589027,0.1253414899791068,0.1352709499257756
0.14134679128929512,0.11113081993373959,0.06904127188738596,0.07650328947855123,0.13693247329359057,0.03947856438705807,0.18661790375742257,0.11767926925777368,0.12126961671518327
0.08921544338569243,0.11730744779205195,0.04447116114406515,0.1434537947492338,0.10296699969358436,0.02787008502582437,0.1862166825702066,0.15290859661184864,0.13558978902749258
0.08055043723920809,0.10839673815100327,0.06251109998519976,0.15956077449378245,0.07208593410532003,0.10063161753281229,0.11262247278925049,0.13491706517791704,0.16872386052550667
0.10230668294279015,0.15858743910290393,0.14942541019922542,0.23249736328852735,0.054325969658006325,0.03674037724095583,0.0803628871458667,0.11091996017404182,0.07483391024768254
0.09430456498365097,0.13992897458148196,0.04179951355376226,0.13281741584892529,0.08169469274317777,0.10459981264289364,0.16863389651626695,0.1191533414747573,0.11706778765508381
0.06773200723028851,0.11764480013996997,0.06258051553316495,0.1296277319169348,0.16494874374094312,0.16746417168673053,0.1018930979112062,0.10300675767222471,0.08510217416853726
0.13632541230304016,0.10212516006694183,0.1612809920302105,0.129203212340926,0.07770824516536574,0.02430368880980921,0.1297392684283137,0.11755565623701582,0.12175836461837695
0.11675120323370643,0.09569862362196917,0.07744530322976269,0.11122578457438602,0.06271859032542233,0.185476903995442,0.10265186224598978,0.13808580993971714,0.10994591883360443
0.15133919492853956,0.13221874607853362,0.06035733988025365,0.11631719952742826,0.05054496466010683,0.1359101712945573,0.1275483446496393,0.09972670505859273,0.12603733392234875
0.13554441656799968,0.12010420753371216,0.04213242353749016,0.18190297111699227,0.06761427299292848,0.11182472734820414,0.10273736285663115,0.11270864703539914,0.12543097101064293
0.07891557487843713,0.08898777925819794,0.20041700854208688,0.14157595769957718,0.03885174018594691,0.11564438167847994,0.12396679321945792,0.11224607744781086,0.09939468709000525
0.0523078468042979,0.10084199475300071,0.02761226439424883,0.13056553525602924,0.05802082874077594,0.379161211134911,0.05388323189079012,0.09405029798916635,0.1035567890367799
0.09127026194461674,0.10928163137796736,0.03509409421301271,0.10170816501287117,0.10765867339401376,0.21759098794804002,0.1106441317792055,0.12272606244752256,0.10402599188275023
0.10228022104105368,0.10890618530390124,0.05869449788499179,0.07362165378034506,0.20639906306851644,0.16809900030394956,0.09756436801447292,0.0981914641345527,0.0862435464682166
0.09676593926228501,0.1094067114878627,0.09609296234167013,0.12175149047129837,0.08301346634837385,0.15144604905003936,0.1084972006384115,0.10389832668336614,0.12912785371669294
0.09203692345545904,0.1323732665837764,0.08305767813482733,0.1059040225505787,0.14401221292784122,0.12317516307363752,0.09519405056864093,0.12139122591548074,0.10285545678975805
0.150531780342577,0.10400878649877748,0.02259221580908206,0.15397812920742124,0.06473450630242268,0.16248963013010395,0.12575029420970366,0.10783895377629947,0.10807570372361242
0.04865640250866415,0.11998673787529661,0.22480993782988754,0.15059029402154878,0.04758042429147263,0.07348730330467097,0.16414538205748555,0.09702349214986818,0.07372002596110555
0.11572146704926449,0.10338375411217564,0.021534282244120115,0.12263353438163406,0.06695922117580687,0.05620041579818591,0.2817296165693909,0.14045752071424658,0.0913801879551755
0.10715014367748919,0.1107185366763654,0.07870622149528254,0.12944996871881034,0.09634127497612743,0.07100216347515087,0.11970746283627731,0.15495626325539907,0.13196796488909782
0.07984391252341096,0.12276989103489255,0.05531102947908103,0.10198651036351936,0.0725887825502091,0.18986616196089579,0.1371491077821134,0.10630976815201999,0.13417483615385783
0.10163974995864651,0.10808881333114789,0.048656051173124944,0.12100466222552464,0.15036044661167244,0.04069627380542723,0.15938839756783477,0.12468377093375267,0.14548183439286888
0.0829760582877302,0.14620598000656015,0.02240122928950508,0.15584328205666312,0.11828345852761152,0.11214532652221398,0.14939659832473384,0.09172701986762961,0.12102104711735244
0.12500702253462206,0.11944932329189435,0.0914826995660543,0.08801159851846563,0.08487246816626355,0.09304359213585894,0.1595580767534667,0.10480701574334488,0.1337682032900296
0.16386067466438506,0.11219685800486741,0.13428245151072146,0.07642915783217093,0.11023277678445,0.04141684031700652,0.10227135208151632,0.1351168094205216,0.12419307938436064
0.15685046649752055,0.13219695733483935,0.051195682022763006,0.12758847068726087,0.05183636749881962,0.08662647388743354,0.0889551367847831,0.10931800976771368,0.19543243551886635
0.09844383006377207,0.12104924166433328,0.05800424011479997,0.09917982263585018,0.107408005406651,0.04845027787361622,0.18413765480704955,0.12730880984694207,0.15601811758698567
0.10919723908811113,0.17715724656074713,0.15927324093278158,0.12581918672122608,0.08852980899780745,0.03793017094205097,0.09503229733173768,0.09111590019473177,0.11594490923080615
0.11227518334930475,0.09298821594718443,0.05995410440438729,0.06842631068189554,0.1015006061547951,0.30123262803079054,0.07028645518252541,0.09935773998856046,0.09397875626055648
0.09859998018544702,0.11982012206118352,0.048944346392289395,0.10006418437616744,0.1051779186291079,0.12393970681832185,0.15445391854883528,0.1176880782939206,0.13131174469472698
0.06626598201309532,0.13536597892515825,0.08825513825226124,0.15237138329338004,0.05251161764917097,0.14028645241089785,0.13416990461260928,0.11982484693949812,0.11094869590392897
0.051055391158744336,0.10713258186329173,0.030506097946860374,0.12583406216202314,0.07216824066533785,0.24825809458200362,0.15847597654633885,0.11033995001792689,0.09622960505747326
0.21598330106921895,0.12449404628238998,0.033355415988973534,0.11932215915129858,0.12573302891412358,0.10316915452379198,0.057047698984062256,0.1012667335761006,0.11962846151004047
0.11430433989008082,0.12281920117618346,0.024553567147554644,0.1223297734937668,0.177829454880025,0.09965335870055021,0.06524927236063544,0.1367405477589147,0.13652048459228897
0.04829647417850311,0.13609720946610662,0.16634252096141922,0.1019957102604574,0.13276135013025303,0.031715188246698986,0.1655213979428812,0.10050130052768641,0.11676884828599406
0.05045875638685205,0.13723079967374857,0.0428506886977251,0.11304465581464514,0.0913547309750104,0.32774029142472494,0.06400195954271082,0.08894737311992836,0.08437074436465465
0.07493906456613288,0.12443121391990748,0.03519599365755954,0.16029503057310227,0.10065165139971989,0.12013004745154472,0.11020889594810968,0.131422855944097,0.14272524653982657
0.0727327983875306,0.08579089688783022,0.09833487727771024,0.10454140658666301,0.058279148723632046,0.19437893450911062,0.17564149320624475,0.12416478627708133,0.08613565814419717
0.07032882539218231,0.12324736806273606,0.03685631296310709,0.11878780787428826,0.08525250611838446,0.2240636300034078,0.08808450567530464,0.11887542102473404,0.1345036228858554
0.12866832817113769,0.10965156401179994,0.023587054374923897,0.13832683808948812,0.05659665577259889,0.28661654153863925,0.05745580680973853,0.08955458567450643,0.10954262555716719
