0.12866051416154003,0.11044359814494599,0.07884290670918281,0.11655889101969923,0.13449767168159124,0.12969512030249575,0.029691809026921537,0.1474108361020207,0.12419865285160264
0.1335605216298376,0.11731669566969677,0.086742454230063,0.07069547712764045,0.13519307696171326,0.13369437407848087,0.058746582559671356,0.1276898651722162,0.13636095257068057
0.05441023290045729,0.11447995714254271,0.22163747518597265,0.019952129033429286,0.10021309429321879,0.1218421756438292,0.1410533522916575,0.09292838177340179,0.1334832017354908
0.11911643667288374,0.11911690416043352,0.055410560601000726,0.1490404936770395,0.14136580198391638,0.12179347660853597,0.04212125423700689,0.13088163949328172,0.1211534325659015
0.07748314006146063,0.12244541702687971,0.07632562771731698,0.07162989090576292,0.07607515696378746,0.14145326504648972,0.18623433018521582,0.11070899206630878,0.13764418002677806
0.06559184563576936,0.12717568913466656,0.11545091387865987,0.05799079988138769,0.131220125154626,0.12589269279274362,0.11239607244036025,0.11255915280229328,0.15172270827949338
0.10821834709885385,0.13585510663389103,0.1105451505774616,0.04143358458892852,0.15577880596721042,0.13393233862853773,0.04969119888658511,0.12463157096973902,0.13991389664879275
0.08259623217543981,0.1321738254101417,0.09369847559925266,0.17689894429425315,0.1308298793257835,0.11654079637055799,0.04872846505276913,0.1030796545913794,0.11545372718042259
0.23573879929972985,0.07225147348055834,0.04713522059055294,0.25036479260457334,0.11406875100606112,0.08688851483875126,0.029842845766096946,0.09904139111306524,0.06466821130061097
0.053938271689196626,0.07827342711106211,0.008383336555091093,0.03470477025954073,0.054192247457080144,0.07677534098867743,0.542995854267843,0.0900556148916646,0.0606811367798443
0.13001322917770375,0.1205243557041551,0.10185386852121446,0.09102272751257236,0.1405428894837641,0.11569484799075314,0.019520902603136006,0.14753089199132233,0.13329628701537874
0.12988862498811546,0.11539751052932312,0.11088244257667701,0.18389773142564095,0.12463845601484037,0.10243282299090402,0.021350552765235193,0.11111450080851303,0.10039735790075079
0.08914974062853238,0.12211895679987032,0.05743223871543507,0.17706334787581354,0.11451699640779901,0.11257639000204007,0.11684135455710655,0.1209410704950424,0.08935990451836066
0.1113670729539104,0.11696042551112366,0.031360882732150826,0.2591734143279325,0.11771785494789551,0.10962662861147814,0.0455817661800787,0.11224230694561392,0.0959696477898163
0.1345097408005991,0.11311626015208547,0.06600479627675802,0.2120517293167188,0.1257164932371505,0.09808289612839044,0.05833501658087862,0.11539048295726662,0.07679258455015252
0.05918923201751499,0.12630030124480848,0.07348680063819507,0.25877958839992005,0.12464970798617257,0.10133255160914519,0.037720409396556784,0.10581744406645999,0.11272396464122662
0.09696097940735131,0.10469465359457915,0.176051583368334,0.07768946261539013,0.10756433530915256,0.12792615837369736,0.08311656793340504,0.1014124594256474,0.12458379997244305
0.10717614048117646,0.11188532181646675,0.1763253242864403,0.05357141018905524,0.13432426805311729,0.1352349861531651,0.04486139792058272,0.1142278346931412,0.1223933164068549
0.07634472605964845,0.12806736969469587,0.09412180392900064,0.18798789822075257,0.12445895278785916,0.10763028068717974,0.02679331809018359,0.13284521649473272,0.12175043403594717
0.09175645081425003,0.10182141956342135,0.06706433800846448,0.24920531987974903,0.10781904843948788,0.11095432735247461,0.058463149219153576,0.11235594177042503,0.10056000495257399
0.05562796697172959,0.1046412293824916,0.019819246470548033,0.2807711346318949,0.10662607359526771,0.09457723063412282,0.16081605243793567,0.09449318835103225,0.0826278775249774
0.15463968799391672,0.1108263228323504,0.1721558985081685,0.03799028349793433,0.08401530348468138,0.1368561639424409,0.07268800644207353,0.10946993242579345,0.12135840087264071
0.09513583663284901,0.12331997999407296,0.06574011836580977,0.1340696570791927,0.14082015299106207,0.12112393670703876,0.03105434837213436,0.13493387767009232,0.15380209218774807
0.08665473402113903,0.12108591196646422,0.06305934908712811,0.1555339014617754,0.10216516320013673,0.11486201493937709,0.164444318689682,0.09689286390481082,0.0953017427294866
0.019068340943972563,0.0662474935889467,0.00543975639262687,0.21735883666137382,0.03148393987594786,0.0547572957341208,0.4690758912453696,0.0857535253225718,0.050814920235070005
0.11238999747611834,0.11417532745632836,0.11117439105076991,0.08317821075787986,0.15010698761024358,0.12319964552949057,0.037348291649388715,0.10757884361929416,0.16084830485048637
0.11355398169885805,0.10543661554686523,0.02556219325277319,0.3251829875050622,0.10824060365678445,0.09621562405704266,0.024583173747067973,0.1128411028225846,0.08838371771296168
0.08317547359716433,0.11625925319015624,0.03808785530455825,0.3068528485751188,0.09919989517599499,0.10092144653386094,0.07704971658356345,0.0744528780317345,0.10400063300784845
0.07778537108434684,0.114322730723988,0.07983392975275357,0.06548225697220517,0.11388826167291526,0.13996799544373217,0.16826874123286004,0.12798368919200487,0.11246702392519418
0.14760121549973665,0.12093870032631271,0.04484989513286299,0.16056926990755457,0.1362950905914754,0.11612913987048114,0.03240257655669307,0.11867316971381876,0.12254094240106478
0.07732463069828723,0.10554058989626496,0.23199862802855242,0.05527416928694257,0.10019873004376266,0.0827118074133943,0.16429263086021817,0.11963707563081812,0.06302173814175956
0.08698788202929426,0.10805359618380923,0.044413520184760406,0.20954920743291108,0.13663910633549017,0.12436227269680317,0.041317893432456586,0.12113921549287388,0.12753730621160117
0.07936147750630469,0.1041080070417295,0.08669014566908213,0.22408345521220185,0.11708171492676615,0.08063018340127162,0.1554024817055462,0.06789157065444947,0.08475096388264836
0.0683120013517292,0.1455440895038409,0.14625770626476353,0.05455396783832824,0.14501236636997455,0.12236954629382923,0.05059556452354979,0.1328552693653163,0.13449948848866825
0.12418297193911243,0.12974445160001993,0.04594640983098099,0.06920470971452235,0.14666365632243258,0.13196990699749375,0.10461915816460621,0.10445789550004364,0.1432108399307881
0.18061351363026032,0.11666585288229873,0.0602587872164112,0.11183478677536089,0.13353342859528025,0.12185336784710758,0.034035562214644995,0.11097855441458877,0.13022614642404726
0.19810436916336613,0.11317128725377142,0.03578875024957509,0.05089474444696016,0.1366012836710189,0.13379387980129923,0.08684986111205256,0.0954430832730181,0.14935274102893834
0.038480758846226475,0.0764809215619266,0.019557486022234335,0.017461123087475914,0.058303020515122206,0.07752635194435625,0.567676264482107,0.08755391139297507,0.056960162147576175
0.06811259957974333,0.11392132709972817,0.025743807990847623,0.15036317504818283,0.1461306347983966,0.1370416512691054,0.0985845063320005,0.13914579650389666,0.12095650137809881
0.07535320723374855,0.13295387951647875,0.0803662465803869,0.0754045001016206,0.15519462400634684,0.13703489772221092,0.03753901337423194,0.1447956139622961,0.16135801750267936
0.06568158724084,0.12845319157168936,0.10851502654063526,0.16519510281280494,0.13687715907452638,0.11425545619236366,0.028539274363662187,0.1186686514715425,0.13381455073193574
0.08046885746707692,0.13317431182034226,0.08753018162372816,0.13828266058872662,0.13426827839072508,0.12684913596057254,0.05893906990500116,0.1132656875323698,0.1272218167114574
0.08618821462577318,0.11998149975760426,0.11316175682461009,0.13595896721679213,0.11782440703225659,0.12711156458869538,0.03845042835052281,0.13937486623060877,0.1219482953731369
0.13305332111602775,0.1146404053493778,0.11258794478498531,0.08181484613883115,0.15314584053259814,0.1275332544648251,0.03582259976043594,0.1196741866335846,0.12172760121933417
0.09177642911754647,0.10179112661079981,0.20048008352554691,0.026430553396946194,0.10789173947915877,0.13633555007845033,0.1083706994833235,0.1146614824120667,0.1122623358961614
0.1277125807343985,0.13223510328176383,0.07627327404285082,0.10174484604863154,0.13373442220873633,0.1287687719086832,0.03997772208789481,0.12168827011139376,0.13786500957564726
0.10669272149582738,0.12638168675872138,0.03032521794219009,0.19468083386870882,0.12559173173819885,0.11876958892325261,0.04192238791499361,0.11029712093918322,0.145338710418924
0.17845941671261686,0.1079975432927978,0.09511137238288003,0.0818803554783953,0.12210979939807669,0.12673181898676927,0.03700454292807025,0.12607821320217857,0.12462693761821526
0.1150774545291907,0.12593011939709733,0.09250805382677678,0.10838492679700451,0.11673803108899944,0.13524557727695255,0.04548050973280599,0.12300581910311807,0.1376295082480546
0.11652685374650651,0.1454878448772433,0.05561591583284883,0.09161740477734814,0.13278378940474897,0.14576685150867955,0.05127096623823114,0.13348302311776686,0.12744735049662678
0.16990198507495902,0.10831558460310527,0.041342061313137675,0.08308168894422763,0.1315132855304427,0.12241814238532146,0.08453719890118251,0.1072264450922622,0.1516636081553616
0.05226833145693558,0.07077901538479975,0.011043736838961727,0.14772173802724078,0.048045982579241864,0.06707009507598982,0.490028385327349,0.062281711122268685,0.050761004187212744
0.12768730525934194,0.10677118327412703,0.11923505747183168,0.1722342979784809,0.12316943896331208,0.11087065076394746,0.023743631897640522,0.1119967447745211,0.10429168961679726
0.12096339845809194,0.11385216020686983,0.11254271950098065,0.17045276869619863,0.12398196643629693,0.106621700318068,0.022122857613165847,0.12578955920447757,0.10367286956585058
0.04894009879253345,0.1075570623544564,0.03180010403879053,0.03429370520508288,0.11057382389930147,0.1580391933373808,0.2326738476525784,0.11775299905312332,0.15836916566675263
0.14936559709694067,0.0971580898675612,0.17815633419141086,0.07272374343571514,0.13276356860509575,0.10997950563692777,0.016613605937416405,0.129286487602619,0.11395306762631312
0.1345310119515497,0.12174880987070279,0.06827987160080655,0.1010993050666058,0.16053461681696712,0.12482439537761932,0.02910625943121592,0.11212508536908367,0.14775064451544914
0.06344545515550289,0.10568442879733254,0.146361159287565,0.04505501906216889,0.10291229892445991,0.1008269645384624,0.25894027924921376,0.08852442428904495,0.08824997069624968
0.12300013290378593,0.13217715056564858,0.10664948451232799,0.0866574392102441,0.13114652653476097,0.12630066910920582,0.0235952305970317,0.12901059398840894,0.1414627725785859
0.14889905185658647,0.10959531799147076,0.0599620444501874,0.13055637911628293,0.12780577203255317,0.133424880394166,0.03039797969545004,0.13731155079996268,0.12204702366334048
0.09951429983501557,0.13117963134722507,0.05466294506195348,0.20632959176753607,0.1294505707283247,0.11079090283229405,0.030122397611862417,0.11504655339126317,0.12290310742452555
0.08878197187865144,0.13134243144302823,0.1011723807381955,0.04257551358929872,0.1340667743913264,0.13215261777693346,0.13827766638409747,0.12984797539581275,0.10178266840265604
0.08832101003598748,0.0985928198439953,0.1946204115904473,0.032253215410489706,0.08639612270702562,0.12277993227636765,0.1908737864432378,0.09800907419230726,0.08815362750014187
0.09490545225979467,0.11151055334319467,0.018158769884725447,0.14788205402599938,0.11049046458005929,0.13910670055940905,0.10333580759382079,0.08858887032737355,0.18602132742562325
0.047802870975690415,0.10284012818646172,0.017338045632695837,0.022900746054267923,0.08350832203486587,0.12669466518885977,0.4122548380495064,0.08376644117100664,0.10289394270664522
0.05807219836204349,0.0996704208841983,0.2525830233662694,0.013664230397311038,0.09340088526116337,0.13471339527834802,0.11261290876878331,0.10794517735341276,0.12733776032847033
0.100067440101809,0.09042034323863164,0.0421485222710322,0.3552540683508303,0.10834788345351389,0.09241222556350702,0.019562879669561602,0.1179384996985569,0.07384813765255742
0.18224461365373198,0.10713728089171325,0.10587299821060973,0.0655908909050818,0.1293572758960824,0.13083862055894532,0.042223917388315185,0.11308977238909752,0.1236446301064229
0.12356215983984144,0.12755413300106086,0.05235799538430245,0.14646301419473992,0.14011205449983102,0.12529723330321876,0.028197196011506998,0.11366267598302209,0.14279353778247647
0.1318221367162691,0.12621483437237938,0.0711200888095151,0.09177399514065306,0.14186432954766173,0.12563418100455656,0.027656007848194452,0.14057334477667796,0.1433410817840927
0.11209613348389265,0.12737717465940643,0.053831441898938626,0.13432537067144407,0.1425364894603773,0.12338478637719759,0.05794686526127005,0.13246985482864634,0.11603188335882697
0.1411763097110614,0.11549111079400796,0.10245607914955353,0.072424941808945,0.12670355185929552,0.13816275676488957,0.03852207677142251,0.12666138975902477,0.1384017833817998
0.1027566625354055,0.13589167538258023,0.12109271178215379,0.1143823327313414,0.10732558171089379,0.12393659651736018,0.06477386452934172,0.0956768742521677,0.1341637005587557
0.02396092810001608,0.07201049914021283,0.006128420739959908,0.2210540777676581,0.042972860178985516,0.06198586589087213,0.45206001275445606,0.06891788469342502,0.05090945073441431
0.06281340979312731,0.09510342871652765,0.07051431810402174,0.08323464458084777,0.10511299736242956,0.09362061470947065,0.31285005310875746,0.11245330773762281,0.06429722588719512
0.12705148735426333,0.08927656808476936,0.1559489524971683,0.08643863910227732,0.07430743988830259,0.1133178582378781,0.1716028030956526,0.09842851190044992,0.0836277398392384
0.1370303303251222,0.09685145612852071,0.24363246852349543,0.038576184597999726,0.11602229696732125,0.11098134094777741,0.05606064735484173,0.1100717770113568,0.09077349814356471
0.06706050856016842,0.05835119017126611,0.010328911422661615,0.17271020760744715,0.03900705654613934,0.057781325965370646,0.4700276124981339,0.08313823488151605,0.04159495234729671
0.11292029776927992,0.10263982440090862,0.024812812929791622,0.2724874156540488,0.12874626554450544,0.11250079074289891,0.033115821068533564,0.12490283931014194,0.08787393257989112
0.06084060860144891,0.0926219186535256,0.05858800799794179,0.09414530730166258,0.07726425532231113,0.08789794576494155,0.3759459467306754,0.08285439338003844,0.06984161624745458
0.08948643105175043,0.07484771065108016,0.031067620257776343,0.43114444416702463,0.07328049195899505,0.08250925734845217,0.06960895542754302,0.09773629419991949,0.05031879493745873
0.10499411145001315,0.07423261708590378,0.026054957943962894,0.34870189681810704,0.059003474910788584,0.0851600130926541,0.16597569469938286,0.07995061911886274,0.05592661488032491
0.1351559194279367,0.11487999706583402,0.042975623241421713,0.0871067659050075,0.12914844353771032,0.14049629595497615,0.06729933207390747,0.13437349019388653,0.14856413259931947
0.2164215978998921,0.08532588029246639,0.157989626902809,0.016318547370935427,0.13757960892730747,0.10945830052726074,0.08572483166973809,0.1195221037398732,0.0716595026697176
0.12410061624434494,0.1341401374251839,0.05799932468605606,0.10248881623958755,0.13941581588580534,0.12867804202202016,0.04520776178165525,0.12442041155086847,0.14354907416447843
0.11257742121772873,0.11899653332530781,0.1061383937664288,0.18737969470465318,0.12574890960751609,0.10846640790693857,0.023171567002728297,0.12287457589621835,0.09464649657248013
0.13717461877842171,0.11315322477855623,0.03141870593110566,0.1961584915417894,0.12461088850997908,0.11896536317964457,0.0359191007209656,0.13043213591921135,0.11216747064032644
0.06332911712134663,0.11714430718182961,0.06861573846895247,0.060690557993577754,0.1474400871014619,0.14944019402527772,0.1623983354274732,0.1212676115955435,0.10967405108453716
0.13585763780664348,0.11940796160544304,0.04365816539235017,0.16533363528803183,0.14473711975499365,0.11889541165882116,0.02643107131666561,0.10779534580426531,0.13788365137278566
0.11152710153453753,0.1216261190177617,0.027543834222544628,0.04971389816915631,0.1450082056733748,0.15269012069090981,0.1415749162342476,0.12496752820301926,0.12534827625444836
0.07242584922392162,0.15441254660278184,0.08950536350424387,0.06656409507246976,0.107612321432768,0.1367242840684558,0.07662767682037659,0.11401560375580451,0.182112259519178
0.09974760294508145,0.1307996908981427,0.09578065169325262,0.07713538334672017,0.1013734536152927,0.13726988432407372,0.09666824041619798,0.11901184496754864,0.14221324779369002
0.0775965834921166,0.12964362537054472,0.0949282518644191,0.13465995255301752,0.11799212377376041,0.12790415348795678,0.07517596356464107,0.12820965710349838,0.11388968879004548
0.10425642742735575,0.12366912241574383,0.10383779508234503,0.1408970116897109,0.1016874833459918,0.13113070490804676,0.05924583578238718,0.1052903874528461,0.12998523189557268
0.11853054828398472,0.11826751555623716,0.09549477411345574,0.0964021039030847,0.13516279340841567,0.13225463214960084,0.05043095260470886,0.14891030237112124,0.10454637760939112
0.09396569460866551,0.15494118001641297,0.08890916574630041,0.06744451186646269,0.14458119023092866,0.13770232844402056,0.03450612706833233,0.12710593216995028,0.15084386984892661
0.14253383558607952,0.0832465202124954,0.18976776754303684,0.015021972375580209,0.11808139002779704,0.1040019225712861,0.1710869231352173,0.09827491470211386,0.07798475384639375
0.06675752669432176,0.1254749370834087,0.2666030864453705,0.02062917106172614,0.11117906039699572,0.10892681153035759,0.0967071005433665,0.09913250089659777,0.10458980534785538
0.03751929104841294,0.10781945852952612,0.2894281483208068,0.08104708247486002,0.11535749060020273,0.09862128932593461,0.02001851230223858,0.11098934066410575,0.13919938673391244
0.13493554204000066,0.11925256683594491,0.0541435844429956,0.15064655803989688,0.14459448290677135,0.11627786599307847,0.018227463851721748,0.12392694473334676,0.1379949911562436
0.07033408147124848,0.14131645872949813,0.06337715707909,0.11115211466384069,0.11157456196402044,0.13689309628830196,0.11684969048124157,0.12081739181109852,0.12768544751166033
0.07515304877769634,0.1400594037432484,0.046747962692556426,0.09815484426826133,0.13882741404655155,0.14722908088664988,0.07066408971151998,0.12343048852063288,0.15973366735288322
0.07674844845149131,0.11312588992277384,0.06059236547113552,0.045850805988071036,0.11331943429099346,0.13435678973114099,0.2265104393421601,0.10024860387723733,0.12924722292499646
0.09603113042286342,0.1127119549436653,0.15150892690562232,0.05845866471728101,0.1446512295969116,0.12232800992455878,0.08956691366697972,0.12657920033899264,0.09816396948312518
0.14102548004832297,0.08302558110602032,0.03850947897552696,0.23075650999843414,0.10193008887831141,0.10627647084853464,0.1255156919197201,0.09435596178473328,0.07860473644039616
0.14541809820506812,0.09800855150504567,0.12796469614996833,0.0805446279457515,0.11677185600690866,0.13041228014743123,0.046718008480108576,0.1339742629139069,0.12018761864581107
0.07958229059111945,0.10342793881193883,0.04086199634710371,0.3274678348963121,0.11363474713011235,0.1036376898054215,0.035745909931276014,0.11872269177148005,0.07691890071523587
0.12745417434245307,0.11660874941242777,0.03404172048436747,0.21120018341425642,0.1251500950133445,0.11270243797093693,0.07036825028060603,0.10324457406208405,0.0992298150195237
0.09834552646105588,0.13228654736283332,0.09338493495157331,0.06085335272384997,0.13889965890009684,0.1360122135588617,0.06280274524649797,0.11298219793234088,0.1644328228628902
0.09387327269943783,0.12156123438597888,0.037050162469307917,0.279644376049318,0.09933835473449333,0.1041696594478984,0.0850686175901474,0.09731692360873745,0.08197739901468076
0.10821834709885385,0.13585510663389103,0.1105451505774616,0.04143358458892852,0.15577880596721042,0.13393233862853773,0.04969119888658511,0.12463157096973902,0.13991389664879275
0.09020478485471307,0.12732556763719965,0.10570527695195964,0.05575461812605179,0.14835400501963314,0.14379368386763974,0.05622930813097854,0.1398604387202344,0.13277231669158998
0.11510228601861695,0.10969997784655423,0.042307183111425416,0.28360411186356926,0.11858749975845424,0.10312236090954226,0.02139934831498139,0.1195280637803009,0.08664916839655527
0.1276221701890021,0.10663047131696198,0.017069809901462143,0.259426812864245,0.11228829716268263,0.11716715927275927,0.03639797402881829,0.11277171426196042,0.11062559100210821
0.15933651693927098,0.12183789311389204,0.051809719069147,0.16060129416205537,0.1383772833563439,0.11501754847651786,0.03414562476153522,0.12021252391841235,0.09866159620282533
0.1342329005174182,0.11457336327911656,0.11262416660909491,0.022262917167973028,0.12959269102446377,0.14329307326509266,0.0734116604425002,0.10271031341339713,0.16729891428094357
0.09277081267712661,0.11201580528746424,0.056605900981233415,0.3510415522661239,0.09482545270193259,0.08455788899151284,0.042074017414627185,0.0940152867946812,0.0720932828852981
0.09527388632402334,0.08175658973195339,0.06184558716775821,0.3730300161159475,0.08329627670341305,0.07800117978070761,0.05921494315756875,0.09892664752506157,0.06865487349356655
0.12628889878080385,0.1315705165364273,0.17382025387267408,0.05101290545869857,0.10645567205872915,0.11460261536155124,0.0714620733829827,0.09748508479561885,0.12730197975251423
0.08207241919271592,0.133708159597436,0.06422923955305038,0.09167482858312632,0.12452697053402356,0.14721151494569748,0.09010829460940817,0.11202273543448865,0.15444583755005345
0.19758018865919694,0.08707799891453234,0.04191777089388391,0.16842562469893854,0.12609947874564628,0.11313421198099201,0.06338653641528709,0.13201564809673594,0.0703625415947869
0.0898624526075004,0.08810108978200785,0.0416815116121044,0.14008978851698226,0.09119328306254249,0.1272529041460857,0.2383807707078949,0.10000777383764566,0.08343042572723632
0.1597716978296008,0.1261773674128501,0.09989763171376227,0.12974559639778127,0.11778890735732446,0.11031198703750944,0.03816060879240499,0.0998110968113493,0.11833510664741735
0.15365880403352086,0.08516509212928973,0.24228245416167604,0.04888077530003254,0.1034399145419988,0.1155095308167683,0.051796453711303626,0.1021594859620711,0.09710748934333897
0.07394147180164597,0.12522181514709016,0.14391925941206438,0.05003176708467769,0.11491185179366697,0.13522082836604568,0.10318870618013225,0.12587522914001562,0.1276890710746614
0.1543912630615397,0.10655930263356224,0.10715317387371377,0.10569666603689999,0.12698055824865412,0.11712166046898169,0.05811788170293153,0.11843060670744542,0.10554888726627153
0.15583916256073438,0.09510410948416091,0.019864385450670402,0.28941303650993344,0.09945391238333307,0.10110381716204626,0.07925341380757896,0.08816003942400498,0.07180812321753759
0.04384358233621042,0.09796262169706965,0.05150893598962769,0.1498010961385276,0.061121819383960524,0.0840647196787772,0.3720054916747219,0.07542549429273206,0.06426623880837294
0.1596162337998864,0.11368589550144374,0.09840621179485505,0.0525525898774695,0.15556991497592854,0.12407055655459771,0.03945071346570344,0.1307581322724324,0.12588975175768322
0.133043770255937,0.1200505450059804,0.06558657073972689,0.13101017352920083,0.12143306262168434,0.11166075950895787,0.1133620116600975,0.11666535036604318,0.08718775631237197
0.07177671795748548,0.1435105807942222,0.07768747025120468,0.13238136776165313,0.1345286929717154,0.1268942634602848,0.06261851161691671,0.12084312925118706,0.12975926593533052
0.08865008278680896,0.12163569759885103,0.17132868780714916,0.0705201585057429,0.14176681576284852,0.12513228278202168,0.0316027156508972,0.1227959815042684,0.12656757760141205
0.09269054576578235,0.13616027837448394,0.11503387732905546,0.09417431075787432,0.14189055616371657,0.1161211052867841,0.03256321798659053,0.14432006217466223,0.1270460461610505
0.12351412991021148,0.11187526288759775,0.066878390953167,0.10805263171140651,0.15458599116433067,0.1377861523625803,0.030910850645230182,0.11857638716908799,0.1478202031963882
0.08382838184910611,0.11544149023184182,0.050860528406975775,0.023606495676320543,0.12986098469867205,0.17120492497654238,0.14194329606981307,0.11996953975943059,0.16328435833129762
0.10957434492478613,0.10771375899047997,0.14390454702141334,0.050086660655645376,0.1594591323238044,0.13756486974948912,0.036543844260269645,0.14024147423448804,0.11491136783962393
0.08064605888852494,0.12799335314653293,0.13194577082051373,0.08914395917875689,0.13740433141572936,0.12519623854049833,0.04334115880319827,0.130183581003214,0.13414554820303148
0.07515396088748712,0.11070804605762806,0.32067175111466506,0.029303370199058765,0.11543297869037895,0.09636993305607543,0.0354860036192119,0.1105965641070078,0.10627739226848694
0.11152891556540977,0.13768546560141157,0.08684085828567134,0.06494520812253078,0.14155269470430853,0.12591540071739124,0.056742155075057595,0.14198710225068573,0.1328021996775335
0.11368638566775209,0.11825566372981415,0.06486480577621435,0.07882946351627984,0.17252039256943386,0.13987116963227686,0.06143124695244678,0.1300036503239799,0.12053722183180215
0.07293849673570753,0.11171570594005464,0.03838040192166114,0.027061920781825344,0.10216432857287792,0.11452038928218049,0.3121597879559011,0.09671049116710735,0.12434847764268447
0.07442216859778071,0.06573331052647109,0.09801995990321995,0.11311827934399905,0.04688978086722697,0.08205874853179003,0.39754147663067646,0.0738344313472315,0.04838184425160419
0.16492712303367163,0.07672156737537716,0.09393659610865225,0.10999425499525627,0.0717399649484483,0.09864401647507148,0.22291709571406246,0.08600461179636011,0.07511476955310037
0.09022117811988496,0.1277435848327492,0.02794526456197302,0.19050612576343584,0.12111116183277815,0.13184481331447026,0.08982010631049597,0.12260911589766506,0.09819864936654758
0.07757963510593718,0.12262514472129131,0.09990347402921036,0.03601310916189071,0.11342999565078378,0.1621836968345701,0.08436639448275439,0.11755684438260312,0.18634170563095898
0.17044219307762257,0.10712392036662628,0.0764407079205252,0.08274366658668232,0.1367678189795292,0.13198307407300536,0.028528695274873662,0.13915232930104784,0.12681759442008744
0.10817306535719608,0.11972273037619208,0.06717151032414449,0.17122956227412245,0.13239145552441353,0.11996575878160687,0.039409234443444706,0.15371677452839014,0.08821990839048965
0.1519586858924322,0.112548308319104,0.09696692727482309,0.057900447148324395,0.13405099638839668,0.13356036153947684,0.0796191141975744,0.10689788292471349,0.12649727631515492
0.1570207471869807,0.11715645416903235,0.04148947798337674,0.16932650525771187,0.12292549002231586,0.12177185484773663,0.02901977040805903,0.12243188480590374,0.11885781531888312
0.10528833643516078,0.11821318117400643,0.19251012759589592,0.04053741680288315,0.12300599731477306,0.12257890180563742,0.028254141765508622,0.11541388615108554,0.15419801095504912
0.11530786179802548,0.1279418398819041,0.05581022009209729,0.1579526859151631,0.1385270560814618,0.12267149892286926,0.05025874938916908,0.12554951200389045,0.10598057591541954
0.11061861663806259,0.08744845499517069,0.024784162105146,0.3278268686820219,0.10433086303297483,0.10410629437642645,0.04999355416350073,0.1103851734506952,0.08050601255600155
0.10593627897184105,0.10719874064105882,0.06676849177867038,0.051656283249508085,0.11428069227059046,0.09276707692974225,0.2810926502981956,0.08846428924683629,0.0918354966135571
0.11209613348389265,0.12737717465940643,0.053831441898938626,0.13432537067144407,0.1425364894603773,0.12338478637719759,0.05794686526127005,0.13246985482864634,0.11603188335882697
0.09089677806184397,0.06480930485764061,0.06587244297468926,0.06595960024950585,0.0945199310962311,0.0815778892967157,0.39166832073770363,0.08021446633434598,0.06448126639132386
0.24659619734311936,0.08292717548302359,0.04294678123243593,0.07455440969870121,0.1183094104404885,0.11179814898224154,0.1274846210985138,0.1003879382679531,0.09499531745352303
0.08191098599059866,0.1280246799546201,0.062155498722846626,0.049736017785906694,0.14493960209002074,0.14822889446307908,0.11614698629961168,0.12988961312677846,0.13896772156653786
0.08265334445903737,0.09712962205195212,0.19314781343341833,0.04207195990961662,0.08898598724308815,0.10797973194354626,0.2050466446713585,0.09478447017709778,0.08820042611088476
0.13222774962614978,0.11866651279541048,0.10079153009187165,0.09891824613784106,0.11872996779722451,0.12241406055135877,0.06665262202147444,0.12192508030018163,0.11967423067848774
0.10384417211142276,0.11085776599349408,0.027216638951895827,0.24760111629213102,0.12779675276802577,0.11573733013223325,0.02907982481138795,0.10549033091007802,0.1323760680293313
0.11440015013167508,0.11234281052926613,0.045290416301229264,0.13946150104236257,0.14343878537309315,0.13191689488468974,0.065878439225579,0.1337869169477057,0.11348408556439936
0.1416695939928019,0.07461234386212313,0.015691657689399327,0.44049300357641824,0.08385512361080678,0.07463207873815873,0.04247141139982933,0.0740735877918957,0.052501199338566874
0.0803985305890592,0.08285009359789165,0.020233304900216256,0.4580575134868597,0.07985230897590698,0.08453570480040123,0.03244216404108916,0.0955777119685585,0.06605266764001733
0.09428119270328422,0.12783356933667178,0.07447869841613138,0.034758639541977415,0.11270375780750574,0.14394137455414724,0.16165570901854617,0.12508298949140237,0.12526406913033367
0.08833545346460803,0.12380114954834405,0.10234323074004344,0.04652267364782739,0.14324981195659744,0.15703768305059576,0.0656206935054877,0.1419136123012906,0.13117569178520555
0.11480357417595051,0.12949329614033192,0.1421903720941388,0.030502928858818622,0.14006688821116578,0.1322920898282407,0.05439882068075983,0.1185178175525587,0.13773421245803513
0.12387039416896402,0.11925202734993928,0.10802773759937996,0.05034548324203764,0.1385159150681784,0.14151630620166625,0.030212214588237987,0.11174682514254086,0.1765130966390556
0.10889464720777021,0.10223298110885597,0.060377316578725075,0.2068916830901181,0.10346335426159227,0.11109246963390917,0.09741143895408143,0.12149191848100928,0.08814419068393851
0.08296653550454412,0.11803922682606634,0.10439518795109837,0.23375888512552645,0.10442212656323806,0.10697433707493569,0.023795892096993298,0.10958574838789203,0.1160620604697057
0.1737854644747291,0.11930948913228977,0.08067001659197455,0.05607899611204556,0.11526895707478901,0.13592634177372484,0.06418470585619596,0.1227784845788179,0.13199754440543326
0.12492925888900841,0.10660548197856272,0.06737997286173997,0.1303092812552858,0.1372598140181224,0.12321605491169345,0.06877776684717385,0.12207928681679762,0.11944308242161587
0.10692093897487098,0.1220302638632581,0.14176696147156717,0.10845576948937125,0.14582258786820998,0.1107049851034659,0.029202804032993374,0.108683058276418,0.12641263091984525
0.07997181993504143,0.14491103081863774,0.08687349154051605,0.09403898528665992,0.14532575528335281,0.13024669217599177,0.04596740563148092,0.13451342643832842,0.13815139288999093
0.08683295321959843,0.11166601454502705,0.24263781939027088,0.022726362569749164,0.1033988818428057,0.12058630843633567,0.129469848772866,0.10110295997913443,0.08157885124421267
0.16738348743190412,0.12318139714725536,0.05363017163161257,0.11686207536257524,0.14679151384799646,0.12514512975462166,0.03774446326622884,0.11639839754617154,0.1128633640116341
0.10864303818057841,0.11945619540078413,0.07510626873105036,0.1119124883056286,0.15429348874439122,0.12721246680171475,0.09267142532024157,0.11360117166468058,0.09710345685093043
0.09453566198897283,0.12954579880642456,0.026539055725562227,0.22475285447716034,0.12181150535686092,0.11728472767059406,0.04509550524940172,0.11945579097287629,0.12097909975214706
0.0751475481954497,0.1362735479389463,0.10763389743127043,0.12956488174681532,0.114700752799567,0.12330351327783311,0.08293400612721093,0.10138290584422589,0.12905894663868142
0.14414705620210244,0.10978466407994214,0.06599294392984441,0.21156674743190507,0.11602145758257765,0.10685327579621906,0.041516449061258016,0.11401410628683162,0.09010329962931961
0.11141164129741628,0.10744172578228045,0.1581492603218765,0.08490244354528222,0.09144873804851598,0.12381105511035471,0.09786410415378662,0.09894090684125174,0.1260301248992355
0.1031415582540189,0.13276754595677043,0.13617341042626774,0.0780399166081641,0.1349805063774021,0.11649237040981804,0.06383024007865334,0.11314224594737747,0.1214322059415278
0.11597016828914775,0.12622579482602783,0.04337286321615427,0.15020734119997348,0.11051422807165227,0.1322703691390509,0.09162389498782951,0.11814313666356362,0.11167220360660031
0.11125678958198919,0.14277054362510042,0.1661016973339484,0.06344605457313073,0.12234496506198171,0.11305463924720265,0.043195628013752034,0.13352041172235193,0.10430927084054302
0.0580356556807071,0.12138005188395999,0.23040222597642282,0.042579578979442555,0.11611054022001827,0.12194165586948041,0.029846882776448102,0.11918567962139265,0.16051772899212816
0.13597880562894343,0.07178753726104335,0.05046298450470902,0.30797264992243023,0.08299973977765628,0.08747703451338869,0.09262451529441153,0.10797296087553317,0.06272377222188433
0.11465703835656639,0.11871848987732923,0.08609945389569702,0.0921852476823914,0.1158712975099453,0.14457864760900238,0.10319412206502941,0.10804056189744092,0.11665514110659798
0.05919222274941172,0.08476316568727714,0.051021539810340404,0.024557723280933415,0.06451828495882052,0.07372047251891418,0.5150504547942171,0.06872092872808032,0.058455207472005194
0.1699841170342217,0.09499610670215188,0.11946442570872574,0.1861837995443939,0.10749895828895696,0.09710454906141665,0.031379693810302985,0.1120781244718792,0.08131022537795096
0.14802036850782982,0.11899394842300838,0.05132102237275208,0.10975655405940142,0.1407533122437692,0.12688151079287505,0.03224403643733841,0.13747274722375025,0.13455649993927538
0.08132161141260283,0.1279127600982365,0.06877528694818628,0.17107757952514746,0.1337643641333265,0.12145450164196774,0.08629138439592175,0.11025445911842124,0.09914805272618969
0.12839439768304683,0.138997490896324,0.09976882372710731,0.041524945115941424,0.1356465097462156,0.14107572006285815,0.04828445306006581,0.11183438290236554,0.15447327680607537
0.11801815088706084,0.09592077178554097,0.03258600281239903,0.18603936092908588,0.11381783889908913,0.12694861361993856,0.12240567047150817,0.1080301864645979,0.0962334041307795
0.17959895797393122,0.10758407076810382,0.0580457360710522,0.08199012512815455,0.12250550549988275,0.11198723231125252,0.15531428705503994,0.09732879038417595,0.08564529480840716
0.1210512699309979,0.09335776712484771,0.011552135218950191,0.4212930035834935,0.08115685477061695,0.08492926592232562,0.03289841199455573,0.09787264803198496,0.05588864342222749
0.12361029536083801,0.1131626918297931,0.09709378099290628,0.03549083259561386,0.15453241798344844,0.1495993807586384,0.07390161855614963,0.13661616744447844,0.11599281447813387
0.08430665941462985,0.1157828868435451,0.21715446464679156,0.036062342985957445,0.10270022865891909,0.11713723951075572,0.09136111219876043,0.11275926149485732,0.12273580424578352
0.07273413273287156,0.07059852183058452,0.03385133500143253,0.0074592102993197296,0.05145489388454046,0.0923332163943781,0.5291830735818407,0.06725649290763079,0.07512912336740163
0.14760121549973665,0.12093870032631271,0.04484989513286299,0.16056926990755457,0.1362950905914754,0.11612913987048114,0.03240257655669307,0.11867316971381876,0.12254094240106478
0.10441043648817176,0.11987482803958112,0.13725882914755086,0.04679232426805526,0.1285816131766706,0.14311859621538206,0.08947973082558701,0.12157199770683029,0.10891164413217104
0.11150570508538044,0.10994105187675411,0.046602759656701326,0.1109162656801853,0.14382514267693036,0.1449546045248372,0.07741882824541156,0.14245532607683611,0.11238031617696369
0.08903345070453618,0.12836170176957198,0.13707543329156027,0.07099163521602138,0.12684520240245467,0.13747377933509697,0.06626227347560794,0.10835653239207271,0.13559999141307785
0.04689936090674023,0.10117279217704937,0.02799087037679186,0.06791486009222136,0.09087339600009209,0.11014151280677652,0.36712602076526535,0.09144992825505084,0.09643125862001233
0.11634071108808457,0.12482634992803637,0.09132047389213627,0.09625783252879382,0.13129135006069212,0.13324176772682528,0.0412968298355742,0.11723467421516102,0.1481900107246963
0.08529911289413335,0.13229505644212444,0.13246064816871608,0.0914106891429121,0.1134483620470544,0.12964207816886927,0.07042017174733574,0.1030900435357081,0.1419338378531466
0.08846180463642596,0.08348084711700338,0.3345478808216172,0.06391482459332323,0.08861503910971279,0.08166216044119738,0.11505550073430748,0.08809400246295417,0.056167940083458434
0.12625977406597924,0.1250709666322658,0.05776918650754884,0.1548820500014357,0.1393409071884402,0.11958520496657676,0.021028143081414544,0.1346856137500042,0.1213781538063347
0.055346171585572666,0.13981147270011418,0.048960724323181354,0.22133911249821192,0.1370389124038209,0.11293043128138576,0.05101577985581379,0.12111074629391799,0.11244664905798145
0.08230157653272939,0.13102211262522637,0.038855322671011154,0.22948260394596487,0.12377331577870239,0.12597652300068504,0.04694192997338494,0.10902814768383305,0.1126184677884629
0.1166129292800936,0.10223209613425253,0.06649665730606737,0.048140326690666084,0.08823996297573743,0.13614952271052294,0.21014721764971833,0.12030981745753373,0.11167146979540798
0.06315317248475327,0.07922217295360474,0.06079411812644522,0.006100058447968448,0.08170923872672352,0.10714436642144694,0.43689677068674565,0.09566568226124234,0.06931441989106991
0.08562896337477897,0.13412221740030475,0.09705043368709161,0.06544491617570038,0.12779377720670984,0.12221245679540545,0.1537006541971175,0.11448988960246138,0.09955669156043016
0.11416946479503447,0.11067009214348879,0.14957389417631758,0.07319807070081145,0.12243319480622063,0.12695310451900307,0.06580566608161754,0.1355284115595378,0.10166810121796867
0.09050166972228872,0.11621689298210965,0.014578931539410922,0.3154866846695666,0.11068210435314992,0.09845698422946264,0.04110956638325329,0.11064717143987302,0.10231999468088526
0.11243543517304351,0.11193424197051105,0.04342016047195279,0.24089243672244345,0.12792706814963348,0.11464484724318467,0.042763372872255345,0.11019572521927179,0.09578671217770392
0.08695865648640592,0.13141368226240513,0.08171798269443407,0.11573453008418148,0.1092300140503687,0.13414908747299134,0.09577030822380721,0.1421577186258136,0.1028680200995925
0.11175141301909795,0.09864181891472479,0.056389944306677854,0.2811756719687016,0.11129233393849004,0.10657554371841155,0.029365075110122416,0.10658705428287553,0.09822114474089826
0.1276182840309096,0.12010085193793442,0.11313018831666255,0.1379984335101875,0.12457623583848271,0.11311768676982424,0.03259885627441159,0.12554203243249396,0.10531743088909347
0.07449985381871425,0.09633498908004663,0.031213248398551843,0.05098241168404025,0.09083304368911622,0.11138793083226049,0.3713656236112762,0.08673416418009457,0.08664873470589955
0.02940820730412128,0.08398933211726345,0.030948221104972484,0.05461516476480244,0.06832545100422922,0.11027318409355902,0.421061779338781,0.12075570285411825,0.08062295741815284
0.08631351400267588,0.08030626751452197,0.017408378013127317,0.22757979950989962,0.08871533808581711,0.09022453726036445,0.2631658612136005,0.07748988548913723,0.06879641891085582
0.1261645807493003,0.13866290220961625,0.06222681683614654,0.05651985297256076,0.16086989183516473,0.12097897312370139,0.05070638677569833,0.12380343693696581,0.16006715856084597
0.1210512699309979,0.09335776712484771,0.011552135218950191,0.4212930035834935,0.08115685477061695,0.08492926592232562,0.03289841199455573,0.09787264803198496,0.05588864342222749
