0.0942215890253565,0.10186928417481574,0.17886200282267228,0.10267966301350885,0.08906147245968936,0.05864566034818012,0.09163884296010612,0.048333064179726715,0.2346884210159443
0.11818694296024619,0.14705039695362884,0.07500860480029636,0.12385710696030301,0.09747697318964828,0.05738996809231559,0.08884318937538827,0.06656970784523031,0.22561710982294314
0.0923174372027699,0.15604393940314013,0.12685957664022243,0.12202550596754573,0.10185597088774916,0.09647751651320839,0.14344424434900707,0.06648086236645594,0.09449494666990117
0.07701927480599008,0.09380210787264698,0.06333631250966813,0.0906011647240571,0.11982568250741109,0.17159427317784115,0.14257051586621305,0.17902699488453888,0.062223673651633504
0.1261861460853305,0.119097624529332,0.12950126659030936,0.09088191341885031,0.15718882395087777,0.11135974594890878,0.10472246760393937,0.06861045365052247,0.0924515582219294
0.07914254488498233,0.11580140472965689,0.03142052278603887,0.11922721297570109,0.10982876031200932,0.09796881930708419,0.09443135757829986,0.28713157305300974,0.06504780437321776
0.1132751896457499,0.11238458769059752,0.09434521988781412,0.12008718320302025,0.0921633209472114,0.07840891905933416,0.10787959308689493,0.16616630452849887,0.11528968195087884
0.09881199354558952,0.1473926508809981,0.11522854066141475,0.09875731963425001,0.10146390854050807,0.11509286560102922,0.16317695998631684,0.03165518479335738,0.12842057635653614
0.08406960486102984,0.10254950318513124,0.1080120897058614,0.10015199282631526,0.13497256790081258,0.147928640887945,0.14117278197230357,0.0882600092842416,0.09288280937635944
0.05509156914015569,0.08976510681520661,0.30520080667878907,0.10781386900905408,0.10538748770723017,0.09816428069873795,0.07790234387327487,0.10239351791188227,0.05828101816566933
0.07795332518468077,0.1568224413669461,0.14427937717624886,0.11720475064559065,0.10920981763336694,0.10482089183477039,0.13451893404031282,0.08474592891606518,0.07044453320201827
0.06795371310771099,0.11428805969856505,0.1496466080267483,0.12253634990780753,0.09431234698657147,0.06706295440022644,0.12785425300029143,0.1027591567156965,0.1535865581563823
0.11470564382941473,0.12075317424576193,0.13602538021240337,0.12181035521056083,0.11125165485621613,0.07904898371691041,0.11402193082564265,0.06608436042520856,0.13629851667788143
0.10526767472516452,0.11403581249695179,0.09036473816874073,0.0898120850931335,0.16377584562692551,0.10032616270233059,0.11247884824170208,0.12537410383197975,0.09856472911307151
0.07342953161183165,0.1008857578917642,0.22358724521265946,0.08382875158886756,0.1526204158645116,0.11426729083142417,0.09692073968581026,0.07170350226342498,0.08275676504970612
0.14143924369128677,0.08384062747384119,0.06907699017128043,0.09374601663809919,0.16526664509046168,0.23861424330905057,0.07930608491242196,0.0950147567053271,0.03369539200823112
0.08597659966797427,0.11164311649130376,0.05015830522838951,0.12579571376211465,0.12516023115343564,0.10055691331768611,0.10951606368860922,0.22510103121179428,0.06609202547869254
0.07195064802610696,0.12952722995557273,0.11680353850289865,0.11113002239998178,0.11626536122275481,0.15768598534696096,0.11235763398287452,0.1348720520006839,0.04940752856216568
0.06351192615881089,0.10876840616298038,0.09358433830323126,0.11234493297291716,0.09028224235356301,0.048007814386083786,0.14674979114405398,0.10288870935154222,0.23386183916681724
0.08963775618351533,0.13471342533392786,0.10406329015405706,0.1112943565320579,0.1226774723330235,0.1240124747309075,0.16406577507144107,0.07680243384696499,0.07273301581410485
0.20461934986944663,0.15580322015025352,0.09336692129528867,0.15035359985224442,0.11600834494686352,0.0680485901986347,0.08921372936538448,0.04742624123847015,0.07516000308341382
0.04650687514940661,0.14454508451583647,0.07022871657144018,0.08780330040791233,0.11569457030899714,0.1337354032494785,0.17397158799124332,0.08584470338262955,0.141669758423056
0.11784630515453202,0.1490740197513402,0.103448007720315,0.12656735854436094,0.09778986133357213,0.08807716718963832,0.1436741554467367,0.07203277774529586,0.1014903471142088
0.10421472398141247,0.1462261763996233,0.088962821662206,0.13581735952029056,0.09629175667072198,0.06576752053725407,0.08157214401351134,0.09842917280660046,0.1827183244083798
0.14664273561896238,0.12287492960245587,0.08542184094563998,0.09473110644553832,0.1557817115693797,0.17983659967370458,0.16069615046485178,0.03706434317170371,0.016950582507763667
0.08221654260936422,0.12114861944455212,0.13367377715227022,0.09786128930163081,0.09404059873641261,0.06898805513829677,0.13543785464496397,0.046862807523720566,0.21977045544878882
0.14825701748296816,0.11668509193265565,0.06661991928328655,0.1065725712607168,0.1155287686075643,0.08093274138308755,0.08779227781088472,0.0937083078305641,0.18390330440827216
0.10018645876278169,0.11871418852607879,0.09890199226335084,0.13152699781480667,0.10535459940087388,0.08434144967650413,0.11463803083593221,0.17918293607291483,0.06715334664675694
0.17727589160675092,0.18144662920438334,0.06043765704722771,0.0740395770529514,0.14298015064079958,0.1477756580289582,0.13523767066881595,0.011811127649649302,0.06899563810046354
0.046345990006204596,0.1231235840039022,0.06124844801061535,0.07659939021820693,0.14275475259594614,0.2299397407428705,0.0689963461836749,0.19277584614873963,0.05821590208983971
0.1397145217311403,0.10577658386431114,0.057532325379510384,0.10997070340739172,0.12086004661588906,0.12747955325646745,0.05249186050465434,0.16230028845323358,0.12387411678740201
0.12598902832504522,0.09038096722452027,0.12385894967262673,0.13447442870143314,0.09853330097453343,0.07086729899292164,0.07637428200697517,0.1998237293363748,0.07969801476556959
0.07625669920265561,0.12954589226826682,0.13382108856249855,0.15070428763407195,0.10028063275864667,0.07437261481399499,0.08661592259260886,0.1427728943466365,0.10562996782061995
0.29058057143022925,0.12308851455117568,0.035922575795371635,0.18317896448068735,0.10871598221666297,0.11117132418747226,0.0584822764467694,0.033233349473938134,0.055626441417693406
0.09644479512034383,0.06981977483943734,0.01597508554819271,0.06837667310456845,0.23015571586199166,0.14669135665942448,0.04065106989887097,0.28719034852253916,0.04469518044463138
0.1175360084673807,0.09370263545272899,0.06279788861244724,0.09894769348566046,0.11257905973126443,0.08980624964803922,0.12709805770553853,0.21935184031909696,0.07818056657784349
0.07440216384905923,0.12305854413727348,0.13061762862100043,0.11735853302678685,0.09992470230915192,0.08921080113457452,0.10200449370041233,0.10577387588882702,0.15764925733291427
0.11892272969814277,0.13722570246857618,0.08884647640768928,0.09765112675190535,0.13309492953358085,0.08878244904773495,0.11566929885809896,0.08892797423055883,0.1308793130037129
0.06428135087672751,0.1264479100444903,0.16790184464179703,0.11314434365696828,0.10227235659704809,0.08325028609004581,0.08830875173683018,0.13511077587589812,0.11928238048019475
0.06781293595472553,0.14412321738392034,0.09459580877779233,0.09155190975264593,0.12809590235039434,0.11825816593120143,0.06892635024223585,0.0861265502012006,0.20050915940588362
0.13831221933637994,0.11845267900474148,0.11467898398997556,0.12583616565722305,0.09781431369328275,0.0731984208802579,0.08523717873646612,0.1258281906506247,0.12064184805104845
0.08894605680976476,0.09500057272234813,0.07446250796194824,0.12549699089247365,0.09285999640174965,0.03542234125069956,0.10573906561877854,0.12010812838703187,0.26196433995520557
0.07198117122700387,0.12334756396239421,0.10040448642354778,0.12940584756467555,0.08183006978963647,0.04343617932406945,0.11685566068239155,0.05058188557465113,0.28215713545162996
0.14545248480101705,0.15818822363889776,0.05628895893159889,0.09071262377395119,0.1523406574028772,0.1713564120702359,0.0937199594103741,0.04882932899330348,0.08311135097774447
0.08453484126868487,0.16553830791453195,0.06251991376398523,0.12361345080047202,0.09896661638191168,0.07463114570663086,0.13062867855941582,0.07212378851743889,0.1874432570869287
0.06161287705829619,0.10118034546068388,0.1330871709840726,0.08603426444080685,0.1333356110946239,0.09560752430753178,0.11545149649762994,0.07090029223804162,0.20279041791831323
0.07731845322357589,0.12838592186003875,0.07805006901725947,0.10839947413405415,0.1320985399041341,0.2068940727800078,0.12645490682814606,0.10132469488692314,0.04107386736586067
0.16353767253261678,0.1151500327179835,0.09617855122797853,0.09630959770631929,0.12568908542652205,0.08719734050809697,0.08562989253237623,0.04450917674295892,0.1857986506051478
0.08025533217874314,0.22139962171939176,0.06053505190388476,0.11936716433078311,0.11794391539886102,0.15040692493449212,0.08784402502489931,0.0629081039189861,0.09933986058995863
0.10509482762321609,0.13173214296419886,0.12896563312000076,0.11589317301905806,0.11124194455532604,0.126938850257894,0.12192646460984091,0.0837438650002283,0.07446309885023698
0.05937369219023176,0.11662866447348501,0.06904988330721734,0.1387282355064919,0.12196016621387921,0.08055595853517922,0.09873953082218952,0.21354857863517887,0.10141529031614717
0.11293171222853264,0.14362289167023742,0.11918138985647131,0.10223157767003042,0.13857014686184563,0.08481185887662455,0.11312393339371009,0.0633289712050006,0.1221975182375473
0.08578052283563557,0.12133979882499973,0.031634210515564636,0.08446903833544424,0.1228714647807884,0.1745748329944433,0.11752851679914628,0.20914377616148086,0.05265783875249699
0.15593167982395248,0.11056910788759546,0.12451748692867458,0.12920532118379366,0.11274857780094162,0.08533391608526168,0.09341414329057983,0.10278705574015179,0.0854927112590489
0.11883237184896663,0.1274465518880944,0.041967369794050836,0.12349144476859623,0.10301316302850567,0.057247737126277544,0.0935928321456639,0.16402108206926125,0.17038744733058364
0.05403250173593454,0.12318368497471717,0.0964049852588585,0.08670537237961955,0.13747670152477276,0.1621553212320468,0.10397972692937801,0.1688608840918215,0.0672008218728511
0.08298583719758308,0.09552482197576555,0.21349360073871282,0.1049680017159142,0.11272507858078447,0.08693623016066891,0.13218808650142647,0.07402492489440682,0.09715341823473768
0.14889738523111343,0.12575961466093477,0.14267505427085356,0.09203171248971571,0.12072897167300227,0.08587138683087292,0.07329270313492194,0.04610009386267189,0.16464307784591348
0.08768602963986623,0.1508714862689618,0.10787026005842328,0.12872317314539064,0.10871019451950381,0.08748767501257988,0.13729123322290684,0.09452246246680622,0.09683748566556134
0.13975099329115195,0.1664886751387415,0.09289074029969424,0.14685310696123516,0.09133090726244908,0.07121002418539644,0.07506705473276082,0.07224574865664002,0.14416274947193075
0.07838193560160306,0.09236366797452326,0.1764603538611351,0.09970803659078058,0.11396149763554676,0.09934917437650932,0.11876797418224694,0.14125954027874724,0.07974781949890773
0.06589014780006687,0.0895076430611355,0.025116489758876703,0.07604395494775595,0.12621532609210082,0.07284815178913281,0.09580001626982276,0.3579104387281651,0.0906678315529435
0.11371279854184556,0.10486739591301315,0.07775760272355361,0.10981779210393221,0.13443446686771213,0.11293415503365717,0.11457721245130997,0.18431134314988065,0.047587233215095635
0.0826367937974324,0.12646303294266645,0.05706374875732495,0.0926821236119922,0.1423665104728263,0.12594466694726622,0.11208435541248306,0.19980021723678762,0.06095855082122071
0.19939320124360274,0.10914672252666975,0.018047205405806423,0.16816588824470394,0.08796770954039994,0.07668171928555684,0.05052614048748072,0.1983804743379395,0.09169093892784004
0.09377652233603356,0.05371978958961382,0.01952605561140895,0.08667769047576761,0.13183265429894406,0.0931101266143846,0.07455557013315318,0.3149477188210686,0.1318538721196256
0.09973173951903873,0.11080868004858023,0.13001910530650213,0.10701459484710657,0.10668004673565085,0.12026290832750718,0.11816515257973854,0.11371320735364099,0.09360456528223478
0.07739587628857127,0.11153756544720779,0.18461113066652404,0.1004885712480333,0.10445923282119844,0.0963884291070864,0.1265031811445301,0.06468538619831639,0.13393062707853218
0.08351163133255501,0.101112232311106,0.07120047281221108,0.13360422227343818,0.11704703337240023,0.04795504569140688,0.10340654327775921,0.1861690218267591,0.1559937971023644
0.053291895809415346,0.161130741445414,0.12212064243874783,0.10613899471103405,0.0978977736867161,0.14015613636465454,0.11127529058092989,0.1234507821751392,0.08453774278794897
0.10877094315303398,0.1352431264142078,0.04483112975940745,0.11574322460790713,0.10839897001593074,0.08763269104125965,0.16016188275752574,0.154184494877816,0.08503353737291153
0.14194472606409037,0.12074948781147825,0.0356877192388871,0.12377239607634781,0.10313871367074251,0.05966102527359687,0.13520194105110736,0.13813431986862726,0.14170967094512246
0.06291506220853829,0.15859185737206555,0.03736682058702881,0.161971167692504,0.1198434313243954,0.08717244113945695,0.10428987578572642,0.19535704897223446,0.07249229491805013
0.07410043256892283,0.1381199447679618,0.05604396321140929,0.10933247183681227,0.10709199558123224,0.08783358453842371,0.16557380815403627,0.13021341013727458,0.13169038920392692
0.08264581591049654,0.15003145743515367,0.19047180699566976,0.12090290729104373,0.092762112437845,0.09266021974374382,0.10567407639348125,0.06573560021925573,0.09911600357331053
0.07007590934253806,0.09082214538022504,0.11542696828696337,0.0964355842115644,0.16874953481501964,0.16517408340314335,0.1384795419387632,0.06594319043565489,0.08889304218612805
0.09026654254176562,0.10139657239714311,0.04284614029111994,0.0879351235828663,0.13754235430498932,0.11043491060641845,0.12045902023533805,0.14868899485617806,0.16043034118418112
0.07280156235246411,0.11075736254905566,0.04996017544138101,0.10656907480423393,0.14663858124139337,0.1303773690150288,0.09554617361263251,0.10200811116692869,0.185341589816882
0.06619387208655277,0.1048047211761418,0.22547928985803115,0.08670939232958441,0.13478063155293624,0.1179437974705503,0.10713013808012489,0.059160035880384015,0.09779812156569445
0.08946260896129206,0.16099987799556784,0.12068293351489122,0.11583108261549635,0.11578202568480693,0.09608610920136657,0.15015731630555243,0.0654951973098189,0.0855028484112076
0.0892506713849608,0.10936062418424423,0.14343195861799884,0.11102118431466328,0.0986212182715311,0.08286642331530014,0.13822984672476316,0.10336029680643109,0.12385777638010727
0.11683420599635015,0.09286124166599154,0.04795912780269679,0.111143952646156,0.136161393598276,0.07556578321763584,0.093821934253011,0.26106521753150785,0.06458714328837488
0.0943023907081743,0.1203372911259291,0.17259468585042068,0.12174585519740035,0.0972628153651632,0.08145159354628144,0.13311140948193223,0.04769140605768831,0.13150255266701036
0.07941306458148482,0.1573223493855674,0.10851079726096065,0.09609854871684531,0.11608841400706339,0.07992282677422265,0.09195151474743934,0.0604120026181215,0.21028048190829485
0.06788077118643449,0.14049261505471664,0.14183374460647477,0.08800647354776159,0.12135567811670843,0.13236331919661412,0.10031864870605185,0.04409197062838932,0.1636567789568489
0.08183742599115686,0.11140296325414405,0.03268668792123381,0.11128817496249936,0.12923199085341674,0.11002407182664413,0.06319755194886388,0.2882426395021584,0.07208849373988273
0.08517028040235082,0.14288688975490657,0.14741497536463707,0.09932812306041995,0.10575270635736111,0.16766792857575075,0.11894991276914689,0.03418552950037256,0.09864365421505421
0.0795185740636123,0.12277048615121892,0.165118479544873,0.08527158405344903,0.13660293144530716,0.11093934046864394,0.11270782262802337,0.05830032851478334,0.12877045313008895
0.08794702947365896,0.14339979657372373,0.07285445266240959,0.09213832471752213,0.1378590944023122,0.12285024479664537,0.0829207499808744,0.11908270301390829,0.1409476043789453
0.07733485180051201,0.11288204390750729,0.13603662051108223,0.09383615175863526,0.1109761455935472,0.08247054054541665,0.19247154193587057,0.05053048197558723,0.14346162197184156
0.08814597298144022,0.16934717964635393,0.19408697112146522,0.11924524641892209,0.10283764797211366,0.08329396779557334,0.0945273279036063,0.048511567653038684,0.10000411850748663
0.062456593379836944,0.0952984953776632,0.0743076565220802,0.12909425362039587,0.09897631143995582,0.024838454813522936,0.10759400711149847,0.06723412125275849,0.3402001064822881
