0.13211285550757024,0.1110962864377233,0.1253304900375544,0.11760901629532768,0.10837423819232607,0.07207150977648451,0.09232741522827607,0.1508623360357115,0.09021585248902618
0.07346517932739954,0.10774051348366427,0.07586650383919823,0.129233621751865,0.08643118687611413,0.08857463743039158,0.13398805602460132,0.09318851513552784,0.21151178613123803
0.08091160010184181,0.1233004869028594,0.09499651200500125,0.1006414486323407,0.1277011802472602,0.1045011939583591,0.1650384925873728,0.13938278142695482,0.06352630413800987
0.13818174331880131,0.11990891940233377,0.12535751607774195,0.11234197130270307,0.11052254283400186,0.07811635380646582,0.0823616842671858,0.1613125421082858,0.07189672688248054
0.15250858271899462,0.09845333093987134,0.15377040835535102,0.07994572294921953,0.10219158193061834,0.1961118598108439,0.04978605140270893,0.08790365231762853,0.07932880957476383
0.13941634348834317,0.09086911370042002,0.09841968104805736,0.07015086980171044,0.09783159994506378,0.06094976904507243,0.2166738388449335,0.08081189398570014,0.14487689014069924
0.1013177944941383,0.11821309153130426,0.09143571278548795,0.08500067312973235,0.11765487502917188,0.04175220098750123,0.1505719954809178,0.14787269100210876,0.14618096555963758
0.17533177979728806,0.12649266514818727,0.1304972712703924,0.13086318976022654,0.10051530370267209,0.05443632237900573,0.06508285518708383,0.14090239475063815,0.07587821800450598
0.11467913744444386,0.1332850997977875,0.09475262398802725,0.11412797925753665,0.11324323290431448,0.07842116313193138,0.09325472432786715,0.18477534643847937,0.07346069270961235
0.2070028751900095,0.12338381013076928,0.09022663567046403,0.11733203000070298,0.11176128533348384,0.062326060593928756,0.10555940549343555,0.13084335437768166,0.05156454320952445
0.10492287710343405,0.12628375604840777,0.12723617051092687,0.14442738191236237,0.12478045029362722,0.11281040223138894,0.06736611541986944,0.12469262413411893,0.06748022234586439
0.07426641472381575,0.08616764013841431,0.06545667893042591,0.17985751891024374,0.10977590110470026,0.15472323692696013,0.042072549575388814,0.09234266976414346,0.19533738992590768
0.13416333110748316,0.09321333798960622,0.18955043611925024,0.09359192582481911,0.09672005014324493,0.22654184613057668,0.037101323769216384,0.08942326724460664,0.03969448167119665
0.13304755033073054,0.10705376366162922,0.16750664568495532,0.12318821220700304,0.1017019030324769,0.11555299749744032,0.04957273418420443,0.08302720455861852,0.11934898884294165
0.10399806549888413,0.12232952976249067,0.09387519349501315,0.10992085171790318,0.1181518966053468,0.17611216834776486,0.09604990057384966,0.10848659328519696,0.07107580071355059
0.10781938602164846,0.11407466901151253,0.10193552533499091,0.07352243909020835,0.11516266476243862,0.12392896625184753,0.09729866430778722,0.17562451290328462,0.09063317231628175
0.11614163410606675,0.11568603466143905,0.13423040775155703,0.10240087616395838,0.13122890458410033,0.037130455737784215,0.18863566508599003,0.10981384208926163,0.06473217981984253
0.09222639988094929,0.10891715621142738,0.07280512696888185,0.16715991737132177,0.10142044773877697,0.17442751997461223,0.03934514127628961,0.1299680843249533,0.11373020625278747
0.10136845924441541,0.11298342251870326,0.12379623807008126,0.0654617735816477,0.10764905405817117,0.11179162208620687,0.1465044069600559,0.1189934673006134,0.11145155618010501
0.2096394916389969,0.0998776656236206,0.13417379559398776,0.10349136419528797,0.08375008450149252,0.1666704250194815,0.055026411659135216,0.08151157635701096,0.06585918541098663
0.09725834710271786,0.12929415667573013,0.1303103851916691,0.08494889186170056,0.13028254585601198,0.10841920541763368,0.15458036939446287,0.10738964589359627,0.057516452606477496
0.13128522287597222,0.0859301710756835,0.06454604038361453,0.09432018198919258,0.06624169819754357,0.3022893102641239,0.028437845577781673,0.05568469672922601,0.17126483290686204
0.0690908831306244,0.1032037089192988,0.10361498534368219,0.08364353722446943,0.1505775277954259,0.032710878580837065,0.19138035622992144,0.12751104749999173,0.13826707527574908
0.1898819536077441,0.10276029031486215,0.12799667392527242,0.07848730038169373,0.10199502252969746,0.042186929583609846,0.07879681600592776,0.2451899667330951,0.03270504691809748
0.1185142977798375,0.11039456527580677,0.12695283408977798,0.1238345883980332,0.1032397545574484,0.09104567417335495,0.1024065745863882,0.08196217887925249,0.14164953226010055
0.06784605121884763,0.10798109097056663,0.1750721221363185,0.10211489321871392,0.09886141794241626,0.16752029416219183,0.02780411088448193,0.14128510640249864,0.11151491306396472
0.10663394504027542,0.10104737670836388,0.14574684619852762,0.05470908061318697,0.11758991025346215,0.11034195012808368,0.08943533596578006,0.16715207078658778,0.10734348430573254
0.09179056769098169,0.10930147567932418,0.08459572016675082,0.12271077170002871,0.09773483574083715,0.029061720347130292,0.16588709061959944,0.1620094617205625,0.13690835633478524
0.11610472879677702,0.12164054055712607,0.12339798783382583,0.10508992027535075,0.12662898709588266,0.08707422406743946,0.14403114425543775,0.10553953823439781,0.07049292888376259
0.09885742718163297,0.11187915564731866,0.08442783931420623,0.08317449163705637,0.1227081515820906,0.14434490795711527,0.11795537495820084,0.08832804961337272,0.14832460210900625
0.06409080982906872,0.10438477217707694,0.13512759175440886,0.11341458676294403,0.1472158074260266,0.024742476601200023,0.1049616513766437,0.1466202211997242,0.15944208287290698
0.15920284373784152,0.11163067357164562,0.1397384004915128,0.12480859263055742,0.10988034594051559,0.10774835903696867,0.036061286225786644,0.13541653817128926,0.07551296019388253
0.12237062527380312,0.11736936541291561,0.07643987401367162,0.08098529677775738,0.1109935571383645,0.1313376623258156,0.17113311705283948,0.12287301751738429,0.06649748448744837
0.11485521962614881,0.1112267723559212,0.12492013128808417,0.09833523764833486,0.10778514751940664,0.11384640449355471,0.09520014061431227,0.10111960828847005,0.13271133816576727
0.09680121627506445,0.1165102849601251,0.07805900934841613,0.1033371904834189,0.11245300950343236,0.016953566617162127,0.15507039265980024,0.14622764284674242,0.17458768730583818
0.10673443745461732,0.11723808842801968,0.10306556092683967,0.13289367323737014,0.10978498555149437,0.09264543144756594,0.10352060499251403,0.11007708662305042,0.12404013133852833
0.07594287314935343,0.093238618614509,0.10165905649051155,0.1144958074586518,0.1112783115360254,0.2241522468325138,0.03289003355944738,0.12096597934648157,0.12537707301250603
0.09307103522331482,0.12786239419515533,0.07763336258574144,0.14789807706710198,0.12970515317364587,0.10135278717199347,0.09707620464731538,0.1430416714867871,0.08235931444894456
