0.15573834739611578,0.10937472895036622,0.10259296755001146,0.08815363585557119,0.0893807585534615,0.1379157382656821,0.10585638222902449,0.11881639526723958,0.09217104593252773
0.11229733654239803,0.11293455949473707,0.13081466390556176,0.10227746982606796,0.11775207655576336,0.1404981811277789,0.09080049869167868,0.06395373520839452,0.1286714786476197
0.1851905215059225,0.12065229248128868,0.1292187906637948,0.1062356214589182,0.11651920214867602,0.05324862635417172,0.11870687374979634,0.07107434838927355,0.09915372324815826
0.12169780941149405,0.11108249135483783,0.11044469875939433,0.09250505077436615,0.11597210095000073,0.12141994678830888,0.10755609726301789,0.10244249970096865,0.11687930499761144
0.11202076742013294,0.10253319279423263,0.09807078425306424,0.10758565780407418,0.1105112369492227,0.13141024115424313,0.19927239547695916,0.052024043035000994,0.08657168111307008
0.1707779139386385,0.1404330829041186,0.12940511506176902,0.08482552591844529,0.10220367339111032,0.07351975058619459,0.1438282555948302,0.04569582261672736,0.10931085998816603
0.09276817168892047,0.058998515011793005,0.11328410183175251,0.13080062893213237,0.10334852145838906,0.1763637624713729,0.11991617706826278,0.07285612955921074,0.13166399197816617
0.13280444396054983,0.21655239341529886,0.10499987918695597,0.10474838399610575,0.11255610684750865,0.04713574463543313,0.0630166588497786,0.09263936774185551,0.12554702136651372
0.0941196960990995,0.06816161172808666,0.1067323369588357,0.12578177710775407,0.15216952433082234,0.11015479378380677,0.08541910487230821,0.14501907041441212,0.11244208470487467
0.10353130780071351,0.07394796523692417,0.10415665565691402,0.09187254917851033,0.10500806844506488,0.1996396003006223,0.1302957200052022,0.0609420040612069,0.13060612931484172
0.14699326991016884,0.19149294066197223,0.09998590485449062,0.1165666291654431,0.11888999345424045,0.10296054773902369,0.07580804517171126,0.05412871163577428,0.09317395740717553
0.09466988236734031,0.1805814689443875,0.08876813212316093,0.10242294978704514,0.10777302935927509,0.06857991624682948,0.06076865115944289,0.14638414871024544,0.15005182130227324
0.11979151001763573,0.11841237260584085,0.10333702930758641,0.10664201902445213,0.1036073339991483,0.13200043864232078,0.12031643535464438,0.09764630112427765,0.09824655992409374
0.1418796573594762,0.10900608073751734,0.12594909905034748,0.11366264940786404,0.105356972010004,0.060108288258564346,0.11808575844812814,0.07293540909232646,0.15301608563577196
0.0972220853121873,0.0807363567616385,0.11025527203736246,0.12945775407887108,0.13756937002013933,0.09784199385937742,0.08302646383360189,0.10705402427917109,0.15683667981765095
0.12670609228219196,0.07576192559442813,0.12165983460721068,0.12126444720101946,0.143249436052541,0.1421841114192157,0.09199716515271561,0.05727243239714171,0.11990455529353576
0.08929584370856743,0.17184055544045695,0.10495697505445918,0.09831787806805196,0.10315868418388437,0.13846392894519294,0.10616558674965053,0.06656884218171388,0.12123170566802281
0.11949167577283593,0.09569042431616141,0.12242573085947689,0.10936478124439504,0.11290168915608549,0.11790313818795421,0.08363772940936488,0.10086157046421829,0.13772326058950796
0.18912174830205428,0.07493674460759092,0.12664737174896698,0.11435645541991234,0.13316493381833452,0.07345511875442513,0.09979560670475242,0.08528886683680681,0.10323315380715659
0.09846491364404732,0.08558146650461614,0.1255512923788695,0.1020124590178223,0.13231866172177345,0.065161734277553,0.09550222859926695,0.1735891112307801,0.12181813262527119
0.07898065690646221,0.06282994686134168,0.07642345536221921,0.08322571532314443,0.08989424531090788,0.4114147040624367,0.053420195587886576,0.04274750265158539,0.10106357793401598
0.1020245473522582,0.06278734609654231,0.0816794895592204,0.1063189186532994,0.10007851869571532,0.1884979262505427,0.16253921630946497,0.08264781864746397,0.11342621843549272
0.0749331831997836,0.2618018369645822,0.12822040184111325,0.13987966072628388,0.08800425252255421,0.03595060358468002,0.022681539976571186,0.15694213918273536,0.09158638200169632
0.13037533925182562,0.057003580087972315,0.10627723691900637,0.0899400247703725,0.1108449992340334,0.1526945081062772,0.13398766399966341,0.09823718485277037,0.1206394627780788
0.07825019334557774,0.1141628594611664,0.0973538763428795,0.07519078836509688,0.11741487186217285,0.23438537725570482,0.04073976693716378,0.06934591090055595,0.1731563555296821
0.10728298373040301,0.1009649239643982,0.11959605311485266,0.09591624093285422,0.1249556319359554,0.13760618116464765,0.0880169776096515,0.06123377249296568,0.16442723505427173
0.0871933279925395,0.06957541006308963,0.08045776325365538,0.11512365230430288,0.11801739287158321,0.132858356573877,0.22209705431936336,0.06649773440233706,0.10817930821925197
0.10378216137335368,0.07203702481658587,0.1299304437522986,0.13577658765859205,0.10787758242557517,0.14090153507676845,0.09551955717627565,0.10725021225603919,0.10692489546451123
0.11455820797767675,0.06715187374621748,0.13928656710099743,0.11677308553140027,0.137881138185177,0.0850661923508454,0.10024034304920136,0.1247932860623699,0.1142493059961144
0.07404608528690147,0.034770678724976474,0.07583442493770765,0.09145975556317691,0.09888820988746638,0.37277978397072226,0.09212164347071239,0.06698094550699124,0.09311847265134533
0.1431869356720212,0.12524462212505286,0.10776541049189414,0.0952261981076804,0.10968312642801027,0.06705742971767326,0.16439945840082634,0.08350311343698684,0.10393370561985475
0.13162463973172922,0.21027330004666664,0.10913781245796993,0.13045884923664916,0.10758771960990816,0.035329579174058816,0.0770537098286964,0.11432470206888083,0.0842096878454408
0.09830692821931121,0.06981192527447279,0.10162132936130003,0.09265447128946462,0.11549527045748942,0.2605855346321051,0.05226573251187849,0.07625039548227255,0.13300841277170575
0.13410641205815174,0.05541063291833504,0.1263129212028752,0.137885447149533,0.11615440097523955,0.03901983000730345,0.12539725181827985,0.1317540247493252,0.13395907912095695
0.10227511170535082,0.0361162444558814,0.10838101963623942,0.10548594732919135,0.08898311079169642,0.2983604643728743,0.05900863358116302,0.06886540020162248,0.1325240679259808
0.09960207919180468,0.0933153856698763,0.10502955617231612,0.0970665496429181,0.12575934034996908,0.13650166611766335,0.14540298036156873,0.08607738108387787,0.11124506141000579
0.10401292115043158,0.028639282558749018,0.08505632792600255,0.07615035788364777,0.0733742173805193,0.36918780056121614,0.08769059378215106,0.07027807209994269,0.10561042665734
0.07906170867843822,0.19334896488498277,0.09300363834486393,0.09642110925679447,0.12954825718904053,0.11916339611945448,0.06715454450002568,0.09281465313029891,0.1294837278961011
0.0905385792787352,0.06148744219851198,0.10322049791558287,0.1186674249296855,0.1219272151793634,0.071702776431741,0.11232982452467395,0.18386081243773267,0.1362654271039734
0.1139579266421375,0.2900301803618868,0.09323589562167155,0.10185961768496098,0.09117083424122864,0.07138897864478319,0.09472817739920252,0.048663287529745636,0.09496510187438313
0.10284789198082926,0.23625829784983207,0.11827851726283783,0.11506976131929325,0.09971711104431095,0.01598889352112079,0.06171667591297286,0.15044661655273664,0.09967623455606632
0.11167445098823271,0.09626411978283216,0.13927629144498022,0.1509736310782098,0.11102866278289776,0.03105844865774895,0.09793666711215858,0.1371076648166001,0.12468006333633976
0.09095603369342649,0.17506996490891025,0.10748896514600113,0.13623104986013168,0.10518550623292906,0.038742128755553475,0.1958274749279183,0.06311973091208735,0.08737914556304223
0.08778506829984085,0.039719201932876376,0.09864073540940783,0.09432551896547468,0.09082851990254254,0.09949558863074404,0.2604561954245141,0.13379567330925554,0.09495349812534398
0.08788273306369838,0.08431038962270226,0.10628553577128717,0.12219488561274323,0.1081467347517389,0.20107776330972993,0.07136980388090286,0.09143798225604068,0.1272941717311565
0.11163709901481116,0.11071428587640315,0.10443817091713103,0.09062869646561648,0.1173461589967081,0.0743003623142485,0.13854310499974154,0.1300826917621453,0.12230942965319484
0.13488987035451883,0.11835671786242558,0.1035215724593634,0.10843911935021426,0.13801875376802233,0.04725804624057784,0.0934763857375737,0.1408938041540498,0.11514573007325428
0.09288672160838705,0.07926365616522374,0.12009058002129096,0.12479455762145863,0.11864998235606623,0.08378230649381935,0.11245535582809475,0.16071265827396877,0.10736418163169048
0.1399269377215938,0.11712493219207488,0.13644514839253766,0.12230143606776678,0.13606059717909905,0.037973400265048536,0.10943132305576735,0.08129361127344047,0.11944261385267145
0.08256526050484485,0.05208564234878057,0.09872721409197231,0.12627239810482005,0.13091757938225249,0.21732714502304984,0.09711777621553157,0.07363360249536897,0.12135338183337945
0.11525667792590738,0.08229721748327697,0.10638757404724386,0.1005270806415353,0.10830195765994487,0.14603422462642382,0.15467241550528046,0.0591863833261895,0.1273364687841979
0.10375352659926897,0.08098043766725672,0.1257664604032706,0.0935877984979356,0.12647167907016296,0.10504117318812169,0.09699382060654593,0.11796574515507303,0.14943935881236445
0.12059097371057431,0.12428194642726827,0.12540902965115405,0.10164843337115866,0.13482966069677993,0.058434033506241184,0.10740871212558305,0.08884264379156749,0.13855456671967303
0.12796491256234632,0.14740745054859258,0.12198524464612759,0.11225942411357027,0.10480966926164453,0.09955752303683935,0.06557070282957846,0.11476579595074073,0.10567927705056017
0.10941137069625913,0.08412488995258743,0.08698140083907362,0.10754480944008155,0.11852171336269134,0.2203751801128384,0.07825187372553559,0.09197677990520998,0.10281198196572305
0.14605162485441248,0.11837266253960159,0.1309925276363791,0.10624187899333985,0.13792881853934486,0.047680080672827724,0.06897438355353774,0.14745597019107523,0.09630205301948136
0.09895425281851689,0.3015605708450822,0.08483134682083782,0.09705081129105658,0.10744782405131013,0.03279443169911465,0.07870516756825346,0.10126737956656605,0.09738821533926219
0.13741246512742503,0.057493694257149223,0.12495991506180992,0.09958851436328664,0.13483485516354352,0.18153833033276623,0.06216853483638917,0.08329761726793289,0.11870607358969738
0.08388077089037616,0.13728934030356651,0.13032742814592668,0.12852913292025633,0.11116103380146374,0.03675569877808469,0.14474602031676573,0.11898266804034685,0.1083279068032133
0.10299514724627257,0.0720261757280705,0.09224199873188682,0.10580237023406776,0.11815659101465716,0.21013661304429135,0.12267657950292692,0.07206025508179072,0.1039042694160362
0.08789597697105785,0.10660027837560415,0.12264487404493096,0.12095348805524676,0.1263581764235399,0.025282132746404423,0.20440353954659674,0.10980990505787418,0.09605162877874511
0.11337055617207854,0.13034236496365062,0.10864106543046408,0.10101262146138724,0.1535571059273513,0.06891799461114849,0.113691650826019,0.07356398810058663,0.13690265250731407
0.12045965282997095,0.21050943973850203,0.11905040662148685,0.09963470128706102,0.09951573390555672,0.07957693485497487,0.09537085142299306,0.08478957963763378,0.0910926997018206
0.14112991056665528,0.04748180765375906,0.10801364567108622,0.09230012229116917,0.12091443157021121,0.21896290972756152,0.07387079813044863,0.08144191034970029,0.1158844640394086
0.0863639512096227,0.1692772793596167,0.1021306256904584,0.0995147608303343,0.10560770447242063,0.07742102143758604,0.18377475922495864,0.08009652368073107,0.0958133740942715
0.11990303643424216,0.08110142350075594,0.09844961731280165,0.1014106318680049,0.07765698816291422,0.15728276382715586,0.1821535644874849,0.08186389551485078,0.10017807889178965
0.12113083769375911,0.32195012171076337,0.1174732852587264,0.09167295457712908,0.11077866740786156,0.02413528772156402,0.05748789270332003,0.07084641912179206,0.08452453380508441
0.1256267424225093,0.2056387237468813,0.1233211270764184,0.09371970832252675,0.1107758762845425,0.036043257856362844,0.07408585908036285,0.10303673544523761,0.12775196976515846
0.1039116010385583,0.12033596964172884,0.10557542160158499,0.10330847504616762,0.0952202697788212,0.10294000860770412,0.16034451854551357,0.11269333229424466,0.09567040344567672
0.11278973778750044,0.18250331679870632,0.10553825251147658,0.09439812291013698,0.11803170166027939,0.06431667656520917,0.14787288595265463,0.06511071310421539,0.10943859270982115
0.09421407646665363,0.0741496155932234,0.09756756196831884,0.102833550408664,0.11191313777180723,0.21940019173776126,0.09955793884439261,0.08551737901199126,0.11484654819718776
0.10414533054289639,0.1472423492102433,0.11518392447806097,0.10641009162170927,0.14118448660718835,0.07359570125155478,0.11166233512497563,0.08486389634078922,0.1157118848225822
0.15514047217311175,0.10153231649034306,0.12163250905672925,0.08526001180152688,0.12611776557893617,0.0999053175920086,0.138991506332331,0.07379688027397806,0.09762322070103528
0.10243368035324196,0.07468616053191693,0.15950238231520583,0.08921028941430348,0.16025785398091,0.052552916067860146,0.08703041181811051,0.10421454693901265,0.17011175857943858
0.08811206386591097,0.08032725733523664,0.12468490108134712,0.10177089800469186,0.11004880897682613,0.19980845924653726,0.12289625063725351,0.07056182332088005,0.10178953753131635
0.08398276509998519,0.07955883505806215,0.10066104776709889,0.09131087359402079,0.10871140320228483,0.11110992001326665,0.1838331895238893,0.11387266965222993,0.12695929608916223
0.08834247065330582,0.1272255369072293,0.08720411137990187,0.1234285604942457,0.0864699621007159,0.10407545612163886,0.1642729378857484,0.11532096616486866,0.10365999829234544
0.08010330096735316,0.06883611564208109,0.10548891429481322,0.1063565493809363,0.09615366586996967,0.21352297003818568,0.11503143216640595,0.11258093944151726,0.10192611219873778
0.10890623316689085,0.2426500433125668,0.11970204165513286,0.0989069082206427,0.1208272053954209,0.05493707266498954,0.08957415832187138,0.04882701930892166,0.11566931795356335
0.07727927922244539,0.17301258131577246,0.09697168085044856,0.10243160915183624,0.13266197650256142,0.03471551614003076,0.12478019701358085,0.1562613879635664,0.10188577183975778
0.09167912138798749,0.14507113224967857,0.12428102639984562,0.11182517308380642,0.12030521151349072,0.12496142299023101,0.0716263556995084,0.09450203274020648,0.1157485239352453
0.08558852223286086,0.06180498417262952,0.11295308289975416,0.12300395648265261,0.09560573157719036,0.12787290351230338,0.209421228269286,0.061535420693106836,0.1222141701602163
0.0833893054630694,0.08530173229626185,0.07421956338013048,0.09781319827822905,0.09907485971252812,0.30483764791890255,0.07133242308866387,0.09444719577906385,0.08958407408315076
0.1366452250074364,0.1931307742950671,0.10629445992891738,0.09940561550461356,0.10308206501961215,0.06368647536761174,0.0648696957892323,0.09505272907016216,0.1378329600173472
0.0772689742064013,0.1361951591841645,0.10035305769263075,0.14386968338424597,0.12017269673580074,0.09916151648572215,0.10340537186171227,0.1089902883730028,0.11058325207631951
0.0913082826973356,0.09615256990325122,0.10599665030803901,0.12201059724333659,0.12353599244381692,0.050553242935347714,0.0930542049167689,0.20085277130659754,0.11653568824550643
0.09437810224680503,0.04669197351588555,0.08263564526345969,0.08646885747018308,0.13980434268444553,0.2633866620500864,0.055196068931634396,0.11993803138240473,0.11150031645509556
0.08650692933720877,0.18190181687747572,0.1130700825976028,0.12365767267516188,0.11843457063239261,0.04424645620452048,0.13520369130578744,0.09294302011958168,0.10403576025026871
0.13225563696596992,0.11907621288472255,0.1140578115706149,0.10737575057963283,0.11243122682427698,0.07053174707493952,0.13362247480345318,0.09507546437608998,0.11557367492030014
0.09371848005430154,0.11604494843486213,0.08366449455092011,0.10133340417960877,0.11193074815650743,0.2086104002389928,0.07871118832697654,0.0896535298223063,0.11633280623552433
0.08670968862909567,0.07593599558025295,0.1348888920381129,0.16803123743480097,0.09772681777623267,0.034697247522544696,0.16234895173755373,0.12762794989412996,0.11203321938727638
0.08886257715263218,0.05089842972782916,0.08445162879188178,0.09356719323183565,0.10447000791845502,0.2720830790844468,0.12614827103452547,0.07965586020856458,0.09986295284982942
0.19031957882497544,0.12721098630265587,0.1085416393307387,0.09435099690129171,0.14692508819453645,0.03568574647900991,0.05709377729247345,0.1509667716298175,0.0889054150445009
0.09737336405474774,0.10742287470817802,0.0963073932352167,0.12370553509617144,0.11864607820660755,0.12792312183961596,0.1334108206627733,0.08279556751544291,0.11241524468124638
0.09738521102287641,0.07924484637457152,0.08052824895662243,0.0876631044386334,0.09312441751124305,0.22218523606744903,0.15845734037103643,0.05665304685519751,0.12475854840237026
0.09371946799414971,0.03810956324263188,0.1003883227636676,0.10953012902443937,0.13282932553114005,0.17883008060808334,0.10233864589881825,0.14363261452869494,0.10062185040837486
0.09023583330771508,0.10223906759919014,0.08465071126373341,0.11034997550753482,0.12243053517052886,0.25924735720420256,0.061778801427558094,0.06162207479883693,0.10744564372070002
0.09287462349094301,0.0735358531484715,0.10831287339201039,0.10403423570578336,0.13831618340539995,0.17629087306538097,0.07573641654583683,0.11136964595351125,0.11952929529266272
0.10159648587063685,0.12517437905810447,0.1120195052093269,0.11217980583488446,0.12254112670002643,0.06307646512162669,0.15798199984930436,0.09931629238061455,0.1061139399754753
0.08918793402786795,0.27626998539495307,0.10835061138564744,0.09491473705719668,0.11822298554231199,0.11042339505320725,0.050533810281529035,0.043982041588484816,0.10811449966880167
0.10961846427972328,0.07267108704161351,0.09500771695068484,0.11413372065597516,0.07493497092654945,0.17800288576690956,0.12774696532064067,0.1378979402873453,0.08998624877055816
0.09822576959119389,0.04598859095679291,0.11320710513197095,0.08407788066994192,0.10041604496694499,0.2283643541705965,0.1330532652729933,0.06072381598030566,0.13594317325925995
0.10199190780331041,0.06737797164942606,0.11391760581658024,0.11144320772744719,0.12420935876993296,0.07954366168312312,0.10525944675016141,0.17576779630118392,0.12048904349883464
0.09899504772162354,0.08873997274574053,0.10829842081551033,0.09130800261485894,0.10890777206911063,0.2429250353122707,0.07295219852712835,0.07485438020060499,0.11301916999315194
0.11629406516514612,0.08066188377084077,0.10813887782117727,0.11250149605779598,0.11267017142777425,0.0975450771379646,0.1302911276385287,0.1415671167471967,0.10033018423357558
0.08958731416314163,0.054528262207320564,0.11156046558337603,0.12303087731434986,0.1453212403443631,0.1881616152712096,0.09226254156612472,0.059574286557491196,0.1359733969926233
0.11595994243166922,0.2054714538026939,0.08687274803700744,0.11306092369352483,0.11424751737939369,0.12237462921406429,0.10732324287660744,0.054360046299768615,0.08032949626527046
0.09719559457117295,0.15930257992550986,0.09929769446709019,0.08560859655630715,0.10511131779279576,0.19497432301402604,0.09782786273590939,0.04924640509592698,0.11143562584126172
0.10544879171271697,0.07446383662395971,0.09710833867685958,0.10514147748131124,0.1219839967285576,0.14212675538148067,0.08125423195309289,0.1662136901876827,0.10625888125433865
0.08004447402214958,0.04402322523117574,0.09687374792095872,0.09786303242106503,0.10745727768241314,0.31241544470332255,0.09784909919338379,0.0643365630983751,0.09913713572715625
0.09276817168892047,0.058998515011793005,0.11328410183175251,0.13080062893213237,0.10334852145838906,0.1763637624713729,0.11991617706826278,0.07285612955921074,0.13166399197816617
0.13723455741800986,0.24809322974087078,0.11692595605276568,0.09815483351021953,0.11888716539353804,0.027782080566271017,0.048105115703556266,0.09277758175796175,0.11203947985680719
0.11572525970970397,0.07508318762952171,0.09871411873116671,0.09325856878442368,0.11903139946786086,0.15401647287471318,0.11984228660184522,0.08114681063481834,0.14318189556594624
0.14314437071725117,0.07416144001658422,0.12937290451528186,0.119173691464165,0.12062839866348522,0.11350877358948382,0.08028904016029859,0.0953256998545144,0.12439568101893572
0.0908652951797065,0.18013914279871956,0.10441586929634139,0.08616788092305806,0.1586605372361323,0.08147597245853086,0.13552215183867253,0.049011482465692396,0.11374166780314643
0.09754314603247304,0.08851797969035512,0.09592457977220585,0.11928309004744238,0.11216108996187157,0.11684602663125454,0.13445535249703036,0.12263249852287182,0.11263623684449532
0.1436157422950308,0.0676408107438723,0.10491769840245774,0.11700666995861915,0.12030701031819552,0.0482579237890182,0.15331508363800767,0.1374959272234425,0.10744313363135606
0.10144418378457142,0.16247685949941568,0.09549393677788091,0.10112666782815098,0.11406654482935459,0.1437236713996038,0.07981259046827514,0.08655470384967673,0.1153008415630707
0.10720153143717899,0.10381590263422362,0.12785151176354068,0.13877318934649335,0.1108720464650359,0.05972094850468632,0.08574286460859078,0.17683296084008934,0.08918904440016118
0.09112065870174556,0.024359209048120462,0.06720273522615335,0.06680935242931718,0.07322568112709905,0.42674348427397796,0.08474332909639655,0.07053787172798674,0.09525767836920308
0.0994364741357552,0.11872737842300556,0.0869071333497438,0.07788886316530515,0.12438002998925664,0.2558164228144181,0.06022978042352004,0.05618693277384945,0.12042698492514603
0.10970424103803107,0.17657811171972335,0.09770851003033222,0.10363043798589157,0.10169768378007905,0.08462449849281199,0.14476147801241965,0.06519861394595168,0.1160964249947594
0.09385948566081342,0.09967631853482146,0.11627487312088843,0.13473872680440172,0.1042986705708595,0.08420405842885541,0.06830489608451147,0.1828555061775263,0.11578746461732232
0.16357297392986972,0.0383029390939574,0.12335245875245426,0.09497733640519256,0.12436653546508551,0.08286896444255355,0.1378714023434102,0.1432223335832138,0.09146505598426292
0.09797677993489967,0.05346328080202065,0.10300334798588373,0.090424356594534,0.11456847022479233,0.16623499101117198,0.09238714280112892,0.14635520724243178,0.13558642340313695
0.10290381576283869,0.13747931300190516,0.10560900474460126,0.10689912272001989,0.11430504930919878,0.104883841112409,0.08242685883545885,0.13027202989436476,0.1152209646192035
0.1151336217002541,0.08151040196294175,0.10520096732752489,0.07794484139640474,0.13656527282829348,0.10457608322780364,0.1810937294958663,0.07210732567264636,0.12586775638826478
0.08977787320452951,0.16318682964335868,0.11277867280762659,0.11386321112805912,0.1320226733309843,0.07421184594529774,0.14141781940804088,0.0640457374728144,0.10869533705928873
0.1575734242523012,0.1851817003548655,0.11544567074904759,0.10744663921299484,0.09327419554544869,0.060603897259029156,0.03550356030595863,0.13680712711931395,0.10816378520104042
0.1090630749459676,0.08403315433430487,0.11720641334134185,0.10192541979408593,0.10110591685756169,0.09369894236736986,0.16225699613761607,0.11077956506574026,0.11993051715601177
0.08245817550975518,0.0886634372443476,0.10104075202076453,0.10266509660792023,0.09558792998377263,0.22826781198005322,0.14591921997642837,0.05978000535825833,0.09561757131869993
0.12953133198087308,0.19871898748554281,0.1053572122883351,0.11918870626646234,0.10688954891362441,0.024032049628855124,0.06406248084766658,0.13049630368158657,0.12172337890705388
0.1778922400598898,0.050298213947650244,0.12045552666556066,0.12369687219194943,0.12172820887734138,0.05299547354328151,0.053965937880859134,0.20524060859339113,0.0937269182400766
0.20349684058137515,0.1556280309980343,0.11781745579596149,0.09536185207187893,0.10941432404512745,0.015551817090291355,0.052862410552033424,0.15917875201921786,0.09068851684608005
0.13617040168220387,0.08748526293225871,0.1304306724039885,0.12589598564744545,0.10684524359689794,0.06804971148090289,0.09784243694963768,0.09914449116911213,0.14813579413755282
0.13441351379200983,0.1006415625966287,0.11510490897441879,0.10179943490711785,0.12756739088917077,0.11124596051545453,0.07367468948184454,0.12306279029380691,0.11248974854954806
0.12873123977125736,0.15550903320534862,0.13848078715099524,0.11909120955265858,0.13027076860482587,0.010660432446058748,0.09864588229680815,0.09790825678763544,0.12070239018441202
0.09996081825307017,0.23900723826806583,0.1149780531920932,0.13577838734634154,0.11166091268051509,0.054906287732246005,0.06339436980348928,0.07133591486247912,0.10897801786169976
0.0974433585227263,0.13722897807461323,0.1356957724136211,0.10820363841271076,0.11895439092971642,0.04665647819854232,0.20102801660901762,0.05572089788298026,0.09906846895607202
0.0986334179984329,0.06955086660071734,0.10443895821442019,0.09312329419922455,0.13188955883146358,0.20503932360661858,0.1119192899566972,0.06676696119818837,0.11863832939423725
0.10692164081881932,0.04173248479086308,0.10655729267403902,0.13033080611993705,0.10326740326742885,0.23430852805857486,0.10407392793274846,0.05826122535666479,0.11454669098092461
0.08706610221603144,0.04977562512212785,0.10274408528867444,0.09833544563135073,0.11489750263649805,0.23308358707175317,0.07896377804781773,0.08413815926729522,0.15099571471845136
0.1481565904287124,0.19051389769580807,0.1053146795817591,0.08832484111623355,0.12352446774699909,0.11023662230303986,0.06268188499317169,0.06038235451722132,0.11086466161705498
0.08404450836831427,0.09671464452780598,0.08247323955703556,0.08868172284972042,0.10094654782290245,0.22013183462778643,0.13442369056231582,0.08166658641907197,0.11091722526504712
0.09795550965306327,0.12075498437665155,0.13947056487639237,0.13465530465698772,0.15177882443324986,0.026374636925054012,0.09542567404034857,0.1294083984326876,0.10417610260556502
0.10907546998906091,0.06467595719307367,0.13001107718723595,0.10098160264494489,0.13332034775515636,0.06711992355988251,0.07595496051962534,0.1835560930531462,0.13530456809787414
0.09254786498513175,0.22302053288975546,0.10109544994244375,0.11583306828995114,0.11750938582081123,0.0353752123296281,0.059343704530438864,0.11548049833491565,0.13979428287692403
0.09687628233345015,0.05246545853131938,0.12838859294481098,0.09434806291842042,0.14531837681248508,0.1279269830201585,0.08763169395398325,0.13582802876976868,0.13121652071560364
0.10602022056498112,0.10804184370501102,0.1321341186294801,0.11532310668862462,0.16497541722706563,0.07075261683616939,0.08614715236995106,0.0919425896655894,0.12466293431312765
0.15740046855447246,0.05449930364518316,0.11426898730947423,0.0926837346883172,0.09636542929992475,0.12877064296884244,0.156026886188674,0.09200072288492639,0.10798382446018528
0.10614924905219687,0.056734481677781556,0.13482855313015168,0.12305835691399132,0.14228397445283056,0.10032672613641398,0.08344459612637443,0.11958486087849134,0.13358920163176832
0.07870968334110405,0.15399917717685027,0.08831058480248855,0.11916494495335617,0.1216491496023342,0.05235433708643317,0.1737412619161646,0.12412968887239924,0.08794117224886973
0.13314152887567032,0.08659046437979735,0.08012945570256842,0.08509728353781383,0.07018416848121582,0.22579461770158335,0.07146529015643044,0.14421314018432616,0.10338405098059433
0.09421407646665363,0.0741496155932234,0.09756756196831884,0.102833550408664,0.11191313777180723,0.21940019173776126,0.09955793884439261,0.08551737901199126,0.11484654819718776
0.09241852931359333,0.12687751816744666,0.1069385040188607,0.10706677352148035,0.12506940161010738,0.08339060848109077,0.13909405982632672,0.08896574565962094,0.13017885940147325
0.07962017901335967,0.09205294335177872,0.09943605881661903,0.1543115535357296,0.115822571827439,0.1203751113832714,0.13451458665582325,0.09959099727418001,0.1042759981417994
0.07950370192397702,0.05516843566370999,0.07606414132051992,0.09470970184615153,0.10281570268962786,0.32571956348654635,0.09156893120779819,0.07469574603588058,0.0997540758257887
0.09760348624153643,0.039459692998168226,0.09415400433773569,0.11366651620431646,0.09579279265321727,0.2935770899156466,0.12436856179338378,0.05719624520682299,0.08418161064917262
0.12464219293556401,0.13992429475642976,0.12876014004114786,0.1328854815873565,0.11309315549556359,0.08581086691731728,0.04172426885102723,0.11930076384463839,0.1138588355709554
0.10121208245293896,0.0812955777418476,0.0971514172024704,0.12958007488154258,0.14290126931596037,0.11396744185143333,0.1445164698206605,0.0959634719422121,0.09341219479093417
0.08987587129128088,0.1328507788245331,0.10259313598155166,0.10265907746904472,0.14375621460708307,0.06385523607195719,0.17586273556429496,0.08042055168122668,0.10812639850902776
0.08523015299891522,0.21749254387722763,0.09272868910605288,0.10167415982220314,0.10516196508676695,0.14893537553712508,0.07262107044108469,0.07032429144035378,0.10583175169027059
0.11606578145153412,0.0896881759522135,0.14830714599106273,0.1449778954668098,0.13090807115810602,0.06486145819934379,0.06365081442123842,0.11389410770550885,0.1276465496541828
0.12901701071819208,0.04719103878523986,0.0705240832341062,0.06751519518354944,0.0979520002159537,0.2334403738291849,0.08633243867768876,0.16976637750640333,0.09826148184968163
0.13196228930113277,0.08179435725947148,0.12208179377164974,0.11045204204318404,0.14305339788357166,0.09335574661524759,0.1251898048547425,0.059209273476465284,0.132901294794535
0.0996171082056012,0.09270200499098223,0.08871774755826493,0.11226314427731333,0.10013979866050486,0.08108423098820715,0.2338791936027599,0.07153106239574099,0.12006570932062542
0.11443674998297997,0.1835837017314259,0.11217559060735595,0.09393495434489314,0.15580257013624624,0.07232778047294322,0.05036277164851113,0.09322974916364328,0.12414613191200119
0.09356024842900335,0.0855282815899439,0.13189173929127565,0.13882477367304566,0.10114231785317596,0.11131466656019816,0.14879558748550484,0.06155976425062357,0.12738262086722896
0.11054598265317224,0.11061612313776102,0.10874939859989992,0.1057130837926734,0.16093244032092954,0.051580275810467015,0.13255145761742607,0.11884963174839053,0.10046160631928032
0.11853718300793964,0.07906386000680786,0.12282450007220978,0.09134050777925184,0.1241526230454852,0.1613762357006121,0.07438126863769128,0.12231105257480245,0.10601276917519993
0.09122073368486937,0.11087123575373725,0.09183454957408894,0.12442349810320903,0.10873249693666927,0.11633977039823218,0.14054289613320006,0.1152850577101932,0.10074976170580073
0.10540762874859481,0.15241665203840912,0.10875196475832553,0.09962784720663244,0.1021456306654668,0.017585303309770605,0.15276915113183331,0.1644407190787546,0.09685510306221283
0.15414434112983444,0.23442222011452837,0.11457533115539771,0.12079698396285166,0.11306418347165804,0.04825191953515912,0.06181562298350407,0.06178955658433948,0.09113984106272714
0.09415028011440962,0.18106137083815765,0.127626285873463,0.1138534439085241,0.14680159891032282,0.03636065463687683,0.07705050945701583,0.09082427989398406,0.13227157636724612
0.08231085778717695,0.03977838367707646,0.09486555112876616,0.10159759862101185,0.09981876681391984,0.17757558619995426,0.16705311360592198,0.11305350508614997,0.12394663708002245
0.206337006959687,0.0576064014157703,0.08567699693169696,0.08561919162871556,0.1160323819975031,0.14929601525011146,0.054508659721032145,0.1341849159336228,0.11073843016186057
0.10349256651201078,0.14396892103983658,0.10999379730711163,0.08323163049170307,0.1612246447288552,0.07982830571814813,0.12544170187847892,0.06073883207176984,0.1320796002520859
0.12094678497290913,0.11849920968626444,0.11693032849262519,0.07920787975604825,0.11035763173593338,0.07258653385422725,0.14474016671287585,0.11484808774598297,0.12188337704313358
0.14168813748054565,0.07567561435612506,0.12053259958049518,0.13421560106397587,0.14757684723568512,0.07349335465205574,0.09490270499918228,0.09841343285858167,0.1135017077733535
0.1916876858258166,0.07367283770090831,0.116068776668018,0.12398787480764974,0.09768014688264283,0.041559285524947566,0.0997074301331637,0.14198260243872,0.11365336001813332
0.0851336270414521,0.1201856936249861,0.10503701268109965,0.11674232468843326,0.1091815579092576,0.1756324746466491,0.10269913606659885,0.04899078820905686,0.1363973851324665
0.10393294225698575,0.05276523471717267,0.09068925178061081,0.0929129534214479,0.09647701078819858,0.3081581914642087,0.10970259450969373,0.05021288603366492,0.09514893502801693
0.1275737786171648,0.2017543395734022,0.1272515865762147,0.11449136291281913,0.10233748979842126,0.04867175161648879,0.07920905535634946,0.09124968562578445,0.1074609499233553
0.13504353373321523,0.1504023693161314,0.10830970255639977,0.12700997636509273,0.1153949267505463,0.01950732518184848,0.09297859400115625,0.14034123060905776,0.11101234148655208
0.08296544106587089,0.13699472695349038,0.10488504725547533,0.10399214917463473,0.10130815252034416,0.1906198836507577,0.09026328053362842,0.060361437732014495,0.1286098811137838
0.12122504037636024,0.08626360348836398,0.11216850239372385,0.10297157099041372,0.11560571852370359,0.08999345229828563,0.209844714196039,0.055200313132872915,0.10672708460023701
0.09878022655839329,0.06034861940866706,0.12028578080651604,0.14696458893658232,0.11708648967766244,0.09233253569243816,0.15282847003339348,0.11084659577253303,0.10052669311381424
0.10349658960238117,0.1373029801949531,0.09527848605537494,0.10797176983968011,0.1290813975214615,0.11259259769565548,0.09377393241236463,0.07935385257314809,0.14114839410498103
0.09110254475763767,0.24350430528948683,0.0895711978164544,0.10144124802262582,0.1148605962343177,0.11509748754301656,0.09899349087075315,0.04886474601075724,0.0965643834549507
0.09709400629720466,0.1088204312058393,0.09765058269181583,0.09648814792950478,0.10476045121429728,0.14072813675301557,0.1290939108525249,0.1004282854823421,0.1249360475734556
0.10354057498044678,0.07596972794731456,0.10447981995566959,0.09442803578703918,0.11957279641350792,0.07736683212706767,0.1414332328246182,0.15156983416938388,0.13163914579495217
0.19857789921738198,0.08925989716038303,0.11129244315410865,0.08830830833009647,0.117078115947718,0.08536527878813253,0.12100279938349968,0.09696126060259845,0.09215399741608117
0.0826585623736092,0.026943567930169252,0.06120572837324605,0.0756748997446337,0.07327071865781974,0.4620625811254882,0.07950244486930368,0.057922490025447144,0.08075900690028291
0.14118713183572626,0.051703264906622935,0.12638486219833575,0.10138624954685517,0.12467741103983802,0.1264981953463375,0.14211427564215148,0.06549813451398463,0.12055047497014824
0.12168747152344879,0.08866557839358737,0.06590788309248984,0.08448329024394997,0.08295825467931163,0.2882617777722288,0.08216470723967681,0.09718616490452762,0.08868487215077925
0.08311731804991188,0.06214434693931831,0.10402807671299479,0.11256404215006637,0.11349423082619055,0.2172595890781578,0.11043199811475946,0.09096593452483732,0.10599446360376358
0.10445857245426586,0.03565253175769414,0.1033349800343696,0.0847597806702276,0.12435847597444394,0.08338177048497715,0.23517144692015102,0.09339416302176451,0.13548827868210614
0.07404608528690147,0.034770678724976474,0.07583442493770765,0.09145975556317691,0.09888820988746638,0.37277978397072226,0.09212164347071239,0.06698094550699124,0.09311847265134533
0.09717934961947317,0.22054392463631833,0.11276551214309323,0.12361008634223099,0.10822238220769266,0.07816483975013179,0.05560758533346296,0.07669313527902505,0.1272131846885719
0.09695811492622924,0.08979170047218908,0.13332952884315472,0.09327409334744219,0.14592562223434993,0.05267925432155914,0.07061469155818462,0.19085716868515754,0.1265698256117336
0.13180013840785187,0.050440277213329665,0.14369693042285514,0.15585609195692682,0.12016308232655974,0.10646338427557618,0.07716739952950376,0.06363172602147293,0.15078096984592385
0.10244303617883331,0.06329957286893088,0.13228041798351853,0.07435203305429641,0.11911886539404203,0.14657668787303993,0.170231975630338,0.07286504324537302,0.11883236777162787
0.09148676267546968,0.09721850939182035,0.11132463216422862,0.09934434436614277,0.10820538083966741,0.173943565973403,0.09176191640607768,0.11417744417490527,0.11253744400828518
0.10102949981508795,0.15312359882071516,0.09555845668677466,0.10699786426948986,0.10630473758197723,0.11786528456964561,0.12513135522274524,0.07437105984133331,0.11961814319223096
0.11283831312987143,0.12575345272090457,0.11770272437231284,0.1130978487765228,0.11458487326340898,0.08744597025078803,0.16413809255207157,0.06035530456577572,0.10408342036834406
0.08513847976434886,0.08640604743504937,0.09609569068037553,0.10485075603613529,0.12158094023926334,0.0331767126183558,0.13859704099823458,0.22862627185390003,0.10552806037433721
0.09438893642324668,0.1681665643017878,0.1220955284572363,0.11941893390021552,0.11957562216028912,0.037959968115996605,0.15109988136905592,0.07708931042513684,0.11020525484703518
0.12424091557566193,0.11607289557498014,0.10920387814757294,0.10362657733989548,0.10806414418187114,0.06483716371144845,0.15584805323311857,0.10905173782645279,0.10905463440899854
0.09999154469028321,0.08883366544132704,0.10942875837149783,0.11712752331885744,0.13941242375980195,0.12176486824540327,0.08743803381230585,0.08632628468142167,0.14967689767910175
0.07891571684332392,0.17959225704032455,0.12946318123165737,0.10392105149534227,0.1225739960827746,0.05682125718054507,0.14800851400838286,0.06843868464348533,0.11226534147416413
0.11490354067281279,0.14729695463561662,0.10689570459735027,0.10246262793877703,0.1215787381843257,0.06397942286720189,0.10797252675130391,0.10813723505063588,0.12677324930197584
0.0934450783668943,0.07884600852719979,0.12597518627838108,0.09823192509117727,0.13685539920313264,0.14021584152460673,0.1476781834187693,0.05753990476732112,0.12121247282251774
0.08549069268571047,0.049560826768709716,0.07407621608691677,0.0880398190591382,0.0765950980487386,0.3659219519130891,0.07452575987578196,0.09675271180847402,0.08903692375344119
0.09151928625862005,0.17103817899132126,0.10832289649264604,0.1134857979797705,0.14461716333277974,0.050586481749620625,0.13872444250606097,0.06367758236566294,0.11802817032351798
0.09842468910207681,0.08207147584261099,0.1181836405665649,0.09042935516719036,0.1186743682550855,0.17310347637472437,0.10101568743477406,0.09484723254899803,0.1232500747079749
0.11365694414625312,0.13429893684954786,0.18444212723962927,0.11204340635132493,0.10898497417411958,0.06188189820267619,0.09307973640630703,0.06369834653525447,0.12791363009488746
0.19231177930037147,0.1436195388833453,0.12261684567219945,0.09694053621892773,0.10426808698835122,0.059648936094117276,0.07068530257157425,0.08652363315757239,0.12338534111354092
0.14845897642627487,0.07230047987736332,0.1399000802384294,0.1128433060044074,0.1316274454740439,0.07568904738073096,0.0762844676808251,0.12268882396141952,0.12020737295650552
0.12653260223409982,0.16611033250611618,0.12537906791772344,0.09375799602505668,0.12218449449473238,0.047639080767668394,0.11946358222962494,0.0686640237239725,0.13026882010100563
0.10048456530226851,0.119487501330946,0.09989806758633824,0.1121742713539871,0.10255653231758861,0.12312207675614621,0.12422268181179451,0.0868290821262641,0.13122522141466672
0.12101515386664947,0.10219683538195606,0.11774449180567842,0.1098409391249041,0.11161460378641967,0.19407519400578577,0.06380131792262123,0.07035839440481151,0.10935306970117377
0.14118713183572626,0.051703264906622935,0.12638486219833575,0.10138624954685517,0.12467741103983802,0.1264981953463375,0.14211427564215148,0.06549813451398463,0.12055047497014824
