0.12239728730798694,0.09853701582678505,0.1782795311118509,0.09624148719195524,0.13278355588301452,0.07321809537205211,0.0492363385722255,0.09504292402589987,0.1542637647082298
0.10204675195964664,0.13325094442640087,0.11761444273605214,0.11679309243834761,0.07316946812766889,0.13112515299927588,0.0337267355612078,0.12875813887388385,0.16351527287751633
0.1090210776848578,0.11183737043827242,0.127204911703106,0.09220303142096105,0.15114825473212126,0.09381283060427503,0.09752116416248797,0.09558469134139436,0.12166666791252405
0.04566602307972322,0.1059095833384877,0.12605529002014346,0.12506432063296943,0.2448644485361888,0.13229311343542552,0.029523195263873852,0.06756564113780739,0.12305838455538069
0.10137872560261807,0.16510948663186853,0.0980393363205632,0.08794019884261257,0.1858157256755292,0.05863529686365706,0.042496387779954424,0.09401294792646357,0.16657189435673345
0.1295742284297566,0.12343547335290046,0.11043159793504013,0.09879088836348142,0.13309731962378243,0.14537977072540553,0.08400567558125893,0.08738986584837584,0.08789518013999874
0.05221073232297283,0.11978497742083218,0.09602467112673994,0.10258921599494274,0.08520522598371655,0.17677834326976902,0.08902460184985184,0.09908903777088461,0.17929319426029022
0.1771950439263773,0.10506430807229472,0.12537407389882002,0.11001398512251849,0.06287769566990047,0.1016871720296207,0.11763495322790025,0.12382858195672601,0.07632418609584202
0.07077679430824245,0.12475513521886317,0.11024168821941784,0.12220780099190111,0.12378930608095406,0.10067574899239011,0.07096822107603165,0.13927452282229238,0.13731078228990723
0.02901862733136994,0.1633032432569149,0.11249413383373925,0.2100767967118561,0.1445929864086902,0.07290953560154778,0.0656351242820653,0.10127734393123088,0.10069220864258566
0.08845502532419543,0.117380559615246,0.10635515506654747,0.09895889741873669,0.10456752723400597,0.20251099845574974,0.03578000581694056,0.11454867762233541,0.13144315344624272
0.12015856074876903,0.1345782218631026,0.15514723107738812,0.10276769990568668,0.09696620719414444,0.1098078821835952,0.08091538534955962,0.10879890992096579,0.09085990175678861
0.05918519838947368,0.13864703565537914,0.11444919420639972,0.11279486780658081,0.0846009984638496,0.1364857499116331,0.09376507806333596,0.16139540424276974,0.09867647326057825
0.31398928030475665,0.13412378495582147,0.0981518229958583,0.07648544049299356,0.09285738463234312,0.05627746313625872,0.06318928510418713,0.07826654116198296,0.08665899721579796
0.22259962534814637,0.10711290737270028,0.13953206176357177,0.09880919374017887,0.14072237297832582,0.0865643793078424,0.014313734247722134,0.1262658938796809,0.06407983136183151
0.11688381892311661,0.08399813008604634,0.1339774637256577,0.21591028026262707,0.07643372084797266,0.06118137665794985,0.030780909881531066,0.09465013338310453,0.18618416623199419
0.0994199134460888,0.1078349610180076,0.11736476471699193,0.07615719100031457,0.12118538311320322,0.20953908194005952,0.14991852367601105,0.069010805621532,0.049569375467791256
0.10971731779516992,0.10191978241098883,0.09654837285963873,0.07435258725412563,0.10888511222206698,0.14183967287785512,0.16445310124449983,0.08227065748390801,0.12001339585174692
0.1472477186731962,0.13967682115403013,0.09600656630895028,0.0653924545617166,0.10347543412656558,0.0897941903018009,0.20025506059477285,0.097375356210615,0.060776398068352465
0.13597299567603136,0.10613982333247259,0.09745215694128506,0.08643194148133326,0.04515074830167052,0.08627694175300891,0.29165865719992506,0.09156617366257214,0.059350561651701085
0.18944483830202605,0.13475177671379232,0.13336042243890658,0.11392938680990687,0.09376203802195661,0.07164668763939408,0.007150984451896827,0.1245673756950566,0.13138648992706406
0.08365325460975752,0.1615328337119968,0.11953400342807359,0.06434072740301779,0.12387185249899173,0.10106293464746317,0.0588009270916221,0.12372800207617733,0.16347546453289993
0.10351599748469281,0.11464132954799523,0.09305868995820264,0.13197266858049508,0.15326938232192153,0.12316822444420483,0.09065057841397994,0.1096601997258056,0.08006292952270228
0.10395762815834418,0.13878559272503466,0.11968394220626477,0.07243577993860771,0.0961329745700285,0.15159748450375973,0.11436458178861016,0.09683009583228598,0.10621192027706433
0.041290494551835706,0.1280866109350978,0.14494575872598314,0.12525977655671897,0.11812268234533485,0.08702821871938111,0.0444591168381668,0.18085006913828838,0.12995727218919317
0.0776571917753295,0.08784559582699596,0.10580520795145405,0.23214218862944214,0.12943949834373386,0.08084409169923568,0.04442214336730279,0.12407608369841727,0.11776799870808881
0.444273549874087,0.1020299388786043,0.06729052322324104,0.03246037981409152,0.04731151933683842,0.08686779888465347,0.1287317416583894,0.06010951717442151,0.030925031155673233
0.0634407828578912,0.12459844123187513,0.08684626275116551,0.07875695266698463,0.07475911209212388,0.09923362031844296,0.25117855987060506,0.12341100213683605,0.0977752660740756
0.2032491218236215,0.15027687206489784,0.1262122750546471,0.12603951206244418,0.06721974225385267,0.08120931568886505,0.10485060957782959,0.10419421065922828,0.03674834081461378
0.032019496028959586,0.09294136892193439,0.11296485145496504,0.14779583036279628,0.19195861782146525,0.13052367408847296,0.042050376735191485,0.13318431015460044,0.11656147443161448
0.03962895371086495,0.10639403261489633,0.14986465797382545,0.13693693074887203,0.1036241713125569,0.13396051517905014,0.03438170181035472,0.1483680309416415,0.14684100570793795
0.036865793611255755,0.08663481848449989,0.11151416933294385,0.11205934754414941,0.2370930772090544,0.12119283968729966,0.06380649379359661,0.12900368878226412,0.10182977155493633
0.06319941605219702,0.10732884571014538,0.11851805863874813,0.12376522701908539,0.1532188639712422,0.047987121232801876,0.05764953691012257,0.15290377184723777,0.1754291586184197
0.21423733830392447,0.14968989529541168,0.09527496241603477,0.08797140338959371,0.15950849663774289,0.06333209372717413,0.03706838576478478,0.09527485435160371,0.0976425701137299
0.12405582284201568,0.10824988457146652,0.11958648122605509,0.09598411559543303,0.14020037480739345,0.09669476452578397,0.1124275557172875,0.11573528045215326,0.0870657202624115
0.16199908930446008,0.11908828673958476,0.1186649885999445,0.1105970301678883,0.08716357574950735,0.13452986226584426,0.08729071814658501,0.10927730858013263,0.07138914044605313
0.12311274159986214,0.10018227535975481,0.09565717292961147,0.09836478104361364,0.09756303175787018,0.17083696553962438,0.11579627296274238,0.09547641570091375,0.10301034310600733
0.157178827458241,0.10973304685008821,0.11417909844034176,0.1380399095318211,0.14291401754018973,0.111608971992262,0.01924079218178053,0.10772222714195635,0.09938310886331918
0.020201587059831244,0.11219958658934863,0.11591351903321356,0.13253316261301862,0.15651403606800066,0.12802273858840404,0.07911253804460593,0.135648705261505,0.11985412674207226
0.371153300742626,0.09165636265450267,0.08757673944149237,0.06407999544349002,0.10924483530136525,0.04526825361224934,0.11316407143624924,0.05946214293361102,0.05839429843441412
0.040366845250149504,0.12443838641400508,0.08385936902254608,0.09942750353290247,0.04739853735760404,0.16447568560571738,0.28804493506793755,0.06863775557727327,0.08335098217186458
0.038835059598341166,0.08135842689976074,0.0902728288330696,0.1620094944728188,0.0656413552391469,0.10685668421339056,0.11119985157010726,0.1446431405240275,0.19918315864933755
0.09820028850659292,0.08759173774045496,0.09496372492376377,0.12053809836973568,0.22986154597738348,0.07438168607026646,0.026881225189741776,0.1108274224388555,0.1567542707832054
0.11049778124953319,0.13578117889029687,0.10332548140500523,0.1093334253736104,0.14089379763929996,0.10883910634494716,0.027103223990928304,0.13963269203455586,0.12459331307182304
0.17519057220189685,0.10469236062472419,0.08848744323170922,0.13709171908843235,0.06992756066105414,0.1388939718514257,0.021487716232325548,0.11458876346334017,0.14963989264509178
0.17946758397512286,0.09988802123059232,0.12804507643945448,0.06735171740112593,0.09325853233973902,0.18223774379081714,0.05557653256405967,0.11008799644016098,0.0840867958189276
0.35565885167878025,0.08846312724104254,0.07464022982749678,0.06389725395349373,0.10318498900747454,0.09877212558389876,0.061977286617403475,0.08566322248716789,0.06774291360324201
0.23926265521971987,0.1030755161884319,0.09198216034136401,0.09615616075936284,0.1058315242183976,0.08037595480625322,0.04315163986710204,0.10598119350752151,0.13418319509184704
0.19770613756547242,0.13788271475891048,0.0935481375476074,0.0777682312282909,0.143414780855905,0.0954314975964401,0.05773338624157074,0.12182378868847286,0.07469132551733006
0.18155248964510942,0.15438041326618715,0.0833048406021244,0.12281437586703897,0.044717788257346014,0.08115278361643018,0.18365764885315328,0.10892299269716531,0.0394966671954452
0.2105553581272849,0.15164225226287767,0.09627981308942359,0.10218485469943146,0.12275345939537581,0.08500700565585571,0.07938055505014177,0.09347228028649046,0.05872442143311857
0.169367027250248,0.10986204585041233,0.11897504660502332,0.1279997071794398,0.08777932276468003,0.08432295422599294,0.06095996975147299,0.1137640449194468,0.12696988145328383
0.1001717543943823,0.06954973948070399,0.09442511151525035,0.1310003889306909,0.1988056271732405,0.07156014164631234,0.07523891126953029,0.15128107867292398,0.10796724691696535
0.11040202068069932,0.09421743482563649,0.10762055196669447,0.19938482758465223,0.11158266627353347,0.08347951165579572,0.085980999196666,0.08514256775080169,0.12218942006552048
0.22824193613683452,0.09234229865121606,0.10481988249013685,0.09162751375556104,0.14909643114153118,0.10291877192415132,0.06842767707051184,0.09523118416294685,0.06729430466711027
0.06555681255328934,0.12079290431645472,0.15325901288120702,0.06458914844068432,0.19478252519664174,0.13744843184430558,0.03864774573726059,0.1043495615510196,0.12057385747913722
0.10974333644068011,0.12442984619433727,0.15052539938501777,0.06697763153569436,0.10944729527447156,0.07544909378207783,0.12924730191647285,0.15923913049197577,0.07494096497927244
0.05523439204332629,0.09176333652737652,0.14195011937290727,0.11740392494978034,0.2157116130174358,0.10304322186775627,0.07797317607377748,0.07146533708339194,0.12545487906424807
0.12775210098439074,0.11832440769490304,0.10079506261872444,0.17097145511920345,0.0845718022427266,0.11315297995460094,0.12388111305168303,0.08111420039433405,0.07943687793943384
0.1618168204491198,0.11058987245644374,0.10114133485818748,0.07849095569387933,0.07621895011646901,0.15287305403870421,0.15521032580414887,0.07946526198175753,0.08419342460129009
0.05107522812378045,0.08086734442156546,0.11454933380883814,0.14795768355318117,0.19973582782598953,0.07219658631188763,0.04909253234732542,0.12471689951186637,0.1598085640955658
0.08776099872835601,0.14004424169678822,0.1703258523938771,0.1333692870935062,0.10661573205006536,0.06907751046684173,0.05345592271770489,0.11333422609009018,0.1260162287627704
0.07165965513488416,0.13032285312892686,0.11415022064574677,0.13265988954054217,0.09477897668827834,0.13834750049461994,0.04606650710495173,0.12986951999453056,0.14214487726751965
0.032463931097551905,0.10363100869257007,0.15403509274471264,0.1574152563738829,0.18569649928890053,0.11554435310636692,0.015444552337903913,0.12821698659591557,0.10755231976219555
0.06365718724991813,0.11155076727220009,0.13098918105469934,0.12792779337526014,0.10836866196091015,0.10222247132037744,0.08223047979887525,0.1384039105807157,0.1346495473870438
0.09303436256219304,0.0985349518410078,0.15206466173192412,0.053666034172868325,0.1250380744066603,0.14259852027870168,0.06776803272648606,0.09149072003314485,0.17580464224701373
0.1720038486367187,0.16580828753835566,0.12596526177674774,0.07347557122250632,0.13962467132632148,0.09631663100737446,0.06968837010792793,0.09219455163679591,0.06492280674725177
0.12422048784233637,0.08969273156440201,0.13431179201395177,0.10480608924518316,0.08850473219643971,0.07957315280329126,0.07120678066319625,0.0908117796088157,0.21687245406238384
0.11449355658471701,0.12112930990542119,0.12024615167236254,0.16400335658027168,0.13290804557832178,0.10261249761355701,0.020698374896553216,0.13391996431648232,0.08998874285231333
0.13358172675431682,0.11751304498971298,0.10423945686714224,0.0922637911173216,0.08406104485882655,0.1075864810075617,0.029525778770867723,0.18951048400888607,0.14171819162536428
0.06762476368160565,0.11531641437336344,0.127346862291401,0.12580123049699607,0.13839827064589552,0.1263139708014608,0.01866308766939786,0.10001221186999258,0.180523188169887
0.23481234166207599,0.08150103836065681,0.08926895116365367,0.0652446981066702,0.10577315771557322,0.15524993825856778,0.07142785097713472,0.09009202573258485,0.10662999802308278
0.039472400308075084,0.10511127765362444,0.11263124763372534,0.09975150233954803,0.11124787178999222,0.07085088880184148,0.22947026804832318,0.07715747926693739,0.1543070641579328
0.1780574087991674,0.17159888915929167,0.10285505888093605,0.07114597393361084,0.07954843986079958,0.07944637798509503,0.15841755336385363,0.08812213339820818,0.07080816461903755
0.07917570153243242,0.08920968028716973,0.1053496025090387,0.07698501292898477,0.12841426171431208,0.07268502336798714,0.20948859938626008,0.12657838528263532,0.11211373299117973
0.20960438596557696,0.11905166907099729,0.14648556953694739,0.09467379602344984,0.11558202379347694,0.06013558887873377,0.08729160784046368,0.0742943519644756,0.09288100692587851
0.3668904833597384,0.13495004691129842,0.09456535645276098,0.057224707971895265,0.056413865257694186,0.09687359196623906,0.0921404831207655,0.06141680579796612,0.03952465916164221
0.030895617837747733,0.11080611380768923,0.12253022142299685,0.08682978886326627,0.0989856298540653,0.12192043453503937,0.06827366005167068,0.0842331722754935,0.2755253613520311
0.06194481104369115,0.07905052930980465,0.13848648596648605,0.10302735844968634,0.11708389214873934,0.2428361825473433,0.01974749961114344,0.14517259598022111,0.09265064494288465
0.08002286022230502,0.16514857033496533,0.10279378470390406,0.06724135848262629,0.1100568905138193,0.10119774845636402,0.0498974214379885,0.16777466001769223,0.15586670583033532
0.2940325644799165,0.09665513706815206,0.12879199307358102,0.061173396093328974,0.1005073885971071,0.07067209478741644,0.06103960267454719,0.14012561368516332,0.047002209540787564
0.06407729866407987,0.07980580336552046,0.09182646639813496,0.06985896363342879,0.18999471268205578,0.17485961875576392,0.1596277850364798,0.07982801419076974,0.09012133727376663
0.10753501818592325,0.10705915604938436,0.1085991054561377,0.058079622565585694,0.180697766013743,0.09521743940851012,0.11018961507403209,0.126750855147992,0.10587142209869181
0.06474362507729954,0.130437121359658,0.14962953684308558,0.14240500095352684,0.0647778482304841,0.10778701693850574,0.04730998187757581,0.10625837222701973,0.18665149649284463
0.1105342603066637,0.08330539303710556,0.08258328610757353,0.15545425382393133,0.2011880829651355,0.10184241544913668,0.028534946434301472,0.1045715245691801,0.13198583730697228
0.20435519327669105,0.11042152388513304,0.13098742200964977,0.11392587204701034,0.06772380599573359,0.09029888215215987,0.10479865706675266,0.09875864425774493,0.0787299993091247
0.024146757616271775,0.10873351504582603,0.1029257982393008,0.14062816249230317,0.21678848823547683,0.07474452096436314,0.016319156194083643,0.15415455505861728,0.1615590461537573
0.18817340343437441,0.09485595835128945,0.07940077730948743,0.10078971309799108,0.04791327988485966,0.0748235544420175,0.24381212951941897,0.11925903685815063,0.050972147102410846
0.22498833661585685,0.11613976168503004,0.11378637354908583,0.07299282523150673,0.05463446000114471,0.08345519016020116,0.15782410140285894,0.09321124194712088,0.08296770940719483
0.15215723906767945,0.12163942723028465,0.12566800917330992,0.09288674719370121,0.060373549321201016,0.11253797516837194,0.08056014455485418,0.1255164996159699,0.12866040867462766
0.08087415824697217,0.10544262651628274,0.1006297212746759,0.07673410930665077,0.16441142428027986,0.11993374385782272,0.177201060366716,0.09092251413533138,0.08385064201526858
0.03736626030598154,0.14175143085472683,0.12921730424987685,0.17444175934330822,0.09397968009631429,0.09686865016110086,0.0652763459568152,0.10382626289252499,0.15727230613935128
0.07737416745614205,0.08375427314328497,0.10644746599774231,0.15196021311500965,0.09361216982835784,0.06989717748829999,0.10211457440928046,0.07554732097845535,0.23929263758342736
0.1758370027260383,0.09921662821331034,0.10685339371425202,0.07870471006792511,0.12323325121946362,0.0579994861987265,0.0760427350538616,0.13185680146654857,0.1502559913398739
0.15361864623132165,0.08660439654002373,0.11308154695574825,0.11466638810201564,0.07876156996743104,0.1399701974178614,0.016519000814198558,0.12683141949111326,0.16994683448028644
0.10507679430596552,0.08939070847153369,0.10862313391274166,0.1151505316045139,0.09156930878947102,0.21918759744454075,0.1157035306100121,0.06630948200216824,0.08898891285905319
0.281919804309056,0.09378285745673327,0.09155864328763835,0.07578156311914182,0.11236260742281845,0.08620467257492721,0.026706793891452096,0.10662480370480824,0.12505825423342462
0.17672850975963908,0.09615464421050955,0.11832039072978728,0.10594906764242423,0.08559076252141946,0.1201945993793645,0.07473908370601345,0.10268086857015013,0.11964207348069222
0.2831102382838438,0.10983216739014194,0.10848926105296193,0.11847419829268246,0.08464023591905939,0.07377471077201143,0.03805190837705677,0.0836924182810483,0.09993486163119396
0.11674607408632696,0.10686389571732428,0.1243085540813853,0.2137434499891571,0.10139336288403683,0.12160373399907996,0.04352828660275862,0.08351831545418144,0.08829432718574948
0.17144637840444246,0.14129697146605166,0.07588538167405877,0.08481386072477591,0.0919422541160561,0.15735822329525267,0.09520250730128592,0.07163153378606398,0.11042288923201264
0.06767197021765219,0.12209339661384029,0.12311397022516936,0.07231610913581103,0.11741806975527724,0.18654635921454835,0.10304359235906801,0.10295793042930335,0.10483860204933028
0.0826183311468698,0.09355857966828991,0.15020706801415323,0.09376605419728114,0.11010327747444715,0.0904904049583154,0.02293009076201176,0.12619237461636726,0.2301338191622644
0.08390057416080786,0.09942281430175397,0.10692240177071738,0.1446344777276735,0.15110546823688506,0.0820586811953674,0.1255396603436768,0.13024337664559274,0.07617254561752533
0.1631840743517803,0.11539235147079126,0.11759650122269433,0.0878607244786334,0.1228764970540408,0.0975141520246489,0.13511528049726604,0.10866138873795432,0.05179903016219058
0.12774385425535043,0.13554644851138767,0.13094738008039256,0.0751093607150414,0.13624183650911897,0.09272368679613126,0.07055978145449131,0.13561095199896003,0.09551669967912628
0.11389296540550913,0.1217919066122003,0.13470383680200249,0.15475248980799158,0.06805178434820232,0.08821490465316457,0.09397470787116306,0.09439667631112292,0.13022072818864364
0.15781080254031,0.12487517140088401,0.1005848779974637,0.12350228486057813,0.11298167847216173,0.10343019996318685,0.027433344377740327,0.1204682322340398,0.12891340815363544
0.3841209227962201,0.15814365216298557,0.07922352734800964,0.06808243484893416,0.03532010917930529,0.04275958074601155,0.1266008370754268,0.0658278384413593,0.03992109740174754
0.16798454757991177,0.10112609862014361,0.12463528018951468,0.11746823225010439,0.08231331651156733,0.12759430929566262,0.06060877959525752,0.12510243962047726,0.09316699633736074
0.07977541295578316,0.09195277688850946,0.10028494131471626,0.14114376044929616,0.10733959592107827,0.10501491930153002,0.06167808425292396,0.08477375036742112,0.22803675854874159
0.3134328917491355,0.10290585267361246,0.10839515602906029,0.06853706080772938,0.129294042085504,0.11645573561324407,0.00924552358150287,0.07178842010928513,0.0799453173509263
0.12327974516504416,0.11306661782921916,0.12942775620988853,0.13413531574574664,0.21039179059616897,0.05977083820285218,0.01850283692792509,0.1038297498345142,0.10759534948864106
0.15695297464037578,0.10258945253586899,0.13260964792076793,0.10113653264513724,0.09903189768419822,0.1188924431840546,0.05585138481361059,0.12012010570859276,0.11281556086739392
0.09728654575862843,0.09715043269038039,0.1259040149165914,0.0684294816621842,0.12332576093686747,0.16675764475534824,0.12298610612148564,0.12150840355456068,0.0766516096039536
0.13113175401591012,0.10662752139528016,0.14059167737970515,0.0842552834885868,0.18066858113890083,0.08946407502546551,0.019066702968991475,0.174369373469725,0.07382503111743498
0.08728060817535584,0.1893113072323205,0.1229385857687633,0.12449302331903361,0.14337422107072864,0.07563432381567947,0.04650504168009897,0.1276902687074823,0.08277262023053737
0.1301886151936712,0.11310991727473767,0.10924382669572252,0.0753928950025153,0.08574141464785617,0.06998817437748696,0.12767539045774737,0.13912731673114387,0.1495324496191189
0.08705524147463066,0.11445166175363669,0.07174229341080966,0.05990481423103416,0.03844753295793048,0.13826795317089294,0.30577423996967307,0.12198586813631707,0.06237039489507526
0.16327335049171307,0.13539756657540844,0.10225362863169135,0.06965865184938867,0.12348133698153425,0.13832525536072549,0.04799150594282733,0.12275228740769013,0.09686641675902126
0.12720966552701232,0.11790466668925421,0.13256796000361606,0.07568036347734347,0.20908585222385725,0.08517152368958514,0.03232788953220793,0.12008130429695678,0.09997077456016679
0.09112413282201416,0.09907393800248639,0.09885843380397831,0.1838363393202839,0.16172842611618377,0.07330818419074803,0.02277162253389868,0.11414610571684741,0.15515281749355925
0.08931256860852325,0.13917337361753793,0.162581047470592,0.09327707954554842,0.1317997156936418,0.09958340839463192,0.038216694361722925,0.1382725909580306,0.10778352134977116
0.25536684971965223,0.14881881327760157,0.08446421381667929,0.08849689716164429,0.0667881417569721,0.08838398241022548,0.11816220852810662,0.08635548422858502,0.0631634091005333
0.2660854317131032,0.1016742016167625,0.09872236562278087,0.09814616580874123,0.08528753668090285,0.0864431226194526,0.10221098192657674,0.1024254122271429,0.05900478178453706
0.08928642661596992,0.12452142935885768,0.10393766022529573,0.06320795451223879,0.15802253668633656,0.09971726575148548,0.08245133278734035,0.12797283910109128,0.1508825549613842
0.3651585924669569,0.12245005805902422,0.09443639905959837,0.09499136950491864,0.05286799454496558,0.07746659136362198,0.02802662820114955,0.08709410584808346,0.07750826095168133
0.03430982587416619,0.16434331466220878,0.11337882844820119,0.07007389590398076,0.0931898910228854,0.06303808069979296,0.08808927071794449,0.147901971967916,0.22567492070290418
0.14293569671301995,0.1677539594526809,0.10081861114150298,0.10057824574510339,0.10503671013867055,0.10152708064488274,0.11820400830721682,0.07900626150422281,0.08413942635269987
0.10949525897168966,0.153172093230354,0.10204756661074653,0.07559193072789498,0.0687739803059003,0.06029104767648039,0.15936518189114,0.11322087932487257,0.15804206126092155
0.22545261145897189,0.12252048748415505,0.1375802854540897,0.06984715844529214,0.07172093768019562,0.11020695043616285,0.08522801867614299,0.09210141787587044,0.08534213248911933
0.34847397990917844,0.08246845366221293,0.09108990935614714,0.04865845119168082,0.03925861155018053,0.06564305500248703,0.2306354301247471,0.05680197714319699,0.03697013206016909
0.14003865235347976,0.13918695046126348,0.08557001254822316,0.06850035523742629,0.04230880082321129,0.04734992361259649,0.38020384184552913,0.06261325623849079,0.03422820687977965
0.02730310629841547,0.1222350873569205,0.10050987167471977,0.07286276183718314,0.1286591456256318,0.12227736779924762,0.20833757319396826,0.10095030593112925,0.11686478028278428
0.2566640629287273,0.12627459923871917,0.09742719019659635,0.15648760931456493,0.06875131879626663,0.10250511027131133,0.05875711017952923,0.07113909652653598,0.061993902547749134
0.13017942908661323,0.09665759009613516,0.14011232424592357,0.06874670588036773,0.18988203584518926,0.13701698586770597,0.051828556582032725,0.11822123773356548,0.06735513466246687
0.22847683620810225,0.08851840139818606,0.12895897372138881,0.043752912264971876,0.07894986736227304,0.0648645534326527,0.15735405970675953,0.09785734402179953,0.1112670518838662
0.1275994432806096,0.13303707605490553,0.10630592797470706,0.10612055841946189,0.1315163856345226,0.14819931267773465,0.10601170035629465,0.07084313722043616,0.07036645838132788
0.08375609765757663,0.08929573666402331,0.09563022248397483,0.12686481048034318,0.17674463256439232,0.22699339340813093,0.019907672349029484,0.09081019167106275,0.08999724272146654
