0.07570284374993004,0.13632727232311354,0.0926073720654574,0.11355668597219708,0.13064531149523317,0.06836664739815018,0.1254697161384474,0.14204694806742776,0.11527720279004348
0.08861493784412473,0.09408344984484764,0.18676311079423588,0.1034200434222891,0.1026981777128899,0.1538748839563461,0.10177855135717041,0.0696234325714596,0.0991434124966366
0.16537482627131728,0.10212693001285476,0.042252995725974206,0.10544602131172605,0.2110960282583498,0.09603264636727238,0.0918431601465008,0.06081919219862858,0.1250081997073761
0.03504676138699295,0.1130439520003974,0.08154338973165326,0.09544191037473866,0.19162039102039788,0.09468556779189045,0.10750679550868476,0.14311718845149837,0.13799404373374627
0.055381028150970714,0.09328891561259794,0.1827216328923255,0.11100213361045828,0.08274593214970061,0.22588960078367382,0.09868215655092578,0.04359998355664355,0.10668861669270376
0.12234571046270033,0.11752776510724099,0.09030519987942227,0.11954901148888868,0.1093287197312894,0.06561885130756728,0.1059159312455313,0.16426154875598253,0.10514726202137718
0.12545666480340498,0.11791586887613043,0.07954639087230518,0.1460152546221553,0.16617202177428866,0.04868871857687254,0.10716500033918526,0.09340381002386834,0.1156362701117893
0.17592451787285315,0.11227357754675249,0.09022605166573862,0.1308230773774375,0.10217781862877502,0.04931173766855968,0.11077332908905181,0.10081796340364778,0.12767192674718392
0.2852690080720616,0.09146700617108106,0.07647528857250424,0.07829468559871176,0.07536630838743462,0.16867583142144305,0.07048125170744325,0.047066470327468524,0.10690414974185196
0.09948133306445556,0.12112202787786125,0.1418316970071404,0.1111231967329203,0.09965819977463604,0.1333465080273587,0.10168292378999418,0.09090186782940107,0.1008522458962325
0.04717810734688658,0.13646230170839854,0.10283778259852742,0.10951269052167441,0.10452695264016983,0.2069555330395846,0.12195804602783483,0.06576858439794973,0.10480000171897406
0.04694116898241706,0.11313154154719735,0.1793145048965159,0.12065713426306812,0.10107125166200971,0.12621902909636426,0.10003621834976079,0.10533859765397864,0.10729055354868822
0.20987033584725578,0.10256963803913584,0.08932908847564658,0.13236456792976944,0.1405403644278201,0.06623647137831407,0.08243302046851061,0.07112994237905827,0.10552657105448922
0.1848515981844487,0.10387190647014409,0.08793197742436909,0.12384681977597223,0.11495081174290696,0.12985728457905324,0.11022153585083068,0.031333607216027626,0.11313445875624728
0.03279003583405036,0.11715443926016385,0.06035560823589172,0.10550489702844722,0.1053120981730979,0.11278049798306196,0.07098623845544971,0.30780723949473404,0.08730894553510321
0.23006424967873773,0.10046032214165669,0.04938911577056259,0.08165409170348663,0.117164771578452,0.10303956393725723,0.14918865416766217,0.042829499781709524,0.12620973124047544
0.07716921136670495,0.07377966122625765,0.1253584509726479,0.10474920717941288,0.07537625525030313,0.10265702041336988,0.08828565204741867,0.26314156488467694,0.08948297665920797
0.13114932865021336,0.11905313626379395,0.05727123298814118,0.10289919186060452,0.16454024434384043,0.10934629699848457,0.13316853227198736,0.06601070758014223,0.11656132904279247
0.17080161597618826,0.08654284967410857,0.09394628055565919,0.06821397930614773,0.10832581857549277,0.07681541555140485,0.08826128751205665,0.17858976797608386,0.12850298487285816
0.04950577334963449,0.16199393957376218,0.11301595480261085,0.09635389867087096,0.10399305754893569,0.10266654047599572,0.10529675000384132,0.1286371183616285,0.13853696721272027
0.16802540403071706,0.11508311448778176,0.16636294386268333,0.13066838214302073,0.08402371259309371,0.07954702264938367,0.11759206385064756,0.030646465224715026,0.10805089115795723
0.08595079935795036,0.15784653400306203,0.07112007676483784,0.1339081307338383,0.1169986626943435,0.11243673493361495,0.1283556818913298,0.06902653936927335,0.1243568402517498
0.07863871958133677,0.10357528332037175,0.08989104310044173,0.10372215044170201,0.13774189436430959,0.16523514742549864,0.10909016215190426,0.08395077282844664,0.12815482678598877
0.14648899805910362,0.08647891927985925,0.09008983882956811,0.10567082231646356,0.09325493037694922,0.14550228398115617,0.09869148419593204,0.1262251041383161,0.10759761882265194
0.08825705985276866,0.08924100545773146,0.08508835888421602,0.10323121692611288,0.10695457286871625,0.17053299248617504,0.10313482080023922,0.15339263381639984,0.10016733890764047
0.0801776144483665,0.09426453076177661,0.2604636604083445,0.1019220261515703,0.0762325363691647,0.17459766746306293,0.08741443580470039,0.020779147780423647,0.1041483808125903
0.08439174415242433,0.091089426983863,0.25109035137333835,0.1181967702377481,0.10459547517766882,0.053837872015156746,0.10839988852895482,0.09075064559999975,0.09764782593084616
0.11189301713418476,0.09321563147847632,0.1088682767767845,0.12350758529229082,0.12800920593584442,0.06810857241262387,0.11404202686916014,0.14463926038253203,0.10771642371810315
0.06701618845121247,0.07327196490423056,0.050161506168950265,0.11465947147452837,0.12183011250462021,0.3797348214609801,0.07679850480594848,0.032446081614107176,0.08408134861542234
0.08887360407775224,0.09062090992951453,0.13993859748771614,0.10726789362049594,0.07665224109330927,0.059373636834578865,0.12192667542944004,0.21192769063867223,0.1034187508885207
0.20279184559649277,0.09669502047724554,0.09583099541755308,0.09754843493574446,0.08665621186593368,0.16429611260937352,0.10135195905107852,0.058303219271268324,0.09652620077531014
0.10616578708261158,0.07606491359482355,0.23241425839034405,0.09902374932012613,0.07551956375353834,0.1102911958676704,0.1334233533834185,0.06360964712868965,0.10348753147877786
0.13829645149734102,0.11088571696243928,0.20777713191259592,0.10751974722130116,0.11450972794108823,0.07952804108615527,0.08777958584836638,0.05789980128262114,0.09580379624809149
0.09481240944970792,0.14827007071385442,0.1195061403390217,0.10146623228037804,0.11576800628914785,0.07879690455717923,0.09939603043126453,0.1261149492379938,0.11586925670145261
0.035697739305960006,0.12277474121168468,0.23932487410609227,0.1055504343766615,0.0977033416412802,0.08473013534642486,0.11707614020287517,0.0800003238379273,0.11714226997109393
0.20177489340992597,0.08734326089613899,0.04288313090098033,0.12064693539991429,0.07439176779276656,0.09215767792421092,0.15900958038824062,0.10975659423073346,0.11203615905708887
0.04545909679520777,0.1465429600238817,0.1264791536688283,0.10969979231740827,0.11095726390100467,0.2241654054994242,0.08722995226414117,0.042345938210850836,0.10712043731925307
0.08075026467310974,0.1405949644801552,0.08114517300832767,0.10047398844834027,0.10581365997804497,0.25590881007528665,0.07727819537771363,0.04124646685316708,0.11678847710585476
0.25436391801424585,0.08509258585284947,0.10646628048101854,0.10670982755225995,0.07914360027575128,0.08964942566790157,0.09229433305692951,0.07346303609774939,0.11281699300129444
0.23535599733204993,0.08266617449762133,0.11057531627583488,0.0775223506642379,0.07776933686954646,0.12768288708798933,0.07767439078940672,0.13394376742444716,0.07680977905886628
0.12915074457006057,0.10519962132017391,0.09769471906860967,0.15885457214320298,0.12367783205817173,0.0563815119281512,0.11782880238815518,0.09075807331444463,0.12045412320903014
0.15649704037731998,0.08888013783272554,0.08236642739477128,0.09812519490094086,0.07183929183211657,0.11018461538193547,0.11651542176870174,0.17974166358886493,0.09585020692262362
0.12249857194207077,0.10403292238063964,0.10476126553044633,0.09820872420629023,0.10450763586090034,0.12292972218026448,0.11293419801579611,0.12504389366772342,0.10508306621586862
0.057223825482353004,0.05860425136541142,0.055353230622705606,0.08139175115933107,0.06700065301497757,0.3016789497158514,0.09236225303945488,0.19844827709577006,0.08793680850414502
0.10149703757940555,0.08197407835567727,0.17478113021534977,0.10322594360869591,0.12821434584227734,0.10538556933134424,0.11965906742327692,0.07705948842176243,0.10820333922221052
0.23283160797078906,0.14010247382331442,0.18309011636444053,0.08814212570026338,0.07140914060589672,0.03838341368399157,0.08188792969967791,0.053840485563526025,0.11031270658810038
0.031949209018907965,0.119487410957046,0.17026907994312968,0.12024260186989133,0.10130016873450336,0.07740733656585276,0.16404197397192885,0.07365957678535284,0.1416426421533872
0.15219319787852942,0.15102074515068345,0.07531872354807041,0.12260249747945628,0.110515581514537,0.07896981940801066,0.12616186442803265,0.07020083016891517,0.1130167404237649
0.16388891016171445,0.09675444120377603,0.06320623206849256,0.11279594361831062,0.08049785914959694,0.21014887823377673,0.10582514481749576,0.0598833338132241,0.10699925693361283
0.03971457881627988,0.16368759221376367,0.14747304390774188,0.11262751064966724,0.14619936035368497,0.057825969680521734,0.15572035618507166,0.050213291701933616,0.1265382964913353
0.1846160173665672,0.10973993728972727,0.07833800924632439,0.1114991815026406,0.12252328475456341,0.08774827728680658,0.11459036045036701,0.08494267895309221,0.10600225314991128
0.031929683539782816,0.16434061173630685,0.15124626247994832,0.09657704624729208,0.12466662209075742,0.05299267222781476,0.08497991578065074,0.19127574679723844,0.10199143910020857
0.15026232408541795,0.1342381075746268,0.08186405578931914,0.11057435798608674,0.19663657632189616,0.060066010053765294,0.09559998528475444,0.04620702616891228,0.12455155673522124
0.18853264636925773,0.15041955806835539,0.07799795089967461,0.13026712629417916,0.09206247377271896,0.06782360944280492,0.13832101634095276,0.03566924618502091,0.11890637262703556
0.05695368226358608,0.09717065727252579,0.25600376762218485,0.10271222474681764,0.10574698737248406,0.08922147885383354,0.12418531289778856,0.05871943886912722,0.10928645010165228
0.11352235149390276,0.09680019545440988,0.13212597648180346,0.11027735977100568,0.09808093741523989,0.07466035037288749,0.0963075236706457,0.1677661796396014,0.11045912570050387
0.08988071169495397,0.10746008959994362,0.15824721934750316,0.1059639231956463,0.14344744721655034,0.16152991891086158,0.08538515499428352,0.043898662645230735,0.1041868723950267
0.08505401616295656,0.15404431915146422,0.16080399206195542,0.10686223843778431,0.09551997786770017,0.09901306993161872,0.1023316668173307,0.08418160822690368,0.11218911134228622
0.14031801708666577,0.14657760376736895,0.13011006699513492,0.12043022113730445,0.09563291052736951,0.03694362153526887,0.11730211510542687,0.12129676497754564,0.09138867886791498
0.22058144372025704,0.12442473755521417,0.09587031286530646,0.1079247295411776,0.0823613488247613,0.0775241217028969,0.06618873871821344,0.12627394559803481,0.09885062147413824
0.2356538630337873,0.12379361892421399,0.04671524657952832,0.15050207133504143,0.10470055951009898,0.10440527166183226,0.09557565411242025,0.025456454209348982,0.11319726063372855
0.20898572310700705,0.10026818527975957,0.06974666560172936,0.12206441162125348,0.13209683451276022,0.04873433858411271,0.07035286605485493,0.15201253974816598,0.09573843549035667
0.06016481973191912,0.10848185839182874,0.10187656515557504,0.1209193322460516,0.09336000378515336,0.09912715171516039,0.0835827637412876,0.2158844277594798,0.1166030774735443
0.07744839902429995,0.13717359143968236,0.13968678943673926,0.1363392315938401,0.11025057636265012,0.13211202657727786,0.11341713867125576,0.043850525755184284,0.10972172113907026
0.09415912705916223,0.14916597268044163,0.11244795553758068,0.11925260177589704,0.13253062950363073,0.03839158378288894,0.14433577337623874,0.0849730545537525,0.12474330173040754
0.05329490867822486,0.1083511154065037,0.047911981801135706,0.13836555978828088,0.18185920554103754,0.07511331737141247,0.1385245686258065,0.1267345412060136,0.12984480158158473
0.12226111329344609,0.0669410903432333,0.17713033620974897,0.09568914843240646,0.1139173875424326,0.05036008888717908,0.10090911564197291,0.15582085959683342,0.11697086005274722
0.07920773758814918,0.15204981626577294,0.11452277097368097,0.14869849858077377,0.11532971952235631,0.05909901092244857,0.11262447136803577,0.10045937276241453,0.11800860201636791
0.029780584442676773,0.1618234300071915,0.14827474172724933,0.11224540754146699,0.060026685651363855,0.23606452689442037,0.11224979335290775,0.044766298545057794,0.09476853183766563
0.12078020345925237,0.12537569221988068,0.14927870722419373,0.11434900139860622,0.08761746421963729,0.0817700440028966,0.10902205104611613,0.10191025632836605,0.1098965801010508
0.06897922116512313,0.15728657920358088,0.08886540515380337,0.13863484247321786,0.09734443374177788,0.18169155790335756,0.12702873214185137,0.024119048297884294,0.11605017991940364
0.0662623664499296,0.11053708159485139,0.1028633317160416,0.1055735503632752,0.07965851296514664,0.09373208440081245,0.08271189820098702,0.2601772401412446,0.09848393416771146
0.1543353832018922,0.13148584500548088,0.05497737255039318,0.1008839901126004,0.1121520791457817,0.10758761256179887,0.09455076865316774,0.11864311531487569,0.12538383345400927
0.17798409927355008,0.08965277746188598,0.08784807194249285,0.08734390039534506,0.12377741626736144,0.04710429881154243,0.0831231561631902,0.2044666967444774,0.0986995829401545
0.04173791845120071,0.15181012645201733,0.10453182360221545,0.12932329707159304,0.10585139975851306,0.07692503992530529,0.13017577306244357,0.13208612946619963,0.127558492210512
0.1161012336852844,0.1005787611564445,0.19509268093324564,0.11253323826476613,0.07787929833404446,0.13510486604441407,0.09603830675780746,0.06477410549814043,0.1018975093258528
0.11899867678567726,0.07316828411537847,0.16480277781898856,0.10454575801352399,0.08241763152120579,0.16937662835483183,0.11355200474784632,0.07290569099300714,0.10023254764954063
0.17621183753212247,0.08430891545945844,0.08851045342374342,0.09728148060535628,0.06520871862873016,0.2110194344200056,0.09515708213263814,0.09824058954874622,0.08406148824919922
0.0602823933446372,0.1135637934202967,0.0912852095181678,0.12970658561892046,0.12948506239474955,0.07117957195054618,0.11751090686844845,0.1660893930382918,0.12089708384594187
0.023522444726682346,0.08360074379511122,0.30496170708510034,0.11019599164526755,0.09257165209371461,0.11852698286085622,0.10685531039525287,0.05664682437484927,0.10311834302316554
0.05985420554612303,0.097945285017015,0.0859351622643985,0.12707561740589932,0.10309683304339966,0.18543557379749745,0.1197694861574039,0.11088113642160813,0.11000670034665494
0.0848511197551985,0.11560887109133446,0.18368029491542695,0.13503160165407724,0.09610128366609165,0.1104992423831689,0.10146213061151642,0.06303254902490035,0.10973290689828552
0.14616382579366125,0.09915297767894808,0.1117401130085653,0.10537437910079629,0.121708746062189,0.1863472181090674,0.10963381648641196,0.0210758931260828,0.09880303063427788
0.15348297486227203,0.10416665162546361,0.11094664895739019,0.1076515549805731,0.11045550145034962,0.0434652995994399,0.09997629637491708,0.16598901447426737,0.1038660576753271
0.17029193488112485,0.07865992899889766,0.11193928336271806,0.09986664828952581,0.15364530318975647,0.08676517695872314,0.1137161770989465,0.08616654192714275,0.09894900529316468
0.0537290799335123,0.10052711744318514,0.12217764617568451,0.14028288048415694,0.10397761554020242,0.049071981068883434,0.13253982128425365,0.1965046710805075,0.10118918698961414
0.05606913571885136,0.07085267248218996,0.06470209581312471,0.08442709071609798,0.08340088379719175,0.2586496947038846,0.07814536351412392,0.2070860946617257,0.09666696859280992
0.26151034513562676,0.07666940942130147,0.0835587346051417,0.08505332426087515,0.10648593340180161,0.10138188246502633,0.06402086916827188,0.13094159439876457,0.0903779071431906
0.1146884269028199,0.09889509654178509,0.10630644593721712,0.1257032650363558,0.11906525535275057,0.2330858286044719,0.08484346960187654,0.026133959230339676,0.09127825279238334
0.04748738216986611,0.11008209878165837,0.09722992558229637,0.09304664117741834,0.07362702619134888,0.18006334652342149,0.07291852380713948,0.23000102501934117,0.09554403074750978
0.050558484300115496,0.09279081959242148,0.10364952343611915,0.08738471773049282,0.09814998682815013,0.067330297983418,0.11068766069523168,0.2646885707531,0.1247599386809511
0.04525956264142931,0.10706264957568896,0.17759849333619013,0.1001317462663245,0.09583423900536431,0.07087740062823883,0.11369622027461512,0.19056651444582684,0.09897317382632191
0.06311887536106671,0.09370247977122852,0.20334373946789444,0.10450318152435144,0.08065844936522179,0.11445908240404458,0.14676285507157635,0.07717598420201303,0.11627535283260322
0.05236132241949918,0.1194005186035706,0.13679459419135293,0.15946708050518213,0.13140505674279998,0.07055490281485792,0.13328326489723205,0.07582111165084897,0.12091214817465616
0.2506313715693952,0.09468131805340237,0.04116586473703509,0.09848237542966902,0.0810054209479163,0.14515820995850645,0.11300192640799568,0.07403175226927294,0.10184176062680701
0.06909201818925872,0.08375822063254658,0.11095930146051851,0.13083884001591073,0.1508103426671787,0.09227907864716993,0.1188814496038808,0.12935041896565927,0.1140303298178768
0.1257390741400138,0.09685800506878937,0.13727635644967778,0.11368670715124991,0.08610014178716587,0.1463410010864884,0.14383600498928154,0.0340969702881534,0.11606573903917998
0.11724748614589688,0.10675405743357542,0.05985267448801396,0.11877613363164798,0.11997183897649995,0.11234760790642008,0.08023864430677678,0.1798339632354958,0.10497759387567307
0.2551368279828921,0.08938438750542567,0.07008589096628348,0.13537119068301998,0.1400716338592399,0.09002581409904457,0.08014941734806248,0.04116390054270527,0.09861093701332652
0.21217476492202184,0.08725934168842438,0.08490261133019543,0.11753090161131986,0.1242979772873966,0.11122253426609426,0.07613302259326893,0.0817102689325593,0.10476857736871949
0.21873554298496845,0.10567016501823685,0.11450162920760387,0.11389308256016091,0.10731304196300605,0.07764040398857114,0.09550024915610755,0.055961520088034844,0.11078436503331035
0.23861984811104722,0.08371956348607723,0.09496605530164352,0.10863857194052289,0.09484152146775156,0.14252541120619025,0.09553983713973009,0.039276134349714824,0.10187305699732245
0.17386261046137694,0.09450294951425757,0.07146403355260424,0.09681856265036974,0.1862957357373561,0.10705008016374817,0.09888430977810574,0.06511504686723008,0.10600667127495135
0.1738052065429981,0.1112438391796916,0.09552124373405659,0.08591815556859728,0.09062457889556826,0.15167968490800018,0.10452333964411382,0.07473965440653546,0.11194429712043867
0.11407749246566301,0.0880121497596259,0.1772594812568479,0.0888660897723484,0.09939314396355443,0.21613626926224994,0.10189284620962312,0.01366010602691039,0.10070242128317697
0.060769787250636954,0.15284512697976424,0.1980474329783403,0.1016336749234984,0.11704905007447906,0.097563491871946,0.09211931670182898,0.06321483521495283,0.11675728400455326
0.06475766082440397,0.10904785945409838,0.09253454506700322,0.09747835527428635,0.08515286958763087,0.269521110685613,0.09983470648420496,0.07890409984287146,0.10276879277988778
0.06432616532423663,0.11738411881388473,0.15127059755659203,0.13820577346553428,0.11481646136187713,0.10600251843783542,0.12631736995344064,0.06341423775482785,0.11826275733177122
0.18777835292556724,0.12743638407994964,0.09347434378312898,0.09971204717957932,0.08575686035351608,0.06461095122778375,0.12765060633144307,0.10968570247259203,0.10389475164643992
0.14930108996986946,0.10194222870138114,0.11904734628810969,0.07721438026434488,0.09831597771237825,0.2026032265377581,0.08974594917554989,0.06633780880450725,0.09549199254610125
0.187263353909947,0.15257840631982628,0.04730717295982065,0.13807678909855478,0.1153160016985802,0.06451608257435702,0.10794489829979863,0.07475335229737377,0.11224394284174166
0.043868039424946714,0.07936551072168994,0.13402219152969386,0.11020565438943541,0.08397514744006584,0.2019499908443139,0.12796393164279737,0.11776474048413231,0.10088479352292457
0.04162155968929145,0.08065502801771995,0.1598947349033797,0.12732173134710043,0.13878992608964905,0.05799885071227709,0.17988311421257816,0.0913616709576965,0.12247338407030768
0.10584740390374671,0.14335100746090884,0.05284710280361243,0.10907699228299306,0.1274499235117321,0.11955011993799732,0.13732597967657595,0.09557177547386435,0.1089796949485693
0.09613556767547242,0.13114875230164444,0.08793805250688565,0.12082698661551337,0.11908426308987302,0.09975185508938812,0.10706996779759714,0.11534519794803243,0.12269935697559343
0.08694898699629468,0.15249823394238746,0.09249263425436287,0.1431493091355634,0.15611542195694955,0.044019594224133256,0.1305780001210626,0.06779452700819734,0.12640329236104872
0.06396754397217023,0.08063993212518383,0.1770498736007445,0.10948835574445714,0.10566311888483075,0.10214305553632132,0.14567395582763545,0.11803894274866956,0.09733522155998713
0.2556586643242042,0.08002166604964801,0.1216794488353008,0.1039801988372826,0.15506407844894285,0.10215033697361198,0.06417084560478005,0.03456352131340236,0.08271123961282718
0.1841705887621917,0.08591632596200947,0.20313824172645045,0.11212168551911993,0.08366974446176317,0.11203847885271769,0.0982599855134416,0.0201212539054979,0.1005636952968081
0.04699660057723284,0.08992752700414752,0.14957694360346901,0.1275484249506775,0.08438336107012301,0.16636950758984712,0.11805784434624018,0.10320568486324848,0.11393410599501441
0.2602701083136019,0.09002485600662995,0.0630281115274548,0.10211861386666536,0.07821680264723614,0.12149163028378461,0.10571423628186731,0.08879527114318586,0.09034036992957405
0.19983271007397743,0.11622729896766748,0.07012230529265626,0.09751233695798661,0.08793733904775984,0.20837966270694516,0.10323617210830295,0.02225547713004465,0.09449669771465956
0.07276513686126977,0.09532162401402011,0.082678000861459,0.10923850925699885,0.09674758689496381,0.16745317026152573,0.13316320133612883,0.1376632171997514,0.10496955331388254
0.2085603421013932,0.12901789120777038,0.0482964451107333,0.09888819043621504,0.148355366155304,0.04948618298192977,0.08787999954371406,0.13762480439869995,0.09189077806424034
0.11016426058203353,0.06780959481386488,0.15608542409233386,0.0985897696227559,0.07119615928487906,0.255797009718739,0.08349917558656317,0.06968775562828726,0.08717085067054342
0.08942761726860571,0.07671135865748639,0.13977545102153519,0.12035426804843873,0.08191520326713837,0.06605681810936316,0.11268082633445504,0.22037517618386696,0.09270328110911041
0.10279807256290903,0.1269316744169133,0.13743200343882464,0.10592365854197043,0.09402894651958767,0.08810639353892502,0.10143379864193085,0.13353879783693812,0.10980665450200089
0.039588099850992244,0.07839363124610498,0.2075500817020363,0.12647096671975824,0.11737954736124123,0.05837928452110521,0.11709755346323401,0.127279262685474,0.1278615724500538
0.01971261787196922,0.14121378268513526,0.1826107076625496,0.11727851985861236,0.15223066728432025,0.08880141168420665,0.12255139826524787,0.05924925078711274,0.11635164390084607
0.0604753141591996,0.11934237681664449,0.09635535018606063,0.11187637116160454,0.18858951617919162,0.06454448050381927,0.08784371054751809,0.15245309800973436,0.1185197824362274
0.2354929092855215,0.11285380027144776,0.09069962495341662,0.11801954241386238,0.07671980924102734,0.08738158600122066,0.10184041921115013,0.07095330999126735,0.10603899863108639
0.08404336644314027,0.1335976371109385,0.06730206612968531,0.09368518200649127,0.10195092042680116,0.23902376086467167,0.08379229714186875,0.08283633103249756,0.11376843884390546
0.1649465645614957,0.06489163664153796,0.08292051128933497,0.09113229174635211,0.07442542626371489,0.14376819093316784,0.079239658007259,0.21342692696877089,0.08524879358836664
0.09686432020275593,0.1431934662326184,0.12216820553156167,0.11778640460151257,0.14019022468331882,0.13531129462562974,0.11320757043385483,0.02737504083163499,0.10390347285711314
0.12300365580977536,0.09131822173346439,0.06527316296794473,0.103142250926881,0.0695823064270789,0.13083325636538265,0.10893792833045018,0.20762667853460534,0.10028253890441748
0.35417037356049375,0.07402765113617975,0.03491904122755601,0.08994565331445599,0.10932791348979513,0.11367475074849458,0.06928218050896513,0.06605405505769828,0.08859838095636137
0.06629449904794127,0.11421286560140342,0.07512397408628617,0.1181233638214404,0.15698674431148416,0.17236696995730763,0.10158081338273207,0.07981695688335244,0.11549381290805238
0.17701828916852902,0.07561897642791716,0.14993083608132854,0.08770799750327408,0.08767107667355296,0.1465064952825532,0.10043048162337391,0.07039070378911635,0.10472514345035477
0.03962158778701178,0.1356632394798146,0.07489057650003224,0.11997549214513235,0.1363797933852036,0.12052803656282203,0.14415604746287838,0.11422342016654147,0.11456180651056362
0.12128112400219793,0.11636119226003801,0.08729692796095084,0.12287673031323532,0.11916441206171545,0.1821378593000402,0.10040330298338533,0.028530532989583,0.12194791812885392
0.06977296445057511,0.09555342572064805,0.10668291016760195,0.11107911070618855,0.13825230799435198,0.11931252965284496,0.1084336325760998,0.11243554143316174,0.13847757729852792
0.07979171266407004,0.07169961106018567,0.07086868645958387,0.09816005015673597,0.09662146165439921,0.03843263130781349,0.12297946127610655,0.3102699689919483,0.11117641642915688
0.25251431489748744,0.09473407113496939,0.05947184056840127,0.09781472900676631,0.0740092462948948,0.14010974487511046,0.10359665299828687,0.09009180879136174,0.08765759143272166
0.0457256808261744,0.12341510660038489,0.18395436373738505,0.13500300128408707,0.15478784596661901,0.08088397211632455,0.10182281955621429,0.07122080166689447,0.10318640824591623
0.09882313374078189,0.1125292818307392,0.17728210032643052,0.11081749046930182,0.10833128674321964,0.07571212390989579,0.10162490928643882,0.10351373793217643,0.11136593576101583
0.05649144875662587,0.12829719646458762,0.1972215614517092,0.1400293212963886,0.09031615364456734,0.07688095922463857,0.14147834462827144,0.04450633536623114,0.12477867916698021
0.11083921871417257,0.1244229288917263,0.08574938994071829,0.1131144378856145,0.1463112819962932,0.1371695164075891,0.1320417885502914,0.02389829507726497,0.12645314253632955
0.07567173439358799,0.10246330337163238,0.1341188964356177,0.11811565053730329,0.1007199510056735,0.09621102103389816,0.09478964338712044,0.17441234853865475,0.10349745129651182
0.1162252025183219,0.12256605379154213,0.08057688707977796,0.09743787333190733,0.10837320057538752,0.1328000485671975,0.08791624103668255,0.1630507465084873,0.09105374659069572
0.19896626253471808,0.11666082559768844,0.09053479281638273,0.09206997517105937,0.08547113185188811,0.17325282354456584,0.08241763824676457,0.059007127125618446,0.10161942311131443
0.10605776257600737,0.11604664102619623,0.0877582280936663,0.11902565563056143,0.08182965073984087,0.2072208824709804,0.1122087454184177,0.06781049324889137,0.10204194079543812
0.056634595790185406,0.07743515801883626,0.13168017427796339,0.09235488647726298,0.08439644218961573,0.12382905212206834,0.09020275045491437,0.2521804017450412,0.09128653892411237
0.06910850007161823,0.10307271869512474,0.12243397681418478,0.17177250432275512,0.11057530263177724,0.08019193063230089,0.1449626382883225,0.07293884084586412,0.12494358769805232
0.16470795320524564,0.08047711032647321,0.1044663928989506,0.10013488661760206,0.09805915666243008,0.19332268711301423,0.0874475191717204,0.06666926690609049,0.10471502709847329
0.05722126429187822,0.19296696193784477,0.16587921781868,0.12979939930910625,0.10637067928585214,0.08847439752372797,0.10178577845427643,0.031074998666636305,0.12642730271199798
0.04290230944353595,0.1255814402852083,0.05477116564883991,0.11685156062039866,0.15677455280765443,0.12957096763611978,0.12648275406018444,0.11449698397588827,0.13256826552217027
0.12849904337423548,0.10388807472308052,0.052576213308046904,0.11225184221796687,0.14449435157270055,0.18073964913233978,0.11697871144970669,0.0471398922579892,0.11343222196393397
0.07395344207055538,0.13195944980581564,0.1838229873262227,0.13077455784436762,0.08805346207249876,0.0897930538192161,0.08060837229422699,0.11218510015639223,0.1088495746107046
0.0816180984691714,0.0797294435263228,0.19862213458987288,0.1062298414118913,0.10907691974603491,0.13581020282703124,0.1272452351070046,0.04946557267239709,0.11220255165027367
0.0969627745816549,0.07111488159971324,0.05675623790343351,0.09284748364593291,0.07614859110283263,0.2670627253501223,0.08712378285349559,0.162760078049343,0.08922344491347194
0.06296420482295718,0.10747670848093265,0.08334220082298986,0.10519178508124309,0.08753341241561481,0.17355892062806869,0.09431532723115106,0.15959190098524303,0.12602553953179962
0.0310398747618086,0.0862133301557419,0.21960335390968452,0.10228015987196844,0.1794188499608316,0.1239426637363384,0.08299105468201858,0.06010730939908368,0.11440340352252425
0.10209641210664921,0.11615943499077973,0.08060647123248887,0.13235927163241581,0.09811328585121698,0.11578099884493998,0.16253961987473176,0.05570899304067602,0.13663551242610164
0.15184289053875508,0.07384510875469812,0.03791816909744617,0.0914815446977686,0.06551272219124767,0.3372695036531678,0.08731547816264522,0.06612375727247648,0.08869082563179481
