0.11325031498362953,0.17048827226472082,0.13693046864589212,0.11357477162670586,0.06333259124297767,0.08559292192173634,0.04355078569979265,0.18617477132353563,0.08710510229100936
0.11805136068840867,0.17977013423966207,0.10948772620160518,0.11075529984502992,0.08699201096099496,0.09900894419401808,0.09660293353098809,0.06728007242471988,0.13205151791457312
0.10587942700052222,0.06971872620950637,0.13918276939531174,0.09162977672875551,0.07898013123272644,0.10261972021304315,0.17258781255571187,0.13038988479545313,0.10901175186896957
0.09201063481445716,0.12041110226303083,0.09875525040614468,0.11847754382362417,0.09044258577607017,0.11453938321261947,0.1027189538574153,0.09929678320771397,0.16334776263892423
0.14050697848698682,0.0992832837338079,0.09818099719176866,0.1346234071287697,0.10228415503839054,0.11274006839242127,0.04603368830037911,0.1595300212696008,0.10681740045787523
0.10999373093465452,0.17657920490824974,0.14298876607767944,0.131512368398529,0.06587926490408008,0.09841909017747631,0.01081866876059708,0.1505089095882747,0.11329999625045924
0.09684774096618276,0.08186887590048475,0.08945039776175477,0.08120669446385563,0.2888799010732685,0.09307470911217064,0.07743181404772302,0.07790295744418671,0.11333690923037322
0.10581778324860092,0.14797617988487516,0.09708786950295838,0.13066010903713732,0.06292834147035943,0.12036983912512633,0.11308818849253115,0.07931736076905478,0.14275432846935654
0.11527647568614278,0.12457990912137108,0.1362758956637623,0.12492571153606974,0.07229733495783082,0.14558331870486504,0.02552486316057435,0.14586163801018023,0.10967485315920367
0.1013845150844425,0.08965307866690952,0.10929607382738078,0.12454577080480726,0.10275764117815493,0.1105977777758601,0.06296563427897124,0.15992843714677882,0.13887107123669487
0.11159966974588102,0.13968030034259585,0.10817821982441718,0.1263933080607886,0.06801632226333391,0.1147448763264826,0.02427258431877173,0.20528819683330177,0.10182652228442735
0.11597384760040753,0.13690241679881412,0.13096070353011066,0.13135907857552168,0.0454973022916152,0.0778176078476799,0.09512615203526259,0.13161157351852773,0.13475131780206057
0.12732638374686536,0.11137363803214374,0.12067946403573797,0.12685220333084543,0.16307258154646817,0.09699557359019194,0.04068292911641286,0.08663796586560886,0.12637926073572567
0.10571625717477895,0.12775650892684823,0.09280743705362345,0.08216415751895546,0.07817021200020628,0.09486650550842873,0.1686825016559629,0.10619679558003443,0.14363962458116156
0.11521500995346445,0.1155035879848868,0.14250983309721707,0.0897934966470346,0.25206868531445026,0.11923539333831483,0.010664798731332916,0.07325778688314281,0.0817514080501562
0.10357590854371361,0.07047421958472018,0.17404823367221048,0.098567847291249,0.1335580631809981,0.0840540125048866,0.15311913666635937,0.06777099367569668,0.11483158488016594
0.11477182918197266,0.14364686827624815,0.15724462125962566,0.1238735744006284,0.09855203045153295,0.08964010485400041,0.02533011112511925,0.12438738767902509,0.1225534727718474
0.10388480424569324,0.06359437767938753,0.07300368306083128,0.09386083267010992,0.31850197147786946,0.12792519208029915,0.053514008370750814,0.06529304816698288,0.1004220822480758
0.11495277907751349,0.16400949106663232,0.10163152466217318,0.12227577454477286,0.07410400451955733,0.11832993250153308,0.04125185576898286,0.09488533381999814,0.1685593040388368
0.11704676040326929,0.07928894491536388,0.0870520597317187,0.10684901019626325,0.21849401974263719,0.12291797098673118,0.07809569019136677,0.08127442722679017,0.10898111660585946
0.08731543367053886,0.0783429026746935,0.15918433790230205,0.13832552845197899,0.09842315729810054,0.1047774901852734,0.11309758368123109,0.1026023084071132,0.11793125772876845
0.11737087875047618,0.12003049245169384,0.14737986565637798,0.1192357653231071,0.1676290684770613,0.12238286486919349,0.021585525513021665,0.08655466867480092,0.09783087028426758
0.11605031746274809,0.1651482727110791,0.12430791705845068,0.12795119745682496,0.07928455565135406,0.09344740831008035,0.008589314783090293,0.17860980965173978,0.1066112069146327
0.13078587573803324,0.09287391233519356,0.08215781869984465,0.10545759999013993,0.12022126608761906,0.1034637436999003,0.11808120575955205,0.12740740968314873,0.11955116800656844
0.13266303697970613,0.09465039503768764,0.1105998547239795,0.09991455473693506,0.17891085877042157,0.12614420537391322,0.07444313048217943,0.09471978803140384,0.08795417586377367
0.10329050138850437,0.11400984320623993,0.08556059977961732,0.10352703662548757,0.051842078723162634,0.11244574424395574,0.11481493064188468,0.18668937975935584,0.12781988563179192
0.11852685014985542,0.08236047516314886,0.08522594888204799,0.09875409178877738,0.14615857675459573,0.11953610468912568,0.028512350265211053,0.23879227986748863,0.0821333224397493
0.10124524067745695,0.1002770770191565,0.10284628607122809,0.10996477881545391,0.19107494109738785,0.10595128977386226,0.045441575477133934,0.12858687072174643,0.11461194034657413
0.14707390316051516,0.12377742773842652,0.11489724477098928,0.11947170852397597,0.10569473465132263,0.10216928094202808,0.06979660450361586,0.11665037682719774,0.10046871888192883
0.11562035048363328,0.12689246505611787,0.10110230513648809,0.11776624125487446,0.04883304269369327,0.10317510964847097,0.11815248861419902,0.137651591555179,0.13080640555734402
0.11769153477572303,0.08856446401363459,0.14651054456463486,0.11770218259844557,0.11772899496693368,0.10965146562597927,0.07991590813306092,0.10159450047272839,0.12064040484885978
0.12591134046726327,0.07926314133148571,0.06601771469176751,0.10234103724157174,0.2893887087552205,0.11636972220360699,0.0532615368557919,0.06581347209047514,0.10163332636281726
0.12916944527517601,0.09061524566298144,0.10260338278779785,0.1174755720437941,0.14375828433832885,0.11976533391126469,0.06428676766316149,0.11024922050700504,0.12207674781049054
0.13023452897165688,0.136406081370523,0.12160825029482769,0.13354591455585454,0.06613967578435712,0.08881878039496933,0.06866838716118755,0.10987407867831007,0.1447043027883138
0.13639196868307998,0.11987156171189876,0.145298118022153,0.11481840129474878,0.11069574484508445,0.1025773833007267,0.05434770723234686,0.11284462287810944,0.10315449203185205
0.0854792505417226,0.09410383887772807,0.09153217333758874,0.10138436022852264,0.10061295263257308,0.14597248860057843,0.1987001130294699,0.04910876357162136,0.13310605918019516
0.11237782037666362,0.12309367476915957,0.10284992185822432,0.11601029213951092,0.11768291095594147,0.09709871531736101,0.03771111011963526,0.1476670173632756,0.1455085371002283
0.12242388727754983,0.10671606642828019,0.11154433324374607,0.1106352738110245,0.15955494151706887,0.11785847140094728,0.06989110109691515,0.06335319041208988,0.13802273481237823
0.11875656411946316,0.11953806088856518,0.18632753485508732,0.1123391059019629,0.08466170530641041,0.07292271421359557,0.10845524739070815,0.07691027763812945,0.12008878968607782
0.09829325045418352,0.14870707764110477,0.1156489134466681,0.10867042347027515,0.06521691380655763,0.10539870126603412,0.16069270573099576,0.06535812447747753,0.1320138897067034
0.09871900952664821,0.11737334582674035,0.15006879416121485,0.10710633957345117,0.1267329097697619,0.0941633719855171,0.07847027713035443,0.06982545041063894,0.15754050161567312
0.1315836991967005,0.06678329802023804,0.12458715373042765,0.10459549032337008,0.16827304690466438,0.08691216549893976,0.1448659527178683,0.05477609281429272,0.11762310079349847
0.15323769350447083,0.07496977131431298,0.055316948775447954,0.14111359470015544,0.07834999961845761,0.11889308736599098,0.06394997744125393,0.2005669116821609,0.11360201559774934
0.12388608719818232,0.17732822733890083,0.0729892020806646,0.1326179606209701,0.07053794945630376,0.1062409183378505,0.056070170974299414,0.11210099978634763,0.1482284842064808
0.11874706336744693,0.19225047583673063,0.08165158441945762,0.13066508465038748,0.06396952933474688,0.0962299666422249,0.011162448934261592,0.19016177396530928,0.11516207284943474
0.1301475184727552,0.12738041456439483,0.10471566916827076,0.128998221383721,0.13429515185034113,0.09444984284617729,0.0479225300675416,0.1095352097094321,0.12255544193736607
0.09876512147327086,0.11236306479461007,0.139235464683257,0.09367022112582542,0.12335179208186929,0.1069371940613472,0.13300709390944446,0.07354662391288186,0.11912342395749387
0.1104423803186031,0.08091689874753648,0.1360010996765082,0.0875183442231285,0.07730087029200401,0.07459364897224542,0.2526968699772361,0.09153402894742968,0.08899585884530843
0.09252997679057667,0.1546421751960572,0.15821334507277438,0.09174256302159318,0.05375277504432901,0.07236714854093627,0.2232518360075119,0.04127442326664726,0.1122257570595742
0.11391632110109008,0.18991303357017217,0.1086736884067366,0.13238424263711407,0.06551647548529166,0.09582966953150797,0.062028671430997974,0.10775333288907907,0.12398456494801041
0.14185955521310897,0.13882946540087182,0.09121574946912588,0.11667892516704671,0.17476200108706563,0.08836193907708134,0.0415950416756444,0.08964595404479103,0.1170513688652642
0.1188216612769183,0.1471971121562399,0.10551126082583469,0.11852304484342902,0.1564224053687486,0.12391391233355914,0.030008955800455886,0.07324961096459101,0.12635203643022336
0.1234644566500106,0.056036771101019046,0.08825232299474202,0.12121372675514086,0.13993220949642388,0.103358017592021,0.15001222967603492,0.11303248669441708,0.10469777904019055
0.11152269592240889,0.07920502326749264,0.09524046152346728,0.08576558455976675,0.14190638034573502,0.10465918796122149,0.17243224734938348,0.08656927543358624,0.12269914363693811
