0.12731647133886492,0.06927192760683228,0.10779147593365203,0.09265403169552079,0.13344192204171026,0.16179620629467756,0.12045756787677392,0.055186023963762126,0.1320843732482061
0.11591448165373626,0.07926997673144041,0.051168624068866596,0.17262685215450868,0.13573209045088708,0.1798403855417038,0.08583085076898067,0.06238318958013728,0.11723354904973919
0.08684780447697882,0.13980268055513234,0.2321781512311604,0.1074729418490941,0.1416492122387429,0.028966343905885466,0.07855645514218078,0.07343694482241615,0.11108946577840899
0.08819486734816577,0.06855025594028455,0.017866785767044275,0.11150086307637048,0.09136079390089046,0.3127984943818602,0.08011419034780672,0.13531298863834973,0.09430076059922786
0.12061051384535526,0.12139330282435745,0.008971287378700793,0.11643170545756985,0.08394438259762825,0.263356832431054,0.11831562500680493,0.058334049821835175,0.10864230063669424
0.1136374903249414,0.16277326585423432,0.02198705041834297,0.11027189493739542,0.08651202275935381,0.0573055381678605,0.2551751194460744,0.06550075898607953,0.12683685910571763
0.14142041529777707,0.12499761348942329,0.05139464593494555,0.13422223279797432,0.12826305154533238,0.0794641396597451,0.12134021353292974,0.1027981931596239,0.11609949458224854
0.06304461842314836,0.039347114977639826,0.2235959487977629,0.09574289776221011,0.05974234878622736,0.007009035143304476,0.2034142787917953,0.22832307399147192,0.07978068332643971
0.09280652608445912,0.0827010536202462,0.07075080829357773,0.09266832661755524,0.09573686988315466,0.14286950163951626,0.26133649471568227,0.04250165789498895,0.11862876125081971
0.0594458353666971,0.05188918536180213,0.015337671339013268,0.16076678012225995,0.07930492184339129,0.44873207182136715,0.06784981725904447,0.03513626606797173,0.08153745081845287
0.11016824963290191,0.23661231436787278,0.07805660736440938,0.08161207348100596,0.18282286052594263,0.03352310148000196,0.07656854453515309,0.08408608133786867,0.11655016727484364
0.08212794779273026,0.18505754698285223,0.05435060968581847,0.11829615369467601,0.14575280774724295,0.06349374320797367,0.157141021713457,0.10237899533549716,0.09140117383975228
0.15169243641001692,0.12169358877932995,0.1327316606897169,0.15218767227464655,0.09117410482214196,0.029954604885167907,0.09402531252799384,0.11878814953810428,0.10775247007288179
0.12398479893135628,0.041461040223035366,0.1794089876835001,0.09793311905867601,0.16971566448738037,0.07428478730264494,0.11693504141697962,0.08337113905354375,0.11290542184288355
0.11402010133951868,0.12872736772815715,0.03916947729592106,0.1440538202586452,0.10931532110791575,0.1409723321458897,0.09723430927130727,0.09125766342503351,0.13524960742761163
0.13464662248849155,0.08112120577005132,0.06586215919734323,0.11027928986886863,0.09159689136206998,0.05022432863818113,0.21931833610425477,0.12098963067545465,0.12596153589528478
0.16405834479743292,0.061880358950563145,0.09867330830231326,0.14057269205388892,0.1420126022868715,0.09904133598700544,0.06709979298021423,0.10285091995110024,0.12381064469061032
0.285295142381905,0.10612663650381304,0.07485416571706277,0.12986741746791855,0.09709694686870289,0.03554337386957616,0.04906560195540374,0.10533902619029123,0.11681168904532656
0.09008689270100052,0.1797009909944501,0.13074937570271947,0.09167539788846057,0.10016111283530886,0.05827008606878566,0.11315039889130789,0.128576719965142,0.10762902495282507
0.18802507384164735,0.044972846635896783,0.15177030114232706,0.1567009986441729,0.13956900879283454,0.03762031581468659,0.07920739855063276,0.09720023436840429,0.10493382220939773
0.10202457513693093,0.04816534845060705,0.029943958137270705,0.16490285818899655,0.10304971298826511,0.2539698777504114,0.13663179831926311,0.0454200240321961,0.11589184699605899
0.09059734395416259,0.02816276209459104,0.262334267655405,0.05075564245889003,0.11312171140304872,0.23218725831131212,0.07431645154113566,0.04747210418062504,0.10105245840082984
0.04930300225134715,0.0724622952980626,0.1990897814426805,0.15526197803945738,0.09897168579263955,0.0042044258588265,0.04413816593304892,0.3053791346339411,0.0711895307499963
0.047433639124501346,0.06932561946412319,0.07674841972221183,0.15905328806793012,0.09234610986028065,0.18831825136012056,0.16791451992812154,0.0861337696649331,0.1127263828077777
0.08289572185360732,0.04394301994445216,0.00889796591225376,0.16485634693337656,0.09701543636585358,0.39123043259349427,0.0781134680343256,0.04239483988289106,0.09065276847974568
0.06190474737625356,0.17021173327262543,0.031862806988850426,0.1167954477792818,0.1306269527735202,0.17796520574298244,0.1521249930218415,0.0527450034637966,0.10576310958084807
0.1285630881937601,0.09874193367533106,0.022430185210320457,0.09347517955857836,0.07975720037872523,0.23050274417483127,0.1954165751228875,0.0337942351386687,0.11731885854689732
0.08117327431230568,0.06801630811297231,0.12450214398414727,0.1303792453812704,0.0625436630521679,0.07086918948035677,0.08491775962497583,0.2897997629404068,0.087798653111397
0.13329002976235446,0.04695142960261297,0.05750110772946441,0.09815079655452126,0.13197487006989597,0.12389696886106383,0.14097564444603564,0.14524617884793065,0.12201297412612089
0.05681172588238061,0.061475147726988366,0.025873391577376576,0.05856212330234469,0.07437479401740987,0.49123369445498577,0.1039820364409944,0.04759609683060831,0.08009098976691141
0.08057026929408724,0.11472198453615177,0.06354894518150532,0.14647512908766205,0.08068029472783385,0.008206798088182102,0.21604212374736362,0.17969325794168248,0.11006119739553166
0.08989333328915393,0.05779770841160875,0.059949229968630814,0.30513668435839986,0.09497200884967179,0.007331939981024199,0.0929063479694651,0.19968891001718672,0.0923238371548588
0.09487099713611447,0.03283218536877696,0.022475027787677612,0.0890877858109262,0.07187589831716239,0.41823226842199634,0.11932064174668289,0.05944111014110628,0.09186408526955676
0.05624020249508751,0.17557290680592283,0.17468360261109087,0.09106727973518221,0.08670390099518088,0.010904240304397454,0.09223732124703445,0.22561197310915326,0.08697857269695058
0.03382251872258424,0.04170880231449751,0.217962242315511,0.08218700075821207,0.09048429070687185,0.2744611994749289,0.06700489184403456,0.10776038079618595,0.08460867306717397
0.07188205993392562,0.12480525413213717,0.03576308921547166,0.09566607450202347,0.10876787898069089,0.2181906642154685,0.13845849835228888,0.08055940765413915,0.12590707301385465
0.05037027645564862,0.05527053228783785,0.03133623091227079,0.10913735377538204,0.06841764716171705,0.4493300281226899,0.11926315040508563,0.04251468191869335,0.07436009896067469
0.05674943140244998,0.05285169310717821,0.01913722969604058,0.19503476412333853,0.09386538832452136,0.3228481663033402,0.11341071254738717,0.0444751923398562,0.10162742215588787
0.08738720516198138,0.06910108727704854,0.052891145870781496,0.10387977112761043,0.08966357547612341,0.28374662140475976,0.11382836245693305,0.09030292057293483,0.10919931065182703
0.09266514404643951,0.30025790077833575,0.08939570223313816,0.12217837683698757,0.10771926891000039,0.012579634329584572,0.11704581630263196,0.039213691809666516,0.11894446475321557
0.1387512666701796,0.11741758278601076,0.09286804071526582,0.07568772324534208,0.12079484078343018,0.0761367914888771,0.031559125504496105,0.24992246565009044,0.0968621631563078
0.1124126041497122,0.15690597227461692,0.22083081586214218,0.11357973787800986,0.08296051639346062,0.01603027815599571,0.09834072158209527,0.10973159892088906,0.08920775478307817
0.17516811159800558,0.05468718158523463,0.13537630152250463,0.14119762300540453,0.14987830709352934,0.020222814803337586,0.09082375968377832,0.10723366018588924,0.12541224052231612
0.12210228937512319,0.07273980936603555,0.03190404482049025,0.09670279578814668,0.09361584722634765,0.32074640854305225,0.09009716477311432,0.06995461314706762,0.10213702696062256
0.07567561080396895,0.06669071451240395,0.023441519227734842,0.09954174403603401,0.10980093831152893,0.39845947456911457,0.0988679996456947,0.025215565545906565,0.10230643334761345
0.14434729248878309,0.05647027132451343,0.06731548021517357,0.12119693635078833,0.1199780574576158,0.15302079905462349,0.0906527574869731,0.11981277051537642,0.1272056351061527
0.10274164411143515,0.19061537181113333,0.015952789454808592,0.14028446663135805,0.10130545289398658,0.07820486251518273,0.11985711765204353,0.14293029085129835,0.10810800407875372
0.08879345095491054,0.03674479287362336,0.04029879885140831,0.1295060635932501,0.0928839941986805,0.13491913612908554,0.08168074171205643,0.2983340890249743,0.09683893266201087
0.0750274994665912,0.1820305260999868,0.05029355447369244,0.12423253525636481,0.08275699635506663,0.16094352384892208,0.151358323309258,0.07314306470772498,0.10021397648239312
0.19771772191965079,0.0451360634362438,0.035293607629615205,0.08256797110475894,0.0854525235026743,0.293545143525646,0.09777733320602507,0.058713735106200655,0.10379590056918529
0.1248388313140858,0.10269804236883438,0.027748311483432864,0.0982314750412907,0.09879496551794446,0.20437298083515057,0.1633832882427628,0.055461618934660055,0.12447048626183843
0.07256582943062394,0.04677227137923116,0.014761428402578172,0.12531557276826313,0.08706322438457396,0.3069290040157677,0.1621474402675722,0.0856276206193488,0.09881760873204083
0.08114789504717203,0.06257731747053978,0.051998483556756424,0.165263962296197,0.12457804032671534,0.074869167684856,0.10182582159535625,0.21428042630072264,0.12345888572168455
0.16194255951032638,0.03929322155141161,0.12148569668210213,0.15956711656539865,0.07697643922541654,0.014516795151553408,0.09484663530182204,0.2458012519932442,0.08557028401872506
0.19254039019987054,0.15787400055071985,0.03284123844144791,0.15425910868276618,0.10116335214932187,0.05478388961205802,0.11575570512674893,0.05311847959722211,0.13766383563984466
0.10969842440444226,0.21312481289094232,0.07182635381690096,0.17587495880419127,0.15060375701416417,0.006177442511323135,0.07115877029818951,0.08157156459578721,0.1199639156640591
0.069761932543911,0.17056632298184474,0.01959093639310303,0.11548387204043394,0.10229413108767545,0.06568558513766042,0.2016304878731405,0.14630593880940576,0.10868079313282519
0.16070345260162186,0.06254351347487813,0.101330684515404,0.09843886094629885,0.0923380373879827,0.07736118129700832,0.12957015080138304,0.15163499937789415,0.12607911959752896
0.09459618971868412,0.06889501802962857,0.15755211544396938,0.1180845825361972,0.12072082615117152,0.06051535936521787,0.1037893676687709,0.17237217168248709,0.10347436940387338
0.0702490529195318,0.10731203841177565,0.06807369967465514,0.09468822306746723,0.08404400648670278,0.23309422855703876,0.1885415802790147,0.05196035753410417,0.10203681306970987
0.06080910853625543,0.22313677922770916,0.13872907843259022,0.13305393498396045,0.1207880879389251,0.0300238717000267,0.06817681572776028,0.11855012165821503,0.10673220179455767
0.07139949737473479,0.1210065038970692,0.09213932484281247,0.123711978042854,0.09052371551829667,0.18362489467437634,0.17418649992629734,0.038983447593016064,0.10442413813054312
0.1192812442688735,0.0982818404871843,0.09962923865803275,0.09758560171650245,0.10853275540195029,0.05157666063449381,0.11493032903044102,0.18819866754671555,0.12198366225580631
0.15462882565910893,0.04571773007739727,0.05682597914940376,0.09716151732378421,0.09347352003586536,0.2555433987031398,0.13361179988776614,0.042617216903164744,0.12042001226036975
0.07084586268447209,0.08634569449082209,0.012999137531903472,0.10893229216999865,0.11794167260122183,0.2989286611388666,0.1296885913273914,0.0692553315570135,0.10506275649831036
0.22016432694589158,0.1127082125894082,0.04014291368704146,0.11623605954940947,0.09391907119197873,0.15125020861634866,0.1071749437788876,0.06132021669912723,0.09708404694190703
0.0566328316419227,0.1350792954192742,0.027831371713208264,0.17109042959117907,0.1304455119547033,0.1506973371150447,0.12751418661667469,0.09217712080243572,0.10853191514555734
0.08438729567167062,0.1513120288377715,0.12827234513367572,0.16323648633575052,0.10865516611946885,0.03951201468679973,0.11802345589924153,0.08465167326586508,0.12194953404975649
0.12960315358632024,0.18067047088851815,0.08665086689395031,0.10795128198958265,0.10150147157245448,0.03736275542808724,0.07803262199674417,0.15870968137811606,0.11951769626622677
0.12793592540927393,0.16947661782802384,0.10934255186615834,0.11190627997111229,0.09377841051305202,0.0416879389764934,0.1666768646558757,0.05214678773953974,0.12704862304047082
0.16631496471634072,0.11234461014434431,0.03663063148159066,0.1314863884718114,0.1168764365517127,0.16345071353053664,0.0627609417536419,0.09476262284645104,0.11537269050357059
0.14853346478827786,0.08013689235484296,0.060997082875226316,0.1515093938144946,0.09397056110602157,0.1179059671651594,0.1374537511647784,0.08549725820786903,0.12399562852332979
0.09128742459585121,0.08773884231357652,0.10662783749857492,0.13137323402804188,0.12532841776290382,0.198406322913991,0.07341641563463562,0.05880330028319888,0.1270182049692262
0.09974392053044327,0.08000541494621081,0.04291398652243424,0.15051458319924096,0.13292706637849205,0.2434594869901141,0.07739770738221863,0.05601990885977944,0.11701792519106652
0.05586142630813531,0.046199390677414943,0.12718877095442202,0.16097143169214287,0.06950569073231261,0.015748516368284688,0.1644049774232175,0.27230275873208026,0.08781703711198983
0.07539430462827297,0.052957521285093956,0.017731475157559295,0.11371528971373228,0.0836064681113572,0.2549362574672418,0.2002489326744641,0.10229284465585407,0.09911690630642427
0.06250185898647938,0.07556667560930226,0.08826851490004343,0.08954459657654283,0.10018812723842958,0.26175270380268134,0.07636551626234252,0.14422205603825858,0.10158995058592002
0.10087695992518375,0.09936600626158455,0.011131844411615008,0.10313063689695827,0.08835256568886989,0.36536452283246357,0.09483889063550566,0.0345655291366384,0.10237304421118089
0.10959509163849518,0.18788131459904278,0.014383763927916933,0.12131512366058372,0.11456818554988507,0.0627413895029969,0.22142853049360958,0.047184257909590986,0.12090234271787888
0.0944278261587036,0.1557643451750681,0.026093703346670077,0.2164511376967905,0.13414355655128515,0.10036315375693282,0.0665647888074126,0.08774137391531171,0.11845011459182546
0.08380846110250119,0.10867423383073586,0.08802718151350684,0.17106039855266209,0.13614299169445218,0.08509293081688875,0.1249659825468552,0.0818445378438659,0.120383282098532
0.06440709062972771,0.06675690486482952,0.02091687960112819,0.09428546565517004,0.08979494806228772,0.4322098565486401,0.1003467076947393,0.03558257886005464,0.09569956808342273
0.11090623650012081,0.05894797889449069,0.03102309637675924,0.1435083072109725,0.12765407229569237,0.1940303781705258,0.13717138121636355,0.07658551330540699,0.12017303602966811
0.05797638421789639,0.259864789126783,0.037879313068374616,0.11116553465201716,0.12482755572530237,0.10084723956298591,0.15248443836728823,0.046255331521913384,0.1086994137574389
0.06854261236990176,0.15449334504129406,0.04828612595098808,0.1721037543429774,0.1630395187881916,0.06748721441336879,0.15385939175026278,0.06457762711346131,0.10761041022955435
0.09477298038869109,0.18455031155235666,0.06278641874202713,0.09506698182874691,0.12274662560719878,0.014259127455325532,0.14203712017806505,0.17315651947214503,0.11062391477544382
0.10158752850303443,0.057842571403256965,0.05978645454515138,0.0686042318163824,0.07513345556792263,0.381094386310673,0.1168379660078512,0.05205500738561719,0.08705839846011083
0.12183416797464103,0.20835605062411353,0.08260459888268966,0.09308232698177836,0.11157775170132896,0.03509035838649284,0.15487803906213318,0.06210496520784175,0.13047174117898072
0.10478708406833659,0.07817422076854512,0.16571434217486838,0.09529329593446002,0.11881422590270241,0.061052400418208745,0.15629087289328514,0.10100862967407419,0.11886492816551947
0.11704391194314175,0.0749842734629226,0.01416307752943792,0.11394572756075012,0.10058103966694627,0.2135603009159548,0.22056075188605484,0.03192693160192172,0.11323398543286996
0.0740731311864564,0.15977152883795628,0.2535203327939782,0.07923895863925369,0.07041451190561214,0.05402722775599048,0.11662195566390489,0.11639141636692589,0.07594093684992209
0.08919254666590663,0.03566309731254335,0.01927207741833543,0.07762701976801584,0.0751668643099939,0.4950127762071816,0.07650405532520328,0.04525298345960308,0.08630857953321695
0.2307700113276185,0.14671563676053942,0.14406581508100677,0.066181905057323,0.08406452103651414,0.007172931794065055,0.11245257387584079,0.10455495202072433,0.10402165304636797
0.06835760331298629,0.10948121566947568,0.029124810483584423,0.12487573810489778,0.15246086681366014,0.2948932710274409,0.0646641962068077,0.054234721339630226,0.10190757704151678
0.06096991833388877,0.04089968074587472,0.0425003228009355,0.19155101442482658,0.10551643285549801,0.1369294150599887,0.142675592224105,0.16896245522882328,0.10999516832605943
0.07720253619373496,0.08163255289533879,0.053255064689111155,0.10373577724666001,0.09004138443109293,0.27995350982442546,0.15821895328028554,0.04589510706999192,0.11006511436935924
0.0964818464900779,0.06574502438320749,0.041388429894777014,0.08901623413964045,0.10599245401388696,0.31901619065811504,0.1470283241738034,0.032395070159773644,0.10293642608671803
0.1479071061536712,0.10076367229506182,0.07632035103567127,0.0943566763496831,0.09602607978944046,0.08276967609318268,0.23426047131031166,0.04281556347774155,0.1247804034952363
0.2678219603711305,0.04868207899897788,0.012768665947111785,0.14699242078042477,0.14472778664492805,0.021566749375121444,0.10888236710453053,0.13979913326784096,0.1087588375099341
0.1824497863656286,0.28045713127676775,0.0919467223100718,0.08582193115159657,0.09196426489590098,0.007815108260080863,0.10954840700968314,0.041526894630196605,0.10846975410007363
0.059890887613672374,0.15173948510119603,0.020568459424993954,0.11466868855312183,0.08967180684346955,0.360831071401236,0.09609562634487064,0.024871641466647155,0.08166233325079231
0.05740326982909002,0.048221938916767036,0.05969937277439066,0.13088035500075418,0.10422535084502858,0.25762628775422863,0.14196782813775202,0.08847833519545363,0.11149726154653526
0.07092251079112302,0.042818678777070567,0.1141777660267323,0.06506873385431283,0.09461221695672963,0.14655294230681207,0.11656546445130085,0.2526056256209264,0.09667606121499227
0.07596550195346073,0.06877194047297884,0.11498752134846309,0.09711260036537545,0.082910244123355,0.15262462710833136,0.23098228224770714,0.06890361483322525,0.10774166754710314
0.11055940134999427,0.2105616802949091,0.03628933641145903,0.10483325334823414,0.13700212669601566,0.13107545777923937,0.0808917670265938,0.0896067013911303,0.09918027570242423
0.05441080358394259,0.08343020944282602,0.07496238092242441,0.16419374265865472,0.11163124076364721,0.26081889467458347,0.0677569829051891,0.07917676596214716,0.10361897908658535
0.0685962290888565,0.2115355106784599,0.07914681253628797,0.08980082870915491,0.0757480441814317,0.021834646018204406,0.19007442602121302,0.15505173145205978,0.10821177131433175
0.11318564921041496,0.06363114665880852,0.02553392306572792,0.18461181140553548,0.08453093715087164,0.09882314310596012,0.23717239731009632,0.08070735980955558,0.11180363228302943
0.10837230547044374,0.04999621341649469,0.059249861308677244,0.06802787899334777,0.14141403468296243,0.3532928759960219,0.058108255374533714,0.05875113609606702,0.10278743866145144
0.06457925898401534,0.046107522936954116,0.017159648681546857,0.1308031990422699,0.15262630248274514,0.3103873086127549,0.13227659535576916,0.04744278097214954,0.09861738293179508
0.14142041529777707,0.12499761348942329,0.05139464593494555,0.13422223279797432,0.12826305154533238,0.0794641396597451,0.12134021353292974,0.1027981931596239,0.11609949458224854
0.0713232815557627,0.26243756972890386,0.1409935223657881,0.12815861641465362,0.16039307986882975,0.060763806335615594,0.033054138629896195,0.04998216629196942,0.09289381880858066
0.06077254819575038,0.06737167047280058,0.05231794925818082,0.18189168916818055,0.08733764561058677,0.18613661293259956,0.15991360373177152,0.09242779475659646,0.11183048587353328
0.1402981994600239,0.10041557552583663,0.05366759318037447,0.11331133711416448,0.11113607939830443,0.12726512430395226,0.1780639449234025,0.051339450240616424,0.12450269585332487
0.09687747909218188,0.19006620820467404,0.029021800215311325,0.0999654671301784,0.10667512543948103,0.03023724528297796,0.2622870605727582,0.06594488504782074,0.11892472901461641
0.19143859974243962,0.07712189269548646,0.030695019630493193,0.10677445247729507,0.10415337372551121,0.152222432982803,0.14751490311409207,0.07251649202886618,0.11756283360301319
0.3394200060123856,0.044426708482337006,0.027432559107781692,0.10643539993230296,0.09940075019254817,0.09218538965621431,0.04218532938601959,0.1427666905437673,0.10574716668664336
0.09537556095049553,0.09298823728855592,0.052655920642400295,0.10051309593076622,0.09169665249081076,0.25544378321821226,0.11638963342397986,0.07366495082475273,0.12127216523002644
0.07925163227697081,0.2152768820427011,0.1385534783189048,0.05789766253346338,0.11201129409565964,0.0051484481509963065,0.09217370110915983,0.2066257934276022,0.09306110804454193
0.08817880761545567,0.04038195635277191,0.033987445248726295,0.12399588038379239,0.09133430821844446,0.2828538318902009,0.16188631950864482,0.08016634939593507,0.09721510138602851
0.15616345288041936,0.07064942253164201,0.08927917329970873,0.11210133497768715,0.10923806585781937,0.1276327285341446,0.10635274150430502,0.09389014871549929,0.13469293169877447
0.13733699240245004,0.14873290725693147,0.03532676181192887,0.0947335057211876,0.09974565925545457,0.07981704827665724,0.1477931910500121,0.13837630195310485,0.1181376322722733
0.2553148082047924,0.09018445604317643,0.02871777312917932,0.09751054483784165,0.10593200667131582,0.011269291440901177,0.10587547052874124,0.19181939154509023,0.11337625759896164
0.15875901520972793,0.058636610254565215,0.08880200669653825,0.15087500916013255,0.10386650137119706,0.12484295738936392,0.08983613741317548,0.09193810644877021,0.13244365605652939
0.0662912366108326,0.025857642836536004,0.038379916020129405,0.08526563216877425,0.08550199259059992,0.3508033061228064,0.05910032389944561,0.2073571756456061,0.08144277410526969
0.12096839014998251,0.10090073902611536,0.09898811351184393,0.08053477063465926,0.11971484559926378,0.10934930529312821,0.16604457956965854,0.07459078263524807,0.1289084735801004
0.10641939942466767,0.12271652875462453,0.014239096533051903,0.11921774338436088,0.08978588287551932,0.16592992771232326,0.20372419646642173,0.055149155995929434,0.1228180688531012
0.1373205833714877,0.24455539371512822,0.02286982217771379,0.09256469023750578,0.10053543721920517,0.08546829459106549,0.13751901008051856,0.06674326607543722,0.11242350253193804
0.13838040345518215,0.08641221138618242,0.3200927914718567,0.049351811800581624,0.12552089222328022,0.008356143391307863,0.03290386539080584,0.15259796246562243,0.08638391841518071
0.10186263186947431,0.09306786195101147,0.02599583947644844,0.14289847437371714,0.11501718937443849,0.23858301534734308,0.060295297296800256,0.1106442959433158,0.11163539436745108
0.09464187710574427,0.04807756658238632,0.09911142508737202,0.07770504071793592,0.11175602512887513,0.23220450805989987,0.1495432799581427,0.08021841950299816,0.10674185785664551
0.13788550833811344,0.09927448521651845,0.06788429003508296,0.1323219089303038,0.14994091180434363,0.009026190623818547,0.0381669673043275,0.2516279936240684,0.11387174412342327
0.12663488525022262,0.12957987441661065,0.25585167659599195,0.08032961449417544,0.09579556225228396,0.011664562335696821,0.04765997111861881,0.1519924399615778,0.10049141357482198
0.04025055382340839,0.14486892717246866,0.39609766179806066,0.08677456470509354,0.1005898328269299,0.01337968441576544,0.059925031807033236,0.07613954488266388,0.08197419856857628
0.107876749070947,0.11379118100244055,0.03619500140330165,0.15207972316636761,0.118643693029805,0.059291098014760034,0.14006683895070773,0.13966163540351628,0.13239407995815414
0.08517520299960472,0.08697614180182982,0.08314337490406067,0.18029148875753798,0.1082664798805152,0.04227475727214539,0.11100135728026671,0.18203786372452477,0.12083333337951478
0.0856466538772618,0.17151547592650376,0.17017905217116258,0.08338271929004602,0.09038103628926547,0.04590022862572219,0.1177662429270691,0.1341200758700896,0.10110851502287949
0.1816315033811279,0.16380737784852753,0.06673138744803972,0.11079697386309695,0.10322774098264138,0.01993519852701323,0.038202416469987066,0.20740433251490434,0.10826306896466181
0.07658109837688672,0.1251233760855894,0.03028788980403807,0.11390834780941624,0.09841469340754648,0.023999080747081517,0.26508757121032905,0.14155559600939147,0.12504234654972105
0.2223821637720659,0.05207926764456678,0.05730719119114141,0.1078898266405147,0.08740550059172808,0.14345671962578974,0.17133602483849644,0.04420812776957677,0.11393517792612012
0.11218337461960941,0.05377109435202728,0.022979774697800718,0.11507807622313897,0.13437264859725406,0.21272477869912285,0.18299023394269295,0.05638731178075015,0.10951270708760363
0.1643064692614387,0.03916560274609595,0.06526491024378102,0.09617407321185877,0.10333952781661844,0.2486876290267587,0.06541747111638485,0.10291215934766805,0.11473215722939555
0.1584079621298619,0.07234992560898602,0.019337716251350893,0.1288708959920817,0.10989316687947644,0.13677995488099856,0.13677331591399547,0.11871364511137221,0.11887341723187682
0.18939362628429915,0.0473014942491633,0.01826262108656197,0.15684464664002498,0.0911978573256604,0.1863741893604125,0.13830616036379992,0.056269595517180394,0.1160498091728973
0.1075232451112453,0.10016141116680392,0.2229618777346752,0.08969420455538646,0.14060354746898981,0.009855695888963354,0.11550539081349935,0.08689312447439011,0.1268015027860465
0.14860028819276308,0.07497279450916501,0.030661790386005267,0.14446906968716616,0.10905125554247043,0.14512534723891327,0.10280026985852081,0.12641634773749594,0.11790283684750003
0.11591284446963984,0.13037746172503825,0.0277047279446985,0.18045561928839185,0.1383533618513361,0.08162232521693734,0.07055489936718354,0.13489649238938584,0.12012226774738877
0.08841603575616913,0.06283517405054033,0.03642712225689843,0.10194551861054406,0.10611977442615954,0.16331769261779938,0.21410481770175172,0.10921190735762633,0.117621957222511
0.07654369353467592,0.10383203140279447,0.03579841188543559,0.18220257077926938,0.09166861518177723,0.00829804133296704,0.28578457765981197,0.10606029738289384,0.10981176084037447
0.0937502933682553,0.08120909944419767,0.0709266720257599,0.08566688901141695,0.1386733491171613,0.1307430068143944,0.24260643198548645,0.05808102297094328,0.09834323526238471
0.09162495986625414,0.08313030031994954,0.09928229875011751,0.11547689250079614,0.10723086238283562,0.1274673643039296,0.1253728161839623,0.14115058678105663,0.10926391891109848
0.04174648715578258,0.14887799347182357,0.07873952288739607,0.17534604537953855,0.12055489540076288,0.06562029826361318,0.20490743112658896,0.06467386728111413,0.09953345903338008
0.15185583826716312,0.0794886661180847,0.07672977899541066,0.12796854115806036,0.10287466180493898,0.14925342350912288,0.0852125787474366,0.11261915592730987,0.11399735547247279
0.16631496471634072,0.11234461014434431,0.03663063148159066,0.1314863884718114,0.1168764365517127,0.16345071353053664,0.0627609417536419,0.09476262284645104,0.11537269050357059
0.11343613155197307,0.0861841968161718,0.009016303254279467,0.1690701453420327,0.07858048314432288,0.29131164156288686,0.1007272699938011,0.05188402100672603,0.09978980732780614
0.12744509791206216,0.11050761583364747,0.03279097874738509,0.13042008426272952,0.1186598304467223,0.1545955916464339,0.08913896916187218,0.11493467149680185,0.12150716049234546
0.11564795802049077,0.07257792376685161,0.045743125316793976,0.09130324291012593,0.08881540955009672,0.24046789886751532,0.15155417745989505,0.07900307942478901,0.1148871846834416
0.04922155525052279,0.04291678975120996,0.035463356801431804,0.06191123014465749,0.07229651393864552,0.4411588145164275,0.1438488800997612,0.06474612584826084,0.08843673364908287
0.08312390096471416,0.16372172643471472,0.14432376182367182,0.1215299855417652,0.0831342052260521,0.026898530045147934,0.05921012592451056,0.21892967096861973,0.09912809307080388
0.07490405831197024,0.13061798440250227,0.07398922516042429,0.09594935414190577,0.16656847383926912,0.16376270571981655,0.10424627948932663,0.0699429497027241,0.12001896923206094
0.071703318043702,0.1267454906396589,0.01401053508155769,0.1291483269628569,0.13284044124254987,0.29897004646634573,0.09575889998442262,0.04146539658763838,0.08935754499126791
0.17476086571231586,0.14501545388805007,0.035652607752734745,0.1129479872036692,0.1021862119662391,0.07945095723678625,0.12590395020615175,0.0916036315244742,0.1324783345095788
0.1388128074441299,0.07473846423996688,0.071447939505534,0.09365963925737646,0.11007138444606442,0.18703829610209813,0.09772443646687534,0.09845924602229394,0.12804778651566084
0.0942543731472888,0.029811156763629637,0.06984207691041842,0.07194410320783888,0.07921078071706124,0.3682709620798634,0.10016469011753865,0.08361296852880173,0.10288888852755923
0.08903144107408772,0.0762463615909704,0.03737455401025698,0.09685891442695112,0.10526798771227457,0.31522543295375116,0.10553521150745138,0.062039696934264275,0.11242039978999241
0.1308707030356354,0.15014771882449215,0.02136449631615739,0.14128695396168492,0.15212725019795206,0.1350297360382138,0.07859944836050514,0.06972864292324196,0.12084505034211716
0.10972243511752515,0.23862334560371254,0.09137485213014628,0.10018143436838738,0.11022980724740872,0.11326539665913342,0.060086560306031746,0.0696350722365691,0.10688109633108565
0.08228646415613362,0.03404745521399267,0.09618527646683346,0.06556123933129814,0.12865922798547283,0.2740296155226514,0.16282540212570892,0.05680180408718019,0.09960351511072878
0.10412034331929591,0.1680022084904834,0.01927875315496658,0.12122250323270145,0.12588828927130336,0.026500594192933213,0.22408835631405066,0.08640542301181164,0.1244935290124538
0.1630895277530364,0.05694741105678042,0.06758393289398808,0.09184798619708484,0.08730504035111858,0.21095384001660222,0.13660540287803538,0.06590650196135876,0.11976035689199532
0.06610029979915523,0.0635769787788562,0.05374098291572652,0.09276898139641261,0.10130543777346789,0.29745035108438383,0.1810584526282041,0.03464388196643473,0.1093546336573588
0.11710049108677735,0.07545561800348359,0.143477075021371,0.13487855448279512,0.09164578575283533,0.013294923872944424,0.1704204145350796,0.15282800253230913,0.10089913471240441
0.061408403148643875,0.08941300704033565,0.13583350566072322,0.15452728971085836,0.1346911315871497,0.00987597905571976,0.11838363418403379,0.18095313599198448,0.11491391362055119
0.131883745292544,0.1280445556251465,0.13945935089863595,0.12577256729876285,0.17972628925513442,0.009862967345969769,0.06280534398016958,0.0964127661573887,0.1260324141462483
0.14189659681296474,0.05334870453827111,0.03675812374128937,0.07467470083460637,0.07295265121372241,0.22592427750087954,0.2590423056954127,0.033353178552414944,0.10204946111043882
0.08623512761110415,0.0761128215614973,0.043520393259938846,0.0776037186606298,0.12051342820021549,0.18755397658235393,0.2267116705128708,0.07277834495757134,0.10897051865381831
0.13097897600165717,0.0663383390943562,0.11473327464843919,0.16826455052872114,0.09373103831959755,0.03505916612704022,0.15689075956375476,0.12494464359874373,0.10905925211768998
0.16823474270474012,0.12539886779781179,0.012678422550379286,0.12413867728042448,0.08449081388193225,0.12290851814477084,0.20723617422846027,0.0463104955774273,0.10860328783405364
0.2462147783014018,0.08554392850620746,0.021209584772077638,0.13559390717427497,0.10507624546731449,0.10348709795363142,0.15041388482952747,0.042335667360155475,0.1101249056354092
0.04851816563783432,0.11493400127348291,0.23085140440708588,0.1633665762258827,0.11674842080035937,0.024323757775921478,0.10705460691734452,0.09367994493914188,0.10052312202294696
0.05523785954892404,0.07508657595099329,0.07365905265081765,0.09842799970422945,0.1536608325088256,0.2374061212628038,0.11813477299035646,0.08212669049965315,0.10626009488339654
0.09935298942045544,0.11554723039616073,0.03835181661325489,0.11117072073251455,0.09629363803324757,0.18432541718612308,0.17299631052058972,0.053692319437814696,0.12826955765983936
0.09383454673268199,0.2600170681365866,0.020278149309273064,0.11509990609183514,0.09320733731160911,0.02013139975761787,0.08712455527709323,0.20902806465440915,0.1012789727288939
0.12174540767685932,0.06290861900946311,0.33180037873095697,0.043074989434328526,0.10108830661096178,0.02131814328879914,0.09842480606602727,0.13197894943318794,0.08766039974941586
0.1078597649105868,0.051294434074966276,0.057744717899629205,0.0662625348150485,0.09491734174751888,0.33472290030286733,0.09037673778630677,0.08967739926236896,0.10714416920070718
0.08204217810270087,0.2468060989861273,0.03133055972109516,0.09677270655076775,0.10085906786920266,0.06886872228355544,0.2121948909980137,0.04219923213697089,0.11892654335156629
0.031410784538162706,0.12475490631371618,0.021054555507819084,0.20821868547194985,0.09214152251027848,0.13833660780919912,0.14195412826569118,0.1632052723096099,0.07892353727357353
0.04965196931749783,0.0331545188829987,0.07465438887192262,0.09363527795412396,0.12698416673186907,0.3654172323665403,0.08580156820594671,0.06992379192692101,0.10077708574217974
0.08534585077292023,0.17290371931368473,0.01882863427353431,0.18468260309455842,0.09350687679440277,0.12059545054773631,0.15539307472102726,0.04621076798343846,0.1225330224986975
0.09490388783851895,0.0758331418113925,0.01606606438892669,0.09886787151585029,0.09649155019311385,0.3691372106950361,0.10247210762093549,0.03628349866854236,0.10994466726768375
0.08315486753323453,0.11668867507289633,0.04323665750397937,0.09199050118777002,0.14147467939941408,0.05609779916801342,0.14656162321974978,0.18551664205891452,0.13527855485602794
0.11202532217662846,0.24966784868130332,0.049222875743708906,0.11650190982664042,0.10705340145864273,0.03865571778044377,0.1431894078804785,0.05964432622430687,0.12403919022784704
0.06639648987038273,0.04010287147163521,0.013472096069763425,0.07367856319896478,0.06675599854365154,0.4957561156003529,0.13353588064861735,0.023091741483514533,0.08721024311311758
0.160006849205787,0.045366265095050706,0.04641948453352709,0.0657176528167789,0.10336672804769054,0.23897441030155497,0.17866046615994835,0.07011251350982846,0.09137563032983398
0.09263449072123058,0.03597709761253276,0.02329243505382085,0.11305322048225479,0.08635086758588877,0.33039086988732397,0.17412532819785206,0.03959850443578298,0.10457718602331323
0.08254809463366138,0.04447339751290628,0.05086186598414128,0.1485714087348395,0.13217332048753244,0.24050226693351076,0.10324705005761697,0.08295843110329583,0.1146641645524956
0.0960580009375007,0.03759382695981086,0.017597952344889735,0.09437919939283108,0.08828867633232966,0.36885532041441443,0.1450610894168831,0.0578302917360984,0.09433564246524212
0.05681172588238061,0.061475147726988366,0.025873391577376576,0.05856212330234469,0.07437479401740987,0.49123369445498577,0.1039820364409944,0.04759609683060831,0.08009098976691141
0.1223532064350219,0.07599186652955851,0.20733415364953678,0.0972957192153266,0.1027602275099535,0.018757063001639734,0.1141908951325205,0.16397294061998127,0.09734392790646129
0.07129695313894886,0.0500049306220961,0.058961620946391013,0.14185166792681667,0.08955411418545565,0.3577850519292207,0.08954408394214519,0.0443031809997117,0.09669839630921412
0.09717668147216534,0.1394421455206081,0.17606030395177355,0.07014723067738506,0.08240191375475418,0.15184217755188437,0.11915075115626357,0.05936245973292729,0.10441633618223849
0.10207809976048395,0.11893009428849566,0.03598911717418242,0.13741417667806233,0.11729777221920883,0.09639177359668376,0.16005184785293514,0.0958461578981144,0.1360009605318335
0.11612949895431114,0.08667611349336864,0.04109625299640295,0.20903589658462207,0.09806103728226878,0.030018000953289038,0.19017236799627887,0.11217508899020234,0.1166357427492562
0.09344315373188676,0.04805257377414442,0.013268221061733256,0.16028828343010845,0.10058833724111171,0.37312416474387305,0.0632779643126012,0.04697351367416555,0.10098378803037567
0.05231415175806267,0.10458448933388213,0.03900784193737841,0.09407572470583651,0.09502935854210615,0.27263409728553595,0.19435369986924322,0.03979776312692964,0.1082028734410253
0.21579459570249326,0.060719732438667184,0.07036004311812105,0.17844248130668258,0.07905189476727985,0.09792835641359604,0.11583769421335222,0.07862799807692662,0.10323720396288118
0.12202061705529128,0.16304142991371282,0.052480801250831745,0.1398264916867278,0.12664760038638184,0.031224352013532446,0.12217182409375564,0.10511147567005019,0.13747540792971633
0.13528902443644641,0.08047200536039817,0.026029830033214806,0.13510851991043965,0.10824542061666365,0.1370528894888792,0.24430292600018413,0.026031346359388446,0.10746803779438559
0.13162992305897223,0.07358297176206806,0.016462132274260705,0.15769856872085344,0.11860735828485035,0.2883823454802865,0.07870123199876537,0.03553795628266151,0.09939751213728192
0.13352019902079496,0.09480470758718644,0.0297449366687311,0.148762991749209,0.11585604284593938,0.10324101952957103,0.14810094782875446,0.09785530830731708,0.12811384646249657
0.06173122502590903,0.1964407290435791,0.09592819744448251,0.0838662819598991,0.13791079589132052,0.06490091081591363,0.12267457187025198,0.13026513218902722,0.10628215575961697
0.07657669520213058,0.10685328996718395,0.021269027378493417,0.11786549577860204,0.07386790571092397,0.022929396727803697,0.18290679310369204,0.29713224699492974,0.10059914913624061
0.11187188091049842,0.06584778791321733,0.07175257195038227,0.07776229010145402,0.08920838768987506,0.14284495367562255,0.28324437821244686,0.04279159914196621,0.11467615040453721
0.11609179640985634,0.17772760356515926,0.0369372878805188,0.12101846742973695,0.12856250675675154,0.09698600418594165,0.15833754769950828,0.04829076683216574,0.11604801924036146
0.03319705698874109,0.07205042092174922,0.04472546014169162,0.17365354106518663,0.08581268087713433,0.068913220083816,0.16294855176073025,0.27548208828027915,0.08321697988067178
0.045961453013180616,0.11690959368383964,0.06793130674605911,0.09416447905807739,0.2204683151024882,0.13127277255193587,0.15463503781617038,0.06896426143724477,0.09969278059100395
0.10218209292047664,0.15903611056522615,0.1466484055274151,0.0916800906100047,0.10930248918515251,0.010119176964429879,0.17841400573048224,0.0916425311771057,0.11097509731970705
0.07528985864536696,0.05994045130712337,0.23333934232563988,0.08523990727039582,0.083349780463374,0.00689184095432948,0.2743254638553244,0.08254296203254075,0.09908039314590537
0.1792175526045389,0.11382377485704771,0.019760161578490656,0.13151736077242462,0.0999981855301697,0.0442759015252393,0.19657857117792235,0.09080253133045103,0.1240259606237158
0.05561864261881915,0.06576624586185002,0.030780084050588307,0.13710691520054108,0.11243515042312946,0.372202524188431,0.10477109192314586,0.020956585923341178,0.10036275981015397
0.16760759992610463,0.04584439654074995,0.04365844755393966,0.14379549222398413,0.10485890811155614,0.058298985616786377,0.1311452602493712,0.1856640837655262,0.11912682601198177
0.160006849205787,0.045366265095050706,0.04641948453352709,0.0657176528167789,0.10336672804769054,0.23897441030155497,0.17866046615994835,0.07011251350982846,0.09137563032983398
