0.061404131601606154,0.0703474271631903,0.13211462922866893,0.08027174545259196,0.08339639817777071,0.10636910762475221,0.10135798752323986,0.11577402091717814,0.24896455231100165
0.041075006796426144,0.1378994874647714,0.05316146636186897,0.1312352089175841,0.10866161634164262,0.09665318464060958,0.1824363664012105,0.12068710481038548,0.12819055826550121
0.035263933200415536,0.0924208346047397,0.032636609881441826,0.14868011031669986,0.10923606651967266,0.12768856101303686,0.21825560789607576,0.11112768906338899,0.12469058750452876
0.01579126106072157,0.18465271894854432,0.06484063800591745,0.08769217998587404,0.13807267384120103,0.1757341594997026,0.11122994126038209,0.1632903624801908,0.058696064917466005
0.017899678505799765,0.07890814007505532,0.25898590778690994,0.08544784256984929,0.15667965160388592,0.0948693166872151,0.1676397927054493,0.10119076990272276,0.03837890016311258
0.029715129962774405,0.11996530948176305,0.03644325939490242,0.11790462575949061,0.12637939222053565,0.11158510202388587,0.11210813388887975,0.09928626217599627,0.24661278509177187
0.04957419938475904,0.10277519392346711,0.13872569197581683,0.08039279542099488,0.218369625300879,0.1266483735855721,0.11752380517348142,0.10709273012587334,0.05889758510915621
0.0820279000574813,0.08946658235902617,0.12849647771510952,0.09747401861275062,0.09595697243734809,0.12206746903970771,0.16897063271425986,0.12109895270971888,0.09444099435459785
0.016700160639771474,0.09251394032339472,0.06882998732528271,0.07622714768993756,0.15177458102698163,0.11625580446060269,0.19120562793343399,0.1320343180911431,0.154458432509452
0.03540392461612597,0.14518383242700406,0.0668298749917739,0.12661770693416416,0.09965517429346148,0.15086575063920404,0.12493124212164623,0.13523696554890405,0.11527552842771616
0.1231831732534775,0.0950750667427656,0.12895412247247534,0.1333081625032029,0.09185200757996102,0.12193933588084198,0.13712756196934842,0.1193497018069446,0.04921086779098278
0.11705636837603656,0.15770957604063418,0.036988637156138926,0.08455770726054428,0.12406693600415541,0.09439994536777102,0.15927885298728808,0.12823845257925412,0.09770352422817735
0.1266051034677671,0.10206007471309375,0.022340857378593554,0.11351953047495149,0.09498555463419438,0.09916986308928755,0.16272570329343825,0.08336127293335276,0.19523204001532116
0.10250926128868727,0.13408019864751677,0.09673270503411176,0.08777093556594873,0.08759700548270538,0.13542081297645428,0.11104879367295233,0.13293360477406072,0.11190668255756268
0.07541787220968664,0.10679527610773508,0.0927739298318288,0.13154010190804202,0.14920161504653046,0.16021803690012562,0.10626496079804755,0.125821357310459,0.05196684988754482
0.033703882248067,0.1943748365529084,0.10415729849514192,0.11706503150951841,0.14956096178089595,0.13839867673101117,0.09393205597416125,0.10223456241661899,0.06657269429167692
0.028301467607474637,0.21034982715983563,0.028530594399109283,0.13891873389667217,0.10110416219063308,0.11524715565196529,0.12788113012002586,0.10748743553997081,0.14217949343431313
0.05689581823632439,0.0834676367213823,0.06932932755876034,0.0978667178540712,0.13334156429220542,0.14902490013594014,0.171909955407998,0.13386240616563094,0.10430167362768723
0.06609839278125516,0.15034426677375792,0.18009942661086767,0.07366246047201432,0.07607373847573974,0.11737457403255003,0.14206532718436646,0.1222835756148904,0.0719982380545583
0.029110141396955242,0.10448619561473821,0.24396358583409342,0.0937448606986266,0.09540413874199043,0.11614056162545212,0.09198052317401663,0.0939746167949899,0.13119537611913745
0.03365682016165624,0.1259588111891601,0.06357470597006915,0.10142070778376573,0.2085337412427978,0.1415560017439865,0.09280340577757855,0.11226994979140482,0.12022585633958112
0.040777694320543796,0.12758935003485672,0.14117316857568277,0.08451288118399902,0.09378201369369782,0.13192047079192173,0.14193700757755726,0.15810874118521115,0.0801986726365297
0.045172494604930995,0.11731279372834968,0.10715337165648353,0.12256374832730592,0.11152602322805587,0.1387097730412362,0.09537753084781668,0.11049916994778412,0.15168509461803706
0.04340602548964754,0.12252875264491038,0.09707927798782891,0.09809414314521331,0.07925300303592632,0.13147626387525754,0.19412611922742018,0.1209489742886616,0.11308744030513422
0.05261523408247152,0.12441459475483214,0.14780601367330318,0.10188632670690105,0.12183804696449067,0.13832111541291994,0.14865508918457707,0.10862732014117704,0.05583625907932741
0.026126213028169126,0.15367514126730789,0.08991415870236524,0.08639071130037194,0.0791590037694952,0.12055754825274245,0.21548275114738788,0.14724435337944272,0.08145011915271771
0.030008689144395636,0.11921448350828638,0.11030279517614439,0.11309544837247215,0.11328588635193253,0.17330072562724327,0.11700800431629366,0.12410417477178419,0.09967979273144771
0.23289782880834387,0.08396356438766793,0.020992887544663653,0.11521856318637412,0.07176871445480232,0.09604831295797385,0.16077487373775892,0.10002059660461848,0.11831465831779688
0.1815325166375438,0.09475414135780987,0.041500566933827865,0.09629026102385659,0.13315953322043747,0.12188108995041132,0.0631686469547486,0.13298863158097807,0.13472461234038638
0.016232843105926983,0.10064813029128805,0.37335780352591574,0.0958420243930399,0.08339889416560471,0.10039564891264857,0.08894492562551919,0.0986297953622753,0.042549934617781636
0.0916514779598065,0.0923841023220963,0.02004629379928367,0.12543787651790786,0.08484301586283127,0.1107904108641542,0.16188289202362885,0.12238118656860636,0.19058274408168496
0.07644476705894708,0.07137388469718865,0.042903051244777925,0.11255391427162897,0.1226802967458759,0.10716194638967215,0.28088058886222694,0.0903448894475642,0.0956566612821182
0.1304328044336356,0.0907881633597936,0.07833726222192805,0.0897152600471131,0.12100375330929965,0.11583542291668547,0.14953043025231916,0.12394659559631917,0.10041030786290622
0.028868859593808444,0.15810337740835534,0.32119489133464274,0.07811163897747603,0.08507713692889625,0.09379049049398717,0.08196300098264643,0.1039632699345399,0.048927334345647694
0.027436769653956833,0.15688136840392466,0.10913365487027848,0.14731148866351546,0.12249019613037189,0.14753636710374518,0.08250039942487875,0.12424093522417966,0.08246882052514914
0.01676986727410249,0.12170277396418994,0.10563514778702139,0.1286324803496295,0.11296157730325247,0.15908334049887632,0.10420730762663837,0.13995484175864265,0.11105266343764682
0.05843801580521804,0.10957725891710747,0.038158060094639935,0.11397645816303019,0.1640931997252297,0.12620048296810704,0.14291508474513281,0.1422257774223003,0.10441566215923444
0.018706282179984633,0.1631841778186879,0.07097730817697394,0.1190115885656887,0.10225692476948685,0.14897265635219498,0.12183243218771377,0.11620888048152474,0.1388497494677445
0.06799082627888352,0.08380355444012984,0.07069594652184914,0.08896853991149793,0.12933539494897023,0.11017133982498932,0.12311264434927749,0.13947140948356154,0.18645034424084103
0.05370303260982109,0.10772976745050339,0.07228422196652463,0.14697748299835164,0.16855213602062605,0.11524656040454646,0.13679805860614705,0.12800180990972773,0.07070693003375206
0.10313679132799236,0.09592929951626743,0.13429792821683734,0.08138145502833817,0.14006275690726055,0.10728895130231449,0.10509437644310744,0.13509229051480054,0.09771615074308165
0.12505865964708587,0.08067548845195747,0.02291158681018876,0.07529621179142297,0.10295040832572995,0.10056260178987471,0.14001472991973785,0.12508511243758502,0.2274452008264173
0.07782696796324108,0.09278131609949125,0.030341944580356748,0.10127690922065045,0.11427850610638353,0.11653380555231636,0.17267740364576611,0.1061040466943924,0.18817910013740202
0.03237996334490465,0.1067886024992246,0.10186779816294585,0.11232112263554085,0.15344931913584037,0.15941093113485197,0.18709044177346532,0.08449819255414014,0.06219362875908632
0.04576018841463686,0.178402273294224,0.05393302510592568,0.12159515358741972,0.13576239631508621,0.11581468336558222,0.16858775495874703,0.11514401097434092,0.06500051398403728
0.050629653939040904,0.10435280532447007,0.03050639735435846,0.10903763881794763,0.10654498122876392,0.11177697984749169,0.20624510231180196,0.12585677716837193,0.15504966400775347
0.05794345218072475,0.13553706255192735,0.13987332975264521,0.10012647454617678,0.08690640116735533,0.14758816329230587,0.09881889292977765,0.12412263559038039,0.1090835879887065
0.06063438601902638,0.15970971030030925,0.12321495900944436,0.131554224494857,0.10461651595390505,0.1403800811182,0.11598672771793807,0.10238802961076011,0.061515365775559765
0.06015097561817321,0.12402304289145656,0.1786564901421871,0.07253815672869794,0.08884593849852863,0.16372071477304506,0.11137406276426547,0.13549894965404263,0.06519166892960332
0.05427587751110274,0.10924280843747684,0.06788452650599104,0.11519549901182857,0.07726500413404791,0.12958824719134454,0.2778343550786695,0.09410755280134613,0.07460612932819273
0.07636025190095945,0.10877806921405914,0.28303512783526585,0.07569318938786283,0.0763523464688314,0.12516107835154008,0.10335184955717663,0.12035527601869755,0.030912811265606938
0.09159363196316854,0.14376260565834584,0.04714921709910263,0.09026053642632464,0.1207106007585751,0.09798866599511828,0.12709725150865092,0.14008546558741938,0.14135202500329477
0.028724690903890418,0.11308471013222977,0.09556872314519636,0.11734250530288586,0.18404082957726423,0.1500636465821281,0.11924383368854517,0.09286643203142132,0.09906462863643876
0.018726340444347147,0.18476826651457803,0.05315970099924055,0.10617751506535929,0.13736670305807194,0.12483463112197037,0.15119006458313367,0.13268488365801798,0.09109189455528104
0.031121870512291042,0.13814364886712518,0.09587338365598945,0.09231533828489057,0.13411056939655794,0.15171109015281936,0.13042604747149056,0.14067625689156207,0.08562179476727383
0.0703526483686353,0.13517574905794835,0.07047545167534512,0.10382622012092779,0.1051774204815844,0.11321877347972852,0.2033807064684626,0.14101256795150532,0.05738046239586262
0.06823728121869742,0.09999010441690942,0.11041732120666736,0.08299442735968267,0.0809075641869164,0.12078798547682622,0.16594986537247558,0.1520061212802977,0.11870932948152725
0.19777089432644468,0.06099253574878883,0.059943714822327444,0.11405234656827096,0.05678899882835465,0.08480388252492886,0.09226869608809996,0.09644416567091985,0.23693476542186467
0.03541477058380971,0.0938393614468862,0.18374592172576662,0.10725428156236239,0.11586820390770675,0.1831677101459098,0.0991969121361802,0.1351220001138723,0.046390838377506155
0.07992468376867068,0.12002289138899386,0.07862169474050781,0.13333335910530364,0.11285855453484517,0.12508644506353456,0.14528064846464897,0.1225868403051366,0.08228488262835876
0.02481976798999254,0.1997584527470043,0.02713786493370764,0.09766185165527812,0.13911981625662348,0.12450865677161592,0.15890277726091853,0.15382559433692375,0.07426521804793579
0.10836236150000449,0.08774845959806514,0.16890834224537046,0.11809142037003552,0.09918761722468812,0.12641021573451258,0.09609857781889893,0.10120308174001709,0.09398992376840763
0.02530575121896567,0.13148217706908646,0.16071000333881072,0.07968284713754317,0.14066268914417746,0.12907085928655657,0.10919987502770682,0.1779033026100598,0.04598249516709338
0.06817896254324407,0.16094250658410744,0.05426699488797996,0.1499532090615367,0.11419144668082538,0.1161165550816694,0.12717507758287114,0.10950902410834647,0.0996662234694194
0.29185675689581597,0.07253791292429161,0.09592759601592414,0.10203708925225864,0.11766977008902035,0.09363409314265392,0.09161815595500315,0.07585517775858285,0.0588634479664494
0.056637933018882126,0.10699200808863814,0.31540372356425167,0.1053777834797338,0.10142024331826993,0.10139151968018674,0.0800625481995675,0.09888822669139391,0.03382601395907604
0.03545222227617407,0.08212401226560419,0.43441479837392016,0.07153568859571181,0.10514048390509777,0.08990986567394084,0.06402647703771705,0.07909581412679463,0.03830063774503956
0.011888150018096547,0.1457187659712222,0.06024287591073346,0.1345347966376693,0.11318762396562199,0.12304029391127984,0.1573510384258435,0.12086777250569515,0.13316868265383805
0.32186614689309456,0.06259426963651295,0.030864204101854892,0.08276128148176666,0.10284508094217731,0.11287441060106211,0.13027272060999662,0.08556793555396885,0.07035395017956611
0.04434163990720236,0.12316820302998129,0.19802933769405132,0.1354630413566745,0.11777693750483431,0.13177440987276498,0.09683669634571919,0.08501640359906747,0.06759333068970466
0.07240257765860149,0.13715626994066654,0.0948207972771196,0.11771661812343091,0.19910377613360297,0.11796352237649062,0.09055200910286325,0.10369532677628383,0.06658910261094068
0.04086571841130255,0.10871019037260876,0.1264281899365491,0.0825290206415402,0.19879962618795743,0.1411749874344579,0.10299800438428859,0.13285194582873536,0.06564231680256012
0.03127595674904552,0.12678964906972046,0.1203335485425933,0.12828303265589208,0.14815641476579075,0.1350040776265606,0.09776100433991051,0.09393015690560964,0.11846615934487713
0.10337146844688845,0.1377559808047686,0.15181268260291916,0.10814150489834727,0.11257941585309465,0.09678187038603436,0.15793840991661534,0.09072244794215324,0.040896219149178896
0.12155773329651313,0.09370539844899868,0.07958156343068544,0.0909242326753545,0.1685266525453389,0.11360713294735468,0.15378679083166588,0.11110072918986018,0.06720976663422859
0.04023719033062249,0.12421819334539014,0.28314724295403476,0.09189012765598444,0.08332912690151267,0.1084251945303194,0.07137719683968874,0.12421844801350963,0.0731572794289377
0.052132528629974716,0.08617055794719264,0.17396580643344273,0.10628641448685998,0.13018944666036483,0.15536989301184922,0.10868621613397116,0.10646025779868641,0.0807388788976584
0.01996911627552993,0.15559750488259552,0.19061044466260424,0.11477391800789637,0.09145048812593008,0.13121634971098248,0.11722537051092828,0.1339026558914512,0.04525415193208191
0.012056042077239267,0.14033339690962582,0.14444568923184906,0.13411673166473578,0.12316157888111334,0.13045855216924515,0.12076145543169303,0.11278943448280554,0.08187711915169299
0.07164692644011371,0.11682868601481315,0.04614780089771201,0.1158710340002021,0.10728837195126854,0.16050638963442862,0.1470939728204708,0.13006381082119692,0.10455300741979416
0.15443781857214336,0.14295383184677327,0.06643821381380209,0.07895071689125914,0.08847748008142965,0.07688684999433106,0.199357002871032,0.12808886971729957,0.0644092162119299
0.03115033557136485,0.15853290033484332,0.0981304364115015,0.08165085645423899,0.0979481486769823,0.11424652081515785,0.1498917969213972,0.13676562881071525,0.13168337600379876
0.03854370256148873,0.11601000934254213,0.03063926577311819,0.1031836174886507,0.09780418351295674,0.1026339681727048,0.06740575123967733,0.13204603587153294,0.3117334660373284
0.05513458367537465,0.12574426800848176,0.3568221489574401,0.09417547426374957,0.06800945668823262,0.09319369129327366,0.08454950300394093,0.08556689184943299,0.03680398226007369
0.10767715209350089,0.09013518511276668,0.12558452879518553,0.08372598153520056,0.1324572132813185,0.1189611755611404,0.16048485471341242,0.11090123256621039,0.0700726763412646
0.04077648908719199,0.13828338264847306,0.07408690599080436,0.11479417710646789,0.1303456309345719,0.18406995691387418,0.1305831825496324,0.1311620548499906,0.055898219918993595
0.03695618356137296,0.09066630478019888,0.23761813863604755,0.11518966827343691,0.08722801880664115,0.14041638245729873,0.09557538543748285,0.1135228834495885,0.08282703459793246
0.03442292931802665,0.12551975691151238,0.05658763738430975,0.06593877278551614,0.13325133343914217,0.13291034377374142,0.13891831376907235,0.1432383698952886,0.16921254272339067
0.28316874283760746,0.14538768182528997,0.03322381515469664,0.05964161906553722,0.16378225541711325,0.09795105390021867,0.0919953091885547,0.07271069901229509,0.05213882359868693
0.011140772167882264,0.08920202301826659,0.18320974188691388,0.15695256363840535,0.09431251746427109,0.1601637051358199,0.15672446365624784,0.09970534737125918,0.04858886566093389
0.05022163515241727,0.19141491710914108,0.04918440333655618,0.13562604977766957,0.15942535082307216,0.11946619930292945,0.08274667757404865,0.13886953287403367,0.07304523405013193
0.031842047175012066,0.13343299873150968,0.1548211935461668,0.1168326962197968,0.13848230777267054,0.11788794120988648,0.11149298757060393,0.1282106716943765,0.06699715607997715
