0.07796961472847745,0.12275682558572454,0.10986029774146679,0.10961053146079058,0.0613893096076204,0.07983797345126525,0.15050230722737548,0.07661559269465334,0.21145754750262613
0.15690689969461352,0.1039866343402615,0.091601156126615,0.12169210232819778,0.11994200836571774,0.08675265923236682,0.11047105520571106,0.09896967377341347,0.1096778109331031
0.1023714756268282,0.09662858857845495,0.10876527908595668,0.11321388099422373,0.10678359403945652,0.15161404200490028,0.10969442634778499,0.10043980832493156,0.110488904997463
0.17445352839946626,0.08566637334873356,0.07965605842086636,0.11978362740062327,0.13348333260350978,0.11556640336416475,0.11230768254933299,0.1131905105541931,0.06589248335910991
0.11584040716025151,0.09317331486685128,0.09167085437205762,0.11825992034315497,0.18300484051849444,0.09909664168764114,0.10701417628163362,0.11827913504363174,0.07366070972628376
0.18106387347984132,0.09274472956682846,0.08522020557692973,0.1200484673879672,0.07845756043964854,0.13974483010266342,0.08394655774820352,0.09620566110774113,0.12256811459017668
0.1177633631584188,0.0838846566911044,0.09714711421082363,0.12052923241133595,0.17827624154804064,0.09464031398923074,0.09503544746695769,0.14844618608260454,0.06427744444148353
0.10665644393098876,0.10867166083064439,0.10852495371681976,0.13503454557819636,0.09007280600574523,0.11600614693221852,0.07676470310643406,0.07594821600669577,0.1823205238922572
0.10767314590193373,0.09654498158148934,0.12115730857321494,0.10414055405691813,0.12191842571657015,0.04233262466367558,0.1084679457941935,0.09504904813834618,0.20271596557365848
0.11103919936280982,0.09633393028560677,0.10071831153269761,0.11401422637213647,0.09840767930649975,0.12050322595774828,0.10623367058425508,0.1446489311027276,0.10810082549551865
0.11491349947381167,0.08562474907856743,0.12074221443959528,0.11111734480371926,0.17011294394219578,0.14061191654138763,0.07798856786791201,0.09979704873270441,0.0790917151201066
0.07309097152456574,0.11425904312343464,0.0892533860467486,0.11641446669570588,0.09529688872566129,0.1345133211847959,0.12405110620546785,0.08533789491862283,0.1677829215749973
0.10200766187418453,0.0759317203607008,0.0757952576769681,0.10177345450086457,0.13532217960535822,0.13712185330273227,0.08196798876905774,0.16571041343197992,0.12436947047815382
0.11781810888656341,0.10093656054903032,0.07358884857813958,0.12159724000111215,0.06821494150276544,0.12977131001601486,0.1073445037134352,0.08376247795570986,0.19696600879722923
0.11675670824052116,0.11183869210342164,0.07860977855438554,0.10362340022897298,0.09478786777120383,0.16913508498880372,0.11131664723430874,0.124914261338539,0.08901755953984336
0.15899481826369957,0.08037784932039864,0.10419871415946841,0.1222373529328004,0.12615165823067873,0.14527202783621082,0.06897540214363188,0.12268927517000344,0.07110290194310816
0.14028497333817797,0.06657311535357288,0.12184140366711675,0.1296664056439998,0.19938529336981728,0.07545697675295925,0.08034420331653112,0.13194306202058717,0.05450456653723778
0.11116302674643923,0.09704508991628163,0.09407392851815566,0.12106022862194106,0.11440359544273815,0.10002415606303665,0.09411603246409307,0.13518294600076303,0.13293099622655158
0.13034686772520196,0.09848848517196329,0.1289875774726302,0.11960859135216804,0.1202535130292689,0.12478356340040402,0.08405095914041605,0.1175057086163332,0.0759747340916143
0.09423628538189384,0.09601320865059076,0.08297318892139054,0.10260725171931122,0.059813876313071924,0.0671835783230371,0.152661076491001,0.11950302406783546,0.22500851013186818
0.10650073091489194,0.11147139862137867,0.06864634034972085,0.10120167199673376,0.1737314125127231,0.11102037158422044,0.059028386092104784,0.06160894460521519,0.20679074332301128
0.15662674282555336,0.08542512187332289,0.09854464744010855,0.12008099565441023,0.12083908876888999,0.10841150644139806,0.0951109687205189,0.12046398686829334,0.09449694140750468
0.12765559545987207,0.09730457085547677,0.1259771176271091,0.111346152628931,0.1978955782249585,0.05620543288886354,0.09606005688872565,0.11371499039309156,0.07384050503297183
0.05722770880012918,0.10927655287712763,0.10374591645513946,0.08963372837960036,0.11357950180428322,0.0984739946855131,0.16471030150021973,0.13018734426420045,0.13316495123378688
0.08504601967147572,0.15853682736593655,0.08101855638375416,0.12518626380597872,0.07132425548188333,0.10024127098602759,0.21895078677763027,0.08089557967187079,0.07880043985544288
0.15510052515528927,0.09146313908748145,0.08233111664135474,0.11100291822043945,0.20317629567188786,0.08967778765457766,0.09595864671162409,0.10074708949740903,0.07054248135993642
0.1141618222638735,0.1011411236087542,0.08391434633605548,0.12601677109553208,0.060108484690897475,0.14181428574072732,0.08246428310026467,0.08253731934641506,0.2078415638174802
0.09147179377028823,0.08954922164656964,0.1486339831198873,0.1273962502490363,0.09398890666224657,0.08288333916885758,0.08838779434366696,0.15797487082115969,0.11971384021828775
0.1565147278789799,0.08055760995500823,0.09358288423449168,0.12070833927077838,0.1305246803407373,0.14422993891845579,0.08256180407044436,0.12348618845189337,0.06783382687921104
0.08205231503640881,0.10628788522258181,0.13393964637389055,0.11217318209898186,0.10589598445399934,0.10133078424871193,0.11415405633419513,0.07779532289405026,0.16637082333718034
0.06637667103361639,0.11715245701335714,0.09919116161440565,0.1127174365387645,0.22359880895187104,0.11123011192267289,0.11222782965476726,0.09322713060262455,0.06427839266792053
0.16793813386414655,0.09392503268915094,0.09824094907109349,0.11777847855614354,0.1440535686295382,0.1262427844509744,0.07831499183027385,0.09647398863969274,0.07703207226898628
0.09535232079383817,0.08032823494489348,0.10512727205256527,0.11594139416187667,0.17946201847838372,0.11467244584372589,0.08343529286875268,0.11455091244650602,0.11113010840945814
0.16171916546990103,0.09317236192789598,0.09028354045284769,0.11859837200444605,0.14349986591269528,0.11963705274820151,0.06560993283139362,0.12366257179212686,0.08381713686049196
0.12899857658775227,0.13246966290345696,0.14611784994465304,0.11861980562497788,0.0917206725353324,0.09669521181154998,0.09116229227992452,0.08948987865655182,0.10472604965580116
0.14192674435540895,0.10059343398291376,0.09309031155524254,0.09380825877452088,0.10136057580122809,0.17429976212324114,0.08329488958840363,0.12486369277100799,0.0867623310480331
0.09405122310244296,0.13995622577567718,0.11009651748698684,0.10148346533886761,0.07420182656160247,0.10923565307823803,0.10394540358687661,0.08269597407903785,0.18433371099027032
0.19243512489363093,0.10585592086748763,0.0973755908880906,0.12777115103705095,0.10495104072671783,0.09959535303435235,0.10039637135832492,0.0875218274126804,0.08409761978166432
0.10744985949788255,0.08832303395034581,0.09619336999471144,0.1017723954285697,0.1394609409993618,0.1227888575393204,0.07174699000059408,0.12355561652434928,0.1487089360648649
0.11201488064357601,0.09183865078117988,0.12276039459817245,0.11941474623613473,0.17076244484616535,0.0676854584566746,0.1145103236780624,0.11384934812886087,0.08716375263117371
0.1656597156890077,0.08622720151666757,0.09997384809838823,0.12319493656625975,0.1482278399340439,0.07265220139592361,0.11738466788006312,0.11130959126118811,0.07536999765845794
0.09202333821594788,0.12149856080559791,0.14688119314551482,0.12915575428247075,0.1209660948945898,0.08452956011803407,0.10701878918391539,0.11101674448514376,0.08690996486878573
0.09853493162278537,0.07355085230668239,0.08918196791032808,0.0892289149321548,0.22799425116324576,0.12636412441224018,0.05933334338173002,0.13352247007046134,0.1022891442003721
0.12629143802320042,0.11606899108718893,0.10409830634975444,0.10797939382139604,0.10060052451468167,0.14992707091717397,0.09687668331148573,0.11525801271053783,0.082899579264581
0.14135349868144423,0.11754777392050951,0.12335007766469652,0.12896490690250792,0.13805185868441908,0.069279107103474,0.11114168538933535,0.09301301507404412,0.07729807657956932
0.09395722473904371,0.10991452580242496,0.1172346807593543,0.1086389232000018,0.10500327457503389,0.12188087422361303,0.1050548278113365,0.13152100451253154,0.10679466437666023
0.13229179496374985,0.11406881844649942,0.10529250249235543,0.1228892983075101,0.07635736839799424,0.09931876666415174,0.12532516642308614,0.08330557769178652,0.14115070661286652
0.14582068996478983,0.08011366661680537,0.0980563337004689,0.11300182187004837,0.12622093698713657,0.17391738151717243,0.08010233688632731,0.11926761860947384,0.06349921384777742
0.10599013236205695,0.11832212894605477,0.08755726563539756,0.11800784377270497,0.20124115919003127,0.10433198695540095,0.10296994266294092,0.07746302148656753,0.08411651898884509
0.1757770946748829,0.11798768996612756,0.12101239731043582,0.12182864746848747,0.09171447308355644,0.0848258183800843,0.10128101215375628,0.12032511778696527,0.0652477491757041
0.13473862433128742,0.08729924084700909,0.09846138922980953,0.10729647283697212,0.22901924924571357,0.07685663660280949,0.06779241630219311,0.12314144668862592,0.0753945239155797
0.14098667178798246,0.10306789964548783,0.08430290366131209,0.11611802501409178,0.10096021932213572,0.16679477354890904,0.09249039213917003,0.10644753080106707,0.08883158407984404
0.15103286198820792,0.13219442933471695,0.1216173546812394,0.12160219012951361,0.10311855317476486,0.09231481293742833,0.1065980132785385,0.09333986209993929,0.07818192237565108
0.11162611548294843,0.11552312617367289,0.11033732170705202,0.12054185779206307,0.16804233247324663,0.10530621782786272,0.10528456118698788,0.10016479518668574,0.06317367216948055
0.10833375462407646,0.11264791032518967,0.1713730853381333,0.10673132390256727,0.12143041597432706,0.07095241571339007,0.08283559761467724,0.11294498671446551,0.11275050979317343
0.16814971433272033,0.09682603322654297,0.13004145181765686,0.12809863353319775,0.12632374379893926,0.10720186232930895,0.08852211535879141,0.0858196833880378,0.06901676221480468
0.12860653049289855,0.09825105208329554,0.11695548393452188,0.1219599769001507,0.104876959928902,0.12996665063037974,0.09248390466159484,0.11488702361475162,0.09201241775350515
0.08061526264925145,0.11547819004219244,0.09520696580808481,0.13367918720499894,0.07252338950826985,0.09122021708975314,0.19443968944998624,0.13042900921758488,0.08640808902987829
0.10227834732735519,0.11540974020591105,0.1153061355584371,0.1264072477696575,0.15003120209782284,0.07622266783450649,0.1292718481809524,0.09805275661112094,0.0870200544142365
0.14399738002600238,0.08823046532497901,0.08459725280541079,0.12426543506796972,0.11574830559383563,0.13120118546716708,0.10048205881986659,0.1361625470753646,0.07531536981940418
0.1375187098758929,0.12657523807412488,0.134338940032809,0.11732103210211582,0.11072050630253134,0.052168133262457894,0.12749659032866065,0.07785508004700094,0.11600576997440659
0.08205231503640881,0.10628788522258181,0.13393964637389055,0.11217318209898186,0.10589598445399934,0.10133078424871193,0.11415405633419513,0.07779532289405026,0.16637082333718034
0.09560878140351892,0.1132883976700203,0.12299134359647211,0.11642625287391604,0.13034489455702614,0.05312997342630077,0.15598967543462305,0.1300775237944682,0.0821431572436545
0.11283142880148855,0.08896290572031901,0.08063312244241376,0.1248415389905042,0.1615826991665064,0.09928772365237352,0.10110100387385045,0.11285656521916732,0.11790301213337691
0.15058450478809715,0.11970646465842909,0.12259800164599421,0.1419642221123154,0.09547652564912089,0.08283812276181472,0.10195840741342516,0.10527370485390157,0.0796000461169019
0.11191559326881807,0.09649565831693975,0.12209285334652535,0.12651289805226779,0.18653725108407093,0.07973476970988659,0.0959703151602922,0.11601767027303263,0.06472299078816673
0.09811525986108732,0.11796070136366181,0.10779285637390316,0.11751765015352704,0.09513185067868492,0.06567261639470542,0.13039026157249045,0.16779079184581988,0.09962801175611995
0.08282647450450793,0.09331628548460245,0.05961085696136483,0.09050614580710327,0.1235530443160503,0.14145440916786337,0.0765407183465574,0.10890064247288472,0.22329142293906576
0.0874268175125701,0.10003284985433057,0.16943780147195764,0.12411038800499204,0.12670285530134737,0.060131574641480855,0.12051319670817413,0.1293155454498752,0.082328971055272
0.11613966995539875,0.09739961153801617,0.09307634250819612,0.11422091183617909,0.16002238895028342,0.12353882282284367,0.09246112544930386,0.11713086292754477,0.08601026401223423
0.08501738614595193,0.1302639932927129,0.11483606582751467,0.1294778637421458,0.12791240721611544,0.0933692166889209,0.13712923526724166,0.11078377781316563,0.07121005400623105
0.07605454321057285,0.10825916594240174,0.15430162016984464,0.1173328531654359,0.112185297070361,0.13238205905121647,0.1017962401291846,0.1295056106026852,0.0681826106582976
0.09628732480390585,0.09561183854937222,0.10956206296113558,0.11685905851227263,0.12617047401283185,0.14217553259326385,0.11585239817749543,0.12479767605594365,0.07268363433377899
0.10278051806331816,0.09370681015437421,0.11321552405631814,0.11314270630753043,0.24922558241563408,0.04725420411892659,0.10900223416189127,0.08938983918256256,0.0822825815394445
0.15024336102020772,0.0954435748644073,0.11118989190331217,0.12263231250731903,0.07515384010194569,0.12410900067084185,0.1238451973146784,0.0939233604247602,0.10345946119252762
0.14707936611894798,0.10036518728853001,0.11269657218611562,0.11008107425151696,0.08303841623441499,0.1734539360497631,0.06321455541414527,0.11734605459715879,0.09272483785940731
0.16830956861694069,0.08088355138243819,0.10268186906857081,0.11903810982912737,0.13820408350416147,0.12138794161004551,0.07965079901679006,0.10818181275544762,0.0816622642164783
0.11528608013093262,0.12922304191666126,0.10784680637496456,0.14751262728010575,0.11348389544467356,0.11764952727884498,0.11700230206314712,0.08937426645844344,0.06262145305222662
0.12561477926212108,0.115093451067943,0.09767207766248705,0.11741827411773947,0.07939493251183453,0.15090652004782845,0.10395796809675502,0.12608192956020134,0.08386006767308997
0.21751695011163097,0.09052743073909937,0.08347658373200835,0.11306335975411369,0.08895266269273737,0.08306044888211127,0.09573998763999862,0.09562651767617199,0.13203605877212846
0.14339734217856595,0.09842307791630266,0.07827219793861288,0.11582870190188081,0.08181002272998524,0.1400765179051026,0.08142408415563494,0.08766451679810772,0.1731035384758072
0.09310880985868458,0.1490137719991975,0.1048578688050288,0.11107751248207444,0.10501934502684702,0.08794910954265878,0.1190293528708191,0.09207353159980851,0.13787069781488123
0.07927423316128719,0.11969420784938845,0.09756698914817284,0.12647239080266418,0.04984571808333427,0.17789432598129998,0.14016611499530587,0.11755624045355757,0.09152977952498963
0.11246228343980136,0.10783736191761678,0.07593961984494921,0.11244485156804636,0.06139884038366467,0.2529373207229682,0.06523728413045982,0.06135660650092175,0.1503858314915719
0.11899724692529386,0.10774135712252604,0.07804420184474614,0.11179663882254398,0.12364311439850965,0.09011910318704774,0.07790381214198021,0.0889794271199625,0.20277509843738986
0.08583530826127943,0.10888753441792033,0.12478587085444254,0.1064660509622215,0.13756428181996871,0.10407040771204883,0.0973413060691763,0.12583498579986757,0.10921425410307473
0.11690222091944676,0.08282774732601776,0.13973837274505,0.10767395205988171,0.19943901458160843,0.07935123565799333,0.07899140896793423,0.13822339644636358,0.056852651295704264
0.10363172555947493,0.09344615582311529,0.1135981541060002,0.12022238110118501,0.1801761504514928,0.06152955748949263,0.14051317409555378,0.11307548824727708,0.07380721312640823
0.10605084796597992,0.11472371645344531,0.10180418465025438,0.13103612826802488,0.054759924242597735,0.1992905025678731,0.10900664124885173,0.10957964001493274,0.07374841458804014
0.09341243823940577,0.11886857171878684,0.09614814096728685,0.0988273515091801,0.06358411282969902,0.12734661929651833,0.11859905414101728,0.09738617285690294,0.1858275384412029
0.1555525314076787,0.0985884570100849,0.08674801372049772,0.1342503883993214,0.08590370506902467,0.10320199705144861,0.10105210063857874,0.05973247252237628,0.17497033418098906
0.12701669208069885,0.11845553298310789,0.09847322963400353,0.13356557789861587,0.08342823937290089,0.13858555883402032,0.10753042288200836,0.10568557975159876,0.08725916656304555
0.09936899177610226,0.13048480082519304,0.14476227624467236,0.1482644395800168,0.07516661471132924,0.09949870222165524,0.1392509154554495,0.10939311059215755,0.053810148593424034
0.09694227123048423,0.07169347951611117,0.09078208045258784,0.07444798323483298,0.32206638840108603,0.05613634229708626,0.06374518149186477,0.1221731156828894,0.10201315769305723
0.09034680784146625,0.11840119056181399,0.1285765377668704,0.10923500386892561,0.05539898553315794,0.08200089364633334,0.07934836647954487,0.08660879809468558,0.25008341620720204
0.17865011041001588,0.10690531816966768,0.08684355848909087,0.11451909623919915,0.10316768423425544,0.09051841158026915,0.10225733536062458,0.11559826135493494,0.1015402241619423
0.09752093382749262,0.14588535263338054,0.10528172431729275,0.1200235155152682,0.1397961190942074,0.1119496042352343,0.09118505193683146,0.07782187508703828,0.11053582335325447
0.11889417623173833,0.09498992086720746,0.15303824950478673,0.11631891719481909,0.1233379591904235,0.1289914750623694,0.08284598552160649,0.10488573821515358,0.07669757821189534
0.14621957875621772,0.07893649311657472,0.084391097072883,0.12914639970359418,0.0617711616653601,0.2080545327243367,0.08459913201132202,0.12356460380844954,0.0833170011412621
0.1589149177268273,0.12439289059246679,0.10378722834010828,0.13827329038890132,0.11471161427617692,0.07320145297183793,0.10513266970504082,0.07860521720380488,0.10298071879483583
0.16019337474657883,0.0813043789709854,0.08582342386832546,0.11441173561568567,0.11698974264525512,0.14188446124316437,0.10774094288583454,0.11431414859405052,0.07733779143012016
0.12939273886411304,0.12098447452844367,0.10760741724109328,0.11071398023363703,0.12234745808703441,0.12791756529141038,0.09157903833413074,0.0819269107262196,0.10753041669391783
0.1329060231446842,0.09071015381458995,0.0884148833194504,0.11570414836889069,0.17714865095960772,0.09634215381524384,0.1068532989798583,0.11143785819152656,0.08048282940614847
0.1364329226061224,0.09851599899248274,0.10692584928354676,0.11458569673367909,0.09107528852023401,0.11404962004256051,0.0672035017110785,0.08029735726577282,0.19091376484452324
0.14667090261092938,0.08762403887384218,0.11918009945355394,0.10479211023988903,0.1373517804608697,0.08424577259664894,0.07726135344760902,0.14920842555681135,0.09366551675984647
0.10260445466121008,0.0860277312560059,0.11377179265393812,0.12296370713618687,0.08101218602790417,0.13874366456647674,0.11724823608982443,0.09032157725723526,0.14730665035121837
0.12578068966830522,0.09426011888142564,0.08803042691801483,0.10978356443828076,0.10280495854222986,0.10249744250097566,0.08880257232138698,0.1629893241029063,0.12505090262647472
0.09457853707407014,0.07556770079077603,0.09933695257345025,0.10466773054428953,0.18102569536740906,0.13246089284507445,0.09271049692052347,0.14314759135404545,0.07650440253036168
0.15564621757302108,0.12563561924300307,0.09106959415929843,0.12639151918673666,0.10497673726050998,0.14732091174131542,0.08852941224703724,0.08401081416501303,0.07641917442406514
0.1574003871208531,0.08416952099401354,0.10264168588934998,0.14150681565126863,0.14448391153576717,0.10220227354774364,0.0956760836605398,0.11838666503804174,0.053532656562422364
0.15324422489287698,0.09571600942204185,0.1091866428621104,0.12911478730162118,0.11827971905311636,0.1237615779430805,0.11115771891104713,0.0926158504343652,0.06692346917974042
0.09274415339176072,0.1269239508063691,0.10932670884454003,0.11714155792077251,0.0926357888800875,0.0851304782523264,0.07933274736893686,0.05249506453536151,0.24426954999984538
0.08911846337372187,0.09530316556228245,0.11169124960024202,0.09775090094735811,0.05401832001741724,0.0984813502474155,0.07390231802739744,0.13417428497829118,0.24555994724587418
0.14238221442989657,0.10475548296126869,0.11444693455496506,0.11563078925883245,0.07440001831866709,0.10735388291895688,0.11793235624027494,0.08439270059897569,0.13870562071816267
0.10089745511247505,0.10507210830989566,0.10974681452490871,0.12754851914421897,0.2228029643100171,0.07496309477461342,0.10050875227746059,0.08797203949690979,0.0704882520495007
0.12982765155272272,0.1259503296221477,0.07640635829081209,0.11528621481835383,0.06253568270764671,0.100024756063474,0.09140453490184058,0.06616123425404657,0.2324032377889558
0.12578068966830522,0.09426011888142564,0.08803042691801483,0.10978356443828076,0.10280495854222986,0.10249744250097566,0.08880257232138698,0.1629893241029063,0.12505090262647472
0.08840074401609664,0.1069372856510973,0.09015527979013079,0.12828355023754384,0.12762292076633935,0.09296478324342744,0.07786107139092684,0.0646606718882725,0.22311369301616524
0.09671626959138903,0.10841473124818429,0.09642766088699602,0.12362707227827675,0.06699746123137425,0.12101394657502534,0.11261959958560787,0.11248676568729234,0.16169649291585408
0.1133899420201242,0.09355478489995682,0.10924563730309618,0.13121562702292677,0.14625818712071145,0.11586454507627564,0.1255435552240481,0.10818674293251318,0.05674097840034765
0.10716834635619447,0.12406897194561407,0.11248685012875835,0.13445786685934455,0.09714785958782184,0.10112677321132628,0.14229680591794236,0.07584775672647374,0.10539876926652432
0.13602647712496688,0.08704926608994264,0.09610381861279522,0.1224699561858365,0.17162640398086182,0.11582066424222391,0.08561601869290232,0.12241368490518782,0.06287371016528286
0.11776186974724534,0.10028464000544908,0.1532140261801199,0.10369844553314432,0.11502876870566713,0.063352529288829,0.1255899146765378,0.1456312869544074,0.0754385189086001
0.12765754597964063,0.11396891101180125,0.1200081900036823,0.10586714526417203,0.06891662906103813,0.07767178558624122,0.11593045236158787,0.10605072604562792,0.16392861468620865
0.11813288132644201,0.09811672946854162,0.06352985085402856,0.0894631468798887,0.13051929619335542,0.13813514942264435,0.09748143129509264,0.12670192308553208,0.1379195914744746
0.1251469984635262,0.09238608590517627,0.12252613466581669,0.12878716487461747,0.08942325534341848,0.09126296483193025,0.08591933329363755,0.08533303546500466,0.17921502715687246
0.0964396736507835,0.12338406475636043,0.12581217826749724,0.14054032733316305,0.14062393899849598,0.09234492284706002,0.11195634655196833,0.09644635457696843,0.07245219301770296
0.09144993186450386,0.11692635217998938,0.13432026947890327,0.1369769666137587,0.09031573743052768,0.11725251970903601,0.12077582152702067,0.12551316495509188,0.06646923624116856
0.11448804759811926,0.09342590534185517,0.07482928709572835,0.10182998207534838,0.10698789285619766,0.11225204569459746,0.09172449885895388,0.1516949669974942,0.15276737348170563
0.11503165598571823,0.08960911539359807,0.10047855332592182,0.10836965374903858,0.11293391785315672,0.14825139385432295,0.08444894832510351,0.15708320248347238,0.08379355902966767
0.1587651322986643,0.09794771437530836,0.09338541092413184,0.11971610157149172,0.1464160654568051,0.08623370213468835,0.10839267782624006,0.11411073503946738,0.07503246037320294
0.0945391002831751,0.10035182967446866,0.13805566316285925,0.11155564468725704,0.2272353643861146,0.0793027932454714,0.09176841708546646,0.09402996542522683,0.06316122204996065
0.09407040297812759,0.1029012059781817,0.0903898024155611,0.13958012169342907,0.14513477491868623,0.14542971836061191,0.09978422216154782,0.11249512539118928,0.07021462610266525
0.12199551875417336,0.08687560608734905,0.08723779008039734,0.12241474973881443,0.18867457583373504,0.10988576535576389,0.09613954319651342,0.10521733315535185,0.08155911779790166
0.1917082111400016,0.13179028027431827,0.10701334522415852,0.12392159125578435,0.0678429488189599,0.14225633098130075,0.07880973524113816,0.07068410057057017,0.08597345649376821
0.11366714039708155,0.10662693987451256,0.09624540089174827,0.09957639639149234,0.19433511397867256,0.14021719604487767,0.08603106049265509,0.08635917839321129,0.07694157353574867
0.14065178938007472,0.10940444078518398,0.10019291287397296,0.10309570110427757,0.07624042355239054,0.10761573777712868,0.061998512165370424,0.09796493947860796,0.2028355428829931
