0.08678523815795158,0.12750544869394997,0.20118751541299765,0.09201769803199489,0.09797357562806976,0.12368194674855139,0.13029022852264707,0.11201517918130234,0.028543169622535364
0.08524427911777142,0.04517431817325379,0.05691899851544933,0.15189900850754467,0.13219153304400055,0.1718753891747976,0.13829938313205878,0.11718570280223321,0.10121138753289062
0.059432260328652765,0.05488359722526124,0.3106413859190594,0.11295406834982917,0.08783806483706567,0.1320635913103991,0.10094374382414995,0.09658769162213256,0.04465559658345017
0.07882392877382897,0.14332929372371048,0.2235976138066408,0.09397490992562596,0.0774713818168729,0.12598031489319306,0.12356231556245419,0.11553731977344639,0.017722921724227153
0.0766752179153271,0.11952530212204282,0.29181058486025485,0.07634789457291596,0.10952918506081982,0.095855956166015,0.09823039349224093,0.08799827729761033,0.04402718851277315
0.0914581191256348,0.11677294182747461,0.12406923503313522,0.10578213101654475,0.13116852939119636,0.1383960324300387,0.13295556699242314,0.11430079923487446,0.0450966449486779
0.08786506952062494,0.15410182315888923,0.13367539033166095,0.16136083381512167,0.037983818497276334,0.13994450013538098,0.10960980451849761,0.16235329833901968,0.01310546168352853
0.09460343359803902,0.164437883761087,0.12321156579676558,0.09283537683923952,0.1361226489536278,0.11865108186464368,0.12045060761149191,0.10700528883211784,0.04268211274298763
0.1216596414343245,0.07117716547586023,0.05257795796574768,0.103216436143804,0.1468089121488779,0.09808850090441208,0.11398706871593633,0.10072735315662228,0.19175696405441503
0.08571386349042015,0.05078531643424492,0.19378373308880067,0.1279063068096392,0.07235349070252745,0.14574890383952155,0.15072976345063027,0.12841164142329728,0.04456698076091862
0.0922795189873502,0.08597758286570456,0.12279639471073082,0.14323137915604148,0.06792142048734186,0.1591576511576649,0.15218660574208615,0.14934079958029323,0.02710864731278681
0.125314931027542,0.09839250774555719,0.07035641228344634,0.10098481863480442,0.14221651207465558,0.10026918980264249,0.12204316994716728,0.10749213798127048,0.13293032050291423
0.08639170535234132,0.13554529349090402,0.039581012950603685,0.14347850751075683,0.12533669659867752,0.17693807194282096,0.1305616912060226,0.13046807184140027,0.03169894910647269
0.11803506879177626,0.08845907467491904,0.0563774844845523,0.10395581999570347,0.15643998350629984,0.10609518394686272,0.11844444553008333,0.10395031318271993,0.14824262588708306
0.13580993892851326,0.1469170238557402,0.0192697439522475,0.09943886728082407,0.14971263418131506,0.0746552216668853,0.0876496377180415,0.09701020324126504,0.1895367291751681
0.08565135840542311,0.07217420851174318,0.2221779832502417,0.11523893605957138,0.0644468102094728,0.13721678814524116,0.1459907683394465,0.12919878929644127,0.0279043577824189
0.12101099322573305,0.16545353394325288,0.07538609812250846,0.09377946332689474,0.14686667096573294,0.0826994776716281,0.09558546120093592,0.09943004095583541,0.11978826058747845
0.11323102536457645,0.08452787933209877,0.12108892778556705,0.09707193874706586,0.13467834740993267,0.10227153035550861,0.1218397186202063,0.10367295410410697,0.12161767828093735
0.10422420805743016,0.06414709551538698,0.13825069358967287,0.09536513508796284,0.1358925478184075,0.09792520023893865,0.11066000040155544,0.09498299590731309,0.15855212338333244
0.0915012892860173,0.245889575791291,0.04527685399349243,0.18296994382865642,0.031958903863546946,0.13723698538243026,0.08456290280331702,0.17123431068328065,0.009369234367967964
0.10337065806664003,0.11223809803617589,0.17050874056387466,0.08940627258521201,0.12904111388366135,0.09822476138514684,0.11343924216220842,0.10000661890359357,0.08376449441348714
0.12244608008508669,0.08789944129468553,0.043106463695010144,0.10647053039010713,0.15574423841753954,0.10968609659401025,0.12485865189744089,0.10736143740142266,0.1424270602246971
0.11197334298422783,0.08409578457849905,0.14165375285420564,0.09622338857306889,0.12210258143832087,0.10958319271680288,0.13590600677274803,0.10894462811659715,0.08951732196552975
0.09403182390430247,0.2121324439644863,0.09893526032472973,0.18128738364203145,0.025002263499376554,0.12389366598582875,0.0823666385946162,0.17295890656752022,0.00939161351710827
0.1348822011309592,0.272892173232023,0.02592537012659277,0.08987716246239182,0.12854273006794928,0.0563107555482825,0.06651796457497032,0.09121219066353636,0.1338394521932947
0.07423380578862253,0.23596374545581641,0.18898451498525437,0.12172755739558405,0.034163246179134014,0.11881916092862548,0.08434854036228616,0.13466708777644162,0.007092341128235362
0.1391441487515855,0.26694544423200267,0.0018575530907857048,0.30263231814765423,0.012104146584368933,0.08534535042690176,0.03767953707443348,0.14581078676005613,0.008480714932211567
0.09688548120507505,0.09964884887660597,0.20121638328670013,0.08994541082368664,0.10816674580098834,0.11296555583136164,0.132701104743179,0.10730840641346852,0.05116206301893476
0.11049503993398853,0.253895869999512,0.12147563473588986,0.08159859079402512,0.1243815148770887,0.06987374102721657,0.08133588323252576,0.09326034680127636,0.06368337859847717
0.09552038546273316,0.052909531479533284,0.018451548558883268,0.20755192914915344,0.07242679380988827,0.18785022417472352,0.1461451084716348,0.15805249590152207,0.06109198299192816
0.08448189711862451,0.09298504588603203,0.24154696494189473,0.0953490565254288,0.08082058355661526,0.1251470250083356,0.1365373814657722,0.11467578569411886,0.028456259803178077
0.10710871848722868,0.07486741000455051,0.08425146009297851,0.10720436691363472,0.1492133157557283,0.1242571662343915,0.13296478222557817,0.10805555069630364,0.11207722958960586
0.09407136335016963,0.14376348089802668,0.14066266820872184,0.09459846531834866,0.12493807445734911,0.12359791147861703,0.12802430110193164,0.11062336463647865,0.0397203705503567
0.13198674724204748,0.08271484183367514,0.04886383654323221,0.0981020026030643,0.12745163039841625,0.07160394193819586,0.08638739475314934,0.09287974737103499,0.26000985731718435
0.09841193686846265,0.117253401580884,0.041229854502401415,0.23272904802910435,0.03754023707967429,0.15647080999469032,0.1072670976889586,0.18676977396482666,0.02232784029099766
0.08620738365253992,0.06348569146974015,0.17481763532048789,0.11579534276176894,0.10193475584575855,0.14450319712418155,0.14361636168985145,0.11829760775926423,0.0513420243764073
0.09821048426160107,0.09468287155353057,0.0663915030493345,0.12931919799693806,0.11854418064609706,0.16354180917074404,0.15433970728845314,0.1323247650879714,0.04264548094533018
0.12755142884260687,0.10096070751338852,0.07891153729536383,0.09917666577176958,0.13661335388950643,0.09343559419765408,0.1166431362437396,0.1059055911657608,0.14080198508021025
0.1465852169561451,0.14159313214979166,0.028159836574655196,0.09803409285554542,0.11973370355273927,0.06009549091342717,0.07422702623558157,0.09420764214898253,0.23736385861313206
0.09057214565810634,0.09009808364750659,0.12896826328673985,0.13613595765713615,0.07505454285378349,0.1580271945208149,0.15007905562865353,0.14344524578718956,0.02761951096006965
0.12663986098765703,0.15767804531743498,0.043462114569192266,0.0981128110099105,0.1543862595564877,0.08766898121699453,0.10203953171696546,0.10270804880798967,0.1273043468173678
0.12328735466608287,0.07188620241259235,0.06821550539779286,0.10443778531564694,0.1380547140863215,0.109244764272454,0.13367574199489585,0.10910225350511178,0.14209567834910178
0.09267863560633573,0.08428832593117262,0.08484350045210175,0.1271234899525244,0.12898162100730812,0.1599771332901139,0.1452148077838542,0.1237962519557781,0.05309623402081124
0.13725793539943507,0.12843564329532547,0.020326078552083026,0.09703719275419746,0.13426040307163703,0.06370941420520526,0.07364476844760359,0.08991057062302066,0.25541799365149254
0.09114480532050366,0.07979159205102415,0.1231642496323659,0.123221362538552,0.10815609948311818,0.15472774987154403,0.14866040169661945,0.12662035339649233,0.04451338600978035
0.09636601614554796,0.06393466203178348,0.06142935927775278,0.14706665476702666,0.10709579089829531,0.1727065128419251,0.15944877827117276,0.13674747879602633,0.055204746970469565
0.08731339516788234,0.18047963890624216,0.16100064060666017,0.0859876264828186,0.12501746734646102,0.11218133825329156,0.11230346114835525,0.1021950802261773,0.03352135186211161
0.09072060264957138,0.1522770494938698,0.039632042495886984,0.21039264549021178,0.047999993432579935,0.16457413835427573,0.10336102275296415,0.17156006200658494,0.019482443324055243
0.0754605277842904,0.22446946401383508,0.18178644723311044,0.0771058539346896,0.1351514334128742,0.09911349422700212,0.08833472480572695,0.08810506388065452,0.030472990707816738
0.10345529783741765,0.08246374658807988,0.03936682106256786,0.12929976566756143,0.14430445384105672,0.16006431135211235,0.15045367233133208,0.12372682420095406,0.06686510711891802
0.09833809807995324,0.11384969109962108,0.2553875517815406,0.07966038976137009,0.09921591113461714,0.08755297909817815,0.11106335022210394,0.09596012429147031,0.05897190453114548
0.11673062573778144,0.13239202472334585,0.04290100636105721,0.10279964828830353,0.1676990088674223,0.10762781671429911,0.11545327081358343,0.10538318881694415,0.10901340967726288
0.12703944085127877,0.06628791141652844,0.03364667513488958,0.10726758522343988,0.14617765516218362,0.10422799630222457,0.1238829463948245,0.10486988954832281,0.1865998999663079
0.0877318380862343,0.09234071960354007,0.14164631539915534,0.11381640906205498,0.11682331891799079,0.14682249564833483,0.13837754926409573,0.11881260736932821,0.043628746649265714
0.06996123482113215,0.15375023076138228,0.31293427256832035,0.10289850291006404,0.03160719066829192,0.10715312214498289,0.09243327505572531,0.12098663274050177,0.008275538329599472
0.12538657053371044,0.10897114506991974,0.054227173930197,0.10196809720721454,0.15063965867317322,0.10023366506090929,0.11824618144247638,0.10680848638189937,0.13351902170050003
0.12269282641565604,0.06564508823559187,0.07988444206177941,0.10328553453589567,0.13158391658046306,0.10795725932937521,0.13539620646445502,0.10856806171694,0.1449866646598437
0.08806445992762668,0.08490200845836038,0.1984939981406181,0.10585155445492245,0.08733841477380096,0.13627770642948836,0.14442315208874212,0.12134462504877493,0.03330408067766593
0.10400583347076614,0.07331037281485019,0.18634730342396041,0.09100289831761887,0.11968403176524449,0.0980786940757963,0.1190796749922955,0.09870696841804211,0.109784222721426
0.098839379275735,0.07418064212670517,0.09482378072792112,0.12269990251340883,0.11725084310963958,0.15419861366882026,0.1561745429160358,0.1267640098795468,0.055068285782187476
0.13060305268133884,0.2219956186357657,0.039282347512668965,0.09274712257668001,0.14049801264972053,0.06756959319202606,0.07965074337024321,0.0959636492016376,0.13168986017991913
0.10288894804101038,0.05167518620940834,0.06356584163219063,0.13810811366242368,0.10750491757168672,0.1634486841841077,0.168821387043495,0.13280593319068576,0.07118098846499182
0.13418832377565745,0.13208167975939858,0.08640289948609937,0.0959731672657448,0.12518623463731413,0.07433760866047721,0.0948360190607941,0.10109630610425424,0.15589776125026014
0.13476501062573357,0.2517302122146359,0.01656834176730175,0.0890727114694177,0.13153039609244874,0.05232406260352409,0.058225860926555385,0.08448457447380604,0.18129882982657686
0.08391272043519661,0.07230615832976976,0.2557526182278799,0.08898136391690148,0.10607918469320947,0.11256094660464418,0.12288367885718443,0.09875039692348243,0.05877293201173175
0.13023821184062415,0.3042591239634946,0.023410342393187913,0.08340113328174464,0.12733060493093282,0.04686061058568263,0.04968097260606693,0.07943500910262528,0.15538399129564107
0.08167478874758181,0.16762187831791323,0.14001088285873262,0.14581424239807414,0.048265528898482596,0.1440769691913739,0.10999278398720254,0.14946205057403542,0.013080875026603845
0.12371197021630387,0.3943158545212097,0.009574636179280192,0.19987816230926359,0.01055405134866585,0.07893695920833306,0.03228411578425563,0.14659478547119656,0.004149464961491544
0.10602315501077164,0.07078202154315148,0.13248812706652777,0.10413306773757514,0.1175214274264622,0.12852163187357366,0.15112709124883425,0.11595482446686896,0.07344865362623494
0.06630377760271594,0.09946082605472906,0.3261945451867207,0.10016000033576712,0.05632396375083393,0.11895563624392495,0.10558975478109145,0.10960457795452688,0.01740691808968999
0.09762510843573853,0.09775600743806277,0.07676746839403566,0.11333106249024265,0.15555656041126306,0.14153325151595986,0.13327722832861305,0.11224040952380282,0.07191290346228159
0.08543364238075803,0.09397205624922933,0.2235487576412357,0.10089365609740109,0.07858509220263417,0.13084461122079635,0.13990505186441993,0.11996970628936236,0.02684742605416311
0.09445187955336293,0.08711014774023441,0.028193427967472484,0.17623616404127543,0.08808910923467765,0.18776441571449967,0.14749096630599756,0.15341055718310803,0.037253332259371885
0.09757595093173259,0.08303000933143746,0.05578470877826593,0.12951215554622117,0.14045353308676378,0.16160111888761186,0.1470247817001642,0.12323547703795933,0.06178226469984364
0.20204497257339135,0.5303590176235197,0.0007542080473902134,0.15291551598572772,0.0024069840069076134,0.024594498591580343,0.011229407531138031,0.07413104208773934,0.0015643535526058726
0.11530645984665393,0.15961109947846402,0.050657988123262165,0.0990719182289078,0.16172179405940526,0.1058660442473311,0.11529753098545119,0.10636070321863501,0.08610646181188959
0.10898539396977817,0.10936309089083347,0.10419016174220486,0.09956034386243391,0.1410075086208489,0.11693819312878216,0.13092792061869332,0.11002044276410407,0.07900694440232107
0.09241740321767544,0.05341956643551377,0.02717803614910573,0.21673808578821652,0.06693474616227556,0.18500647576518903,0.1385809937420134,0.16019846370323168,0.05952622903677888
0.08814755274339942,0.16224383441845738,0.09128557382462577,0.16015271110649418,0.04925701021024157,0.15388228019998007,0.1189857853197756,0.16174542135813746,0.014299830818888547
0.0955269565629342,0.07556566585982682,0.13086330602218374,0.12203167840728978,0.09325130583947662,0.1519947209596703,0.15842970543342436,0.13238362726053232,0.03995303365466175
0.10185256426995813,0.09600897806659008,0.1469217350801862,0.09868946221024966,0.11998289080891056,0.12433203284609477,0.14106370237495772,0.1135157763499824,0.05763285799307044
0.08428007119305016,0.08373303912112949,0.20120057009906853,0.13397740708637776,0.05394690381825617,0.1426522452398873,0.13651415815230206,0.1410765733752428,0.022619031914685894
0.09074645465585303,0.13234138708633766,0.07237557673214158,0.1620648613548303,0.06177945664225776,0.1665023560493816,0.13430017714437878,0.16071225681290646,0.019177473521912767
0.09437422467622243,0.08885581313064173,0.039314453493536246,0.15835113619651559,0.10206703966629262,0.18247919699757417,0.15099311337903965,0.14459026899122515,0.03897475346895249
0.12089477644348025,0.1713207273811496,0.06404546474561991,0.094926744781988,0.15049800281436843,0.08925637651478986,0.10324471908454191,0.10273633039378412,0.10307685784027787
0.10596312242724726,0.11886911488538572,0.0036464250955395316,0.3104298517775041,0.02477376045772552,0.13921043881500847,0.07392421184803573,0.1981415524047007,0.025041522288852966
0.12247503651360647,0.25930389944954324,0.05325065345052005,0.08826312568900564,0.13918312815395842,0.0687160040596896,0.08017327081521002,0.09532872555950211,0.09330615630896444
0.0870043307598068,0.09527333183308734,0.2429862840971684,0.08469743559106009,0.11698363004625358,0.10303291906083373,0.11199858652228985,0.09504602862398649,0.06297745346551369
0.1226335216817811,0.2319798412351509,0.058379892671206385,0.09011345822536337,0.14196398727911783,0.07380687261444552,0.08644404457597615,0.09767756831570491,0.09700081340125388
0.09741336473659762,0.08614302500295079,0.07689067604324216,0.19182498559079544,0.04601267265794628,0.16145984219463141,0.1385297837558234,0.17593038396063065,0.02579526605738228
0.09449449820216667,0.10932802545237676,0.0469921693295632,0.1836818158401402,0.06028715665509571,0.17452221679748567,0.13773461322722172,0.16885409020751604,0.024105414288434046
0.10152121016491679,0.06604138708613498,0.06043907582390199,0.12385381026122155,0.14441999049102341,0.1510065713310482,0.14723294003878115,0.11744243960167604,0.08804257520129592
0.07761026301474405,0.08440998809124163,0.23264616810331162,0.09797454349156147,0.10941369243150045,0.12790530204442177,0.12177391365045483,0.10392905379058219,0.044337075382182074
0.0878901163244149,0.1573734225182322,0.09390245557818001,0.18347437495044847,0.04266625155549488,0.14982130032877122,0.1038472550056304,0.16532275122715603,0.015702072511671977
0.09007975774549538,0.055195796797549546,0.11422773519596356,0.1468872623245833,0.08601919926643137,0.16439520547840075,0.15539104107177243,0.13714448907765067,0.05065951304215304
0.09083563717585663,0.06957323537435829,0.06802965030069219,0.1292458387721764,0.1520495966356763,0.15839393320058257,0.13606181029114098,0.11390344687531884,0.0819068513741978
0.07602789151232255,0.1302392029842918,0.17623834660001317,0.11331013588825199,0.09502165275781722,0.14505805229145896,0.12093014326269301,0.11923093647593495,0.023943638227216374
0.13384803537557347,0.5226530643044874,0.023081056813001846,0.132485031006178,0.005865117808290664,0.055036480079644255,0.016976144955786802,0.10837475603167973,0.0016803136253577197
0.08461537520888379,0.07739637934454237,0.2354924726717594,0.10834085487896845,0.06634346991395768,0.13308257529613352,0.14318835288943943,0.12495033268493394,0.026590187111381367
0.11727549199917457,0.07798988869513544,0.10970075428516353,0.10002466907192276,0.12878173391855705,0.11025345663431523,0.1367058524160112,0.10980254106992675,0.10946561190979358
0.09644558088431682,0.04795756579547784,0.032743025329856935,0.18985114601161468,0.07605487172023055,0.18244086981134378,0.15726461915163895,0.1534639616313481,0.06377835966417239
0.10914822844298167,0.08662547349805123,0.08158139965218501,0.10945817256849023,0.13845294017150572,0.13418566979650295,0.14669347296537283,0.11721611578624325,0.07663852711866707
0.13309408639833595,0.2919623686609021,0.06454831608670135,0.08687686460848239,0.11105261918485837,0.052740646915930646,0.06349466116183482,0.0918144818630068,0.10441595511994756
0.08847157203834954,0.09934647399770956,0.18119324037827833,0.10825551130199589,0.08527224287208662,0.1396851840394393,0.14423064938286298,0.12562085699361866,0.027924268995659047
0.09381129498995687,0.10540697401998224,0.07312702625455915,0.1726941753073001,0.05783883487040568,0.16753775644080982,0.14045066191727373,0.16609147821735645,0.02304179798235592
0.10175633582524114,0.07514914292551542,0.09083020520174019,0.12176032466340174,0.1147670154073891,0.15336944823370205,0.16007746743853657,0.12862780855322306,0.05366225175125087
0.12337231077409407,0.09950298102735004,0.04175284017947534,0.10570008433427108,0.15724290813595165,0.10891871745577818,0.12412341604352867,0.10821488035686498,0.131171861692686
0.11992288738499916,0.10638515674954895,0.04835744380678126,0.1054381446447711,0.15738700978500003,0.11381898897840241,0.12752315112266513,0.109853938363014,0.111313279164818
0.14548087615787803,0.43613120662918387,9.185360321262502e-05,0.20541013910287767,0.008344357678954929,0.06520503260442002,0.023793426194218616,0.1126545898002692,0.002888518228985084
0.11975969162817374,0.072290039462804,0.056617702383721415,0.10848818691639815,0.1450114932625726,0.11958014913853664,0.13890222015465725,0.11143123669251422,0.127919280360622
0.13251338254671222,0.11933762625866783,0.08930985122968382,0.09651231050243858,0.12692266087046347,0.07944678407260732,0.10197257325210395,0.10266581257244699,0.1513189986948759
0.11184074221560471,0.1865643930453881,0.03951066346664914,0.09778762567221105,0.16923807703156105,0.10440551255141489,0.10935064891372819,0.1036275812589862,0.07767475584445659
0.10446015352804623,0.089240910955797,0.025086682290112117,0.2597661221791248,0.03266886855075532,0.15405001057619847,0.10902578238646177,0.19763855742232328,0.028062912111180924
0.10699203117740774,0.058175830779283254,0.07876852219545069,0.1214846157133299,0.11942851879340667,0.14882987597846506,0.16379742818532317,0.12468393058981476,0.0778392465875188
0.08272474947553132,0.04836279962662112,0.16687691286096915,0.1260371210750758,0.10096578678374842,0.1500794883205447,0.14256427069447525,0.11722138306395825,0.06516748809907598
0.1094580461942418,0.12276221908933678,0.08304968254034563,0.10173962485280592,0.14544392333778386,0.12212557718825262,0.13329801749751052,0.11268835262319499,0.06943455667652787
0.12393883184122172,0.13146588019156805,0.026161526098777255,0.1033379797432995,0.16881354273450466,0.0982156706385463,0.10817996676921411,0.10292415472297338,0.13696244725989504
0.11635239964583427,0.12070888243310614,0.07829412441419108,0.09883181109398463,0.15155603228711148,0.10296468981864167,0.11669965075799986,0.10532100045438347,0.10927140909474738
0.1032520269446121,0.09969548403114642,0.10001864982929735,0.10225937446711986,0.15219749011562134,0.12056679582146189,0.12542531500474172,0.10636192534009781,0.09022293844590153
0.09893531861836802,0.0625269655643116,0.04560578418115254,0.15860485700078683,0.09510291907063649,0.17825350403054926,0.1641072921499417,0.14548305696139124,0.051380302422862345
0.0970164942134044,0.08840706312761921,0.065509547456851,0.13485854101441413,0.11377487415467476,0.16747887134267614,0.1553246082054529,0.1348152556740461,0.042814744810861394
0.11410069875189328,0.14738301513667154,0.07843827981634298,0.0968244052670633,0.1496952980382412,0.10556836833153944,0.11890839933494195,0.10730839587269315,0.08177313945061329
0.10886965406001264,0.1494091063096651,0.10460724822047707,0.0938886778136555,0.14051448093217442,0.10757430111767824,0.12121848932737166,0.10744540418038201,0.06647263803858335
0.0736160378376335,0.0707030180063004,0.23853707814569372,0.13945029898115513,0.059713707134786916,0.14228367841350617,0.11860434659792808,0.12811903983343365,0.02897279504956236
0.13562785668197752,0.09570277962573541,0.021752073825029444,0.09941791110040954,0.1357341164200855,0.07069046226577741,0.08330757774464861,0.09226614167822168,0.26550108065811495
0.20093648460246716,0.579226682073816,0.0007220269244006534,0.12164649981073024,0.0014089373221342974,0.017393215559449293,0.006583975777062973,0.07128630688110693,0.0007958710488324201
0.07564444861022107,0.15574051151206028,0.2273291875921244,0.11397113413933098,0.0470708174378091,0.1276585846586543,0.11017606500536188,0.13103083077891964,0.011378420265518418
0.1200035195333406,0.058851672351973104,0.03201807240532678,0.11402047997396882,0.14908516404837122,0.12306664898587273,0.13828869398386393,0.10934284801316868,0.15532290070411417
0.10273561893103735,0.12686439872520183,0.04886506009658065,0.23316060077514608,0.030120240947684247,0.14410716097803863,0.10151671370100035,0.19427475880708758,0.018355447038223314
0.11216357021755037,0.20270987276194785,0.044094537089182394,0.09479515801187434,0.1650466197086086,0.09807950137394561,0.10476680946141663,0.10204458323725678,0.07629934813821733
0.13206674945719635,0.12116624305559141,0.08213720522147928,0.0970194535811098,0.13050891909050136,0.08127355957033607,0.10321296172500503,0.10313387024935573,0.14948103804942486
0.13636017781825796,0.10995489246771684,0.04416356483891589,0.10049090146522542,0.1379699325084106,0.08077110308192316,0.10022281516686364,0.10175733657503687,0.18830927607764958
0.10692591068254054,0.22899862048619893,0.008926115904970664,0.25509097548148313,0.02089395371146331,0.12107592442712051,0.06078122232361991,0.18658648821200682,0.01072078877059629
0.09832818591360565,0.32290627711388903,0.028063566284369287,0.1895060577191876,0.019903048392625976,0.11220665614643531,0.0562241723117417,0.16655297481374517,0.006309061304400332
0.09529170632431132,0.04374239949793324,0.0053499238221552245,0.2577748732312083,0.05202447003677679,0.17983701262795063,0.12018619465368467,0.16594029683716907,0.0798531229688108
0.09796850611774537,0.15977965645072958,0.10655227303986631,0.09554514071025806,0.13987944064052674,0.12112061517597139,0.12398910731944784,0.10913789328148864,0.04602736726396603
0.10315126079171692,0.09900531763860922,0.10327103450466635,0.10740447749632921,0.12886390609684892,0.13699262308093288,0.1464210050606903,0.11906000937922569,0.05583036595098048
0.08857918380478304,0.137948128569109,0.12091621350544941,0.11274606512465613,0.10008700152712002,0.1485963381301937,0.13883672857946913,0.12763803265316484,0.024652308106054708
0.11411421090569564,0.10830307056542955,0.05552701917056008,0.10706299056650169,0.15535148707074217,0.12441593538868852,0.13447715593644957,0.1129118992559201,0.08783623114001272
0.09545044888300706,0.10468876495052686,0.046211999973798414,0.19245807506887905,0.05535390700126635,0.17275065473383666,0.13535535731408077,0.17303639564483161,0.024694396429773214
0.11715298163758854,0.1235596505221777,0.045851593160545046,0.10045017476554834,0.1680089308028533,0.09562945736812604,0.10233064931010473,0.09890527693026757,0.14811128550278874
0.09646248718291613,0.1553034608562641,0.1005622395671703,0.09924153792708913,0.1359675961613455,0.12955016697345012,0.12943040110860235,0.11300650651520439,0.0404756037079581
0.07828165837464045,0.06823923505338071,0.17634443027230548,0.11737956150700989,0.11805161159742879,0.1469630205283259,0.12854093672047517,0.11058532841504569,0.05561421753138793
0.11457096084848127,0.13967328234985657,0.09623673284973859,0.09409774770226138,0.14797076652578914,0.09195011969272582,0.10424785156452503,0.10053268806848449,0.11071985039813774
0.06237180534282976,0.10488641759368388,0.28984774639996574,0.09716874474505799,0.09496966901664439,0.12600690600970008,0.09964582601897011,0.09740518884452132,0.02769769602862673
0.10928592348854892,0.045452727314197056,0.034728230115768935,0.131871750626166,0.12939201446295948,0.1531345641420975,0.16045993794982596,0.12047412431501935,0.11520072758541673
0.09367149104034382,0.07205399459995077,0.15561225443442006,0.10008400375862314,0.13711481098085518,0.1211270854668431,0.12552986082057074,0.10223609891385393,0.09257039998453925
0.1310643555614221,0.09864874116498897,0.030252655962383527,0.10302442906222514,0.15135730645737797,0.08921385700521846,0.10504579229868038,0.10125078609487413,0.19014207639282935
0.11262815603913728,0.3796522653494962,0.04270346876956931,0.18129313773446287,0.011352738873156626,0.0834349236011414,0.03518302030943487,0.14941976481287936,0.004332524510722062
0.09422871011211727,0.12454546658558559,0.06450909628141253,0.21048903925994797,0.041030577845749545,0.15629002914509016,0.11042481136478756,0.1780541934561998,0.020428075949109507
0.09438213920724227,0.06321415556916822,0.13026952213898169,0.1492793131924617,0.06152680144605932,0.15714532204015372,0.1592326742386089,0.15093386606444384,0.03401620610288018
0.11090373463504133,0.0921967018933655,0.09567220008531485,0.1039777850733762,0.13655852884661804,0.12469445240634526,0.14167742248236703,0.11428305254061526,0.08003612203695645
0.12795148520984434,0.08457109240776234,0.0645105460177083,0.09789120063040023,0.13199421700353933,0.07672988228364931,0.09224545353698195,0.09486532025669331,0.22924080265342087
0.11251211557414204,0.10297393424072974,0.06780238878484975,0.10415134180117726,0.15711036280297827,0.11643696018271221,0.12590155561970837,0.10793015143175978,0.1051811895619426
0.13730797175938703,0.1015739439954616,0.03285373872277256,0.09767879455045697,0.12563158274271266,0.06488693497190988,0.07730896221781142,0.09106192375946576,0.27169614728002217
0.09997010795967128,0.14165563937471537,0.15561028950870043,0.08947731196724401,0.12360417554960228,0.1098489126915001,0.12375424942810433,0.10661526215113137,0.04946405136933089
0.08895167651115658,0.10857091498940528,0.1338153626039456,0.14421752245731922,0.05871462378871919,0.15420361213293535,0.1394536598338649,0.15188009406271508,0.020192533619938727
0.10072990646617334,0.08930525361870419,0.05568836964305759,0.12890037983085445,0.12836561426830462,0.16249458484073834,0.15440289656934916,0.1293091882674298,0.05080380649538857
0.11071453901673411,0.12565859889266273,0.16238224446458133,0.08874843578950031,0.12191728273337181,0.09331852652635915,0.11495321146257698,0.1025723955037452,0.0797347656104684
0.09766807846736797,0.06265110615372417,0.06725596629495526,0.15936638603874242,0.08060952692035227,0.17338882477791395,0.16429127487687942,0.15069273155302423,0.04407610491704022
0.09489761576981721,0.09296389537053218,0.10212818096790603,0.11264285816640977,0.14005007605983474,0.1434837534049209,0.13773556527320116,0.11502685307986678,0.06107120190751127
0.11684458035240032,0.16461512483868432,0.0036467493595341454,0.33003240812411966,0.016670930717788388,0.11048889018834539,0.0518194995891785,0.18994338806701647,0.01593842876293285
0.10274504557442547,0.11346186194471734,0.0408712067342747,0.2417362646258895,0.03185395120717993,0.1487919286531787,0.10451578935859505,0.19466386477525743,0.02136008712648189
0.09723748314060605,0.12466836148958,0.10230696683605682,0.10594284082850432,0.13145311215249383,0.13840105538029623,0.13832515642491108,0.11763622122863687,0.04402880251891474
0.09818417328738793,0.12502178133251948,0.08037477439426725,0.1100832070944776,0.139947014542899,0.1428680414360199,0.13831936412956,0.118223513910648,0.0469781298722208
0.09893573959183159,0.165638575252187,0.028861916560220125,0.25256705906007815,0.03193885880312591,0.1438901023128897,0.07934547357868842,0.1804669404968513,0.01835533434412781
0.12224488887837488,0.06540219017979666,0.040071821761762126,0.11024152572226821,0.1476972906306808,0.11701566671321495,0.1354814414570972,0.10919171076048867,0.15265346389631637
0.0981189057806305,0.2766706346452374,0.046995412704661794,0.19680478131059334,0.021832032695444384,0.11711286591564889,0.06340984446549035,0.17117108058636266,0.007884441895930757
0.10937296732022683,0.09515785857040578,0.1242495350877207,0.09887871049113885,0.12839630673146077,0.11806875916640724,0.13859341466027433,0.11204292518421571,0.07523952278814967
0.09268037590623546,0.07240250539837499,0.09103749017433856,0.1335028972484956,0.11418257989176607,0.16366016145015072,0.15154653610982563,0.12916628774066596,0.05182116608014709
0.11747297528026389,0.06903081537302258,0.04890007944290636,0.11260612975465338,0.1466508341240663,0.1281479260366375,0.1441253309663291,0.11362150750482113,0.11944440151729972
0.10169785311740542,0.08177627804844553,0.10073437240210303,0.11054131263559847,0.13546004245653806,0.13815074603265107,0.14426871452346646,0.11596882196685232,0.07140185881693968
0.13422583450882516,0.09441946998401707,0.04925077082205209,0.10100414924003732,0.13703731791603174,0.08438920282015834,0.10508378028537392,0.10209234488305834,0.19249712954044598
0.10686055888637384,0.08289784146710943,0.05366150291154489,0.12072884969143183,0.1414162872523817,0.15007566726130891,0.152046914331981,0.12222076728039195,0.07009161091747641
0.11153224699691433,0.1616555376719854,0.06550680698096324,0.0951703035337675,0.16548758130696054,0.09321120359407468,0.09853581235020618,0.09796023615934824,0.11094027140577989
0.09503318157463105,0.09499933603896371,0.1358848160688041,0.11087615530378299,0.10615906073860253,0.1440024725247168,0.14941469191152182,0.12457627933860217,0.03905400650037471
0.08647940029692149,0.14097430809281794,0.12015523346159818,0.13986646844338677,0.060905169582275785,0.15410712277664476,0.13128986328951694,0.14969748719462053,0.0165249468622176
0.0730796118170875,0.1776338840950097,0.2303311252321294,0.0914945780070406,0.06782438092221138,0.1221613787914333,0.11135905515873103,0.11380577271272861,0.012310213263628453
0.0834843049957107,0.11053290523439314,0.20923712396945562,0.13156056279787412,0.04442337595803363,0.13527796109278153,0.12566175278089295,0.14411346124267865,0.01570855192817953
0.09567267529072931,0.13181513606799491,0.04822739790711373,0.12220543418101415,0.14091591157236585,0.15859471639416992,0.13933461469085895,0.12348014162313682,0.039753972272616345
0.13651601847563044,0.12411698827682739,0.04860618727740631,0.09934257185500445,0.13678281187032681,0.07836463841114506,0.09733308145604591,0.10165857328464108,0.17727912909297253
0.06952300817756996,0.04768861272791458,0.2084942615706956,0.11704327162968331,0.1211773037994563,0.1423868181968738,0.11689505132454125,0.09879104970975473,0.07800062286351038
0.13104460692404207,0.13469315064146142,0.058183001339401685,0.09830983799587491,0.14214283209168424,0.08455461359526968,0.1033132667140148,0.1035249299710843,0.14423376072716687
0.07398664001280243,0.05914802690711948,0.21936011662006175,0.12595412120657415,0.08657861620939682,0.1466307806471829,0.12785888517648733,0.11672076581923484,0.04376204740114037
0.15195165753602471,0.2309000841908452,0.025176727625827167,0.09316907480694865,0.10029767217509261,0.04583787234720136,0.05525242731579633,0.08869545219535284,0.2087190318069111
0.10405515783820247,0.09336387990257222,0.03690646802339101,0.11763030806513373,0.17411891232656473,0.13892860210450664,0.12891284065474815,0.10916616508784494,0.0969176659970362
0.1107105726497772,0.1108471581226439,0.12150200463731316,0.09629422159466901,0.13216337155823435,0.11152164041955198,0.13100055412849995,0.10970953466998784,0.07625094221932255
0.12954581484638433,0.07672138521916887,0.012319606085521406,0.10141731172031088,0.14613589769161237,0.07760257518120982,0.08762209342738274,0.09024209898172399,0.27839321684668566
0.1140081722169022,0.10363904186343198,0.07245694930083962,0.10470593131804508,0.14724169380772692,0.12206091944963093,0.13630601297410996,0.1131354255231199,0.08644585354619334
0.09795170409825689,0.0732586876898388,0.025666298335499035,0.20979565740298148,0.05879924739339776,0.18136259098723131,0.14251254091927354,0.17271984950559058,0.03793342366793062
0.10703357300563422,0.10276400461008156,0.029099795664854478,0.1134665269944683,0.1838396168062599,0.127185842181197,0.11922955813174817,0.10421641275476413,0.11316466985099222
0.10213224452297477,0.06815698678306378,0.06593488510981603,0.12981653594152184,0.121807489426517,0.16024611348329362,0.16037905195111093,0.12890426770262972,0.06262242507907229
0.1032353403212557,0.13087151743732772,0.14944689381052723,0.09104582787217107,0.12666173800977018,0.10882040217375123,0.12460299746696901,0.10673921871193097,0.0585760641962969
0.0902570858419799,0.17560844844594878,0.17910582723053967,0.08287616862386205,0.11945024579739333,0.10454447748449704,0.11131713050968843,0.10063367534619384,0.03620694071989692
0.09188689119563186,0.106888139841125,0.1750817102855121,0.096942951622984,0.11327762479196313,0.12682495692956988,0.13444903467117683,0.11198812122684272,0.042660569435194466
0.0876220533575804,0.12311515425356062,0.1918578072179401,0.09251456735489032,0.11017726589664704,0.12271280622872653,0.12725458636455986,0.10889367009795169,0.0358520892281435
