0.02039377883703159,0.16460255979739138,0.11483822663774373,0.055296294802354075,0.21720326089305866,0.05708553025118528,0.1143102057831234,0.14943493242377773,0.10683521057433411
0.01924567870901997,0.20179444514172848,0.09414600277951206,0.09142320254158993,0.0882001137640583,0.06716702614625782,0.0844910624746828,0.283896582428169,0.06963588601498161
0.1053403970583006,0.13796810356764908,0.11753649710152385,0.08086965791235749,0.17626633428562996,0.07163992371555335,0.1033046737044417,0.10355468552630115,0.1035197271282428
0.10070923824139427,0.09416652431634842,0.14703004120134977,0.08902552725582441,0.10802649260514159,0.08705901088231381,0.10969160634874094,0.1309162620585559,0.13337529709033094
0.025922980703479082,0.19952783820349795,0.09795744461775663,0.11258120245613022,0.14819817598600812,0.06612094344642222,0.11076793539028729,0.13027176073164945,0.10865171846476905
0.02435791681864974,0.19470368904209143,0.09076469307685009,0.09689407463530146,0.128896017836299,0.09070044826387723,0.11530302827547805,0.15502639130629828,0.10335374074515473
0.03323702433611169,0.11913460578855828,0.10446642331106164,0.08527591087381314,0.228948636888355,0.0736585506796068,0.09228001278280323,0.1508811360343273,0.1121176993053629
0.029607019269957485,0.03750994210970427,0.12206191187644148,0.08217533445545912,0.24836617441844022,0.10565200130176966,0.14279319584486608,0.11484237030891188,0.11699205041444988
0.048123812947629824,0.187937437401224,0.11156966418218478,0.0909237261613432,0.16418863503205075,0.07215568683269774,0.09126282379961642,0.16072263627421546,0.07311557736903782
0.017015746456012018,0.15203789210892482,0.09951926782608785,0.06783521105965817,0.21545522538383674,0.06398702098765831,0.10049274843759139,0.18533190296502214,0.09832498477520853
0.03825004685071877,0.15278046921435515,0.09150887901239191,0.06769166131287468,0.19072793287012027,0.06572322854718751,0.0826329824739685,0.2133134595711741,0.09737134014720901
0.023489739605045523,0.09227736900505497,0.13761254059407282,0.11692379414405711,0.22347771681627893,0.08596043811571485,0.1042262096004151,0.10186109371428609,0.11417109840507463
0.02902730738990926,0.11402097607283534,0.1353049108623793,0.08571107381245908,0.1541521822216861,0.08955289666314925,0.10861910448317835,0.177419925993048,0.10619162250135533
0.027225777489273035,0.22416168982119866,0.13425867373900371,0.07930315942321177,0.18161565853835696,0.07026054743087043,0.10658389680975083,0.10505638110438605,0.0715342156439485
0.0235837771349791,0.1045228108867781,0.11099409441288977,0.08320464142365432,0.2080568872624005,0.07647411911638104,0.09873878890032246,0.1879977309354346,0.10642714992716014
0.031364193027500355,0.10098038530588749,0.11203908443108372,0.12373313374845984,0.21812693913201678,0.07651399348512418,0.09331549403268817,0.13184820519738685,0.11207857163985267
0.035758894376290255,0.12057434299862062,0.1149469733272535,0.06850921940644474,0.20952038275745286,0.07281697279722986,0.08797212894469075,0.18857180239660856,0.10132928299540893
0.17428303593079733,0.20057733436783096,0.0627838104838333,0.06492750881067147,0.15062476163427302,0.06435423284123876,0.08297332364671023,0.10245240415694418,0.09702358812770073
0.027274575747953746,0.09916368208358788,0.11031020748973912,0.10615803976212672,0.177964227185734,0.08198689376759309,0.09388179995850936,0.20391212649952375,0.09934844750523247
0.07122630400067388,0.12153705062690247,0.10994905014660121,0.10272363618723009,0.21045238304749847,0.06462185422337043,0.07693631051094901,0.16301993813913443,0.0795334731176401
0.021045514232511497,0.14326109163311496,0.13659643126531218,0.08855420564011811,0.17324443910131015,0.07671973971434591,0.10911223135696813,0.12687417957300604,0.12459216748331303
0.022203824003728462,0.15625328731164081,0.09687956226677497,0.11213700975251754,0.18375743261694297,0.06596964388187052,0.11727133017295686,0.1393764735614428,0.10615143643212499
0.01957909550826694,0.11253218976205981,0.12432181047074291,0.07479682533783864,0.14077046224252993,0.0833800180304497,0.10242841304868439,0.22275216754376204,0.11943901805566572
0.01786769566747567,0.15782987817871794,0.09813955924115998,0.07607194449110306,0.13235533118463846,0.06731753100518337,0.08906350557642823,0.2625483320101995,0.09880622264509371
0.02182334868802993,0.12841147155058094,0.0906731135054266,0.1305378991453636,0.20428512384465347,0.09077665414759918,0.10886967330879053,0.12327343124547246,0.10134928456408328
0.045732328791588304,0.17804776777021777,0.11260535375399554,0.0719017148163068,0.21257400179007332,0.0675295789620818,0.08691307714937287,0.1332622394589751,0.09143393750738855
0.021551573628908246,0.07107644288585359,0.13671342262113395,0.11140977312255496,0.20052372226275983,0.08208756364591148,0.1066089059013745,0.12899134020747663,0.1410372557240269
0.045431834435383796,0.10406714198657441,0.1099168140245305,0.11053352212202038,0.18106564334444888,0.09256831101950956,0.11695802434692519,0.1320704225283302,0.10738828619227707
0.062404495891025674,0.12132338377835061,0.11728667781379608,0.0804004780595368,0.14331253311661796,0.07744059649695305,0.10352402947253488,0.17563055313744988,0.11867725223373506
0.015789020078593282,0.1834932906922615,0.07243496727849753,0.09311679257225754,0.13963567109074718,0.07103751623124352,0.09502496793170538,0.2308842221891205,0.09858355193557354
0.020990422903845885,0.1566485080654827,0.058837681863321056,0.1093862806753919,0.2467062557561457,0.08005182831907601,0.10918978173410815,0.10959797331518817,0.10859126736744047
0.01911516695602235,0.1439925216853307,0.09114971616736577,0.07076676348043898,0.19265316269405028,0.06483982372689548,0.08307544802703583,0.23780060034259023,0.09660679692027045
0.022141896011700277,0.09639269301270302,0.12464351133617106,0.07079630758367167,0.14005714405830408,0.07777991564446012,0.10722800857323499,0.23318187630652612,0.12777864747322867
0.027656995372292045,0.12772097950548164,0.11253885542530746,0.07502407323198791,0.15961691760572302,0.07506557831842714,0.11246789436331932,0.19861499357085607,0.11129371260660538
0.04047940446735935,0.16678165024986802,0.10461366518649173,0.06295239184925555,0.1652966294330713,0.07083170560689951,0.08808389897448304,0.2290797627222875,0.07188089151028386
0.019246854666503093,0.14653389548355175,0.062350910409249595,0.085520875349247,0.19346812562430915,0.07833727556144254,0.08956093351371995,0.23792645536738202,0.08705467402459492
0.023338105720255048,0.15157493988637824,0.1127987954603877,0.08750208041697831,0.19759938086651715,0.08154165032780793,0.10584943434035658,0.15144950967499307,0.08834610330632593
0.016506949981864624,0.07277411361924893,0.12730291458342038,0.07275695693124455,0.26059863359730445,0.08564219310808464,0.11119109071604187,0.17367668037632875,0.0795504670864618
0.01382116771108649,0.19536558093922793,0.05830111053021101,0.06447755949564536,0.22511142691731068,0.06478211537600966,0.0865667909972514,0.19224928397951957,0.09932496405373799
0.015949341466768987,0.08853104033781282,0.1382468486088983,0.10213115742081373,0.09758860650583019,0.08269633748759732,0.10056099893947545,0.2453627827570366,0.12893288647576664
0.020281885188820948,0.1531156497093106,0.09930183022522465,0.08618005697131169,0.21907709205403522,0.0861969789679745,0.10984540541137224,0.1577390871531531,0.06826201431879712
0.1234289899221022,0.11367794846225045,0.08309969889385001,0.07301722916021856,0.2014335923897045,0.06980982173365462,0.08304903874285198,0.1525822162500421,0.09990146444532559
0.028655649427934336,0.14727278325283266,0.09452059235052261,0.11809807910193337,0.18991132725116466,0.06479921481822166,0.08281697240311635,0.18428595295619332,0.08963942843808113
0.017997148211759757,0.0803943592545351,0.09525491146253677,0.19731771442813048,0.1976133192745204,0.08780644034161722,0.10633429752964657,0.10491460961159442,0.11236719988565931
0.021391990883794936,0.10614842222410674,0.1648370269020837,0.06863173439657544,0.06390086487431153,0.07993885501432436,0.10243718466402822,0.284471425210983,0.10824249582979213
0.05556148526312491,0.08112219038361339,0.13187403525557254,0.08411889941567406,0.2195932746289715,0.08184271365082674,0.10484128723194547,0.13622977301037295,0.10481634115989852
0.10014324825940878,0.13212960223790413,0.09308780191154738,0.05937796537100134,0.21705459578499328,0.05516394037659603,0.07209687446617534,0.17429204037252233,0.09665393121985148
0.04118344059573494,0.1460258807960248,0.09950817495857507,0.08719078213996075,0.19482270082685108,0.07669800224219535,0.09854471539187015,0.15757686244061506,0.0984494406081728
0.03220856702671588,0.11043531908926586,0.09923242593431829,0.12445438252415991,0.186785571739328,0.07871863490736146,0.09562719023645626,0.16721592036840574,0.10532198817398859
0.03574859170188763,0.1006214558238296,0.11945270531653795,0.0834386439288659,0.18880060855665493,0.08016135184124815,0.10750062726553365,0.17507194511542815,0.10920407045001412
0.017874182810489088,0.21116784842048505,0.07880223767066813,0.09623501420633118,0.11608941365588983,0.08689361495881782,0.103675758837823,0.21631423239699554,0.0729476970425003
0.022267745331238094,0.15482565550827995,0.11305795084685245,0.08166364122512433,0.22706604531400412,0.08342137801635445,0.10266158646097027,0.14328271608724844,0.07175328120992784
0.01610683792069839,0.16741348664123842,0.09271452365268795,0.0983043526807597,0.2439485711742578,0.07221285275702848,0.10281540701244314,0.14052103256517198,0.06596293559571414
0.03303156573512691,0.17034316662580518,0.10703591049033408,0.08511076960226562,0.1885384560545722,0.07300387657032538,0.0984336887467333,0.14192021689583534,0.10258234927900196
0.024191880599220176,0.12437698105423889,0.11115284507735147,0.09147234329125253,0.11766963137419773,0.08961519008243446,0.11258831689504485,0.19244413427190063,0.1364886773543592
0.03298476548172071,0.2176234421969049,0.11209587034427525,0.09274856011476668,0.18482633998398482,0.08904765263093199,0.09802081574918087,0.10435057749531208,0.06830197600292272
0.031183825029612464,0.0949532650578346,0.11569068905890896,0.06500967340333315,0.19795978873389328,0.0720198308222678,0.09583316823126599,0.22061052997758057,0.10673922968530318
0.02234691363418152,0.07222568678377665,0.123486927817881,0.07986043152917693,0.16844398590489326,0.09832513492623708,0.11418257873936556,0.1790651118788846,0.1420632287856034
0.02110351195715078,0.12658128304011182,0.12821321644480346,0.08942971004204932,0.1459853067823714,0.08875119039432701,0.11942600451943552,0.1848494201519654,0.09566035666778523
0.037356275069986115,0.1596174052977041,0.07911252189546773,0.08884605460463725,0.19338484735635578,0.07803617676109588,0.09368861602409599,0.16370730345156564,0.10625079953909165
0.02332802362845803,0.10731001503700864,0.10898787190247465,0.07300748837860728,0.1845060672406497,0.0649001670585924,0.09567978030531381,0.22394312443861678,0.11833746201027873
0.025030756744708785,0.2381010771792452,0.08458769071072277,0.08559695420508155,0.12009927122464692,0.08139157658159167,0.10485352634405387,0.13969919701535347,0.12063994999459575
0.06052671079967944,0.17161783336076983,0.0836048448675802,0.07049923933444201,0.1472192514806029,0.06712857021055092,0.08139865217693366,0.22111466670854543,0.09689023106089567
0.024819796912545534,0.17813136101905255,0.095629290444685,0.06172670969477889,0.05201148251946517,0.07850064893642787,0.10540995703372312,0.2623938733496716,0.14137688008965013
0.060928412413840775,0.15583768781158353,0.07866445788098113,0.05586867247207165,0.24483777545313426,0.0633471236507591,0.07444707090496847,0.19539287324461627,0.07067592616804484
0.035880715587903345,0.07380327905807564,0.07983702200473475,0.07291624828753113,0.1884267563212858,0.08142664656190875,0.09460278338681372,0.25320299709724337,0.11990355169450347
0.020018109250318383,0.11806303364204768,0.10533291074271799,0.11659344822320979,0.08769229077938571,0.0960081112095188,0.11392845444303806,0.24227327480403807,0.10009036690572552
0.02467213875330118,0.06925760347558975,0.10050590345803857,0.09684078727793943,0.20563526927930406,0.09125862787270093,0.10860686112925007,0.17522179499998045,0.1280010137538956
0.024011327657690054,0.20609589328927244,0.09882004942612897,0.08310265367242115,0.1325815444595961,0.07718319304434544,0.0940148953223147,0.19261231479976523,0.09157812832846597
0.02644864780522141,0.15635198002203513,0.0921966608484166,0.0714701637905449,0.2109197940318539,0.05986904429116307,0.07403800394668097,0.2500634554685702,0.05864224979551394
0.03124904051555873,0.13517609207232575,0.127131843108405,0.13670704783559232,0.1171582094145482,0.09308108499822389,0.11683398203700657,0.10645192279476845,0.13621077722357114
0.016154444917918096,0.1560834397924248,0.12862272868367508,0.06617103172608317,0.20660998210181672,0.07254476042780596,0.0929534485340023,0.17448423446039577,0.08637592935587807
0.055554289869113004,0.1811483044315533,0.11184744907973654,0.07787103219820381,0.12589694152621916,0.0736003506981508,0.08968574553583826,0.20014802954697805,0.08424785711420707
0.03233147485066642,0.1616664759412286,0.09174266322621306,0.08533467278198853,0.21573970036883894,0.08160382400512976,0.10178467768182793,0.13399562400645848,0.09580088713764838
0.029857788005928792,0.19816810935860482,0.09113253894964386,0.07597499325549974,0.16574176429898269,0.0737226537188978,0.08943357777417964,0.1903450736406259,0.08562350099763678
0.024539704853301755,0.19200965780350798,0.09348283694304933,0.10024733311901178,0.11264288456020159,0.08939530371492217,0.106258071807607,0.15017973500253667,0.13124447219586174
0.019775223963180464,0.1382690169507175,0.12102954034854085,0.08575579459046835,0.11226375773893345,0.09375132978693317,0.13406139838968315,0.17760770318413502,0.11748623504740803
0.015276486858628433,0.14317092782120322,0.08944401550484665,0.11259781676078577,0.18240793812569267,0.061984015690121574,0.07645658961853698,0.22781290676904312,0.0908493028511415
0.03463491720237908,0.22762025327817817,0.11477887649496914,0.09286076228291977,0.15556687675810166,0.07712176024192154,0.10378994407597676,0.12262499289529516,0.0710016167702588
0.029207300434837314,0.12111619395161372,0.08744123244445244,0.1643012332169548,0.2040651937890859,0.06762503306643905,0.0808435491380008,0.14349804714268957,0.10190221681592633
0.028872362657075868,0.18382872089283273,0.0693253857959556,0.0765938935775402,0.23305539055415234,0.07118663036127311,0.11087387098491218,0.11520747380792991,0.11105627136832809
0.03519830698139065,0.13250288367031884,0.1239197271650958,0.13895001906852664,0.14920526117815633,0.07915442100660626,0.1006224515925667,0.13535754234429725,0.10508938699304156
0.015213622139537924,0.08508126375135096,0.12099670574616112,0.1656050589043872,0.23817090036901822,0.070668243262361,0.09091830147747015,0.13622773066240984,0.0771181736873036
0.020023511110637122,0.17730857288328603,0.11258930211703277,0.09017957516146317,0.12646517567247909,0.07119378099960467,0.09863105544340038,0.18999580873903632,0.11361321787306038
0.01872844954124468,0.1560687066169317,0.0808874476831641,0.07614557832870911,0.2240928392815028,0.06755353413811967,0.07627173235451863,0.19305659185601987,0.10719512019978944
0.020839562957741323,0.14122038399264708,0.09950109096285344,0.062189863689045825,0.13251775833588827,0.0669368193961931,0.08369321501602696,0.29780492274451803,0.09529638290508596
0.02109667132547528,0.17292756523396505,0.11359602792759943,0.07542971747032587,0.21172788226964645,0.0708633644427412,0.1061694812953669,0.13149557316258328,0.09669371687229654
0.03209340554536703,0.1828571305984449,0.08370822085015352,0.08272137072466769,0.20982763660128234,0.08610424331788002,0.10402966175423306,0.13931229610049134,0.07934603450747996
0.027237163696703707,0.08872644397409478,0.10243955482360297,0.09376032852736542,0.2375112918182065,0.09393614000953786,0.11350612729751745,0.1467218498190585,0.09616110003391276
0.03727595502637143,0.08067082215445655,0.13282548406030045,0.09340086590549453,0.1622823292241979,0.10177189318088749,0.1206796565301959,0.13233571099800384,0.13875728292009193
0.02205775262919021,0.11014751104983456,0.11727989233824117,0.08156599560097096,0.1657503342686,0.07742966545586674,0.09804928918700713,0.21340864671755613,0.11431091275273304
0.018853515418611074,0.19619012163025387,0.07703144151047825,0.10651331327684521,0.23914201818308375,0.0747089062937819,0.10283685337007244,0.11438760878254865,0.07033622153432482
0.02876475397161468,0.20322262519468473,0.07114463038400537,0.07879501874459997,0.187316981812778,0.07774817434994961,0.10117427845176362,0.14101121168002084,0.11082232541058328
0.01750787928863873,0.11864388691502666,0.13240344410946678,0.11353690546017532,0.13003972350288606,0.08827101026181895,0.11980094013132625,0.14699206454565408,0.13280414578500713
0.022855968947300645,0.11681559194787845,0.1084298907033726,0.08130184780102682,0.21385745682178725,0.07849794375858811,0.1163399683544089,0.1579771921289679,0.10392413953666935
0.03508486927110641,0.12493708158517736,0.11272957855962083,0.09284396102886065,0.18280533656543727,0.07476222817239633,0.09636711971637608,0.1769662744951348,0.10350355060589023
0.017706057314999277,0.19582615517175936,0.09021455433066387,0.11777673756026992,0.0683553690520475,0.10099879225912713,0.11749037470939712,0.16499401738415712,0.12663794221757876
0.025361125520660877,0.18103702619634657,0.10958814780882786,0.06842732937768513,0.14562093555320993,0.08162070660182169,0.10223642047703989,0.21556567036278929,0.07054263810161882
0.01891836868127715,0.13123613785720833,0.09854568528479034,0.09987433289036922,0.1838816438686719,0.07461298467393496,0.09846382739848096,0.1910993540366026,0.10336766530866463
0.029450608421800903,0.1727807386388246,0.1131488323367298,0.07863421937945542,0.21185882745799858,0.07285205609262314,0.10109616009073352,0.14163485429427847,0.07854370328755557
0.034408679776566385,0.1866683993574679,0.12181408811307044,0.09256763846109084,0.12270723511978189,0.08175618219961679,0.10516260182762967,0.1457201783709658,0.10919499677381027
0.030453445322172226,0.1696326983966011,0.08341495648464348,0.08624609808180296,0.0742385522394927,0.10443231209371773,0.11963948450317256,0.18342503117624387,0.14851742170215343
0.031078056498352307,0.11963946313826483,0.10967009333915541,0.10511931413469229,0.22491501270346603,0.07486924711747399,0.0893223198139544,0.10714750799568717,0.1382389852589535
0.03237222143603121,0.17003722759988313,0.07669150398726016,0.07068644604679547,0.11663525261601904,0.084347356236394,0.11026133459015564,0.2482293398082868,0.09073931767917458
0.039351266162861755,0.18934739271282833,0.08430207369566216,0.06887402217919576,0.18178716719746593,0.06692779339972445,0.08207065135453025,0.1660438120204785,0.12129582127725282
0.019885159420762157,0.15814880074068496,0.13003657627377666,0.09289284341039318,0.2190313722858713,0.06896500968711211,0.0932770021606394,0.135273647584113,0.08248958843664725
0.018012167499755007,0.15666458958863824,0.12562978671838998,0.11717937779686251,0.10924406509454616,0.09632153720693397,0.12090114247295751,0.16035687057534034,0.09569046304657632
0.024618170782144042,0.12282783671152948,0.10267439837318543,0.08918816214683917,0.2034924202962561,0.08432516600965624,0.10939903958972495,0.14491295109409022,0.11856185499657435
0.020596545305801472,0.13567551288787724,0.11171126120028935,0.07677400778766348,0.21097557336937892,0.08437434979900178,0.11047240051462696,0.15436825791633293,0.09505209121902784
0.03493166089109261,0.18315009574142516,0.06701652146943564,0.09986276455675987,0.21286121289390716,0.08730665183344395,0.10588125084078848,0.1186513467429734,0.09033849503017381
0.02567618426662455,0.16517326625149514,0.1034139034616549,0.06422040781899091,0.2293290734307163,0.0746672693375574,0.09310724005116196,0.1261043021636838,0.1183083532181149
0.023680272443640085,0.1192602141338887,0.1097022513895999,0.08221521854039848,0.20464073848678685,0.07841665897971613,0.10477127672217923,0.17332240409599642,0.10399096520779426
0.03052013626374526,0.18621306526036263,0.09432572255997991,0.07909705267531357,0.15524091851640742,0.07394501026811039,0.09788198971236993,0.17394173994633863,0.1088343647973723
0.023328298958980642,0.17687326772106468,0.07130841343491345,0.08248190757473639,0.20987817823737234,0.07611573601585159,0.1081902386519764,0.1441560739364294,0.10766788546867523
0.018457531954619896,0.14969671941683665,0.1227425842469795,0.08565503840667436,0.18940520878374734,0.06664711107647563,0.0851596644312103,0.20855056042249573,0.0736855812609606
0.023762917049397935,0.09853915579609163,0.08833809562114721,0.08409953768875678,0.22249141345818854,0.08282225034888842,0.10668659612203706,0.17477514481895673,0.11848488909653578
0.036189889634944766,0.20970121573540887,0.08525238431274679,0.11874845712596833,0.19593074308990177,0.07278702971196276,0.0926044407527515,0.105094979276253,0.08369086036006224
0.0322075158388077,0.12138679688109207,0.09362123183051334,0.07813111944051748,0.18224113100739425,0.09088691310726522,0.13648109481660134,0.12674119079356097,0.1383030062842477
0.01827977573189311,0.10486318479475266,0.11681669163907711,0.09442535864544825,0.19428026892240677,0.09141920010440836,0.10191597673014079,0.20314552178484568,0.07485402164702716
0.05965035184482681,0.14892550902520832,0.08843160565205015,0.056853700224629045,0.18597856924750036,0.06304723308567654,0.0794667578210783,0.23618668345368077,0.0814595896453497
0.021862581939539744,0.21460580580953878,0.0944902024824199,0.08912896905983293,0.10763570573826886,0.08453734720659657,0.1143458631550363,0.15854067056474708,0.11485285404401979
0.025800851082735856,0.12639145615452663,0.11855741463411601,0.0878497216065322,0.18210860931829365,0.08448212637030839,0.10608567510383084,0.1581813728110616,0.11054277291859481
0.01994886450143761,0.11933748653998827,0.10895213485876072,0.08247050540504475,0.12629391989152905,0.07559635923321666,0.09097845866373809,0.267642905274283,0.10877936563200186
0.023814174290834392,0.18297434581292102,0.11194121886870932,0.07478532058332443,0.1531771071374647,0.07223267306362212,0.10532988139688637,0.16836145753942913,0.10738382130680853
0.011644629386318378,0.10201448748358773,0.06351731428797179,0.06805335580178773,0.210072054779653,0.07146679058254939,0.07408565421231683,0.28912858106175815,0.11001713240405704
0.015138127237628899,0.1887738877028353,0.10903930994037277,0.06344771942425705,0.1988190055110106,0.05860027895388678,0.08800281955737373,0.2239606391971709,0.05421821247546404
0.015819799930976857,0.12494475431128388,0.11025517265316882,0.09608791258609149,0.21748404709022282,0.06627067571825253,0.09145756575705272,0.17977579270785515,0.09790427924509569
0.013849675052450066,0.15247087502596562,0.07747232197397085,0.07101401530995018,0.18706356303500385,0.06391650378591686,0.0945549007582036,0.2580174635988627,0.08164068145967633
0.024153390863395404,0.12606943533997064,0.12498264059985666,0.09278511731113254,0.18602670984764055,0.0763739365161682,0.1050160341027675,0.1475692015165662,0.11702353390250238
0.0263704147493402,0.150691714781919,0.10927779966804241,0.08424033923680783,0.1873130023581632,0.0725929873984796,0.09556765407838876,0.17050270605547854,0.1034433816733805
0.02539217147039692,0.05848592172443275,0.10734059695899263,0.11264973508390648,0.21582049677387247,0.09461385703215258,0.1230174850610272,0.137967347311271,0.12471238858394794
0.01562752142933716,0.2131590356310474,0.07916758488950891,0.07028558601373454,0.18753675769141429,0.07012896585256101,0.12651291399646394,0.15223547904830856,0.08534615544762418
0.05350357512867012,0.13589603665679062,0.11420897183653617,0.07780073117063281,0.1850056753991207,0.06985391221037282,0.09763541240834324,0.1586127096097579,0.10748297557977556
0.023211808685823714,0.12912307623172278,0.12377361377191208,0.09027865439348474,0.17749736648253578,0.08557169654954443,0.11569646050916538,0.15150460823196468,0.10334271514384645
0.04877487963608179,0.0911743286469735,0.10024378049395129,0.12976105364866397,0.20172604727272894,0.07839394862716549,0.09693260846909309,0.14012407771309168,0.11286927549225027
0.06660569363212977,0.158444250528817,0.1195955556408087,0.06697046399698203,0.23194952423188378,0.07187675425836766,0.08386565850591392,0.13913350440656372,0.06155859479853341
0.03710549305040086,0.13458729357645563,0.09556861663603779,0.09072429972977952,0.1725098918427049,0.08873800693465768,0.10648365324722332,0.18058340574240228,0.09369933924033791
0.01927007507494491,0.1566469723900838,0.09202534950544032,0.07362176252144625,0.11340902203817076,0.08038677845351208,0.09978703761924267,0.2592981736174564,0.10555482877970279
0.020866840631869835,0.13933825256583396,0.0873150629560343,0.08773910800951458,0.18239694325008401,0.059717812164209315,0.07326882864973117,0.2641905818184616,0.0851665699542612
0.05797033379372427,0.15830962888579414,0.09819032966522434,0.08623591876730886,0.16834272607264508,0.07607161256752626,0.0902015495719321,0.19142076658595267,0.07325713408989233
0.028617116834690468,0.19608829905509198,0.08783042334939549,0.06641439335298684,0.23332017502826974,0.06845243104227995,0.08834733357261167,0.16537944697043538,0.06555038079423857
0.025159494193823965,0.15400088559481154,0.11238416245334715,0.09447510280329165,0.16919435018024306,0.08961805148761341,0.11972695520954435,0.15149792018043076,0.08394307789689408
0.015139599268813619,0.1939450501256373,0.11885046416407762,0.10805366943280807,0.1671899902894638,0.07064679734670892,0.10066831885616935,0.1642124228461875,0.06129368767013379
0.029745968945420073,0.16980516275858767,0.10838601121032786,0.0750259076509041,0.1976681781774655,0.0656851951745367,0.08926786135095378,0.17465106421374735,0.08976465051805706
0.02642897088903358,0.11570786041679278,0.06605321179826833,0.07309638796392044,0.2580014845726099,0.09369097897459681,0.1229489209692316,0.1619030741631865,0.08216911025236008
0.013443309588631028,0.1318857147681283,0.11111238965814733,0.12557100470497698,0.07975728775639873,0.07926753003088022,0.13855980256928366,0.16977102603807545,0.15063193488547832
0.02097166567441093,0.07583095928211282,0.12376222918565638,0.10255063357380657,0.20254465526493026,0.079714057551675,0.11124184620604066,0.16185117791598427,0.12153277534538304
0.01863656379739703,0.13853640410386145,0.10057579586231169,0.10376356954682926,0.14962487293393836,0.07151406502007941,0.08970541313347906,0.21778206305730588,0.10986125254479782
0.01888061477156166,0.16939579264526008,0.0920563239523063,0.07448759775458524,0.2424829232346892,0.07781872089652736,0.10465036186689708,0.15689523450222057,0.06333243037595244
0.04383605419067316,0.1744758744756203,0.12129331895716648,0.07283794443904301,0.1652050191702972,0.07701822730673234,0.09888929107591932,0.1641292027217645,0.08231506766278367
0.034982350704128626,0.15759734165322403,0.10471071257800373,0.09661886158406686,0.09826611528169715,0.09753142307670738,0.11041361242561766,0.192949018085966,0.10693056461058854
0.015372006308078626,0.15006585932921623,0.0713723242472635,0.09286578031846554,0.1788791299608067,0.06018700330615992,0.07357318512906816,0.27198424152422573,0.08570046987671558
0.014952965550038111,0.16834445148245292,0.07969277315051616,0.1530504982531024,0.21185260188565103,0.0635756506580039,0.0799685163845769,0.13017142427210657,0.09839111836355215
0.021148175911222408,0.21464215214617363,0.0776498695213249,0.08021959423886105,0.1797024207310299,0.08455107100187316,0.11775353318528615,0.13370351591297228,0.09062966735125651
0.05718295991303724,0.08873458325848438,0.0850818401266174,0.10621232069686008,0.22932336933880051,0.0867435489439573,0.10407316100432697,0.1267180109802832,0.11593020573763291
0.0365802653948741,0.16904681927985155,0.10584183897009954,0.07210032417392197,0.1991780698882338,0.06600982008429827,0.10240894014996134,0.15300530726553638,0.09582861479322304
0.033884531613332165,0.18143939226999348,0.07668120232644858,0.08109311975172372,0.14711787724934997,0.07767698846374614,0.09796312835592436,0.1900330900968165,0.1141106698726651
0.014837283381291352,0.17612189339207354,0.06875560238764779,0.06258318503068476,0.18851359114805252,0.06619156732808075,0.09413379453460032,0.22385911107581832,0.10500397172175063
0.023148105741052166,0.04994179637811621,0.13476351267659173,0.08256036860174555,0.2344381973616846,0.08630553466300854,0.131434065455954,0.1321112080546679,0.12529721106717925
0.048670389147719616,0.15740153567389936,0.07351080244669612,0.07822025442254514,0.23998270389504242,0.08220773135130797,0.08997807813036572,0.15310796221777082,0.0769205427146528
0.02019858014709444,0.16427304657533362,0.1053925791601341,0.09296429046644251,0.18037310165415885,0.07169280304846527,0.09155403398902784,0.17424787877446088,0.09930368618488254
0.03891877485777093,0.1713112610110511,0.11185804416959122,0.08225677175293203,0.15567989056062925,0.08031748357340641,0.10263670335990045,0.1501556317441484,0.10686543897057009
0.03688452111603093,0.13191152368511863,0.1288566926717082,0.10176659049266157,0.14025671441012155,0.086062319292103,0.10198731021215818,0.17760094788810857,0.09467338023198935
0.04403284658828655,0.1754709969299805,0.08731042511219451,0.08084358653272997,0.20288519191519694,0.07043255052008698,0.09108282154803289,0.15681728696814673,0.09112429388534492
0.019649822494597364,0.0933789003700362,0.11249283765031126,0.0834882111203274,0.16631128706138373,0.07491260634827755,0.09139097113191375,0.2627562994954952,0.0956190643276575
0.01570756613128888,0.14761105524169718,0.07148484714760321,0.113467864319357,0.21234838657080238,0.07855508884731915,0.09253464247396621,0.17422549193870393,0.09406505732926203
0.023850395557679926,0.16983043754370422,0.05823421030872006,0.0830674972189734,0.262391246343951,0.07172768704609186,0.13950112850188756,0.0722967530563688,0.11910064442262307
0.020902473108350295,0.15786481232776117,0.1067256460706633,0.13577522846890255,0.1213895058045044,0.07536378332257936,0.11843879956912073,0.11056738842559362,0.1529723629025245
0.0150317793971334,0.11797652106941321,0.10002318687441585,0.06895823059598899,0.20740990418135477,0.07086941660830977,0.09945550921831763,0.20100998533501144,0.11926546672005499
0.017371139179520233,0.16348682531448355,0.09880304885458795,0.06807182980122722,0.21361545067634022,0.06260766690451648,0.09012316356185124,0.18420858562163686,0.10171229008583625
