0.1099412077127735,0.12326456309516105,0.13554608501890011,0.11872930635440261,0.0692209288989741,0.0821047696913164,0.09056828525270072,0.1551263990625839,0.11549845491318762
0.09600361737358358,0.0639464732840403,0.13332292130783213,0.11537019961599186,0.07516021855415286,0.0583687829122635,0.08106995394214576,0.1288888311247076,0.24786900188528246
0.11173809647807992,0.07589881516425287,0.12315649489738573,0.12616955059044507,0.14537268824097338,0.04160893960517939,0.06647856247830518,0.097182269250933,0.21239458329444538
0.09294034861270704,0.03838892885009675,0.1042631087601843,0.06196770058927372,0.17471012818179144,0.14885990012837133,0.030785090079829592,0.10008404007586795,0.2480007547218778
0.11890157308800031,0.07659530123384002,0.1521558368770588,0.11433792633936385,0.12446156702052442,0.13354129963797667,0.09573063161130614,0.106204955090358,0.07807090910157173
0.12100460415931728,0.20415440299679102,0.1265748042541213,0.11909389919893217,0.10213312162841359,0.06189379359298114,0.06977803541779155,0.13244122911998604,0.0629261096316659
0.10712728026317059,0.0990388478187163,0.13133405513350535,0.11733140103844701,0.059725367377608106,0.03187424545591468,0.19972708252095653,0.08153681496887848,0.17230490542280294
0.13267644275991655,0.17322433400367335,0.14026915329062675,0.1483032550898205,0.08003231745104587,0.04752306208385456,0.10967742062573001,0.14307263080766985,0.025221383887662558
0.12282942825445586,0.13174522455676205,0.11037105942741028,0.10870253726213282,0.06606452878289204,0.11108535118757734,0.24637710621381959,0.08047757663026826,0.022347187684681736
0.10569744709027747,0.11604448682376538,0.1256445449048557,0.11101990799914874,0.07489912021616901,0.1037810894769422,0.12507214268234446,0.08187419836782185,0.1559670624386751
0.12102424076536034,0.13232917993431295,0.13354426939458997,0.10726918788494322,0.11597354835665401,0.1059026050202276,0.07286120035365691,0.0695387222264286,0.14155704606382644
0.13162842267430633,0.07617290007329852,0.13073006341998403,0.14750768074385817,0.09450312192894379,0.06574866729482386,0.07657419586838056,0.16132696794961013,0.11580798004679461
0.09450496520339131,0.05591874500832502,0.08676058137121558,0.09532471607138637,0.08077697215191772,0.12836999032062027,0.07157685325514006,0.09907091762593158,0.287696258992072
0.09999746797443067,0.10424666679084216,0.08363517204647013,0.10400646998534323,0.06637747395212412,0.07634992172846476,0.06873254931319712,0.13972385481903501,0.2569304233900928
0.10263057581453251,0.12207438492964862,0.09639003067979905,0.10837208224148853,0.07307874466817393,0.1017151170643556,0.13684982997428405,0.20672966585333982,0.052159568774377864
0.1507923035669105,0.10048174728708388,0.1633395384211002,0.1720782315226855,0.10515790535328029,0.0821929252498574,0.0646173191463667,0.12883769585344487,0.03250233359927067
0.12796167362394636,0.11215997406856226,0.1505419749044681,0.14704769056633946,0.07230590502489205,0.11336451991175737,0.05489469317497766,0.12503611814252824,0.09668745058252853
0.08834868256790364,0.0656527298880087,0.1173131675970915,0.07598150937559539,0.1814085245708994,0.17669007598385175,0.1958261412861643,0.043735069556044455,0.05504409917444086
0.10933911657530083,0.0826182129635792,0.12865378258577745,0.09762206468495288,0.08588110430998758,0.08867583778975606,0.1304915164491289,0.12133107304072134,0.15538729160079576
0.09364205895977785,0.07175361104939408,0.13892569922865292,0.13346298150212663,0.11110507499351165,0.016487070980072918,0.030295147608241303,0.2518655769552221,0.15246277872300054
0.09799145491852122,0.06438055688518662,0.0985701259060718,0.10116611287397648,0.06804940058239836,0.2237704904294405,0.05959959763228482,0.10755462704205399,0.17891763373006628
0.11186531777573595,0.07607454505433826,0.13255744684583373,0.10062838701224415,0.1705853154125018,0.07477145036822679,0.0437222363040232,0.2001774775654944,0.08961782366160166
0.11885331572258788,0.12629901212946035,0.14751865307173959,0.14595711040834583,0.08520177511223641,0.053615461889756126,0.2026645188634558,0.10148511787077469,0.018405034931643374
0.11349149942692632,0.06181937768691803,0.10939656335154883,0.0875259268946907,0.05645252059653073,0.16217709587309662,0.06089441529217845,0.14451820857466893,0.20372439230344133
0.11335307708875404,0.09699563279028463,0.12662678012111875,0.08138964962080188,0.14938139247256066,0.22674804921939073,0.13136386898318456,0.04808963833777254,0.026051911366132136
0.09629753098194645,0.11251233684554422,0.06809342255360137,0.06822100821946472,0.07526933967736342,0.08622749678911455,0.10175865829551674,0.2260196002488811,0.16560060638856747
0.11689093088408897,0.10177406806857305,0.10782715960564997,0.10641675864435372,0.07840444451541642,0.09238867060281893,0.13139512719505933,0.13974982835073668,0.12515301213330302
0.1405112405315005,0.1446746107867612,0.134306899651767,0.1526227217253575,0.08635545367311535,0.07563400500709741,0.06669724675410181,0.15900028501023533,0.040197536860064005
0.11671533348706174,0.08635819716962763,0.12717966173573544,0.11160932942169388,0.05516699882274271,0.09769070414426408,0.1282936770148304,0.17185579905112733,0.10513029915291681
0.13290957404747544,0.10159062921218974,0.1326320695185599,0.11748688286515752,0.1088731578053671,0.06802054302352002,0.050418368665108175,0.22189393457788933,0.06617484028473283
0.11682755238527393,0.0818414610977601,0.10926578702760686,0.1370232513795162,0.1536702620997271,0.13742682005854243,0.11541519062106685,0.10471848475138644,0.04381119057912009
0.10169183524864515,0.07915953779054799,0.12217950484573747,0.1062501221480544,0.09771300798330167,0.09717302236524143,0.03327835507818052,0.07080863300530138,0.29174598153498993
0.09756435777549193,0.10002985854037218,0.1432953306164255,0.09077895426634687,0.08032960026936235,0.06144978057429121,0.05061536014815734,0.1538668121166076,0.22206994569294491
0.12320059411998985,0.1202062959826331,0.11597669751162398,0.12534087844357472,0.08909077244100526,0.122784545719135,0.1682576339676953,0.08195682705850828,0.0531857547558345
0.11286357257700673,0.07915023631655495,0.10295719895785606,0.09835131019167481,0.08817035751420471,0.12169203018176651,0.24671296358923536,0.05164293654862029,0.09845939412308058
0.12178092321050749,0.11914135636690548,0.13254025913085307,0.1310465117780761,0.15997104978848964,0.058683012638360864,0.11135163096796317,0.13892710060453653,0.02655815551430768
0.09386881395476189,0.05781272667875533,0.10930264550182206,0.09306534602496001,0.07891130767745798,0.12855173342276563,0.14943460289910485,0.05639017995812354,0.23266264388224875
0.07095621841439465,0.04404308034766674,0.10123428959535978,0.07026375250679892,0.08960499920300352,0.08754712828597855,0.032012644864627716,0.10109313796726298,0.40324474881490713
0.12552656327108458,0.11793879816498687,0.10998360618637242,0.11282098518505475,0.07305316741229421,0.09469777228878239,0.09321222422734475,0.1684631224567751,0.10430376080730493
0.11273494088952,0.14013903613912296,0.12651281356751054,0.1089134045859156,0.11009114592410334,0.06854921777074606,0.09710718494237429,0.19906736812662298,0.03688488805408425
0.13123911617153838,0.16022689050503,0.12751632645111954,0.09905007867534156,0.07269721535596972,0.06720350741096755,0.11778670360049433,0.08280185298145777,0.14147830884808107
0.10245162837297854,0.07430724789720657,0.11344400127620329,0.16377558806054912,0.11858826050574273,0.058928390042335334,0.07280617159659179,0.25178433620703294,0.04391437604135964
0.07891076648583963,0.07572730807110412,0.10493648045173402,0.06741576477295312,0.0970639912458326,0.12914564004846385,0.03430889666826717,0.14219161349559553,0.2702995387602099
0.13085436146175605,0.13401131107862319,0.12290719823146834,0.13029486192753822,0.08215517370175453,0.11346544366568367,0.11999072181870973,0.09254003311283336,0.07378089500163298
0.07400528729651472,0.07108376233025568,0.0783892044712981,0.06704117809768799,0.08025646924034979,0.05374801694528911,0.03503657316987769,0.2190604586354159,0.32137904981331106
0.11323530362499397,0.07854576851515627,0.11088717208141341,0.0992012783829334,0.09764631587150903,0.19236561084679446,0.14467414926810743,0.06089844455293144,0.10254595685616054
0.13391791162753156,0.15587539846027493,0.11699629921743027,0.12199744242206922,0.12110962363468203,0.052098120204144366,0.11749876429146279,0.13717969487854118,0.04332674526386366
0.10214118917066435,0.06057330198808176,0.08518052758029067,0.07714871802554077,0.051807855398556445,0.18236077988313967,0.05965126247314704,0.11296477188819459,0.2681715935923847
0.11842466332936202,0.11328544760691824,0.0997652268251597,0.15465767757455184,0.12108244986733731,0.08126421562244147,0.1314408895908803,0.10142863037045746,0.07865079921289167
0.09333545865483221,0.05936677595593015,0.11072859725477963,0.0739677856182357,0.07534763823686003,0.10652224487413846,0.060842275578308395,0.041863568500123204,0.3780256553267923
0.11327915427522657,0.06464640798475886,0.13977997782437598,0.13516490323978933,0.08114265851105694,0.18350286928412038,0.14800190390367243,0.048834818780689286,0.08564730619631021
0.10730720158986899,0.09096276445069773,0.10344692504149966,0.10689283705541715,0.10533627375211542,0.04246035685665356,0.06550875236803225,0.25380008699649326,0.12428480188922197
0.09540009759857367,0.10182858827371073,0.09658298823442846,0.09468047645743137,0.044466897820638264,0.03905106413121712,0.1068824205301498,0.16658775665001857,0.254519710303832
0.10827331112795964,0.12066679572289023,0.10095140554573717,0.10573301835870819,0.06364942449306422,0.06725382381031962,0.24019048717478386,0.09104180029616356,0.10223993347037356
0.09660896102732452,0.20079944515714956,0.12012202642985036,0.1143758497453297,0.10473343111089195,0.0751867060806489,0.17473336733742598,0.07155800438797467,0.04188220872340426
0.1055732866714199,0.04792143753646736,0.07108982678911509,0.09565601654734544,0.0683488469054136,0.11081516238133417,0.04865758941216641,0.20018391446168535,0.2517539192950527
0.10472993562168513,0.0880316014287353,0.11641966944393249,0.11223768989222997,0.0816639995124238,0.10366066185400087,0.26785436488052494,0.05421076667646089,0.07119131069000674
0.11570216962301116,0.05961688859706952,0.14328667604388676,0.1312717506307185,0.06315756060736784,0.09818334079834666,0.1733389390846142,0.0988484645392184,0.11659421007576705
0.12751938019098907,0.10319556740535112,0.16797838880923713,0.1359167281838494,0.13458000013059687,0.058938999163281235,0.055734537558067974,0.1699532601517145,0.04618313840691271
0.08993563780978313,0.11080927832095645,0.10959934385969472,0.09353252141925851,0.0517130837373942,0.09471684131668416,0.06615388167509267,0.17293978781076025,0.21059962405037588
0.11193175488416791,0.13313528288196705,0.09524789431045809,0.1239233956198232,0.08837934446326241,0.098668155851984,0.09148112941040465,0.10328037048330412,0.15395267209462857
0.11239244365982708,0.0866054110152696,0.11165913447399704,0.11913569736892497,0.0957018340131392,0.08124237307389885,0.050321009481992175,0.16236311729175124,0.18057897962119976
0.12059903403929151,0.1420855085553654,0.15572726874141532,0.11076170197044205,0.08031230149238645,0.050356127921598236,0.17165096952185568,0.12981134003110784,0.03869574772653752
0.1291790322251345,0.08842312473419996,0.11429357519789286,0.13245609876956355,0.08750015562950242,0.14564505152007237,0.13299103136012225,0.07098415606721413,0.09852777449629806
0.13178950839083267,0.16911170183600097,0.14725352952320125,0.10928047823370945,0.07947235800361346,0.07117843307883097,0.1297016332032892,0.09179170034238897,0.07042065738813301
0.08888052834355166,0.0745996891038573,0.09566417932442177,0.08195058969474966,0.1024608046232014,0.08553632941078594,0.07061770354344993,0.11688945841505798,0.2834007175409244
0.15333584375830892,0.1702715677955244,0.12561243822489673,0.12614933002487205,0.0691372481547652,0.10075396352639299,0.10110195685676145,0.13264169191170005,0.02099595974677818
0.08452560405382213,0.08201996820389014,0.10793552079622866,0.0733601785122731,0.13664569935931659,0.04812691231900045,0.04710616124948493,0.29862749467341826,0.12165246083256576
0.08937735876000519,0.053597043784097624,0.07959450251419457,0.08988200961911808,0.059730005077216854,0.1536339830346282,0.17031580394291193,0.04557730902836998,0.2582919842394576
0.10641391456421899,0.12973048143409124,0.12490735892162845,0.13956974278234988,0.13872675075773297,0.05768214309886127,0.044767486831834846,0.22357053928395754,0.034631582325324706
0.10431587552153943,0.1000242530639921,0.14147538198398793,0.0942522910005296,0.1226941407830391,0.08554547100382048,0.0601504696261446,0.0651383027199854,0.22640381429696133
0.12483459450350683,0.11924892841191988,0.12182400717181413,0.11720485174678923,0.10705749596451293,0.15578471752176906,0.1612703541165301,0.04184976008182092,0.050925290481336975
0.12658764630020192,0.10320738146409049,0.10852964379346146,0.1879558282950983,0.057196197358527524,0.06467795431815045,0.21323925126511525,0.10707496285831541,0.03153113434703914
0.10538897769611145,0.06617191289272896,0.10066987124022238,0.09531326140358361,0.07036946994163829,0.12013903105306763,0.28920915061642066,0.059216037206722645,0.09352228794950435
0.09557206183192914,0.12579919426823571,0.09973618184887652,0.09611880783688394,0.05288639260818547,0.052748849026494356,0.09263088043465151,0.13795180513070873,0.24655582701403453
0.12113423015376461,0.1017404444807386,0.12380139766256171,0.16547365625821212,0.13524636362832052,0.11112179599701566,0.052840123325001064,0.1314958764261492,0.05714611206823653
0.12522060595901455,0.12817113774382974,0.1101183066711993,0.10162783513941272,0.05881013409233054,0.03294859689176383,0.1004932641084386,0.18100055941183932,0.16160955998217133
0.1452145540476952,0.17630640945404785,0.1288170645522183,0.1353904430742453,0.08927239286049075,0.07993888458946574,0.12260328909427974,0.08770642916287884,0.034750533164678334
0.13150406741789802,0.09501939610512977,0.14949868439682323,0.17187014310656576,0.11428022795510484,0.052443247287247884,0.11977571071378651,0.129976155043158,0.035632367974285976
0.10919255514630832,0.08873953768111947,0.16157528681775582,0.10968670944669512,0.10783828362486164,0.1295054390449473,0.03888718806260269,0.1276993708472218,0.1268756293284877
0.11644782403580427,0.10744562049878835,0.10423150099915746,0.16222016536186365,0.09566438647830218,0.08778578216200043,0.17652433723666958,0.10048979250794365,0.0491905907194704
0.11061420365963942,0.08818575458348454,0.10850869242076173,0.11538156095114287,0.11547153542725234,0.18945416573001805,0.08068369948279207,0.062212342480262896,0.1294880452646462
0.11691538453070106,0.14762632912907714,0.12265668416539095,0.12481682634017088,0.08846492433639523,0.05654489226677601,0.08160012829555698,0.23257955690546006,0.02879527403047168
0.10897967877800814,0.09829790406508791,0.1552538295990382,0.1290301883913345,0.07134698003691838,0.0857808419715184,0.10536599269567208,0.09671790678787194,0.1492266776745505
0.11590052190564921,0.1102666760610268,0.1169471679382913,0.12550473477576382,0.11617835467120008,0.06383987235073503,0.06559763344580381,0.15983096423267382,0.1259340746188561
0.10155858891874149,0.11577246413611708,0.08278804074297667,0.07804216601196458,0.07998966028766814,0.0864313419305122,0.032530263494599594,0.18626243150630586,0.2366250429711143
0.10642682755634895,0.09207872462955004,0.11351452568173682,0.10113468984442225,0.054320829784899806,0.1455172039241271,0.04298048434609383,0.2338987418532991,0.11012797237952206
0.11180766329658198,0.12592622646013268,0.10230254526684096,0.09722472611142309,0.06904592870633897,0.06865357774802182,0.26246825053263434,0.09259408348532329,0.06997699839270288
0.11967895281792822,0.07437286900948296,0.09367184385891086,0.10508903381348085,0.08319053782125428,0.13820631491642987,0.12241057476700341,0.10633909016698267,0.15704078282852688
0.13058912528872182,0.11743526005196094,0.12459610253159902,0.14491175007554816,0.10028316001191062,0.08116496525882787,0.09165133090755657,0.11624718601478018,0.09312111985909478
0.11378731862842405,0.11059068545268468,0.10091320736932381,0.10360964504298842,0.07951814891788783,0.1261870531760496,0.05476057756427805,0.13649868469247511,0.17413467915588843
0.12113189741165098,0.0934919552768047,0.1295302821207405,0.1546120150948779,0.07437751425968946,0.07436700248741233,0.03817453117079367,0.2350075839892911,0.07930721818873933
0.13700155428841262,0.16392713449309526,0.12180064849335047,0.13243927491026372,0.08274443323589267,0.09157976807786795,0.056433092103620956,0.16263672832781342,0.05143736606968293
0.11575537369840493,0.09604697881225498,0.10114720458113619,0.09681516018548324,0.0697920159856498,0.09331567866589396,0.03378767864951585,0.3445098884895393,0.048830020932121854
0.13027635422975498,0.12314267965563103,0.12382393869773695,0.12583482375175845,0.07599377176962545,0.07323950643872115,0.13795582691073696,0.12274628086919574,0.08698681767683936
0.09411850511809022,0.07871437647984732,0.09404889902124001,0.07104027764495054,0.10878617089136859,0.06435291089197419,0.06394396848528523,0.13061978338969335,0.2943751080775506
0.12998149352970867,0.17817566158911902,0.12778000077736557,0.1421224365536051,0.10437931976909802,0.04084606121556855,0.09519696547063801,0.11130996679373951,0.07020809430115756
0.11898037662909948,0.09823403637888417,0.1255298279630099,0.12281529133025619,0.08589353434172566,0.13376379579069436,0.16751047937806676,0.04449934714780884,0.10277331104045466
0.1239874543785986,0.1144644033791316,0.12142848574406613,0.12830024897708767,0.10413099357286844,0.09806330573580911,0.05827455723981795,0.14032746266621832,0.11102308830640222
0.1220411313061227,0.1001045735154719,0.12843884751792475,0.13173955694636505,0.10798950070114359,0.14061954278910382,0.09919673837536759,0.08444021951757424,0.08542988933092649
0.11093303485693,0.1618583297019157,0.10851799786302319,0.14333720405877687,0.11109153971781338,0.02899129245408491,0.19037791516926764,0.12335670746863192,0.021535978709556463
0.1278501127546973,0.08730215101859323,0.11536235722407732,0.12333691818770641,0.06384394423826288,0.23797130888501802,0.09512692992204452,0.07748682571635139,0.07171945205324906
0.12626536631588212,0.0857401741474045,0.12847964618221744,0.12349962064515212,0.09687861245542828,0.13714250072007111,0.08203874543699191,0.13796031192824817,0.08199502216860433
0.1098998739219376,0.17865678458720521,0.10666967519358929,0.1319325313103926,0.09600953833470598,0.05764330926931236,0.04793673667111425,0.15186079860671134,0.11939075210503136
0.11992202997707385,0.08659717513518733,0.1342164860010703,0.10851851565343128,0.10461271984569154,0.051913657317511325,0.13921383458900452,0.18790241806564703,0.06710316341538282
0.12438566264188095,0.11767561962780998,0.10280866243510745,0.09049258280105528,0.11844339565325568,0.212414360244244,0.10091506774554244,0.11276187022881369,0.02010277862229058
0.13582744745208333,0.12259683578833906,0.12027198756800861,0.12987184569781465,0.09240558336753017,0.15293963699285826,0.08413521307692844,0.08230337657927907,0.07964807347715834
0.09966609122927839,0.07681556732749059,0.10496902983507439,0.15702374888704998,0.17715577887250192,0.05400613569619086,0.05422391897993886,0.2116852702162755,0.06445445895619956
0.11123337376446112,0.11729368928261837,0.10769141803234082,0.11081654298912813,0.05794083188488699,0.12244840649461623,0.07909366010159706,0.16040801045417452,0.13307406699617683
0.12024232081385601,0.09538304501642343,0.10415289436551799,0.08887538878472882,0.08994242204956542,0.22855167838343607,0.1682852556123807,0.06371126606865195,0.040855728905439474
0.09892342604684685,0.059236660656969885,0.12936575510379336,0.09489567348572892,0.04978430852523694,0.08293151834918275,0.02932235848897154,0.21740992944788648,0.2381303698953833
0.118695563463523,0.1243892929776389,0.14976803105847328,0.10602801681812213,0.12406892315752079,0.06451522639601476,0.036698581590448996,0.21180033353800978,0.06403603100024839
0.1282827457290651,0.095589037859789,0.14263888448996154,0.12328162733001606,0.10079190165181733,0.11567073864079253,0.07662275841170758,0.10951690854812295,0.10760539733872788
0.08182619858437536,0.09826797533420024,0.09808115985929929,0.07215367429630928,0.11008587435519905,0.0851053835619961,0.03707732174875098,0.12553460101340805,0.29186781124646166
0.12258878605165964,0.12732113263152423,0.14706442685479484,0.10347354409500381,0.13211992329155955,0.03355387738615346,0.052754133383850384,0.13690182649304405,0.14422234981241003
0.11090980131732638,0.10667906384316501,0.10400360629308862,0.12845987412263926,0.11435374429892364,0.12955224391264647,0.07510542295029034,0.10971857235902599,0.1212176709028943
0.13500541019568232,0.14820099604047776,0.18450780798272967,0.17513207647190066,0.09152097654091097,0.08236918148484541,0.07473804827492307,0.06977024743521053,0.03875525557331959
0.11480714690766214,0.10250676236664202,0.08013879198314128,0.09757533712100679,0.06996411382686855,0.14155360105498666,0.08070094296009067,0.13222303442854758,0.18053026935105432
0.12995425730819485,0.08743455603674534,0.09473719234586182,0.10652147014318021,0.09454217195478458,0.12465175872782562,0.1348055071657326,0.10195558528503408,0.12539750103264077
0.11234155270946423,0.11880405950490487,0.09825438930966106,0.10997800587091393,0.06603154266030327,0.06148187332617459,0.1490742168020448,0.13778236461249446,0.14625199520403884
0.08499602750825629,0.0669794375889032,0.08607954947905394,0.07228744335218522,0.061769590506055856,0.07785993906306418,0.10867166962701034,0.07928870796670806,0.36206763490876287
0.12383745303522271,0.10767300391313987,0.1527251913038424,0.1279501942683725,0.18304274596236347,0.056701332225981754,0.10188884214102693,0.12752895930739164,0.0186522778426588
0.1433982688752181,0.10295579875211443,0.1523957520511969,0.12708694320732072,0.12461812065041934,0.0736159882224464,0.04741340491358629,0.19291515177028173,0.035600571557416034
0.10188401175489963,0.06407411317380764,0.10020835662995885,0.1231231387442585,0.13764256296020128,0.167299775369493,0.08901135542890047,0.09712166564198099,0.11963502029649964
0.10804866362604663,0.12941422179771073,0.14132799194685197,0.11095872068704209,0.05956066207230792,0.07161136140485931,0.21450776023599716,0.11333767285327821,0.05123294537590606
0.13415264173718366,0.11194743847375548,0.10300608548472216,0.11909970092459869,0.10004359291621334,0.10377758606992006,0.07222111410348733,0.11038879216737872,0.1453630481227406
0.12040570546151998,0.11502808702938831,0.15161643517089385,0.15177863273733969,0.10369901610706624,0.04539607109074264,0.04723732113685968,0.1364354411607525,0.12840329010543713
0.11590337745675523,0.07702913081460115,0.11689834180636205,0.0909801803431015,0.0934873829047141,0.09146458105750788,0.16389111200671494,0.07315384959117074,0.17719204401907243
0.09901140338367415,0.05923214296707261,0.11059675747746535,0.07405531316517333,0.05544467124469715,0.08752442383053237,0.09725549175647101,0.12170040463935373,0.29517939153556033
0.1345191483953076,0.15372108084062233,0.14299773184049638,0.1502926922973381,0.054946001423376654,0.057835827858561034,0.1351112761064174,0.12366919989089893,0.04690704134698156
0.13113822804811406,0.09391560807911052,0.1545381960763232,0.15416739119896897,0.09177361370807298,0.08949727581990619,0.059778729927513465,0.1645853679539744,0.06060558918801623
0.09577275071180495,0.0818033752839225,0.10073859673538105,0.09405610115519442,0.07589013979144744,0.14518454467044484,0.20769946306400774,0.05534284257031332,0.1435121860174837
0.11554533113580827,0.11094811801749538,0.12269343804897648,0.11440664852504573,0.06960743643258054,0.16526839371662672,0.097595045349402,0.162253519734464,0.04168206903960087
0.1254068916178083,0.14444522134072982,0.1058437061360365,0.07762051779428719,0.09397311123091096,0.10031927805887171,0.07735239479768298,0.17680776901040796,0.09823111001326468
0.13177843447208384,0.10028461634209918,0.13358460125797228,0.10764884879348208,0.07837915583055406,0.10058081930248879,0.09101102016401191,0.12768935033274884,0.12904315350455897
0.11610740815899971,0.1108501206857489,0.10811102968706104,0.07391120330414003,0.06087269241553573,0.08253916095725292,0.020461683493389653,0.1903940010248002,0.23675270027307183
0.11762133111574803,0.08558554107524478,0.1283859094404847,0.1143793712381671,0.09353092100788159,0.16325527362661849,0.2354661338939025,0.029235851067094993,0.03253966753485784
0.1253329226595178,0.10666729748454053,0.08829144785208372,0.10620811661849851,0.13297609825161083,0.09365544232418682,0.05950357518320396,0.15820619528334243,0.12915890434301538
0.12984424021682794,0.14867152111138957,0.12002611353805688,0.15302550336446066,0.09505149861673638,0.07027221448491645,0.14456932489231114,0.10369324461148537,0.034846339163815604
0.11436407107794379,0.115791924271406,0.1330475856029307,0.12377720288463785,0.06654314462984413,0.08063147530514132,0.20736491471606136,0.09019120352993965,0.06828847798209514
0.13723922489640175,0.11670016032854202,0.11497889110796693,0.15826185548441798,0.045446966699316714,0.10771087502354375,0.08245175485028357,0.19365341845471104,0.0435568531548163
0.08656845062740803,0.13929121736271918,0.09343563843588822,0.11023714676046548,0.10940933161427206,0.04199594726763448,0.0934092934589944,0.09268465471804364,0.23296831975457447
0.11096310683940476,0.12134158717247268,0.11182023194213064,0.12204417477133038,0.0757004626032285,0.08689675660287847,0.25045898932270616,0.06218893013685748,0.05858576060899101
0.104960255989296,0.09749901829749023,0.1480255213133049,0.11627588814506172,0.06121689929408667,0.06943537846159457,0.1799692416149885,0.1029337266568325,0.11968407022734495
0.10814040230290452,0.08923453485243016,0.09649884127140734,0.1285009096890071,0.1267738094599792,0.08202381672451754,0.06261097313728688,0.25430386873019994,0.051912843832267276
0.11148034632923522,0.14330611965715248,0.11611040809720645,0.1294721701631292,0.08908862558942322,0.06221735360201166,0.10666119661691785,0.11807752273785688,0.12358625720706706
0.14041488913919273,0.09559167490329502,0.12900570020165555,0.12407553849410584,0.0722244612513176,0.06078026180755946,0.18020771901342317,0.098633577123781,0.09906617806566964
0.132960675720356,0.15930785964284408,0.12594511488392376,0.12089855698367753,0.09217156974310009,0.07356525530999586,0.07848825759088135,0.11895626709446057,0.09770644303076069
0.15283118788529912,0.1310939140483961,0.1551923536287351,0.16088790012987647,0.06008035278448259,0.04468870882684651,0.04678144644561765,0.19428405057216916,0.05416008567857744
0.12016938498477603,0.1037606864360497,0.10540113024027176,0.08619672075862674,0.13627501113880847,0.15571526383308815,0.053119606870102,0.13518187574231752,0.10418031999595961
0.08934563052874527,0.09326186908862306,0.11345668815770883,0.08652180408026883,0.09375724739795989,0.09318983389721218,0.06642470178290981,0.10724701969668728,0.2567952053698849
0.12160878416696318,0.1662385722907768,0.08428390787505086,0.13595433103438634,0.06730576029535819,0.05188111065037302,0.14777877175397594,0.1733696995660671,0.051579062367048616
0.11907952118938873,0.10422818665197316,0.11893051430061367,0.12222662034311155,0.11828024837986538,0.07809159003743263,0.09652441577999439,0.08956168267965343,0.15307722063796705
0.09757958853571765,0.10736196902482091,0.12763271473650165,0.10096093803350015,0.11728873895665098,0.08639139660704444,0.07343390203646215,0.09954978103535879,0.18980097103394325
0.11797495565772788,0.06535493032986123,0.1098072194779877,0.11488470817558499,0.08704599364430728,0.10456290642352388,0.1940627654394509,0.06271290826907845,0.14359361258247774
0.10719901015553247,0.23251195081874979,0.12719363970996753,0.09089106441408557,0.10728539061378956,0.05021811926005689,0.1614434590748555,0.10568942741257113,0.01756793854039146
0.12114105395032855,0.10154542299368986,0.1545451138890577,0.14713262303506622,0.10235917418315964,0.08517277379965826,0.16814321531585105,0.08910195045723301,0.030858672375955687
0.11659950492077677,0.08278229036342173,0.09025526708979227,0.12057130036699203,0.10073280410658392,0.0596122695280506,0.04251710947795701,0.3463623430603407,0.04056711108608487
0.15540556168531128,0.12442669914261932,0.1517485292866073,0.16538617281473714,0.08637659327563492,0.07543845817660161,0.09379818642000282,0.09910284834734882,0.0483169508511369
0.10757978580730239,0.17273327025485166,0.11257629543709907,0.09773101429691737,0.1056233306632195,0.06956301796176065,0.07887170824339523,0.2396699782059674,0.01565159912948665
0.12141552638710841,0.11238145604549259,0.10659831495270322,0.1258296433319146,0.07123722180527427,0.12812526423716394,0.11008668024407554,0.11771960899737932,0.10660628399888804
0.0880509768992301,0.14757189579369157,0.12665770015924085,0.09984608492338369,0.1032785461682606,0.04865037716834996,0.258637405968954,0.08935269531758534,0.03795431760130372
0.12240712087087824,0.12289742032350097,0.1071085927146143,0.12363680756899238,0.07414115354537958,0.09162112530840662,0.11641273117581526,0.21232463123977915,0.02945041725263343
0.09178818666104106,0.08851877384853112,0.11009544460820415,0.08850949034861157,0.12827323338974048,0.1292492520943948,0.0690215479166228,0.0856874623024943,0.20885660883035964
0.10481449122555825,0.1002025987444566,0.11031494366673407,0.08593020882256543,0.16812650824814865,0.1138028256266417,0.04113933582361615,0.15171252566469987,0.12395656217757926
0.08445767173307768,0.06298548169427858,0.059179841029434355,0.06990106071630722,0.04689558334850122,0.053972645353526444,0.023970717272843323,0.25336937343007754,0.34526762542195355
0.10301753614135174,0.12035216174100603,0.17541379162137294,0.09649086056362093,0.13008954002172204,0.12767685044389185,0.0881391940770324,0.06194792085640589,0.09687214453359623
0.1167198694871913,0.15099176093159614,0.11715383617415322,0.10145953418618525,0.10602678857135728,0.07724173697652406,0.06865922154578297,0.14257818263318783,0.1191690694940219
0.14100432216458222,0.10854237813993221,0.11311852201080032,0.10130436893094526,0.0953409076771826,0.08758353018317351,0.10755917605305755,0.19777589621202382,0.04777089862830248
0.09260365987210002,0.03860295545359488,0.07569261415755578,0.07561666189618499,0.07221784529242399,0.19120860297050188,0.12338723622960857,0.08816394206909554,0.24250648205893435
0.11292540737872586,0.19122493457260603,0.10413401401398305,0.11520752965139723,0.09701902027160342,0.03788565290299048,0.10590141737782406,0.10390880373889111,0.13179322009197872
0.15371106320654587,0.09126143859918057,0.13403618429437494,0.13772979402456006,0.11874959108752771,0.10608456627080672,0.07023847718901627,0.17636210444202105,0.011826780885966857
0.11158807270517634,0.08469608951205974,0.0910456105391404,0.0912864681339972,0.09342710290247509,0.1426183609364016,0.09363991752365912,0.1598408011308959,0.1318575766161946
0.09558117833343932,0.08669850778187188,0.09722830400501929,0.11136661128766955,0.10153795552545758,0.07070322899297617,0.14148555329881055,0.14687307928349388,0.1485255814912618
0.12394980253532355,0.15907009388964014,0.11964625621908132,0.1361830162950273,0.08146029431620098,0.08034007630251865,0.10633171468938994,0.13587353633883212,0.057145209413986146
0.11700591616695379,0.07422607086932508,0.08754974357553935,0.12352992774437112,0.10621029438069403,0.07249761941034476,0.11797540395704097,0.15123096672030809,0.1497740571754228
0.09938020723031449,0.07187446762439265,0.0936832104425449,0.11194254804304016,0.0853711687263884,0.07466347478676301,0.11418778255434847,0.17687041107679224,0.17202672951541573
0.1102850342823148,0.12608038281674772,0.10065086136543387,0.13701442985559675,0.06654808256541099,0.04387393106871462,0.19962899975249784,0.11951170521857159,0.0964065730747118
0.12041403612457384,0.08376112518633506,0.13733659266618678,0.11887732952388441,0.09090251516934855,0.18550762601753581,0.09022789527802592,0.06438194905185811,0.10859093098225148
0.12764971788355672,0.09455574672254984,0.10420499361750414,0.14349088744064828,0.07434695534001586,0.06850252446395956,0.10844601609050537,0.17737126775273637,0.10143189068852389
0.10433615956159566,0.11682748997493535,0.11695069435833394,0.08142556295538148,0.10334600655017358,0.10226913013692072,0.14020252091025678,0.11390115537963885,0.12074128017276368
0.11951869145572584,0.13749229118364092,0.1130647023516928,0.12716352086596813,0.11909356581702189,0.09150975925512299,0.16618653943293912,0.100884536431866,0.02508639320602235
0.12377799442468958,0.10368713864961104,0.10540644939177463,0.08163905665038032,0.2653774449377261,0.0810569147870983,0.0752383885974649,0.06658050659082837,0.09723610597042676
0.08632100162567852,0.060579801109913345,0.0626887301606045,0.05743336739040048,0.07134889416923192,0.20654828193906086,0.043721401315930074,0.11996373918068236,0.2913947831084979
0.12199533171122083,0.06766005721763907,0.09529866494560334,0.08719376264617096,0.11334235414631827,0.2678629311776392,0.08658915235437646,0.10395689576977159,0.05610085003126026
0.128997094871417,0.10235515485644921,0.13779817785378176,0.126116149407835,0.11897141923798073,0.09206874890229406,0.20793943139450452,0.05922955169046296,0.02652427178527471
0.09371845606024533,0.06401709132503088,0.08035900295621785,0.09490239721304168,0.09607098408691184,0.08207998821846861,0.0581551817317153,0.1260142580834192,0.30468264032494935
0.11824175245893102,0.11467728175487907,0.08667314960628604,0.08681889976775709,0.09348058261176434,0.20438248393550776,0.0804414526294442,0.10363271167401211,0.11165168556141832
0.11582423839162742,0.13514874623395934,0.12984155781510828,0.12557006476562918,0.06888697320697103,0.05459773354918158,0.08214517021588073,0.23431840991441266,0.05366710590722978
0.12445861243665567,0.10489636468524983,0.12716022702510177,0.09149997521464444,0.10438365836521547,0.11001859432192933,0.0902389770211534,0.10052099406311527,0.1468225968669348
0.12508083860012081,0.10640754475415792,0.12302818181936592,0.13299696338613456,0.06580510486503267,0.05785734904513811,0.09142256728062313,0.10618748658361754,0.1912139636658093
0.12514341653621186,0.10111251552119964,0.12044082878045265,0.1233383667481761,0.1617709296701171,0.10621657061317229,0.09189714960669935,0.09400492272293003,0.07607529980104101
0.10042275368149832,0.10101053977824725,0.09065986036949059,0.12211768798489692,0.051988758446080974,0.04187889960909965,0.0930822814687393,0.2625985235191322,0.13624069514281476
0.12215601724934187,0.14129232569809066,0.14722330720525403,0.14591577682121962,0.067082341594477,0.017686889759688545,0.12630948657869293,0.1914867165935794,0.04084713849965594
0.09649363066815386,0.09994856787229338,0.10094290072671024,0.0932517372973999,0.1756065721913104,0.1218508403073123,0.08448399945002193,0.11210372758201193,0.11531802390478611
0.08922807907577801,0.10246031033374982,0.08930842018986755,0.08491782295726898,0.09236646157740032,0.07620010612255931,0.09257052117320637,0.107293184468449,0.26565509410172056
0.10282583100388376,0.05809354173189765,0.1046127197516231,0.11088230259222324,0.09110121661359266,0.08029701186791928,0.0686981545955037,0.07783776394178889,0.3056514579015677
0.11831433452515067,0.09400027777974905,0.12329179549072589,0.13470019470111708,0.06922664669107047,0.08407518952956021,0.059481495586986455,0.08004727441205038,0.2368627912835898
0.11792636103968061,0.10871723120716233,0.11782625775195761,0.12243478990493033,0.08152752388168674,0.08390463491946272,0.11403557775357687,0.06791588946234953,0.18571173407919336
0.125941197812825,0.09415459513427886,0.11631243911818927,0.10508620346076063,0.057049686291182546,0.08205267712007584,0.07794665419248455,0.09603848315717863,0.24541806371302466
0.10204779462572229,0.052961970107205235,0.11208201535073888,0.09825215164484392,0.09011836923115729,0.12208220684954207,0.07013990187016143,0.1117322908243852,0.24058329949624369
0.11963634170878656,0.11853935322619853,0.1877478982876978,0.1152064011971607,0.07573047132907212,0.07419956398208329,0.045932346533196146,0.18014151070863896,0.08286611302716577
0.12138763084762498,0.0955127277167276,0.08784329435380515,0.14334025513895732,0.09517040461657554,0.1261385684405596,0.1768663397990763,0.07809804049808373,0.07564273858858983
0.09898185611486811,0.06916735696315617,0.08937801212693013,0.12801334056238742,0.06522149178945484,0.07729007587432386,0.07378432001627577,0.13729396142196235,0.2608695851306413
0.11699166088533754,0.13857094059452965,0.12513353094784888,0.10215101786496139,0.0861093651818905,0.10921245544060008,0.16619589795309597,0.09875542469578091,0.0568797064359551
0.1180396596953985,0.07932862175349802,0.117522091744523,0.1204691113421228,0.1206533248048961,0.15202465429347467,0.12436162553302747,0.1269466079364218,0.040654302896637635
0.10372434975207019,0.13653321620567993,0.09809755109451325,0.11955268663705283,0.11240870726447277,0.026348858970960787,0.10340305828573676,0.15699805152087945,0.142933520268634
0.1264251300530691,0.09621571380236145,0.11860012035323815,0.11616116128220462,0.08511039832795621,0.18337105081853242,0.11293158194614601,0.10468291514987554,0.05650192826661648
0.11412456794744574,0.09076689576640352,0.12005101564623659,0.11377544601215146,0.12745612648035845,0.1232957043603976,0.1527403761256603,0.08355923683583301,0.07423063082551326
0.11093838236321296,0.08353304988134969,0.09189093502817207,0.0893755138405844,0.08222261868902526,0.19320884564403087,0.1022182447081434,0.12689870280717974,0.11971370703830164
0.12098173073829083,0.09283551962106314,0.08635901626347724,0.09124877158842952,0.09680548184767583,0.2837604261023327,0.0878682500451244,0.10306573819068922,0.03707506560291713
0.11106799531529743,0.06147727035263467,0.09189284902853938,0.09802000688445356,0.16720401873611876,0.1260887289317383,0.17503010692464524,0.06229899307710882,0.10692003074946388
0.11856313164744821,0.12471021201925596,0.14344290948259425,0.1305792700438514,0.0890086276715798,0.08992648283304235,0.2223356738164363,0.04593871456045534,0.03549497792533638
0.12461020370290236,0.11936200850032802,0.117125710114883,0.09028051165787143,0.06710697034062275,0.13396413344258684,0.0424730265368602,0.2141742359456995,0.09090319975824583
0.10951832456374376,0.0707181527779783,0.10262312836775711,0.10794169204337557,0.1324000839820917,0.13536499268140756,0.17106971090487044,0.06363901459837719,0.10672490008039835
0.13263083007762771,0.10355468130536537,0.1319230602095585,0.15732527183347653,0.05277580860883007,0.08691133714385513,0.11403202574789713,0.13669798036062994,0.08414900471275966
0.15125255121477188,0.12034161714942622,0.11431136077873709,0.1272367048837062,0.08372984347055179,0.1255726899921897,0.08663686824040773,0.1331743298016267,0.05774403446858265
0.11661243456991721,0.17399662935304228,0.13670485732606819,0.12268162650719037,0.12921667759975053,0.05959215163567092,0.13750540999664576,0.08252410485101477,0.041166108160699995
0.11831006980919541,0.16759663208162282,0.10829849814225341,0.13482070908748073,0.0777756437143225,0.08867414642949918,0.10605953986529824,0.17493295902062747,0.023531801849700176
0.07807485589091716,0.08376006848161709,0.11363744350801168,0.09727510901334806,0.05029081996714629,0.019456358358962766,0.0653324096426573,0.23919153769134494,0.25298139744599485
0.1070260954768318,0.061732946064628424,0.09161778520858554,0.07582755658018425,0.09171298464333483,0.0868699628748072,0.06025772813759848,0.12018041647473081,0.3047745245392987
0.1280831758783678,0.08657557210803579,0.11110771218416156,0.12339516731072424,0.0705349455135489,0.06953548207568255,0.05663368967159756,0.1190521470823175,0.23508210817556416
