0.12752031988046586,0.1421316080272373,0.08860345603531761,0.12425549909816742,0.10583656420214525,0.12435363709181192,0.0328528576708229,0.11748497625616394,0.13696108173786778
0.1127117948004356,0.07364506197960516,0.09263253934865656,0.0838444476285282,0.08602319460384922,0.09670323903888826,0.1606429268623449,0.18962703510450493,0.10416976063318716
0.11866929336198447,0.1573140291571094,0.1500146321629369,0.055575725574867736,0.10804857380054915,0.06223263259723246,0.09402061528020378,0.13333465347766052,0.12078984458745555
0.086893740466631,0.05267487437518154,0.04718221345374551,0.05856194993443973,0.10267101851207656,0.04480687172871112,0.36545341971179646,0.15873489554637535,0.08302101627104287
0.12987676805385093,0.1018192317944276,0.12297280939320344,0.10346725404594592,0.12905940172493938,0.1127913509875057,0.06766915867314423,0.10864231794791661,0.12370170737906612
0.111718355002631,0.12209763269899114,0.18662720354198362,0.09134478422860108,0.10502628527309847,0.16109511080185765,0.01560170519772273,0.09676056693978091,0.10972835631533344
0.10013691603977047,0.12183907792858391,0.06628922255178993,0.1409237053738205,0.10736143980525197,0.2617224591551726,0.009697779398449924,0.08387281936324738,0.1081565803839133
0.10992058755140773,0.09823421939287101,0.11971037535920677,0.07858986543556663,0.16704366184475283,0.02955489801578015,0.123708957753913,0.1535303159042634,0.1197071187422385
0.10493432303736028,0.11784360309311404,0.07285654179253694,0.1150810583141722,0.06128097212820254,0.26603589973296965,0.043352942141660765,0.10028318915884053,0.11833147060114313
0.1197366236455179,0.09272345164704972,0.13610603019679654,0.08694367513860134,0.1421709096485487,0.14764113176331348,0.026917961334767353,0.11927044681846148,0.12848976980694352
0.1506865475428851,0.11582409323468484,0.10825978859867223,0.11238419215506378,0.1265542723509602,0.051621489207941594,0.07042599845376905,0.13114950350087382,0.13309411495514936
0.12607914787282137,0.11545977970864758,0.11551687282237581,0.08097835802001395,0.1311992548623717,0.09114922980441846,0.0808709117443654,0.11671164482301195,0.14203480034197372
0.09396632419792521,0.12927670372347558,0.11645569108072858,0.14175060832643704,0.08116187020697989,0.1996988169574029,0.01782590041673331,0.11618143637555438,0.10368264871476307
0.10041924542680476,0.09356345407550275,0.13145891714728322,0.1148910610053413,0.07778518686575076,0.03585560397178,0.1590413183959155,0.17953997127192511,0.10744524183969657
0.11426444646497806,0.12487854224782034,0.07164811151667239,0.12799261963177685,0.15620760979383932,0.12508695897041602,0.029867894066175876,0.12237721175462041,0.12767660555370067
0.13040267132767594,0.13675367819230425,0.1211857094827929,0.09394867508611508,0.09774936077529689,0.08842143236696677,0.0663417237046899,0.14040589040614007,0.1247908586580181
0.09653230222317292,0.17505881495178244,0.1710444341439116,0.18005536303734448,0.0812238815388657,0.0878274088670289,0.003760475402763552,0.10046186459780014,0.10403545523733027
0.09003456807944672,0.24937331846590394,0.1132232162360816,0.11559596999178172,0.09682153376525121,0.11240257246030054,0.007665236339767508,0.10785370934973604,0.10702987531173079
0.10104206045687468,0.1477695207326979,0.15475435137438315,0.14213325019766035,0.12771528467141055,0.05710904203058889,0.03268743231649595,0.12067166280901453,0.11611739541087403
0.103169613554083,0.058801096081357564,0.05082055579708822,0.12179040519322792,0.0715190260138139,0.2533718184641562,0.1636290176787146,0.08664131669410019,0.09025715052345847
0.11882111663456774,0.0941912780436814,0.1049411837571169,0.07211926174576405,0.13483102288158755,0.07486924763742621,0.15521270256110034,0.10831381986093457,0.13670036687782125
0.08470892436254923,0.05988406362530937,0.05509787018127147,0.08439811719936034,0.15055753696310079,0.057741039038626096,0.27963173191797563,0.12607996000464863,0.10190075670715831
0.13346514974987125,0.09209320558347117,0.08181378325798455,0.13430678718788827,0.1246708352432897,0.12630697694274354,0.06547438296078807,0.12455984101339525,0.11730903806056829
0.11949962775789243,0.09168471326727484,0.12471718833723693,0.05774005204526963,0.11020473843967936,0.11354198219910971,0.1732280013555525,0.10461597498332477,0.1047677216146598
0.10324199322608842,0.07897378767651855,0.07439161815038013,0.08948891805029997,0.16118773349903637,0.058722929916884985,0.24221289488989953,0.08822354727817834,0.10355657731271373
0.09049014067604337,0.19418517783795405,0.08958735142911435,0.1547880944383365,0.07437533380806073,0.11432477599955233,0.048094948930111354,0.13077128319740675,0.10338289368342062
0.1273193937174282,0.0902227379411175,0.19925292761232063,0.049999255565103456,0.09824821082336295,0.041196320205760716,0.07603642266334158,0.1960037437555567,0.12172098771600831
0.11225057649234334,0.09057460789071788,0.1476644156623381,0.08300637766606363,0.15199599208016823,0.1227060574998348,0.020360841325517267,0.15912391993820374,0.112317211444813
0.10804319558280517,0.10798766043733278,0.12499353542345125,0.07263947938747134,0.14795852544785915,0.19054130359790275,0.021553132716604435,0.12472862930308493,0.10155453810348825
0.11011878330494196,0.11216855861294421,0.0955138164981435,0.0921816184042824,0.15129839757793537,0.14863711220706868,0.022372511480247364,0.1393323164987524,0.12837688541568415
0.12426106214084691,0.17405689853911607,0.0945699428266335,0.09206663834555136,0.11598010873960908,0.11053797756285877,0.018961111920658646,0.13415578881544246,0.1354104711092832
0.10757053132651516,0.14701735833251128,0.1334941191393416,0.08389330744316907,0.11030581304412874,0.147000489520094,0.04181368737721459,0.10999227041647473,0.11891242340055079
0.09356693889490762,0.10112437132143652,0.08351268253669301,0.07152672499159723,0.14951297866364363,0.06314564121370857,0.1695039082165415,0.15615543688793368,0.11195131727353823
0.09770486457210309,0.11551918659838593,0.09011827376947569,0.0798441690675855,0.14123408947489346,0.24759640760775295,0.0163819043398893,0.10300849551502429,0.10859260905488982
0.10691541609811413,0.16093542491172105,0.12608618226617366,0.0866474202220086,0.14519169035085103,0.08614005386674721,0.022478766866834057,0.15406101912461043,0.11154402629293976
0.09592295142152833,0.15660989312626264,0.121257026953966,0.11055126191497354,0.07857554505003457,0.1694218424938511,0.020919759109400582,0.1261632683845155,0.12057845154546776
0.13331477820642232,0.11177080974836302,0.08194990671083568,0.10574728858811093,0.112310582989037,0.18289701255084048,0.07099903964030763,0.0933909855952529,0.1076195959708301
0.1123452616067736,0.07278320403340131,0.10780003858335045,0.09621638237590542,0.11701705128640244,0.04323931314534104,0.1918180293602972,0.15457560786081065,0.10420511174771784
0.12172752597348378,0.11728025422017714,0.12022810132766608,0.10655636050693966,0.1153248328713199,0.07424016327573832,0.10509685817693408,0.12337485825849163,0.11617104538924944
0.12537360202864964,0.14025799163813935,0.059928522776055815,0.09271205986644045,0.09618570897618577,0.2462357619620342,0.02197020264625769,0.09614046785106121,0.12119568225517596
0.15169411650210388,0.06526074916707779,0.10559927640836664,0.10532706899689126,0.13322404727614356,0.09178710968422847,0.11233076907001184,0.11302298163299664,0.12175388126217995
0.1308464314742216,0.08091203148248131,0.17015771470894203,0.16848614231510173,0.08529058828747221,0.09801710985690511,0.02793340531056003,0.13054241965996685,0.10781415690434916
0.11939398896065123,0.11536659151096262,0.1014708702857346,0.061251428899734284,0.16285343210737235,0.05795374708706541,0.14502283731575505,0.12306743415085843,0.11361966968186603
0.10486226867980546,0.07142889246392835,0.09217772454332608,0.06139903946370793,0.146236199144089,0.0629396607182449,0.15315336193517703,0.1978852441546967,0.10991760889702451
0.08803356528658897,0.1280489890538086,0.1338451493868465,0.10714339932142829,0.09128611969329152,0.11692348157539861,0.05911033071232181,0.1789080675709455,0.09670089739937016
0.12375510140775474,0.0935129434244149,0.1167950387992321,0.058587303009665824,0.20678848195089264,0.055588669890029835,0.058184126463328954,0.1558908617394049,0.13089747331527615
0.09742913858490497,0.11268831638810678,0.11450068264343816,0.11971422784797854,0.1372534578207637,0.08365321819499416,0.07913452310369608,0.14387448759694163,0.11175194781917601
0.12043003176261637,0.04477754529258204,0.04390802712075323,0.06018239749383001,0.11045172076355819,0.42245936003193996,0.019112763703282746,0.08397153554802174,0.09470661828341566
0.09225289328690929,0.1040892132925844,0.08702960695832718,0.10415165482493897,0.15520406725955052,0.05559192265273267,0.12350814527456404,0.18657792033882223,0.09159457611157067
0.10174222746984524,0.16849953662202358,0.0928185115995875,0.1324106353864082,0.1229391436535708,0.14749724099422368,0.005048045541326435,0.1153301721625077,0.11371448657050692
0.13338336229832695,0.10391734416716464,0.12468979292128894,0.06745220842786669,0.1501646444271952,0.08852014235154343,0.0420187921325732,0.16625930446851442,0.12359440880552632
0.144461994101186,0.09393794606678331,0.08238635567112941,0.09755548649435097,0.1628214310294169,0.05845934192649585,0.07758405797754947,0.15452840230917841,0.12826498442390974
0.09284573977827136,0.11754146765669175,0.0682892006258562,0.14462574024191602,0.11796173615578782,0.24986554230480343,0.024821783471391332,0.08130898459792825,0.1027398051673538
0.11918623246480954,0.0917218228416274,0.07345567909831942,0.08987700402373333,0.08576264878252247,0.06205008322483685,0.1628392215424369,0.19976415828457353,0.11534314973714048
0.14531269819774575,0.10153485988827869,0.1014495013389286,0.10372116534915587,0.09489203311234078,0.08658931502595707,0.12517940808730277,0.11978539440864344,0.12153562459164712
0.1067363886989756,0.11261395288476626,0.10986173966199653,0.12119611156593398,0.1002825890204563,0.1706504238048175,0.06234398502600481,0.10291319357383562,0.11340161576321343
0.10412998376391114,0.10382546885721826,0.11942048079194678,0.08716553686061777,0.19105830347938113,0.092699097005515,0.055900395237612775,0.10509345335494946,0.14070728064884766
0.11364962395784883,0.075868146844478,0.08556358113428382,0.08039883477113902,0.18438166892086502,0.03534195914419919,0.16904282795724593,0.14958084637509536,0.10617251089484488
0.08911461347920525,0.207882370948738,0.09119126834865403,0.0524088297042578,0.138305278594095,0.06687640712145677,0.045354804725618404,0.20307346919338976,0.10579295788458493
0.10051467085955862,0.11004673601801611,0.09518952717176833,0.13582359372657493,0.13461236778706084,0.13975409462852506,0.03480533865452661,0.13281433101696846,0.11643934013700108
0.12293578394194209,0.13144875811029377,0.12577859636956512,0.08391774707544454,0.12423441929583422,0.09315619844245977,0.020350233150868115,0.16402856952814648,0.13414969408544586
0.0962887976142201,0.0907906888472026,0.08834107435064242,0.10656510928417602,0.05349356534732769,0.1110145090280894,0.19571984079590843,0.1636225464793374,0.09416386825309586
0.11559049335858951,0.11611290439677058,0.07956319598872254,0.09981512248456458,0.08413170636876298,0.24154767037205546,0.04506481273088511,0.09884638009098384,0.11932771420866539
0.09022379388518388,0.16795737163621985,0.0895188818166176,0.08513872790430817,0.09176575239723468,0.2501976384293925,0.014310724959186344,0.10777241522393832,0.10311469374791855
0.11537709258674435,0.14054897882968023,0.06351034878961442,0.1068470380616741,0.13756228658543687,0.1999073350819469,0.005215580305948373,0.10589525672550831,0.1251360830334464
0.10144278178525229,0.1877371351419774,0.11155329167091814,0.07845091996414977,0.11761793326026652,0.13820512157731646,0.04373517631250564,0.09670053240731463,0.12455710788029915
0.09600692081663675,0.11071741380436356,0.08650958322939843,0.10845660783898074,0.08121016312551076,0.09502627058247996,0.18671007149331917,0.12759295944128954,0.10777000966802115
0.1334243206903158,0.10645908663134994,0.12642905853295874,0.11643400959878625,0.07301998621126367,0.10983775283662596,0.05251304443033963,0.13890096714037828,0.1429817739279817
0.1084010223877402,0.14592911078974116,0.13095229688066334,0.08677013391931881,0.11555034151791804,0.15821351847023035,0.03965296912521068,0.09861435433277609,0.1159162525764013
0.1235371030238488,0.1061690177891355,0.14432423222750815,0.09824658077711795,0.10565010338546366,0.07746331685312435,0.07855252761214361,0.14837581593492058,0.11768130239673737
0.1122809244944276,0.14651443653023508,0.12497195000121798,0.12128069444433019,0.11976063381025444,0.11651245565141492,0.012718142426050816,0.12243540789463479,0.1235253547474341
0.11748433563843876,0.15322745907564897,0.0881841084433976,0.11626049177189175,0.07182866941236933,0.09268904382809147,0.09716123180227566,0.13236543820383592,0.1307992218240506
0.1281695629410647,0.09612210592758763,0.12803894196720414,0.10334417117308807,0.12246034654272685,0.06764964887080234,0.09534640339228395,0.13297016469023606,0.12589865449500628
0.11998293611585877,0.15190545950277953,0.08499744178431712,0.08439984386866801,0.15431522341104786,0.04890973740100383,0.051192578047060754,0.17152026417065092,0.13277651569861318
0.10776419274079137,0.08330935998309735,0.07669701445205675,0.10139354326913202,0.12522164742680503,0.24390969406287677,0.03193254376009504,0.11872623925626564,0.11104576504888002
0.10228903628453073,0.12592561634633306,0.10705451346167873,0.09983818530420226,0.1471283896681242,0.1202950824376607,0.03941274609853788,0.14457428869479647,0.113482141704136
0.1048002528423115,0.14508748238766117,0.09106920207297031,0.10216222927199566,0.07509132510456033,0.2306742371226287,0.01937974610709449,0.10250713332429134,0.12922839176648646
0.13539346755380996,0.10024559071694478,0.06804287829952706,0.06701782881212902,0.15315028871191813,0.08176010856482574,0.1352874657650487,0.13124915913158594,0.12785321244421063
0.09627739387435978,0.21516437543931374,0.09864803568592546,0.08437059978008292,0.12255789810039415,0.1364367841198262,0.04792684821835267,0.09939281099389981,0.09922525378784525
0.12730592615371214,0.09524672258739024,0.1553276489208875,0.08035425796252703,0.07748262319921788,0.10202596752850147,0.07364788346175942,0.16326748815882505,0.1253414820271793
0.10016412812809546,0.0795712356028283,0.08445630662343051,0.13217856457008406,0.1009218851848568,0.1996638042768731,0.1174824293064634,0.09073152483648968,0.09483012147087871
0.10007916077057781,0.1594008757479914,0.09144754421652967,0.09189581734608421,0.10018968075567182,0.1840076721397351,0.015032784817728557,0.1593721958247227,0.09857426838095872
0.09938453369859358,0.05895198817015462,0.09562989536195739,0.10593849389059695,0.07317718997721667,0.1658273544921185,0.21380060610999252,0.09293120713414771,0.09435873116522192
0.11937760143838176,0.15915099128368326,0.06911505334763217,0.09098885357293618,0.11035860900111145,0.07596507576594848,0.1298612269899072,0.11152831161592253,0.13365427698447688
0.09627091594124977,0.14677352589629292,0.1473435727376867,0.0985027899360566,0.09420309357296598,0.18649953082371537,0.007020408919895779,0.11593776460713551,0.1074483975650014
0.11024543177472929,0.15332380768406637,0.11301344030844351,0.10126873305881869,0.18226902625644067,0.12138852159363776,0.01827727765196208,0.09545278625139601,0.10476097542050568
0.10162650171373484,0.11910692444367665,0.07862115383498729,0.09488221698939904,0.09547571571812992,0.07551829228423533,0.2580025396898958,0.07551681220688251,0.10124984311905845
0.1137122490559427,0.10630909144329366,0.09869609722332928,0.08458967205328084,0.1342323707910835,0.15490660275529777,0.06755407183415853,0.11329356353593038,0.12670628130768338
0.10787351759248916,0.10570440154720973,0.10976525717908008,0.09998879967091238,0.09655882653712622,0.18944618905393032,0.08699454533506805,0.09337325645406148,0.1102952066301226
0.11872112304140037,0.11810579275373013,0.1417843965720567,0.10499832700982344,0.14910517692053682,0.1312998925688217,0.03924738940361384,0.08577078283865637,0.11096711889136064
0.10543495012348014,0.07751515998010165,0.1545232510505959,0.08208864906478702,0.10233929673756585,0.16036348956761046,0.05626254449912268,0.16088367561187894,0.1005889833648574
0.12342826938574158,0.0950804169142369,0.12332578734157656,0.08571927599078187,0.13140916509213213,0.1044107056453318,0.08966312530597766,0.13069567434200838,0.1162675799822131
0.08492450387212247,0.063804979846037,0.09172853475659966,0.08204068780341116,0.10056423678043518,0.052132465235002895,0.27403491191183105,0.1672273062758718,0.08354237351868887
0.10534772002074709,0.101938523579177,0.04962499944297646,0.16088115127309405,0.09872772642821849,0.18438193599297703,0.0695056690291133,0.11927570952225884,0.11031656471143786
0.10760694181786568,0.14236010521868356,0.2172917090057264,0.08962817196939277,0.06872308636789355,0.14248814823796793,0.007814691404513225,0.11792673222522891,0.106160413752728
0.1295129993941,0.1669470559376338,0.0687588722761173,0.14413080855353955,0.1411910515518553,0.12793442800922336,0.017361845585682264,0.08170605741830424,0.12245688127354415
0.11719971604837376,0.18945245600226593,0.11752427102415143,0.08693032962799158,0.1368202594434814,0.09320823855090225,0.020137004952708832,0.1161224756835761,0.1226052486665487
0.10264700952448545,0.10207407496644423,0.09576713347206532,0.08447231389434134,0.08951320554640348,0.06189491979081815,0.27538396408877996,0.08923142306351804,0.09901595565314401
0.13098004353420792,0.07933204747494078,0.05940798397253969,0.07384433836744811,0.20549654685502028,0.13899844577810833,0.06595783056649375,0.12164180507046296,0.12434095838077812
0.11317999944736344,0.08287061455505267,0.07067193171295534,0.07758662826854547,0.12832452395802438,0.06173192575853001,0.2531988990326189,0.10758766088975195,0.10484781637715783
0.0894505559741493,0.06250659274932524,0.06567277312080633,0.12540657791168017,0.09122720745942374,0.12502803508482294,0.243927124492197,0.11138845444393371,0.08539267876366154
0.10712652017795771,0.12206214614452321,0.13379038665655948,0.12897902329745242,0.11221261986396454,0.06716611398566695,0.09181655969453574,0.12448090471311839,0.11236572546622148
0.10138023372459927,0.1430763820890191,0.19952038116714557,0.1255285642807448,0.06789126707446559,0.11430271493284677,0.014710220171759289,0.13803152321690856,0.09555871334251097
0.1411481299136237,0.12809325675878155,0.16976076313397925,0.14143911173968962,0.06481557173981865,0.08637192043614501,0.03265732894728878,0.12019945493732363,0.11551446239334978
0.10819617640317603,0.12702266558940717,0.11549827345545,0.08681180827634451,0.11871608102941744,0.2037469355537227,0.02258306435716069,0.10567170477111916,0.11175329056420229
0.11325130590780891,0.06688661676007353,0.08146901075413869,0.06993213487192541,0.14811082916361476,0.1048869736320998,0.2286356217773513,0.0827811088709315,0.1040463982620561
0.1270321028137045,0.12017791594949,0.07290618655091426,0.11018687917824,0.1115414940979751,0.0792741292720145,0.14077139923688375,0.129576643721487,0.10853324917929086
0.11100503323497195,0.09376768455015437,0.0791026926044069,0.1122789323869573,0.07020461308884916,0.1810946695814133,0.09031348732753726,0.15748860878901025,0.10474427843669958
0.12279483023541247,0.11854734322186918,0.0867817536194837,0.09118063180968082,0.1403884874430065,0.09945624595787451,0.07893750029650758,0.14120446671458245,0.12070874070158273
0.08707094116249038,0.06921700346492356,0.04951122906031922,0.081760544638685,0.07964564672971526,0.049713638169118966,0.3654190386432658,0.12912455588800795,0.0885374022434739
0.09985596062557277,0.17614182126674682,0.11560298965620182,0.09880343424575085,0.1078286547098319,0.06541891007393322,0.1004756904634736,0.13565087146216112,0.10022166749632784
0.10921274752296091,0.11020231991689806,0.12945530432323946,0.08500139238651787,0.12883634881319017,0.16512999263588446,0.05029293566823035,0.10033094435054794,0.12153801438253072
0.09816157868152432,0.10852147381789579,0.08139640183191771,0.09739177166763746,0.1027659129337115,0.1564943498352622,0.11111244955927442,0.13546122420326437,0.10869483746951224
0.12696051044979603,0.10201841578036097,0.05531574747902205,0.11589972228095846,0.10999080095647863,0.2508312168210896,0.035395109115197915,0.09143520764618517,0.11215326947091107
0.09231101022667988,0.10953531031613174,0.07469870839480804,0.11905569563760932,0.06674140565378443,0.17117193573564557,0.15725704305099406,0.10764667814139528,0.1015822128429517
0.13220799013169013,0.09480687527656746,0.18793985507172792,0.06428868006000125,0.09289679460696272,0.07958310043813298,0.05368300484299343,0.17223587094789636,0.12235782862402773
