0.14154821060889444,0.06747632436955901,0.01728259758647811,0.10197990607398862,0.05326755270423474,0.1815878710341827,0.06303828534964498,0.22380526456183836,0.1500139877111791
0.1280207681910494,0.10603284445678329,0.054925405913244636,0.11106600255065759,0.1581226191156024,0.05932410345335529,0.04040018274420115,0.23004929471206612,0.11205877886304007
0.1471840996607241,0.1081088413365248,0.14678092682718039,0.1079617756209762,0.08730677182256201,0.12074750983404763,0.0769478975902821,0.10322753078815737,0.10173464651954535
0.09624163289274092,0.1778759696889792,0.08293490837886226,0.11368695693217719,0.07848773267516691,0.13290707846562078,0.040775961477715096,0.18687218688482554,0.09021757260391218
0.2216450548632457,0.17411400614012984,0.05339641841770402,0.1203789478718909,0.05886809393386689,0.09557712050775545,0.0084142873619654,0.10948699308454286,0.15811907781889883
0.05481724084340687,0.10233069901886456,0.03974531331955592,0.09363684391772227,0.039482850458956345,0.07868109506061824,0.4052106533678363,0.09581757691983998,0.09027772709319952
0.09590597822833398,0.06295968668728295,0.028524349590969073,0.10882015410392994,0.04978295079292469,0.1493096687948656,0.3646045026917606,0.04010246738193982,0.09999024172799335
0.11041879734772758,0.056042880767981286,0.017472841641388865,0.10525939347377032,0.07334662596704955,0.06867235560770707,0.0715660875030427,0.34878787088214985,0.14843314680918265
0.2680436341216887,0.12530953358056945,0.026557533543398015,0.1283096795451699,0.07147449257387262,0.15050038049303158,0.02769786457940822,0.08891482620347972,0.11319205535938177
0.05063748904288592,0.05002045647577665,0.03056931775702464,0.09463959638606263,0.061435919975063674,0.06364795668967678,0.23019059267547126,0.32387352601051217,0.09498514498752636
0.07655783712517777,0.18897438196047425,0.035023808376748386,0.11476194473530084,0.07443887610785176,0.10481407990759072,0.24535837712912534,0.07106025262964565,0.0890104420280853
0.09425310767815603,0.075435735603261,0.045498481442198944,0.11254267371850878,0.05248061006916215,0.08586574393287766,0.2526603928686058,0.18532269206021598,0.09594056262701367
0.11721170933458575,0.09446215180413657,0.09480158047871855,0.11649040187848465,0.09544831515931025,0.1736740767010975,0.15952678106398302,0.032548220465398875,0.11583676311428481
0.11486603855548089,0.10254559422137627,0.1517814031250612,0.11860721961048537,0.06929318284628566,0.10124884118208405,0.13656791794104584,0.070426777670617,0.13466302484756373
0.10625843053852972,0.04409478601488063,0.040597894681190266,0.1218752366575505,0.19161957466478965,0.13864655529849698,0.03736057695432773,0.17756992403615726,0.1419770211540772
0.05505998460565254,0.09655553251082231,0.03739276718798943,0.09622072127442582,0.05117137456837142,0.07537612682694773,0.43355309922636626,0.06472499305708344,0.08994540074234109
0.15624042514278377,0.13846597571306304,0.026475616449912878,0.13046852664851483,0.06970094341894033,0.1561621382251979,0.18591796785152984,0.026587931574671958,0.10998047497538553
0.14075995405137226,0.08352073405290733,0.023054259300648024,0.09419539840683701,0.03798751547661458,0.26151291756243183,0.19021733943802258,0.0681913450288289,0.10056053668233751
0.1670881231150301,0.14321851744413192,0.055253406927127234,0.1350208476299192,0.058847650327105004,0.06724187356540547,0.12210284108238921,0.10890404382880026,0.14232269608009154
0.06936142615208014,0.12226396609327929,0.34373131318827577,0.1050483297701462,0.055424436017744515,0.06359405051092198,0.018528130660964284,0.13139550761693297,0.09065283998965483
0.08151328261101777,0.1162703646201877,0.4189651598786924,0.08834093488016088,0.060566014859356844,0.0408128017620242,0.03171611005107683,0.06678080690031139,0.09503452443717193
0.09491504711422533,0.11820036037922442,0.02063800257964926,0.11373878110785866,0.05225989697199309,0.09604072646026783,0.2846629117908986,0.056070734805846116,0.16347353879003676
0.1046479656848196,0.09040945740527591,0.13695134930732858,0.09366954958965795,0.06915716614797819,0.05829133023981025,0.027076861329198867,0.2831021846647326,0.13669413563119812
0.0760254307253493,0.09844480440052526,0.02842404077052467,0.09787248806762157,0.045689911483664164,0.07315150039886077,0.3928077277286761,0.09401942505492507,0.09356467136985312
0.1337359013303814,0.052784402707017265,0.018692943550174347,0.09032140998351877,0.11165616814245481,0.2106516440709315,0.22953639580539553,0.06118387482308515,0.09143725958704119
0.1484665723933317,0.0908114738709462,0.06674655252879891,0.13272558495068187,0.06606249624117129,0.11773961264939777,0.19462560121852282,0.06577986375633335,0.11704224239081605
0.062327958800434236,0.08580267713066043,0.019720000486582377,0.1255815602235815,0.05573292804986752,0.17215994608140964,0.3201598368637198,0.08246966253551179,0.07604542982823263
0.05833762787375252,0.12887721506065317,0.4825070924839614,0.09963820574710668,0.03825615169204673,0.025710207815821725,0.014079568798514871,0.05209598978318436,0.10049794074495862
0.14606967213312616,0.1442563349452979,0.02314263197131364,0.12486600439238182,0.06699894813232897,0.1475053065877968,0.16959854033364394,0.0651149219543412,0.11244763954976955
0.096696299454063,0.07375983604329979,0.054815559850677986,0.10535983187277308,0.04634826059435323,0.08588066078259143,0.3944681798334833,0.036663261900620144,0.10600810966813785
0.0769101709168357,0.09099780686008985,0.07263199744999438,0.10951243829107055,0.05794863188336378,0.06829001038233086,0.10248699541968996,0.2944684031335644,0.12675354566306052
0.1467673840018944,0.04496203986796549,0.10142597664876475,0.11670638031899638,0.13744976522722646,0.19114081489108692,0.012689788762488177,0.05362670472612501,0.19523114555545243
0.046638554089405045,0.11426748537767244,0.4203281768193028,0.08499020903118466,0.056824992681274056,0.02695761173181094,0.05170899132837783,0.10034778923807763,0.09793618970289453
0.08881505030600136,0.10470119854309023,0.03850892502568884,0.12543045014090407,0.07336493790248856,0.11891292543996201,0.21742508035200117,0.1255396387227824,0.10730179356708136
0.08995525883925033,0.1796692598072628,0.08378071426837863,0.14979928389117372,0.06781642569740072,0.10349610483674783,0.1372207746758097,0.05685779625405909,0.13140438172991717
0.0808635196896228,0.08112748555640481,0.07105618356234474,0.09329372321168992,0.03805087712463016,0.1865285849387228,0.31522043270982225,0.014307987965903572,0.11955120524085901
0.15727957762167505,0.07778749382845293,0.09546442414247873,0.1065732725989309,0.05180236275078585,0.14193423059100393,0.17741799613558165,0.03225483479629209,0.1594858075347989
0.06557424911509957,0.10112723202642986,0.03774695278186616,0.09694524896884917,0.042528238717860406,0.05855221576384287,0.41648788023741323,0.06286705567208364,0.11817092671655509
0.20901958806868856,0.11542299574709465,0.08309929909591585,0.13228609890374665,0.04845351430829999,0.148986704739817,0.039248242070350596,0.08275696802567369,0.1407265890404131
0.08958875455329059,0.08790311837981,0.021828072866570614,0.10384128396701038,0.060794860404624375,0.053612420556692686,0.37641690010589707,0.11120136538084686,0.09481322378525746
0.11621485086770944,0.16676715918413496,0.08912431623664112,0.13266204134532925,0.0822073998723724,0.10684295987470581,0.14255524638655673,0.04819786667727043,0.11542815955527992
0.04238844752317209,0.0838320868462142,0.010635650397782298,0.08913856682793875,0.0636526615023656,0.08771439102250693,0.4060662923548019,0.13699584380345056,0.07957605972176765
0.06411613936548687,0.06779561338708932,0.025010584491766987,0.09477319314039927,0.03936699898862974,0.09402719939820531,0.42267975207115116,0.0955772039689086,0.09665331518836262
0.08194440228083541,0.11430999902807255,0.035804777055214815,0.10228360026219324,0.06774723929548727,0.09856564049903059,0.3713307305040998,0.010749746878556433,0.11726386419650975
0.12005522688838037,0.06596603121532506,0.03472297129767097,0.09467512511375903,0.04046551284424376,0.1428999884162057,0.2144874935546426,0.19158752744821753,0.0951401232215549
0.06098249574725886,0.09617731427835723,0.07052075546164396,0.09629198753502123,0.04848524214338303,0.0749015390888597,0.43243024897348176,0.027996366397453287,0.09221405037454085
0.2173368065140463,0.12085470919220796,0.016417072382596903,0.09097135692217258,0.2226433073778691,0.09574120653136702,0.021567346931006908,0.11826861342008471,0.09619958072864848
0.09153226107946093,0.1256242245372817,0.026061987406789014,0.10988718422287429,0.09742408240907967,0.0649140824137055,0.28981697560948766,0.08913165474175934,0.10560754757956196
0.13037791393900244,0.08693656263905497,0.05679532934752532,0.10799270397795835,0.04957121633063768,0.11010021218525651,0.2032695817012947,0.07474363354052314,0.18021284633874682
0.06940468133583665,0.060692816849107066,0.04418319354985575,0.10062881123590733,0.05146099966976683,0.11575109838074464,0.3484067573059782,0.10638891577567129,0.10308272589713224
0.1355107506796945,0.07716953127773861,0.02050429151954412,0.08601350675985325,0.23658202452737928,0.08472010294282757,0.1619931033965212,0.12037749526152801,0.07712919363491348
0.12368647320270042,0.20196842989391336,0.07735356133181308,0.1228673886786898,0.09664963680970588,0.052105000532978986,0.030048439937638827,0.19682123095050952,0.0984998386620501
0.16936004918585734,0.1318015874538763,0.13449928460267704,0.13058475797030444,0.06274172624885992,0.03968006622657444,0.13096388796985203,0.08910888256376197,0.11125975777823653
0.08962531644779696,0.059514317342852875,0.015800423371532906,0.10326088325470485,0.04840700459479278,0.10791588543010894,0.3914210173036147,0.06990980771986345,0.11414534453473246
0.0871881887398639,0.1902317907296773,0.10265188821326644,0.11943855818275077,0.056323792394790705,0.03143553443368145,0.06443133792694833,0.21673175490887378,0.13156715447014725
0.05826758548654918,0.10282610796620623,0.015559545743093406,0.0973191379846605,0.04097621230735541,0.07654968106886599,0.43410502330814965,0.08662158250093127,0.08777512363418831
0.11650874993081523,0.14707272139428468,0.13541163181768268,0.1290577304213261,0.04655861813638851,0.060610950848546626,0.1291307702430372,0.12095891533818183,0.11468991186973719
0.16095865048848843,0.0758603165479398,0.07571983505695032,0.10693682650786773,0.06645050010865473,0.05869803939746875,0.18310614574951747,0.19343882431808676,0.07883086182502606
0.08671557414413444,0.10470775777362733,0.06151759358298964,0.10542716232101508,0.05269193579814511,0.09538227726053572,0.31856704013321835,0.049971508204485454,0.12501915078184886
0.12295817859673207,0.17291499409325306,0.10533710290562281,0.15121299731167284,0.11452908611994983,0.0859633841744409,0.06438419488753351,0.08590121373105009,0.09679884817974493
0.06090135307061174,0.10559675834283361,0.04295997681833837,0.09085808619516202,0.042451877708664786,0.07984012348517903,0.41913096551652324,0.05922859540265509,0.09903226346003208
0.07274664314242557,0.06913885699864115,0.08411780235308286,0.09766729044860817,0.04847427052878164,0.04843248883201235,0.3567274834776228,0.13380641969520482,0.08888874452362061
0.1789779308323509,0.13363223755119516,0.08489926440185158,0.13669982388922716,0.06330413974304497,0.05369481018346647,0.03832902957461318,0.11652160460716421,0.1939411592170864
0.1258188412318388,0.10944984619810987,0.07141832860823782,0.11995203587183927,0.16759077601675934,0.05775908962911469,0.023637092112961427,0.19404098340134288,0.130333006929796
0.13968824434163732,0.09429692075732869,0.016758299006562435,0.09574822669242929,0.10349484109851281,0.0690011824369539,0.31866146064820594,0.09057995093374616,0.0717708740846235
0.1453843623407164,0.13367271439823145,0.07270525472773007,0.11644946428101521,0.15272241344444207,0.12696509743151016,0.004881447403946873,0.13663730831833973,0.1105819376540681
0.1752640798111584,0.09576663375729456,0.08551807761846462,0.13153266051403556,0.0568404794048091,0.0688147400972225,0.12957112094473877,0.10372472035207692,0.1529674875001996
0.09261372039944121,0.18179035999409318,0.16117824096638644,0.1189882571911175,0.0624941069166157,0.05126709862383783,0.10365514927077772,0.09403940054766724,0.13397366609006314
0.09610278836208334,0.08278683380872534,0.12685257953854714,0.10095289152919347,0.07822552953100843,0.029163142350837945,0.022972475132540356,0.35569464576301685,0.10724911398404713
0.09698955910273514,0.14151323273405664,0.06680190162314971,0.11757916534026996,0.056416578629492155,0.08715290259598589,0.14591871146681512,0.17309945452436848,0.11452849398312685
0.08025300729175726,0.11079567352090941,0.42627740819025206,0.09652508580775747,0.04862191783073624,0.029434335814956285,0.02862706609876976,0.10572499749956472,0.07374050794529675
0.11201972393082797,0.10835297375835884,0.038098175381469736,0.11555510043421029,0.064040513862904,0.1181787178651081,0.06955543554826808,0.2680308587847538,0.10616850043409919
0.15327390884405065,0.14703909891605324,0.05091682259745789,0.12230382394316834,0.1322924572413596,0.0935771638476134,0.028418117286484006,0.13269108359416018,0.1394875237296527
0.075525633228358,0.12320005333678498,0.42260539177186507,0.08811309553754271,0.06181175149257526,0.023533917523831802,0.008939834386161314,0.11294198113765137,0.08332834158522939
0.07125888872769569,0.08586279674561133,0.04573604023429551,0.08215688737190648,0.05073316601206174,0.05612751045182679,0.2890169788829667,0.24491320098176916,0.07419453059186665
0.09691830752182778,0.08586553499478605,0.03968269095379335,0.10506289619728298,0.060110075863580976,0.07260859082643795,0.3413478351996795,0.10855821278844406,0.0898458556541674
0.1374526480524304,0.19948894295360556,0.0963416557785252,0.14463586275040544,0.06630483993507018,0.0669732610078849,0.04086671980279092,0.12764127221910218,0.12029479750018518
0.07249841961113294,0.1316417658454815,0.058744756050927126,0.09873921946852798,0.04786838419128745,0.08151867857403848,0.29196903495844967,0.10525113455800163,0.11176860674215318
0.10051936748213293,0.13562994713636367,0.14450618211985347,0.09676531665718767,0.06151076688087126,0.04659798971625905,0.054022887924228,0.18903442166503096,0.1714131204180729
0.1390662472765712,0.11503397197283617,0.08685779801451511,0.12135777268518087,0.09836111007001065,0.18446539541753526,0.050772442274417774,0.05136802724767401,0.15271723504125898
0.11435612846848282,0.14080228411110185,0.1565211697709552,0.118851845715234,0.07463921332639167,0.06624774947306629,0.006630727126948938,0.14410809477963984,0.17784278722817937
0.06705490012071356,0.10446005467897283,0.02579324884925288,0.09877778158279077,0.038663824738817784,0.12248143099500196,0.4029525304378203,0.03549176700873715,0.10432446158789276
0.11689272014884511,0.13117944458846817,0.033811660890201,0.1104082070432344,0.0711544050191472,0.09799401725419843,0.2081688265625883,0.10003879519605108,0.1303519232972663
0.09924428693706638,0.12787275325833927,0.12444475362809855,0.10677038714016406,0.08242184435057345,0.10998670374214721,0.013029827377799537,0.07753962396712981,0.2586898195986817
0.05803427486352628,0.06777649326478685,0.017670843573205017,0.10588924182029937,0.05083790531742317,0.1292941146050142,0.4408257697024573,0.024659545702650398,0.10501181115063739
0.1110290369664867,0.11023165305091316,0.11970889165441535,0.1038691116152274,0.07074103852728512,0.08608686810634907,0.013669449483722514,0.20545675210850264,0.1792071984870979
0.09047584309344292,0.09307756501340253,0.45883839305146273,0.0867836263668712,0.04451065380681934,0.03196941101750137,0.031722367199135196,0.07445573475201032,0.0881664056993543
0.12220914808217187,0.07671088904163363,0.08727272094211247,0.12462586808550162,0.12338448533575208,0.1676486156038426,0.06672987782898984,0.10638267951616336,0.12503571556383256
0.05803427486352628,0.06777649326478685,0.017670843573205017,0.10588924182029937,0.05083790531742317,0.1292941146050142,0.4408257697024573,0.024659545702650398,0.10501181115063739
0.18468752509020073,0.10345507877505951,0.043919779905695906,0.11534571105378028,0.13446010824471524,0.1227279804104281,0.02576600382974108,0.1587847834659636,0.11085302922441553
0.07658839372955589,0.06171031960233283,0.02915905848304824,0.0945508876004819,0.041754194456599274,0.07575234787971712,0.28704851001380555,0.1937547596852248,0.13968152854923446
0.12195833920109096,0.16412984021632218,0.04648357561305679,0.11351585138372207,0.05604411308346052,0.08276682581124316,0.23928209749581245,0.08027432294877797,0.09554503424651385
0.09331073354384956,0.06639212663160736,0.06038510340034839,0.09901355390830507,0.16612491637910098,0.12935897582866082,0.004615185510563977,0.2783022602444361,0.10249714455312774
0.07840940633264626,0.08942946556932503,0.05536035388153227,0.11675504793515107,0.07253564599545544,0.10376786845955843,0.23479798307383173,0.12714727582359112,0.12179695292890858
0.061875501358207574,0.09670030784999008,0.0804924362439043,0.11317339118448021,0.04973706171674453,0.05957562166421915,0.37144384791961826,0.0709509756429472,0.09605085641988868
0.0521377763689496,0.051380206195252846,0.02004352338908898,0.09079127959449611,0.03840224453730173,0.10667601410659522,0.5335330957467151,0.03346261885169872,0.0735732412099017
0.09109945843342031,0.09614380230713249,0.06252043631266423,0.12281723979444396,0.07819225707460388,0.12142793856921595,0.1494082647061584,0.17449757882758132,0.10389302397477955
0.11027859162629768,0.052090917674461244,0.009132857319802913,0.09732789027899347,0.10913619299697057,0.07492572059216507,0.11791497664332166,0.3453680620312969,0.08382479083669057
0.0927409445794987,0.11694833431495431,0.07286975095721993,0.1162912919072065,0.08409706290644081,0.13835050482909353,0.06505798868197828,0.20927396312799174,0.10437015869561617
0.2019888876839754,0.05964635157067522,0.050590626957799145,0.0974231605494147,0.22973815052812593,0.07789359241178921,0.008655558965849892,0.13613955849097503,0.1379241128413955
0.07738649672518311,0.1307622389681201,0.09690363099285275,0.11315643584288633,0.11807507825727943,0.08359761022605268,0.0869756586128918,0.17091679836424256,0.12222605201049135
0.0966946951261392,0.0921479771514963,0.2256164376951709,0.10263781779699516,0.18374361853551213,0.04782582921026582,0.047107838744912735,0.09026799508071874,0.11395779065878893
0.13150067575970933,0.11525919548037682,0.12195708349199709,0.1186180044749205,0.09648466447642377,0.1556369013669329,0.025013623180588168,0.1257557107054502,0.10977414106360123
0.13001543048006658,0.0571799694306934,0.030512083280604178,0.10834349062036018,0.08341182501353404,0.20184751669095088,0.010584257893245368,0.2814728384654864,0.09663258812505904
0.07019712727340392,0.08517454994712052,0.054381440993879065,0.08417046942195439,0.04227030108923219,0.0664616683091488,0.42957437117491554,0.06611901075252304,0.10165106103782251
0.10626065689357972,0.08772031110847008,0.20290865065788274,0.09851921035167592,0.06809679534747849,0.044277347467871375,0.027342402811038807,0.2820851937136106,0.08278943164839231
0.06867383131230305,0.07985161710965842,0.5133364476897593,0.09094684682454925,0.05127959318801809,0.026256368735718436,0.02037026572105653,0.045640316834365334,0.10364471258457165
0.10661404660417056,0.0939279412427968,0.04963638756205682,0.10648200873342867,0.06629110260088465,0.05832841256027999,0.3061521202014193,0.11326735503194768,0.09930062546301556
0.08689407680015078,0.060043446574763626,0.027469725365234038,0.1197855596589954,0.043967100027929105,0.12078222297121381,0.4286860474000395,0.040544842889465076,0.07182697831220872
0.053196433214630655,0.05534124691219098,0.021792424651670087,0.09553948620255386,0.03767171224855556,0.07625735825191989,0.5153684452139112,0.06222667340845565,0.08260621989611196
0.09457136618010586,0.14881133917766196,0.04764814588197485,0.1124414907297434,0.07447196722795628,0.06699610819427779,0.04792814801214044,0.3404391864981608,0.06669224809797865
0.13327747050450925,0.0949682573839468,0.07653053226250738,0.10455095183455843,0.26868122704184855,0.05008438882910001,0.08288063748784456,0.08085081964420088,0.1081757150114842
0.08106696834707623,0.12082976395180199,0.03244375998817876,0.1213257767773221,0.08949022119106641,0.19379478910192083,0.15075921875943113,0.10759757896697898,0.10269192291622353
0.06515646321795159,0.08594898027594698,0.054883526668444836,0.12114261521320836,0.05436278272652783,0.08126760705729345,0.3433434187050959,0.07748074035845166,0.11641386577707946
0.06812411301062928,0.14191968240939082,0.10807116384727962,0.09180349604114717,0.1168100503044522,0.09311196871980841,0.004621258605060953,0.20435062508431426,0.17118764197791725
0.09063153444230715,0.11959740484832761,0.12423397128999693,0.11979062424975122,0.1741258568678198,0.12033391912013351,0.09935846235294292,0.043553837303819044,0.10837438952490173
0.0967944811602041,0.1520248480402324,0.10331470755183059,0.14879477853618484,0.08481560372573282,0.093506245304614,0.12957676326889508,0.09705565899932063,0.09411691341298563
0.08234183040269305,0.0878547147391952,0.45876312409745285,0.11154134476952876,0.03990447562707406,0.022973750547657736,0.025793636335613712,0.07581901438604406,0.09500810909474054
0.13672315208916505,0.10186307117358913,0.02917722016533596,0.08586077106163031,0.1806140428148162,0.132454878382447,0.02977641606242572,0.059038316882588066,0.24449213136800255
0.11503631299741256,0.1422461307463241,0.11105847436971829,0.10649713076851769,0.07276345195271842,0.1007766852062737,0.04545089375845546,0.11027411855919206,0.19589680164138765
0.10340054674101322,0.11884496794891251,0.05456609973993592,0.1300745560100914,0.17973448431150296,0.11116040964559219,0.08739785971390036,0.11988260003569107,0.09493847585336035
0.16140824250247307,0.14445973866288203,0.09502928559641412,0.11286043381391038,0.17166804756206322,0.0592467333700192,0.029242024231105102,0.1299671077685048,0.09611838649262806
0.13303145366723457,0.1689043258088986,0.0665667606419259,0.1255881501305494,0.12191776721373145,0.07085175910056583,0.06651154915802034,0.1611273496139631,0.08550088466511079
0.11702590190152035,0.0770441273085799,0.027714224051485114,0.10288970894103787,0.04842835766965093,0.11395070072333369,0.2971398152021804,0.05923001510061776,0.156577149101594
0.10460326192293888,0.14395858005625228,0.036697130485963875,0.11830453119072142,0.07360091701587611,0.09578679693842525,0.01798702404406177,0.23712943927244312,0.1719323190733173
0.06787291685486631,0.08798781635581805,0.028579637451953868,0.08713946586185504,0.05134416165832273,0.11290578975208387,0.3854537887655127,0.07207073268456422,0.10664569061502327
0.07375607259264631,0.13365732386399837,0.40804728891692177,0.09230950203977777,0.06411231419905979,0.026588698930813167,0.027804187720311235,0.09605632374479768,0.07766828799167395
0.15006657898652156,0.06806879407633885,0.020992121168378775,0.11923890097366696,0.2025984518065916,0.09035548420749147,0.04580138412128761,0.19962192047154967,0.10325636418817345
0.08010314897676987,0.17115797446666692,0.05919436078158169,0.10763445818113399,0.060122098643938394,0.13307599504696171,0.18288710611463813,0.05226908173210013,0.1535557760562091
0.10340048027110882,0.08342814608747566,0.022595549788300123,0.09063109029122779,0.041416987804106,0.07616438552790301,0.4273351363203288,0.07739598579055658,0.0776322381189932
0.1289786061546323,0.10392375474384785,0.03884223105042085,0.10035891901215092,0.04839448667755767,0.155135423787376,0.17506683499784068,0.06728869722990487,0.18201104634626886
0.08504114711590116,0.09686416023916224,0.4278363800179144,0.09355057918155933,0.0481831033470985,0.02258552551376411,0.02249575712319842,0.079052685629862,0.1243906618315399
0.07426668046508421,0.17810876611016888,0.1533026097769882,0.1037345084601153,0.06543458805308976,0.07132251929639305,0.20731408180456548,0.04576803238124943,0.10074821365234564
0.1261931725153088,0.08616555841470401,0.03034583087324151,0.10933624099472745,0.20635858413016953,0.21266634149776512,0.008167963413008902,0.1419588897805656,0.07880741838050909
0.14675122937681687,0.07456096356553489,0.1347215185442664,0.13242318231480127,0.08156338073326895,0.12785473730696292,0.06083633853634594,0.06805433732459268,0.17323431229741004
0.1741085223632162,0.0905972013145689,0.08425952667339337,0.12048883563517183,0.18722256318280694,0.05733157537107805,0.012710332608844748,0.14230955706862394,0.13097188578229596
0.07377988856242655,0.12093496526775038,0.12443915455829657,0.10362828786239923,0.05637673538229221,0.048477513662103844,0.28585517762033813,0.06701194389472238,0.11949633318967075
0.06450680704045213,0.05316718406508395,0.036898279663366916,0.0988719300387801,0.044785554606052734,0.17779616735099193,0.3534574015492458,0.06265654295005309,0.10786013273597324
0.12510505940683977,0.15282637316745099,0.22710553975669467,0.12311399715023987,0.06126916376432632,0.08635751917994577,0.034071242634003206,0.07368657256623763,0.11646453237426173
0.0781347969482588,0.10748274246203109,0.1003257175309769,0.12681877470155709,0.052028799215955185,0.08908440766657842,0.27607865986961866,0.0735847721493933,0.09646132945563063
0.05041736432613748,0.1452520617717373,0.3403372055725657,0.09421143197300615,0.11115003789022142,0.02494080311742501,0.019958658987395673,0.1530957136631461,0.060636722698365224
0.08430229362472869,0.1273782635632524,0.33536847182014556,0.11058355463635243,0.05678192217561668,0.0317751277591485,0.04881288058842822,0.11253043724182588,0.0924670485905016
0.0702124556979259,0.0894053113179234,0.04480379212515532,0.10497385535911007,0.0482124929908422,0.10397039396996594,0.37098537460450753,0.05323958001975143,0.11419674391481821
0.10766967261846348,0.15351547759356174,0.07392852960263356,0.1261701299224672,0.04851279839855543,0.05346962215623018,0.2655514668842707,0.053389789941022704,0.11779251288279502
0.09215357483927572,0.17724081282282889,0.026428654823160574,0.1152875195757645,0.15231827776712642,0.17439836965039635,0.008785323206525244,0.14602308485152168,0.10736438246340065
0.15991431908426368,0.08203279792838407,0.0667902458446273,0.12366435907858432,0.053106440483212974,0.06003270893522298,0.18290714579352665,0.13553311429710876,0.13601886855506928
0.06126343641734674,0.03974761347543206,0.004931105450294409,0.09189614793890417,0.18606216665931732,0.0738706522347604,0.0182095014990228,0.44832475123009585,0.0756946250948263
0.06758929329642098,0.07250100713462669,0.02682281751008292,0.10930081022186754,0.040759765371094964,0.16210451220940456,0.3490546664723501,0.06569554323168103,0.10617158455247126
0.10748815345850331,0.07652746959854283,0.07342881933161365,0.0993706718848727,0.04606923193988912,0.05428795755452895,0.3894687778488973,0.0666106110693249,0.08674830731382732
0.10816735770876261,0.13031221702501647,0.09610157469934039,0.1172813501037248,0.1549781472785066,0.09184547407014822,0.016925180348274543,0.1811054662116202,0.10328323255460621
0.07390617555715949,0.06306552742622262,0.025550913848729994,0.09142518904715945,0.040476745144494924,0.10095390547469651,0.40536210426511965,0.11148871619070388,0.08777072304571343
0.11444369728848693,0.12079504654317959,0.03688955053945766,0.11967272961265947,0.11354969884301302,0.10616599886147005,0.14280789788655582,0.0833399200340507,0.1623354603911267
0.10834610140272666,0.11553766690072749,0.141915611643365,0.11659357046071223,0.10451614961205563,0.06743350045858952,0.030116511483998434,0.18404975833818335,0.13149112969964163
0.13936646522963655,0.10820553978948529,0.10318827124684093,0.13070237906316254,0.10077410464502363,0.10428537734103666,0.1428173060305386,0.08149458004593241,0.08916597660834331
0.09257778401713697,0.10963197551923591,0.09004124537184421,0.12050545956600324,0.10728647265956276,0.11101321321006948,0.006210980541836663,0.27593545727409224,0.0867974118402185
0.10490824134924102,0.1095720978648141,0.07407204260734418,0.12255623660405124,0.06048233497907404,0.07331315595640568,0.25560369513524767,0.050361656003991805,0.14913053949983024
0.15666299375650386,0.10356414677896582,0.052294694382446015,0.1238141814644299,0.19279839083323255,0.1041189506267877,0.031491738997600174,0.1381782302526535,0.09707667290738055
0.09979651148784686,0.10470038747183293,0.10724252245470713,0.13832308381058958,0.04818562009617494,0.044564882240216735,0.18626303252453683,0.12195360809583865,0.14897035181825632
0.0649500269764679,0.07371685452504954,0.027415823827089115,0.08679490044778054,0.04561793782383152,0.09488100873107196,0.4280779001435118,0.07826968420333341,0.10027586332186424
0.17479545981739794,0.17262738268129998,0.06353842456906972,0.11890249037803054,0.09206169455657524,0.04772768070070448,0.05822348610083442,0.11586783431900845,0.15625554687707927
0.05578459953343087,0.1565650485577219,0.06341898789830087,0.09092569205794997,0.03781457926156435,0.06951204452938521,0.39898857835703,0.03712872323550136,0.08986174656911546
0.11765011762402472,0.07415870350574383,0.01910483177586227,0.10292947274464015,0.08379804139001622,0.23544394945062153,0.033056065249347205,0.1813660650684229,0.15249275319132125
0.11383835888905063,0.16942559074084038,0.04891281756861469,0.13623783563340522,0.13519988558640803,0.09585848340699528,0.03812482076032706,0.12482572268872234,0.13757648472563638
0.10572094357462307,0.07805905231461419,0.05251425038468097,0.10337977610130238,0.06699162003882304,0.10442924947874098,0.32055391905849023,0.09384134472583179,0.07450984432289344
0.07288701431962813,0.0767434936275645,0.04510972584261843,0.10570340132153744,0.045349208435797046,0.09465760972484594,0.43801377677518555,0.024792675109224033,0.096743094843599
0.12225746368746515,0.13696341748264237,0.12836246223448664,0.14631788017183503,0.0630185022160844,0.08015735037148158,0.051541382646615265,0.13615373474807482,0.1352278064413147
0.09233182949048131,0.0810485366356896,0.20526920399945273,0.10096870647218642,0.11659611903630762,0.07263966149100386,0.031680568444927205,0.19439172083284276,0.10507365359710845
0.09069310029217455,0.15035417477365295,0.2260282077844836,0.10951200964903281,0.06630440650961855,0.0865696734311703,0.035046956496189614,0.10636239813862748,0.1291290729250502
0.07216170929065703,0.10025836441138418,0.024233814083706035,0.10352378690684656,0.07571708505216597,0.06695879184216853,0.4079933997632685,0.049789868400521374,0.09936318024928185
0.06543178215324107,0.08411905512279338,0.45432408632914756,0.0870971806785875,0.08602116025502797,0.02631023158915305,0.02267028788949475,0.06446002290072746,0.1095661930818273
0.10579696645097332,0.11038694840795842,0.05685494910157237,0.10638876074602176,0.19359549868155893,0.11586150978456992,0.028497888970870387,0.18989775738487372,0.09271972047160115
0.13041244221126377,0.11383449496244365,0.0317793773820369,0.11655230206687817,0.13671357657513258,0.09502180820311908,0.10274715665193752,0.1342720017687225,0.13866684017846587
0.06830680222722417,0.06080953497078312,0.02487369127481732,0.07576724663223351,0.05563106293619175,0.15011196118408895,0.41375849847104856,0.05236135205520426,0.0983798502484083
0.0979364174735786,0.05465938418528154,0.041771672170131786,0.12089876767557416,0.1148791796107544,0.10576924062094245,0.06443750141732774,0.26259062784597426,0.137057209000435
0.0781347969482588,0.10748274246203109,0.1003257175309769,0.12681877470155709,0.052028799215955185,0.08908440766657842,0.27607865986961866,0.0735847721493933,0.09646132945563063
0.062274363698740655,0.09750077359567444,0.03187100537553012,0.09226555172820565,0.0459863958134021,0.06732396871940681,0.46569470079509195,0.06900579274590664,0.06807744752804168
0.08819598349187667,0.07778669692521778,0.3987002497973049,0.08028264651319474,0.052774867459614384,0.018560914516532686,0.022018121990160903,0.18877914207677596,0.07290137722932179
0.08039560393990994,0.0692703863697552,0.01582984615306634,0.09995382662145308,0.056131058587818444,0.1121929208339653,0.4479326701980286,0.03628947409116395,0.08200421320483907
0.0605449692349102,0.05990364723085787,0.020411282155598665,0.10573099294035632,0.061061360031288814,0.18602770911308006,0.3802466574697882,0.057971224574461445,0.06810215724965842
0.13436569612989202,0.13679632812139655,0.020209312456534262,0.14825137062194824,0.056605995228424105,0.19075604474596533,0.03595740140503998,0.15521983307541626,0.1218380182153832
0.0958305087522386,0.115876231434697,0.03884864861294884,0.14769235355517615,0.05699330165985525,0.12480609927779189,0.14509591248593937,0.12623110154754247,0.14862584267381038
0.09713034437500928,0.07345509307836574,0.057231215021181336,0.09641216567073567,0.042308224635731445,0.0742834014715723,0.3476935665915603,0.07718874642037636,0.13429724273546761
0.11101968303990044,0.1985185145466202,0.06543594787758325,0.1154954214849346,0.058956029345436756,0.07964155082517924,0.02535528365006962,0.17859600954233623,0.1669815596879397
0.08281863582417284,0.09262406892259005,0.5148573100096461,0.08177732463462874,0.040372755973060316,0.031051850928220433,0.008441437890872275,0.03467946597759397,0.11337714983921536
0.06894426896161522,0.1634461251400641,0.1321858745861427,0.09397224328572044,0.07021302580303225,0.03128352997043001,0.029020585835188337,0.31521592736900766,0.09571841904879934
0.09967838884998832,0.0743478473124821,0.021458323600270206,0.10617300668941121,0.0477874363341147,0.09753024887566875,0.3003359635835982,0.15740663000746966,0.09528215474699693
0.2167328092678289,0.15414456405614754,0.14917475347059567,0.10829376695186925,0.09438446239001796,0.0971419038154996,0.006611901885473545,0.049333015482373045,0.1241828226801945
0.13001543048006658,0.0571799694306934,0.030512083280604178,0.10834349062036018,0.08341182501353404,0.20184751669095088,0.010584257893245368,0.2814728384654864,0.09663258812505904
0.07499298361683433,0.06036882624484618,0.02046898539217601,0.0998523907404808,0.041401343949825004,0.10512000606211647,0.47704541757133906,0.04384553980299502,0.0769045066193871
0.08213512251205633,0.0821098913772365,0.029598171283286966,0.09777941732724021,0.06439272799072093,0.0847643758047187,0.41904430282942906,0.057317843493981745,0.08285814738132967
0.11356996760930259,0.15743133816152285,0.1733485226731393,0.11645960863302057,0.05615794208978883,0.07647923721105417,0.12529382348153303,0.06655539149142031,0.11470416864921835
0.12465709973528434,0.07538548153843329,0.09732153047297287,0.12447913631486429,0.07373636800347712,0.1262045414007585,0.12889577182033596,0.12925165277213305,0.12006841794174054
0.11536143973434076,0.09020711315403966,0.02116503794651767,0.07111732705573251,0.21881500238308202,0.09023439915975025,0.030137302105807607,0.2752471418195637,0.0877152366411658
0.08235943346674705,0.10732661861840583,0.4609198625657956,0.09940926998527788,0.04345190848443459,0.04429048020304175,0.021437310053294786,0.03181769054464006,0.10898742607836247
0.1853811230659653,0.15244380289008616,0.12051851030151066,0.11563511331582745,0.05624838987132912,0.0777131152083236,0.02155247073004765,0.0794177973674151,0.19108967724949497
0.06457495355647555,0.1039709733928923,0.02790625185863263,0.08194393426877676,0.08684645701265596,0.1013337188201684,0.1432430120769406,0.22510518413215888,0.16507551488129893
0.08494308588426985,0.09330579579683768,0.036580031923844965,0.1077952393584745,0.07780412912317321,0.10801998255401973,0.33719262157515145,0.048095532513111494,0.10626358127111708
0.10566778504912992,0.16226562021477742,0.1029005086836472,0.15273149668657945,0.06636924689008668,0.11828868022915053,0.05525151690139424,0.11666228874330009,0.11986285660193452
0.13616357007207544,0.05760773733496191,0.012091156571673659,0.09260178493244187,0.1657735182889234,0.13596379107097412,0.008293256005356775,0.2216977396243658,0.16980744609922696
0.08131289456661801,0.07735317414842523,0.01697687285626557,0.08769407185784654,0.06729408027825917,0.12247798674729175,0.42478087199418857,0.02351345083201453,0.09859659671909071
0.11461830880799904,0.056443967942361194,0.06979676744728064,0.11339773991255626,0.054945947706057534,0.11469499223175302,0.04800545113395676,0.2690162581570428,0.15908056666099288
0.05907016197824849,0.10714913185336501,0.026691812292858136,0.11383012278303685,0.06160446409781838,0.12494171899892652,0.287744807111393,0.11185653814006813,0.10711124274428548
0.059631530526423976,0.07158176208002127,0.05240542611626436,0.08652386446023652,0.04221327252476704,0.06899886000452542,0.3846739079224726,0.1177730300002735,0.11619834636501535
0.11134369763816752,0.0728038822243254,0.3560362662578816,0.09308502655922302,0.05297501628754605,0.07613115927161031,0.022452000404291544,0.04806320659355317,0.16710974476340143
0.12073400292712853,0.049859137700806654,0.011920993879692983,0.0871194855975284,0.2481204842904274,0.10187162719675262,0.075390453619633,0.22063761382851332,0.08434620095951706
0.11659568821733975,0.1981494540031076,0.15123358079659951,0.1258973489707337,0.06815730289385404,0.06907727281468243,0.06515787987067838,0.05893929043663213,0.14679218199637237
0.09108129538795828,0.0713926548593445,0.07010729063944317,0.10850482971688917,0.05136357243231605,0.22072085752252057,0.1816183317852077,0.05705485763597048,0.1481563100203502
0.1075333181548594,0.05818711829993917,0.04899369521984154,0.11758527109224111,0.060047363281590306,0.33847576491611503,0.056705859226271214,0.10387962391983452,0.10859198588930759
0.0669809243432027,0.03188881266612315,0.039261508206372406,0.0708447143414887,0.3013505076371621,0.031740587619783885,0.0037635821407436282,0.3538555297918064,0.10031383325331707
0.0636268078623203,0.07880515559006658,0.49668352369199614,0.08176756542291254,0.05042634167775221,0.04028458810879008,0.019061243639260383,0.04279990865449665,0.12654486535240506
0.0813173839342844,0.06529297756629586,0.4538628397135162,0.07662791894541426,0.07422897353524884,0.029215263256629376,0.003314498253685844,0.12004333589919826,0.09609680889572687
0.18543883278658713,0.12883444970842373,0.108656785895345,0.12779300209290664,0.048830709419965306,0.06497961888767367,0.14256634932682014,0.08406072361950317,0.1088395282627752
0.16122558610769383,0.08068894372260461,0.09684778354719244,0.12277095031145924,0.17144719983747794,0.08036540687078526,0.06027135085220537,0.10837546930168085,0.11800730944890049
0.08292546565077331,0.05259121802539188,0.014057457455486942,0.10365724022093599,0.10252898388217307,0.10879148740435429,0.29367809079367313,0.17504783464285448,0.06672222192435681
0.08157447510691433,0.07707618008934862,0.015554040741550803,0.0837201881990961,0.04089507485106865,0.05954381493197964,0.44366270265881586,0.13044879542307966,0.06752472799814631
0.12664729816289474,0.06159318842331185,0.034290518526740955,0.09705807717861896,0.044858066824242,0.12480724447150938,0.3556273214020866,0.058395414692383435,0.0967228703182122
0.14913365342829651,0.07717488935656873,0.04837885287066576,0.1275880535115628,0.13523434120558608,0.10209226433328981,0.06648854639176212,0.16411287280915884,0.12979652609310927
0.1295854145290771,0.08507947759492773,0.07467472438721044,0.11827333314001098,0.0798107861934981,0.1104681289666632,0.036635086172847775,0.24477106350866776,0.12070198550709692
0.09207186713357633,0.10056337748848582,0.08479596694514145,0.09492265194859167,0.050663442999148184,0.08162008493745466,0.34712762802178726,0.048115283148647985,0.1001196973771666
0.10317205078464513,0.06648308458292208,0.5546404951030341,0.08325006129307581,0.04484809926518085,0.036815998671519,0.016786016849524504,0.012386129787700739,0.08161806366239778
0.17533564057749804,0.0823361376421146,0.04163076430153898,0.11033273433988973,0.04613488702035603,0.20356012381896693,0.09601391786637185,0.06515768391349865,0.1794981105197652
0.15886154245607295,0.1379505372560559,0.016720317797376535,0.096748751190621,0.05401302061262553,0.13073658673550395,0.27508100391964113,0.017543875711676184,0.11234436432042683
