0.10410837072678082,0.10778767715010047,0.05317964065962571,0.12885471837112306,0.11931690238924826,0.07486746313511784,0.19191486122296872,0.12278337371125798,0.09718699263377716
0.08540981301993496,0.11425440519246705,0.0596792544913656,0.07312577661649067,0.101765776337287,0.14799330157458326,0.1683585660254484,0.15215968387950232,0.09725342286292087
0.07522882552097512,0.08378249454196855,0.05665431619240469,0.28477259064784566,0.11192246822157807,0.08234450274613524,0.1540317152620674,0.08231480129770095,0.0689482855693243
0.10765221342084574,0.11664402658600093,0.07959361588161808,0.09619665634307341,0.09746287602195385,0.11424469115329709,0.16331030540431765,0.08407286138307772,0.14082275380581558
0.14773552837609055,0.16591758343636168,0.07922567232459893,0.10489255979170342,0.09171434277499835,0.07542250845906368,0.11564132307019888,0.09676724234283561,0.12268323942414883
0.09672828489482772,0.10772494143285316,0.07464026391953539,0.10991493449186861,0.14422235207048803,0.07923448146866524,0.1548718494615649,0.1278651146814573,0.10479777757873966
0.07771342920315155,0.10342032255383982,0.0933733546534868,0.11149111137513608,0.12611680219557542,0.08787094916923548,0.19035615191797559,0.11626673305256696,0.09339114587903236
0.1290860591464305,0.11935119354915309,0.041457650243535434,0.11715943336979422,0.10608313991779587,0.0983583990950893,0.16092530332325072,0.11120792367396859,0.11637089768098231
0.15066283255696533,0.12316608812582569,0.050512100443272,0.1430909318779191,0.11007024924389612,0.07831906126831245,0.17451869057739733,0.07284457726838418,0.0968154686380278
0.08526494017515968,0.11978622742616829,0.05304733531926575,0.17950768305508755,0.13670976592929482,0.11367549013949069,0.13085945310584285,0.0877701639306792,0.09337894091901118
0.07744472798720003,0.10727879262356005,0.10982097564961057,0.07250721726785259,0.12928335492988588,0.0840449662865384,0.13216473430668862,0.17326222504998703,0.1141930058986768
0.112364339032355,0.10737175517601877,0.040249640471387356,0.10602544148080868,0.12883295936610994,0.0723010147628224,0.1544123226229003,0.18145893032650706,0.09698359676109049
0.11329119580157576,0.11627135862333719,0.05574572639488925,0.07181873584105579,0.09372888696702386,0.1489079718129248,0.17467650890860054,0.11345528193677357,0.11210433371381921
0.10908350346850859,0.11148779596446508,0.06696571345318648,0.11181515340337674,0.13723888691867855,0.07419169509965477,0.15869167020814703,0.12744219591991546,0.10308338556406736
0.12510249334342435,0.10884148902408182,0.0696322032531727,0.09042558215914753,0.1031423788317607,0.06402052671049852,0.2011865151061197,0.13825595280053574,0.09939285877125886
0.09471244757807994,0.11030362273694748,0.0878597011258919,0.09864455490249084,0.1473058853711463,0.08517157505634404,0.15799219283186472,0.1189177630523859,0.09909225734484894
0.07768394884688773,0.10088505990134512,0.07593019698212945,0.10803457492737695,0.10620311780824347,0.09093717504780036,0.17239433266265877,0.06344074959768435,0.2044908442258738
0.09372815789628598,0.13173015692478884,0.1427924357630671,0.1111486903526608,0.1058539284887527,0.14850555707019505,0.0715769981248945,0.09328423951009195,0.10137983586926312
0.08265798810112791,0.09483232464113796,0.07695450216422357,0.13487666676285295,0.14794991890171574,0.13131239349584625,0.1346235002295015,0.0978982591420734,0.09889444656152054
0.08631635108107821,0.1277068582398914,0.04217739336392843,0.16455376926575527,0.16713122196665955,0.08608581401116076,0.06567288711282616,0.14555362134314945,0.11480208361555078
0.10984323053490254,0.10428273781519103,0.12620768735378204,0.06900466341260098,0.109927445115186,0.15054689031841192,0.17299849640055445,0.07975884707029811,0.07743000197907295
0.10710912969758933,0.10652236676410977,0.0692202891976881,0.1055263793463117,0.16025616886877467,0.06726317130782429,0.12951857153140764,0.11263473030304105,0.14194919298325345
0.08222959163917748,0.11020676258359463,0.09732874870232731,0.07410753603574538,0.1092538607281253,0.10896319306707687,0.17606121459781374,0.14598757158982478,0.09586152105631456
0.08952930936095867,0.09470969687660453,0.11256455451115005,0.07164241123808902,0.12126899838609201,0.12136789140106068,0.2007427300933301,0.08175891691652405,0.10641549121619097
0.1255765711099092,0.14923899291538786,0.08299984076857411,0.1384203702708145,0.09982935954849587,0.10984119466255793,0.08847065320657087,0.101128336638309,0.10449468087938067
0.08501901306864951,0.10283670844619537,0.0631807414259294,0.14936062746161635,0.12494430409163293,0.0881055481896007,0.2014949332607855,0.09869036584986068,0.08636775820572956
0.09055688324400961,0.131936512861744,0.0435631152757667,0.10747745824331122,0.1387454073282887,0.09546691427461561,0.12021369150686574,0.15636847962405817,0.11567153764134035
0.0799277011057173,0.10033175824824025,0.04780675554703758,0.12659296515033702,0.148640331192486,0.08756693347952077,0.12372167035038188,0.16125409354532483,0.12415779138095435
0.0850954061449901,0.11491378139377677,0.06717312112571265,0.06830907959273798,0.09029500530639666,0.09764986065035063,0.23167931577870635,0.09949518808258162,0.14538924192474723
0.09681061231394832,0.11151454077144651,0.06946072411782066,0.1050827460020103,0.14929675893385944,0.0854792761627663,0.15346832447541933,0.1276853409756103,0.1012016762471189
0.08638493608699205,0.13553673102946626,0.08531151922057344,0.10702430857909669,0.1334992511107429,0.0845324760852305,0.13557401981459968,0.1083185690928614,0.12381818898043706
0.10359951580293654,0.1262881370598462,0.05489332067579387,0.05953045293454127,0.12024333132645722,0.147432153536275,0.13014470313244372,0.15556788790307183,0.10230049762863437
0.08539387921092562,0.10583128381432054,0.048701194474047776,0.09618607400193903,0.1444548368940257,0.0918806683835691,0.14689254836894636,0.15588668838128886,0.12477282647093696
0.11430208263377588,0.09802062695410858,0.0753514936973287,0.1157689242347193,0.14234766351119896,0.07517362024719076,0.19847010394835282,0.083628916649911,0.09693656812341411
0.10532868907690941,0.11681008536492293,0.09823633641695823,0.23874239479688705,0.14358797826993475,0.07210656539258646,0.06332518660162009,0.06470506809904877,0.09715769598113233
0.12295606236032335,0.12634267307021366,0.03937299433987426,0.09579236799565173,0.1124863210962626,0.15009730728873738,0.11743100758608127,0.13313914805810353,0.10238211820475224
0.11376453433344598,0.12977301137105815,0.08553442044283233,0.10231763264482086,0.06520087978361878,0.11246839970588234,0.2380465730542458,0.05660060385007146,0.0962939448140243
0.08315110427807536,0.09136333955862484,0.2720225898921725,0.06763274600666565,0.12384353826771477,0.06793993763312577,0.12962351390291807,0.07844019234499157,0.08598303811571152
0.09507151190882031,0.1126763265751634,0.13651912069538796,0.07253395690782588,0.13080953474163953,0.15306401830768326,0.09716857921583262,0.06044024103269139,0.14171671061495564
0.09186127315483279,0.09083316181465279,0.07654485589767433,0.11192540825285663,0.13512248566393048,0.09363996888024617,0.16627928555905083,0.10688045065038092,0.126913110126375
0.09346776956707498,0.1120147339572966,0.07262201551667818,0.1368079611699707,0.14282290715695603,0.11557367117994737,0.12556863553969522,0.09710556605689953,0.10401673985548142
0.0909149903663603,0.09719460010879233,0.06413849168747181,0.13069566242467265,0.1441897011277488,0.06972395585967982,0.163401202039058,0.11860848040976096,0.1211329159764553
0.08070938001514294,0.09713489333012437,0.14245647616644383,0.10240029027403391,0.10282497074162616,0.08339223630483984,0.19187244827584485,0.10957840962576855,0.08963089526617551
0.09044630341096542,0.09741513220441467,0.0709914645304848,0.18275664514445866,0.15028134984068012,0.09765697084604573,0.1363701277049703,0.08899909672761258,0.0850829095903677
0.08481903459201967,0.09105452790062507,0.1697289695050195,0.11260868616815449,0.12448446232667182,0.06784752215559067,0.13600280447235127,0.11202051105784665,0.1014334818217208
0.10473681506296602,0.09434748426325186,0.14977765838994464,0.12755257346965473,0.11567437073772978,0.0872675244710381,0.09669162614979267,0.13275454106148984,0.09119740639413243
0.0963884467543622,0.11491037072793096,0.047468207267857776,0.11017596007839171,0.14052965039491921,0.11774749475671219,0.15274607407988874,0.10009143813040473,0.11994235780953251
0.10114695240200673,0.11542427829156761,0.1095010185423569,0.08315559590424589,0.13426242717814985,0.07737696800369788,0.15169923258358564,0.08112451171021191,0.1463090153841776
0.06768214788788433,0.10304966925393316,0.08051504560418672,0.21300353534130023,0.10812855041926768,0.08714662259791106,0.15975953160660136,0.09573264586252463,0.08498225142639075
0.08350902572024864,0.13575739020666502,0.1177724972296494,0.17537070773566663,0.10370645588050646,0.09236887976823023,0.1201756901806722,0.08799737081849046,0.08334198245987094
0.09995737241406012,0.10765135849030871,0.042153141945516254,0.0718124053370449,0.11480071094336669,0.10005398319258269,0.1662950036862858,0.20314547853197173,0.09413054545886317
0.08347404621231963,0.10060171786953394,0.050736793860839485,0.08998358699537208,0.14223730210996932,0.09904595609093296,0.1476176011498234,0.16578326965053267,0.12051972606067655
0.11797972673126433,0.093172694455484,0.03973892589729393,0.18323032149191246,0.14289281273673252,0.11162672727694674,0.13734306985549968,0.08030250445394238,0.0937132171009239
0.09568383938142346,0.11708257375169479,0.07239208809586459,0.08828156299250504,0.12227567134518828,0.09605645942147256,0.20411213293840288,0.0976482453338917,0.10646742673955674
0.08430556357217256,0.10426578765638878,0.0810158220184672,0.07179263275337555,0.1490612949744938,0.11956201380575338,0.1825037166500125,0.12329054863118723,0.08420261993814909
0.09154655761188712,0.1032977369692158,0.06663482740816515,0.12108741282321689,0.1342985854830995,0.07372174548535305,0.19124556984012578,0.1256806960960108,0.09248686828292589
0.10465613607395731,0.16376454235113894,0.15575766986041642,0.06656685654585308,0.08162100899619845,0.09738793370546207,0.09929078633867332,0.09697367535530282,0.13398139077299762
0.09609892200293439,0.09364656860768855,0.06021546518619767,0.13341036110557608,0.15653708991076554,0.11183495051956606,0.143386655725787,0.12654833936184365,0.0783216475796411
0.0985221524330983,0.11930634195773575,0.052272101679321635,0.09930800810828827,0.15271745110509327,0.08932358546189677,0.136795885847227,0.13819310606028776,0.11356136734705131
0.12503001939937103,0.12151523824246939,0.0945911113000349,0.09730018592679578,0.10855485930509279,0.08078101375244347,0.17350046325402638,0.09776614314750698,0.10096096567225919
0.09960320485857126,0.10588335329101566,0.06572255087390436,0.10962346038248676,0.12808473744992738,0.07532999464443803,0.1773421199928241,0.12593464199676127,0.11247593651007126
0.08336747338007776,0.07511350075908668,0.04774421293278144,0.0670036632041464,0.14722359565216944,0.09285694166420465,0.22480454977564454,0.10979560211794988,0.15209046051393935
0.08878883066398598,0.08134743146585631,0.05738467431377641,0.1384374494842786,0.16355371339917968,0.0887041227928283,0.16181918894903155,0.1191829620768891,0.10078162685417408
0.08280957616926753,0.11760715561448086,0.03994759164996598,0.13350211963666447,0.11283397959502058,0.09416577525876119,0.13514872572826567,0.18605842949751425,0.09792664685005947
0.10378628478459127,0.12165590082761539,0.08904726798745467,0.0975994815839154,0.14222196656176425,0.13416593668790913,0.10250771272033332,0.12380685470785723,0.08520859413855936
0.09773313472595553,0.141831293302164,0.09109168522526061,0.1407520500143046,0.0715090851734222,0.1043226847145569,0.1672145380786064,0.07203078000405598,0.11351474876167385
0.08565726415812175,0.10218050698761788,0.1078922297154938,0.08801317146956365,0.13432373358789976,0.07427063708999192,0.18807099389942303,0.12574079308858796,0.0938506700033002
0.08597766670663919,0.09980158665992168,0.0644368569652047,0.08356948559868982,0.12078824497127745,0.07991303356044258,0.1931157824563021,0.1606209259348719,0.11177641714665058
0.1038195307847501,0.1243422376290151,0.06667487837634847,0.06953997604515036,0.15618424236934783,0.10623251819136674,0.10964334476005937,0.11117823341860313,0.15238503842535892
0.09838474809149171,0.10746593795749027,0.08654166028741528,0.07626622884580271,0.12730106584975662,0.09362363802408642,0.17031260315472704,0.15519023876844043,0.08491387902078949
0.10693675922683764,0.1276199331158672,0.07107784738407526,0.06318727478639324,0.14371490342388873,0.15119479588005905,0.07052936809155914,0.10204868556978812,0.16369043252153168
0.1560474462414246,0.13592119025986657,0.07240563549498612,0.06074355004661966,0.1151416373455502,0.13177598513314634,0.13383687100814168,0.09964220667181134,0.09448547779845355
0.08878751654055617,0.10936308503928911,0.08297759661510097,0.11231561972841247,0.13764903704307888,0.06441244309333057,0.15083871492582523,0.14458360229576941,0.1090723847186371
0.06669771763220993,0.12069590445708106,0.2846112622062095,0.06107595823732324,0.07688252495214927,0.11897826202012252,0.10515188539237445,0.04859877787103675,0.11730770723149327
0.12184432389235261,0.09810207582261528,0.07073014188565628,0.08324430999932968,0.13708566428196164,0.08492289405695619,0.2031697829131509,0.11052995545488135,0.0903708516930961
0.14003795062258584,0.1449872846174939,0.11478919036831092,0.07425368142459825,0.1370427161481986,0.09106062805308668,0.0775826050047637,0.10580995683779339,0.11443598692316868
0.09813882068710979,0.097934864199364,0.0732374138261253,0.09492528911920774,0.14173757059742856,0.11512083134702981,0.14185159147988444,0.12593777833955264,0.11111584040429771
0.07479246914426933,0.106041368331157,0.1937636317915563,0.09746905543749444,0.15579597422053895,0.09363955072178408,0.09503571301748075,0.08242339994328975,0.10103883739242937
0.08153832475793325,0.08756071155113859,0.2538726554376624,0.16917763229046248,0.12455616367638504,0.037460736118620615,0.08170498313898324,0.0740994083830217,0.09002938464579267
0.13714177153594934,0.1119564531826085,0.06434189580735794,0.10515149625419594,0.1432374252556499,0.11283457883344435,0.12108400716017158,0.09565212802646951,0.10860024394415291
0.09187227052003644,0.10590751329242197,0.05760150984772408,0.17439318700352202,0.140214721283499,0.07487342834517456,0.11915902036074215,0.12005598529676864,0.11592236405011123
0.08617505448751477,0.09497152066723037,0.15463808774339147,0.06977879058953756,0.16802213182741987,0.16216161044032687,0.11227437551127228,0.081006860116825,0.07097156861648189
0.10237479649328801,0.11022279143903728,0.16293618736384344,0.0825246761098641,0.15837011988983674,0.07589863379198485,0.09621843400551156,0.1163383721967635,0.09511598870987058
0.11597680304576784,0.1039852816307577,0.050244075074641646,0.08871963603424611,0.15766186559985296,0.07804552691913752,0.16820875880182792,0.1357577018297045,0.10140035106406374
0.08147703432092891,0.0967066385048927,0.047578378566661784,0.11103626011928584,0.12919348816200016,0.08012855742891478,0.16182822178910602,0.18347210872022754,0.1085793123879822
0.093753119261177,0.1016260767930508,0.04890940301360771,0.130417869235381,0.13924415649606575,0.08439141673861883,0.16539709711186765,0.12230092602029456,0.1139599353299367
0.11392958485070948,0.10481047997419395,0.062172894673273325,0.13683504961554696,0.1383058178148791,0.05986153658763536,0.1602815741932053,0.12283852902984911,0.10096453326070731
0.10146998779777784,0.10937715040305995,0.061839519856924895,0.10652503492900073,0.1659076167906189,0.08738615103685748,0.10668926606493705,0.15279049931702324,0.10801477380379994
0.08344568915261641,0.11579692409004039,0.16520709871342046,0.08883913876789101,0.13581953740191702,0.0756447485112302,0.1404864834808275,0.08164393116051753,0.11311644872153952
0.13440916351216617,0.14316467684530357,0.04982012804904593,0.09073533624075937,0.14441626997067178,0.10742805959422319,0.07252471438653262,0.08753067876099298,0.1699709726403045
0.08998184730103398,0.12951844376114685,0.12057631074792952,0.1113811400717859,0.13728016919071803,0.09786458333491298,0.09135138746793547,0.1097872892653707,0.11225882885916665
0.093907563552939,0.13971901863990047,0.050612003221373436,0.19046412670737914,0.13630671295001212,0.08661612852077666,0.07088542610076597,0.10994207063434926,0.121546949672504
0.08408640101028021,0.10811334833481472,0.05611870791559658,0.1607751337039893,0.14078309980347295,0.06626892721067396,0.15501774995472703,0.1320545217663899,0.09678211030005542
0.09257941336204595,0.0993195852543619,0.04285305230690189,0.16840401570436558,0.132378790625645,0.07539342035006787,0.12881502839081102,0.16411602655339982,0.09614066745240102
0.10945280528405672,0.1014899806887327,0.04864680132573974,0.10124643012263172,0.10056971501239297,0.07672835098975755,0.16399673135372353,0.2123555521018562,0.08551363312110882
0.10067485529170839,0.09641424619826051,0.06273931053496482,0.0953994810015683,0.13215121319479672,0.117461825061058,0.21432282482349507,0.09699802510741319,0.08383821878673507
0.09049734563090321,0.0928583762844822,0.040703651715758064,0.16976987600614116,0.1728182632144285,0.07327477983825231,0.12058711770620271,0.12658494858057753,0.11290564102325425
0.11353237750132944,0.10117544576817679,0.11657672705651001,0.059599613270927304,0.14667216914257014,0.09753320818017878,0.12826968603657385,0.12514507224508306,0.11149570079865061
0.13810977128639312,0.11910800017976912,0.05195559618109863,0.10886722188748153,0.08800468042373581,0.07168968143513425,0.24688011723591993,0.06733249407232521,0.1080524372981424
0.08029526867880722,0.10184003854411434,0.10177398355104778,0.12855239150749262,0.14015222356858256,0.1297032858332288,0.1462975352308605,0.0864190471532698,0.08496622593259645
0.09629423437722424,0.10249176730226135,0.10832343633353521,0.11471421188426567,0.11280776304923161,0.0900134649499204,0.19207708391595524,0.083786413803987,0.0994916243836193
0.07289873810408379,0.10648446860506722,0.10355718809613136,0.07957098905291286,0.1592141460285911,0.13148046594087393,0.13641896225633207,0.11370216499459102,0.09667287692141673
0.08625613275805906,0.10783425985950805,0.04895490088837914,0.07035911848502334,0.13076849661383813,0.07433389801467839,0.09822625753406185,0.2529466285011565,0.1303203073452955
0.09961064430965742,0.11600747827797803,0.03903332745144772,0.07992044866380896,0.11348715592395063,0.14834908649418388,0.18842066310044034,0.10989229709101193,0.10527889868752106
0.11042839314277718,0.12102130210555834,0.07501780484385258,0.09209624327579914,0.0898950807183273,0.06531177291898668,0.2160816227978156,0.16289702540208906,0.06725075479479412
0.11301036796123533,0.11694343480815876,0.05787058706064486,0.09386209793655013,0.16715999600276635,0.11355869339744684,0.10122590879628006,0.1244634013829607,0.111905512653957
0.07875888196307478,0.10546651732308539,0.051927044222770675,0.16922280416036295,0.13075535922953263,0.08768366245414078,0.13234857277990236,0.14961878303721476,0.09421837482991564
0.10036824333945625,0.09554813909203741,0.04077835275763006,0.1175705803973071,0.1466297290421844,0.19655595931054548,0.14657530782097503,0.07854521062110231,0.07742847761876191
0.10816743341695827,0.13168999531685457,0.2492206492499797,0.06378028636426336,0.08990711110660982,0.058935521813567725,0.09956874300943752,0.10345753141495684,0.09527272830737225
0.10173378869982776,0.11735430327873768,0.2151072283304288,0.07614191595941293,0.09677141110933767,0.08332533383309489,0.15869448897431404,0.06869467206133205,0.08217685775351415
0.10000096682446831,0.11397986050692976,0.05628390347486695,0.1134671323620533,0.1562064168241872,0.09840015962230027,0.1251769606875807,0.12774931338738174,0.1087352863102317
0.09296506012508365,0.10886817640898798,0.05520022562767298,0.09783034100343696,0.09902383854430842,0.1254345351627795,0.1633674717096786,0.1785211805128787,0.07878917090517325
0.08738499887257632,0.12757441720773835,0.06548502864710506,0.08264613522649245,0.1405465833027891,0.1112648335473025,0.11628310105874672,0.15338258372013497,0.11543231841711461
0.09795563942942616,0.11742194764538938,0.10690426087882422,0.1448291868010085,0.13663233356898954,0.11202126325068336,0.08638810169752649,0.11533805802431989,0.08250920870383244
0.1285699379580986,0.10254094338007007,0.04988711249611461,0.19608608157023047,0.12648543592316502,0.06873722417645847,0.1220225764410419,0.11504003016499402,0.09063065788982684
0.12687275469741877,0.1173853584815906,0.062417206980748374,0.0736859953976765,0.1284248758716384,0.1133111277707987,0.18246788736080913,0.09558388473580855,0.09985090870351103
0.1286063136073992,0.12449054047200385,0.06449076929577428,0.10272618327356664,0.14238534308413683,0.0927884408204641,0.10117760067849522,0.12725201737687578,0.1160827913912841
0.10360455380130718,0.11970292762199312,0.0593361699830515,0.09427336339871527,0.1514141993195891,0.10447630325819572,0.11736329937273156,0.14445171838121476,0.10537746486320178
0.0723765638806146,0.11210486605731522,0.12282569672948301,0.06652275682610743,0.08935836973626143,0.08256250421991583,0.1670449011843205,0.1432907452009352,0.14391359616504676
0.08969830930361673,0.11218979055808732,0.08734607533819162,0.09410866630345101,0.09086279973447864,0.08130967837670952,0.22290469368838006,0.13302648193976327,0.08855350475732178
0.10602702415572185,0.142790165352107,0.07598483319418962,0.0951226709969248,0.10285459113932616,0.12222504715251048,0.11400083597260484,0.11824498758697492,0.12274984444964032
0.09315232320696765,0.1127822368671883,0.09823206758266627,0.08090199707630201,0.14664298541617413,0.1255242047235477,0.1334045577770313,0.0912974949039082,0.11806213244621444
0.09985238946320475,0.13905157826119716,0.05714163526856336,0.11649602991062269,0.10910958703797709,0.08459822955174283,0.1465747035475012,0.07849740352299245,0.16867844343619856
0.09315894462608443,0.10555320758763041,0.05388496502636756,0.10978571201348175,0.1379698355949924,0.07705763734892344,0.19022265334374425,0.13136357018565734,0.1010034742731184
0.12038151861956203,0.1308228051134421,0.07853401614475845,0.13294241772177556,0.10226015674411067,0.06355411979694384,0.1282411721852366,0.14962965423976152,0.0936341394344092
0.08163638465258975,0.13406835121157987,0.12145801706934607,0.07891163435776984,0.11955201607337355,0.09989818791540274,0.1179984887978585,0.09057019778350228,0.15590672213857745
0.08024347223603905,0.12687753415804331,0.05425959995080911,0.14413234895751567,0.10009039477960163,0.08368193521958305,0.17591797140704238,0.15428790525730596,0.08050883803405978
0.10884580915308074,0.12379562489231104,0.07736665692097693,0.0914974579919443,0.1184551108608423,0.15169308079373436,0.1298672696701277,0.11407989096111577,0.08439909875586682
0.11704098881290313,0.11745991681912409,0.05250471311138871,0.19552570122962953,0.12984716874416238,0.0720925837734067,0.09472340715148508,0.10463286926795497,0.11617265108994541
0.08620829232731318,0.11954047093173185,0.0649383599563594,0.14203385297485338,0.09665255667774357,0.0771758907412597,0.2001152444073194,0.1278747352520909,0.08546059673132866
0.09043117132356167,0.11429262075764879,0.04468894193049792,0.10115191211171254,0.14905895583518788,0.09785586844505495,0.1412271254230223,0.14034959727063145,0.1209438069026824
0.09752368517748976,0.1078366995756996,0.06578330066933934,0.08182293829627459,0.1611026963424139,0.1619408224783767,0.10302794005993425,0.13049623708522584,0.09046568031524609
0.06989620387965206,0.10216846516872424,0.03568659745878371,0.19515700347183937,0.1282378889548844,0.0609429967696577,0.10092852275964694,0.21470849525634006,0.09227382628047154
0.09299316783878957,0.07773854103380086,0.06572462973464886,0.07446966930386935,0.10620281293939955,0.1358701215438606,0.17470262416478063,0.1725450465433022,0.09975338689754841
0.12013645815714531,0.1075733722703197,0.049288612477387,0.10101138982162416,0.10907349464940576,0.06587785418439858,0.184320571116533,0.11351256722733571,0.1492056800958508
0.06250936290807055,0.10736330214559175,0.09927813545502336,0.11420953185527953,0.11034626173512134,0.09777204773691979,0.13502524572728888,0.10030856442405338,0.17318754801265135
0.094866724815127,0.13298724473858994,0.19395774013379685,0.062041335163485145,0.06483417467796626,0.15359678087499454,0.09264693813636883,0.10737033039695225,0.09769873106271915
0.07665908255653867,0.11559721583919064,0.09033730510398263,0.1317793623066299,0.12460858385738009,0.09628313431072022,0.10894522652211931,0.13937452053613672,0.11641556896730183
0.09972029123954208,0.11964175294825284,0.05810585232480409,0.10410255408666354,0.11006057039202005,0.06528584091200651,0.19808187916350786,0.15678546468913482,0.08821579424406815
0.08855067584381031,0.11604050320072458,0.058189201096793076,0.09798645737411514,0.12183756824210352,0.09123247417248315,0.17104916302774656,0.09049305439865325,0.16462090264357038
0.09865182790200239,0.11344214745197827,0.045456579956028566,0.10947995850540042,0.14343917342603626,0.09727277165360104,0.16136870353237978,0.1311615056150218,0.09972733195755162
0.06310129031332029,0.06481609095743003,0.048837100611262924,0.06802090707406717,0.14514384468509833,0.0627135720763861,0.12500445860396503,0.2640619406860475,0.1583007949924226
0.094628195563282,0.11393068461449411,0.053752547490855174,0.08339872542033339,0.141786830628398,0.1229893953778622,0.16917282232559275,0.09411003505374628,0.12623076352543616
0.10971308019466758,0.08422158407849885,0.09781054196375738,0.08047091524850626,0.12192910042957238,0.07568890426925891,0.22863053619508714,0.10924586511240053,0.09228947250825092
0.07848091193221302,0.11039040830450214,0.10913186593366302,0.18389127305672104,0.10705816923038079,0.07179419779245147,0.13347200335318574,0.0981455159803636,0.10763565441651914
0.09797952039128636,0.1313758683856858,0.07629757165818059,0.09709454471703283,0.136483806519527,0.08564815431718371,0.14142613565859943,0.12181494122718128,0.11187945712532298
0.08984497570069859,0.11228683154687542,0.07166326541889263,0.07435608050387932,0.14832249726439026,0.07462906521553535,0.14973372472167454,0.14714964054207563,0.13201391908597826
0.09661703780923687,0.10365754679716738,0.05026241545877309,0.10397440219929767,0.15215772438019892,0.0818020226812617,0.16157021615762274,0.13733372849070902,0.11262490602573255
0.08417487660751967,0.09082765753036869,0.037431907633645845,0.07634102735503209,0.10925616332891364,0.09981471684675806,0.18059299908728932,0.213561765289758,0.10799888632071468
0.08964300316812444,0.09411220958232767,0.041304199945728814,0.07830930398736356,0.13102751359614281,0.09948446135326279,0.12757973574765039,0.256979308283658,0.08156026433574154
0.07629119898105018,0.09404297078396433,0.08902017926007683,0.07504848462524062,0.12699519673964654,0.1287228319290957,0.1741160533143027,0.11881729403875178,0.11694579032787128
0.09317836588946511,0.10561028829779194,0.05967037543335676,0.10269399065645597,0.13450498507943817,0.07398863872898497,0.20072286906225142,0.12877018329017353,0.10086030356208216
0.06017996254420849,0.09952723323752521,0.043139568229685614,0.29172578278490774,0.10187177880653027,0.0850744713049385,0.12647525892706904,0.11196447226546256,0.08004147189967255
0.09227317729050037,0.1197145326104272,0.09577910555221035,0.09648803158054171,0.13730349550063284,0.08025608855652115,0.13793410130410436,0.14734881763943178,0.09290264996563023
0.1670099865036528,0.11583774727040123,0.047397087568338464,0.07707635856087046,0.12695891248173433,0.14490650905516758,0.08419870668773499,0.04897140225781327,0.18764328961428686
0.11379613058717984,0.13766868173658764,0.06523891284805024,0.14712737945651314,0.10889763328725537,0.11319797634384167,0.10254293684003034,0.10575695665765972,0.10577339224288206
0.09715323546324468,0.11439886260906056,0.06063866737209459,0.12977243976428102,0.11001465588285823,0.15524662533751854,0.1402354756825777,0.0903135769109165,0.10222646097744825
0.10468235223662321,0.10878768014701916,0.059180512506669336,0.10523307607900335,0.15861108920187214,0.07181648453183741,0.1449055481606625,0.11183690704062486,0.1349463500956881
0.07945761971524819,0.10366326694693784,0.08416023914788014,0.19447764067421694,0.0998021064402181,0.06555147684046943,0.1686935381165785,0.09886406980553024,0.1053300423129206
0.09373624122193956,0.09178817756572343,0.04163146571816196,0.09213141833284122,0.12183708374962404,0.0629114967633233,0.21647365440025704,0.1644729228282361,0.11501753941989327
0.09807945993703525,0.09942755867924469,0.06502941956075199,0.10435939823630125,0.13063193706150264,0.07515554725146346,0.19173889712066905,0.14202272301770877,0.0935550591353229
0.07246506313666719,0.08283647870284656,0.21391875431846838,0.055249803914284475,0.09938758474473369,0.05815243968973675,0.21448321962099262,0.12109390806625064,0.08241274780601972
0.09912704037897686,0.10303097514123849,0.05773542009876933,0.10593123437235379,0.14074501449794208,0.07747857135504678,0.18745180012023122,0.12352068058333211,0.10497926345210938
0.08831555034955363,0.1066890298276474,0.08540634732815773,0.13285501111047013,0.118525395106426,0.11932077613474999,0.17568589914424151,0.08968068450363398,0.08352130649511973
0.12398153449606336,0.106624128731727,0.06632241148569644,0.10605339427366722,0.13925687087379932,0.10235687845461093,0.1321945897480757,0.10012350091285038,0.12308669102350965
0.074715036445318,0.08063018087568133,0.03586729351373343,0.11622171191456916,0.14249733628470562,0.06697190193542414,0.13666830522127063,0.19556360574722417,0.15086462806207349
0.13065537667098706,0.12513722533861862,0.06720545873340322,0.06116286798886086,0.13991079373954493,0.11478238797953642,0.12083236404616073,0.1424039445425202,0.09790958096036796
0.09477120787024407,0.1239319649954659,0.04664533790262987,0.15878596619514576,0.1360181347397066,0.1089527047117849,0.10911106147666944,0.11533339436150296,0.10645022774685049
0.08384066096268757,0.11278352866747421,0.06165963023588131,0.08085496155330009,0.14661194108552414,0.10467090466803979,0.10977111448859207,0.1635787094221558,0.13622854891634498
0.09041523349966667,0.12709982530263053,0.13882311206428025,0.05728311214833026,0.10632815864882662,0.13681712749908437,0.11439861639160953,0.1332609672802057,0.09557384716536606
0.075744347072862,0.09489127362645815,0.08728464369407335,0.10673664257196354,0.1760448330981024,0.09193988528960494,0.16615627707171213,0.09968748917541216,0.10151460839981137
0.09028047243155368,0.1050511771069539,0.05272048947630253,0.1041206243138777,0.13848473129873828,0.08145677619651726,0.19007897446565172,0.13352321887812899,0.10428353583227591
0.09983372066478607,0.11309380074903723,0.060314546918568496,0.07937172284137829,0.1484129803757874,0.11687151215331933,0.15290165825049543,0.09561128305270476,0.13358877499392297
0.08372922108416787,0.12283719141758027,0.07902021263525653,0.103810641584498,0.14720890169731948,0.1666103768744374,0.08690705396510134,0.11971806172407863,0.09015833901756048
0.0934952791607007,0.12097516715253087,0.07649293536685108,0.09995629959298075,0.11795280196487558,0.10989511142352591,0.16780146242496488,0.12398067045948236,0.08945027245408783
0.0763076970070201,0.08776777969792349,0.17414786605433916,0.06274891554328343,0.10842427736876238,0.0671471926854176,0.13723246364353386,0.1871864032767658,0.09903740472295429
0.08478491418670386,0.11383895159495605,0.07398098063085574,0.13022762158839266,0.0983208133621486,0.07565929310914186,0.19788387235973207,0.1356217766363684,0.08968177653170079
0.14930930890729663,0.11689234022541624,0.06544628113444192,0.10907209367656256,0.1294261312240095,0.07753266100244081,0.1355897973920888,0.09656995670236342,0.12016142973538009
0.11875736911881919,0.12228585252454499,0.03657286731100623,0.07112515587129946,0.10207714032082436,0.08675841550179136,0.16520369673999777,0.17612645539390703,0.12109304721780961
0.1063289455805853,0.09648407882221566,0.07950429653166373,0.1512957696894096,0.12341536033703966,0.07999629556148878,0.17065239319941894,0.08409781085666541,0.10822504942151295
0.1053616777034981,0.10863982064230142,0.05839756022972489,0.11642945523519858,0.15325025176235418,0.08457089500249804,0.11379974812944178,0.12491098213724727,0.13463960915773573
0.11083138843789346,0.11796610057722802,0.0603492769392891,0.07814930429569727,0.13282941741484425,0.22616859950674587,0.08786765124335343,0.07614334629103763,0.10969491529391102
0.2186301210566314,0.11724332107062203,0.06074951103327144,0.0702222968820221,0.09710090489291508,0.11761452585090017,0.16810350190361487,0.06711346153976973,0.08322235577025328
0.09858074471466162,0.13481433161538672,0.0707409073463012,0.11173956109861423,0.10811951989467848,0.09892393953067706,0.13920397145391536,0.16161079810493897,0.07626622624082631
0.09467899800352846,0.11139303200637,0.058583421893956544,0.10631361184840181,0.15891219107227775,0.08697311008181892,0.14758722337037408,0.1271022276106161,0.10845618411265638
0.09754949821766613,0.132185568762708,0.07914422021389363,0.10130731753164211,0.11164377265424057,0.08171699664343167,0.08432515405306311,0.18349481767306255,0.12863265425029216
0.10205218449800522,0.12073508037461443,0.07788843620055191,0.09786777580320749,0.14254128292035925,0.07420597052156815,0.12284077571497061,0.1397705636268688,0.12209793033985412
0.08864952884292225,0.10673739863736725,0.04942312606293478,0.14491709854724974,0.12314064612598018,0.08474270955919912,0.19419080732825625,0.11298627792188531,0.09521240697420509
0.084917494690806,0.11263093500310294,0.07100857326152765,0.10229223273975478,0.14108279647968874,0.09353954169582968,0.14166949417159827,0.15798769003437999,0.09487124192331199
0.09440626691311337,0.1066005158076286,0.05472890626980249,0.16562703755017683,0.16395944177134944,0.10611825423138573,0.09337171990949028,0.09306403146631474,0.12212382608073857
0.12160573089374609,0.10221780846875379,0.08223640388362916,0.06010831101207386,0.13098716779563124,0.10808499517342111,0.16392633217479038,0.1524592284371114,0.078374022160843
0.07749774620609375,0.10581948831570777,0.10421376345369726,0.06970375623436222,0.10174871021405126,0.10535711259383067,0.11205824715344777,0.2021746009099171,0.12142657491889226
0.09802134062407548,0.10823797096808456,0.05941422950434156,0.09359957865894848,0.1281419739226823,0.07013929097801923,0.20065599350780197,0.1371287474727388,0.10466087436330755
0.14138994562020346,0.10752008336435516,0.05736843004522901,0.08049316566439185,0.1259470610407202,0.07965366393175345,0.19491574356477992,0.10630644367494697,0.10640546309361991
0.0946068368198315,0.11682422853850426,0.06383458506058988,0.1259089967133411,0.1087925226727287,0.08684674104694413,0.15802494946322532,0.15893336648327103,0.08622777320156405
0.08474444642438121,0.10366261480559887,0.18665042672511659,0.06767241855094423,0.11785224170255892,0.10073159379150727,0.1507681065342279,0.1021487690109112,0.08576938245475374
0.09026871759940042,0.11763965565388405,0.05660183693831675,0.08515809247167037,0.12130747876633226,0.12392206740595113,0.18644157863592006,0.11112999470891217,0.10753057781961278
0.07491117841738412,0.10471796358095319,0.0529428685912109,0.09308582408560506,0.1340709209422558,0.10199173592674553,0.15447107458880974,0.18261393033325302,0.10119450353378252
0.09375083694456625,0.11567832368096502,0.04914515458396595,0.11146664871522945,0.12659044045684645,0.10170935483160352,0.17196521227257303,0.12926509526544186,0.10042893324880836
0.12129108403468832,0.12011868320499719,0.039636302191885193,0.08179509366163312,0.12446054629611418,0.08526937599101098,0.16436479994635048,0.13308914998140287,0.12997496469191763
0.07700464967807784,0.0962490655119701,0.1955225630838784,0.06194836387779353,0.1040026644455096,0.07552102357785,0.17645745710266783,0.13301231465529442,0.08028189806695844
0.10686623810143386,0.1319239487270736,0.05266744445700997,0.10775800029212355,0.14971537260963366,0.08102220522451384,0.09433218472749368,0.12551005476831792,0.15020455109239989
0.0994402735086309,0.14587738247594506,0.11125456467258195,0.1273011732749326,0.11197363223979216,0.11483273013753686,0.09490780060421955,0.09024714168315384,0.10416530140320711
0.09160015023518268,0.11535158217201968,0.07006606403693609,0.15668650759508315,0.12467163655561324,0.0532000409622046,0.18023811295322564,0.0948896195958493,0.11329628589388563
0.13070410032461696,0.15411036295614425,0.08963398325621791,0.09312434481001008,0.10829092359107989,0.10371787406031234,0.14944498121237956,0.061154785153414326,0.10981864463582465
0.13393993407050533,0.12501043241604792,0.10682080499692613,0.08849734566852101,0.12600963568167242,0.09521535714322882,0.10235503396403678,0.1140356762075157,0.10811577985154591
0.08481577544197955,0.10514117967772552,0.04996197257670079,0.09590914177413766,0.1384394503326115,0.08754618673243401,0.17387647718346985,0.15935899338694193,0.10495082289399922
0.10240042485375789,0.12140043664367749,0.19731318127872008,0.08922338663147833,0.08042670649098134,0.10870531605532469,0.13754691371245023,0.07423888418090428,0.08874475015270561
0.14171277569569396,0.12979906086866075,0.10860603112027169,0.08425105303314062,0.13048559944274127,0.10787317487224522,0.11531876841845208,0.10224088266557081,0.07971265388322356
0.08420593932071285,0.11056628241775195,0.08815784696292657,0.08748674646332964,0.15424659495917925,0.08649543459304815,0.16084749326958026,0.10526114621442155,0.12273251579904976
0.1282360590902717,0.1303718686813763,0.05654190164287929,0.10526573228228575,0.12529238014293434,0.12134001803443123,0.12356397371769691,0.1177080085402407,0.09168005786788386
0.11732793825811112,0.15336572113256788,0.07877981359192156,0.059605822430806095,0.0946496457785253,0.220534239088276,0.082026608631575,0.0573341079381574,0.13637610315005957
0.12481375724589233,0.1596319192767832,0.07870560263711791,0.15283492359634201,0.12278909429402696,0.11193296358614495,0.06901299766006198,0.07450048414767459,0.105778257555956
0.08979575613346359,0.1063327039625523,0.058257618363167306,0.09308502958657405,0.10885123964775932,0.0787276954317473,0.20446419093900495,0.13777448936180725,0.12271127657392394
0.12769046565018197,0.12199118410319627,0.14770469154181537,0.07398256526314258,0.11964175224898259,0.10275059403685553,0.10171850668196518,0.07335382557193142,0.13116641490192915
0.11690337813569346,0.0989785978018665,0.044350594312403034,0.08273270193063657,0.13325653505829646,0.07891215033970984,0.17867835333208712,0.16103976050995303,0.10514792857935402
0.093087536362567,0.1091376272055208,0.0649526285464722,0.13155779111326485,0.1233158301772691,0.07456769775911037,0.17874141477393043,0.09580074930099153,0.1288387247608737
0.09074715472503429,0.1029975405482803,0.05388916231591286,0.1061904906420335,0.12699959428926091,0.07022165348699677,0.20929770390896615,0.11755694240316306,0.12209975768035224
0.0974299301110521,0.11953677261576433,0.05552974201433358,0.12095407934136004,0.140631623209349,0.09354772889554341,0.1401899254901974,0.1276266913083073,0.10455350701409288
0.09972187973736546,0.10227347480776217,0.06939988463318159,0.11262651372270945,0.13208722667580297,0.07421984118233593,0.1999415258341061,0.1097453742578784,0.0999842791488579
0.10373765215933856,0.11801720462878795,0.046553415549230225,0.10824133045549285,0.12471112918803773,0.07365339659188842,0.18437864950503716,0.1253097700676972,0.11539745185448995
0.09987073654042651,0.11401921477547637,0.06289963202259295,0.1273261926621497,0.13053923146371296,0.08431664657179679,0.17160050110798808,0.11612417530056203,0.09330366955529452
0.08813250219211494,0.11916937834536141,0.06690526761571186,0.10489232022221777,0.13457536538432896,0.11850274671132018,0.1385685345134929,0.1303059959839767,0.09894788903147529
