0.13361354164430764,0.10814768158782835,0.08758008638283055,0.12254899214627683,0.09986088552519952,0.09652076562716379,0.10512363947079977,0.11982537873393766,0.12677902888165593
0.15157510722745132,0.09403039614524478,0.086846079891565,0.12077570956171273,0.1030052577206389,0.09474946143681778,0.10679290685557312,0.11685328201605077,0.1253717991449456
0.13892357018012524,0.08887755415293337,0.09058239346770684,0.12442336848375983,0.10220225612284307,0.10464352954353363,0.10755564201084793,0.11769164236724343,0.12510004367100666
0.14622307843580531,0.13051090772392007,0.07144073875118319,0.12269274549435343,0.10083834283756317,0.1032346343074355,0.09909484138386448,0.0889173641437332,0.13704734692214168
0.1040759611592093,0.13523600542996625,0.10078670933867938,0.13206129473586709,0.08861765059881364,0.09506618629113393,0.10223258352592003,0.11697410298427409,0.1249495059361364
0.15318482916002782,0.09157986355343994,0.08580563132813035,0.11963525554853909,0.10793691940032879,0.0961489971125107,0.10657849952579444,0.11380212007859902,0.1253278842926299
0.17360029301887855,0.10877095817642558,0.07925389224795541,0.07551465138498346,0.11386727349553422,0.08640092102042274,0.13665794447537333,0.11275301977060309,0.11318104640982357
0.14572327936467022,0.09888328270031259,0.08806551223668675,0.12495478019813916,0.10204903099792717,0.09501889435065619,0.09679928478554249,0.12211892328922143,0.12638701207684394
0.152574283004847,0.1031131085565143,0.07531480054300696,0.11819977921821907,0.10385032476666949,0.09547192332480448,0.11447461841597883,0.11113140726621223,0.12586975490374763
0.10736340266610973,0.10044483431804353,0.09886645965891094,0.12232723669902335,0.07661743312841945,0.15174825658116106,0.10696486622098884,0.11361813932459576,0.12204937140274737
0.12015199741679028,0.07641102483855448,0.08657959261621767,0.11578989616493689,0.1172985606014918,0.1224415953038241,0.14183113596072605,0.11588929804637223,0.10360689905108651
0.18311009657167224,0.09275467693730177,0.0815035747919864,0.1200202502470644,0.12309360376630535,0.08768401588533924,0.08799513479672359,0.107420924227889,0.11641772277571805
0.1380289909140947,0.11670700631173914,0.07014856221663952,0.10740430734445737,0.15645380938346173,0.09645642192822611,0.09713609682569595,0.10634468938775732,0.11132011568792821
0.11484099137667571,0.15870502100946596,0.06510963074490807,0.11761747620336689,0.1655810013756853,0.08625203081669326,0.09802066666852483,0.09580393520822143,0.09806924659645856
0.12097030377195254,0.111291965191803,0.09291539155092503,0.10826715285062716,0.12320511280311713,0.1353506672739148,0.08938492855057456,0.11244235743953797,0.10617212056754777
0.09887494994261074,0.06745096826255077,0.12326395861642962,0.13048714656759827,0.08302093072123355,0.14748913234238184,0.10020032352616227,0.1175149774113693,0.13169761260966364
0.11991740148377521,0.06285029568788761,0.06567948067614648,0.11432107112122371,0.12404950194421636,0.18035592080474352,0.11166127270436445,0.10323297843595906,0.11793207714168362
0.1512127097502913,0.0949752334467374,0.08915823459389678,0.12028765846883503,0.10352208650838383,0.09546814128877416,0.10278644730054742,0.11795039982500084,0.12463908881753322
0.12269807620590593,0.1186018485497969,0.09332931609478312,0.12042381286230164,0.11630812375881407,0.08793239823051867,0.11055294850549073,0.11734392809278722,0.11280954769960172
0.13868185250585519,0.10861450507399935,0.09646321324187841,0.120015927725088,0.08151459823241276,0.10002432780264607,0.1271349552399062,0.10989785757069546,0.11765276260751856
0.15406167176114693,0.08814737181659037,0.08633747971360073,0.12293170699715318,0.09750523558150315,0.1044697030314604,0.10923600886420849,0.11592550544157083,0.12138531679276592
0.12829562043817494,0.09102985619853708,0.08181686419245306,0.09841431720223337,0.1253532681601612,0.08663175497021658,0.15060783857450633,0.12660896486485942,0.11124151539885797
0.1512127097502913,0.0949752334467374,0.08915823459389678,0.12028765846883503,0.10352208650838383,0.09546814128877416,0.10278644730054742,0.11795039982500084,0.12463908881753322
0.11928937386909673,0.09905670382756239,0.0896042803139366,0.12130402019380819,0.13593012831963744,0.09935198287258973,0.08475121697600263,0.11230063316132861,0.13841166046603764
0.14741446563175384,0.09206202919729066,0.10798841393305021,0.11883707050870256,0.11716227319776835,0.08292137781352937,0.09980202102198832,0.11053094092350406,0.12328140777241264
0.13796474236281908,0.09130891768745615,0.09411709703153592,0.1237470121680514,0.08437862483958103,0.10247135133204373,0.11548228075763319,0.12364686755397353,0.12688310626690594
0.06613761258803247,0.07669964942821532,0.1025085427683524,0.12142493311377776,0.13652411714415405,0.10080555489911357,0.16205293873346763,0.12201548122612167,0.1118311700987651
0.14859627955198346,0.07488857320591298,0.09441013970763183,0.1283272617390437,0.10245054171015429,0.09115536100334627,0.126682405944657,0.10878949082025657,0.12469994631701388
0.1512127097502913,0.0949752334467374,0.08915823459389678,0.12028765846883503,0.10352208650838383,0.09546814128877416,0.10278644730054742,0.11795039982500084,0.12463908881753322
0.1823385155960351,0.13511031188932723,0.05532068869637166,0.10413707463239973,0.1621744438804109,0.10087031506946857,0.07439509537555451,0.08634136170186157,0.09931219315857072
0.13874844606075012,0.0923823408181504,0.09809920973611769,0.11629519095306069,0.13114039217385282,0.0824935313075329,0.10430922187419778,0.11134625549994774,0.12518541157638988
0.15906244396703842,0.0805625585508978,0.09949794436423132,0.1155588449516568,0.11669793707898952,0.08680831163107279,0.1089394262947148,0.11556567217714882,0.11730686098424975
0.1519710042302745,0.09934823278428807,0.09430449541087021,0.1229097621207041,0.10203419248212788,0.09292016516543623,0.09448014240327562,0.11714849047561048,0.12488351492741297
0.16985048623592502,0.07711190582852441,0.07370175932433931,0.10887112716745935,0.151085796091463,0.0809856726106683,0.10810022251785055,0.11724482286574954,0.11304820735802047
0.1489008199084877,0.081405482040364,0.12279631235470378,0.1272531149061071,0.08357780857952045,0.1052332512196877,0.0979731485158493,0.11699263602727229,0.11586742644800761
0.11924312690185007,0.09074672170784431,0.07633509454526823,0.11392639492308747,0.20635674059858386,0.07951217069233933,0.11376844293349098,0.09289278205649469,0.10721852564104106
0.13964525376613832,0.07781975224831693,0.07235282987367966,0.11493931467336792,0.16476667087059707,0.10012333399541133,0.10744338840150856,0.10606737033678082,0.11684208583419953
0.11353824267077817,0.1115500460347643,0.10883637006197551,0.1349007286016913,0.10082423291816629,0.09067077105568296,0.11804860189628985,0.1061833641149938,0.11544764264565789
0.1641631937196653,0.11331112286545914,0.0871617092309415,0.1213613922510377,0.09404261782808322,0.0947027070417456,0.0839996354512527,0.11504187277862404,0.12621574883319078
0.1512127097502913,0.0949752334467374,0.08915823459389678,0.12028765846883503,0.10352208650838383,0.09546814128877416,0.10278644730054742,0.11795039982500084,0.12463908881753322
0.1288775826143748,0.09324205907044135,0.08694295580959932,0.12609849571583273,0.09942712408682408,0.10555971679597409,0.10897933396552434,0.12122200234149887,0.1296507295999305
0.1461635169235063,0.07693184338036162,0.061338046617098095,0.11152924998083229,0.13208440278530365,0.11645148448409497,0.1264741664474174,0.10937378712859643,0.1196535022527893
0.11685429796919933,0.09072767473437433,0.08864737686484664,0.11541801287545235,0.13067442209314603,0.0995632851285329,0.09366498319336591,0.13206933138245416,0.13238061575862836
0.10878626856134671,0.08793556995677893,0.0923320623763984,0.13081502242063317,0.0848425988147888,0.12027060310851025,0.12634606201226375,0.11931910368680844,0.12935270906247145
0.12247140714675932,0.0886522598662644,0.09870166304559708,0.11282174102635593,0.16938893475215963,0.08192616925042857,0.07294926104165467,0.12904500431426913,0.1240435595565113
0.20294213181731832,0.07801828231071546,0.06942295456249503,0.1083573633342454,0.11226114122204085,0.08340197423621547,0.10214740864233558,0.12260299838241617,0.12084574549221777
0.08118694288306781,0.07203007825358702,0.07801313960062735,0.1307228355717148,0.14502147245385802,0.10350404735980162,0.12658038013515305,0.1301831708555559,0.1327579328866344
0.20583310780232253,0.08715174888380134,0.08414012922899615,0.12628399592278758,0.10548401251885377,0.09423157546684363,0.08106425954979801,0.10380967010544344,0.11200150052115358
0.11983052319305336,0.09347220108137837,0.08363480413630782,0.1300214964820916,0.09959103929211512,0.09598295411551509,0.12672751288076375,0.12432620487000438,0.12641326394877053
0.20278402733051978,0.08326960383609895,0.07818770440037821,0.11709102649664903,0.12781774274779853,0.08456153717955305,0.08429747843792738,0.10864990650193379,0.11334097306914133
0.13688253607694997,0.16541117984101966,0.08147639953051274,0.09953318938456285,0.08694880590978266,0.0888369427067514,0.10294821225288493,0.11062454648818627,0.12733818780934958
0.15153086429548374,0.08678613879924435,0.10400901138392138,0.12445958185177526,0.10292024790098249,0.09595179359934575,0.0943412518530065,0.11052924168848222,0.12947186862775842
0.13412466747406812,0.11871167209427214,0.10808588695332028,0.12432775768355392,0.08717003048574272,0.09848576357840895,0.07645060224976565,0.12241795061423681,0.13022566886663145
0.1102938372567381,0.10121625653651296,0.08868784730247865,0.1429835787780965,0.13488590881415893,0.08326793587216787,0.11793788885824476,0.11254916821070841,0.10817757837089377
0.10636634704260373,0.10197074916174166,0.07670802894013111,0.13337115017135814,0.10103373520338386,0.09520018264590956,0.13751447175188838,0.1201575291077404,0.12767780597524317
0.09237711161771604,0.08453609848180155,0.08098674820593642,0.12361314490771495,0.15116638349139977,0.09708992784784248,0.10906147409519747,0.1317767104770103,0.12939240087538104
0.1375891485360499,0.11742616902619117,0.07191573471516559,0.11236159603708866,0.16235424356057923,0.09749905437709107,0.09111968700146128,0.10080234203609068,0.10893202471028252
0.1512127097502913,0.0949752334467374,0.08915823459389678,0.12028765846883503,0.10352208650838383,0.09546814128877416,0.10278644730054742,0.11795039982500084,0.12463908881753322
0.15964091472879774,0.10414080144774539,0.1010671176387153,0.12425098988482018,0.09714312388851398,0.0905390577698277,0.0788355243291443,0.11800867208793119,0.1263737982245042
0.13838035331757145,0.09128612738950588,0.09928092356466633,0.1239863747214059,0.10453682604636964,0.0980210741519121,0.10441907796576526,0.11607618871150405,0.12401305413129948
0.12489918500987167,0.09841711536286168,0.08801513593825078,0.12297252397606201,0.1066708896501312,0.09896307477873499,0.11563921373482482,0.12035743882804584,0.12406542272121708
0.16204170550258398,0.07636060456945686,0.09761808753286795,0.10879937970765437,0.08269538506234518,0.11147830666346514,0.1081548173375287,0.12165655795145773,0.1311951556726401
0.12890520402664674,0.06943404348215858,0.061563528006349934,0.09376160864816775,0.19521503075892985,0.08539199185604118,0.15017367194101286,0.12719461829922818,0.08836030298146492
0.2086945075836839,0.06812645583840687,0.06268895123914918,0.10479470687366994,0.20254518717778214,0.07891951135762433,0.08598619802336467,0.084589315671196,0.10365516623512279
0.14846627635048706,0.10343117166598802,0.06789103200454567,0.11035934522974923,0.11172412795725029,0.11076871056272249,0.1048064453545865,0.12092742428498315,0.12162546658968765
0.1545688651627408,0.12626119090259602,0.17105359559670982,0.09923389677637144,0.06378699169088627,0.07612438091156898,0.10657429909241202,0.0941822302511784,0.1082145496155363
0.104737817874176,0.18968201895381076,0.05848324351945585,0.11432319854791191,0.09634179740792954,0.09306771926085605,0.12543303475533243,0.10263367313256244,0.11529749654796494
0.14213197715456394,0.16253476862097038,0.06887849604220517,0.11300528300808273,0.1443374203177981,0.08815623229228865,0.07948354351590466,0.09395167861617776,0.10752060043200855
0.15488968663466418,0.07056428033717158,0.09823424226895681,0.12653099978529767,0.09131715507026877,0.11528934206390701,0.10107294251625261,0.11309078252212601,0.12901056880135542
0.15202539681014587,0.09804496032141806,0.13081574945304705,0.1255184093158909,0.09600929097768207,0.1016175697187976,0.07070929898642764,0.10073380044498582,0.12452552397160492
0.12621350901335984,0.13334266389439287,0.07852740005784041,0.1066842235254901,0.11158079891157514,0.08622958676797939,0.13924950715840656,0.10604419633873378,0.1121281143322219
0.14681026302085945,0.09757593355700256,0.08883155148498352,0.12284126572802469,0.09501866214596967,0.1096502800969467,0.09166053254255158,0.12216099378618683,0.12545051763747497
0.12376748034510393,0.09230434340070703,0.09798753425983198,0.11945322709622445,0.10613822734261942,0.09654180160255858,0.11121910498249939,0.11766004309903365,0.13492823787142164
0.15964397528323382,0.10900877317215112,0.08473500777417635,0.0989750210173231,0.09550142313566344,0.09884478455319223,0.10121099467121113,0.11689122683802855,0.13518879355502025
0.12513693228818182,0.09983073741396148,0.11538076547770883,0.12518033282831953,0.0943192939333846,0.09554713606590881,0.10458578765101706,0.11674997094075157,0.12326904340076626
0.1602937199569827,0.054285090905789986,0.16451058103616342,0.10882951057105793,0.08950430263948111,0.14230402186782434,0.06984680905979786,0.12161935765635556,0.08880660630654709
0.11937486010748626,0.08474252594832828,0.27410819967329164,0.10013232605638578,0.06731282139569918,0.06692768912186985,0.07703826822884917,0.0970687562589282,0.11329455320916158
0.12223841986370476,0.08458327988069077,0.07584753407407366,0.11411855575629408,0.11055217246121019,0.11094859707078142,0.16007249542093158,0.10140497246057317,0.12023397301174042
0.11846205779219114,0.08850966951881178,0.10033999215842054,0.12849005327179397,0.078501254654831,0.1044550936714751,0.13067506274531485,0.11911311820510628,0.13145369798205522
0.15979190232026638,0.09344368099404236,0.07441386376677181,0.11380790707337048,0.0837515762874597,0.11105104837280388,0.10846145841118097,0.12247720133008942,0.13280136144401508
0.10002555574701205,0.0976228302302069,0.07049090519426213,0.10455090433623514,0.17438549313724483,0.10964543319210197,0.10178232098148286,0.11021489560673776,0.13128166157471632
0.12567252609770918,0.0758812824506614,0.08244126687800289,0.11210466258814052,0.11227531611211222,0.1464158223900817,0.14999435780327933,0.09045611686487169,0.10475864881514103
0.1512127097502913,0.0949752334467374,0.08915823459389678,0.12028765846883503,0.10352208650838383,0.09546814128877416,0.10278644730054742,0.11795039982500084,0.12463908881753322
0.10972538482159104,0.11399624839780982,0.15608245168066162,0.12836446840692448,0.08059211669338597,0.08560408585205646,0.1115841445303417,0.10261643153544255,0.11143466808178631
0.14918990960787062,0.10601315383303285,0.08766187792259628,0.12273099760465202,0.10874338970388737,0.08773286978916622,0.11856386959568821,0.10423262573571553,0.11513130620739087
0.13729636519509358,0.11776821387517901,0.06937273576258347,0.10676815941732011,0.15903330242992678,0.09648961112338379,0.09682110070266849,0.1057887137226282,0.11066179777121639
0.15291773120626742,0.14576209847377072,0.0866921558950494,0.14025528824625558,0.0898307584005746,0.0866397576422722,0.06254257692577798,0.11483283244080932,0.12052680076922269
0.12351524149076899,0.09955399529012232,0.08784097998558328,0.12670732112390967,0.08342091624216368,0.10948269667270798,0.10809014085363373,0.13524166011884622,0.12614704822226414
0.1512127097502913,0.0949752334467374,0.08915823459389678,0.12028765846883503,0.10352208650838383,0.09546814128877416,0.10278644730054742,0.11795039982500084,0.12463908881753322
0.12530326107280718,0.09115591044806626,0.0975999992535196,0.1130369487923031,0.10598548748338736,0.09531492710233923,0.1291388075628432,0.11168463009698266,0.13078002818775147
0.15126762083859477,0.10598855772322326,0.1364650141444574,0.11105295899384206,0.12783859170234338,0.07484257466874517,0.0841370263178136,0.10289500428220305,0.10551265132877731
0.1557421452576913,0.06232606899486463,0.17637932656211985,0.11368970036385816,0.06404278995688706,0.152345260092803,0.08569345220272416,0.09483647523342013,0.09494478133563171
