0.08859965163907542,0.10382790334979275,0.10646073186689586,0.12114739135366503,0.09984060999816131,0.0752887445779099,0.10014680267344445,0.1945040601422412,0.1101841043988141
0.10035412369228047,0.13405207625846102,0.12196993748058188,0.13002893447077013,0.05623726757886107,0.10795641178808946,0.09433219978562203,0.14455906031767737,0.11050998862765654
0.10517703846114712,0.16277758297428832,0.14014322590483794,0.1395362816332902,0.05876960467594805,0.08884747011800169,0.08769585562695888,0.09489413396564439,0.12215880663988342
0.11255470077768755,0.08832186785804208,0.10860838548210629,0.10467285077788097,0.10443823271249901,0.11792605879501983,0.08045739674968018,0.18836403382784794,0.09465647301923626
0.11011023655837464,0.1648293571634337,0.1141642732923837,0.12596054966062728,0.0552831289763883,0.08446758754657502,0.10188665513937722,0.11960574175664544,0.12369246990619474
0.09584347934118424,0.1762973477560095,0.12679261043328957,0.11883938000886692,0.04902990354500575,0.13472492280558582,0.07741777054059361,0.10375785785687475,0.11729672771258981
0.12122681944531576,0.1265369704298542,0.15148755080056572,0.12489057703231199,0.05158129433308447,0.08280493520662734,0.16485677994401016,0.06526387502217908,0.11135119778605135
0.08876622983648953,0.17765925834904292,0.10211323262637118,0.13274896372266518,0.09955715329930544,0.1147208766281413,0.10732643649806428,0.06793081940715967,0.10917702963276049
0.11335897997427456,0.15520305416118588,0.13355408477676048,0.1328394182094449,0.04839128795999417,0.09212393113172995,0.09323362619745433,0.10577143669129035,0.1255241808978654
0.12126857489489085,0.14364841073014614,0.13167608045089263,0.1339760128207859,0.05700146283818791,0.09273949536104333,0.09286830094194388,0.09677446076017208,0.13004720120193733
0.10922980907557006,0.12204865992098307,0.10674540960313894,0.11443283718394122,0.0780213381690827,0.06640808395320155,0.11151528770146912,0.19585470908323754,0.0957438653093758
0.09501213151019405,0.12492768379496484,0.11460083317203174,0.14505709013177773,0.05955918165680465,0.11756963063189725,0.10594272069433065,0.14237504821861838,0.09495568018938066
0.10193233949573376,0.12596832528507296,0.13877958263673154,0.15138067131298136,0.07624293024312007,0.06701851949810737,0.09277943091837686,0.12812408808672376,0.11777411252315234
0.11145181951239401,0.16567012079027005,0.13692231238287858,0.11149244169478965,0.0573432406380777,0.10411209196242227,0.08399197817441073,0.09851875263538183,0.13049724220937509
0.11929168449824089,0.12355044806521764,0.12106796711993122,0.11713779604402542,0.11964831893350668,0.06304250722487258,0.10107411616269078,0.10019665320909717,0.13499050874241755
0.07956050970771793,0.17999514465730582,0.1149009947032242,0.12238337644930163,0.0793501929270859,0.05568317373042304,0.13638770317600898,0.10691942309243058,0.12481948155650187
0.08760444100010557,0.1434018410368151,0.07271335279977789,0.09683079213029933,0.18702507673762406,0.05335698305074207,0.07753933760995337,0.19440643873723476,0.08712173689744779
0.11802887385859129,0.07763053866344367,0.10305860904523019,0.1310860518501511,0.05289387758651312,0.14131878666746217,0.08732767743427372,0.12489198573384148,0.16376359916049318
0.1114722006745154,0.1307087805990896,0.14415780070552642,0.15207658491158682,0.09310035877404388,0.07246966812685669,0.09790622908760027,0.07040251972380608,0.12770585739697493
0.11335897997427456,0.15520305416118588,0.13355408477676048,0.1328394182094449,0.04839128795999417,0.09212393113172995,0.09323362619745433,0.10577143669129035,0.1255241808978654
0.07680430720034866,0.1339478120587558,0.07034093720773711,0.07339560920012637,0.12050530381461129,0.12893961850024932,0.23307883606007565,0.08953152791937875,0.07345604803871698
0.09900715113591797,0.17510748179508254,0.11059900826950285,0.11217803061474724,0.06939587868575224,0.09251706426169226,0.11107362425878699,0.09500855049089109,0.13511321048762673
0.10802173193199749,0.15086773158394118,0.12133682566683002,0.11562190857366773,0.08085902393939115,0.09374439261669827,0.07659878984292055,0.1521263214216172,0.10082327442293643
0.11205572871715654,0.10928319613198108,0.13496290807031378,0.14167307291551523,0.053073511959856344,0.08536573457831181,0.11301864297519293,0.12175265961637816,0.12881454503529405
0.11460384842745236,0.17269255235058958,0.14012335382195526,0.1236303986891496,0.05276718961099459,0.08942786182651029,0.09311337349040451,0.09538949878421898,0.11825192299872479
0.0823631610497743,0.10617904878971456,0.13828642552737214,0.12449907810368499,0.049647271639681544,0.08279158110894232,0.14090398673695478,0.1518000932739476,0.12352935376992769
0.10321693678987609,0.1556052068477342,0.10495895722653714,0.13090389105307368,0.11061659264900482,0.060063165807365725,0.10304975872086297,0.10864997111293112,0.12293551979261426
0.09861614389538624,0.1425806403405185,0.09078796498722543,0.10677180447069705,0.13676743604970606,0.08687282368213571,0.13940501525881152,0.08109223847815739,0.1171059328373621
0.11862871815186214,0.10933865832840632,0.10081498582449126,0.10936148479609292,0.13858512309281668,0.07615316358674282,0.09478784264905556,0.11162395781851585,0.1407060657520164
0.0881611531710476,0.09241656800924103,0.09784901625541158,0.10738980612447213,0.17596461265664418,0.08015609279852358,0.07323332792882829,0.12268124711635554,0.16214817593947609
0.10846873523063681,0.15156480931681868,0.11127330285189345,0.14307960804847833,0.04850673530431147,0.08364574818112087,0.10984703828289528,0.07916009380522405,0.16445392897862102
0.07491235877022329,0.15574287565576608,0.10031762506425625,0.11632538416037104,0.04999708128135216,0.16073488139659411,0.13444243763505573,0.11659003795106959,0.09093731808531175
0.11656061767310144,0.14270457858450103,0.12773094324201814,0.1128600341994518,0.07492912069555031,0.07825604672356776,0.13094333471265,0.056125224632492816,0.15989009953666675
0.10550549102713325,0.16444250273622127,0.128432293104138,0.1164843366790223,0.04709852102966685,0.12037854430919359,0.08105397985868994,0.10231265044458983,0.13429168081134488
0.1053521189093891,0.1449665860685621,0.11079753661132213,0.11747757521621298,0.08645045547873237,0.08012344351596194,0.109860561711498,0.12763042373621206,0.1173412987521094
0.11335897997427456,0.15520305416118588,0.13355408477676048,0.1328394182094449,0.04839128795999417,0.09212393113172995,0.09323362619745433,0.10577143669129035,0.1255241808978654
0.08207404584525764,0.109056546000513,0.09150546024195667,0.10205840940270844,0.13094651193554332,0.0797639798682952,0.09875822142851136,0.21202470893451467,0.09381211634269969
0.11633483468462984,0.08555700768361572,0.11688234186267432,0.11214231840830093,0.06614053279303946,0.058196844306090144,0.11639266472753255,0.1959993860311384,0.1323540695029786
0.11261808674467694,0.16035698267782564,0.13102891672598502,0.1364388029318309,0.042756978778619704,0.08484692259969782,0.09308731350484452,0.11513311561904456,0.12373288041747489
0.11175847408476698,0.13433556268335853,0.12381337144243858,0.1201590308233147,0.06997504950407991,0.11253952172635388,0.08718854260828872,0.1220248794545722,0.11820556767282649
0.10532929505131472,0.1650272971549579,0.09941087066881205,0.1111550609930566,0.12203633040749408,0.07862308256825591,0.10165786398997591,0.10625975119900599,0.11050044796712678
0.11182492576889404,0.15010619851962262,0.10660311171011778,0.11019968207074698,0.07607025637271507,0.07078323200229289,0.16103395752577884,0.1026595941980916,0.11071904183174018
0.08950176161598572,0.11868818004031627,0.09768831492600955,0.11832037789295358,0.13541417680636467,0.07029292492579502,0.09416770706900163,0.16613728460831564,0.109789272115258
0.11152014400341377,0.13611921315682685,0.13087494644501885,0.12598965543952267,0.05890697520830046,0.07500068801131221,0.10876685592235101,0.12802129013925267,0.12480023167400155
0.10209621733709001,0.13491828703176473,0.11771112732123713,0.1287279379008502,0.04450172883206414,0.1560352229850052,0.08146550959072374,0.11085390174437616,0.12369006725688869
0.11592791669557168,0.10302923079875637,0.1423761567929956,0.11723780804186264,0.04522433428226134,0.11811343210064644,0.10546334007319914,0.14074121917551996,0.11188656203918683
0.12651211538318058,0.19313635721266165,0.1157930620610127,0.09465412763069096,0.05913954089203514,0.060730301926785635,0.10622131097426364,0.13822639241596898,0.10558679150340061
0.09432285002508246,0.12203857385280499,0.06644898800789333,0.06157823010383164,0.07813988313138362,0.07579587025337585,0.2880227437219005,0.15103204841557907,0.06262081248814856
0.0903290868784179,0.1162817299586489,0.14947069420701037,0.11291657548819074,0.054119365556055704,0.0808195159272479,0.0968585294371415,0.12344815633415897,0.17575634621312805
0.08769934871437045,0.10692471539081261,0.10389341745484705,0.12080192867047373,0.09624606790597205,0.0695069870937667,0.17834240011813562,0.12851877245671076,0.10806636219491106
0.10205615130176764,0.14065348528543267,0.10232371814484686,0.12813859473855452,0.042081517637396475,0.07403682980331865,0.16265032089949044,0.08701762487648794,0.16104175731270473
0.11495821895605407,0.12903084273372303,0.11423525079992648,0.10496760758549693,0.07181980938288417,0.06205176838693686,0.15392770813991452,0.09838699456574847,0.15062179944931553
0.09039484679644282,0.16699769147513818,0.09306330726485129,0.08274549104165604,0.06196610248532624,0.08428286573574516,0.11684789227509453,0.16685804409005378,0.136843758835692
0.10355413694754327,0.18089967999250378,0.14190710851862934,0.12444548066123118,0.040527584000105144,0.07598284807562482,0.08014475272982961,0.14745042518124973,0.10508798389328317
0.10710743805779323,0.17049766642224815,0.12378044673326623,0.11250924899150394,0.06469699883392464,0.07548352377092453,0.09499029206825711,0.14826753018016878,0.10266685494191341
0.08509862024167571,0.06966450524536118,0.1005670131657816,0.11919760728881383,0.07613382466737513,0.08948278504716256,0.10913718136736349,0.12824930299128554,0.222469159985181
0.10514742387886052,0.20462596565611815,0.11940880989123953,0.11674722843019035,0.08286984224843884,0.06369142979384775,0.09106213005668894,0.07968297857709988,0.13676419146751612
0.09190495501332262,0.13074551022818576,0.0984922284852139,0.11844123442174126,0.12257406603603349,0.09925058759148753,0.08004115757964966,0.165913476493988,0.09263678415037786
0.11650650952333479,0.12529917888591194,0.09420123570944307,0.09502628840431125,0.11281371809743194,0.13503507027314943,0.06556307110901267,0.1062700030279166,0.1492849249694883
0.10408463712206861,0.16366227422086624,0.14406819732506457,0.15519455167131913,0.06475806701182397,0.08635549622629508,0.1102947629916242,0.05720489137880256,0.11437712205213568
0.09132019895054194,0.15555922937465042,0.11857836730688827,0.12057441875884989,0.058290988880976634,0.06583374795695356,0.10851640181241289,0.1676111602011944,0.11371548675753186
0.08482247754376913,0.22580028425848894,0.11453097020054388,0.07908852863529965,0.062105025506727494,0.14052893914162254,0.07621460911585909,0.11926907586569378,0.09764008973199549
0.07926817160564044,0.1363570841302325,0.16610556291410264,0.15395027172772044,0.052619939013470514,0.14924661507013545,0.07108018902762103,0.07461833130542493,0.11675383520565208
0.10996901522984942,0.12261929723149645,0.1224585859519464,0.12520600780695068,0.056724621364214745,0.15493881245057486,0.10140085951359534,0.08633687058471307,0.12034592986665904
0.11312790005783356,0.15589640149965678,0.1328292908566867,0.13349582173627395,0.05113783372807592,0.0913007508264833,0.09254405057369997,0.10550829156193688,0.12415965915935297
0.10252926309330658,0.16201477397889008,0.12335465075615365,0.11471499253872659,0.0477772605574141,0.10703745733281751,0.08849394578257545,0.12002150450904266,0.13405615145107333
0.10938685198767427,0.1608692176683304,0.1424957045373218,0.12950423066687844,0.050411544341039054,0.08520441218448623,0.09179138197567412,0.103707870540924,0.1266287860976717
0.10481876316204923,0.1293109739108084,0.11215204324117378,0.13950692098478013,0.12439245239355916,0.07387725824661599,0.10501913719046728,0.08810829262934754,0.1228141582411985
0.11875152911478072,0.16290501959551068,0.12361980882681407,0.11174385309912917,0.0432676573314107,0.11455359792106222,0.08336416663910069,0.11512802693723413,0.1266663405349576
0.08867459638531117,0.14988029453091317,0.1411816187503178,0.1256854661476597,0.08467328672505199,0.051691699950299735,0.1433023160787996,0.08114294101237397,0.13376778041927284
0.10858239420053899,0.1706948281592573,0.12747717970479291,0.12631613394518718,0.04556774164565457,0.08622495352598718,0.09495270959225742,0.08965630018514537,0.15052775904117902
0.13036037421885907,0.06023614607401127,0.12347269179921899,0.10760277145315263,0.07319573477320473,0.07791352145373545,0.12915931075933912,0.11532747585312275,0.18273197361535598
0.09202817908856246,0.21452165706626958,0.09273206555000063,0.08316409112143922,0.04334910766674361,0.08905395780610374,0.13771737970549583,0.13344439972553637,0.11398916226984852
0.10270609371943418,0.15608836502870185,0.11829565092369425,0.13434004515560408,0.052541321821162314,0.12421731965588441,0.09547795298261923,0.09783787369250592,0.1184953770203937
0.11393556448576452,0.15589537151345542,0.13092521278773397,0.12292473167485818,0.05124219087818288,0.08162156217265348,0.10663955476068564,0.1099600842801101,0.12685572744655574
0.0976733330676705,0.15704295047872716,0.12606418118854476,0.12164995878843583,0.056128652985289205,0.07582322160796141,0.12334949702203883,0.11635960472204286,0.12590860013928942
0.11733062548135502,0.1797599128224127,0.11454969501518682,0.12026043609675974,0.07190221086483521,0.06522681597107959,0.10103694489732536,0.07009498513195679,0.15983837371908885
0.1414978098809553,0.11809829881179716,0.14999986085300385,0.12968821485726204,0.046870143529170204,0.0842846618756155,0.0925259257380834,0.11766867998284714,0.11936640447126536
0.13100913795525432,0.14263877716467838,0.11259660954413865,0.12312691305053847,0.06188821611240527,0.10500260232794793,0.09003936891796445,0.10412883939104493,0.12956953553602768
0.09542120816961176,0.1214789057532979,0.10263126848775855,0.10461014333569692,0.061440893286983635,0.16119376410833064,0.11461006654410205,0.14416903104268342,0.09444471927153515
0.08033063129354495,0.23646660569092437,0.10026124452902933,0.08782843657723778,0.08598946136427466,0.04712699681244528,0.13505889742382876,0.10509536996506143,0.12184235634365341
0.11548055691238468,0.16240228283504307,0.13005511200923636,0.1638603452209709,0.06995834463497914,0.08750900222853429,0.09652248373610794,0.05541229940634677,0.11879957301639692
0.11008278568451313,0.1297944997423369,0.13283122244905102,0.1280818634592497,0.054249051923947224,0.08795173638859093,0.0904170834237396,0.14737709628938198,0.11921466063918952
0.11743206361679061,0.11287971071102006,0.13250259785581045,0.1332518938107584,0.04772283346297842,0.07541885660028534,0.11366778686767502,0.14556718879777983,0.12155706827690183
0.10892104325571257,0.13570212421675917,0.11899422065327496,0.1345088747082087,0.05120948450351991,0.09418957365871111,0.09618003356492599,0.13862677553507097,0.12166786990381666
0.0928263335971095,0.10515053043494271,0.14119025047464964,0.142074397493101,0.07845393986287595,0.06850643763670711,0.11327147775190498,0.10685257686854233,0.15167405588016677
0.06662158438451012,0.08342586955997659,0.07644557305520285,0.07254159838439185,0.3831683798626426,0.0398902571912915,0.09520177177741256,0.07851693309807732,0.10418803268649457
0.06798322007719358,0.14605955589406375,0.08616656619485512,0.09360428315690138,0.10952086965849454,0.04341001090959321,0.2208673989999159,0.12266004054812522,0.10972805456085723
0.11310375788446735,0.18762242990570419,0.12147568332986626,0.11006810088183915,0.04362974697742609,0.06191136537445529,0.11330713184805667,0.06317833910700225,0.18570344469118283
0.10262867565987295,0.1351614752431636,0.10915548487917863,0.11492227260605181,0.05117552051270205,0.09072660073254106,0.14337557679566562,0.1448340850461386,0.10802030852468573
0.1244176322224395,0.14396157030838577,0.11080435696825615,0.1310301415396918,0.04805990395329155,0.13368716570449582,0.08765892132074533,0.10345139268745067,0.1169289152952434
0.09020520451510954,0.19875447381127942,0.1149176557609442,0.0771313486310355,0.03248549977812955,0.1803398577804346,0.07469355845039817,0.10017790637023084,0.13129449490243814
0.12120033597903168,0.1431227759666778,0.12452355604203368,0.13460361433075965,0.04691559767681108,0.09344964452745959,0.08857067437518495,0.1185396479646889,0.12907415313735263
0.11756331602604901,0.15315157808591595,0.12235304414197874,0.1278814456234894,0.07357952409696376,0.08284253279568549,0.0909800474513397,0.11289595881082831,0.1187525529677496
0.07966898547293486,0.116256582980446,0.0937098664814809,0.12510843824780082,0.15973891061240364,0.06362040217837965,0.09138667756080304,0.17358614137103326,0.09692399509471783
0.10711673397307397,0.10291430363561076,0.13824322413827203,0.13880904197218202,0.04699655488471257,0.08900888353685783,0.10092205708201475,0.14416843236580398,0.13182076841147208
0.09440248704980471,0.10746548631849197,0.10892544082216532,0.1266587920090492,0.058751189611751464,0.18959276826401586,0.10901605680159188,0.06310345123964527,0.14208432788348438
0.11860399314361486,0.12969467176311553,0.12319905891888526,0.1533002680675654,0.09133824504630494,0.08580938413733508,0.09111407059275466,0.10511582684222098,0.10182448148820328
0.10434421210673235,0.11295894031322291,0.12057658161543656,0.1529154111559085,0.06438709145794182,0.07017137637064957,0.14888393999024693,0.12598266866641297,0.09977977832344843
0.1343750386859712,0.08923027348799317,0.12260107162734164,0.10562411878189211,0.03727306289241209,0.20512245798590203,0.07993865262896374,0.10796168869164231,0.11787363521788174
0.1266948525649004,0.159182563709532,0.12664644147352638,0.12187348731560842,0.05592630930615052,0.0817792607287321,0.09700136208054493,0.10982210145037084,0.12107362137063445
0.09504307168331728,0.13947778445141495,0.1229067813825807,0.11869124811192121,0.04792304624284199,0.14984543640867032,0.08873144261855039,0.11864273593406593,0.11873845316663723
0.09830547103791376,0.17385176995775695,0.11884559167708886,0.11106202302387924,0.09177898277385832,0.10419818234451235,0.08243345796009639,0.08713163829749031,0.13239288292740384
0.13473199280495743,0.17472809574418793,0.12664684521125147,0.11916561433261212,0.04906476519504039,0.0908535922231985,0.09233531866038713,0.08359516875482571,0.12887860707353935
0.16080395628105618,0.0920314491427905,0.13551665771999324,0.16206265108690832,0.06284777859782971,0.09090310265586005,0.10592732839685144,0.06196952296582945,0.12793755315288113
0.10994858064767499,0.12256339295269737,0.15221550146367582,0.1205729831485454,0.061953473334631505,0.1082302666228185,0.095753241617455,0.09434502674519855,0.1344175334673028
0.08906467093747018,0.13321302039853394,0.12240711048494231,0.10981295225503705,0.05242159311162187,0.06856177044717444,0.09565253516051908,0.1504903388385523,0.17837600836614886
0.10830508613743393,0.1884701165199497,0.12639208316040643,0.11964602977415106,0.048914984204074474,0.0784832831223289,0.09818473496822981,0.101800100145694,0.1298035819677317
0.09433823876411086,0.1650947724882802,0.10840532217708175,0.12419261875832381,0.04435610415900987,0.09126942747926296,0.09745344664309262,0.145159427138381,0.12973064239245688
0.12097784385657462,0.1460906813699148,0.12230898672560153,0.11396940243092267,0.0469490144127642,0.11451582070714965,0.09659671255772569,0.13003059438638762,0.10856094355295921
0.09028206615765134,0.14177157582952715,0.08176480265703516,0.0711412347250502,0.05500489055192753,0.06129416837653493,0.27913009585922927,0.11277056761079624,0.1068405982322483
0.11795307985392202,0.1524516664243803,0.14142896201329827,0.13136236250570385,0.06329369951061431,0.08325706911016674,0.10716610472818927,0.0860646911859058,0.11702236466781947
0.11177503294255763,0.16143192232031223,0.13999700822323824,0.1321006445390354,0.04665174985296614,0.08798564789151048,0.09104342416649058,0.10200844613836625,0.12700612392552305
0.09482819040085504,0.046796235595134454,0.0657186703134565,0.07244540282918227,0.13171688631869008,0.0973588134265559,0.13373296226219522,0.15381189756438693,0.20359094128954366
0.11192531880425123,0.15281558342911494,0.13124245481452723,0.10791096297088089,0.06253321970246327,0.08829725130536453,0.08124947126037639,0.12011374142693086,0.14391199628609067
0.1202383544340747,0.16788019591262163,0.12646293443816795,0.12135027929545716,0.04156819263214198,0.09948044241195253,0.0796988363341961,0.13823788961561057,0.10508287492577743
0.11688758370091644,0.17779944805031445,0.1410979077409935,0.12470530774425999,0.04675232951807715,0.09197707204191778,0.09744815887634257,0.06921053280008675,0.1341216595270915
0.11919772831582993,0.15070222168777672,0.12717384696076237,0.13115250042622326,0.06407689785748905,0.10143560233394676,0.09248478231763667,0.0940284308498045,0.1197479892505308
0.1016191516061203,0.16239284338269866,0.12419018561617405,0.13078432829906372,0.041393711856904575,0.09223607660758854,0.09284177344778315,0.13167093602259092,0.12287099316107612
0.10369720823171369,0.11110506427023485,0.08723077930864605,0.08589592368661192,0.22666500402524284,0.0709686426488454,0.06526230075843437,0.12768219739167255,0.12149287967859836
0.0915464511389591,0.14891566992373514,0.14105473543763297,0.12890624212841614,0.0439425387919056,0.09411460760337685,0.08652920350151855,0.15334496658052651,0.11164558489392923
