0.07640677847391322,0.11186903115635811,0.17614086700539258,0.0961018853946432,0.1383763105961455,0.13029894757614252,0.10194833133594201,0.12530097689427874,0.04355687156718408
0.19438478961339278,0.10716541083356108,0.12893370909026122,0.030936083888219782,0.12786789659891326,0.11949708733901253,0.09063632911806375,0.15003881663455682,0.050539876884018814
0.12531202918252965,0.09836862569179598,0.1417218706837732,0.05037787843293904,0.12594921787221128,0.13825227113403973,0.14907122606530496,0.11773764036702504,0.05320924057038114
0.08180994595590048,0.17129944990601143,0.12139978059178202,0.029729141105390874,0.10956757288593466,0.11834253450314713,0.07849321458788203,0.2355038220386284,0.053854538425322944
0.13440460038070032,0.14791521591961945,0.14599526665541493,0.04090757474261136,0.12333664943425826,0.1300311302491385,0.07832403652002727,0.13761588579546521,0.0614696403027648
0.1095135981945322,0.06897294211207845,0.1238135958252725,0.08258872801091714,0.10730434803689674,0.1306987859860802,0.09139993167789136,0.1669782959945505,0.11872977416178088
0.11433849548486931,0.0780565709269729,0.17458616592091722,0.054735795047322254,0.12482132260458839,0.1382611719777596,0.07735652183655038,0.12656397694433338,0.11127997925668655
0.1541062514403368,0.09882015551408158,0.1370837940736697,0.04333720969575062,0.1190360131577501,0.1283384510495533,0.09227211826334165,0.12645952154394066,0.10054648526157565
0.05229043425157834,0.16326855474134097,0.182414208058566,0.08945481857062143,0.12718587968333928,0.11230018417951278,0.11847168204510859,0.10181123090366516,0.05280300756626747
0.2052019487793034,0.11694119595381158,0.12094244209811213,0.04032549962115801,0.13514951929860347,0.11205488832908278,0.08727119067301008,0.14076592527585066,0.04134738997106794
0.05258227513478916,0.2506772046898833,0.13840510733126188,0.09496696532769884,0.10214818924007518,0.12068891474794845,0.11251011124772792,0.08744996607234772,0.04057126620826754
0.07404014952657038,0.09169039700595172,0.19218838120816417,0.06092512885359518,0.13725260308223566,0.1425255686082861,0.10988498999968432,0.11041311974448316,0.08107966197102924
0.12625451471319202,0.0496550161663399,0.08942235344155325,0.03130652318331223,0.09551702219105461,0.10907482688342153,0.10040374947878782,0.10344915445956383,0.2949168394827748
0.11132771345129348,0.1300749489752878,0.1531035525280375,0.055217599177674846,0.12404267411003415,0.1335471624107526,0.10469996946962075,0.10917835176915276,0.07880802810814624
0.07090622140338783,0.17999495895250797,0.12904645284480623,0.10284419414979616,0.12693744987475772,0.12032742976875797,0.08809557096482123,0.10438696519284052,0.07746075684832428
0.15467459863414437,0.11408955015363435,0.16407053019412568,0.026972607883998485,0.12873235590464308,0.12270887920706432,0.11615830528021,0.09459456970673763,0.07799860303544208
0.10418802956364108,0.14447718988969047,0.1348839620536688,0.06431060454164722,0.13222161666752807,0.12234616147486725,0.09174497488011457,0.1336612801232175,0.07216618080562508
0.11758661848357808,0.14275305468549498,0.15552507296963033,0.03692273286350906,0.12993747786524146,0.12525473485093028,0.08136211457600064,0.13035715388702754,0.0803010398185876
0.046868511574888416,0.09160567808364145,0.1359802449596648,0.03566936438208828,0.10282856545374501,0.12700851830863255,0.13464587151844495,0.1287825813854613,0.19661066433343322
0.12713129828281505,0.04875330324599714,0.09300796313416948,0.11529588909225065,0.12034701737559811,0.11772495831641559,0.1406359951237266,0.08584297517433888,0.15126060025468857
0.12886048839048256,0.14366040768257374,0.13712602548117533,0.030885326136029467,0.1303535777552122,0.13245017442033274,0.07846022214900279,0.14980397605656454,0.0683998019286267
0.2648026059639925,0.08062689928809097,0.10343185683584057,0.03769603247918211,0.09154131521326536,0.12038289271026703,0.1010943508914623,0.09468658222603572,0.10573746439186345
0.11048529063689135,0.10045229298394372,0.1360291047551948,0.04748694833801601,0.1190798343131056,0.1358706283803082,0.11121321052213695,0.14023136449148974,0.09915132557891358
0.11782953283400438,0.21636954848054035,0.10478059853404714,0.0656442773120205,0.1257012440892938,0.10818853305175553,0.08273040509423843,0.12520190390290323,0.05355395670119669
0.09536501888940947,0.06676152786657824,0.1223122742734467,0.029475301228960925,0.10042947619917063,0.13201513531237039,0.1377723447344593,0.10900139648638862,0.2068675250092158
0.16875202667195535,0.16174666527183837,0.11902453156427106,0.05256684396385549,0.11323450770683667,0.11643266980803929,0.09774431333453504,0.09504759999413766,0.07545084168453113
0.10538056796113655,0.1246876121585957,0.1453781714148188,0.053204775790859304,0.1218673670184323,0.12875692474884368,0.12761661111814318,0.1340302294159531,0.05907774037321741
0.07713055499497429,0.07895560497088451,0.12520931470978505,0.11754517900177212,0.14352975241745594,0.12765796599227874,0.1269133058981842,0.12936675717491128,0.07369156483975393
0.07187682903451112,0.09917302128763443,0.15255025976538356,0.06915829614470306,0.14830241722630427,0.12889321069489457,0.11365399853674137,0.16009383225270535,0.05629813505712223
0.16527527905131917,0.10699920028414472,0.13379917901543462,0.028093828359071666,0.12688351739502907,0.12581396434010855,0.08596310199205841,0.15247681266814403,0.0746951168946897
0.10677533158782992,0.1850902046322002,0.10993625002748945,0.034262008978081446,0.10962717845534763,0.12066016343124779,0.10218052337571193,0.11289947319676734,0.1185688663153243
0.11290659516987067,0.08260240646789027,0.11196469763115811,0.03752230559779822,0.11412465275206786,0.10920981225276527,0.1283038505965107,0.06869950093861867,0.2346661785933202
0.06458634105117439,0.13336697510329612,0.12685008846805979,0.08823591103945565,0.10515353586497417,0.14295916796167282,0.11341630647999347,0.12876069142167193,0.0966709826097017
0.10899405883537722,0.09990377771186747,0.14428305747630285,0.06686129199478644,0.1101873923849082,0.13183559466269082,0.10190959934295178,0.12350404053652984,0.1125211870545854
0.0587916980576002,0.31877833611909784,0.13339008781202893,0.0907663381949796,0.08848124166146648,0.09243122317756329,0.08083850509566606,0.09770353428223222,0.03881903559936541
0.07791576787375325,0.1404234484629281,0.12338226725136624,0.1171747162835554,0.12111978501600984,0.1130983820532044,0.07686343428135432,0.19142720084232712,0.03859499793550129
0.09519338279450866,0.11585945647816824,0.1443012484122775,0.06296758256907274,0.12434188401102075,0.13883820335054656,0.08594389399388454,0.15681159544154902,0.07574275294897198
0.09869512839436818,0.15147273638773526,0.15741454131127192,0.06037309864513173,0.12659044993112165,0.12264798127435605,0.1140349860138361,0.1122777908915209,0.056493287150658135
0.08536449012878845,0.05697714111541868,0.14255037476113275,0.030521550410828085,0.11230533674986477,0.12278044895700069,0.14861973299828882,0.09603160633824959,0.2048493185404282
0.2164249245621982,0.1595058550087571,0.0880871881015274,0.024294202295723367,0.11706221370064517,0.11387789223544065,0.09696512158621329,0.11441542340079841,0.0693671791086964
0.15115027749076146,0.14936010228257854,0.12678620900554552,0.04955046580415714,0.11584132276195457,0.12235186711166894,0.08860494710707935,0.11348482807249911,0.08286998036375544
0.08674530464886847,0.17645238666978255,0.1603613886080817,0.05076299905423648,0.13353935594647184,0.1135029088676162,0.0854017427705837,0.10470662325415257,0.08852729018020651
0.10500758027848961,0.17116907540913728,0.1424518960225448,0.052199726547697285,0.12863923146874573,0.12574711519461843,0.09020078144733422,0.1290911321131662,0.05549346151826654
0.09517050023756622,0.30902141461788984,0.0963535901407432,0.051829854303635535,0.11752878803607092,0.09623023154110198,0.09883382302274586,0.1099548271713685,0.025076970928878024
0.08901746503544587,0.08574490058541229,0.14892675299834304,0.12442538679332553,0.12428698963076718,0.1228371012833533,0.14579761076950565,0.10893578194086347,0.05002801096298363
0.028540146295684018,0.11855194917420535,0.0980547302068586,0.25512931064383065,0.09635739846660984,0.10595514401479618,0.12226754740347423,0.14956318717897701,0.025580586615564185
0.14476617032017494,0.13426108556125557,0.13603312852814328,0.03619361437041543,0.12533891537019268,0.12804969856076356,0.08128269076631363,0.15381439731891408,0.06026029920382675
0.06295692593860418,0.1399378960470831,0.11017402428059715,0.21805090790046708,0.11784412138731398,0.11299547098301897,0.06737421619415439,0.1288180396277462,0.041848397641014924
0.18016136344131203,0.06494222775833915,0.10833073702660918,0.10763504268328095,0.10397980808924724,0.13001450750358673,0.09484077430404837,0.1271194383300314,0.08297610086354497
0.11934126619528303,0.05958897829721609,0.14278610346332268,0.06698478941649273,0.11786452420028092,0.12956929908044604,0.11150437498602739,0.20382271580198977,0.048537948558941314
0.09574319899766211,0.07818088738170821,0.1207658051387902,0.04846487417485427,0.12385572193310197,0.12704028845094142,0.09605287229820227,0.10889241754734529,0.20100393407739425
0.07223066441386904,0.193731082395858,0.14401303493665407,0.07151405714554394,0.11923999158620717,0.13260415276342583,0.10746235116964685,0.11361816778549383,0.0455864978033013
0.12986480815933357,0.1491773021132322,0.13431766338833973,0.06785887892658443,0.1312315329566233,0.11996932584747384,0.09521576825466031,0.13269477377132483,0.03966994658242784
0.04202772097817536,0.20501447448990576,0.13625607137665105,0.1145485182548368,0.09540066231000253,0.110156061517819,0.11351686218184291,0.1449184840210378,0.03816114486972878
0.13890517167030356,0.06680866984733909,0.11175333791257717,0.10541928210152357,0.12693844423084813,0.11884818612271257,0.09910828329028983,0.13520745404287862,0.0970111707815276
0.1871867942115714,0.11717075388540704,0.11113600002848258,0.02822831021189937,0.07887236677088051,0.14151741477215338,0.09816934624043211,0.1015647835505164,0.13615423032865723
0.13739737075582484,0.08431397205108694,0.10018797307497147,0.08412510329675767,0.1085279876711271,0.12166296050575065,0.1245921889226408,0.09253403196902556,0.14665841175281494
0.11644421708595093,0.1864678677828591,0.13013709361232817,0.12238106177528828,0.12190460883689454,0.11037094785400531,0.10319125626957491,0.07339488958640783,0.03570805719669085
0.06381816725510205,0.20688354864946346,0.13028521354339082,0.21796719531514464,0.09181809751767477,0.11478843850506286,0.06338201297581293,0.08297145736407475,0.028085868874273907
0.10441969541982356,0.09104025019340178,0.15049692535103457,0.10742905822336653,0.10505510793804744,0.13959098783161752,0.1391641644304721,0.10347698027913865,0.05932683033309777
0.16990207088417816,0.19829478801360265,0.08990987073954826,0.09405530382221228,0.11089036824165593,0.09757400800804668,0.07240049796704118,0.1348354568184759,0.032137635505239036
0.05894906127063212,0.15667555340184636,0.1630531978148115,0.06505723769952405,0.12630549764427046,0.12825558501851805,0.09894528454470287,0.1353709706727694,0.06738761193292521
0.12980380797232147,0.12538543304664787,0.1255325559582022,0.06269387560044871,0.115901583066634,0.1263360280601808,0.09338329625668372,0.17021997814219647,0.05074344189668481
0.12527493325818045,0.09959616490943686,0.11954029328886011,0.03292881030465204,0.11396216994168312,0.12555529758567208,0.10630805283637706,0.11502605738781087,0.16180822048732738
0.08323485173126648,0.19316421521493177,0.0926252496830909,0.17243236243411497,0.10393565275065282,0.10663149563856394,0.12251086856289123,0.0946816307088376,0.03078367327565044
0.08149644631602503,0.08948124697925298,0.1358708384402626,0.09338604166669512,0.12526758944127248,0.1266422587134791,0.14951941415587044,0.15269737096239105,0.045638793324751105
0.09671774961148784,0.16320261691234048,0.10761866675351066,0.04306211127488933,0.1372469033028692,0.11907714955805641,0.08892249467374158,0.14773927550002186,0.09641303241308269
0.05633862195806017,0.08908239194128488,0.11886984200458965,0.08571324659493555,0.13973480931989776,0.10138737265178104,0.15108674203541683,0.12020019204846467,0.1375867814455694
0.1809025455595373,0.11007048184132823,0.15164622847343726,0.027759504504863242,0.11442104840415517,0.1323140678851555,0.08111444718521472,0.13066773596374828,0.07110394018256022
0.1465856080778107,0.08085426816650959,0.14426504327531342,0.04112549930551646,0.14298856158680398,0.1324965186370971,0.08782771519860176,0.14630434621867844,0.07755243953366857
0.1561124628663423,0.08361168026294302,0.12870310955888953,0.065838265884793,0.11653396955140273,0.12899931215375382,0.08401090775334225,0.158737908996052,0.07745238297248128
0.20627473760858847,0.07617232284605051,0.10262429117313883,0.06964209936625267,0.12125344307521908,0.1240402385874927,0.11826417545129807,0.09882694362629368,0.08290174826566594
0.24658031422642737,0.07998833369312607,0.11948128170779497,0.08049724028290368,0.1045528248253924,0.11795715496481336,0.10955531386073365,0.08933180298003128,0.052055733458777155
0.1217392860267667,0.10414803409582019,0.12871225135317385,0.049589713036703204,0.12137350646658578,0.13121746743409976,0.11503943786179165,0.15338897273641264,0.0747913309886462
0.09571802537521633,0.14454419636623972,0.15180230654858032,0.026990146597487746,0.09896181105600727,0.12750582078270897,0.16381433630531514,0.08479176808645582,0.10587158888198876
0.14119634984578625,0.18824619105268972,0.1488165190008008,0.05695102843254674,0.12388446813117628,0.11873914113940072,0.07554069180404059,0.10515412205886439,0.04147148853469448
0.08750583688186404,0.21508436132679534,0.1320718248706359,0.06417959717659309,0.10122459501370405,0.12196905599228314,0.08558526603300999,0.13214405589482747,0.06023540681028696
0.1830607203493976,0.13672558600223372,0.14064186781953056,0.017866149197240045,0.1257078249816129,0.11233790390378706,0.0884641099582477,0.09593715153893967,0.0992586862490107
0.09302598839109912,0.20686108953571303,0.10798582231696165,0.07472447438295789,0.10840371459499065,0.1225582672557906,0.07359762090525242,0.12320542350077845,0.08963759911645618
0.07171309889967521,0.22371903531065165,0.11623155424730029,0.11012372542605812,0.10851959360283413,0.13445816363741234,0.09710169935841333,0.1059326185230507,0.03220051099460413
0.12062210135766839,0.12974284479478018,0.13044611908614873,0.0783338460646902,0.1184062049478549,0.1271961118806224,0.0843902728377804,0.13976854247928808,0.07109395655116667
0.18235029688488993,0.09186189157643006,0.13051245199628272,0.0376297738795575,0.11765075813687886,0.12585623813730143,0.1071343270283972,0.11032689176563527,0.09667737059462707
0.12229444409322661,0.13632096948274705,0.12430088667422241,0.06895615846154961,0.1125047967115821,0.1309999740483938,0.09650944736951839,0.1458271856591734,0.06228613749958676
0.0597330114644895,0.22670088387228526,0.18491990642426714,0.11281898274377211,0.09283257301081677,0.11460975069116393,0.07652601416008557,0.07891927563243413,0.05293960200068559
0.07828515442853168,0.23831082508577447,0.09825507058194731,0.06519681970010069,0.11584521541265563,0.09009892274190723,0.1548551216365758,0.13925209600753155,0.019900774404975577
0.16248491040992294,0.07039697276703305,0.14049214490320674,0.030191682037700035,0.12788253702521532,0.13488926546335525,0.1100944238496711,0.12437236164780134,0.09919570189609424
0.10815957608964993,0.10270623345332726,0.12321839045180949,0.08578669971102752,0.12981334656121965,0.11576617632899915,0.13614596020348127,0.14459818503567076,0.05380543216481485
0.08050386811417677,0.10085716634897335,0.1460848376632121,0.03256807237135871,0.12065526052441533,0.13769990588296496,0.1088332678109537,0.13284373878572206,0.13995388249822308
0.25794656477724504,0.08822380886399671,0.11987853742739386,0.035947999010815114,0.0876590012011293,0.13117840623152385,0.08951812698780422,0.1247595336577942,0.06488802184229768
0.07606532794916403,0.1443979843303853,0.11777485756554097,0.052926424074664795,0.1207080152977274,0.1328167705874407,0.12924884827023467,0.11887584259887306,0.10718592932596904
0.04288800023449498,0.11079380494075913,0.09763189945332773,0.2886566546413713,0.1132588811057675,0.09900547978811029,0.0789142515411214,0.10722835823762565,0.06162267005742202
0.0657170604777881,0.1325010657666217,0.0755701586088314,0.17933077621287888,0.12352559642417422,0.09340311654880791,0.13231094192787976,0.1752949912730386,0.022346292759979375
0.04807511617372792,0.09580908068602707,0.12992940940578498,0.08812124944157511,0.1196607828045015,0.12201782595296529,0.06752403972866332,0.249200519778889,0.07966197602786583
0.052697536931119025,0.13350639410528087,0.1709047651677471,0.20647285560441916,0.0924193718966146,0.09419927203304977,0.08375029926777994,0.10602051039307443,0.06002899460091505
0.05836055889478466,0.1427645320354867,0.14473793299906726,0.04445213171831252,0.13468556838090626,0.11663188704010989,0.09366490938212557,0.19265293832102529,0.07204954122818183
0.16452012680975284,0.1499257974409721,0.1235082254236239,0.022840076482514304,0.10120862904735684,0.1306088712796877,0.10413714160292199,0.10120499008179797,0.10204614183137234
0.15408280480268824,0.12027547018001883,0.14408385245492739,0.029340678969005288,0.10775044535389604,0.13740609441873422,0.09858720997506927,0.13355262577179794,0.07492081807386276
0.15241482510447718,0.09484334459563348,0.13249155498512147,0.07785534248894281,0.12177301130328862,0.10899323987581395,0.1289988605392066,0.12858393496966983,0.05404588613784601
0.14037722641601358,0.12443970350365717,0.10388432695918641,0.03975686670841793,0.11348168704811547,0.12898702827997274,0.11616391402936495,0.10958346689641725,0.12332578015885458
0.021035574863042587,0.13437129945217804,0.09212581941042071,0.2418329495362188,0.10104271055283903,0.11243577383378439,0.18217976594990704,0.07972237593297972,0.035253730468629785
0.03789464473298306,0.15953951329863988,0.15485235529164962,0.10651067685293851,0.11866794282512687,0.11411991934345563,0.15441953893300428,0.10218507995921068,0.05181032876299158
0.11326515277737031,0.1143581439686742,0.14619706645584538,0.024536869008720468,0.13604547694599353,0.12616057528452393,0.0892420727415451,0.14186208123228738,0.10833256158503962
0.10697582895447157,0.16912205123994603,0.1414231243615068,0.09863515233209792,0.11998726848648189,0.1251654854251015,0.09700870494649334,0.10109277974009316,0.04058960451380784
0.26130044208725556,0.05996008073875116,0.10608558872979228,0.0474990403439518,0.11715476640963367,0.12325654881115995,0.0856279594995662,0.14687807428661206,0.05223749909327723
0.16201946800878717,0.09382867732744199,0.12673085095647593,0.06286343242898175,0.10508559575285736,0.1344488725175115,0.10193425435513902,0.1161875609588056,0.0969012876939997
0.19196252725182697,0.05017123759735126,0.1419992329141671,0.032574030404582434,0.14118752769054435,0.11397728497524438,0.10085607953272635,0.10955791348337973,0.11771416615017737
0.07658853515468354,0.10174312431529253,0.1573083747216528,0.08794223179945297,0.12710682285207323,0.13400314374554187,0.08508048310954981,0.15993339235370752,0.07029389194804585
0.15307704807817585,0.1373465566762958,0.12573557988717202,0.0708886560069295,0.12552055258264375,0.1200745849666794,0.08625433552868648,0.11956225266268905,0.06154043361072813
0.1803513662516214,0.13556766084502722,0.10794791809641974,0.05545831840025539,0.1182229549005302,0.10958252540054558,0.08535131275393563,0.169763121892648,0.03775482145901677
0.12034782636331236,0.1307474655540557,0.11732776510882827,0.1661445252140896,0.1254916623989585,0.1124756579460648,0.07968816664695509,0.0846513033090947,0.06312562745864105
0.2238345907290119,0.12331298330814762,0.11266329687940496,0.038887150605959875,0.11727284628926993,0.12374795296726641,0.10182838199113968,0.12423145037213716,0.034221346857662496
0.24187929765820515,0.05949514194177636,0.13828859413420877,0.04551572965392195,0.11997506247361223,0.11330622330723421,0.11602308894506201,0.09952094364144724,0.06599591824453209
0.09349837877867402,0.12223624871937455,0.1395900805941714,0.043793156139375594,0.12656164368761866,0.1310710810010087,0.08679944929283208,0.1830164735871013,0.07343348819984373
0.14644751173964662,0.13096808865993007,0.12854415115939624,0.05477602731241229,0.11288215230336458,0.11466596733196045,0.08826189692033148,0.18795613398749392,0.03549807058546436
0.09849440433559224,0.1515659083223275,0.16356969824894282,0.0264574477028722,0.09667264215600631,0.13476115097705613,0.1051823005125488,0.09886550291993097,0.12443094482472301
0.12042459019461749,0.2662491757874956,0.1312926495205426,0.014530423472330481,0.12564412665737715,0.09862297195562457,0.11657209312868967,0.08843800590828145,0.038225963375041076
0.06965051067449778,0.0867480773919087,0.15614933158013752,0.12370780500686769,0.13982206601956468,0.12361885630778069,0.13712526248711063,0.11861576163103633,0.04456232890109597
0.1291548496230459,0.14812983125848525,0.13446406127766466,0.047880115142850295,0.13913972766827376,0.1179121108406545,0.08011178694296438,0.14396033433964414,0.059247182906417055
0.11302826965396429,0.0859809817966763,0.13258908878636433,0.06684119934154986,0.11727104327516495,0.12093307767332546,0.1441235344746081,0.092421834810776,0.12681097018757068
0.06317659028991836,0.22319518150345066,0.1393657244641301,0.07724515472398889,0.11904944601920582,0.11393766449065129,0.11586331299151693,0.10474026536199132,0.04342666015514668
0.09891430860973231,0.2146448407269349,0.11329555253466883,0.039522545673654236,0.1290729964075326,0.12506542410072716,0.10199523378652897,0.14033880729831869,0.037150290861902246
0.31665223331007925,0.07838440012874721,0.0776045065364021,0.012285014332054986,0.11386856630220443,0.09698721851945875,0.09152465316422363,0.131940452191347,0.08075295551548263
0.18878525021752277,0.11214817850190491,0.14054443378799805,0.0437220295742012,0.13691577724914727,0.12085598036677686,0.10549368949801041,0.0919621234984465,0.059572537305992
0.1470436408936134,0.06400552266504295,0.1488827269749143,0.029035953289387257,0.1457897727809182,0.13670648183754006,0.14313641663721635,0.11044670594725421,0.07495277897411323
0.0738903569040822,0.15940021353049783,0.15291683533566502,0.10206876250101847,0.12708333977973532,0.10936634453484395,0.1359645361167855,0.1012873487886391,0.0380222625087326
0.14880304369542338,0.06845670001872625,0.10965979409715813,0.08806863419777151,0.12679039175566428,0.12241944320925345,0.12740181414408508,0.12727769883006743,0.0811224800518505
0.16511763418346692,0.10495891868415215,0.11199210928898717,0.014304834723468537,0.13780267614219077,0.11167154237732801,0.09422728920990571,0.11172971419831552,0.14819528119218525
0.14603919081531125,0.08817842220368853,0.13919417706498502,0.020478602703436957,0.1317497011280783,0.12724876123045295,0.1402181918950196,0.12435202401587649,0.08254092894315093
0.17982929545986012,0.11268000456514349,0.13645661726411742,0.04097464922563688,0.1355282514345108,0.12157063429579407,0.07931497900357999,0.1267075521190579,0.06693801663229933
0.1866864319748647,0.11407180881349212,0.13122199326663408,0.02320467250683512,0.12509291240249995,0.12223683410718604,0.09705568912422978,0.130650569745505,0.06977908805875316
0.17792023354271447,0.07907765155415794,0.13773356464967057,0.0866846300730798,0.10874214113141678,0.12363709271842072,0.12019228198458791,0.07725986731204842,0.0887525370339033
0.1786365852013594,0.09995631987615215,0.13918018967326415,0.02722045700613111,0.1250363556380919,0.1182955733467379,0.13058530014286332,0.10380903114998186,0.07728018796541831
0.14723057148288166,0.11402944344135622,0.12425451684356087,0.032697857972602246,0.1367337423796486,0.11574823580436709,0.10786584972795026,0.16218053112225395,0.05925925122537915
0.11066678926894062,0.11432121619572817,0.15414000757713273,0.02329160413764968,0.12323029641594625,0.13845843092162002,0.10340506498880493,0.15359014212339644,0.07889644837078112
0.11282843957703222,0.11980645707526905,0.12757937930956123,0.044774095789405575,0.1232424509430589,0.12430900069668878,0.08795479745773394,0.15172202034004803,0.10778335881120239
0.09871293015846416,0.10839822957785909,0.15804558850533504,0.04347192441931044,0.1160050371182305,0.1368086771417895,0.10205785384171417,0.13482412720388073,0.10167563203341644
0.1780159139299835,0.08278547349051542,0.12841910936493053,0.029707260565649356,0.1284750118177662,0.12788509479114307,0.10840432630737158,0.12013593294947884,0.09617187678316146
0.14420352983529783,0.14969695952788692,0.14066077155470796,0.01969782437302561,0.13528013604933956,0.11921024078145741,0.08551373687268883,0.15477098634361353,0.05096581466198232
0.2361726530073686,0.08224520764998432,0.1034978559486609,0.02109706672665435,0.12800218476858288,0.10879151464933921,0.11534640583402479,0.12008535648759233,0.08476175492779268
0.1504193572754591,0.11946396427797597,0.1684404547466042,0.0291425914148761,0.12098733532455984,0.11257963829119767,0.13582896924288132,0.12511658725497773,0.03802110217146803
0.18457932922480977,0.05228375586548537,0.10197473535496286,0.03450861802043916,0.1366486855788807,0.10359229669812449,0.12459828184014114,0.09068854506444468,0.17112575235271185
0.06757030644656607,0.12686215085728225,0.16177068732556096,0.07466856599778166,0.13218510810373305,0.1263517887064731,0.11088567071066618,0.11234561921006027,0.08736010264187637
0.11120249502823333,0.14261662979798315,0.15948940808082965,0.04491765747906887,0.12221683878461187,0.1316367848664873,0.09515785821215349,0.14284972960520267,0.04991259814542968
0.021630259766582127,0.19142567458387974,0.15156956636726884,0.16860309756049416,0.13180636630188283,0.10088954019219505,0.11730929537297598,0.07408233673663754,0.042683863118083754
0.10962195158869466,0.10285214640376246,0.135037759183759,0.04329206334503346,0.11146738624087144,0.13251163673399022,0.10759921751730572,0.09045828212284095,0.16715955686374215
0.0736872683690775,0.07736996939509877,0.12031199268628211,0.15748351286711001,0.12314538512246359,0.123905340253698,0.1745507238702013,0.11975678691662583,0.02978902051944303
0.18998403537279032,0.08911023941244466,0.14229422875685024,0.049158560167924546,0.15628433050557614,0.10960081831214148,0.07830549569456352,0.14541349949991236,0.039848792277796856
0.06621146075420083,0.21996389764117175,0.11509117445974193,0.04592468449254439,0.12529275178296764,0.1183973011475878,0.11708483301107349,0.14512471870123708,0.046909178009475055
0.10673800173027866,0.07133527746471971,0.126507426918843,0.03453503862112398,0.11621683114048992,0.1309419566325676,0.10374213049595075,0.14998963498025875,0.1599937020157676
0.08921815802996336,0.2211243303055904,0.15781398160994187,0.05359713122696478,0.1247085273930687,0.1114850242273036,0.10738722891174346,0.09687004156932331,0.037795576726100545
0.06838886660550646,0.1565971244862203,0.12624893408215368,0.11889387813510906,0.13071971942331653,0.11423175059927204,0.08698046735745453,0.1380743617932507,0.059864897517716766
0.1355920509674466,0.18419246198961556,0.1506769633957918,0.02711239801554208,0.1168276086551432,0.1226451112475938,0.07029702657657126,0.13574115653200972,0.056915222620285956
0.0941802361512919,0.15776869091794923,0.1322079449386751,0.12155572755497718,0.11880468001366919,0.1227058672519817,0.07765522441836063,0.13373156901312425,0.041390059739970765
0.13778262131193592,0.19680803721357978,0.10536122215413495,0.023923324699159577,0.1298394790996584,0.12670724500530162,0.1440601315269603,0.11577802997021747,0.01973990901905198
0.04194503655521225,0.15596160877629897,0.14690593797119253,0.1662524586484737,0.11935013072287737,0.1097964557087817,0.10377523280099656,0.11569821252416791,0.040314926291998975
0.18812125275393507,0.07325552896059634,0.14438852061143767,0.036824931590524745,0.1345920973840672,0.11917578167078911,0.12688993391718217,0.09412685814015163,0.08262509497131598
0.2586835734281647,0.06981835948178013,0.10300238064880211,0.03039683381790695,0.12146238275076345,0.11234837626239515,0.10502041869141143,0.11567762417078019,0.08359005074799579
0.18096502404533618,0.08181939117503313,0.1132424616019504,0.03326232173626984,0.12120156014499373,0.12445832364931975,0.13104546086411137,0.1213593126018651,0.09264614418112048
0.04049953909783179,0.06581190943696415,0.13297206731465114,0.2652625533353527,0.09865884447162127,0.11753071476054255,0.11209739274790081,0.12578924635494568,0.041377732480189854
0.053159031614998575,0.19964628630969297,0.14436122263998544,0.11357733999502713,0.10367798543030926,0.10656856303749736,0.15556712310375834,0.07836061380436554,0.04508183406436534
0.06779010750189589,0.14522499383166607,0.1264226902857538,0.15496060697359723,0.11523493083208937,0.11983884906587994,0.09395272347185098,0.13221704781711438,0.044358050220152316
0.11987846013280345,0.15441993784350452,0.12913357987267585,0.03911319402210265,0.13825849683082111,0.12454373165586474,0.08142729622297983,0.13937819328910103,0.07384711013014679
0.22973985292252797,0.09949346917816566,0.12161099568763352,0.015447946950464225,0.12298940178643618,0.11498923406857213,0.0881781909694301,0.08776368090038233,0.11978722753638803
0.07062098164155918,0.07887301441425071,0.11233104608990647,0.15438675913532748,0.13116101801815674,0.10971021373616863,0.15443390841786817,0.14463811968587226,0.04384493886089025
0.12708054392365478,0.0926632707162816,0.15693000818174646,0.04671320464477686,0.13084744558893913,0.13284300347918584,0.0969937538337512,0.13381177766550822,0.08211699196615593
0.15126169286516997,0.08244115705642069,0.11538604859391434,0.040706602117528363,0.11033286976091129,0.13116543337025377,0.0814103431053408,0.20652322997874242,0.08077262315171836
0.06900917411473496,0.11492403400919045,0.15051851599533542,0.09718714488366165,0.11214438637373798,0.1397885325182695,0.13635014785902128,0.12214185181263641,0.057936212433412314
0.039567779780654205,0.19551389883139267,0.07287915701832061,0.2945689400797709,0.09541816619246261,0.09717567552225757,0.08464429165267684,0.06264064607593624,0.05759144484652837
0.0905118218030454,0.09680458617614518,0.10312277855583651,0.27135071773778335,0.1037558324903705,0.1086214903199673,0.08284753544586354,0.11191738888916962,0.031067848581818585
0.1531389083179792,0.12324923598398481,0.12891401781080605,0.042538149639073604,0.11553417831226372,0.13053932650870131,0.08404632410581399,0.16786285275189006,0.05417700656948709
0.10368292675033115,0.1597178307644498,0.13328285406784,0.05361469736085656,0.12956704078146733,0.12009421720148739,0.08598510494613983,0.13381397395972008,0.08024135416770782
0.12834953799663776,0.12726821433203614,0.13066886199737038,0.032114490492949774,0.1220525729233279,0.13219507694661034,0.11437761230031702,0.11807788242547494,0.09489575058527573
0.07130479034804284,0.0996070011673703,0.1711134170853574,0.05511484767178452,0.11801896342217488,0.1439507301836321,0.11877455182614151,0.16057271301133183,0.0615429852841646
0.23690083519932778,0.0869767361033632,0.1219057009581133,0.025199052811822758,0.11900792001927596,0.11720130338584274,0.09001771009150122,0.1194309456467026,0.0833597957840505
0.05405534016279547,0.0652561079086092,0.14275242368033933,0.17489220241270828,0.14363128566670358,0.11905465244831777,0.07384525417794922,0.11163258779267483,0.11488014574990231
0.08827211873047673,0.277061654665006,0.13179170144339594,0.02340510930681421,0.11538774580042101,0.1087642165254958,0.07179548952146418,0.12633606623516036,0.05718589777176569
0.1202489226667632,0.1215640657497115,0.17348137860179835,0.04673404101275667,0.11657831804055153,0.13865934285838835,0.0905998568013678,0.1307710910025062,0.06136298326615633
0.038535415131590985,0.12024374975874237,0.1277266257568209,0.10496636641260997,0.10676937325822412,0.12108639926328289,0.1279025118435729,0.11217584904208348,0.14059370953307238
0.09006070044547626,0.09031020825273638,0.1498859639943939,0.0384338238042195,0.1398330686267227,0.1366034926381554,0.13477176973286692,0.1519985634451493,0.06810240906027956
0.16350116193834563,0.1281763404690711,0.1250523442856449,0.035630704599655456,0.12602966647616806,0.12181215470559521,0.08421064074201512,0.15570217724048727,0.05988480954301728
0.1116396043944116,0.13137531769692057,0.09363552907416817,0.06541488744880652,0.12158707147522381,0.10527074904228656,0.10174182014149198,0.23703329953080696,0.032301721195883724
0.09740651242183392,0.10757208364261522,0.14674839459807953,0.11035106492779774,0.1299468545516438,0.12235028094277532,0.08710251194909642,0.15460523395756065,0.04391706300859733
0.08415247481339698,0.1270313571545218,0.1608474893086771,0.05135330295850694,0.13457691781153516,0.13110163812724196,0.11301419610555373,0.15489381437256877,0.043028809347997556
0.08383287892082358,0.043124687751976636,0.09185827446791257,0.11639990606432564,0.10906423585860421,0.12186570278705933,0.2156880733091315,0.12872283740296428,0.08944340343720218
0.13733139597302824,0.0986906085864646,0.1265205947550251,0.052058570431193225,0.12792737675805205,0.13471636277051816,0.08556045099508118,0.13753097206459483,0.09966366766604252
0.03264330828329016,0.1551831582699654,0.13713571521515863,0.15044104650173026,0.13480800299907314,0.08824748514974075,0.12416640531299454,0.14197318997628947,0.03540168829175773
0.031752691930879866,0.0781643849773948,0.17286445614303717,0.12983346295792816,0.11777219899257903,0.10987742610742825,0.18269225713992424,0.11089625859295178,0.06614686315787666
0.06833693640756282,0.19832736567857878,0.11662415230624068,0.12840737949443767,0.10707122264043323,0.11743074039724306,0.09634508785265683,0.09667009274786242,0.07078702247498447
0.09383942029881842,0.11133453967672739,0.14044930636234607,0.13855071894640017,0.1392019906920413,0.1236542536212699,0.08133618276592741,0.12811659254933738,0.04351699508713187
0.16745683378458634,0.07412757957402244,0.12931808420914814,0.04951976239424213,0.13782404724323358,0.1187151474342187,0.10299625287438337,0.15918730138410328,0.06085499110206208
0.15062105626071007,0.09296350884182612,0.13884985929404128,0.08417742448777776,0.11987810207129834,0.12485634058939044,0.0688591067822436,0.10715748098990552,0.11263712068280685
0.17115415546309362,0.08756427596132828,0.12271547930606924,0.036395872168278436,0.10103701752280247,0.11670644640610876,0.16109339571247672,0.06774193042401211,0.1355914270358304
0.2224831161405382,0.026478589374555276,0.06705736534428244,0.02772092907793111,0.041748232074155574,0.0973105047288217,0.0932119765272058,0.04761001659297709,0.3763792701395328
0.12394503792118194,0.1481367161481655,0.11537068079050566,0.043831509559195896,0.11686453928549546,0.10978233076044873,0.07617996783969254,0.10789112947841184,0.15799808821690234
0.08874445448893527,0.17582187881262423,0.16663527425069394,0.05066991190040037,0.13482159529105658,0.12084772371380781,0.08036021620525133,0.13412810612086007,0.04797083921637044
0.07093724130244779,0.07453304958278925,0.11619616779165491,0.33690275783366014,0.10278468841200283,0.10406574699174587,0.0904892067259565,0.07685972848863844,0.0272314128711042
0.2264563018504462,0.09472204151444387,0.11343532949045598,0.028582581443342445,0.11535384798930252,0.12233095740449895,0.10328739034540109,0.10471107600491203,0.09112047395719684
0.05865966252431903,0.11696242860164142,0.14203065695250505,0.14370150401419135,0.11159479348051028,0.13101886745577862,0.10241083146484109,0.14538202326594196,0.048239232240271185
0.11120213771344954,0.12101516754651227,0.10550970539909127,0.06859328626562504,0.11141176967366602,0.12157775689898205,0.10571740123477175,0.12213547687220294,0.1328372983956991
0.09924656968371466,0.09677251915927372,0.15270829304547037,0.03327647080610847,0.1327501117192631,0.13516566024339022,0.10914242290472224,0.13285821555134156,0.10807973688671568
0.14551458440066167,0.07128980111283212,0.13404407847232597,0.07173057731747493,0.11678415188006168,0.12223832295820136,0.12772541635037465,0.13837327094765317,0.0722997965604144
0.09970223160017753,0.2423023316500923,0.1087066809048206,0.049166956121025764,0.11914406950263955,0.11835641301006282,0.09406707016315043,0.1309024459960099,0.037651801052021115
0.14002032063563574,0.2324741163766808,0.09443254532251262,0.133878015236189,0.11528005145078524,0.08808302852493903,0.0880538028323144,0.06969005058027787,0.038088069040665244
0.0754218785912017,0.21954323983558863,0.1469409374991849,0.05961644752993942,0.13747559066868212,0.11055883387301994,0.09640044998205395,0.11800180255520176,0.0360408194651275
0.14318970391425878,0.08811520081543416,0.17055595093464967,0.03213912098645779,0.09885365347969229,0.12841308788406705,0.09243269533236594,0.13589861699665143,0.11040196965642285
0.15736827770939044,0.12678726355103662,0.10683590516066215,0.13260498943613222,0.11692208178747286,0.11496703271365866,0.08476182272456186,0.11412317626711589,0.04562945064996941
0.12866507476811073,0.12214426515805128,0.12066169214487087,0.03064737680811322,0.12533608919058112,0.1245705522612605,0.1001554653477766,0.18936459938104047,0.058454884940195205
0.1521944986174663,0.13431469494327333,0.11199063373899996,0.04197460261790189,0.1324461315526649,0.12271534074731494,0.08568494648068233,0.13613472937680696,0.08254442192488935
0.15668628508449065,0.1121013839184652,0.12783044835429924,0.018438356403500944,0.11685935735194697,0.1256402439599645,0.09659009620342592,0.1042516790301476,0.14160214969375898
0.12102970335303613,0.16041934532954208,0.15937556666603,0.028381069145322815,0.1089196365539743,0.13069516906966042,0.10178267098875982,0.12027888974869871,0.06911794914497577
0.034510686687196486,0.06703682361351812,0.13739617986204117,0.20977863398023933,0.1186930521075974,0.11914895237628938,0.08807519946655451,0.12264533617244783,0.10271513573411582
