0.07916426485643868,0.09570017729142431,0.10458430085725323,0.1128028706005898,0.12292961131095063,0.2163234096315844,0.03629387197742456,0.10836907221666196,0.12383242125767252
0.11211678124060587,0.12279258984972492,0.149717973904088,0.1278683630081683,0.12120624362859757,0.09051020173867395,0.030886815026390988,0.1147412769915712,0.13015975461217918
0.14832002341343606,0.14189008568219774,0.09356998113281205,0.09580951300231143,0.14306228636385962,0.049549993272057426,0.0636867206327155,0.1369867871488528,0.12712460935175737
0.14542839774267236,0.10504522355469219,0.11902762256514683,0.2080616531723435,0.11579740621669514,0.06505384698889555,0.020651297953024644,0.10392585866293835,0.11700869314359147
0.111291934630474,0.11762526270257112,0.14158791879705798,0.13312495875301514,0.13280033819777015,0.05672066770998724,0.04153963241148465,0.1271573390946723,0.13815194770296746
0.12303173149267281,0.1150002668060379,0.10978449262424018,0.08756469931095745,0.14293088137959487,0.12423415481800897,0.034283149893830994,0.1288827435005569,0.13428788017409996
0.1398138511605891,0.10179995591417283,0.17947297432455298,0.10859662181690528,0.11621025150147246,0.02908866394121934,0.053996902156811945,0.12681379265631243,0.14420698652796352
0.08787118376606701,0.09620100947180976,0.1264021668426941,0.18654658971540386,0.1505485163054406,0.05248963624586478,0.06713064476165137,0.10860020025073276,0.1242100526403358
0.08881059642264315,0.10466086882669945,0.16372461969580343,0.10441224506277652,0.12068969646576035,0.11890812435525676,0.053171927393336,0.13520033254334837,0.11042158923437605
0.08139733029258762,0.09222834559843553,0.13703079904130797,0.08015278121738977,0.09452100675589627,0.034197352261705706,0.27981172757499856,0.10423457779538513,0.09642607946229349
0.08230056865624934,0.10070486064090926,0.10056404779774238,0.2930665249798417,0.09811533776043253,0.07032246082712246,0.05178926818514339,0.08623563981494693,0.116901291337612
0.1066474856900449,0.12417180653833436,0.13659116828240028,0.13217627912970517,0.12885329339571483,0.09586963478049042,0.03050958937705091,0.11776311143101802,0.12741763137524112
0.1732261641022926,0.1305341316945897,0.09479342610657272,0.0876384628751139,0.1430104905122024,0.09501253227595008,0.03991928141151143,0.11294283509565815,0.12292267592610895
0.10440129070295612,0.12062003304963866,0.12901884747062495,0.19041513607250934,0.11392876397838696,0.08730988917661776,0.02006307704840938,0.10449293731688765,0.12975002518396908
0.14682414950739378,0.14085243045035092,0.12077191829839584,0.10540943077844779,0.13299139450619593,0.07835657123549367,0.026333606472829122,0.12598933890006805,0.1224711598508249
0.09757347950870743,0.10954503733687336,0.13590493353245525,0.0887238209324243,0.10835198029046274,0.05155369015295153,0.17725283208669698,0.10779238364030584,0.12330184251912257
0.08739647991320541,0.0929188992578488,0.0823649204106649,0.07646813615640642,0.1091007358087413,0.03721894186866102,0.25816930498233887,0.11731755227261809,0.1390450293295152
0.09648298898971853,0.12206153299709194,0.09564296508905686,0.12335981642696175,0.1296255584907924,0.13775154562478797,0.04568342461243841,0.11557688870250286,0.13381527906664933
0.13734999633486003,0.14562123634942367,0.10882183243780015,0.08220066140529404,0.14449037436650888,0.03086352319947371,0.055106172185962504,0.1588776042361167,0.13666859948456034
0.11968722221818544,0.11652679299929224,0.17518884483684982,0.15762527698153433,0.10831769240448112,0.0401817404651865,0.07360006788699026,0.1131206185209041,0.09575174368657613
0.09315696805695091,0.11075990956866244,0.11132700078817752,0.1737293012334217,0.12639164389175125,0.06731188654018398,0.04846257973736934,0.12687000448683386,0.14199070569664898
0.10947372928210318,0.11203436856891173,0.14449356396539215,0.20527382205688283,0.11085097473313617,0.07220565032369075,0.02374805136685308,0.10896900719763304,0.11295083250539711
0.0972385261117434,0.13424809348613745,0.1020608103863851,0.040926743625252386,0.10885461258239221,0.10605913372107677,0.17404856584703884,0.10411754683233204,0.1324459674076418
0.1068999820041389,0.12234880996036622,0.1225833418433138,0.15531988682484443,0.12174566905597771,0.06675284519993781,0.050361594970297796,0.11254196885257545,0.141445901288548
0.09370031336722583,0.12794345529240206,0.13385551606687723,0.11706364989303646,0.12373239247214592,0.07315085348978122,0.09552368715682887,0.11341509335630114,0.12161503890540126
0.1066254227041578,0.12415720800320372,0.13645226281868758,0.1319125462798232,0.12888425877435938,0.09635598214146102,0.030432624751086643,0.11777686122316243,0.12740283330405835
0.09641099083576837,0.11873565632661438,0.12356366060210834,0.09424600404787149,0.12813019777588788,0.0853104340097645,0.10470592605386465,0.12840524901195413,0.12049188133616628
0.10871501239082493,0.11529354698601113,0.13298600246297884,0.18032183697815918,0.12293312667878332,0.059206223520019585,0.04423985210145125,0.1117651240346539,0.12453927484711776
0.11019488788567833,0.10551300554558617,0.1551326232725642,0.10617210066545031,0.1281515455807816,0.06260123876911455,0.10747426956140758,0.11216224380373048,0.11259808491568679
0.10059585402196686,0.13352337666293276,0.12986066310117908,0.10649140782836071,0.13670280947867908,0.06008716487488531,0.033970320169090004,0.1411690000730592,0.15759940378984702
0.09705917943377683,0.11443228998875903,0.1298681476029241,0.126057672058675,0.1329282076420748,0.04661430940324248,0.07302479829967952,0.125595502483536,0.15441989308733237
0.11943579294215667,0.11707772433515691,0.1493754846849239,0.1227522803522192,0.10580960292132187,0.13832741309189053,0.020302833953540805,0.10975234516697452,0.11716652255181566
0.13642931019705676,0.13109247876637145,0.10782431636046086,0.09551313013669534,0.12077926142565627,0.042257181031672454,0.11077223138508231,0.13137920897397223,0.1239528817230323
0.0972329081973895,0.10808913770005184,0.1757578195800129,0.13773516940312225,0.1293669037844826,0.05636649910725607,0.06997453130010234,0.10433029616515475,0.12114673476242778
0.10923550942581584,0.11370785356173867,0.17156138358462283,0.1620362987612677,0.12323363281822985,0.04125236491130456,0.04308697910531156,0.11915958300260872,0.11672639482910019
0.09896086237976719,0.10921393651632332,0.1595314365280672,0.18910670176297661,0.12112859419035062,0.06038938936953164,0.0412935298783563,0.10687413165407102,0.11350141772055618
0.08402832272090073,0.10874703194275809,0.08853836630331179,0.2972417483104602,0.11711458711048776,0.05650338577914299,0.014656112311521969,0.10363015413537259,0.12954029138604395
0.11252568071323732,0.10623388764186609,0.06906113541039348,0.0481793049054424,0.12707227060524098,0.15423694751371914,0.1674419560475253,0.12853602552790763,0.08671279163466765
