0.14158898624780789,0.1308380297319949,0.1159761043885088,0.11292971909882994,0.08560499500377045,0.10405031047713037,0.10493496624235844,0.08576384056681195,0.11831304824278731
0.04207824156195858,0.13923093485351543,0.13249034277103577,0.11747456774989538,0.09047793815195175,0.1044490789762978,0.11343398271458371,0.14146297303272026,0.11890194018804129
0.08407908630489759,0.11563646097339308,0.15220276926437618,0.12305841515812961,0.07624883083241539,0.11350211407312223,0.11602308256609661,0.08651946922293186,0.13272977160463736
0.14071467707111296,0.12591352914751866,0.10306833715202653,0.116373962011689,0.08504638041190637,0.11622188641285262,0.09507658980841087,0.10058193172314607,0.11700270626133687
0.11833108065998828,0.12214271482597172,0.12972615382311029,0.12694432133161407,0.08120360507374792,0.11661764359749183,0.12243240048537607,0.044979673667987295,0.13762240653471255
0.13396700928715036,0.10473433769452638,0.14812801952468765,0.12763059237719873,0.0388264262637105,0.12260651241742238,0.11117270378313764,0.07987201940002163,0.13306237925214467
0.12681409662857948,0.15325358128961505,0.08361989209020575,0.10316340486377305,0.17772073006665054,0.08879210932474087,0.11078618716605115,0.04519536664984377,0.11065463192054033
0.1449101760589998,0.16887611021627616,0.13039545516519532,0.12139625557729146,0.036178382807333626,0.11022575363792853,0.11874794024368517,0.03553709243870435,0.13373283385458554
0.08029062696296914,0.22211315262060782,0.10734961233138551,0.11897156704636459,0.07826017152415231,0.09680405868022762,0.09527437610033884,0.07394063058298568,0.12699580415096842
0.1509645921099633,0.11489340060529925,0.11521906522040072,0.12311887200902066,0.03385124812215611,0.12818701899709348,0.11464716400603721,0.07998228662408911,0.13913635230594013
0.1373628169246063,0.11895217144858934,0.18495613499384223,0.12407001192558058,0.027734032503133107,0.10812353110583767,0.1085186304513026,0.061712311584582215,0.12857035906252592
0.11966878657753965,0.17370004912858553,0.13807661725641623,0.11666720004314464,0.05706634037589727,0.10480855777895488,0.1064765357050893,0.0661507619319149,0.11738515120245763
0.0646447149258079,0.1075793266771065,0.12770797304447268,0.1245716525402671,0.09552067850444142,0.10319487005869867,0.11902499067537024,0.12129117132551732,0.1364646222483183
0.0738204400680873,0.12356146432930137,0.12820927106632443,0.13502363531687653,0.05392147230977329,0.1339157107363092,0.11588456261177423,0.08801117353761462,0.14765227002393902
0.08805197132612752,0.1215671315255984,0.17513907402018916,0.13564453846584296,0.08853911793242004,0.10553334173963835,0.09935777777880568,0.06187146136930046,0.12429558584207746
0.09507014953121821,0.11634607658337327,0.1578378943072505,0.13607565017804338,0.05400730374953779,0.12491222430047577,0.12300254912553306,0.05485668234269624,0.13789146988187184
0.08923011652966821,0.1167001074903627,0.12955717927109117,0.12536009985564103,0.0490201978035664,0.12373780420890124,0.13350072585632938,0.09135676830584012,0.14153700067859967
0.09435020888889202,0.12655161597664413,0.14568253473729578,0.12736978623826803,0.07689754686917931,0.11466371367815116,0.12645653503890544,0.05601151746928201,0.1320165411033822
0.10027738088899633,0.12074427330992521,0.13684944983240135,0.1353761098597996,0.07611114538613106,0.11744490316151879,0.12428072035984843,0.04660052333884062,0.14231549386253858
0.12745756812178283,0.11667126885922981,0.14494334558205788,0.10834502477146084,0.030714142419179153,0.09480262632480763,0.0974607572274072,0.16742767926755694,0.11217758742651789
0.1356411094067086,0.1293436929140542,0.12023199171645864,0.13582504245889976,0.05450944656599347,0.11715193735172823,0.1029933061833409,0.06495775085027376,0.13934572255254243
0.15163065469401332,0.11995697967577319,0.13668638091133564,0.12128810233186459,0.035721743671245094,0.11901583309247786,0.10489099041115052,0.08837153652999243,0.12243777868214734
0.12854505444252698,0.11073347577834829,0.09059632481801232,0.11481341194689655,0.16022892603650304,0.10782734183144098,0.09392607546723812,0.06297665730305198,0.13035273237598174
0.04014436760939421,0.11062481764691724,0.10060498527786188,0.12235562709338732,0.19289147432495268,0.12657759012976863,0.10430250781608408,0.06637599567985476,0.1361226344217791
0.1011414761326103,0.08950556558700053,0.12198119209225257,0.12399647744023586,0.05064706815080202,0.1420438105547471,0.12694209924318933,0.10761328271689641,0.13612902808226582
0.07253037964059832,0.09105650008949494,0.12434279112263225,0.11942164346013695,0.20334606266677724,0.09150253551465737,0.09009987536708892,0.10349221607526311,0.104207996063351
0.07891966984961364,0.14598849545665873,0.10245208136155919,0.12397588499789848,0.06690336093105227,0.125867452493835,0.11556061906709338,0.10361087905728922,0.13672155678500011
0.07306661793737747,0.15069728362407828,0.10710051832490647,0.12520869026564585,0.033895979268486434,0.1207957524570938,0.11303537029708703,0.14108298134333866,0.13511680648198607
0.10941828617269296,0.0998787086367892,0.13527320037306137,0.12342961557809573,0.04941650610675614,0.13013646984489902,0.11752843989942525,0.1057364786711303,0.12918229471714995
0.0681691612209548,0.10393790695040987,0.12205603208342515,0.12069653853343311,0.19014649326007912,0.1074648761421075,0.10647466673685808,0.05819400796965613,0.12286031710307628
0.11850382383663242,0.06968328256334705,0.13430517734705053,0.1139420463644825,0.1666262354330386,0.11157897206030563,0.09404915457695177,0.06250059200108767,0.1288107158171038
0.127857226007597,0.18405995571873868,0.10960276699508072,0.1194439036258154,0.07689704041605035,0.10333433259717702,0.11536085424061693,0.043167572266662034,0.12027634813226194
0.07168070186321213,0.10787042506252019,0.07202637825659708,0.09777100191151374,0.062131403263473974,0.10591495241238075,0.07295787735223155,0.3047802852785359,0.10486697459953476
0.04678763496892412,0.13809067838258912,0.13725659477228755,0.1263826323362995,0.07892925830814822,0.11192576777677515,0.11017799751535305,0.10840013119517666,0.14204930474444658
0.18508389853783144,0.11298278096349312,0.12969821101023568,0.11933735723463773,0.0475542404943692,0.11718847832208525,0.10558821375648024,0.06457942787692621,0.11798739180394109
0.1047633514638338,0.06748642784898447,0.1118654629965485,0.11919970434235516,0.15443774823939274,0.10374684668588814,0.11703764405731687,0.11357500058630539,0.10788781377937484
0.09886463549439779,0.10469661944289334,0.1551202205509898,0.12757928260687715,0.06988007916775373,0.11342055327187393,0.11245494300984875,0.0846223163563618,0.1333613500990037
0.12907800432510266,0.24847221719020354,0.08862930132163398,0.10554601635226381,0.04133811495148687,0.09313071152534931,0.09118053530661285,0.057277259807632985,0.14534783921971398
0.07961815204352053,0.097096451325779,0.1522834478882665,0.14488696157387362,0.08951771087943282,0.11414609528766416,0.11535433675555196,0.053501183638331694,0.1535956606075797
0.03398495356801883,0.12303447527618466,0.12975561417312995,0.1197185934460297,0.11805224510917763,0.10402588355238622,0.08669861450804155,0.16661947553057319,0.11811014483645825
0.14935547719723,0.08459924488830929,0.10241704619916152,0.09991845706717656,0.20249259347399598,0.08630439998386585,0.1189835452058195,0.04457433231695953,0.11135490366748176
0.07516290991734927,0.06982159046760973,0.1557110080518394,0.12967422800175996,0.07499914546101145,0.131655632474872,0.13493874168276138,0.09596620960213435,0.1320705343406625
0.054167031372072565,0.10408858958430749,0.1565676243470587,0.12855681896952045,0.06981154894184487,0.12986514866923946,0.12530368208386777,0.09187058062391347,0.13976897540817515
0.05470252397452055,0.09971664596960368,0.11543961571767732,0.10981641157935089,0.1944660387793419,0.11485774798438636,0.1195379372862373,0.0724913343661896,0.11897174434269238
0.060710698703468756,0.16044050579467406,0.11513026688526747,0.13733493226273988,0.05811825228649877,0.12106491618179945,0.1282941044662936,0.07151539385188915,0.14739092956736885
0.20600178157656698,0.08669642772396798,0.10129834257303139,0.10628190531799715,0.11974561048384047,0.08683897268287284,0.08374322260106824,0.10701774294720212,0.10237599409345288
0.2039680839082633,0.0810851329491542,0.11672212555229296,0.12169172802726762,0.0598598951633511,0.11015741643440467,0.1085382833627273,0.07540186515078089,0.12257546945175801
0.10633019744468726,0.09801311019345212,0.1395792001770089,0.13070471325421448,0.08862965471450512,0.1178752100049429,0.11768479253796026,0.06935741400440948,0.1318257076688195
0.07023310201799159,0.22276013245441426,0.10956154380504397,0.10947483287645421,0.051433274406025846,0.09313112901572235,0.08600353444199373,0.14873072623717906,0.10867172474517499
0.08657340445900162,0.21011025837300226,0.10352154647234169,0.1264880282506314,0.08192702558337463,0.10689035060580183,0.12005143990946732,0.03247787508601082,0.13196007126036835
0.10177332355434586,0.0808539912827506,0.1346896003413784,0.11526731567195085,0.16376069387093461,0.1203114116530924,0.10338098619042717,0.07419672475879972,0.10576595267632037
0.062382697075186753,0.140976452136114,0.12471603848966557,0.13341949464977174,0.05761026902055529,0.11412491017229474,0.1321460461433604,0.1061150957355226,0.12850899657752893
0.05183290269213248,0.11212926507735564,0.13485493823525269,0.1281662731057617,0.04315674120750936,0.11687205327199109,0.1395557650010989,0.1397671666104667,0.13366489479843144
0.12840370982292948,0.14204597343901607,0.09566547824522015,0.11905503358044521,0.08878217472055273,0.11006501668742508,0.10842071438540425,0.06809692984760411,0.13946496927140298
0.13182134727097203,0.08870715553282159,0.11666143613892226,0.12433267500461731,0.028648673313508958,0.10264499193765018,0.1283434044833652,0.15163280148009792,0.12720751483804452
0.0790856001950268,0.09231311053871288,0.1487084267482314,0.12750463113659571,0.13503388310899994,0.10744452603682564,0.1192241949394031,0.06955165463905452,0.12113397265715004
0.08933745774141046,0.10023718960709589,0.16822620313736214,0.13915722808227096,0.051853661989607586,0.12369330179415298,0.1082840105640099,0.10274502851297505,0.11646591857111495
0.16680754322189464,0.10129863809752625,0.13270918066348356,0.13010878084580232,0.042913835240933285,0.12001046199510819,0.11626947208710396,0.06311089768402495,0.12677119016412283
0.0526657357746691,0.14076169413204564,0.11923051600140833,0.13388789674563897,0.0700100495664024,0.12112608038884183,0.1086659492055118,0.10631848657997567,0.14733359160550633
0.13652138191790353,0.11275214081694557,0.11456581289520405,0.12177469732016395,0.0328099557684388,0.137045237302729,0.12357170479663993,0.07970213247459339,0.1412569367073818
0.0458218021281225,0.08058362175736832,0.1380745911129935,0.12607808222953323,0.05306805693972191,0.12843416125850662,0.16259101131818243,0.12406710979854464,0.1412815634570268
0.07398395909030506,0.1381514351563903,0.16898138522825948,0.10952355885089664,0.030916539597906075,0.09927399371391386,0.0863461328221331,0.1852634844722155,0.10755951106797995
0.06710194281512456,0.08733293622145828,0.1286780934317142,0.12933856887164086,0.05754557925619062,0.11910727346800833,0.1172805264745053,0.14301617309898917,0.1505989063623686
0.12502359227891446,0.0904239270320852,0.13172185011222734,0.12203103615641127,0.07866731354752161,0.11953660647592411,0.10731192348385588,0.08899333599740095,0.13629041491565927
0.13293279473355593,0.12051188517849039,0.09897016339310612,0.09690988042207165,0.040124995511542146,0.0850672481946903,0.09019739221194416,0.23805749017906316,0.09722815017553614
0.2091767908765422,0.0996610117772546,0.0724580816771301,0.1077290821301334,0.024359680603471403,0.08761499326445561,0.08715612061757967,0.204980254643834,0.10686398440959888
0.07511440677013849,0.16443128014158398,0.1257766416301169,0.11100442886238093,0.06522396212732368,0.10957515988291855,0.09486091665172021,0.1322247848961704,0.12178841903764688
0.12770058361822437,0.11985086859083478,0.11610600195343575,0.11624214382251806,0.13586959958034306,0.10710209487411719,0.08551084824042797,0.07378366832294932,0.1178341909971495
0.09332285414016779,0.21015744859861984,0.08567835924455526,0.09995266369013267,0.12981680681713523,0.11202283878672674,0.1043838285050485,0.05414892285984895,0.11051627735776505
0.12907100489275677,0.11357005589732887,0.12771982543587848,0.12967006291281144,0.05212642019607649,0.11313172596678578,0.10854114779060321,0.09719288687777318,0.12897687002998567
0.11543443981914243,0.11549450791332423,0.12797703170083516,0.11536946369056511,0.07272057829183093,0.11202526665368728,0.09804223459030625,0.13687945852395442,0.10605701881635421
0.08938287920016359,0.11969201267173966,0.11839419624337016,0.13945036543817624,0.018733522121281168,0.13514775073888843,0.11875502180914033,0.12052881950950824,0.13991543226773218
0.09698733702744967,0.13966830905859304,0.1224532296621597,0.11451174505181831,0.13129169725113424,0.11565934145296548,0.11573725182006415,0.03863394229526363,0.1250571463805518
0.03758253817041881,0.12409066968322141,0.12129945948021666,0.13421452866688052,0.07837717986463355,0.11544794494089104,0.1107038119639406,0.12302447912610064,0.1552593881036968
0.11418265713150155,0.1293342058769891,0.09302526422650952,0.11229106018626807,0.05098025064788566,0.09509826458837174,0.08898004806296655,0.2043479703186105,0.11176027896089734
0.12720829750856466,0.10950755299520164,0.09434545280710542,0.11172276892810262,0.1444623934462368,0.11138258600677682,0.10469716931109978,0.07246787131058675,0.1242059076863256
0.10473630998100662,0.13988880504632212,0.15449210103724956,0.13449136493626598,0.04174009381629649,0.11999774985966705,0.1061697475986369,0.07891848270584742,0.11956534501870791
0.10182045903194555,0.0905045501882321,0.1422705569178541,0.12425890533778856,0.09011839781020349,0.11838526528618981,0.10559571709025023,0.09674330263341648,0.13030284570411968
0.10864462455259132,0.1478083036429296,0.14009613236903892,0.12615450382191404,0.03960364162753038,0.12320572715453221,0.1105774163435822,0.08285810784912269,0.12105154263875866
0.06049168579853018,0.13241962700586699,0.11534218022289111,0.12727278835388725,0.09542226428483579,0.10891512422836643,0.12949215000367334,0.09705252659243309,0.13359165350951574
0.06588674657795973,0.10248379032476125,0.12728833928145725,0.1490846313357487,0.048576804056252164,0.12192250743854942,0.13259346047454926,0.11297247829245105,0.1391912422182712
0.09160710184292971,0.1220494245597545,0.1384372532814153,0.1419232060444454,0.04779678515322824,0.1503454826745932,0.12952990138401493,0.044418681171011075,0.13389216388860772
0.07849784732619171,0.13807494843058563,0.10888160638350135,0.11130646389807335,0.12033569830340278,0.09847576171055589,0.10273363119045949,0.11675618121639532,0.12493786154083451
0.11941227360758128,0.08676907610869755,0.10853817303411227,0.1173252789899496,0.07695605987471991,0.11533898741778437,0.09511698956425123,0.1533282448594034,0.12721491654350045
0.04446013957198825,0.10551541760192944,0.07779746359927074,0.09792470084424858,0.22137982919344168,0.09901715347289008,0.08281309184490106,0.16502679094355663,0.10606541292777365
0.19787573972133368,0.08010232913131897,0.13493295600322347,0.12624913572089355,0.06624917851976482,0.11766948027432872,0.11366485160678397,0.03297317562386612,0.1302831533984867
0.13600781351964839,0.08499529740983465,0.10718527479567756,0.12410212209264247,0.12981160191017563,0.11295691330626678,0.1199642830524531,0.03411552554846933,0.1508611683648321
0.12343553622858185,0.11726252877488715,0.12696171603424564,0.13188656721111824,0.04993539837044278,0.11209671122879439,0.11781612847841788,0.09462884193294453,0.12597657174056756
0.04655953720228249,0.1266286727705667,0.13672192512487633,0.12494613495399913,0.0639905541226232,0.14281973397428668,0.1173464385586287,0.10640090780246225,0.13458609549027442
0.09389914373780328,0.12955104626461464,0.12360631982837374,0.14273585433932778,0.04948148208820261,0.12169427599848669,0.1351998978090069,0.05448177766859231,0.149350202265592
0.1746460153616062,0.1059185207654923,0.18583005676903186,0.13051977427230402,0.02410150959631451,0.12039686959241895,0.0980337636140081,0.053118746255269446,0.10743474377355462
0.1307547260576285,0.1663112492039437,0.1453687872528948,0.12370663245439878,0.029463934857294632,0.11580782697314773,0.11194000226314792,0.05504143332105756,0.12160540761648637
0.06902897646897281,0.1811166551097748,0.12181114854724136,0.12909377563039626,0.050616944278915534,0.126442584300962,0.12366111668976236,0.04563635464129575,0.15259244433267918
0.07672109145875793,0.08976968912482075,0.12485599629790795,0.1313434377814432,0.054713814829903305,0.1393654453338369,0.12551339711307669,0.11001851051026838,0.14769861754998492
0.05481558505106355,0.14001256788682584,0.18283402860923145,0.13529004739851044,0.04695502676207094,0.12168624100918644,0.11940811814451512,0.07528969557939755,0.12370868955919871
0.19356119580154876,0.10228374320407596,0.12498926471534934,0.12393063952925537,0.038416697544205826,0.12290951190115547,0.09967065957242666,0.080276061279233,0.11396222645274963
0.04556246243528736,0.12722587090502196,0.14829268139910143,0.12837959823962722,0.059000151125337845,0.11716835106446073,0.104066311181452,0.12337980362404988,0.1469247700256615
0.09680409565645358,0.13758465846586482,0.1325972372280523,0.11614190570297722,0.1252219959773528,0.092803718030523,0.11936042239868105,0.05440561793208398,0.12508034860801132
0.02714847044140317,0.13401317278433972,0.12487006262954566,0.10203353128147163,0.07425807313781298,0.11231729207467019,0.09807411691400873,0.21336842477498327,0.11391685596176464
0.09142504993568505,0.11252388609288343,0.1418064115925991,0.12500450096218513,0.156914792474832,0.10384700528864836,0.1076162796957046,0.04735575611889073,0.11350631783857167
0.1367263754827789,0.14445669753380277,0.11723939677170853,0.13258817731906056,0.06389497059736282,0.12962211237012072,0.09759155093779759,0.05051463797596451,0.1273660810114036
0.0695602988092619,0.11140103835679527,0.12918376323530859,0.12633703527425386,0.11289248078753805,0.12348157146226348,0.10774558159384891,0.11407735461351172,0.10532087586721818
0.06997135840267081,0.09807513435270417,0.118063908715421,0.10358293137858426,0.04182969024754335,0.10572049566539311,0.08290223065489834,0.2726982025773308,0.10715604800545415
0.05527875941824683,0.10084808811214024,0.1520366613096093,0.13270874468314353,0.1693973463829865,0.1148117472526768,0.10473393792003471,0.05898887002908656,0.11119584489207547
0.03311155939072396,0.13981227841382837,0.07948018839440522,0.09828277408271725,0.06254287608305954,0.09529981074604021,0.08434256264513006,0.30674041767558496,0.10038753256851041
0.10760233480768562,0.10324212617067761,0.11520051166612277,0.1182053352428814,0.08803014826648224,0.11828964819225979,0.11144013358421312,0.09104698659484534,0.14694277547483203
0.16284095986324035,0.20171033300266128,0.1220031937182829,0.10686766468186215,0.09402220715930036,0.08971800753498345,0.10170017340528663,0.024251473981733256,0.09688598665264953
0.12137381023172411,0.09937533850739771,0.13265689017905222,0.12916829231070914,0.11994131020760485,0.10576916709139271,0.11885545288722095,0.03530257181036268,0.13755716677453558
0.09577151257524268,0.1112706439046595,0.1017267224750895,0.11188490359889369,0.22271961597446907,0.0890234018988079,0.10168062045607155,0.04629016173575471,0.11963241738101145
0.09810165160925566,0.13455819723343923,0.1449452243434521,0.13111427569522724,0.02648579738622824,0.12099473420071623,0.1076356459178524,0.1103064214476021,0.12585805216622678
0.058499948839620175,0.09298967834081645,0.1934398203070745,0.1132875239021555,0.060747368738785855,0.11046754204215055,0.09783488459392164,0.17474795202245208,0.09798528121302334
0.11186333126888152,0.13525573792910497,0.14583018762462088,0.12077631321468192,0.0541983871022521,0.11139850111884882,0.10711793512511802,0.08111019837400867,0.13244940824248308
0.09228701788366457,0.10516751995613538,0.1548906199625195,0.11436126811965082,0.07533018318151122,0.10136783845606896,0.08914709549903,0.1667524349835077,0.10069602195791183
0.13155848166049555,0.09081817406388076,0.10926754923740019,0.11810174702515465,0.1491091900280298,0.10754964689741005,0.09543970159717934,0.0697815564568018,0.12837395303364785
0.08149437310026197,0.1279672657525109,0.1321198181329096,0.11951163692404622,0.09976730140250682,0.11073557585575287,0.11364705579758731,0.07844776486658722,0.136309208167837
0.07490672620813359,0.10602223926455477,0.11485091740661253,0.1292877391065129,0.10557698477465734,0.12028020324786004,0.11080219213283904,0.08935220118581932,0.14892079667301042
0.14855572754509835,0.1278656390510692,0.11397549813759827,0.13276129507430745,0.05857449371300335,0.11315957295251146,0.12798670137231138,0.04248476569186003,0.13463630646224048
0.06009106252367138,0.1781726948136236,0.1424486185728813,0.12264021106899799,0.05523618183700213,0.11686133281261836,0.10929647526403918,0.07193287266603866,0.14332055044112743
0.10972081114016859,0.1680123813767763,0.10486572285175676,0.11146647512139929,0.17074879261811957,0.09554573884142858,0.09261340630376569,0.025946540924862024,0.12108013082172327
0.08143838548416747,0.09461179746252996,0.12661747203956264,0.1219825512425254,0.09317653587405078,0.10518232615180363,0.12153986199947803,0.11154359322331574,0.14390747652256636
0.07445465997438801,0.11503108278726093,0.14472713140494434,0.13380753365428114,0.09390402243153878,0.11724976063906356,0.11653683616785428,0.0589728064517252,0.14531616648894374
0.07376990283089048,0.12953825340971178,0.12274286474338263,0.13948452678084303,0.05750034969772295,0.12168047157711737,0.12518985066875252,0.07234097326749563,0.15775280702408362
0.04573040583364021,0.103115531167062,0.20179262576742232,0.13053786376321308,0.0930266019376918,0.1162424742536618,0.1153442840355799,0.05601329111459677,0.138196922127132
0.11717065116325005,0.12837503519414228,0.13533007805835426,0.12867052915070545,0.05813701535236706,0.12832608143035504,0.1138468343577302,0.054373861187105355,0.13576991410599024
0.21315842571286106,0.0822179509612038,0.1379298542455224,0.13287219035370537,0.03051361291402035,0.10173681481822126,0.10564539194301331,0.07326019880535928,0.1226655602460931
0.24433864178190112,0.07680910555243214,0.11341783024965651,0.11859787319285552,0.051799401828841414,0.0927023458844722,0.12109572276722297,0.07696609705751567,0.10427298168510245
0.08638776984109209,0.23031704183729032,0.08716040118075274,0.1136396073430339,0.08501870099315838,0.10729235275684464,0.10700125640119158,0.049567032749710506,0.13361583689692588
0.058038632163050725,0.10719192938271294,0.1608882009105995,0.13077765111903594,0.07321832510597827,0.11964341901592275,0.10597186836869887,0.10601222825791833,0.13825774567608265
0.07966810552287461,0.14751461527372667,0.080039826539537,0.09074904170372683,0.2064144434245703,0.08826423019001006,0.08576010006399286,0.1271092172696949,0.09448042001186674
0.04331034695654207,0.12203203105152034,0.1083397638771997,0.1183350049557147,0.19274098719334887,0.12479511426822469,0.09977790176461106,0.08034949429322903,0.11031935563960961
0.13448885809392094,0.09207914844073772,0.07950735044975127,0.10354379519733987,0.23515270962377696,0.09555850654556663,0.07721615840938932,0.067266380627035,0.11518709261248229
0.0996930633883561,0.14408474271465196,0.12802970886372492,0.1271931473219096,0.04430907856616826,0.10758472493120606,0.11449330303261339,0.09601671286272047,0.13859551831864925
0.06873894343210783,0.14636684448785184,0.12203793701658376,0.13075925202705055,0.048330377433235726,0.12237052911933473,0.10800085572071329,0.11688165254727956,0.13651360821584269
0.04980221613779016,0.15919686740719294,0.10154816055719929,0.10117007417706318,0.2362014628895004,0.09871056489722446,0.08339018917505502,0.05053428577518421,0.11944617898379035
0.16463755337459882,0.15693196239435472,0.09577836915038217,0.11215268091480363,0.04453550138320444,0.11426501545207474,0.09458277854830059,0.08703525012734932,0.1300808886549315
0.2994803316325107,0.08257020851978451,0.07650208850185845,0.09134054520897039,0.10574660230763266,0.07616775962871507,0.07640894025240301,0.10353282683573321,0.08825069711239197
0.22886779106313496,0.06705645255134525,0.0980171928259691,0.10878965163875287,0.11336680433626832,0.09271505515660211,0.11369569613093773,0.051360275153660616,0.12613108114332902
0.06770440540163057,0.22438307954620726,0.11375433534669577,0.11003976489836827,0.07959342100463895,0.1010054672006333,0.09713857433661173,0.07424819372982926,0.13213275853538484
0.049311960594097294,0.13169370764069438,0.15754520539127617,0.11664630671863335,0.050005344088090015,0.11487208855786589,0.10244647427848867,0.16427198011500807,0.1132069326158462
0.09198830143957575,0.09158142826518136,0.09408088330838764,0.11535684277969527,0.2607445624110725,0.09532556166529645,0.10227113353241409,0.03216198434945398,0.11648930224892295
0.06632155591557436,0.09286353454842296,0.11982590395975166,0.10776451007626808,0.06218382450893256,0.12545034505077757,0.09121882687439764,0.22273670459521155,0.11163479447066364
0.11477924837719178,0.11762912924028812,0.13869985556432304,0.13037829475605275,0.06389787739977901,0.11908551149225814,0.11977523052721577,0.056870920491645195,0.13888393215124625
0.05478703383774227,0.08825436473248294,0.14552966655751054,0.13461974433433874,0.15812413713376738,0.11685894982936351,0.1223272353464594,0.04673939838055618,0.13275946984777914
0.16925262678738906,0.10327364600232596,0.12004734672145644,0.10900778774520888,0.12226930794383944,0.10042550490775598,0.09816632119114223,0.06551134971869699,0.11204610898218499
0.26999005451019736,0.10406614361774096,0.11617507685135813,0.11163959373643262,0.03169420476875575,0.09638048517526554,0.0982932096127161,0.06295908064639776,0.10880215108113574
0.024953876078849954,0.10460533831585012,0.10761807920807465,0.11185006433211071,0.2772850980361457,0.10823973688059763,0.10907267138546455,0.043836997833638515,0.1125381379292683
0.18744217069984828,0.1271919499206108,0.1212413888948326,0.1153408491554128,0.05362862114009145,0.10315385873502482,0.10760752103953801,0.06072136755097677,0.12367227286366454
0.06204432872685193,0.14774634554705757,0.1496327540121201,0.14376208176682273,0.06373661168222215,0.11948037778924477,0.1287705622950779,0.036634503728010866,0.14819243445259198
0.14103843870548946,0.1092221913493543,0.16885930640887933,0.13523264392340087,0.04008810923316258,0.1147445828218861,0.1165629364449135,0.042394826623666976,0.1318569644892468
0.16024254695744913,0.07904592249492028,0.10410232300768595,0.118514279865639,0.1576488585547728,0.10595376457093032,0.09819098640048317,0.07504324585139227,0.10125807229672712
0.22430870098586494,0.08006339070846884,0.08904999549679672,0.12277953142204312,0.05575948714977184,0.10202276909669211,0.09101851105595393,0.1219699468155871,0.11302766726882145
0.15768356580898496,0.11157882380369455,0.12129257490890248,0.12250331377870805,0.07833156298179608,0.10610998394343289,0.10745994101526074,0.06603325800981212,0.12900697574940811
0.04103046026256026,0.1574193535016484,0.14396822732381978,0.12678020316253638,0.06084012428681681,0.11044083663946129,0.1137381035661632,0.1429501935687982,0.10283249768819563
0.13092822964850684,0.15062333085602822,0.13799911273116655,0.136645166013846,0.025501085183624667,0.10850657636755912,0.1393305596360012,0.03746582918317337,0.13300011038009404
0.10333166053365472,0.12356101416610527,0.1438905519336869,0.1327917862065724,0.06185113953605759,0.12017749431479019,0.12444431044908348,0.0453972009183097,0.14455484194173976
0.1712434797073593,0.10831169160607206,0.10344227603138885,0.11721574825061154,0.03499642661173762,0.12252591721496607,0.10614058863003052,0.09351398610338178,0.14260988584445236
0.07289032755664639,0.08238176040914404,0.10054970341350233,0.11414513526186125,0.14329972981991582,0.09625066250917079,0.1037060771221895,0.17078992551247918,0.11598667839509076
0.1518204427324559,0.13591902329537967,0.07364823604983291,0.09985542775679768,0.10168441884705161,0.07880737353589239,0.08370214948311035,0.17308680240898752,0.10147612589049189
0.09474201718502122,0.1095847923676363,0.145065279657181,0.13667499897749624,0.1066539557410273,0.11894314514663684,0.11156756275924883,0.04197683456793455,0.13479141359781774
0.020417376311948603,0.07191474879543687,0.1854774865147447,0.11202274005027356,0.055871251455104964,0.08778334226008837,0.10489042191136135,0.2761032197861626,0.08551941291487898
0.15936988759143045,0.08703409620371395,0.16348828699560566,0.12929726444791811,0.05744710086151844,0.11110545847610936,0.10563811295742707,0.07378936950138705,0.11283042296488995
0.08491395980271266,0.12701451317779824,0.14343548120075916,0.13457388239163257,0.056579248125564835,0.11871181091316933,0.14105774048150668,0.05534625518837181,0.13836710871848476
0.06055490027820256,0.13987230489347888,0.10380285535368956,0.11564674827784921,0.20828064483719677,0.10600630354607656,0.1073435980741878,0.0325142972637957,0.1259783474755229
0.08775387680413359,0.15463075102574295,0.093883370847274,0.12442933713303428,0.1376439759718905,0.0989715028832888,0.12915827144558056,0.05181313029202411,0.12171578359703115
0.1074101051717613,0.1798548950877753,0.10129440414889558,0.09858149819227967,0.04601946581011709,0.080059211156478,0.07967554420169591,0.2054914300674111,0.10161344616358609
0.1011589017589189,0.10837492006497446,0.16330520383358402,0.14098309999200878,0.04542885453845458,0.12388890218172666,0.1102879175724873,0.06266331693933368,0.14390888311851163
0.15658143169301555,0.07212218872028904,0.10808624840974627,0.12727206304306685,0.08150250421465395,0.11841013180952398,0.13504244825418968,0.06579673686894955,0.1351862469865651
0.12738302871533483,0.09527746323424792,0.12540668811546568,0.12397440573855605,0.055233661621727104,0.11378799471317087,0.10142463411168891,0.12796239464863557,0.1295497291011731
0.12896667801897663,0.10269095763984772,0.14645391752477815,0.11703191981250115,0.15391220984952203,0.10016207148959994,0.10284355158722445,0.03129227135657741,0.11664642272097255
0.02128841724177589,0.20914885734460528,0.09407129441538487,0.11503354683529683,0.03738367567979537,0.13738020045432892,0.09320186178848118,0.17176543228697713,0.12072671395335456
