0.05795381887336546,0.015895796066862932,0.05965284414965727,0.04703670961408362,0.04545386583034396,0.640518755915523,0.040609113454554174,0.04267728774952134,0.050201808346088284
0.24342742297220368,0.10613249066418491,0.04574920306573917,0.029595651464271677,0.07306522980206255,0.29193014823186153,0.032740665431638276,0.12683519083936737,0.05052399752867085
0.47906784094165894,0.12049812546985662,0.03866226817852245,0.0527958725206445,0.05921173158205198,0.06881004400775041,0.030119833229075965,0.08686956677509632,0.06396471729534285
0.2501196088003574,0.10353380889301644,0.08741903698442433,0.1199514575526572,0.10129519134600053,0.0580741401642653,0.1919233803473798,0.02713166926243203,0.06055170664946696
0.06433496346313262,0.03078945229626454,0.06781029806377971,0.016453164318419932,0.1673325104426544,0.3006446158260052,0.04087842850320391,0.2800991729691104,0.031657394117429294
0.2079415638945569,0.05080424360044985,0.0524452681524544,0.11434758823688225,0.048567757002506574,0.29534982333506304,0.1481069371000958,0.021132885412469885,0.06130393326552141
0.04123669347146807,0.005177432471205043,0.4356743190405093,0.015298624932964258,0.10614146187430734,0.0782573391310777,0.1776063059576918,0.06470374192107269,0.07590408119970389
0.092323589477534,0.23143668267010709,0.041571728210321214,0.12309052703200594,0.20513213296695754,0.050025420124905164,0.031038064252428527,0.0436478296075683,0.18173402565817218
0.12691715501839088,0.010408302936165846,0.15755102098791787,0.26418864001937487,0.09713933871569218,0.03240855175327579,0.11182021780546551,0.03537417581060947,0.1641925969531075
0.03831025532177987,0.07396055445175671,0.09220675805156614,0.5278099454674297,0.07146167065104585,0.05970250196337087,0.03203083455930756,0.04387238361844109,0.0606450959153022
0.19641609829250525,0.056644964214160064,0.030740423433025892,0.25427781425372403,0.03182797560986262,0.029271032526353463,0.19873790938064814,0.14738582577671575,0.05469795651300479
0.19003006965522917,0.12678365521909482,0.06704665092673799,0.31205583639909323,0.03487965743039085,0.030673118723253127,0.045703945363598265,0.02521107539673018,0.1676159908858724
0.2368102990082633,0.11825794308302486,0.06734306382406018,0.28305793012394515,0.025140593835681912,0.029559310918131798,0.14173049322395745,0.024530439141493766,0.07356992684144159
0.31795620585825374,0.06971360944174898,0.06506874916206411,0.08347922827068545,0.08582617935280523,0.041121144430254025,0.13578624563064162,0.04124446207051468,0.15980417578303222
0.1826873900971473,0.10306012055698333,0.043473819557234415,0.26200773748057016,0.05518507654237548,0.029523695834940442,0.025146539094489707,0.24422805364369835,0.05468756719256085
0.5253564040012684,0.08272226399500635,0.04704285361769251,0.07918015615676187,0.07576271411639617,0.02928198400655938,0.03798997815270783,0.02404835101778287,0.09861529493582455
0.3689724929841344,0.15075423155216958,0.03316352515653279,0.022737457264937613,0.0496162692163482,0.21737645507198344,0.02025088851508548,0.026338630555928232,0.11079004968288027
0.024752080393980653,0.25895079877899474,0.0798593386088317,0.34550405897081765,0.1426409164238689,0.07337899015011862,0.01675522022333417,0.007630100854626079,0.05052849559542739
0.10653775881636347,0.03474634226554397,0.24918920868939723,0.21101126883889618,0.07120374075767501,0.03524188725934812,0.14278089172179145,0.07173292976927803,0.07755597188170654
0.030495994641350308,0.0188042458525754,0.2987484177261584,0.054048784396583456,0.06955746749796271,0.13153633152281918,0.10412486791056257,0.22276722701348065,0.0699166634385073
0.03777658162089654,0.00894416404481327,0.3534279513329179,0.038967135490615014,0.13609835926267214,0.07505501924565464,0.2202688816226035,0.06164919183465197,0.06781271554517511
0.3747593641681166,0.06927736233821007,0.05094880431418431,0.08101899476075676,0.11102277790357806,0.1360499840591222,0.07623035250732783,0.0460536090750335,0.05463875087367059
0.2273350569471213,0.18149461566420447,0.05758543221014978,0.013485566335163799,0.06988355797515107,0.0056819915376441444,0.05096287464244075,0.03178976275383358,0.3617811419342912
0.04226978080351076,0.0020631501950500006,0.4214889348109654,0.1875615174287442,0.10986896001214619,0.024789565384813667,0.0846820810902712,0.0004014401171387053,0.12687457015736
0.19214185939686612,0.11439825221044587,0.07935361947046342,0.18556172599106976,0.08659696336071132,0.02763604371149307,0.1382803690846284,0.1227040008116261,0.05332716596269591
0.16423342777852115,0.018797784214707323,0.1759205502532483,0.09482003446386762,0.2673057932560813,0.007509894056799471,0.018532166247578724,0.011780803350978213,0.24109954637821793
0.07822754378382189,0.10204581532887437,0.13208509405006308,0.18001180860420365,0.36145035792067143,0.020181011815654803,0.025917289407889118,0.02902591198274893,0.07105516710607275
0.002484073986842916,0.01607968345084806,0.5660238076832275,0.11335530549080214,0.04092995784290054,0.02171280899137794,0.015267875647529012,0.04085240023638408,0.18329408667008787
0.045056148466263594,0.09055477393735012,0.03092556337436898,0.5009740532640563,0.08740082269224363,0.023114506141990638,0.057052713935656175,0.12658801124106853,0.03833340694700204
0.10752388200668163,0.019089154173114867,0.16194295507578152,0.08615179732992935,0.1520169395709552,0.1181111308402094,0.20836110836616364,0.02076925058242504,0.12603378205473945
0.12275415243497607,0.03990908964135891,0.07759045244358646,0.05911161123347771,0.081430309182152,0.09071841928661839,0.030731344575265357,0.4267015671645263,0.07105305403803874
0.29995740931367126,0.06845290333005222,0.11096827050038222,0.10001979234038239,0.08669572081322913,0.027869166330739423,0.049437859304477215,0.14566895803669397,0.11092992003037212
0.10741272506679282,0.019811000753836624,0.18163240972012126,0.20189174281113495,0.05583015199517862,0.07376218019294342,0.01599765151079684,0.27004118768696045,0.07362095026223507
0.10699828224733754,0.2064770031275506,0.10353612905819004,0.21800009806555232,0.10642136206608664,0.02571337388395864,0.11176539813233317,0.08485188863297581,0.03623646478601515
0.2755529102939993,0.06514887595844478,0.0354059991383941,0.1769717670600711,0.03803149598727382,0.0505639855570447,0.26586799328222616,0.03225431865304604,0.06020265406950003
0.10479083950347583,0.011446363821624242,0.3493293109846303,0.014045372637568998,0.037220961394099444,0.04571317979184347,0.09712293884851113,0.03162439707056198,0.30870663594768455
0.27883063763376287,0.15721810674193934,0.06182671977652896,0.1643308466663648,0.04696591991507787,0.06751218930419989,0.10506777614260439,0.05180172790999669,0.06644607590952516
0.11820706919867992,0.4537202284335852,0.06785592986083382,0.03986350486179991,0.02698589050047574,0.03442479369731696,0.10715346091093353,0.09177947146801875,0.0600096510683562
0.06500422977918867,0.014075518288631678,0.05714509285611813,0.11297084124683099,0.05849944642438712,0.06473207058209321,0.481750302357787,0.06843577020427129,0.07738672826069201
0.10200248013220752,0.0978872813177251,0.06816543541299895,0.4733496891035192,0.06257817543052513,0.03428850990527178,0.04786352464262975,0.047739948160544554,0.06612495589457805
0.004165560680072081,0.005600902493567382,0.0853242601892251,0.15734673081632092,0.07351740448231969,0.10862742059001906,0.38847110657653133,0.052042517144633475,0.12490409702731105
0.040613275949433765,0.01471157363620044,0.2516398460929708,0.16644847520110906,0.18476024668568045,0.03623967406718395,0.09754452723296965,0.10916714765916147,0.09887523347529042
0.042247186411246744,0.17495381166475887,0.1366982438149361,0.029992563350533716,0.047052465024970624,0.231664839519072,0.05256492260524717,0.045044734718282346,0.2397812328909524
0.27160999691720794,0.14899007083741134,0.034973418285542825,0.26609869833318966,0.0353068058966779,0.06068349675317671,0.05365196925936524,0.07988452552260933,0.04880101819481903
0.2390908522726559,0.09646955196682445,0.024510477297998833,0.3147847465822786,0.06839341244123243,0.07592916719936521,0.045010908110375704,0.07930631242489883,0.056504571704370066
0.09623571789248186,0.04708834310884897,0.07422762081204588,0.07583788172093447,0.08478652475699776,0.15804780509657537,0.04148337482317475,0.3529546698806061,0.06933806190833486
0.03368676706757048,0.004188468429584461,0.18613074752970835,0.03943322417227334,0.040913948961588266,0.05480217874376306,0.50029624911848,0.017384163780004232,0.12316425219702791
0.18902917520433382,0.28180423308150654,0.04882888927008346,0.07990170577297911,0.08793665862343791,0.021771247570897444,0.0390208175382219,0.055665478732675355,0.1960417942058645
0.10186752934710482,0.0906159056886366,0.034374072574903415,0.47963049016403875,0.06370928110464708,0.03117987958310792,0.04973804718217412,0.08718684733323366,0.06169794702215364
0.04000804817349663,0.03412840910421378,0.033557355611662266,0.5183467860551786,0.06890464363416908,0.007105604085353515,0.009252198073644536,0.21838419767887554,0.07031275758340609
0.10175176767794063,0.0561035233453128,0.10586111957330195,0.20571920510945105,0.04169402190940134,0.09364753017597799,0.21189977124958312,0.10056946773355642,0.08275359322547474
0.2166180127686357,0.08722200638158907,0.043974324538493224,0.118828881156325,0.18956621646160368,0.08435771401918074,0.07465358457739041,0.05672705962992277,0.12805220046685942
0.06942168422633445,0.043766285784016375,0.2709587257675362,0.05983570976777663,0.1166095828381163,0.10909821710728905,0.0758176953430094,0.010984368437335084,0.24350773072858645
0.5347752410391974,0.09350443354743239,0.028266401878058314,0.035102433433980645,0.09288954892387101,0.019793592666836706,0.03172684375446303,0.07462200709165398,0.08931949766450668
0.13109314346193587,0.18115845026223146,0.03258813336150862,0.11964730106071704,0.1442113083408111,0.1096450845557953,0.06133366631582105,0.12089025720242248,0.09943265543875705
0.008943576209497785,0.0189321497068551,0.3612800463511707,0.12920234112889595,0.07159351530729646,0.00815682866171319,0.07630422017407333,0.23672731740164557,0.08886000505885198
0.3386739737443727,0.08257499304677317,0.028383041244731646,0.05338246964323449,0.07014669628151002,0.1187490888751237,0.03215914053301464,0.22622247856115407,0.049708118070085516
0.0013667553514428432,0.014202268645949407,0.16559480174689215,0.09352563099270389,0.15030345161061098,0.006768806760320214,0.21473539313761356,0.014194253419121963,0.33930863833534497
0.27793559104392923,0.010118579832247817,0.12619773472456808,0.1390831757529802,0.06333795703669759,0.042458690729031544,0.20868411615668148,0.013667046873048665,0.11851710785081544
0.0017489747207023625,0.042076340453388324,0.42806906167807046,0.1299217919302498,0.09572741202844696,0.02431273547873634,0.16107590634808697,0.05056449335057078,0.06650328401174789
0.35728995580343287,0.06644372208094519,0.06431132698780272,0.05252788626689723,0.09235504741475874,0.09778965945747958,0.053445882467474316,0.16127144268276256,0.054565076838446906
0.1994255548148299,0.023511843183275344,0.18853397144349401,0.19038800041739612,0.10798039026326582,0.04304361494331271,0.04020301895204815,0.06567291823023363,0.14124068775214427
0.06881784531345869,0.027258579723858506,0.2865997282995805,0.1219417145792304,0.08782295628035693,0.1333576030278544,0.12126689119786493,0.0411143439887029,0.11182033758909281
0.32515737815172274,0.12854297721568228,0.10046644633575043,0.06753818216844615,0.02735250959706235,0.03388910139253617,0.23226011674281452,0.03369764645412791,0.05109564194185747
0.018385379276239115,0.013827939424992627,0.11274735717861062,0.09707842148989661,0.08841413669745024,0.10800240104458159,0.01924569915020995,0.42800149868182585,0.11429716705619336
0.024585039542830287,0.0019767366212441544,0.22372075979559947,0.2715875058446837,0.10796940817084143,0.027923817481827037,0.09817000035062116,0.001229610174232199,0.24283712201812055
0.3092662377804552,0.08134944127237019,0.0973068977771977,0.07209510117549082,0.05932282592008494,0.07874885685859884,0.18998933116592345,0.04748354205123414,0.06443776599864462
0.0012518264720839856,0.010549239000369255,0.4914028718635807,0.01812216244344679,0.052642670531956225,0.009500408793271868,0.22682324812375262,0.03422092260028937,0.15548665017124919
0.007271028904735991,0.020153518302796034,0.3753293876871943,0.02850750408589292,0.07134076791965684,0.09779453856737445,0.05640778446514385,0.2834893302891736,0.05970613977803196
0.04835244481133933,0.032601988570748794,0.0710229911864337,0.2800747272261314,0.1672052987547349,0.09000550698293414,0.06713876583076878,0.18289304398547013,0.06070523265143887
0.21467270075743947,0.028783279114281923,0.09087677118526578,0.041822276479151856,0.10035532241246599,0.3941420688913088,0.03619801097637269,0.011237350123830786,0.08191222005988275
0.10828229846796818,0.03444177126521596,0.09784420251156194,0.12426810661921295,0.03933007398086257,0.38411016316570135,0.07213540027520743,0.038272391800591735,0.1013155919136779
0.1527737879514628,0.06530025962437647,0.0706254524736135,0.10040194016811639,0.07635350156028284,0.14341773531498633,0.18028080048965764,0.04714830979895355,0.16369821261855047
0.3276788874276882,0.09352068424650499,0.05840436094696596,0.07438758245398629,0.0834712066829663,0.0943245848139565,0.07567299674629145,0.05189929185786694,0.1406404048237734
0.26994746782591944,0.07700694723473654,0.04802770910066414,0.07595589687686351,0.0918407473919709,0.15490751029724179,0.07412755250725264,0.13918500303014725,0.06900116573520383
0.0952570900207661,0.012835397837520081,0.12627902685643844,0.044059993077302906,0.10849891740107424,0.2864493341300055,0.19872750509802906,0.08235237521774873,0.04554036036111475
0.3516483544225693,0.06206057181019759,0.06888450498229033,0.1156666097406822,0.06092362271316135,0.017413066029376825,0.24724987404783136,0.03971436343780407,0.03643903281608701
0.09752018173018644,0.0721198792552573,0.1163147188354493,0.11202954485617678,0.05354887848417925,0.11419657216703553,0.030330003215220936,0.3191692088545539,0.08477101260194053
0.13699880660658006,0.055758032134943986,0.026600604504259332,0.3769508346664565,0.075876236775217,0.08308682999291332,0.017985276671342337,0.17179321865844444,0.05495015998984302
0.1097578810231002,0.09597835624680269,0.05351911464812404,0.4197494971575966,0.07226035546841424,0.052723564028410476,0.038149923817426,0.08312788854576171,0.0747334190643642
0.14539644377656233,0.04455963833583154,0.14370307092764048,0.24224042415915434,0.10675248880453714,0.04261108129766464,0.08234553831704809,0.11698242495290612,0.07540888942865535
0.2636135111910669,0.033835448300529335,0.11315628179443926,0.157624965509884,0.05352000819549182,0.1363386601486228,0.10297094069773875,0.04847465960176892,0.09046552456045824
0.24759869101860968,0.020167952416324627,0.05874585483455778,0.29326286271612323,0.03365389559460382,0.039865220897350145,0.0807702839617289,0.17174663837331985,0.05418860018738194
0.28409530608284866,0.07882290384184136,0.02528068764836536,0.10417636609032445,0.18640746928600094,0.05322234830611191,0.13701359831009,0.04845542774144463,0.08252589269297271
0.011059273411071137,0.011612082868428087,0.4189683272716387,0.02649633564308874,0.13097082820405576,0.24240493992714165,0.05417205238587761,0.009293796881678874,0.09502236340701946
0.06492348054562937,0.18136396334354898,0.128710728138925,0.21947102986075231,0.050052167311384295,0.02993296294740308,0.14421194332653822,0.11491165193151186,0.06642207259430681
0.005478253926833835,0.0028731575844200773,0.5628458558188906,0.04900475877021856,0.12295746865946518,0.019336740726596826,0.08179471215669343,0.033631921127116764,0.12207713122976471
0.538701652722068,0.0447060976718237,0.05956328687345391,0.02591214027711433,0.06948831473774457,0.02651841540847438,0.0788403618577399,0.0735274571498821,0.08274227330169903
0.021879478572464056,0.00706038987652402,0.21369226052659188,0.1353145226485816,0.09251985147840007,0.08290964164687666,0.05577634032037803,0.24551857778238864,0.14532893714779493
0.0055541035171909935,0.00268640020556294,0.5904313876358095,0.0427825997113421,0.10536628268624688,0.0073959590279293235,0.07925224751125874,0.08502902607874897,0.08150199362591054
0.12454600654960575,0.0055673421265295744,0.13431894648389575,0.07650578586670054,0.0997160416758931,0.06392777025517295,0.18411846281482588,0.014872617288014025,0.29642702693936235
0.12105776996335038,0.027007778923599523,0.16456444722821165,0.08206299184480674,0.047541834544922716,0.2843706596549538,0.08501251551353349,0.10558923468347603,0.08279276764314568
0.003767472319439319,0.004412707118009967,0.569594558124446,0.08255387263041622,0.0678966267087766,0.012937276091560127,0.023509791563427338,0.048716123838699,0.18661157160522546
0.4981983567966816,0.051580287966896565,0.051177116308241934,0.10684620913332323,0.03582070674535179,0.021924634632768916,0.029734585991502905,0.07223048809628069,0.13248761432895237
0.031954233404089566,0.15990480136165494,0.22955320057790585,0.03662201824760611,0.05205535972658549,0.02724850383067054,0.0812224061970328,0.29466924462085364,0.08677023203360103
0.177162977502997,0.03860628862691562,0.035589238347692925,0.18131316180301207,0.15029469181644328,0.06737090716241238,0.16915781652271578,0.06583901309047269,0.11466590512733821
0.00635614787937257,0.035548922711268895,0.06616087157721197,0.548491680370397,0.189871991427939,0.0325030023381753,0.037276319141871066,0.022584103341709013,0.06120696121205524
0.33913015555423703,0.050632406917571905,0.02504380620345062,0.04587736600420828,0.07668244767933305,0.3352582962779112,0.03407082761455309,0.027501908349861725,0.06580278539887294
0.09134220269087183,0.13407064829230209,0.22602413365498633,0.07999779981348215,0.06289083714046113,0.054462481808620344,0.04417234861974632,0.19793704122709332,0.10910250675243645
0.09747423148452654,0.1157030445694105,0.1132686255354544,0.09042246661118784,0.13265496745370275,0.14932760182345753,0.2081036916670106,0.04214708787129482,0.05089828298395504
0.07663011905030583,0.41148963779197295,0.042443431524949345,0.08335707548993404,0.07308148750827036,0.055619491645733043,0.07238387783046174,0.03696914415205441,0.14802573500631833
0.11453126060064638,0.02490528213267092,0.1257439876378099,0.206912655594884,0.08572755588020027,0.04956324667833966,0.060691815936473874,0.26648311385485407,0.06544108168412092
0.11989058842424587,0.04275296588392769,0.04327456371514249,0.08042969893383711,0.05493501635289302,0.11508705703352735,0.3847308381578987,0.0733437518615137,0.08555551963701398
0.036532648180570386,0.002783330782403483,0.1343048362174907,0.16232824418185943,0.04075330260932871,0.47985310440173684,0.021917716788794835,0.03706631668621002,0.08446050015160574
0.23800456297506045,0.22175352696161518,0.13048766618917482,0.13538804437842458,0.058344532090340316,0.06763141762266141,0.03169191082277787,0.02257025423946504,0.09412808472048045
0.09536331153764543,0.014893880252779395,0.17109697538294075,0.19333538188554264,0.07615581897170944,0.08625527352282768,0.020891948140378768,0.2800724785976399,0.06193493170853606
0.09298681498106158,0.07901681086142873,0.16165565216165165,0.2748522737398775,0.06475682016587454,0.03323568113689704,0.04698055543146074,0.17207129311024882,0.07444409841149931
0.5034578073176715,0.09793598384850537,0.032004650828600385,0.05708063899722291,0.06446071725301115,0.11073630308817943,0.01827292660942321,0.05465571094886518,0.061395261108520865
0.01635626110417567,0.010429499624188503,0.11937787578363136,0.22707437220710291,0.16083997927425,0.13315344825007228,0.05268660088403793,0.010202311788832867,0.2698796510837085
0.06744479097671181,0.0051645221192737015,0.2801198638008928,0.03681299518351503,0.23629255100888177,0.14068301663826646,0.1571678297069857,0.013690660154803025,0.06262377041066973
0.2968181846938667,0.014336097194364765,0.176664280525467,0.1470810709538403,0.08324467286303387,0.06165436334602272,0.05794400718108312,0.04258582549308267,0.11967149774923876
0.04130933317526542,0.06760854647865626,0.048475091672949944,0.5924132297525463,0.05795757441729452,0.022366251479393588,0.03590766321601887,0.09658781368417481,0.03737449612370042
