0.02714858325055668,0.20043260600811919,0.10409963605671485,0.2557986818219247,0.1743705282099042,0.031776938400221805,0.10581934480613642,0.07561842137392112,0.02493526007250113
0.01583441876146606,0.06181969820816171,0.26978990667838665,0.014844780945347818,0.3840060410197797,0.10707980587733897,0.07506029156101501,0.042408237255331487,0.029156819693172548
0.06899262316260583,0.15822104420815344,0.09608541578041602,0.06985679549698666,0.08515413393125193,0.06564241599824903,0.1339710151811968,0.28353167960132963,0.03854487663981064
0.06377221059071982,0.08129067870508463,0.19191172848655078,0.060162857190828145,0.3126729110904767,0.046760178549065924,0.08565544352140585,0.054390741872714775,0.10338324999315339
0.00394223862177752,0.11489142281905958,0.1447932725925584,0.007373012533704151,0.17104097911686333,0.042721733926202744,0.08184575717788611,0.023215145909885285,0.4101764373020629
0.02948950575116689,0.09169054737761105,0.21289474545155884,0.03668377121867831,0.36642081808500565,0.1016017706460121,0.10686455614911432,0.03453624868006408,0.019818036640788766
0.08361082878991251,0.14562912538445713,0.1151819266576624,0.40118167857268444,0.1479001581014947,0.012706715650234327,0.05760504523853783,0.03326791132487233,0.002916610280144349
0.10374138058750275,0.046757216070407254,0.24189767547637672,0.04022729535644146,0.3771611306243173,0.0817936721519449,0.08024884305612888,0.01610893495505099,0.012063851721829699
0.03809894155744606,0.052288579377970455,0.09369493379743676,0.0426610273631465,0.056178783573559384,0.22104462986696793,0.11298356990971932,0.14843793428995358,0.23461160026380004
0.04442707142550601,0.07852765946453205,0.07535903808751782,0.09377168372274225,0.419905620698291,0.05498360064042825,0.09353104223117108,0.0540433940082199,0.08545088972159164
0.11915951337215937,0.1379266617693303,0.12995624697573085,0.1311049637157767,0.11341539380939807,0.13321909762052678,0.10596385513147448,0.07919739285305342,0.050056874752550086
0.05424047139939129,0.0644598957716841,0.2020407931033217,0.029013624715861736,0.2698551285877276,0.21155216147498165,0.09160070737607884,0.0620145623090256,0.01522265526192749
0.13098018849768558,0.1593797688321196,0.1371140043571736,0.09868292015811574,0.12993446312827958,0.13259698085072633,0.13673230115615861,0.06467665327557141,0.009902719744169482
0.13105280142310702,0.18993008757476784,0.06339646076325467,0.08374609789461213,0.3113686875180342,0.013484759467439732,0.0605830495463377,0.14346301799370662,0.002975037818740048
0.040003524680933544,0.21126573784965944,0.1735861414949205,0.03719863799941698,0.10112696480790491,0.09404768660863072,0.11473564350157255,0.06345044092091866,0.16458522213604262
0.5314546181315551,0.03271307176761499,0.05619617797846791,0.037102696160427245,0.03457400104819379,0.031542104940303246,0.0708032591583281,0.014184496987928666,0.19142957382718104
0.06386770843228162,0.08807332110783718,0.11185278830774363,0.06918139416950532,0.2281931022934125,0.1978791659449843,0.12528899365818782,0.02428824708940118,0.09137527899664649
0.04803056646279243,0.04700776776875389,0.07175277351411795,0.21195913864063964,0.10228560138283806,0.10036615435346775,0.08269479933518488,0.2745340364400559,0.06136916210214937
0.02675270663223685,0.29277538945909476,0.06897889240784003,0.07020610500960568,0.06696489148174788,0.12451879487075068,0.10676054297054745,0.17652413376490586,0.06651854340327075
0.026331560287633043,0.16725802524210057,0.08945258547493944,0.045363848739571326,0.08413071348886163,0.23518980323266445,0.10123133922393823,0.1894440430435078,0.06159808126678362
0.011617228253513362,0.15913272735585812,0.12112606440315905,0.024584474264754255,0.12812233044255514,0.08685651173384605,0.05867961725692398,0.03980424152416872,0.37007680476522137
0.019131811502814886,0.11345052286632433,0.21695402301421382,0.005046010545831974,0.26718540640685373,0.11759681231012808,0.1409549583801508,0.027035486086285327,0.09264496888739704
0.03453086375870832,0.07377548401430957,0.11321558758673174,0.008737235744011028,0.2254103519770451,0.251964576158705,0.1165328536235571,0.12400108511102075,0.05183196202591132
0.015160449747175652,0.03453687452695645,0.28300526847204194,0.03412042942709883,0.3124822177655437,0.10542129420424058,0.07373802615216371,0.02266167652559968,0.1188737631791794
0.026958157436722124,0.17586387927698052,0.18459030622866238,0.04129199502644123,0.23265358807910527,0.052727212333795126,0.14187380084568246,0.08960848879967816,0.054432571972932664
0.01307721715344116,0.10980686373116955,0.10972623641085992,0.028675053606390524,0.19598860764002438,0.08547321734387574,0.186726205261286,0.21900923399770855,0.05151736485524411
0.02443237584346582,0.08463119434170628,0.11735429313882983,0.057912394079553516,0.3571127599103259,0.14781358102337708,0.0781004373499406,0.01653986616910765,0.11610309814369328
0.01875216660649356,0.02531199031219496,0.17606084978609635,0.11935690532731315,0.3151921955181633,0.15429276459383864,0.07504852831392501,0.10553117582835952,0.01045342371361551
0.04060124974529657,0.09553454452407055,0.07485018092478553,0.013971727298374521,0.25710960446290326,0.12698961363780795,0.11741839765397259,0.10574400311521968,0.16778067863756943
0.11296779163876242,0.04810841044926368,0.18179610337573937,0.04115348941749054,0.36547472424417543,0.06903808006818063,0.10709575410499432,0.03612579655353549,0.038239850147858044
0.020325771111296284,0.05929257670020508,0.24993292993561408,0.13161044240999298,0.3986075455877331,0.01606405261980468,0.0617753413382674,0.054586671813483194,0.007804668483603311
0.01580413385720118,0.13982074787189927,0.32634894413865295,0.006820961962928825,0.2119756075996285,0.05618246250728517,0.0803993187351328,0.014094634908488614,0.14855318841878268
0.03602940611724086,0.06336329813914716,0.10217158497492991,0.012532595026239305,0.1797234584744213,0.18006052667137662,0.10092052443086612,0.1093695796310132,0.21582902653476552
0.005364946521911565,0.2956368710387895,0.08471607198744617,0.10916030706790074,0.11414620260985657,0.08140436913133532,0.1000859909768285,0.20030793359370477,0.009177307072226972
0.02321580082725973,0.043913027485219656,0.11013758571652554,0.046003886831486505,0.3698737469226621,0.05327091447114025,0.16199325401129863,0.026835288242038933,0.1647564954923686
0.07730507571540406,0.05890434999703764,0.08705565642295848,0.030393664680906356,0.1098836901570055,0.1785154452437222,0.12011983655390301,0.0793188657725896,0.25850341545647315
0.036898492823642125,0.07311661465563293,0.26876962458919307,0.03134314006889872,0.0734088413215101,0.20725487951958166,0.09754186180527236,0.06560133661136434,0.1460652086049047
0.02044524009033479,0.04117437680885573,0.11303676005874815,0.14330043498525497,0.30943143939234363,0.06689805781842312,0.09931258061822958,0.03380749520963845,0.17259361501817153
0.08536481484817471,0.04013440516994184,0.1994263582210302,0.09193236376806231,0.3064901512217802,0.08761270330105325,0.0946300420693494,0.021561820631831315,0.07284734076877676
0.03121093286573015,0.1969551750369077,0.09542653388280214,0.032132272184705414,0.19886479789015402,0.06663701356167061,0.07445598378927246,0.043543911357113045,0.26077337943164447
0.0194326721476322,0.03807273266988189,0.0993201526223219,0.022076930395231092,0.2605080961890914,0.09704527971578847,0.13025768126899803,0.29095810237176817,0.0423283526192868
0.01621730325122407,0.05861896318274501,0.1289992307196551,0.00968393313045446,0.31517102501328403,0.1560100068760769,0.08371415450966126,0.12937236063470586,0.10221302268219323
0.061176878638657006,0.04615109515850768,0.2618369194269399,0.16942166030941966,0.179654540092225,0.020184975210396805,0.11891885154899788,0.07393825597747526,0.06871682363738085
0.22976596747593306,0.08482269784344747,0.13473165836960702,0.04929558051167271,0.31403833881007587,0.025281443254976735,0.06850572487809888,0.0742258745345921,0.019332714321596223
0.016929205791871554,0.1237728315493471,0.2124173831105595,0.04727898008475756,0.2148437165892597,0.0911584827546915,0.10058339088917802,0.14341355913219633,0.049602450098138795
0.03262518429935927,0.05248994972704557,0.11274581963495228,0.018434048664315233,0.5511551064362465,0.058429376403135856,0.08278403905386605,0.031299222348897725,0.06003725343218159
0.08077313433856805,0.031912849406751945,0.2078649202006395,0.09009362404932225,0.10094605014685958,0.06217817132591694,0.11895773062635225,0.29483405953226055,0.012439460373328983
0.03909330914964374,0.1769492914449781,0.15449717840371965,0.05587050653418818,0.17817006170139305,0.06604541090964215,0.17397003197652702,0.1329355555426843,0.022468654337223934
0.10519117240589781,0.0971474380721415,0.1494532783572724,0.11430492863480275,0.3061478428209948,0.045079395351655525,0.09031888197846871,0.046542110634478585,0.045814951744287985
0.13915670548987405,0.1567654824241177,0.11896616023263838,0.06350932862870151,0.16306943407891303,0.13321776784001074,0.10071301162779271,0.07063664039333524,0.05396546928461662
0.018079109408434622,0.02441615983538854,0.27563362477949543,0.013048278509345076,0.4128586235182358,0.025215055939352596,0.10311061418549956,0.04954164299235076,0.07809689083189757
0.040329920743345744,0.07509826851318586,0.2364085671206542,0.024600030491958635,0.12962146350221213,0.225149623227332,0.11940006629811906,0.03330335150473172,0.11608870859846059
0.06446084214645437,0.2571612505231345,0.05296668366093488,0.09811364084660475,0.04214818398163924,0.0993472719721632,0.08112211661508112,0.03831227999241806,0.2663677302615699
0.4993809902126953,0.10277856361563857,0.06575442141605684,0.019973038494210785,0.041873657231494416,0.04417223171814164,0.13453939587172883,0.04465080393197295,0.046876897508060615
0.031850078951158614,0.04273918746394121,0.10072376251253222,0.09698172845830362,0.2578900267054461,0.07115759752230168,0.15518588420614718,0.04835909135251448,0.19511264282765486
0.10789189775376522,0.16577456295670706,0.0539254496131703,0.1793750433546805,0.12187586205237366,0.04591313517617265,0.10526909785807681,0.08168071921168356,0.13829423202337024
0.5888119416599632,0.015835523873309082,0.0951885461508033,0.012696950741862367,0.163725398943509,0.023009316505548088,0.07300861235500383,0.01835367001353962,0.009370039756461522
0.49933200474198874,0.024448274136705417,0.10807068063227492,0.03483419166039876,0.1311450494021664,0.020525711190600048,0.08617232939962556,0.03701149798118505,0.05846026085505512
0.020468129484012228,0.05368649830418699,0.15308171505851514,0.031458555095326045,0.4662788918384309,0.027390393717624972,0.06420244270441043,0.1108817562685863,0.07255161752890697
0.11847067938215237,0.32416205862582476,0.0570020653708207,0.019053088768126003,0.048499722868678825,0.05313851837474504,0.09424888984962328,0.24730339870889093,0.03812157805113814
0.011699597440544196,0.18799917762319596,0.06488292923961451,0.07544149523679179,0.09489071819720037,0.26283946993024193,0.07651327251378504,0.1209397908973796,0.10479354892124663
0.041370271691982714,0.12773579399200316,0.12142792675065572,0.09451372724012304,0.12528806681643592,0.08920882697911324,0.10492419713604544,0.0974880235572217,0.19804316583641904
0.06391071293078675,0.10741099427213112,0.13778557644822872,0.07177349805424718,0.1486571127385213,0.0737944794074946,0.11278027596598326,0.20219758514336142,0.08168976503924559
0.027181319440785973,0.0766106969303551,0.2498438637219523,0.013862015239577733,0.06150181334825718,0.14592148595314733,0.09420889811796444,0.06641302369553516,0.2644568835524248
0.06417082769968792,0.03818842928007222,0.12756861611756168,0.025018302818235926,0.21370146538723822,0.18846506581244873,0.09151468354864167,0.20969608459148836,0.041676524744625264
0.010841439175208944,0.061461429154114115,0.062282293637860996,0.07684787327096358,0.33207661861255533,0.04765858272176258,0.07985610295011869,0.07743601650527848,0.25153964397213735
0.048322876249521585,0.04479427443281795,0.16437674202733257,0.028149341949244632,0.5170674976354551,0.03811726508451176,0.10735385917243584,0.033299588196423514,0.018518555252256957
0.013009190067573602,0.06368419657875862,0.25072650539503444,0.0058255023413224865,0.2692732723528331,0.07659921824187525,0.0913564922294543,0.05799014723456414,0.1715354755585841
0.019474352721012275,0.10364307430158559,0.18778612728003394,0.0702092208981183,0.27688716810454,0.11529310519544704,0.08850428107234676,0.09981089806052296,0.038391772366393156
0.554874740218431,0.048254132713906446,0.02769887082611817,0.008083776908536214,0.019833590360952762,0.011989041962064975,0.10341711492036605,0.17385784936618495,0.05199088272343949
0.23912410266630577,0.07712113317854132,0.09074994902271856,0.0607162375810504,0.18052420086523288,0.07321051145512653,0.1005378805282632,0.15307806739361657,0.024937917309144814
0.04571759103845285,0.11201179586384913,0.1867546063650729,0.0727467413143973,0.22037596566801124,0.05608160383879223,0.1010504846355376,0.1744794261595584,0.030781785116328318
0.04284197356475148,0.10665096037180931,0.12510607729984183,0.10078156734142328,0.392211100278417,0.056976357690239364,0.11978701164592996,0.04662916786739921,0.009015783940188623
0.015185413522453476,0.04794613151812921,0.2145924867644954,0.03400779385907116,0.19429905518945154,0.2491819621496553,0.09363744512516174,0.08897103972885312,0.0621786721427291
0.0802793555244904,0.17146448592007957,0.11445090802407822,0.0640255553743612,0.14386246342622064,0.04861279643976465,0.1236218507125721,0.21244054180371733,0.04124204277471583
0.014232678845724572,0.054318871800344566,0.1813934436732496,0.05085011681261375,0.46743877219749175,0.0911940021353676,0.0848351807107961,0.027290814817682463,0.028446119006729536
0.023252218419653487,0.1374174025533436,0.18872901986770774,0.036410208859632615,0.3636336425717497,0.03025815267396864,0.08470183187262846,0.011694507361500303,0.12390301581981551
0.059649987531944205,0.1042140476439523,0.16313616653930044,0.027940865901766268,0.09682343103665063,0.02563849879518613,0.07668241427869933,0.3363333576934377,0.10958123057906315
0.03767123762638422,0.1175631423692046,0.18155714717540908,0.029872550778803398,0.2263274445645608,0.19548430237175998,0.08511240023464889,0.09475285512516914,0.03165891975405986
0.035532048386455455,0.10796341489763149,0.2316100249393966,0.07330313380983912,0.22877874870137216,0.0914368367141718,0.10784015013083048,0.09049520789550618,0.033040434524796734
0.04823498119402986,0.10644968997687604,0.2170483151997622,0.049570677536074394,0.15118139880785533,0.10416149067952658,0.11820178515645197,0.12441029385929282,0.08074136759013083
0.030982168874885085,0.04566924356009067,0.224100394225365,0.04151569523252172,0.07889127273037992,0.08797892418798399,0.0972608592092748,0.023804662461627907,0.36979677951787093
0.19977849500086897,0.14583160144662857,0.053563424569444275,0.020696289084989262,0.2703505851737349,0.10459223711314651,0.10219763784933948,0.08544377638204727,0.017545953379800812
0.14182569423153246,0.04803744368978078,0.1052241272507154,0.135327624631557,0.20214953038655714,0.05184639145216596,0.0821510022068272,0.21528426557028077,0.018153920580583207
0.043546724749995824,0.021242552293406335,0.14874122079020016,0.13932872330471527,0.2786469833500384,0.02534455834409063,0.07791794130406235,0.22277735908885357,0.042453936774637435
0.009517516110006967,0.06749306238910452,0.19776905500501551,0.20825700476391173,0.39612930657923656,0.024993984821075312,0.057081277873531934,0.02246987354721589,0.016288918910901635
0.049037047104212604,0.03728292803686944,0.3075975536653952,0.07213876076962851,0.22184765888442023,0.08771564490703221,0.13562955883142544,0.021878764822776273,0.06687208297824006
0.025090711799584563,0.04144225143008458,0.0825074383964501,0.043670210999851376,0.3254263880521889,0.12294614819816872,0.09238203710598958,0.1770457767766843,0.08948903724099788
0.02434916954826022,0.042818735483712296,0.17159463675642014,0.028675588169952703,0.07150384972811195,0.24108262030473537,0.11718786768513172,0.0908734468809614,0.21191408544271426
0.03528068986201283,0.07162901581053416,0.14800565819745706,0.0203798654446547,0.360115727876362,0.046689219032372255,0.12162781527234034,0.10874090474618829,0.08753110375807836
0.06057367376909162,0.2201239103296407,0.08790775933519875,0.38118610784680357,0.14112759739717884,0.009002270285318891,0.04771654204853093,0.05167388038758136,0.000688258600655327
0.024594252752038696,0.0992465288018909,0.1300072334481439,0.314963388014259,0.21812801441743213,0.04119014177914092,0.1006345470749765,0.0542534710236596,0.016982422688458298
0.031357369873078855,0.08708555840790354,0.2132176823213564,0.01993202788791436,0.311975380449009,0.05955467023919161,0.22532641251909713,0.019354429820363048,0.03219646848208612
0.03991179022385406,0.3794895808080285,0.12368563936460632,0.027818773104065192,0.06356976746167464,0.012663178910743584,0.07992877529083436,0.11964698026034065,0.15328551457585257
0.035997899531556576,0.055397958903117384,0.14799243482971616,0.03798367266116074,0.34804324605165177,0.12283900881468209,0.1141216942666925,0.033831895602318585,0.10379218933910424
0.01655225909338727,0.12639829672225802,0.22351161639049844,0.03698854172994509,0.29498449138313876,0.060724922855170206,0.0851207836266511,0.1213429475652088,0.03437614063374227
0.07605077349524368,0.18550844466343888,0.1887823681649364,0.06999851724745261,0.07434979190847749,0.05536817178906946,0.205600171071365,0.05156299765885972,0.09277876400115681
0.016912868646072887,0.04786013083989534,0.22086906474632564,0.014619322561069232,0.32680079095174047,0.19230720781927624,0.0826538354304482,0.02091902951556296,0.07705774948960907
0.07703519740766664,0.12935261183333588,0.1105569136971629,0.03250241052862624,0.08368316001381382,0.24423944140038378,0.131701038346256,0.12937525504958475,0.061553971723170016
0.06300727540638255,0.11517196412795401,0.11315049340929027,0.1305307160670501,0.06126802039370599,0.1163627080623203,0.15839409267248825,0.2157070219723282,0.026407707888480417
0.02583209393121441,0.11342147734020565,0.06069943997190219,0.28276071205971176,0.29990006958438276,0.034590329620911985,0.07529741894447746,0.06009799782766904,0.04740046071952475
0.03635981202486923,0.08159733522565635,0.17938146525192022,0.032926034688694365,0.215597134601772,0.04184948010586972,0.13029038491875225,0.2580763104617472,0.02392204272071866
0.04620105190008126,0.07508339919716757,0.21379025545319566,0.036759348349241834,0.2628748475581566,0.19048707203306334,0.09196182442347724,0.06286234388302497,0.01997985720259159
0.01753574317429769,0.01872489398033498,0.1733802852006693,0.026404344203451575,0.1629770252796767,0.06950214123195743,0.15441006105401237,0.12217535252067262,0.25489015335492743
0.025978517905483386,0.023562967956650208,0.0993807941627909,0.175900785300232,0.30679671793497015,0.023295373910024095,0.061594022338147446,0.27682467461378996,0.006666145877911834
0.03492093246706406,0.033952616393669276,0.13435285572984448,0.009576943911409699,0.1999881655343592,0.16456154650764568,0.07137634097922545,0.0146432253667049,0.33662737311007723
0.14116461675392708,0.06843725020734064,0.24650569978752723,0.05253974794820648,0.21192057759970764,0.03182818131582186,0.16696557835286385,0.020401730821790354,0.060236617212814925
0.015972174039016154,0.060862388704430205,0.17858561475827406,0.01705565889185096,0.45595938438157296,0.07759186476424611,0.11036744436735686,0.02464693599234118,0.0589585341009116
0.03449655059191035,0.14459711002640915,0.06761230877361846,0.07869482624910455,0.14561521315290396,0.022276736890783296,0.10514199431376096,0.2834575760418358,0.11810768395967346
0.040688403106024826,0.1447501945586843,0.08941826657396712,0.059123050655954114,0.050845442493363556,0.1130489616266313,0.08417677002970893,0.12858505559691172,0.28936385535875403
0.09408544200039377,0.07231484128838488,0.12645900299063806,0.24766622530472815,0.06351019922934341,0.10213981502915864,0.09402316107582269,0.10602482555831878,0.09377648752321151
0.08602780946248013,0.13600304845140984,0.11757549399706306,0.1706940802585728,0.09095906127961106,0.1032166960745793,0.08840684260928493,0.1037030115482192,0.10341395631877966
0.014169271103708747,0.045353601229362085,0.12104849179356685,0.01303822244676973,0.35518893944427293,0.16236262812641192,0.09619894442011484,0.08691892845216147,0.10572097298363152
0.06679681758478241,0.24503763143139648,0.16378133081689714,0.08208886292670398,0.2506421430730183,0.05142144749213499,0.09272316253003689,0.022545217619750476,0.02496338652527931
0.0338245991461256,0.35577798971425717,0.251550135056049,0.07195214987731934,0.05765745829827392,0.024786019579752946,0.10703689114396991,0.012537634227440109,0.084877122956812
0.06575005167733657,0.09792109721618954,0.1408912570511273,0.059876973683816136,0.12096030271322016,0.19921391283860204,0.13154559277945102,0.05602164711379191,0.12781916492646536
0.015527026104430528,0.053301065256247476,0.23125888919433732,0.03934485119822089,0.4390496769054815,0.04350336915896794,0.07022149622695249,0.09699132617825028,0.010802299777111514
0.010572144109674123,0.04352861268400574,0.21574905342500036,0.1155047832749961,0.484633819925493,0.026661228922444838,0.05681100386355222,0.013954069299428612,0.03258528449540509
0.017379218731864335,0.09843891387721936,0.2712295559946671,0.012309646252556247,0.3536988469829943,0.09734915178167235,0.07125162532716439,0.07136276635136013,0.006980274700501841
0.04147865061559438,0.04662124433965854,0.1634203779889495,0.0192747820193691,0.5330516122531996,0.05036380069825001,0.07986653590159971,0.026134086680246263,0.039788909503132755
0.012647245759441888,0.017146866779135243,0.23121762119841552,0.019575467601397764,0.14304173101129566,0.04595265627895229,0.08947408549438542,0.09957852651047483,0.34136579936650135
0.0100332979545429,0.1595581780141255,0.06999322241367988,0.3758887233033003,0.22961245035430725,0.01102084768407474,0.04730411581326819,0.09423739646646241,0.002351767996238876
0.02997259631196594,0.18232879753215517,0.12983786900098682,0.034367322542006494,0.24289647593840566,0.03648409734458364,0.11590552762020069,0.15906365691442778,0.06914365679526781
0.018713592332571333,0.02741958446318754,0.2963552791302447,0.12344397777376864,0.16749350570713997,0.06591388248665847,0.0815106528173377,0.032937773836239546,0.18621175145285207
0.05525242102462133,0.08669778816210778,0.28150522155639734,0.08456911565193174,0.2963877538857216,0.049862244719062754,0.08551103606849297,0.03954914677864891,0.02066527215301566
0.05931151629990961,0.04030577646120536,0.09623820263518594,0.15528710655730474,0.10332394728523235,0.14472688813114323,0.09733729477290652,0.1644318152014147,0.13903745265569747
0.0222525691383251,0.02673583216089004,0.15073784397605566,0.03650635893226347,0.5684096531005071,0.0802765515828911,0.06560581188257254,0.029646460722518923,0.0198289185039761
0.061032102272168966,0.13101457755528112,0.10021371484172482,0.029377038678021328,0.03932904708350849,0.10508859811394367,0.1691633829732796,0.22643660757291614,0.13834493090915587
0.009473641068799941,0.026462407231135448,0.2175471788429926,0.13402449469273814,0.45871605523677833,0.028073350217655973,0.07736727748083455,0.021308378200038777,0.027027217029026263
0.020334710090873055,0.05214016549032715,0.2588897113466203,0.02863182653688924,0.34204490740061383,0.08810947913323441,0.1205954754495296,0.004710228190962064,0.08454349636095033
0.011717064405339426,0.025384518476575375,0.12325034038032763,0.017569813926362282,0.16879379086060134,0.06365490205900766,0.1228552499255962,0.10594365367367964,0.3608306662925105
0.05653827454488338,0.23878969920558532,0.1115187606791857,0.016233896119307704,0.17745048995850873,0.0715279618447017,0.08359320345675329,0.07795394026603915,0.16639377392503504
0.028880465621516024,0.1747977747940571,0.09850920129813516,0.32252835393785334,0.04923817729544263,0.10432066625368563,0.09886461231901422,0.07434893816978026,0.0485118103105156
0.0282740503019285,0.05823382889343204,0.23590403421781894,0.02885513786422093,0.304124638895905,0.09881130210345974,0.08227719209864585,0.031122469811979775,0.13239734581260904
0.05058677720011869,0.07375702065829738,0.20502796709151094,0.07480494160852956,0.20840498726680975,0.09447726662898777,0.10254082025200079,0.04706801332111487,0.14333220597263016
0.06967228587873509,0.11565653567007088,0.052367620443649544,0.03314356964693619,0.09548167444614254,0.260759111484747,0.08878788927849501,0.23154518066884344,0.05258613248238033
0.07963636407832786,0.16095441843950367,0.13608804628494475,0.15538976482270464,0.03918442129414723,0.08595692867080108,0.11774101582714631,0.19479961518304767,0.030249425399376816
0.007176340740552585,0.014236641374939123,0.15424179850956388,0.030641074643245118,0.1972175636625301,0.20253285508471186,0.15568209886938955,0.2204306072030883,0.017841019911979436
0.1254827850807709,0.13386602571251177,0.10174677909483278,0.013813474277042262,0.24410045112748435,0.02268996529609062,0.10538802640001999,0.2305092530582196,0.022403239953027704
0.022114785330306377,0.08879230653508902,0.09204799649867317,0.025448400761216513,0.422592156018706,0.11588927571718348,0.09324051649378556,0.10754593172230209,0.03232863092273785
0.04652119049439835,0.03980019383673206,0.217720136581099,0.058428212499408834,0.20481928591352797,0.16403870514965732,0.07631191313105308,0.16432971070800542,0.028030651686117947
0.039826667949078944,0.08960951425250537,0.29689230905066033,0.06977028870871481,0.2898215919808107,0.05147083597600818,0.09906345189124018,0.0439275940597941,0.01961774613118737
0.023780492377934698,0.17313415777398364,0.22003167812203697,0.0033211884072791007,0.3004074011496479,0.06185623544139226,0.12036377141333109,0.006930850293514541,0.0901742250208798
0.01869015841440383,0.05697424738253586,0.23827071967611838,0.11619937491612127,0.3015167250371094,0.04164247027200802,0.10254068536306073,0.10791455204958385,0.016251066889058613
0.015389367413260564,0.07170261766376361,0.1835815332116637,0.03066239591195044,0.11272102974660082,0.1966459702490068,0.12449491307983657,0.06606236812032994,0.19873980460358753
0.07179510200792821,0.09958067869163927,0.20453080379836786,0.09711931084228353,0.09087321569102197,0.08824272718201942,0.18001793568863025,0.05485813525855304,0.11298209083955647
0.043036623626301035,0.08897348427167039,0.2446073271040481,0.09396704595567483,0.2358922654047473,0.09570978041330884,0.10682506537961334,0.023868199063804687,0.06712020878083151
0.03632350642009804,0.01864985021294414,0.16687158505435137,0.09577927079033151,0.19753843096692048,0.09321193168606264,0.13643183735620992,0.1151878017790473,0.14000578573403458
0.13108910511018534,0.1331225759072401,0.05420447796690921,0.014917330500899795,0.0928572619037138,0.08249165729619805,0.1248081841336305,0.2007449333553797,0.1657644738258435
0.025509323429519323,0.18510520885246562,0.13650316041225893,0.025245541111367287,0.095350293500774,0.09518758445175246,0.08368569399634058,0.0803691240081801,0.2730440702373418
0.01580164622916337,0.03937231035510914,0.17900138185944833,0.06185036810681551,0.38590748273489606,0.0572856640870091,0.06254484121511161,0.06356682706170226,0.13466947835074458
0.10506657078339583,0.13201278523111087,0.0762580321233918,0.14376241464219378,0.22942153948557376,0.035128076043040544,0.1106723189790495,0.05113885059814791,0.11653941211409598
0.01119005906562825,0.04241647584916456,0.27622464165366434,0.3064896035668622,0.2170264100074473,0.031627832135483445,0.07441338210964975,0.01220028045214025,0.028411315159959885
0.01905298344924077,0.07304862578763481,0.3232245897901623,0.08137999531609559,0.21038665775089918,0.1106736735890223,0.08976400206327928,0.07014206251585753,0.022327409737808206
0.15638788727876396,0.2212106054689114,0.08415901613139387,0.052355270506735004,0.2522947004202491,0.0321095627564768,0.08305784765703715,0.11023015596523807,0.00819495381519456
0.005484818294825048,0.137764578231127,0.13662530801753922,0.3149821089653279,0.23929747375737453,0.06290111743610081,0.07649294486032872,0.023884931265298226,0.0025667191720784807
0.09579784394514333,0.07325610201292306,0.11280118403071604,0.1430741391169813,0.17982324339239178,0.11551613357290162,0.11017447720037375,0.13860783037494936,0.030949046353619756
0.011058405488405247,0.04263806403056409,0.15097776790980325,0.07093182947211187,0.5598989694927273,0.047867418778940914,0.07189204494546554,0.025029217987959238,0.019706281894022543
0.06846792226423541,0.09864767213582222,0.12388967125852218,0.13620981606537655,0.2360872721642516,0.04359793763339228,0.09304026212548566,0.1110232214988615,0.08903622485405265
0.003776886737542747,0.038516396797782626,0.18192347059214023,0.2889351853160274,0.3253362285211591,0.044064537185139814,0.08089626354361873,0.02892720313177562,0.0076238281748136705
0.011158653090562652,0.0949583847498784,0.21264519680152397,0.04269048499465663,0.42784684082027674,0.02277806807372662,0.050389689462979996,0.010921890579627511,0.1266107914267675
0.16484474466621388,0.2979586608822246,0.12925679008297147,0.0706484180013015,0.10448620492686489,0.043489437550629784,0.11900627624320699,0.02739118983992561,0.04291827780666119
0.02648999940283035,0.07683214765311254,0.0688667963929161,0.09127467978769536,0.07232916987812989,0.17160271153627693,0.09407673410715574,0.06853880268322066,0.32998895855866245
0.012784218173874927,0.18977870789587162,0.11427039655693279,0.14591659385633576,0.15097139020900371,0.06624149338847014,0.11914028065525722,0.19263014032648326,0.00826677893777047
0.37671302239716115,0.0285953968812509,0.09427199984007122,0.1195861535179545,0.14811930550973584,0.0175649832885317,0.07611290719372123,0.11388918609545402,0.025147045276119464
0.03256774917508348,0.12336376976682169,0.10931699049499889,0.03313574270770404,0.37805909552865086,0.08788302745573978,0.08641361068194382,0.11029322201521909,0.03896679217383836
0.09972501884045547,0.16515438283155692,0.07685121766790694,0.047839388449805335,0.06449578451388098,0.07033522435904815,0.11347534884791093,0.16547262350236552,0.19665101098706983
0.010829419297679124,0.022102325984602683,0.11421120596737384,0.09978227319932022,0.502247022817541,0.050662420365509296,0.14083546121567378,0.048037894591528345,0.011291976560771655
0.0270899309290674,0.023288706758091072,0.21584780233884127,0.021757834107923073,0.4173674572223434,0.05623214454278883,0.082561445153926,0.014711400707842513,0.14114327823917638
0.03534855708482523,0.07861472448374655,0.22870451593344307,0.07193865167899817,0.22579237519071974,0.07505386687506203,0.0969204660800751,0.08549080574183297,0.10213603693129719
