0.10801368776886233,0.05183466744117393,0.18225565937506008,0.04034188344682402,0.16283336317618224,0.21916402220906708,0.07598576131500502,0.08354099806509928,0.07602995720272608
0.2328755654385121,0.053327932582011094,0.1812418004343529,0.16085258193118565,0.1670159952409387,0.06228474467786072,0.053880842363028425,0.02538451791104898,0.06313601942106147
0.01925178809439838,0.15809921832574572,0.1038587146533817,0.04228734637261261,0.24069454836153428,0.3317070593288031,0.041760990994439307,0.02191943291922278,0.04042090094986197
0.05696089976588181,0.05789760485072668,0.05350387162846659,0.10436633649320258,0.07383065511242272,0.07742838414035062,0.20786665639540114,0.08832574599551764,0.27981984561803014
0.2606951904058646,0.06461024803840135,0.039274302752577366,0.08112261707133543,0.20195746638241677,0.1049284260304985,0.12147963892227827,0.06045530593401025,0.06547680446261753
0.20058473641221733,0.21863465164575654,0.05611194409311095,0.13497155467408326,0.08558264654817022,0.07234880277861586,0.08357915495489915,0.0678901003374224,0.08029640855572429
0.135897752833771,0.03487523026905543,0.13952061392482015,0.0735093012651473,0.061378463409814114,0.15798895309787186,0.17387730881205687,0.16818608901612309,0.054766287371340185
0.37051342572474777,0.021581061250390582,0.0811663704727909,0.1819629659936345,0.06712661119407758,0.07704548871406314,0.12299407772810171,0.03301514843034481,0.04459485049184898
0.148293650545977,0.31304767101301334,0.10888366224346842,0.08883704139924625,0.0780248280901022,0.02357133888783398,0.06102622392057569,0.14064808375414914,0.03766750014563403
0.1432508494083808,0.03845079308420906,0.123016638646552,0.0400047849757477,0.022748877327179243,0.28909759824538317,0.10746811930133711,0.09669384020114619,0.13926849881006478
0.2427292987417057,0.0937585901152485,0.07633113951950139,0.1007896480486346,0.07640480188362639,0.04727148429412741,0.24758599052706845,0.06233435686520522,0.0527946900048824
0.2978383930678971,0.08570181207353406,0.1815249048001745,0.11490814932748517,0.12034396495706985,0.047215555324524955,0.07186907649284192,0.0435309405384604,0.03706720341801204
0.11548290155669462,0.10248763244117544,0.15044590235508712,0.03186761383626279,0.10143806420401613,0.09826148594771796,0.201505540813387,0.10843482979320214,0.09007602905245667
0.06665370038360534,0.2314020488941945,0.04522061391750574,0.007766204107182507,0.08261288702583053,0.06317508627188834,0.0233613507573352,0.45227692512395573,0.02753118351850212
0.15037903443291023,0.027454623310829828,0.10307760235045699,0.3516435258973883,0.06381808452508737,0.01856855663589455,0.1308021351271786,0.10550144191096812,0.04875499580928603
0.06359238320175335,0.2304523340113449,0.056699952452961326,0.015135265911449555,0.18488046043423612,0.31676011767433515,0.005209731542316208,0.05774259821677128,0.06952715655483203
0.12198654035773411,0.21004453162056624,0.07983683225182038,0.042296961151251845,0.10656637480311565,0.13637150349973823,0.0365019060834617,0.21533941691485517,0.05105593331745655
0.11225557664218248,0.11266120208058937,0.09229590321557919,0.027539779462221133,0.1311295958444736,0.08839836694138176,0.2199747509146076,0.12420203951453672,0.09154278538442821
0.1287005272708216,0.10654545291082901,0.028996057302205277,0.10840320232349,0.09520037359229942,0.07864978297684339,0.02498497562120981,0.1282251378614296,0.3002944901408719
0.13786704784038276,0.25397292781892583,0.04891467877631833,0.18783745769927465,0.05845936075891591,0.03794566990588332,0.07552314707701475,0.1417534294039963,0.05772628071928809
0.06823883639819893,0.059194684879683546,0.07099770503742577,0.10529679651025846,0.07283857651294694,0.10647905161261668,0.1775882357351181,0.2957007893470934,0.04366532396665813
0.21196215197898752,0.015234636737500565,0.03552089471005897,0.3274635698900592,0.015471547817566605,0.02028616843892343,0.043199154729085476,0.29297546772266125,0.037886407975156904
0.26695946178634355,0.039086024265106066,0.26603056388408763,0.12238567636206542,0.06948978843990862,0.04601811908724974,0.09413268776568316,0.05690096047222315,0.03899671793733265
0.07835577577165607,0.015108027685560589,0.13736515481037076,0.03541620612990595,0.08798869162916532,0.07116168556816134,0.23363060569897967,0.30663845798670636,0.034335394719493956
0.26209502989529604,0.06445188783692292,0.13947095939303947,0.07253143636160374,0.10805883003688747,0.021252864451089776,0.2307418372762213,0.05327274927544395,0.048124405473495384
0.35329534377503075,0.06423578731515928,0.06845785225378602,0.1986385409813476,0.0977064599431952,0.0818841427889506,0.015383279098244737,0.07910105712271333,0.04129753672157252
0.10771097325704437,0.05542275618394788,0.046760657963537476,0.21983915200631288,0.09960762924595075,0.08961672566623506,0.026325301130014866,0.2226820767661658,0.1320347277807909
0.08271840412530264,0.16154933441440011,0.05917816453121028,0.11977355062914857,0.05533748191283145,0.11820450722956372,0.09915112687238394,0.02354228966291275,0.2805451406222465
0.34256327317159263,0.06503448068946673,0.06189189062190308,0.0702530624095985,0.04594752168956783,0.05410781770533397,0.23597046832471835,0.07599306625185237,0.04823841913596663
0.04127351308525348,0.26917925583585317,0.11139143327659003,0.03958379205815623,0.12070860094163183,0.26207053519065066,0.03506373277601538,0.06743995912773039,0.05328917770811886
0.18486045029841444,0.02797378856306265,0.12468032224738311,0.09964909721335967,0.14798949621622712,0.17533260979899853,0.005494788970015744,0.05502671724415994,0.17899272944837888
0.16171871434748428,0.1246437230946641,0.061645769371262614,0.2186346579140018,0.07178466743373879,0.04253070670003301,0.041127860626524126,0.21667725949005293,0.06123664102223839
0.12076223594722928,0.1243553498325393,0.11500682499468472,0.03435051049748096,0.198520856502698,0.20333080089226166,0.03160410201045591,0.08666523192605814,0.085404087396592
0.1123842458917,0.20906319154289466,0.07876427795706108,0.11007440661157825,0.2963950971724937,0.024077559921731786,0.09160222033377091,0.04192035572400279,0.0357186448447668
0.1529239654851744,0.1822597257699833,0.04310399779039567,0.02830918259381815,0.05993885730062041,0.19632870062071653,0.14887502207614922,0.0625382072631639,0.12572234109997837
0.15835253289430695,0.03841253144949724,0.09544447548202883,0.16626855144632777,0.09793979627322826,0.0657489922410594,0.167728708738713,0.17736759176822567,0.032736819706612935
0.346521097452906,0.1275188841100143,0.04232396171746249,0.07418712073872513,0.08533021681858087,0.04024265700385735,0.09607039193627274,0.13474325586789346,0.053062414354287636
0.2659221917009464,0.09010458647571017,0.14376766197537488,0.07259203959256329,0.07908200880709233,0.05349624865717234,0.1995981714856213,0.03526486564936528,0.06017222565615408
0.07102706872834426,0.04408218772548364,0.06970942188537961,0.07065957051632565,0.044905380274103714,0.04066697199047695,0.4218167736676535,0.12013640303078289,0.11699622218144966
0.05384859299184965,0.11685647392049581,0.03736266633171658,0.5338350651841793,0.07656009006084936,0.021058612427650756,0.028609588968220367,0.04659560791797385,0.08527330219706435
0.069334296764085,0.20252336880955335,0.04508939461935038,0.06402921320919858,0.11883441754320904,0.29413673621645414,0.03377866120319357,0.023645644390796625,0.1486282672441593
0.35149232927300256,0.04564480239101868,0.08432824223674225,0.0882114178921517,0.06002617296971243,0.07193879000291478,0.18881930738391053,0.058180437172591276,0.05135850067795572
0.10427795214460428,0.14981317536953861,0.06851230195031338,0.03344463628994973,0.05648163731060343,0.36199497553549725,0.07691370715760927,0.1096404960772235,0.038921118164660394
0.04891673985053866,0.08048955646055483,0.04716449886919555,0.06789542039106693,0.07435581245305413,0.07420577618893105,0.12817060284256782,0.430810733532958,0.04799085941113301
0.04662714256188011,0.31564248033205916,0.10952080722807502,0.06494357539432409,0.15107698154311724,0.09107816547581409,0.045252679600489974,0.12851890503402538,0.047339262830214834
0.037543803805086526,0.11653116741688718,0.11164774161625259,0.14336610328444652,0.18109237056006075,0.04667933407225994,0.05625755026907455,0.18167817259060817,0.1252037563853238
0.16642944361015663,0.11279590365253901,0.09997736395715318,0.05674707974487005,0.11010705723092828,0.13986209202181735,0.08541113791862813,0.10935163744973331,0.11931828441417403
0.09877262758156934,0.12842225158586784,0.10802883828351144,0.04578304128555207,0.20947675325748516,0.14181565698118545,0.027360035568298732,0.16424524741835855,0.07609554803817144
0.05160113976711685,0.20119248838092998,0.048329505845085614,0.2150764741827961,0.1239507952669451,0.013780425451462788,0.061288538342585776,0.09622267729033847,0.18855795547273935
0.03062224703820368,0.192762993179344,0.02817134887940463,0.16847177373559707,0.1346185751982615,0.2608626431072379,0.011543134789024467,0.0719633816573788,0.10098390241554794
0.33574716347747485,0.1368914532310613,0.07631772597796453,0.11981206028563866,0.08037144549646522,0.03105875489316388,0.03155143650211858,0.08520779805261698,0.10304216208349593
0.14818564390308264,0.030738395238724302,0.12584204470353502,0.04237063189466592,0.10025371732490357,0.17882986442142215,0.11138710169049637,0.17675895383060972,0.08563364699256022
0.21045509521261133,0.16961100963592193,0.3018043340157814,0.07951111665929365,0.06745037604112496,0.05928444939406426,0.02381453781981495,0.06155187268348614,0.02651720853790136
0.2870301073870718,0.16592568643848568,0.06600494064037365,0.025945391163286008,0.05098229618866277,0.18033023304805929,0.06158889681596008,0.07710107242506449,0.08509137589303624
0.30376821610357685,0.08026097956196733,0.06722481521658573,0.049817912720559195,0.08921219966463079,0.05988906186807035,0.20347129965736346,0.10413762976331571,0.04221788544393062
0.19990190082111484,0.1021681043727984,0.08908563460120883,0.07450561828760748,0.26016295619549745,0.09482764429264008,0.04046964006101686,0.029040928886499912,0.10983757248161609
0.3653558817085542,0.24119766011522992,0.0526692047075988,0.026123620949473333,0.14962208253036713,0.04772522462040407,0.03739922269662634,0.0576301716941055,0.022276930977640677
0.10508593503532797,0.027034595596619856,0.25622761237611025,0.02846845120109533,0.17602758803280494,0.03126830031205819,0.22062248877921387,0.01816099130537178,0.13710403736139773
0.2440645720689157,0.09965573329830081,0.1164619691712998,0.16405804947929006,0.0852372041917268,0.06987028465517184,0.07904483617372217,0.08281067539822344,0.05879667556334939
0.17216529307055847,0.07802350667200851,0.2859411122819389,0.1591307957908184,0.11700003534361851,0.03665052386468808,0.04539123153977594,0.06833138617299883,0.037366115263594395
0.023297798909198825,0.19934492587164807,0.03663366916107977,0.05206105801322052,0.10998995339938379,0.022108280177622463,0.07411187649716666,0.44828682694622635,0.03416561102445361
0.08607799910365603,0.044531464648094925,0.2450918097605428,0.03902074427009103,0.1899595254237663,0.09331671500222903,0.016632890821914728,0.029381377407598507,0.25598747356210666
0.09832343131515638,0.08478743639019937,0.07240518059439839,0.041812033200652736,0.08221511792605002,0.3458410220217707,0.046313465409858166,0.10167500187208867,0.12662731126982563
0.060872059190762794,0.11343192130859255,0.2451532739448938,0.025766277919225863,0.1478009224788309,0.1464224736052553,0.0822371849902809,0.05341164781779866,0.12490423874435934
0.18919484849653956,0.10512633991782062,0.08194836090047015,0.09963334771609204,0.07275937003822182,0.26582634895644147,0.06949944422059115,0.06444719063342541,0.05156474912039769
0.20142623855029462,0.22544941093840554,0.14695282137612697,0.19717110700998694,0.07098413248626013,0.02666491820125284,0.016176026360684482,0.0459403969300173,0.06923494814697112
0.2616028732279357,0.05360165006930809,0.2831320845362285,0.019500338818775956,0.1466492856493489,0.045161720415964446,0.06429708826150779,0.09669737424509593,0.029357584775834705
0.042194946627428176,0.22226898535882147,0.16885989684639413,0.0293215128785063,0.1315424751241887,0.08552369132095451,0.2134553418743447,0.05164246837246649,0.05519068159689538
0.2152270799289521,0.0486720090614279,0.053958179469936356,0.11940318741715401,0.06928491461237701,0.13805876358159286,0.06881496474644833,0.23632198042569066,0.050258920756420765
0.03631285431983377,0.4570635267925461,0.02299453652472951,0.1045606818392195,0.07269216680393831,0.10563804552281812,0.06057974224776794,0.11574166932166363,0.024416776627483205
0.1847291792801243,0.11983022331989845,0.24482224164732594,0.09501433193930651,0.07286106803206037,0.04969281372362528,0.07007340279660983,0.030517047061244477,0.13245969219980483
0.12280250532003534,0.12235934828231453,0.24823486304073025,0.04733023880734919,0.1670895635158501,0.08001293582027126,0.023769024938479846,0.12367706328774693,0.06472445698722247
0.20572397719062843,0.10301800416686478,0.12766122739137611,0.09765855190453232,0.11961628369483013,0.08782064353459786,0.04179875234038408,0.10007621532030538,0.11662634445648086
0.16188071987730318,0.14307585889411922,0.06245062697622977,0.06560068353212328,0.07350814776592071,0.04497195003027366,0.32232049711833394,0.05715213242155851,0.06903938338413766
0.03934170445896279,0.14525362803275935,0.16764117883068383,0.016366366941342348,0.22879661703527296,0.22439521885602545,0.029619054635886783,0.07495599099804191,0.07363024021102464
0.1031699725165738,0.23959600790763633,0.0898559994190357,0.09164030540654143,0.09149798489399152,0.010917464220442624,0.06424301918612448,0.219740197236255,0.08933904921339907
0.1686705828723604,0.08943706218139442,0.08106976656994701,0.11812889481304202,0.0855826108736633,0.20221124366866028,0.1184937824841024,0.0816487061675671,0.054757350369263096
0.08998838594394298,0.19611695533564563,0.04946000721524709,0.12103790375509853,0.19800845558820046,0.027330003664026048,0.03964038156651503,0.20775484596175395,0.07066306096957031
0.3373096709852909,0.20617798770987053,0.13939636756997867,0.11210903959946959,0.06536304196627503,0.05807518559734948,0.0122401177249166,0.042271625409813524,0.02705696343703577
0.25561415215550254,0.12549357086427843,0.06945777220729034,0.2099821738639284,0.09581606087599136,0.09814058093050819,0.059218419275331946,0.05711018135715368,0.02916708847001519
0.037850422101846797,0.12195039172255834,0.064754018203526,0.39105369754448177,0.1687386241319708,0.049439665223340895,0.0576767954894312,0.05902615173121297,0.049510233851631245
0.3159169114219348,0.07286445965969461,0.05648476601283647,0.0961197241781232,0.07418444248655671,0.18266008404877168,0.09518261671340837,0.057084161093404584,0.049502834385269555
0.2039984049943574,0.09145321946535441,0.09000285816507768,0.18250322800694088,0.16785382787245076,0.034751183084818955,0.08266429451128231,0.06746335562668368,0.07930962827303394
0.1410615800261742,0.05419305440978231,0.07921381041904657,0.01634287469496749,0.1276701379022235,0.37353173758304764,0.07009028490424013,0.07741867808894827,0.06047784197156985
0.050830671427690155,0.09057274874272635,0.13364837854167805,0.008590914314851568,0.07890944198985898,0.3473761629497569,0.15859678136679814,0.045613729597181595,0.08586117106945829
0.1179337557360235,0.08686786168936605,0.15467452906925225,0.06445731870945498,0.2304376484354722,0.07154549050688257,0.061084094558032064,0.12922934783382076,0.08376995346169568
0.09272866570493728,0.14690959810504553,0.11863152471567655,0.012407776369611748,0.04472777581839379,0.3454855917215675,0.14970333935356298,0.042814594038109964,0.04659113417309473
0.24584862777873273,0.0372881882707636,0.16729090341674654,0.11525713601268346,0.05541858483595453,0.2228635728774151,0.049595319196889226,0.010672270680312408,0.0957653969305025
0.2071875994657387,0.04289929019079514,0.07828586892406549,0.36164003851119236,0.07401883308172542,0.02223532909148752,0.07316650570171838,0.07747491531616962,0.06309161971710749
0.08921828398027294,0.09930929940625245,0.02640252027532088,0.21186478774592996,0.06447945350550947,0.054109106931461336,0.05122491444291646,0.18479716669129656,0.21859446702103993
0.09101418760984582,0.2043364722103089,0.08914736355654784,0.05549814995883238,0.10044026165394608,0.1525363938139022,0.08345717264353066,0.09234156031537107,0.13122843823771504
0.07273610938673486,0.07367394917035294,0.2238950867214338,0.021910592948442525,0.22314565661089825,0.07126136815516752,0.05028283368060027,0.18847007019336118,0.0746243331330086
0.3774871158959971,0.08794908380938793,0.11844273518568767,0.05930855161837597,0.18325007986789443,0.10283833944375763,0.004213385098501891,0.03314758730172937,0.03336312177866813
0.2955680649912847,0.2206693194869982,0.09753540857504893,0.12377474850561887,0.10941857197935138,0.029018655532357537,0.015159709023010512,0.03977216490434186,0.06908335700198807
0.3172892507283978,0.07000895348728249,0.10719753152393353,0.17143911178106588,0.09340057337914319,0.12695687691411725,0.04534822858533971,0.023582234362742913,0.044777239237977294
0.16958220497294815,0.10107449808094765,0.08130100314897336,0.14648088464982137,0.10991585524714483,0.1364443009684234,0.09584833423411931,0.05636476698237667,0.10298815171524524
0.07845739907691797,0.11721331733577488,0.18893498525191987,0.012291330588823863,0.20843642417796437,0.20220608342039745,0.04444074537324538,0.0990620875851062,0.04895762718984999
0.08303799519622428,0.10295490919368616,0.059773487192765706,0.11245703230583347,0.26419022550977034,0.054917966325829404,0.1673322729757626,0.06971925498709976,0.08561685631302823
0.24978965769252306,0.042219372932745976,0.1307413532684337,0.06314778795778249,0.16553265415388765,0.03771501940123473,0.15296349900842945,0.12213880374331293,0.035751851841649945
0.06907307727697459,0.08660406159112068,0.16428031948917035,0.058175351532463664,0.24616016430923096,0.11644627262798142,0.13514989675979255,0.08659471460514033,0.037516141808125354
0.1649687077112675,0.15533560733553517,0.06863520054050452,0.011289444421544998,0.07607632660502416,0.26399381795076465,0.0873211021439652,0.11464374087497115,0.057736052416422656
0.21385787853195656,0.1999330498680064,0.17091656421085347,0.12056213746188617,0.11834976098212181,0.029766653494928286,0.06985862529159538,0.02509050058533283,0.0516648295733191
0.22446698274909002,0.08838643428303872,0.07466520636032044,0.2089046513055889,0.1029686090351663,0.12335760707352551,0.040483380930438885,0.06575313569003956,0.07101399257279166
0.1860922334538384,0.22846448996948918,0.08748939577975967,0.181239245427502,0.06059132531979333,0.04199959206904655,0.13772064696042519,0.035453107235603874,0.04094996378454182
0.11226098802037036,0.09116232520973859,0.08243510741602843,0.05416347106047387,0.16725248798027834,0.0831442542728266,0.13309170199149808,0.21823908093448133,0.0582505831143044
0.13763825017797995,0.1744408886267658,0.027344767128293455,0.11015579399402681,0.0753479684034744,0.07586270430028445,0.06834288375185855,0.2610893261182925,0.06977741749902407
0.027254914624607177,0.061289346346844666,0.2606506604020056,0.015910791726069417,0.21748153763854572,0.20114336843990188,0.009748252647252369,0.09774038667690672,0.10878074149786639
0.023805162506195868,0.10656510875722512,0.24743696464387496,0.027373806992786992,0.3354340839020385,0.036715958435155405,0.16889343406506244,0.0218437742806397,0.031931706417020984
0.06114849978170092,0.03718822138968151,0.06647551553803822,0.12978636819297365,0.17244662927490395,0.15127122632011472,0.070118680262637,0.11035514414243336,0.20120971509751662
0.2435728150481038,0.0841235605848218,0.06331489919829134,0.14127920974574512,0.08429792182675833,0.13831485114872885,0.07911606215239492,0.12348301257721411,0.04249766771794177
0.268574212612609,0.06613235686858188,0.08923264628382911,0.36581431347948284,0.0788404099041571,0.03599924941287364,0.03164195089049748,0.03221648336842548,0.03154837717954343
0.23450107113989618,0.01220434174600847,0.047384806674141945,0.03178622036281288,0.07311331371199588,0.2616356562077857,0.10453230037238448,0.11782215695228809,0.11702013283268632
0.10640199153638885,0.27285002339479586,0.12769775386737622,0.04879315562289599,0.09143431749442314,0.1866708254754441,0.03874103820830104,0.06568171796329363,0.061729176437081236
0.3470650053411126,0.09985783732161847,0.1155842167765165,0.03906622844343995,0.08522246612707962,0.09701755534779977,0.0882679737517309,0.0697447907677556,0.05817392612294658
0.2335531220813969,0.04156692456970231,0.09742805895690083,0.14297786402267534,0.10725767228705331,0.08030862445212578,0.19987403998634887,0.04373368458888135,0.05330000905491534
0.18399254710761562,0.18834915332322869,0.17565586594990226,0.13056349863365255,0.10842843318521272,0.05959860796596991,0.012024296098806194,0.09033555624198174,0.051052041493630275
0.13943781953348963,0.10163140394274013,0.31278487207652517,0.04267065160409248,0.10654490250461657,0.06726442798043362,0.12127551401473284,0.062358291291322386,0.04603211705204722
0.24303473232104456,0.024215615099736743,0.07518992754830443,0.016316396185016267,0.12006789148014531,0.06384690554143385,0.2808239856519508,0.10739232061958755,0.0691122255527805
0.03163124503861851,0.16549991683034718,0.20423420512644885,0.014514620280363114,0.19776665308329822,0.24725626007225343,0.013198059053274298,0.050415421068027814,0.07548361944736856
0.05755726587324711,0.2841774473074447,0.060073814101007005,0.06480518977284992,0.08042535136240703,0.04983883083742413,0.08788822918300966,0.26685649332633815,0.048377378236272243
0.031114326416763326,0.03766044377583435,0.2787517702407469,0.01228294347816502,0.22840004878356335,0.276421519972701,0.025018214156278324,0.0631525206917042,0.04719821248424353
0.17535831556097872,0.045463384172111355,0.10971565792591646,0.048819969191220426,0.07160588058395313,0.23388506455858027,0.04849232476456142,0.20436011611264035,0.06229928713003788
0.14268780842574272,0.16520767863527605,0.12543207785035698,0.12810152640085734,0.12119439444123,0.21593029778279602,0.03787006095662545,0.03183076883108663,0.03174538667602879
0.17685992172847473,0.10424744647997027,0.11060166923149484,0.12288416102207024,0.10335276589365562,0.11323507233172829,0.07995090841202632,0.07033595411419884,0.11853210078638086
0.12451215623281021,0.08164358889225294,0.07116991867100637,0.07312317768980482,0.09440472395682266,0.18195268575792836,0.18899181698563694,0.06624510059115034,0.11795683122258731
0.030831751882189715,0.044179003261493925,0.07417242563798072,0.1679388401131714,0.07714223813034791,0.3167359180889495,0.0188228712259909,0.04021012025751836,0.22996683140235755
0.232488341784621,0.07494762745828495,0.08704496140818657,0.18113497833869496,0.05264923514978851,0.026557129368773597,0.17431207284081948,0.1438908357060603,0.026974817944770538
0.054191850634853746,0.20130342660396142,0.1275086492251634,0.060002162599147146,0.1755805576854268,0.219658762206809,0.02396816452846551,0.0671987109957403,0.07058771552043265
0.044524403346665097,0.12544164548688688,0.0803085072750973,0.0696857044788219,0.09621638370745718,0.10107583534630378,0.030875637932012506,0.07202725930721716,0.37984462311953826
0.14407686900864777,0.13184524270585832,0.05730919742648657,0.3200276514423973,0.08951012324602832,0.07444754327708775,0.13029093064465067,0.014550605151505296,0.037941837097338005
0.11161627316393168,0.1320301461329554,0.10310629057454306,0.09664010484395362,0.07995393618100656,0.30233083911992004,0.08726047889418077,0.028736686202661916,0.058325244886846865
0.15067529826692136,0.11438677991476365,0.05798396251162132,0.04535287669114147,0.1482684122518756,0.2999142348192229,0.047435836730706726,0.07908123826489599,0.05690136054885098
0.07981952742200887,0.0691254286489341,0.18365211175928953,0.14215000036332928,0.19411593842977973,0.06681956735572768,0.16927593947339345,0.05504364412517859,0.03999784242235877
0.040492283142708745,0.09846872362052689,0.1141833299093421,0.007886961947076313,0.14860979630062007,0.2944368327264531,0.09354810991853073,0.11427124028656731,0.08810272214817472
0.10891720560071956,0.21596968278183284,0.15957853434825223,0.103326018235257,0.1203416703996879,0.09188218608537863,0.05936059425610915,0.0565560771035468,0.08406803118921585
0.11918353221718099,0.11640303452187366,0.03583892765906182,0.3640592578554616,0.07953850902216249,0.09988447442287689,0.01329900013491149,0.09168634871880971,0.08010691544766131
0.028713841549772804,0.18322425702257847,0.11435527528693241,0.12601100673165763,0.09568474861690045,0.1344928825491232,0.04776374184768939,0.09806014123832747,0.17169410515701813
0.2195004356077934,0.15258190716876302,0.18724139489465344,0.18075959619922066,0.0669323973427055,0.03126443029360504,0.0198703540638554,0.07354478202119837,0.0683047024082052
0.4162105055754901,0.05213295016742065,0.10498878850173586,0.16472684994703338,0.11821680235657274,0.020999891212380228,0.05035966621185983,0.03609529791503435,0.03626924811247276
0.36176786513556486,0.1326694733839919,0.0766624951398102,0.15608084011342058,0.0628259060449333,0.038986362299586526,0.07959269057221749,0.049545536055023466,0.041868831255451766
0.08616085002233385,0.13241864553345786,0.1539772830830277,0.04794122397678971,0.35039945650605747,0.0253356017608308,0.09454930019226276,0.07358274028880239,0.035634898636437436
0.1449670427908463,0.13920198493426014,0.10178373708210812,0.13566966690567983,0.10468410717445124,0.11229608588414254,0.10623949380323143,0.12018285998834279,0.03497502143693763
0.327145208708928,0.08204249431431475,0.10518196974794643,0.28733010094801087,0.09172161964481018,0.02697000699452758,0.013981528467801036,0.030120102864300936,0.03550696830936014
0.14918679149368735,0.09569221966982788,0.11833267930518299,0.0413246566948745,0.10914518867463274,0.1220585618647213,0.13531804534953598,0.17603213049331523,0.052909726454222046
0.33341863015921264,0.06332001033377577,0.16065987656159375,0.08652644660573616,0.07739166899432302,0.012929557808182958,0.13986568576083225,0.09700740166316137,0.028880722113182062
0.1157806883791529,0.14324417844833304,0.06278867440855242,0.019063739272952976,0.05330929205801837,0.06402665295443842,0.24498193731485332,0.2337567552257284,0.0630480819379702
0.1624165027915222,0.17114011555378816,0.0981544679971364,0.10703794124858364,0.14200881099197774,0.066919840348604,0.10831698208646444,0.09575432905218512,0.04825100992973828
0.19514623222335978,0.06159281115592057,0.057674392591098904,0.04306808855073596,0.16730879324577153,0.05695680999375593,0.19195390530260878,0.17905159065246046,0.04724737628428813
0.10076760460162641,0.21234957136610422,0.10764483401588987,0.036503655571543545,0.05478196361283468,0.2822717227379654,0.056369986941448125,0.014660502251528843,0.13465015890105891
0.07591371958990888,0.023246698148872803,0.06876804257239053,0.03665958361079771,0.0925010405647871,0.475730297185653,0.08372110495209432,0.07570504393692563,0.06775446943856979
0.27979163200026874,0.2598384779519048,0.07100777958499212,0.03421452797547648,0.14867654686600065,0.10440424700078958,0.03275048556876551,0.039811724303738937,0.02950457874806307
0.1094436061721769,0.08054982854145847,0.09061079268990373,0.05548493789653786,0.09232128345351664,0.14094442024559906,0.12053648800007342,0.09422975252723868,0.21587889047349526
0.06789832833519377,0.093529359086019,0.11409292611404813,0.09430371495438682,0.1263761729276263,0.2968395808195356,0.023952367641257178,0.15338116694472867,0.02962638317720456
0.24849780405263125,0.23259089637224017,0.04312063520596484,0.06547795543942753,0.12194491245831725,0.09383265810997947,0.072661682631818,0.0656693131973047,0.056204142532316814
0.04700633377823873,0.178666094612719,0.09866427292722822,0.028807023038389824,0.049075210219352995,0.43534932729001197,0.09961432369327973,0.0051970709901882186,0.05762034345059134
0.08620078304571217,0.07527960673090482,0.11375885203336056,0.06730062199611876,0.1453478036101471,0.2205169560287443,0.06316825351535052,0.10726988893109256,0.12115723410856917
0.016789204716405107,0.15176447011828542,0.23676029461187628,0.005447465627427039,0.29993537720639024,0.22855070700851465,0.005116752734267948,0.023384917231067406,0.032250810745765864
0.0710256909836036,0.12780523510004124,0.23304931050666045,0.021538979467302433,0.15047855923935766,0.17286026906999394,0.03718210914510644,0.0757249471078952,0.11033489938003906
0.17250789949017017,0.05905005690298709,0.20192266927987979,0.02494055317061257,0.27092638547167086,0.09002417531124696,0.02595849543213417,0.1318770828485388,0.02279268209275957
0.3416913086334447,0.1017654938258054,0.2075751586319227,0.1307286644298504,0.07398110706805257,0.03024698280535723,0.050703549784661676,0.019195718857223844,0.04411201596368155
0.06972103931741486,0.1216439206875425,0.12332332346067526,0.3826692383774568,0.08764777793970265,0.06806234148136983,0.029032127268158892,0.04016233588202394,0.07773789558565526
0.11584278685059453,0.07864790066731546,0.09139432174213619,0.03606460368447762,0.1309696388575454,0.06375999205238031,0.22334515531870366,0.21468528821660118,0.04529031261024561
0.15805514177122337,0.14998577040270436,0.08842235929046864,0.023773863016101515,0.07798882131069136,0.07075988117193181,0.10705048477800465,0.15431920201358487,0.16964447624528947
0.10638991305117772,0.22534641340449665,0.14715587554924767,0.062442478694945375,0.04959585983763401,0.1240339571916842,0.09614501098645496,0.042964508887402136,0.14592598239695728
0.07977992741180161,0.10816282294206143,0.18180842466861258,0.0401057313485569,0.1965488172145308,0.0643729211393526,0.08298058887466202,0.10260997921247489,0.14363078718794722
0.24275360630323287,0.03291746204563259,0.07929996759532928,0.028178809245403058,0.05652081729718792,0.28047373688274263,0.10678548615842076,0.03549337749588106,0.1375767369761698
0.09920448011954919,0.14226917299427314,0.09051600569879113,0.03910295064350437,0.1475832288727954,0.06650179654875528,0.1490306941255688,0.23385543532467004,0.031936235672092673
0.27396728130442155,0.06519887900107572,0.17140151668773104,0.18832054903377013,0.09221095884055026,0.026026887086313243,0.12910902280849693,0.030580202962570937,0.02318470227507019
0.1567065003625893,0.24181813499940819,0.06542538677333254,0.3088617218105673,0.03120060042999906,0.04139980849655334,0.08823887147999258,0.027390970139809404,0.03895800550774821
0.15955958818847613,0.08507960682244302,0.15181582470379404,0.07135564748448218,0.15096059233117481,0.03782186122577851,0.23696311493199476,0.06709268903192382,0.03935107527993268
0.3050775960439669,0.11385438763133891,0.17648818840437752,0.05457557657417095,0.04308533214480454,0.062095179498531605,0.13879909498825013,0.06382363360808825,0.04220101110647129
0.08443353563437257,0.06083499466933917,0.11002937320428983,0.24370201207525488,0.13878706426340606,0.08066607832794978,0.18393304782749276,0.03219611627186594,0.06541777772602904
0.19605121805620496,0.08086303026852933,0.12776663656614773,0.15151406007752694,0.08809784958021216,0.1399473679590295,0.02324279444815085,0.13669532515320992,0.055821717890988554
0.29333121834835607,0.05379394894972402,0.29694058029626097,0.052178894211014674,0.08201313773722892,0.04323224283433245,0.09927776877055554,0.02736461009088512,0.05186759876164221
0.24177913171085777,0.07600456002926027,0.07701294322312695,0.08302061105583275,0.10705223559276102,0.13812194375451367,0.12217072775008685,0.05016871985196345,0.10466912703159721
0.19982631402993803,0.12110778926180878,0.1325655807523245,0.13530535234918098,0.16044156202225826,0.040963232351236716,0.11069923318294177,0.01479565162183021,0.08429528442848074
0.09925374900828192,0.13608870296844128,0.0996107915176359,0.036714220999314755,0.2211853203289431,0.18353779741242338,0.03549459865702821,0.13387126378465586,0.054243555323275544
0.16704767677239993,0.08616644731763633,0.07668242295715279,0.03296660749126379,0.11332573177170491,0.07915920378137217,0.11685599089732417,0.1412963250469838,0.18649959396416207
0.06241550766825951,0.22411493957823828,0.1132275315446553,0.038155482653020316,0.17385711869401962,0.15067621890457703,0.10725625135029143,0.0449286904703218,0.08536825913661673
0.2906410393698842,0.12497518257706634,0.09010597320156742,0.23180669455981331,0.08807210969265385,0.07057675187334034,0.026031189718101727,0.026771373706815104,0.05101968530075777
0.1563299086261827,0.09450280068664697,0.1905691765174463,0.0926756103595151,0.16774697014485748,0.07731093583402993,0.06937892106477285,0.05770543153120599,0.09378024523534266
0.06907934122118764,0.05452450267825087,0.15171737239940938,0.04462149201538675,0.1419708122234396,0.09347720171556373,0.3167560591312808,0.06579853390643331,0.06205468470904796
0.0842826203373883,0.11881565752643426,0.1256747073739891,0.055890777261601333,0.17605141179532682,0.26200221284346964,0.07476645540029803,0.04904062444341742,0.05347553301807501
0.13847020987856742,0.0633211772546643,0.0898208198846362,0.09615336589880324,0.1572043698786142,0.052260189267652524,0.11568224771676335,0.24956254326992178,0.037525076950377025
0.05927993770138804,0.38589766120973845,0.04143584036664686,0.04468631933440359,0.07683106162428056,0.08196096386780456,0.07474742541298876,0.1829678216987015,0.05219296878404766
0.17515604066930845,0.05369065594298165,0.12148588792486725,0.052851878132611524,0.040126280937049195,0.18610691702216955,0.17291942462893473,0.1503226747261587,0.047340240015918904
0.12571261824964722,0.01983849519810855,0.058030861814935726,0.017311299234187685,0.10225180982414732,0.033305666998179294,0.5158042423997059,0.03547708861174928,0.09226791766933895
0.33474533930322664,0.04170117922120126,0.2756627242757368,0.04661637798206828,0.11311651185578327,0.03911576102003674,0.09441756233916565,0.03634543947168387,0.01827910453109761
0.37979299495480273,0.08456076799642076,0.09329526103963674,0.10027330986612283,0.1311501567341823,0.08146847449174562,0.08255733224147914,0.02453411602314587,0.022367586652464022
0.4278739693746026,0.05012333709270184,0.10294282372412324,0.08332015384339068,0.15506234812967426,0.03227952914367427,0.07322867037003356,0.03220224513542958,0.04296692318637005
0.19367302233403805,0.06315496950657068,0.2622418435255873,0.013929638803020394,0.1879889981430469,0.035773328186452506,0.041711835601456304,0.039501665036565055,0.16202469886326282
0.19643273326137067,0.13174460598081442,0.06513050784634168,0.14360391989218171,0.10337527111313109,0.041966484219802196,0.20072586861397834,0.05182900470444634,0.06519160436793353
0.1859731289686172,0.11185242823802262,0.18906235581824415,0.17719113071450066,0.08079208903621636,0.07473446206608925,0.10078023065678976,0.04229525547071746,0.03731891903080248
0.04507223212601049,0.39157130864205997,0.04163085764375773,0.0639202888854672,0.07947933956254334,0.05350933976947564,0.06981024334298432,0.20931189389566107,0.04569449613204032
0.28208850019328296,0.028835135868961737,0.10197413735561323,0.04378206848418168,0.14310392631449162,0.0575645857958399,0.11493085342303117,0.1714667412726636,0.05625405129193412
0.13320388217013887,0.15760869101120376,0.06455877753455934,0.02081065532779641,0.18663530064806733,0.17934009601800435,0.03793705203982717,0.10334825777521624,0.11655728747518658
0.22972392564476848,0.16354531331346456,0.061136418069359384,0.067046527267159,0.13371410593511454,0.15862163172421115,0.054377700248355566,0.05411653146585249,0.0777178463317148
0.34128673669591597,0.08815030110220838,0.19602959108654625,0.10382740169017461,0.0688946598923191,0.11194160146913802,0.03462318178040835,0.02653486406289174,0.028711662220397522
0.0407226140015462,0.17314043365573983,0.24805430638056933,0.030605790795279936,0.2697457967050476,0.09841274173594937,0.03737640643354393,0.05662753268255657,0.04531437760976725
0.23493298237065754,0.09848196896769729,0.15088291615107596,0.1486286702175639,0.06951840152569776,0.02618251423230832,0.2038613590489657,0.04424102715659441,0.023270160329439127
0.231274025557205,0.05061114068535838,0.1512054793807649,0.06408801063270564,0.06245966572218376,0.09647791060519473,0.07277817738022453,0.18717324035983815,0.0839323496765249
0.08475325474132085,0.04587009748596265,0.24933840754310546,0.05236719806815723,0.10030809466840858,0.12242653719137293,0.08991555404199403,0.06388562906464539,0.19113522719503293
0.12430021798867164,0.04086843849816108,0.05993477040006939,0.19324592040286917,0.04626029837752982,0.10141050502767035,0.27088709122474414,0.11147848558318996,0.051614272497094514
0.0474412751027678,0.10516418105236092,0.05416931329484254,0.019698928288725687,0.11063331631147799,0.18648601100900578,0.04841535318807031,0.17594320569605404,0.2520484160566949
0.21419784149018808,0.15315471305029318,0.16501368430659663,0.0886057673272786,0.10819542571719547,0.13282262846160264,0.07057124739292746,0.019681003576478107,0.04775768867743981
0.2280381873597235,0.028043364459233274,0.08815029727716706,0.08869883927062988,0.04621455379648471,0.1788982847387266,0.14433771905230483,0.14101028926164658,0.05660846478408357
0.1880333655078673,0.07342577971091917,0.17025813566847234,0.08747536232798821,0.1140119643036207,0.15890893624743088,0.04212702828828796,0.05761172654476143,0.10814770140065198
0.3658965371386738,0.17796005429255726,0.1194246246674499,0.04568873004788559,0.06059378258131328,0.0667415809007601,0.08094446899672009,0.0535251823316436,0.029225039042996254
0.06286076984678399,0.07484941712844949,0.19777498099569438,0.043294622483639356,0.098857194238902,0.2524103631185149,0.15258056230537229,0.06760628912699497,0.04976580075564858
0.09860682253347341,0.23962990104008608,0.052613417680044385,0.049523367673172315,0.14720160246507338,0.02851467767765593,0.18941956484026382,0.15061231197637992,0.04387833411385078
0.11543224631531192,0.07206021000780424,0.13213315562456887,0.01364349563505271,0.10008809071376094,0.07629448602709991,0.3459108357028901,0.042892577849132786,0.10154490212437839
0.09921124092418084,0.09162543592626125,0.07567468734701602,0.13388823954049814,0.06129797543648402,0.4237191424918747,0.037598883691290164,0.03952337712027194,0.03746101752212303
0.1210160352593248,0.20686084118357287,0.06387557158838456,0.19885331793550742,0.22855912877691953,0.06993191169114518,0.04307790168941201,0.030952114031470978,0.03687317784426273
0.03626807822312231,0.2628281433710557,0.04613714509110655,0.3996624571347638,0.07143886731352755,0.037769671039131696,0.014820645408352267,0.08370271800934094,0.04737227440959916
0.37987352211189496,0.09795596823503576,0.11297240882132857,0.07942792878198045,0.14989430767775905,0.0660254577628454,0.03175952374268493,0.029684185376676327,0.05240669748979465
0.21481364730164257,0.25865830751815305,0.07815895255218488,0.12710934562771475,0.07469843615590202,0.0368664911886519,0.06974843682056331,0.08168197184608321,0.05826441098910421
0.04170672999284019,0.06453469395956865,0.18331638323992264,0.027615627012355443,0.03720191811594138,0.21915763672145536,0.26401987376188063,0.08207423548625493,0.08037290170978073
0.3272073469795835,0.16352932482795282,0.060134329377721556,0.056249838809094545,0.07326524260343519,0.06477952280761237,0.08936537605446965,0.12828649665362102,0.0371825218865094
0.0692289497087278,0.13523723207393315,0.06585250353617107,0.46965039339983256,0.04718311294993318,0.03663606868928831,0.02825585539638389,0.08091366194752876,0.06704222229820128
0.20443643287366356,0.24265944527748293,0.13267195564357934,0.013826114898283157,0.12253393867356473,0.04835773201883819,0.1329078378710338,0.049963651094781646,0.05264289164877256
0.0533273987222851,0.12483970469028906,0.0337385405718604,0.22053003561585852,0.03771874501226616,0.02078357824008407,0.15707485606141267,0.21252367008904338,0.13946347099690057
