0.052324044585138736,0.21823616563042733,0.06524073515625596,0.056969901458337906,0.08505816636595841,0.25828142404706544,0.04278177362455515,0.08667397910955894,0.1344338100227022
0.0795190187994659,0.08128577741739222,0.1018872739310629,0.021334110635019693,0.42417177369114983,0.06495996627561772,0.09016096456815768,0.04672650400293656,0.08995461067919751
0.03256308876940917,0.0967574399882406,0.03880751000830685,0.042364066117825484,0.19972712205337975,0.09817843385162865,0.1715807675962263,0.20399566139925604,0.11602591021572721
0.09696131674653342,0.0881073083069268,0.04991113355804736,0.11870613968509625,0.09873075181948869,0.0682111122886835,0.31874187949887306,0.05259081239573828,0.10803954570061274
0.30655228700997167,0.16379633078730121,0.045337148652179575,0.12274543907104969,0.08555073166201765,0.08053896390342868,0.033331211711565556,0.07229697774078832,0.0898509094616976
0.07924813412273961,0.1529996797162454,0.06397513413366172,0.03536502852163316,0.22253096422792853,0.1308479894296702,0.08495273951910047,0.12277787471159927,0.10730245561742165
0.1592729331055915,0.1997769929726343,0.041177107654887066,0.01835876115174608,0.01517204863346737,0.2283937676033508,0.05570717534822913,0.1311807048043899,0.15096050872570377
0.07448645173438229,0.07600721148920316,0.0522257064834357,0.3363348806113746,0.07496542597834967,0.09531598560589315,0.12900240411248834,0.05413423877711803,0.10752769520775501
0.055920983766042924,0.07314299258032832,0.04129656365592888,0.14845806775875595,0.32222323468306735,0.07016271368760872,0.17329800853695113,0.030789467425072433,0.08470796790624428
0.039459564518660596,0.09611441908856895,0.09802257164772123,0.15355802017445372,0.051766031432661765,0.15941162978537718,0.15640130681545586,0.11433547638315471,0.13093098015394605
0.09912238942989997,0.08120289743321314,0.07249034556363927,0.25429541002725337,0.1521109962893573,0.09988515069306601,0.08343599721319883,0.04169330180727441,0.11576351154309776
0.04929741933511259,0.05962824258681713,0.03243577786193194,0.2278161628770219,0.4103796560465778,0.05787090283234445,0.0614538178858346,0.02739500836715462,0.07372301220720505
0.2646294429869809,0.10471631577463629,0.07298581565497421,0.025271304009815185,0.09793623451454314,0.08858740176789531,0.037684054860120254,0.14905230866962274,0.15913712176141195
0.1163514531181407,0.0723458144425107,0.18985049982384417,0.03522249050710365,0.12228671891068786,0.04305477054389618,0.24592094625787253,0.0677974731413265,0.10716983325461782
0.11749265196900825,0.15741586575103136,0.0758848405167614,0.04025728458410626,0.23991088444654385,0.08287094853648955,0.05853220757864023,0.09349808553592033,0.1341372310814988
0.0933213355084273,0.05547333070147028,0.032247664745494585,0.19432929933043974,0.40131838501596656,0.07311777368771014,0.0482830247564219,0.030273969483508703,0.07163521677056076
0.057250832259908985,0.2533679825646919,0.03214246208109878,0.005634399434088554,0.015359541852674727,0.2600651701356904,0.024571711199168855,0.23744207177039098,0.11416582870228682
0.20557288181889544,0.22275684657877973,0.04077104646008105,0.009130801947138832,0.24369590664752536,0.058959550665631556,0.009011351309035473,0.11626166201042647,0.09383995256248613
0.0803521394471533,0.08943073372432671,0.06260405221956618,0.08437254414533878,0.249387673311242,0.13219005047920893,0.047142019359783516,0.12167076077968624,0.13285002653369435
0.11577323665651662,0.05776505232260043,0.02906816967297118,0.05078363833413648,0.38870903749845914,0.045108514294995204,0.13025895820780098,0.10760027292155305,0.07493312009096695
0.3083754155586961,0.09831172135468935,0.049626289986429484,0.0307549480186697,0.10988115565816318,0.09518016350252234,0.15911913204218484,0.05847196445418757,0.09027920942445754
0.07376116639765179,0.11406808757134128,0.04210582542288105,0.06714335553432832,0.04186620506910594,0.1270546143099721,0.3257240332827477,0.07026847578786379,0.13800823662410802
0.05973914063908877,0.06731752591426396,0.111844090475349,0.12995480683423855,0.32432990831930986,0.10396081236865466,0.10241991576099424,0.019870782285606573,0.08056301740249446
0.02507963552601483,0.06591557805996469,0.042257051460290275,0.17720554205401998,0.4143280968018497,0.054215637953601355,0.11113686697405283,0.03836639185532607,0.07149519931488031
0.08467051630655019,0.08510571504597493,0.04252888600987459,0.12501854588343064,0.12693144435667444,0.09730656380088493,0.25763270006724664,0.0568809835262703,0.12392464500309341
0.06032758956422593,0.2209407440129715,0.15811085569007266,0.007171893834394486,0.24358510992108115,0.02848782754395589,0.019963543147194857,0.20073422052027098,0.06067821576583251
0.14467826792857805,0.08594650885334652,0.03325702439858278,0.07044827268009968,0.23060138396716892,0.10857175915535565,0.13670403844440648,0.04612330254981664,0.1436694420226453
0.055010612078111254,0.16159637035852517,0.07944796038137338,0.09012869038799483,0.16878688443129233,0.1308839421154788,0.11863906069288212,0.07234915370576589,0.1231573258485763
0.06695196276666097,0.03980935510416941,0.028032862700907227,0.30235504736313296,0.30308474411957537,0.12046443565030392,0.02301525951730492,0.0439025247008257,0.07238380807711951
0.13097221058063338,0.09304617849436499,0.03353958458806165,0.08621648218890583,0.19143467238256426,0.13310045650198724,0.14993250658461624,0.063527791318456,0.11823011736041034
0.06338636818125848,0.0741003595222511,0.07560024376135825,0.1714694301223643,0.27567490628768815,0.08108090476507711,0.02958105530889089,0.09478968410609673,0.1343170479450151
0.045056646687112144,0.14462584133088752,0.05045000329789893,0.04592612640801095,0.3543579720410664,0.12748438726579656,0.08080416162447936,0.051551720680295565,0.09974314066445267
0.28853660982945684,0.11132794588294816,0.06917786588881977,0.03309224725223201,0.04745582243518057,0.08337075231951296,0.21265368555481948,0.06239690707840895,0.0919881637586213
0.11379267332301198,0.04950707377770636,0.10158013598438032,0.42188402387974316,0.06684330246632124,0.06932204485349794,0.07749444922042212,0.02493150284150014,0.07464479365341672
0.04785743474999357,0.1517574761298547,0.05446736606404417,0.14960760586683816,0.031024067894713844,0.0795482340438838,0.01784449819811253,0.3590700080154468,0.10882330903711245
0.15829030389970272,0.1832265045368854,0.053478907400784224,0.015758269426299383,0.21765211123543504,0.07078654370195621,0.06700747669880643,0.07148890622553972,0.16231097687459087
0.12851589383937148,0.1009461840936594,0.0454523762964239,0.18488300134528654,0.14263991504949253,0.10973455703119149,0.14145502184996858,0.05205338631678244,0.09431966417782368
0.09109477569257544,0.09474618568815539,0.18135608019661972,0.060071165753414625,0.12433875769779819,0.049469212080838786,0.08068894687694973,0.2189007767496347,0.09933409926401338
0.08292562234234098,0.09693472908811157,0.0504547659943528,0.28035078112497475,0.21798918040440043,0.075780819794121,0.051946173939517955,0.04085869115252561,0.10275923615965483
0.18387375959181598,0.06803311172548134,0.05444912938579347,0.021933566128306905,0.47859355708156953,0.04935068377151921,0.0579629035187669,0.017555831027886257,0.06824745776886042
0.1443863371815741,0.12774634461537074,0.13670392333371215,0.03096350301501154,0.10576960192580777,0.08128799383624892,0.24389324087507191,0.036090768885332615,0.09315828633187025
0.08413534457929955,0.06697408419432056,0.19988015153877683,0.37522213351708267,0.008348627543367447,0.0422551011556058,0.14335706595766298,0.008318074183143053,0.07150941733074102
0.05490285638851511,0.07779350312887,0.03666405712273193,0.05074777827954461,0.2594702480528074,0.07766652977703013,0.24863508509388618,0.09160657778811516,0.10251336436849952
0.07120414345639697,0.040063281792454886,0.043727962376515,0.1312629454846214,0.27818889131229757,0.03236578469060856,0.3294840657187033,0.01031416667125726,0.06338875849714505
0.27070519572293844,0.09179067995231033,0.050937012709173744,0.05352610138593076,0.21132080667051933,0.03901235933742173,0.11654970342331163,0.08727416131339095,0.07888397948500303
0.06234954881023407,0.07398079371262828,0.13817347411519945,0.07934997303767712,0.1672102111886087,0.048591383825248115,0.04495623008396086,0.2804526019713078,0.10493578325513557
0.269973313718152,0.05850304461053407,0.029374910186049225,0.12005960986962111,0.10989666500457114,0.0508327591371048,0.15267878710409097,0.1490048815634563,0.059676028806420395
0.27739177567697454,0.13557331402353062,0.11021707622817122,0.033677038750117495,0.0010816911179295284,0.03357479874498558,0.14226486361266769,0.16823453163582938,0.09798491020979383
0.21723570726075903,0.23179659845021852,0.05224882498613933,0.0072958668867169575,0.04858717623300168,0.11703448695321654,0.026290023391582207,0.17773301395823463,0.12177830188013117
0.19044036901343134,0.22847560347741402,0.022047208641086027,0.013064746341993325,0.16949934286271676,0.09291429917226109,0.05315044544099603,0.14244642154614043,0.08796156350396105
0.09843476875601676,0.08164230826682434,0.03362859224440166,0.1139153057652651,0.23055830571053282,0.09898258531269023,0.19796391749745001,0.04843150238889667,0.09644271405792237
0.13898841089734107,0.07961269046269254,0.053608950233755524,0.2817240824832982,0.05950827574121231,0.09108126236900076,0.17160092939553032,0.03836977020887451,0.08550562820829478
0.06441217563767525,0.11827315360430368,0.13960333735496258,0.062042511084472986,0.13713564735015984,0.10616721140593992,0.1136460124498057,0.10396574727216971,0.1547542038405104
0.2152017056329056,0.09149298734528027,0.033856620565260905,0.012166106955999833,0.13684485553339723,0.15866142143665024,0.13495719474019424,0.10108681426678445,0.11573229352352728
0.3257138284718621,0.08893270957454891,0.09054958403249351,0.03604084472219363,0.0077365098039159095,0.1044609484447534,0.18357630166243566,0.05910012682843,0.10388914645936685
0.1529184713910037,0.1122302955451231,0.04182674166140926,0.04839379500453381,0.0807195840928075,0.1575288265994522,0.10636016528236125,0.12590922751502512,0.17411289290828405
0.2549584918770738,0.04119996579438636,0.07819163887418087,0.17149966141342585,0.0475532698034376,0.08307669214335295,0.21735687631189202,0.027710257758477894,0.07845314602377257
0.06661261107695743,0.08132288161550243,0.031649073088414685,0.06065571014340513,0.234036546739916,0.09829265813780204,0.31290570236378135,0.03534460792453293,0.07918020890968795
0.10126171538995506,0.11567202153084623,0.13475784139937153,0.1648902499767555,0.0998804668031298,0.1232203620602474,0.04519982392542932,0.06268581241996864,0.1524317064942965
0.1716500511352956,0.12117074403403975,0.2606405118605522,0.04140269607136367,0.1387958326532988,0.11089134417546369,0.046145263285434994,0.03080562174513619,0.07849793503941502
0.03768479794662365,0.06960455472130657,0.22466724540907393,0.11094746411365042,0.09000679386091825,0.0544282172925299,0.07878915214326321,0.22942788458500138,0.10444388992763269
0.2271310715974394,0.06494222848315212,0.028841971279201878,0.12738506779494868,0.10538546958476436,0.04473805532531288,0.2834975091638324,0.024155784663404956,0.0939228421079434
0.0744024070703747,0.13097060354527348,0.05341210274850328,0.10042688624888134,0.03961095763823858,0.3060088629100198,0.10064647808335057,0.054568342014611915,0.1399533597407464
0.24648040621831746,0.10254255085744819,0.044976297744267014,0.010857349958854824,0.20799515205469774,0.1012574519740293,0.08851301851350639,0.090271938532849,0.10710583414603002
0.08401107193601837,0.1626810916197531,0.03284631911552687,0.026505977273959116,0.04229308520966022,0.31688272006855617,0.016668939736490765,0.1620272409672531,0.1560835540727823
0.04971359773866191,0.1270044877549596,0.02474421688820644,0.07108099563262435,0.21015768319007652,0.2160244263084442,0.06485585126527116,0.14383184794443887,0.09258689327731708
0.04905711276727226,0.13487495286076445,0.03482841551742048,0.11026331292583512,0.16090775459973827,0.043038270173488706,0.14198493110088237,0.2294647807715269,0.09558046928307147
0.3155004090536109,0.19698989556068983,0.07120706248504782,0.03665761440702178,0.02090360391950492,0.10003491170614687,0.060041111412564685,0.05203798804010276,0.14662740341531047
0.22466848122035202,0.12945974660365903,0.059623967198347984,0.043489577661389035,0.06294988272851564,0.0938200053622349,0.07876422648110083,0.17337400772646686,0.13385010501793357
0.07355792987798183,0.05905596885410221,0.031893592347194875,0.24739182288394668,0.32009602051232267,0.08739146685041442,0.06054149025622121,0.04575085743177412,0.07432085098604196
0.1585042670526754,0.15767315988590874,0.07122069903513212,0.008024330987746742,0.21646888153201393,0.11394428187756146,0.10249352580124016,0.06573995750398395,0.10593089632373749
0.1376446329469605,0.2101955464039846,0.09734824066294996,0.07521531174003193,0.03279592820313141,0.12445899517536568,0.05263903831607116,0.07650818720193574,0.19319411934956898
0.1686814899425965,0.1182344396414979,0.036706358194384586,0.025481625417872467,0.06517383995353472,0.14198668885999333,0.275115740369106,0.031518148401702535,0.13710166921931197
0.07270176936300711,0.12129275058190307,0.136166711024009,0.14147540305600542,0.010301008957780937,0.09794074158756312,0.21196704852947135,0.09349182841283406,0.11466273848742602
0.07026355351620502,0.1633000804770992,0.0910110907262452,0.043088428571864984,0.04133000857607581,0.20802272873162808,0.09833543876257407,0.1343326723778968,0.15031599826041073
0.15430159832316515,0.12244099451545343,0.09129553802295447,0.2311729504612117,0.02820358168759013,0.1336330574852979,0.021479041032503147,0.08376177537092981,0.13371146310089424
0.08915517660231566,0.10470522934774402,0.10188075380096191,0.052952433669015836,0.19209857562791988,0.0773987114366998,0.07402414914197135,0.18383863736216718,0.12394633301120438
0.060351251370578084,0.09055736000074838,0.04560834557637646,0.16469406252387142,0.2405309688018943,0.07508974124019034,0.19270686395683767,0.03843272614708435,0.09202868038241906
0.33541815427084276,0.13017689174835048,0.11574719595948695,0.01821213753176131,0.13909861287808714,0.04977562436740949,0.08421417442005565,0.04448552745768514,0.08287168136632111
0.09175577759266208,0.13220621575449956,0.05227050086164653,0.2238983237675254,0.07029669787638271,0.10979399413949359,0.12848139496322855,0.048945121988057276,0.1423519730565043
0.16071183790405755,0.1998189700294294,0.03985538365780484,0.06249144352145191,0.08130933678010772,0.09298159819342199,0.1732273151577793,0.07528351671562082,0.11432059804032645
0.16097278981779703,0.07622138189207772,0.08583762748358688,0.16038715950121665,0.22322289539948073,0.099619704342276,0.01666739632501943,0.06215746356188644,0.11491358167665912
0.34516893762670714,0.05871638856585979,0.03384624132350594,0.027759130734172247,0.028943205156664608,0.0683422435740373,0.2369425381208872,0.0945322046925308,0.10574911020563484
0.17714492927606226,0.11509862993726545,0.044931573666476994,0.05491106012670962,0.1340195014705187,0.12315425457242507,0.13291859069240278,0.0758039701955776,0.14201749006256145
0.16132152105334965,0.21950828700932334,0.12426427142106457,0.01560212383924737,0.0801466728962738,0.0896893215484325,0.016278410452903385,0.13339825522109783,0.15979113655830754
0.099571196140591,0.10103940791215638,0.1190647515931353,0.01794404181278247,0.06455689511014398,0.07354295785823545,0.23042152723541978,0.19475448463876888,0.09910473769876676
0.07333312967481036,0.06711145275676113,0.034960665063408225,0.05901317964252309,0.4114532055270181,0.03273964286709505,0.17953170026737242,0.06277395937209797,0.07908306482891368
0.1024890158337695,0.08976932430561645,0.04147867088663139,0.1873600861451377,0.14063618350844048,0.11906947244755998,0.08623066300467387,0.07383962917167373,0.15912695469649696
0.11866449581163163,0.0906993874538052,0.08148657050708401,0.10537304873993031,0.13683853401834686,0.11544440006540542,0.07160334439485823,0.10525567826940253,0.17463454073953577
0.2705954442745947,0.08037120927099496,0.051258719019577514,0.017473185357012085,0.06954272410667703,0.11236760603183009,0.14455775386596614,0.12654951705293202,0.12728384102041537
0.045873762744620274,0.07519261213515559,0.04871206839096195,0.16648768429617516,0.39128793900109643,0.08935840294565689,0.09663031067763445,0.02104839892341223,0.065408820885287
0.14152322850509058,0.06869828132261395,0.05391750403360487,0.22207997581337754,0.1245456652156565,0.1288445402708612,0.1302839129670257,0.02917587604017756,0.10093101583159214
0.16367585093434564,0.12208601522930558,0.05281396199262772,0.10142955655254833,0.16405756861536636,0.0981767402290603,0.2043897231504933,0.00878216493279678,0.08458841836345603
0.13178451965382573,0.09625967060356629,0.049369455082102255,0.023965903170770006,0.08690829460687989,0.1097349988997786,0.23358167697888801,0.11437820900377434,0.15401727200041485
0.08688372934962758,0.09344965409570716,0.20663828367513923,0.1322149307323218,0.25477471983395683,0.06032211355873521,0.040996249976019444,0.04146648955977761,0.08325382921871517
0.06326314655921463,0.07341935381864892,0.09870220774527506,0.21442392392391094,0.28490373690963994,0.10315499049421205,0.03245482857608529,0.03676150949174386,0.09291630248126931
0.33498547128905876,0.10455272925020408,0.10980160848859523,0.018118162974254563,0.08574985458935709,0.07376149525373199,0.0891493137107839,0.08023588897700966,0.10364547546700482
0.04926757514727265,0.0661099075621026,0.044752364833324176,0.048815726857866525,0.44080978343752514,0.04718541646184391,0.1078430250840088,0.11291248510818386,0.08230371550787237
0.0836059215219989,0.0948073187463419,0.07701085908006439,0.105086621059426,0.04978743789050661,0.1399872386627713,0.29491078372967244,0.037504022814226344,0.11729979649499213
0.23680497385137647,0.10988163722825213,0.04271351231018872,0.056755167357488395,0.08888782889022134,0.13666758335409054,0.22234431200397398,0.03246742644563614,0.07347755855877226
0.12966487508366573,0.09581167563485375,0.16002161906699738,0.05997619784379068,0.034970041402415365,0.12201777796130824,0.13517752013946113,0.11711339370203155,0.14524689916547617
0.04340222665641069,0.049235481244730206,0.033281114388677153,0.022930757319475654,0.5417209261466052,0.04775901611223619,0.1781274412744734,0.025813707232687628,0.05772932962470401
0.056414409749250244,0.1557111422465948,0.3546139016958785,0.04553142248719307,0.0789394024741394,0.07519861390692704,0.037489118437010686,0.12557853172059985,0.07052345728240642
0.1709287574874433,0.22175384678537846,0.14499533838524123,0.0074637627718324604,0.3151096728957707,0.018141198401336173,0.0644171425063056,0.005705642308501392,0.05148463845819067
0.2866267948491897,0.12308086377820211,0.03675834734860288,0.011866335348222392,0.19985941891336845,0.049596456879689915,0.12913896811579115,0.05730264121313966,0.10577017355379381
0.09726405964822478,0.08339228877454852,0.045258368861963084,0.0502563563066919,0.30997299902204656,0.05398997166129693,0.14041593185709833,0.09848306612985147,0.12096695773827841
0.08651352406228092,0.12409989035987884,0.04632453243550775,0.03246729000009052,0.3380186290852432,0.07796281131957335,0.04577143447312946,0.1601203351603547,0.0887215531039413
0.05833923249563986,0.07151414950831035,0.05002105487275238,0.1260638234102975,0.3122111711074451,0.08947561918461629,0.06832230088150085,0.07677326461187918,0.1472793839275585
0.13077984810476792,0.1408361133665599,0.07854304408727271,0.020819534205689154,0.35946672877335,0.036299972679077024,0.10748655307852895,0.061598006225988745,0.0641701994787655
0.13462150582139867,0.0677400383913475,0.022500159473379116,0.12197366860538568,0.2542631127640523,0.046896986015496106,0.2750746538784509,0.015200746891168996,0.06172912815932075
0.1560572819099926,0.13395036255876866,0.09901159943592068,0.04472286574505233,0.1645069375387933,0.12293241870041338,0.13296108198125348,0.06199757082000094,0.08385988130980465
0.06772744203027421,0.06455628200991358,0.04879732664823544,0.3161376826239685,0.04239222018516878,0.13502825737449775,0.15750578739762286,0.03320970948036997,0.1346452922499488
0.11235417291657646,0.09207414047383816,0.05507597529601207,0.14461203855127694,0.307294736991059,0.08058380672169567,0.0986638684992187,0.02860741308534318,0.0807338474649798
0.08069949809137907,0.13961614257575952,0.05244229169344414,0.07135519095906889,0.07709078447418294,0.17597699025049088,0.0733117555775683,0.18888010297739888,0.1406272434007074
0.0692720602201174,0.07419481409023856,0.28269602910881536,0.14296845039345527,0.07477554493851887,0.03538353516120484,0.16891746087674245,0.07721541665191409,0.07457668855899323
0.08822136980455787,0.09131110974703495,0.04495843204028014,0.04153118972321142,0.1733291294888506,0.0875290198479363,0.2608270298532122,0.11643540358066436,0.09585731591425202
