0.0938197089116355,0.06578591166436645,0.02725587543171591,0.13211682700450803,0.07877405258237602,0.027935884540980078,0.4843684866405093,0.06195537959028452,0.027987873633624167
0.14767604140385385,0.04060328083040205,0.061572989980747485,0.20873448027634348,0.19647759188478706,0.10237232980231692,0.08614919792562553,0.040916381390334315,0.11549770650558933
0.12804825356460933,0.020400472773631776,0.04035273797500144,0.0789734307431037,0.15849369660706944,0.22743458742845246,0.06585279234036441,0.16916190683679813,0.11128212173096934
0.12612894912493122,0.03235495840462717,0.013446165541116462,0.17231569562865826,0.14545909533495274,0.07680874503912048,0.04761886936467947,0.2737711295069614,0.11209639205495277
0.11034775841565665,0.020345222446599216,0.04779421374078894,0.2731681745354729,0.0927472349093813,0.046096199591688425,0.02221603702212394,0.2248861501446482,0.1623990091936405
0.1033611243930519,0.14627367629804067,0.049171284315941886,0.020052511486747526,0.021341250626680585,0.08249945472603187,0.43015016754369184,0.07162166688697617,0.0755288637228375
0.1721010226367825,0.042544063333718435,0.046056982472543744,0.24359515077092775,0.02458547455569228,0.03450465361849992,0.28232799606853765,0.07461547424755723,0.07966918229574049
0.061795738064951526,0.011731638683610482,0.011197709683078554,0.3714413002880707,0.07278888890672246,0.1878116279617842,0.023184169015232518,0.15819715593647327,0.1018517714600763
0.16692399920608855,0.03993454533729834,0.058684506946686844,0.13537670086370804,0.18853812950268314,0.03009345860592517,0.03977860103761992,0.09428812461959368,0.2463819338803963
0.10846833806272882,0.044379360281690795,0.021772665623753264,0.22418919469180368,0.023657865111533987,0.059817805221979464,0.02610252291798315,0.30394332272538066,0.1876689253631462
0.16692708387204627,0.22273749535271326,0.06882849019000557,0.05232418181781439,0.06368321631240768,0.0792912736333622,0.10531828678184259,0.14445746444298502,0.09643250759682302
0.19748427223193077,0.0886134641324177,0.03784703472801687,0.048242908355835744,0.028436327882781918,0.055251137018095024,0.33624576988111415,0.0821222135609516,0.12575687220885615
0.11820324959607813,0.032339321958507423,0.06910917071985195,0.12364282584699891,0.07462687316652669,0.16918481246935743,0.05188870504581167,0.20540065571224705,0.15560438548462083
0.12643432691509715,0.06333946550218147,0.03396072965330863,0.07804780248776105,0.061282288204989654,0.06860434320047178,0.12126424859332385,0.19771899376301835,0.24934780167984813
0.10823260198822687,0.009008590760235207,0.04646419573593958,0.10998577569973185,0.1252827143215138,0.3039426874056305,0.01170755690379082,0.12450679649060825,0.16086908069432315
0.13909872637156812,0.07891096910231125,0.03846755894305351,0.05153367054074418,0.0206985027978877,0.07412675888301155,0.4616372448036863,0.03216886304079355,0.10335770551694388
0.07941428334697291,0.5122412840691831,0.04010883135550883,0.09567090447245563,0.019161272452984515,0.03844021600078016,0.178051796714319,0.022770814062166106,0.014140597525629864
0.07538409835217807,0.07028506461761654,0.028745150330563813,0.25902136401593007,0.018435842476639232,0.03921279449242167,0.34879462322641547,0.13043634682485408,0.029684715663381128
0.09778773430090822,0.04323215810627773,0.029065308310839172,0.18279081025627678,0.053988983378586035,0.0800440119908365,0.07127159810914097,0.2629122751010104,0.17890712044612425
0.07183125866374644,0.016841217526270987,0.09413385210412889,0.2304156687501648,0.2518314381744357,0.01900843105732406,0.05487263117950466,0.04000113653741353,0.22106436600701093
0.061659723722320155,0.10824412818954356,0.41696923602907615,0.09976758073159477,0.1119912537997712,0.02875034915269674,0.06579987893582488,0.05058162841604963,0.056236221023122895
0.08718901758501003,0.12866310311064535,0.028417713639242077,0.1420358786756211,0.10134751867732682,0.08213102049610128,0.3426772222095206,0.03271794226261832,0.0548205833439144
0.15186045735348058,0.04697082117432482,0.05378521231690713,0.2119196545359341,0.13004056817190127,0.10676779916345704,0.04515892343196302,0.17348591051426496,0.08001065333776712
0.07853024396333792,0.041326332781989314,0.021869747115267932,0.23715983970951138,0.014604553085275982,0.058257719621390536,0.3524882247020322,0.1507111169237776,0.04505222209741711
0.0854271692158271,0.01740791367487614,0.03933305316860348,0.10392554672540134,0.1446520889288931,0.07845032354263538,0.40524693534987777,0.09913931404431713,0.026417655349568598
0.060688144787214786,0.013100176244939367,0.10739471570702645,0.5105747202767525,0.03021002642890234,0.03212643203155697,0.10336321319303343,0.06560051387850896,0.07694205745206524
0.10246932269834354,0.09100454097869944,0.042463395591919494,0.09909182325040762,0.06359390915220893,0.07438394347737444,0.34810894955419264,0.12436477275418562,0.054519342542668346
0.057937131486740755,0.0503468199406048,0.5480583965884488,0.040127683800488284,0.148381898957737,0.033561631803174674,0.02070748979538442,0.05631504611397228,0.04456390151344903
0.1548373674166816,0.08722758108545035,0.06869235479821802,0.08878722495274871,0.1326314042200182,0.022781842219407683,0.3135516971116197,0.10216543657446032,0.029325091621395464
0.08049296853665372,0.13292579534499147,0.03399171964813592,0.07016884454421356,0.04664260251989865,0.0343242519800734,0.5110905945422962,0.060927571920775386,0.029435650962961715
0.11781326904130505,0.05159113952489588,0.07881251509546862,0.08935310251131105,0.13521811807678957,0.09936467412184313,0.12584401199809658,0.1712036202420729,0.13079954938821733
0.15285988258866903,0.027602826986820938,0.06438590390012938,0.02726999608355636,0.31114164871332356,0.16481821489567478,0.014626827997149205,0.13959947126510994,0.09769522756956676
0.06470551967606857,0.0862646980019647,0.5690778749027606,0.01854038216860897,0.13293358489342355,0.02111751764436327,0.03714963093869703,0.03803351911742201,0.03217727265669123
0.08453567064513128,0.06343222818247445,0.04164773399323802,0.04188971049553366,0.02230509170347379,0.05727137650888924,0.40047626858151175,0.2626276901352879,0.025814229754460013
0.11769848865625367,0.037795780917327236,0.05299011295045163,0.21088523397034512,0.03420512105752903,0.045347590945419826,0.35188071214115785,0.0824313778700289,0.06676558149148666
0.1413189666419843,0.11585124159243061,0.03320006115004743,0.08609811078531314,0.020672225251955743,0.030547355119409886,0.4675385252689293,0.026766632687909523,0.07800688150202008
0.10358553698474397,0.08193947618087899,0.045662895475001075,0.288695938962326,0.13072714326502313,0.07258509958089099,0.17660425522163584,0.026323340208202026,0.07387631412129808
0.08533557285845202,0.11571266028351612,0.022990939787195908,0.26924143002990397,0.0656547781508162,0.08995547210975025,0.136667025626646,0.09812377360756713,0.11631834754615245
0.19010813372541355,0.08730247431397047,0.023330848143514393,0.05387892654985812,0.07421556685128498,0.10475870560660729,0.05379516563721402,0.22139993234309574,0.1912102468290415
0.12365531333114892,0.022138130536747857,0.05273871115013684,0.13491272089748726,0.01188363428352527,0.054525748232469355,0.3781296412452389,0.17040319563923903,0.051612904684006616
0.14010409958577513,0.08628162682818663,0.07286515689888816,0.1329776811498163,0.10705500840220888,0.051401480153548784,0.19262613606770884,0.11904052143193954,0.09764828948192773
0.06029231571547152,0.173327144931272,0.021516969962510124,0.015779320409457908,0.02202628441790468,0.04603542426513426,0.5346667166317195,0.020810108667172315,0.10554571499935768
0.08098668782251804,0.016285884090344965,0.04568183293195241,0.15087753896978362,0.022738738948147975,0.16646774371287124,0.32894877959757235,0.1267183012298088,0.06129449269700055
0.10288402380901425,0.036784888960723676,0.021151616122189482,0.10267562568788717,0.02763738006118635,0.032687751133335725,0.5451405437502662,0.08478592408322684,0.04625224639217027
0.10656289855161792,0.06160859336632687,0.03743803020693572,0.11916633027713099,0.06217910841756632,0.17067032128533607,0.10232933499067304,0.16492406011538674,0.17512132278902634
0.07293728979735735,0.06191675963456402,0.04315590289728555,0.3012717277983508,0.06448059355191711,0.08335444004172902,0.28567301452945687,0.06534143735966948,0.0218688343896698
0.11034538690524658,0.007932065990469231,0.03685247431239431,0.46202178455157966,0.06475499635747568,0.1376938222044444,0.003253779096177257,0.12084559113583565,0.05630009944637713
0.055186613392738525,0.0323180362401998,0.04024709841791138,0.018044514185488577,0.04550810221232321,0.575611705099954,0.17087100040942418,0.0325476786612687,0.029665251380691607
0.10026555920466906,0.04874256015897605,0.04314040518344923,0.178924834833053,0.045065073262935816,0.05477163057866132,0.40688948948858056,0.07697641584753868,0.0452240314421364
0.13942086712766386,0.0283544785209397,0.009421307245640415,0.03185347980017553,0.02874923157981839,0.19339523690731866,0.1709623455758816,0.04865696544277088,0.34918608779979093
0.08489837139797819,0.027361571496830713,0.055132253361148964,0.12817954983566815,0.04711000638037394,0.103549250893907,0.37023535736837765,0.12228008185563999,0.06125355741007541
0.14981422884566511,0.15979249461446535,0.019757013308899733,0.23238997674593506,0.17169025459508344,0.0385567357274833,0.03922134898208598,0.1363535573819519,0.052424389798430095
0.11325050440946549,0.48055939209041476,0.03514228307416902,0.02450730075956035,0.09525907296349682,0.04568383842571296,0.07653586715539396,0.10204880631452216,0.027012934807264435
0.10837916982772193,0.03915352216011252,0.04122802237064129,0.0907238612346958,0.018619275791972565,0.09485097084349427,0.5145671118194297,0.08460639740657921,0.007871668545352711
0.10794472849396464,0.5766911469450714,0.08139305486103732,0.0421360154567171,0.0443542044776081,0.03341223695316732,0.03913145890347151,0.04281849443695457,0.03211865947200807
0.04994015283300159,0.01900348554422286,0.032771463170612615,0.3918538112652406,0.022567777529040458,0.05429027756449136,0.3570098041603906,0.05746507277169525,0.015098155161304664
0.05009465583920964,0.5998025474321166,0.08600328373731127,0.034186045278859024,0.019850696058894782,0.044595068518450465,0.07169157972419872,0.04752866696274455,0.04624745644821491
0.06879506065635681,0.20073344079992136,0.030454172700165677,0.10352563970304497,0.1406780957160707,0.04306231811411639,0.13960907718259827,0.22702766409208308,0.046114531035642725
0.09224124988539868,0.02466685594004775,0.04677914992712584,0.0857206475164392,0.020712842415759717,0.056984529512342987,0.48211392027890354,0.14996427652295483,0.04081652800102752
0.20272788360490324,0.02462310793832878,0.04206742314948144,0.019593498632799588,0.19855862629372903,0.02503625532068061,0.045320138861937635,0.19305495475516646,0.24901811144297317
0.11386239777676986,0.04598143405696056,0.030452750938318812,0.06640955576605137,0.04412124441310125,0.03526142029247084,0.5089393861802503,0.11803529899196763,0.03693651158410932
0.22330037850755366,0.15690728995377942,0.02288991455340317,0.06430678472026753,0.008638565465325106,0.04130805273721303,0.2557292889254779,0.18896774299092797,0.03795198214605223
0.16703047609797195,0.06523811737895897,0.09600988925641213,0.0640877047182216,0.0959088346951996,0.027913320752069037,0.029785727065681677,0.26116257906144347,0.19286335097404153
0.15125119329070671,0.04885382898007709,0.04439354392605746,0.04346498726090109,0.2542935001390673,0.03259060987124616,0.01365842993501211,0.24055124008248616,0.17094266651444592
0.057373480592409896,0.07282962541261166,0.016509979832951285,0.1836933955280128,0.045672773605330085,0.26692539312670926,0.24688276719222726,0.08160012965596729,0.028512455053780444
0.09648629314944523,0.006176082695952313,0.029378488589850187,0.4254124625185695,0.19922539260764552,0.15885169448716638,0.0036353883965927407,0.04478587992093575,0.0360483176338424
0.09132452454714583,0.02341242938224185,0.04577173069285571,0.12490849020850796,0.1583750729236151,0.10287611552267895,0.11965916739404249,0.10511241684002388,0.22856005248888822
0.06585391764089081,0.5402873280547076,0.06727453580407074,0.10980011349252515,0.05162596156829207,0.018333308092438803,0.03758432246708378,0.07319420099890285,0.03604631188108826
0.1197799276569494,0.057233484908872256,0.14636977762584158,0.22843515565081604,0.14026960614483133,0.03814242958149083,0.03808621585730107,0.10078377573041192,0.13089962684348563
0.10846384134716179,0.06992595688923248,0.029893607757845636,0.08469224565831358,0.025198143829492925,0.05282581479299538,0.4847277284561173,0.0633977718192607,0.0808748894495803
0.0628145897045745,0.04193230682337588,0.5129648128117693,0.09369435645865613,0.09083322701380413,0.02399000911723126,0.07589175677832789,0.028506810147911246,0.06937213114434967
0.15999696618101933,0.058984085129585966,0.050557219906680745,0.10281235825849194,0.04469969668839077,0.04957829267098398,0.3576419122234506,0.08716607598153549,0.08856339295986125
0.1276155661382797,0.06130931766420999,0.0851773591175,0.32513490399441997,0.14526922997450112,0.046495145977941243,0.04742822280661289,0.09857247107255473,0.06299778325398037
0.057161811593134465,0.09577305388950462,0.5322904166642054,0.08334580294414944,0.0861129586068073,0.015217680030558803,0.02556434129563341,0.038526843734447334,0.06600709124155911
0.08223729000228579,0.08948622951662764,0.04108041961486932,0.08010341500701991,0.029959704045613555,0.03523656981780598,0.5530516669280949,0.05382633506884483,0.035018369998838055
0.07870337988564129,0.04428434458114988,0.01868969182262498,0.041807251005845335,0.26043584750377363,0.04623698736225514,0.19989088611736497,0.08739315575863282,0.2225584559627121
0.1494021765342297,0.06643743172448874,0.08678227542806292,0.20051910730784428,0.1157836217239831,0.0252980380361775,0.04761097180276291,0.13166591566033017,0.17650046178212073
0.07289375557132605,0.19743225798582262,0.041684845310221506,0.09588061381362263,0.03770256379533984,0.02860947784612254,0.4415387932667388,0.052955082209547255,0.03130261020125875
0.08477585582856444,0.09101353703508008,0.06162493829887868,0.3954842551131193,0.08898760837827117,0.03182505718078666,0.041604321327662924,0.09776687033883848,0.10691755649879824
0.11661999053090401,0.07300576751959738,0.04037642490444541,0.06934953663662068,0.14196803308990266,0.06352647181325949,0.06477788392764972,0.13448900443538506,0.29588688714223554
0.2093217172734758,0.12057958899339354,0.06042182292393824,0.10330694962122884,0.18369757785871785,0.02270550007696789,0.03261356307144982,0.13473794051486487,0.1326153396659631
0.10795514264977284,0.07457949497815272,0.02762514672913648,0.09817960029208138,0.014415552620855839,0.056987635954521394,0.5051156800249931,0.05968822296966574,0.055453523780820545
0.12285061081237598,0.07809309760582123,0.05609110213254098,0.0898782015976332,0.17119360654294433,0.05030729889434494,0.1533202022192219,0.08760749501106306,0.1906583851840545
0.13288631205221307,0.07830301311485825,0.07174764212266962,0.13217027988401722,0.18558616881927628,0.042268551323384786,0.04255049820079817,0.226608495533715,0.08787903894906755
0.11748832361400623,0.03726515153282005,0.024611773777512502,0.04420852772713039,0.018059260076730446,0.1266259658049321,0.45666356659729557,0.10761619723219551,0.06746123363737726
0.1852770624232228,0.03125559943734344,0.04981105953052653,0.13369855567524208,0.17656766301758756,0.12553798842233418,0.03612224026914757,0.10186170843765135,0.15986812278694448
0.0672006120615939,0.05822309852447712,0.47957817153583204,0.09682437245789023,0.09704684640637623,0.04034088281005404,0.018909158295816585,0.08360033745983292,0.05827652044812692
0.2971133706715369,0.12216312400945846,0.03918477902722375,0.09947986089972126,0.06219153212146337,0.02925542090899319,0.13241368935382458,0.10942769385246957,0.1087705291553089
0.11748832361400623,0.03726515153282005,0.024611773777512502,0.04420852772713039,0.018059260076730446,0.1266259658049321,0.45666356659729557,0.10761619723219551,0.06746123363737726
0.10348836417398921,0.023142696394427453,0.058731767073865404,0.2338730265189264,0.18592821949380908,0.052857381715447016,0.07248757663973249,0.12049732710161931,0.14899364088818365
0.11903017242204333,0.02970977452209429,0.031120508582406513,0.13499719913478828,0.07287866778154907,0.054571431915979386,0.3620955118753095,0.15506891347512886,0.04052782029070082
0.15994910649813593,0.09641238841103845,0.024463603075590378,0.16686204704646046,0.0507311547118692,0.04237911512791535,0.2033056309292155,0.10689418438715974,0.14900276981261495
0.20311320679277156,0.10280150560576974,0.016990815946125715,0.03948719626025378,0.19270613445900484,0.03233705413557434,0.014527019753385445,0.12707806673143462,0.27095900031568004
0.11749813533034885,0.06069947238729051,0.05028781009607849,0.08546778463852721,0.037132736105006066,0.04374426963638645,0.38984640293720557,0.14564444570942173,0.06967894315973518
0.0671553151783157,0.16033668965528053,0.10259797252762336,0.049264191136212755,0.010285925333011937,0.03754976806449814,0.48231581950068464,0.04285516056871983,0.047639158035653106
0.07173174282301857,0.02979936482433827,0.04927978804789737,0.10194164561879161,0.01568045465545235,0.07534073204765329,0.5405764330419772,0.06191146164717746,0.05373837729369377
0.1204637226440541,0.04910771468881615,0.03210199395964245,0.06651333483583978,0.14173983194911968,0.030178576321324733,0.07212221975485356,0.24949119148067836,0.23828141436567107
0.17747179494907872,0.10790533801694402,0.09037625726074293,0.05600595201478229,0.05962460782599897,0.06598861621294545,0.3230042338381527,0.0568802987440879,0.062742901137267
0.08569729471377317,0.017546706624104343,0.07171831081729836,0.11021957892995089,0.22149104491612834,0.08348813276330487,0.17072954130211346,0.053450695129899466,0.1856586948034271
0.08150420815778482,0.11203457749838575,0.04605815454788645,0.2151720841649585,0.3038796055462328,0.08308574657856675,0.016632963595962395,0.06849601155412834,0.07313664835609418
0.0635548519180978,0.05655761849449851,0.094058183605685,0.2618158768483914,0.2099310515859787,0.037741235810850225,0.1419243686108842,0.06621286734734604,0.0682039457782681
0.14450599738624284,0.08233688217044766,0.07060436420423266,0.2499286648623186,0.06583087471440173,0.048066531010682645,0.06132973186775189,0.1183982020020105,0.1589987517819114
0.1300936513420068,0.06292781633737747,0.06443069548448205,0.19163636723818978,0.2327284246833594,0.050225376757503014,0.06232944843027686,0.1312386265988049,0.0743895931279998
0.07466542844766044,0.020804350151847218,0.03644131956601906,0.062683769622362,0.24052786418231653,0.18050451660779063,0.038522334912987115,0.2763038792975614,0.06954653721145558
0.10006223434193796,0.12462127689251168,0.04355109871845108,0.09537006482456027,0.019682695914238466,0.04172407430362601,0.4637568605933047,0.06569577716314907,0.04553591724822074
0.1385773400288517,0.068615989227006,0.19319208805044977,0.16131506776457297,0.11818008306727351,0.02066495074446857,0.0622173747307993,0.08438342992616343,0.15285367646041478
0.06786460524205111,0.10712477833040139,0.5437902433306289,0.03885717724971597,0.09420336829892274,0.020979823046522683,0.02448181401054571,0.07096752221692969,0.031730668274281955
0.12838805026975034,0.03377132848870529,0.04888647452757929,0.035065158446709536,0.02548359718549936,0.09056568836833812,0.4865134253219228,0.06956495291532792,0.08176132447616734
0.10775819485222393,0.08622699927144468,0.04705172481963052,0.019533449720188462,0.015855862528459656,0.0646858629870019,0.54446257171685,0.0929325092683131,0.02149282483588776
0.09456054055097647,0.04051453393611216,0.027483619471673087,0.15439205952115564,0.03583433060580007,0.03403555866542155,0.5389879803446437,0.0535261294101718,0.020665247494045535
0.14677579562690019,0.12871206974004548,0.025401745335880067,0.06693512067260952,0.06078360014016577,0.04701949814954692,0.033004420070965275,0.20321539783097184,0.28815235243291487
0.26354251594140243,0.10894158969054384,0.07463825542826576,0.12361588796696439,0.18826384383402064,0.02990244434494005,0.05658741855344853,0.0673198221655077,0.08718822207490656
0.17172247124028414,0.0499655436364429,0.07026893957148803,0.20240931548179883,0.020998264568392697,0.0792343203361463,0.21154446399019164,0.11056507479323134,0.0832916063820242
0.16399617952168608,0.12484369576213616,0.015722682784959092,0.11790968662488832,0.04354644783360758,0.03775326970248987,0.3724492607823627,0.06275130702676283,0.06102746996110734
0.1337747929398341,0.02787978674063714,0.042287254818949675,0.30743965133670814,0.1685672525994367,0.05098360470389646,0.021453548951720868,0.13892906883182154,0.10868503907699545
0.09176249302942319,0.11755293730675166,0.07976985382432018,0.12200929137308475,0.22517184820312006,0.14079570917992415,0.1383893419628249,0.05108489262820023,0.03346363249235082
0.06547125153744639,0.25289312792974133,0.052214106827661894,0.17212141052998584,0.0507381873196129,0.0318429112091933,0.20770532994255153,0.03608602281970708,0.1309276518840998
0.06642841538443882,0.12128118148436758,0.5307955055037447,0.039152724399648856,0.05235402036823102,0.0307136242372201,0.03921002129271623,0.04341943464644641,0.07664507268318635
0.08638049536677349,0.01980936003035505,0.05340004791336361,0.29321416222794366,0.15912129012968507,0.2041415059943701,0.04125690717571704,0.09682389069616998,0.04585234046562198
0.15329479547640423,0.13911439813906726,0.03057004044704283,0.2749737335620028,0.0467465513669055,0.11860685014764201,0.03769030145176319,0.059261093001852734,0.1397422364073195
0.05000059953772298,0.025473550112816098,0.04350838467804343,0.3716979884367488,0.2293829503135083,0.05177259231294635,0.015157434534744394,0.09403995157291395,0.1189665485005557
0.11030269853852563,0.03999273688590906,0.08108860193220335,0.31445789055516987,0.13767568870980723,0.0366927757933751,0.02890256880763516,0.11749217273653305,0.1333948660408415
0.07460323580386587,0.525129184687072,0.03886851966010508,0.03517938071759399,0.12538239851527644,0.06615904074730627,0.016329758728926565,0.0893638428882747,0.028984638251579153
0.08964114705630584,0.12886864618022895,0.03513152974588083,0.11474444884152805,0.039041027903517836,0.06092920990558833,0.35584278151974164,0.11612849518242448,0.059672713664783994
0.08269656142695093,0.02650976795211246,0.01329747518488803,0.13423169592681225,0.08126205814417052,0.12309115866871839,0.07845659057384187,0.356020153945326,0.10443453817717964
0.08311938845740126,0.10040903428220872,0.028177428143297045,0.13944036504678603,0.030853738438399336,0.022015023810549345,0.49520803864525115,0.07018950838024929,0.030587474795857644
0.05901689441182576,0.12323440618104403,0.49054695252644764,0.04247210610386439,0.1054699090174776,0.020726500026537583,0.053485113510991666,0.033199005236077946,0.07184911298573342
0.13295168360414278,0.3958991126935456,0.1373711789009848,0.024665160566384976,0.10590435823452327,0.0641338578247545,0.02967681766882907,0.05083994486596504,0.05855788564087
0.11761452691318135,0.04280740321830501,0.030485953223929833,0.062454448430467345,0.04755179762352701,0.022092069431271535,0.41371401026174204,0.18996958498623873,0.07331020591133722
0.11453019422951664,0.12919160170609092,0.012956048558244527,0.06402013457823637,0.12004065330956698,0.05454143458512185,0.39839206320683457,0.030196076992941977,0.07613179283344623
0.13996603766774837,0.07302095160440852,0.029005425725441607,0.0345577082753267,0.06216902637330234,0.044686037488077514,0.4102782149831123,0.15682930337791254,0.04948729450467001
0.06158378122050412,0.09202517874613526,0.5565037189435317,0.02540200681525402,0.08806235933709095,0.01638962011230829,0.02181773900999864,0.06682253224194619,0.07139306357323079
0.05079136912077311,0.49571352036047767,0.06513194796888737,0.055792613606153334,0.09884046690294697,0.029228900239168947,0.12327672190931761,0.03312334243096932,0.048101117461305666
0.13952416034523615,0.09583269573617476,0.02865861816772917,0.04180189134813913,0.2707883849301255,0.02160266842126407,0.02080606694122395,0.28313271974986504,0.0978527943602422
0.13311432972981085,0.03860297212957359,0.15262447014403016,0.14078127614252822,0.2196858718345457,0.11505387434844767,0.06027406378059849,0.07428283027085936,0.06558031161960585
0.20597593441603043,0.04554958660568106,0.16033928712097065,0.08882849825484528,0.12610695796827207,0.10031396471427785,0.052301919700274514,0.10741538892996988,0.11316846228967838
0.06069858725309981,0.16022418362351912,0.0834917144526431,0.34142103741105406,0.027820187379281953,0.05050244021984937,0.19337113620002544,0.03485568677533825,0.047615026685188945
0.0859690674537726,0.015723366509075642,0.06085429923959005,0.08026785613182232,0.03744230122258189,0.019304094628466013,0.5368009024251611,0.11343338609526826,0.0502047262942622
0.09265585855233131,0.3070445285629007,0.21147304648708745,0.05669281430410846,0.0665085223393556,0.0264919457980002,0.15921263722329634,0.04370971004546281,0.03621093668745714
0.13994013130821037,0.06380028255083069,0.04512300164974988,0.02642745837874391,0.03171345695533241,0.054653967086062245,0.4443795390088119,0.11948604873837537,0.07447611432388328
0.06987178085933494,0.11516122891569157,0.582274241409377,0.023382355722108755,0.06239023162753582,0.018293511389968504,0.04211458284027384,0.02598834152648653,0.06052372570922295
0.07128449673045166,0.10837995753735935,0.4814474609744405,0.07469787125725812,0.10806281589515476,0.02834001299716447,0.05447287030293588,0.037736697161284916,0.0355778171439504
0.08190096488463262,0.024625922485605595,0.02357247193535934,0.22682129180130386,0.020752203383110995,0.0693965158185095,0.4396721015754273,0.05838648700791299,0.054872041108137835
0.05747593978758498,0.09085814580961919,0.04323554438606883,0.3211343883087954,0.06797319963015114,0.12696312876947477,0.1799176143898236,0.03130507487706483,0.08113696404141713
0.2561220179582947,0.06880615180880206,0.028139018783370728,0.0382036301413233,0.3598182766962346,0.02598563522266129,0.012675962502399829,0.11155781773434435,0.0986914891525692
0.14478891786173095,0.08412743786825493,0.13245352725800724,0.05343156078177491,0.09343375537370531,0.06408583233941739,0.21908373863179165,0.10881116493269334,0.09978406495262432
0.1960409504560827,0.08394510307883403,0.009964858419353675,0.19164092221004425,0.13506723305604337,0.04460225365313131,0.011207089369199681,0.1884058413608559,0.13912574839645508
0.09481278298129436,0.04172219865401997,0.04717763034597255,0.0807685226701123,0.1676693617115934,0.07841752561300384,0.3348722947036437,0.11611933081727348,0.038440352503086306
0.17266288443129194,0.1794985614793233,0.02566265780185813,0.026565538058820448,0.015294321830841626,0.043282161560601655,0.3689609292979232,0.08813589096514779,0.07993705457419184
0.1357787775279363,0.0859318766551227,0.02212135054872706,0.03335441668685885,0.07662267092626111,0.07432136763101424,0.012587965139236776,0.18313730285468488,0.37614427203015804
0.107670319151377,0.07193958576249199,0.0192946885981795,0.09024823471733778,0.02581346007885041,0.03257781866310066,0.5277771854558845,0.10587422459360296,0.01880448297917524
0.19491190779715642,0.01791662640217576,0.025737412874148533,0.048222719517789635,0.07266776156548004,0.1381935700439739,0.02836110399547488,0.2962488251464521,0.1777400726573487
0.15576062881465647,0.06140204642309697,0.05389108754025174,0.27772091612206123,0.18260677957695304,0.07166412502957654,0.02421651525266394,0.09250044350353127,0.08023745773720874
0.1778091083201695,0.08732754675862515,0.05163558680757594,0.10642770443987053,0.135190730086115,0.02880095260260403,0.12773155369945952,0.11082963654351165,0.17424718074206869
0.10770373025278661,0.00848527427952465,0.05636414850343779,0.3362559428739911,0.17868308065803715,0.040613051237664365,0.010099419535730141,0.16060237616280595,0.10119297649602237
0.1284715183717615,0.09247353033015997,0.059458702209514935,0.021153785206269923,0.0518557507546995,0.08423537303432954,0.3992108407679458,0.13086187103152502,0.032278628293793944
0.2933266730341459,0.062034533626056265,0.07716262758962274,0.02373178736083013,0.18093863660852172,0.05936574107460452,0.03158984432289741,0.07944668869644349,0.19240346768687788
0.17187978694000797,0.10131749422222418,0.02993263109033192,0.05089907210295663,0.09752114384186268,0.04245362308739307,0.15865438984181165,0.14369588432309863,0.20364597455031327
0.2065269434516488,0.06432399765877339,0.03403056461700576,0.051556325772717904,0.09658120791951619,0.06157527012887859,0.26482919681382827,0.11369346806069151,0.10688302557693959
0.13056552691004308,0.06191885311038577,0.08773677814840185,0.1681707712941447,0.1851591785190421,0.06719228940357548,0.07539838344734673,0.10397299919541629,0.11988521997164396
0.08529595618955939,0.06808825214477622,0.03435646906238642,0.23017287768293207,0.07031682769275131,0.07789258657597153,0.358037604227575,0.041846011705646176,0.033993414718401775
0.11317976100829251,0.032402306374916506,0.02030100130964316,0.07295160085449075,0.09450338980874971,0.125564822799817,0.04184237794469956,0.2622845335702741,0.23697020632911667
0.0739042074979816,0.02540097547448696,0.025670387354813556,0.23979682638185454,0.05364081354176333,0.22957934645034395,0.06155153412663176,0.2628203046727579,0.027635604499366594
0.05386695337083484,0.08417540093154223,0.014001508330740283,0.1759149429746175,0.11999624722826434,0.06591587843181584,0.39144146457815815,0.05373435378525369,0.04095325036877315
0.06322933208543861,0.019761039620430687,0.05326208453455966,0.1504127951462872,0.030538818370369605,0.03686648949648056,0.5378985935251638,0.08864069691537112,0.019390150305898867
0.09846617181849453,0.23785994096144913,0.23314445419484855,0.03546841277341218,0.08228369085753168,0.05837007599077959,0.10636083932307765,0.11203723180943488,0.03600918227097181
0.1184512781412434,0.01438491923121739,0.09778632728442711,0.2044382856693017,0.21032219753801337,0.05801687536623502,0.008873104476756658,0.12271142027490395,0.16501559201790142
0.1413903789425557,0.019680778894804088,0.12886013967432033,0.2366569045088851,0.10964274650236057,0.06446519604892015,0.03963385215845731,0.08059243134134429,0.17907757192835247
0.09415948585553417,0.04175946395745735,0.05190411444048324,0.16755028618170267,0.12717746356181592,0.10359982257276527,0.2458183112993407,0.08310188398004206,0.08492916815085866
0.05683179652256611,0.07879802830307114,0.5220304426139352,0.04890160250627403,0.15189345157549486,0.019282691286204346,0.029930314540572,0.05333763719424661,0.03899403545763584
0.17509363780060835,0.03491217066377985,0.05451148814511988,0.29659659046340914,0.08486464918910981,0.11022237001547282,0.04669768382773992,0.05393164843338874,0.14316976146137142
0.08284850935601185,0.07751207204269278,0.016782791411179682,0.05991629375681309,0.2674870099219356,0.06645423594124102,0.08514269220630877,0.1675816255606836,0.17627476980313372
0.08785884200533245,0.030841063362444937,0.017467068556378796,0.05310620282979586,0.17065270990241718,0.11650613166271213,0.31231734289115637,0.18124144854371993,0.0300091902460423
0.14669086753149682,0.03580932506131301,0.05220803587695274,0.07223449209631724,0.16948190092577445,0.17109246021630894,0.033849684395781836,0.23421434516230655,0.08441888873374846
0.13994013130821037,0.06380028255083069,0.04512300164974988,0.02642745837874391,0.03171345695533241,0.054653967086062245,0.4443795390088119,0.11948604873837537,0.07447611432388328
0.08494167279298892,0.07127185672645736,0.03548158806193505,0.08843770866445798,0.014063989585967695,0.09056692592512539,0.3208173803507095,0.2527009192012455,0.041717958691112535
0.05774632888009601,0.14532788029162916,0.49260004667942003,0.04527923747802981,0.110110550547479,0.016397504307423375,0.04188252738296063,0.0495144641668292,0.04114146026613281
0.08317483962129826,0.09171645241599985,0.05478528521469791,0.08605625841767722,0.030693596526402384,0.061525555488943506,0.43698713723650345,0.05754095215383919,0.09751992292463829
0.06294398744039383,0.016815370904349928,0.025552395954587873,0.3255755519736259,0.034294167469056135,0.08561730882813913,0.2948365624612616,0.08336176598387272,0.07100288898471284
0.13564686306980098,0.06064120266555948,0.04444270418012055,0.16134042675418436,0.10689666758553239,0.03803987287833477,0.05175459733492432,0.07061729982734559,0.33062036570419756
0.18686010141955292,0.1893603662524415,0.0916261116073153,0.04021388445957049,0.10407433892539532,0.06793647541476958,0.20672704224393668,0.04677146928883885,0.06643021038817938
0.13652519586456655,0.05516161226915874,0.036138056950137325,0.04776459026666447,0.022388317922000505,0.07295483362206971,0.5508037288748794,0.0488337043050218,0.029429959925501653
0.0762743751856944,0.3397265307056799,0.007333953583330027,0.09969888570697515,0.07932744303114168,0.09176098011160994,0.05005353321138186,0.19078546309602476,0.0650388353681623
0.06247610296629478,0.07311204700868211,0.5824693643500084,0.016663943359143365,0.11696587680710192,0.034465361945156765,0.04497175351852112,0.03745455306699043,0.031420996978101086
0.09407190151962941,0.4627412832265924,0.07004356391212367,0.04773337911333159,0.11544233430015556,0.023799355375232378,0.0226269051765673,0.09494256598273425,0.06859871139363345
0.16343263819530685,0.0871044350594658,0.04557249990392742,0.11928917965927115,0.030147809366822136,0.027192486384963077,0.375041248723571,0.08339989421483777,0.06881980849183493
0.08800242368911064,0.02112119460873201,0.060741324277074384,0.19455640452691658,0.27737516936853707,0.0618225295532408,0.006792027735975293,0.14035031016724,0.14923861607317324
0.07466542844766044,0.020804350151847218,0.03644131956601906,0.062683769622362,0.24052786418231653,0.18050451660779063,0.038522334912987115,0.2763038792975614,0.06954653721145558
0.06422441123984811,0.04048000745929146,0.047120151160129096,0.04831488282233403,0.013696737422588673,0.06229884115400719,0.6381417368745722,0.03125460151061422,0.05446863035661517
0.07198024646723876,0.04116239901229126,0.030443347397412068,0.19699585150943077,0.08325439826865182,0.0614923715802444,0.42733709879843634,0.05619576647663635,0.031138520489658216
0.13345008342982356,0.030146132311166692,0.06684842064862571,0.12808151172505564,0.09708516554360525,0.07013887811718152,0.16826190467015467,0.1284670104441016,0.1775208931102853
0.041421199177519345,0.0052873243478277305,0.012870064751749871,0.037050509812024304,0.11964784646806202,0.13466169571594067,0.01267341358855917,0.32696562433188076,0.30942232180643614
0.11107074396171508,0.04501317512141129,0.012897093021514226,0.03167857672141928,0.1847983160555029,0.10001783942760578,0.00673914738654586,0.25885124587538494,0.24893386242890073
0.058284698693352836,0.1417413664357324,0.48811994420392674,0.06981760369217677,0.07514118594383178,0.03431255407191643,0.04824752633519799,0.05800657468465525,0.02632854593920986
0.1525730445691453,0.06156429400464264,0.05880409342685406,0.1331377380982558,0.09331892237975103,0.029179439841943572,0.07855639668555914,0.07348334552607876,0.3193827254677697
0.20639024763301342,0.07336371309994914,0.056799517235762285,0.11694198452661819,0.1945862341446177,0.07019362387295397,0.15207349904158793,0.05557342513742108,0.07407775530807627
0.09172401579086871,0.09372196301882597,0.04160989756451952,0.34789769573549956,0.06932780767637907,0.057989738839641675,0.1634674048794076,0.08470450127381485,0.049556975221042986
0.11199692052422566,0.09326613780487943,0.017935240879471084,0.08396409561470146,0.057287043894514944,0.18909119018451395,0.11924406958573437,0.25640765861932974,0.07080764289262952
0.09332152754247018,0.06415166832749854,0.12580633741529126,0.0675014280881096,0.33671913160687933,0.11545718442304392,0.03996399139591435,0.07066531604882315,0.0864134151519697
0.16854174750853076,0.02418402826313352,0.10177744279184664,0.10596577614239276,0.05347848337098652,0.07400792869911284,0.42381729710297894,0.03368623397503833,0.014541062145979703
0.0698597135949181,0.015052800779062507,0.17747224202391096,0.15745424611687586,0.25519365951542633,0.027630491512790123,0.12165193495638545,0.06364896251743273,0.11203594898319785
0.10472801496038363,0.05546496677407275,0.0237495755075972,0.1071072715730717,0.03277607559754817,0.10285603450050784,0.431335213764841,0.08189728491983722,0.06008556240214044
0.06571919773482134,0.05284801174923723,0.016854167328997652,0.06174264640654603,0.013989788842747597,0.08645326514292874,0.5450143113181986,0.09566706526658812,0.06171154620993469
0.09688597997047088,0.05635516156048422,0.13026362899383323,0.09416988808195946,0.2989979851009914,0.09119080977953838,0.11273072645016984,0.06895265249095651,0.05045316757159605
0.12086064977895868,0.02711526346417552,0.02139128727245576,0.11418911218835735,0.2584677782252495,0.18575847674436072,0.012602896818001924,0.06671722653311184,0.19289730897532872
0.07733065382996197,0.626980300823203,0.0337026218469047,0.03070386270456314,0.03759332622881203,0.029412301517148996,0.03479835116048946,0.10844381525797664,0.021034766630939995
0.06149341708906312,0.08304373737697272,0.04252441604704263,0.38134965708331675,0.1940232162188287,0.08731357938348185,0.07505760066718391,0.038773875585960745,0.03642050054814954
0.12713604426581,0.025528601699060256,0.05119754454965514,0.0678103571272811,0.054244240695674,0.045498929235190805,0.42564111987544156,0.09524983290716209,0.10769332964472504
0.1068719055996498,0.020489887903385056,0.09654013155318915,0.2663094171303656,0.22753186047675492,0.0685107766784993,0.041204163232734355,0.08530312470627743,0.08723873271914427
0.07013815197158019,0.14241590466528695,0.5372576302771057,0.03827424183969772,0.03561846376410697,0.030050096716793203,0.049884930512593996,0.04194846081611536,0.05441211943671981
0.07665755759862611,0.0565313370675339,0.564414530301696,0.07605867112606265,0.039265666507271896,0.032814788302184254,0.045750237383101335,0.05057649457969249,0.057930717133831494
0.11755625557090045,0.07853170588813475,0.04764244144606067,0.14443740060199214,0.05382712381901183,0.03522744400607161,0.3112638827895585,0.06088587583656511,0.15062787004170491
0.2160345324522102,0.0629257856663064,0.06136441278050144,0.06658485893685857,0.1838539860554936,0.0523174437729158,0.11705596570986698,0.09440042734108733,0.1454625872847596
0.035720750504075645,0.007774574630900979,0.015894095389608055,0.3272919961851279,0.010225074797995032,0.43476701041094046,0.058109089523008584,0.08982171250245437,0.02039569605588904
0.1265242072655356,0.08614681497265032,0.018325302642667216,0.08484874706717839,0.054895858149113054,0.02220752144285808,0.3710377901217889,0.030456767422588637,0.20555699091561985
0.10220183290680211,0.0190841919325488,0.04103495095010303,0.1204682573602588,0.017199989982161476,0.04826407521577109,0.3696232782454329,0.23323421115397333,0.048889212252948545
0.22465180004390148,0.01690864868541309,0.039818011461056436,0.05019052830029869,0.27511760440525196,0.02389643857783087,0.08354782623631668,0.20167035614177978,0.08419878614815102
0.14262195398803038,0.0673671012328463,0.03756044064990532,0.34366426224443875,0.05999762575242279,0.025631972538515183,0.17221770140074402,0.03979749773333292,0.11114144445976433
0.1401444365900623,0.035806439181839955,0.037626123521480946,0.15620003063445353,0.011768139168919368,0.07053045780285805,0.3434126618147079,0.1794851110389228,0.0250266002467552
0.059428703114498306,0.13794354329979636,0.5478901767541693,0.05126515844470608,0.06956163700665659,0.0327417830790866,0.02970649981803118,0.02274519368829996,0.04871730479475567
0.17778869372396053,0.06618135090239552,0.050800352302896534,0.04609110504349725,0.24118763914549587,0.06049554556443337,0.11081832316615751,0.11294961408770093,0.13368737606346257
