0.051417888332411975,0.05708407380590125,0.046383594920250244,0.026419672983049192,0.08059992464842272,0.4593650215308909,0.12303951619294125,0.010901533227200359,0.14478877435893212
0.035958504702058136,0.29290882351577757,0.08679629772817886,0.1439676312831599,0.10437140147898429,0.08271449372481668,0.05856061077792077,0.1121391211315621,0.0825831156575418
0.08091426298934927,0.049993686180768854,0.36843569492193223,0.07390701333275211,0.07255718418898204,0.0355543220218354,0.054244173135912316,0.14014106939456886,0.12425259383389897
0.14428414803012243,0.01257709820638353,0.05606141142004864,0.10396420450887105,0.1385137193058775,0.2385110837672281,0.07725288740677404,0.21014635522772343,0.018689092126971285
0.18080816127981683,0.33171787318395735,0.05517270865002346,0.11770095605949826,0.058678026876693525,0.07060258934785461,0.10548967618346534,0.05130788736877177,0.028522121049918848
0.09699306993589925,0.05116963618435493,0.013469626247865393,0.10079335195267751,0.3878200857875331,0.01091148490513103,0.08535302731531413,0.06628094298587854,0.18720877468534605
0.09070358193576196,0.1415692037783137,0.06337818739955185,0.03481107056200996,0.2724765548471093,0.21491381925587524,0.04375337458511536,0.11037181250740029,0.028022395128862312
0.058648603560320395,0.054844739431109846,0.1619736868363951,0.04883856754397967,0.05916198529051419,0.20343511972737005,0.10413944413785486,0.025395788928913643,0.2835620645435422
0.10417160467300579,0.12572851407243701,0.07909089208798731,0.03609431245761379,0.32208356405522565,0.02168435026051702,0.03881369904953234,0.24683261293012393,0.025500450413557214
0.0518162476037726,0.04372195248012347,0.10884059578933464,0.0820810988957862,0.08408620858282338,0.11997426292518215,0.20195903586874087,0.03437850681680834,0.2731420910374284
0.18561786267979818,0.011016587051898561,0.02599786418077026,0.016321516429489445,0.358663186378426,0.03362240310019165,0.12641101222069187,0.14950944388446763,0.09284012407426638
0.04169618237664729,0.17876720851413944,0.0240188106217193,0.055158031544618964,0.15317979838583004,0.06153443918594592,0.05379083635179244,0.032065285341867596,0.39978940767743903
0.06121706498241395,0.10475784947490259,0.031554373982681135,0.03578474208074347,0.08022076327360032,0.08427881980244871,0.14409626335415443,0.06425282439000606,0.39383729865904943
0.06845016869591593,0.12022507897262309,0.028458758095657146,0.05393794620941252,0.2918740638356451,0.025321212587826786,0.22753500490942188,0.16686911953789485,0.01732864715560266
0.034686395713403505,0.10222977999058769,0.3086824229950484,0.07958006583782522,0.08392161210192269,0.031693674684616154,0.15295011888398133,0.14319825156399732,0.06305767822861766
0.10391275768507453,0.005502366418897862,0.017314305637591107,0.03802966781246234,0.05767295499916544,0.17205628295485154,0.02847358623774569,0.5448062449010026,0.03223183335320889
0.0629765221725553,0.4155341010805227,0.054844289937382835,0.03912414108381987,0.03549863816772222,0.09513050126431731,0.19493529773555576,0.03437633917905893,0.0675801693790652
0.08551047428291898,0.10079501162077548,0.20222081797395944,0.34866582230962156,0.09286168307903338,0.028345089499994005,0.1080797507956433,0.01858229293045409,0.014939057507599765
0.0664662425508516,0.11214259212744454,0.139261307197224,0.016356106147002367,0.03699582991987822,0.19266780149874174,0.16830824019848356,0.04204238721628969,0.22575949314408436
0.04052412305302719,0.05069085093561696,0.3742757903638829,0.15787984174837122,0.0333021555935998,0.08490554272850966,0.07717983665976068,0.08358352960207131,0.09765832931516026
0.08077721360300383,0.04712819075072717,0.06886887190045429,0.2251422673154616,0.12960259981215239,0.10307796824506898,0.062075289163656296,0.25746914881655925,0.025858450392916177
0.10063048793274564,0.014883989931165279,0.02661670365663409,0.03469521029488334,0.38547397798003513,0.02151015930104494,0.057064744741389097,0.31530673733869136,0.04381798882341123
0.046292938429096896,0.009557279874492931,0.014695843777590034,0.2022640241084901,0.0768229130668315,0.24920721849997884,0.1485581860728311,0.15592330681305092,0.09667828935763768
0.04021819220069121,0.14936368394981483,0.0523377793016781,0.148492350255589,0.25209053077536453,0.0488200340339117,0.05856223878402122,0.0746543817710162,0.17546080892791324
0.08517583610323559,0.021577089269003966,0.09546773799777868,0.16745485201040386,0.326129551214752,0.040690270422479066,0.04659963186158376,0.1944301531858995,0.022474877934863424
0.065710270028759,0.2590144364298753,0.08958604596245984,0.042273249715762296,0.08318469051138981,0.07046266508143327,0.3409723284102648,0.01780839559052156,0.03098791826953413
0.14108765135186174,0.05711430172665057,0.07607211083893342,0.03610326863365829,0.30566857245852613,0.04706334102545697,0.11490300592119955,0.20484917399371672,0.017138574049996663
0.2301408100185642,0.06734886705646503,0.04191005607421617,0.08833916078959625,0.2614138959238924,0.07325994062015907,0.09705929120855435,0.061882079699709554,0.07864589860884295
0.10882938310455871,0.0028935219076082984,0.09879648958930409,0.021320702449344326,0.3098003451774583,0.05183067943118876,0.20891260767595451,0.12218033032894134,0.07543594033564177
0.05216811170949909,0.044975612411405665,0.12873825778135725,0.020566169826296787,0.13695730698457553,0.1143204905153723,0.05095317225622347,0.3996756678660893,0.05164521064918053
0.08860319371142243,0.0837982456832644,0.06925491260375717,0.12394502284621407,0.08914526196417666,0.22592031337599303,0.11558903107889112,0.09288908933944125,0.11085492939683987
0.08414607824190985,0.0134446832208137,0.04474007777208413,0.09100341179846572,0.2198968063804028,0.039772093694482084,0.38478516288897097,0.046681476277284056,0.07553020972558666
0.05825506361330823,0.1873239532879456,0.035770677111005296,0.16674708582186407,0.3127650316918779,0.009352136621773768,0.05090456006798325,0.09334052864256492,0.08554096314167696
0.05575309646589017,0.06077557468619979,0.05621464443658602,0.17917834021712287,0.1916514554560671,0.021249778977569068,0.010995329693447001,0.28519879500809947,0.13898298505901852
0.03313700446627802,0.1136468046260159,0.08732448993256232,0.013410745177393052,0.015064012904233447,0.2072168188575169,0.017897493880029917,0.40656049613431106,0.10574213402165938
0.08099838403307236,0.2697147298251795,0.06902685522995702,0.09311014827881592,0.2323191847338211,0.0925545426743896,0.0191650454024708,0.10379141697465333,0.039319692847640336
0.06628601920378709,0.06338123368272598,0.23742837022830432,0.0710667889311425,0.2036511201265122,0.11488774965873401,0.14687450560068696,0.04892101780223492,0.04750319476587204
0.0616232606302465,0.3213904099019296,0.05180237638437444,0.08994468866392995,0.11876670208372263,0.21616919264687062,0.08600191192429596,0.0332534758821556,0.021047981882474726
0.12237807087555226,0.17159973938173181,0.05609106929803432,0.10308164621073085,0.062115499811574985,0.08670239995206601,0.10519004056912662,0.06916803296066487,0.22367350094051822
0.06796181295933651,0.16722724911865264,0.1450869034117791,0.2816088288303842,0.06647279814112962,0.05534727694016212,0.07068514368550576,0.0520096268717203,0.09360036004132984
0.07778894772725022,0.01724873555862455,0.08837049129174929,0.11048366157469734,0.2617957559868722,0.030822710853335895,0.043076520632351394,0.18366135325248345,0.18675182312263558
0.03804280094917764,0.14041783172586875,0.04291667618402072,0.08715014398402393,0.08712193177833573,0.0201137709917129,0.04762218191535072,0.045748371662577704,0.490866290808932
0.051629351209808334,0.23506239550665423,0.08312175905284398,0.03612363750300829,0.08992383539651976,0.07895122660131118,0.20283266449252377,0.05620587218152182,0.16614925805580863
0.0522675413001031,0.07959543601371163,0.08451121827813617,0.36051969087842667,0.04434801996788721,0.05873384296791845,0.015361189322338474,0.2549269172427969,0.04973614402868135
0.18761765169924005,0.05548604763685239,0.04056994608875033,0.02989334935825687,0.0536842714511106,0.23108029251410486,0.1008939828218161,0.17001548069236772,0.13075897773750114
0.04322099647276829,0.06788638292187761,0.04717340614893676,0.09921551754795027,0.06907944571921591,0.008280577560267755,0.199571554564406,0.030569066333009345,0.43500305273156803
0.07578148597352012,0.041196598472367604,0.09012031798273738,0.09757312014988712,0.3859850339030168,0.014831525798179555,0.04774536709098559,0.20058418237849943,0.04618236825080635
0.022232567008221182,0.2888995764143571,0.016300058477394814,0.10641504399195696,0.25093143655708067,0.0042591460872500745,0.027661080930814527,0.15545262886653174,0.12784846166639297
0.09294066859621308,0.14856202488506862,0.052262031412490285,0.08058455775691777,0.23108686789186725,0.22695170870534054,0.06369810533203989,0.08349652086482749,0.020417514555235088
0.07989271409658912,0.19539211365701195,0.13173645845165421,0.07408912361227604,0.21859767950122042,0.10148318987948853,0.11416467314201274,0.048180080054032355,0.036463967605714596
0.12169067845436388,0.05832164793222428,0.12049351924520439,0.027340059391391933,0.24880873099675535,0.14168588358712295,0.10143947180273181,0.0700857845346164,0.1101342240555891
0.031073973758474194,0.15170386124506396,0.04574669132687625,0.02640708224376998,0.030748681244074205,0.012242796299530687,0.11754776844228838,0.07785126099201703,0.5066778844479053
0.11080607650743983,0.06163386870391508,0.03763610701905811,0.14601215549570726,0.3751599976847409,0.07786234200194302,0.039920781682697054,0.1267167250766779,0.0242519458278208
0.10636465976017018,0.04022489151298816,0.07894177751709307,0.03946728663072698,0.3024446592815402,0.017736346898081203,0.09238510298345737,0.23150715271183434,0.09092812270410854
0.08271278067782768,0.2939196791571252,0.13136895629640563,0.25262144588268276,0.02018182968141376,0.03463246597248809,0.027671040806653696,0.048099790536796215,0.10879201098860701
0.0570952870857839,0.22495785706517565,0.24202873012900925,0.14921170364429814,0.08702945200422212,0.03811635875571325,0.12179147390817464,0.02400804348412947,0.05576109392349365
0.08126613559139788,0.14506220107005044,0.027110268201043324,0.033816516464652946,0.3019959821273153,0.018135951411289954,0.20132771388876577,0.10693140636785131,0.08435382487763297
0.07638892489012424,0.44818621012609045,0.09018297833614386,0.03943982729270721,0.073082172699995,0.03989039451036693,0.08733383342409616,0.044528210842192655,0.10096744787828356
0.07768365091393721,0.1176917049994158,0.050112002508362785,0.02732579700967527,0.17971564714709784,0.35640114865482647,0.0916120123456875,0.06154708646938708,0.0379109499516101
0.11112561613654781,0.026499137889582632,0.10836958163389676,0.1336744227040609,0.10765669892658164,0.10919901420103943,0.2357903048798623,0.05729166966367747,0.11039355396475099
0.05100975698121903,0.19841806607501666,0.0493086200427988,0.053623520095862444,0.20675431259604274,0.2208750850176644,0.06420489165692972,0.10943921668662664,0.0463665308478396
0.194692500770705,0.05845437628503649,0.039599336399545215,0.11610867954128701,0.181777043807586,0.0246533724256565,0.051155036891000184,0.2860580302365929,0.047501623642590675
0.08045839659421081,0.021523442557454503,0.08291197598123552,0.032343230204732544,0.34675748673936785,0.05217011310522842,0.15263058253450068,0.17348214983318297,0.05772262245008674
0.12493263759603579,0.14654458428777598,0.1014300897749265,0.06272743871567078,0.15169654915129577,0.14304869859148858,0.11670836253642485,0.11155582914061944,0.04135581020576239
0.036946655518898606,0.031875194470088845,0.03294974070928834,0.17277485675489154,0.055990107501819854,0.14100516245436157,0.11539188697101894,0.16959026226494797,0.24347613335468435
0.0844849502989589,0.11168585180492785,0.025100721774983268,0.4486026641535598,0.06915796341633985,0.0718366867892626,0.005450784665023908,0.1451698154080904,0.03851056168885334
0.05101667731850571,0.011045028610941884,0.21914670305949038,0.07618932439225647,0.12087550425875267,0.05523553845690945,0.02117883951890122,0.18342389590508293,0.2618884884791592
0.0510693009654275,0.37404581404439385,0.09063065073423841,0.0650909991680308,0.05809764818812398,0.03048218781239749,0.15618815860557708,0.09131204292539187,0.08308319755641896
0.07527590710851763,0.04546053478581899,0.0606058497956923,0.10240878073854447,0.08133691497091201,0.01593722682216269,0.2703680721102695,0.0944705031757246,0.25413621049235785
0.18034209793324216,0.08034403209001273,0.048493041549078075,0.03824776573276914,0.06252088195250555,0.1187856379453256,0.06738401306676157,0.22445944249199726,0.17942308723830788
0.2244063957582516,0.08979505641929542,0.04857628297715894,0.06986792678611393,0.2417190035639112,0.10861802009727034,0.10547041904220252,0.09140288019970218,0.02014401515609379
0.05795179927785329,0.05265881535185694,0.05287238112471654,0.30806125646953947,0.2292988858008919,0.04970370026582901,0.01826309962731699,0.1949295964701515,0.03626046561184434
0.050955285702325596,0.14655034267492328,0.13860428952254703,0.34573792649467366,0.06110250067895542,0.09650202857670409,0.0742859854535582,0.0173543474477738,0.06890729344853892
0.061058652412829824,0.027273379308476915,0.18015475792038418,0.026332885681365922,0.046094876612593816,0.23219639228720332,0.18188177741339318,0.0628597255002074,0.18214755286354545
0.08138018219580967,0.10156991557712923,0.4176009559971244,0.07167686440494918,0.09421381949571639,0.06159607261242952,0.10860128826658981,0.047498945729756,0.0158619557204958
0.03484492870754119,0.37060612010949406,0.059928051794624786,0.058277836130145554,0.15683342853660956,0.07489561255459917,0.040197124490967885,0.15637143677223023,0.04804546090378776
0.08808695561010725,0.16635409571160895,0.09490604600628161,0.044544716485364566,0.07767236175098659,0.17393951318378612,0.0620513290295566,0.08125553849731981,0.21118944372498852
0.10521083857644097,0.17325429235002762,0.06201807740065094,0.1560816955165403,0.14966688931925015,0.08771604934315598,0.020252109957497533,0.1996172242681246,0.04618282326831188
0.05705896014434675,0.06579128690381843,0.18937797657623043,0.1885583191112312,0.05957808203697806,0.036100901649477796,0.13782268473826417,0.11029849623290751,0.15541329260674566
0.07279749735189452,0.3444052001575475,0.07435101983671379,0.14799887410898427,0.027924164081436387,0.1232181997159163,0.07252523315375187,0.042950157336219374,0.09382965425753594
0.07066996615711647,0.26622619978476575,0.05574705885015919,0.04992078936755336,0.3077855633927261,0.06468302931772031,0.03921832094038416,0.0963013352289085,0.049447736960666046
0.057708761691514406,0.0778576938879438,0.05075413199294839,0.12211333818909396,0.3440365688462194,0.022727109345389903,0.05831372099080053,0.23526916735771017,0.03121950769837944
0.033230929000898045,0.235863310439722,0.044108812993874265,0.04428250670330295,0.0634966794587634,0.047797256823899424,0.08798211451899492,0.028028434255098256,0.41520995580544673
0.20636809147825952,0.06318757982418877,0.17099556065945076,0.2745286994973235,0.05095388050567013,0.037285405628522686,0.011699825258185456,0.15341088792501104,0.0315700692233881
0.1674302472564464,0.08708372672647191,0.12000106440133522,0.032241623613792826,0.3921019349173355,0.07525750426087906,0.048870634542297044,0.049423116001936364,0.02759014827950565
0.03428014021879991,0.2846657170205453,0.05410779967871196,0.1861425213638023,0.13536997406638326,0.11798892273168875,0.033308710652382424,0.09608057607708176,0.05805563819060431
0.1475056972586686,0.030923009345082946,0.20364786478788163,0.07908576967894161,0.055765897461925416,0.1920092287799593,0.11796173606166009,0.08856936998137643,0.08453142664450397
0.03409697088050123,0.34608496454947396,0.10082893704899692,0.04686336145997455,0.11296831096789023,0.038917444202486766,0.18861910202896573,0.09022016883609606,0.04140074002561451
0.29847962025465974,0.03255173002695439,0.053800914620344226,0.07866556933838982,0.27554944997311975,0.07480713464256726,0.06087145885647671,0.03423297962712931,0.0910411426603588
0.06390100093738206,0.19641877513163533,0.17654180354839544,0.054568463564363956,0.02289288692112207,0.17967462146633154,0.1718018929537988,0.04703000723126503,0.08717054824570569
0.2617361291977068,0.0027812602352103154,0.14558827433526064,0.008282172301112022,0.3088620706487783,0.10183752864545749,0.07597073163159569,0.06910889689201195,0.025832936112866887
0.08544631728594083,0.20125971879928492,0.14894285635583546,0.04435972728051524,0.0693294344302768,0.2562546691012774,0.054118604856038456,0.022098531382101466,0.11819014050872943
