0.09319588875167499,0.15996994541541684,0.04700133972522883,0.12065748479151851,0.14977575134270887,0.1569199737507934,0.15089682547668473,0.07889745350676147,0.0426853372392123
0.09861067555953727,0.04696989026552304,0.03452628237486879,0.09252013084184114,0.09738259736582149,0.42791209905151845,0.10339057260779949,0.04782380415417936,0.050863947778910956
0.19827195447508492,0.17195767907128703,0.07402629018559882,0.08409445046800886,0.15500584077912202,0.019567287583729578,0.03078150175467176,0.09026583031393827,0.1760291653685587
0.06203409765081963,0.04313224487925351,0.02572433748968125,0.29258777794323315,0.07882220102451493,0.23169505298813706,0.03841775717691725,0.0335339079155041,0.19405262293193914
0.010358896771412737,0.013035365021445542,0.017169407255095054,0.2934605199693751,0.09830145760945941,0.02545158435949867,0.36365682029369917,0.04602476568002514,0.13254118303998927
0.023134076028473814,0.25069520338341383,0.03845337468884604,0.06000589428151799,0.11338480701850073,0.06363236965793556,0.17024436759938413,0.02514312755713682,0.25530677978479116
0.07823981663314099,0.06500420277325074,0.23611245761589528,0.21549382655489904,0.12379947362376381,0.06476346706029906,0.1084938851804107,0.07096495154894349,0.037127919009396874
0.09266954881104277,0.04930662902368659,0.023110205337393764,0.0863919132275766,0.10468298149830581,0.056248589153508055,0.10844602064113203,0.06936143531667188,0.4097826769906825
0.08798907223112179,0.031099055456064655,0.017872557165794122,0.2254243883803602,0.10441059652913935,0.3091127497360692,0.08967604456418515,0.06700379815877218,0.06741173777849331
0.10011863785418727,0.02239361456627206,0.0783684640427021,0.07291190966103454,0.06669250789321629,0.3887803974196072,0.07168646871101914,0.09664693574987453,0.10240106410208687
0.14462010092241037,0.14534715814087562,0.015265630650138714,0.05461418975971468,0.10667562844783303,0.03441301971660843,0.06315361270307007,0.03195269531305025,0.40395796434629877
0.10182493026747429,0.22498024642871248,0.08187214321650176,0.08406679901444059,0.15959071787955417,0.05207877527173619,0.031020336578902862,0.060676287970392206,0.20388976337228545
0.043172060598554766,0.14063676246559573,0.01845624715243233,0.14401477446637503,0.09802859083319614,0.017484692468787165,0.1850635744910114,0.015346617753755001,0.33779667977029243
0.09229426131666503,0.04132428967193696,0.07314046992120242,0.14418298419322279,0.13545944352779452,0.2092717199599475,0.13091644136791478,0.16069289344578833,0.012717496595527641
0.12484476912255112,0.058384753128271245,0.03177616385355423,0.18351514854082898,0.11608244870361963,0.2774501387516036,0.02771792673828515,0.11046137141984626,0.06976727974143977
0.1280790082277438,0.10423877561798221,0.11791323933744735,0.14847563522729806,0.13396890066710881,0.0498409430863063,0.09120139150374164,0.030986333074456005,0.19529577325791583
0.1148573986661839,0.016185257898751883,0.09236185562231174,0.05612574670997286,0.12368500060928467,0.09299429244231507,0.26551476635836035,0.12940694117052084,0.10886874052229871
0.11037563333313137,0.4050701959609963,0.02259469358270383,0.03619342019043514,0.09925011213876406,0.047320100382160994,0.05226001818271503,0.011731873650510856,0.2152039525785825
0.12213533762329128,0.07927893279274534,0.04752627907883066,0.21049275486678462,0.1522139535695162,0.05311371177253419,0.029558415126022947,0.0813698636937977,0.22431075147647708
0.0668928298686575,0.03217140997308445,0.09720321931175192,0.12482261184210904,0.13940939203671343,0.2851046151049117,0.07729164885250218,0.09429373075333121,0.08281054225693864
0.09416123635006994,0.1723897410995192,0.007750051494515683,0.14440682247928482,0.1144618924845543,0.1984156071253963,0.04808864173312244,0.010554858088520714,0.20977114914501663
0.06327266892268063,0.01444240244310323,0.005961363276156552,0.22175469602578393,0.10933052879494733,0.42805013080180787,0.03297769985765766,0.021386643807107048,0.10282386607075567
0.10487652980238567,0.10659255977168154,0.07976490191055438,0.15846359222877537,0.16512600432170815,0.016752579199428973,0.02114395940872699,0.2765978766746033,0.07068199668213566
0.15310981085851366,0.07563435487178129,0.03482705172943532,0.07467603298517826,0.1137384120651458,0.3095883889485603,0.0803884797769147,0.1307107990237626,0.027326669740707996
0.2739790241690994,0.026001838228429778,0.09751171134456703,0.0297242971357603,0.09580932232184171,0.2891379323833603,0.07743512810304916,0.03592531079618095,0.0744754355177115
0.09316787566930018,0.054660417312862634,0.06650835290721557,0.10344510052110119,0.13726455707485544,0.2288057476689657,0.05506640248691491,0.15452752314081278,0.1065540232179716
0.07231454646052084,0.06915731177748184,0.004984059544398837,0.20491694339903896,0.0913612287984991,0.3897166371116046,0.08685503364471041,0.010076766395026112,0.07061747286871924
0.10476312656252734,0.058822623851779665,0.15616951745852478,0.15048427344333395,0.1483659924508186,0.1684959829859101,0.08734777251449966,0.08282885397330421,0.0427218567593017
0.030861410105624886,0.05508410961090939,0.050394707008494743,0.3006585893398452,0.10202440598528267,0.0298615074590601,0.316929067797042,0.028435247980737433,0.0857509547130035
0.13011372418859957,0.007536225930620327,0.036598987086721706,0.09251098265050772,0.11186376466956822,0.4224293973741596,0.04683812435744388,0.07118278657660643,0.08092600716577257
0.04595463930333014,0.09990938169192136,0.014706860790458407,0.27842266214562406,0.14076733304375877,0.022783378014752925,0.1972787272738752,0.0560496856714194,0.1441273320648598
0.10193476869938618,0.06650444998088313,0.166040585361283,0.058942443741680894,0.11640931470515442,0.02068629973164811,0.06103959319146332,0.1579761914879025,0.2504663531005985
0.08644844983413767,0.0642391707579122,0.009427912715977002,0.05505255988727675,0.07706522309534293,0.441285469646693,0.01959338803292026,0.19740614896409148,0.049481677065648676
0.11273956066690542,0.11575732103769117,0.11095393623734769,0.103323844369742,0.14818997509228926,0.10280033330535858,0.13549234865972345,0.09516608652843754,0.07557659410250493
0.03008880100879159,0.07261795876760017,0.06374431033703518,0.13322295645781698,0.07348620422209383,0.5031266563440905,0.03267470953529618,0.0634285982593161,0.027609805067959483
0.06242285871530234,0.033064311464274104,0.0787735427893571,0.1721574747542111,0.119002292430195,0.29266385101759435,0.11704397185342945,0.09488916824378558,0.029982528731851022
0.03556287926755517,0.029035264179437647,0.018707126433875326,0.11708414393438678,0.10407923121337914,0.46533539937704677,0.15372969766951147,0.048642867045700346,0.027823390879107276
0.18536193598165066,0.1353514595582437,0.011441119983454673,0.01540780459587785,0.06708836736759567,0.3644090524630221,0.009447029879199932,0.2029558277044418,0.008537402466513626
0.07693728209802085,0.006288399458967632,0.02416953255063044,0.24867631772140278,0.08332239174388216,0.3862089853338377,0.10695332445028964,0.04507175922749564,0.02237200741547318
0.0522594993714681,0.19602663503994178,0.009686925224948571,0.05754450254697433,0.08597038335232506,0.013471458576931364,0.03059980617254085,0.029953669332175664,0.5244871203826942
0.044644004440167494,0.03533183787996109,0.09048320400817511,0.08593051031196314,0.11539640961956123,0.10740351115731073,0.017338393344912353,0.26619017454398536,0.23728195469396343
0.031882559545239574,0.27080119690681353,0.03363337450726802,0.100035474215179,0.1306251048934435,0.06615182843065419,0.1469196765181446,0.10829743134489271,0.11165335363836482
0.04602544549630141,0.01223413948936652,0.019837899260854313,0.07599948567215753,0.11058120104601687,0.04666994094528496,0.07519344058861703,0.2491126650135006,0.36434578248790084
0.07110497214086214,0.02713976037215068,0.03984622747745616,0.16958417867122022,0.11775387171803231,0.4619745379995445,0.023202001184521443,0.033752211658443,0.0556422387777696
0.076309932024396,0.03308391854174014,0.05373941883456798,0.15396598985959678,0.09667264674645674,0.4971375291432641,0.029120431467429025,0.052187328506790635,0.007782804875758589
0.0543445456896276,0.05677952009350753,0.09537597742184478,0.12778736480036632,0.12823540947827375,0.33328624817876185,0.07064661122127763,0.1215747281138669,0.01196959500247372
0.05661549543909489,0.2173276591540471,0.01568609621664753,0.037825133886591915,0.08631508520272994,0.07644116131525368,0.05338331377466332,0.029690239866500854,0.4267158151444708
0.047332341939517096,0.04829467440406828,0.025555565075390013,0.10832201745794552,0.10248941039819648,0.4999400408951107,0.045074282588036176,0.018795645101163817,0.10419602214057194
0.0799752200403322,0.06269257607662869,0.03755497917175659,0.19577472463385878,0.1556474942690068,0.19826322538569996,0.15446229500156985,0.09390055045185042,0.021728934969296825
0.17027801850555502,0.09518736539211455,0.033630756501766286,0.21045838538954556,0.10211450103619772,0.28429558042872133,0.049207912074643236,0.04221432754399146,0.012613153127464832
0.11328242873877194,0.043781346379696474,0.05765078663620723,0.206886212705774,0.09079857691809101,0.294674854973556,0.1286428934695642,0.04987914150245489,0.014403758675884172
0.1995277438779869,0.08774007026986719,0.03825684853645758,0.08183884929649878,0.12923973520501453,0.30388649245484683,0.05358533764331339,0.08266580471887185,0.023259117997142933
0.07023847415380498,0.05938071408934189,0.07196754225810312,0.19712703974809073,0.1564099604993688,0.17927325473697128,0.03436701540070793,0.11248711673711471,0.11874888237649651
0.0915630379650329,0.05273758480079691,0.02576341661800688,0.12867431916115132,0.1405377529954131,0.051552422977954336,0.12549014965854097,0.22929438146720948,0.15438693435589418
0.06439340197058262,0.06529319563575252,0.03862003955152334,0.301138545094377,0.13752030748729283,0.14037101556154916,0.14592949098190014,0.055599569195217885,0.05113443452180454
0.09483555130462024,0.23636800582792836,0.10200904167470541,0.0746820243291696,0.14439139132173304,0.02845844971252472,0.09475182439667755,0.10864629806709901,0.11585741336554212
0.06378515273725592,0.13214775138675391,0.013537493172901456,0.050563014353814835,0.09271754512830031,0.010530240188845361,0.10091080187784768,0.09629575427395386,0.4395122468803267
0.1981477608605916,0.038810151206353415,0.09203302549189228,0.04114704416251287,0.10199048037063359,0.2787136438406663,0.16046090331568894,0.04148043514125,0.04721655561041099
0.06896766317327695,0.13386164604144926,0.07705816203324167,0.2191035922783656,0.15766771000597166,0.02541644133934907,0.07515523171712868,0.06321252642773564,0.1795570269834815
0.11750483918817746,0.02417545435482052,0.04185626782464604,0.15259720901903653,0.10814451175195067,0.3795262448551086,0.09682228953349219,0.036005818039252346,0.04336736543351571
0.09896284737332706,0.08753917522243156,0.04029785483942531,0.11210721560577591,0.14509097413015812,0.03039818391433108,0.050117191980937725,0.08216655848365922,0.353319998449954
0.08796925866162002,0.24978311468951672,0.032187562384175146,0.13065985016185253,0.13661853344243513,0.08709141986159014,0.0936547510753481,0.08278783113184617,0.09924767859161605
0.045042800529464654,0.050818357139978676,0.058184294745788394,0.07393709641829328,0.121636643523242,0.043766361476301106,0.2886744169113777,0.17980462697207553,0.13813540228347873
0.07525614523936767,0.028526121612698796,0.006271203230124291,0.0698288308414479,0.08264439736032395,0.45485670864673794,0.1417738937470775,0.10709497442247679,0.03374772489974517
0.19091779702966594,0.10238149727353967,0.08437363220971451,0.11824634408295431,0.14303327313627345,0.22080236280885593,0.06488672790441306,0.03007205947062173,0.045286306083961426
0.050509402442139306,0.030897040664646724,0.05921250097344499,0.03347067261478047,0.08673536238305539,0.05726962441262987,0.2261056768908316,0.08669532941688783,0.36910439020158387
0.2175764402969814,0.1774605794125953,0.04000334680235945,0.07457196618893668,0.13349396563457303,0.11828540240102463,0.03129070626758169,0.1309057119887684,0.07641188100717944
0.06702235529104371,0.5055940630119672,0.04627955655782834,0.04685219027685478,0.08867958170791845,0.10661702306370868,0.05517780176721878,0.014739748580802535,0.06903767974265752
0.14887145648689726,0.30318651879881137,0.02804204048320368,0.09198866406863093,0.13422562555610454,0.1504511981997099,0.05751637282606387,0.039178659933222414,0.04653946364735607
0.0407091372126215,0.2811150799307793,0.03798178791159032,0.08439608183259108,0.0931380602393083,0.053759960710972686,0.19598603209270635,0.023759616234569254,0.18915424383486126
0.10619401036045513,0.031193538432834317,0.056492079466604485,0.10819310962717632,0.09293516902583061,0.3930017168951722,0.011818021203704987,0.15134988406289818,0.04882247092532377
0.06368226546078316,0.07269443604554665,0.048537066171630026,0.22897266565667063,0.13145265450460267,0.02208317397930315,0.25299014543157927,0.07882620794353543,0.10076138480634896
0.08993630164355064,0.07923922776511182,0.049228877575164066,0.3352923290113347,0.10279194766820036,0.25239772163676993,0.03185036839466009,0.02065486170291996,0.03860836460228836
0.07265521282872715,0.1296210549038857,0.028254899233458242,0.129447083850908,0.1478790790514846,0.30120684594264135,0.1381882770621365,0.03764269280199355,0.015104854324764947
0.03426150082800506,0.06900086672149751,0.03553420713739857,0.07223763061551323,0.1051582353438905,0.03377953084890279,0.3664327078993043,0.10238241836440869,0.18121290224107944
0.08144256810408841,0.05432078303151605,0.04273413367157728,0.12388791459569971,0.10608314291473607,0.4062363178939379,0.09607363125757258,0.04375458143647934,0.04546692709439274
0.07164641909991763,0.035463994545932416,0.045697665432252975,0.1466793143775916,0.1259535164176497,0.3581115523397784,0.03507619962367541,0.16825752158918736,0.013113816574014522
0.03549375447994401,0.04598889429634525,0.009714389097408892,0.08845264184206035,0.09088205164012746,0.4957234661396896,0.07803795599650953,0.007879648362659033,0.14782719814525594
0.1267666264485469,0.15521918673127885,0.02709833354038518,0.16602222656629448,0.14199627456457478,0.1728514188431716,0.0998002456937523,0.07101280072938472,0.03923288688261113
0.2103629491817619,0.09338674681853247,0.10060140901616872,0.11925764106027555,0.10294204134461195,0.2759108293038616,0.014985456612472137,0.05661658213301926,0.02593634452929629
0.09502574431709794,0.42017210515672493,0.024017236696609472,0.11198037988051719,0.10823954617742476,0.08531014373679761,0.06735066459415036,0.008797835893662197,0.0791063435470155
0.01692642051003136,0.004202477856672204,0.06128246576376678,0.29884537936232297,0.1431874554213595,0.08892816759053013,0.11113713825502773,0.12871966352128214,0.14677083171900718
0.0675867516757005,0.07120769409928468,0.01818380749046346,0.09643593264030913,0.11548838142247343,0.5030125909976385,0.03502247875267666,0.04452251277301489,0.048539850148438694
0.0875988122252651,0.2951268875654782,0.036628992764788024,0.08541027760301512,0.12062249638722289,0.17219437365761636,0.0956497482191649,0.032862115649733584,0.0739062959277157
0.09487251891699154,0.025294789352612052,0.04181136608158511,0.11424854237627213,0.13566069845295178,0.16836105755648734,0.18152644537587836,0.20953336671081882,0.028691215176402787
0.13569011571634323,0.13992973660091487,0.07183679227619501,0.07808989211941754,0.12668971766054077,0.016912779198397204,0.058313836031147086,0.21380397723174202,0.15873315316530232
0.12566201865588897,0.03621397305439524,0.02810708652684515,0.2207171430383067,0.09539955141251506,0.3622349023377999,0.08115339840858878,0.023669312052162893,0.02684261451349748
0.15119106805706026,0.2030570178305046,0.0805835534254943,0.21366102631037856,0.18472571599654175,0.044199573998462804,0.055647143469478494,0.027580852192050292,0.039354048720028935
0.09259277100576307,0.1794223802260697,0.08550110026269207,0.179928338302931,0.14243421893261177,0.12786095112917267,0.0934984911629621,0.08480210413208021,0.013959644845717455
0.12286125849679706,0.07303481269625074,0.019648433873401417,0.20047672134783365,0.09251272782545572,0.05263521854036113,0.037752028599331196,0.05117701661289679,0.3499017820076724
0.08107946408769072,0.08435303561151652,0.15149222377603164,0.12340508002780914,0.15198904098332203,0.01957326738436481,0.07694449982864855,0.12327596927424767,0.18788741902636888
0.05110080502448653,0.09182547927177807,0.008436393944592528,0.07575445300667598,0.0714664985085534,0.49342387379701264,0.04225414276256998,0.016777205153685366,0.14896114853064554
0.10182372671073465,0.1838917516847011,0.08157916892265078,0.20206487696460948,0.1534617836333799,0.019596441874987533,0.022085998979062136,0.1170690421264919,0.11842720910338252
0.13542707213845287,0.12265427632399765,0.02032144233163019,0.21111602708638708,0.12455607962516711,0.1221252394644224,0.03565707329213341,0.07472904197072179,0.15341374776708747
0.1482179595112054,0.07997029725324517,0.0704472391534944,0.13802719674692418,0.0924301396775602,0.3130132202558184,0.025172888361907324,0.03345483988112726,0.0992662191587177
0.09964277876352855,0.039484647340638716,0.014132973711679202,0.11732084803760849,0.09029413629523782,0.5169457221013404,0.04919343032089091,0.06339594365617789,0.009589519772898097
0.062069747921513874,0.10232318593720476,0.010214668861172317,0.05071298554190364,0.08986000230996898,0.46820438491320765,0.1074541195860191,0.061948894028398295,0.04721201090061137
0.02788440545272479,0.016983118526955193,0.010887097131286059,0.051608595492146934,0.08519128585689639,0.4567152294277408,0.10901390376299193,0.2207097049619626,0.021006659387295405
0.03391826335100544,0.05149458439092596,0.051596284481527754,0.08615697214089701,0.0843713144873768,0.1125892937054715,0.06399491238456725,0.22499568063402653,0.2908826944242018
0.042547136166902345,0.1395845566132209,0.00754354565346946,0.1065282856863604,0.10729932297600597,0.041463236981496183,0.07708456635846184,0.02242568375026736,0.4555236658138156
0.0885794159074111,0.04680310468071186,0.0051644603496235645,0.05548757454745734,0.10873979690464099,0.4768355575052972,0.08529535436437037,0.019814974165829606,0.11327976157465798
0.09035495685667677,0.033775915282942076,0.04168174338951103,0.1125190235621593,0.10204941380271304,0.43414825316580125,0.11553840291130894,0.043088012283512195,0.02684427874537541
0.07897992726741067,0.038744283001225295,0.09937030642890969,0.09697086603686868,0.16084700282228773,0.22987938387378493,0.16885239510407848,0.09911019547421906,0.02724563999121539
0.099036049216015,0.02555224664633013,0.036765569020442736,0.08244352498149692,0.10396602349960389,0.34665590342406255,0.08182853666085439,0.21378469608567566,0.009967450465518649
0.09811922466400158,0.06990449967460965,0.16354480781255606,0.06146703048496124,0.11465817590945154,0.022452951564770732,0.052073659707470375,0.32428036948215117,0.09349928070002766
0.07504519972041052,0.04010574057058164,0.01458992138059797,0.20218868955034006,0.13060185996883447,0.3036364343769588,0.0930261347050718,0.08078812916924676,0.060017890557958115
0.19361635507100505,0.1038509583568135,0.054187787065993816,0.08313282163640523,0.1371769480334699,0.07383807788749537,0.0736875832838998,0.12728039926648646,0.15322906939843084
0.06524777691776255,0.05508810738531913,0.018112582280161587,0.31952554652889703,0.09222500129248253,0.20719409787863155,0.06420922973597844,0.030715958533206588,0.14768169944756068
0.09391020895646962,0.06235770529669554,0.010187449912220837,0.06476975926132361,0.0816471356680413,0.5245777708193704,0.033075178698918184,0.08626492696984682,0.043209864417113664
0.061111139890943196,0.042251133525773726,0.051188835068825454,0.2005532286007159,0.10599857456954842,0.3836922292112464,0.11902755068930411,0.023721784104967725,0.012455524338675007
0.07823981663314099,0.06500420277325074,0.23611245761589528,0.21549382655489904,0.12379947362376381,0.06476346706029906,0.1084938851804107,0.07096495154894349,0.037127919009396874
0.10066528954872751,0.25230007243311475,0.02862600644170323,0.021832831126597344,0.06915472695558836,0.024923157040947285,0.005034644283131826,0.48459589767496897,0.01286737449522068
0.17025500156784992,0.172164806794763,0.005084901852296261,0.15560699439495948,0.09863043233432371,0.2670136878256217,0.03190739103632909,0.01883518820709784,0.08050159598675909
0.1818895311460295,0.03211476099609941,0.020575795949539597,0.12791845831243734,0.13091473912972187,0.24531861985596895,0.08116266584713105,0.1256260136942372,0.054479415068835
0.04237541343284782,0.10427532528611756,0.01540714926886115,0.05128845787165112,0.08328102751031276,0.11111907038578665,0.128415082412073,0.017841740884577333,0.4459967329477726
0.12358296708927281,0.048159947353398076,0.017882393410962493,0.15908810523255454,0.12825976029420585,0.35907658654745633,0.029169404024720957,0.09926525977301086,0.03551557627441797
0.17417877763570844,0.027643067181941317,0.1695594747649027,0.09412827074345602,0.1602913573551113,0.05175176925752175,0.09792793165493772,0.05174570759316599,0.17277364381325475
0.07091828019208059,0.03539085356657842,0.013731292342359347,0.2915880467151489,0.09930126115501159,0.25562529306039494,0.14757366554956294,0.05273577690831623,0.03313553051054708
0.18535293477144266,0.10278458578057505,0.06933356219650279,0.15361186369927426,0.13507558855149335,0.04012377398279185,0.07513143975705473,0.17908453407481742,0.05950171718604783
0.05472196001608968,0.023358688108012126,0.019396918535875007,0.13313012624965243,0.08389700502262169,0.5521613300437901,0.019171039826341253,0.09177787314569308,0.022385059051924602
0.13733090767845832,0.06337254597333351,0.02190378412724385,0.19704239577974916,0.115565496909516,0.17793286458536373,0.028027332248866332,0.1834724733261656,0.07535219937130348
0.050791664397409446,0.16035089220541168,0.04063350592603563,0.08987580893449783,0.09276152672866449,0.08339634609404267,0.14726709373647848,0.0045235610423736946,0.330399600935086
0.051925578873170945,0.10946548312584652,0.021352234249618712,0.06744291208855303,0.10443955833729453,0.1844689911582282,0.06141467929289814,0.07673622938975777,0.32275433348463217
0.044777982619337575,0.045682767480484866,0.03710398767736042,0.13600335782739845,0.1427646462855826,0.13957872074976754,0.34923971039866203,0.04069888856153331,0.06414993839987315
0.11270822014607366,0.035296510552262635,0.031119354421633622,0.07089187671804756,0.09590562103574767,0.4507968333027695,0.017155687335621332,0.17485209237853708,0.011273804109306828
0.056252355584157844,0.043529996351851806,0.019795404594644874,0.23739500188406484,0.12822061451665803,0.27517200636723965,0.12620993987285,0.07877390811059577,0.0346507727179372
0.06581701982409736,0.01786939431754234,0.42490933607642356,0.02779349591285356,0.08347834143428394,0.16709550496807613,0.0964087254169433,0.03797659339028452,0.07865158865949534
0.03672874019031614,0.15741919815298425,0.016053402393108054,0.05946446803116448,0.09180932424958003,0.07201730262303031,0.184870212207389,0.0049121960963143365,0.37672515605611334
0.0679163329368394,0.15192164448864143,0.23762203596635434,0.0827330022928603,0.10993966732235165,0.028912941791914473,0.026207952813935,0.08729753267221257,0.2074488897148908
0.07937408863601188,0.0914805430923239,0.032146553239861646,0.3135388460728538,0.12377227348411828,0.13047374835472716,0.13947800383831863,0.07390066428825841,0.01583527899352634
0.03303697778373321,0.029802382901134943,0.01477192152642029,0.11549451245768245,0.07943390260096914,0.3380352066973397,0.06356803811331559,0.2559641672180511,0.06989289070135356
0.08385110528456984,0.12651198811735423,0.05685452296974212,0.215142852355399,0.16550905677151673,0.026934097656777973,0.05091177127142399,0.09973987455328463,0.17454473101993143
0.04268574945868345,0.0752089816809014,0.019785062595701938,0.03088233919392523,0.07799810397526266,0.01800690857636993,0.057115683036436715,0.366573672092607,0.3117434993901116
0.055056452269727364,0.034683821519550774,0.16309627138832097,0.10815773488866613,0.1088483873300779,0.013108919772968035,0.020177428543667327,0.3675468884398965,0.12932409584712487
0.021024442972881117,0.16496170342656344,0.07360956122530844,0.06630756581124057,0.11086647948931326,0.11002500734532954,0.39333238986582786,0.020815157154882805,0.03905769270865306
0.04052360519592613,0.014654057090124031,0.03570513963940807,0.05396021014846874,0.08773611930421636,0.160869371268497,0.04952593051435217,0.3788142292392405,0.17821133759976696
0.1498492071837831,0.11116043518888315,0.02115827934799074,0.10624397420426268,0.13465451449812757,0.031715877706072065,0.07694106428707154,0.03156065276718189,0.33671599481662734
0.0701995566496514,0.03296061635035403,0.05797355733815727,0.12265066940121792,0.13397690925747477,0.027855868748451723,0.046324468708084286,0.26577836751059297,0.24227998603601564
0.07605970121989973,0.2739930908472137,0.03481616033554965,0.173301848194395,0.12699183173203768,0.034539118788079325,0.10396665625079916,0.08316574724343827,0.09316584538858752
0.06849856083811505,0.025448513268803468,0.06684947439265473,0.11321528091621279,0.11745538739268768,0.45039521812358574,0.05195735903462457,0.06490291926134455,0.04127728677197146
0.07459506365051749,0.00912067395752649,0.07640124628707944,0.12488913220079516,0.09315768648413253,0.33210076075022926,0.08887481556535558,0.16532874075076034,0.03553188035360372
0.048371187920893066,0.020608790770958205,0.1469371038517682,0.32498723137795793,0.16802510525059602,0.05935955122143827,0.1366321050411435,0.026827396805361944,0.06825152775988291
0.2151747018729607,0.1531750559194285,0.046074235023936205,0.19455376533103688,0.10469847400399147,0.09707609924311916,0.12831379975348314,0.047732576813235054,0.013201292038808808
0.10659553731031812,0.023542416535560134,0.014375872821496662,0.2086165773409715,0.10191614195715104,0.34394538331851027,0.04071761946462458,0.12422260547226399,0.03606784577910368
0.10735918623079858,0.18429403647531353,0.05483205309405383,0.06465297972362409,0.13658766370578498,0.0310973664099789,0.06850284375487743,0.09628224412831833,0.2563916264772503
0.1850931402984468,0.06533109911623076,0.0075273141702299024,0.07311115397158112,0.12565525369328442,0.22076285238504978,0.04434794392073113,0.21102053477656532,0.0671507076678807
0.196610018983724,0.09074310773501147,0.014503396050897052,0.057389662957712285,0.1277648836843889,0.27693648183696834,0.029145234567254097,0.13934548128177543,0.06756173290226843
0.11581355826861446,0.09337073651156579,0.02723022779058637,0.037629971096167135,0.10768571828398243,0.4009531814330119,0.034004160816888486,0.11913346661957508,0.0641789791796084
0.0333246570929879,0.2684578207116375,0.009650019443068493,0.03181229967004204,0.07845063288123473,0.0514492528658109,0.0601216518127643,0.018287716619649282,0.4484459489028049
0.06928550736470244,0.08282968579180926,0.05502964358362006,0.09442092787808824,0.1912720162006306,0.08444379244719269,0.06664761938009382,0.23030300912364762,0.12576779823021536
0.05738550548580575,0.058479976224208884,0.03996808062805494,0.09715637638190971,0.08862201772542615,0.22820312812776003,0.03383905208611959,0.019696101969097272,0.37664976137161776
0.07875479218624455,0.05337878055430648,0.16849600048789037,0.09948664601924495,0.14926909243955033,0.23294989023400284,0.06346257938887702,0.0719196001019392,0.08228261858794421
0.041427624512318635,0.04804061921341607,0.012645835258159136,0.16733850722755095,0.10449648616689071,0.38865415094466704,0.10484064015661836,0.08743354219371842,0.04512259432666072
0.10619401036045513,0.031193538432834317,0.056492079466604485,0.10819310962717632,0.09293516902583061,0.3930017168951722,0.011818021203704987,0.15134988406289818,0.04882247092532377
0.18391607714176228,0.0847344323483011,0.022890513440991644,0.15184407831265936,0.09109515348565637,0.4040159166592394,0.025846588187012905,0.01951870719842569,0.016138533225951213
0.1310573605165185,0.10752393057953678,0.0562880145503544,0.10122627932363303,0.12495192930538257,0.1281598147880777,0.09876894002269632,0.09992667149877459,0.15209705941502613
0.07101984064783014,0.09131254921471665,0.02617243273285201,0.1885606981227457,0.1513946636815297,0.20184765963899073,0.17049453877654505,0.0853399349697429,0.013857682215047165
0.08716692709923311,0.02972309491582383,0.025342859708991788,0.07695531483659698,0.1049600959810511,0.5007116182579895,0.08659906545617517,0.06883521388737718,0.019705809856761354
0.04094059469002062,0.07396728775385787,0.3026526324870881,0.12906773618354328,0.1321075340589668,0.02319296147776026,0.10657449650995197,0.11893588617053565,0.07256087066827537
0.17164344733463857,0.08304869943111078,0.0414522178740132,0.0711640495760547,0.1335291661013323,0.2476086259051915,0.05435075789680035,0.05301313465236359,0.14418990122849498
0.07855914907265373,0.1738888455900404,0.03247722276789034,0.18734242487250855,0.12831048314391594,0.21442233734139196,0.06372507207489224,0.007437529021963728,0.11383693611474306
0.07834904885680895,0.05343514282529225,0.0031527190638220948,0.036352258517873985,0.09764292871714482,0.26010372424285705,0.24457432751029295,0.09296548027510725,0.13342436999080068
0.13072270729525007,0.014176480997564569,0.09699114525516576,0.08127711517652769,0.0910261472654792,0.33116764901776063,0.01190602972600105,0.23026349708054092,0.012469228185710057
0.11431524354638099,0.01819224538559518,0.02792118225070404,0.07551355879269749,0.09210479873693854,0.37286329650160904,0.01783775488603563,0.26973035315672006,0.011521566743319082
0.09033268606571161,0.03302552792504589,0.09053066995263244,0.13322566755532964,0.10996106679080823,0.44950327467191703,0.034215810986330426,0.039215749165323985,0.01998954688690067
0.1431123499398085,0.11786609318278285,0.03767733200875815,0.10054730217656956,0.14578208939605242,0.09097774926877335,0.20619451748037831,0.051701770552767395,0.10614079599410951
0.08513953560377485,0.14013060729743848,0.010543673974582432,0.039158436735930995,0.0986112022438765,0.019976100260647174,0.06574912055704721,0.02063326546904401,0.5200580578576584
0.08142990137050236,0.014258852566375282,0.01498698162287144,0.08551960731351049,0.09909054594205276,0.09646274493519846,0.3406894908440437,0.23714289203731512,0.03041898336813037
0.12359835386151696,0.08863421334392041,0.0732075387161487,0.32487410985506604,0.14064625355990953,0.032119073134752506,0.04391835943363975,0.02233472582849662,0.1506673722665495
0.12761415813228572,0.03951036179702697,0.009448363329001916,0.20736559633210128,0.10184718982105605,0.406535008437164,0.028639503519700543,0.03329364097206339,0.045746177659600123
0.06400517462055437,0.034425075645326174,0.022339706704387285,0.04197390148128444,0.0979006333007435,0.45399084896890507,0.09353317167313296,0.1744451519595586,0.017386335646107632
0.13690688303072387,0.2272212065054123,0.03538506344225536,0.1221090390950151,0.1465555061299761,0.026820754237047686,0.0772081736397146,0.08436742121630103,0.1434259527035539
0.021455048378003345,0.10275543418863653,0.06332584927297319,0.14070411772717775,0.13835349880308043,0.02110713236323919,0.08900230623900941,0.21371682437967435,0.2095797886482058
0.03634537662097849,0.09558562355852036,0.3959693011146046,0.06774694750279207,0.12024817440154101,0.009733604078667168,0.13610696138858144,0.038104235828285135,0.10015977550602974
0.11040717249636463,0.09553651866308237,0.032226465423719146,0.1813121333997497,0.0965089950259695,0.33960809071732406,0.11115272240472333,0.023307264852471653,0.009940637016595609
0.22772777767429433,0.06082522072568697,0.016118072088618273,0.08112755364251573,0.12237607550623379,0.1493125850493615,0.07082625258226789,0.25356739710335424,0.018119065627667238
0.0721951410595622,0.29467134749388335,0.0281074512753272,0.07700722523026282,0.12474747727096432,0.1289791107446205,0.10135104829203684,0.023664479263763968,0.14927671936957876
0.09037845497753925,0.1826127150798269,0.05272919510655627,0.1241887775036258,0.09135138292003842,0.24377056870846428,0.03914857253237075,0.08784803913099942,0.08797229404057888
0.1846979882464738,0.07045865406102399,0.005380183464810295,0.04736073718013726,0.1291828065965531,0.25461081988744066,0.11481633062736092,0.06850094136155803,0.12499153857464189
0.03393565082064927,0.013636025950220468,0.5282307511296368,0.02436643892791257,0.07819695103272988,0.03222540970743536,0.014218475286378929,0.19877942973005025,0.07641086741498651
0.0669224947882451,0.04162047951436815,0.033510228364851395,0.2544808939247325,0.12690991373604532,0.19751622726562112,0.06525809290038459,0.20310469993764016,0.010676969568111766
0.04696954292431927,0.024916638035003946,0.024566630626150842,0.1653430539183959,0.09232886097932702,0.31174953687582224,0.1821879684238686,0.09987197386176205,0.05206579435535008
0.056333626587178796,0.11706987585246877,0.03399141786066664,0.12108698522569687,0.12946145419344585,0.021565900619397473,0.09536253018146096,0.07765060012096296,0.34747760935872174
0.0291445806103942,0.07400615556422545,0.03569261996512653,0.09968863487448636,0.12682893362568504,0.0571263253217539,0.1280870364687979,0.08400649191559219,0.3654192216539384
0.11207777417876498,0.03266743564131397,0.02921370506372728,0.20218981505653558,0.10609962775227871,0.3264903594612606,0.08768920938898393,0.04710164976308473,0.05647042369405023
0.06628409838216807,0.09614618050363488,0.0745093066149502,0.17047285025527717,0.14647652007055492,0.14332707915019605,0.20305645293772315,0.02520901879463264,0.07451849329086283
0.07067516593013674,0.054984163170311295,0.03757575187831585,0.09338481695379934,0.1411836269192475,0.05420584273730209,0.39478546384094676,0.11469151970994725,0.038513648859993116
0.1041751445984253,0.018573685667201915,0.010245542432260031,0.0900371652326753,0.09732593746233835,0.41151459516788874,0.03373631065515346,0.17638983671925712,0.05800178206479978
0.07664758907194812,0.14354451022971765,0.005472914233477618,0.028052731582809298,0.10740068071279733,0.08587394684867959,0.2246210378112081,0.03849364448535733,0.28989294502400503
0.023422032759335545,0.017626378264154214,0.028803584161897943,0.13527570135945563,0.08131341336826574,0.4567581671229332,0.1437145692891221,0.08715047071917763,0.02593568295565804
0.15280561581356947,0.010996448686778043,0.03113533388328248,0.03276421618175227,0.07989613187504614,0.2543279014113952,0.1538864406215042,0.2290152875388788,0.055172623987793414
0.05511336772948846,0.12089559980158249,0.033539519958274866,0.07968009545442409,0.11707641621872285,0.03522571134711438,0.10419434638656716,0.009079534492486746,0.4451954086113388
0.10158158942552552,0.02762366172926839,0.021200565503141616,0.08053567675088104,0.09646249733481695,0.4761022333988238,0.10286631799622507,0.08010230736101089,0.01352515050030679
0.06831635477258485,0.13177304538915774,0.04001434516065277,0.052524632313361304,0.13673223316028552,0.05504452498416484,0.1957105051957492,0.01624008530396706,0.3036442737200767
0.0422398147141686,0.06843699140115925,0.0048932934889733,0.15031338427527022,0.08945075905920469,0.37925478075686364,0.060208513271092744,0.09075506704422683,0.11444739598904075
0.07605867591176943,0.035427450264365036,0.02615139095209484,0.11371544156521789,0.12478678772821472,0.44553484751092826,0.10744176585409178,0.05402247909665999,0.016861161116657877
0.0918797987544923,0.02028655386347855,0.010198511336606075,0.09768580602663261,0.10497721051147237,0.38047800159274986,0.16073333254159097,0.09521115386129823,0.03854963151167904
0.13011372418859957,0.007536225930620327,0.036598987086721706,0.09251098265050772,0.11186376466956822,0.4224293973741596,0.04683812435744388,0.07118278657660643,0.08092600716577257
0.03258902557579944,0.20537968820458127,0.018503790468037667,0.05155675877057612,0.11366358789506699,0.04813486620919424,0.12833296121291152,0.18201995583154165,0.21981936583229103
0.1218951282924781,0.021022119371939638,0.017238224382434705,0.20561690915001907,0.10414320923213438,0.22704979828982422,0.13203473207557856,0.11944007508323855,0.05155980412235276
0.06559730482007832,0.06837867459698736,0.063831398708999,0.09852059307510798,0.1248716641672228,0.23311948727281087,0.03578992559742187,0.29414177431804034,0.015749177443331427
0.04654264632769206,0.22551292749046994,0.032530435451030314,0.10536752171721782,0.10308232822711665,0.09078026696710273,0.1473598942865946,0.020760058210229398,0.22806392132254646
0.07553720832788387,0.18110611802312201,0.02784070542613494,0.16692388847177816,0.1700613310092071,0.18519622649918002,0.0880597131491998,0.03925771527662404,0.0660170938168701
0.10634534943438038,0.059900758232483094,0.021488052545011054,0.16640347680812215,0.09349137993461587,0.4383284844333206,0.03500811785453472,0.06841212444030308,0.010622256317228988
0.23796404971090926,0.010574084551388632,0.3621349537666873,0.03560355323794346,0.12904533977493618,0.06994556476169347,0.01685732013786587,0.10269447177917805,0.03518066227939778
0.14826596390119642,0.04497074869415022,0.056335189461386076,0.1366469424050483,0.12443177251310768,0.1573508157663178,0.14240047563905733,0.11125543345357074,0.07834265816616552
0.14878720410339882,0.3148346025210407,0.0750531768220344,0.0536063014961054,0.12427202773521186,0.030003747102211584,0.09060960860023441,0.03793920567890185,0.12489412594086098
0.13442512661668093,0.0883820629849621,0.03830183922066384,0.25992720763028493,0.13541367495954712,0.033511495599021494,0.1464687383571807,0.012347618782232951,0.15122223584942596
0.10269312460471262,0.04044245544959321,0.014644777134060602,0.09564706903323361,0.08280955722137713,0.49096336910275734,0.10202514568170251,0.04849621656807448,0.022278285204488508
0.029620692051611015,0.13298843533721832,0.0878114264988446,0.13134900112314182,0.1029647372587059,0.05565971868318669,0.42693070076278566,0.013451180975550798,0.019224107308955133
0.025762892146382433,0.05670687495191223,0.17722841352493993,0.1409542916965222,0.11026684112243999,0.041509208345323824,0.30087702435140334,0.12535514970868722,0.021339304152388824
0.2014768284994344,0.03607770248842574,0.03978319697307502,0.07703583807465973,0.09141125419097113,0.4166431908745549,0.02232421153623217,0.06092565099593578,0.054322126366711056
0.0746363473729302,0.04243941046010089,0.06752141257681847,0.08718058824184353,0.09658868915101947,0.5046921853077834,0.02969312407784333,0.035308898523377395,0.06193934428828346
0.051712468232023086,0.17615577585092304,0.032609911668416,0.048829741012158534,0.10996339912848148,0.1551018854440666,0.07474950445080553,0.018154855369155776,0.33272245884396995
0.07370915233881027,0.0552233036711768,0.018597231660040386,0.13763744273319098,0.12650734795636578,0.24563007641810275,0.22286195161420652,0.053731049423805105,0.06610244418430139
0.22466378765595696,0.06171245815423217,0.012889647956479575,0.031874675673694355,0.1229917371177246,0.052108527110623276,0.1314053506770048,0.2237838405116713,0.13856997514261296
0.06515504011182409,0.10257053294599609,0.05836274933520006,0.07967837543128993,0.13108707980966663,0.11051845409577371,0.1592758499814827,0.1280613497051335,0.1652905685836333
0.08498321587854692,0.01970792258324247,0.41859569435334526,0.04465585370509927,0.1114612001941299,0.07565866399101899,0.11979669506990094,0.11793509003355267,0.007205664191163661
0.014849430003067014,0.053681826141603085,0.04205271387463161,0.13043012832398634,0.11438375576403731,0.12625643190351307,0.31865936703924125,0.1691722976065125,0.030514049343407807
0.12952487984919694,0.035393870276633176,0.05655314329870332,0.11801250235008036,0.12750018507327515,0.252130121795993,0.04170104234248435,0.215357676506757,0.023826578506876823
0.10072779805152708,0.08591615840561821,0.088875950355339,0.18290710721893788,0.12041324176091224,0.2390096482131995,0.05819193588303958,0.10939374612133368,0.014564413990092881
