0.038260384034562625,0.06478266103930591,0.1026659603323626,0.22551480849256314,0.14610810575704467,0.11258359680827586,0.09084303789681879,0.07548331795774309,0.14375812768132334
0.17049235233127424,0.09453337081727618,0.03920404035935959,0.15439024147321825,0.1400689048980698,0.21335894915601214,0.04409103018941543,0.1163960499143738,0.027465060861000572
0.015634453148478333,0.03541312772640411,0.010847210804745246,0.17042376072856621,0.11263477307796205,0.22495018610683973,0.37027279827745607,0.00453874094740755,0.05528494918214077
0.018854504105410657,0.1916599294629863,0.05646120126142932,0.09205826532838102,0.21442320439724785,0.09341672493699092,0.07337414658919542,0.019748920602368696,0.2400031033159898
0.5042829408934904,0.1155514485030456,0.011212247935320692,0.08078417112796077,0.06350949009478143,0.06153025150735044,0.026798047405886632,0.10981600704367463,0.026515395488489524
0.24646277897381794,0.0733284615738372,0.058382924906457107,0.07363489232277366,0.019901523085590813,0.02646192330045471,0.24097129231235592,0.23462606736714564,0.02623013615756709
0.07600509087974322,0.06591556016239092,0.4635720627054665,0.06215674008041274,0.11739190789736588,0.10081027002561858,0.024818220946703207,0.052862437044196804,0.03646771025810217
0.0709805014790854,0.08782967460888781,0.05124375322775856,0.052908931840723365,0.12980782167810723,0.05197819749237576,0.07247681944455918,0.4462615978085185,0.03651270241998431
0.23131833399039606,0.12632526095003396,0.08931037821595915,0.10549006869957529,0.15077244261581266,0.1441986786512046,0.07060301155396588,0.038893849007726224,0.04308797631532622
0.061902253420302956,0.0709920411538723,0.03249937389095007,0.10401069914880856,0.32492310453907286,0.19033748995325653,0.04491692978904319,0.10538513245554827,0.06503297564914536
0.37490011379721744,0.09948341832535451,0.010080118031891119,0.09162274867117676,0.08040513714819252,0.11391599314604851,0.052477202766408854,0.16038855189009973,0.016726716223610504
0.06456690015763651,0.11892416696604842,0.08517027806389495,0.12639264373497575,0.20778122646865296,0.233670043045925,0.05683348590485802,0.050814225433294356,0.055847030224714024
0.06419828164830545,0.13860617552435697,0.08158579517929067,0.20516407765735659,0.1524526263976979,0.2026526579002291,0.03802396936379596,0.04647104260851379,0.0708453737204535
0.5460654735806608,0.08621447921788396,0.008482526578081831,0.06586070306165039,0.09872535634314876,0.04353052398260323,0.08547129461761317,0.0371552867243727,0.028494355893985145
0.13459023034115403,0.1958370864107716,0.120312338995634,0.10695154085701009,0.13947706814221325,0.166847663047765,0.03397435717684364,0.04650566673130085,0.055504048297307484
0.06914948024418159,0.35201818675845525,0.029850435265309446,0.1111694805216935,0.09262477114826097,0.03786739959685475,0.16301228935588535,0.05258125627816298,0.09172670083119618
0.24769873339081291,0.1595885514357356,0.07589407533079769,0.056481631335832304,0.028040510091623977,0.044735013556086466,0.10849134615432394,0.2667431118654339,0.01232702683935312
0.01445934224031023,0.11574674312162199,0.01121280237475084,0.12424101403342191,0.245680658173396,0.11726241544637424,0.14283556612405135,0.018487500099803805,0.21007395838626963
0.08347612963049084,0.049238933662838685,0.007835898043613345,0.1736550540527364,0.2785328293814641,0.11189515483273933,0.1813539540068798,0.004874135818780676,0.10913791057045678
0.014897437232002597,0.05176013618080192,0.09116695781857737,0.07581190652387078,0.289233865633828,0.23768999882207434,0.09711781876304232,0.013070828016572325,0.12925105100923023
0.07428256891717423,0.07198232053424973,0.039153933721703144,0.14143107792929954,0.27411756483918487,0.08569326405681794,0.02011665088344142,0.23088454950453144,0.06233806961359767
0.06556857274249799,0.08489952397782309,0.03237728163963224,0.14134964604721287,0.23544797557303254,0.16777564134740164,0.052191280380933645,0.1594715850653128,0.06091849322615317
0.01655621411545166,0.05646920897461335,0.05467662307495638,0.13282574776390216,0.17788450226774347,0.24973035517742273,0.1042559204438205,0.018865576694643196,0.1887358514874465
0.0980254684758614,0.13331083304455157,0.06278757935264596,0.09892152590905344,0.09169481226835786,0.04203110503354626,0.09809801630398103,0.013689527063391181,0.36144113254861127
0.40833474721081103,0.17195727523525117,0.02838485420993588,0.1150398634822533,0.0866296008346928,0.061551043625573475,0.048382588912629886,0.04137876819272714,0.038341258296125315
0.05019179596349722,0.2629602372704997,0.1902418823643175,0.0910596887105631,0.1291752002346893,0.08616475338200826,0.027859843606572315,0.09751721044622447,0.06482938802162812
0.06120720689907517,0.15573313384653953,0.07037003497707316,0.11951529429191489,0.2715615684727752,0.1571656644703551,0.046442620650842,0.05423608832298974,0.06376838806843525
0.11102458511301223,0.1442549109760073,0.08207876120184376,0.10467306518334114,0.1863524774934688,0.24012518109906078,0.031017864682920792,0.026417653300056215,0.07405550095028894
0.08784813107383538,0.0413550527363535,0.023310574034585644,0.053594340079958704,0.04249437373052345,0.05752332257553306,0.18067108870544132,0.4926205451464684,0.020582571917300608
0.04667094052868953,0.08285217742701366,0.0711020209351405,0.10110772628802321,0.18279925390514506,0.2109089803512291,0.06544702242703715,0.11742630819860882,0.121685569939113
0.03195640430096375,0.047443717744106724,0.012777110117702203,0.1953811407361866,0.12557802991604436,0.3682153351119281,0.1574482821723768,0.01135654462196916,0.04984343527872224
0.029075554147513588,0.046925243997531785,0.02913279538084232,0.15159468849082167,0.2638064863739758,0.25758810599335885,0.02580518772367234,0.02560837911840234,0.17046355877388128
0.35731000227871795,0.07720241578939553,0.04973618178509892,0.07393025125007248,0.08392033677366373,0.0805038213415766,0.08095141058751477,0.16206989210853995,0.034375688085420054
0.34486590953117435,0.08680859602694319,0.09696002365393704,0.09609512184504009,0.06817929193056034,0.09844827792232451,0.04002592239473222,0.1353255162880158,0.03329134040727242
0.19837272543601184,0.062402340074084295,0.0515354894373151,0.13260401771120514,0.2266039883622272,0.16786779145143768,0.023415000536598157,0.0830458790426959,0.05415276794842461
0.07795339507318975,0.09208960042382773,0.030827679945041153,0.14710480203412157,0.3364527310779621,0.15420360883394654,0.05499420955179594,0.04705157551466118,0.05932239754545406
0.02261897187269697,0.058439192916529104,0.062138603012937416,0.2296122703002671,0.1275927569114648,0.053799856544162555,0.04079635216655085,0.07995163243297117,0.3250503638424201
0.17744012234109255,0.08604921255624402,0.12297012746849274,0.08849834252300114,0.15004174616411112,0.2548728683103068,0.03778680963730082,0.04850919415266181,0.03383157684678898
0.04543205282742294,0.13515741904699383,0.08440259130690501,0.11279278607124898,0.25914547915861474,0.19144232990449464,0.035039166532965425,0.026247506103209067,0.11034066904814548
0.32670897496804774,0.08967027410880456,0.09750013278858662,0.05477905691912693,0.03491610437595071,0.042179360547254886,0.07631510329659713,0.2588245194809468,0.019106473514684662
0.11760311183871823,0.1887590527767614,0.0508298500314994,0.06603490353921418,0.05509331865051723,0.10068114398549986,0.3354879077310187,0.0541931546281282,0.03131755681864274
0.17691311918045569,0.13811087236348138,0.07026446353324896,0.11865999420107143,0.18067702665859176,0.10489610124091953,0.06291160622006907,0.1133952126869614,0.03417160391520083
0.15099055197517533,0.11158410815779213,0.12225681597298854,0.10899325184592444,0.18970939477812518,0.12094239699726063,0.04435983121978301,0.08183245204364058,0.06933119700931016
0.2934385477108788,0.11631194122501871,0.08163690083914753,0.0983297042757749,0.09780488110747122,0.15403022509905315,0.018788579381987105,0.10599455261971454,0.03366466774095401
0.10194634052388118,0.07573919333892853,0.07395898343226072,0.083683188337217,0.10386866322864478,0.051303326504335944,0.17678821796531521,0.26660629635090466,0.06610579031851198
0.11762532972978035,0.06844976368238302,0.08652986321717189,0.11756365594468117,0.2532378008157721,0.13136497955794427,0.03960032965408158,0.1053321350416929,0.0802961423564927
