0.10047974315479602,0.07652502482746486,0.11764261233305386,0.09726374956116046,0.07577268872772941,0.10114081831159166,0.07008180558198818,0.21437061526929754,0.14672294223291812
0.10702725888834935,0.07879099222439319,0.23339711256716092,0.07781497971429543,0.06614199979387107,0.12739140793818457,0.018898875202754847,0.14736195982464748,0.1431754138463431
0.07762350117927173,0.09737128918122868,0.12152455244637082,0.1287236099784642,0.1194725205126159,0.11744893777373726,0.08875200029146883,0.12071549447521168,0.1283680941616309
0.1168674900270803,0.08091783474593384,0.0833835280248999,0.11845501847728306,0.07465642391691896,0.1131477266057478,0.09553044311379928,0.19336835445329956,0.1236731806350374
0.21887937906194502,0.16524020723372423,0.14215752098899884,0.10078463883498257,0.12205581351232503,0.17357182517976652,0.02409814628013938,0.011736377822211408,0.04147609108590702
0.07913259349917275,0.10679313846894911,0.17918562914568303,0.09886738613335005,0.08790491217158798,0.10350256481012123,0.03434857345325194,0.17652277203733757,0.1337424302805463
0.11523582660035901,0.13723611852548556,0.15879517429474166,0.13361837477877744,0.14971003820030634,0.10538826399949625,0.05780901429699086,0.046189288552655694,0.09601790075118714
0.08235675140751607,0.09434079559738907,0.27074709174296574,0.11765657049740243,0.16281263389585487,0.09013576704219912,0.10403097785751443,0.025782640928061012,0.05213677103109723
0.11798862568628649,0.09965156192112756,0.13144790191910144,0.1353858927740355,0.14936656373773763,0.11225558958602692,0.07838265984237745,0.05331173729994091,0.12220946723336608
0.06261696271184564,0.13832276070039312,0.14507519736780644,0.12177725006635536,0.10001610417455176,0.11456863812791936,0.030233447341902756,0.17206308028372017,0.11532655922550537
0.13971718822750126,0.12428298066667966,0.06030797094464052,0.1441435645660832,0.1612132439275933,0.11066879281239873,0.1445729205873029,0.03511238771765545,0.07998095055014486
0.0928191361817051,0.08538743424791972,0.07109069015260472,0.12106603034347363,0.07134443677164479,0.10285555589839383,0.13148482143033047,0.2114504728293182,0.1125014221446095
0.13052108536995852,0.06558511768926843,0.050176689892555464,0.10564504083921605,0.07980323234109823,0.1220088582349625,0.23309766170483562,0.07062151483225136,0.14254079909585382
0.08461410282098762,0.16923783545366333,0.13961057049168338,0.13498163599120575,0.17138961189914906,0.12472566384244171,0.04298480869977178,0.046131080989276686,0.08632468981182066
0.09176139972467061,0.1244070387719689,0.13670910606706577,0.12430054520005178,0.11589112081334468,0.11628304696506601,0.05678813201247926,0.11498290305615229,0.11887670738920075
0.11550690410247966,0.0735362537182835,0.08924267334624063,0.09863892079750497,0.07295006537857979,0.10299207892418492,0.0755064699109918,0.21418103099442543,0.15744560282730932
0.11043835029195208,0.14198189867580824,0.07811918211357678,0.12659849664096387,0.10454952431878166,0.10469932931738003,0.047968243718632064,0.14069689795036325,0.144948076972542
0.06828202308919375,0.09591824404931813,0.2554857068515998,0.12974680218231335,0.11376116184027407,0.17018232857759993,0.035214129734243,0.046940095450771206,0.08446950822468675
0.07762364520355515,0.12344386468318484,0.15793152372711353,0.16818031451937795,0.18627771647366967,0.14797359930407128,0.050065877363055344,0.025342150047299863,0.0631613086786723
0.13453078023151635,0.1143467304501314,0.034162587117978295,0.14967139520367193,0.11812884042537557,0.11297931602989698,0.16661246589147397,0.06045654402000188,0.10911134062995359
0.05345223065622131,0.0803474064612756,0.3169025773188929,0.10850767748516693,0.13538779841212545,0.12011646469696242,0.03617892528927787,0.06312393950554693,0.08598298017453056
0.14877052559375167,0.09979408170861152,0.11334863411071232,0.1702597805761337,0.1533963852864512,0.12359102168984713,0.076273757762204,0.016831932844575338,0.0977338804277131
0.09973032583286172,0.14524948772766721,0.059559287406434964,0.11277496529484381,0.08424944514731285,0.10131972495569834,0.06260275556258539,0.2271613906339244,0.1073526174386713
0.12260064909606451,0.12238572504548295,0.12290096494886853,0.14167786971834914,0.15040303532131216,0.1091538437996511,0.08649498992199471,0.0483158141065215,0.09606710804175535
0.1354857026047812,0.12903092511865996,0.0720479980705424,0.12944581743975647,0.15816589233962744,0.10275065414187934,0.10118471498090618,0.047177164891629486,0.1247111304122176
0.10297001484799158,0.14135719842794459,0.0727528125853358,0.14693714318747464,0.14449048998903277,0.10528960458973931,0.11677382225308104,0.06702034185769588,0.10240857226170441
0.08632793535808814,0.1454947937188097,0.09962858471309759,0.12052780595182071,0.1003617876668886,0.10560179537095561,0.058840867868315744,0.17509562120316077,0.10812080814886323
0.10407863142650949,0.09673488340012577,0.15008637766350433,0.11005407056997472,0.09822910168199826,0.11245839885842597,0.059591022498866754,0.13505738386317886,0.13371013003741586
0.06490645374215633,0.10569734395423246,0.11953338544602589,0.11245159414072463,0.08049800229576363,0.10374815299346572,0.04400580384919067,0.25433739615021683,0.11482186742822392
0.06587610559670803,0.11999705481990697,0.21843473146936254,0.0963576005347781,0.11391412743384653,0.12885809316274324,0.026608204970915983,0.11474616617502725,0.11520791583671146
0.08260681700618196,0.10409923669811222,0.14366462812242065,0.11709290113456831,0.11386084774879823,0.10986631975485255,0.05477686247926417,0.13391837639192536,0.1401140106638766
0.12332046594361834,0.0822013411781818,0.0882759511035403,0.12209022046308733,0.17191474915357782,0.10838571287127576,0.17620426044525653,0.025251034305053432,0.10235626453640874
0.0970804626144936,0.0910663175250956,0.1448933477382759,0.12416592137501996,0.10388284369963452,0.09649507047318946,0.08968641634287816,0.1224984776415608,0.13023114258985205
0.10039151974465882,0.10714767190481062,0.11083037657924773,0.11457522974440663,0.10498817018109036,0.1156200529875157,0.10436957935727785,0.12368482121498657,0.11839257828600584
0.1347024589676659,0.09759169310847976,0.11402675385742252,0.12296053536354123,0.11239508578967428,0.10979249605567039,0.08968524107245263,0.08895612199544913,0.12988961378964414
0.11899003272766001,0.10921816330663447,0.20182958582616692,0.0944174312443349,0.0948234164359582,0.18384417661424898,0.035017752331542945,0.058593367293493355,0.10326607421996019
0.08127117595818419,0.12921351974594183,0.12518595288229972,0.10781106974867172,0.08874895938024807,0.11230383840268925,0.06845364717381476,0.19683478369843033,0.09017705300972019
0.11865487051504729,0.1400695337121174,0.10174234296694645,0.09250825839866143,0.09192842673183799,0.11089094192468867,0.02481480098069944,0.16265404276463036,0.15673678200537092
0.08479834486103777,0.07841646332927886,0.11128929890514183,0.11452494473232543,0.12534048440336892,0.12297442436239675,0.16063800746957788,0.0694584101251446,0.13255962181172806
0.08866764673080818,0.10325808401162224,0.1678710386338443,0.11614663310250062,0.11338444752721766,0.11482405089417169,0.04291780718648066,0.10476835184965964,0.14816194006369507
0.11692671188249666,0.14883469092712112,0.13242263819790492,0.1347176509813138,0.14334120274968046,0.1044504783164323,0.059251862918975155,0.055514681120926584,0.1045400829051491
0.12813299648917223,0.12141989565180807,0.05289572982933849,0.11163654831484475,0.07649607006499509,0.11303652303074296,0.11320187174603737,0.1955580951629202,0.08762226971014091
0.09541176952253073,0.18083666846916202,0.0761214837064073,0.09483687686893516,0.08438806786503596,0.09649533754528485,0.029806937539431363,0.23603538350705341,0.10606747497615919
0.11717816180877705,0.1096906419179211,0.06811324821271901,0.1201223338054417,0.0915017954651165,0.11511311219919873,0.13738816916573635,0.13227084788073107,0.10862168954435852
0.12799713118474443,0.0928297474723575,0.05215933897236228,0.1375315465790883,0.11007963954500972,0.1036836054845524,0.12333587693759175,0.09441062430608575,0.15797248951820786
0.10607782448806828,0.1316456430191023,0.12845407749175305,0.14532859338871776,0.16653074217696942,0.11148749189155638,0.0745880076172083,0.04402087365935433,0.09186674626727016
0.08596958989679875,0.12119990403397456,0.11509914112893921,0.12530445531207565,0.11329702473894272,0.10774643682069934,0.06671277364707227,0.13875337439317212,0.12591730002832535
0.14475410814737866,0.17398609653717798,0.0859818481789486,0.13421836675904916,0.12009082613656885,0.09710493135677922,0.0575464630382197,0.07853233473311783,0.10778502511276007
0.1552594564992307,0.17474979524779313,0.08779587992631631,0.13446472473685123,0.13250826136105787,0.10718110743354979,0.049350532250840046,0.05718717311333634,0.1015030694310246
0.08381957590127838,0.13162421980625086,0.1398499971032473,0.11743884099195427,0.11930415664303083,0.11118063203262757,0.04204278369882799,0.12333351002314767,0.13140628379963526
0.175426445912238,0.1079222973536683,0.07672419696345621,0.1483160650504727,0.19707804062341136,0.10116259352334057,0.08017465504867398,0.015847904476041657,0.09734780104869717
0.08043094198325156,0.1210545563448449,0.20078720018267796,0.11248199759444012,0.12812391992484262,0.12633853689503918,0.03813553567453952,0.08068107179096218,0.111966239609402
0.07674931460749201,0.06483369807319488,0.28865517329243473,0.07796701121779431,0.06836792914008484,0.1121999473651936,0.02691843640432322,0.14721521648798955,0.13709327341149283
0.15444868361547157,0.07413728427741446,0.05555894148299271,0.09395324810651928,0.07114271826528389,0.12731007934270896,0.19522593420475243,0.11837958318618791,0.10984352751866877
0.07574876759948819,0.12962055115133211,0.10795019900554507,0.13458383413767383,0.14926667860587214,0.11476995118539342,0.051474345754063795,0.10437900124459361,0.13220667131603783
0.08649351591612509,0.0643124604182939,0.23728629474369187,0.08609367869746266,0.08580592495957545,0.09677898305574001,0.1552588062994145,0.09321353607713466,0.09475679983256197
0.14333432476548608,0.112969160808063,0.03246883779006019,0.14938084457196046,0.13685584458622627,0.09947939487619406,0.1436595995829325,0.052365252846318384,0.12948674017275905
0.14253672798640216,0.1566321248344024,0.09685157086800049,0.11867454458660391,0.10142403016722912,0.10270351692546466,0.04481713816611318,0.1145017361092263,0.1218586103565578
0.08531560322201602,0.12083553583358846,0.1280965484709593,0.1356466584534292,0.1347825400574417,0.11070841655638491,0.06258723745859829,0.09776173058251113,0.12426572936507113
0.16535727126266153,0.13008823801538574,0.17004997172192196,0.10248503314141288,0.11502329982637212,0.1304461758271882,0.03562817100515283,0.05697128494106573,0.09395055425883901
0.10707013648536969,0.11802678276674809,0.08203088970934595,0.16680465845841783,0.16542691885153257,0.0999729717013519,0.10563906537105398,0.042324372487994956,0.11270420416818504
0.18764632099984038,0.11740288864896124,0.10140565374480875,0.13487241341938494,0.1648970524223475,0.1029314438353564,0.074933246695476,0.022735337019112248,0.0931756432147125
0.11281758205356145,0.1228136164493776,0.07684924855765563,0.1374982878483616,0.11159504447107171,0.10506962256420264,0.11863342751169766,0.10377991416629705,0.11094325637777476
0.14936438415887224,0.1203467873052792,0.07784558138339513,0.12984344246895071,0.13475716826143824,0.10327179566705459,0.085826414668644,0.0593856429281383,0.13935878315822758
0.13116324900796958,0.09157915758007369,0.05319736591207106,0.1429752467236877,0.09547841868976248,0.10730401547885089,0.1440401536579056,0.10576976061971527,0.12849263232996364
0.10642902918313481,0.12450720648195272,0.14572569992910134,0.12741766099785545,0.12921704748021454,0.1131672456963611,0.0503695013677559,0.07694169689300022,0.12622491197062388
0.07791774426934384,0.0892122092620516,0.22821611467776082,0.08962365459451382,0.07289024164308013,0.10544315935415051,0.06207843712428809,0.1929009625530869,0.08171747652172429
0.1097072252154414,0.06986288456591672,0.0794007169641341,0.1164363756200119,0.12474007200099524,0.11331050518781459,0.2409665424910554,0.03420725086485236,0.11136842708977833
0.09730965179469205,0.12488322707347832,0.12395157198127615,0.10951466961875199,0.09832720094218088,0.10587185424609014,0.04827389045874834,0.16164255083604515,0.1302253830487369
0.05956616087418091,0.07203964172096576,0.15597248156616844,0.07960928394023656,0.06548824682627524,0.10083529621898245,0.028704694669128037,0.2972329307236601,0.1405512634604025
0.07532672460443317,0.08612854936082781,0.15142499394752088,0.12212798062390047,0.11062215828018901,0.10930354340667388,0.05204973358366911,0.13825520762654323,0.15476110856624242
0.1226850380561042,0.08340466099809014,0.09434387100961757,0.10634445617186676,0.12290633760497831,0.1265445740385933,0.11229651527169932,0.0731745020165993,0.1583000448324511
0.08730665822319661,0.11123700705564026,0.1113936452916277,0.11242666238224965,0.09354308394398488,0.10279384561015174,0.04724675707636181,0.18920158707834037,0.1448507533384471
0.08232875498221338,0.10029367877903482,0.06458702145602918,0.09318349418896522,0.0633676931512878,0.09138202265873745,0.039671428233488175,0.3369063519623438,0.1282795545879001
0.08863239821629458,0.09658307488140838,0.13758393778281883,0.1333828001363037,0.2105111205010968,0.11020100488625138,0.08787158771781707,0.02962784842170065,0.10560622745630864
0.05992151675424421,0.08002781984430829,0.1962636010812213,0.09253548252541823,0.08588556392768827,0.11991419152876533,0.026087525818446294,0.18648107336969202,0.15288322515021605
0.09152131240393872,0.10655554865353602,0.18410396155632971,0.12468538590637879,0.12746880047287354,0.1107611353674995,0.06408795765192835,0.0809137121310544,0.10990218585646089
0.11521285606443944,0.13063132016187967,0.05832534925989078,0.10797580687664739,0.09558684709847992,0.10219477822238267,0.10340328066176456,0.16638497655648238,0.12028478509803316
0.11827048162840159,0.1542301957880806,0.11897686934114098,0.14592722773363767,0.144187169164244,0.11966600858723349,0.049362883625507135,0.04589070197988093,0.10348846215187359
0.1300008682235143,0.10735273222708182,0.03359622438183676,0.15547310290063787,0.09171278492049477,0.09213457755422026,0.19416815928947537,0.09355120637200094,0.10201034413073784
0.10983905574643814,0.13509605085695708,0.03322828039009244,0.1278113179129299,0.0895482372306584,0.09558205132521741,0.14528789062006284,0.15769945501831653,0.1059076608993272
0.0967542637798899,0.06810379114216682,0.04219251836037912,0.10378249653422035,0.06144787768909008,0.09232701353034051,0.10873588645070957,0.27952472601371386,0.14713142649948985
0.07603012280554128,0.11940542293658592,0.22913149450764045,0.08831544267559095,0.09535245937253649,0.12805977480593694,0.02145345571120244,0.12891937625920907,0.11333245092575643
0.07771088289153542,0.09486918243676097,0.14133756383799093,0.11325339090007917,0.09110667907024328,0.1279740479856111,0.13348506305262428,0.13037608254957936,0.08988710727557553
0.1389793722448431,0.07704581848030329,0.03420824800322134,0.11705255217006434,0.06878241112117171,0.11423463004759166,0.2063375713268054,0.11930103575704049,0.12405836084895856
0.0966579976743163,0.10849106155080612,0.11103371109914208,0.12689306174336065,0.13861713612951185,0.10638042805057603,0.0820283651550355,0.08591690839141504,0.14398133020583645
0.10429759520804387,0.0810416132887754,0.10611585630434334,0.1313976362195678,0.20632774690054737,0.09821099166925103,0.15345136388153,0.018095614008654188,0.10106158251928703
0.20519438296765755,0.19928874347042433,0.09943877483677523,0.10915561094240565,0.13174650279366015,0.14173307639193888,0.021987387032798674,0.022286437641335113,0.06916908392300442
0.09115239531323506,0.11087098025477889,0.11490203584713608,0.1249599654622871,0.12154020068036313,0.11511510937721185,0.05049565148225258,0.10762093603747626,0.1633427255452591
0.09632660246109191,0.10361239103789088,0.11270246760913798,0.11339745921008604,0.11582332916784445,0.11946752772459451,0.11479636072150556,0.1012848815350542,0.1225889805327946
0.09338529050987938,0.09956329350427197,0.11591230216318167,0.11001587035956932,0.09896512581832688,0.11239342626773167,0.06662600612427295,0.16167756796058486,0.14146111729218125
0.09760477487846708,0.07471622452323788,0.13043131093152507,0.12059196333977545,0.11752291919344726,0.1182301587616623,0.14735041930137868,0.07226993632455676,0.12128229274594948
0.21382100808922966,0.15445944461088007,0.03167329514329102,0.12928708055698257,0.13027551288212988,0.09456030933769477,0.08671332344929134,0.056707462929625065,0.10250256300087567
0.13809384378531986,0.10354505327446388,0.07918943888687961,0.12499396643501758,0.1945370243561155,0.1089467771498868,0.1405940613633517,0.021948277672179745,0.0881515570767853
0.07748571743043899,0.06522770954367392,0.18930794897993977,0.0966816101884463,0.06837727926796677,0.10542915735507513,0.05725712227622922,0.22643180395512189,0.11380165100310798
0.100989515354666,0.11792472421234453,0.20864576065452614,0.114695090817073,0.12865264845005728,0.10330599510255616,0.0628647497034511,0.06509645888508742,0.09782505682023836
0.11874059824391053,0.10912820485218437,0.22845709563634808,0.10890870568822797,0.183212792211451,0.1320440485757524,0.036084301590746014,0.01752835174018408,0.06589590146119567
0.08363836693540205,0.059620735758987485,0.17901365318639925,0.09308797358620653,0.07722585293817276,0.1180297867852181,0.10713492450327304,0.15874690537160663,0.12350180093473423
0.11891674127698737,0.10392815006451432,0.2596499305962183,0.11637203915916276,0.11724040685928921,0.10682353921465504,0.04897358118326794,0.03927007878047462,0.08882553286543048
0.12606332572599963,0.08114235626927618,0.029115972505196847,0.12142374389404927,0.0659007171436073,0.10996263880017244,0.28750846345939046,0.08010874112753942,0.09877404107476845
0.1492856415308283,0.08690943288375579,0.03919661617919881,0.12243238548432706,0.08443907999183294,0.12920512633942316,0.22159401931591124,0.07200320679725279,0.09493449147746995
0.06455775882984262,0.07495416258952364,0.19962209738607609,0.13712847558895203,0.15789166630768586,0.12608437761882688,0.04883497284762647,0.060804889158167376,0.130121599673299
0.08156678710407067,0.12863276991098152,0.1456533971073378,0.11427754270307777,0.12299150118451518,0.11674491177537911,0.06883168289095494,0.11230684905687599,0.10899455826680698
0.12330700367305696,0.1430398242624025,0.07099197757858862,0.1601694783600717,0.18063803609567186,0.10126965724004366,0.08111648962248606,0.03492942475938941,0.1045381084082892
0.12330978875854792,0.07790169073309618,0.07251255336866168,0.09997110217749554,0.07510917620396788,0.12725456672730007,0.18404587543951692,0.12398354213754087,0.11591170445387294
0.10200626559165786,0.08765544471389965,0.25723689878994105,0.10748918188997025,0.128010985176126,0.09936551422908933,0.07786938638171644,0.04945551093379713,0.09091081229380232
0.10175628602002777,0.12216663134051838,0.12372801677640373,0.15259357801839796,0.1293893376677158,0.10502474802177852,0.06267138501739689,0.07860797313104571,0.12406204400671521
0.10680404861259639,0.15431796161437905,0.05703074904869266,0.12502517089797913,0.09460331741366534,0.09992778234779826,0.06398499969845771,0.1821160274188407,0.11618994294759068
0.09755257183432686,0.1668790133279566,0.03515843443741516,0.14074577738124713,0.11580362392869777,0.09330221166673462,0.09275603243163556,0.14124888703476468,0.11655344795722149
0.12025307257158707,0.09048282154857638,0.1025625855255729,0.11013523814494519,0.07340055739461682,0.09992479491060902,0.05287086964396895,0.17858383511252998,0.17178622514759367
0.12747728663250937,0.0738605699916899,0.0429698541487471,0.10434757592467399,0.05485835731651393,0.1098080382085465,0.18558479304743758,0.20129983701963786,0.09979368771024366
0.10118701042519167,0.10777586318578215,0.10150191387091752,0.14369694863497917,0.14834138270068323,0.0996174397834985,0.11869188701439685,0.06119702507320002,0.11799052931135086
0.10201111516805765,0.13591891564347527,0.17884190551447385,0.10115594570344816,0.10895920333330567,0.12010069067050733,0.029148682792023168,0.09609423542039085,0.12776930575431802
0.0938267341420469,0.07803317322980347,0.28185434075275806,0.08894782363917898,0.09898330980993304,0.1277942443292312,0.03130706990400264,0.07018164053794115,0.12907166365510456
0.08006206171633458,0.10625569582818516,0.19086832370320794,0.11638754568551109,0.13096156264926018,0.10280256025282443,0.06811629986179779,0.09329059260877899,0.11125535769409987
0.09503416377270123,0.1261437112829092,0.0695767047535711,0.10396531309730145,0.07531449129224096,0.10020911261301808,0.04920217639900828,0.2662706187833767,0.11428370800587301
0.08740960315546124,0.09361094818774839,0.19538030884396937,0.14744473955197604,0.08998484689367932,0.19615338260714332,0.06545103096622062,0.03349134854100946,0.0910737912527922
0.11197275678762257,0.14814123992581232,0.09414845112462898,0.12223339432648801,0.09798913665940621,0.0935476264187618,0.07467543412275147,0.15073719693069065,0.10655476370383786
0.1255605647671301,0.08560527606707297,0.0635444279889434,0.12404556107616505,0.09674259515212234,0.11889963148730966,0.18110942125777052,0.0808421399920024,0.12365038221148354
0.11435472565129905,0.08199193072657765,0.06972344746708549,0.10609280803644104,0.06561898208230868,0.10562438859765862,0.18472309883351076,0.17083120854769832,0.1010394100574205
0.11849614009274549,0.15204006761819971,0.06289597303797072,0.12604187970250771,0.10693094356488524,0.09262551696429122,0.08132413286736363,0.13461630820957526,0.12502903794246104
0.08153260659489474,0.09384780678248299,0.08909976959360126,0.13895398024085273,0.14709715437395265,0.1080329777837805,0.12938459679852016,0.07689139522876037,0.13515971260315465
0.08689742208776063,0.10688879896265614,0.24379202134548814,0.10351879505819228,0.10750624266472958,0.1022562781102682,0.08109042928721355,0.08757760346494152,0.08047240901875005
0.14532835768756772,0.1269015986404867,0.22015391582453248,0.10581536713926014,0.12066021558639232,0.1236732857366226,0.03185160136782694,0.03767925780799244,0.08793640020931875
0.1411266571913258,0.1417485903128676,0.08965759544031526,0.11009581677793845,0.11582480054323431,0.10429450370270221,0.05557089450948394,0.09305474899012771,0.14862639253200474
0.13609358888794112,0.09923052875864362,0.04390057483667049,0.1202827022633609,0.09491558049518323,0.13025823158116823,0.20336710872669803,0.0759506402243104,0.09600104422602396
0.11795193137240634,0.11626912477459528,0.12305030802993377,0.12622056270777207,0.15962411886780611,0.11344634679096764,0.09950175792424105,0.04433615322957311,0.09959969630270471
0.08356826081104711,0.12042056188037209,0.17037551560781505,0.13248919191181993,0.16417715218771872,0.12264682589564192,0.047276249465539814,0.052530234283620324,0.10651600795642509
0.13162587945967397,0.18918641499981445,0.08847708155991729,0.13796569993459404,0.15409913901016134,0.12181664292373758,0.037553237870035054,0.039172962406530815,0.10010294183553549
0.13325572369433694,0.13294367672404203,0.0793335506806118,0.124257032999547,0.1479542741643457,0.12367914042845664,0.0868273675888127,0.05851611521789166,0.11323311850195551
0.11219445106879344,0.11317177289020112,0.08341580576958696,0.12291116923522567,0.1110934533382844,0.10541786035855015,0.06742075217798374,0.12321520339783106,0.16115953176354345
0.13100257540455437,0.13823479129858685,0.06256036359624874,0.14008666858515276,0.1291757459064324,0.12039210156408818,0.07959348305683007,0.08095469664489514,0.11799957394321141
0.11913018127845316,0.1508026408431715,0.09287365371601534,0.13627593692751414,0.12911900276783805,0.11082972118844053,0.07326107639406883,0.08219261370630652,0.10551517317819194
0.06839981781248301,0.08845644932780673,0.2926568573601853,0.10374416178773997,0.10176403626705499,0.10250490120264828,0.04318035326343391,0.10174126737860795,0.09755215560003981
0.09159017853848929,0.09179073613582822,0.06770692641188214,0.08205145576940964,0.062016814517232344,0.09833304269599152,0.05510624301381051,0.3378376181575953,0.11356698475976108
0.08820471470989429,0.1567718036816134,0.14051716571474074,0.11284177156803615,0.13005268260172684,0.10614817842816689,0.058298628092960485,0.10539072216073914,0.10177433304212215
0.08883208012555653,0.09299019113310497,0.3525867957429633,0.09145489730955675,0.09274263031337171,0.11580484282389175,0.03182104585646021,0.05291670659901996,0.08085081009607485
0.11339424692684176,0.15928828263318948,0.0677314869567793,0.0982026083482452,0.07425236363698562,0.0908352608636384,0.02837780179528747,0.23687945558931978,0.1310384932497131
0.1195575335094287,0.12479691720800028,0.11810678979215379,0.11163005980110537,0.16517276457290553,0.11056419784602096,0.07737264224634977,0.0455480051742125,0.12725108984982308
0.088449216183759,0.14771480606063364,0.11706676925488013,0.14775753168897363,0.14578026297839355,0.10847125668091062,0.060508955626057535,0.07838325301990988,0.10586794850648217
0.09139822597253817,0.0746416304171169,0.08282573887274487,0.11051068845168383,0.09908726338446998,0.12502127248998193,0.22577170466254204,0.0658273978148833,0.12491607793403893
0.15024199315889195,0.16479393519547705,0.12657800965906607,0.10887609190089997,0.11676517862864759,0.12114873211377795,0.030473916323169,0.06315852968865894,0.11796361333141148
0.10922918339211685,0.12227454000235664,0.15882783174559698,0.13785762625645412,0.15824878331655998,0.11283170485557979,0.054510962487506115,0.04375731604919648,0.10246205189463309
0.1372265435543724,0.07660815364215377,0.07488231691617363,0.12075034789701033,0.09012126701088453,0.12016750963728891,0.13502134987309786,0.11004898853370293,0.1351735229353156
0.11138476711762511,0.09655350320810589,0.22598501336507834,0.08347660970620256,0.08840356619702228,0.12186013551823342,0.025308203567656968,0.10336867352216832,0.14365952779790708
0.15120914112258643,0.07542807136420167,0.0697093772922021,0.08607839776527981,0.08280799048704403,0.14064857037842762,0.12087826005453355,0.12750637873222062,0.14573381280350414
0.11382655245091987,0.1695207869497688,0.08995162992962491,0.12135612282560367,0.10033983043023682,0.10358985620520895,0.03632541868045306,0.13163886607188938,0.13345093645629455
0.07682134601135604,0.10808452521047425,0.11420914783421528,0.11534004472472788,0.10615968969809608,0.10693863793337359,0.07018966620745724,0.172338795507145,0.12991814687315464
0.10538285568000183,0.12748996662753195,0.21443139822649337,0.1018614334269506,0.13375816647299496,0.13635615963553735,0.02960970297431642,0.04581363634839583,0.1052966806077777
0.10845126069098003,0.09877667286515675,0.1390432225193787,0.14423933843296444,0.12639023473440394,0.1164504902617809,0.07112933825654107,0.05447402638249776,0.14104541585629643
0.1676933006893213,0.13435909004133537,0.11570418301594772,0.1445252609852938,0.12571485030529925,0.13601001712391747,0.052683997871066285,0.025667729461889114,0.09764157050592968
0.10541214055759518,0.12357374586913276,0.18220920293165202,0.14528184753444914,0.12708748326656652,0.1611849143934261,0.0463689136734266,0.030724431801133763,0.07815731997261782
0.10114723011108538,0.13775916404427624,0.1045102159779689,0.14310428605803147,0.15531104386824324,0.10407741966078365,0.07809452173204116,0.06381774111488513,0.11217837743268488
0.14099013349993406,0.11361880172829923,0.025693698131361447,0.11382629983297239,0.06464503335923984,0.09878388462150063,0.06686211216269623,0.26186845798271746,0.11371157868127872
0.16099671324910161,0.1502166340911679,0.06312467846401597,0.1338295449659069,0.13206711536182272,0.09668728138006111,0.0922901890079517,0.0655223588916144,0.10526548458835776
0.1299508672119248,0.09864922189133206,0.10631447284343688,0.16062039790719485,0.12752529222351972,0.11958661721250623,0.070728479125984,0.0401579151692675,0.14646673641483401
0.12428917626986236,0.07448347818683,0.06450579202224127,0.10758707579077816,0.07190586909211542,0.10537003732753708,0.1702711835333587,0.15209373958946293,0.12949364818781406
0.08123596804829704,0.10263418937403179,0.11240961565400996,0.11412948078637493,0.12053699783743138,0.11038599778841081,0.05477993958615102,0.13966950367694472,0.16421830724834832
0.10292252033482935,0.09074106367132108,0.07333464072139222,0.09773117238644553,0.08033136335872128,0.12109273295633467,0.20043069287516868,0.13241077766344497,0.10100503603234212
0.16910108894000567,0.11448586838691643,0.058891774342527244,0.13722457909011646,0.2211114329526311,0.09292838643193624,0.1277874830739899,0.011228803923290594,0.06724058285858636
0.09508582305732578,0.12752563468411704,0.0910753018940285,0.10681320288041922,0.09361066361677468,0.11197780754352678,0.058918692855883935,0.19357828318857706,0.12141459027934708
0.06059887627743491,0.11512506885305034,0.2226521142710135,0.11127716487216933,0.11849286043778622,0.12651893278302598,0.030016378600289082,0.1119398580083276,0.10337874589690299
0.09223509971549597,0.10131633392907634,0.19695519096103672,0.11157739846695387,0.10138057019252877,0.10141064818134916,0.10272410756565009,0.1038188566416451,0.08858179434626395
0.10791538274500301,0.11838392877004637,0.13355684584805258,0.10915433452754592,0.1315201827835187,0.11685274289625192,0.06137869510742508,0.08317585088356556,0.13806203643859083
0.1186262757246674,0.075380784067005,0.04467668665635156,0.12172330951801173,0.07655263949263912,0.10807621537154548,0.18577981545861935,0.12722727418906163,0.14195699952209875
0.046099606174355344,0.0883260097043544,0.3232792464845667,0.08690936001921075,0.10136818835520227,0.1285330436301101,0.028749015503692365,0.10952972718470762,0.08720580294380041
0.1070877896374492,0.12430856455668232,0.10060621591543889,0.12101135944845332,0.1330275991157821,0.1053561856019502,0.10871750021201405,0.08180570941435857,0.11807907609787123
0.07536875747671147,0.073416122492214,0.12833994133674295,0.11881455742359241,0.12830188537521373,0.1081890286142867,0.1526440372351696,0.08273443038686949,0.13219123965919968
0.10006966876966233,0.11630363160530054,0.16841702098675013,0.11846919611819455,0.17681536255351446,0.119539442983375,0.07786350081820696,0.03650690911626726,0.08601526704872882
0.09748390801828294,0.16081132494758338,0.0775494349064322,0.1037907170027425,0.09597581256842964,0.09853737110042837,0.044968332615346183,0.1985971760705053,0.12228592277024948
0.10932004521210287,0.1237009930690738,0.12658483976735754,0.1495295501190834,0.14334832492432759,0.10112148125552219,0.08560429957461117,0.060976096424296106,0.0998143696536255
0.09486757954859719,0.06373337204767575,0.11364524741391378,0.08430955573324468,0.06754059146898732,0.09809028540354216,0.10938635303825471,0.22416597441695565,0.14426104092882874
0.1017836319583217,0.15452363882986184,0.1284628259684578,0.12498783353897168,0.1373697355312028,0.11686317826214532,0.04970967624627753,0.07608171977721916,0.1102177598875423
0.10878042602070591,0.09800355808651778,0.2708753666326311,0.08471642829500858,0.0862009090115247,0.12829263891167542,0.021916755227155832,0.08188867000007721,0.1193252478147034
0.14078088197051905,0.10454908769268008,0.1451040466324854,0.12284518095668313,0.13522857737083147,0.11668887313818475,0.05586583994228794,0.05130791121869188,0.12762960107763632
0.0931081557931067,0.12429993774142585,0.11580479870889554,0.15266234626157446,0.1752021816451954,0.10710993219114295,0.07605381383985942,0.0479992749372746,0.10775955888152507
0.07194270253524147,0.12019908077319696,0.07552528753564058,0.10235185335836387,0.07467949233841285,0.09478332673568506,0.04686412205292657,0.30079563393316916,0.11285850073736348
0.12548592919056212,0.11306149675133137,0.15907175434637247,0.11221537781836606,0.09480862142149865,0.10570844718331003,0.0448188436737687,0.1053093141617364,0.13952021545305418
0.13059185612893637,0.0859557044202038,0.07752204556121689,0.12265467872983936,0.08474305769411057,0.09976448467457066,0.14079721921368105,0.13436185450952928,0.12360909906791202
0.10772372220026134,0.20250325818943263,0.04300046796484693,0.12071859536891234,0.10537151123523376,0.09903725186634903,0.03520360094599586,0.15410074641327087,0.13234084581569716
0.11781445013886593,0.15539116402403216,0.1525072153741839,0.13384873740225015,0.15100739360107482,0.11032685006834571,0.049392015752787406,0.042562582905181744,0.08714959073327823
0.12583452839733453,0.16569574178018712,0.11014868604975099,0.10888730628033189,0.11408514196034074,0.1062691114874142,0.05402252806581532,0.10932437894063723,0.10573257703818795
0.05972673495490562,0.084594969396866,0.2764823130737164,0.11313350170600063,0.11346872293344339,0.1586483648859175,0.03344176523306452,0.06372149798661049,0.09678212982947552
0.10340388541872099,0.11849768551628914,0.05131651769524883,0.14596858646784017,0.13092704729269913,0.09782743121987021,0.16571383862995293,0.0707493572540646,0.11559565050531395
0.11160479222661635,0.13762592522285771,0.02983853949702986,0.11712222377397193,0.08500632197820551,0.0880418119556956,0.0742039112344796,0.21149537165623097,0.14506110245491244
0.14818752298208362,0.0767317211878834,0.08379483482040868,0.10666281581761981,0.08515495779539199,0.10808271466238588,0.10065242632999262,0.13263437562031313,0.15809863078392086
0.11361584212440479,0.09644368275411647,0.1129827241016798,0.11808759929423063,0.10175562091057327,0.11864627727345378,0.08371133856521178,0.12440028963085022,0.13035662534547934
0.11055863762895367,0.09106552866594098,0.09966924044135915,0.12185174575455164,0.10259285902603255,0.11782580650522556,0.1063069559723472,0.11775982231447962,0.1323694036911097
0.1258860586650523,0.17103131485264125,0.05580018620328712,0.12477429467373902,0.10333669742701307,0.09687840870698868,0.056974884159203126,0.14287729078496553,0.12244086452710985
0.0626785422491184,0.09054084429863696,0.2156751237393418,0.12656472663088733,0.15135393485134765,0.12378633388816492,0.039960777287242,0.07129171469924442,0.11814800235601652
0.10585400732998225,0.1135966279684662,0.06862001597930813,0.11921337866938753,0.10936311692664276,0.11567142731639085,0.13622503679841766,0.10876674124513235,0.12268964776627223
0.1676955362332976,0.1382663776626426,0.0483248518377972,0.1338013633805933,0.20356083924164303,0.0930473837010554,0.1268533161816139,0.01658434181760936,0.07186598994374759
0.11681390675857124,0.06918775833336212,0.036986848013176615,0.09011866540770201,0.09093625247099839,0.11790525817128202,0.3575189170828892,0.023716899714052584,0.09681549404796579
0.11462925173474865,0.13896676990173126,0.09528512802052745,0.13418733120663343,0.12097135272192643,0.10834252782088548,0.0547988692739678,0.09674934557215265,0.1360694237474268
0.0663881148702407,0.11759998274727657,0.2246171124415847,0.11837359430250509,0.163483370200441,0.12248685985618385,0.042396380856835114,0.0541142487459031,0.09054033597902983
0.14490871414839274,0.0862709714212367,0.03792282635978795,0.11421001473430355,0.08704410174290984,0.1167953106055638,0.2393975257920449,0.06932955628360221,0.10412097891215831
0.12855518440910244,0.10893656832520927,0.21746896887525405,0.1343968401670331,0.12140680320880504,0.15996931290931746,0.04277391082672544,0.01900881986657863,0.06748359141197458
0.09138839399522884,0.12861920858320522,0.13670230963869934,0.11592064670779655,0.1077437661966248,0.11806753233324846,0.04915966262278071,0.13346903590219514,0.11892944402022092
0.09273229168092828,0.05666930354372183,0.08980588813061574,0.12442403771184558,0.12540961901506967,0.10546897618533328,0.2120423038765169,0.046211799594437275,0.14723578026153133
0.08984804310015371,0.10371486957967936,0.10774342278111843,0.11939552361322421,0.0933518484796434,0.10398568459933467,0.11963125130042218,0.15399181887297717,0.10833753767344678
0.12155810744911551,0.13289158198126091,0.1207518547044496,0.1150734511577949,0.10762952601202096,0.10969384569596204,0.043524386104843084,0.1065602618590225,0.14231698503553045
0.0927545254199655,0.08135679089995594,0.1146626893612584,0.10637250067757116,0.07849127095679563,0.11409656138971706,0.1458889517358386,0.1571399023963029,0.10923680716259476
0.09544963732112526,0.10055295140458832,0.09319391169982688,0.15480297151256597,0.13774964068737308,0.09893130395942344,0.1158337859492626,0.07409583538391348,0.12938996208192102
0.1373900390669015,0.10973567986833228,0.13868892733437108,0.11725867435442679,0.17994972812088253,0.11811223832560973,0.058133771446806946,0.027490660249045895,0.11324028123362324
0.08354729564245318,0.0916316963213702,0.10991336628150024,0.10689846080841374,0.06386369715880874,0.10640677940175247,0.10636473079653987,0.2511020645851941,0.08027190900396747
0.1133034158982001,0.12694482180010394,0.06937234002945854,0.12437714763004981,0.11097109250908914,0.13561531754347186,0.12024624571577099,0.1018817723658299,0.09728784650802569
0.057189630206761065,0.06251438934060169,0.23861954872396898,0.10230785792994841,0.09034182211588693,0.10314585045940279,0.04694906260102505,0.17250540451233787,0.12642643411006713
0.058822757298648054,0.06490908874808249,0.11274898609463102,0.09428914233626694,0.07903242850191029,0.09361265603954626,0.09585508074805706,0.2712742067965763,0.12945565343628154
0.1123317098278009,0.07426930549134446,0.050779504140204185,0.08955597807582867,0.10390080949825349,0.13818994097172224,0.2684840790896269,0.04009419984840579,0.12239447305681335
0.09670639028350048,0.09938088795547247,0.3130398148012812,0.07715595491077985,0.08909628540665775,0.1897795227331661,0.023553266549620925,0.03632968869220754,0.07495818866731367
0.09309293677684395,0.10207775089403796,0.10238513832435901,0.10152283616744419,0.07836385285785158,0.10245431888352079,0.05138794517501192,0.2357290234135633,0.1329861975073672
