0.17994269129088628,0.08917133109185414,0.0940328046983428,0.10932234672328832,0.15040929846147336,0.09547956338528091,0.06650834450329272,0.11884361872256856,0.09629000112301277
0.035260991761132725,0.13450046823386094,0.04536122360313238,0.11385984242977665,0.11725307281773688,0.1522994308904652,0.1244743142584769,0.10158552857123339,0.17540512743418493
0.06338217479164808,0.1017799922982603,0.039963545572333635,0.10046969121595388,0.09554655565289384,0.11895479106291944,0.27354248092388783,0.1173551128140685,0.08900565566803455
0.009811496061490824,0.14593496674254983,0.123734523186296,0.13227618735724922,0.08910915461538682,0.1730875664976259,0.11435827766129085,0.1030251013414098,0.10866272653670071
0.022580881942153897,0.11272093715895283,0.1376650535723157,0.08689163271422806,0.08953888455001151,0.132352606448762,0.2681775116003971,0.10514382457328762,0.04492866743989121
0.1303641667744264,0.12325771000897352,0.05374849838264519,0.13474137109704426,0.11450804436566775,0.11720013707021333,0.08956322434221871,0.06782969827202014,0.16878714968679068
0.06467621359861761,0.12843308614402,0.1470300263666702,0.1376474379454037,0.1124543414284548,0.1440028359994997,0.10844898243762058,0.07134728747064512,0.08595978860906835
0.07197467946053236,0.1171552516796306,0.08657946227806458,0.125183592811304,0.1334717890836049,0.1423120373163989,0.13261937243021457,0.0892183361775561,0.10148547876269387
0.028163099463979793,0.12495454785873229,0.07275901611472511,0.10773448900300435,0.12548568700165047,0.133013652019989,0.19226908775766785,0.1049884936876272,0.110631927092624
0.04909298799421418,0.11927459463324458,0.18577868675049203,0.14039208600073286,0.11715206831977938,0.15943728775246377,0.07114886480779732,0.07949207259540739,0.07823135114586853
0.13233613452939266,0.12148645902091909,0.14234567219681557,0.12158472535076977,0.10177567996603964,0.12091037553595112,0.10206391986562857,0.06670867602593329,0.09078835750855035
0.04573375387500036,0.11722077174767716,0.026872745437841364,0.0977081851574052,0.06433589887534462,0.10257961094893826,0.20178930986690521,0.20085269730568892,0.14290702678519887
0.06602883573335004,0.1347704218610777,0.03522931313339678,0.11971307377343403,0.09926814075812584,0.11764369273738262,0.10235388375717584,0.10192226386633584,0.22307037437972133
0.047885760374276685,0.13079899880307344,0.09577680455404074,0.12217996256874197,0.1206307401557631,0.14469245538598743,0.09920949244096607,0.1105240859920717,0.12830169972507885
0.045744960583365135,0.11487728518073707,0.26447165919975246,0.1148447887390948,0.09171473382071778,0.1503438813999465,0.09715467483586826,0.0750291315762685,0.045818884664249444
0.11056459682191709,0.11450204812881493,0.20809304545300353,0.14042388436295203,0.09925341488645413,0.13313967105690863,0.07199259803355727,0.05820558213509556,0.06382515912129687
0.08554532504014589,0.11603218919944651,0.06151345007606498,0.11612950023020811,0.11283255875517943,0.11746249045143069,0.16060957778541612,0.117478799446593,0.11239610901551528
0.06572797773870909,0.10344864179769325,0.06346841697142473,0.09500767798894823,0.10777196984502609,0.10523636707115074,0.2464506923216835,0.1291186813482672,0.08376957491709719
0.04407341103040946,0.1285541268871878,0.10717800387706018,0.13509362727492008,0.1254993700000753,0.15074356890589005,0.08408110738972256,0.09843679241259051,0.12633999222214412
0.12356156810208385,0.12006181640248871,0.2340846967936442,0.13038687146989175,0.07543661421602113,0.11450364888943264,0.04273254533718082,0.06558549557610413,0.09364674321315274
0.02974821204938276,0.13650617974103127,0.12206604006841741,0.15637474751934383,0.11162203653672075,0.16012645906233422,0.07293776589364713,0.07591220710148242,0.13470635202764022
0.01656363386820085,0.13731847296471403,0.07331682910027791,0.1254324172621649,0.10738919240389107,0.14509713967424445,0.15198203098821197,0.10726025641455235,0.13564002732374242
0.14179904403417198,0.15165973108236122,0.11140856524445508,0.11686957178456116,0.07270336033433027,0.12356901176214381,0.062428783957810874,0.06714552157246821,0.15241641022769745
0.026995031181251433,0.12662133782543242,0.05814096264099499,0.10279611195031725,0.11898104026882976,0.133933369586105,0.17994704784703672,0.11706514012825357,0.13551995857177893
0.03379061553548846,0.13383870718228782,0.23307412752037315,0.13497403610282813,0.09311102757096956,0.14790267626858278,0.10377384577709602,0.06170589530253639,0.05782906873983762
0.02881092095091652,0.09967679019517772,0.05171803170402948,0.07026390845239414,0.06850189906661247,0.08579766098977683,0.3419160346296651,0.18377702117593553,0.06953773283549224
0.04094047233913726,0.11996698122596676,0.1406364156215205,0.11817979345581486,0.12715803500624717,0.14926973061360208,0.10979047775299555,0.10886088038831837,0.08519721359639737
0.14870102805013816,0.10154746772260005,0.041581668961547864,0.12453894773595714,0.09426436555365876,0.09889270222631308,0.133307067052332,0.14226360818472117,0.11490314451273163
0.10514552095789943,0.10262480166722597,0.10324957345918007,0.1333372077874776,0.13557524843057503,0.11998996680223,0.04806110663327936,0.13559682972357776,0.11641974453855473
0.035907753470864646,0.13097464218121968,0.2399883506773428,0.13808572977814562,0.08484061664005803,0.14605068309760896,0.06557662303187561,0.07530808496995217,0.08326751615293236
0.03352734939807453,0.13523591993642278,0.029704904459058035,0.09825786530057823,0.10252266237152403,0.13245064935862502,0.13672568750100242,0.12153101961840913,0.21004394205630586
0.11448806525978923,0.09349999308344263,0.044695186591219065,0.09953607893966791,0.09735773868322743,0.07392338400441521,0.22395861877144996,0.16130131288308058,0.09123962178370804
0.08767548950467095,0.10848254720784099,0.048857645060028564,0.10299868649023192,0.1212936007427548,0.10060475218391134,0.222752272344364,0.09574253964149478,0.11159246682470277
0.05771175694406298,0.13433521979362636,0.1555235238393785,0.14352329105420344,0.10844168361421147,0.148563425686555,0.060870282489025734,0.07787755349553704,0.11315326308339947
0.034293525425068604,0.1437837889265037,0.09857483904625775,0.13903137659108178,0.11370254631179054,0.1487404097613149,0.05241397274727932,0.08608426443667379,0.18337527675402965
0.029413140726862224,0.14537078241518694,0.13358176919742437,0.15729545348784918,0.09355888579442607,0.15503722390676197,0.06569141032107532,0.07036924504981941,0.14968208910059447
0.06321113223172918,0.11505326716755342,0.07547365477779944,0.10896362281881063,0.125439495099376,0.11717824485942085,0.116724297499744,0.160923618632801,0.11703266691276555
0.023462690440988226,0.12962939705702353,0.08892518767653029,0.09910420807336985,0.09239859813567662,0.2168586849302506,0.08478368132988273,0.14182998754176543,0.12300756481451279
0.0423259292628603,0.12010343193698403,0.034809257506101414,0.09555627174961313,0.11203582087737145,0.10447638822762638,0.16794492508264222,0.15129859224420542,0.17144938311259564
0.05815259030349088,0.13574356496657466,0.08436325629678659,0.13283149609677877,0.10926376411505695,0.1598544178181919,0.10794308763473982,0.0832995337999148,0.12854828896846568
0.04699781972942396,0.12698572103376624,0.07687081230451163,0.13562786485700826,0.13439696543118174,0.14133354901266293,0.10467172821173054,0.09146257304490031,0.14165296637481437
0.07144780566198146,0.112443165342111,0.044270820166905055,0.09755787813051918,0.08386022416485893,0.11589898424297752,0.1180308009442279,0.2134660239595306,0.1430242973868884
0.0566130287153602,0.12630180458277954,0.026537026572358357,0.11045441732123618,0.10999555704341825,0.10478147043663542,0.15063792464431638,0.10441976026634449,0.21025901041755116
0.03628646163122277,0.1220799451452017,0.18373987228985975,0.10766306719855158,0.09488986971991693,0.17232285467875827,0.13524668180032562,0.09018603396568849,0.057585213570474886
0.0401345768837884,0.1337307324578945,0.07276723168066111,0.1255541746179851,0.11695890488962073,0.16151674727002055,0.13761444903576572,0.08814421533571172,0.12357896782855216
0.027071533992545135,0.13714948039669286,0.037807074722556545,0.1093858744946698,0.11230848624502403,0.12658312938302663,0.1524203099500128,0.10586770557635013,0.191406405239122
0.03259813796474581,0.12607836556507732,0.08544410869884785,0.14118238205904876,0.12107903653300538,0.1729890780805732,0.0578073118763932,0.09805143051679233,0.16477014870551618
0.05875022043065481,0.11658993013453563,0.10936911714373915,0.10014572824861234,0.09768878472838705,0.15400704446032357,0.12333729229090278,0.15571160464839837,0.08440027791444628
0.025797956299771847,0.12325583404827493,0.23364977011305985,0.13276693847739798,0.10355246508932703,0.15460020275502892,0.06737508964970282,0.08273007297720644,0.07627167059023011
0.03340562535325504,0.10189828489312919,0.03840899227763231,0.102873762362593,0.06738973285382706,0.15805793660716722,0.2303403489502536,0.19673386719548694,0.07089144950665564
0.030188783829782573,0.11540040357933269,0.20859702237818567,0.08043021922525888,0.08574034381165857,0.15725020942077225,0.18340251510061797,0.10032432349597971,0.03866617915841165
0.028496147945613125,0.13027023439423066,0.04317173653081446,0.0917272333137238,0.10030628914229865,0.12283904173242959,0.21289221154884622,0.12634264632667672,0.14395445906536672
0.07295220882536844,0.11975427888804997,0.12452367197601939,0.12829199732261268,0.12980229025880538,0.136814888165085,0.09727363975022191,0.08821711177149227,0.10236991304234493
0.0123269773548908,0.14654813464079555,0.043486616713007485,0.0932590084076731,0.09002797082287035,0.16110129221815214,0.17831960632912192,0.11682584454010882,0.15810454897337978
0.018703655488233755,0.1360698837793839,0.20947192115493016,0.13430617926240282,0.08534330812214802,0.15621825345603177,0.08267663253012068,0.0876415400144027,0.08956862619234612
0.0975398298592331,0.1105375843063529,0.045096974761803986,0.11510146778720522,0.1000792820578711,0.10451045405615449,0.20104509559544423,0.11420977127916082,0.11187954029677409
0.029967965023227877,0.117598940028017,0.07273302672225174,0.08917461312497417,0.12059299331287883,0.12899621805234468,0.20195040346974935,0.13590530717631172,0.10308053309024466
0.31875421786241115,0.07026240811773542,0.04716634114839328,0.10842293317362066,0.11554719656382252,0.057245014974452585,0.08610261373220907,0.09937995615441236,0.09711931827294286
0.023311896756148354,0.11846188565812904,0.28757524677167545,0.09921185318622296,0.09577907674216797,0.13482793459800083,0.11052621783432393,0.08563720846470131,0.044668679988630174
0.10808355290595566,0.11809677677245585,0.06042113351018408,0.1258045408155466,0.11537398359805418,0.10822418402320129,0.14705144700967332,0.09498585932950142,0.12195852203542763
0.018140013565601562,0.10812356673993812,0.02993097162933142,0.08298650107761654,0.06606395102765215,0.10903253140988399,0.3547845370661394,0.15618743265411952,0.07475049482971724
0.2170866315320927,0.10306684147425405,0.17975483341470652,0.11291888284227498,0.0846371338823551,0.10218717858355199,0.06401585325936461,0.06656364384244363,0.06976900116895639
0.006279108271380959,0.12144460495106568,0.13399019257876726,0.07247165243020347,0.06901114432316861,0.10751827915205418,0.29770545470927395,0.14821879736171564,0.04336076622237014
0.07131037801317132,0.12270135913392727,0.0566382899427316,0.13274370906847102,0.11842702803401045,0.12422134514583671,0.06034341303109352,0.11402882843142255,0.1995856491993356
0.19499442293468974,0.09823527129850244,0.0753791951685862,0.12649326887544035,0.12268240157970962,0.09828399616837935,0.059036396268921876,0.09953573962972749,0.12535930807604292
0.08031176765066755,0.09957013580962194,0.3536946810724397,0.11105020029371443,0.07783548295878227,0.11312032807194501,0.09351667847424368,0.04747833622843204,0.023422389440153412
0.07811748704485129,0.0971461735970995,0.506186160706445,0.08280443363349195,0.057577783113992954,0.05600469276891066,0.045828126538183966,0.05728722309190881,0.01904791950511603
0.015982064755114198,0.13115263219738857,0.04432290117011625,0.08443233276143751,0.09207931349361025,0.14205796400106147,0.24559349892765692,0.11721151049656453,0.1271677821970503
0.06929134263380604,0.09596882224419938,0.043827135496109865,0.10665253395102782,0.05408173259217155,0.10178588271764705,0.22291370238924746,0.23010741996067688,0.07537142801511397
0.07034203635598249,0.1398961386143939,0.28209931008871675,0.1406792020598651,0.06527121987943185,0.11521560705711463,0.061015949914338556,0.04621412362725765,0.07926641240289913
0.05485517235400012,0.1306732847973446,0.17533998332624742,0.15768422062172693,0.10157724928344253,0.16034883678130615,0.06610523213684326,0.06102819122546229,0.09238782947362673
0.08372742869177106,0.1033020115405174,0.1452070876721863,0.10444797017094772,0.1242033021244771,0.1177040793531255,0.19201979044085937,0.07835255962400756,0.051035770382107985
0.1424987420915904,0.12060957180517858,0.10433861926327787,0.13294375493844393,0.10528375594883704,0.12331010952518068,0.09115031538653955,0.06613291467206883,0.11373221636888313
0.10740530661812385,0.10752066955153748,0.09827367293430746,0.12425835258161488,0.11680569849425597,0.12368181070372714,0.1752441801856622,0.07511110195835204,0.07169920697241905
0.031395270652222994,0.13064692689269883,0.18117470766436303,0.11737451133885068,0.08150509536365008,0.19024386423939502,0.12016626675389432,0.09147900195186669,0.056014355143058324
0.045312373386700654,0.13386293728974966,0.2954186154903293,0.11798441883165667,0.0691239400437772,0.11016399528046365,0.038034908570023986,0.08258772884386094,0.10751108226343797
0.06541060500687383,0.1003659261584432,0.19470648969079993,0.10938354389610398,0.09442147582367637,0.17421516413551283,0.06256435602237426,0.1406337809518029,0.058298658314412666
0.030033662146865158,0.12880432429878477,0.17190976415413897,0.11713351223924344,0.0973614008753692,0.1638445960987515,0.14086271695898137,0.086452619782198,0.06359740344566761
0.03644276562869159,0.1360858980714155,0.18652738971119612,0.15318054119554134,0.10152585308455397,0.1545058008117907,0.08186471075144973,0.06323394799794656,0.08663309274741443
0.022702892249512052,0.13537017775110025,0.047939326787587534,0.09442727260964771,0.10500921944993037,0.17655986646431931,0.13062154943023288,0.12242982974366946,0.16493986551400044
0.04851075719758799,0.11575585881018681,0.014473692944556207,0.0991397705133809,0.1005639695539204,0.09572059758403857,0.2164169940009316,0.12823291869833683,0.1811854406970607
0.01848754138942949,0.1409979395742723,0.07735579600096017,0.1171905547652855,0.10832841634395422,0.18732467213361018,0.10272991511618738,0.1019642129999349,0.14562095167636593
0.049912310610996186,0.12099702410475527,0.030545393927460123,0.12136550099871664,0.1268882917295761,0.1054723317567653,0.062399945415747865,0.12217154872985214,0.2602476527261304
0.15507545008607124,0.07420921249829972,0.35135511730557484,0.08760152859720612,0.06588063954056787,0.07957561255011332,0.035075578792254314,0.1295000923951475,0.021726768234765038
0.01916025947065639,0.13457935069118374,0.06398665545352743,0.11730109660472958,0.10946912529512703,0.1442764102161034,0.16851548334795918,0.10613228882927693,0.13657933009143639
0.02250917114204687,0.1118015764744625,0.06321975598194063,0.07788878645267433,0.08182164697422484,0.13772292602456257,0.32110083940193307,0.11479940037677451,0.06913589717138072
0.0728392743021425,0.11469837906462214,0.25176390417465283,0.1180933735864611,0.10013730879456996,0.12556710860896317,0.057218043688808784,0.08989496510983656,0.06978764266994297
0.02917775006540625,0.13201666049380856,0.03985135149413137,0.09854745696293843,0.10651096004761719,0.1411456475031459,0.12493802711189998,0.13485394699289135,0.19295819932816097
0.0675557827049059,0.12718201220369652,0.06736241365231573,0.12610215574739755,0.068590701538792,0.1674099916610227,0.12027326580703822,0.1455342384779044,0.10998943820692693
0.03759262287068033,0.11318103451610008,0.15865281786618335,0.08395638949374373,0.07669051288051192,0.1670140242824318,0.17822666800395912,0.13506441944051809,0.04962151064587158
0.04701077271758499,0.13130316178517565,0.10299192190441664,0.11351885483307445,0.07895210431694069,0.18999919777057084,0.1250456429978804,0.12324281754928011,0.08793552612507616
0.10243256719926645,0.11086625793333442,0.15161004012197501,0.122205601449847,0.1274551857062395,0.12779709116665222,0.07247714052745348,0.09301173740891,0.09214437848632197
