0.10951065773055957,0.14260174519239602,0.025249698841253134,0.058809337960227526,0.07827742008022537,0.19090145060941424,0.08433551629615295,0.09929875091077027,0.2110154223790008
0.14216731945966357,0.1180682040684608,0.0780118911663204,0.13005325647105495,0.11331518091397956,0.09100932337876799,0.08340743990948742,0.11533504495150863,0.12863233968075669
0.13582507516907374,0.11086000523411506,0.11421211622238157,0.16324620047984348,0.13017791521812971,0.04686985339025548,0.04399451645392365,0.12526607642003984,0.12954824141223747
0.14936310052678922,0.1241622109818392,0.05473975745043048,0.13489644473172757,0.11481294460771779,0.06574243018583843,0.11901553051543516,0.1268805145484047,0.11038706645181744
0.14497911438037547,0.186828569947063,0.0973901560070724,0.10791591348079754,0.11215456936549113,0.055302973589848925,0.03751516496707622,0.15013464526619488,0.10777889299608039
0.07612698568010227,0.10241240756382182,0.06327384408140091,0.06053495972720933,0.07917915563784855,0.05195580921274225,0.40524286673986626,0.07838440474644051,0.08288956661056797
0.10890612069874016,0.09310237204020344,0.06525577226247677,0.08953376775541315,0.09229111109129728,0.091084118133453,0.26946267740954705,0.09513964188596453,0.09522441872290455
0.11163550827235429,0.1439235476277369,0.04498827496169708,0.14983235366003927,0.13303470285821836,0.056583300630543405,0.037666979401991034,0.13019186957732756,0.19214346301009208
0.12989942776473395,0.09214170675767813,0.04176217275389193,0.12076017097329002,0.15894153106849176,0.14236508960378277,0.03577719528650982,0.11762832927380278,0.16072437651781882
0.09879423390890056,0.10108842502756998,0.042076942382811455,0.15475979300735546,0.08773875859909562,0.044498751509065876,0.2634713859818616,0.09653895828798265,0.11103275129535684
0.09744185245269725,0.16264682261374833,0.13599431173661466,0.07057322250956033,0.10497695406463642,0.04655372670247704,0.15788336031308256,0.13120350656102206,0.09272624304616134
0.07515209204507199,0.0910809266262012,0.05958354275535411,0.06596888259646044,0.08982501918928554,0.0582817861038871,0.3897072232617904,0.08585737385952004,0.08454315356242921
0.13543446602310108,0.1185467077120033,0.06850710148032826,0.12820735569582686,0.11659256993598695,0.09464813011272931,0.08036433162285982,0.1181543917395597,0.13954494567760475
0.09003062647454087,0.0903112592526159,0.11302109332735784,0.16821692915419895,0.08964617132480501,0.062378892069926084,0.1580299537173411,0.09138702997950955,0.1369780446997046
0.11223573150642731,0.07132373449330744,0.06135993741789348,0.0784908138511017,0.14724279838902027,0.26986482590437344,0.01950503245980975,0.09629410066650385,0.14368302531156274
0.09597319741197279,0.10622036330971792,0.058517798525149094,0.09046362332613656,0.08728493653821702,0.05658941220074915,0.317310836989112,0.090946809934086,0.09669302176485951
0.10766504188790915,0.1470414301747405,0.0434798847139141,0.08273187499877915,0.10230002022913821,0.11208280611083461,0.18205622388408393,0.10461351671271024,0.11802920128789007
0.09390330208399521,0.09098246147618234,0.07689837645744009,0.1315893243136089,0.07883145171245708,0.057357405557512064,0.26457103089948947,0.08392819592036826,0.12193845157894656
0.08765292686444921,0.1396703795573222,0.07779057525105894,0.16423905625183127,0.0622786130518454,0.014325406296372883,0.2368448530195073,0.09253049844984118,0.12466769125777154
0.09938132848460686,0.09906790406618031,0.24364657996452244,0.14070685457305124,0.10676524944664072,0.0484157802965055,0.046752072828534254,0.11899745802394857,0.0962667723160101
0.06397281403130971,0.07408150952250005,0.4293564892676352,0.12123614862983895,0.07115660291073621,0.018391698333323908,0.04422658588057502,0.09363533141981727,0.08394282000426366
0.092999104289795,0.16082632491189497,0.038512809332053415,0.07868464888939967,0.070355604828626,0.035734285552443866,0.31924810571728596,0.09028992675457163,0.1133491897239295
0.14361960996133719,0.14209932955669588,0.02375202608757665,0.13954423014429043,0.11531878365069655,0.10264170373872224,0.06423476569330504,0.12417941056812627,0.14461014059924962
0.0683066746853191,0.09285130022452039,0.03283993159216966,0.049238080126335036,0.0954238138163676,0.059366304649757784,0.43950381567657715,0.08377902351440598,0.07869105571454738
0.12524635809281978,0.06636074105140384,0.01541207768465668,0.11501912055434299,0.10578095656078153,0.2089535326625466,0.14209003105923587,0.10344015680292933,0.11769702553128346
0.12147800231605636,0.09099228423006704,0.06964227020572096,0.09537208734576223,0.10374053128457099,0.11254509631545005,0.2012674688826923,0.11124997433599809,0.09371228508368201
0.09723684839594893,0.07214179552053221,0.008426432516785381,0.06583512048072693,0.09393126669723519,0.1429724189498016,0.3485733778657996,0.08865321568629458,0.08222952388687549
0.052623473723512115,0.09569210177520726,0.5479563515026791,0.049217755976892257,0.05284190783909145,0.020221160584538794,0.020045876484868427,0.10826997712882562,0.05313139498438494
0.1482717872044875,0.14033928696639741,0.06305180061655917,0.09530731086704486,0.12507553238333577,0.09189397710527276,0.0787743348532207,0.15713792547287242,0.10014804453080943
0.07076045795409869,0.10035997046267142,0.05047438829168793,0.09323113294337487,0.06475214349309975,0.043929160578525334,0.40338302979383284,0.069918651847162,0.10319106463554702
0.0874310907821801,0.15815095450441005,0.17990822527604697,0.10385358622818068,0.0806415713518291,0.025580291814887454,0.15110527367581006,0.10964745538579257,0.10368155098086303
0.13713545250323664,0.12312689273309785,0.037600421842351656,0.1256433089756618,0.16440312123637948,0.1023246163184612,0.019070895242829067,0.13322472897815638,0.157470562169826
0.0604921140528697,0.09118194555084919,0.4807072133550699,0.06698556604265753,0.06681168110872286,0.01323482543856759,0.04588069667392931,0.11752901454908343,0.05717694322825053
0.09573239146300798,0.12574729144836547,0.018357140724525045,0.07724791599137895,0.08758283390600874,0.09548350228735188,0.29565381741882063,0.09324948925835537,0.11094561750218596
0.10022570347988487,0.12414538411984939,0.02679756248099076,0.0678516631993242,0.09595560336228304,0.1659537707222298,0.21591189044625966,0.09067828723390399,0.1124801349552742
0.07185683239312761,0.07615444879632553,0.09327234822489279,0.13830609343133982,0.06290585510681332,0.0372225856481424,0.3485623251624694,0.06789540837760692,0.10382410285928213
0.11305558516905649,0.10371041077706654,0.056295149004323364,0.1060511852157607,0.10856948046617514,0.054585042227179366,0.2474254134637893,0.11585629378070199,0.09445143989594708
0.09957582423242001,0.20183824877804754,0.06337994956878015,0.0644720867597771,0.10065416975434978,0.08983038409631104,0.16131403886185205,0.11097892934644578,0.10795636860201656
0.11444303295066037,0.12905467200708953,0.08718000378742852,0.15821319719914959,0.13077413131375296,0.05826553369601817,0.07448747430984322,0.13856923475489527,0.10901271998116241
0.09893341540265836,0.08989162106695152,0.02715125829945587,0.1509781077116473,0.0808169412559469,0.07658488645637257,0.2511808630506382,0.08952404634318978,0.1349388604131396
0.10871052425779724,0.10996611086696968,0.03868222675646829,0.09446870054515055,0.12130141829247165,0.06754251324372376,0.23608738755990732,0.1265610553220665,0.09668006315544499
0.08188818887352575,0.06472728869817121,0.01499930100703425,0.060552877157851716,0.08863937739701194,0.08598008775880815,0.4502777058150511,0.07702715491836355,0.07590801837418239
0.09034388935532099,0.16090007877480716,0.027809252728304576,0.059093696639158144,0.08010971040647254,0.08065093128260699,0.30749461895757535,0.08547922652571288,0.10811859533004142
0.0874891142121309,0.07858160007252754,0.05274320027217846,0.12531073917892996,0.07749448177338987,0.05018043650192721,0.35301034594948294,0.07810283403322908,0.09708724800620407
0.1293049257682914,0.08161665392621416,0.07992188881360862,0.10842939391697137,0.10239300146274244,0.14524397795255597,0.13436280140087287,0.09983837763074903,0.11888897912799412
0.06418053504461364,0.07316289818338462,0.07378576530994148,0.053495135819299273,0.08439444942667014,0.052700192886877,0.4456411682697133,0.07787546409124448,0.07476439096825606
0.15322902669306898,0.12287543924997589,0.03572736435619673,0.10823979904551147,0.15650737353012908,0.1461515626394126,0.013239209803060656,0.13638205016598623,0.12764817451665836
0.11583758034660374,0.08709638142008662,0.03862409214528367,0.08154865352639068,0.08839011717719818,0.21852250790175395,0.16731261074616832,0.08455321004498678,0.11811484669152805
0.07864167063306643,0.1153685086537229,0.1630561458842982,0.06463279754238425,0.06848201385087989,0.053364682511006296,0.28937151759740537,0.08090733996858701,0.08617532335864958
0.0787872618493542,0.0821524807587314,0.0633789165089575,0.059591973271414855,0.06709998428062296,0.13732274098735722,0.3501506958394309,0.0629072337144166,0.09860871278971434
0.11892151164054199,0.12522770466262056,0.028953250492759514,0.0709526695528737,0.10122706388182018,0.2148533002183258,0.13275254932209832,0.09843179689394692,0.10868015333501306
0.11425478042195918,0.09210023583570277,0.03954927794343422,0.19927567984799913,0.10843515891249134,0.02521925919036186,0.2099911313652153,0.12001428073789644,0.09116019574493972
0.08503622039221821,0.13693216335106548,0.1876312549106706,0.08116161231844833,0.07613374155499353,0.022373398095823185,0.21980704898073966,0.10361511526433258,0.0873094451317084
0.08138447767946967,0.08230133935911771,0.020141010480618476,0.10518449190259092,0.07772874701837991,0.058437089806761634,0.39673072069165755,0.08196549169553254,0.09612663136587148
0.08468663639243561,0.09751291694692887,0.20057046951626303,0.15029335032363242,0.07717747924383977,0.020827785908756394,0.17854102981701078,0.09445605061341052,0.09593428123772256
0.09573606262164362,0.10715310277249014,0.046430009498082354,0.08214929443717352,0.07238538921738864,0.05649448554292282,0.35487800327837343,0.07997313218740314,0.10480052044452232
0.08827635696664878,0.07056378229715178,0.09081908579897356,0.10381495905672568,0.09885689515918304,0.11505573179321005,0.25207312059235115,0.08818704192572983,0.09235302641002614
0.10201297592155452,0.08588997571687317,0.05269549354307152,0.1325335951482152,0.10167506646247433,0.11148911415758783,0.20724642618318614,0.09530284041528524,0.11115451245175201
0.09492275454937645,0.12518189656505832,0.06300671309221466,0.14420746214110614,0.075009677618775,0.05413913970246559,0.20011722701973175,0.09146240331346638,0.15195272599780574
0.10860521199226007,0.1259811567430054,0.2275566944347545,0.12600352214110103,0.10325721965167599,0.03350022065213076,0.049824584903987355,0.12883461448276576,0.09643677499831921
0.08529958939196307,0.07059766134196677,0.02462125846275905,0.07786907978772678,0.07957398781497609,0.07653029975449664,0.4275670464548675,0.07358041539349035,0.08436066159775378
0.08277253857826099,0.10331514309337596,0.05985044843287204,0.08129111794119737,0.08303018483256265,0.04735229660762921,0.3667051204249064,0.08477593479317891,0.09090721529601646
0.12492293389621593,0.11922795872624632,0.07429883420002788,0.21182392432497296,0.11811776363175301,0.03078209358910038,0.07928781061121178,0.13247801799927028,0.10906066302120138
0.10941386995144559,0.115108866334796,0.08371174338907454,0.07765622249902601,0.1602069173888595,0.1664432165941413,0.010475525767814825,0.11474199803697487,0.16224164003786748
0.12327655728000882,0.0782092537819858,0.022972462972520702,0.09556279716180027,0.09302145549952227,0.1673569613523208,0.21418903965668354,0.09190925970287588,0.11350221259228194
0.10655472434780407,0.08123160456260599,0.1629471535882284,0.08643069462517079,0.17574145220682355,0.1425121219968993,0.005181040606915879,0.11976627885180158,0.11963492921375048
0.1210248558518941,0.16119389717824822,0.07757321078778168,0.095341866957455,0.0903436828583768,0.08296553698852577,0.12197784097443364,0.10605581724909237,0.14352329115419246
0.10550872251564691,0.091802465210801,0.10342297568797836,0.16852566947113143,0.11651377624678351,0.034676215633595145,0.16089344365431327,0.12456382149113294,0.09409291008861732
0.12574152656514762,0.08374045587979607,0.07138388435935865,0.21991351146061813,0.13343900207001488,0.051375025989194,0.07443689463816695,0.1275486935056859,0.11242100553201774
0.09322104376815227,0.09938251757448369,0.05284580617373196,0.08415080535827163,0.10231319671784563,0.060855889687813546,0.31484039481423154,0.10192158193385341,0.09046876397161648
0.059317837308095554,0.07896311049685728,0.47028963381625827,0.08270076556288111,0.059163817009919274,0.010170018192365913,0.08086791101660248,0.098621658962726,0.05990524763429409
0.12866704710284052,0.13116848542800058,0.038616180238019486,0.10219806458105267,0.08966412171085665,0.08589977427056567,0.1712252682276931,0.0972776718863342,0.1552833865546371
0.13165622041668176,0.11622484365136525,0.032151483032936364,0.19428903153036212,0.1226851453699236,0.07446009714326195,0.06602121723340323,0.13000133326592453,0.13251062835614125
0.056821120253689024,0.07818516736006868,0.5825932415449993,0.05166889281970436,0.04355289738006102,0.014557166605464944,0.01583630098404795,0.09628241238923803,0.06050280066272675
0.0850103770532431,0.07863514403113524,0.04833593180776683,0.0797648924137311,0.0577847832650731,0.06038065875226702,0.4175546788103724,0.0606445894180359,0.11188894444837529
0.09681652331024343,0.0757741202142081,0.11481761376770279,0.09552179026228513,0.0731490072987156,0.06274933095090822,0.31093071390527555,0.07885903936316963,0.0913818609274915
0.12369514981348095,0.15117912613303272,0.10760300943476735,0.1624145436054658,0.10565712251203159,0.02183789895348676,0.08496258885009687,0.13832810525963762,0.10432245543800034
0.09667356608841803,0.11625095409961102,0.06777201473070583,0.08691782476067005,0.07908888814630373,0.03786146880610736,0.3310619427851135,0.08978436792296596,0.09458897266010442
0.0737839984605786,0.12288415098770937,0.40535381007795035,0.07868077661605842,0.05310652844443812,0.009752483489278195,0.08809002640453627,0.0960328826554916,0.07231534286395909
0.128809626214519,0.13752819990431764,0.12447844096255396,0.15061654855991827,0.11045569213293326,0.04106147297468884,0.04971177164181498,0.11815559364708679,0.1391826539621672
0.14523341822222066,0.1052005504672618,0.049523345107030804,0.19393645908496324,0.16103659616419488,0.04990546651045608,0.030838462303977774,0.13599415839233528,0.12833154374755948
0.07944008438631305,0.0919403490853015,0.03015495801569756,0.05258654556595991,0.09280171722988075,0.08048317958349198,0.40855566553248535,0.08429636480445757,0.07974113579641234
0.09634492375213964,0.056126124414775776,0.01535169343081036,0.14485293131594065,0.08294943641197666,0.06278502308611024,0.36936651272877685,0.08275614948346988,0.08946720537599984
0.13465439127325776,0.13357885915389547,0.06699140968425536,0.1619582272422484,0.12966153149133033,0.06574888413517037,0.03783034065226753,0.12132197061970053,0.14825438574787422
0.07642145482356615,0.08201743990811618,0.033087887814391946,0.059484272917074615,0.11133788568763892,0.04879034357512304,0.4034110445764288,0.10269021980444848,0.08275945089321193
0.13927568571549565,0.11492693897437856,0.02302637332019332,0.15838655185799277,0.13018349728545897,0.07700935856908098,0.08889463901917878,0.11385386939704258,0.15444308586117844
0.05744068939909223,0.0866342422353115,0.5668442848059597,0.05314443734078509,0.04363906460722119,0.014610998417443538,0.02201014019531171,0.09527530088304448,0.06040084211583056
0.12748872538970588,0.1101214945139171,0.04198567679237139,0.11723146305651024,0.11510334941959648,0.15430789731395225,0.10331823386437378,0.11046546850276458,0.11997769114680824
0.07642145482356615,0.08201743990811618,0.033087887814391946,0.059484272917074615,0.11133788568763892,0.04879034357512304,0.4034110445764288,0.10269021980444848,0.08275945089321193
0.1292752645562325,0.10335958585188125,0.04318456831924019,0.09803373350437583,0.13499867899799947,0.20621476313362752,0.03206808962897276,0.1117864345294945,0.14107888147817604
0.06910948360724786,0.10836239468236815,0.04774223472873405,0.055987778003211336,0.07501411273219906,0.056111221806603793,0.428426942996823,0.07174539515216287,0.08750043629065003
0.10898275103586459,0.14662394695312195,0.057486024887838015,0.10667004094550549,0.08888687561990316,0.04347798515202481,0.23106813630112857,0.10506450403944088,0.1117397350651725
0.1260432258560583,0.10545599219157598,0.07725472536897894,0.14921847400681074,0.17685290190000802,0.08542704521745058,0.011543531810003305,0.14357843742814674,0.12462566622096738
0.10421105634034487,0.10085333872706188,0.03477080282452038,0.10060962515290388,0.09091530224623816,0.1399377960933589,0.21408423315413502,0.08810254712337913,0.12651529833805772
0.05881459146854301,0.1063089836028196,0.05122800482874613,0.0461292201951019,0.07336713183565742,0.04587789337577539,0.4700607235343944,0.06891363810780528,0.07929981305115696
0.06706234262140486,0.08057507473542352,0.028047595881585397,0.06671010196951184,0.06428293285389505,0.07998432108355218,0.4495927830834792,0.06186024234737549,0.10188460542377242
0.10513409236379256,0.11921944922266665,0.040089348726230344,0.19669639721445376,0.09489085829353987,0.03359382918929991,0.1823961711486081,0.11459671568349712,0.11338313815791158
0.11846574216971538,0.0959900658066626,0.011840804965717282,0.08931184832100249,0.09193130949940742,0.2003305924777062,0.17471317243156279,0.09502537668253414,0.12239108764569163
0.1354949916593991,0.12975582749672432,0.06040888103927874,0.1141274851826829,0.11638633580190344,0.0577937482051448,0.14850469954975898,0.13530657627051368,0.10222145479459406
0.1452991550310779,0.13233394926971717,0.01003766973681351,0.09840864202405118,0.1386121487962246,0.18585974805040414,0.020168264954410296,0.138770205419948,0.13051021671735324
0.1165959160376151,0.12137345725524949,0.05564296729962589,0.12812066492880755,0.11289209058641242,0.07789187221752393,0.15967510776397317,0.11697158179959433,0.11083634211119815
0.12981162579412994,0.09881921310677932,0.10441652655438545,0.17517359668405327,0.12180038621643004,0.056931273095986834,0.07598203108971747,0.12144379052875141,0.11562155692976624
0.156450164476187,0.08775239575215728,0.029417597118659544,0.14616676928264047,0.13258525275013278,0.12256149269423461,0.0863155029400473,0.13710214711023447,0.10164867787570657
0.126698600420411,0.10517806266047451,0.054599839977643706,0.13255069087255547,0.17635985363379858,0.0696238483316021,0.03746358967469011,0.11932719946010285,0.1781983149687217
0.08055672193530884,0.12151942877990048,0.06983428272949313,0.056682747896871256,0.07893978460650482,0.07587958567355417,0.3488000826682045,0.07960991397342694,0.08817745173673579
0.13610833359245125,0.1499562672663771,0.0891523531666759,0.13669860848561657,0.12770176388056448,0.05639642549212239,0.047034060344647056,0.15211905704408127,0.10483313072746399
0.05232930057074996,0.07374298619183219,0.582938907549765,0.05011777197926268,0.05112804047352878,0.017714349357584896,0.011974954862855125,0.10879789518418438,0.05125579383023702
0.0879389583601008,0.09882868011455907,0.07412898940716839,0.10236321400555876,0.08547515028268478,0.04414913951823207,0.3239928201048598,0.09000305457986058,0.09311999362697587
0.06786667073979706,0.04832502279402454,0.016195376388068325,0.04091143124530112,0.07101681327561336,0.1475729432221693,0.4862049352056477,0.055240099313277835,0.06666670781610078
0.055248460889963664,0.075750392996832,0.04134713753281279,0.03930816191163087,0.07992662741373431,0.09089622717708297,0.48405482390760907,0.06209626834988469,0.07137189982044957
0.13327170602221253,0.12776040513172768,0.10592881537641147,0.11387376062339977,0.10465807937481804,0.035532014910919126,0.14807777812601045,0.13178932203318583,0.09910811840131517
0.12974433128760343,0.10471265040696594,0.08486466231506268,0.1226204158540457,0.13818326017112456,0.13096510515638538,0.03380107515167189,0.12000651974798848,0.135101979909152
0.12800986505321668,0.08960455884743,0.01618511434084781,0.08442015836689325,0.10012010799794081,0.21889572834767113,0.1631673084493589,0.09981198667842783,0.09978517191821364
0.07292085026815286,0.07758886836558165,0.014532922770453087,0.14809103226542772,0.0564375813724638,0.05749085078127908,0.38933685755724384,0.06728931051587145,0.11631172610352643
0.11358818227861651,0.12359473245398667,0.11002571055985277,0.2189402756270197,0.12479125898822936,0.026409279723607137,0.0293556994802934,0.1299357848293979,0.12335907605899643
0.10788315141145555,0.07113100311945207,0.05703466847088102,0.20113891031853795,0.11046121178869173,0.05189224055772231,0.19289209369487628,0.1090884149905993,0.09847830564778375
0.09624759996953701,0.13198254832560713,0.08376787182638108,0.0869943154852058,0.08256111424552369,0.04867974590839569,0.2740902516698948,0.09465447670702394,0.10102207586243088
0.06858164508517674,0.09620776822884758,0.39465935768490396,0.11472275065278591,0.064941337569133,0.01822821185342878,0.050480681968864294,0.0922871559810687,0.09989109097579103
0.10868930936662931,0.12643673635783992,0.03294574361174157,0.06275459310974889,0.1483856828486717,0.20346667609159805,0.015748927531017535,0.1040588475335185,0.1975134835492345
0.12014580285354852,0.16720855942279847,0.10051393184878289,0.10543303292090916,0.0871150132400479,0.04165709348442248,0.14701858620638053,0.1116189151913423,0.11928906483176764
0.14606181548812372,0.12297854788810376,0.10249658737793259,0.1449929445389964,0.11872059361894227,0.04170617315796835,0.07740819208561996,0.13894917075397648,0.10668597509033646
0.13015281678272894,0.11784976642157956,0.16452059240695258,0.15313144267809167,0.12058120486475264,0.0383171030665585,0.03412816861950832,0.13095229208230125,0.11036661307752654
0.11824140115571087,0.1682683059771357,0.046083338440550126,0.09905673197635005,0.1194391288882684,0.09644303270624198,0.10352560082782652,0.12956479546668184,0.11937766456123451
0.09081509793659809,0.09866408093639507,0.03744177285973036,0.08456659278505667,0.07200965293041249,0.12382032581010023,0.28101161452951934,0.07460552951105438,0.13706533270113339
0.13461170470286382,0.13986281386123434,0.02568343431083789,0.18954434986406118,0.1115617251829627,0.04405237656746261,0.0853668372829343,0.12302184847826104,0.1462949097493822
0.08610942812302776,0.09754904754191392,0.08329144677620372,0.09947224010271301,0.07600390749914364,0.033065862481413535,0.3513766260643596,0.08383279092773961,0.08929865048348506
0.06241526842020854,0.09465517898212532,0.5086849534432402,0.06397721106227229,0.055285776171024925,0.01832399497552111,0.03357437014210682,0.09902233482724014,0.06406091197626075
0.14030174563921705,0.10260461254181673,0.035795774985345856,0.12595864166020035,0.15781657249752534,0.1485140171223612,0.021061295037525893,0.1382017199532327,0.12974562056277497
0.09091969315113535,0.1041179860265813,0.051473090701216896,0.15178354974070696,0.07685910523610301,0.0683924287833172,0.2253414281616644,0.08683906126728824,0.14427365693198663
0.06700752348311838,0.10660651146617661,0.04752221309869572,0.04892198856771631,0.08392751800347248,0.04483347491606315,0.44039806360400774,0.08125537944076995,0.07952732741997964
0.08839217550140759,0.08088935147613746,0.032113079802813,0.12958038355025775,0.0701251034386671,0.0609335958874516,0.34712593752918847,0.07219735997756384,0.1186430128365132
0.05048667991404415,0.07947148217869006,0.5479948392687546,0.06566289058767438,0.054267953684588,0.013659911542181422,0.023329275938107127,0.10109635224916665,0.06403061463679367
0.08422141822437053,0.14855779611386524,0.15991174069529845,0.06992962023411894,0.08824194871738096,0.1000943098141968,0.1371979649438393,0.09516082416249129,0.11668437709443853
0.1365892404569529,0.10538801550758954,0.05618109375882335,0.16115693915191806,0.15325998857780967,0.10456104620400075,0.02560871391247627,0.14041861360522742,0.1168363488252021
0.11898044617114761,0.08487883570334721,0.03629432421146501,0.12062992043472591,0.11006409472520662,0.16908512402263734,0.11931864589784286,0.0978711727913501,0.14287743604227723
0.1203286602268711,0.09371736461291003,0.0636371007136572,0.10925586873049849,0.18751448561350692,0.10911144192850493,0.02316636298553726,0.11745722171507338,0.17581149347344074
0.06955048698353768,0.11017260216965981,0.10075167363511071,0.12635570770791293,0.06099471486088276,0.023371188873056652,0.33347451944628975,0.07487077061682916,0.1004583357067206
0.09549929334066332,0.13263391741028346,0.06292579538452538,0.05606446904315796,0.09931250303144296,0.23824145691554408,0.12410830085815827,0.09039182719598532,0.10082243682023924
0.08406416203528416,0.09603701007876832,0.11876396253539638,0.1679967777220953,0.08044102903098482,0.021052260433420403,0.2448361969565287,0.09422373406990724,0.09258486713761471
0.08034102881821593,0.0996394975957628,0.10794137160644895,0.06963069894978917,0.07740885858406717,0.06083425991791768,0.3374367062082591,0.08059262966235001,0.08617494865718917
0.07566339838687296,0.08271329481772653,0.4398946070226087,0.09810310501054798,0.07014419989922181,0.009640286267398272,0.048152812968735914,0.11210738540189717,0.06358091022499063
0.05876126059173625,0.0990382002230712,0.3788499850794007,0.09608239240736893,0.06371346510279892,0.013942044606131493,0.11769738751808835,0.10033504336189421,0.07158022110950994
0.09483692019584376,0.0815466327302767,0.025097398987469276,0.10192819973996275,0.08646021902989814,0.0857767605134694,0.3417189058555031,0.08400878626000556,0.09862617668757134
0.09600336672919545,0.12170546906436693,0.0452313160186587,0.086949046748056,0.08651887877735458,0.025339286441155313,0.3461964063309591,0.10139298209320054,0.09066324779705344
0.14155877562937394,0.1106822363732279,0.0231929437975149,0.0886448208241616,0.1256155869209924,0.25977397338155195,0.019431983834058933,0.1259662857435014,0.1051333934956169
0.14820781314423914,0.11609291045487204,0.060962549926713454,0.09710383575741273,0.11578120963869538,0.10969437934767112,0.11195666154899298,0.14154449452109816,0.098656145660305
0.1470053312700623,0.10166268579004066,0.04254078559934046,0.1851255021890007,0.16352611388226487,0.04971936083856227,0.039563119394406425,0.14081883927593833,0.130038261760384
0.08092370526122261,0.0717934759274846,0.014755922617221959,0.07678866812093518,0.06714697843538325,0.13655283154011558,0.3724288193783763,0.06753755630009152,0.11207204241916892
0.08529671664672654,0.11869111596260899,0.1005003313644145,0.06461691273182639,0.09906514716426157,0.060079554448459326,0.28190763833642407,0.10329249444130877,0.08655008890396992
0.1521798906366672,0.1469286483789215,0.035393445633960255,0.1438379689063597,0.1303467558579722,0.0749053671681044,0.054779399210398795,0.1510463603143401,0.11058216389327592
0.0724553663031701,0.07656527218753334,0.018131290691693013,0.08123808324123656,0.07042789340830412,0.0734246096066396,0.44302209874574655,0.06908230084233764,0.09565308497333906
0.13204201005493363,0.0911639991058135,0.04748368874643069,0.22524884163450096,0.13671018613289343,0.05060156780318115,0.06705399332935691,0.14487472195699194,0.10482099123589782
0.14688761963472832,0.14320770713024222,0.06216116323234927,0.16134615998179502,0.12011571157977496,0.037902861128839706,0.07373200864220752,0.14447383978702308,0.11017292888303987
0.09667341955832882,0.12940236610171482,0.10930364150981252,0.14867811589171068,0.1033233133079205,0.05531442088242017,0.12279352263986475,0.11374298185880115,0.12076821824942664
0.11403194485233396,0.11483890562170586,0.1887906509596804,0.19166962217617908,0.11467817462541573,0.013251590923623907,0.03152899291229481,0.1433743089007233,0.087835809028043
0.10405008815103432,0.1362617635591849,0.06087578935928543,0.10497104476723644,0.09329970048693988,0.06470768285039703,0.21940007188217447,0.10248938650860119,0.11394447243514631
0.13447605345423297,0.09706348751800183,0.06361924491360937,0.12869802469631111,0.17031043402325405,0.10679439420197846,0.022614081447186074,0.12673299074088645,0.14969128900453968
0.08672673824247872,0.10681207697428617,0.05841875175057696,0.14285711951758426,0.07145908598002783,0.04886173597931968,0.27734176976351294,0.08073503535449142,0.12678768643772206
0.07559052436421639,0.061043569383666556,0.052367880947662815,0.10998189105118601,0.08983042298108347,0.06206200725663219,0.3848768107789589,0.08134303276219604,0.0829038604743977
0.15070850102173947,0.12129990488111493,0.030440418873179664,0.12554339242883641,0.13246486785237835,0.13360831810205812,0.042504188054969506,0.127404075824015,0.13602633296170843
0.06878709611283718,0.11311834274155375,0.06543996435892559,0.048157152739723964,0.08091369904392062,0.05982726137453751,0.40502111135538693,0.07964344545689901,0.07909192681621541
0.07460879616181959,0.14447517813729824,0.0897524064821792,0.1975369614395629,0.08250789548129213,0.038134485958003596,0.07218927410111751,0.10498818403340444,0.19580681820532234
0.14632951868093935,0.12318723787360626,0.10366297848103073,0.139409364627343,0.12394192248993419,0.044011198183683826,0.06842192760547693,0.15111452207481174,0.09992132998317389
0.07658448241366422,0.07276659937296019,0.01812407515806862,0.06960178121076362,0.0867274048597101,0.058673051231415065,0.4561943677426032,0.08038725866975915,0.08094097934105587
0.0664974759165433,0.10665762396331814,0.050298481087925895,0.04532062715239777,0.07244826970643503,0.12239898038414604,0.3784504853932346,0.06476692577637942,0.09316113061961973
0.10375845221935716,0.12869272253623773,0.1316106036984754,0.07810362473715243,0.10368729590595481,0.08353759616544,0.16021505485086873,0.11705118528582052,0.0933434646006931
0.13800702433066783,0.09105438034011054,0.21330519836053483,0.1363578339355276,0.1270607202362515,0.03607688625455221,0.030765985283812625,0.13709863995020038,0.09027333130834242
0.11318697020232638,0.14398000164099153,0.10222009902043665,0.10622426347125657,0.10863644119401955,0.03181412106198412,0.15637035399285212,0.13848775862916077,0.09907999078697242
0.09969034600633463,0.15329789786928957,0.032037465866860765,0.05877999452990231,0.10216647984091409,0.16001007012259463,0.18826896220514586,0.1000220758463608,0.10572670771259733
0.051701056778519196,0.04540447678267614,0.48285577128196716,0.14148926200383766,0.06458546655309776,0.008086061697232033,0.04364429625788324,0.08422901546777752,0.0780045931770094
0.13363049758779655,0.12608503493558298,0.039903266032850444,0.1072579437582219,0.12199981909316188,0.1752753533516964,0.0504346600810431,0.11514083144327568,0.13027259371637104
0.11406719801911407,0.08685625833820183,0.01587952474945857,0.07437921412273722,0.08699598435600571,0.24620447428775627,0.16967592551452704,0.08399478098953922,0.12194663962265995
0.08135174224545687,0.05574556687402458,0.03761217561209978,0.07315435515358017,0.08895083376011385,0.18387374239543433,0.3217432230685771,0.07356599154042852,0.08400236935028475
0.1479363070750533,0.11243792689657832,0.0524862275487827,0.17047010750949645,0.13103685468230655,0.06690670176824987,0.06454293980336347,0.12806813796485725,0.12611479675131204
0.08034102881821593,0.0996394975957628,0.10794137160644895,0.06963069894978917,0.07740885858406717,0.06083425991791768,0.3374367062082591,0.08059262966235001,0.08617494865718917
0.09538171125803376,0.08940678842892474,0.011091559035782843,0.0584574252672234,0.08941160430530133,0.16303936232868652,0.3247565431031631,0.08033797329324723,0.08811703297963709
0.07268782490463745,0.08224479059701657,0.3148275213309062,0.1894202916855197,0.07237056397405622,0.008055188648358235,0.07079414297933297,0.09319849733520563,0.09640117854496694
0.10143411294155454,0.09599868432939311,0.03618483665672429,0.07272913843747765,0.0887360011625914,0.08735516093199265,0.34100232136197656,0.08770262869269835,0.08885711548559146
0.07993473111022821,0.1083126764470707,0.01875920266362842,0.04737546771006331,0.10209360349293034,0.24732625495373098,0.2132670649435787,0.08357246692957382,0.09935853174919555
0.15148360673699476,0.11034856151990428,0.031123043354953667,0.16491290914659054,0.12217147106971994,0.041841549990758335,0.13510464502608396,0.13978009281625559,0.1032341203387389
0.128915363770031,0.11722149480932094,0.034503859029002694,0.1478981219717868,0.1197529537909865,0.06454902309019836,0.14933991326916682,0.13045562282254694,0.10736364744696003
0.08478519715854392,0.09496088312865347,0.03390208318290158,0.056799564248692584,0.08323749702354744,0.11491474900529848,0.36977074092010564,0.07559527658197047,0.08603400875028643
0.11004655002039139,0.12557978387813906,0.10578539432336338,0.1085841729554925,0.09430727690210539,0.025431419682586748,0.21770491771471812,0.11877762562102634,0.09378285890217712
0.07805769347556957,0.07238785907976684,0.39869497052937897,0.06895115004774392,0.0875752969583267,0.06340069344582065,0.02017069628520425,0.08430343212163942,0.1264582080565496
0.10980459954275129,0.12065202376896876,0.1553064539181511,0.1420822018771204,0.110539186503315,0.05632316224114203,0.0716264743743484,0.11868540376331882,0.11498049401088421
0.07942890003859883,0.11038067374414211,0.05580478898799024,0.07229010939421514,0.0777019182562462,0.04160185271802741,0.3912227755287609,0.08148636065804774,0.09008262067397149
0.10113112213457814,0.13023210556343348,0.09633502752603683,0.14672797551901443,0.1520938667574723,0.05354349685120369,0.017784875233597914,0.12069325360751576,0.18145827680714746
0.126698600420411,0.10517806266047451,0.054599839977643706,0.13255069087255547,0.17635985363379858,0.0696238483316021,0.03746358967469011,0.11932719946010285,0.1781983149687217
0.06491146726794503,0.07022046670035521,0.020140295521795495,0.05156960882762062,0.0785550561475552,0.05236411318772174,0.5284991916634264,0.0630103782195968,0.0707294224639835
0.10128930250959371,0.09008689241864627,0.01749227779168673,0.11461514123829296,0.08828270993854785,0.1203689597984487,0.25633415654703845,0.09358265690839725,0.11794790284934818
0.1268292442185634,0.1212411690924915,0.03412971800800285,0.14335955014674667,0.10412449825428828,0.03716030264834635,0.21044343157560377,0.11930806365764672,0.10340402239831044
0.10097768083820097,0.09672921868202111,0.3024156180133654,0.08850887707224138,0.09784109553786352,0.07224648022074286,0.03664238588593343,0.12200898526484005,0.08262965848479124
0.14454228151405168,0.12044852524768769,0.0163211404362206,0.1017199630670258,0.13930532590040565,0.17682775961621747,0.02564452967883099,0.13048306842792934,0.14470740611163072
0.06289982212183806,0.07383155215376985,0.49763688795699296,0.07689974557624224,0.06492188875484645,0.02694791770011951,0.03376549627481446,0.09577587703587087,0.06732081242550568
0.15687049502135852,0.1341789293126512,0.03671444659383705,0.14242857999533567,0.12357935749575284,0.08482014490623813,0.06381136880839701,0.13017397223365598,0.12742270563277355
0.10876068125428,0.09289881459445892,0.009178698004833183,0.08265469452584255,0.07149122058435217,0.2551040747750612,0.14259386066257995,0.10079757816857364,0.13652037743001838
0.1255515397980905,0.15077756411777446,0.06304238261629914,0.07891715795772243,0.10549620753172288,0.12049428683762027,0.13416003153166542,0.11609052066517982,0.10547030894392506
0.1005965723711329,0.09757769111268721,0.0661080571922422,0.12449646103351864,0.1003706939597936,0.056977840931571426,0.2529984234643685,0.10279822976250645,0.0980760301721791
0.08046323773150378,0.11195006985813467,0.007801556447754915,0.044287549276491006,0.1030695415939905,0.45557252302926177,0.004709810255634494,0.08648322846497691,0.10566248334225198
0.08130333520025489,0.059425719780804374,0.048327811432731904,0.1476329421543083,0.0729441151082616,0.0817438998998921,0.31637255684252663,0.07178521822753255,0.12046440135368768
0.10216985608193511,0.09911846496523295,0.13688243083130416,0.2204845432636926,0.10856130152866124,0.025905765904106204,0.07151465403049952,0.11576584328965343,0.11959714010491478
0.1010033124598957,0.13320669648780173,0.039871342022027405,0.07256527251796717,0.10165042232020104,0.05088215810381183,0.2989602470497368,0.10873491727587631,0.09312563176268206
0.07271719781470122,0.09124741425880108,0.018307072084531167,0.07059816763266052,0.05232704460057736,0.08206226454130265,0.4280163424495858,0.059266990707838495,0.12545750591000163
0.10542984468198928,0.08867660721254907,0.09999950620632665,0.12798940086828986,0.09615440956941716,0.1042370079605409,0.16586758404325105,0.09377284463120983,0.11787279482642617
0.11941498755090148,0.06481440700281935,0.021856098394378656,0.08122596418064706,0.13018813567582108,0.33373481937809557,0.03037527216169847,0.0980955755963343,0.12029474005930406
0.09415081024771792,0.16811775383997718,0.2526386632028838,0.06951306446334947,0.06865434133618283,0.055242110819864666,0.07376214376381936,0.09547821501524974,0.12244289731095508
0.11736095882398906,0.11984543843856477,0.06317600938926103,0.15118409910181083,0.12527057477019155,0.10024523330905588,0.07774073871297826,0.12178667710004232,0.12339027035410634
0.12649549593152878,0.1147753238400749,0.0603337461892969,0.10087903080024395,0.13262999854286936,0.1963250879610163,0.032110177275600914,0.12046241637755413,0.11598872308181478
0.07547249242995256,0.11783643991030075,0.02683186635704977,0.05957106731237908,0.19910170524806262,0.2549550185749721,0.00964287844953117,0.09741252788138732,0.15917600383636463
0.0606197469163289,0.07797593149667971,0.4962378323149242,0.08141219442009968,0.058953546461676276,0.019449606640054674,0.030790980824419823,0.08867515258345389,0.08588500834236279
0.05305251838264726,0.05091257982793109,0.530991838774718,0.06601286209259598,0.08754436338318045,0.02015741367724955,0.00861820367451377,0.09159467756833639,0.09111554261882754
0.09229486442790426,0.10440296602300518,0.07121579914235943,0.11072684824430203,0.09344265963439445,0.02266186862604064,0.3083414382306114,0.10752439016354386,0.08938916550783886
0.1571714709015832,0.15115091747551865,0.05233197393313135,0.11034526088971675,0.12012870234613744,0.10098615112484836,0.055217186609043324,0.13974208764088672,0.11292624907913427
0.08611881203993492,0.06776960255529808,0.026634377936755948,0.06400678916795413,0.10897306938796342,0.11025738880704522,0.36308123297683226,0.09369366892830233,0.07946505819991366
0.0876994704483034,0.07218868458443807,0.024787281228829033,0.06718195846506657,0.10358465083017289,0.054201712789787054,0.4176571560591496,0.09523170308484823,0.0774673825094052
0.09150144805549189,0.11359878476954126,0.03990980022386504,0.06174055314447833,0.07091604943476626,0.12120042355731547,0.31481495659002684,0.07212636701433617,0.11419161721017883
0.13294103899868784,0.10786094046820716,0.015238217412287357,0.1499483550161328,0.1113018908684587,0.15828785658187128,0.06163193352557365,0.13080447823837357,0.13198528889040764
0.1200119950279428,0.09376161993634462,0.1400823184250761,0.1805244799748089,0.12287366877992201,0.038889730842863464,0.0612507101568611,0.120883850752735,0.12172162610344607
0.06664478134230804,0.10528128159426148,0.10469194910975492,0.11439601513422452,0.0635401689026201,0.03321936490362064,0.33381752227012634,0.07522604450134814,0.10318287224173578
0.05666416560419657,0.05156536146693499,0.5067401442751128,0.11198580350805092,0.06257087302079624,0.008479834855483953,0.04860311407029968,0.0927358798024427,0.060654823396682135
0.11666002354878958,0.14331136771922512,0.06916380033585279,0.15818827355884388,0.10104690986734055,0.048237654112484006,0.10850420599847088,0.11826439739756724,0.13662336746142603
0.10809764306205771,0.09987280424261631,0.02095434989144024,0.0689302193289628,0.09676768188309336,0.21487917665005743,0.20031258500905738,0.08921843649370538,0.10096710343900935
