0.08234326459387574,0.27964231223499864,0.06758727061886081,0.05504118225627064,0.19907367527911343,0.08776868102652584,0.06393851648556297,0.06559313913905364,0.0990119583657383
0.11636330735656032,0.1494251644588353,0.11159327230775724,0.12269729183959255,0.1007471326171489,0.1054308372198496,0.05229497217606487,0.0950194553052167,0.14642856671897453
0.09676728145175399,0.18011501537650362,0.1102290644867263,0.11879712079440141,0.08124437276575185,0.10248462068416982,0.08797829143413101,0.12996010886491371,0.09242412414164826
0.10960427097114465,0.09893189995276735,0.051308095497032837,0.05893464475976523,0.2639786845461097,0.10147159613904595,0.05731556916037053,0.07393001846947367,0.18452522050429
0.1299339431694049,0.08166691097140878,0.09377036645839498,0.13096852201394202,0.03341342698035418,0.10751570744337714,0.08154680198568845,0.2083057499931976,0.13287857098423186
0.09338706293835493,0.1926855745447564,0.13523196807550397,0.1271776417936841,0.14688804518732504,0.09683379632978388,0.07311717114183174,0.059706610857578675,0.07497212913118124
0.09776963777926073,0.1579519737914021,0.12366232001575965,0.08610816708296914,0.19761523970584527,0.11526856919662608,0.05521613099140271,0.04122803125542159,0.12517993018131274
0.09488622864732761,0.2245506341714145,0.07243107604385035,0.11862072233885033,0.04632725368534599,0.08242137583140771,0.11011548693021733,0.17745355368401175,0.07319366866757444
0.11530958079954827,0.08129959365077814,0.1567100605571755,0.140197763360953,0.10351247137518305,0.12276318277002655,0.15055119524849028,0.04852818563044734,0.08112796660739788
0.11592392075213918,0.07102573936194372,0.09572511473654466,0.14146516863866265,0.11360110555428514,0.15153615572135662,0.08219233633513777,0.0940465672602463,0.13448389163968388
0.08730082373995672,0.30919156014246485,0.08142254438654271,0.09020825690050711,0.0881642244683518,0.07623334350446531,0.06634943640635742,0.1279639305052563,0.07316587994609779
0.09187004938782789,0.09318295298361985,0.08524413728698732,0.13720269738963853,0.08543926799047824,0.1056616795362777,0.0830985754069583,0.16985825164109333,0.14844238837711873
0.12454086610821709,0.05603506865230631,0.1016154657343899,0.16211745479312648,0.014240061505861011,0.10415057763647854,0.10138114963599082,0.2120850954199047,0.1238342605137252
0.14434267436268686,0.06908244106620004,0.019726911684483647,0.06970546581875785,0.04386190197570328,0.09334441888457645,0.05656724784383107,0.2701128565541809,0.2332560818095799
0.10543965498561936,0.23541288665131335,0.15687446533941188,0.11552644316282314,0.04915161151707437,0.0952194381494015,0.058356254878815496,0.08983593852594757,0.09418330678959336
0.1219836284606235,0.19363889921973118,0.08067501596265958,0.0872780936787359,0.038593382140657335,0.10424674793261661,0.07096747634020704,0.18506070828714002,0.11755604797762885
0.11258966989840673,0.13751402674493726,0.060682386725564495,0.10929739910739472,0.05102109341923202,0.08382080815850888,0.05926592741658312,0.2379377323994971,0.1478709561298758
0.11387540177876314,0.025647741274635955,0.11467665488019901,0.06657583560566056,0.31272405069620857,0.11932833467237891,0.15953901994275063,0.014141303493378221,0.07349165765602508
0.1068942991318796,0.13854268532663672,0.18595120088411346,0.08430338859381754,0.11011702990217494,0.12659229122456336,0.06545941297495173,0.038973353233590476,0.1431663387282722
0.11151052714025576,0.07079958329188253,0.007333029234332208,0.0966674877337401,0.03182694901040448,0.031946831976645315,0.04844551991983237,0.5411997250815904,0.06027034661131686
0.104094711208177,0.045565783963310465,0.1399106483530772,0.12982236127282912,0.05164178802773076,0.1499798109187533,0.11923363872114016,0.0964232757168154,0.1633279818181666
0.10605529547508048,0.17811414475236872,0.04086095876397212,0.06896531613626282,0.07341564275255878,0.08485167210356735,0.054361012836439314,0.20231422299288748,0.19106173418686292
0.10797176986852657,0.12725021175813797,0.08761208070042796,0.14696532515017477,0.024587672685501185,0.09039461499454131,0.12969444833347826,0.20258342199179544,0.08294045451741656
0.13324770839559072,0.08760477288191361,0.07771700005808381,0.10723160920011159,0.04823345719610727,0.11686219488484328,0.06659455306971916,0.16558442098378476,0.19692428332984582
0.10071292939557874,0.010474641841175842,0.06278092733083616,0.046148059466915636,0.3674370575127821,0.0966738118610012,0.2088806832706894,0.011656157027098516,0.0952357322939224
0.10928823820668658,0.30881638230095143,0.04777270414765755,0.058830740986946184,0.043647413123498846,0.11905097120775389,0.04978037534932663,0.14317453883593032,0.11963863584124855
0.11244799449696184,0.11782816280199893,0.15498404585474027,0.16170770710268167,0.04455368236631427,0.09935669581299063,0.07375255185945058,0.13382168712098044,0.10154747258388132
0.10674446423569266,0.09246269319524363,0.07194169103356356,0.17240484782328291,0.04789902327232348,0.06605478481626272,0.06493974330246553,0.28612353794049206,0.09142921438067353
0.09814976477629311,0.15804927849329942,0.10797774519794505,0.09101885332771414,0.049149609043198504,0.10967957520372305,0.08975260570656633,0.14479922962758632,0.15142333862367405
0.153038714112122,0.08667797859253014,0.05299745850440185,0.13872110035112747,0.0646432227486003,0.09525976836318505,0.05841150572351584,0.1919486847213839,0.15830156688313346
0.12769928953863147,0.047351420322525484,0.15617569464946401,0.15464364176152046,0.08556664419856304,0.14203416468162844,0.15730520940870255,0.036277188802632136,0.09294674663633241
0.08903855950818602,0.23872913102802187,0.05059768971328702,0.052395649724000536,0.06609951322061458,0.08502251092660836,0.06908507994172243,0.18071739175293897,0.16831447418462023
0.08988154344251652,0.28112135387057197,0.04446507075481262,0.06852245430428644,0.06619773234964516,0.07288914685036617,0.048363622575876,0.200835980874336,0.12772309497758924
0.13344929206183198,0.03488774994850801,0.10320371245001869,0.14800377362684794,0.07734465431570132,0.16191440842309693,0.1878904148122312,0.04908213788937652,0.10422385647238736
0.14838534220984226,0.016936412406303378,0.07020418261467697,0.12324128463893746,0.10051086617978794,0.12488310893404365,0.2917863996679385,0.02957737635244394,0.09447502699602571
0.10240795619307456,0.21958895381824586,0.06400958647901783,0.14904225517349382,0.067670976637573,0.07185031459521261,0.07626597083071926,0.1801524984831692,0.06901148778949374
0.10128047315434123,0.10370192028803367,0.1011903070173208,0.06617779233108213,0.13600811491989115,0.12262815297927561,0.13724445655959713,0.08408023851423363,0.14768854423622457
0.1283760743656712,0.15513077522730626,0.06069884437556523,0.09303087367512364,0.03865642273482372,0.09008176494970228,0.06816913483441837,0.24229610870706883,0.12356000113032047
0.12169023526211276,0.06341231209351166,0.0931983569575043,0.12600470483601642,0.0892616272107875,0.158244097673497,0.15842800665150034,0.06983850997473527,0.11992214934033474
0.10616446682024128,0.29120993125522643,0.09857517132886673,0.11601152041650402,0.07725313825526804,0.06633964744988186,0.055291740994636296,0.12112584270366822,0.06802854077570711
0.12417174835393507,0.18967078460793677,0.059042439066135384,0.08959434452432054,0.14105149123587424,0.0858587420362353,0.04985634768898639,0.1252359785371408,0.13551812394943552
0.13585064426575197,0.07159390699639173,0.050924753988944256,0.13104649828941542,0.06720208205390163,0.08169964589560617,0.0655882812487336,0.2468153667978791,0.14927882046337615
0.10266719130579473,0.2538971943390751,0.09159250793368338,0.07632074955294661,0.16351455145934937,0.07801828194819099,0.05315687599849759,0.0901310717278986,0.09070157573456362
0.11160314968081486,0.12665498113078033,0.13050138357523042,0.11317649088756826,0.031700533273445304,0.11116749933075937,0.08797167253374787,0.15442629721615905,0.1327979923714945
0.13884673090930766,0.078179548572776,0.0021463015796041817,0.03623566613665503,0.03879871988843062,0.043438145062006404,0.04569836579359473,0.4552242984061379,0.1614322236514875
0.1255827991927587,0.014338101108722441,0.0967278577235937,0.14582257806856544,0.12860705721885896,0.20291185204959103,0.11027920840309872,0.024619085705643872,0.15111146052916724
0.10030104119247313,0.27199662341444847,0.09932667081179379,0.11565843192649454,0.033311974491223646,0.07050880124312738,0.06175834151323883,0.17541653043766736,0.07172158496953279
0.11654109972492561,0.18545861899376673,0.04723769353737336,0.07123120192054842,0.04868474208713472,0.10155936850739399,0.06988059792823809,0.22690260302233187,0.1325040742782872
0.10816915539158789,0.0836561174407347,0.16384526334746907,0.12680858201050518,0.04985403291670335,0.11391894737281037,0.14601021151130575,0.1042795538100257,0.10345813619885795
0.10714902886158555,0.11597690496126918,0.09311957858490964,0.08645197109251206,0.17259873127410993,0.12561518882533393,0.1281060259115219,0.06586056105069694,0.10512200943806088
0.1255333648220144,0.022210766978437383,0.13723176203381446,0.13356663985244197,0.10170690280224026,0.15865657128791824,0.18322332170537192,0.028411350359597503,0.10945932015816384
0.08531302774291265,0.17997967043592059,0.03194915330519813,0.10775137463674722,0.04424777202432622,0.05405485250572257,0.055407604069857175,0.3503368463762106,0.09095969890310483
0.12961157772599705,0.0631086407594474,0.07533762545366728,0.1711881484348038,0.035316573588458564,0.08251388577059537,0.0683705579642531,0.26203888425014316,0.11251410605263434
0.09705209076943232,0.1782501832609608,0.14560799314925457,0.08683034084354968,0.1448349509792031,0.10599009074613454,0.1051015179076993,0.04808002082832049,0.08825281151544519
0.10241121447481376,0.07934023365130326,0.11811531122006359,0.06281682743975263,0.27443025048625186,0.11801201858717396,0.08980148064456674,0.024734901827910622,0.1303377616681636
0.10401959168530539,0.22695030423763018,0.11085989140061288,0.11134138132233772,0.06261392073664089,0.09550998139063643,0.047222844136860224,0.11324945239317048,0.12823263269680585
0.14353001887456138,0.048772294781266566,0.04093183993718974,0.15221740515299761,0.07415191546649287,0.0923726718489778,0.3130961930061015,0.0689501826627598,0.06597747826965279
0.16413675598084007,0.036733916018351465,0.06739035796228306,0.1258668591460794,0.06576684725062248,0.16349922899082428,0.06866261220268687,0.09508968492157926,0.2128537375267331
0.10266136202739963,0.11345671467322155,0.06808708705009354,0.13509309669234051,0.040169841247189815,0.0724051120650856,0.07011808395156076,0.29929375728889274,0.09871494500421585
0.17527334002613348,0.019657782141678914,0.0019366294650079703,0.05020364963354454,0.030768579227561297,0.09016907673654286,0.05261404785850617,0.4810567589637977,0.09832013594722709
0.09391781717938653,0.13546219430707854,0.12636644598170915,0.168072106208171,0.07500193577979238,0.09098475568117259,0.07418043092113447,0.14604283747708421,0.08997147646447108
0.13434624541860898,0.13711377759484636,0.020775732399469716,0.05571511474156521,0.07947210043801915,0.11758024919363619,0.04951313542822716,0.1392542421915463,0.266229402594081
0.08748864338427216,0.4015621305900743,0.06062428254485721,0.07280239118581089,0.07314288692262026,0.05040531467260808,0.08848039376569615,0.11507873445577388,0.050415222478287065
0.112180264500846,0.0160395864932222,0.08653655477701695,0.19018928903288312,0.10184186591038687,0.21551983749388381,0.09977526402060037,0.0430846561246091,0.13483268164655157
0.09874861791803875,0.12449572013497494,0.19046820645040782,0.10150179948507014,0.0864116788502677,0.1271026624188031,0.09152029007701483,0.05353716058747674,0.12621386407794596
0.10738287584951332,0.06717407556985489,0.12816787793629297,0.13884333728187567,0.075108003148826,0.14802202128923694,0.09462885218420129,0.10005031196471621,0.14062264477548278
0.10838998752339524,0.04015191529253919,0.11347510026062187,0.24846603736175985,0.05140702353097316,0.1135781267234452,0.12479031763403321,0.12409660051781994,0.07564489115541233
0.1169475565895487,0.20112178566478714,0.0648548577140108,0.14880163319280945,0.049602581815546436,0.06098700081403475,0.05478709631990449,0.22869147372973433,0.07420601415962383
0.12819627554460125,0.07165484837319591,0.10216450611138801,0.08956528574319615,0.12076677645985086,0.1379489789053344,0.06261335552543441,0.06867842626627971,0.21841154707071928
0.15914525798025672,0.2209330539341813,0.008311002935175463,0.03968261478927266,0.06514013749694038,0.12312091952714665,0.04110576009744359,0.2195681390298844,0.12299311420969879
0.09409562220760363,0.24788828552983122,0.15813787676356356,0.07290366937159858,0.12668451720650772,0.09091980314128963,0.069264796397167,0.05262927699101636,0.0874761523914223
0.11095669029724181,0.1379293946329613,0.1497762270097256,0.11948288546489155,0.1426770213900828,0.10947596368793112,0.07797041690682517,0.05908418087927931,0.09264721973106137
0.10884805589631352,0.04224662962676112,0.08037478059470231,0.23850951617362415,0.05757334865051328,0.10799211348262398,0.1426559644471269,0.1505707366582184,0.07122885447011638
0.13632523591693638,0.018946717168725636,0.0999137627731173,0.10345493405818962,0.12270459457343157,0.18392575184856866,0.1588059232958905,0.024473214282102734,0.15144986608303757
0.10116689059426161,0.12902918163812638,0.06544733981277023,0.13886816611349637,0.06721201282945131,0.07720409343612479,0.06075206584122852,0.2258950659540482,0.1344251837804926
0.11300427212229813,0.13955118047047618,0.14617363256293958,0.09966656443595605,0.05958685963602122,0.1307982821945771,0.057067623611143876,0.07185060410514789,0.18230098086143998
0.09843234076836897,0.22967235465404756,0.06568807153470288,0.12386586778625307,0.06383112700075234,0.07935678529342087,0.05549967103576162,0.19225518422752197,0.09139859769917073
0.10909091800826598,0.1101376508569339,0.12118460488619624,0.17085058137921383,0.02851699923749158,0.09398704912367334,0.1333478502156752,0.15411370622555762,0.07877064006699235
0.10619923871534709,0.09073820415579957,0.08239534545049816,0.2092342062312463,0.02788599853373154,0.07060584587554157,0.10255778512678221,0.24418589017625184,0.06619748573480179
0.12414181835127451,0.24207524230558705,0.033149457726520996,0.04575846880266604,0.13189300377961652,0.0961165794418856,0.04225126652336008,0.10962677420127946,0.17498738886780976
0.09526505600780512,0.09667366436426687,0.05532592637059561,0.11522436875177607,0.022036051253608097,0.0722414144455406,0.10351694848364991,0.3485917180290586,0.09112485229369911
0.10559730545923714,0.06684978961446011,0.21294751919756041,0.09175091033298792,0.11266768394675415,0.14178878153571378,0.11322680248344541,0.031207813486065952,0.12396339394377504
0.10217913664146877,0.2701436635344456,0.13471327794044852,0.1199580738649091,0.037997411848774774,0.08654913712365918,0.053039770803918966,0.11313804113118812,0.08228148711118698
0.09836351740985477,0.13621599994560438,0.173234712332934,0.10512162065411255,0.17163784132122087,0.10676002348559692,0.06245131858690206,0.04095479671729844,0.1052601695464761
0.10044676701795485,0.17833932343269268,0.11951401263044381,0.11180331601356834,0.07665417498963134,0.10783067462825408,0.07165821648571717,0.11726046553890014,0.11649304926283759
0.15191447850645093,0.13729124730965322,0.005333642044551002,0.05165173929255001,0.06769495298734787,0.04909648104860211,0.04432057435031922,0.36871580418698047,0.12398108027354517
0.10042410953350943,0.21555664512656078,0.1204640352310391,0.10046152147385017,0.06353081545498025,0.10109459344851361,0.06004948357759232,0.11510356728506188,0.12331522886889246
0.09618212854849593,0.21083940431104967,0.1849864779066799,0.1051893263097457,0.05803931086561211,0.095132840136471,0.1050712183760406,0.0682516894060446,0.07630760413986043
0.09822165653548771,0.19681302147977078,0.14940177136653818,0.0802937145347352,0.0779891558406773,0.10608283748948072,0.12148651115958164,0.07073511063705902,0.09897622095666943
0.09995374373896733,0.2377944173117302,0.12557288513500728,0.07875503394047702,0.09319636397176671,0.100975985579369,0.05667585042604121,0.08274999170951035,0.12432572818713085
0.13052881368466732,0.16950033065919787,0.02071084058117842,0.06765839565592978,0.029226383924789958,0.10180778172046523,0.04544095328075389,0.25522705534016676,0.1798994451528508
0.10985062216667309,0.20025023300705258,0.03203231013785932,0.1052087025252728,0.04053316123188628,0.056921240349205406,0.046166449952925244,0.31799379386298016,0.0910434867661451
0.08710206947167298,0.16789901075435099,0.035374327156069856,0.08950086187566463,0.045334821987227984,0.06550921699157096,0.062915285252829,0.3062303105476584,0.14013409596295523
0.09648874427738525,0.041719562384799624,0.00406806884637467,0.05697678115793423,0.026986904842802282,0.03606941587880449,0.059640074068565925,0.5915492944334564,0.08650115410987702
0.08721218619143305,0.20932966603391323,0.06613645559874869,0.11362182521555912,0.04364261754681781,0.06424289241913993,0.07951810279974551,0.2650081011817546,0.07128815301288804
0.12286770540222165,0.2971456093069537,0.05646869303343072,0.05069533854804087,0.21769089784320197,0.06525978134682868,0.03980089184754129,0.056656586433052325,0.09341449623872876
0.10185434614382906,0.15165788770575897,0.16963234067429964,0.12411394793558071,0.0933906295445568,0.10829186571270287,0.06014826154150373,0.0684267005566867,0.12248402018508153
0.11906258007004944,0.022410970303351308,0.16338167378231774,0.09619952675312153,0.09638344252136583,0.16669314281854733,0.16554828399772242,0.022692042618833064,0.14762833713469126
0.10472711705741666,0.1984197910508292,0.10739145393583897,0.09345278650537221,0.0503815987488579,0.10072973262440878,0.06486284897255114,0.14428183322937385,0.13575283787535122
0.10943814379713229,0.06356552681360339,0.17309662144769122,0.1360859938424813,0.09006802827160765,0.14496860165844003,0.08921808208162381,0.06363106721648587,0.12992793487093454
0.08907734993077854,0.3466508688243395,0.10573600186900765,0.11904595919138634,0.05391955512989682,0.05620875162555633,0.07748922752261984,0.09965054061704047,0.052221745289374545
0.09563437816570582,0.22139706907851578,0.12377453371261904,0.09489318907680022,0.028399840440336086,0.10443007669503764,0.06586281202825144,0.11662305653170253,0.14898504427103143
0.12389555159999693,0.07699642786460478,0.07653498195794824,0.15579948526022788,0.07366790819472659,0.0905052624653832,0.06527965814494828,0.19156202040666856,0.1457587041054956
0.12402666319821427,0.12126823815938803,0.01566141853053569,0.07753672789806566,0.05667205864211023,0.05364527448339614,0.05165236707946482,0.37045987220977267,0.1290773797990525
0.13333079230310105,0.15675258275645984,0.10852534899954124,0.11312842945183427,0.08782327311086328,0.11508305428688048,0.0544953098634928,0.09031582068554556,0.14054538854228152
0.11093874034367675,0.2132892443825757,0.09111201664969648,0.09010061112624897,0.13435926479871654,0.08144565525423005,0.1723688740162622,0.040576625347694746,0.06580896808089859
0.10714164895952254,0.08281592398754094,0.21232321611818136,0.14843833398266032,0.04114042219523278,0.12756447500344092,0.11259378787773189,0.05884654444020543,0.10913564743548394
0.1033892607047499,0.1445121193340921,0.1283860743187439,0.1575069525105987,0.051656232181137796,0.10030225551251248,0.0865599119955192,0.13987018802393877,0.08781700541870713
0.11653020350922909,0.15385189996179077,0.11181098901107518,0.14748196485455464,0.07548075722594688,0.08900079167509047,0.05941484457172832,0.14009641326648034,0.10633213592410436
0.1291777731682329,0.012516732984402194,0.10567442723750407,0.14693458442409543,0.11441080905678609,0.15678878176051617,0.20129617297872116,0.02296572281347692,0.11023499557626502
0.14950906644167464,0.045930641052334305,0.00600702715299812,0.06898539166394202,0.05921263293282878,0.05200946106145288,0.0530383239971683,0.3500801835100347,0.21522727218756618
0.10545767543604088,0.2887533587609306,0.06138749885868779,0.10385027485503166,0.08542292927575441,0.06035721764564966,0.05251384012744984,0.17252059492885805,0.06973661011159708
0.10547575865358978,0.1441145265679057,0.15165382970539013,0.07875203977814806,0.12410486149799056,0.12650374878321421,0.068231256103694,0.050118777394221915,0.1510452015158457
0.11663044895455266,0.18769057448044765,0.0557781880333145,0.08032597179635964,0.039647262277174855,0.10940851711061628,0.07396550809838044,0.21736504399401854,0.11918848525513544
0.10702154590577274,0.2838231942717708,0.06757927778003553,0.08499648770493617,0.03691148578702459,0.07837443870604412,0.049793861820500974,0.1967038738744391,0.09479583414947607
0.10583377622342942,0.040565063035419194,0.09079597452922876,0.14129859755962634,0.20705624186906083,0.15261299700198191,0.06879970335604026,0.05833555866225051,0.1347020877629628
0.09608073954348255,0.19489948662155862,0.18888561148167682,0.13051055326610247,0.07886010737494628,0.09831014481332434,0.07917491423168134,0.0557374321931585,0.07754101047406915
0.10364215467467325,0.09143094784459062,0.098509366125757,0.11137161512125471,0.038363033898149296,0.10266013310099094,0.10140093215090283,0.21410276477011622,0.13851905231356518
0.1292138287070183,0.10532623623588196,0.0803604611596526,0.0830087481690646,0.07013838031957971,0.14655535900758146,0.06458487898395006,0.09412971758692856,0.2266823898303427
0.11707781287523289,0.09581217771820649,0.0832092888704568,0.201369670277911,0.027632178724472562,0.09160901156255098,0.15843921479207682,0.15478664946256318,0.07006399571652928
0.10761562543483329,0.1229041261416931,0.15352115379880796,0.08749021217271429,0.10247302354733477,0.1348420710262687,0.09491846540854203,0.05239082506101902,0.14384449740878683
0.10408175254542455,0.10062402581528473,0.11626092639293055,0.14284016873980232,0.16016044290488926,0.10805062028696834,0.1277946005284818,0.06675537068439957,0.0734320921018188
0.10519314995133063,0.12133059894954905,0.081523620032758,0.19175280495627792,0.024073082491637837,0.0664385649862362,0.12802310322973168,0.21881123615920717,0.06285383924327152
0.09202670766489651,0.03567727102417899,0.08821391612209499,0.07801424185458497,0.1420409138525692,0.13809528008802543,0.11291050186176717,0.08567655095815668,0.2273446165737261
0.13548656355803143,0.2530803495862172,0.1162981046264709,0.09056178643092887,0.05903303743312622,0.10213481877048342,0.06644581091309035,0.07886536246740042,0.09809416621425114
0.09453635765081041,0.10670292528550028,0.09838786162150452,0.13088417604119448,0.07375318006054234,0.10171772079846181,0.1053155367188257,0.18826318502792005,0.10043905679524047
0.09698899570245519,0.10846130876958913,0.02543359316154072,0.09985687734549875,0.06690837887545252,0.06360228066291558,0.05948024442969132,0.34095625934681184,0.13831206170604493
0.13222206013882543,0.100271824207193,0.06716923560107825,0.08089102604957514,0.05257684877903685,0.12774951288615233,0.07315803971060654,0.1576615369172901,0.20829991571024234
0.09620326816314288,0.19328722179120975,0.021897661830739806,0.05528879281671234,0.05801354638859283,0.06147697768790964,0.06564284752128967,0.3337604684715337,0.11442921532886934
0.0995166108114101,0.0731701162956141,0.06807431254056388,0.13159273913521177,0.0460472270557638,0.10326315381923713,0.07297675791179718,0.22713850808801925,0.17822057434238278
0.11471356276524997,0.10051244909635589,0.08235722549214192,0.12300120441947963,0.07783666951515285,0.10600187405100908,0.06653555196411155,0.16672202106083936,0.1623194416356598
0.11090056529320841,0.04454396608005228,0.1779360916826627,0.08708131299961912,0.12794439080037134,0.14974063492719583,0.13630952198500307,0.02777252234474468,0.13777099388714262
0.12091390079803103,0.11797630919426076,0.1725995919393362,0.1418106310730267,0.034439748006339164,0.13173669328095858,0.09406100987246858,0.08384611335771464,0.10261600247786433
0.12967024194915303,0.2749531062326036,0.032011509012572464,0.07149144656288708,0.04979047758724341,0.07332333266578818,0.052753598651998225,0.23836518784580238,0.07764109949195168
0.08787443985091314,0.07314891175840126,0.04834057787146682,0.1036745554667149,0.0671467332382819,0.11595861422076996,0.09466610411767085,0.22458143537781403,0.1846086280979673
0.12286018419828927,0.04521125311358152,0.0015932683992405563,0.04345007352626559,0.04485318836821405,0.031051777508367313,0.051641718288746884,0.5051081378439494,0.15423039875334546
0.17489522187074122,0.005542246556034458,0.02173533962637522,0.1263215749842731,0.05845284081191404,0.11881306958208249,0.3770918129082701,0.025080539565760368,0.09206735409454907
0.12180727330286202,0.11776750361796745,0.013800720841813982,0.07374270356128969,0.07751343439422408,0.051052931441335825,0.05302506420068235,0.35624927884031027,0.13504108979951435
0.09283151650358575,0.3171482658805185,0.0852346715166175,0.1255430354397621,0.03652810299179187,0.05524300619301464,0.08733991043894122,0.1451799077197826,0.054951583315985826
0.09503157966326237,0.0522930052374164,0.07847652727313247,0.1363633701524807,0.1011732989528326,0.1358837513552469,0.09189609983718265,0.15479369555200528,0.15408867197644063
0.08768380756448095,0.09675906191585204,0.04012405646775186,0.1068316336817803,0.04223415414991888,0.07062441978842061,0.07832587679590647,0.3422905021974267,0.13512648743846226
0.10662251206927227,0.2130232313119178,0.08934396391476658,0.06259125867462872,0.06610638483836577,0.1073496784943066,0.06553274729799657,0.11159219740387964,0.17783802599486598
0.11533661766568211,0.05372117783267171,0.08249830405504406,0.1138573720268516,0.19518760222591544,0.16843766717627437,0.09878687737456832,0.05098739363332425,0.12118698800966816
0.13518376179145136,0.1336569726737263,0.090517816815313,0.07953918523849703,0.133824379532422,0.13020979438029015,0.046405380788256366,0.04974342285795503,0.20091928592208874
0.09790853890997857,0.09583835672025365,0.020181912011381437,0.0827799132989885,0.024566585949731,0.05851671244757655,0.06812370090164399,0.4646954671644248,0.08738881259602153
0.10396421012052355,0.1702518528992197,0.17751833613802312,0.1159895220825684,0.06151031692398226,0.11491991437349573,0.06280330417657227,0.07012796309501544,0.12291458019059955
0.10982782404336394,0.14317775540647018,0.14077734089778413,0.12669743171240386,0.026127994099109004,0.10441393325732622,0.1079248196968867,0.14107768288804523,0.0999752179986107
0.10093398983123587,0.19608146849980945,0.05728839728388598,0.09807327859366903,0.17435622311217192,0.09979406731949107,0.05600960338215771,0.1127874701637845,0.1046755018137945
0.08823304439465561,0.2378327144549379,0.03892844185705851,0.10374411061630068,0.02994005229886119,0.05432519328508265,0.05674198851534961,0.31964199306912006,0.07061246150863383
0.09828325245810643,0.1153015537399384,0.2033551771769282,0.130500453637155,0.11344894648384692,0.10910778351354126,0.07596736541449504,0.05217529185532338,0.10186017572066526
0.10883916588566316,0.09480270368740089,0.1398422110527202,0.13930306979354293,0.08139084622948542,0.1247196077349149,0.08152598621977007,0.10581657923989674,0.12375983015660574
0.0857393550302088,0.2560946426824244,0.09255361775316222,0.1289104350766422,0.09360767259410331,0.07025422616731053,0.05263990829349877,0.14321194100002088,0.07698820140262898
0.11104484767882716,0.18639190726875884,0.16171949754420367,0.1184559859488884,0.05792426786264007,0.10407336064204775,0.06675996243033093,0.09244656565739205,0.10118360496691116
0.09571979122663499,0.20812363167181905,0.16633671946878673,0.06822755980115743,0.12941109999933553,0.10422070179606169,0.06994412021830755,0.04732960282652521,0.11068677299137186
0.11708879468979631,0.02729288820750508,0.15403164716599388,0.11455075697427397,0.0785738481472451,0.16823932668845784,0.1679567736313942,0.037138937963565405,0.13512702653176822
0.08645164010487083,0.41324458027361266,0.03830489959500399,0.0727857716325394,0.07510566954900262,0.03990259524099054,0.047372318206339435,0.18028000545651665,0.04655251994112395
0.11081800457474451,0.11653235644571082,0.2102385445948142,0.12730643687718946,0.05705962639790805,0.12366027256540368,0.09353154805098413,0.06235964818119109,0.09849356231205401
0.13321977317413755,0.0423414408624182,0.016201223464841905,0.10604335727294774,0.028163547753841583,0.051545860229240854,0.05443343786378102,0.46451218642757564,0.10353917295121555
0.10158277901334116,0.19797053743513127,0.10250026716667303,0.1466629790220533,0.030468713874549854,0.07523568528827801,0.0704513618197789,0.1970530755820812,0.07807460079811324
0.0893264997925214,0.372734163690464,0.033070173960389165,0.062242895420812176,0.057732650102700345,0.049307604129193265,0.04245796232938321,0.228179523402235,0.06494852717230146
0.10003349873943868,0.05134811726656493,0.11304406678229191,0.18931604157406848,0.059598840611418714,0.1098327911993456,0.11588737449142732,0.16104513227154418,0.09989413706390016
0.09278020829431666,0.30534096367131536,0.04577786384844321,0.05638710373805724,0.28942842498876836,0.04594043486011159,0.06572115484259985,0.049502576456410374,0.04912126929997737
0.09820558632722853,0.2675110421054249,0.12799522594883206,0.10755272388354918,0.07303669411166817,0.08808736805198703,0.05046190205191984,0.0943677679111507,0.09278168960823956
0.11225761503317061,0.29781033488718545,0.05737616445978974,0.04429705025673799,0.07832069450736914,0.14710724732596767,0.060186265860618045,0.08548322939103158,0.11716139827812982
0.10862882416163284,0.2316965958745718,0.06512107696666274,0.09935337739147447,0.07594516545582074,0.08034712814108716,0.05205935285772254,0.17822590564006005,0.10862257351096767
0.14313039202652197,0.04766673976494109,0.015083460802259759,0.10082542625790343,0.02745652657771946,0.05573232041543264,0.0531600387678324,0.45812642063161624,0.09881867475577298
0.10717367203368226,0.026046147808268503,0.12425985122747425,0.07133344301510648,0.35953079978687486,0.1085283831669316,0.08823179009603259,0.0153177536726223,0.09957815919300705
0.10918784272267336,0.2741577385150448,0.03600754006735664,0.09773886971725781,0.21226497667406155,0.05872682492664092,0.03799722570556017,0.09952579647449726,0.07439318519690744
0.0989823527253248,0.2688133699135244,0.048395405829359806,0.07372368724926907,0.04025399905973905,0.06811429638482693,0.05708108243767137,0.25022003708461177,0.09441576931567279
0.11943669714779344,0.06878648913051107,0.1131527186303506,0.05687411070550056,0.2060811620461409,0.1299915184775651,0.07001929259533445,0.037981451737121995,0.19767655952968186
0.07880605391138162,0.19222939566143785,0.039546234840684556,0.0805057213131984,0.17851921091863546,0.09932741708290575,0.06432789239373814,0.14402003748756098,0.1227180363904572
0.15959933734038836,0.13923186306768878,0.036327689894167424,0.09846832094063351,0.052394206491518575,0.10380035751004547,0.05910566026869979,0.23584147742947756,0.11523108705738054
0.09588591878670523,0.30240040783269223,0.02636031690281565,0.04048381860279513,0.02384839228652819,0.07303539769727216,0.06601134267029858,0.2658624369744403,0.10611196824645257
0.08946046259457453,0.2543288170596973,0.14022933755688793,0.09428503792145908,0.06844305460548504,0.08844359243331296,0.08370028798468802,0.1003162370429949,0.08079317280090031
0.10069283859530231,0.19558400435864365,0.11116035085672081,0.1276332771932068,0.029105172832447065,0.07664506369972753,0.09782975402491967,0.18835157186243215,0.07299796657660003
0.0899713373002568,0.2518897397964725,0.12226364477440532,0.11393303416873561,0.08714661925811713,0.08280260973897977,0.06609441925248939,0.10966151774404491,0.0762370779664986
0.0949410947788949,0.24361838327320284,0.09840739459379537,0.12793604180035897,0.0335888686755855,0.06842532365840547,0.0657038342588341,0.19638659654843446,0.07099246241248844
0.10045007753226032,0.08355566845623778,0.10044574300560777,0.14434636744285045,0.06658335141072814,0.13322126024654046,0.09119570991303194,0.14668847456662515,0.13351334742611792
0.11440393554504685,0.15536245664293538,0.1502677764276008,0.09230258631310635,0.095156376736673,0.1075326383907278,0.1598614471585104,0.0401547839389784,0.08495799884642104
0.09905980017880987,0.20375342843334562,0.0831502046092213,0.12674691874103158,0.05853034610118551,0.07403199701195652,0.05856833811393966,0.20635572901542998,0.08980323779507993
0.0857591688124731,0.21408165852031721,0.11339988246478622,0.061859768689044435,0.18106581316656611,0.09180812207693462,0.1102515063736997,0.05190053287481453,0.08987354702136417
0.1240427773370184,0.13624804664810664,0.1255347811472589,0.11835731667843925,0.038096053252869945,0.10323971322008697,0.20339177661071975,0.07200237445126578,0.07908716065423431
0.07806415933019659,0.04195722620714496,0.011586274774232512,0.02992071751721131,0.0528934997585885,0.05904770064978593,0.23444804068751757,0.25205573054537106,0.24002665052995154
0.11595860669480351,0.0974548967933662,0.12574192230711634,0.09551377559099065,0.07299214955593092,0.13053041961875664,0.07582826209404019,0.09751099118468941,0.1884689761603061
0.11540424811165743,0.047346766041495236,0.02570255530026964,0.06333142492917165,0.09320056236591463,0.08895373513652587,0.09223677544783515,0.2743520991558072,0.19947183351132314
0.11934993539612876,0.05316663334954432,0.20141503447215514,0.12302859100375484,0.049566848619945425,0.14824824421662927,0.16055187367463092,0.03889269909421187,0.10578014017299953
0.10080704909267758,0.06451117209377034,0.07996818815634872,0.13978752561483582,0.04929254548411022,0.1011025488001347,0.07798273614151659,0.21676686151471125,0.1697813731018948
0.09644360808314789,0.09996570738718848,0.18672844835849425,0.12128641368551712,0.14878143205988878,0.11580743574514123,0.0872385310277383,0.043458404206691864,0.10029001944619205
0.10297360614628369,0.16752906847676333,0.0781672591807694,0.1358864775716928,0.06463871592055624,0.07641593442819226,0.06322279587871267,0.2190295707330295,0.09213657166400009
0.11854534892268087,0.059772906384129985,0.16789716917111322,0.13050521299847573,0.02956401754027416,0.13949289660708766,0.15218231678359143,0.07890862387668936,0.12313150771595753
0.08623190408324555,0.3242259448317923,0.035296119054714144,0.0409877772023047,0.047286798005063434,0.07559135096274407,0.055434526934744294,0.19427443983627604,0.1406711390891154
0.10417972226322564,0.06548420061097755,0.1626256705360228,0.136023694233693,0.0891533864973565,0.13446936605767915,0.09182127354453229,0.084545991592272,0.13169669466424103
0.09025832390750597,0.15117831792544664,0.0566029242498591,0.1870251625642881,0.053459921953628614,0.05702113753060664,0.053803626304593566,0.27674467011861054,0.07390591544546081
0.10362557324741113,0.284410780084221,0.02630429247220382,0.09894979390922391,0.06257898006630076,0.04693954870016531,0.038133938668594464,0.2674048000873874,0.07165229276449218
0.10445621371612195,0.13558228672104047,0.13986210398474944,0.0776286306153466,0.2019536989853277,0.10972079094957726,0.06910962857239653,0.042980913895991096,0.11870573255944901
0.10894555926970191,0.2400699750771662,0.05702205421669773,0.06196858855496723,0.09683954090819767,0.09019497474597778,0.05009303888610337,0.13998807813748645,0.1548781902037016
0.14086788283547638,0.06291519304208469,0.08219492523610157,0.10583834079427991,0.03592910924831244,0.17884723888934584,0.08513306024008656,0.11391219564225998,0.19436205407205262
0.10106510457272454,0.12786508497796556,0.04515785309052293,0.07708117433266595,0.08193648424370549,0.09375611282760261,0.06033235346090557,0.1877974501691054,0.22500838232480194
0.10772472219830348,0.22934819099143855,0.06967879195997355,0.0657117848717642,0.07876914982510116,0.09936110535120483,0.05188500179525022,0.12870658114825548,0.1688146718587085
0.10567382850277625,0.04603625829444453,0.09459814535667549,0.1706804399312326,0.026317616818131134,0.09219656150710487,0.09023180824451589,0.24396562864646543,0.1302997126986539
0.13465326102526257,0.05449573676206762,0.09756092421406366,0.1087783742661325,0.07373331713779892,0.13861469742648425,0.0712381944340437,0.10159773303147146,0.21932776170267534
0.10910787776647442,0.20722050434885897,0.05183168536560864,0.12843417252406308,0.07183905659947205,0.058366984541212176,0.05152377913458902,0.2428790466843959,0.07879689303532571
0.11939725186444948,0.0433083639870274,0.1423133103837842,0.18858855101645813,0.024784110795608494,0.11049141556561741,0.17287733682495107,0.11540430909259747,0.0828353504695064
0.10216299589201211,0.13164945329649955,0.09607412641756324,0.13937382465297452,0.030325710850901355,0.08536702515171256,0.07293227674508863,0.23232088664391073,0.10979370034933723
0.10525962645175967,0.2510162218028509,0.126146390303404,0.08510173867944885,0.07309308716316452,0.09443662632255394,0.10595199267201343,0.07249110555076442,0.0865032110540403
0.10859918601186175,0.11753183365956937,0.12552481175774996,0.13591802764562247,0.10409843297026522,0.12218482764989769,0.07582105014032628,0.09674581660664443,0.11357601355806289
0.10071364871102055,0.23061119819901754,0.03594758226359212,0.09322944961384495,0.05722044976689824,0.05887072944538158,0.04775608467970288,0.28009357724446277,0.09555728007607933
0.11709456536358592,0.04194820420780929,0.215181364171615,0.14312688841984436,0.058195825324339166,0.15085521523890733,0.13422863526595663,0.03467090466278843,0.10469839734515392
0.1354561426896991,0.045509202679566756,0.07352048487495923,0.1303510190267973,0.17135721246200686,0.1530907574963061,0.14821929930586678,0.04511631527003346,0.0973795661947644
0.11164219166582788,0.28838272291186257,0.08882754280419601,0.04205145543551622,0.12242596552472733,0.10459004651236979,0.057457697509023055,0.06667810075242496,0.11794427688405214
0.09910806506421314,0.12935561007042815,0.1578828483100997,0.060917774963859604,0.1967327929847842,0.11098418399853753,0.07975269896000049,0.03631210314931289,0.12895392249876428
0.13639716621614895,0.03279120955928591,0.12309533565118524,0.12143889950494287,0.059310778706920676,0.13925184180067487,0.2582176789266903,0.03671394509903008,0.0927831445351211
0.1374858514904883,0.03285209779394495,0.1406384349723203,0.13571063588387347,0.06708250856873438,0.13841859529065342,0.2222872590023809,0.027687073291134956,0.09783754370646935
0.10479576178640766,0.07288710373792874,0.02345564673986937,0.10421023694222636,0.05216243271732132,0.056365964722205675,0.059768139698636626,0.3729924170525963,0.15336229660280787
0.11195159183458626,0.06482982114602985,0.15315047383927063,0.05058066841762324,0.23656725637129605,0.12173146856209871,0.09845801563904548,0.02045327001390302,0.14227743417614677
0.09781936982323308,0.15865335484812748,0.1640321237799721,0.14323902075270714,0.04454400686285414,0.09688161694033916,0.07710713354374293,0.12045724857086339,0.09726612487816062
0.1068845344597682,0.14210336755082545,0.10067786778070364,0.1167731696769957,0.018415870348213757,0.09213245572221777,0.10515818108690504,0.21700656295198026,0.10084799042239007
0.09470804759756922,0.324111148503924,0.18307601470629495,0.08177613495103687,0.0439047067650061,0.09148665311508748,0.05455448459338893,0.047857687422255324,0.07852512234543711
0.10761909085462636,0.11597528317742987,0.18550747562894743,0.15063563273328395,0.09107510945562575,0.10509123478618221,0.06856214484944469,0.07365584438392651,0.10187818413053329
0.11268571902900242,0.08643434357366821,0.011847490327437904,0.10445101824266018,0.06758126374241373,0.038245209493936956,0.053068448019058884,0.412268330470899,0.11341817710092274
0.10658657422843194,0.194980635703351,0.08444769796080742,0.08909344969029369,0.07395238892152654,0.10778232564656813,0.0627282066499424,0.1312250705186278,0.14920365068045102
0.10689411792015512,0.04777785513501894,0.07070056687555858,0.16401577440917495,0.0355133249463046,0.08661061512875734,0.06980337387624534,0.2512353780255117,0.1674489936832734
