0.12218618148739617,0.10044960133633866,0.05137977525765571,0.05422504671761225,0.16202720342499233,0.13702581853219417,0.17699899234175817,0.1012306100433581,0.0944767708586944
0.2661055656326012,0.0820963535387864,0.01818585787664546,0.053343307783010156,0.07104934547650849,0.13048639154283137,0.1474596306460015,0.13357810572996787,0.09769544177364754
0.09348191991860406,0.1538855671922421,0.07003511878902054,0.10470447606103116,0.12628394251009512,0.09834256704007006,0.1316153349982032,0.08900703670854743,0.1326440367821863
0.17970924687105402,0.13079158521033885,0.06475961387183603,0.0829339994686199,0.1408473945676387,0.10878319890328707,0.09687994928149175,0.1369682439081049,0.05832676791762886
0.09013735579002202,0.09573044764647691,0.04068945755095934,0.19136373169643775,0.14338126226608386,0.1151008843215472,0.13108263289462183,0.08426621255887035,0.10824801527498085
0.16594848662899758,0.10158922081785864,0.03559101937014563,0.07543055227270497,0.1464073491271427,0.12802359659383378,0.13394715086707867,0.10618731818686096,0.10687530613537703
0.11849058223272173,0.14294208127677366,0.0485299326663885,0.08794965659779226,0.07150485604426236,0.12843984370018996,0.18312821193372153,0.09725608449453171,0.12175875105361829
0.13767450234891337,0.0963974698476518,0.02263290085173758,0.14847594576156048,0.1112759425452539,0.11018959182872005,0.1324078297496128,0.13378360522174668,0.10716221184480335
0.05110560490696531,0.15590604890243429,0.0720975557202733,0.28320517310371335,0.06816892406592086,0.08111859563842001,0.08950096334422476,0.06316315227403248,0.13573398204401557
0.03406637966012605,0.04351690910094552,0.4605109583101385,0.04098075618157702,0.1096482141854197,0.08363747691740098,0.07020735702084419,0.05114256550883498,0.10628938311471299
0.07989367674539662,0.09917413775989274,0.17137256083174815,0.04612833540159672,0.09541124166010327,0.12323476224669645,0.14001072243935817,0.1406462016214158,0.104128361293792
0.06492108201314944,0.19159633703542697,0.14021210367930168,0.07656587411044252,0.08485427720570508,0.08231078893473075,0.08780661882282138,0.12756878511049244,0.14416413308792966
0.08679580037576994,0.11150376288654512,0.07127369626226875,0.27136864743159533,0.0909562082852502,0.08267720391421872,0.09409430815099633,0.07634948624515159,0.11498088644820403
0.09540274384186452,0.08903155645205833,0.051836018777930065,0.22071362817031517,0.018946732605879854,0.11201810257473423,0.17402398509332748,0.10370556992971768,0.1343216625541727
0.06142242579076367,0.04907220911144481,0.4759808199124412,0.026145496307892258,0.023222166146382072,0.11205753604742275,0.1117148921197515,0.04412677690719549,0.09625767765670634
0.10836551241354346,0.0635851108857265,0.033080208234380175,0.15098447341284943,0.23961876876357288,0.10953637770466174,0.09381078748420697,0.09267818740345546,0.10834057369760337
0.16211666195226873,0.13585293260675402,0.03155560673316437,0.14387620182289465,0.03635005020182156,0.09794061168141639,0.1461843296419699,0.14912360058739085,0.09700000477231951
0.16627489801295595,0.07174623461416738,0.028632907690584773,0.1013983684484606,0.16246378686686758,0.12432134022399244,0.13122599078441152,0.10895559807763484,0.10498087528092494
0.16992638923055092,0.06863857042158024,0.01663093865216135,0.026995571501697947,0.17962602428825689,0.1391641843512498,0.12379324138569958,0.14413140823035023,0.131093671938453
0.08142423209039211,0.16194655140401185,0.1271351200497365,0.10403117485053416,0.08455330581489605,0.10167694341751436,0.09680167150709366,0.10721435981839118,0.13521664104743003
0.14835400670811572,0.05979983426434591,0.024685293275209838,0.08690122261354462,0.3501171429722965,0.08993742155802416,0.06666071800663192,0.06559765384214758,0.10794670675968378
0.06472524431063581,0.08906988814151111,0.09707573853634903,0.25645672077372955,0.08023991300052306,0.11352712664818836,0.0987579336475723,0.10868111662338313,0.09146631831810763
0.0519758291504352,0.08259235534212005,0.04741953547212365,0.04018635852590883,0.3927056647353371,0.067900407675055,0.09862341870830633,0.11238549626513128,0.10621093412558258
0.0871803430335551,0.09720320244925286,0.03849985177668447,0.302660708521658,0.05158070159662508,0.0634955071540858,0.09540478516949674,0.16153881522451596,0.10243608507412601
0.16847302356415975,0.09414696988708278,0.03921288500117917,0.11043346343433302,0.16132180149832967,0.12045118562636674,0.10782543589644912,0.10523051943984872,0.09290471565225096
0.131267914075475,0.09080659555959182,0.022283548459522916,0.11719351508657076,0.01602644698361831,0.12601779554520245,0.2443657092260778,0.09667984558982372,0.1553586294741172
0.11388137402022874,0.11914305659978315,0.06206449784153537,0.22158435666325707,0.09644278918895133,0.0944127191561988,0.10221247801719906,0.07782519742522014,0.11243353108762633
0.12022387384381694,0.104244304565981,0.09007390318605098,0.10220170622429399,0.09697513441025091,0.09399109590936956,0.13706480501522308,0.14125607266564177,0.11396910417937166
0.2071770536938705,0.09816223865648464,0.031201593624775967,0.040872849055370766,0.068058541883724,0.1415455685722503,0.17558192726726718,0.12150831086708185,0.1158919163791748
0.06251542343622117,0.1036753876164646,0.051146758241823916,0.2261428849280327,0.042717592686361355,0.0849052729948395,0.16267881196238107,0.08994087496833464,0.1762769931655411
0.1896857002576794,0.06872682513633821,0.025759638199548147,0.15008495870469363,0.17337061918304938,0.10249740302076145,0.10039418872892503,0.1274914651484094,0.061989201620595326
0.10045728959208984,0.08328138696867664,0.03537683858220705,0.15065632645656127,0.15573756085250084,0.10304626191366972,0.14780382414572912,0.08218659593759997,0.14145391555096554
0.08256755628832785,0.13411384613533348,0.10200262412410548,0.1352886195960646,0.11408587938995292,0.11108247798382336,0.09873798542058314,0.12613045356087585,0.09599055750093348
0.16042952608046557,0.04521515271985042,0.03801457379571696,0.09747564301800021,0.22271317981250852,0.09996705248269162,0.0688425230532064,0.11941347934841524,0.14792886968914506
0.18405311735919308,0.06192646030643475,0.05961683112165068,0.11390335482123026,0.03982747626421893,0.10825087336497673,0.05873255149939058,0.1982356395182365,0.1754536957446684
0.0666838891309967,0.07677568954155432,0.04136212266568388,0.15319202847595734,0.3347527401713563,0.0815795276330141,0.0631505286432401,0.07894500515218411,0.10355846858601318
0.10201101073640907,0.1145135775653432,0.050961640338229454,0.1828163437401266,0.10230250722787977,0.09120821962945301,0.11617792325158603,0.07628122065709013,0.16372755685388274
0.13636934068677775,0.10982215591770839,0.0635491759113204,0.08012543016082278,0.05077726947090259,0.1322490791711129,0.1976170716366464,0.1023827005742018,0.12710777647050694
0.06440898697117194,0.05331936609906288,0.3549334547405379,0.032549348881602325,0.030322357551102897,0.12941420626531727,0.11732105385336355,0.12832015745211697,0.08941106818572425
0.12543222467778506,0.12077456125323473,0.05059600020278351,0.22708984139738156,0.03591408169838441,0.09033834134382562,0.14554947085200673,0.09897173810018674,0.10533374047441167
0.11913965009447458,0.11887598044077452,0.1157291964007619,0.07552658475976935,0.09294956515571896,0.12382248965430105,0.1424156592397957,0.07687704095642231,0.13466383329798157
0.10680581405984553,0.12511911189428984,0.08366632270085007,0.22900038740285766,0.03054504716225298,0.08226954405447194,0.13113596694820687,0.12111843568758492,0.09033937008964021
0.1456878445510921,0.08492329952610406,0.04742524599105313,0.08305635467695481,0.055067952599795515,0.1290183358354971,0.19920762671959202,0.1549494538942419,0.10066388620566935
0.08540048196471528,0.07612822865702733,0.054381681761882995,0.06843444424908716,0.3429553923277065,0.10605143617320174,0.06401575804778445,0.08211211281957657,0.12052046399901796
0.14218683611234642,0.08381427946312031,0.020046737326776937,0.23775218206156637,0.05503097677439306,0.09750996030885224,0.10346706737259598,0.15884440320426974,0.10134755737607892
0.049016598014498904,0.09092581119274222,0.2234628797212701,0.15855798684837866,0.10897409164728282,0.08371582582989091,0.09261781267144688,0.08594089136896964,0.10678810270551982
0.10581048616321807,0.10840963897017802,0.0381223603069533,0.08452435803564018,0.3257941763744013,0.10366952129793004,0.06743747989980452,0.07674379810514269,0.08948818084673187
0.13176179287281098,0.11021195602165672,0.04556433015140383,0.13614268646219643,0.10349340982266979,0.10389104302521819,0.12696053066196655,0.11348975988290981,0.12848449109916765
0.07566948145853404,0.0946019051689887,0.03580001946817132,0.39229069542871775,0.029562549475720703,0.05710123831229035,0.07172841925137849,0.09627091438168427,0.14697477705451445
0.06482098317218046,0.09844243149289145,0.07968711357968461,0.26049194803090614,0.148010231255394,0.06667164514351988,0.06920290816704962,0.08858588521037769,0.12408685394799619
0.1907003169831486,0.09334361443590082,0.046587306583263016,0.04068492062650084,0.08222256457730114,0.17249833370837644,0.14181430434127587,0.1615204056912077,0.07062823305302557
0.1590742391046124,0.08564968895625745,0.06063574864062202,0.07417253440724654,0.16237178011587125,0.1467634287919456,0.14077939089493316,0.0776431963365848,0.09290999275192678
0.15344016981011196,0.08595467075026904,0.017823265466711605,0.03022095672635651,0.05990895424188367,0.18329242329983275,0.18413642430743815,0.18315698924396653,0.10206614615342968
0.07515156500781878,0.06551627407925396,0.03429859925633752,0.07801547306421623,0.32537164115953304,0.08594179413363577,0.11017838013484542,0.11957150789359994,0.10595476527075941
0.13018239467980905,0.10220890052392258,0.047367681773535765,0.141077035480691,0.1637869415825175,0.09112857944941709,0.10420589373826128,0.15640866062392145,0.06363391214792426
0.09874549768962985,0.1164617138210123,0.07449034496183134,0.07339174521773818,0.06620367233316271,0.11561695027478743,0.21487077851039205,0.12558011542169326,0.11463918176975292
0.10340301596770311,0.09151931212246156,0.029498062984705656,0.08102218049757072,0.25807162048469673,0.11872706742898287,0.10686594356933847,0.14224341915224437,0.06864937779229645
0.1416044498770622,0.1677370716742759,0.04237304408092581,0.08468537154265511,0.09151357754360485,0.11554676249747271,0.13826533268876537,0.10671305563034439,0.11156133446489365
0.1257436353985618,0.10133551107757104,0.028340238464275,0.1581635115532363,0.10917577041748572,0.08567592633338807,0.13768930048306255,0.13267764600697626,0.12119846026544329
0.12086926221677817,0.05362366447647251,0.07433518952265282,0.30484197758643367,0.0581636792590089,0.062071141813210017,0.0698664976996268,0.13907444037473235,0.11715414705108479
0.07828562474152466,0.26956267162139413,0.06378904053583699,0.09709448743307432,0.04930226104340346,0.0945025110891128,0.0979617586640487,0.10912910417012096,0.14037254070148397
0.15915794780854536,0.1497402310821774,0.031447735308204945,0.131072792241084,0.031090027116816795,0.10098260512861372,0.13664133944240256,0.11769290063251579,0.14217442123963944
0.12858276112004544,0.10204723157425093,0.06033835886936836,0.08742649781511395,0.25646828213025513,0.10571498465836504,0.08149913344226782,0.09053378190044277,0.08738896848989051
0.0872338712072759,0.08690267498207248,0.19407150128185915,0.1780553391165495,0.0411600078982772,0.10662629813190172,0.14138874670890958,0.07076192905806446,0.09379963161508997
0.14806137252011245,0.07625939822654297,0.044861611201174566,0.09961376793362609,0.19867806712556582,0.11056728233224287,0.0762064768956318,0.11313343790887542,0.13261858585622796
0.14806393800680526,0.07833635950520469,0.10697217185884304,0.1262506950515421,0.011204450327838683,0.1098273087296542,0.11248339450696539,0.17990143468542943,0.12696024732771713
0.19997609809594255,0.09095350935078744,0.08050939641694922,0.07035339196089287,0.11470894993199687,0.14244543291939935,0.10153605532349676,0.1078892271295689,0.09162793887096599
0.06817546991842567,0.2181751144720182,0.06502772083606638,0.1299574313679745,0.10860706465217691,0.07910558901069682,0.08181398645895457,0.13899947818990652,0.11013814509378039
0.1444219309643029,0.09032444466086809,0.10466389106205683,0.18238993949209062,0.05774117694371961,0.08841321103114008,0.12760646472290688,0.1070469057128083,0.0973920354101067
0.05793111110662455,0.09609494768741182,0.2899807740474953,0.03574597181544661,0.06872964239193759,0.11712093672735031,0.11215934934121431,0.11216851743432094,0.11006874944819856
0.13477839809834666,0.11393964175679079,0.03507040056857792,0.10394147418362569,0.14594556618931337,0.10365945845655795,0.13229050680152013,0.09864706800784519,0.13172748593742237
0.14713540297173,0.13392694211778852,0.02849878314564931,0.13523463823402732,0.021452041493764718,0.1039701080034392,0.1697481869544389,0.11809057751336932,0.14194331956579273
0.1386146144962197,0.10070988497106143,0.07631062898332931,0.23460793284210066,0.041866227709574655,0.09900124291404971,0.1312458776264064,0.05719296118455902,0.12045062927269912
0.12043273971440727,0.10497044925549781,0.11545997111289708,0.05259952405338172,0.23174730300751797,0.12004011534047977,0.07218722360950815,0.09306429722243052,0.08949837668387976
0.10864216153991874,0.08410090849791368,0.20862398649309655,0.05387224005844754,0.05995107951179344,0.14985740069984532,0.14721194756406375,0.0982813781781308,0.08945889745679018
0.05872568104009468,0.07536513443345169,0.2145481793617822,0.06094728623123593,0.09027510427646919,0.1136529961524329,0.12467991079810131,0.13302343626162713,0.12878227144480495
0.05573217311884468,0.08641736490703907,0.09140404515335039,0.1300618523846724,0.17396220995535125,0.1013598742287255,0.10451800122372923,0.08023941655186909,0.1763050624764184
0.10841193663897057,0.13881095898450926,0.050997327893209314,0.06592387156202137,0.07485122682126155,0.1678061944808992,0.12350007870234599,0.1824301577327143,0.08726824718406838
0.08036810175611561,0.08645839109115089,0.1410326031456575,0.0522633482691422,0.14845294212497304,0.11645402194380851,0.13676800070522824,0.10285891894482074,0.13534367201910336
0.13364343752674465,0.16817150947074375,0.05619631298420402,0.11243787849642779,0.042008262757435,0.12341964255343202,0.1577883469374163,0.0966973878604687,0.10963722141312776
0.09678611337124798,0.1475700925494551,0.12149851873251559,0.07009899771829359,0.06696702328524558,0.11649944173121007,0.16174730802003168,0.0659595554053846,0.15287294918661584
0.12641623154111173,0.16918323670709445,0.043570723955656726,0.16573578341031717,0.1090452149777799,0.0991117306285038,0.08264367864968647,0.10321973999193125,0.10107366013791858
0.04448559184328992,0.08117322561160961,0.17925489981316503,0.17580258502853519,0.11731969075647943,0.08608185463433048,0.08696861461369389,0.12242542651489535,0.10648811118400103
0.05080103186970262,0.14464386445660685,0.07079889942266551,0.2291259889897832,0.11394078420901672,0.07870105724807157,0.08021203328465625,0.06609484673130521,0.1656814937881921
0.12135954683629006,0.09140761434133655,0.1442100717975837,0.05939486444831695,0.029052738592573957,0.10538288612688529,0.18610629974059623,0.10377098687338641,0.15931499124303095
0.15153083998589104,0.07558426155278691,0.03827756121567833,0.13102445579568547,0.2432959815642076,0.08804227297671517,0.06563453122305181,0.10677184341574614,0.09983825227023747
0.057347266837053525,0.10326914966957297,0.12311832839940885,0.09153509055274091,0.03587340539386595,0.11588830420811151,0.19247780708909334,0.10728546712105308,0.17320518072909982
0.04464672203941919,0.12042573651117548,0.10026104368690252,0.20466801277132193,0.11363997308344002,0.07893845252561012,0.08840041503100964,0.10573115517115138,0.14328848917996984
0.10538882891147157,0.1150991052197165,0.08318225289241683,0.24839584467014134,0.0716515630630204,0.08538582092657963,0.10132171851265276,0.11111920634655818,0.07845565945744286
0.09999561149170529,0.09782199611365296,0.12587699772942498,0.09398838034255956,0.08443744890940778,0.09959972253023552,0.12700395451229574,0.12604047913179547,0.14523540923892272
0.08067823597232739,0.07329613592049432,0.426227913305097,0.048406770376330926,0.025184230377439984,0.10946887286133124,0.09450473772691748,0.04896676902630585,0.09326633443375583
0.18279257480783542,0.09151428305143683,0.056643009780472375,0.20700920316333452,0.017639959093767085,0.11648634595129646,0.1565415032114015,0.12313564953885973,0.04823747140159603
