0.04793296522173065,0.17365575001217828,0.044075583940330364,0.10401165648441703,0.10587023779270366,0.11149890905546901,0.12455160479227075,0.14878581381142378,0.1396174788894766
0.07189261409518197,0.07716324967131771,0.078662698102838,0.1515773995025485,0.15758094960198119,0.1205648243532171,0.10902655337121148,0.14550109775783335,0.08803061354387069
0.12714507627644211,0.19295859278214036,0.11341196350386,0.08896750040371677,0.11182501949362644,0.1047201555573584,0.08159149028915916,0.0874799355852367,0.09190026610846012
0.05783911528694793,0.10568702444793199,0.06925965329899109,0.17700571588044542,0.10766969497556728,0.12183908874121059,0.14017383485595894,0.12997412343513357,0.09055174907781316
0.08060731695873652,0.08137570865660942,0.14031480444465735,0.09741001051030723,0.20083666610362713,0.11068740384363558,0.0989215854738351,0.10756325705327711,0.08228324695531447
0.04782440219022429,0.10877826322347527,0.07451571246026596,0.1393146893716723,0.17374149841289577,0.12400388561703816,0.10600880273270996,0.1244032472939204,0.10140949869779796
0.10572819028584568,0.10414149895762605,0.04739768670979618,0.1467649651052197,0.09159218652378553,0.11864566640206713,0.1381199788543037,0.12153134392938603,0.1260784832319701
0.04265620543331942,0.14233018642999148,0.17101531947177517,0.09280542227230619,0.07971132976486532,0.11469994720991634,0.10841141472898479,0.0949056969893987,0.15346447769944258
0.3027430064146838,0.043081034910751576,0.018985021544084258,0.08123433841115041,0.1196219790531512,0.08020742348256525,0.10183946695257873,0.059237993561501855,0.19304973566953296
0.24635746448933535,0.09902177904778164,0.04174890628303137,0.09627559616612592,0.08543295448063203,0.11643042958327492,0.10086811421524966,0.0643027027015372,0.14956205303303197
0.14623013913212832,0.05968422512077404,0.2342116204935738,0.0668232371786932,0.08667648938240248,0.10441976206212152,0.0802042401074028,0.08771151010191797,0.13403877642098577
0.06417528430331519,0.10387965965725672,0.1897772204391985,0.10773435562591512,0.09268801890279292,0.11544436723451472,0.09174516354883451,0.14287605591097685,0.09167987437719542
0.05400053080029704,0.10553704110429564,0.12153361973159488,0.10641957123179759,0.1552369889612063,0.11081809055067975,0.11471795287722981,0.08855934832929317,0.1431768564136059
0.09400983620018755,0.23130395356784636,0.02562327531714585,0.12729699745961257,0.06329638235540692,0.10515093668699109,0.14063347214675032,0.07680500245986094,0.13588014380619842
0.22827648142730958,0.04126739355553417,0.03754034348322056,0.0752512460120839,0.16660180183115703,0.10842132632400968,0.05979674245737356,0.04814971431688463,0.23469495059242693
0.10008944837104106,0.17878971838865562,0.04933742710171061,0.13212027232381185,0.09019480179946798,0.118962386005224,0.1026989527981062,0.1046864250153393,0.12312056819664331
0.061191724001076475,0.12587962498574645,0.05294719713429432,0.15076795736766113,0.1510958561820039,0.14095093277870585,0.10124423219263591,0.07870700617823002,0.13721546917964592
0.15315660605569584,0.21071592795014893,0.02339455081382148,0.12334383101565953,0.07338295820830722,0.10513754172258928,0.08953291283199928,0.13095458680141717,0.0903810846003612
0.16446728808682126,0.08836916770119958,0.03274331235622141,0.0767489920613733,0.08342002548613105,0.11772009136762067,0.08241296401701444,0.06683839755352072,0.2872797613700976
0.049816693631032936,0.08588062709942253,0.15704475925693942,0.14092659792359463,0.14105940829610478,0.11143583490047476,0.10206908042981479,0.13117319748594217,0.08059380097667408
0.05545326993243685,0.15422558453646243,0.0943491760342396,0.12180189216172599,0.13749891980659035,0.1323531151589968,0.10893614487991826,0.10069608009382071,0.09468581739580902
0.21688065336230145,0.07548335143325781,0.05059684443844709,0.11466651258664318,0.08001602926678612,0.10807810057177832,0.11463189673592505,0.11297978979041766,0.12666682181444336
0.0663202776199427,0.08656110493168538,0.226874133512854,0.1255813342479783,0.07659351694586934,0.09416438073281665,0.09977665440595394,0.12969146189602732,0.09443713570687239
0.06976047298345528,0.1117153023321082,0.08670275597712225,0.09762753094529879,0.12731855722928612,0.12967502433288433,0.10794957169944532,0.168123699890424,0.10112708460997565
0.0612871555209446,0.11234151154757499,0.21252123800427905,0.13638780832044192,0.05764435701384694,0.09328721170621453,0.11277536179720497,0.1309756394303803,0.08277971665911277
0.048991762948185504,0.14728355787865735,0.08424255167218324,0.11175182062529014,0.17501732734581732,0.12125450849035278,0.08889069314939545,0.10755071198543253,0.11501706590468576
0.2009243488336702,0.0984351339286856,0.07204455090981061,0.1153168633681128,0.10308009100761632,0.12339428683084967,0.09433564074778839,0.08855567787135898,0.10391340650210741
0.10422119801643621,0.07950910312095436,0.06693399846710689,0.10660156661044366,0.09370579721567908,0.09493023338805306,0.13007406222643514,0.12315440463446826,0.2008696363204234
0.0549829416980715,0.12565366179547816,0.07389280991624632,0.15726025450769657,0.09942514563253409,0.13924045205255445,0.1370969974918899,0.128516105324485,0.08393163158104393
0.330186603117455,0.03542160550916788,0.01632047234868848,0.08733186891991317,0.12001757952531517,0.09874904476902639,0.07982869906168634,0.05583726777661976,0.17630685897212775
0.08359483430097493,0.08613302719139598,0.10621022465447794,0.15096621332826263,0.09313138282351024,0.13019397959826987,0.09679476015065332,0.14292172039751302,0.11005385755494197
0.09098275761503354,0.16908694222385703,0.07430945318027492,0.12059933423155056,0.08351605929523191,0.14636079405519956,0.1152337321367945,0.09138237747392795,0.10852854978813002
0.06714847859873095,0.06990589422941491,0.10466550269368846,0.14008904829961155,0.12179333021747003,0.11555077343214448,0.14103222922411043,0.14584830494984571,0.09396643835498338
0.08464059669741329,0.120003508667224,0.13327551549055403,0.11577509776929175,0.11271962180147858,0.11552771983680177,0.08535435510056978,0.15062028504825462,0.08208329958841228
0.06897914844065836,0.1243166233693012,0.09622196019781808,0.13302593435201213,0.09046196866063201,0.11563341404897176,0.12752044326195788,0.15273909587334847,0.09110141179530017
0.05395840942389198,0.1017393885801358,0.13018385294361434,0.11946398966536775,0.16828887818432714,0.11523981061590037,0.10009442908782125,0.12955513936457239,0.08147610213436905
0.05745327045357038,0.08844666533559563,0.06663278020579476,0.14610323191712085,0.15734121740522675,0.11372651016046355,0.10410727966944418,0.1664491564009447,0.09973988845183916
0.030058353142355543,0.164016115414744,0.14165825479654487,0.11941591001254492,0.1073119820665424,0.11717999903825188,0.08836071909744801,0.12858688123447598,0.10341178519709236
0.05965841026307218,0.10327144211472743,0.13316206662693245,0.12180060170167406,0.1138866255096324,0.12290119798247012,0.10546129141670214,0.0906966755859701,0.14916168879881914
0.03304801585233207,0.0867762498116715,0.27636558589407945,0.10265237583822766,0.09375283719227752,0.10115917691543892,0.11243863066087179,0.1131743622349144,0.08063276560018674
0.04523972102562109,0.08214465940035502,0.035405594630738994,0.15094733989124737,0.21782873520657395,0.11460995921591095,0.1167980010449889,0.13596611242217385,0.10105987716238989
0.04710831493804516,0.1570903723997231,0.06591323622845396,0.0888084476279068,0.1822712308063008,0.12322172825556515,0.10277654883522046,0.13467852369321748,0.09813159721556708
0.12254575267231926,0.07067502228324263,0.04345995688500681,0.12069595683317436,0.21799895881056316,0.1269573078414701,0.08173159323891421,0.11124956878358322,0.10468588265172618
0.22140659316367692,0.10969434823635775,0.04575395119394828,0.10819590127426422,0.05762515752016462,0.11148608926752539,0.11373976289214116,0.05956642448131629,0.1725317719706054
0.1049234191318924,0.1511720466511567,0.035228271896859696,0.13753660143308968,0.11361765225331916,0.13042783667840588,0.10974224306172953,0.12877805831104971,0.08857387058249731
0.053198320248233545,0.09697608269227109,0.2838154499771835,0.09249937348638308,0.08633089378788439,0.1131520071976126,0.08502633846647549,0.09527427203090512,0.0937272621130512
0.08147909512006876,0.12836529609458516,0.08437695894046464,0.14816705453340417,0.1054510410959749,0.14494044944708104,0.09548305007132869,0.08557329260344422,0.1261637620936484
0.15594453113122916,0.09362593387831392,0.024160222714706556,0.09677303938737668,0.09607393900613877,0.10487653778480632,0.08348286506273352,0.10981479243972297,0.23524813859497207
0.37119151522479604,0.1274775672721869,0.01597550833171425,0.08511808775756458,0.048147027349382476,0.09809724497347261,0.06695376301013571,0.09163828269683778,0.09540100338390974
0.0473073393003324,0.09060414340753024,0.12659636341101743,0.10431262536612214,0.09655403144808798,0.11089346277391858,0.1661261627956267,0.10343176792528752,0.15417410357207703
0.059255473039299476,0.09441230779900615,0.0734309239268401,0.16085699397001227,0.14220670491361087,0.11613033548956093,0.11740317678020402,0.13909883527391406,0.09720524880755217
0.022675978335960866,0.10171051343985253,0.15374862873093442,0.09035950985389359,0.2106728453075317,0.10344393059226216,0.0905811531462669,0.07088796606289725,0.1559194745304006
0.14749683694940965,0.08715660492689258,0.09710566457949481,0.10408812866768852,0.10042717347585106,0.12631016212356902,0.10731077664569483,0.0937300676346247,0.13637458499677477
0.050279238365119834,0.12720117487040547,0.022078764724941302,0.16293898916916183,0.1203695030115618,0.12017286740509821,0.10308510416428997,0.08263495554225113,0.21123940274717046
0.12347570361365438,0.11275817181826377,0.07257402718292583,0.12266705022404308,0.11070419084931722,0.14509929449405162,0.11771168842298814,0.10311640553267305,0.09189346786208276
0.0798598733745818,0.13377702709161496,0.055860225483274184,0.14011613283066585,0.09184438068603468,0.12453044480116593,0.1250056074700886,0.12442666827805003,0.12457963998452393
0.0609106280416476,0.08113428851148431,0.07511440599190351,0.1643025158508267,0.14967932517580593,0.13129735685676322,0.09674077033327984,0.12878969757160036,0.11203101166668857
0.24678932017172026,0.09571869429100753,0.04394333889183576,0.0879043295266028,0.1830674320635175,0.08432033935496878,0.10461109202836287,0.061685820394427555,0.09195963327755707
0.11416350817174019,0.07969603918678253,0.10958013223302702,0.11310053573836566,0.13990032992791238,0.11021981732804882,0.08806859611067704,0.14873383938033535,0.09653720192311094
0.10797416615782306,0.09944887146819288,0.0717958522053229,0.12356837954300935,0.08968304315128502,0.11859896644877048,0.1303457060640092,0.11778605303133376,0.1407989619302534
0.12105480520180133,0.11713550596511746,0.10051318871497893,0.11963751274698808,0.11328161627622986,0.12846183948743203,0.10140351206211819,0.10197377094817438,0.09653824859715972
0.08260346407620035,0.13416822983322,0.07393746141388141,0.13499480417015017,0.14940991824734443,0.1270387913572272,0.11053655731052577,0.10849617085722683,0.07881460273422387
0.09366007393095442,0.11074596010937521,0.10029733155847348,0.11548958920838781,0.14068566587926096,0.09832604122886239,0.0966746153542104,0.13585703817668449,0.10826368455379076
0.1741815750748257,0.136983514429187,0.05289431063877112,0.10537442360244975,0.09995632698326175,0.12786028194038893,0.0898311256821155,0.118454955717966,0.09446348593103426
0.0481929436667572,0.15644462402220838,0.08304373666775074,0.11052709948659584,0.13306909171312375,0.13400195395300604,0.10987651473357253,0.0885016052036917,0.1363424305532938
0.052174764212207035,0.10618216905745496,0.09760007632743158,0.1139834964607726,0.08267193286451095,0.13453499832269467,0.13857441227014566,0.15338316300473323,0.12089498748004929
0.4363754129060091,0.02671442644102187,0.009344809675324176,0.056454426194467035,0.1178213611344013,0.07691563009728318,0.09047474651311592,0.027052392987126857,0.1588467940512505
0.06511760584012373,0.07946810796805459,0.07391159796818068,0.15806320566753082,0.13114574744916788,0.12431935905769032,0.11236300149630739,0.1444721670774429,0.11113920747550156
0.1415041985943212,0.1833041816741463,0.016013123832408546,0.11675877677928626,0.07058126750923126,0.11016111006616457,0.08565896896641305,0.11910956148457862,0.1569088110934502
0.19517697869993333,0.08201290428536767,0.1775555623396263,0.09816174001428003,0.06874927910445193,0.09725518325390753,0.06324875776625334,0.12356977438802652,0.09426982014815338
0.07905903203081101,0.14056727983411735,0.07452506019122955,0.1123763180141162,0.10700502646649564,0.12490134847661306,0.11396864257577623,0.11607673750699632,0.1315205549038446
0.1445899291046526,0.10330186200581337,0.07309970507746313,0.12604297411138138,0.05982028765164124,0.12044017765440408,0.09093489048232843,0.10749215701503308,0.17427801689728264
0.03326796645356198,0.12482377836159282,0.06085036883235049,0.14286212868193268,0.11869553051576147,0.13494636909045407,0.11151741991627974,0.09496300676464169,0.17807343138342505
0.19447792357702784,0.15614658001259474,0.02822470835782814,0.1005842668214318,0.09011938385399983,0.10487106804189873,0.10346021487542163,0.08823551124169897,0.13388034321809825
0.09526051534610892,0.09855436823412378,0.10688167194856903,0.11886787174406331,0.08771145750623895,0.1299926211947902,0.10426341210061914,0.12664902899386057,0.1318190529316261
0.07884638873736821,0.09222151286095025,0.08066192761578106,0.09874690281385912,0.14018283246052599,0.12249595274785163,0.10544647621905238,0.1153486105912704,0.16604939595334098
0.06652163339275827,0.10915946269318251,0.12155324997044492,0.15351371252737323,0.10254390418046773,0.1170257470955622,0.1164032475895893,0.09568450051747479,0.117594542033147
0.06984396148848092,0.07333185623134598,0.05254643406074489,0.17717566894781803,0.1352548429129711,0.11781290915664204,0.14356457288471744,0.1274247277799979,0.10304502653728169
0.036796352240982266,0.06900244528095385,0.26495738169472355,0.15081016401248118,0.0962748013500629,0.10917874371725352,0.10557766772492132,0.0870905303861892,0.0803119135924322
0.21838368581099918,0.06428902555341458,0.09460121973780473,0.1304923628892876,0.09819060310284163,0.1178239166696573,0.08451410582622565,0.10690350283510579,0.08480157757466356
0.3172064530292811,0.04064403377113962,0.020074814175446046,0.07779757067760325,0.11330023752420641,0.08112036577994187,0.09295975636788394,0.06071065354145025,0.1961861151330476
0.11360130082186078,0.10319710481877138,0.14663114828245896,0.12457786799184123,0.09892879419651708,0.11887213941944792,0.08437678581437465,0.12182867811143161,0.08798618054329645
0.1471716715220771,0.07575087945219776,0.14110738497906114,0.10511781906400396,0.09345789358519392,0.11129299909497986,0.11304702472536558,0.11538324171080348,0.09767108586631718
0.2381482795175565,0.22982221097308556,0.033249941929378156,0.08468264476637648,0.05796425866962171,0.09616241071434188,0.08823173650713974,0.0744123247405889,0.09732619218191112
0.07378545786490544,0.07509452321275889,0.052629102723706835,0.17371768485378727,0.11092738491099347,0.11524256963687263,0.13726734460210374,0.1532894775867052,0.10804645460816663
0.04576684219923399,0.0997634425339962,0.18362158912795198,0.12394593314766485,0.10723847290549089,0.11197319289985345,0.09650287223158101,0.1410703169245546,0.09011733802967302
0.057494311654531026,0.09212929365969562,0.11187037603427581,0.11648503721722951,0.14903123243525676,0.12955382296795612,0.09687807519829687,0.14985886435366294,0.09669898647909529
0.03731643066113677,0.10511874835167699,0.17597238769944587,0.11490619684710275,0.14271459513956458,0.11617775638931678,0.10702438514486334,0.07980975348074498,0.12095974628614785
0.061432443133110824,0.07277661423656441,0.05552751801462097,0.13275169424112535,0.18919243823258028,0.13648033756197772,0.13835152236603826,0.11450122620449425,0.09898620600948803
0.16742390201666343,0.14550022405258492,0.09227680479098903,0.12387354156072533,0.08967622418268355,0.11143565369998075,0.08551296565735556,0.0874378404026853,0.09686284363633217
0.07306422763647034,0.1996280498074193,0.14691395129700055,0.09333276466936972,0.07319620747356674,0.10523262885102384,0.09516868128507211,0.09466941863578428,0.11879407034429312
0.04918380067848852,0.18205593223538055,0.19561426744153457,0.08727132328050595,0.06536544377091419,0.11424973973441215,0.1037466091820276,0.12012398334175144,0.08238890033498512
0.06232361357376917,0.1009175221747413,0.048919774175178975,0.14856451535786652,0.1330355069173591,0.14256377671501727,0.12211982741031542,0.1404382723167312,0.10111719135902097
0.06861690222156082,0.0806775411186319,0.1230120782860298,0.1537285844544183,0.10400043293653767,0.1290871197326582,0.09693733880116122,0.1350511027720452,0.10888889967695681
0.04755417422779842,0.1392833296873596,0.08592996042364105,0.14509853938420347,0.1535627541768622,0.14394350707894524,0.1037588935141525,0.07555189428701395,0.10531694722002356
0.044960236318786456,0.15716873654571897,0.07420135148846432,0.12549946805718304,0.08442495976281794,0.12228734194862777,0.12218998129779712,0.14268129372958405,0.12658663085102037
0.08076348017049007,0.08170825946924622,0.08176644528588982,0.0989475463716009,0.08126384377458006,0.12029143270536251,0.09797477340631784,0.14870995592511696,0.20857426289139566
0.05065161777927044,0.06896029141242481,0.12367255382889535,0.15516570305716762,0.12800746267831875,0.11334391688815819,0.12072779186970249,0.10908874986892558,0.13038191261713689
0.17078963531101443,0.07532878507752798,0.12291778454935094,0.1183738101704731,0.08495764537118522,0.14836271555485617,0.10164226321837501,0.07372399605458362,0.10390336469263368
0.04410861201348012,0.1094590274333266,0.13204410448573106,0.12215092209539931,0.10281852696913503,0.11520711542138971,0.1530155261043792,0.12009986944774809,0.10109629602941084
0.04789516728417049,0.07604148192294247,0.0675421495378517,0.11664683945129707,0.14644793463496628,0.13841563433879678,0.0964595935372274,0.08061143222740295,0.22993976706534483
0.24286019409777518,0.16601171969211748,0.03157994935777478,0.09324985527459839,0.0772800742639901,0.10685829746845917,0.08813012664546545,0.10380414329412553,0.09022563990569392
0.058026457644077135,0.086620611335837,0.14173108020126113,0.1713342865161003,0.10297081384008104,0.11891150506459995,0.11573531665954684,0.10752659854412373,0.09714333019437289
0.04497329351840285,0.12084240601895029,0.08373290331327132,0.13748723612120264,0.08613768769584396,0.11867671371361348,0.10872799072134685,0.13052484068703443,0.1688969282103342
0.03258173948020402,0.1058690144873124,0.1527722099270991,0.11604139814914975,0.10338414292701899,0.1179789539084181,0.14392573599926484,0.1306263207234614,0.09682048439807146
0.06340550216496617,0.07362404020664666,0.0377600931384943,0.11749284214271176,0.132881321512916,0.10031808280570371,0.10857583142468119,0.120717893021925,0.24522439358195516
0.053259000153909324,0.1474334201213258,0.08547475490061746,0.14263974736025206,0.10454254198541818,0.1164525869695499,0.12367409302437245,0.1395661521741712,0.08695770331038366
0.10777844371619333,0.19088786814223993,0.07379709212924009,0.12460019156649622,0.06823524826564947,0.13354801339130523,0.08483506625791847,0.11693213052309215,0.09938594600786509
0.08243302086379485,0.12257520873518535,0.11814779515680189,0.11084232591360159,0.12546119005861375,0.13326253020489817,0.1247453798859756,0.06068482028239707,0.12184772889873179
0.06298140730767647,0.11552891811258285,0.09472360379799226,0.14562330663991355,0.1120686301874263,0.12610407282827976,0.10779744407090515,0.13455079035734654,0.10062182669787711
0.21056072321188027,0.07371495890369849,0.04332437249444815,0.0830209337263854,0.06228068872010587,0.11688864408941042,0.07474419914104637,0.06319430180864322,0.27227117790438177
0.05930992554856244,0.16227174601733738,0.04004589499858143,0.14263661988707318,0.11698958933324856,0.1252098474921804,0.13182573716903048,0.13971329857776757,0.08199734097621865
0.3265615651198238,0.1947907397609789,0.019946389394125442,0.10424001262437795,0.052331640938710865,0.0820646825034535,0.07216294961894068,0.09972403978637971,0.048177980253209074
0.0807152504996566,0.06538262292756823,0.061283000634089584,0.15170608510834396,0.14635084479922789,0.13889199806243088,0.11272791011069806,0.10222983653553282,0.14071245132245194
0.0675165656745876,0.1079132594428977,0.05775186011747168,0.11730778986690786,0.15893888819368016,0.12524845879193972,0.09113467964827476,0.10197033689522177,0.1722181613690187
0.05668386585208457,0.0870787798495996,0.10848421366906517,0.17843686108396672,0.1034239718123446,0.10979464700448598,0.1284861867967477,0.1349187426534961,0.09269273127820954
0.04987016348244261,0.07775823087830595,0.06947786637004603,0.10435460468787892,0.12362134674873922,0.13395251409220485,0.18822143491981844,0.1391187812577319,0.1136250575628321
0.16525678276489839,0.10710823937929065,0.033285481055518304,0.11175079429185958,0.07463199984367695,0.11332587997745219,0.1015852578568417,0.10805849903687793,0.18499706579358424
0.04961958987137566,0.08817619263865421,0.1243681343884994,0.14945751236382301,0.1350481902142632,0.11396870639859151,0.1327762245079806,0.12434173292013555,0.0822437166966768
0.07278187446182867,0.18783582522642825,0.1069731796498045,0.10669596660467444,0.1164606274962016,0.0922615148552597,0.12182313150354372,0.09094649539820619,0.10422138480405298
0.06928564746832579,0.2614248915080439,0.056242570653657724,0.12002432581791402,0.07733176215679406,0.13008332747766374,0.10322443196027242,0.06177360087595519,0.1206094420813731
0.03576644221756548,0.14691016918786517,0.12944171752382647,0.1120169566410185,0.1275269775150371,0.12568194140919817,0.13018114744320367,0.10938621938195732,0.08308842868032809
0.05023036465445746,0.10404535756676007,0.056403325767801625,0.11101076152381169,0.12219913082223759,0.1488803127103475,0.1250852381588484,0.1362375892384126,0.1459079195573231
0.04181703799733458,0.07224941846987416,0.25777621143088614,0.120472219033458,0.07953099802727713,0.09163884731550144,0.13303235729214766,0.11334367539789418,0.09013923503562678
0.04128360429715951,0.076224748364941,0.15413093053763646,0.11588299779451615,0.101202162857859,0.15109988491479703,0.10260814985994705,0.13790676226919996,0.1196607591039438
0.24816045689259128,0.16866493648981265,0.02577503806689128,0.08848581085380691,0.0662986516490488,0.10841665717583811,0.09763033625501505,0.06994185429311492,0.12662625832388089
0.046466180833946734,0.10318992072544696,0.18633640312994235,0.09824014365692903,0.12304315311992613,0.11086030916302507,0.09802088984824169,0.12414359109168709,0.10969940843085502
0.12039070116998596,0.1694294423492689,0.05641678723220586,0.10519561946594026,0.11213484188466406,0.12954408646676688,0.10616830095791661,0.06214503422563559,0.13857518624761586
0.05699341310310613,0.19437644469029236,0.08552522165650428,0.1152112258266687,0.10523889618903225,0.13014795778377544,0.11798192817958203,0.09216498919002969,0.10235992338100908
0.06152100975091851,0.072239669746633,0.2281404684770422,0.10418889288974749,0.09107982652812165,0.1172480110580368,0.11897736449555374,0.08624608783357172,0.12035866922037491
0.09167682147875993,0.12836259295257718,0.06259219435344722,0.14560449703991662,0.11698275839489218,0.11778509004666145,0.13675558238938415,0.10812811435869196,0.09211234898566935
0.07016889648777803,0.08478704519800806,0.040245347733035064,0.15954028876691165,0.12718593757749222,0.11995100173291111,0.13566135109023994,0.1558306885011331,0.10662944291249088
0.0844715232229229,0.1677215786822268,0.03139239769080934,0.134720477278679,0.12746849245281833,0.12167320579876413,0.12229285299869357,0.11756981498374586,0.09268965689134012
0.05263040609016207,0.05757735690318482,0.25908808704859837,0.13697244566040828,0.08390896011328353,0.11498757678827592,0.08495165947147998,0.11896702870264493,0.09091647922196193
0.2029799488733117,0.08153740402913215,0.05131958733147693,0.11881910351968605,0.14377797828313724,0.1283069416626685,0.09095969923351986,0.09416355559963537,0.08813578146743221
0.04071816608351072,0.19595866476291057,0.09601698914976847,0.14571558933700735,0.05792332547158269,0.11665314537771654,0.10124851326630203,0.15101450682482484,0.09475109972637681
0.11422158765449814,0.0796819215847221,0.10962362455975423,0.11306917674338611,0.13987530431761297,0.11020872719609624,0.08805287677467177,0.14873173215194244,0.09653504901731595
0.0695196934486542,0.08637646021967847,0.0758451319757847,0.17527659797832973,0.09682850528637683,0.1236763883226234,0.16970598906223702,0.09237040495767218,0.11040082874864347
0.08456570572990389,0.07966370815663727,0.10097763143336448,0.10816647573429423,0.11324703679110404,0.1131118142149619,0.09488574393408726,0.07528420982264951,0.23009767418299734
0.058828981469377206,0.08176368745956625,0.1310583155270885,0.1373251557189941,0.08883343170838885,0.12190461488122777,0.15735335992534016,0.13227427285186774,0.09065818045814948
0.14734755587981768,0.09773023766743531,0.031654649511080296,0.10636482037678073,0.07516165806908133,0.14382778595548676,0.08870405559280826,0.10844654813346861,0.200762688814041
0.08611374141885468,0.1419524873699997,0.03011316558917163,0.1349875086527773,0.08083255826418512,0.14134805862427627,0.1008589557517791,0.09949116009328142,0.18430236423567478
0.04944548949612069,0.13399005057752594,0.14768715927757783,0.09402473013790212,0.1345073476233653,0.11477550580297673,0.09325957380515647,0.1271220906900012,0.10518805258937373
0.02947053555108406,0.1182317880005564,0.17789394179648962,0.10014781283011771,0.14514315468277958,0.1248368537515363,0.10197329654066227,0.11399547974010422,0.08830713710666975
0.04146230374628956,0.20055005271237716,0.061499710516328965,0.09526138067914901,0.16927637455999836,0.12536520613734273,0.09570907181386264,0.09847113955416409,0.11240476028048747
0.05542782826484863,0.1344461534621452,0.09767385467118583,0.11536137515514135,0.12671869909667416,0.1346440579687274,0.10755594640891904,0.12736609298902288,0.10080599198333551
0.1861765061307701,0.08073698552817545,0.06141273490461238,0.09432571387142345,0.12264872161776548,0.11787715249651998,0.09366920618342438,0.07241800174205813,0.17073497752525071
0.05485011880766091,0.10438600427458578,0.08322144892384578,0.12072422896311175,0.13667923466937923,0.12565019851520062,0.13742261313895887,0.13954228400037336,0.09752386870688369
0.0964385466579712,0.0928396129981387,0.04740349946671902,0.13135041799360936,0.11805424706657235,0.13656724284032784,0.11354109009262536,0.12164227694758539,0.14216306593645073
0.06407747027410297,0.08047374555661412,0.06203845510686352,0.15256610156263717,0.09330745827045728,0.12183499449346417,0.12356509883298611,0.0851051671622618,0.21703150874061283
0.14512814372570051,0.1727556071594559,0.0775521382950326,0.08022108098376829,0.06612386801268277,0.08937389908980577,0.10656713406341752,0.09941148914373858,0.1628666395263981
0.05524203092352372,0.12930349357468376,0.07297929131467519,0.12920663834755045,0.08652650807881283,0.1459925271671524,0.12970959176279245,0.09904339470830469,0.15199652412250453
0.10356021375787168,0.13903463078212203,0.10862954771305024,0.14774763625054543,0.05720745334053157,0.12317113562188094,0.11458880033198526,0.12196595584834047,0.08409462635367247
0.052840517610967815,0.10309833004071689,0.10194664564371707,0.12887298382295484,0.1360338364910838,0.12689145204391494,0.12057812506684769,0.13576792932102272,0.09397017995877421
0.08483754995560235,0.11430500265812132,0.027642713700539168,0.1745953266494742,0.07487232786700389,0.10514412280514547,0.13482680583433576,0.1622994669698559,0.12147668355992199
0.20032863028114203,0.09748223292921744,0.01110260433674684,0.11797663879687566,0.0949835446127224,0.09174254896461936,0.09937462003202542,0.09459372464492222,0.19241545540172864
0.0951620705414644,0.07531925102515101,0.10789919951270105,0.11166398438815121,0.1601340236581642,0.12274431203822524,0.10335443371046221,0.12019529146515646,0.10352743366052418
0.09387212776201952,0.06831360636796953,0.024333405165252227,0.11780823086949477,0.20081665464382437,0.12610355406289472,0.08093988812031706,0.07440306820542801,0.21340946480279985
0.03524171707585674,0.20836273462950597,0.16262571599100195,0.10521423902453479,0.07502486806555479,0.11018338252768893,0.09203544287530278,0.10862552935773362,0.10268637045282052
0.05302947375357564,0.14766377107566,0.056690197735624864,0.13560777845903407,0.13054218904967343,0.11648797430803919,0.09331869790948272,0.15115313043890097,0.11550678727000907
0.19406318289203292,0.05979627586658839,0.0209541475728633,0.1044802816195864,0.10711819117047923,0.09849130417835801,0.09984367510018917,0.09969337716024969,0.21555956443965285
0.16937224398522832,0.09386808242823512,0.05505122588102357,0.12238179108337006,0.07185895772618091,0.10588433295950674,0.10355703213805385,0.12905884438914708,0.14896748940925433
0.09583142464466084,0.10214673191954589,0.11070057537137551,0.15389530240021615,0.09246431473164142,0.146995524115481,0.10818681919044261,0.08444302094882573,0.10533628667781081
0.06577730506295303,0.13248869790272402,0.1341133695759942,0.1180874369965876,0.1427465162805308,0.13595463634426433,0.09501383044044752,0.09585551504810665,0.0799626923483918
0.067787304305239,0.07992615716227737,0.08938376522268299,0.1668690644144407,0.09247219442377057,0.11670865007683366,0.14396233832094762,0.1499441243532811,0.09294640172052704
0.08935535510838814,0.11504427356696416,0.03044802232814822,0.09121209791112432,0.15232561823882618,0.10799667348720053,0.08858355399288957,0.08094090845851325,0.2440934969079457
0.08859751985122559,0.1429146988152963,0.05372262417849305,0.15837038216136617,0.09854743178423625,0.1252798150090621,0.0922721631889953,0.13756129400766479,0.1027340710036605
0.16370077393828286,0.11959856342463127,0.03800176544948994,0.09439383773022518,0.0841352080066271,0.12437022272010917,0.08791662104493542,0.09164726433935737,0.19623574334634172
0.07626079560563898,0.11552522508456814,0.06330676920960983,0.10672299386498524,0.14718115924538186,0.13024980740211153,0.09887452599000555,0.1659671739483082,0.0959115496493907
0.054819124368780614,0.14856452713214155,0.06123415612057973,0.1991844778576792,0.11418679117638003,0.1191917311928274,0.11292808579980955,0.10290528077783863,0.08698582557396328
0.06203115002828145,0.09107118870722926,0.06434549774150015,0.16902120355291658,0.13951711012236181,0.11794852602084434,0.10079610168685686,0.15267531916720053,0.10259390297280901
0.10538796844793129,0.07341883591170299,0.16931518177765725,0.1219156089432508,0.09764287254308564,0.12663920128717107,0.10064167489600413,0.10428097533545877,0.10075768085773816
0.1531311375561459,0.12007521906010692,0.0336128589633288,0.11711052483751,0.12479189883641417,0.11002014670506227,0.10957942198665782,0.06550754162014676,0.1661712504346273
0.034467708292442625,0.14322390707430174,0.05732056747588802,0.15749637897465066,0.14552949562213646,0.13718197403905844,0.12290405059477366,0.09096125118149445,0.110914666745254
0.029227695873521666,0.11305124542612693,0.3055352324432034,0.09966963261196844,0.10031088592897208,0.10186199654822771,0.07689181831198792,0.10976680958132162,0.0636846832746702
0.07981998525439785,0.3028436236008531,0.0598481017775038,0.09831827239428968,0.06345973668041217,0.09398750504045655,0.1054545057339243,0.10413021661856381,0.09213805289959875
0.0606133403544886,0.10470279988285001,0.06831644703758279,0.17919019631332436,0.10813682765834676,0.13853088364982152,0.09916215915805203,0.13437249440277413,0.1069748515427598
0.06527598984983758,0.07041478804130974,0.22472378634954202,0.10143671052386388,0.12173742367592773,0.11112096391034909,0.09630207207313952,0.1279233377773488,0.08106492779868164
0.23215935806317853,0.112256420109897,0.035255270808938234,0.0942117501182711,0.09413289249396996,0.09790222328784043,0.09633691551581865,0.08999295111782853,0.14775221848425749
0.02676827130275782,0.15227498717865176,0.06420741447138127,0.14375253654272857,0.1267686889899184,0.13351733557647721,0.11652989566030562,0.1242717714235529,0.11190909885422647
0.4044878596296235,0.11175351563867685,0.01485314157815146,0.07315218324962044,0.048178247821348615,0.07915594577952217,0.07473891076651268,0.0560706484391292,0.1376095470974151
0.08894365681825767,0.10958000271527026,0.09520369895724211,0.12724835072390564,0.08159720535995214,0.10948675811882358,0.11436587199595179,0.1071428119547362,0.1664316433558606
0.04354984254775723,0.09489102674752144,0.12942943661887732,0.1530922586168616,0.10017853327658592,0.11950085829232986,0.09224370578826323,0.16556100546816033,0.10155333264364318
0.11492206211734723,0.18239933693248522,0.052866370157221176,0.09958727527160467,0.09751667003787762,0.12217595106405132,0.10731865901538146,0.08890884697495381,0.1343048284290776
0.05802628995025009,0.09827268475806505,0.15256293080426267,0.13244498656095974,0.14176315590780822,0.1349236186139622,0.10441872544432877,0.10534599395828222,0.07224161400208103
0.04210241262047012,0.23026331527273167,0.0828178188959016,0.12559665087888866,0.10424077679667033,0.1252770250515257,0.10020222366287145,0.08304229318704286,0.10645748363389769
0.18269904363845427,0.09008835093007443,0.0706449173900718,0.12591861241965513,0.03768741252313242,0.11863039490338878,0.09147449565486217,0.14708961910417218,0.13576715343618884
0.07691083365450137,0.14917011820761625,0.07328578899819196,0.15962705573880284,0.11066481656679579,0.12362604492338962,0.10652216649788454,0.11883117489928607,0.08136200051353147
0.16192043604034778,0.1449547943867101,0.06529906401376769,0.10246491763504943,0.0731473513864782,0.1049025109747061,0.11963032462309375,0.12547102149843994,0.102209579441407
0.09073369827724866,0.11122013970422923,0.07646286598839912,0.11567185281222316,0.17285568100949913,0.12009523015417085,0.12234927088933889,0.08909074076524272,0.10152052039964826
0.28385698990518615,0.051507588926385926,0.02406282979753509,0.09991432406853935,0.08198002253504798,0.1042415890177244,0.09662483233255743,0.05961972918081016,0.19819209423621353
0.16446866260248585,0.07394521124673231,0.021913390810952862,0.09875983475831984,0.18253350809443789,0.12461507133646094,0.0832509226058774,0.08361119979367058,0.1669021987510623
0.03304801585233207,0.0867762498116715,0.27636558589407945,0.10265237583822766,0.09375283719227752,0.10115917691543892,0.11243863066087179,0.1131743622349144,0.08063276560018674
0.05778623456774151,0.08830126566039541,0.04756455519777597,0.15390310744171856,0.19411933275159743,0.11870197534120214,0.10255923968946166,0.14100490130024726,0.09605938804986007
0.04543190493000996,0.14132139703132843,0.04116905133565385,0.13544592527250757,0.166942404016422,0.11093350843336829,0.1281703919924657,0.1367001971692697,0.0938852198189745
0.14398441316903787,0.07331590133173671,0.04234000591296449,0.10620220892614439,0.18119326820240342,0.11781722271932756,0.09604485671750886,0.11617997011338166,0.12292215290749513
0.16398441845535974,0.07350790764774001,0.026862744321584472,0.1488308065776522,0.14619750055057737,0.12233634972562628,0.09755547489744314,0.11628634839241236,0.10443844943160445
0.08060934841963634,0.08921466318855727,0.1604792578408023,0.14705727687192205,0.07979194641945074,0.10615167338942864,0.10288448693859682,0.12713177986397128,0.1066795670676345
0.04338065054218401,0.08210985187391766,0.08023398229339694,0.12785170086282577,0.15630966815266853,0.1249256264027759,0.12580437729410823,0.14984091432637772,0.10954322825174519
0.10906880916655515,0.18426554889904004,0.13587929930148246,0.08525269725085878,0.09235701400344838,0.13148636789149618,0.0992193325614949,0.09401660836580072,0.06845432255982346
0.06370238109194686,0.08977861449762474,0.10106003094782347,0.147845810230216,0.11793978326596244,0.11728705897336826,0.13296378231506056,0.13627109625272138,0.09315144242527638
0.08047427673033634,0.08994275699891974,0.04756113856000329,0.1293813615436576,0.197715443038078,0.12082075718303564,0.09378097789747454,0.1468792989509404,0.09344398909755441
0.08293442377172107,0.059109293497814436,0.03251321178618709,0.13161089443929894,0.13453314265948202,0.12927579580850745,0.09631861902817719,0.12658481657942142,0.20711980242939046
0.058965391917857525,0.08518371241164546,0.2011955739963943,0.10359810001002596,0.15927549926311257,0.1252905286890524,0.07608901564396021,0.11534245363577857,0.07505972443217292
0.0753975164059858,0.10627721508894954,0.09160983276477408,0.1357292772583246,0.14132433735721686,0.12925448649950586,0.10299746142202244,0.134295260076593,0.08311461312662784
0.11098737345081845,0.12739975109752472,0.13904992425193305,0.0855740477785847,0.08011490596275377,0.083369088259644,0.12007122547112398,0.08946165045993958,0.16397203326767767
0.057829406754409805,0.090275313728922,0.0929825446070276,0.15072838501124738,0.12348048713946191,0.12209783817197427,0.1270189023340944,0.1221903244009469,0.11339679785191575
0.08243302086379485,0.12257520873518535,0.11814779515680189,0.11084232591360159,0.12546119005861375,0.13326253020489817,0.1247453798859756,0.06068482028239707,0.12184772889873179
0.08398564610045219,0.15427503897899844,0.031379610200910214,0.11472212943499616,0.16200361770624946,0.12524286170470197,0.09772193952163995,0.11323045768453048,0.11743869866752106
0.13103811403082802,0.15222261836958714,0.026448180611537142,0.12319768333486547,0.08756836548642206,0.1035962991946972,0.10866020050316305,0.11089196158764535,0.1563765768812545
0.3900073653952016,0.1670269657712097,0.015026494778162862,0.05336121056315649,0.044707052188897055,0.06594439352488295,0.06809289748222942,0.0736919376571751,0.12214168263908487
0.04857218173399339,0.1447769062413312,0.08660684441614579,0.11200938123524838,0.1803054192802722,0.13429980791260102,0.09896894879439289,0.08934880913344138,0.10511170125257376
0.05229652395741271,0.085193559965828,0.07143235150344839,0.13705193270553076,0.23158934240551288,0.11688086198398538,0.09574655092736355,0.12102664193907157,0.08878223461184677
0.05518737204140264,0.11817022162960561,0.1547018472628556,0.12274414627909865,0.10418322723841512,0.11352088152351147,0.1014964767071251,0.12496145191836343,0.1050343753996224
0.10868414939943292,0.08378255261656847,0.15557842649171438,0.12910833242129113,0.08877052385840477,0.10673327875183704,0.106884017993737,0.1347243545925124,0.08573436387450195
0.3118453565958413,0.13500359450266786,0.036621441186139976,0.09407045487712114,0.09991445195577249,0.09544296821498684,0.0732153296040634,0.07065959411243503,0.08322680895097202
0.21554153481287072,0.06124602880237797,0.02824316045109082,0.08192962195913119,0.1437803653296932,0.10133221412961713,0.09986160652766618,0.050960220931170024,0.2171052470563828
0.28466486476742425,0.12023647974193936,0.08250045682690668,0.10481101972085179,0.06476767797939129,0.10706802795264088,0.07616079522747742,0.09335374679621666,0.06643693098715163
0.03983924741567519,0.08967523227810281,0.21044661149667254,0.12369059384183906,0.06855793214845464,0.12923177048379555,0.08539983703447562,0.08464894247017563,0.16850983283080892
0.13247285539319467,0.12648047538605026,0.06246160046142497,0.11260520986104233,0.0896741739933503,0.13158261339422292,0.09903888455512953,0.14068681273373473,0.10499737422185035
0.11444927706262482,0.08935533138377584,0.04002621579068682,0.12474758673021318,0.15175863891789898,0.1426598158174678,0.11870901436614108,0.07394171579230831,0.1443524041388831
0.08693155957194865,0.0827951420185576,0.07815564873144198,0.13666798922636167,0.12170323518978164,0.12537144453936166,0.10418278844609974,0.15348323998552746,0.11070895229091954
