0.08332640808564366,0.05491655862256193,0.16868168035647144,0.06805148230237498,0.3780472405653572,0.08967817330084711,0.050638118273563106,0.08471011005305891,0.021950228440121556
0.035104735990487974,0.06455000379844832,0.15861677680435862,0.07650481708113686,0.009666820082858749,0.04820201266674549,0.03509599518823058,0.18995089551188507,0.3823079428758483
0.034471620359381026,0.051910340638958434,0.03485345497673161,0.029818879398763473,0.24668392868125458,0.3436435827934579,0.0758751320120594,0.07712834659805778,0.10561471454133568
0.06210596112672581,0.14629627684200752,0.04696786894716937,0.4385488674757254,0.046951796141448704,0.15875123015367673,0.033382557170989605,0.04133457610810327,0.025660866034153563
0.013886139304819413,0.06466273606900629,0.05220148290762324,0.06089491398352317,0.045540540450092704,0.047568559807318604,0.03485446962727164,0.4989901082189229,0.181401049631422
0.04366827582176134,0.055925230043611406,0.25682534212541813,0.0355591195765562,0.056856028580354816,0.06819973198049334,0.3833512672343624,0.041090895943216195,0.058524108694226175
0.0383594058021219,0.06267035110926801,0.21567963505450907,0.08193821870527902,0.15477503261433717,0.06899098280793418,0.2814671437017835,0.05557616627925144,0.040543063925515675
0.05156043945362095,0.09423600060677599,0.022627945618828527,0.507906861318553,0.02235292847673076,0.20321778103682167,0.03774078531536467,0.04928416047387355,0.011073097699431005
0.036792104097716466,0.08761456378278354,0.20110316209996382,0.04831693497841414,0.2916341391069118,0.0675027099907895,0.0941393825128336,0.0987840155138653,0.0741129879167218
0.12249396442906076,0.11872954574262184,0.13918843126560884,0.07644038658303787,0.028977250222269105,0.04962728973203512,0.055520831777125246,0.2726251020309328,0.1363971982173084
0.03999513819756523,0.06874324968332234,0.09163047666331263,0.08581504782413547,0.2989056332829173,0.19059851313685838,0.07369114269153852,0.05074366347788841,0.09987713504246165
0.3005431856510854,0.05454337982612073,0.0945312923290631,0.06285174345091682,0.32746293849449687,0.03365885765443959,0.040717174178914434,0.06374204398012358,0.021949384434839386
0.0394488063146068,0.07222598347508226,0.16136635581776684,0.060870784739646855,0.17478922436014477,0.09418663899334408,0.2079821924396353,0.06255473706723517,0.12657527679253797
0.03826989017170291,0.06601365313825679,0.12946105387330084,0.0407851406839529,0.06308783893439031,0.26615329587004066,0.15128749241595163,0.06445997117319019,0.18048166373921384
0.04241548588697571,0.05789372724399139,0.18914333412666787,0.09460204979808873,0.057378042881214446,0.16438618927599993,0.038773659815986926,0.1180678589400661,0.23733965203100893
0.028303148314681215,0.030185826298959426,0.06003839206008535,0.10641904071246393,0.3514127571496351,0.030565326173285626,0.03093987402682868,0.047610610103400126,0.31452502516066044
0.029287555474500845,0.16620426021953363,0.06187317642592508,0.12114482612825882,0.047609715604559656,0.2959544392002498,0.04861437116481657,0.15396465723522554,0.0753469985469301
0.029208826529542504,0.6300599673394195,0.021722101678275162,0.1663758383157796,0.026557455007207697,0.041027555698509376,0.04002952466958262,0.02139904044549922,0.023619690316184393
0.04615467260723838,0.06557391935121012,0.2150972964281753,0.06422295902216095,0.23675084281737824,0.08533752622566736,0.21214725946716803,0.04152268209266747,0.03319284198833424
0.03329001599395029,0.056187998128325346,0.0925800443873472,0.04560232067661386,0.14398933407910694,0.03895781665713988,0.47808436025026335,0.04764218063594938,0.06366592919130373
0.04473084029160649,0.06780754828506098,0.08633655826935625,0.07870993728549681,0.25396864305329564,0.3097587409022312,0.049990707667102625,0.07299496927352814,0.03570205497232195
0.30844641780993465,0.11796729550270539,0.1282884215352125,0.0602350224654361,0.045916005044182084,0.07293656018464965,0.0414679283862651,0.1830420968862773,0.04170025218533716
0.29787265471148394,0.04957765307887494,0.050578555943099866,0.06446977619966836,0.3149579691528296,0.036299646913254414,0.04333116298042786,0.07430395898388285,0.0686086220364782
0.22392669726080058,0.05300921607840119,0.06427585957739672,0.10042586472578752,0.43177191726665537,0.027486770207692805,0.03252189349353581,0.05416346302720889,0.012418318362521072
0.04320968840363706,0.07053602314602277,0.11728096739187517,0.05068370308520098,0.24694086136404922,0.17093382951563565,0.10377042661370701,0.0674775585845183,0.1291669418953538
0.039669413549299024,0.03890662096053412,0.018472718491130236,0.025739576643439187,0.18647857282742356,0.06959141092750874,0.024240086106039862,0.049251244439189656,0.5476503560554357
0.5473360146469499,0.059524806202060465,0.045435455442005945,0.029541154029931807,0.07306326487086456,0.023037705762712937,0.032692161184115054,0.0702141646854284,0.11915527317593093
0.0477406517377858,0.06394570490761886,0.12915706457158735,0.03212492394061376,0.07363108655287903,0.18505500318995383,0.3297000336245936,0.03952536507874967,0.09912016639621807
0.3277612059964917,0.03508745780521869,0.10472655371433832,0.042197367926782685,0.3635403010854696,0.020393392267595387,0.0346502461618425,0.059983304499258046,0.011660170543003003
0.056849211579926145,0.06368324026242164,0.07892196989321887,0.06856480191376968,0.37607185281567235,0.18640096789903007,0.05182115032492159,0.038522255054248125,0.07916455025679148
0.0728181036352476,0.11327027750486951,0.07594816665125685,0.32442248641071875,0.06846520378489936,0.062491148055036694,0.06185281432136586,0.13166488625031958,0.08906691338628585
0.3898544783228594,0.11143833453077368,0.019356988888062615,0.15420127855303287,0.051087527000540735,0.04646683683428471,0.051637752663837654,0.1097313137879734,0.06622548941863493
0.26451750646324496,0.08996598168892778,0.08830778209050101,0.14779175591967306,0.05951792172610051,0.049006294501614485,0.05023271265256607,0.12223541806075706,0.1284246268966151
0.12013424698846215,0.038914835730769044,0.06028376009054356,0.228456616297558,0.4214518520644528,0.024810597013318694,0.02800537214992876,0.048333477863830666,0.02960924180113626
0.09847454825725444,0.02811763350112352,0.0923120532990468,0.0555052048667844,0.5409974503786882,0.07913583025381724,0.035465817416145316,0.03045144393696948,0.039540018090170596
0.03286853496936292,0.04871935074108894,0.0646194409888473,0.06244075745130001,0.24780678256536368,0.2666284993915972,0.14523421932327932,0.052610570253250895,0.07907184431590963
0.044128816526524374,0.1076668567366737,0.016048792699479234,0.5053030195754628,0.016795624780552753,0.20632576482517392,0.03869151755001016,0.04378265171204367,0.021256955594079446
0.0660194808064301,0.07377959008203337,0.017924852989553663,0.020080149871294885,0.012776629973177016,0.07851629715162756,0.030434142171983137,0.28217038283143514,0.4182984741224652
0.200291012733926,0.08287578290515814,0.10510395897224718,0.08658796150393318,0.1612112879437377,0.08896549600803834,0.05961008980916599,0.19781842707994324,0.017535983043850224
0.020050122446412206,0.5431321866301814,0.03728372831237984,0.2066189003167066,0.03462708055194356,0.05557888000682195,0.03630436464077665,0.0325725209959276,0.033832216098850176
0.19670441260706603,0.05049958170708443,0.12626038483654045,0.04980293674796654,0.4402903691701039,0.020769114473387622,0.03331823034736522,0.06722599831587454,0.015128971794611312
0.034515941151669415,0.041127837049359316,0.011554895835656687,0.063285572955431,0.036759389359668666,0.0965595878344004,0.030640779094216725,0.08114530817798675,0.6044106885416111
0.0751632687300683,0.04786377428843319,0.035321419761476874,0.07192717348943636,0.053124064752332556,0.14699856439167444,0.03062500648277916,0.16412326571857835,0.3748534623852207
0.15113537947979416,0.12578039120616755,0.02489101285167415,0.04691530072708732,0.029549765255176635,0.05894293410883752,0.04095458750532543,0.4190102652310314,0.10282036363490578
0.47592557714011957,0.07267624554013583,0.029020861074203225,0.1811598231973296,0.045237362382027045,0.03404078489848988,0.05060408042991941,0.09320377474718168,0.01813149059059391
0.15665923151292843,0.033371740834626774,0.015907590145036538,0.057901658317692124,0.6101082758637985,0.02370702544991748,0.029841839384444263,0.026436587671421707,0.04606605082013419
0.07640447551535696,0.06129268607403812,0.03747783750400275,0.03287881671856854,0.022821008617021826,0.047503930814095596,0.03201753069739962,0.6606438278461398,0.028959886213376713
0.2955012825010415,0.10343176188863294,0.07807704175649921,0.11070629401937448,0.047217099643300016,0.0808384361410061,0.05622455213398628,0.17483834763980588,0.05316518427635363
0.03215577121869382,0.06147344279303457,0.3080167600526417,0.10956150675588444,0.10940968694602345,0.06453013278343293,0.2316902634712628,0.0471344091262055,0.03602802685282074
0.02383073063757396,0.4942657289436438,0.022959686999392586,0.20636958955145857,0.05196102935358531,0.05079002300496488,0.042960758519474423,0.06481406625960368,0.042048386730303
0.028124323332207397,0.03464573539263913,0.028358899334207394,0.4891433217659888,0.013064204218362614,0.31834329649447574,0.04304984296121967,0.03654094396423363,0.008729432536665705
0.05049865526373965,0.06646043759476612,0.02895610675688158,0.051592430835592916,0.036549022629217234,0.04644452523180239,0.04213730905932536,0.6455231675568761,0.03183834507179875
0.06858330868280728,0.05335127580458119,0.2566755974743764,0.028233363618435533,0.04618754512323651,0.05621952974819819,0.0335315221059433,0.04629194027059689,0.4109259171718247
0.03372112076849698,0.05744565588812528,0.03855551032489317,0.05302112411994703,0.3944878483582415,0.11986801596509068,0.13511944084628152,0.047565752498782005,0.12021553123014173
0.1220531249844617,0.35462585792691553,0.022991655225035698,0.21633109057048164,0.05306365388831136,0.07185155598347802,0.048996301308894576,0.09276055015200191,0.017326209960419513
0.3915632727051404,0.04194762257376491,0.07463096515068039,0.08446281645299418,0.2550985938239445,0.04098526039593011,0.03700228965242887,0.05202846895546737,0.022280710289649137
0.025628241289708,0.5028980898663691,0.02523781335390819,0.2945982933050498,0.021926129487135626,0.03931841093851684,0.03794528446717948,0.033424270912146815,0.019023466379986215
0.03954449090466345,0.06418892389116065,0.12474855060111427,0.05635334017390268,0.21001126135495582,0.16406409985111767,0.09298673459656259,0.05168394545024337,0.19641865317627952
0.02269919621028998,0.03493501307600486,0.04968390746894369,0.19596859325166696,0.11884328876796409,0.47280796564715216,0.0369875670896563,0.03543808517694646,0.03263638331137555
0.03780027199569646,0.04426193637711526,0.3352801252061283,0.012728554771945441,0.012818058380105994,0.28842684274498814,0.15730315849348686,0.04767964609088391,0.06370140593964961
0.039269804620714235,0.059525185934179346,0.02435220700430757,0.03968249364677053,0.20967584476347426,0.11455802538028327,0.047038797054001096,0.07654819534580161,0.38934944625046813
0.11325770372618316,0.059051083375448475,0.1395621936474956,0.07078748227388473,0.2610642643165771,0.04140307392270707,0.03494683263180848,0.12374946314714612,0.15617790295874934
0.04987429143095284,0.03652517230450702,0.03179592405433931,0.2251296492628955,0.059317937783991935,0.07518875130562946,0.033464806408171385,0.22917404353432982,0.2595294239151827
0.030467447610237387,0.04953389571179421,0.12987393171285996,0.0979572845586213,0.23422026562761455,0.26660241884568303,0.04163520559797334,0.06838873341497796,0.08132081692023825
0.04175968484740696,0.07639189528496465,0.06027195302803082,0.08214589696719087,0.18220835710688257,0.11693916311160053,0.14656242560659202,0.06176589604072535,0.2319547280066062
0.35643479181192345,0.12977906410299947,0.053278573028386754,0.11773193322115805,0.0789998647653038,0.04900678789801713,0.0506279401157515,0.12427897697164625,0.03986206808481366
0.03930027845287277,0.6142847833349592,0.018377676033224332,0.07314480702726282,0.06239692975902478,0.03838498316111986,0.052505901125994875,0.07136603337985988,0.03023860772568147
0.026093955471116658,0.12676213873641098,0.05089853677523779,0.105563243363947,0.04071115578019415,0.4334070674063916,0.0382054403936724,0.1397783945803487,0.03858006749268072
0.14234312076345992,0.0898803008354301,0.32241512970405656,0.08037390604469298,0.046087855547013334,0.13055621653045357,0.04512537816391596,0.11022894076717621,0.03298915164380133
0.15692391321830565,0.051899591993025816,0.14933279626214677,0.24752844418805386,0.27186199664961563,0.02866469151980854,0.0315505177353133,0.04237009840121847,0.019867950032512006
0.12228669166110324,0.08609211092420171,0.04449255239018077,0.10034812877091197,0.04365565559234862,0.10159150607687654,0.04980669672950797,0.35534920580567525,0.096377452049194
0.02571339094381489,0.06460919907379138,0.1634269653320967,0.019225353433416956,0.2193108522752488,0.18378740279873082,0.16899358293751213,0.04416377762778367,0.11076947557760469
0.033715163203297975,0.07761969456417415,0.1476452515640432,0.17092162126633326,0.20461008562311137,0.0765880769116905,0.18502582798702086,0.04416886646796161,0.05970541241236705
0.03493914686701354,0.5234842283650877,0.01733984081040334,0.30360456254241325,0.02106316948861951,0.03166790646956252,0.03007118221821228,0.02649415663599894,0.011335806602688922
0.03395655209465303,0.03740254563967923,0.012471974968388038,0.0205306606290085,0.2247473396472692,0.04590544139447591,0.021443281216927675,0.05022546151383264,0.5533167428957658
0.2614820440531275,0.048554439389301395,0.07243936357753183,0.14985378994385698,0.33445437187934884,0.03129930204607687,0.04125187581808945,0.05081304036537352,0.009851772927293561
0.03303148591541768,0.049688783905894846,0.12261220663750165,0.14919963474835654,0.01978809455734826,0.0207891063179153,0.037495089865250464,0.556697862510442,0.010697735541873253
0.03997081271420393,0.02998085853247669,0.014333982979990638,0.054160629781440685,0.2919074070725238,0.054424886446177344,0.02832002126414046,0.05550586772908659,0.43139553347995996
0.09521162618163974,0.07663893331768051,0.05531754531168595,0.05762589464702031,0.18009464807555076,0.24592915618830546,0.06711319754159699,0.07197706439999378,0.15009193433652648
0.4265065284903489,0.06119901830021731,0.053302575927551665,0.1358599842618384,0.16711073789584763,0.03245829354519778,0.03637331167096405,0.07080626865219279,0.016383281255841323
0.14505389658038062,0.05381011817704031,0.40746045206409387,0.027804072255017288,0.2332972005660079,0.03207039481742783,0.037270251309854535,0.052864990432688025,0.01036862379748963
0.03669479531732833,0.07382973259935223,0.3830531392482078,0.07064244656063047,0.08285054897328949,0.0481978244489901,0.2274242211575123,0.059856502900262766,0.01745078879442653
0.4077362227120758,0.10407529630598883,0.07138505411657083,0.0966569567871103,0.11533992526638161,0.062022875908693965,0.03882880194194247,0.06296989556719375,0.040984971394042356
0.04591463338654309,0.07117015357534172,0.1506696524077821,0.05959678746971697,0.2042027956316801,0.10865097499192765,0.1535013454012003,0.057266804460296396,0.14902685267551166
0.4777786041538161,0.08068833373587576,0.03980442329135812,0.08686340055199974,0.023964978243996876,0.04172720338854589,0.04296950410661149,0.07200691624856488,0.13419663627923115
0.06568938407847198,0.06894780166359107,0.03464915437757751,0.05156604724782892,0.055988901015391834,0.037428533779393786,0.03713931031473335,0.594771391665729,0.05381947585728264
0.05270738267593408,0.06010881536381307,0.08962958868860815,0.0165833177482873,0.045130252721829626,0.1316206075252619,0.03632899043388998,0.051603139789098286,0.5162879050532776
0.024175808325178644,0.050224352259457296,0.0247593452142882,0.12638222434152188,0.030133414105659798,0.034260242482850554,0.045183177481223524,0.6500644725601509,0.01481696322966919
0.4520399196511877,0.056547201833797946,0.11420228776512764,0.07353772557945411,0.14637900660022843,0.026333546409123457,0.034175174749120955,0.05675201717279882,0.0400331202391608
0.061379848192718134,0.32364411527611353,0.0772695811318338,0.09600057187210807,0.050530148306596266,0.1117656688874377,0.06292223149835993,0.09181703493579,0.12467079989904252
0.023741665787008707,0.05298434427235927,0.04519369361711458,0.02515676735035848,0.050860600973992726,0.09736044043127533,0.545868445950877,0.046009197439415395,0.11282484417759846
0.036341351808111017,0.09228951213330656,0.05086322083121101,0.07737120779187717,0.04003993476418349,0.046140652856151744,0.03822849492021019,0.5662384713791833,0.052487153515765515
0.3428847037110822,0.09513255787256895,0.06071919673575158,0.11221388973163271,0.017563635567040593,0.039721699076454904,0.04406108485299806,0.23818099326794662,0.04952223918452428
0.10948781585775029,0.10568938365815193,0.17286262218703582,0.06899108623107647,0.04242386870771431,0.05507316487995628,0.04790580948445427,0.3395126542459,0.05805359474796066
0.1924311105398154,0.11437242286932654,0.10838783700886444,0.21573854752803887,0.1294034424787966,0.04813523883368339,0.051122508009705976,0.10367679109868803,0.036732101633080744
0.046782434109722326,0.051531998448667966,0.07144145283016799,0.022859493263377117,0.0985062520200059,0.40632619935330005,0.1021851086978729,0.036399763809269146,0.16396729746761657
0.0893969175600778,0.05516944261195895,0.09865875150692545,0.014701775952629345,0.02065973429754124,0.03745345063613387,0.03533505393362179,0.5662126812997257,0.08241219220138586
0.06399831597701972,0.05459902160261131,0.029307634800463916,0.06564791411037402,0.01447907167201874,0.05315034192125179,0.035385272768895804,0.5530735311541608,0.1303588959932039
0.08203596154612565,0.09003233735103032,0.0228287659726919,0.06536833475161334,0.036656894158034775,0.04949917288542551,0.041185134385493816,0.5003494709661039,0.11204392798348072
0.12543746890724036,0.10294610353410565,0.019135587575795896,0.050158086618408065,0.03852046886724395,0.0468264234937866,0.04439255890314881,0.38145166442243994,0.19113163767783078
0.018486588297298042,0.08146200802728971,0.1781139635218493,0.2333056106283137,0.04299453356380967,0.38035360252151634,0.028541101648477462,0.019395160831910913,0.017347430959534945
0.03928000330491838,0.09720607889099858,0.12623369958989583,0.19472469859266284,0.021903247279611904,0.05443679633451354,0.043079856620617585,0.1215162821950914,0.30161933719168993
0.10101634749020745,0.13776729956935382,0.08969551074249167,0.05188134583564888,0.04072106579452227,0.1289631164884875,0.054446212803971494,0.25175961143288833,0.14374948984242855
0.1577702594593167,0.07995166277291756,0.0973959052572288,0.06532732320221228,0.19265167429899854,0.176630878669047,0.04910697976194634,0.11076712738677531,0.07039818919155753
0.057651579013952924,0.05876781506550354,0.019634803752247878,0.16726104466743152,0.017193423685326416,0.07034346041927166,0.03041294052012992,0.19968559438531028,0.37904933849082584
0.06260824046265065,0.041416347053131845,0.12779268352527803,0.19726947534403252,0.4452186379517036,0.0348395844581516,0.0316542403164867,0.045198426165807944,0.014002364722757015
0.05956629201591281,0.06394717275135836,0.08402085586872511,0.06937349714282842,0.12166189869186834,0.07077900415690513,0.4479706234101945,0.04991927359346756,0.03276138236873973
0.03841076054703329,0.07168964916210668,0.0852801647764303,0.0678455997519406,0.20251753983956175,0.12718052519632364,0.2541576014938777,0.06759722453560983,0.08532093469711617
0.2375596772333967,0.03812760664913239,0.13239148831533412,0.13821345419360062,0.02086840640563395,0.028940974686594196,0.027929976241654098,0.1609898390091493,0.21497857726550462
0.13522874597542345,0.07909872517508992,0.04822368245043287,0.10000081794462368,0.22946986413300255,0.04405502720757041,0.04778203284726577,0.13470066026672092,0.1814404439998704
0.09132178278920829,0.09318751343817604,0.2743780578686367,0.13661086107263096,0.07105446085517975,0.12403563354925318,0.04355940076518788,0.14543337006336518,0.020418919598362038
0.0329770098972414,0.06446023223868025,0.19419429360369922,0.12153954220543424,0.16059706411297994,0.11966578387163584,0.10640537374058391,0.040071502766813566,0.16008919756293163
0.024503573752582154,0.04125857009540541,0.05789993240790516,0.0360771076027489,0.06549199690737827,0.09113553648700179,0.029969515172071998,0.05766993007937098,0.5959938374955354
0.09651867539096938,0.05799928665054405,0.35564759703152543,0.035936103958844584,0.05084221327378944,0.0751398348665238,0.04022396798340811,0.05286681118312022,0.23482550966127494
0.029131419191789215,0.0355815442511478,0.02602904813613914,0.029010549775377325,0.2640973513222337,0.054960803526085546,0.02477058021887207,0.0549938839913831,0.4814248195869721
0.31964029378858316,0.041816919368820545,0.15037259385188886,0.21041582276770163,0.07941423817497244,0.050478542294006924,0.03649098499639353,0.07917325292556077,0.03219735183207222
0.5892219401951576,0.07138402509515764,0.0215450265482246,0.10829181582922125,0.013887876806416274,0.030756851875022573,0.03782947215952655,0.10425476782754256,0.02282822366373104
0.01709784922970903,0.05304458231141645,0.09957879225789092,0.24047508133282935,0.11185674421027365,0.05776012260677351,0.2667504527801692,0.11492613823954208,0.03851023703139582
0.039910283554009655,0.055109546965623014,0.14301894251044217,0.04535851931066739,0.08812084743486741,0.05134519137976088,0.4732779785370334,0.04661862664926291,0.05724006365833321
0.04529546555383434,0.0781607790094918,0.2677707429091419,0.2954615090671851,0.05404972498311189,0.04405281405186762,0.05841838530447548,0.11145000438612734,0.045340574734764605
0.022020017921482903,0.04406113609614234,0.12541851937551932,0.06332462563440178,0.06903901917745318,0.5845406119944498,0.0394628112486321,0.029716984287460807,0.02241627426445768
0.030662826952289307,0.046970377567678835,0.02363664210514994,0.0394219140266086,0.46756919790816953,0.1600670838596363,0.03592630593499179,0.04298246336653435,0.15276318827894145
0.13431773267149913,0.060386561420759766,0.04500943120684527,0.03956113808366837,0.01825370146036478,0.04724180543980888,0.03503123494624457,0.3682205348544552,0.251977859916354
0.056868486087257065,0.15737097232494457,0.030883079300973837,0.40071946888762366,0.012545825032986303,0.18749867601399664,0.034333837429953516,0.1072945959213965,0.012485059000867974
0.04155276476735119,0.07172792615081146,0.25884964976092867,0.0580177797130542,0.10662689271287955,0.1075081557061805,0.1472473437374974,0.12034036056086868,0.08812912689042836
0.04550829002420326,0.032191413684869045,0.048224012968944914,0.2879656748523966,0.06683323359139601,0.06773339717111114,0.07151590412379182,0.25545576590313807,0.1245723076801492
0.08237825833498488,0.06786525847248233,0.12750576399089775,0.040048925547595225,0.005619122906570633,0.27088452274924596,0.04303923038782961,0.33248954831285127,0.030169369297542284
0.15051566430114985,0.08169219392134504,0.08542421639084175,0.12197566692107668,0.34533443563616245,0.05336070382162389,0.04975480193539312,0.08125777777957527,0.03068453929283203
0.03642717103789526,0.04439527959370451,0.47246009340844947,0.03276010516339412,0.042325270707910624,0.07757311774612677,0.16322903718185588,0.0713405911435543,0.05948933401710918
0.12093801339075028,0.047430890543558694,0.09377837700230446,0.22223818681758825,0.03117506883148367,0.029787404660994127,0.04203927893819157,0.3421420809216224,0.07047069889350656
0.077641056704907,0.15717747766809395,0.13940261350802932,0.10906870919846769,0.04484279087153425,0.24745345385962217,0.061599370523031945,0.11702880345424597,0.045785724212067704
0.034996052910441354,0.0719777946007037,0.06520514890194175,0.05955688501399516,0.07565517542528011,0.0447734155214223,0.032534040440845055,0.5845097220213594,0.030791765164011067
0.0634375971002988,0.5632704046314662,0.03333804687648401,0.1802990606372039,0.03265386366760985,0.0393271846414906,0.03715498357453092,0.03393743904375502,0.016581419827160767
0.03314904257738754,0.06249041224258398,0.05212184390167254,0.05286626952987236,0.13114620130712243,0.10126215443657605,0.46220406016792454,0.051177586966377725,0.05358242887048293
0.027850659656592173,0.07833307883915612,0.13802831681384412,0.07253636042275967,0.06583384208950066,0.22016317510421413,0.04413715475099709,0.33149695138604574,0.02162046093689031
0.04127957315091902,0.06871266134648478,0.1012827035872918,0.0541487628730725,0.1844736516647354,0.1604009664187143,0.13275797402523504,0.07548080245525757,0.18146290447828958
0.22801790704700542,0.028388704889258525,0.22132239837018575,0.06179122692292525,0.345695534286806,0.020333620634044588,0.032801335839408745,0.037766570221509914,0.023882701788855876
0.0397861610231898,0.03327903706040102,0.04541606120898281,0.1321577110884528,0.037560821439335444,0.5620489569649929,0.040901592616170684,0.04869643001500242,0.06015322858347221
0.028355227360825852,0.03792567812724376,0.14911384987266843,0.12299641210609441,0.04322452283928659,0.08990951770706544,0.0582652393306189,0.2257634629781208,0.2444460896780758
