0.06252204436848173,0.04465487376418286,0.04140634289863621,0.6735262377028904,0.03639838668085236,0.012214434323734065,0.03101006224093002,0.016167196314228808,0.08210042170606369
0.1301615811953669,0.2614196606882749,0.06428038123524274,0.04632462881599661,0.045962477096424946,0.10536998146732605,0.03578416749542043,0.11715043882959797,0.1935466831763495
0.017745494783603766,0.09946141256725843,0.012410351104919446,0.006917329827990673,0.5326225792509205,0.2664607731481653,0.021794384751635216,0.011331080587271586,0.03125659397823499
0.053405448401515454,0.018348517043955227,0.23745959990000942,0.030227075316933017,0.02372945690392832,0.039845061028829634,0.03359309827728646,0.031903038872277766,0.5314887042552648
0.6268700549840803,0.037156820457713326,0.050989630503479176,0.04464357521228351,0.05022860701156143,0.0271238176563116,0.03313728217283687,0.07512963938423527,0.0547205726174986
0.30932619809316875,0.07349108203732091,0.04098836057579009,0.046229451162892045,0.041226272959115774,0.03833309678414163,0.06947011887738203,0.09270530766606243,0.2882301118441263
0.055302660701591705,0.061475664528320186,0.43518228007380033,0.05850081778436702,0.06765478784717206,0.10386690466864577,0.051336981805249704,0.1038705875939554,0.06280931499689783
0.04553463521455777,0.06360874738200739,0.06666923889997194,0.07830899209625192,0.10692624012551633,0.013946929419220476,0.03479492356403239,0.5190725574735605,0.07113773582488125
0.04690424261161829,0.2749748096326914,0.08394631250747976,0.03919037373664465,0.019261819271488356,0.07794366754600462,0.012893129223196832,0.37330768224020133,0.07157796323067471
0.017266435260951108,0.054772993995119236,0.03141106804342681,0.028768339687368197,0.5031922635303077,0.08343851811952345,0.02343760709887055,0.22119482757707512,0.03651794668735794
0.5703991387045612,0.13375691067752715,0.032778869699350455,0.020521977632830254,0.03102601521784765,0.12444422156038686,0.026445658615351284,0.0173300185106845,0.04329718938146065
0.10037152280767243,0.12334724217217014,0.08879728938009314,0.05122998551479268,0.0340732133031641,0.15999665166670884,0.043536375546446966,0.04228536356637532,0.3563623560425764
0.09951728070226325,0.053441734543257034,0.05647132443432295,0.05890558055702313,0.07157978717204568,0.5202374143352285,0.048435323078989845,0.04068884047312366,0.05072271470374592
0.5651743407543458,0.032362157372891436,0.0603980834325016,0.03690494980750793,0.041950829202373814,0.06573641568039816,0.05428935129848302,0.09626629939524077,0.04691757305625751
0.15150498606912785,0.10269890033687325,0.050696819138923634,0.06130042280612139,0.04120365639352164,0.24947637460398756,0.12299717747368609,0.028369212342389826,0.19175245083536874
0.10079007708493114,0.247503668747345,0.25313008515064683,0.07190513541449821,0.05734900777036792,0.09443717966774005,0.06349929488840177,0.048577924366495245,0.0628076269095739
0.27690180179564644,0.0630987235523686,0.12727646678985718,0.061914150828252655,0.07514349116721791,0.04694001433490139,0.04789593976766524,0.07255829546478447,0.2282711162993061
0.06676460054093472,0.06843096748753656,0.016391101817844353,0.6517938765757215,0.02623311387094823,0.012069281414036166,0.041426365030138045,0.019628881258082723,0.09726181200475754
0.014716838402477936,0.04228108348899032,0.014169113011828298,0.013395410801852067,0.5668387932557798,0.2619332849750455,0.029307468235753587,0.009118733873362641,0.048239273954909956
0.026706597397190373,0.0774935344153363,0.023021367412901002,0.010998344917135467,0.4391208360614627,0.34488975288397544,0.022444894211528704,0.028224015806722874,0.0271006568937472
0.054498176714611,0.04167860553978964,0.043156347969968666,0.13685932374801668,0.5491040837732466,0.01539240343335044,0.025130285591107398,0.04689566377282017,0.08728510945708932
0.039407622498388216,0.05060946032004695,0.06300112553464272,0.12079999817881702,0.5635594470615924,0.019318863374284612,0.024342775043897133,0.05411076379813531,0.06484994419019553
0.041412997484288554,0.10085157203922647,0.025557130930366143,0.01347934478403294,0.14716327054832332,0.5311704538906324,0.02731044304405379,0.07481426701767567,0.038240520261400755
0.02734897663745744,0.014677364548028668,0.12188774284780514,0.028476632576576243,0.030695901015927257,0.037095614431984746,0.07088695095764141,0.005653168154076558,0.6632776488305024
0.06769661347309827,0.2096431159101,0.023248973635143486,0.03811333042658519,0.3143807204078778,0.10300547163490971,0.13425912492759784,0.055682671834357524,0.05396997775033021
0.1661571255939195,0.2206273583337948,0.06597145000802607,0.10705506998839774,0.016468882698628503,0.15321630973694178,0.08997362473586142,0.041802672635236106,0.13872750626919397
0.08094383699297185,0.041781230590612756,0.13541702645844958,0.16083813293323215,0.04181512073807176,0.032963377877965744,0.06894000205253187,0.06204182110395442,0.37525945125220983
0.0530719230029823,0.0990934206979595,0.06988527649700162,0.034464126289172003,0.06308573321869483,0.5707301932219851,0.03142431164063603,0.013194137899919347,0.0650508775316491
0.030394999398817815,0.12853730368806682,0.02724234786168706,0.2513965521361055,0.08877778281497024,0.0067367369584148,0.022584735137228282,0.3702672860473939,0.07406225595731558
0.047397887501305636,0.02357406228558979,0.03073632517279723,0.66174510993734,0.029056733452010264,0.01692279008607683,0.023963255902657257,0.0880442848597794,0.07855955080244363
0.035572432860528115,0.023102607203706577,0.08905230105669774,0.04999162927375186,0.037182728342651634,0.05360308464951911,0.022963583076079725,0.00998063002716638,0.6785510035098987
0.06831541218337021,0.08063533953084578,0.08848308231875084,0.016759502186124604,0.021148398479742675,0.12224886834644959,0.03042068051047174,0.0037675207204192346,0.5682211957238253
0.3777052549267839,0.18795880024344122,0.032926818623691054,0.02081227226122021,0.023094335716860537,0.2217953234839196,0.044876564170031163,0.02690053667077315,0.06393009390327926
0.44975432917322467,0.1805891385878444,0.02661540056244592,0.03533471214050049,0.020907848981554972,0.09974414836804064,0.030521353434557936,0.09570104787058586,0.060832020881245036
0.07434365635259997,0.03102697081153824,0.06327926686638956,0.1506114235921157,0.45997302384659783,0.018567448777221874,0.031963175994086095,0.09510175431954841,0.07513327943990218
0.06278754746444144,0.05651528649628764,0.08482264707727384,0.35536824633700653,0.08062712285058402,0.029649810051928082,0.036914714444329616,0.20987132932756725,0.08344329595058149
0.049552821243468485,0.012845706508975914,0.09444647299183838,0.6577682718877442,0.0269811971101911,0.01258654149647441,0.026713412621967986,0.02960924046094082,0.08949633567839883
0.05303121422774443,0.07610082637355287,0.0881005993268033,0.34417023456967666,0.16596138778068517,0.02571775422698777,0.043921605229949374,0.07817987465724485,0.12481650360735559
0.06111192548462724,0.03169231498894546,0.13083801921138125,0.024500175434913517,0.031868689194496654,0.0412618254627707,0.048750124234383546,0.02913065504303387,0.6008462709454477
0.3468780244967992,0.16523987229984163,0.04885172284565112,0.026833290991329986,0.03600720620896334,0.07456446261505566,0.045723295921595186,0.07231621573187275,0.18358590888889123
0.06727948428970772,0.31591743996590277,0.21009753333938916,0.03268399059342065,0.03376464321081009,0.024807188088399924,0.19103658467508722,0.03631730813049673,0.08809582770678581
0.09142273458119958,0.30619826720949694,0.02862522754333274,0.07889217478481016,0.028370662481783476,0.045665083768215785,0.04238537575876203,0.28893201698226106,0.08950845689013814
0.04300263199550585,0.0430019284028757,0.1558212266016479,0.4246483027057671,0.055437253523111026,0.009876875724800643,0.019796661576660903,0.17227632653671102,0.07613879293291988
0.3972438146960917,0.1287836922071728,0.043162822421517456,0.025495353019596077,0.030904247870766136,0.1470057789583811,0.03499505309795078,0.07337536960705707,0.11903386812146684
0.04637317330549831,0.14328119184620158,0.0564910338453652,0.027675423415601048,0.1882896252153682,0.05701378076222102,0.024676279010039995,0.41152872058029333,0.04467077201941128
0.037196006708944386,0.03228962631898936,0.020529268266840844,0.1803033334010962,0.6021248911091462,0.015513466026912526,0.02672778932149064,0.044019369244136484,0.04129624960244325
