0.20573687047720077,0.19235202059509726,0.08059459444048377,0.10000849998540214,0.05810160633223179,0.07349084831713,0.11369414584852577,0.11789070384870905,0.05813071015521947
0.05914725581525255,0.10142129393344206,0.2233880022176661,0.09234257271879331,0.050349130233996016,0.13715308348263203,0.11437656865984713,0.11481297058980527,0.10700912234856551
0.11848047184064818,0.08391999822965811,0.10041131509792657,0.09622157188128633,0.17830735947593826,0.09242235774125757,0.12412478038684371,0.1281590412580857,0.07795310408835564
0.04764793537909213,0.21089025131479922,0.08398820194090216,0.08272876850038757,0.06768128557842787,0.12568253582496322,0.10579833486288615,0.1899628639604518,0.08561982263808988
0.024240270630837207,0.02684056742300871,0.30285279748189725,0.01910655061913563,0.023264857756733037,0.11376174579071446,0.259808616906452,0.021906971018800583,0.20821762237242117
0.030434382794809343,0.15293392014035448,0.19553531264399138,0.05739629514072777,0.03964150546503123,0.1615641000976091,0.1168679148757844,0.14079548160660896,0.10483108723508329
0.08211955323970942,0.23774095310287055,0.06163524173530094,0.16952976864856015,0.07169108597072642,0.09800196952512025,0.11083955166722292,0.0785361847600151,0.08990569135047434
0.05188074364441786,0.11254502411016955,0.1699164341917927,0.06965478615027959,0.14514650904134516,0.1008211970816388,0.12744346248892102,0.08615320585089727,0.136438637440538
0.07208448909612841,0.053304263512451024,0.28771433629597526,0.03237054842223956,0.03060832611037632,0.08079724032566553,0.2002450239928977,0.10069155748110077,0.14218421476316542
0.058979158226776934,0.11078247894643789,0.10248190049124899,0.06270455094289575,0.05097880258031159,0.1409603521349623,0.1258114511972704,0.10406887331449864,0.24323243216559756
0.06531648173453623,0.08281017530725783,0.19362389721462048,0.049382070264375966,0.10957307060756027,0.21065279595284728,0.04785566757712297,0.04344535768051796,0.197340483661161
0.049507200315412205,0.07470106051982066,0.1481116157789308,0.07637459754958068,0.08630732058777457,0.14885119826798543,0.15300451149720695,0.11388698417629099,0.14925551130699774
0.04702272714150258,0.13360820062149004,0.08780912125239997,0.08476060046529432,0.1472341898064483,0.15930219116332614,0.2212012196820612,0.05733674200563071,0.06172500786184674
0.07872165138807195,0.1518215108822352,0.08654334168301914,0.06907638805348727,0.08398232542953975,0.16240914944578114,0.13846079845062328,0.11112080829274336,0.11786402637449893
0.03904500107878775,0.10402652082523743,0.23666540800729505,0.07512618569921142,0.06029180009268215,0.15336817679014667,0.1099979916086176,0.10825775609954465,0.11322115979847736
0.28683315085445116,0.2597127184703099,0.05957913126705081,0.05882840855572385,0.04910363188367143,0.07637976072696762,0.09847720952703563,0.05686782357146299,0.05421816514332659
0.05290016608701608,0.12806300505067017,0.12912593146511145,0.07048494137756134,0.05448169163832504,0.12373297117667446,0.12056631056069912,0.08379552667651032,0.23684945596743204
0.0810587322174109,0.09331272815316978,0.07451333404767656,0.14909318103384347,0.06876219437150588,0.18325044081624856,0.12320482296218342,0.1201432778908134,0.10666128850714801
0.04991469084558378,0.06555477005271323,0.06785709515779799,0.16311427348700172,0.2657770562337069,0.13247938662424716,0.0671308125101236,0.0724388034424872,0.1157331116463385
0.08998492060484248,0.10658787227389215,0.10619004615513815,0.07249022650172353,0.06763730892707552,0.08815014551304344,0.1312557958041368,0.11265574243052501,0.22504794178962287
0.03958819414402622,0.04191270079468642,0.1413541416275606,0.0707303201881732,0.025075174145577916,0.057173931110586045,0.08968504634681775,0.11321443024400668,0.42126606139856526
0.06516458315683972,0.06331415257273981,0.1686621209201099,0.04504111115329279,0.12165698495958976,0.1529939798401586,0.2357478294764879,0.05261552600268596,0.09480371191809563
0.05529997966225301,0.08064019076487271,0.10845202918702108,0.04697585298189267,0.03497482501252317,0.21309055594844037,0.24816741998811662,0.08231775901943378,0.1300813874354466
0.03300603637406896,0.07674604636315288,0.25427875207711365,0.07028489030161429,0.08018584823256751,0.11560136908264211,0.14142995927779514,0.1861642505573237,0.0423028477337218
0.06452177767377747,0.11704183895607378,0.14482781851361062,0.06281574736126656,0.09766445903656128,0.13526813478811592,0.10624808560732986,0.07355957336894171,0.19805256469432278
0.08755072372340822,0.14808929952175362,0.10520475154250065,0.052410347049371565,0.07009522531660244,0.03495496576634798,0.2826753363941025,0.09071450404932278,0.12830484663659025
0.2400850841031296,0.12717708281394183,0.09071244026770404,0.03991528454474371,0.2414055950333749,0.07687845725856961,0.09511050311411695,0.05789381181454537,0.03082174104987395
0.04711439986709237,0.05519122378755905,0.24370125403092305,0.055565395286170854,0.06829406809887971,0.1543769619028953,0.13108544101084962,0.20724342002688936,0.037427835988740644
0.046053221852313225,0.1879312898713701,0.16157068792933815,0.07003534242195779,0.05028763614554938,0.13964808169767132,0.09903346589445235,0.07005822692449631,0.17538204726285142
0.03190995845225286,0.04374885145991165,0.16876203603781736,0.027444144300872848,0.023484363687957588,0.11264073556559123,0.18977586519540743,0.05182969788409517,0.35040434741609383
0.06099989851996159,0.11395519751116585,0.08053331340492394,0.44239438708037704,0.11145325865517881,0.03906503679462477,0.06607079825613255,0.04489153010527757,0.04063657967235788
0.03278266381422492,0.07937497430058822,0.21476212675436512,0.04216146423253645,0.07072114958747301,0.10722664175602709,0.11937888598288765,0.06608601402700962,0.26750607954488803
0.040851167523318015,0.07770799805507735,0.2098694256934852,0.05198265203750995,0.04232710279302742,0.12596507784739627,0.07707860744558699,0.10670084073730401,0.2675171278672948
0.03578834147205016,0.04029229688789207,0.07479290721877115,0.5293757981261962,0.17309055431775003,0.03271364553622439,0.04591366302444033,0.0320096041395277,0.03602318927714778
0.3800536051584574,0.108341774025747,0.052384039123370564,0.0379573888585966,0.04300558923351706,0.0494100056626221,0.12368870703075058,0.09253276426945917,0.11262612663747956
0.03923515118042728,0.15037998519368398,0.13751658734868424,0.06055615702722281,0.052695518709570566,0.12145656687627869,0.17137736603858997,0.08923443075336766,0.17754823687217483
0.04474932230089068,0.12526081558761235,0.13057278091424362,0.0624931712490705,0.31993481695249826,0.049530164247131005,0.1487894470802549,0.07119151125417095,0.04747797041412775
0.03189140657437394,0.11601775571744859,0.20393405979979864,0.10968621319825117,0.05804473109467747,0.15983357543087792,0.11808261594634273,0.09674560638419853,0.10576403585403099
0.042847650179969166,0.18832858659420537,0.11307659055678143,0.08973523288970346,0.039331869082096516,0.11611458959709985,0.2625055464271609,0.07899467969532749,0.06906525497765582
0.10388585461520992,0.07912648362519094,0.06792148082216097,0.07220183790870062,0.08759763446795066,0.17588773654143722,0.11080150205007437,0.24304719478149392,0.0595302751877814
0.06207094727994154,0.07616386828915837,0.07961908004036244,0.14170130221287194,0.26008477637024713,0.10845790691404722,0.1357018342789523,0.08846414917438343,0.04773613544003557
0.07176121005890605,0.059431701633068566,0.42862000680105544,0.03781272959683641,0.06734548699827277,0.10674266853308252,0.06341908056916357,0.06351644382910311,0.10135067198051152
0.039571964986675735,0.08160115987868612,0.09410266616327821,0.06979885385080863,0.03936350305829359,0.25795936786192925,0.08586087943816693,0.2561913561003341,0.07555024866182757
0.026445353576924232,0.10140893108252556,0.05646969177452472,0.19033885431648065,0.19049484494457317,0.24151601828157296,0.07088263756974922,0.07213028048470597,0.05031338796894356
0.03068375022700077,0.09608750074866425,0.14337665696169064,0.06210727817118488,0.04334602416805881,0.10284566982366213,0.1400014842013788,0.21189938521539917,0.16965225048296054
0.033996373553160715,0.05749127554869717,0.2661234635718592,0.06111839192511586,0.18770749923328522,0.09186832913248523,0.15944820719162264,0.07490692921351659,0.06733953063025738
0.022691415227358975,0.10644437509255154,0.04360131731616431,0.05181477903448586,0.05024669385923151,0.0995803485774831,0.40860933478184663,0.12429783860216743,0.09271389750871069
0.014699562497158177,0.12241361112311311,0.1731761425739141,0.07949865957222095,0.09671470924318537,0.1744972658500914,0.14724625864263927,0.06380952457924526,0.1279442659184323
0.03661152927527758,0.051361828037128,0.09853237721772891,0.24852116201936977,0.11325177215526855,0.1574759330840738,0.0556494400196779,0.0988688622580305,0.139727095933445
0.08986376449146923,0.1258950501819884,0.10131028570434976,0.09929488788458622,0.14220557572793893,0.09321168086825009,0.17087747698597508,0.09070766473796248,0.08663361341747984
0.0439523621101392,0.10606805553301951,0.07180417035248388,0.0921868131222544,0.2001068284378256,0.051996791176861956,0.29551815864010744,0.07426157449526882,0.06410524613203918
0.022413533432133526,0.03551392144162846,0.28265739570596593,0.03326659975468226,0.025319364247824532,0.07854186890861932,0.20947312291615014,0.06950022973268354,0.24331396386031232
0.049381424671749864,0.12533085416324,0.09765610171248935,0.07333463454087523,0.06788012599432602,0.12004188917143603,0.18602763345036533,0.08923701466496924,0.1911103216305489
0.4312879043346866,0.17336708102641882,0.04995042461182816,0.03238161072288954,0.04384080403880077,0.06442253463267926,0.08807047980430464,0.08114209324140235,0.03553706758698995
0.030892424511557146,0.04773715881724211,0.16921674689159602,0.03137707701713689,0.053673415302606185,0.1160119098863079,0.27355149326686545,0.05164707951579831,0.22589269479088994
0.05033171434257339,0.13963981122039007,0.06456664637897282,0.0756812073443171,0.08152904688676278,0.13189419933796465,0.31840658145882184,0.07359932388542019,0.06435146914477717
0.5400866100495066,0.04004515896254914,0.12503505392617073,0.03897664490824596,0.0642527875132813,0.036067917137734114,0.03359426881009059,0.07960517301696389,0.042336385675457645
0.5425005160291466,0.05743147593078951,0.0843309132251852,0.04154839426071253,0.03805645224189902,0.0380702620914138,0.06441010660453395,0.08321771739433699,0.05043416222198233
0.03744948421409542,0.06970415420777414,0.1302997423961657,0.09953092287202099,0.041448340414274816,0.17479029051706196,0.081857123778639,0.2687761341788263,0.09614380742114159
0.03683519861050529,0.07537194358303105,0.14509559359518162,0.04669121293961045,0.037527740260200414,0.18282883578074857,0.12672886353905025,0.06965150900110555,0.2792691026905669
0.0428309196944581,0.10792491226453765,0.06676999005728079,0.05771159526011075,0.049288849474993145,0.22275009880544108,0.1297469256822052,0.1702569876339164,0.15271972112705692
0.05121792088850959,0.07934818408784221,0.059325396586996405,0.24814826280573268,0.19640748463577049,0.045240109743310795,0.09697823518302566,0.07891860268561868,0.1444158033831935
0.02428855986746148,0.05615674343857421,0.3266296049214592,0.050189662890321146,0.032286540156154654,0.13425727282678243,0.16821375463178545,0.10875967481857247,0.09921818644888893
0.020475195633524842,0.0946054260307596,0.15517482670453178,0.07362087967548975,0.03329187098455133,0.3393296690586231,0.08981029624285825,0.1580229567386426,0.03566887893101877
0.05864225101444653,0.09144133171936682,0.21103416951429207,0.09579811358025707,0.05350717786086948,0.10220544171785985,0.13190281825209985,0.19245732856233308,0.06301136777847516
0.046941176270060586,0.10475421317881965,0.19722630483048595,0.06240610153653139,0.07404297295234308,0.11865799785694675,0.10802716513824862,0.0941124081124003,0.19383166012416375
0.044720917105395996,0.043099200477806514,0.0845316404587406,0.1370954802761308,0.4889158529092916,0.0358719366546445,0.043293958538697254,0.08016319844406582,0.04230781513522691
0.02197796028079599,0.06553778904653969,0.34744626339431317,0.07308022050237863,0.03217652273429765,0.13390116465764398,0.06467937745785297,0.061663955545006886,0.19953674638117117
0.030907152791596008,0.039318965106837474,0.07043633130310209,0.4658800040390865,0.14514587182768002,0.019715869596294195,0.048608740747599154,0.051426098367618696,0.12856096622018579
0.513612114837136,0.13386858744365696,0.050834070316638,0.03011295795707319,0.03725083364418699,0.043982824714979905,0.08996358986432079,0.056265066527753406,0.04410995469425469
0.03970735824733173,0.10545006745207637,0.10591119375403031,0.19471543991609097,0.11238670459909061,0.11507547860164662,0.12113549551152292,0.06664325853493262,0.13897500338327787
0.019294726411135762,0.03163939639281394,0.07686866578224816,0.07272763756979518,0.03294441463392827,0.12622655890725176,0.046750940772857484,0.5640047857474735,0.029542873782496013
0.02950421653038258,0.07689305661830725,0.07216828322197323,0.26151776754104544,0.2225542674582115,0.05759433056362892,0.07023818635973367,0.11627731261873879,0.09325257908797858
0.04326001110688535,0.0685375542133385,0.13885674370631665,0.05250881059015224,0.08341359218697385,0.1733931071806356,0.2677073168872499,0.08517802993698675,0.08714483419146109
0.032965324948796115,0.12900808214457601,0.10458918530961331,0.1276721710067181,0.04736180830568986,0.1012801326416634,0.2776585248047909,0.12374883148549665,0.05571593935265562
0.021645745971803982,0.05352512754425781,0.35992745950953425,0.05610482284648168,0.069292618591781,0.13631227794088033,0.10655683482750537,0.09054143241135881,0.10609368035639677
0.02692186740787612,0.08250090421721613,0.09463595112768693,0.3250480358924046,0.21545989450174027,0.043334022683608364,0.08169340302371897,0.09674667346766112,0.033659247678087485
0.03194252579058391,0.04343954383082735,0.08218609083217955,0.06871766684437437,0.029172050104359876,0.3030210596651231,0.06829416834734374,0.32353442371163305,0.04969247087357497
0.06253000262661877,0.1181046295152592,0.21384826559873746,0.10490675322081255,0.06166272982341566,0.09686309968136436,0.15955167404718587,0.0806715773613333,0.10186126812527291
0.053424665259982206,0.10636166926543768,0.14522500703818705,0.08057836017687776,0.20337684056804725,0.12349193942060532,0.08584298025588925,0.096495553164048,0.10520298485092539
0.0515302229509459,0.11590328399088688,0.16484584571736596,0.04907916228444024,0.047743152159473036,0.14445012413221775,0.23287771576313876,0.09804333715726586,0.09552715584426563
0.04212855176309537,0.07310468198177711,0.07749518626739506,0.038994232844540976,0.04153809900232109,0.06892765237062597,0.10290670094759985,0.07629082753586593,0.47861406728677863
0.029339604409544178,0.04774624817788034,0.07837080415340407,0.31544757723468725,0.2483519013215434,0.14855564797521478,0.03726292965179343,0.05933075294177261,0.0355945341341599
0.07991475111049956,0.13139202667685004,0.09627702414957999,0.14310862872983354,0.09553973961826051,0.1342024991577983,0.14186898127293823,0.11628349077962558,0.0614128585046142
0.07446762637584349,0.05793955894642772,0.07245523802754904,0.07906502328123838,0.056568088010347135,0.10754925024534708,0.09389778910509046,0.3989097188095127,0.059147707198644095
0.03687599163209996,0.126144860917887,0.08801582785654187,0.39192438887226705,0.17020842660617821,0.03424717348264975,0.06880763647698547,0.05070038302616436,0.033075311129226216
0.04823570178706412,0.07682504604664507,0.10701142273297119,0.046062119028202675,0.054500987824539215,0.14003307497891956,0.3080439184228538,0.05192556135398938,0.16736216782481503
0.05931816542389406,0.10526877643082533,0.17234461604651896,0.09229108788804642,0.12928213401044888,0.09655249354680943,0.1179364395359624,0.1879607969274022,0.03904549019009239
0.028844049127243757,0.09918559991918212,0.13880628381166624,0.03743444251040639,0.08002349727353301,0.16564175697471692,0.22864670156051145,0.08678844157965859,0.13462922724308157
0.041423318322971116,0.08794709771134064,0.07354483211261749,0.05973991145352695,0.047025025535555466,0.27366383170135244,0.13598493539245202,0.1924823837902575,0.08818866397992642
0.0700050654164248,0.20766290260876907,0.0642834220346213,0.19392396670384415,0.06863554424347622,0.10198059667737765,0.11063792925686101,0.09707749566173211,0.08579307739689375
0.03332538880066436,0.08703645056794007,0.0574759146466477,0.055725505008724384,0.09105137743233656,0.11976476515026484,0.37798947627339996,0.10813123559670357,0.06949988652331851
0.025321520581492982,0.07748467886507587,0.17530189770730173,0.04486115950709621,0.05688359837535754,0.12035805157414299,0.22526191168515575,0.13057428827436426,0.1439528934300127
0.041024684967875286,0.13431150053693333,0.19222525979698105,0.049601953321911585,0.03646689918138784,0.16078984021280976,0.16160022831026444,0.07138070438632914,0.15259892928550756
0.034689091293781935,0.07331667175112332,0.10667250235997779,0.10868068123763021,0.046702466203927706,0.14592732619866403,0.11800951748129923,0.1407355243352292,0.2252662191383666
0.052150367496754634,0.04231907149505526,0.051161436170316044,0.4403383325791408,0.21962755958518762,0.042367543041809286,0.05512265016718323,0.045653144763667164,0.05125989470088604
0.04049282939708381,0.17969687094098194,0.11815739061680408,0.07501928068483166,0.1364705784492813,0.08208519491787235,0.10731091130614566,0.11764277121876447,0.14312417246823475
0.041835331110004946,0.02817480818832488,0.24649717749020905,0.042464282627852734,0.03376431012973659,0.10535195468049668,0.14213656958816756,0.05832350273050988,0.3014520634546976
0.06012934094719732,0.13612841464610212,0.0869161123011787,0.10030107413839075,0.10248412153843488,0.1276104798262381,0.19184473503921315,0.0894435371719536,0.10514218439129142
0.03804839019864522,0.11372114340476351,0.09188168745513901,0.05783253150816847,0.05287355131729651,0.12067287445943269,0.16758137670429132,0.1160656936114648,0.2413227513407985
0.04012929122326029,0.05382561308306277,0.049699158253986575,0.4889353074951262,0.2140631594017891,0.03863766717148861,0.043020510405193425,0.034368437224042564,0.03732085574205044
0.018106406085568946,0.07249376710858883,0.06837176833039381,0.05052434693271721,0.07666658877106292,0.06464795612569986,0.5327379645688116,0.045570551622330514,0.07088065045482629
0.04530874642159723,0.052027099949347115,0.10420968759716544,0.2140953838682651,0.34704802416966546,0.054398435536476185,0.09719152119084488,0.05261850367328566,0.033102597593352955
0.03049241778030667,0.05403276371295617,0.19870353987980663,0.03141546833535331,0.024653477961747345,0.12672015855027777,0.18920269900478726,0.04963083519885606,0.2951486395759087
0.042597520715310803,0.045917232110680106,0.11079761593878636,0.1894022982006642,0.45925866405833116,0.037634012952710925,0.04655873632954712,0.04226071905192417,0.025573200642045237
0.02816385099153983,0.050336031345731384,0.2373001505395179,0.07605585008242516,0.04481455655594202,0.18149916274971664,0.07411635353192561,0.20999659267332074,0.09771745152988076
0.10281643720746392,0.297136041554993,0.06324530157691235,0.18508136909389958,0.0633456718331903,0.057299068469717586,0.0998005636687107,0.0799825365191039,0.05129301007600864
0.02125816866548939,0.058460654152819834,0.4131861800783905,0.026782088793207134,0.04256583239753042,0.042826539579358114,0.0690818784689909,0.06505887490648495,0.2607797829577288
0.06816570544362406,0.09737429823158746,0.08458762551348548,0.10564294764655928,0.11272574548286274,0.08668425950030155,0.20936138423676784,0.12783435826057585,0.10762367568423585
0.05177080378446805,0.10783522137047062,0.12671428726929448,0.07104981499762855,0.05161280942975402,0.10199738234183943,0.10271708457600102,0.13975344661354014,0.24654914961700372
0.11733998172161701,0.1572227459216213,0.07769080731427969,0.14044923785368707,0.04543824038514899,0.09476001056967025,0.11508020227272803,0.14193598989764258,0.1100827840636051
0.04157769604830743,0.08661112225691199,0.07989785823741268,0.09165682469507686,0.05668403876985442,0.12700830584210146,0.0866344762370691,0.3510149988111047,0.07891467910216134
0.033148675508727306,0.09691299863907916,0.22271481917917338,0.12719065911904948,0.033671415022277475,0.18771936039868267,0.09040326947200333,0.138334558781124,0.06990424387988314
0.10846068365514909,0.20168221038298073,0.10041957320325733,0.08125362940675389,0.06539926497411232,0.10859380426527498,0.13754691362535512,0.16907577470198576,0.027568145785130765
0.06636376127016891,0.19566033161364416,0.08789802228412563,0.13738824393967408,0.10287580134074224,0.10166960155122233,0.13569748045159954,0.10459511075417745,0.06785164679464563
0.07509875430297193,0.08819014597564034,0.11893134176687375,0.08593067678566052,0.1949099166635432,0.08772958976287899,0.1682522184362281,0.1345385317428621,0.04641882456334112
0.04220323314686244,0.0840517775158587,0.07730630507957155,0.2542741676677526,0.1687683738925889,0.07238080743359092,0.1205644426059687,0.09548270996503162,0.08496818269277462
0.04849509922717506,0.07986247919272609,0.09466263377524613,0.47196710848264173,0.11891353520521782,0.025848422771519386,0.07934345559565367,0.034016983854669426,0.0468902818951507
0.08570970145684581,0.0971585122003551,0.17258137540342325,0.07786334087737506,0.1395432278750398,0.11015937541560265,0.09149284714409571,0.11028919662643528,0.11520242300082735
0.055503613481747156,0.14605101155248523,0.06825629964193987,0.14714907360303933,0.10677048220329632,0.16214896570522705,0.15731130985486028,0.08012373420746949,0.07668550974993521
0.042316240947264404,0.14024937648393998,0.2214795581681841,0.04606917921837803,0.0428730309906426,0.14309238135170665,0.10628519350994438,0.05200968824130037,0.20562535108863944
0.03678186473809675,0.1779844275340973,0.07218658406539863,0.36391755496234385,0.14840584205040422,0.04375708512728487,0.074157767036811,0.04689969140508118,0.03590918308048222
0.02852192940844482,0.10703441409233355,0.09412513201309507,0.05683978883076271,0.07458450313099559,0.07747077978333557,0.37876095556825295,0.12960479978107933,0.0530576973917003
0.04711280592771535,0.12349651122739214,0.06284901527866528,0.06705259964609135,0.050348899678466084,0.1272221352399979,0.2309037983214096,0.12411923872266195,0.16689499595760046
0.048204021918477745,0.14867050992224184,0.07215660395344153,0.11330852033506066,0.053050651668677395,0.12871409096460207,0.10995900966095906,0.13290383496023106,0.19303275661630856
0.07205635117563747,0.23359801545149908,0.07657106611229908,0.06732248379213494,0.06503117979680888,0.10854406746432761,0.10019114257351223,0.1670687659166271,0.10961692771715363
0.06465954309373766,0.08436348248650077,0.08275473393412901,0.09808218933968034,0.05042446104294591,0.11262511372887096,0.09820702528996411,0.3527044645099207,0.05617898657425049
0.3192342360368855,0.08688346093334764,0.08358957951315445,0.06724625666906124,0.10918293030638365,0.07727366139660281,0.09080295403921318,0.09979208022975876,0.06599484087559278
0.057499151274418105,0.10828946570063576,0.06902060115648491,0.3787888017759491,0.19643038451710823,0.03157590483845917,0.04382538347851466,0.050792740827073614,0.06377756643135639
0.030202637706468416,0.04143293954117245,0.31902647917586296,0.021609525430254115,0.057358405085475815,0.10557079759547834,0.24482023944093442,0.02830533769747345,0.15167363832688008
0.01929229710985526,0.03229752133814017,0.2957326788605498,0.04183921672008803,0.022756698763922483,0.15863300278626657,0.23792912104000663,0.05636147471149241,0.13515798866967865
0.058134140922262156,0.07091842190645262,0.0862363393513517,0.0920667024042958,0.12239464909222085,0.22311522405233022,0.23620878992431982,0.07007814665639812,0.04084758569036876
0.09114624621640845,0.06963377653060915,0.14631417866647142,0.14310165734557906,0.10320874294786302,0.18830918232594404,0.11284872936645673,0.07122395669294075,0.07421352990772744
0.07901630472744024,0.09988951918086764,0.11470454729444367,0.12622514961487993,0.12953353623012878,0.06970256665354028,0.12434306966417923,0.11656814195784082,0.14001716467667938
0.04811336085923623,0.1276643629598115,0.11158881649987619,0.0781587711269257,0.04615730342791374,0.13572151077361524,0.2532753980588075,0.0993260419469653,0.09999443434684863
0.05761120909255293,0.1454586423888534,0.054409149703923354,0.11865766459798567,0.06731491980717694,0.17556022757668155,0.0844853121712531,0.2010366483178226,0.09546622634375045
0.06995821190404494,0.06526511517562938,0.13573030424843943,0.09371497955087706,0.11183097491889175,0.11849665789610486,0.22524864172752368,0.08899425074496813,0.09076086383352078
0.009700109278028909,0.06492696705241661,0.20214472300652417,0.023418021696534386,0.03896784398631871,0.23930859168207932,0.14572119938644193,0.24194880111297556,0.03386374279868052
0.10740664322347702,0.1106457382810595,0.07823798269767811,0.03265687326242214,0.2901736003199085,0.06763393429517749,0.15818866672107088,0.061057467904461905,0.09399909329474443
0.03724092562229644,0.04624948365686693,0.06214530069996135,0.2829907126812336,0.42868271058741064,0.03372978152734391,0.04511854995137007,0.03801386896154311,0.025828666311974
0.07562090771867842,0.10680289478106203,0.1464276927926922,0.0760013390865605,0.039343576975712446,0.15079273919030278,0.1049436915345811,0.12882835310049603,0.1712388048199145
0.09428260150395178,0.11509673740864175,0.07980260171023652,0.24203577097896825,0.096602090110969,0.08235118589174585,0.13605350189272336,0.08976005270685233,0.06401545779591102
0.29791459970446116,0.10835851607336161,0.09262453798703146,0.0510134744261646,0.0641931999215697,0.053553344719241315,0.19318668497451905,0.09503968130086153,0.04411596089278955
0.05659729466334715,0.13994897103914553,0.07620415385025413,0.13683350095262048,0.2336254746662472,0.09597804512555645,0.11137013344895123,0.11308424344125627,0.03635818281262159
0.03778677793574781,0.06615288465319065,0.23500180481873964,0.06596733924578095,0.03877347820669148,0.12615822166855278,0.1744344841371049,0.073729268746546,0.1819957405876458
0.026133776703650424,0.2561482669295348,0.09241443012266536,0.06559028243806357,0.048635795532592806,0.14349201197851041,0.27225387889907937,0.07713682306536572,0.01819473433053746
0.05389686230215274,0.09372067927764093,0.17902732011062503,0.04592224296557465,0.11741905240162857,0.156984843675392,0.04866747698503893,0.08480606651326504,0.21955545576868218
0.0689592547621829,0.06747982518929978,0.18510307715810495,0.06754037928376502,0.05970743302102066,0.09760270824136585,0.13515405720831278,0.07208142490210007,0.24637184023384795
0.10935573548962363,0.3546553000605952,0.06802556127811131,0.09997072517678246,0.07703400705692255,0.07072018240185766,0.10110371226337893,0.06703047357518475,0.052104302697543514
0.0656850222519051,0.1494850057062583,0.11141382553704371,0.07692672585317478,0.05301317156541254,0.13683490452754196,0.10192257457198982,0.07903518017802809,0.2256835898086457
0.05795124320162109,0.12305797676814739,0.0771583575008522,0.31979411625863596,0.06366970456538808,0.059981320042024396,0.10590223273278304,0.07473050158574283,0.11775454734480506
0.11651701070277422,0.15202391302650456,0.07022746882421939,0.2793730446064295,0.12790147518655712,0.049051316443843994,0.06378191175949814,0.07440619598504526,0.06671766346512782
0.03149220355753668,0.08541996953700785,0.044570028330211175,0.06438036126960191,0.04901037678148868,0.08197273440216905,0.43036431757078875,0.07466410528559436,0.1381259032656015
0.036782603271836876,0.06805409629881844,0.06593128676261929,0.4611610710145095,0.17445547518815263,0.03390423441293757,0.04364023194950212,0.060153632221334484,0.05591736888028908
0.18063434363928052,0.2674509395390652,0.06292743736077938,0.06369827006514421,0.055041440258613315,0.08174509093602389,0.11186961926901497,0.08971663378035165,0.08691622515172688
0.04757488421690861,0.06354124917211924,0.06768049876929218,0.44598490733075247,0.189204246550444,0.03823570509669439,0.04721104326974432,0.045823489742366504,0.054743975851678374
0.06461416397802505,0.1388536876402404,0.10520634043453934,0.09046055884632886,0.11761125165976345,0.08976990019925858,0.1810187763732495,0.12557034827737404,0.08689497259122085
0.03320213761929405,0.05042548582952314,0.04350861912894821,0.44249731946667104,0.25105164321421486,0.0395675248416734,0.038968504481934736,0.03654333313190412,0.06423543228583643
0.08503798062380545,0.15389571730413198,0.1003964216474008,0.1355360416011494,0.051910306647180854,0.10238557938582304,0.11883306489309597,0.1314168015523515,0.12058808634506095
0.027837617264936124,0.045200633077667675,0.09204706939954571,0.03499335019824736,0.06020795114876345,0.04308693114057479,0.5769438094042938,0.06264025115511379,0.05704238721085725
0.05916069988210466,0.09228513888339311,0.06994594908781072,0.38770221338321714,0.21991201980682698,0.03887163596951818,0.04739923609118007,0.04174262625336661,0.042980480642582454
0.055269571087103085,0.16798767352899976,0.09011957979510184,0.07882538283944807,0.19829254229488205,0.07301967062961648,0.15723726145849373,0.0827446884028318,0.09650362996352313
0.04643764928869346,0.121476208719194,0.1108310012717764,0.06280125756628026,0.06515519748466908,0.10382926816689936,0.20312677306406102,0.11623358038158554,0.1701090640568408
0.46576288238690805,0.1468031068222225,0.11071554610541016,0.025358265355109277,0.07178864002340346,0.037463708663316324,0.03946224020738468,0.08369507902482598,0.018950531411419533
0.22469642280180838,0.10864453319853655,0.07927074666803804,0.07861176378556053,0.046456146439556145,0.09747797876611348,0.1810692467291142,0.13997062377474342,0.043802537836529244
0.08073514389632565,0.09196186359020596,0.17585895494787604,0.07188899851024522,0.07269551512922891,0.10993158709228923,0.11346905708439181,0.12647055985239694,0.1569883198970403
0.06425091999160952,0.1604026453621297,0.10463059310408747,0.14975463236643557,0.08960355591464601,0.07470268281746213,0.14371192461509485,0.15406898125933857,0.05887406456919614
0.04798065411580976,0.062136126324645234,0.06427419074156887,0.1357244149970542,0.5133090905368293,0.03729370475757649,0.05494096540824722,0.042983352535307995,0.04135750058296097
0.05000443322493347,0.05851072817071281,0.05671042247870054,0.3330909481006307,0.26579899716643857,0.04807583894134828,0.06468079699732569,0.05965219137758501,0.06347564354232488
0.09343625930068562,0.08865080486454906,0.11218926396570705,0.0613945689816175,0.05775200778215456,0.1198236147132502,0.17547960657927186,0.11116501898201418,0.18010885483074998
