0.06427733624149566,0.08221870742482469,0.0566762425034222,0.2144029577922998,0.12829273519512324,0.023171620999643695,0.1698454249568844,0.10906875110058205,0.15204622378572422
0.02167899754511471,0.06651295122167475,0.15679652771170663,0.08784770782988643,0.08304058447303621,0.25031169015040994,0.12866385106513586,0.12747763609806767,0.07767005390496766
0.04171015498672737,0.04463036286809569,0.18181825993798492,0.04980006899868945,0.1478687687236667,0.03257980505658406,0.11412025898582097,0.2111838416255686,0.17628847881686224
0.15820133093598704,0.0644558901855529,0.03849423805943334,0.15857230486081936,0.09595130151823446,0.09101757547489715,0.0301138842549469,0.22012201896399775,0.14307145574613112
0.062404020169770535,0.044512325477215016,0.07937001925200042,0.14100940895609967,0.0951316026200239,0.10971361227846199,0.15544156504354592,0.15869950527791257,0.15371794092497001
0.13859923249274644,0.04136007346347832,0.05055734019073599,0.06122748950170884,0.13860613223172347,0.15131284620148167,0.26372582359545627,0.05816606832670499,0.09644499399596389
0.042320185519300446,0.07300895885696877,0.034593333779210235,0.21057610010974634,0.06295081766943955,0.2209904123725468,0.11503239294226873,0.12142146410774242,0.11910633464277665
0.07349316522809553,0.05631569098521421,0.0604103267596858,0.09728218589469344,0.12146439293948713,0.10093069562895353,0.09346718855427609,0.17390314890075328,0.2227332051088411
0.09433106858363127,0.012779419924305238,0.211303966509416,0.1044163590319907,0.07940563808800356,0.22041236874171488,0.14093371375108668,0.05513913334758579,0.08127833202226588
0.023820575250434756,0.04124863496414055,0.05546641509685948,0.11522845660520346,0.058136218041690134,0.2263663901218049,0.29622482822263546,0.11214483742887411,0.07136364426835719
0.1491602288320256,0.03378784737077262,0.0957875863326057,0.07479508810707107,0.1690343030998391,0.037419712037433515,0.0992454673043121,0.16175593230439375,0.1790138346115465
0.2123497817973954,0.12147280314344382,0.09274946823083946,0.03429531220433612,0.11429970641005886,0.06464188900689273,0.20952215455035383,0.047647451406003495,0.10302143325067636
0.1031727816487375,0.07229048200032417,0.17765720895923728,0.07630187924908757,0.17016961776275988,0.05834782024680805,0.12468026846923592,0.06742255750042643,0.14995738416338325
0.1272170210891407,0.03138858541825203,0.0988594718021512,0.18448867321211995,0.091120499998751,0.06498562175868335,0.2434120524754975,0.059638458550410445,0.09888961569499381
0.051833485030047,0.13793219659889008,0.1326985402172933,0.05474681016898858,0.0847515888258939,0.20498094514497803,0.11131210841830252,0.10841704529827316,0.11332728029733342
0.20139349596405984,0.05682089783094709,0.055715180555868445,0.039110303360580995,0.13061470639995212,0.1650692689281922,0.18708197457396833,0.04464337328245465,0.1195507991039763
0.02702417293292003,0.026592775519055905,0.06223444045540555,0.1503216614641326,0.08303011255743835,0.09963840681915619,0.3615623305121516,0.10189154971827592,0.08770455002146393
0.09081154150504994,0.09149156467254997,0.08018880144261108,0.03327402037974692,0.13868755214327286,0.14293399362898865,0.2609098304514028,0.06227575397517752,0.09942694180120025
0.10256260688226847,0.045515505133802724,0.15843800337916752,0.09213236911406657,0.15584816879014687,0.07660198944575596,0.04431198711844183,0.18983617741730474,0.13475319271904534
0.13435135787961822,0.05770038139608769,0.06548946922886209,0.07765378264415372,0.09135841226235665,0.08952883864695323,0.24772842141970344,0.14583812903936738,0.09035120748289754
0.11142585278769733,0.16776643608771516,0.025813231928900986,0.07067190964766969,0.09410874630530681,0.18513522272634786,0.1649274773544164,0.0912210071199268,0.08893011604201899
0.20622330962782445,0.007188915208119709,0.06466660215110502,0.23639335703194633,0.06582691137113149,0.20126848990307147,0.12113471608056926,0.036839148684762034,0.06045854994147018
0.03540913301123259,0.05020998773806418,0.3525863840200521,0.13785583659943995,0.10068971699341785,0.04898751982412363,0.024961779081937276,0.1564269102511853,0.09287273248054713
0.04548421686400845,0.01822660124534511,0.12508553373828193,0.23462516141009745,0.09815230099492965,0.05532595423707135,0.21170479074928764,0.09040902184313608,0.12098641891784223
0.07432002677762085,0.008007788204629634,0.11215729306582423,0.042187428757985916,0.03910202081047474,0.30221348442626916,0.1910248866393247,0.17960511161480217,0.05138195970306859
0.20660671864409422,0.042627458142328135,0.09923530276839986,0.12381391598319082,0.08359636821714696,0.17701864005561962,0.08945943257527171,0.08022234379785288,0.09741981981609578
0.05103305938140613,0.018105697720242148,0.043817087037892895,0.060625289707242486,0.06745416208021077,0.2754024134296352,0.297033356915227,0.09877398767868147,0.08775494604946192
0.10636995468802762,0.045877589918042326,0.19976039235640708,0.08715192070535112,0.1071203684218718,0.03181550405598204,0.18794443143354492,0.14121177752418393,0.0927480608965892
0.08463757265056233,0.22946717592762464,0.16416639839840505,0.16791297650157241,0.10922248233249239,0.042447975394220294,0.02718598371617405,0.06373825430854295,0.11122118077040581
0.1415888930023678,0.08953806221054174,0.02353075987799579,0.16134270566065037,0.0762949476613315,0.1925737664431835,0.11547400407756427,0.1010489673802944,0.09860789368607063
0.1149193560533767,0.061967642945906794,0.11953055950830317,0.12746147003003602,0.17737239799969037,0.05148925551076561,0.05298468868873361,0.09625098016750139,0.1980236490956863
0.038791257773380244,0.0560624538380475,0.05770079904371588,0.09515056324538784,0.13757878375812874,0.02082220301538956,0.23417671956302133,0.22885609596137246,0.1308611238015564
0.04690165276398461,0.07221802146561485,0.13656241126111635,0.032006357431210254,0.051841078912074574,0.26690669237675363,0.07915254230091671,0.24327754588164888,0.07113369760668016
0.1195997048116933,0.09044789241923222,0.12894283223457698,0.12187893483636462,0.14012363900749789,0.02888226599915966,0.038581347528797605,0.16805420946584992,0.1634891736968278
0.11282185277060534,0.2170996472770317,0.10166290996704679,0.05688074519814874,0.09454668218188667,0.17664375228358872,0.08871979944581798,0.050218568077626154,0.10140604279824789
0.07064591047243458,0.05644211166905345,0.02852789440865204,0.013900404284399816,0.08136683403734991,0.15241580797027768,0.445327607980695,0.06381490988371191,0.08755851929342552
0.010532822049132326,0.040962630338193494,0.048774636763803954,0.07760232148590163,0.05564487172002682,0.30659060928604503,0.31786242899379774,0.06241143869522053,0.07961824066787854
0.13573166780042847,0.00979520053265116,0.08029549838900461,0.09100571212310272,0.07006541382324778,0.2926516762685633,0.09502147691149805,0.1528532456253664,0.07258010852613743
0.1309302564622557,0.01789964271030485,0.14723255372824548,0.08524230652784297,0.07807136044260297,0.28230458111048823,0.13746563903024198,0.03370563032174852,0.08714802966626933
0.14774360409580342,0.05297451926723848,0.04455521500772717,0.05472984738496909,0.1603485477891288,0.05780614681637366,0.23922490640771313,0.09423792883526623,0.14837928439578
0.050443668116346894,0.07623795698301195,0.25128395787250685,0.0644060228103221,0.1541719212656788,0.029113212536155248,0.09519049376372753,0.10564942048405974,0.17350334616819088
0.12751258196516893,0.049098653679968775,0.0968759089695929,0.0430360902181316,0.105105151033759,0.11753695254528046,0.303241065613745,0.055578553091899886,0.10201504288245333
0.14766997724854053,0.04247509402922046,0.152580520304203,0.11837803451567674,0.1841070362072342,0.013706088129266991,0.07572277038493008,0.08584306754801314,0.1795174116329148
0.12980685583650642,0.12029732193943747,0.046194482875420335,0.1377553244027914,0.09212910007184903,0.1631430285725517,0.09333072695490256,0.12837874275633274,0.08896441659020833
0.08294746811910324,0.009149842070679357,0.04886793210540435,0.275416846360303,0.08576569297771303,0.14261589508072567,0.15943821723091556,0.12905042783882306,0.06674767821633275
0.08713778408989771,0.059239431447190516,0.027220660878485525,0.058140638703391444,0.11438482046995413,0.1276735858876114,0.27952129078741944,0.12936629396646512,0.11731549376958468
0.11425568467626467,0.1418719028814309,0.019302793301830573,0.041227224726447596,0.09764431061503472,0.1227192997585602,0.2857803402878345,0.10534748493868007,0.07185095881391677
0.09295019960656377,0.08594077105267496,0.08934998233683378,0.12337022016295689,0.09675652571888164,0.18281487239456048,0.10529207613575657,0.12553489555501404,0.09799045703675796
0.12636193499436896,0.0304435656564426,0.13816779076537047,0.16449046253833188,0.11039187993725952,0.02728409615457166,0.16325747421260153,0.14944282938975792,0.09015996635129553
0.06352815241405381,0.04470286369340329,0.009917511051663887,0.16542989294297483,0.058306605291382735,0.2345161127633768,0.12551370148231156,0.17457080942965333,0.12351435093117975
0.22038300679831732,0.03769739722403617,0.07835256235965923,0.07685727901760679,0.08161237924370093,0.099231175222205,0.19988150870310037,0.12395799712321354,0.08202669430816065
0.046154092142823545,0.047621292429555456,0.08142657058660757,0.07301257132848137,0.053915665159371094,0.2052942308979436,0.35960790573434687,0.07911431234547744,0.05385335937539302
0.07238343062725429,0.0307931190514395,0.11087670895265578,0.1557899144377407,0.16315535467328002,0.036784819070543685,0.13100900938278912,0.09555041607940278,0.2036572277248941
0.02934541098482915,0.08084951783899885,0.06937535708490766,0.2203528775561325,0.1076080345592008,0.022818915412572544,0.07347281176961112,0.22550300908738818,0.17067406570635915
0.08170508474753714,0.13968427735517105,0.20950025345264675,0.05403210479812895,0.08224806356716204,0.1505801124161524,0.047477704872208926,0.11495790517562414,0.11981449361536863
0.04602880800313156,0.010638980640716883,0.24025249995867362,0.1058336436787647,0.13128770366941486,0.006516975665341208,0.14374842059711282,0.12252205619819773,0.1931709115886466
0.20797663051137705,0.20723448747853812,0.09863850575967059,0.07656951948482067,0.16501062797222024,0.005920570171392108,0.03262967580749821,0.07164605572808848,0.13437392708639453
0.07587805761611584,0.05101254590366892,0.06003601594909078,0.07847058101371783,0.08822778260693798,0.14377047875231877,0.25802143482000456,0.1354116529859898,0.10917145035215543
0.0939613649672046,0.12267537505219384,0.2620430980976473,0.08719575233707015,0.14345510189603825,0.0028524773305329512,0.03137168544215969,0.15826608554084512,0.09817905933630817
0.07594242393725577,0.11127022030266231,0.02895828712673848,0.2753071189408927,0.10033030158125532,0.11520244433181703,0.13715047562180802,0.07116438943019443,0.08467433872737594
0.06449501960894304,0.10872477212258809,0.1646980335388187,0.10593678292565693,0.18934227991327232,0.015741178689516737,0.07618687990729488,0.09154289807938887,0.18333215521452048
0.16179903726569314,0.03944086164953891,0.058784402219680364,0.05392763367150299,0.09205058748238504,0.2759151378086271,0.15694879038593393,0.09144049421101617,0.06969305530562238
0.03781105788861081,0.18560499292686916,0.08107161085638732,0.04395632371830677,0.11337761588933613,0.06825984929744199,0.2913383258054322,0.07243255633371222,0.10614766728390342
0.23504684011005625,0.08260983206858849,0.009039875690735418,0.16784321994979537,0.05316519666471131,0.17180774679042243,0.05793061408318503,0.15611508621993064,0.06644158842257504
0.1666426735698416,0.04675700485617649,0.0703830266140064,0.06671328316888264,0.0923361655851332,0.19551943599849123,0.1666491489372763,0.10171091212938116,0.0932883491408109
0.10936516309433825,0.07032121905046888,0.10222938737364323,0.17229281020861312,0.12985181260196568,0.02947935485679823,0.15786357903967507,0.12215129148788577,0.1064453822866117
0.059637266736804286,0.09720825560314157,0.16029417265098464,0.11124689801886652,0.11073353529259343,0.057454465539951906,0.22027663491862207,0.08340917952773846,0.09973959171129705
0.1150414906371171,0.04137676297137824,0.05247690900384163,0.028958966149191617,0.09437801641211756,0.23818588100395277,0.2292272635245196,0.09253103007977592,0.10782368021810552
0.1027645904380749,0.10078813012306172,0.06511235568269293,0.09060972972259868,0.16675950821880595,0.0337135802286614,0.10788256498974774,0.18949484561749838,0.14287469497885838
0.2160451262953537,0.03397092629544355,0.11360968679663741,0.08742163512996803,0.08704931765616775,0.10775452717999619,0.23425380318349057,0.04588714566459437,0.07400783179834844
0.1320437875109051,0.11731270098389161,0.07064047345129072,0.12173850278700078,0.07841438454445969,0.12515451494243737,0.11985098435920266,0.14106290933412613,0.09378174208668584
0.10011609173607229,0.11984243825459738,0.09463188163745699,0.16680060031741553,0.14113537606851523,0.014527826638431496,0.15459327478726156,0.0829846103841303,0.12536790017611923
0.0651477324379838,0.0398291043502177,0.16922999830346233,0.023369176000669623,0.09405549859286232,0.10129118128053376,0.3874969236458676,0.04099266307675285,0.07858772231165013
0.03363495028239234,0.04689795119479804,0.09485089154962013,0.035189754636479394,0.06724009304213076,0.280583290330958,0.2642935816157375,0.09992212176061915,0.07738736558726468
0.19829825958547098,0.16656633468613027,0.07430461172144692,0.06715103668654789,0.13845733812445057,0.05500209200268452,0.11955952050044523,0.062016722334221154,0.11864408435860246
0.10098330541418477,0.014612529573195879,0.07077920180143261,0.038337297067794686,0.0650374096924946,0.2801110523846854,0.3001036684126029,0.06635353446875945,0.06368200118484968
0.039302142678267704,0.005888037155580353,0.07415469763590853,0.06699613923906911,0.07437731154957826,0.2512447192062263,0.19145482808982303,0.22603269136061208,0.07054943308493465
0.09802175966018661,0.03716895315259113,0.09435993935601909,0.04221196542134747,0.04505354245460864,0.32073293174567036,0.26072644591058375,0.04802308178123612,0.053701380517757
0.16450008024982923,0.05065569572093728,0.11421178476706324,0.03626901176342496,0.1529688717090736,0.09518015870793976,0.16608186146914847,0.08490550191536783,0.1352270336972156
0.16153716920384684,0.10459466019426049,0.03595986374823075,0.09923189281845357,0.09096731071907042,0.2535745142674013,0.0362735024348588,0.13022885392623249,0.08763223268764536
0.15689317438325856,0.03784034678676723,0.05658746035529693,0.0923387177116385,0.064068235327339,0.20569422080233993,0.2379021258286387,0.08471104795302757,0.06396467085169345
0.33459122522413476,0.007160323472172925,0.08611607159781792,0.03490683783547217,0.06529286221652675,0.16217515224325138,0.08293446821753027,0.1288469596324594,0.0979760995606344
0.09227715340951365,0.1451460632695359,0.02974134440822235,0.0935930669984237,0.058640341979034116,0.2429248419350285,0.14949727415922354,0.10209124083098842,0.08608867301002983
0.0665458964467733,0.1280714367185042,0.050642096571117456,0.04522664535108623,0.08303408993052173,0.2599528381226217,0.19786028380604104,0.09565969035650602,0.07300702269682825
0.041474375678958016,0.27022828074844624,0.08962661780055758,0.15992077427401344,0.10077693406073497,0.05041583137221306,0.08221169363428314,0.11925591516998024,0.08608957726081333
0.20123362492579985,0.0829497328627487,0.1794994154551864,0.03827427604535919,0.13379152931743565,0.04119456909353639,0.04392137979416239,0.13047722954292584,0.1486582429628456
0.08563660435996512,0.054292408197698226,0.059888076773394576,0.05569930161582514,0.07450564655931562,0.29466216839550613,0.22013797230345952,0.06332383348878712,0.09185398830604859
0.08991728316214105,0.10783846950530536,0.2341304800567197,0.08682627479985465,0.17192064921999572,0.01744414664858315,0.09587641500890903,0.07301663640389629,0.12302964519459501
0.025323714993302365,0.05397752244761895,0.07964638598265686,0.2753602468643053,0.06141425595947808,0.047562716059972365,0.26044041569407245,0.1016400934044706,0.09463464859412292
0.10585675239855952,0.19165268994372453,0.051843369763524605,0.052236891139326634,0.11731618339373111,0.1950598291319384,0.06269856122925173,0.10802539463718674,0.11531032836275683
0.08473242875632186,0.11094314752662915,0.36241979286652665,0.062439328238589886,0.13549982842460354,0.014374575447577045,0.049597316947722035,0.06897680503663552,0.11101677675539424
0.0520309407549131,0.015141447078474167,0.06532539491621282,0.13510304201160303,0.08302702587426196,0.47159717740045154,0.029280712138452968,0.07342538657742316,0.07506887324820717
0.10372967732291327,0.03418042241258881,0.2128261375904619,0.11716853221467877,0.15253788828447412,0.018982802756105584,0.07714147617496185,0.09519126599408705,0.1882417972497287
0.1542462919688911,0.06585309729729431,0.09698895084297232,0.15339550150039538,0.09970364387261704,0.17599466557602086,0.10470175208307027,0.0746878628856662,0.0744282339730724
0.12105666926669978,0.04839234387022053,0.07748222883227025,0.10088261344161803,0.07445067322772385,0.3076986381038365,0.0459613101800049,0.15199586193683728,0.0720796611407888
0.1372884070059869,0.025124221645173472,0.13200288389160372,0.1577317549661502,0.08582518374810223,0.12089972710389375,0.10670524789822668,0.1514731173393733,0.08294945640148971
0.0952212594209283,0.037897362335377285,0.020225008494749345,0.16952376033897254,0.055436792105517246,0.17295152754149787,0.2854584983987303,0.10132253285714239,0.06196325850708485
0.06389521874949936,0.03646950367376385,0.01865708256535017,0.193551133191774,0.0743702652604133,0.27502622590422315,0.1839939891040149,0.07800359554524051,0.07603298600572068
0.2597287371131115,0.042830504400782364,0.30519668816431156,0.04247747515420187,0.09592625803235248,0.055390278049784615,0.06741461513544288,0.05478120068171727,0.07625424326829543
0.13039336706155902,0.04177441495168358,0.055673774062449145,0.053701018870047836,0.1305190556054516,0.02361555449396897,0.3344705639961669,0.11737606546507466,0.11247618549359817
0.10995361567090307,0.03391069784944043,0.03998094926739831,0.03060143194171609,0.06349270363355218,0.442039234437874,0.1649038579901677,0.053857497100525446,0.061260012108422746
0.04611361919381468,0.018673735571387604,0.06968980201455138,0.07976706797704369,0.09058434686627119,0.23707349322110374,0.22450069891325833,0.14928777876130475,0.08430945748126463
0.1009853224353472,0.010475374556256278,0.04389388183624121,0.10430800282749646,0.07257895937489169,0.3415271325292495,0.20213458393789052,0.05255819509497919,0.07153854740764796
0.102133182953232,0.016631127259633994,0.07008555134809029,0.055060859116286574,0.05559634108373033,0.2746199927406439,0.22870578950958073,0.14277919673443998,0.05438795925436222
0.15888453567822486,0.023091050203607983,0.23926868517119684,0.07481010616610666,0.09626792143420981,0.11895794309442147,0.10910625822389229,0.09672563425544824,0.08288786577289183
0.05370494239063928,0.016070634097015087,0.2184410456801641,0.058098359751834784,0.07800372049311922,0.14815825765187693,0.2627079652525793,0.0953894310589369,0.0694256436238344
0.09875163015798281,0.1161144932287167,0.23484232415086714,0.07543971753499096,0.14450267791036436,0.008948136687313098,0.05151420969069013,0.12928424020361726,0.1406025704354575
0.18688395701140847,0.017985229957189267,0.16869773475859332,0.02807872007227059,0.05493036707828209,0.35133741742609303,0.045146487165014425,0.06318426243968085,0.08375582409146796
0.22221390476469272,0.019987023052474875,0.04217882619353569,0.10463319370133355,0.0805790282214578,0.17900577234823598,0.20247599477334047,0.06914102716476922,0.07978522978015977
0.025840742951292534,0.09161324035203916,0.02386360875222025,0.0818279342037379,0.0489245973079532,0.2879739846958567,0.21919174143629916,0.14189881454745779,0.07886533575314324
0.042320185519300446,0.07300895885696877,0.034593333779210235,0.21057610010974634,0.06295081766943955,0.2209904123725468,0.11503239294226873,0.12142146410774242,0.11910633464277665
0.11259225159741887,0.04869969757326284,0.09660320252041633,0.05430131419754161,0.10713487935981937,0.18026041611665114,0.1930528351563999,0.12145740248296745,0.08589800099552251
0.06951206190781521,0.1106436868632928,0.19094874992878852,0.03949390065372318,0.1275994059660363,0.19092434203854414,0.07998645942365311,0.09095279891695703,0.09993859430118979
0.14644178784337467,0.08241173590615015,0.10719458900263466,0.07010400626878811,0.12390029881114639,0.10916614133438583,0.08696511022586655,0.07498788950953932,0.19882844109811434
0.12033281394576552,0.09733166843874715,0.05294115177759734,0.034873657373629,0.12848094464203877,0.06337422948793477,0.34838817881011536,0.05811704117870283,0.09616031434546925
0.08295250423961806,0.04014707660840306,0.06780565165920545,0.03827494057461453,0.06307124701037342,0.33963687056825226,0.24982822227056653,0.05241135414415408,0.06587213292481263
0.06568466684817453,0.0760342144572595,0.2395846736303573,0.13160920993540026,0.1433027333386012,0.018298138400149423,0.11824827098019353,0.08307686118438479,0.12416123122547944
0.09450141197682232,0.012691348765459728,0.15725737038477172,0.08100988300917746,0.08575808298895544,0.07829985258188572,0.251535034269033,0.13203507725599883,0.10691193876789579
0.10736288781325591,0.11068375054793561,0.06419109909555396,0.1325994003699065,0.12381607224949955,0.01666783034644903,0.09605849524919984,0.18938990983011936,0.15923055449808024
0.0641407205100326,0.013489428535309609,0.15657927228497012,0.09993528351198427,0.06414917885727266,0.34934772425540633,0.12554547248913267,0.04627820505759639,0.08053471449829538
0.19703535537996797,0.04027533090294377,0.10546578879059926,0.14099664808051668,0.09422155079205292,0.11192767542701243,0.10177353569788405,0.06625974222351609,0.14204437270550674
0.08668308050922356,0.02639453024454341,0.07306324392380481,0.02651890939372269,0.09284835372232421,0.4709408911235018,0.1266784215564117,0.024552695681774386,0.07231987384469347
0.09568298724518753,0.06014028423240007,0.10602134510455108,0.061935951121064016,0.11819679460984633,0.1474975407114971,0.22046999552657906,0.04777633137381823,0.14227877007505663
0.054902810273477716,0.1007610662979349,0.07850591192392943,0.12577447135512188,0.05102013730076588,0.22155065370410207,0.1774945381455488,0.10486865367251223,0.0851217573266072
0.05739442196525327,0.04089095516711184,0.0809125255985798,0.10048280141746117,0.09058294498419626,0.1415107685382597,0.2274136991283873,0.1628155813269557,0.09799630187379497
0.07174463363643177,0.021337181134249622,0.02247959343577027,0.05749610460829107,0.07030679197997669,0.39065841663039164,0.22856304797924656,0.04923900201001122,0.08817522858563119
0.09679416171206312,0.04787383305307471,0.06803334532906409,0.025901619953349563,0.1027839711859481,0.27773225368315707,0.2336631176259337,0.06031592234653105,0.08690177511087853
0.11906301551726446,0.06563063020302219,0.0839989350701474,0.007321542379198437,0.08586149526887392,0.33941954538455255,0.204658283539094,0.034278825415421585,0.05976772722242537
0.06131681368164569,0.04200067661447249,0.11320592022007976,0.20815330935618603,0.13522965059054556,0.06672511788949594,0.041231346123940964,0.11005200590035041,0.22208515962328315
0.15267351535261828,0.013963969754221275,0.14257857104017366,0.14958756521041783,0.07860969119017375,0.11640473206433954,0.12994302253105347,0.14444347378086894,0.07179545907613333
0.05377035961748101,0.032799153844809775,0.05788715894279598,0.14545319540068646,0.06982198780575603,0.24502095371747934,0.25275920947177594,0.08672970707435206,0.055758274124863415
0.10394536626881952,0.06691102537481625,0.30603176854282954,0.05480311718927311,0.15036612429119076,0.014992149532139648,0.051297136553841736,0.10179284317737981,0.14986046906970973
0.03266755357410093,0.11551367444150619,0.0774034325003566,0.21010394301930355,0.11852834344387976,0.01931456716047528,0.10316529333200412,0.12095760421520375,0.20234558831316996
0.1955019157738173,0.11885290538292533,0.12997982219102244,0.11244903590512163,0.11843310450627224,0.05689905981601002,0.07318368668166725,0.07010994046863399,0.12459052927452975
0.026141985758350934,0.07650595767817263,0.022573090480564984,0.02230202649971492,0.06433712861982259,0.30387616492152997,0.36410088925976886,0.02080926449553904,0.09935349228653607
0.19620060506551584,0.03603586122968452,0.13749826352746805,0.07698200462742767,0.10439058281750996,0.024181853720079277,0.2676538753807933,0.05717293936673113,0.09988401426479027
0.18811128980110378,0.03431065017222559,0.07099531539073785,0.049170513058822925,0.16670874943536942,0.044355007240269535,0.16621307505026225,0.11286760985980304,0.16726778999140557
0.06266929596152972,0.06708520706036607,0.20466443029459513,0.1917728647306335,0.15712134465878616,0.007380546278789331,0.09632025634924342,0.07095804452134437,0.14202801014471225
0.11920887131247666,0.11267327772250639,0.157021131785968,0.07160293142204556,0.16042681247110888,0.03872897048003354,0.1129943187766882,0.07296076347398395,0.15438292255518885
0.06320892064482046,0.027605618167402316,0.21836604244264235,0.08890004700584053,0.08249545087617972,0.10528434222953474,0.1148414345902992,0.2009415279873564,0.09835661605592426
0.10492556411219282,0.02865148042508207,0.034713275690364934,0.046886230966122745,0.06394642165444454,0.36733618757396935,0.1845565788510963,0.07833365084773768,0.09065060987898958
0.044240136678159764,0.028487812806320987,0.05162372639911478,0.2922790375808555,0.07753236932532619,0.14610126366005527,0.11035156878202558,0.15595261089612414,0.09343147387201771
0.2725215179797686,0.02841402351694508,0.11417641116247572,0.038451102815183005,0.11302726548048908,0.02771024711146064,0.188551571126793,0.07709139010046821,0.14005647070641666
0.029148701841158375,0.06626651701249472,0.021060627494342916,0.18474337559949083,0.05176468225576441,0.20826067683231053,0.22306242410992083,0.13604985484304769,0.07964314001146966
0.09200896977311733,0.09015224349284527,0.11995628794349684,0.09221581321618678,0.1735608710912729,0.028480222311399,0.17273596458575816,0.07317269783716017,0.1577169297487635
0.11931217273987847,0.05353413202789641,0.06317186184867295,0.05960401427750645,0.10671639576620284,0.09984781569358792,0.2766121034365641,0.13145544311005897,0.08974606109963183
0.3087118750766838,0.022332880993317168,0.04878563182857612,0.05843341219119643,0.08936114763501528,0.0608343110561915,0.21461570406645433,0.11397442703151513,0.08295061012105029
0.042983820033073716,0.09238814777802916,0.1108661082235688,0.10226599232733569,0.04832166170119113,0.23096513799464377,0.19174856644960037,0.10944066825509162,0.07101989723746582
0.12699727895944496,0.08610680157171617,0.033162203639768,0.007564639601401306,0.11679843998451177,0.24398634846292264,0.22699204467223089,0.05992912096339046,0.09846312214461383
0.05201870405317271,0.027175234985521806,0.22861831831274726,0.06091889314598961,0.1424515685621453,0.02040653243592697,0.19408539012966095,0.14283612203522653,0.13148923633960888
0.08215295945991213,0.03589492782171124,0.08680350068740599,0.09008461846695705,0.0816994857436807,0.15912222540629697,0.23461101067712553,0.1602924498070127,0.06933882192989771
0.043963390424425854,0.09741225239371848,0.06100831194320303,0.1381780633722635,0.05256408561542569,0.29969363825424167,0.1280580945662082,0.06745146937998465,0.11167069405052892
0.09075264291673495,0.01384805426410793,0.06314655239318542,0.2272653152905549,0.06374517581022322,0.3531705954534699,0.028882121724169558,0.08856747118296264,0.0706220709645914
0.1320437875109051,0.11731270098389161,0.07064047345129072,0.12173850278700078,0.07841438454445969,0.12515451494243737,0.11985098435920266,0.14106290933412613,0.09378174208668584
0.06316792277399154,0.029215921468886772,0.022504639859004538,0.0803241061451495,0.06275467996003437,0.3413510507282698,0.20266707200456133,0.13478517654683808,0.06322943051326411
0.1895863900251882,0.13391697123286697,0.07419158109663658,0.028232608941754552,0.11497405270758888,0.06609933787299706,0.22511475440317752,0.06543531492093037,0.10244898879885984
0.034745221228862096,0.1288463047692815,0.031122230397686468,0.06054457911458149,0.05039722164679882,0.25511299817385574,0.20454765937520547,0.1590799727409745,0.0756038125527539
0.09307790984664223,0.04242211281832906,0.016647851725336466,0.060794422381664416,0.06465207938278351,0.3035578080376769,0.23883788428756036,0.07763798672975246,0.10237194479025458
0.0648502058427729,0.10055468572064492,0.1369899506325653,0.1321788618939496,0.12573783499480737,0.0292723819688753,0.13624651256529238,0.10637561720470641,0.16779394917638582
0.09220576627672977,0.07545769864179634,0.047772483620164764,0.20282831489025313,0.13261680210684104,0.07210812895809916,0.17378485284460196,0.10668655206348139,0.09653940059803245
0.1802410580543791,0.03052709201579694,0.09475567093317443,0.04799446391385753,0.11880488208621863,0.1794220139524881,0.11960890914481075,0.08278794906254969,0.1458579608367249
0.024130049809892706,0.03357759694467258,0.028588184748884384,0.021259664021886504,0.07847574580347962,0.3921572327826807,0.3035497352913696,0.05505060029982881,0.06321119029730513
0.0725114706714015,0.08730065226881589,0.14598989606867815,0.12916816683251228,0.1038002269057318,0.10438435419890824,0.15838982492484147,0.08621429592572512,0.11224111220338555
0.03173372441213985,0.010084764008807619,0.14727391454341784,0.22520832238219093,0.04830360425000064,0.2668089996240017,0.06098260889081384,0.15543959215593975,0.05416446973268781
0.17048943651224654,0.018053296352949236,0.08250842199286539,0.07665667626748031,0.07457360464638492,0.22271037469485525,0.12348445224414532,0.1621923355291741,0.06933140175989902
0.11369902358343359,0.020932144866257125,0.12535860763794474,0.06817339555662755,0.10660402775529321,0.15559266765607427,0.043603186561204633,0.26699806865201137,0.09903887773115354
0.17668789001806995,0.1701800442928272,0.10606459029132446,0.018378099914091627,0.12293936660730222,0.017155048796704445,0.18352846391185826,0.06221678959389806,0.14284970657392373
0.08746011899926898,0.038554284346548395,0.1948013853640279,0.1479850940331633,0.10685018914542734,0.04229643413275405,0.1640139840121033,0.12235551308396013,0.09568299688274656
0.1618684889541433,0.08106384829226944,0.086916684290636,0.13684775262602888,0.17545921458166294,0.008653309563854489,0.0679768070745137,0.09617509003882606,0.1850388045780651
0.08218764719734213,0.04750531540119176,0.03906737219498838,0.16393165375083482,0.0696764211039184,0.16174259763319332,0.17674231154369924,0.11906453276482616,0.14008214841000574
0.1027268182274,0.035246492811516594,0.14844608213225075,0.028041698463421614,0.06811541993813747,0.3395996861290235,0.05156494061027495,0.1165042318740539,0.10975462981392119
0.19647323007460926,0.06659881678164624,0.13072991435543366,0.08399417405305437,0.13208630743929828,0.012958288709360749,0.0631638625722319,0.16602162211495286,0.14797378389941268
0.0281506584119309,0.03506834223210039,0.34215027546372995,0.09083167588199575,0.1333295899676796,0.039875271385197045,0.09740903895345683,0.12379517561030036,0.10938997209360922
0.06463217648116026,0.12814051656555037,0.27035485076820487,0.04148730540685595,0.11109684042855868,0.10096406681061919,0.12688334957841446,0.04237756688904349,0.11406332707159271
0.10662407598783884,0.05167878339075913,0.142108264017028,0.10539326245823195,0.09110293915176244,0.07956404409120409,0.17369459464105352,0.16015468830985677,0.0896793479522654
0.06754525912051614,0.15536026923608462,0.153667570604531,0.01806002729921015,0.06658091788410676,0.24095008291152875,0.1402318774376684,0.05638624433911705,0.10121775116723712
0.13791435595944812,0.028087624197913497,0.04153100579189215,0.06906476557817019,0.12350636016410264,0.07734628431980166,0.35190599947074874,0.0665864367902971,0.10405716772762601
0.25073345791330853,0.026464412185008012,0.02490317295901141,0.06657032735009577,0.06951593315184587,0.2227424504590966,0.20220627445022452,0.08092966623563154,0.055934305295777746
0.1734806027408847,0.01457876042379252,0.17699894316740364,0.05813739611493852,0.13512634068178295,0.08551288467755709,0.07426432567262578,0.1777169943879561,0.10418375213305874
0.1527082930783498,0.024594410565764183,0.1669522737679651,0.029170456641195486,0.09176883569665521,0.18792276232719088,0.027084156348293587,0.12442398459322412,0.1953748269813617
0.20927766818430613,0.015200422531473112,0.09922389181316753,0.1779718543661567,0.09657362329324726,0.060729921540831316,0.12587530186648138,0.14044540371893943,0.07470191268539726
0.07462177244826276,0.041492842116062294,0.021447000209540285,0.28311558030532813,0.09155370349087262,0.07343694207925137,0.16096857857753902,0.18242860676791076,0.07093497400523273
0.10133161352804808,0.03604565768143155,0.11952244793729892,0.043804321162828064,0.1154507678867351,0.052491524595711554,0.2789342741661554,0.13842059211440183,0.1139988009273895
0.06495886948509788,0.07738485652967657,0.18807003374158052,0.05113660058598166,0.1552605067701496,0.031479744370463754,0.2589669654993895,0.06414846323360159,0.1085939597840588
0.03494610261238832,0.004420312319155653,0.08459903999935238,0.07214137198968396,0.05585619604502746,0.3637490550999052,0.20554784664247913,0.1098389735619157,0.06890110173009209
0.07487301354532179,0.16567771236205828,0.1965038028374306,0.0655023302111233,0.125764747238907,0.07235907047150965,0.13559220164181598,0.039038260395291464,0.12468886129654193
0.055387808019093744,0.07753989764735551,0.010910016441745031,0.14780795956938936,0.059214157561830065,0.23417359269682234,0.12522270255343812,0.1677280617008788,0.12201580380944703
0.08871566949062276,0.07178591669382538,0.15215830367758212,0.06736235374246026,0.08290039000096999,0.1286956211124859,0.04429807560766449,0.27045253005158393,0.09363113962280518
0.14398376843862776,0.0670234628495064,0.04818525221390534,0.015158173064395408,0.12325341713354933,0.16973046472165568,0.253013162109338,0.0590050689567832,0.12064723051223884
0.06351916747701124,0.044627882037760684,0.0697864655682151,0.16142054121055552,0.09012587944571232,0.23368813298554614,0.17726252989901917,0.08135145921270227,0.07821794216347756
0.14630904995388141,0.0992901330978594,0.12736603634935686,0.036304294188253476,0.09564468106047276,0.05560899283999913,0.2686436260595009,0.0884416094471912,0.08239157700348478
0.05533201757261395,0.044162574581733394,0.08127469057080577,0.03562585192988573,0.09769599273225384,0.1026679509599277,0.44528895158120796,0.03339461785600611,0.10455735221556561
0.06103550373653064,0.02743227622296408,0.06803121129181476,0.12727655228282372,0.05876683994116489,0.33250700193883825,0.06525019050771809,0.19116139833840382,0.06853902573974173
0.1619695239631766,0.25465086991994473,0.04286199463604994,0.039412619148076145,0.09100876598590907,0.013524619325054986,0.05091430403738584,0.14849777093263428,0.19715953205176853
0.13768359107315795,0.0318466753959757,0.10741702696223833,0.12133287432222108,0.08034529106972353,0.22675731128631024,0.15889323549913834,0.06416397850980697,0.07156001588142787
0.1272221770020173,0.017112152279656526,0.058742401051812033,0.09388183130081074,0.07823998568882486,0.4232860342717551,0.06463401553928437,0.060141659663134096,0.07673974320270485
0.10289416139320766,0.023692703297821513,0.08148438662621921,0.05598544765309795,0.0737122901475936,0.4025383698826314,0.12581259271743025,0.05694325706336137,0.07693679121863704
0.1415888930023678,0.08953806221054174,0.02353075987799579,0.16134270566065037,0.0762949476613315,0.1925737664431835,0.11547400407756427,0.1010489673802944,0.09860789368607063
0.1453435410327051,0.11947165043926537,0.031024032214140376,0.16953718507424095,0.1219052684165584,0.01823926387704216,0.14415545981741737,0.08911289382173852,0.1612107053068918
0.14845859083841143,0.008667094135188888,0.13268892424221745,0.16439486966895814,0.07381298468442898,0.05868688629967278,0.14005101965808006,0.18183002649772803,0.09140960397531422
0.01631858683638181,0.08222299935858975,0.055070682522188275,0.09106003500202275,0.06748168998765057,0.11624066194690996,0.2212466520897344,0.20362738532889801,0.14673130692762446
0.07297249561665174,0.023049843454577317,0.039642014132623755,0.14468761191153046,0.1032884201621898,0.31366061596453415,0.14214739495164178,0.08725174623646174,0.07329985756978928
0.1133747876082939,0.03884937786741502,0.04766245566813373,0.17592141077052226,0.12269900135039473,0.14306246425323543,0.1596575061635101,0.09651943129744649,0.10225356502104833
0.13097215600134657,0.01811632969804339,0.03359690102425048,0.21520066719460137,0.05599957351523758,0.20204575287593177,0.14538120943238797,0.1010481632713099,0.09763924698689093
0.01807543085601876,0.028116133876703864,0.22026143190781164,0.057298650024976465,0.07038479954836609,0.17129094434671047,0.12774779515135623,0.23229566191107098,0.07452915237698553
0.12490570576906318,0.10043809119391787,0.25917450277943793,0.03620360700458388,0.10906476122906367,0.015517332089100375,0.16730192452220236,0.09038740257829014,0.0970066728343405
0.17919967133765077,0.013651615627613906,0.21198906094317171,0.08848524450723681,0.1422051770720477,0.040821403146299125,0.05850388162327163,0.143525593388149,0.12161835235455927
0.20600351646014,0.07986750739474045,0.05927000152598838,0.0772103946026821,0.13864794854885212,0.022665877816149982,0.1062743384230617,0.14651014276596794,0.1635502724624173
0.14714107963074213,0.03021074213182966,0.03888225626164646,0.10553073095658883,0.05031916537881182,0.3080371644892284,0.11949624771088024,0.09473599522161136,0.10564661821866113
0.11240521253253173,0.075170054896468,0.025293860847840022,0.07989038920974302,0.124066659886455,0.0429558205985299,0.31131336728092424,0.09257772697733874,0.13632690777016931
0.14850028517221317,0.09563820197675003,0.12397287185152134,0.06222306986083994,0.1189333753499639,0.08591440068227692,0.12184431810219083,0.13012847122510648,0.11284500577913747
0.09000422938245188,0.06609358578175788,0.09898042983435684,0.125912486569356,0.08307077950993537,0.31886678254896517,0.07758995020839306,0.04692405673885147,0.09255769942593238
0.20855332677996744,0.16667456620740953,0.01954381161796825,0.04825251906374858,0.07108051644725331,0.2438127179948496,0.10118895121954295,0.056820506404355355,0.08407308426490505
0.16184557625823387,0.03640198921549589,0.05191319181407286,0.030336362912873588,0.11037309530012958,0.24368046739927698,0.21651608276813952,0.05773430303505115,0.0911989312967265
0.02161692596090316,0.08190773606738548,0.049947261420358186,0.09956940351192163,0.05991123719543062,0.19218038754862443,0.28806238887850427,0.13678841399394173,0.07001624542293054
0.023168288159116136,0.024553029171459777,0.20439272176765974,0.17936955049092954,0.10577898838709056,0.03337353002761909,0.1877619020919592,0.10500275063627872,0.13659923926788722
0.10247122635360939,0.06951411132848936,0.09988141192018314,0.06757177986390417,0.14429826602857754,0.07177084700318126,0.2681278774705735,0.06357609858140291,0.11278838145007886
0.07437575480825269,0.07495149365476715,0.1158160470701571,0.07531462825918837,0.08652227361793789,0.14597032923138684,0.23254291121221257,0.10689889248103261,0.08760766966506482
0.06776995286955956,0.08027581696625398,0.0724682003675838,0.07514461377570908,0.13140844444880756,0.0678431383074488,0.29397193022900464,0.07315200182721215,0.13796590120842048
0.1836942836686334,0.007450553838538013,0.02957939554368864,0.15444081179667163,0.07413220553855034,0.04753438247224203,0.2607562862663694,0.16277038690308213,0.07964169397222438
0.10140139643068706,0.07306737663653652,0.11343602340699051,0.04904596907632126,0.06186473211241191,0.13819964473814986,0.3080313135903933,0.08129244266297299,0.07366110134553651
