0.07426561771841607,0.11193043012512775,0.10670431424900384,0.12146086633954208,0.11295701496062688,0.22879422989307263,0.08548548910339748,0.11463873448638555,0.04376330312442764
0.12231684335694559,0.11402537008645441,0.23377206420114782,0.05420815591643082,0.17002777623756052,0.0697864702756605,0.03866365611550358,0.07709791886780797,0.12010174494248878
0.0939964761463367,0.09119027545097717,0.041035421401131415,0.07315484130836146,0.02634688869539671,0.31212403313128084,0.03516986585542666,0.11309302662948417,0.21388917138160488
0.13179770876827543,0.1013211379648132,0.05176816928605935,0.1608989928289301,0.106074738895575,0.01766278837889582,0.34895286398729497,0.06780514814239302,0.013718451747763155
0.08386317432753741,0.12938294282468024,0.06997925265443096,0.11258355600171503,0.08185319905225286,0.06796263697105598,0.3039930004128982,0.09665968163141814,0.05372255612401117
0.1255042895006223,0.1338860351671757,0.18800374155709607,0.13980691493587674,0.16296089481401957,0.009517735654637977,0.10979071899488368,0.09213901996747892,0.03839064940820905
0.11399417180745257,0.07500164621770296,0.2243089993833575,0.15573300030142237,0.01633189767750738,0.17242822321870374,0.11579709631249673,0.0888639581471765,0.03754100693418028
0.30567564652285417,0.1223418188185239,0.07442509706500636,0.13097315235886886,0.08490417510679717,0.055854113904991766,0.11828705623701496,0.10130729783055893,0.006231642155383889
0.15716307729801085,0.11161578559869617,0.1170701378219734,0.06168421033842015,0.17951026527344247,0.01646958689841652,0.24234632059966385,0.09881990419227156,0.015320711979105119
0.13058422381820425,0.15338654870578594,0.10645954184625668,0.17316358972997867,0.09177093761037537,0.06529192308047295,0.12103023281354659,0.13337170996282202,0.02494129243255754
0.11128628492830073,0.10984730166324452,0.05380972419944368,0.1327924290333781,0.033975856993799465,0.30833104922311777,0.04288800201182568,0.12141506912771494,0.08565428281917507
0.22508085523976562,0.13235064059767473,0.10333730156697017,0.1938374748141005,0.023099075378120337,0.06145215960581932,0.08119735294002488,0.12159694401604987,0.05804819584147445
0.13160928668219413,0.1065731804421251,0.09691276240950498,0.10373214185761943,0.07549630133232897,0.2680365073253301,0.050428716493977545,0.09904221933421893,0.06816888412270088
0.13405485118651844,0.13040654017564482,0.07709971301701898,0.14642366429491832,0.09694827999233584,0.15393957851176907,0.03545025633789803,0.11882821056414368,0.10684890591975284
0.22909184428859866,0.10708345470873194,0.10348530673077505,0.23783593455434118,0.03089565715008365,0.029908375870666467,0.1312845529874241,0.10104508635568803,0.029369787353690936
0.16131434393807687,0.12219224009786589,0.06780619160885877,0.1972766492789327,0.06624997055960945,0.10355350506046847,0.10511097198034396,0.12608945315500217,0.05040667432084176
0.10074651611194453,0.08960614868129564,0.04386792851895821,0.08593157096751895,0.059543254339069575,0.3225059750895301,0.022610712046847576,0.08473541727017837,0.19045247697465706
0.06929123769798841,0.08891385574575268,0.1114446932533601,0.14524119368031516,0.30983656230852746,0.01727422475439024,0.18442192061149476,0.06965618860272617,0.003920123345444999
0.13602317078370377,0.10602793523164021,0.05863868915576471,0.21475391736253482,0.023364743710810747,0.2453352009332654,0.05993083698717024,0.11417295878810134,0.04175254704700874
0.19139775097339354,0.1340026552359814,0.07964746067289423,0.1355552916360803,0.10643311091108332,0.04317630359567785,0.19520937327750246,0.10873717534867644,0.005840878348710506
0.07566388330918265,0.13387826089659036,0.17497805874651465,0.10535543999567416,0.17061702898190212,0.08572040572903032,0.06344547406341443,0.10149773866089379,0.0888437096167974
0.09044044035914323,0.11834492195375347,0.05339242240438708,0.13695007409040258,0.07474267180084114,0.19687120089954727,0.1297798859892144,0.11801940955514019,0.08145897294757072
0.19491330263911952,0.09567011539109276,0.04841621465788426,0.14549606964602316,0.018585556321817683,0.29749509708109606,0.05461843873916145,0.09191545104164305,0.052889754482162155
0.2108150878502498,0.1266375858150361,0.03815095137855915,0.2110362892038632,0.04590955291130316,0.14648567445832503,0.07120572876837894,0.13008551765174645,0.0196736119625382
0.2041258956511008,0.1122130273338597,0.04589884720003662,0.05651141565678871,0.2507018664391378,0.02255155767541517,0.1255054872394706,0.09309265235669355,0.08939925044749712
0.07254379467655357,0.12873859511237518,0.07357862080084733,0.16304710110425308,0.07203258186262397,0.08826519185365529,0.07752740761980177,0.13481045427930205,0.18945625269058775
0.2295163299996674,0.12268395886210892,0.07659716563642964,0.08936255549907386,0.017832820681831413,0.08604136985948123,0.19353347888847242,0.14674047064232276,0.03769184993061238
0.23768986308686577,0.11784873544418177,0.07304264588364888,0.04906125406170877,0.20126358605444328,0.012482861455849951,0.21961815778596003,0.0843511486712094,0.004641747556132187
0.2146718344095341,0.09352204017000225,0.08490533997107284,0.15552508783696928,0.06773886711843606,0.132319331798863,0.1790164463507129,0.07141771944908736,0.000883332895322264
0.17494078351927278,0.11999678213355643,0.1155225586756559,0.1745847001182611,0.13892608115920038,0.09390800521735444,0.05331631068719548,0.11213437674360176,0.01667040174590162
0.07636114670361087,0.11328996389198605,0.10527523491445756,0.08121021748910721,0.0955677611727337,0.08976816354845425,0.26778025220109486,0.125605921187349,0.045141338891206605
0.0985912678446197,0.12611729584975895,0.06844293245478307,0.10259403695886064,0.0678858899867611,0.12098667306534716,0.04421566471778032,0.12495052474365402,0.24621571437843504
0.14297924455849267,0.12167549736489265,0.08620884946981762,0.10574955466053242,0.0282506066007569,0.13503066826364848,0.07227696934470433,0.11873267331611659,0.18909593642103836
0.1432662212716688,0.10807206586236821,0.108371220741232,0.17023735213529442,0.024355654363437562,0.25771602446166053,0.08322536825730059,0.08636387576173592,0.018392217145301985
0.12024019685313782,0.10954430069530495,0.08934323330983629,0.134770271545661,0.007665683522305084,0.2877796226370611,0.06806967695453407,0.109449576895359,0.07313743758680075
0.07544879767314293,0.10567406809807683,0.0975136346631162,0.14479875216587837,0.17854954328232286,0.035301549571471434,0.26442383646693013,0.09097877296705793,0.007311045112003335
0.07843981120355868,0.09093080759337457,0.07213196333465106,0.03429510009304133,0.36922577245319327,0.03722107436124474,0.21203742111790158,0.09657669709732923,0.009141352745705615
0.059174518428514844,0.09765076041679421,0.044597632625519724,0.09371700756177825,0.07537092308941316,0.32582077305080664,0.03360645359299574,0.10957172464263965,0.16049020659153787
0.05473456302571944,0.13505857123048512,0.1302330803961377,0.19925199877995525,0.16261899764000573,0.0335834537398348,0.15344262479701468,0.11206923086190423,0.019007479528943095
0.22593836559094305,0.09623653416215376,0.09935961213552395,0.14425233123683026,0.024885400696901604,0.05558182576883089,0.2602693263857979,0.08848869725960505,0.004987906763413559
0.10825694359649002,0.08896393411298388,0.09241981317854325,0.1348277719004585,0.02244880221109503,0.3634362587233528,0.03522221260236407,0.09325831348697657,0.061165950187736066
0.0813599279326044,0.11664284772276536,0.07561614094611928,0.22030175181187284,0.03506738599217791,0.229122387206134,0.08650735881485833,0.12157522660386035,0.03380697296960755
0.19853369626324882,0.08623479709349552,0.055637232327219316,0.08519742640074958,0.014947250204106815,0.2270461634622253,0.025019105502873635,0.09997388933042739,0.2074104394156535
0.055101662428023536,0.11294893226875208,0.06046528803468667,0.12190324076439223,0.10050599060339284,0.22119164942396674,0.07153800549319368,0.14893456547580228,0.10741066550778994
0.11731385487064255,0.09207273964508045,0.30954948892490214,0.14292891116357812,0.026449292586762273,0.1377187778873269,0.07232175883870935,0.0870539789132178,0.014591197169780468
0.16099656507351837,0.10365657480913026,0.10444838885461927,0.07837792498191487,0.14414868728772143,0.02861437093681224,0.2328013683293019,0.09366672626927196,0.05328939345770972
0.15902416394935837,0.17308680237067242,0.03612898999604607,0.18780992671975036,0.11804202606994928,0.049940856881554335,0.13774482969859592,0.09257077419879256,0.04565163011528069
0.06649655798533159,0.11997397196254611,0.19114919469909686,0.20113344129514776,0.07352063860209034,0.03232502478553015,0.1612926359705131,0.11427363168730016,0.039834903012444044
0.11455343279110218,0.10003861035240669,0.20707297770282337,0.14327896544800753,0.04106751598114164,0.029574698131872582,0.26787003092381406,0.08418729525461084,0.012356473414221122
0.1303084741989244,0.13254964431600333,0.05026687351756418,0.13366225722626698,0.05123460847262124,0.015481933372183856,0.26661222625816544,0.10324208691889077,0.11664189571937987
0.14744688126890504,0.09083441848449725,0.07571706827870928,0.12573658675639,0.0614949289913462,0.06585718102182804,0.31591741676841295,0.10546297249499836,0.011532545934912828
0.11648212320566335,0.12727470606146282,0.03512974256808473,0.11502855725529675,0.1351761021448174,0.18081363236116887,0.14522174981270178,0.12487953639271926,0.019993850198085
0.11227604875439645,0.09801940973890884,0.05091411516802844,0.07870628904594067,0.032417707161168034,0.3606532891093576,0.053877406446721066,0.10992170289688741,0.10321403167859149
0.1383642662623856,0.1401898927530861,0.11678556085526946,0.10994945504297798,0.17085018532448515,0.046160798259835656,0.05049127618602262,0.11687549207507726,0.11033307324086017
0.12629232397245307,0.107004928212182,0.08692522006072423,0.22807926431370643,0.08827983784415387,0.0725346953438495,0.12012793265162729,0.1363285184976131,0.034427279103690554
0.10495428379838047,0.11126387695910771,0.04178939348848675,0.23139008166767958,0.024410019869103686,0.26446270094785795,0.07941506355807494,0.11878696561254892,0.023527614098760048
0.12285131029095418,0.1319173547269131,0.09551914771619474,0.09491522214581727,0.07193506594529042,0.01862510941169136,0.3018238239580249,0.13551425555445618,0.026898710250657876
0.12802743357555998,0.10311135566150853,0.15800555474664832,0.11104174848231387,0.04885754216648094,0.009250804020338068,0.28927809110673924,0.09583684142575093,0.05659062881466015
0.15529870497495876,0.12041807944516392,0.05040953156374989,0.10860106210868607,0.10504067193241051,0.15741079738239036,0.057733021460125676,0.12534914693363855,0.11973898419887626
0.15844848618704022,0.09667037414781522,0.0729024173926963,0.08900605799623318,0.0353618443656536,0.205711550640993,0.06797217361823109,0.11912498025107554,0.15480211540026187
0.13772014921539028,0.10517156811797668,0.04627033304196378,0.13299297336720428,0.09612274950298348,0.22781166225427585,0.017636589649324613,0.09897733655570146,0.13729663829517955
0.11195463101159363,0.1525632705934156,0.08343196785130425,0.14239749939013974,0.09758612079544852,0.08749140065792947,0.08853724269731907,0.12945442356613315,0.10658344343671655
0.16591015354606106,0.1086432121037784,0.05307661727405258,0.12291269253919564,0.06662804128337413,0.13759555075291893,0.02207859310326586,0.12462057372548659,0.19853456567186675
0.14686886341221292,0.13407500447812384,0.07655056522337612,0.1012768123627188,0.06929895607671177,0.24476429785347587,0.045651465607624585,0.12963440026313508,0.05187963472262092
0.13427665069678776,0.12398982240217882,0.09342516071686702,0.18183010969701216,0.03607968595841551,0.20012702083027237,0.10079454709835646,0.1076251342296151,0.021851868370494715
0.08270653390870038,0.10792109544762458,0.12701609796009997,0.05544662457864292,0.23046885556033928,0.1775159708245451,0.08909296975397236,0.10404732500667767,0.02578452695939773
0.07831987013869195,0.10155485533589677,0.09919598277690007,0.10950311107376402,0.24798108759005041,0.005662676495965745,0.2680393051007331,0.0819253010803731,0.007817810407624868
0.0923217810822101,0.1430438079344164,0.12426939537800887,0.16577891693926303,0.11185218285192149,0.09710022404685405,0.0627412582210082,0.12526370705159381,0.07762872649472406
0.1199098448659478,0.12613420415913154,0.07687618899378461,0.11845620854644247,0.039235822246838546,0.2840744473923738,0.07694076686387677,0.11998240165442393,0.038390115277180566
0.09003981160842296,0.13753133755952493,0.14388023918449752,0.15214806052226817,0.15099017565049797,0.04176411868597437,0.1419908265528377,0.11772507096860552,0.023930359267370735
0.14691250303424802,0.10779783615728118,0.11845370188295491,0.12299409486595754,0.023259410135507804,0.29038669718303217,0.06480493260625825,0.10417526712231884,0.021215557012441277
0.058936506577656284,0.09425579770149321,0.022640733520832856,0.31811716384435157,0.04953437200920283,0.2420080355732377,0.08880055062745107,0.11042171686680698,0.01528512327896762
0.09854544267451426,0.10196419948546291,0.14205992982449125,0.16520468682619094,0.061425311586564196,0.0836464798918929,0.18079521521100875,0.09144412652824724,0.07491460797162755
0.025540221800683965,0.1210521833078287,0.22561439331108613,0.057522971667945844,0.14696817955811806,0.07011604660908981,0.27405191682723035,0.07004074136862444,0.009093345549392715
0.19351278826973595,0.14317973016434768,0.10978261838630954,0.14234516542333783,0.045214396590582,0.09767978270074923,0.05729456482283394,0.12262781465422294,0.0883631389878809
0.06849681867896366,0.09582201632319419,0.1810617407462114,0.10174381625931399,0.14301638217602153,0.04686408797079794,0.24668513224619448,0.10419375561804128,0.012116249981261484
0.20841148417147223,0.09256021307956674,0.11279591909321518,0.07184063019543512,0.08902769083480884,0.11321759315865827,0.2027613423339781,0.1032179496053957,0.0061671775274698
0.06151336913591269,0.09122165092367329,0.07552681933810983,0.07290391330086542,0.08034321061262849,0.06860777969956444,0.04759730029124452,0.11190273763217222,0.3903832190658292
0.20780269694141684,0.1188241994004458,0.0658506942472508,0.1319446344891344,0.06855281408946988,0.1882206856777119,0.07227419667796267,0.10978157336309725,0.036748505113510486
0.18903171337639715,0.12186172187132192,0.056975136574251316,0.1646811187868171,0.12990346464545752,0.10944419556714692,0.07421429190567191,0.12149089360860782,0.03239746366432831
0.1720780795904215,0.12376175886050793,0.10977921759963537,0.15350453113865506,0.02171666902138221,0.17572473979293113,0.13277397986300532,0.09990510395119985,0.010755920182261597
0.11457771891452906,0.10101793183090195,0.03520364626913472,0.10020178719742888,0.1506172026924959,0.13145328520420427,0.2681314015102622,0.08512205802642332,0.013674968354619718
0.10121717502147694,0.14972583910369322,0.1092625160201544,0.17661254230597492,0.11106338895127787,0.027146612725406347,0.13452420240320095,0.1324830861333122,0.057964637335503194
0.20349462108004224,0.11308955195461985,0.06564015798985819,0.0906114915669718,0.19368321703082061,0.05996606502446033,0.1403360715963739,0.09768588989903408,0.035492933857819035
0.20868583194947296,0.11329335499259309,0.05732134690066698,0.13184611850320263,0.05134770334867075,0.15128937365234246,0.04908855428116799,0.1355846279296304,0.10154308844225268
0.07186499504120357,0.10669747520423445,0.08140407849825558,0.13940850403278013,0.2289991946588574,0.0840213098843516,0.14191749829939324,0.12935707807568297,0.016329866305241147
0.08261480861022442,0.10056257284531639,0.0770621561556563,0.13804922457798705,0.07968235953789343,0.24329873341103067,0.06184484508696017,0.1025554286142118,0.11432987116071981
0.06767002251267855,0.07717668713802585,0.11398489778958891,0.04798695223730307,0.37372854999123944,0.014714481463149421,0.2277671920855747,0.06553050242684295,0.011440714355597204
0.19749317013463505,0.1197261531266548,0.06306767845793396,0.15928024165855934,0.04702277017895743,0.09901554724499424,0.17960623833708025,0.10848388467640084,0.026304316184784182
0.118680343614477,0.12872926564878237,0.08006063622462951,0.13092624092107485,0.1631110700044966,0.11305912377548637,0.03789763123517899,0.12384970882973839,0.10368597974613587
0.19774730591615017,0.12777571739611762,0.0488626503379106,0.13064304635836246,0.15637649173133472,0.011797253780189613,0.23917844826417642,0.07707995475164625,0.010539131464112145
0.09594911072131608,0.13573163802311225,0.09840000988852061,0.07190277361638611,0.17039366233853248,0.028870584442366065,0.13762593753839644,0.1309160515676163,0.1302102318637537
0.1280130275351323,0.1041067720481871,0.03963996809381078,0.12443350963064254,0.06471302895493819,0.11343484548512389,0.03693900755555173,0.12320418171563918,0.26551565898097423
0.12196567043634086,0.12366028006352499,0.07272460684107973,0.06755025306088829,0.10543219577041556,0.14262105886431653,0.11957820936209025,0.12973573600717545,0.11673198959416836
0.18971144572464782,0.10469110632328754,0.1552331038988868,0.09495288620118895,0.037549157392197705,0.16052278139298765,0.09198977733919371,0.1162044844438761,0.04914525728373361
0.1594378780704825,0.10454199171586413,0.0403043858077155,0.16301545765403633,0.017716791636196026,0.2181123482597611,0.03285007041848531,0.13041258357802643,0.13360849285943263
0.06673358904813981,0.12413864447184446,0.11127410662598874,0.1492462891820231,0.11936609360086758,0.18053036397440236,0.04743326843748515,0.12209205252783428,0.0791855921314145
0.09601360588359927,0.10198709145266605,0.10084298006457354,0.06393189887512668,0.117100884238214,0.17286871382513067,0.09102332793755354,0.11044347964449175,0.1457880180786446
0.0749422683678966,0.1031906887135754,0.11180243005816846,0.0940709562999709,0.0663196226173707,0.30138725225557494,0.08769317430953626,0.11523138892289375,0.04536221845501301
0.0544534042975893,0.10718717887268171,0.13172435306398766,0.14075387743852463,0.12990915460809746,0.045649172108544266,0.21070088557310926,0.12127926410673973,0.058342709930726065
0.14358739243200508,0.11475248932757647,0.07300657674401946,0.17240906285182597,0.05366411901536216,0.10222829438227,0.1005697806725791,0.11651373892669263,0.12326854564766904
0.07132727909601413,0.14397561571782144,0.06502211960884746,0.11544267191551633,0.05496298800834226,0.13108306747120488,0.02818093615725784,0.1327180727058053,0.2572872493191904
0.07299515147778629,0.11816760472542513,0.11281088639684043,0.06730946240674884,0.09253792272050256,0.08681245732396116,0.04422780066644814,0.10736412938903038,0.2977745848932571
0.08080897938684521,0.11193448578153731,0.0657914051171302,0.2168003290892859,0.023937925111646025,0.23705295931441914,0.13247601657341038,0.09672140251641918,0.034476497109306746
0.08417705442493655,0.15641195552321122,0.08659961896833339,0.06754246175205797,0.20008098635693683,0.025204769765708915,0.13603316928076056,0.12985526737659916,0.11409471655145546
0.09709649112839192,0.13764713722470237,0.11591949396310468,0.16326429186200372,0.14529874924607158,0.11421652661075023,0.09981489678016707,0.10465615693427688,0.022086256250531483
0.09695246913755312,0.1016686024731223,0.08728420562212547,0.07186900575859034,0.2135649171861682,0.1890981161652743,0.1428057280094778,0.08695609191625782,0.009800863731430626
0.09393195876066562,0.14345197259490974,0.05956035284180818,0.14690196284820314,0.19069061969960602,0.014349866138290318,0.21460743760018733,0.09039904284005984,0.04610678667626991
0.34393420171468775,0.10937700824009396,0.058820234097529144,0.22965161381435864,0.01895578781977895,0.03135337453608338,0.08852611082382532,0.10752082690714375,0.011860842046499204
0.13431223417534802,0.129606969721338,0.10336021432463784,0.1406038324604013,0.06552811543899721,0.1598220523531451,0.0536818346766236,0.14060624060650653,0.07247850624300232
0.1397877474637951,0.11257974383880105,0.08048592448107043,0.12525104065195905,0.02993106645970171,0.21975892885862203,0.13672588130326283,0.11661619788819867,0.0388634690545891
0.1257333540711388,0.11586392049412375,0.17218603378868488,0.1577653106756797,0.038012178707333755,0.1071352446541806,0.05416017044411756,0.12364565219546715,0.1054981349692737
0.08763346945103177,0.09440940466926666,0.15817067192001166,0.15952605478357096,0.2689908461847174,0.06580753624713602,0.061704705533620285,0.09549154886268962,0.008265762347955702
0.21544042069832461,0.14702315848439165,0.08691169084202476,0.11436563564911066,0.07062001030524863,0.08519532217912962,0.062393727541298453,0.1321358232246387,0.08591421107583282
0.10994781741505953,0.0878710302161812,0.02972151050133694,0.07236093865056163,0.12771224498258238,0.2051719947734784,0.03388935242043259,0.09163268164043326,0.24169242939993407
0.17055627005680565,0.09617817427990023,0.06392767393499994,0.11569863362029219,0.14302158313175503,0.02028599641355774,0.2421982150513248,0.1173359393235141,0.03079751418785033
0.18769569298017194,0.1281691449662832,0.08882797587653142,0.1596731635263576,0.02224098375473585,0.175277183756418,0.06235121308835054,0.12485741515761413,0.05090722689353735
0.1449331431545761,0.14043005570991965,0.10443884285265437,0.17037455514246447,0.06052916879981716,0.11960275515771901,0.12147058633840557,0.12010530764219318,0.018115585202250515
0.10493170800278057,0.10021535800720867,0.08472341272532373,0.1798149369635138,0.12208463328202424,0.0064375482681328575,0.31202961246357636,0.07765046442952313,0.01211232585791656
0.06253206799854953,0.14628099697030686,0.2540767539495344,0.06567494229391725,0.12842229238064048,0.03287166254436986,0.1080845302536878,0.10747741607987914,0.0945793375291147
0.10336352740259204,0.12025140228992924,0.03775140847677392,0.13328364611439136,0.047057947139791535,0.08438258858214327,0.12400097833664221,0.13149568751687135,0.2184128141408649
0.15006839804750954,0.11423948250564199,0.1912483714553818,0.050190859385613906,0.13945203662538466,0.09012808193656731,0.07497063762624162,0.10313021532055629,0.08657191709710271
0.08044299802561879,0.1287993124879465,0.06892298866470209,0.11605577334813912,0.12886998449263917,0.1193576340940744,0.11545121868319236,0.12531506194068756,0.11678502826299995
0.21173599783459496,0.11274778285929217,0.046610644902377936,0.21928034428807266,0.09299125872996335,0.027712123509203657,0.1912673253600191,0.08370916950000197,0.013945353016474182
0.27111525578593804,0.1374215764084806,0.10075713258853862,0.1728995050173334,0.010384390767948067,0.1185951422131702,0.06315277379049139,0.08545015072197722,0.040224072706122514
0.10626341627573348,0.1066904100374814,0.046192928686577144,0.21607565847986007,0.03299202293679503,0.15047947491153232,0.06411183441237824,0.12323636863762011,0.15395788562202214
0.26735681421983076,0.10677988721517086,0.042062882298195436,0.08361491596486126,0.10064604344171572,0.12411727991076367,0.09703641430104985,0.11308345428763496,0.06530230836077743
0.17982891435123516,0.10418640281427856,0.12429416937674874,0.13022382782180583,0.13947873773978128,0.027302451171307956,0.19819090167399567,0.08380074039821529,0.012693854652631517
0.2841006202403375,0.10580289792776282,0.06245156518637607,0.1843304340092877,0.01991529851591638,0.0860528678126745,0.11069217521615543,0.11822114413555278,0.0284329969559368
0.08169090519416199,0.11265658494991843,0.049247247514103705,0.3363958832170905,0.06787406772958586,0.07010541206008218,0.13048862615834908,0.10833051613965193,0.04321075703705638
0.14723638745601816,0.10293337982818583,0.0810107204320948,0.13991574367221643,0.09776569909991316,0.1034965504492477,0.062462307106445465,0.11880742012596673,0.1463717918299117
0.12672943586615015,0.10908295232174998,0.05006306938584563,0.09548072690945208,0.19972473661889753,0.16047451925630105,0.13983749379050425,0.10186846952199552,0.016738596329103832
0.08356962335156319,0.13782803949904743,0.07798684204389257,0.06502557292122062,0.3280973219527268,0.016302417734699474,0.19338243701075,0.073917083720222,0.023890661765877893
0.25842570106864987,0.10027039728794183,0.04053731903118051,0.0659499526441898,0.21290820939350208,0.021383218902501017,0.20415452041841817,0.09053549185016886,0.005835189403447859
0.1234232969108416,0.09096482201000389,0.2178989508794187,0.07245660837448742,0.014446397552287889,0.2566342132747325,0.04927131203659891,0.06913595570129759,0.10576844326033157
0.16008829167860972,0.128992553073784,0.04676439196550335,0.19036093509106766,0.12466919344027687,0.01905536459015428,0.21958553940573503,0.09887775760213696,0.011605973152732194
0.3184532514250389,0.11589820537478868,0.04240492177197549,0.12268870773064999,0.009546678021717159,0.16902874336662935,0.09688230438532104,0.0847059703509558,0.04039121757292355
0.15263358140072494,0.11976817573700971,0.11383198628573461,0.19294956373659858,0.03690684512530804,0.17421246428958784,0.05340678592792494,0.11027783573168344,0.046012761765427894
0.1046101632735324,0.11515942336569453,0.053948826237027236,0.09060760018031606,0.055810169062553684,0.18599250768314865,0.050595501138821296,0.14462551904851692,0.19865029001038925
