0.0992366696276508,0.08243308102981158,0.09132827253831895,0.10963977592657614,0.08467096298113558,0.20099831442008395,0.04543834649467834,0.13749733505927705,0.1487572419224677
0.09763989234289544,0.013916220671090213,0.10210709378980472,0.2543612739123172,0.0878966349122307,0.10000804233528006,0.06514816651816434,0.10667938765943254,0.17224328785878473
0.11075839926387437,0.14580878778426107,0.09548845310812909,0.02697057364884915,0.20643443253109386,0.04559719825714279,0.19740146670122113,0.09653790522428769,0.07500278348114088
0.27151928575673523,0.013321822319069311,0.14068907119608046,0.05501867756163565,0.07702905572128162,0.1182633026974222,0.0581666782717993,0.09887906428835357,0.16711304218762257
0.14760572603391572,0.027054257131261642,0.10471855981068316,0.22340278004313566,0.07992625607069337,0.14394891139471946,0.07233517985437642,0.11471312976672125,0.08629519989449341
0.10517669994431456,0.14044444340106021,0.15307705636970734,0.08926575481840097,0.10753299648604642,0.05927438938648664,0.09916037809030999,0.09347579626352186,0.15259248524015198
0.07469521499402239,0.2797693265488525,0.11433735645334586,0.051747882202072236,0.18869123108086536,0.033541858027101946,0.12115849219630502,0.0673953297230689,0.06866330877436588
0.02824578205008783,0.32823680891271806,0.15998920084485094,0.041814316513438976,0.19342540750433024,0.042784485665598025,0.06829726226343603,0.06771364645629159,0.06949308978924817
0.10175046324844572,0.15993083141252373,0.12220083095218233,0.04459677220653601,0.11773949378175837,0.05169267535629424,0.16152337303195663,0.1034264109565088,0.13713914905379418
0.06395775495664154,0.44966907061275857,0.10961420025826624,0.022865606066539274,0.05456865874204753,0.06067477813755112,0.08498219132188141,0.08478603917345827,0.06888170073085613
0.15347660842614747,0.031915114769984695,0.10194634726130858,0.026758703894596808,0.30478894032861575,0.06492470802280143,0.11870720969562465,0.09771300989859884,0.09976935770232191
0.2068045887916813,0.0233813939122335,0.1081141086596208,0.2338184361230613,0.0520183349111669,0.14005269880055404,0.04486863424261813,0.09855882520144243,0.09238297935762159
0.18547469173276995,0.018478510463913602,0.10690096188735455,0.23671757589506762,0.17625357164485553,0.062492969353457016,0.020532939205296738,0.09838806164024194,0.094760718177043
0.10292128067511623,0.08772340689971059,0.11811132525935454,0.19490857984212337,0.15804270708487836,0.13562223622323252,0.034231953580545524,0.08871535450902447,0.07972315592601438
0.18360640381017748,0.06893686782696594,0.1126195104433415,0.07003644022062804,0.06461433998991359,0.20788664301074977,0.09993980524818262,0.10706437804577075,0.08529561140427029
0.0865581650249877,0.42824459041500534,0.09726881854491275,0.05637398365819304,0.042203648189426256,0.09790750204073478,0.034313381319091146,0.08346966471773916,0.07366024608990969
0.14790105419639685,0.14016650323363192,0.15681168764433298,0.036083190398064346,0.15954813097319778,0.057315968609039404,0.1534650172600809,0.07564926564871194,0.07305918203654384
0.1357452626435073,0.037631176437797946,0.09170680635407075,0.25968919541082197,0.09267685821384437,0.06653963185132121,0.04460257183841393,0.12133761818694766,0.1500708790632748
0.028831059801836544,0.4708805381812664,0.09876970131263559,0.05191458277354996,0.06853440113788371,0.0430670078086224,0.07999419993853706,0.06892058157677976,0.08908792746888859
0.08231267084411839,0.027261337537362585,0.1403883458316667,0.1162276776922115,0.1520610900451711,0.1454821702872343,0.08794294913901984,0.10094842113263475,0.1473753374905807
0.10525917768425663,0.03289848022481728,0.1194701594530833,0.05866109528151667,0.2260542559892459,0.07085780117666411,0.20643875114361343,0.08524039672552859,0.09511988232127415
0.18063000528677853,0.012489593535792121,0.1331925767700854,0.17934845541106795,0.056405481549157505,0.1419373825817307,0.049392943685762476,0.09163461132862165,0.1549689498510037
0.1245209833995246,0.16444326793747474,0.10251345689177659,0.10791156666759887,0.09215738046893994,0.13798345489463246,0.0527754517549505,0.10911019017437201,0.10858424781073027
0.09974854725901995,0.061282982683234045,0.12954878248812854,0.12320046634459351,0.23180937772130647,0.05434313108547883,0.10466374745529111,0.084385553779101,0.11101741118384652
0.07964787759896726,0.03084559722686205,0.11427145368540055,0.06227753836526075,0.20074557554000524,0.11054012383524185,0.12234128185396455,0.11905050942583552,0.16028004246846225
0.07029156046079288,0.25110366105979465,0.11506072929014387,0.10863385924267636,0.05616433455188108,0.10089134130892281,0.09316513273203093,0.1117794484295042,0.09290993292425324
0.07133029691936839,0.01990131276653089,0.11208604640313785,0.09005129074485763,0.37370076739862634,0.03641418898168603,0.11871610297673989,0.07659204549345539,0.10120794831559747
0.14011138823996547,0.057529378653783846,0.1609364798437486,0.062135989960721755,0.12236822216651916,0.049423327472473196,0.16497686417752946,0.08930131047002372,0.15321703901523467
0.056564892586895614,0.3277778008579443,0.11784435869706807,0.061929529353872505,0.06897335845073811,0.06781711530169077,0.11674460239795396,0.09868132576343897,0.08366701659039767
0.2843264333257958,0.05955288764169505,0.11422527272852863,0.04939513149780745,0.11542824006790381,0.05599116474559338,0.12863169784431913,0.103475740593171,0.08897343155518574
0.07507255518284116,0.10810550046838803,0.11367717153620967,0.0664816113770235,0.2660941084626754,0.049570835267690565,0.07019335828888534,0.1201158141233975,0.13068904529288883
0.088692532129326,0.03729298601152054,0.14531402040637734,0.07578488879844585,0.09045477555015836,0.18272275948766917,0.14255436094395346,0.11711400424010131,0.12006967243244797
0.07015321685919,0.37758469143773726,0.12419935628628198,0.013153332301486714,0.05882713462731535,0.08554140516442876,0.12301095798243937,0.07045079718447317,0.07707910815664747
0.1424093568196432,0.0588744820209289,0.14488977546960433,0.037293055043790845,0.18108992528147375,0.04441417956810295,0.17075608353693505,0.08242453792964749,0.13784860432987348
0.1900608385019669,0.0494720170011183,0.13720919938265777,0.025920095066680332,0.18977527376520806,0.04357492855172285,0.09395201850839319,0.10343555037684664,0.16660007884540595
0.09856697811165238,0.06020527017982851,0.11733948417714518,0.06235053161314013,0.2369900570355925,0.07117124867166535,0.13327365107437664,0.09573049472138188,0.12437228441521746
0.3887077670306834,0.012006603196600366,0.11238442529688397,0.1423690966086029,0.03930557319644178,0.04491522832351389,0.025556095134745254,0.08185341827596054,0.15290179293656783
0.049250589262207926,0.4040236549248492,0.12712661328950445,0.038630311811338115,0.08166236048265257,0.10352047156886644,0.06197525056885059,0.07563121235550008,0.0581795357362306
