0.1527531949382637,0.09362362728228789,0.03462673210306514,0.06853102680350544,0.19939322364208048,0.10373893799033623,0.12830556972846766,0.10595277603277198,0.11307491147922144
0.13919175545208592,0.10080228289768284,0.02187004476008945,0.13130075702287367,0.08416343120757963,0.12965998228513329,0.19310766505842913,0.10994807227876909,0.08995600903735705
0.085921762942206,0.11199874129919092,0.1141606964009939,0.20243163038509612,0.06278369436540512,0.1581955391166159,0.11739619131586736,0.09889028557639373,0.04822145859823096
0.14830134831475494,0.07194662820718715,0.04846953430560443,0.0383398695160408,0.08805068948963785,0.05917763229348592,0.11329092380802264,0.13603822472343755,0.29638514934182875
0.2514755846067432,0.13106978863993077,0.10352191094731684,0.10563841375366723,0.05259321208330903,0.06530433824347416,0.0691983731445688,0.12092187535297061,0.10027650322801936
0.21899155616031366,0.1839294733269563,0.15811812062664907,0.12287384493374826,0.030235872095679833,0.07980120708358406,0.032213722902821734,0.08604418965641064,0.08779201321383641
0.10769112743300563,0.10539586087500341,0.045767047490851816,0.13187520810097,0.1946587497595785,0.12930125053710503,0.11849455289446836,0.12903531353997286,0.03778088936904444
0.10907217249480228,0.0880279572810704,0.2699490565514084,0.027817241653446054,0.044885510172056935,0.09399995719433489,0.10354901608424315,0.19090673542511957,0.07179235314351844
0.1598999372345807,0.07549696235491794,0.08180613502452593,0.010761082565059615,0.04015414796706401,0.24030106284848599,0.20965299929501247,0.12721212704566445,0.05471554566468889
0.17582160400630764,0.11802610546480972,0.038991639858150025,0.1479752567273017,0.10254495739227647,0.0379135393010698,0.143974586281628,0.07458362287956305,0.16016868808889365
0.05246300591358032,0.10581289981076736,0.013665724929862491,0.25471589274079337,0.08293134400829567,0.026976954473061438,0.06434074930573139,0.11630159892664922,0.2827918298912587
0.07908721606194684,0.09188113818625154,0.09260034731859153,0.16035360584416938,0.07191121964719177,0.043505179937863216,0.2510572429125475,0.11766714825744513,0.0919369018339931
0.0737843257260598,0.09289642805691556,0.038951111530598,0.2088467263052395,0.07564999592091436,0.240785417279303,0.07405812770754994,0.12871134939197973,0.06631651808144004
0.1423164914003672,0.1411154130260189,0.043818453376634085,0.18198938606642834,0.15042811376167528,0.05325310887021107,0.09557780398987792,0.12941207675680763,0.06208915275197965
0.05027188700092708,0.09585472253641197,0.052242064053564775,0.02466823493383832,0.1132527250840794,0.3227398910236143,0.1126569672278161,0.17402673436842908,0.054286773771319095
0.15184036387033156,0.10389128328309583,0.03946401988940192,0.13944637962321163,0.043327402028490974,0.10590804315782376,0.2541089213251278,0.1243023503070506,0.037711236515465915
0.08911764491010528,0.08502362057062157,0.10683708281881323,0.05096007808208749,0.12173035287775869,0.07245021623840736,0.2794064724531616,0.10682986422356937,0.08764466782547542
0.12912426198109478,0.13266131106954737,0.08355971937574053,0.057060946514129185,0.1270688096263824,0.02970210131956369,0.22841333041159476,0.08900728963246106,0.12340223006948624
0.05300346905622113,0.11795983123394195,0.3204874850538582,0.09408478917959306,0.10247300950909599,0.04168146132904205,0.08965979028200105,0.13100816448169225,0.04964199987455432
0.1360036680871817,0.1124885259258333,0.2580562602040435,0.10414472947890614,0.0815573660890543,0.0958647429996206,0.024595666499403774,0.1225588274202567,0.06473021329569995
0.05970566453615677,0.07063764238187405,0.027113361157802513,0.01261439159167548,0.3014863592146196,0.08240849728046525,0.23321088930048015,0.09277711531913539,0.12004607921779083
0.09053005840723233,0.09870655528097166,0.03791251418037008,0.08571853373463544,0.18264928700965644,0.05416947599248256,0.25496773862669975,0.08831053860603855,0.10703529816191319
0.07488245688965543,0.13704778188093222,0.3985077876286945,0.13479749791541887,0.03581849420207775,0.048403284334779195,0.017798221099420766,0.10107093731876603,0.05167353873025506
0.119102977371798,0.17385948437735713,0.10541655378149524,0.22514248896180442,0.09709598272601022,0.043269516734542046,0.06848616655886963,0.11118262262085953,0.05644420686726389
0.139718353976971,0.13276707708802457,0.19432547256161858,0.0912897878867156,0.09747303724802764,0.06057089949435731,0.07228040016742687,0.16486704080508627,0.04670793077177208
0.1122246688038726,0.08923711583631298,0.05456059399349919,0.012419717884427764,0.10302166690339343,0.2388249673945133,0.13104644601593743,0.07888491620422655,0.17977990696381685
0.08659293697077904,0.07539231674783525,0.047252305548739416,0.09921357538876607,0.17837994366582502,0.03825889958969266,0.3116646451193799,0.12352675987695767,0.039718617092024955
0.10549144797310887,0.13877570088800395,0.04142359573395943,0.07678994224820213,0.0540841632385902,0.1638004931621764,0.22185941982552118,0.1415998367148731,0.05617540021556481
0.086523273004935,0.09710159868993111,0.034633249782305954,0.19284585672898,0.055766152158134984,0.05637847209778362,0.04108065626109262,0.08757074483380729,0.34809999644302936
0.07225492076913269,0.11214235763551901,0.061233200418565226,0.06923993024546145,0.18148810814506963,0.10197045136244846,0.17988557878779643,0.11582928765790274,0.10595616497810433
0.12156065966494516,0.10267543308697724,0.07233019089241631,0.07672386494880551,0.1426890120785457,0.09612495776450257,0.15190454296468284,0.11619890454864405,0.11979243405048053
0.14663763914729894,0.1229764529898676,0.061235122864093494,0.17360000961804226,0.09183142620728302,0.07226554200620035,0.12902713229850057,0.10158732449010775,0.10083935037860603
0.24385021248250893,0.08277477017737025,0.036328819441034506,0.04084830735315546,0.08177728462077448,0.1230492185789397,0.11313874026975214,0.16151557052638263,0.11671707655008189
0.10011592181197544,0.11711452705121099,0.14005336480410432,0.3194327502854177,0.039421704615579034,0.03972696999215943,0.07620557111033767,0.11988580985253339,0.04804338047668205
0.12753295365583295,0.12000671473042568,0.048775806110286146,0.0830043133291254,0.1063382729291354,0.1407867021174983,0.10760668814230741,0.12577667266026057,0.14017187632512812
0.06059902932408991,0.07827160082016289,0.08831822469346873,0.06322872623656339,0.3393627405836506,0.05024293477456219,0.17557247982364652,0.08901468629007829,0.055389577453777365
0.12900574995072112,0.11208977170771783,0.06372081879536841,0.13890389455030439,0.06599832395662487,0.10962203354036,0.15583167978897308,0.14016966578092305,0.08465806192900728
0.1008414529940138,0.13475796355945496,0.08660418974755664,0.17840950916174445,0.05386976760928497,0.08147411251173764,0.0650514276117014,0.08533214708838864,0.21365942971611754
0.12556659837502857,0.12867432740698984,0.07642814027887383,0.10495520900357087,0.1002343005862491,0.13888971943226472,0.06076699345879216,0.13533518115345602,0.12914953030477486
0.08097273624133262,0.12775082147862107,0.04118096403302668,0.08917604232954257,0.20136749200288895,0.08612016738016177,0.0710295177312919,0.17719105204482533,0.12521120675830907
0.1046486317309779,0.12445267298207287,0.10240530554922385,0.08165285860485179,0.21075013393705633,0.10418978578982495,0.11409401568440936,0.09027336527771229,0.06753323044387062
0.0956699568016457,0.08128265443694331,0.052669353456229695,0.014976352366331038,0.05505263964978673,0.1942007942989201,0.28126224770719066,0.14711586693880538,0.07777013434414744
0.10091612958976008,0.09246835675863918,0.17815562613491678,0.033434756558336325,0.10079579884509389,0.16624932841454404,0.09701682839126884,0.15404259574557402,0.07692057956186686
0.0696914109842529,0.07597468928723074,0.023269823971986448,0.07835046632967653,0.15249912238688693,0.05221754336307505,0.4233953097567296,0.08590037568511327,0.038701258235048545
0.15064138123167317,0.09120018410257645,0.09970894674227763,0.02047491170881364,0.1531396461774496,0.04545549817136721,0.26142553894218906,0.09822351347698904,0.07973037944666424
0.16587009582122328,0.09745815313869982,0.061089108573068256,0.04427093671048962,0.03195710338383078,0.1280373017135623,0.33680404428147387,0.09514478487608936,0.03936847150156277
0.0933809827523227,0.09099891374783231,0.05164074046999432,0.1667197654521276,0.06470615224932978,0.04023829159327156,0.3000827907737374,0.07738159849866542,0.11485076446271887
0.17998390744500978,0.09598791222506253,0.09233351022728359,0.01925954058549828,0.024298841138403703,0.12200674546060392,0.32123767220167015,0.10648488155941738,0.03840698915705061
0.1559275382055653,0.10921266343621722,0.06595609678997542,0.02372649042584765,0.224253341904706,0.04848717650645532,0.22141468724218047,0.10035885821049291,0.05066314727855969
0.08043743827612411,0.14054435492178965,0.03297799294023538,0.09476311082932513,0.31153609511066904,0.046354891150530854,0.13458572997492732,0.09279943625411481,0.06600095054228372
0.10531957425952503,0.07090203239147315,0.033220573268488894,0.00922308588136684,0.07333063967924346,0.12867815679899677,0.4372408886174492,0.11045628833742123,0.03162876076603537
0.16883326817618757,0.13802269248458343,0.2947184933413973,0.0730870712919048,0.11549729654784756,0.04912096545712549,0.028912340522243053,0.0841732311387921,0.047634641039918636
0.12416449302929632,0.09581404999432867,0.06105986736039049,0.05879996769194382,0.06340841124416911,0.12470346104453207,0.35670919374657517,0.09328428111174532,0.022056274777018978
0.09632802085410043,0.12475951729109531,0.1270026410669268,0.02566772119042329,0.08888266748216182,0.05811694824931931,0.1037027739739033,0.19034203854626908,0.18519767134580065
0.07209215470624823,0.15537230194031798,0.19905429041429926,0.14310614448075235,0.17877716503626698,0.037116397399966104,0.05361180532291426,0.09545154877664934,0.06541819192258545
0.12236100752838859,0.11231093227280524,0.04117200495774862,0.13399708737886376,0.046404221157960245,0.061357324158949976,0.26522281136215214,0.13428609003913514,0.08288852114399634
0.055050092227583,0.15530607986518494,0.3118824305452285,0.10558265546805679,0.03492957671639494,0.06270783298336717,0.07927540290389275,0.10820211401461378,0.08706381527567801
0.14128057219518178,0.09076405355486235,0.03984094648470373,0.044493100291139086,0.14111979282544282,0.06667739891636461,0.3681855238779164,0.06786941728861166,0.039769194565777446
0.12880846460460726,0.11943348910194014,0.06649466664753804,0.022927368515558908,0.1099849581627883,0.2006384204120533,0.1524804357745382,0.09834908745274672,0.10088310932822918
0.07371693171947281,0.0858259303674717,0.019538160879787072,0.06341134834163532,0.14279565295953642,0.04948219337718335,0.3493569945514234,0.14162651128530193,0.07424627651818803
0.06655425426727779,0.09762333194354438,0.009044793769718305,0.18549833519294048,0.10264464995294324,0.06756390884233571,0.07033502722653769,0.09763833366980411,0.30309736513489827
0.1332682230193545,0.09370120534750302,0.3329897802858614,0.04157747469883447,0.07215889241301106,0.058420764714705746,0.10996203202478037,0.11583101977649167,0.042090607719457794
0.09814310656272436,0.08458880479011043,0.05695042557271756,0.011512423330646275,0.22009299582571842,0.14055852996686527,0.1816216119330595,0.16060795136245617,0.04592415065570194
0.08988280159361224,0.15195074217819468,0.039676725774866105,0.11410531538064866,0.16646620068678641,0.037570369936598104,0.147995054294724,0.10797619910692473,0.14437659104764503
0.07143831594183418,0.14990681014465032,0.3913917644877068,0.08063603448176794,0.029068816858137985,0.04458737240039656,0.07828962314703346,0.0763767660710865,0.07830449646738617
0.11735033583865802,0.11788756834073293,0.028659272788406173,0.06437778540244408,0.18570376201806135,0.060534315464763754,0.22233790107799276,0.12342827361995738,0.07972078544898355
0.124013730798347,0.07812296908083888,0.023128643339346888,0.08604212030514939,0.25768749751697556,0.032406148890838496,0.10474310482315145,0.07851904689366013,0.2153367383516922
0.10822600509029494,0.1312588341250359,0.14615189836375875,0.03335470989426586,0.13976411931212715,0.07473053657537032,0.16653042202510054,0.15346276337378048,0.04652071124026617
0.10175513109730938,0.05873572440632648,0.03793386358053139,0.06839230310071374,0.20958243712117483,0.066105278924448,0.20441921686539177,0.17626937524783892,0.07680666965626545
0.10148580996617663,0.08574235728795222,0.08931795617532934,0.004638507903085485,0.1023530725425499,0.19810422635258496,0.2941052205439347,0.1034707646325302,0.020782084595856617
0.12082681440569175,0.07711656562405876,0.07629389239269026,0.06025677085706769,0.10012862319448729,0.20836530819441532,0.08145508060599883,0.10543585251689062,0.17012109220869945
0.12899689576159698,0.0913745034689117,0.04386086103558073,0.0979063832544927,0.12041139914945653,0.10700887842856804,0.03566651465444401,0.09638066021201909,0.2783939040349302
0.1311067525533458,0.12126539735563276,0.03525453661449407,0.13036859706261492,0.15524847924570595,0.10329050164128441,0.11652468066770562,0.16074046042085008,0.046200594438366376
0.16817085444843424,0.10781584919437164,0.12186461799525594,0.027401788735986837,0.08371519139538404,0.1726162025320519,0.0999247734051209,0.1368987435844625,0.08159197870893196
0.13877943558310443,0.09789676325322473,0.04628229575464023,0.05750185844235701,0.1118226242698918,0.09482768004178238,0.062057290514680175,0.10106421487756966,0.28976783726274963
0.13505187475299218,0.1570541929997087,0.03347659887889328,0.40439297649792544,0.027214033223036827,0.03621791103848615,0.04517305921679086,0.0695446814500489,0.09187467194211764
0.09531768100207456,0.08224315973056151,0.023871696131491742,0.3859631741271066,0.06901914388477633,0.06847524576758789,0.055663089669035624,0.08091022486567141,0.13853658482169426
0.11608972667375739,0.09428613790216794,0.023587732668915867,0.10329079444324307,0.09518350820036343,0.07037249495559138,0.3125269093509185,0.0773806382290017,0.10728205757604074
0.06106596648845325,0.1289418754622763,0.06116515567218286,0.2835169465844784,0.047894918505528745,0.11738008848425045,0.09867766227973063,0.15762341733015045,0.043733969192948946
0.12080244237519355,0.08570604682290689,0.08636028843802017,0.11961377924689416,0.13683101204164194,0.06923887069960578,0.15411611627728375,0.15331255856141526,0.07401888553703856
0.04807994682908351,0.10485639816428445,0.04655056687935549,0.11040982538566076,0.204433783283674,0.029918822122014688,0.2845334993822535,0.09760651146288463,0.07361064649078891
0.21692466201067986,0.08362335453011997,0.026871700266674892,0.10733080014004659,0.07348780581012734,0.04511488572920392,0.2697204815167367,0.13163945485182382,0.04528685514458685
0.07698789701888564,0.09801120961336536,0.3052057379615392,0.2716434346201163,0.025930015497692412,0.030245393514722208,0.0924610816489882,0.0751786463060815,0.02433658381860919
0.07937935040885553,0.1162574983022437,0.038120674392171254,0.2506965927265097,0.10347630938657326,0.13898260327868173,0.061623828182326736,0.09951415028806589,0.11194899303457224
0.10510894088398225,0.10900348120744872,0.05810080290076952,0.17067223963699032,0.07970008591560097,0.14911646520837274,0.14145034701288187,0.13114171184804252,0.05570592538591115
0.169921338663498,0.16146918052842543,0.04397287056378126,0.005903801427895208,0.07874852075129081,0.09779592867675173,0.11051694567167121,0.14018000515981688,0.19149140855686944
0.08999380456020478,0.0869397035014677,0.0431225484866124,0.1326980435106942,0.2659259422450726,0.11387025002218616,0.051817693224178805,0.1408583004090712,0.07477371404051224
0.0839077507855966,0.09576218819641664,0.05379956385275644,0.03214815697029491,0.18021630866371896,0.2449294813838937,0.10469031745779982,0.13203670709034637,0.07250952559917657
0.09835077559414117,0.07790819581264345,0.11687772770924916,0.05446906683525823,0.06362855613312628,0.18005682779806698,0.2396887867598162,0.08951488205687047,0.07950518130082804
0.13653565677781876,0.10723293162119259,0.03354387195090078,0.16756952035999695,0.09074565088316135,0.03694885372698937,0.1958236044196696,0.09845963781385371,0.13314027244641682
0.058926093582133986,0.07569470331206125,0.5820234867271405,0.01865892480842908,0.05388240414102103,0.06026310739165482,0.006540717812832365,0.07220635086180001,0.07180421136292701
0.1132457690945367,0.09044417496830438,0.18753210193967051,0.009391665529037595,0.03706082135646935,0.10486792279484729,0.2669303622991753,0.12348249682526101,0.06704468519269786
0.06600078280066511,0.08689471043018016,0.09431627961752638,0.11572871335544206,0.07828454848381396,0.15974449038495195,0.01613643150124054,0.15318101638334822,0.2297130270428316
0.07406406407583364,0.12518922532361604,0.03923534245112668,0.12803277286773465,0.10711565756177825,0.24222233657493178,0.0492540187853252,0.10501213146439474,0.129874450895259
0.07064054257344277,0.14578665404460814,0.043097960455937605,0.10338557096732366,0.08333789584286662,0.044262553505241296,0.3617043436211838,0.07930686531691451,0.06847761367248162
0.11921180440297639,0.1523851229904065,0.08155230340756266,0.0867773082961089,0.07996051363498302,0.1168075724707932,0.2167803338008123,0.08869659003741358,0.05782845095894343
0.09514616562263785,0.0749282904473685,0.04448675505447694,0.07922745473707606,0.12128686845003568,0.0749101296007785,0.3289957462515387,0.1336255358281125,0.04739305400797522
0.14266084923211278,0.11895738408630956,0.1150118320838583,0.11015668265006444,0.19089950079129223,0.07463273394179341,0.07600501677287211,0.11656267859965604,0.055113321842041145
0.09868049941233255,0.12588506181577472,0.044130400315239744,0.0699969383691333,0.1359020336462216,0.04221135729063316,0.35879377213863317,0.058802068674256004,0.06559786833777577
0.11621424712627497,0.0697990077489773,0.03298996613446571,0.2324480246298836,0.052165078952911725,0.09611062936912147,0.22233692986338402,0.106543924133831,0.07139219204115013
0.10496350577753351,0.07508839847963389,0.0509322141327506,0.03842304425067548,0.20292663068132297,0.09646280582398835,0.0286609154722626,0.2188125142025247,0.1837299711793079
0.05767763138464751,0.0774953003150548,0.35456797844409554,0.006214174551340571,0.16187861799199585,0.18305113959416464,0.05080794857055925,0.06395613084441831,0.04435107830372356
0.1424316684380896,0.08828381428001986,0.03944836419989179,0.045419252563959595,0.07896103826795585,0.15499122412656177,0.0666556162716242,0.1037313067465302,0.2800777151053671
0.14047371472274073,0.11643976787658765,0.05006132491132689,0.11361208674925675,0.10794237688161697,0.08602132630012559,0.2256809395231444,0.0973097426572157,0.06245872037798534
0.09670007264416386,0.10442675934553138,0.11601025078737558,0.042769035419828315,0.1659628066731839,0.10419769046506804,0.1383650139055004,0.1873148234326665,0.044253547326682054
0.09924016240431505,0.07215761864216672,0.12502572594230732,0.00797499989754283,0.19940777756031183,0.09865241016976044,0.24308364206031272,0.0996741477084145,0.05478351561486864
0.05281622637055309,0.06183462944386334,0.06653288645135966,0.02218025305534202,0.28537071314718615,0.09461834192694485,0.061383711291280736,0.12340506062919672,0.23185817768427341
0.2105555114918014,0.08922416982549201,0.0977604752876986,0.0484355520527017,0.05510355224415963,0.08968273986501919,0.06976787330935298,0.08361395882862845,0.255856167095146
0.08100353182629855,0.1108089814872673,0.13488680394776056,0.04266082651466721,0.13375297754840998,0.18231321964890976,0.10856985712949208,0.1447162642137161,0.06128753768347845
0.0717033098786037,0.11425737851758956,0.13367770269788767,0.18435821530141214,0.2581876304527815,0.041053787745127926,0.03474322442927965,0.0638166796938404,0.09820207128347745
0.08460924020016514,0.05621545686329368,0.06715603535614238,0.182624059890561,0.08554784517121712,0.034062737533649114,0.3406805341120798,0.0993919058305366,0.04971218504235508
0.17896585694793318,0.10716827886741888,0.0835512409877724,0.052765842914229255,0.06841905638311228,0.10403003076361683,0.183436500545785,0.16499360914508535,0.05666958344504671
0.1113845327460779,0.0718185330978254,0.04969420214124979,0.014669692100194627,0.1013288122779487,0.19832186814884545,0.03785561243303326,0.14523689881873067,0.26968984823609427
0.09218988029726415,0.07095418911714783,0.07277787737603326,0.02241366921287369,0.299109034871778,0.06659946261920589,0.1997335538000422,0.1437232657370489,0.03249906696860603
0.0726601803621403,0.10157167753674534,0.026938625889212527,0.15389015796626512,0.1434328865939585,0.03710134452389068,0.25381711190274586,0.11073924803848485,0.09984876718655682
0.08261216765307224,0.12408553157934232,0.04328514274438899,0.07507000533214972,0.13072229573260571,0.21116381523147384,0.12689316559890232,0.1126235674401187,0.0935443086879462
0.16090171763658145,0.10089023560294441,0.05738272824544824,0.05073132440366734,0.20514126609055436,0.04976569714727804,0.2093467331635042,0.12668023316503416,0.03916006454498775
0.14524059510941112,0.11964114062082569,0.22973441701764238,0.03713687031402032,0.05943517523857064,0.0742115992017648,0.08292307574784667,0.08074893106351083,0.1709281956864075
0.11114678692426122,0.1354017480825446,0.14512181323325776,0.06316523464722947,0.046467010280442665,0.04877486321363297,0.016375337117698646,0.1705920644333634,0.26295514206756926
0.07457667671592876,0.09933094433445905,0.04242396926318274,0.038824013394327346,0.1276892422372272,0.06698203596015964,0.33613149539041376,0.1527211678889404,0.06132045481536109
0.11676699986504364,0.1625649928084462,0.07479502192013195,0.028002483473422792,0.07229366041248957,0.16025768968251006,0.0938577856557654,0.14725460795980408,0.14420675822238638
