0.11938391514380033,0.012534291491992077,0.08914697730002859,0.1733408217139629,0.11709575280162388,0.03944137820053323,0.2095160350365243,0.18702441874506712,0.05251640956646759
0.05861999806335083,0.0941987020121956,0.07618410412056036,0.04819270399013533,0.09603207363778392,0.40150153950100426,0.11423143843079953,0.09484654999870722,0.0161928902454629
0.08861331132438004,0.10027297447450711,0.1539945553950991,0.1509481953358646,0.10785778016456112,0.02545401887024187,0.16796550992605752,0.1804320028881816,0.024461651621107045
0.10042190473588658,0.005702543768587219,0.09968395532861803,0.06307535682320166,0.083710676779979,0.21953904865908805,0.1306860736138767,0.19113108505865595,0.10604935523210679
0.10178021945482235,0.07807702454307179,0.10250677419811444,0.10467713615438246,0.09495952512849386,0.22017756916359718,0.12409457653635268,0.1046121050445547,0.0691150697766105
0.07797043172676878,0.09995835466197826,0.10832277516529963,0.19609638094831205,0.14669952823300905,0.044428259598998786,0.18113719050686325,0.11512293405656826,0.03026414510220199
0.07048707528700722,0.03407898667156034,0.08404567162406418,0.2530612128886147,0.0738310819160481,0.05199620586717071,0.06009690313942446,0.13578783909875455,0.23661502350735572
0.1081781321123985,0.06536116576784778,0.13863081485477194,0.18031244041235853,0.08494298943004208,0.02502037246645998,0.19802833952185725,0.13617070852371066,0.06335503691055325
0.10680013159147612,0.033746242159377486,0.1155686636991871,0.2420516331115777,0.09636975681884667,0.042935167711238766,0.1720012926458787,0.1070937986698982,0.0834333135925192
0.18495987804853278,0.08108211624421054,0.09776908164879994,0.10324381347693246,0.14729147592259048,0.04836847482012327,0.2028343310845575,0.1011829859276467,0.03326784282660623
0.10676158180986518,0.03675230301815258,0.0865982472287015,0.13867566813664348,0.11646092282463273,0.22491020263532804,0.11440663660935228,0.1596821068972062,0.015752330840118022
0.08677239937100012,0.22946411396243213,0.11099206073514885,0.22923801131753083,0.07740930563883398,0.07366923508846329,0.11647723137078665,0.06751956026313555,0.008458082252668574
0.11594598079888518,0.04832886017345777,0.06892092302859303,0.22344176467780438,0.18307126690793885,0.0403396535191276,0.15627500815466913,0.08811703462730928,0.07555950811221473
0.09469250224513327,0.012174287987217291,0.11323594066579522,0.05142151366364328,0.10644760936360516,0.14553359634047627,0.13769763939417223,0.08436995233543526,0.2544269580045221
0.1677786668335727,0.16437525472984316,0.07200473409768343,0.13885527911993414,0.1824826338619042,0.024096809269294018,0.13257948520455806,0.1065669129564278,0.011260223926782423
0.1032667062591784,0.09881211153794787,0.15425165442821595,0.06239967770475393,0.08223623061553682,0.12695498241106049,0.08488906850983163,0.19023234981130588,0.09695721872216895
0.1828981162102673,0.06462806166577616,0.1082364558478831,0.15388466954319888,0.10956895199371981,0.03476317778844424,0.14033300064651594,0.14495157077103257,0.060735995533162
0.061725465636294274,0.021832176798333342,0.0721378640116781,0.07095650130878914,0.1595593848701274,0.20257598869897234,0.13341344793924717,0.21278029062817652,0.06501888010838154
0.05023470722758569,0.12611008566711826,0.11328284909990856,0.053140371762474777,0.12380893560466895,0.16635300521417848,0.09541406666614816,0.09319686912881625,0.17845910962910091
0.08388691144429267,0.18364292122590922,0.09831738628337504,0.044864712491819426,0.13902537793664715,0.11803824192947125,0.10948964861923006,0.11497990526685731,0.10775489480239787
0.1134236577743817,0.06583346744570902,0.10720803874057365,0.06828639709639056,0.08609133567322225,0.1884958788528038,0.09638063904493398,0.16124249018492898,0.11303809518705606
0.06500025351850115,0.07182199997922788,0.07403400593259112,0.08399022942689978,0.19424600913471632,0.23989074172956695,0.12503720291539722,0.10927017516671646,0.03670938219638312
0.11106408609041753,0.18760707719630557,0.08159944376465088,0.14722280799955137,0.12474806325626055,0.0471428941072268,0.13326036775390585,0.08006854499180316,0.08728671483987832
0.0712249206692641,0.03945201928067932,0.06537825736468121,0.042130056388093695,0.1363315555958279,0.3804606538312209,0.09739693764576639,0.11161496717905241,0.05601063204541412
0.11775227837541043,0.08342092962459426,0.08872556375257389,0.09052405999884817,0.1793386541946719,0.16279889663517233,0.1460341901800154,0.10703012723247414,0.02437530000623948
0.15148521998733866,0.037681040255701424,0.11868708179253262,0.09653753773814626,0.10567354203019212,0.028106239817180915,0.12390235441253332,0.15565728971704546,0.18226969424932923
0.055724757386010286,0.1904343185769638,0.17136259048156663,0.11476998572401231,0.08473868468924357,0.13002457620070765,0.09023724425235889,0.0955312977247365,0.06717654496440033
0.05879921092382467,0.07053027443321928,0.11154965168644564,0.1422145523577415,0.16255797781841655,0.19984063407986538,0.08151161560040858,0.1360699768902308,0.03692610620984771
0.09916240446568814,0.046077677356625324,0.10254867395454766,0.07591286375839736,0.11572594840743526,0.19012676959652344,0.14792374845600345,0.17235534583339082,0.050166568171388565
0.10911005341163242,0.0431045628986944,0.09388344146896332,0.19357891823160153,0.13943551857202094,0.052719607848398686,0.22156243214427251,0.11956177934481298,0.02704368607960333
0.09377107364384553,0.05638778133838827,0.08368197572187942,0.11488080155954568,0.11085539941341482,0.24342995747843785,0.15710041528977975,0.13000535267296232,0.009887242881746331
0.06094339657308001,0.03773112511397341,0.1503580894048037,0.10956650197510209,0.07585103579774746,0.2360697793616683,0.21061580993524906,0.07837042008888156,0.040493841749494434
0.06845079083568757,0.07517139313637218,0.0736063197330293,0.06983112463892747,0.11922794761694232,0.30528934026439636,0.07890996047550017,0.16385489681486973,0.04565822648427489
0.08603311157424615,0.22242405890723083,0.05425837982694215,0.04392960246800636,0.1830342235766477,0.14069112606081952,0.09938810410542033,0.15384099233260454,0.01640040114808236
0.08333122972117789,0.13193508233667917,0.12363322102913914,0.14494834691539116,0.12042056561269422,0.019783836877263896,0.14310949858288227,0.06870923420534254,0.16412898471942974
0.07765574336842651,0.04715155893233147,0.07061227775110268,0.03665441717395492,0.19597626474550267,0.031325036386800814,0.1499687695407169,0.12754214740834888,0.26311378469281516
0.11918655034461127,0.02626998428422214,0.09665414892896551,0.12603606570072132,0.10823282582023512,0.039341837512896764,0.14135762200134772,0.25143520358896737,0.09148576181803285
0.11441310712548321,0.02066832194676394,0.09774671656095284,0.13365091560280504,0.13988945084695165,0.22924627713617643,0.10352703697724437,0.09939462933223447,0.06146354447138815
0.12105770807044391,0.13226379054661871,0.09920530676565342,0.18528267141788704,0.08426077097541035,0.07669145875939859,0.13412407897461257,0.14950809235787443,0.01760612213210101
0.05146865552726415,0.16099358168578623,0.08754941326080852,0.09502345862314336,0.12076996403249851,0.16337033173948387,0.07364240259471141,0.23472311402712412,0.012459078509179773
0.10050770210813958,0.020902484226840292,0.10629929677498351,0.1719654015644989,0.1017129778344983,0.13122208201050292,0.1228632019739229,0.18372450972062745,0.06080234378598611
0.05015378604961095,0.20050746963051255,0.07132043335150721,0.09576737478164436,0.18834811895865367,0.17370412248094044,0.08561823628292199,0.1173320743288256,0.017248384135383314
0.12434219817196544,0.03519688340935297,0.1306900774066009,0.2544717694627869,0.0984556959121845,0.032016380061930354,0.17044749627456898,0.10741232324143928,0.04696717605917081
0.06623324385560818,0.07173464479092183,0.1003162448714972,0.21001542523217706,0.1695530496177833,0.04670929252988634,0.09710857594719124,0.05914007564686502,0.17918944750806987
0.12076881648301156,0.11653607453323367,0.12761392372274383,0.07429799839497346,0.09985034359137002,0.09974378311113374,0.11591008758216466,0.23551092190945502,0.009768050671913999
0.10005154132433842,0.12887429940175335,0.10023856390683905,0.12001549519987798,0.07563810687339895,0.18813534674285215,0.1362370521943848,0.10697296000588556,0.04383663435066967
0.07596165596317016,0.06569945554435329,0.09371859750319972,0.06646810782589652,0.1384477367093797,0.2776024969105066,0.14951579870339157,0.09400267040981514,0.03858348043028733
0.10811876877453659,0.13514002842979975,0.14619336142405717,0.20880792662823702,0.09500972410282887,0.03131417326339781,0.161457117199442,0.0698269106011194,0.044131989576581376
0.13730897510971493,0.24450390220163343,0.09741950045588743,0.0810688668144287,0.09917590815571342,0.05043180126026637,0.1661688738167307,0.09839681435781404,0.025525357827811044
0.07731917989497118,0.3276043075727218,0.10068275022279179,0.09683263779780982,0.07310199458556382,0.06322047406618976,0.11515037864816946,0.12838926465401443,0.017699012557768002
0.1281675464639858,0.12994981385325877,0.112588275993502,0.1387616860567536,0.10152812062376555,0.15342150962421855,0.09633265980304824,0.11415307161593057,0.02509731596553688
0.1644328473546646,0.16796696109938716,0.07994267296607548,0.10714623672403027,0.14555193815471879,0.0506482460271075,0.14158853076159128,0.09264590825760131,0.05007665865482355
0.07138424534868673,0.28191444032040947,0.1306169038306528,0.10910785980226324,0.07980751068440357,0.06957142657126576,0.09859698068629437,0.14301460776939282,0.01598602498663119
0.17478799863771075,0.030125363609979822,0.072947683568363,0.06904155008461343,0.0753817873007153,0.014899714290224679,0.08826708750574785,0.06447323075750373,0.4100755842451414
0.10933184015698118,0.13076736196519348,0.09944508644741575,0.07395658150574269,0.17101136263515856,0.09432843477722168,0.1753155951347732,0.10054117952040315,0.04530255785711029
0.09524505751757466,0.1905506898352002,0.11061349100514138,0.13641143746181672,0.1245718978268735,0.03561633513294699,0.1160733741690183,0.09295970421181422,0.09795801283961392
0.09676197730640647,0.11660213767511209,0.08240184322644496,0.053161970453169984,0.13847037481296967,0.029494490808282547,0.08393586790203296,0.0787975992130674,0.3203737386025139
0.1625515674880831,0.035968305345664815,0.09361284293063184,0.22834753131796295,0.2286304692204801,0.007868006230409631,0.12523946329995217,0.08111971219454342,0.03666210197227197
0.09198982725277434,0.04912657548385618,0.0994109073239141,0.08984581044930902,0.10545243972839098,0.14710177594144844,0.21146226624520703,0.1702116499687195,0.035398747606380475
0.15989262937742185,0.11058054843243477,0.07230972734158371,0.20402450503763847,0.13148316870684243,0.010203852334805022,0.09260070862083714,0.10777751087066338,0.11112734927777317
0.11348769587826683,0.008893126846741624,0.06689320049783241,0.05215238149304641,0.14730125290248627,0.13755943704873516,0.04343619574374977,0.08183965490652324,0.34843705468261826
0.054081253595747385,0.09267684349002327,0.0690794310284145,0.12176441793614519,0.16093806293954316,0.3085261274572782,0.08061249794079513,0.082455485991284,0.02986587962076917
0.11477632924430703,0.11675246954819511,0.12130176430301061,0.1848891550684235,0.09487417751897388,0.05228857180828524,0.10666050496603093,0.13615584193458832,0.07230118560818535
0.09669042226358383,0.0939837580993216,0.1170368552129399,0.11367249275473439,0.09715425034585533,0.0925833720369295,0.16243139799151904,0.18265149506199652,0.04379595623311997
0.08956969716002061,0.049536221537809955,0.15489046082047067,0.07848689424150267,0.096370824844539,0.12948887044127813,0.09353653818460023,0.18041379662556586,0.1277066961442129
0.0846889796066433,0.1684432594216699,0.10433006100118396,0.06414354584339305,0.05855882621082922,0.03980780150401453,0.07238710491119478,0.07202916461560115,0.33561125688547017
0.12788762786619537,0.06143184922790181,0.1323567100830039,0.17054477512527763,0.07039953552707075,0.15097191682199504,0.10760979469085963,0.16320124613271775,0.015596544524978122
0.09431202406724297,0.07256759098148406,0.09982175781395568,0.1069136528268006,0.15021363742302662,0.06668028373024935,0.16434901167572413,0.19106278794447376,0.05407925353704282
0.07455412199774462,0.06969102995280828,0.0917266759064812,0.14662927314218516,0.11417051685245232,0.2074768597546713,0.08937638595058134,0.11441853525803408,0.09195660118504174
0.1573612707919194,0.08697102120654941,0.0815451472888948,0.07483888709531034,0.2024871580965739,0.06785879486803403,0.13878957273053494,0.12889306248504076,0.061255085437142365
0.08959885284987423,0.008356324605384899,0.07022423229197017,0.12193298474190002,0.20081935389763972,0.0718223736413637,0.06638217308223181,0.06024217448056005,0.3106215304090754
0.13865805517543997,0.14287595374578618,0.09981624622454599,0.03791409088218933,0.11318366000530328,0.14134233376446523,0.07629727310026536,0.15850159058623356,0.09141079651577107
0.10375412186105738,0.21628023769683954,0.08871700768293904,0.16436302670879485,0.12016906216084304,0.025424071860299532,0.14248338328462629,0.13155320351998268,0.0072558852246175825
0.11642756600030181,0.03138621401202687,0.11607730233897347,0.061324926203418006,0.10728390181299409,0.21543281206837875,0.12279270996104551,0.18793798070952875,0.041336586893332694
0.16843550406880103,0.07435498275089318,0.12221607616114487,0.261584083711975,0.0773144033762575,0.02342115157487058,0.17813651617366047,0.05894019624470781,0.035597085937689496
0.16621545044959318,0.09193486941279705,0.07889622107503502,0.0893275146041792,0.10375710733155419,0.16154737205384487,0.13704191575367897,0.1150423814584657,0.05623716786085187
0.07194789495807924,0.02627017753873535,0.08294940116347595,0.27429566107039316,0.16373666484588864,0.10052176501830233,0.1053159819225606,0.11150794536757358,0.0634545081149911
0.09943362561304465,0.019248320288189794,0.07219932099448828,0.08167234116359974,0.23475263891676393,0.21207125938785573,0.14145159597820336,0.10434449677492148,0.03482640088293303
0.05725873313623963,0.07700903750396247,0.10716744242814363,0.1184781408504421,0.151661210677664,0.12887894846069975,0.13689299925195886,0.18295916765904396,0.03969432003184559
0.08110699741514367,0.11327676030461396,0.11153221365196182,0.40152086349740507,0.060061351742540174,0.023827224504697125,0.08107625699692325,0.1167898194757105,0.010808512411004402
0.0739153697230645,0.08033661614916517,0.14410728947435503,0.13153662744682035,0.12243768878840593,0.05368571758204277,0.11794129000068078,0.14746020397581727,0.12857919685964822
0.07266227221908457,0.04673936777859595,0.10256525263224202,0.08730118898119399,0.07481407498757124,0.06313357965544912,0.09224456635339613,0.11662222177240293,0.3439174756200641
0.06308594147871155,0.07626322197733436,0.09833392104460233,0.07451589641686739,0.13200072418278702,0.26833477635676745,0.1338637056267636,0.12872816228043255,0.024873650635733723
0.092129420710009,0.05510981319334957,0.08317750884849452,0.09578741583226001,0.17691983305002146,0.12111214061340068,0.1140579602305315,0.13912898505004792,0.1225769224718853
0.07891042836458088,0.016054703567939293,0.08400547119612606,0.07063531078044692,0.17211972481599855,0.19939475088016423,0.14369628542280255,0.1378956027696436,0.09728772220229802
0.13347551779972955,0.03224554570975972,0.08217487401703488,0.06752947401895137,0.18217500309955426,0.18489358093887218,0.10609841626597892,0.13445716104363706,0.07695042710648213
0.13139190618410915,0.02298514568602751,0.10538150788160698,0.09488165678923066,0.11415229128535669,0.04703505628360372,0.13256871605660386,0.12244704081473652,0.2291566790187249
0.1000260798937842,0.028734356079393553,0.13402979662115477,0.04376088139170362,0.1032662810866841,0.30989473363464975,0.11563126889440312,0.12059440247292785,0.044062199925299195
0.14088162203166574,0.06030515970168129,0.0937501517799701,0.09168726155296221,0.13121944472985095,0.06900838841224381,0.1629645027822235,0.13344220660472625,0.11674126240467615
0.12585036117753076,0.14015172886432417,0.09346236358106896,0.09188837148663115,0.20225460516086483,0.0403013925258858,0.09968175020684304,0.11688434402862084,0.08952508296823042
0.14361194083666312,0.15411592040223826,0.10351924609782154,0.1404769485977565,0.0932068131383718,0.05847471029042143,0.14401321867144481,0.11211131692428182,0.05046988504100077
0.046220506846576415,0.009814131729868069,0.07287892962665297,0.1720448621607756,0.12531817094413236,0.24032399898983128,0.09539875520280722,0.06347222494880796,0.17452841955054813
0.19048149731159456,0.022378709785862944,0.08498762462718253,0.12513682508433607,0.13812509508794937,0.03598635840073474,0.21870240702260144,0.07816540824288966,0.1060360744368487
0.050628390009897016,0.22661622070092846,0.09228274470185867,0.13134302676411105,0.17325003741557832,0.040650234407295184,0.1001070609909453,0.13554498390536232,0.049577301104023676
0.08522030336215507,0.10448611245528895,0.11976656544619674,0.15392435048552255,0.14620379797115332,0.10148436157249939,0.16331444503120612,0.07594120174562276,0.049658861930355104
0.09421907935399375,0.1868636323665747,0.0784934895505229,0.10711101571107169,0.18589094855900876,0.10196680927219814,0.10955159538199429,0.08716901529218823,0.04873441451244747
0.13901329469164136,0.1257582500045892,0.1277701717863365,0.09384838927651758,0.109153307278817,0.03459520869553131,0.15999096807050628,0.0973652388828955,0.11250517131316524
0.14946716745283362,0.0186925895348572,0.08950470238496128,0.08352032710085248,0.11972170738155789,0.11682685077874645,0.184360070802961,0.14856809690624265,0.08933848765698749
0.07451908406412283,0.044188140712257414,0.12233628737739999,0.13505925792272325,0.09957164476966018,0.11593735841502002,0.12765071255961846,0.16033549299762953,0.12040202118156833
0.11892022875755737,0.1451793839365965,0.08536339950746509,0.06823671974003691,0.1332699670362343,0.16163776152250553,0.150212609077538,0.11993806150265805,0.017241868919408206
0.07848827258860276,0.042390922242221664,0.12633213406426716,0.06422983018274457,0.08432583621938582,0.23147001585673896,0.12025790166709328,0.19674143032686175,0.0557636568520841
0.12284552702316909,0.025896583509926296,0.10691978610640561,0.08124089750234678,0.12027141718642487,0.14968888559039525,0.16432082615163854,0.10329261056008399,0.12552346636960957
0.0759934956395497,0.021293779157565612,0.14658549954730707,0.14100088785112883,0.06950911827717808,0.029715696542768687,0.20605081693261304,0.13346843462388966,0.1763822714279993
0.17674426129788576,0.03317061867220205,0.12336952024882057,0.06172918176604534,0.0998296650186068,0.034248581258209156,0.1965492973405433,0.13941905995070836,0.13493981444697864
0.057208468982692585,0.20249573511185015,0.10290443478095941,0.0825128328493469,0.06268783109969699,0.09898933239035486,0.1058294386176137,0.07895394333570786,0.2084179828317775
0.08451773731885114,0.09693911103620449,0.1467238180609777,0.07549762789976018,0.07655993422827216,0.08528464046527463,0.12033224860038035,0.19428273993462386,0.11986214245565553
0.120669994541935,0.09679716500177475,0.10043583980177002,0.12117126722136218,0.11743809056295507,0.030709601483425625,0.14621951659146828,0.09257049035555014,0.17398803443975894
0.11176198238883855,0.031303642831853926,0.10664355030765262,0.08219570909213118,0.11028674366161084,0.1441538193293658,0.14912558731242018,0.19425926428997262,0.07026970078615431
0.16111782054753665,0.12133141302532428,0.11451575896037015,0.06335336781598554,0.13216888563868115,0.039613388720837604,0.15154794006037928,0.16335263364953914,0.052998791581346204
0.07975113024504801,0.07018579711633349,0.12451462211594355,0.07931969874366679,0.13057976171186184,0.07873326748678937,0.15911269069752484,0.1857057259066558,0.09209730597617638
0.07519875384817308,0.07439719008200223,0.08463493701922635,0.1868017740899871,0.10299195469369844,0.2418610123681876,0.10128955517471679,0.12025316815057013,0.012571654573438276
0.061950886767086634,0.055424919761514764,0.09210931475862279,0.14376055132685894,0.09653901283881827,0.18603386975250635,0.07075756223468267,0.06928212533711042,0.22414175722279914
0.05745730006144956,0.015460229960889102,0.0772525915210183,0.17532903240925005,0.08667308114885676,0.21663763940238198,0.1232050346665206,0.09171889279194217,0.15626619803769146
0.07336895871630784,0.3579118427578294,0.10498935016540623,0.07677856065230886,0.08298905809136621,0.054344713777362635,0.10767091286860693,0.1093434423023726,0.03260316066843924
0.06921601566249415,0.06227952333706572,0.08768381478318683,0.16700018960449045,0.16877852012088593,0.13099185748814235,0.15980560524397022,0.09847263075649565,0.05577184300326871
0.2053862978627732,0.15661475236269204,0.10518039162355258,0.12238997483304721,0.08836477490541565,0.034026911224073114,0.1205001418132442,0.11555668316750356,0.05198007220769846
0.05637590094689098,0.026141153995108857,0.10368806121532459,0.089838445700466,0.07684511713264602,0.40561747087536926,0.12301275798894784,0.09360635234941776,0.024874739795828677
0.0442352362137802,0.054496064512466184,0.07418998315133907,0.05092853274905168,0.1434257234675423,0.3473095533997486,0.08294471067710674,0.12643884274967918,0.07603135307928605
0.11666027764870268,0.040844741327093974,0.08670019454524273,0.08728686791278358,0.09728406653323012,0.24365310189201753,0.19066055621447267,0.1106707225272404,0.02623947139921641
0.07992411271641443,0.04568951095791788,0.08219212416967735,0.06069888771569424,0.11134059697896259,0.2680604056007709,0.12897627175731427,0.1579296103265262,0.06518847977672212
0.13847010502231175,0.023478934642979024,0.058066710070918716,0.1039586994237144,0.1984040036028194,0.015976381046391916,0.1123758522325795,0.06332756333548613,0.2859417506227992
0.09594314756273359,0.014371091548399875,0.11176349053473185,0.12678926798677823,0.08983753334359017,0.27421910443242903,0.12605310767197167,0.10356446066960533,0.05745879624976032
0.04697776209351575,0.3019895381156034,0.07360659324676795,0.18641254720076036,0.15735574464120053,0.011677709336749961,0.09248912691980819,0.1008119204753814,0.028679057970212463
0.11718395189740465,0.006179771849416302,0.1069497002872697,0.11142342349711086,0.08522907569823225,0.22187996959133524,0.11572045966234784,0.12665311048866199,0.10878053702822114
0.05011664968304119,0.04383458251704341,0.07531989839144332,0.22680966343321085,0.17909467714147217,0.19470186340659468,0.11560450751823818,0.1044182368818141,0.010099921027142038
0.07691847347338375,0.014766487981878837,0.08315211035921106,0.10732974079434203,0.16973200462952162,0.19705099706818455,0.17297279476225783,0.13362389782198167,0.0444534931092388
0.11278690318293257,0.02125558133189949,0.09261197957058748,0.1604521289398924,0.07817341659894966,0.037922584646146396,0.12240128810710448,0.10748959606319071,0.2669065215592969
0.1064263763335125,0.04970301365091049,0.14285509926702714,0.16125774335543752,0.14124257733989812,0.1074669649804086,0.11383716501507517,0.09110198126045442,0.08610907879727599
0.05087606339002431,0.013168573604273296,0.051751222973574706,0.046418550558760124,0.09517867417752938,0.3903778684915964,0.09420449697640298,0.08397231642543956,0.17405223340239928
0.10450488231613969,0.12380324403849478,0.09198434937923294,0.15798733415079716,0.16524747725437297,0.040660270684324096,0.1204576986447059,0.13140829570669507,0.06394644782523741
0.07537611125729674,0.07015465547851395,0.12033616702518413,0.16281935908605852,0.15344018937977733,0.1008409342815626,0.14377481416362684,0.13341880809211373,0.03983896123586608
0.10405322915579208,0.1995102544227387,0.16339197296793478,0.11391982957524056,0.06752959189392968,0.038830295954808976,0.1567851256869214,0.11759199834755281,0.038387701995080965
0.05871364582633726,0.04950939391848106,0.08443620226675108,0.1132777709237673,0.1245287355905678,0.30190002391252024,0.1435517954403369,0.10436041295323543,0.019722019168002917
0.07025763183328688,0.026278345575062544,0.07916616004565924,0.12643506553290274,0.23658357909895553,0.19316967941361277,0.15574165894368017,0.09379429875845896,0.018573580798381135
0.16017870948989602,0.05172375561297437,0.08796526857872834,0.11488410496883378,0.1736452452998102,0.08261404043506548,0.1648213361298323,0.1346285776052619,0.029538961879597547
0.0903108042925118,0.013198451566005473,0.09561745005327,0.07644919189160806,0.1757944512716519,0.01762018233242237,0.06313775893586819,0.09121974760004498,0.37665196205661716
0.06857088631854251,0.06365058028332195,0.09075555441804077,0.09339573339273115,0.14436922078882133,0.03095570284969658,0.09188736375597224,0.09204020931383483,0.3243747488790386
0.10009677411838709,0.029460458703212993,0.1294614699455868,0.05617489338442078,0.09992206731786511,0.10732219705889694,0.19602966072160552,0.1673928849201012,0.11413959382992352
0.17319239279325585,0.04279537689275394,0.0945962115194453,0.19194772324687423,0.12181991092413798,0.040021140714411894,0.12547925654851097,0.15463266067291653,0.05551532668769329
0.11391455934070209,0.04037957022210564,0.11026866521631605,0.22252179202977276,0.11056535815963896,0.08982531686090377,0.08233623776714383,0.15890187957364565,0.07128662082977132
0.08722585480482765,0.06047995400680908,0.09119835196758334,0.10057937000284851,0.1273571612670699,0.1546016647680946,0.11002642667649158,0.18454006831923178,0.0839911481870436
0.06675755487055053,0.10232532335811811,0.09108935406752978,0.13369178340172783,0.16566231091571026,0.11645446162912865,0.12077457191467038,0.12497159847989524,0.07827304136266931
0.07294829084947477,0.059566867496552205,0.11285905273717776,0.10527251235383443,0.16218893385800323,0.16748123005337626,0.10984298988945868,0.1037909513369377,0.10604917142518498
0.07087657043866052,0.10008918882115118,0.09847184250207257,0.05715303142034591,0.13350659233957143,0.342143810847613,0.07652344134102478,0.08708605778192675,0.03414946450763395
0.08449223036264668,0.01911069670463247,0.09436680802516323,0.22293742085933352,0.13741361614911765,0.10145224347009747,0.14578964776230519,0.1299932424647249,0.06444409420197883
0.19071918188190398,0.17679640594963986,0.11412387235929111,0.09251048189459017,0.10720158247842622,0.049024764739900896,0.12205499074685922,0.12067270896589337,0.026896010983495186
0.0846009281362237,0.1174196405531256,0.09505910329439442,0.14817595605050995,0.1088621290802995,0.1295785143988156,0.13796959845568404,0.13915233451352363,0.03918179551742362
0.19637900558482946,0.021075342709696406,0.12300277345993937,0.13744046528590512,0.08835595813981274,0.0948517493914313,0.1534696435648916,0.14030458387286068,0.04512047799063341
0.13065403275896717,0.03356006535627493,0.10029879087442539,0.11260480236337585,0.16551158061516288,0.07893893017364802,0.11179028191050285,0.1274643169863975,0.13917719896124536
0.0746365952418621,0.029150122496102243,0.08806559593651792,0.07224204118837418,0.13524300003859102,0.1109870868464975,0.1746551337299538,0.1625096295204779,0.15251079500162337
0.10886012341305777,0.12494988696558196,0.1163692601576136,0.06826441479348536,0.08682533172283635,0.2643585126853524,0.1070250941807736,0.102712937598474,0.020634438482824955
0.09914457013149496,0.072783589087673,0.12399130465327773,0.14755547297585236,0.10463996884593725,0.031093994502332176,0.16506364752441596,0.2292100787708511,0.026517373508165465
0.10317254494811867,0.015750200559957923,0.09110999710796445,0.3090804766855686,0.1451812659839594,0.1018190060486522,0.0877484235060687,0.09234699272699771,0.05379109243271235
0.05057549446050714,0.05696774827308526,0.07268323204798731,0.1353504154711246,0.2002546062532965,0.2349738716015225,0.1066527868427347,0.08217745484911997,0.060364390200622065
0.09100660465443515,0.09317462982359626,0.09141050729706911,0.32231169257198666,0.10183961977204932,0.01694495979486874,0.1393321252791477,0.09595582576421303,0.04802403504263409
0.09737751867142519,0.08030053111798853,0.07377371903258352,0.06777658110453992,0.15449854696129747,0.12803027235745543,0.2338751981381717,0.1266436122660526,0.03772402035048564
0.13204922404435107,0.10510799131580713,0.13441724760996987,0.13642443708508756,0.07818930826292568,0.10786123464801634,0.19439451871994673,0.09253520840240913,0.019020829911486462
0.11179611166700575,0.08901515914462804,0.1123391716959767,0.09149456038951857,0.14433189622311812,0.14481744016966716,0.10178379186046944,0.18413231297516028,0.020289555874456015
0.07968425108432678,0.0546950027661313,0.08215404636882316,0.2933334702513837,0.10907034615135724,0.03548664359744392,0.10750763640870098,0.13323956531615275,0.10482903805568018
0.08804288493557876,0.23160384305177592,0.08449923707167369,0.06603236251988982,0.06819302394548978,0.23091610068252355,0.05847946786704596,0.07269065114964686,0.09954242877637559
0.07752017224026775,0.04997293797343257,0.09305909126263924,0.09098688726903366,0.16585552879567533,0.1398826485031025,0.12889748149086888,0.17141288516401076,0.0824123673009693
0.13130911676835236,0.0557458263967807,0.10829326172182206,0.14490127088005414,0.07209206080302043,0.17686999682427232,0.15134804904887242,0.11152618549515086,0.04791423206167463
0.06625713484819067,0.23061756695156202,0.07190325012136844,0.03379871467842587,0.07577957553051254,0.19059433322434716,0.08178238300319161,0.09239233390160156,0.15687470774080012
0.09261593192949187,0.030613003541714468,0.09530182422718768,0.1638893667360468,0.10216697386571448,0.09099076553121975,0.15045418092011695,0.08938453858285539,0.18458341466565265
0.08556782347286389,0.10032780753319781,0.10211506108036451,0.16409597568428141,0.14506332222716745,0.03144386818114728,0.15079681272886575,0.12541926404018566,0.09517006505192632
0.09030019000205443,0.2480419095562262,0.08316838797841448,0.061796903673936344,0.08640022057672714,0.13395262433048802,0.1265224732865295,0.15397539347379138,0.01584189712183241
0.08347466932547266,0.03406532599858333,0.1309334696462988,0.07727042986862605,0.14737951520470818,0.16637311045402248,0.07344988806205181,0.1138598065368024,0.1731937849034343
0.08501113380119811,0.05861399635637366,0.11109289240414122,0.10507366097872667,0.15512581641653025,0.13261187714792597,0.13247719126860594,0.17344848609052743,0.046544945535970876
0.131151155159119,0.038851610143232414,0.10271144092359123,0.10451094426924586,0.09579617777938494,0.22777869533182618,0.14995869478320992,0.11367902195211771,0.0355622596582728
0.05883701570578687,0.07310306115894186,0.0741180884580231,0.06347453696209403,0.09578107862101974,0.4064654738480748,0.08216908583119731,0.13307253985445655,0.012979119560405704
