0.18072860317777736,0.2282004728963095,0.09056454566572802,0.047051162412510145,0.0661295054429929,0.06171998807033272,0.09001134310138097,0.06325738546285037,0.17233699377011802
0.1300353389279093,0.02834409670043835,0.12087736611693933,0.04468518430854888,0.04106410107615255,0.11265279336514859,0.15446077142676384,0.14748671364025037,0.22039363443784876
0.13484760202446996,0.0567059739554941,0.14019625945679826,0.021579392339742317,0.0868647986317068,0.05122591752832104,0.1554110144595183,0.22129191203193074,0.13187712957201858
0.12276267247909149,0.09298243698349407,0.11407357274142278,0.052405453741306,0.16108588310653674,0.04600672769579345,0.12253465031697718,0.17075089996093706,0.11739770297444124
0.20960870856941513,0.02289860442460656,0.1285120853002391,0.05978083381935586,0.052319424332239815,0.13166749740478537,0.1275269393058038,0.17447715833280095,0.0932087485107534
0.19130223232700028,0.040239215653217225,0.10343563333395638,0.04790019931836135,0.043215040678665155,0.09139179700420674,0.1674563718677747,0.13202391574006134,0.18303559407675685
0.09935626429948281,0.06429621924071453,0.14937425965843212,0.0534451383873763,0.12462160532902805,0.024225056699750742,0.22710540802251586,0.07725653602404857,0.18031951233865096
0.16091665282260534,0.09852152069160758,0.09934063884719589,0.1469032874791348,0.0732173187177494,0.09087930138453289,0.11523923509540424,0.12178130630168342,0.09320073866008638
0.12639557093248122,0.09692464193778379,0.15244311730257265,0.08844565961819291,0.05271250134797928,0.218525628813056,0.15368628767129622,0.05251847547825227,0.05834811689838557
0.1313125164100887,0.06571273012835548,0.18653253979016018,0.09554840243093594,0.09029937919049669,0.019605395030307008,0.17288142116464478,0.15473158489790514,0.08337603095710604
0.14735566382842447,0.039311770647269734,0.1667174807605557,0.05067396709701205,0.11646326174638784,0.029128339533862544,0.21779320412082903,0.11490242334194078,0.1176538889237178
0.08091026663496764,0.12104197793699395,0.05213692543936869,0.31313532501595626,0.09125601508828622,0.20610240769642804,0.053494369001759016,0.040434195963361126,0.04148851722287901
0.10717613990197132,0.046715346622149524,0.10620227997038062,0.019423928350817674,0.10727177574808149,0.2396621022571304,0.21558133970117307,0.11703007630169604,0.04093701114659995
0.06648886522055346,0.21586008914207389,0.11500225012427645,0.04341275782743189,0.14245613938343363,0.019796915732540294,0.11256485971362586,0.19796646615945637,0.08645165669660816
0.06591435651033432,0.22249442317403392,0.07900247897439218,0.38015149230005735,0.02458172810468262,0.03960141743298485,0.07288872338891876,0.0689816651893436,0.0463837149252524
0.06505180671246373,0.027633790011608723,0.13607380423814405,0.025313441719341533,0.033648754092553586,0.22060726894964355,0.1609313782940663,0.22570905215525183,0.1050307038269267
0.18536723707271577,0.1373273287512314,0.1541825687335057,0.05339357511476511,0.11674836882055467,0.052731973787759116,0.056389336067057115,0.11779895912859352,0.12606065252381773
0.056275460370148876,0.05676084016650259,0.12886546435068094,0.036983618902507225,0.17960526690933562,0.16491528964050176,0.07102029163519437,0.0678691909836081,0.2377045770415206
0.09937228826536443,0.0881313506243709,0.18331062164288311,0.05524323420512852,0.10032039685070591,0.07759137531194948,0.1170639647821619,0.14922522773599126,0.12974154058144446
0.12080455774502408,0.055280251883068086,0.12092132623382675,0.0844314499101766,0.22341594993480052,0.13629081667610687,0.07404163477966715,0.044687202282081284,0.14012681055524867
0.21917492367763866,0.05902223270659915,0.1636107882713477,0.009176275310676229,0.040230765834559264,0.09213930882931998,0.0847810998683488,0.17217531689093588,0.1596892886105744
0.11870616339890853,0.1869711926984506,0.09522585165268233,0.3058423704077715,0.025658580762007572,0.03599725542258427,0.08714523143430908,0.1266033181119142,0.017850036111371894
0.14134760422491108,0.07953728068796943,0.09437140681301677,0.45151233888443504,0.04120536959213316,0.045145300975210134,0.05434842199838242,0.03274166814729847,0.05979060867664354
0.04159537769011216,0.19885868878019794,0.11734063311623899,0.04952777768392217,0.11263597588576914,0.1958483747375889,0.07781755594386741,0.05086006170217374,0.15551555446012963
0.13128613687150645,0.01896184091300247,0.06957980485093862,0.27506914552178346,0.06122892337507622,0.2030665347872306,0.12320411089272354,0.04786498836778521,0.06973851441995345
0.06670941904588895,0.04455953758944802,0.14061621976714503,0.07730445352193495,0.15904104093439317,0.09145573674470649,0.18293478001283528,0.11988160823305842,0.11749720415058963
0.08001803734986346,0.1795344242235637,0.14716445378939097,0.02117239701048319,0.1235213585015254,0.12866513745314312,0.08302523238579303,0.1089778009278104,0.12792115835842668
0.06700354242096464,0.12165055535158557,0.15937743809074653,0.023975710127100324,0.3126834512259988,0.025490524382267853,0.05857696282571117,0.12460801156233531,0.10663380401328988
0.27372105300335364,0.08647595486459352,0.11153735280111828,0.13117964859777342,0.022755048870050917,0.011113763244685618,0.0705817864511863,0.15606699576212787,0.13656839640511043
0.13680582424618967,0.17495678959366753,0.1299583296023344,0.022979963750598967,0.14913541090928825,0.05242606682484106,0.08539469850097474,0.141182654049911,0.10716026252219446
0.07562086846575101,0.14185002363958288,0.17631086753135686,0.0356087026713748,0.09486133935874384,0.07225863318685359,0.12417015848891182,0.13649788205133032,0.14282152460609485
0.1247703430328743,0.05660063183960176,0.12235105920088711,0.03829836840452463,0.07777273000779165,0.1672872192057424,0.17404830369682814,0.16269629277749384,0.07617505183425617
0.1764186202164917,0.13897692669697795,0.13589481245031879,0.07399705246570447,0.04990741554781062,0.09599611741110313,0.1262088787800397,0.1289177255501672,0.07368245088138649
0.1088809846482287,0.12349886755765617,0.16683971665654526,0.06826208839257569,0.08092227647685939,0.03080012192918667,0.15502648073516154,0.11279966408469322,0.15296979951909342
0.13021868112115118,0.12385042047071054,0.04929319492794706,0.35657816295076544,0.023110401378015896,0.21851658505584562,0.04342381654946795,0.013429666356312023,0.04157907118978431
0.12254745614737657,0.07614761721513684,0.10883368772446826,0.03260546647085635,0.07418659642767107,0.10787835498038066,0.17311610985513562,0.1378159065126141,0.16686880466636053
0.11538550292268851,0.08533010537461422,0.07047374134514942,0.40631638451334845,0.038028906531616107,0.08971455021072726,0.09242844111913477,0.07233696908562469,0.02998539889709667
0.10311664407157028,0.10845604962815032,0.0909343097033511,0.18409545112665524,0.05080100121771355,0.21502417308373276,0.13732095709584347,0.06439703131372183,0.04585438275926149
0.06856282022601881,0.2632957862206185,0.09492438539715276,0.3243756771911462,0.013498267279221106,0.09935842143924441,0.0672122367800901,0.03245012599166122,0.036322279474846855
0.1681204209466667,0.06940765723999089,0.13560297565295476,0.025345424975728142,0.16202402287584144,0.06798937835160676,0.08758890922966496,0.15100054766971321,0.13292066305783312
0.12844342104893747,0.05716798862404817,0.13060744235273983,0.03628877263095485,0.13343232083804152,0.1819521210340657,0.08291913757156048,0.14732457503642507,0.10186422086322695
0.06281463373244107,0.15004541920107742,0.10677379541295283,0.018664273359462233,0.15269790499900093,0.2027021949352592,0.06046232827455722,0.14479912656973418,0.10104032351551495
0.1634420493814156,0.06381555897353715,0.16699611387797,0.030172687277674793,0.1697622825139872,0.04803779312178877,0.15659218006966638,0.1466789615260189,0.05450237325794113
0.17502041388595643,0.16094601403587352,0.10383861979266988,0.10762707765093309,0.05782891303183827,0.03428410994279386,0.20687706796647845,0.0698004111255748,0.08377737256788165
0.12791162956908944,0.04321737427489406,0.09550759663656021,0.043678728765934344,0.028908090231200043,0.14074724210917347,0.1516875017668311,0.2529910148095543,0.11535082183676297
0.11054350043962435,0.08921070510625116,0.08046554254502171,0.07588848829242933,0.060510961381414985,0.3742683150089492,0.08146968532674655,0.09737153377045349,0.03027126812910925
0.2212919817177931,0.05325973877122609,0.11160087399973657,0.06206737142480787,0.0802051456035112,0.06977201530600659,0.17877215893765327,0.13534564252051573,0.08768507171874963
0.10189624036569822,0.09105530365218535,0.11257179113319271,0.05021095163847313,0.1550677213604896,0.10288031954751185,0.07823818507905163,0.16225686409727158,0.14582262312612596
0.10282338844939352,0.1112839425607509,0.12289177780202953,0.07235258182024377,0.07618284934073478,0.048572751395609313,0.08146195903772109,0.15139986513691708,0.2330308844566001
0.08501490235360033,0.3917348626147312,0.048891957596314116,0.22866635379263478,0.05811073225330864,0.04807094586700731,0.07035913642453222,0.029586574938595706,0.03956453415927572
0.18201069713113702,0.04124670929511682,0.15107501988764116,0.02268831609372221,0.1522267457555517,0.12184931850981524,0.10982519215835763,0.10304051129683629,0.11603748987182194
0.16844769721953248,0.02386402409288455,0.09665208304591034,0.02455659218277843,0.02647515339706816,0.3216996053742678,0.1431760781048746,0.11993150911169682,0.07519725747098684
0.08493812988810646,0.03676761332193385,0.08854860132253685,0.05760269032472367,0.07178867908127451,0.1714605845072208,0.11636733984911912,0.1672841438106758,0.20524221789440897
0.13687898264684895,0.07006892725122758,0.10658983423818706,0.023480475639229222,0.05311653629181271,0.1238791093682942,0.13803719570556586,0.1777195257021437,0.17022941315669068
0.1398213569582892,0.12764261040326963,0.10243830522623372,0.022079374703516605,0.06329263286146856,0.06178785968588176,0.11235517139682716,0.15728746661290502,0.21329522215160834
0.14267460386989875,0.07730046189089802,0.19204187032580036,0.11379760551829393,0.08885615196382353,0.12053619808189546,0.1750645624116743,0.044446491465486175,0.04528205447222935
0.039966932125777385,0.08272822614973868,0.21122573757238147,0.08542403683923487,0.18495871695158098,0.022143437511914426,0.09364958985678266,0.11321692548747396,0.16668639750511552
0.1436280618011285,0.1223641542159351,0.13733152806349533,0.05208628586211531,0.11860671727359372,0.0293032300704329,0.222080529698131,0.08207845841337218,0.09252103460179599
0.0770844327644827,0.23857460614366868,0.09515627390040128,0.2920218364795148,0.043527074119458754,0.07828472368352841,0.11992008433779588,0.024319236376625142,0.031111732194524382
0.060767709522761275,0.1271399887274156,0.16893104977085105,0.04219141938644943,0.10608309655458696,0.07673057465814177,0.13253346170711225,0.1576924003588788,0.12793029931380287
0.1875068555551218,0.023809777008283874,0.14158110067742335,0.055493939442522504,0.019165441800259277,0.10001011010890483,0.1778385567819981,0.21039167483594212,0.08420254378954407
0.06768788485770999,0.07639987321517865,0.14054447758930907,0.06946827913185057,0.23548140206390442,0.09773083517938681,0.09938257957398362,0.08932539043292842,0.12397927795574853
0.11407262703846145,0.08962627208195882,0.134025620580143,0.10237233447350035,0.0988534507006787,0.05118938779195641,0.13215493396376918,0.10104297378836191,0.17666239958117022
0.11505857148386296,0.19958425469616956,0.12375886539095819,0.016200534348090562,0.04210543829796178,0.1569034553199962,0.12238504745750102,0.10422706726074794,0.11977676574471179
0.11434651414832825,0.19765386148484324,0.13279775977806016,0.1881633425306183,0.10883117304098312,0.04372617557009586,0.10845020373152714,0.06357557642647463,0.04245539328906928
0.15717126679346857,0.03068058629524406,0.1501483439606527,0.03645184952242805,0.07574379228934863,0.05667024556182665,0.14123256343353358,0.2432205040372523,0.10868084810624552
0.19343753680592846,0.18681093187593267,0.10412735139531033,0.016099260912654383,0.06839098346752633,0.12442348615096159,0.10090075891202782,0.12437314487159774,0.08143654560806073
0.11607039690020969,0.06291326921858247,0.21308216521812026,0.05008941185991577,0.16995387722419067,0.06173351130657626,0.08392515677065954,0.11099185197651988,0.1312403595252254
0.11689011885543794,0.04619647610903191,0.1377839879328381,0.026942806139881408,0.04940344741154127,0.12059373855319229,0.12065128733911991,0.20641088801761556,0.17512724964134163
0.24945079412677632,0.024051489322610326,0.08247090778469872,0.036467744511015775,0.039092555953838516,0.12850215462317438,0.17138743526951541,0.21824911534161373,0.05032780306675697
0.17296574185576072,0.08083801466045511,0.08014661261138269,0.024181022312488035,0.06110409669644423,0.09057567319029487,0.07530619844232554,0.26693380497225766,0.14794883525859112
0.14666815409896805,0.05814805006816711,0.1613396516571303,0.052407358738662334,0.09988565225664903,0.07623387600638103,0.11652943502847862,0.13944971171169293,0.14933811043387066
0.1647332914193517,0.0724971704285136,0.1987941178929269,0.10053883744919977,0.0875199358716691,0.086802252199583,0.17048494536443473,0.05303525213728871,0.06559419723703253
0.14912442456105937,0.0840293250432916,0.10214917914727828,0.015275645935633153,0.12860375762763998,0.22884797883407146,0.04910023459640802,0.13037399701751673,0.11249545723710135
0.19233674431893957,0.04697614337023881,0.12081467432507174,0.27564485543249057,0.07126833795078384,0.018320347514656766,0.13187876512549673,0.08077653334980425,0.061983598612517676
0.06089434276452893,0.023401808263634957,0.11070221217624439,0.05519276365270784,0.19764210648401584,0.07050983658921733,0.08679818306779159,0.19819626199160933,0.19666248501024977
0.13099055836512286,0.08652556529942552,0.09059814816534965,0.0551023620692091,0.10426835599582622,0.01613666908631211,0.1582738556256203,0.16987361371898638,0.18823087167414787
0.0481949643143032,0.24575276712654762,0.07311970814522863,0.017792374701906328,0.23583041101689625,0.04723764293835128,0.06055817008925423,0.13658968582780687,0.1349242758397056
0.1387465239368536,0.16620771096464573,0.1223359947199995,0.03359751512924616,0.019271210782763136,0.17320596348615136,0.07192642408140765,0.23795882096405263,0.03674983593488018
0.20176533402395758,0.08749354103504663,0.08742540683600138,0.03935656771533363,0.09466883523701088,0.04368209306551638,0.11518462894731518,0.2261430235858979,0.10428056955392041
0.06304177262103607,0.20169850901198638,0.11726723137822513,0.09660151528099924,0.04814799213635537,0.06625342164126487,0.201397071653838,0.07514119687036938,0.13045128940592562
0.10420024591320338,0.17512881631706564,0.062279156746956506,0.3462675897733949,0.03256149927350189,0.11953670450125715,0.09770882587535819,0.018461816439824235,0.04385534515943811
0.10908751735895612,0.1771146863262633,0.058015309416806216,0.3318335100660645,0.14584849700350205,0.03169875165240905,0.06500482348964665,0.032152665723756774,0.049244238962595305
0.10295411021164529,0.09606348452220446,0.1212808221794829,0.05007295513514517,0.12126623417826536,0.2027609893508763,0.13118328187715628,0.11296327206730421,0.061454850477919966
0.10007588367819847,0.11249924806363974,0.1505725250619663,0.05188976048933236,0.1664488868449556,0.10339217786832004,0.12962283566522412,0.04836276206519594,0.13713592026316745
0.1703795962331166,0.11542379714471263,0.06547925825885297,0.05076554607214589,0.051840844506222394,0.2330708981821029,0.05790878066447236,0.1578808692603332,0.0972504096780411
0.12200640582955842,0.3115899303583418,0.05042294397287086,0.22058192200974655,0.014832235674920683,0.13302272095665743,0.048332437250479976,0.03170771782533225,0.06750368612209193
0.2586278124942886,0.0279532365831326,0.133368790726347,0.0396394262037976,0.024379881851168295,0.06494264768851138,0.14922469525559912,0.25101838110836144,0.050845128088793795
0.061726948179497726,0.1496135705136085,0.058442600365410324,0.21981293427831497,0.10438004882487147,0.21373184214170948,0.04763666704410272,0.04151954460125057,0.10313584405123417
0.08453379820663585,0.2881143736879492,0.09948584916143832,0.19329557288373786,0.027430906094107393,0.1109941731133318,0.09551664158531054,0.050267273645497663,0.050361411621991405
0.1527673725868582,0.04265577269448275,0.12867826991572828,0.042790787004113935,0.07246466131249325,0.05531891385128097,0.1674056512161648,0.3127296156298727,0.025188955789005152
0.1450624771989555,0.08952448832274278,0.10576678911411415,0.02834881173708806,0.17119653379193078,0.14038855632866235,0.11390133240391855,0.1017209085805149,0.10409010252207296
0.10224716986129267,0.038233836510992825,0.16364242835101714,0.062142920928816146,0.08845451564045781,0.05343786716828345,0.13905626338706753,0.11244602171054459,0.24033897644152788
0.1410110195880405,0.04457664777712489,0.07317489810222727,0.11055406200841485,0.24361006913524194,0.03567692802036457,0.04204984576004293,0.0837987302693697,0.22554779933917335
0.1324258148164061,0.020467418191585863,0.17207666476670913,0.024339003212916554,0.04561286559258008,0.09383380776067446,0.26744150965641245,0.17580733999316478,0.06799557600955052
0.06511503557591819,0.06997834408984079,0.10093930539220981,0.05998387663662236,0.3104533534703986,0.012328585696064718,0.08358649995342182,0.19022508950246678,0.107389909683057
0.15256992679691336,0.0406936207550889,0.08368451649965565,0.021630111130771724,0.27401593401709295,0.11198782512921968,0.03502037026723125,0.1351486703315913,0.14524902507243528
0.16602685166885325,0.025014326165090556,0.08384037292024933,0.0424468320125263,0.019937584506647763,0.13157973388519129,0.27573246723001726,0.21733829010121006,0.03808354151021425
0.10541437851770526,0.10277969163025939,0.13798920931297085,0.06843454240537568,0.0994440251734124,0.04447584035263304,0.19442054395909739,0.18969130962559336,0.05735045902295252
0.0947642434399516,0.02155046564942816,0.0994684501747889,0.05084190191125928,0.09305662420190124,0.02745324544252216,0.10966239119035369,0.386798959911836,0.11640371807795896
0.13045450828645136,0.10148149280387113,0.1810327847207285,0.020822718626134506,0.19652812806645803,0.11937544188560317,0.13225641466776705,0.05848210486462994,0.059566406078356386
0.17352342313146285,0.04002951257093918,0.10404756264150612,0.01817147603872851,0.043263458877878636,0.12984795954942022,0.20784875647561118,0.1780268202321509,0.1052410304823025
0.24139977786161235,0.037439117248074014,0.1461073230479513,0.03827342438533159,0.011186990919138903,0.10198444275800239,0.14748491706059685,0.20248272394529,0.07364128277400256
0.13547260820059706,0.25559799418030843,0.10078999489887978,0.1367759680906096,0.19513959424902771,0.009517012211402104,0.07315853203171942,0.05312245300902535,0.040425843128430505
0.07695254179297756,0.08549063125649091,0.11760904564927381,0.03630466311512855,0.20817425537197942,0.08904586564427458,0.11733097086424771,0.09319924158332504,0.1758927847223024
0.12394804132880993,0.20083066089250276,0.11417555198752899,0.1448796527286855,0.10986212771348074,0.18027101236549273,0.03265541651185424,0.04011814322969636,0.05325939324194875
0.11258972009051721,0.0495355151842879,0.13472060612693895,0.1051018653238835,0.05781713705753699,0.0365726714809117,0.16880144375511497,0.22320866799557612,0.11165237298523274
0.06785227752963356,0.19997794310321967,0.13376617350978948,0.04931938145392034,0.16846337660210495,0.06667566511247543,0.06975977739936774,0.15739251986218186,0.08679288542730694
0.05238413747721826,0.16386408232740726,0.06642133655307914,0.05971651061888881,0.1965268082044586,0.06328377469475649,0.1263718413473243,0.11639586563494471,0.15503564314192245
0.07154896163050821,0.049144127546164824,0.07937127710140561,0.07914772550592013,0.23772350130988387,0.07424474593007017,0.16772747017348374,0.10869554216665549,0.13239664863590792
0.06115938739694893,0.2882029358572851,0.06697302111163794,0.05771283965025966,0.17110989533872167,0.013755010149514501,0.05440383255778757,0.10828401557252983,0.1783990623653148
0.11227980236195544,0.05879539422245644,0.11896893647559036,0.04791791270450973,0.10231717648854004,0.20758969441255895,0.08578898267384384,0.0789003750630255,0.1874417255975196
0.20069454321492677,0.07402255361949815,0.11002151160987439,0.04182670734723192,0.07275798002967725,0.011396934265009866,0.13408464904722708,0.17994900761973823,0.17524611324681624
0.1262330141930817,0.04812816594854582,0.09554297680505792,0.01812835899664627,0.09817681938345997,0.09553908087047387,0.22557362912713977,0.18208843507706884,0.11058951959852581
0.16117940601606498,0.221821995195568,0.10248717917816448,0.02185764063956572,0.11650426741335827,0.036837639030565916,0.1134982543269396,0.09811910142637281,0.12769451677340027
0.09342059943613336,0.053288419080968145,0.1069046458062346,0.022449884821606286,0.2099275692974409,0.08153900350605012,0.24170919470084548,0.07731330049037118,0.11344738286034994
0.16967117179705907,0.04226046151472423,0.11480128376291406,0.09580391013076012,0.14032948331706985,0.22171681027790544,0.0714803993331334,0.05013383896535109,0.09380264090108263
0.21600209130806794,0.0998570071831719,0.08608784526745734,0.03594530653169725,0.04652954597601447,0.04924216497834651,0.14494642572416458,0.16394546293549692,0.157444150095583
0.11870036756107812,0.08938307805339808,0.10168938289050411,0.02596316618071239,0.3252710935911385,0.06802040174948408,0.07370220917352144,0.09577002547816849,0.10150027532199475
0.08248429965591496,0.11525029096684958,0.1326114108955069,0.21182898321530175,0.05547982485769315,0.10734748264253298,0.13446955206480762,0.07647347243545076,0.08405468326594233
0.1063293382694732,0.028875722799184014,0.08080726647680604,0.05595118178301609,0.273363055204408,0.16698400155132342,0.1306510414824806,0.06790382210254402,0.08913457033076465
0.1094614781168219,0.11195902974894482,0.07882411946502649,0.09472647529000255,0.11053141888544415,0.11889811233370441,0.1438454532333279,0.12781426436999918,0.10393964855672859
0.1390221460689052,0.04825717795558398,0.14896714874974146,0.035913521832900905,0.06415696573244982,0.09119714244721906,0.1561435669821885,0.25230042977513384,0.06404190045587728
0.05466572611036794,0.30956469107048407,0.06244120846213482,0.328854322640247,0.028235548637697477,0.09783248554187585,0.06043418378032636,0.016892236438165953,0.04107959731870061
0.13264549824680968,0.05012566763125396,0.10258696080331105,0.08945478712900845,0.1541814503692809,0.05968745207404963,0.1555814446668373,0.0898829719976086,0.16585376708184038
0.0690980401059658,0.06813330018726439,0.12910740410804888,0.05370242331727589,0.11791893569957639,0.09043054345197937,0.07179096520747547,0.18120743914538037,0.21861094877703344
0.05738565117444518,0.13089595912925608,0.11934140137112692,0.2873577621873255,0.0092646532135483,0.19576540896703742,0.11556635541902659,0.04112849356582433,0.04329431497240963
0.0799402732266181,0.2536685704219606,0.09170085059863971,0.02527561591519833,0.1343052032215751,0.15279189531679702,0.03225729086157955,0.06811140135593989,0.1619488990816916
0.09127266731960378,0.17921481957255214,0.1627466118772636,0.03387482471190464,0.05985024939615793,0.04093306813431091,0.1032319221611237,0.24309419548657596,0.08578164134050738
0.1473124837839873,0.054929191650110905,0.1429042577572918,0.05708518568711956,0.047858635088095576,0.06744694278201824,0.1427834008597135,0.16063210454259183,0.1790477978490712
0.19551493852554794,0.13740836549853644,0.11582927841256535,0.014082525196346875,0.04866891683880136,0.028160874726904928,0.11078704677444928,0.17800126637217706,0.1715467876546708
0.09600555690404439,0.10178436217066268,0.04353945961185778,0.30604864548352834,0.05053679111346837,0.17556483808172887,0.1143559951100926,0.05724796375891567,0.054916387765701256
0.15067446609974525,0.0678225828625958,0.11238208884596161,0.2764440373218189,0.039789648584623825,0.09702214346857814,0.15195335548198521,0.06202345199796921,0.041888225336721964
0.06937995101963895,0.11140299383116582,0.09178250447197606,0.018101734946171035,0.17581833372906866,0.11557782473249449,0.08209196710608606,0.11185262680652873,0.2239920633568702
0.11221102250253003,0.08337902530933161,0.21220971534868224,0.049707046339716954,0.09407863819319297,0.05039538960599254,0.10329502511133955,0.18277250884357688,0.11195162874563724
0.16204029954036692,0.1725053760277563,0.10279955628487843,0.057838699519671834,0.04967385213148831,0.07525816542905371,0.07375962291553112,0.1292013054565686,0.17692312269468477
0.07165827549703437,0.10815669573673482,0.16685476642246144,0.01416853393210441,0.13271105962852467,0.0693019703657284,0.11176604917785067,0.17860538792539127,0.14677726131417
0.1275760591243772,0.271226786511166,0.08313748122746886,0.2687007055400636,0.025321178993132288,0.047268611244841795,0.12048100439151403,0.02679564146089115,0.029492531506545013
0.1537254766274344,0.05146874453930639,0.14769571922881,0.16790234766371456,0.03949879196561635,0.09658409302199938,0.12607999297807665,0.09169357952370734,0.12535125445133485
0.13364326026096948,0.03372332901532816,0.10466472453722793,0.04721472206310697,0.18035130542811004,0.09869742281226689,0.1341819262368683,0.21896328587266575,0.04856002377345655
0.10408018099336701,0.029724595223875595,0.039157391847273675,0.5047944858228894,0.1985822806346582,0.026989401914684973,0.041887645485299406,0.0265208276350965,0.02826319044285515
0.11593112910017843,0.06912005713425483,0.11005008352858799,0.07763488726247242,0.21286626704108821,0.032302040887159274,0.23176967286817887,0.06568753919821026,0.08463832297986973
0.11702603834074515,0.07745233766130037,0.14381488415061372,0.04901422184545448,0.08826420321769927,0.08934196631116452,0.10446823778735535,0.21429130788537795,0.11632680280028916
0.09082943713399912,0.08715507341215327,0.06867790406516919,0.03215141133034328,0.15040595661672437,0.060049681684356926,0.07026162279883481,0.14721146433743737,0.29325744862098174
0.10475944547505216,0.04240242253346007,0.16550245427460367,0.032491073819705736,0.18114237579143078,0.15913683159107558,0.12593333471417875,0.12801372976602524,0.060618332034468064
0.15049245426072053,0.07205514341725001,0.11810948756166699,0.060627212830455544,0.06379160493867292,0.049148620505017004,0.07972097482974942,0.16313401123216884,0.24292049042429883
0.07355359660906152,0.2768784339938657,0.07803284003308547,0.24786639907114147,0.03341667292739977,0.14204855118381554,0.030237056038382334,0.04665860704851622,0.07130784309473201
0.17540841361863999,0.11115881799577898,0.07092562884421338,0.15346794418463114,0.017526926542862514,0.12633955598255048,0.08526595855659662,0.09961855498407031,0.1602881992906566
0.08222167575260357,0.2041165000564058,0.13468547015827081,0.10240229663952531,0.25540851439148204,0.024029467817985248,0.0849928150826591,0.044099790016917516,0.06804347008415056
0.09041777021827341,0.18749496092964732,0.12670447503133564,0.062374271072393274,0.08098630816440715,0.01735392730171362,0.13032951186687775,0.14458646291529612,0.15975231250005575
0.12232498235161493,0.18830634257425416,0.15712002530731728,0.030870832186809458,0.11577291034828609,0.11107082585229648,0.07368714577042873,0.12909176365828295,0.07175517195070995
0.30621152070739877,0.08547587035238557,0.08439232299833853,0.043061654346916396,0.06593163937661668,0.0956954749106357,0.0550910777309034,0.08805924160004373,0.17608119797676122
0.07710675911716754,0.26857171387616535,0.09928143084011799,0.2138805769769966,0.05295150154683092,0.06305383981636019,0.10427483884001156,0.0773109756614956,0.043568363324854274
0.13369667057092074,0.12604277650575846,0.10258195044995576,0.045560062926459054,0.34429102790621685,0.06529794145562927,0.04793332953936491,0.06696887281330438,0.06762736783239044
0.0655112924120118,0.058940038073610146,0.11755519922262599,0.014765989623217882,0.23886851561742364,0.045837255608542515,0.11254975293106362,0.13004143647037722,0.21593052004112712
0.057974633800743906,0.2034703130784223,0.13120181988746418,0.02829656145020279,0.14863796470276538,0.10316061120517052,0.1395349859839764,0.11987784817477,0.06784526171648453
0.07727178643233729,0.11104464702602608,0.11146047412251876,0.11450464307970543,0.05570435990787544,0.031908495015051296,0.1898513378804668,0.2107927249067583,0.09746153162926048
0.1402508566044174,0.20338615685860773,0.22001597093803915,0.13253118299641745,0.06249161433281351,0.03418399205950346,0.11013659671332983,0.0512589494929244,0.045744680003946915
0.08492354506980808,0.2128730252541791,0.14072959014115172,0.0824314278053106,0.06477126139868193,0.03870226307851901,0.08912690874187272,0.08157323293354019,0.20486874557693668
0.20476215290500524,0.11768269773298146,0.08292386129734439,0.17493786872875447,0.14155447018463974,0.10118853128151724,0.09636305377107508,0.029199703378077826,0.05138766072060456
0.1129996954365432,0.094291302969486,0.1920401868136458,0.18386498485707348,0.038189662243515825,0.0547458015210728,0.09523502742631368,0.06931113690270806,0.15932220182964119
0.06623427643530166,0.0530183949581643,0.08547929305265818,0.051773030316970094,0.15778703137908237,0.067609669197368,0.1356016305857327,0.32354271659729805,0.05895395747742466
0.33938028349555277,0.1054409281845168,0.12386483692041361,0.09625138871204299,0.03178701479116101,0.05920231588973229,0.10356997468144091,0.07550481646998099,0.06499844085515864
0.09230687329873394,0.06910654929104397,0.13968650394874962,0.04327817098066173,0.09451243981191865,0.0746284201514578,0.07242617343065733,0.1405004079022365,0.27355446118454047
0.27590777992425464,0.032696088242265726,0.1104275123455163,0.04789619039496179,0.02200367850053012,0.06762078936164566,0.19657620099903797,0.16239136501559553,0.08448039521619222
0.11145185585232359,0.04789263157935355,0.07571739158065316,0.029446102498221494,0.09474795924651071,0.04253446687334014,0.24210860606097576,0.22531065457615143,0.13079033173247004
0.10490507926230318,0.07402553430345944,0.1058237802046011,0.03228333468652215,0.18493759821905822,0.12187693038382434,0.17890412382724072,0.08541117757340157,0.11183244153958934
0.062531034290712,0.12892879581007377,0.12525600008315638,0.028047533569664256,0.23230223693570962,0.017760006183357605,0.09543450839047603,0.20732326272852272,0.10241662200832764
0.055714370678916686,0.1464877438224602,0.07583242450514176,0.030960679476414395,0.24907444163312906,0.024794330808669107,0.04902685704533303,0.05018377586384785,0.3179253761660879
0.08305414075146669,0.026627252561546882,0.11412934631287774,0.05758185319317538,0.10367106146580968,0.2206122554511911,0.10460652687869039,0.1705821157908575,0.1191354475943847
0.10072265685324909,0.10796635801864735,0.15526468664414397,0.06347382085009652,0.18505486209239608,0.05751779212371514,0.11619018766466226,0.1042576458529268,0.10955198990016275
0.039691857292837716,0.05266646215774979,0.09626155440628348,0.10683229713190524,0.2715918824967592,0.06891135705862927,0.06149058416756742,0.13797576591986513,0.1645782393684028
0.17295042874993313,0.11547856587927798,0.09972039178787466,0.14118528660599106,0.08472645619421161,0.10743904894407665,0.09711807298209907,0.11679407677280688,0.06458767208372908
0.17979270766419217,0.043849711172717194,0.17022553720576128,0.17716517178780947,0.04406406983729514,0.09077115602492496,0.09193802043977546,0.12120213743821014,0.08099148842931428
0.06357762786759576,0.11272428307950773,0.10616184015089858,0.1643478551019987,0.023573560594648272,0.23975670662241907,0.10582019861021452,0.12422056888918974,0.0598173590835277
0.07593550985456597,0.06750746259800904,0.10173290000588026,0.06609327542750922,0.09057484989296029,0.07333754022792184,0.15709700572488408,0.19119260958616838,0.17652884668210098
0.24214391473537625,0.03502145440146993,0.22485394611601192,0.04923174240758705,0.09300975570178648,0.015444705670323527,0.09190067399522128,0.0860692554776638,0.16232455149455974
0.221748855737831,0.1785761857746232,0.06550986989746992,0.12106355648465787,0.024472893308284116,0.005686009634509246,0.093126539035707,0.23207749796855617,0.05773859215836141
0.15963009196667002,0.09918875725871797,0.1456047125116469,0.06850652590545897,0.1569691359478942,0.01839758849405475,0.12354522999101354,0.15199713403563905,0.07616082388890473
0.18121607694064124,0.2866852635954527,0.07632092781557098,0.17574750147373197,0.051866018790464534,0.050417772399825846,0.08413713547106842,0.034765091769062374,0.05884421174418201
0.06000751459228926,0.08786009763659246,0.1497563491997197,0.04770078056429245,0.08425531488261605,0.23837789469301388,0.06635956823668997,0.11690305505953884,0.14877942513524736
0.054680624130587475,0.07393472030720845,0.09530660803279396,0.03773620035414176,0.0686475415165529,0.2533741226819867,0.15214487354990883,0.06769675606738496,0.19647855335943495
0.11009517906792747,0.199417675209415,0.12103996530709075,0.19600718132981979,0.071394589903152,0.12862667600853253,0.07870816943563207,0.04303730993057573,0.051673253807854556
0.20743274763955946,0.17977418939049694,0.09489121305355512,0.13664864677438035,0.07434811690936698,0.1528906798702376,0.09566451927763041,0.0348492327804165,0.02350065430435672
0.08406002970525273,0.035653923236537405,0.07418483855041604,0.014389142746633776,0.0781795132905867,0.3695708660264391,0.07725798789633365,0.12291559934673303,0.14378809920106742
0.05135939647509446,0.059082256902125374,0.09088364993377512,0.030252503617289872,0.12214052648997281,0.14080168929140552,0.0951621372312111,0.15367282848604372,0.25664501157308206
0.09036930882991856,0.09408151611071976,0.07273253404034924,0.03897566362755487,0.0574472587617526,0.28956993430788863,0.1786182694038971,0.0937145171064843,0.08449099781143495
0.09740125649903147,0.04240341860278504,0.12626886866573903,0.08522867602474064,0.07883042388090393,0.1115228940366631,0.2212194114690079,0.14795442666800587,0.08917062415312299
0.028681035328022988,0.12125909910122408,0.09347804752121835,0.04008043353070031,0.20923819435353871,0.1696696733620986,0.07489904136439293,0.07693013048181527,0.1857643449569888
0.09820814281217072,0.024383263142205843,0.14819114743480485,0.05732936065014965,0.03555920831486788,0.21384953529324147,0.16935353765579678,0.11483095231979683,0.13829485237696598
0.14850173109306575,0.19435616151586063,0.08663592536245739,0.14341412930871614,0.029304923437401865,0.1275808997433535,0.12249643975727398,0.0832940778212455,0.06441571196062525
0.1261305087839247,0.12325615269910599,0.11763309059886674,0.054851552424689275,0.07409031037056801,0.01772187526137807,0.0680129385835629,0.17099713133401953,0.24730643994388482
0.05685626854536658,0.2456961811078001,0.12651401435341794,0.028020753048593278,0.13148949373540705,0.04250120353017119,0.042777643232119494,0.19227355242813782,0.1338708900189866
0.08422659160114458,0.06432198213487854,0.08593578891715033,0.12107778195811798,0.21192674739695852,0.022186758893639413,0.16610397940931018,0.1682808560326845,0.07593951365611597
0.04719094097246631,0.08881361327988074,0.11776170049436463,0.0656438589207988,0.04482682085230053,0.2510313424869524,0.17529112884995068,0.139022256877918,0.07041833726536789
0.0595002387317582,0.1742605465128746,0.06941940636647424,0.020500835669464184,0.1741735444571186,0.09150284733915715,0.040117650669950246,0.2554851075964432,0.11503982265675954
0.15730439355670126,0.16423784855297072,0.16900007625525162,0.01959823459127739,0.08254021773266364,0.06241130450733034,0.14467156146474244,0.10600025617533743,0.09423610716372526
0.05787924303075203,0.01693411058648017,0.07163970539154552,0.026993666257104098,0.10152000395696381,0.224855437624688,0.08608994216687704,0.20159827347019674,0.21248961751539266
0.11542181903871422,0.03462258740502277,0.1228001802755268,0.03615910929850937,0.24676506425202302,0.06338676492173324,0.24910318366262185,0.07105883414526583,0.060682457000582925
0.06362772707525367,0.05512693798981607,0.13946200096992015,0.04411500097982104,0.07909966632348991,0.13880467795461454,0.21349436712000158,0.17897791717865275,0.08729170440843041
0.10274408485489722,0.0809396172834075,0.12918006217383693,0.04690995698356167,0.14574029324987178,0.03199112584904993,0.24309633953035595,0.0653859406051762,0.15401257946984284
0.1695239546389794,0.06783594386074855,0.09564043409914325,0.26672798238256495,0.05079126008960778,0.08262072761598278,0.10950908400751537,0.13118431340216125,0.02616629990329675
0.16794620754755277,0.034639065189079055,0.13571268603015008,0.08593877432263164,0.040549283445475835,0.11546393594227582,0.05691446714255735,0.08588290127203452,0.2769526791082429
0.11828591384017072,0.10914169348660115,0.11845828359595793,0.026824243556689508,0.12402323200510838,0.19862031715486528,0.12413767712677586,0.08030865724317261,0.10019998199065848
0.1332928754108281,0.047666204898438695,0.12596547702523028,0.06366293986018277,0.18147119780243917,0.18198108741258864,0.10752977488140898,0.09030229644988992,0.06812814625899336
0.09827753291825288,0.04596060331534252,0.10098007611152719,0.04187587303162544,0.029199745500119337,0.18506011262896796,0.22833125051633316,0.13083206933741506,0.13948273664041652
0.13215846208731677,0.1390557600494544,0.18116990156664228,0.038849514449151044,0.07351141584845303,0.0450284719953934,0.12868519455341737,0.1019210934924879,0.1596201859576839
0.20271187500353552,0.05493213113925271,0.09539723110775257,0.16834629468971726,0.04728636201434589,0.09857554190718544,0.13303686245210525,0.09037508187851762,0.1093386198075878
0.08280785336800818,0.08251430941694578,0.12064886512844368,0.03355866183409142,0.047298690194853714,0.17126646831569534,0.12641405415640714,0.10305310295782938,0.23243799462772544
0.08221921357732882,0.1420299073817072,0.09529551292158041,0.024068906988763017,0.19910005174417322,0.08891149102323066,0.08366431172960674,0.13332438028229654,0.15138622435131338
0.06559923020778385,0.0350025539427061,0.09103383592581948,0.01868500702945505,0.07108592361668556,0.12344312082986404,0.07188563580843285,0.13883749020477443,0.3844272024344786
0.09508310340091856,0.060568719364441505,0.1354764929439061,0.05536892686328914,0.18095987974933112,0.14767521723213028,0.10202305618616087,0.090405732944891,0.1324388713149314
0.04424301183126584,0.17869574809469183,0.08407083571661879,0.017378878281472325,0.22774789009564764,0.04219366823759401,0.10836996743757747,0.04971803501763614,0.247581965287496
0.11116439798037857,0.25768698692440967,0.12468458794769333,0.02474681945210484,0.16530333900162125,0.00925496693278651,0.16250598643026445,0.08529732021950227,0.05935559511123914
0.10539103966258895,0.17342969073731396,0.08397993426738885,0.19836697319100094,0.07151319970123082,0.07724804617616549,0.1386113825921104,0.03160597061495672,0.11985376305724386
0.08321545152856619,0.1926921134800571,0.11215060888539334,0.04148116966072687,0.05537511733053213,0.14469222542349994,0.09340102402133636,0.11497016558936583,0.16202212408052227
0.0816439885299914,0.06234476567489672,0.11498252302574696,0.06987280826543743,0.10866189669420002,0.20120213001022935,0.10219810391174128,0.09439200214912417,0.1647017817386327
0.07745462468477654,0.08472292185473174,0.07987328943356063,0.04750985948306622,0.03566637170350311,0.21164027174227026,0.10059709470032867,0.1989913446566116,0.16354422174115127
0.12457527096664618,0.18639818788655446,0.11041633900041344,0.09016182060015838,0.20932999562854007,0.026973058650502996,0.0802192372434759,0.07715080767210014,0.09477528235160844
0.12112581350760783,0.08144235254426342,0.19722397517625181,0.03161247981916084,0.0727105069987815,0.11016374569994614,0.11027549334137728,0.1144811503958391,0.16096448251677203
0.06184359615388532,0.050316123155352714,0.0642234357235176,0.07445688194649326,0.11385668668011835,0.3622427744224015,0.03887597970007369,0.05479120766508925,0.1793933145530682
