0.10000434916825791,0.10273857360159892,0.09795207952446668,0.10194558666050414,0.1352035346771682,0.10893380985122587,0.08644264138010294,0.14611012356625905,0.12066930157041633
0.10878251489971937,0.06960131451101016,0.09219032310221446,0.12701443718963337,0.13240922578365613,0.120182527257723,0.1010731177369133,0.12796083056524918,0.12078570895388112
0.1058666346638008,0.09930600000185552,0.06320300949980852,0.1379247278401747,0.11382636864146363,0.11244539646958585,0.12957559851336706,0.11126174926632627,0.12659051510361766
0.10619801667883566,0.08460837648721993,0.10521850420015512,0.12950233387305832,0.10510370152770031,0.12191193204883854,0.07409400145399435,0.14461401595381032,0.12874911777638745
0.11264080622657324,0.09332284962429889,0.08814065292302198,0.12209849545393277,0.12536248946126136,0.11746077065092538,0.05485216795781441,0.12809957548567122,0.15802219221650074
0.10903122448433282,0.09005145373471606,0.11093435587815431,0.11664356703272492,0.10630708458068178,0.11452271044833943,0.09981266931062725,0.1317634755447263,0.12093345898569709
0.10891777898643713,0.1416477808625526,0.09596698140996186,0.11379598207174617,0.102786349471563,0.09966172807157157,0.13125803604811684,0.09809527003576524,0.10787009304228551
0.0949877356489659,0.07650501256630048,0.10876887817252816,0.10513841498821497,0.08965683628833876,0.14876448105599818,0.11887353094242713,0.13085969605203374,0.1264454142851927
0.11821324322292309,0.06964885343378995,0.11525801974698387,0.12753310625457728,0.113978693868044,0.12850615700688342,0.08326726785467194,0.11889303412156538,0.12470162449056094
0.11928158327752954,0.096160191646755,0.0677267429223299,0.1410990953129284,0.11140474537422745,0.09812379550796312,0.13486890918026392,0.11803415956062026,0.11330077721738242
0.09809853194618696,0.0885809044099961,0.19684534850557833,0.11639549582466341,0.08143010214364087,0.08899739914922922,0.11982838607933992,0.11222398759732753,0.09759984434403775
0.11258713637339579,0.12288244329891312,0.11280111689909607,0.11526879672589563,0.09292079789811696,0.11681418056596887,0.11386446964315966,0.11175677921432077,0.10110427938113313
0.10613869880839584,0.08913129309447632,0.09846646152362008,0.1080752296478998,0.10369338936475196,0.14014441181440218,0.13336753028356377,0.10468004385427054,0.11630294160861955
0.11270964902341489,0.0925482717861429,0.09805404290442625,0.11985061651370332,0.09599136568031487,0.133797025699888,0.094177487746065,0.12827718713421846,0.12459435351182636
0.09810041848958984,0.1160727666654134,0.12522694122153566,0.10637688189255183,0.10466111084309611,0.10842993520181728,0.09927070567155266,0.12571554370086402,0.11614569631357934
0.12626000647667127,0.07134410508357923,0.08647958954113566,0.13309921209523154,0.12662429306831,0.12019336589126206,0.09132348729384732,0.10945024546491898,0.13522569508504392
0.09067670018556338,0.15605790480772308,0.1473928087074071,0.09023166414742383,0.07457766543805854,0.09675179454113864,0.12647490684902463,0.10195650033314906,0.1158800549905117
0.07555990367378101,0.184174330590156,0.06998584961929007,0.08559324896265035,0.08100814625812885,0.11212766016323746,0.17200522355649675,0.10498055227575666,0.11456508490050278
0.0874116351875651,0.0833978309044507,0.052860347636363374,0.10946786273186544,0.08869052046654262,0.10033392941497771,0.2357208561035463,0.11348053539849041,0.12863648215619836
0.10511618224895093,0.04052203111371593,0.16916689088653938,0.10749180487957193,0.07365487423654703,0.13631915926328253,0.16379562896564823,0.11908378984963776,0.08484963855610632
0.12058780742981867,0.06339269936002463,0.09189477141601399,0.13370060318353208,0.12344371848121945,0.12313179443630444,0.10159306704805104,0.11050740284998217,0.13174813579505348
0.12309992245740226,0.07067453807965825,0.09030899809994541,0.12076079393433159,0.15442203963047973,0.10212968870080334,0.09667489199545452,0.13569732469291487,0.10623180240900996
0.1078957443168923,0.10918075444936094,0.11982094183282122,0.1119960056634456,0.0921327461394339,0.11084486930436027,0.12743161132880013,0.11389543128173407,0.10680189568315156
0.12263691063064487,0.06381096379291162,0.13414331902388688,0.13129157011091447,0.10041223885621697,0.12326927701404865,0.0955504521099621,0.11103678752942936,0.11784848093198504
0.13205169212530285,0.06951964401831796,0.07273106190918673,0.12339292018120489,0.1168395231130197,0.11762959596041818,0.07697145637959048,0.15033149791064038,0.1405326084023188
0.11765997254102771,0.10427639563379543,0.08992884281323173,0.10814900828639072,0.12737777894412008,0.11991342956291828,0.07844177303111445,0.1435458869009167,0.11070691228648495
0.10059042288859103,0.11439553601771556,0.10912016152875521,0.1140851694200586,0.09753920215485341,0.10932685914895475,0.13980138243369292,0.10362774477899743,0.11151352162838103
0.12388707204396347,0.12289192943075265,0.08182782750427554,0.11202143713969859,0.11702995980042531,0.11999866285177657,0.10142578405541665,0.11067209246513872,0.11024523470855252
0.10499764376983582,0.06753516053069195,0.13474411996463126,0.12071877119736123,0.1322110442520383,0.104896148526282,0.12400252734669422,0.1069312354220534,0.10396334899041194
0.10314946150415238,0.05151019958429087,0.12367257464921781,0.12035252241699657,0.1445529453416439,0.13197081622916218,0.12406452783238585,0.10051964851832039,0.10020730392383
0.11843174051606649,0.102195174503478,0.1476003135161325,0.10313545710808207,0.10228056624043486,0.11677473585010885,0.06977577836088118,0.13090552804451158,0.10890070586030438
0.11930833738176412,0.11745874590833905,0.06681140569588344,0.1319816485359723,0.1190497826171683,0.11508017629200562,0.10619486263356688,0.1061030207191586,0.11801202021614166
0.10821953309660666,0.09421903124143553,0.0788984518419527,0.11997317884567826,0.145303506999995,0.11000211078606603,0.10576798618077572,0.11785668607329926,0.11975951493419083
0.11155946809329353,0.13541343605952827,0.07258350936698192,0.1412361241428091,0.10210451273811356,0.11244133500200926,0.10739257923222602,0.10960618465962553,0.10766285070541275
0.10993552018938034,0.10170931982396725,0.06891855255063697,0.12890823515392333,0.11768587014370063,0.1239601523631295,0.1068916596505876,0.10610883123125762,0.13588185889341678
0.10149059989700678,0.14564259026704723,0.1075760697289551,0.1100589385099701,0.08292919922429456,0.12413229592157217,0.1004351396941522,0.10937673659422598,0.11835843016277599
0.11421484694348778,0.09170522410145955,0.11833399115668053,0.12611197566548416,0.10052696674422333,0.105681190502114,0.09758216607215153,0.1160707287738149,0.1297729100405842
0.11516293004284568,0.08816213776522024,0.07916128308437725,0.125927106886859,0.12808271456347284,0.1240036040304597,0.11008426801517446,0.11726654749442571,0.11214940811716512
0.1065055757744177,0.11500382413892168,0.0703439928766977,0.11414106856014061,0.08544826443166625,0.1270097587908101,0.10650805579712906,0.13354623369993945,0.14149322593027755
0.10266220540231268,0.13850903317038366,0.10916733728761528,0.10191127636693968,0.13297443415726332,0.1118151097995334,0.07611073818327477,0.140720348006412,0.08612951762626514
0.10566929489376731,0.1713177539555275,0.19574454186952162,0.09621856936354695,0.07140379910886462,0.09338311088880585,0.08763018128529738,0.09352113293217244,0.08511161570249635
0.09897210298798338,0.11457146268454833,0.09489038537838194,0.11317049652843804,0.1038654218658079,0.14778571711907715,0.10033774973561155,0.10560278283894019,0.12080388086121134
0.11625358988944184,0.059302538167650964,0.11239916408421242,0.1203559661170203,0.13651647139831743,0.11229938356455076,0.06727776482177417,0.14171196249684256,0.13388315946018955
0.10615665006779806,0.12032819953405699,0.08226097256690935,0.10953229242194946,0.11819623457701778,0.14466482000158226,0.08301182203963593,0.11311091910378912,0.12273808968726098
0.11501912836526483,0.056583782806255534,0.1443929263120448,0.12467908638839681,0.11225455205187894,0.12152481162625484,0.08673694572800439,0.1040748174141224,0.13473394930777752
0.10220207171229766,0.12443218417688384,0.12994283351955943,0.10783509540762704,0.09632308731735818,0.11331374738855791,0.10917921831242106,0.1173687613563908,0.099403000808904
0.10264971640338465,0.08024380193732712,0.09874629419088866,0.12127125622586134,0.11991958553348225,0.12321774446803248,0.09703795723897908,0.12895245107762754,0.12796119292441685
0.08712980806320814,0.15720744181753438,0.0672324162831577,0.11243832054134295,0.11007431175550168,0.1267810920910324,0.12093167556513108,0.09705594109341802,0.12114899278967368
0.1049707996696222,0.05545200719610819,0.12829799643765646,0.10760968400949306,0.13766346937108812,0.10875955111844283,0.1365840716924491,0.10305281814210872,0.11760960236303135
0.10180560565367926,0.1025908161577782,0.08132862876431034,0.11685574425564887,0.10720033584844334,0.1291237007633621,0.13287357661493635,0.11212757173511494,0.11609402020672661
0.11335511328290948,0.07289836775384652,0.13431679919828324,0.11755277371383781,0.11557764608047756,0.10394699964509269,0.10942079990428387,0.1176435246809951,0.11528797574027373
0.11410723336071286,0.07920789617355349,0.10572195603101224,0.119856937258996,0.1038480468274577,0.12467820776756074,0.10113492341671515,0.12541804496359715,0.1260267542003948
0.11371854440134625,0.07734070967767297,0.11407677734478276,0.13075415126339315,0.11316813443258635,0.11902499816129969,0.09315262009841169,0.12053904838068641,0.1182250162398207
0.11314663196079122,0.07247027129999405,0.08831496133914805,0.1372076330218842,0.10682612459123449,0.11445104008535874,0.11392052055207091,0.130580657629432,0.12308215952008639
0.10968327083042982,0.10749555220039546,0.08780106992498828,0.1095840118382234,0.09950477010467808,0.1518521568121036,0.0950654922538579,0.11181385693890765,0.12719981909641587
0.10731421444981191,0.0631423582537503,0.10940571798621755,0.12587451202189595,0.12376987597021133,0.1201249702175032,0.10804322480005572,0.12070569196732987,0.12161943433322421
0.10568157124995707,0.1640106100005531,0.07402546224030725,0.11643172217573318,0.07213580722577356,0.10959940224094668,0.15458102034102575,0.09705367646016792,0.10648072806553548
0.11416429751763157,0.060037077774656646,0.12616539823433454,0.12052309613753474,0.1310587139759344,0.1243942715791485,0.07807722374305492,0.1385872778253689,0.10699264321233574
0.11358715207876276,0.14640204478671218,0.06970972196541134,0.09756825515862816,0.0995246175408034,0.10943161836028352,0.1742257758184318,0.098555168047965,0.09099564624300187
0.1050106357101163,0.08826275120251885,0.09165548533854358,0.14055434066955727,0.10280602213198926,0.10914290477527182,0.11293534204463952,0.12254779142229183,0.12708472670507168
0.10493298667660445,0.09785460616657025,0.07623034671087663,0.10890797001190299,0.1204441654560872,0.1295622435742367,0.14806712481546278,0.11054216865608509,0.10345838793217392
0.111861606253664,0.04816247871997143,0.16513120336178685,0.11778002012358568,0.10218380944140058,0.10150612326432339,0.1081112259710119,0.121824939473074,0.12343859339118214
0.12006273519179793,0.0883220803020553,0.10317045454323903,0.12176531119622819,0.1107078548093617,0.12225078195889394,0.11003052487172132,0.11807369517394599,0.1056165619527566
0.11374470528545166,0.11283427091624006,0.07677687931569323,0.11295117367471214,0.14493036558869601,0.09997388318111654,0.10889939542877962,0.11799377792432005,0.11189554868499069
0.09481221959208552,0.1300260617667939,0.05850209141750712,0.11883474939079304,0.11844597466475437,0.13280785852484497,0.1151652935097288,0.11525092194195298,0.1161548291915393
0.11292046029200696,0.12020004913405213,0.07685886156775505,0.11133956808165434,0.1260098636323565,0.12430161511731323,0.10795328195737575,0.11376888618984782,0.10664741402763823
0.10003015411764883,0.13103099943458607,0.10511747691521302,0.11449561773629473,0.11624641100387273,0.11356466725091818,0.09513474069929591,0.11350879987359126,0.1108711329685793
0.11709591284119525,0.082038006756294,0.12269662267559829,0.1169873371662612,0.10174499502715621,0.11758856754542524,0.0997252537900874,0.12254764451336637,0.11957565968461593
0.12182845928143703,0.15777474406232983,0.08636745172036688,0.10983133603868396,0.11926234816099028,0.11158691877395722,0.08725372718040847,0.09689810364564781,0.10919691113617853
0.11746684620898062,0.08141342556724698,0.10064187595165537,0.11987957317070684,0.1137265823054603,0.10525984655098257,0.09342411923840437,0.13680955568953812,0.13137817531702484
0.12971087742374574,0.09618642648688454,0.10653921703337037,0.10585631561646369,0.10731035434128262,0.11212290111322161,0.10430286317486799,0.12703415224366,0.11093689256650346
0.1044783735042145,0.06902374661168086,0.10605722258246501,0.12040073113290457,0.08810663484450788,0.11575849304575438,0.1746426339718743,0.11717606757602839,0.10435609673057007
0.10576615351503542,0.1661931310738525,0.09606451904176676,0.10979648127594967,0.11278800301321268,0.10231152182165892,0.10191811950880865,0.09278772319559303,0.1123743475541224
0.11403271803227517,0.10952447209467314,0.08914356695122372,0.11595721403021259,0.10022711716890391,0.12462297614302649,0.08840012838409726,0.1300485868786898,0.12804322031689797
0.1156297027698698,0.1383320663510995,0.08665592496554042,0.11729392428266296,0.11885346596352164,0.11290542675039207,0.09373370681600875,0.11051921874729664,0.10607656335360821
0.11353577091195542,0.17076265840352775,0.10056010455061896,0.0967819730415682,0.15447712036879235,0.10466519820851423,0.07119919917173452,0.10410137716562717,0.08391659817766141
0.09315411094988445,0.21666986166170618,0.05857757870426005,0.09925235379867849,0.09169296733532384,0.126410480373094,0.11864411959688252,0.08606480984684732,0.10953371773332317
0.12240305468508365,0.0693366135672831,0.0919142773418679,0.13681981669622903,0.11772822072576007,0.12118050570711171,0.09113055542850283,0.12219431103927993,0.12729264480888178
0.09992317674917255,0.12068547654945243,0.07181770563459665,0.11958839970465347,0.08484753385676125,0.09128224004040912,0.19914966904590745,0.11839998714001437,0.09430581127903286
0.1040419663295256,0.09476968182764434,0.07906560040339408,0.1251566866994734,0.11949627376358818,0.1205643085644581,0.10678524277820496,0.12596197431836056,0.12415826531535072
0.1153392176587003,0.06860549782550478,0.12141784386300547,0.12756852409820002,0.11058343727385415,0.1155979020495677,0.10287112817831667,0.12156421864614991,0.11645223040670089
0.1078262007223813,0.07646834344875694,0.1029214028441021,0.12669460495632523,0.12030108652576603,0.12184558639174896,0.09107051746337125,0.13014186292762575,0.12273039471992243
0.12702044129280285,0.09949172941580679,0.12143596356280224,0.11354200373059392,0.09463307827582734,0.12547458187848123,0.10277311122404494,0.1199635551667118,0.09566553545292895
0.11428716248269927,0.09155340707701122,0.09593869754343426,0.11375020681566352,0.10110653648114591,0.11819245501814772,0.14114808171303747,0.10015729376090549,0.1238661591079551
0.09667653352960094,0.14279290532650457,0.09557119111446848,0.10867928752751659,0.11294451311189575,0.09901381004819698,0.1531516958906062,0.09601739211024897,0.09515267134096154
0.1098495286089811,0.06736620834608677,0.10610110625931901,0.12708489888643515,0.11513451492622206,0.12256220236823112,0.09834099807059288,0.1268658971270834,0.12669464540704853
0.10126497660543123,0.09995288526796242,0.13066226023884261,0.10723997592389249,0.09163295675761134,0.1262672315486283,0.11491507635092589,0.12578921886368832,0.1022754184430174
0.08522765297394996,0.1541369119390272,0.062219093465150775,0.10324597863778884,0.12156311661655354,0.11173303880761498,0.1463860600261172,0.11429370146522577,0.10119444606857159
0.11072357745066778,0.09976747644011759,0.1619066715183686,0.10904540655363353,0.11403779376913126,0.10583510055045008,0.09575774926145524,0.10634427386784596,0.09658195058833008
0.10849268222579954,0.0967869621078898,0.12166194226780937,0.11109766926321839,0.12133057923903785,0.13886003605627403,0.07869635024066984,0.1058032881707598,0.11727049042854136
0.11443680146166972,0.1415534332348034,0.07143189999836108,0.09812793185531321,0.1405556003348429,0.10574621324020957,0.14278680479725803,0.09898792698383657,0.08637338809370558
0.11609935390006597,0.0703107936332025,0.07965561455543584,0.12390244071663203,0.11915189095995339,0.14613848149094735,0.09257133590841803,0.1249990396986538,0.12717104913669108
0.1007798835956703,0.10737107966601045,0.08629858785876794,0.10574158286613829,0.10337979716911287,0.12993643931672258,0.143235856827586,0.10205129392050384,0.12120547877948773
0.1012532750158432,0.10792240473120833,0.06339487195284049,0.1039241311030769,0.11156841191225408,0.10575402603440918,0.20148143291572573,0.10483008191749991,0.09987136441714219
0.11644450522036909,0.07765492091996103,0.15096105976347982,0.11818012732486276,0.1116336620763571,0.10913318816556339,0.08087115005414384,0.12899698244300073,0.1061244040322622
0.11266034637365951,0.15924098844981277,0.08672236368565615,0.11103463769223303,0.10951246292869525,0.1397585273489877,0.07338117587706204,0.11842804031774153,0.08926145732615202
0.12837099349112793,0.06017412423017356,0.12918660629825415,0.12355293583037558,0.13119413392139792,0.11282493289642644,0.10380513072764863,0.08977704192963136,0.1211141006749644
0.10520161137728788,0.10348940773954374,0.10336256333362985,0.12192041936313831,0.09906203850002808,0.1201694307018931,0.09903972617633129,0.12168459424122428,0.1260702085669234
0.11342064640245049,0.1767513149522654,0.0829014412280979,0.09642929639565169,0.13913573417139247,0.09999310563073521,0.07184881375029266,0.12801191682022214,0.09150773064889202
0.11122945876367789,0.06250662906871894,0.10743216594500145,0.1287168822193944,0.11458047073866445,0.12336457864928503,0.10237499628635145,0.12088564165288385,0.12890917667602256
0.1187528552372941,0.08944904924075718,0.1616901534878615,0.10395896933459257,0.12179087678342397,0.11829333080739939,0.08633473689948451,0.11506720865587029,0.08466281955331649
0.1025583964924265,0.16205686358694038,0.07265747133802207,0.09901831747023028,0.1092614077432927,0.139415504099197,0.0834895018864487,0.1210873077196622,0.11045522966378014
0.11968981641955571,0.1389821356401519,0.07747880729227254,0.12372378165893101,0.11205193745678248,0.11067915279221052,0.08309568027017335,0.11028854841701613,0.12401014005290632
0.10827491886295171,0.05950278398619093,0.15358963801574996,0.11171917761910743,0.1388411026170188,0.11166112993137804,0.09883375167420029,0.10833936846766774,0.10923812882573507
0.11910829866490254,0.07264638038525796,0.0910716753094684,0.1342672930345354,0.11521365990881176,0.12017883088001542,0.09977241123606843,0.12115151392604567,0.12658993665489446
0.11208039697400274,0.06664197591112685,0.08627690384909037,0.11706021677794509,0.10896535425376226,0.1416728567209147,0.12792764618380517,0.11934517341913041,0.12002947591022234
0.1044374154056975,0.12753564896070493,0.0708307470536737,0.120380564005048,0.11581119592039042,0.1001517506535821,0.15485263437688201,0.10994998128985223,0.09605006233416909
0.11408339898647885,0.07987004087901096,0.09534703707635528,0.12134282818881108,0.13669606510396548,0.11068901575456842,0.09292600546387995,0.1369716805458479,0.11207392800108211
0.1072248495798115,0.0891700663973559,0.12833032837027403,0.11913071110477529,0.11163395542822381,0.1135737975617045,0.08449224717987315,0.1257410434845052,0.12070300089347662
0.11529014538934755,0.07188078473632632,0.13130039965558707,0.11634356886149573,0.11309339910251841,0.11794968469900759,0.09601801329477276,0.12145507632815074,0.11666892793279386
0.12186850495204544,0.09868937488448844,0.0680654567142289,0.1309247911199619,0.1124774562778857,0.11062872246423006,0.10191924649012013,0.13127756511259436,0.12414888198444508
0.11356426180540968,0.11823815066155197,0.08770719381060349,0.12123686785000605,0.09413722080872249,0.1317042345895196,0.0930960205413134,0.11275442721511753,0.12756162271775578
0.1271528132279986,0.07217723746073919,0.11486795629777853,0.12611986099101613,0.12208187524184201,0.11072131986752541,0.09270709347247075,0.1271001142854109,0.10707172915521851
0.09525975819507744,0.08251284149091184,0.12920851652350557,0.10886585507427109,0.11724117480848854,0.10024630275778568,0.13861547892999063,0.12561485826203103,0.10243521395793816
0.11041910554430073,0.07576808558889282,0.0946716269751135,0.12269834502097669,0.11362967721966655,0.11910473799285215,0.1426447333840466,0.12062079726314591,0.10044289101100497
0.0922870738240127,0.21986592757085613,0.05733980664182032,0.10358639944795778,0.10056172642030692,0.12798467740886563,0.1049585528304644,0.09044570422577458,0.10297013162994152
0.12029867418866752,0.0904129898020498,0.15413996914854036,0.10628436654510182,0.1173297278085184,0.10159343777230447,0.10264201019478651,0.10569410423251073,0.1016047203075204
0.11255801245307791,0.1730816275571171,0.0731271287843037,0.11476639111202476,0.12058400697175482,0.1127020073535408,0.06677925545741259,0.11734470853382468,0.10905686177694358
0.10435636065965886,0.0894243614050602,0.07722779308077925,0.1303656021854241,0.12161054938200166,0.1359989066546207,0.08499046728276703,0.1252547041008185,0.13077125524886976
0.1134409323507883,0.07460801285049265,0.09165183961209837,0.12694338148821493,0.12465248577820641,0.12406170323258715,0.10756808889730714,0.11915274341189803,0.11792081237840703
0.13295881030486248,0.09335295855513544,0.07541460609498325,0.1276314480969648,0.1149370669603884,0.1215161093524924,0.08786975805232695,0.11408569300225309,0.1322335495805932
