0.09181222218446011,0.12276709142875092,0.09930907909927873,0.06924258352476159,0.11728781363790257,0.1297708547689859,0.11197464262474212,0.13687772626911918,0.12095798646199889
0.09259630242260902,0.17909765968279764,0.08276931587227518,0.17197532994814832,0.0693174461128898,0.09408870878604993,0.08265067908891101,0.08813357609396139,0.13937098199235778
0.22919004325824846,0.11946570806079448,0.07041280022634976,0.12379564703488344,0.07810310447504311,0.06796466745239493,0.08367618079058019,0.14380120072614058,0.08359064797556508
0.17786247739500283,0.10982093666219733,0.09589391345550913,0.10661804900510602,0.09188114001284407,0.10967585850668732,0.11896334877492233,0.09893091118802687,0.09035336499970414
0.059847873345740564,0.22662646723762733,0.08628780150931799,0.04919775256061493,0.10469218688310461,0.1012106084435224,0.09541987760441473,0.15097748643517891,0.12573994598047855
0.10286508654834302,0.06717541934956045,0.17616139893031837,0.09067154003308547,0.11056475419842789,0.08712100436778554,0.10183790090614152,0.12997768594599127,0.1336252097203465
0.11221665111489325,0.08973798457365882,0.1137616789529622,0.08815818284695169,0.10211402579048996,0.1229691291247561,0.11340127082801726,0.14617272556293767,0.11146835120533298
0.10517701579393757,0.06356516555602265,0.11954096124229659,0.09269932877723674,0.11988813257978341,0.13651150249833488,0.12928022048503093,0.14177674997086398,0.09156092309649332
0.08085014137453496,0.14445825775809953,0.12055780476171962,0.09053211640385478,0.09569753316589281,0.12928911302594404,0.09805780149431913,0.11759949705159667,0.12295773496403846
0.11221665111489325,0.08973798457365882,0.1137616789529622,0.08815818284695169,0.10211402579048996,0.1229691291247561,0.11340127082801726,0.14617272556293767,0.11146835120533298
0.08691057793042463,0.11317743347745436,0.13581650374369417,0.11579175140754454,0.12772495182674212,0.14238012192845936,0.14809999150374875,0.08781946164083225,0.04227920654109977
0.07088136350768966,0.12896083938493805,0.12551568956597725,0.047371537460504244,0.13089289917097943,0.1069737047377463,0.1284683043086218,0.09925594774363766,0.1616797141199056
0.1071556982532556,0.07279512798340042,0.11173095682625771,0.13076809255980854,0.11274440604423684,0.1386404785811037,0.12391442122572859,0.12789555594660573,0.07435526257960284
0.10395155483254603,0.1343856308569533,0.1247877584372532,0.04932983268115626,0.13837560571308863,0.12615805217878312,0.1081106697279854,0.12397137610431176,0.0909295194679222
0.10478338701204615,0.13172286699309702,0.12445713437472487,0.050101021336306874,0.1360038084184284,0.12635822961483203,0.10878087953903952,0.12586795810046295,0.09192471461106223
0.11221665111489325,0.08973798457365882,0.1137616789529622,0.08815818284695169,0.10211402579048996,0.1229691291247561,0.11340127082801726,0.14617272556293767,0.11146835120533298
0.11221665111489325,0.08973798457365882,0.1137616789529622,0.08815818284695169,0.10211402579048996,0.1229691291247561,0.11340127082801726,0.14617272556293767,0.11146835120533298
0.11221665111489325,0.08973798457365882,0.1137616789529622,0.08815818284695169,0.10211402579048996,0.1229691291247561,0.11340127082801726,0.14617272556293767,0.11146835120533298
0.11399763804819679,0.13430875916265683,0.1095141942487919,0.09830143914860236,0.081419950831682,0.12209261854718934,0.10406183606568753,0.1425161720920872,0.09378739185510604
0.12812890153929565,0.15689734744112996,0.09237347213476228,0.057746761729714206,0.10054482907215344,0.10693311359859188,0.10964157192838443,0.1793084854057856,0.06842551715018254
0.11221665111489325,0.08973798457365882,0.1137616789529622,0.08815818284695169,0.10211402579048996,0.1229691291247561,0.11340127082801726,0.14617272556293767,0.11146835120533298
0.1519061132634952,0.10124664809855642,0.1033410670742496,0.09733248885959216,0.09655787811882256,0.11588139926750356,0.11774617040826285,0.11660018076290313,0.0993880541466145
0.09519332363487686,0.11381137593726699,0.08842086367767277,0.17182907699987468,0.08856711995638526,0.09010553817234997,0.08416183198777634,0.09308317782757747,0.17482769180621974
0.06845351914500653,0.1719276630268084,0.07240023831235014,0.18539120197683126,0.09378861795693431,0.12662398845252856,0.08727146897551336,0.08960300906818326,0.10454029308584423
0.12898025598587237,0.115616158235962,0.1002225882416875,0.1258089940084035,0.08984144160881892,0.11020225997003885,0.10933112869303231,0.12012176518760319,0.09987540806858136
0.0980146643591755,0.11675090988717234,0.10488431767706408,0.13192773984300057,0.09096868986630546,0.11085777813317456,0.10298945460234059,0.13588568198432985,0.10772076364743695
0.07909972829778732,0.2195722577636043,0.19865561662306516,0.0505394504938265,0.06183959309866239,0.07129167961898485,0.0639680719453599,0.04709914521511326,0.20793445694359636
0.11221665111489325,0.08973798457365882,0.1137616789529622,0.08815818284695169,0.10211402579048996,0.1229691291247561,0.11340127082801726,0.14617272556293767,0.11146835120533298
0.14980247587768866,0.10508531575704083,0.10581132661098815,0.1041995301459213,0.10788320289186788,0.12341653674148316,0.12341854211030445,0.10401273322073852,0.07637033664396707
0.06386386662267282,0.1259045778290355,0.12729860638146706,0.12832146829087246,0.07588553176856128,0.09220370379962887,0.08448715392068679,0.08339800755359889,0.21863708383347635
0.11221665111489325,0.08973798457365882,0.1137616789529622,0.08815818284695169,0.10211402579048996,0.1229691291247561,0.11340127082801726,0.14617272556293767,0.11146835120533298
0.13584798224534153,0.041980942304384455,0.12339625334830677,0.06358557535604208,0.14110268278140384,0.12091743395840826,0.11296582450937649,0.13105237925266489,0.1291509262440717
0.11858496840452104,0.08269931175255123,0.11799774451260957,0.07904344127570603,0.10857219065064623,0.11444778636196562,0.11233314584360558,0.1436891537984902,0.1226322573999045
0.11221665111489325,0.08973798457365882,0.1137616789529622,0.08815818284695169,0.10211402579048996,0.1229691291247561,0.11340127082801726,0.14617272556293767,0.11146835120533298
0.13829735244518004,0.10630720987250437,0.105741680574387,0.12351316163512109,0.0985975632716281,0.11183950926773066,0.10494022305009498,0.11995227098282153,0.09081102890053216
0.11221665111489325,0.08973798457365882,0.1137616789529622,0.08815818284695169,0.10211402579048996,0.1229691291247561,0.11340127082801726,0.14617272556293767,0.11146835120533298
0.11221665111489325,0.08973798457365882,0.1137616789529622,0.08815818284695169,0.10211402579048996,0.1229691291247561,0.11340127082801726,0.14617272556293767,0.11146835120533298
0.17075484362122526,0.1186062677942763,0.1286428679373681,0.17213545878621062,0.06588384123774547,0.08963653344212093,0.08990058150811588,0.08224870873577826,0.08219089693715924
0.11221665111489325,0.08973798457365882,0.1137616789529622,0.08815818284695169,0.10211402579048996,0.1229691291247561,0.11340127082801726,0.14617272556293767,0.11146835120533298
0.11969864647509704,0.09179916964860192,0.11186461537902011,0.08934380625571764,0.1012288963485178,0.12188086168224639,0.11451019492415869,0.14029962410392494,0.10937418518271554
0.23176841757698993,0.06637134705218586,0.09477816051054266,0.09109413079171924,0.10154764057935041,0.14181249913857705,0.11600392410725617,0.0978357655698867,0.05878811467349199
0.07735255862137998,0.06192307383027649,0.11685720194737022,0.1779054409700367,0.1208752961524241,0.1450633814445426,0.12246140148871787,0.11512069975392974,0.0624409457913224
0.06664438557437911,0.07051036351768775,0.13970708811009871,0.1660744106465529,0.09557187892836559,0.08312560699175696,0.08510632032401245,0.10935751920168851,0.18390242670545806
0.10946178372443416,0.23046688939825763,0.07768752760310318,0.053216555727909266,0.09239972393186478,0.10255078729808871,0.10112805809877028,0.1371290075979395,0.09595966661963247
0.10749804504607803,0.07853242529012196,0.20695273741563355,0.16894585267546605,0.0721969467944243,0.10761305205708142,0.08960249068038906,0.08773482211902305,0.08092362792178256
0.23892023202164325,0.13560385751920048,0.07618207174576683,0.13274099503148165,0.07857008752571319,0.09100374125152401,0.11916128022559834,0.06158881597323319,0.06622891870583904
0.14218422797293453,0.09828069419126623,0.10598682889255044,0.09446428638721849,0.09810750886269663,0.1179021902687289,0.11700138081206173,0.12351794908101206,0.10255493353153096
0.11221665111489325,0.08973798457365882,0.1137616789529622,0.08815818284695169,0.10211402579048996,0.1229691291247561,0.11340127082801726,0.14617272556293767,0.11146835120533298
0.0858006113578879,0.12528634472452105,0.11049277252764572,0.15464762450598035,0.09621293836461857,0.10939685170620721,0.1069409669477912,0.08124797024690232,0.1299739196184457
0.11221665111489325,0.08973798457365882,0.1137616789529622,0.08815818284695169,0.10211402579048996,0.1229691291247561,0.11340127082801726,0.14617272556293767,0.11146835120533298
0.10377606899896948,0.07231437200936579,0.1761575727087313,0.08496764891684326,0.11714791029549641,0.08314161041473163,0.10345878861995213,0.11621930393115754,0.14281672410475246
0.27810231877084424,0.05574073549127529,0.09789545370316705,0.13933242347371863,0.06904774639032536,0.07204056832296572,0.06000724693354875,0.0567133232616509,0.17112018365250417
0.07008091531525003,0.15454231007624677,0.11055390741849376,0.09286920425031558,0.11898284826032868,0.16146200649445672,0.1273427836984573,0.09684802347444325,0.06731800101200792
0.15932435967827938,0.11108608200310029,0.09657879229256823,0.13340635331405112,0.08883098548398011,0.13846223693529947,0.11610369067324151,0.09413308961916052,0.06207441000031924
0.10080265530401322,0.07509820815830758,0.11578509743669924,0.086789129370558,0.09700242442624041,0.12547128035681718,0.11330878981388397,0.14470735752791475,0.14103505760556567
0.08835788241371083,0.09500510037711722,0.10268870023631259,0.05456921472140546,0.12194418774982774,0.12651200835535584,0.11669721258552829,0.14643423796165064,0.14779145559909146
0.1176160436707051,0.1341084562462926,0.09017992571177032,0.08070204861060552,0.11306908932449887,0.12367130428901674,0.11416661264876071,0.11595463773550667,0.11053188176284352
0.11221665111489325,0.08973798457365882,0.1137616789529622,0.08815818284695169,0.10211402579048996,0.1229691291247561,0.11340127082801726,0.14617272556293767,0.11146835120533298
0.11221665111489325,0.08973798457365882,0.1137616789529622,0.08815818284695169,0.10211402579048996,0.1229691291247561,0.11340127082801726,0.14617272556293767,0.11146835120533298
0.11221665111489325,0.08973798457365882,0.1137616789529622,0.08815818284695169,0.10211402579048996,0.1229691291247561,0.11340127082801726,0.14617272556293767,0.11146835120533298
0.1010552112728375,0.08174081952966558,0.11925303580767808,0.1045070040778106,0.10491023934995126,0.13457327081542375,0.12054105745351446,0.12782166069892287,0.10559770099419592
0.12916637661199418,0.08303009370098018,0.1169759804526077,0.08069256446611194,0.10935896884294664,0.11113168565935966,0.11306506404371823,0.1337551484556413,0.12282411776664028
0.1073018580408908,0.0774393027692343,0.11412278677167881,0.08817492856779047,0.09609313737065787,0.12441393046907401,0.1144028547576194,0.1392177533546182,0.13883344789843605
0.11221665111489325,0.08973798457365882,0.1137616789529622,0.08815818284695169,0.10211402579048996,0.1229691291247561,0.11340127082801726,0.14617272556293767,0.11146835120533298
0.06753129670688907,0.155172965646027,0.14715190056410973,0.10394850074098862,0.07848236854342631,0.09901646386425127,0.09101132997341921,0.06897574985009379,0.18870942411079503
0.18617513124350407,0.08582221935581581,0.10871221402496639,0.048292697699234464,0.1292274835517076,0.113283937987234,0.11102742717854104,0.12787946932482824,0.08957941963416838
0.11221665111489325,0.08973798457365882,0.1137616789529622,0.08815818284695169,0.10211402579048996,0.1229691291247561,0.11340127082801726,0.14617272556293767,0.11146835120533298
0.11971267825570082,0.0918030751832533,0.11186103486651222,0.0893462868429391,0.10122716129491766,0.12187870349652603,0.11451213084512457,0.14028875974466223,0.10937016947036406
0.10404973886133213,0.09454016020880228,0.12606016376606707,0.10644247956420567,0.11452343574522876,0.10895097753849325,0.10919188966042905,0.13734556227125053,0.09889559238419122
0.098144020637782,0.08812514497151196,0.10617638778980065,0.1532462307171224,0.09999950980956322,0.15642765207623666,0.12240834130339658,0.11332199497926458,0.062150717715321935
0.11221665111489325,0.08973798457365882,0.1137616789529622,0.08815818284695169,0.10211402579048996,0.1229691291247561,0.11340127082801726,0.14617272556293767,0.11146835120533298
0.11221665111489325,0.08973798457365882,0.1137616789529622,0.08815818284695169,0.10211402579048996,0.1229691291247561,0.11340127082801726,0.14617272556293767,0.11146835120533298
0.1193429025762784,0.09170020534723745,0.11195536059416565,0.08928123218876755,0.10127279212705265,0.12193543403564872,0.11446093958697279,0.14057524660374368,0.10947588694013304
0.08143531435416945,0.14394779835798918,0.09894035967212783,0.05719330096339731,0.10497537311114535,0.11301281936394719,0.10097731428299477,0.22220992567020367,0.07730779422402523
0.08182917614502157,0.14892437970323127,0.09764779880482105,0.091874680652908,0.11422247742251462,0.12298758310204559,0.1136070565710441,0.07849127053952483,0.15041557705888886
0.11221665111489325,0.08973798457365882,0.1137616789529622,0.08815818284695169,0.10211402579048996,0.1229691291247561,0.11340127082801726,0.14617272556293767,0.11146835120533298
0.10045364090450137,0.1294755119589933,0.10528554185989965,0.15067938650935409,0.06834564249593929,0.09450213387862515,0.12737183924197173,0.1081247832604605,0.11576151989025478
0.10785170565991291,0.1138981099115719,0.14891653433951535,0.05969517920757902,0.11146520169026745,0.07562706555499203,0.09687318761884574,0.18825655042922096,0.09741646558809458
0.11221665111489325,0.08973798457365882,0.1137616789529622,0.08815818284695169,0.10211402579048996,0.1229691291247561,0.11340127082801726,0.14617272556293767,0.11146835120533298
0.140350202456484,0.1204618189838615,0.1229276399090304,0.044147501183930425,0.11866449274979322,0.10133701629619545,0.15844203626615863,0.07905819306702673,0.11461109908751958
0.1464123072234101,0.08343647927654048,0.10656818574090743,0.03628836890461705,0.18518436058748444,0.13877960230005723,0.10500741792803177,0.12201034718934119,0.07631293084961036
0.11221665111489325,0.08973798457365882,0.1137616789529622,0.08815818284695169,0.10211402579048996,0.1229691291247561,0.11340127082801726,0.14617272556293767,0.11146835120533298
0.13064960344864418,0.14494170946742355,0.12454855680007433,0.06423720451180842,0.11484345647360278,0.126010196512993,0.1432851713788196,0.08058988708377363,0.07089421432286043
0.17571682880459136,0.09137439367266333,0.07778298963755628,0.0666246415237494,0.17921439793842264,0.12210575765752485,0.1116774353576776,0.10253405457330737,0.07296950083450719
0.11221665111489325,0.08973798457365882,0.1137616789529622,0.08815818284695169,0.10211402579048996,0.1229691291247561,0.11340127082801726,0.14617272556293767,0.11146835120533298
0.09864042867081606,0.17519477967542096,0.1612360232241578,0.06954882913300499,0.07141163427495605,0.08851760200554941,0.08330999352230911,0.07823420461570538,0.17390650487808026
0.2643345123014012,0.11875944788661162,0.10045401609658078,0.09834348092969135,0.07890601873499387,0.05963823419493695,0.0672927385556497,0.1483409478631755,0.06393060343695904
0.12340501654646326,0.07663724368329276,0.10459622162865519,0.13163340427123185,0.09272786592526504,0.12502578159904956,0.12086744935146765,0.09649971130103063,0.12860730569354395
0.10099246616663632,0.07528758247155067,0.11574575974548117,0.08683228461643572,0.09705761266447689,0.1254440400494709,0.11332571018230547,0.14478733748303485,0.14052720662060794
0.06161721847732479,0.1069075856485267,0.27720950516020876,0.0757248516823928,0.07660480682545283,0.06301078113646537,0.07125689265086323,0.0817134488012488,0.18595490961751662
0.18043741437445826,0.11942837152912227,0.09687504591895495,0.1082879628139584,0.1016257889109078,0.11475204286732245,0.1236886872067429,0.0867656108358627,0.06813907554267033
0.14198304897986636,0.19983248905968265,0.10064688066912947,0.16304388201835554,0.061499085750847615,0.07336503837419893,0.0878449900814517,0.05832152499558126,0.11346306007088654
0.09215454576174359,0.08563488220642736,0.15910193536262185,0.13567567499847055,0.09550895239845852,0.08590089049443121,0.09982839951814454,0.13191909895570564,0.11427562030399675
0.25946857422359626,0.12183360477807152,0.10162663336367339,0.0967661754670537,0.07873529502634063,0.05910955557539308,0.06631378921120326,0.15186803326000334,0.06427833909466486
0.16080338946493744,0.10406801731359279,0.1008543047467203,0.10026616887940067,0.09504055881226754,0.11388402022614384,0.1182797318553448,0.11042012964898235,0.09638367905261021
0.19076554362426645,0.11453267870074717,0.09196391233330987,0.11194133424924878,0.08928911518052735,0.1061754498706252,0.11923456106561418,0.09053087311802055,0.08556653185764039
0.11221665111489325,0.08973798457365882,0.1137616789529622,0.08815818284695169,0.10211402579048996,0.1229691291247561,0.11340127082801726,0.14617272556293767,0.11146835120533298
0.08377465641858295,0.13231554648427,0.14344127438453871,0.10753128601290873,0.08572748333723157,0.13258595298248724,0.09935629831426308,0.10794296795975451,0.1073245341059631
0.02888353733069045,0.19121387203115806,0.1422977350481655,0.04461820287115092,0.0890046690322398,0.09829905841181256,0.09811305360099465,0.07207126446345063,0.2354986072103374
0.13735016382316964,0.10561361192433527,0.10611249814829105,0.12164957113693509,0.09879069205338999,0.1123454741356416,0.10537336410510706,0.12113640495777715,0.09162821971535313
0.06349104532414071,0.06548416946779605,0.29123544921035055,0.14675472302790815,0.09306742678216177,0.09038110187374782,0.08976504022865169,0.06972077674763126,0.0901002673376121
0.06566311991185224,0.06869041759462059,0.1260909051278368,0.1790283735303461,0.08056163332595061,0.06636341082529569,0.11606269709031787,0.07509832767678158,0.22244111491699858
0.12669947581617552,0.2133787014148393,0.07973656123319552,0.16126786904764412,0.06814911904539171,0.09289278686887602,0.09141232670993098,0.09147675340888872,0.07498640645505807
0.11221665111489325,0.08973798457365882,0.1137616789529622,0.08815818284695169,0.10211402579048996,0.1229691291247561,0.11340127082801726,0.14617272556293767,0.11146835120533298
0.11221665111489325,0.08973798457365882,0.1137616789529622,0.08815818284695169,0.10211402579048996,0.1229691291247561,0.11340127082801726,0.14617272556293767,0.11146835120533298
0.15594695583889187,0.10251442316935559,0.10221975585841335,0.09862984775079105,0.09588025756600858,0.11499145574605445,0.11800503375366206,0.1137764054481274,0.09803586486869569
0.11221665111489325,0.08973798457365882,0.1137616789529622,0.08815818284695169,0.10211402579048996,0.1229691291247561,0.11340127082801726,0.14617272556293767,0.11146835120533298
0.11678707716375404,0.09575255745320456,0.10557343891463505,0.11669131849628202,0.10645074400189368,0.12486500633171467,0.11621602035842131,0.11007059463708706,0.10759324264300767
0.11221665111489325,0.08973798457365882,0.1137616789529622,0.08815818284695169,0.10211402579048996,0.1229691291247561,0.11340127082801726,0.14617272556293767,0.11146835120533298
0.12423502571785024,0.08210855824990947,0.10931859571017165,0.0943780737536133,0.0908589461755429,0.12021037832151925,0.11672655350538101,0.11779449068105835,0.14436937788495388
0.11221665111489325,0.08973798457365882,0.1137616789529622,0.08815818284695169,0.10211402579048996,0.1229691291247561,0.11340127082801726,0.14617272556293767,0.11146835120533298
0.04519467701513751,0.20308245171173858,0.11006065904767132,0.12021108990420869,0.08530317068283048,0.08842918230488288,0.08311970721878743,0.08901918330587383,0.17557987880886916
0.15779178895800755,0.10310062698629063,0.10170338573283384,0.09924172552132692,0.09556450226977344,0.11457560289760103,0.11811394926254833,0.11249672374204674,0.09741169462957151
0.12750142304153889,0.13997015529007506,0.1062691738113285,0.10091925438810188,0.0793295118246588,0.11923294591762894,0.10556767189433307,0.1306148351967983,0.09059502863553644
0.08121583290495155,0.14510165526718113,0.16142711393696504,0.06715718239859937,0.07960894379517139,0.09958217235800591,0.08675337990401132,0.1058653893023248,0.17328833013278952
0.06321994077834402,0.15170401392978897,0.144672149168002,0.04086298331102927,0.15924604197737569,0.15805202423853681,0.10616550285413447,0.08831671753531976,0.08776062620746901
