0.09379543178780354,0.17262873768761214,0.09776788809615129,0.09754464519722088,0.0886942365773179,0.17438309528221985,0.18199228155801428,0.06090509994869588,0.032288583864964276
0.14057747111856614,0.13180973560579748,0.15575085360679516,0.15756149838904895,0.10461008489041206,0.10750970021742412,0.05513584989523976,0.08851428210889939,0.05853052416781684
0.14540077416406913,0.11729754206742672,0.08502669187577601,0.03385873544163217,0.076376657068685,0.1365687966372089,0.08992700898061097,0.0062094166501927605,0.3093343771143983
0.09368378824871959,0.11018603316357012,0.09392206225975064,0.07976206518960868,0.092143433465715,0.2178045919420367,0.05010150423644274,0.006567703629043555,0.25582881786511297
0.11769323583568371,0.14761387691524588,0.09792770019712564,0.10123798651301619,0.09655374306233554,0.1440871879548901,0.19932539012375639,0.032732437275714836,0.06282844212223171
0.16357826406002604,0.18218416321235967,0.06902513442936518,0.08344512232459111,0.1075431863741431,0.11420061706299756,0.0687250007962277,0.02035463663176849,0.1909438751085211
0.10451998161383218,0.09886871316812097,0.05830780086082878,0.2502600457251301,0.0962277246425875,0.12701961604369097,0.17577451159703286,0.009873256899151445,0.07914834944962519
0.16409332951981517,0.1241484492927573,0.20808970072862,0.09473310564879152,0.1070667175726346,0.0985216860527468,0.1146013313605917,0.007218430634029271,0.0815272491900137
0.1449444472564615,0.1929263824580039,0.12394205635381006,0.036094650014345586,0.12010721477466724,0.09479853095613655,0.07662510204104782,0.03272142755284893,0.1778401885926785
0.09959174494310274,0.0958681178857459,0.16956750886839778,0.026816671471411358,0.11518446935210354,0.15356196845446055,0.10589164615264347,0.04205245986271763,0.1914654130094171
0.19554893910576618,0.1242845294180971,0.0861231431172847,0.13703202968566275,0.1193533444522019,0.10874834363376613,0.09960223453555728,0.0525340363318145,0.07677339971984941
0.08278425161737711,0.10000735748423735,0.059722396916373356,0.11032133634107155,0.1078951482709515,0.09563072431450724,0.05506330865649234,0.3212381484603746,0.06733732793861495
0.12203415575241212,0.12935550312563485,0.07094231172484755,0.21415479418981723,0.10895762998629675,0.10263542060356569,0.14810473065559857,0.030926075783153557,0.07288937817867373
0.0777431738838937,0.09828828385256688,0.14045856077639665,0.029847020970759818,0.10600951157663961,0.052606823887866284,0.04268641775913528,0.3625346896443238,0.08982551764841812
0.05890889343015184,0.09568457303057805,0.09373227667311973,0.08797125510985225,0.10640463831779455,0.09106071020321761,0.12220179905152646,0.2709013984358424,0.07313445574791709
0.08425723398306095,0.07464366509261865,0.06448646563483017,0.05954528884823864,0.08973008086074195,0.16367378518887665,0.2984680088043565,0.0012793636325351568,0.16391610795474135
0.10383750748621808,0.10997586638915813,0.08229286868940185,0.056166164281709376,0.11802788010658465,0.08217280427896223,0.08015146701355373,0.3347946538456366,0.03258078790877526
0.07486718249389303,0.10485836622231064,0.14377392407846432,0.059790788077371156,0.14409723200914606,0.1100788959028466,0.15113757662607866,0.10551882567599848,0.105877208913891
0.06713716982210662,0.10552745818154168,0.04486423718814494,0.05824427789310544,0.07959794585905267,0.12340977319137907,0.18104463606211116,0.0017755997068250862,0.3383989020957334
0.200100379084207,0.178204198453867,0.1258889974064512,0.08827549154054752,0.10076317833490271,0.13688545475426311,0.07675561002254487,0.007877484242095598,0.08524920616112101
0.20735300874642015,0.11038221506962924,0.11909859180866543,0.06954955008283999,0.10431019118044822,0.14505499928460777,0.059724987424597566,0.11016786534065244,0.07435859106213924
0.11318258906706537,0.09161387283144035,0.14297066467469996,0.021712361682577157,0.09455528814928875,0.10605125084151001,0.1975445509627313,0.10626063044073457,0.12610879134995254
0.07829760409239693,0.07516578102624262,0.08526741446497432,0.013675333898009507,0.1105449062015376,0.13605368056510272,0.24381122597348195,0.10536725711516359,0.15181679666309073
0.14034077173175016,0.14103857853429838,0.07980311988516081,0.16216342344958992,0.1122170852927755,0.1859344454174999,0.07432138390429555,0.03764124462622736,0.06653994715840235
0.08379349517674976,0.11755825478529265,0.07421633609490831,0.04960391686399035,0.08385915501568712,0.15753316696734504,0.18734472418146267,0.20272573700087917,0.043365213913684864
0.21999099337547182,0.1120780391985432,0.06404720200219809,0.21134338898194951,0.07753308165793166,0.0959630763045143,0.03674534262359359,0.014024821021512944,0.1682740548342849
0.12539494779154725,0.12894930766539472,0.11434336281076073,0.15222854559926963,0.09334758525529178,0.07617416810644703,0.04533595344589097,0.13683414379479694,0.12739198553060097
0.08882384878788853,0.15388521766210417,0.13606163504181304,0.039200501220839575,0.09357319085466968,0.08343626358592938,0.24036003711466214,0.017788362658531162,0.14687094307356227
0.1258249601521895,0.11678535716567538,0.05533245160930761,0.25114792184866447,0.10681222217591352,0.0753031664297311,0.0662696406406536,0.16555816988861383,0.03696611008925097
0.14877013282519544,0.12659097884680875,0.0952348195486082,0.027599244989554905,0.09348974288059216,0.1195123956702188,0.16679598805628468,0.03154111117963047,0.19046558600310656
0.0377143285237946,0.15614393213147748,0.14030032237084264,0.018132674979023558,0.08634805322737431,0.22251062878087655,0.10935722403360339,0.11469541416061428,0.11479742179239315
0.09658668083390544,0.09270832961781696,0.11217039537841124,0.03980297962510795,0.08831901195228002,0.07488347690773106,0.10493087923565832,0.29869004306011154,0.09190820338897747
0.12470992199160937,0.1311459449870267,0.11561071830818341,0.0565644060187459,0.11533654953538153,0.14825709147429525,0.12410124682957689,0.0038431746903766404,0.1804309461648043
0.2378043306097095,0.1257510525196316,0.08642213729312091,0.02877225363326825,0.10126245459664662,0.11318908220602526,0.2067457995448924,0.02486742374025251,0.07518546585645293
0.06867991975623718,0.1306133590568776,0.040625133774706376,0.0470490771696023,0.10808171051229676,0.09277859144670013,0.3620013519193382,0.07861290862759564,0.07155794773664581
0.11910929117976272,0.13333274008985166,0.07278258864409293,0.17434419116314226,0.12686704515230093,0.1253129873686806,0.12375572826746735,0.07602100469740898,0.04847442343729259
0.12764468454338998,0.14098294685959892,0.16251915484684762,0.046885133434823166,0.1294376963513715,0.13527328527157712,0.09405612382350236,0.08833079253479581,0.07487018233409358
0.1164915193107688,0.1521675685301716,0.061651316408886186,0.08159823591037804,0.10131041979313356,0.1648083281105853,0.10405532337229455,0.05798783298574833,0.15992945557803362
0.15371012264805647,0.10220182771201408,0.10668741313693153,0.06622942929615167,0.07254028090216295,0.15064481669256133,0.21304323856544982,0.0009031681898557154,0.1340397028568164
0.1373252608008286,0.12585309043680193,0.07039627098380023,0.22125068240513537,0.10340777004072373,0.12516628826874765,0.06147502156506435,0.021940010880873564,0.13318560461802462
0.13609282269899797,0.1558805967476092,0.054430814177891106,0.05451285498688015,0.10435728016193802,0.07097265398575008,0.053299814280648804,0.19827246632582243,0.1721806966344623
0.20584688513847707,0.1674259368068228,0.08790625548500658,0.15265131329234397,0.08955875176595839,0.08493011299768667,0.1149912856870865,0.060560706478712804,0.03612875234790528
0.04396201718928478,0.11426975622401232,0.15308895658377136,0.007486674793068813,0.08529661545598925,0.22653932373297778,0.1061950072651225,0.2320330187771791,0.031128629978594075
0.11365051480675716,0.11403511376990094,0.05130162455428792,0.33931459372661593,0.12119693998089202,0.09890818379761852,0.044094663516824666,0.08935386003073909,0.0281445058163637
0.07903738743647883,0.10645332531654583,0.05516142320551626,0.02197043211504821,0.0717231323178399,0.17496890624436942,0.23282733910828698,0.06092845844632381,0.19692959580959077
0.13272491749589432,0.14993683104875696,0.11195917738248107,0.08783912861287325,0.11369457437681407,0.1485000833285121,0.13616677020763043,0.04250514216857169,0.07667337537846597
0.1293171918518503,0.11622158643582009,0.12700424203495697,0.01690627011138064,0.09714003601194772,0.11062663105371469,0.21490375108532858,0.01663667346346647,0.17124361795153453
0.10080582163576075,0.13109615423473847,0.25505326929863464,0.04217879826859583,0.07974270575935309,0.08162389161289528,0.13695330492896532,0.1300676712974372,0.04247838296361945
0.17833301518464292,0.15495406114660082,0.11131536200705679,0.10055794339722751,0.10351864769378653,0.09658919009961581,0.07679112561959976,0.013073152446798962,0.16486750240467088
0.18746505057853616,0.14759414887580488,0.03129215342118175,0.30468651843252426,0.07436226999075783,0.07501482554738288,0.034311938687863315,0.04008436555770106,0.10518872890824797
0.10576752531593576,0.13461719378293793,0.09315151960387813,0.07888649178259143,0.07982025992546472,0.19631576113085333,0.22515026216332654,0.031313877830035135,0.05497710846497705
0.17760151821894588,0.12399117873697284,0.11679739402758038,0.07548838884476472,0.12072039265805246,0.14747762796373098,0.16614464483513955,0.02020556425560595,0.051573290459207256
0.08750254239344533,0.11524455661108479,0.10486512795708815,0.07211718331937798,0.1249679357764446,0.17818166780500486,0.09444192051987534,0.1059128471824662,0.11676621843521273
0.13997655548424634,0.11755537386390726,0.06908170105048393,0.07228520370359622,0.11826281793563613,0.07177837154737805,0.09115818797408841,0.2910848855748867,0.028816902865776914
0.11178556759050197,0.09263145936209015,0.11987922738009897,0.0381361499718984,0.09559296987258192,0.125379850792164,0.26896567413530953,0.013617853454953546,0.13401124744040152
0.11886937388547802,0.15271296928040604,0.10134342536433298,0.1986517060980193,0.09334494771078967,0.08442875926986249,0.08703720339533354,0.013671887156107489,0.1499397278396705
0.10304209628503919,0.11826198781281194,0.06849114334385868,0.04539570819483448,0.12995616596394832,0.10610124328713406,0.20915488093550713,0.044453734051000636,0.17514304012586554
0.12457320833131903,0.10861176692158514,0.11656281038588849,0.07514548751035731,0.09267868946572679,0.1644788276193355,0.187564159264105,0.005029707672446824,0.125355342829236
0.1897850980748799,0.1441319098328355,0.08622473636396738,0.21981322658379818,0.09752134378803479,0.1178350506894092,0.07411246668303995,0.02549959492839811,0.045076573055637115
0.17577399630369225,0.13616373994677425,0.09251432299717348,0.08594191342550923,0.11169679699270335,0.12190421963308039,0.08609001962659664,0.13431747553718967,0.05559751553728071
0.08140584202802022,0.0957322968435504,0.07430886711046257,0.08586704432097077,0.10613983316152258,0.08114982160157912,0.22957309594685446,0.20406310841737696,0.041760090569662935
0.06863060140868982,0.12576485886243582,0.10369345314422361,0.31010876587570585,0.09621878646672388,0.09692963895897568,0.06525516128161256,0.08662545175478657,0.04677328224684627
0.11546815601859199,0.12765713266454998,0.07157071807351378,0.058177441308522565,0.10363468428067064,0.1323008233658096,0.18999452097955172,0.0025555735363997196,0.19864094977239008
0.05996635457131035,0.13479926788101904,0.09888828278716107,0.0901021846517945,0.10304986810089224,0.1601748533702361,0.18236724482082467,0.07484986261782504,0.09580208119893692
0.2057667076550074,0.12514056736727808,0.07035727666216714,0.04934968994201631,0.10199421909326385,0.10733392910862723,0.22523703331874886,0.03493225460755745,0.07988832224533372
0.084027947199157,0.11452229258069013,0.07425756972827105,0.18653838038585283,0.1442352822632912,0.10170186376552419,0.10509919580216603,0.0716800050265397,0.11793746324850794
0.1833728235990196,0.12493686424610904,0.09410943730017567,0.08169948231868968,0.1216603773851223,0.13621679865460415,0.10178247242747829,0.06291752971490036,0.09330421435390097
0.07142488304715881,0.08320596788912685,0.20163030863199846,0.007063253458442539,0.11027313856181724,0.09289863765826507,0.05945933480151936,0.31677966169953803,0.057264814252133596
0.18875397951026582,0.12419923006470009,0.06874749454710954,0.12294410633885555,0.13990923776172268,0.10146449140502395,0.09764791425438961,0.05270192780537796,0.10363161831255475
0.08778030516639827,0.1413013700527791,0.04028749891912353,0.17656422155817253,0.09859863144946228,0.06642769988806903,0.32500862478583975,0.03005483807328499,0.03397681010687052
0.03263815498104171,0.08443693390809605,0.14702806186585968,0.006043069878598198,0.05990813788126451,0.16660283163925282,0.19018926541422018,0.19924651162929996,0.11390703280236687
0.10529161179300729,0.19897905150585116,0.16112552582705145,0.11879457068425296,0.10070076640746685,0.10176352367181102,0.059142881401436,0.0895840428539234,0.06461802585519986
0.21451346696697318,0.1708432554165563,0.0899598589364335,0.12503615281854216,0.11568926316430121,0.11144208726154142,0.08622085787436408,0.02837621772769641,0.057918839833591675
0.08462727393765535,0.0849578161935587,0.10516220304699087,0.04259020844744491,0.10229889621882281,0.17054227766328034,0.26421412214904044,0.01203532538194576,0.1335718769612608
0.11108605728748433,0.0675151490162529,0.26339480545765986,0.003086905234181363,0.0658402987948775,0.1336303997972736,0.09983543374443586,0.02966415537093059,0.22594679529690387
0.16172608575268735,0.14289482466569672,0.10660863988147003,0.08468936778245989,0.09651073010485077,0.10462106962947697,0.08594969369396228,0.14635723474648946,0.07064235374290652
0.11991310003133077,0.11221336707987865,0.06078594747907664,0.1467226043096639,0.13353063178296792,0.1126697324882233,0.07150502039914658,0.0777711660921216,0.16488843033759062
0.0749112223173422,0.13177360041569633,0.2619453148917946,0.010905145949253021,0.07989130705043891,0.20164242645545283,0.10479831531006056,0.09995774198010399,0.03417492562985743
0.1518166937568282,0.11929594562798711,0.07884963375170316,0.23561551073734735,0.1036660257578896,0.12649352067295314,0.04708013479500366,0.01469865396589013,0.12248388093439773
0.1802598146680486,0.15187128974466993,0.05429747574115082,0.28284923829234415,0.09130293217852227,0.13083945215590384,0.043159174278204704,0.007620394073682792,0.05780022886747293
0.09828127422959908,0.11503909955268643,0.10212246224027088,0.18347798114337596,0.10892741822800471,0.12803541861961754,0.06622645973433218,0.11580582439445242,0.08208406185766087
0.2321806360701736,0.12557953859408674,0.05782370579788263,0.12802297843148575,0.08811502875125658,0.10698105070606312,0.06248442844175834,0.015599411307118635,0.18321322190017464
0.16043934804046114,0.1571283385549054,0.09571521009318794,0.2627630524311639,0.08948906922564792,0.10072437665935367,0.08356958264606057,0.017983287303690962,0.032187735045528576
0.10687590325512648,0.1125015093493844,0.1683168518932415,0.09416811127595626,0.12493176918392256,0.1654744873162782,0.0634799302434022,0.038741915731686914,0.12550952175100147
0.07755828990416257,0.12551578040246122,0.10247133576829816,0.033709361016221386,0.0978167184230649,0.09041018116313183,0.27954967591789265,0.16157784651256274,0.031390810892204545
0.06262988481550055,0.0736406325896702,0.19670830201957815,0.01636742507122517,0.09322208054156754,0.12939175223060284,0.11800628692038036,0.028397798362383014,0.28163583744909215
0.1832615138960795,0.12294525810475222,0.11631957105543637,0.06841424251555477,0.12981852408663672,0.1040637016621808,0.1556736846152049,0.043328501016621,0.07617500304753377
0.13672592847943296,0.11968194007218384,0.10768725162646803,0.013480343706976844,0.08025703612172551,0.14471263254801403,0.17137777995770268,0.014064795093962225,0.2120122923935339
0.12401926389684427,0.15118214763586948,0.09395617828488967,0.1949568487618237,0.11329610664467482,0.11057411104173526,0.13286133033132463,0.02582207471353627,0.05333193868930181
0.11939760497944259,0.1313990639927962,0.09371921611208323,0.03405503808663005,0.11568622892785797,0.10635148239817176,0.1736775115313384,0.01661646314061113,0.20909739083106862
0.1292879037989921,0.14624487216750867,0.08483112963722257,0.1410952359562875,0.11079048184727879,0.2034739682369695,0.09331334308659021,0.026575421106292695,0.06438764416285804
0.09222105639464408,0.13914253815613697,0.16979493912525268,0.057971263239784555,0.11543519408520385,0.12085437809333983,0.08056407487267038,0.12592135061858897,0.09809520541437865
0.16325105879560584,0.1573447898396536,0.19938334926477844,0.0424414152892234,0.09241863010457207,0.11587987665931422,0.14400443024853013,0.032536807397044835,0.0527396424012776
0.12237815185046529,0.12147513735154475,0.08696924836401006,0.0967818611105263,0.11717205821519427,0.14420448402297717,0.07210225074306696,0.15910832062498423,0.07980848771723086
0.1360332762985247,0.12207436508322707,0.16054441764233499,0.11225062971015447,0.1176149455966975,0.1344957707759027,0.0837709774311491,0.02022660322779464,0.11298901423421481
0.10884918922517021,0.14043175466983382,0.09035835804039578,0.09670393335403936,0.11028983372178656,0.15742553192537398,0.15923618145228044,0.024176334760743087,0.11252888285037677
0.14405823750606322,0.11363065954889796,0.11976243006292374,0.06962157770511489,0.1290328688343296,0.09512975073358006,0.13055353555401902,0.155013566886986,0.043197373168085466
0.15682948266249436,0.13684378631952643,0.05694177003039972,0.1320021916820234,0.09293704100426255,0.09622769150362347,0.15474992469583618,0.044115054254614684,0.1293530578472192
0.08618016465738985,0.09384096720389225,0.07395248583532375,0.1703131175288537,0.11803347062032414,0.08383863585376279,0.048968411008934766,0.26560160923079823,0.05927113806072054
0.16422892061432623,0.10975351992202491,0.14927357993259452,0.08406373661371909,0.133288025996575,0.08790274575134997,0.09408302771168316,0.11216497846217433,0.06524146499555292
0.1136226039922269,0.14540902044832277,0.11436821696285404,0.08563057775349013,0.12572645173487576,0.09536029204818124,0.15973551287273974,0.018859435698977054,0.1412878884883324
0.1261052574583201,0.11522743519792865,0.16754310994367386,0.0812895881357733,0.10497727047605089,0.14531259696113438,0.09892646824465139,0.07898561628471176,0.08163265729775576
0.1700330136911272,0.15632288278570242,0.06553382653751258,0.12623181068535652,0.10543395471845503,0.0962115990000575,0.19690006088504294,0.02248189504161717,0.06085095665512871
0.09085656906701241,0.10202723037209065,0.06962373681933716,0.08070876670061014,0.09673128048233386,0.15304025123489895,0.2527506727217473,0.013446633557413218,0.14081485904455632
0.14783494139513162,0.1491821996994034,0.14858467385599694,0.1340870047860318,0.10807320340695747,0.14692036026485947,0.068577524242115,0.03276331494463733,0.06397677740486692
0.17187187467131096,0.11973232015588525,0.08295919265705796,0.06586135961128148,0.09873810108908898,0.14038862388787796,0.21470023653302608,0.010974071054943815,0.0947742203395275
0.06848808681318791,0.1028456036352281,0.05644262023012935,0.09759238931477858,0.09488735456868581,0.092253199176054,0.052236569910569124,0.30486341276961704,0.13039076358175009
0.14858334782077112,0.13914908060958273,0.10829199865286791,0.1005787724342362,0.11490819626530464,0.10683963774406939,0.06940120353364093,0.1413173696775071,0.07093039326201993
0.09436514380302237,0.11275676499558433,0.08434563638345505,0.04062503753102014,0.07897459769461862,0.15121691392373685,0.2931252142258555,0.006183851673465423,0.1384068397692417
0.11176558585108072,0.10210926307895589,0.10731063228813247,0.04729449731401302,0.10957662989896459,0.13758312372754863,0.24921181223443878,0.02311350560952569,0.11203494999734015
0.13948729283716518,0.12439786851356743,0.09947781523352156,0.08566163226639817,0.10890265369606607,0.0945805312622806,0.13452984823481676,0.15923089664975068,0.05373146130643346
0.19274693285822186,0.10282347057292442,0.06087213896600241,0.026268318535122296,0.10612053480242757,0.09945455321288278,0.038895745920135436,0.02088229363079101,0.3519360115014923
0.13458504941270852,0.1299567053089041,0.09270056451074422,0.09097185396718026,0.1281473293985976,0.14473608612979405,0.14343457841719748,0.03467619832781647,0.1007916345270573
0.1392713456684279,0.16729812348657466,0.11748265604078079,0.04590386768692543,0.1054108297333199,0.09567264331608234,0.10385416680727366,0.11974412849473214,0.10536223876588324
0.15149861705762183,0.13437287972987497,0.1255312938764991,0.14669350647571505,0.08855984533801652,0.10876308649889473,0.04173835708461069,0.009911195092881086,0.19293121884588604
0.09643337209071917,0.09231098070164252,0.14982285329457787,0.021010735767269483,0.0718569734878184,0.17480783102465644,0.07466242983847562,0.004704866801173051,0.3143899569936675
0.09694362918991668,0.12317900336481748,0.15199908828623773,0.0607390620558825,0.09258697709977111,0.09702685296775228,0.13884548506841377,0.16675670743199822,0.07192319453521012
0.13529784084139565,0.18405255444177526,0.13287735869658926,0.029474072836659943,0.08561379146326871,0.07769423143824593,0.2099853648315347,0.057376046892593346,0.0876287385579372
0.08318967871479237,0.09733513538607341,0.13150621730285586,0.02372347842546837,0.08985881700611692,0.12527111237914748,0.24938857494511768,0.1458948106314462,0.053832175208981786
0.0803912208154308,0.09229245278493477,0.03564959040136793,0.12009519011477754,0.10561588166010621,0.06940158500186822,0.11714876113240628,0.27053784915006346,0.1088674689390448
0.06804317019908586,0.09642534350415799,0.14405992372144483,0.08526103999894726,0.10944721019284603,0.0647511167804559,0.06872450387688166,0.3029255866194723,0.06036210510670826
0.18804933912460173,0.11320083782597275,0.05751129546279577,0.09690171483044491,0.10977701015448738,0.12853739822718327,0.2108866647498425,0.023972041397271507,0.07116369822740022
0.16806370001943283,0.13321618298721863,0.1434708143598462,0.08184270360957571,0.12398369422202087,0.1365625085468752,0.11830647814170679,0.06352498645831028,0.031028931655013456
0.05717496204499826,0.11433459476584557,0.10051669837701753,0.034699007308731766,0.13353020494598203,0.08205151594041259,0.31874103351216737,0.12422916932564226,0.0347228137792025
0.07018579970694123,0.11790548161967633,0.04438806843692835,0.19513705785244073,0.06737890530333684,0.13419165757569854,0.32199795045693014,0.01102389489605853,0.03779118415198928
0.11090369266177619,0.15264797003034378,0.051528623824775216,0.22385392726104372,0.08277141119698737,0.12284368251761264,0.05811142075283978,0.0011239019227171979,0.1962153698319041
0.11560446883750586,0.12693134209157822,0.12814758819547645,0.06314007556204927,0.10093614442436509,0.09584635357591266,0.10617244044121027,0.2284281727637708,0.034793414108131304
0.2064903294083248,0.10965092575438966,0.10699691165076268,0.022257755393095758,0.10544431788907822,0.13326386218261788,0.11149184615119856,0.08855796720324209,0.11584608436729034
0.11407807269051573,0.1307761243772627,0.08353410062234885,0.23290965401253536,0.10227343120029934,0.14517781036183477,0.0883101431156313,0.01766788524264523,0.08527277837692675
0.23863646890540138,0.13533368051913003,0.09721831102973749,0.036539904496425496,0.09874081055506462,0.08536388658612419,0.05756359913352127,0.05415814490851894,0.19644519386607662
0.18824071329334416,0.1557728499234132,0.07531918119613863,0.12269931160977414,0.11473846906849912,0.13983886885871763,0.06713029188153484,0.03536946018116437,0.10089085398741389
0.06994189920860316,0.09811044173878863,0.1894276998111599,0.021430665596596555,0.13184592138000517,0.10070717868555816,0.15579289321333675,0.0773762913963793,0.1553670089695723
0.1459440747443839,0.12661336345229737,0.09105932670382111,0.02548630553156379,0.07606428127675005,0.21125486575237384,0.15052515857229237,0.1127074880412146,0.06034513592530289
0.061187041688479736,0.07624036013274481,0.08775090708815404,0.042393762370597,0.07809636646935166,0.0965078170597737,0.03632456866950933,0.25844309769770984,0.2630560788236799
0.12086299158050977,0.13298526022599957,0.10958064637818395,0.027276911033232088,0.10509573143416333,0.11717441844895815,0.3053352769108467,0.03594650266912576,0.04574226131898068
0.08115852456529483,0.12223282589486906,0.26993963070118254,0.02070366727664438,0.09712999252682682,0.15324954812804845,0.147828031613219,0.04400767260024991,0.06375010669366502
0.18682843880631306,0.16285123620140168,0.15403739031875888,0.09624707949652718,0.08325529638524747,0.12783465674734037,0.038913994901419835,0.0029071982805250842,0.14712470886246634
0.11332916429881155,0.13049750359010845,0.06390549298499242,0.025034516027014824,0.0932605530099098,0.1085993573899694,0.16226994245230694,0.044450709666578964,0.25865276058030756
0.1272584573818217,0.09469199856319842,0.1604237789827144,0.147622891530965,0.13579307446497776,0.11802684529279818,0.10580005811529632,0.08722681627803035,0.023156079390197887
0.16160453380953568,0.1155027363951902,0.06304744932015373,0.09843286834611653,0.10460224823749842,0.09807952570581706,0.06396254976790669,0.22257948595360041,0.07218860246418139
0.20408330995311905,0.12767104487658995,0.10812914531110492,0.061781144520905905,0.1178325789526094,0.08274835415939104,0.06656437638751919,0.09676008709775509,0.13442995874100536
0.12978377559709525,0.13571111624404966,0.08135616948921516,0.14136967056610578,0.11579086276813393,0.12636113133056046,0.11011289746013654,0.08183161496858048,0.07768276157612286
0.11440429018044353,0.12997981082998541,0.14095524540547563,0.27748973211805245,0.08754100364078148,0.08364084558807648,0.03231591313373367,0.03894727698118897,0.09472588212226236
0.18172190172923033,0.16422838080005667,0.09266927211199631,0.18396753683894376,0.12397366253803006,0.10485442223304613,0.07091268281676223,0.06165797639178242,0.0160141645401521
0.05464247952563284,0.09818742151922592,0.11967808343061226,0.051400879554937,0.09534421897863936,0.11721592130179,0.09682637834110737,0.31747175850382653,0.04923285884422866
0.056053706613005634,0.12759473851862363,0.06296061629099768,0.10838769382753786,0.10231127491625812,0.0910348248602006,0.20649138797419783,0.09590494358923757,0.1492608134099411
0.08476068345689164,0.10654556614626086,0.08648396021195796,0.020232981535139846,0.07173609105975655,0.12111627378303869,0.16393425683240145,0.289313190634858,0.05587699633969503
0.11487770546060072,0.15532412417564148,0.06391677745412688,0.08666300789941939,0.10529599393524647,0.15340726865985355,0.12513013299379053,0.08774301873590928,0.10764197068541166
0.10711147425022965,0.09289147694047024,0.1060250043661604,0.010114300671994867,0.12440852391565364,0.133530206653503,0.1270296664349199,0.03389786742059157,0.2649914793464767
0.08888322053343674,0.11255190765121131,0.08550082602007053,0.03831217218974207,0.12860980588953883,0.2111884810001996,0.06726683282322694,0.01360936243307262,0.25407739145950137
0.11312284460177036,0.0908999155810729,0.06254238352305548,0.05213299230407903,0.07408163643165877,0.1272035564782235,0.06606307946598709,0.00163103590065059,0.41232255571350224
0.11418758452641388,0.10147160795122268,0.047744467195821226,0.09575456635011333,0.079308529751336,0.12664350145949235,0.1101338209009914,0.0004713209911720935,0.3242846008734371
0.1590904275348389,0.13356815381931628,0.17272661785196777,0.07743822450115809,0.121862861702001,0.1146651193477501,0.08149156539312219,0.07357638612866828,0.06558064372117745
0.1809692528596221,0.16688998549950348,0.10778966629342113,0.08691185072489789,0.10227446869779196,0.10293003401438662,0.11694174185728602,0.1120129582753009,0.02328004177778996
0.09637763458411878,0.15010741892135784,0.05985375420177147,0.02954134717901208,0.09144981532139788,0.1303945257675681,0.16872545754532756,0.006652176111082562,0.26689787036836377
0.09402094527253375,0.10450101824719991,0.18895926102790983,0.016490432051638703,0.1029080544223227,0.12113187142929703,0.1919182261333451,0.0947138655035314,0.08535632591222153
0.10379083599094868,0.09825976387768794,0.08059210337470761,0.01565368442389663,0.08364975870285231,0.11898063050273149,0.1035156425937885,0.034158443515224075,0.3613991370181627
0.062059231788309056,0.08467730517535162,0.25165872778424303,0.012455863927458713,0.08002223375572647,0.09611251744154707,0.2990972750806507,0.034058629536902495,0.0798582155098107
0.07858372368479515,0.12052472573581909,0.08482910622806906,0.11002540271607623,0.11218174724620385,0.11269378366953171,0.18570269052031896,0.12902105912892572,0.06643776107026024
0.17208690648784478,0.09424327948234945,0.14099137690458133,0.20823541321374664,0.05414694905002348,0.08062548821801886,0.17529668226999084,0.0023155345537109917,0.07205836981973358
0.09556079972975673,0.15232894319747317,0.19387686251987446,0.1259575980367589,0.10159308841855269,0.09919530600350142,0.0650210625477456,0.09631650692584864,0.07014983262048835
0.12734178676464397,0.1434590124638477,0.1682834762521326,0.08135031875182962,0.09795484264743957,0.1275612022122011,0.12788509331202427,0.053726763413908744,0.07243750418197252
0.07729455544221052,0.0879101332534926,0.1535472966034996,0.029287823434977035,0.08539197345903832,0.08101311240228669,0.14420460231603296,0.3203723174242788,0.020978185664183444
0.12389752259694799,0.09539450388113437,0.06885850131049662,0.1159506028214301,0.11127339944069221,0.0985896121558628,0.22494233327692462,0.03162589838592319,0.1294676261305881
0.06009600098356698,0.15082496053767477,0.2033193604326389,0.05919729277143973,0.081033816265195,0.11580829260421276,0.18110468903207613,0.0745348749231407,0.07408071245005508
0.1726600523383103,0.08960266730080867,0.08150958452559696,0.018000626715399485,0.10359506048296867,0.139624404426752,0.30016647411433606,0.00919992091258528,0.08564120918324258
0.2226059643497514,0.08995224843998338,0.1527379828677444,0.014482400916231495,0.06187832549358896,0.1802788932653807,0.13854067459224043,0.006130324293305023,0.13339318578177417
0.0761120742487168,0.12994030427088046,0.14191246627438925,0.04410025392397703,0.07508580462886234,0.06425875953351255,0.05139053695958936,0.32042338118201324,0.0967764189780589
0.07834404507787028,0.1105864938181772,0.07156813886970277,0.11942400368687124,0.10122935912383768,0.061935266592374416,0.05382162392795412,0.3802735112753564,0.02281755762785585
0.082898290055583,0.11595630848190101,0.11160210574608524,0.14766829536313655,0.10960275293885806,0.11044962524376721,0.1104679694044326,0.15296844736175677,0.05838620540447959
0.0957936336215205,0.08654406919100317,0.04153224204661259,0.09136533608939577,0.13072759257600566,0.10225764764365804,0.23838569696282175,0.026858493893315755,0.18653528797566668
0.0834350010373166,0.13058361025142765,0.06199520507779276,0.10197879667391829,0.0758229058946351,0.15655058644596676,0.3563650599520564,0.005200086348883405,0.02806874831800316
0.038816695223218824,0.08731187316573441,0.08832420503067777,0.03232144743806371,0.09826824536447086,0.10727026074694129,0.3180266222494075,0.20889238001107793,0.02076827077040781
0.09490538096886068,0.1319327305153256,0.10107532417358626,0.0421745081888431,0.08837782727929511,0.16668290690806734,0.12394073186674771,0.025264828433247427,0.2256457616660267
0.18666954078515285,0.1542907921287529,0.07752782240230545,0.084219360745363,0.11078504214591596,0.11881603909667941,0.13769242338022336,0.014384982317076161,0.11561399699853092
0.0904279388443212,0.09338063862623684,0.10948030482047337,0.06452455998424922,0.10896620804570828,0.09334809389222452,0.310737778277979,0.018468814388791912,0.11066566312001563
0.14864174192474186,0.13091146799852424,0.07151557109197655,0.0879294265260666,0.09996364152468568,0.1320174000679923,0.22452004282501367,0.007894341365766682,0.09660636667523233
0.05509398530445927,0.0918914325004324,0.22911097704554637,0.033650738470445744,0.0900559861756925,0.0952557573234483,0.12176352053170504,0.24153821376329063,0.04163938888497973
0.14814899810611873,0.11025221847880629,0.16827783432140717,0.05321176771054668,0.1053408617788932,0.16014200463155262,0.06688735246266406,0.00964224730289688,0.17809671520711431
0.07952275701750006,0.10908242681030215,0.09268472388155806,0.11776445657743,0.10729398966128705,0.12246708684270517,0.1558365298227465,0.1220274652346926,0.0933205641517784
0.15208646847776788,0.11805590513690334,0.07864417759992319,0.13749397454346293,0.10835176168293335,0.08096205191477678,0.13835213239891953,0.11188272412833943,0.07417080411697367
0.0944850642334718,0.10761146345076922,0.22611657815975938,0.045283152468147896,0.09003419540463865,0.052658133332368795,0.04355296897591939,0.15912451666302477,0.18113392731190006
0.08996658969452886,0.1330373175422769,0.16502221559424976,0.057564060481169556,0.1144724621515516,0.16222670513288204,0.14395109314619797,0.032839434855190926,0.10092012140195235
0.10260945620451507,0.12273946330609643,0.09045755215941985,0.2045695317666546,0.10057725071864765,0.07631048152173771,0.05312034396733616,0.20611814564503658,0.04349777471055593
0.0716599011678165,0.09821958837137845,0.13354368803012281,0.02786247245513568,0.13676358686720433,0.10620370563590735,0.13880163763837705,0.16903612602014562,0.11790929381391214
0.11507075910079696,0.12950729800752478,0.06134273539147412,0.14114990342238706,0.0934494430254173,0.2337870333056796,0.06856768335420677,0.02931056498882786,0.1278145794036856
0.10708661903621741,0.15344706443384315,0.2085613541658421,0.022738357499311235,0.08372297965639629,0.2281293841379436,0.12948758722285456,0.0285470279996337,0.03827962584795803
0.17713145200515634,0.11691104649748867,0.14949017779022347,0.08642042718690346,0.10677526608786857,0.12225896612485306,0.07927319520902004,0.04006308596881804,0.12167638312966832
0.11816916421265551,0.1496015669978945,0.09815884192468267,0.12972517221393606,0.11633501525153406,0.10672049238001909,0.08591264690615898,0.128646480361959,0.06673061975116011
0.11283313428288738,0.11459779362858669,0.25113421109045303,0.1116590118857446,0.10752820421634635,0.09231489097969266,0.05495627800444077,0.036704914067527614,0.11827156184432092
0.06553249734768626,0.08543575906691052,0.07493950539540355,0.027912632010013483,0.0754251543438455,0.1773963922744233,0.27240806884093977,0.07164710616540247,0.14930288455537513
0.13349803471756916,0.1411388942514982,0.13380311067433967,0.09242060084166387,0.14003698967777511,0.11609987284648769,0.09809750329053113,0.11497651677595384,0.029928476924181362
0.19127032768095228,0.12148729273479726,0.07492972532181182,0.0926498014514372,0.1011935849156071,0.14265248156605922,0.17540615954434144,0.01739227018201653,0.0830183566029772
0.09941806676442504,0.149128595311258,0.0866097965988799,0.06152168564799224,0.15795589366073062,0.1301647564824767,0.10206501362707321,0.07092555510567496,0.14221063680148935
0.13920644508098737,0.17595232659260215,0.09714543704493443,0.15035422227594136,0.08829679414044633,0.07704441090119889,0.12357661857536488,0.112463359852437,0.035960385536087644
0.09625641354803671,0.08782971968601405,0.06007451131835972,0.08350163115536796,0.13570986145258065,0.07662854680813429,0.1684845833309836,0.1801674852720602,0.11134724742846284
0.1842871270842209,0.14208197813737278,0.09665100215868634,0.028481763267342742,0.10851987471557274,0.10562662660227,0.14147895286094306,0.12253486295102156,0.07033781222256998
0.14216217587062407,0.10441801212197017,0.07689365876545827,0.13689982154972632,0.12001703295397294,0.10427105444864665,0.16656552381537834,0.10522085486270505,0.04355186561151825
0.07780708422584312,0.08061379363961504,0.10922909792578678,0.06378698248483079,0.09876679674885447,0.09085627911141302,0.0631123984005243,0.2684620459526725,0.1473655215104601
0.11387609118550791,0.10534097375686909,0.08786816460625563,0.1068597733128341,0.11446681619117383,0.08492391226725347,0.09730138547243683,0.19567702060473527,0.09368586260293393
0.12155197197915084,0.12937799277598797,0.13735617969211078,0.20403121765020726,0.11776470668346432,0.15869648995314145,0.06453294689306117,0.014940872197004962,0.051747622175871304
0.15548949223775899,0.14350890804505168,0.09022870058789095,0.11370849752621758,0.1490462117318927,0.12995599624601695,0.0938702714808501,0.06692819716558689,0.057263724978734075
0.06711699771983254,0.11893982683743959,0.11048700667490273,0.047603980838599985,0.11617592050665233,0.13692296123959835,0.25429596329610793,0.03714292385858524,0.11131441902828143
0.08355526460470085,0.13468387831119522,0.11246957918140499,0.06527108603813357,0.11819599406906522,0.11629310615498405,0.20026015021204654,0.0970438105428048,0.07222713088566486
0.1523148446728284,0.1396441730263986,0.07925192887946593,0.15043266829608645,0.10512696770282341,0.10060357740288978,0.05246077727578311,0.044084377006533115,0.17608068573719116
0.22460867859094313,0.1570059140112879,0.05908741695824849,0.18038580003613236,0.12405986913330486,0.08755342852305902,0.0488014873698479,0.06243481043366844,0.05606259494350785
0.08871844851121885,0.09152522579989071,0.05626774154781145,0.039038904257961,0.1316166712287851,0.10146837857863474,0.262249159020351,0.11950143137120671,0.10961403968414042
0.12832360224365844,0.16465430476343068,0.060223684779359486,0.21846850301960385,0.09645900320585822,0.06387023894941904,0.059815712736414374,0.12276044075490684,0.08542450954734904
0.0883358664985723,0.10175067690624058,0.16189426962961642,0.03598957980958293,0.08031627984100413,0.14602916983088746,0.22765669240585104,0.11935274253972432,0.03867472253852087
0.24578140899193746,0.08653367062290356,0.055155497643241645,0.01574093997597655,0.10175391213490577,0.1464869999350508,0.12034105225560754,0.16389656521214577,0.0643099532282309
0.09070117206925354,0.09360540889614936,0.29099082179895214,0.011063152372035067,0.09605385331563826,0.14591227128623221,0.06595272058532989,0.05878413743602585,0.1469364622403837
0.1392418480045652,0.1786266840210252,0.168934138359601,0.0880392581024207,0.10351670858956497,0.17200400286764247,0.08335077564082566,0.003816170393661796,0.06247041402069303
0.13161405429850123,0.14641392744923945,0.16749761416593237,0.13345359206284815,0.10523144293528904,0.09661493859472224,0.09611509763140014,0.06393370350763954,0.05912562935442786
0.1204261022283245,0.15797731429167114,0.09138046137362126,0.3085773310364566,0.08905832746398379,0.08800619702965871,0.07357054641310012,0.027040765276819274,0.04396295488636464
0.11561962098231228,0.12776273164683455,0.23243276519301123,0.08051603335771639,0.09306279571502935,0.14620993576410343,0.08904942336504935,0.02724911305039156,0.08809758092555187
0.1903310658572469,0.10589262483874008,0.1121259654748335,0.048312424823606065,0.10674879081352699,0.1456719051069762,0.06286783679988496,0.0038430558122430573,0.22420633047294233
0.16609608664462736,0.1186969850431492,0.0763344928150519,0.016565057098451588,0.0674723983583045,0.12881337449484778,0.2672991200126101,0.13016224999544865,0.02856023553750905
0.10448591609918774,0.10694014485201252,0.07951518402733489,0.0584182127165078,0.10837870226898898,0.10998719621242647,0.08791944476045511,0.30133852822487467,0.04301667083821184
0.11600547491727335,0.14389657360803526,0.05384022423762349,0.2777357388133434,0.09831279343411274,0.09247182781607932,0.059400565931116,0.06488094730165055,0.09345585394076589
0.11384345580269918,0.10006005196064727,0.05401277622519346,0.1954235221229832,0.13060439913692676,0.07060703946646947,0.06205164892000037,0.13480119346401323,0.13859591290106713
0.10889004415831173,0.10424272084422333,0.051280871757501734,0.1023365896479898,0.13721660793166005,0.08459724807013674,0.08964723289278786,0.24108266089399735,0.08070602380339147
0.09934477420771502,0.17513917646037944,0.03945615793084504,0.07397471616638913,0.08844245536703561,0.15404356714609568,0.20305870083471955,0.0032334759322241572,0.16330697595459628
