0.10283954823252621,0.11976968536472982,0.10623104193291628,0.1264321722741033,0.07912800506281473,0.0995697234401457,0.08040935713643028,0.1566806734101697,0.12893979314616397
0.1612221806356854,0.11640122256307318,0.1248407382484058,0.10688971961815706,0.08499829998499081,0.1222837414299519,0.0955658810380725,0.091622526634063,0.09617568984760039
0.11821950715940006,0.13663415855575387,0.09527503255498015,0.14312205936414474,0.10626242474466345,0.12184479359460587,0.05292214086317234,0.07668292370774941,0.1490369594555301
0.1779672646145877,0.11860435213810729,0.08404747471587638,0.09785862427915497,0.19545151125662144,0.09004675295935131,0.05530283490277457,0.12779026972934118,0.05293091540418506
0.09506512374205428,0.16554928431320506,0.13121147498801936,0.049222708968412326,0.08183442726159046,0.14288699532269566,0.09125087120550564,0.1142776668800906,0.1287014473184265
0.08102611192212902,0.08374949319521889,0.11027350448955829,0.22565647543380848,0.23315683703928505,0.10466628710337489,0.03484366890901609,0.07194262421873833,0.05468499768887101
0.08349870771518202,0.08531079317501399,0.08415673607292852,0.17430505565446044,0.07223067664306708,0.11222998102335524,0.13192829374708834,0.20201222511381478,0.0543275308550896
0.0729179571926299,0.08076937252062971,0.08715108986267937,0.13245960221377465,0.04502788573605995,0.08883596966067132,0.22824176656257014,0.15527476951619287,0.10932158673479209
0.1194696485890866,0.13080555622597964,0.08524681160736176,0.1877932997791809,0.0912310990823701,0.11398168663176306,0.07059903909784165,0.15385815686990614,0.04701470211651016
0.13893390026365768,0.11998886193909664,0.12236785484948702,0.12127881224832714,0.20583965559808926,0.11264407212102362,0.06188556461768446,0.06187552887734273,0.05518574948529151
0.19635212777294073,0.17816892538682286,0.13695224179808851,0.02791008594618352,0.059734848123107455,0.09455426077923068,0.07145977203232164,0.05823799158597151,0.17662974657533312
0.1324543931254434,0.10112411707339208,0.08294364105014167,0.09648200518402116,0.031807928640778534,0.08937501698296008,0.14187934337194344,0.17828444759950127,0.1456491069718184
0.07506445012181082,0.10017386296718472,0.1016029589176005,0.12131076771043559,0.10315345592124664,0.132051491555224,0.12205933495178439,0.13108844992384072,0.11349522793087259
0.15961406958383664,0.11249185849544263,0.09663349449861595,0.05341099472366434,0.1662001766158173,0.1255339658558326,0.04948934419185391,0.05241698482389733,0.1842091112110393
0.1490222750316911,0.11970325490580198,0.165787624400019,0.057200124975416135,0.135725934439764,0.11982094279261772,0.08943550815995295,0.11821562902703457,0.0450887062677025
0.05746711437773972,0.127843568507042,0.15797615868087517,0.18152391951621324,0.256831975091572,0.09691862911902495,0.02558705066498196,0.08041941280337474,0.015432171239176173
0.09034024718761736,0.1552899479723996,0.1389382944945784,0.11555561203614868,0.16886273533091825,0.10890452691870943,0.11313745717706082,0.07222780589532651,0.03674337298724097
0.16444359226017868,0.09073889921140392,0.15394568946450682,0.236859764241362,0.07183740386492478,0.10808248545603495,0.048206260783890016,0.10091606141819733,0.024969843299501433
0.17098675229200586,0.145804310842838,0.10672595662819699,0.06264924475290584,0.07800258503277228,0.1341400994144274,0.11425947054125389,0.14297639247864233,0.04445518801695746
0.10555186861537576,0.1165749696335338,0.14457367112842634,0.10415802266743394,0.067729287294531,0.11335215025788731,0.12290969929905778,0.15820792805587003,0.06694240304788407
0.18958652651515154,0.10384825150946055,0.11105969548811671,0.12141893226584659,0.11753383602431196,0.11942197491555266,0.08060653755310493,0.08675109461150439,0.06977315111695066
0.13958618100570594,0.09259138344874136,0.08878115135873843,0.06878883518450837,0.12550778118911496,0.13185768827111177,0.16789531784592202,0.1113365003819381,0.07365516131421912
0.136157246486812,0.15239112537178692,0.1203268401462308,0.10987267908083932,0.02805059758869745,0.11505808761160252,0.18469016238772462,0.09746048662336386,0.055992774702942616
0.11928334617023205,0.08384430365056988,0.10711528898669191,0.178293144685115,0.09045184722355674,0.09582894439489588,0.061122497354232745,0.12325951375359308,0.14080111378111285
0.09009725347577047,0.10398281415605458,0.10829055959121531,0.17899115251724554,0.20408165697171102,0.1228914900224916,0.04523297451649591,0.09395591866889225,0.052476180080123384
0.07097440674948773,0.10760523677854332,0.06914756208019408,0.03950095609674847,0.07596044281027432,0.09799503963330251,0.20687569104491974,0.15395734620858545,0.17798331859794433
0.08367427534232152,0.09955434965104588,0.14497285424939618,0.14269041071366176,0.133981480577,0.1394656052729577,0.13896471206128433,0.07291832576889644,0.04377798636343622
0.14546558393549636,0.12624956746280944,0.11733893132827929,0.07807517445379934,0.08251907256681142,0.1496739230175276,0.09501794102946914,0.11776382148569157,0.08789598472011588
0.135118075187717,0.035281237619971394,0.10055718495041305,0.1877928750612489,0.20679612674924566,0.06560376425150084,0.08252362555963984,0.11837912079719336,0.06794798982306988
0.12168072244799033,0.1216076751359761,0.14771154860282454,0.11762763190926888,0.13370034233711336,0.11291158328329796,0.06796366108998116,0.14262104357375902,0.03417579161978867
0.1512673367876314,0.12133125903862148,0.10614133050516651,0.15395495659249633,0.062351214792866864,0.12606474767337097,0.1360545855604902,0.11454583796930218,0.02828873108005399
0.16342626863169632,0.09842188680157456,0.1041954009032478,0.059108786461636836,0.057715686439020725,0.13300269040267046,0.1342479339639823,0.12077136532909277,0.12910998106707824
0.11700817560184741,0.11161058077566055,0.10561378335658882,0.11348004852009264,0.1411127672229073,0.13410004344535298,0.07263382270276791,0.08528181589229372,0.1191589624824887
0.08474976379954557,0.11216707891105332,0.07240796913258883,0.08411105301238053,0.1446862275604311,0.10917815074883781,0.06723399976091556,0.11109710734787037,0.2143686497263769
0.13286931575842467,0.13463040314160668,0.11374005346764149,0.12255514019182102,0.06702824423831615,0.1134639059153979,0.1382436088585138,0.05923313744876424,0.1182361909795141
0.14031976411285238,0.1646825915796686,0.06914348668352345,0.12477001124402876,0.048754581381297735,0.08104822407983515,0.18864805507336915,0.10301458014412375,0.07961870570130103
0.14812000158877944,0.05140557952976477,0.046736868286053834,0.1265819174704325,0.3588390938974862,0.0576682011733084,0.054973223641279205,0.0814301038986892,0.0742450105142065
0.15269752351654434,0.11860225179309207,0.12109526834195171,0.05823913149180029,0.09514988127884398,0.1344965367665329,0.11369194402155665,0.14603171958366087,0.0599957432060172
0.08215942171517915,0.09672724144640125,0.10629102446462485,0.09518703328918304,0.10023467053491507,0.0779719569812398,0.0733031200560779,0.17030511992620864,0.19782041158617036
0.09833665387228936,0.1299422587715604,0.10942757038093336,0.1582454863647351,0.13452848935400866,0.1144701839210683,0.07983360674006144,0.12488844732360843,0.05032730327173501
0.14948613548122688,0.08994366497217342,0.11397512967025762,0.26073359467945634,0.201552062105998,0.10888824247649347,0.0311488825061062,0.029052644532836267,0.015219643575451872
0.12839081942753497,0.1352633820959622,0.10774605839609948,0.167949305318616,0.09290536401611856,0.1333212698172145,0.08750874170389829,0.07498566116578459,0.07192939805877137
0.09814512326633795,0.09299602560090368,0.09647637013672199,0.1100617332112412,0.116507674521234,0.10673190620676247,0.08100146230098322,0.1802747244988291,0.11780498025698644
0.08595827214334784,0.04094614521643444,0.06294394389445294,0.12043937748733657,0.19809524185021402,0.04123406179935403,0.02549761609372901,0.1190749343097222,0.3058104072054089
0.18985642219215396,0.14779676099780292,0.1496848985279138,0.08423602264341828,0.08317848015941408,0.12436618872119583,0.08076651671878399,0.10732351072753177,0.03279119931178531
0.15378222339094774,0.1320051295364963,0.13434659622390274,0.04773338545965581,0.05066521586526707,0.11623333792985452,0.12539024009700062,0.17594820134554415,0.06389567015133103
0.07302764069852687,0.09141826440799272,0.09989152606730718,0.2997125135150825,0.22535342053965923,0.08020929293536967,0.02557782260150707,0.09185859734242607,0.012950921892128675
0.07340319915823713,0.09821159957918296,0.1121367395675386,0.17889500382197002,0.2539075088679233,0.12149269650116053,0.028359287127138436,0.07187522903412713,0.06171873634272195
0.08008498094004972,0.10882273710500538,0.08915647466441858,0.08415536153394487,0.20382970123063773,0.11547678186659051,0.11017397430896768,0.0690507530309098,0.13924923531947578
0.12293147098147687,0.11874015542628169,0.13395096378571328,0.10233924954916675,0.09918674989655514,0.13678384550783884,0.1269288558484896,0.1161019137876244,0.04303679521685355
0.1558967175191173,0.1056972845050495,0.07691174736725116,0.0598340471940749,0.12187873527670856,0.09110855981720085,0.08274380865185468,0.06055399643045659,0.2453751032382864
0.07731500268434989,0.10022996755389668,0.22295223431807873,0.03898486603714032,0.1066696748304924,0.2025160749924845,0.04818330061505044,0.06278635406625892,0.14036252490224815
0.07973335275803378,0.07942072161551456,0.10068238576407627,0.12111265698039371,0.1402995385054713,0.11758994995232164,0.10581331883005235,0.1020241254418817,0.15332395015225475
0.12191442415456734,0.1045536232408311,0.13344543009076523,0.0342213440471368,0.08858819351513554,0.13706502655846955,0.08548602613642649,0.14540254857845133,0.14932338367821654
0.0665779803318648,0.12084466285126177,0.17388115036731464,0.1677749587074345,0.11449802430255429,0.14622827025823823,0.06453418032372789,0.1265930340734138,0.019067738784190127
0.22133826864007808,0.13823046769439648,0.14583990012846101,0.10107934701703862,0.057248072542375704,0.09325495580858327,0.0801844823436366,0.08043384693252355,0.08239065889290671
0.14669532065140642,0.12855496402932468,0.103070327359896,0.028141951801708056,0.07792097341023918,0.11898742711691512,0.12742295257727695,0.1280279669763693,0.14117811607686429
0.09438178446628043,0.07469328263821677,0.10522906301743024,0.10806596077424103,0.3194184585603794,0.09525031768081688,0.03448877008377342,0.13147238864436056,0.0369999741345012
0.09553743876683801,0.0947492485073189,0.0942564155028477,0.06469332388237724,0.29105934508253456,0.10288611757528891,0.07550746216616565,0.10792888600481605,0.07338176251181287
0.1285715043573653,0.12592182148526895,0.11040549454541326,0.07377954472496086,0.15389061792847555,0.13031987495067984,0.11435303271635033,0.08704016883126077,0.07571794046022509
0.13291656571542873,0.054898899922775614,0.09233578973333227,0.038157496826657984,0.20592017025374112,0.08648738930545212,0.03614900427681398,0.10160887313850976,0.2515258108272884
0.11958947916812007,0.08134253260954626,0.11671910610101799,0.0814751744911379,0.10162184814710538,0.10901472075343942,0.191305519155621,0.11948381247710634,0.07944780709690563
0.15505606837628905,0.15912085442881144,0.07638696086707787,0.1910867680367662,0.1173809273937491,0.11359276290243936,0.060390880344066984,0.10204725734072208,0.024937520310078006
0.14831297252196374,0.12840840961674263,0.14178539462674394,0.09993798220325124,0.10398192374269337,0.13619190571426312,0.10113725863729073,0.08161002758632262,0.05863412535072849
0.10073119464869505,0.06678425082153698,0.09716105062687075,0.16403986834733872,0.24853334414677022,0.054203781515610255,0.047737782357977106,0.13226859869346205,0.0885401288417389
0.1289202824493658,0.142035302432172,0.08040815784765526,0.1264639717787357,0.13754589877006623,0.10708942257316334,0.071212122704311,0.07507086869348957,0.13125397275104111
0.12630846475162247,0.13280486651936252,0.12431139169712031,0.07168834595819452,0.11379868851943449,0.12976587174880497,0.09708121976021457,0.15496330595801794,0.04927784508722823
0.15163306517897832,0.11566400127490173,0.10590989788551057,0.03737731709381351,0.16972003162410268,0.11543777295037101,0.05952947335688754,0.16117481093976058,0.08355362969567408
0.12423731817625729,0.12590564627624704,0.07911337325458735,0.0408464351810939,0.03337092538048403,0.12340041526916216,0.2779087931191288,0.07729457900112176,0.11792251434191775
0.08301209837800472,0.11541671282973133,0.14389635098843195,0.25902261216868794,0.08240880583304704,0.10130485152729991,0.056759036004267745,0.13670814950752566,0.021471382763003657
0.21550765884756115,0.10926542950994785,0.08528941608367065,0.14779620927339185,0.1691081253932224,0.09819099991892787,0.05274971685116415,0.10796797713032442,0.014124466991789694
0.11617154886997412,0.11351334392425001,0.09633884743342282,0.10000793116319905,0.2209462556417449,0.10695179502684672,0.07134623937306837,0.11097168598094864,0.06375235258654537
0.11480452499286731,0.09613464387167463,0.089933646149293,0.15854076204007775,0.08897281229111022,0.1107737331178064,0.08291643039628215,0.1045799828136164,0.1533434643272721
0.07837356315538528,0.088777810757811,0.06459824011808706,0.07909215213536877,0.13557887436382524,0.08616458523648234,0.20590892941698258,0.1777350373250297,0.0837708074910281
0.1752341169932784,0.15320048626703464,0.18798984924792939,0.038168283368989565,0.08359767949287183,0.10803412795488208,0.10102096084768504,0.09251494405026091,0.06023955177706813
0.14648837308335202,0.1252398694450294,0.12343884315846275,0.037056080823213745,0.04654393648669675,0.1266365725400187,0.10090135214130896,0.14889710344862375,0.14479786887329393
0.14877227889880915,0.15083970108215092,0.10706356730109061,0.14828487315214736,0.13731694220202137,0.10056470960293769,0.056454541560135296,0.11630541910045596,0.03439796710025168
0.1404533393873795,0.18468995414131714,0.11996174257820191,0.09364781510556779,0.07819877676174843,0.12776159329465475,0.11899706363339461,0.07673482473786729,0.05955489035986855
0.15639992622780016,0.1589014940305516,0.12206211399147364,0.08233771913379019,0.07821365980338724,0.10815366972326658,0.1074873835037441,0.15491482050950703,0.03152921307647947
0.1305861574491092,0.18371336690975704,0.13962820041934584,0.04568565612552827,0.08842828225294137,0.12882660486285044,0.10534103193150766,0.1286732594399028,0.049117440609057296
0.11089666452697405,0.07442146691319954,0.09590862906066616,0.0729891707896994,0.1530484196402722,0.11843335520712032,0.0870210326232312,0.11708320237157038,0.17019805886726677
0.10719064801500826,0.10762643081626837,0.12775728666248798,0.10035627806459951,0.1477919306153959,0.14185502941353725,0.052384334634676545,0.09411628454083365,0.12092177723719251
0.14043826582552996,0.06235837195248297,0.12431362537281498,0.3105503653006143,0.04223362918372239,0.09225133155488612,0.11808635861169015,0.07243336114660119,0.03733469105165791
0.2193039892933759,0.1463005781492646,0.22736340774737607,0.10886585197404113,0.02348181160597002,0.10221750671781216,0.08056608155275279,0.05949125059634582,0.03240952236306151
0.07917868658522254,0.10128138734297527,0.11171735983857185,0.03485931148558646,0.1182189071908336,0.12433327912017093,0.17937121177663387,0.15756011680617973,0.09347973985382574
0.11526728272995777,0.10039864930413274,0.07955506406637626,0.15056648652527344,0.06880768009844311,0.09610997012321165,0.15989748788016758,0.115174267296955,0.11422311197548252
0.13607527286856683,0.12232584724900623,0.13000343106254805,0.05994663922975071,0.06231210709948235,0.11697958894330875,0.1222769535166728,0.2011136600248593,0.048966500005805
0.13109998483216126,0.13055695723738694,0.1110379655769393,0.034310635180700204,0.159679548127321,0.11214454708327282,0.09935223853213256,0.13406774584665015,0.08775037758343575
0.1746355322940656,0.08718961086553799,0.0831544367568547,0.2549604964714027,0.13440471349827585,0.11106122729820878,0.040323902638886695,0.05323065043706212,0.061039429739705685
0.14700647512554768,0.1146308114965285,0.1257412088593103,0.08976373862964453,0.04252414633397846,0.12271515095024126,0.10895985949835711,0.12407826052141568,0.12458034858497648
0.14391959563190748,0.08926221218031001,0.10316460376130815,0.016420262221701492,0.04170641978471412,0.11398160615609577,0.13549920209858382,0.10276712427865271,0.25327897388672643
0.12058566018275153,0.06847183327631727,0.07643644082866133,0.059939891757697865,0.08562247565318888,0.05188289005568458,0.054773728301257575,0.11873349985860905,0.3635535800858319
