0.10003225186088148,0.14603804758348035,0.10602536299925731,0.2349172301423578,0.108526666664152,0.07873079017355239,0.033721727772576794,0.07891851789081901,0.11308940491292278
0.08645262887786109,0.10213522109012392,0.10087151813045432,0.08912846331851842,0.1115929610368684,0.06976048827981318,0.22098203156788254,0.10476978966687285,0.11430689803160526
0.10003225186088148,0.14603804758348035,0.10602536299925731,0.2349172301423578,0.108526666664152,0.07873079017355239,0.033721727772576794,0.07891851789081901,0.11308940491292278
0.21033855284819716,0.06400978357707876,0.07019579631617878,0.015884112245900087,0.21599671350143868,0.07336579017476742,0.14899354975722903,0.12767163249195365,0.07354406908725648
0.09025210004905489,0.14321266093917587,0.09555970098046747,0.1741313013046388,0.11455085953930788,0.07038578313817888,0.11272945779920711,0.08504617445094159,0.1141319617990275
0.10170544813248805,0.15149114097655259,0.1131923916776183,0.2144816687109935,0.10831400670958635,0.07850486388965365,0.031804813704695595,0.08283410626808604,0.11767155993032595
0.10008483076747295,0.11566390130535975,0.11915638926559981,0.151707686913089,0.11747905444584471,0.08028246701918697,0.08947881237340755,0.10348717603625528,0.12265968187378408
0.10182838802379846,0.15194145790462288,0.11379863831437032,0.21280695075237707,0.10829310664062271,0.07849942310788316,0.03165773541096802,0.08315327758690366,0.11802102225845368
0.06621603396590887,0.12148847767186254,0.0651158701744517,0.06698453942515097,0.10287530027534081,0.05442237301202158,0.35378658759962117,0.07446530889895098,0.09464550897669148
0.11432161356027282,0.12859820070154718,0.09833024620480202,0.16932931356450723,0.12174611907015624,0.05995220163852589,0.07882674024721614,0.109137610873219,0.11975795413975353
0.10003225186088148,0.14603804758348035,0.10602536299925731,0.2349172301423578,0.108526666664152,0.07873079017355239,0.033721727772576794,0.07891851789081901,0.11308940491292278
0.0993740248299823,0.12575757246355182,0.11112190154543135,0.194138422409046,0.11477955662093244,0.07857382879017076,0.06703491693279261,0.09124019536924266,0.11797958103885009
0.130937600121704,0.11119113597999002,0.1204291683877005,0.1593840727726947,0.12222392151646504,0.06704101558614825,0.03700481102970966,0.12398814412661176,0.1278001304789761
0.11821625114832972,0.07460555933470309,0.15509521879233967,0.10197075440868718,0.14259718462038254,0.09408516803050708,0.03946078748050912,0.129033177148506,0.14493589903603565
0.11364773872002278,0.0902941067898656,0.13146518918371405,0.19240926142062476,0.12773851640332243,0.09051500091823689,0.03714184043148341,0.09806296988850093,0.11872537624422914
0.07105429691903507,0.11849882627728699,0.07253367681047655,0.07661582431791703,0.10240704689084067,0.056828804892403606,0.32212779038096356,0.0810982444810218,0.09883548903005468
0.10184977105996125,0.13717628629460465,0.11015543369610514,0.22982047204278075,0.10975871083707563,0.07966329292801211,0.03490193072304511,0.08211089425750474,0.11456320816091069
0.06127930649503083,0.11452923783724356,0.05706562430319053,0.06310023697921836,0.10320022694216235,0.054313532789714465,0.3902856650827758,0.06679542805589629,0.08943074151476786
0.1176168647817158,0.1311849819942117,0.10208202597590926,0.18927470878258998,0.1203667512759173,0.06187516532764006,0.05447092116881499,0.10321552052857845,0.11991306016462248
0.09690777563524684,0.13949992123126795,0.10539693625594378,0.2016036844663366,0.11321525496156058,0.07613620160881601,0.06467133400547807,0.08612716095452648,0.11644173088082364
0.09595609975793402,0.048955674514990825,0.10939219984624614,0.03352937146401535,0.1317952678339331,0.0819950999301721,0.23962885893184027,0.12596810000925113,0.13277932771161693
0.07189218922905075,0.10778751597780867,0.07212650897540816,0.08682974451588739,0.10215791981587896,0.058744821756830136,0.32205520067711674,0.08087122990340936,0.09753486914860987
0.09808876424311429,0.1468193746385226,0.10457679509144724,0.22128232403902173,0.1108993727538669,0.07715194449173808,0.04544458868098796,0.08120470252221314,0.11453213353908796
0.11922330106632828,0.13587286784859232,0.10705343205154054,0.1709002958773139,0.11997829513951751,0.061205521575194786,0.051316201836039715,0.1102329686576992,0.12421711594777374
0.06964604992277545,0.39500386698890794,0.07089120910466608,0.10764491914608339,0.08826584102140328,0.07113896928870879,0.015924736440273524,0.10605961137501319,0.07542479671216823
0.11709990047185463,0.0722755420046222,0.14270517494928878,0.15501801663363537,0.1382076294307385,0.09728028837124642,0.043855532051911665,0.11116894069427914,0.12238897539242331
0.05798498287575663,0.11289382058744703,0.053242754668448376,0.0545448592629602,0.10143730572714371,0.05474313662826303,0.4157434279703694,0.06282559569971695,0.08658411657989469
0.10003225186088148,0.14603804758348035,0.10602536299925731,0.2349172301423578,0.108526666664152,0.07873079017355239,0.033721727772576794,0.07891851789081901,0.11308940491292278
0.10003225186088148,0.14603804758348035,0.10602536299925731,0.2349172301423578,0.108526666664152,0.07873079017355239,0.033721727772576794,0.07891851789081901,0.11308940491292278
0.10769450338878778,0.09005996473864603,0.13318753730154123,0.13839547443730313,0.1287665151264332,0.08809230723986368,0.06990428923577487,0.11487869800389044,0.12902071052775968
0.06443020516665261,0.428261164965749,0.060334471615449664,0.12721309371619027,0.08283771987835971,0.06139589951388105,0.020911933868816995,0.08477341539123229,0.0698420958836684
0.08312428547326879,0.1266925149090905,0.0867202744378498,0.13268508595059228,0.1111989774903978,0.0643819465865625,0.2004121982447565,0.0862036878180879,0.10858102908939389
0.10003225186088148,0.14603804758348035,0.10602536299925731,0.2349172301423578,0.108526666664152,0.07873079017355239,0.033721727772576794,0.07891851789081901,0.11308940491292278
0.10328572649020007,0.1327102678857249,0.13224256416119437,0.13087454559136497,0.12275365077138128,0.07913025083006722,0.059868930464568766,0.10864353298486774,0.13049053082063064
0.13819291296867298,0.017716922649103673,0.18816675165371097,0.014401866843605305,0.1403102604446215,0.10189912061438001,0.024601619148702288,0.23357295494095753,0.14113759073624577
0.08847891535440984,0.1413516732938405,0.09310354295404479,0.1648267270828854,0.11445961884322248,0.06873875323326088,0.1309721750850099,0.08499113603486615,0.11307745811846008
0.10262126624380423,0.09038727095296363,0.1336712179463887,0.09546921640270593,0.127685141719506,0.08438691247262649,0.10870034243767125,0.12587037704951085,0.1312082547748228
0.10003225186088148,0.14603804758348035,0.10602536299925731,0.2349172301423578,0.108526666664152,0.07873079017355239,0.033721727772576794,0.07891851789081901,0.11308940491292278
0.09796753494181965,0.14684273746074097,0.10447255942052158,0.22045818742881682,0.11102505054725775,0.07705383886791968,0.04625330470089118,0.08132853430618465,0.11459825232584764
0.12659536522427264,0.020166842777656024,0.17093847658562575,0.02023839987356229,0.14205957149475865,0.12816333877309907,0.05404627014920028,0.16290492747660082,0.17488680764522446
0.2506972053600263,0.06502000682664442,0.07593682284439031,0.029638109745596653,0.17507788494630164,0.05815297936734714,0.1602625901891814,0.08918521114578358,0.09602918957472857
0.09793346237807488,0.14684877389804174,0.10444299243408413,0.2202271433756776,0.11105990668683247,0.07702625509129053,0.04648219051129282,0.08136293299272018,0.11461634263198572
0.08535172384606943,0.016423541788010695,0.07306970587065091,0.007242492683851756,0.09878470220732123,0.3323401327855624,0.0874945709189686,0.22337807361012432,0.0759150562894406
0.09522934700051551,0.1466196130559694,0.1017590373724876,0.2027101561456177,0.11320422729932204,0.07479912904832187,0.06674262786451089,0.08353511948494328,0.11540074272831165
0.06817836716277369,0.08547989186939105,0.0698715992496051,0.06712900691994955,0.09226927709110573,0.06374037850033193,0.3816129140960299,0.08061873882197006,0.0910998262888431
0.14343505312706137,0.08847889372289508,0.08122776707600916,0.0920554202619488,0.12315852484169498,0.058425095862025066,0.1382970876917772,0.16176874510827557,0.1131534123083127
0.09849426096789704,0.11057761155440793,0.08485560703223638,0.11499308545875342,0.11466278497419764,0.05303483614562753,0.19399583596163159,0.11778242579681793,0.1116035521084305
0.14272705647650363,0.09495079674836415,0.08735789640550039,0.08626448733142893,0.11982184824468793,0.060144188196946856,0.11404981451925145,0.17481167870912487,0.11987223336819187
0.0944970215157893,0.15175632377082873,0.10576104513560414,0.17133275201454504,0.11372907818319526,0.07289610004789347,0.08105384839864738,0.08942763472286853,0.11954619621062805
0.07878500717762243,0.12938778836507028,0.0790760499502713,0.11995426475654014,0.1115266077328053,0.06040880278890834,0.23459768027830782,0.08144485480344008,0.10481894414703426
0.054525949012640844,0.3337526314597788,0.0532586191660523,0.06155813757058235,0.08218572632648079,0.16496957869184967,0.08070755228382397,0.10370768217401867,0.06533412331477272
0.10003225186088148,0.14603804758348035,0.10602536299925731,0.2349172301423578,0.108526666664152,0.07873079017355239,0.033721727772576794,0.07891851789081901,0.11308940491292278
0.09251365548015884,0.1451562579458209,0.09853153772225687,0.18661099712501708,0.11428284825386353,0.07244134171933901,0.09068981571933286,0.08470461463502203,0.11506893139918882
0.0892417128636866,0.1507878547326371,0.042830578253403855,0.011553884936216506,0.11668562399844219,0.1352189033911159,0.1113675336049707,0.2767819836300679,0.06553192458945935
0.09746773859364218,0.14690814743749073,0.10402724105703183,0.2170950477049822,0.11151597023373593,0.07664857327075703,0.04967984927290639,0.08181528135809892,0.11484215107135474
0.08685385454232175,0.13110767272639198,0.09222816574778336,0.14923476815644066,0.11282948095500085,0.06758977868473744,0.1606876561762113,0.08758288931468715,0.11188573369642536
0.10007542127822011,0.11895977282646401,0.12255134043275968,0.12746825175954532,0.12367420287137065,0.07847243196375465,0.09161312105559992,0.10905900474538884,0.12812645306689685
0.10003225186088148,0.14603804758348035,0.10602536299925731,0.2349172301423578,0.108526666664152,0.07873079017355239,0.033721727772576794,0.07891851789081901,0.11308940491292278
0.10528981503147554,0.11541314132844586,0.12335901314108921,0.1695829569140557,0.12381387740208771,0.08289435284386219,0.05309659267680511,0.10037619644295422,0.12617405421922437
0.09696205046106371,0.15650191613363942,0.1338666503480623,0.10132203779127229,0.1115529354632443,0.07692407171895936,0.07903049875767205,0.11420697504524967,0.12963286428083684
0.1038568209975717,0.16157760336968927,0.1273036712392341,0.17781240847747715,0.1076352117271853,0.07891874514100868,0.028743278051724098,0.0898246791905654,0.12432758180554425
0.06314047093149745,0.08693538285406462,0.06506330476511496,0.04682683547611024,0.08576947643351313,0.06389275593853182,0.423120155890598,0.07726652636341541,0.08798509134715442
0.10165964023713404,0.13809502022490203,0.10973617976275331,0.2303676164592976,0.10960598115148766,0.07955116771665749,0.03477898811291303,0.0817836762840639,0.11442173005079094
0.09386402191469194,0.13784960107289612,0.10189727748187694,0.18407175833074985,0.11407322516664364,0.07372079847966535,0.090698034507938,0.08770301419684196,0.1161222688486963
0.09596678910890073,0.1468153753748411,0.1025516383422867,0.2073294147244393,0.11273615347347828,0.07541649678959107,0.06082603263650096,0.08304958669719405,0.11530851285276787
0.09569127321349759,0.14418823761502894,0.10891538075492722,0.16805552328571696,0.11372393064655711,0.07408162377645133,0.08214639466505563,0.0926037974608689,0.12059383858189628
0.08004437349431746,0.13575273493924733,0.08453081664696821,0.10806122835784608,0.11007227415670247,0.06079071269121835,0.2264656679304972,0.08603795194802216,0.10824423983518076
0.08698193319330039,0.09566650378168041,0.0970326138977707,0.1212373193223628,0.1097775991935791,0.07301213152648227,0.21172718394753978,0.09648196364481494,0.10808275149246964
0.08911537413886202,0.15241156679277254,0.10310010520422658,0.1266329340867276,0.11257511980119266,0.06797115156154547,0.13458010034928483,0.09447186736952734,0.11914178069586101
0.07419869787066112,0.10899902316067944,0.07531241324673987,0.09384468308459219,0.10345864833205265,0.05977445761382207,0.30191094039173205,0.08295763044402499,0.0995435058556956
0.11633859349491267,0.07972998400566671,0.14991166939153594,0.1314779310986343,0.13432230064630626,0.09320910508516088,0.03902815864113432,0.12066951504969133,0.13531274258695755
0.10003225186088148,0.14603804758348035,0.10602536299925731,0.2349172301423578,0.108526666664152,0.07873079017355239,0.033721727772576794,0.07891851789081901,0.11308940491292278
0.1650074632989541,0.08227220492679804,0.09342213846243462,0.10934978643848985,0.1228474989230577,0.06565286660960153,0.07696484857575982,0.16559012971676523,0.11889306304813907
0.1577606213255571,0.0715900322893725,0.09133857361251412,0.0942055799556093,0.11495565977365914,0.0675433270233319,0.10541174374802807,0.18047496972165156,0.11671949255027629
0.12039826421769717,0.06824439416889708,0.16061214309865088,0.09349264370994405,0.14447790368035904,0.09591920582179353,0.03608418792917076,0.13326354245729433,0.14750771491619322
0.10003225186088148,0.14603804758348035,0.10602536299925731,0.2349172301423578,0.108526666664152,0.07873079017355239,0.033721727772576794,0.07891851789081901,0.11308940491292278
0.10003225186088148,0.14603804758348035,0.10602536299925731,0.2349172301423578,0.108526666664152,0.07873079017355239,0.033721727772576794,0.07891851789081901,0.11308940491292278
0.057274374845103115,0.39648861954979614,0.05279784382316067,0.09244330767795339,0.0863880698015166,0.08497577979993853,0.06575343653779937,0.09581696106677584,0.06806160689795632
0.1288106153165941,0.041105778018185636,0.11352397597452484,0.034880982986655894,0.13369053643974235,0.07981866120358123,0.10708014946473583,0.23388748453060873,0.12720181606537137
0.05443169356715218,0.31577936024186487,0.04098837393323835,0.05047322629409029,0.08603733614434905,0.05883007726989765,0.17956863364773257,0.15036414199571682,0.06352715690595824
0.0947369233099981,0.11855644899423406,0.11174031744381191,0.13617917821286937,0.11436603178665683,0.0759571128552812,0.125530967524899,0.10264734520040791,0.12028567467184158
0.09081854556991348,0.10709842133115642,0.10676889431129498,0.11545688291118643,0.11188398385501075,0.0748231467019387,0.17350315998525523,0.10371262294577066,0.11593434238847337
0.10862854920953706,0.12254045065912307,0.12367559630069731,0.20278198064305855,0.11848221318227858,0.08433595691461532,0.027374978159049972,0.09020395182568493,0.12197632310595509
0.1085061646633454,0.04187679662652971,0.14088689032177223,0.0673721482027785,0.13941927721022554,0.11465849256506122,0.13210249837059332,0.13450057361171078,0.12067715842798327
0.11970026116671813,0.06333275477754959,0.14370483992482608,0.1487406736428116,0.14776083502582882,0.10263942252731044,0.04486352996610977,0.11089109024740228,0.11836659272144338
0.06249265654012793,0.06276522710644339,0.06340502929982382,0.04552372480098327,0.08127794689685257,0.08126076983264452,0.4521326972978749,0.07195708127750189,0.07918486694774769
0.10631375163507877,0.07444685525697535,0.1360805574974505,0.0945182476631098,0.13359126316284112,0.08954755712756883,0.10127142014347519,0.1294228680054257,0.13480747950807467
0.10419663290299937,0.07878930099105935,0.127739570123911,0.12484885465570694,0.12859906162516543,0.09004112852923245,0.10720950053431859,0.11589163759906469,0.12268431303854227
0.08488450630855353,0.1370239372010524,0.08792431829843343,0.14705165724226332,0.11371045141803364,0.06541613384758081,0.1694426901018797,0.08420736924749295,0.11033893633471022
0.05051238288861726,0.33484330332772033,0.04399938091776695,0.0657676076167374,0.08522175355056354,0.11776061045394891,0.14593185674239204,0.09248629689290948,0.06347680760934427
0.0902754509371747,0.14323542605548348,0.09559140220375949,0.17425647056888663,0.11455047095179616,0.07040732624118369,0.11249415059831425,0.08504514878733216,0.1141441536560694
0.2163787134938887,0.0743948926104941,0.07497919839671385,0.04638455062355786,0.15082621846502559,0.057490711260161115,0.13490440718056224,0.13780964961204847,0.106831658357548
0.0959726445363094,0.14445101827178275,0.10897721039924463,0.17096575390764004,0.1136777697969738,0.07431327590313902,0.07908868039662496,0.0920795692009015,0.12047407758738392
0.14058075384829405,0.053300354035827315,0.15997886709622675,0.06361106639854898,0.14785193208360986,0.0840885003657446,0.025104884244378955,0.18389919432449187,0.14158444760287764
0.09121838402687153,0.12723543636058668,0.09987163817690041,0.16158054282036352,0.11356441138391442,0.07196327574097124,0.12845746949147688,0.0911242132826681,0.11498462871624728
0.10461009452748184,0.12413759407963497,0.11584316796740755,0.22165838733634055,0.11262796762341676,0.08163211093697369,0.03665531159212724,0.08659995552271083,0.11623541041390656
0.10119182852957702,0.13269620330773466,0.13067955878816995,0.1237601454457538,0.11546333743467323,0.07985247609410981,0.07482971492913461,0.11194666026146725,0.12958007520937967
0.12007292221403176,0.15500964628069125,0.12848029431787103,0.11829612724850858,0.11620130266101587,0.059367949054792944,0.03944538510981798,0.12976057159864626,0.13336580151462438
0.09552535927849552,0.14670952052727967,0.10208209789806984,0.20455065462028724,0.11302622030398579,0.07504804541540756,0.06433463088823586,0.08334947824050128,0.11537399282773736
0.08402002111983624,0.12396953244055799,0.09360558935890508,0.11032313427207881,0.1083093764979462,0.06557040711046462,0.20832667302097277,0.09414318991031778,0.11173207626892052
0.14889362756596203,0.09580824413989657,0.10497900620143415,0.15283264538419064,0.12271237222119256,0.06603920976439835,0.04957730014080195,0.1373379909460238,0.12181960363609996
0.11338563097182669,0.007538860989494093,0.14192468845436448,0.006522791975121386,0.12100310212593958,0.32301980183749385,0.04794692053367724,0.11673550046773819,0.12192270264434447
0.10003225186088148,0.14603804758348035,0.10602536299925731,0.2349172301423578,0.108526666664152,0.07873079017355239,0.033721727772576794,0.07891851789081901,0.11308940491292278
0.048605430958523994,0.27877631278779685,0.04430955264295481,0.034435647375685274,0.07289318112633554,0.17845055163650367,0.18355986959795026,0.09794671805546444,0.06102273581878529
0.11922318657924182,0.04293185009672942,0.27044396017523403,0.011574768838109623,0.14394846460622268,0.107946890829646,0.019917851237203247,0.186911972942438,0.09710105469517522
0.06847469707988046,0.11151382001162972,0.0667860843376388,0.07953509316462008,0.10277847320376299,0.056574475989124275,0.3430487266396855,0.07618051081093827,0.09510811876272
0.08562844112942035,0.12007364604224231,0.09150660156967305,0.12586193856862984,0.11446710829922661,0.06664230677222661,0.1926825496129844,0.09116409618679457,0.11197331181880217
0.11160582201523313,0.10230031714409733,0.13608566596825378,0.14922124655408078,0.13148560752910296,0.08747272922571601,0.04023437175789236,0.10838225751692739,0.13321198228869635
0.22990274564462507,0.07899286343132451,0.08404986724418358,0.05156452660754427,0.15458943188466817,0.06144820421804276,0.05911783251559824,0.1630533675066321,0.11728116094738128
0.09783936322640711,0.1468642405058115,0.10436072572413417,0.2195904035341553,0.11115510918353966,0.07695004845436991,0.04711791673331922,0.08145700860550116,0.11466518403276188
0.0551062936274699,0.10035319703976468,0.05096709465695776,0.04224044103318509,0.09087434820543272,0.060236101598611785,0.4563912466378419,0.06080709734723896,0.08302417985349726
0.0901548209409847,0.083108445669285,0.05332064516390895,0.04054149096663288,0.09947532215075454,0.044361082786601835,0.3557786418852957,0.1416102002484122,0.0916493501881242
0.11702413978180337,0.08880612713645425,0.1577187096934966,0.11777051933088656,0.13415491877862248,0.09071682134484958,0.032736315278064775,0.1228735138686552,0.13819893478716716
0.11360702041152122,0.08215709840694994,0.13612493999832498,0.16661003022029783,0.13232921517693738,0.09308081645158141,0.04744927041965618,0.10677433926528902,0.121867269649442
0.0922626172980391,0.1449691257184332,0.09821256620558294,0.185187914724158,0.11433759891754432,0.07221679151234328,0.0930537903002278,0.08476831301621428,0.11499128230745707
0.1222001908958964,0.053904229474396326,0.17920637464951214,0.07659246900511114,0.1417835097518404,0.10207917994149247,0.035636648755725774,0.14843167060745832,0.14016572691856702
0.11797916709586076,0.10861712004331935,0.10628258125671332,0.15970628168257178,0.1192321629789087,0.06496876968218256,0.08088849320669195,0.12086713043065424,0.1214582936230973
0.09549891082267885,0.14670209752188612,0.10205349489331676,0.2043854680224502,0.11304265682069115,0.07502586646260377,0.06454800462977536,0.08336656517608156,0.11537693565051617
0.09961575286930067,0.1525331122048292,0.11149942530789703,0.20078928468683788,0.11071713732027327,0.07687585718055663,0.043295619909515415,0.0855801573160591,0.1190936532047308
0.0881271096347808,0.12844020958653993,0.10009892628002733,0.12457624850061437,0.1109343515354674,0.06882145636001012,0.16678714066277975,0.09634706651477919,0.1158674909250011
0.173421666481924,0.024898770859298817,0.05440680294627398,0.010768434084589917,0.09273382795978996,0.09267509897335076,0.25094978759810177,0.2046076864810249,0.09553792461564593
