0.1314422397179563,0.06679429558215332,0.15255652323215838,0.10652789121256241,0.11320546291354096,0.10939974501597209,0.12914646500244775,0.11213661386694977,0.07879076345625902
0.13109914583816631,0.07040679329260612,0.12739575253724675,0.10836720073584738,0.11104925384720156,0.09246933209985227,0.14101797349576095,0.12216015847021343,0.09603438968310514
0.08389876762961675,0.4423396210205306,0.066072210241114,0.06812670382422625,0.07707234236330403,0.04335986985078155,0.07810373139502437,0.0736688639723095,0.06735788970309294
0.13315229635216838,0.07474469151613333,0.1253193645759196,0.1230589471518566,0.09841373011316228,0.07704574850831515,0.1312907103793113,0.14098454059883694,0.09598997080429639
0.11241353110800585,0.06399127632077228,0.13763622582699947,0.018882603886685684,0.11892366707846562,0.051901430449221575,0.09310867374374564,0.322759505512302,0.0803830860738018
0.15244540104625925,0.05663485812902084,0.04141459651356935,0.018336094045808306,0.12926103098640304,0.27977735774143137,0.12512484796885773,0.03131089167319476,0.1656949218954553
0.11362271259090255,0.21484513975786243,0.10295658582262845,0.10335409004399736,0.09293766533412158,0.0658547699146503,0.11033472240899533,0.11259135670973486,0.08350295741710718
0.07065643538657047,0.4743332018900812,0.05480084769424942,0.03135548613114871,0.09297511234787348,0.07519586790882549,0.07736995669086737,0.05818878421673629,0.06512430773364754
0.1371210638744679,0.07060611402231441,0.14564342217577234,0.09240204567225274,0.11085486983084687,0.05229532225582681,0.1328213355504083,0.13640180467679666,0.1218540219413139
0.07245476576338362,0.5091877272921423,0.04843437843034848,0.043282822458059804,0.0808617949957189,0.046538312907890456,0.06477791437109366,0.06575794918934097,0.06870433459202181
0.07457289034221302,0.04097319891626248,0.10073349775747585,0.31193724902798475,0.08216802178286729,0.018112662876459417,0.06185868168506134,0.04652459598887839,0.2631192016227974
0.13199741404943935,0.07015410718417658,0.1530446653591416,0.03788311713989794,0.11853603299681693,0.09238539982895773,0.13054107285288277,0.20639041130521404,0.059067779283473086
0.13315229635216838,0.07474469151613333,0.1253193645759196,0.1230589471518566,0.09841373011316228,0.07704574850831515,0.1312907103793113,0.14098454059883694,0.09598997080429639
0.14786656838707604,0.0683155723778635,0.1125463768627622,0.018813551400280373,0.1517902937015384,0.13679937172185475,0.14000749628387946,0.15588085539688445,0.06797991386786083
0.1352012798780105,0.07388362620805794,0.13693257292528063,0.09446232142244053,0.10608507036803894,0.08658590905276696,0.13424944639359818,0.14807084343499433,0.08452893031681204
0.08209260200808464,0.047264464465610855,0.1296289602558204,0.07116492627396483,0.10296931847541257,0.005389337247534882,0.06838761510378123,0.06465910514739011,0.42844367102240044
0.11824578679881098,0.06230473720433383,0.16475345291204455,0.17920885691697594,0.09690286588312995,0.12562232989321576,0.09249612786996479,0.09820535721974318,0.062260485301780986
0.11698740357127975,0.06283418717061919,0.16582017268490482,0.17170326598963526,0.09728330316429061,0.127313954640304,0.09401785985056155,0.10064956496780275,0.06339028796060203
0.07556043226377081,0.48392648802133936,0.05540444787719948,0.05098178980007274,0.08320589283955299,0.048016800728634255,0.07341117051767783,0.06148860551199095,0.06800437243976161
0.09781486485901664,0.05660999430670142,0.11222729573068708,0.35321490599211075,0.07868569891032186,0.10745530800687327,0.06371967803688476,0.07174595414477647,0.05852630001262782
0.13315229635216838,0.07474469151613333,0.1253193645759196,0.1230589471518566,0.09841373011316228,0.07704574850831515,0.1312907103793113,0.14098454059883694,0.09598997080429639
0.1374979046691236,0.07413256566635568,0.14069220224753912,0.09465890194881803,0.10511352681888807,0.08121015665976933,0.13591068596507042,0.1465987870141994,0.08418526901023633
0.10728874267469707,0.05078694493526767,0.08365217712062588,0.0694069719444954,0.12945446020150514,0.024172645129603956,0.1162664432439765,0.05714128451203734,0.361830330237791
0.10596079003375769,0.06842797167111646,0.09774545535276107,0.012770927689117561,0.11958399219084208,0.09848787957774974,0.10361779893303961,0.3414276898943645,0.051977494657251246
0.11459228408052839,0.05702265606785689,0.1584328560096883,0.16003144819661,0.10654785928450405,0.16355993064509058,0.10212980342569396,0.0693959147221946,0.06828724756783337
0.13746939911721986,0.0741401352483274,0.14056446960991764,0.0949103755391425,0.10505466506418441,0.08117509726450095,0.13588251129980541,0.14651358236831313,0.08428976448858864
0.13392822879090024,0.0703699968358367,0.15487291995003474,0.12095944840556778,0.10238090357742445,0.08735190794488105,0.12324668729412354,0.12826414946604647,0.078625757735185
0.1179791167265072,0.06910477685532489,0.14380550983331883,0.13680622690572308,0.10018319516052793,0.11380757352590413,0.10826012821909183,0.12868902748570699,0.0813644452878951
0.08003075998910804,0.46463161275280385,0.062439326524568954,0.0536358218297568,0.08017881865020489,0.048937070860213615,0.07425046383545682,0.07228900819690429,0.06360711736098272
0.13260179410475934,0.071195337421101,0.1429966288635615,0.0765349369690199,0.11952379336765695,0.06443674944689219,0.13415720435999304,0.14380871895999736,0.11474483650701872
0.11939498856537446,0.06682255600819878,0.12534116425577,0.07949223026345649,0.1319424382084804,0.05220524123397972,0.1361537202284224,0.10430118808878198,0.18434647314753572
0.12810964764302568,0.06032759425349918,0.06203123399400683,0.03282756020636564,0.1446208700566014,0.24339003570004417,0.14662109305861423,0.04373371430356477,0.13833825078427808
0.13116224585808575,0.07099991695002957,0.12758646045370145,0.1117671564438852,0.10864502441067003,0.08933992005946999,0.1394055032572209,0.1252741796082639,0.0958195929586732
0.1266467472016706,0.06787934556284797,0.12163062088936984,0.12509548998205067,0.11043821000607568,0.05864986478667548,0.13214040607798438,0.11726137016964716,0.14025794532367822
0.1375284160675496,0.07053124121739889,0.14166882591651,0.06915428897588859,0.12100233094388894,0.10219547918850974,0.1445685126843864,0.13344726215340197,0.07990364285246582
0.1294869103708006,0.0701652509403418,0.14887982857994606,0.1171291332105625,0.10392679233480806,0.09820789340879087,0.1210878635656204,0.13212419161314573,0.07899213597598398
0.13900314399956024,0.07306443162269986,0.1520647215436659,0.06975465494614776,0.11086304454472817,0.08441424727665202,0.13696507383929665,0.16025958883661914,0.07361109339063027
0.10749835452211631,0.2791301502209713,0.10385393498687691,0.06354104963146076,0.10395730739533715,0.07148160005747,0.110647922490689,0.08978822770828289,0.07010145298679561
