0.07644705133188977,0.09710483475094382,0.17708676649624952,0.10505229463825717,0.07473926065848377,0.11937586584092386,0.08419853038957444,0.12952878754804925,0.1364666083456284
0.0634274627501884,0.08857373866757197,0.07126465724725818,0.09700395297794667,0.04393442982527528,0.15084522625022315,0.09781180025398671,0.22821589612523516,0.15892283590231446
0.08641264373817592,0.08089302338405092,0.08750703619592665,0.13725368622787823,0.08591378831201431,0.08858907388638808,0.12377997712499911,0.14302019733531438,0.16663057379525237
0.22113025879799678,0.122173407421646,0.12974120808708656,0.08827977150074422,0.04835492208060203,0.17969312008320995,0.04968045635273077,0.0724802562734541,0.08846659940252959
0.04916266064000536,0.1600552422361378,0.27054441260875295,0.040120003322072696,0.1165621077888754,0.005122347280663019,0.1925399171185481,0.0856823201901592,0.08021098881478554
0.06875280169862831,0.08825919767060926,0.09909131046357715,0.00830913045965716,0.05071377510785293,0.049700190494674466,0.16767668396029123,0.09743334589654147,0.370063564248168
0.09445711648106524,0.0856212211042185,0.3162442488127266,0.06399440290354032,0.13963327317593474,0.011674402280236392,0.06515664260373998,0.09406686998057968,0.12915182265795855
0.14113232658807265,0.12636683471186197,0.16407740248708613,0.17062850513277886,0.07898425540150122,0.009007381537750941,0.05927380375563041,0.14007612564946592,0.11045336473585186
0.058663916261212236,0.14321213155708215,0.07949821272705074,0.2991619657121872,0.14773732135412435,0.02643615333705567,0.09401245094676468,0.06076664206395067,0.09051120604057235
0.0861720742903989,0.07724458260543217,0.2737418947411208,0.01604046657630621,0.12614115537036677,0.09922658986699284,0.10243154940385864,0.17646164539078546,0.04254004175473821
0.09750089162597152,0.08645547271792386,0.2596625769238861,0.02077176610353706,0.07250497015848921,0.04382995906604251,0.2280963559554976,0.13675269743119536,0.054425310017456735
0.06983035077647005,0.07644815763765098,0.2302827780415946,0.12480203551075364,0.14179553814712723,0.018824782706959028,0.09354370089030946,0.14988537402380417,0.09458728226533086
0.10390604778323886,0.15385965647151675,0.060065622840072684,0.09053632498214399,0.07752516634139467,0.11132887126438895,0.16909392079564492,0.09494110718760979,0.1387432823339894
0.08768242629942556,0.11803829461579324,0.21771169163045956,0.05084388844002322,0.05524079209633149,0.10398305128538173,0.08057983209447654,0.18611718273941433,0.09980284079869434
0.1915276955643316,0.0954609525028821,0.12805573951094995,0.036670173424194194,0.09543243775742567,0.04363067309403738,0.12563857500745323,0.20895114407384927,0.07463260906487659
0.1410210035410372,0.09160139020441486,0.14754447249806613,0.097286365125132,0.04589138439846215,0.12056110426039472,0.03683430377890964,0.21728234529997761,0.10197763089360569
0.07112689375813114,0.13907728839577563,0.19494732050540672,0.04698088110820347,0.11277936095238268,0.014107719607631264,0.20075462952119216,0.11358737287820923,0.10663853327306765
0.10379493974231756,0.08409618003604354,0.10792264196525532,0.03667191102457477,0.03438469741340355,0.32744831967400806,0.16957987121575271,0.08152476114347536,0.05457667778516918
0.15535019641697803,0.09149943205597827,0.10515948014230607,0.01635479581319307,0.05965141290761864,0.03184960425714709,0.2578804358110745,0.07709729127188815,0.2051573513238162
0.17036869557235235,0.08562810247817337,0.13304093458366292,0.05168437941637177,0.1189445217327485,0.011738310642213803,0.2764213670554418,0.07589347773375356,0.0762802107852818
0.07367967468012876,0.09807990065678769,0.29514949143306496,0.05363749862340177,0.11407358401647683,0.08349386318923369,0.06702940232681587,0.1030725274149895,0.11178405765910092
0.05385874077825786,0.14853702592200627,0.18609058341185702,0.064096952386456,0.15560621064576308,0.028401105549175923,0.10558263926507172,0.14229769601707878,0.11552904602433327
0.13521243455243506,0.10442474224679682,0.20318242764502725,0.14028762311608767,0.08502287948915786,0.08181313308939443,0.05818090648220242,0.13664839265464893,0.05522746072424962
0.05993861968166783,0.14039522876078855,0.09633492798426195,0.22070425622769121,0.016527471308695346,0.053997325525355744,0.11795644333739563,0.13899220636273601,0.15515352081140762
0.1047678490241964,0.11466985599296432,0.04734854701479783,0.08152114000443576,0.04954697796002577,0.10817080746700157,0.22856876691377434,0.09259689826756408,0.1728091573552399
0.1362998965329498,0.09617610616028828,0.04276850706432952,0.1509205501929177,0.07165235707934833,0.05709725705502805,0.11859268710440203,0.1152841343634673,0.211208504447269
0.10670511869549165,0.09644809163346868,0.033598629905312934,0.016094213295113815,0.07346324433346285,0.19451771988889358,0.2791357520637449,0.11418834225726837,0.08584888792724327
0.057969155143217106,0.10314937836325618,0.25145513166999406,0.14794512463766044,0.0251411028366867,0.09795322779428899,0.16350556490480248,0.08551818520072324,0.06736312944937066
0.1597093775358446,0.12911852190284318,0.04271684063400322,0.14731012446769023,0.07599773393928427,0.09664449958125178,0.17577824785405527,0.07565556540162272,0.09706908868340473
0.16578261999671698,0.107254414311581,0.13130361272271832,0.01420856280977166,0.18513077966368743,0.01783729879721406,0.1356151206378558,0.1479938936032937,0.094873697457161
0.07538752576493278,0.08070433390476578,0.14344112528713795,0.16814046251209683,0.04588810450955318,0.06634407012469756,0.06465165393385594,0.2216048773192675,0.13383784664369247
0.1520579289749554,0.14562365521632178,0.13467780222109785,0.030182568828267798,0.07198183161655829,0.08926224631985945,0.11998286582208538,0.16293404314502402,0.09329705785583002
0.16605722060061054,0.08340283742546707,0.15904593843949671,0.09031375494010242,0.12665037235037127,0.0892636278143878,0.05854333398710321,0.07486761231656021,0.15185530212590073
0.1387380383174537,0.15745163211948524,0.05027843185510361,0.06001392526073688,0.14148364835120808,0.2368570019616855,0.052935158344814694,0.07927249049506387,0.08296967329444838
0.20346501174176482,0.08137806762874018,0.19938257859055764,0.06948452724484853,0.083372112054525,0.03496427710048818,0.10750816828760891,0.1544601270308643,0.06598513032060245
0.09243897951823145,0.08239192449071724,0.05997585233191197,0.30715619186377907,0.0773590341876686,0.09605005184561116,0.13529428935362425,0.07213717944852532,0.07719649695993101
0.08551067048102233,0.08750424559223924,0.0747639340688785,0.06615228091998109,0.08369001389160276,0.01743779433369037,0.1793084480802456,0.18154533272784798,0.22408727990449218
0.10799716213197323,0.17271210898129605,0.0704100923871297,0.03801876767725886,0.1100587397410376,0.025181764785267735,0.25829859122133364,0.0800998742978721,0.13722289877683114
0.06659813195939625,0.1203182541548633,0.1519268261551397,0.041591953628084155,0.0809541193162779,0.04944984454242638,0.155806324215522,0.23743824479969602,0.09591630122859418
0.03154641137386522,0.09643765446986229,0.2847087445303473,0.04940529854925601,0.06689627185191642,0.020398268660026142,0.22010426492715562,0.08459531235867163,0.14590777327889945
0.0791518041596931,0.12117953852915868,0.04945691034481368,0.08566100662887614,0.1510955326784261,0.10634775313819045,0.12011543980903554,0.18585271475115664,0.10113929996064965
0.10723423260539937,0.13793361741274626,0.1587977501498082,0.059861172822988716,0.038970174284775484,0.008471257584912186,0.24886633777057302,0.07323207855039997,0.16663337881839677
0.06836330395072882,0.10009104581499151,0.34748751919685605,0.05797259193526613,0.08135405841568173,0.010549439399635686,0.20934718629455018,0.04240385144028003,0.08243100355200993
0.05848656434416852,0.12033467751545883,0.07307091203710983,0.023470701641747527,0.09774584757114385,0.14827750690567845,0.19116850734738033,0.10875764957121116,0.17868763306610147
0.08844347452657937,0.09568093567468595,0.10554274259315631,0.05530583466026754,0.0789028349788633,0.13012273515580028,0.11543150866345603,0.1673661568202418,0.16320377692694932
0.0479843502112717,0.08135674207151551,0.13425857035697245,0.05370426605419926,0.08697843493413016,0.23664310642898745,0.21409923952303092,0.05849360976724673,0.08648168065264572
0.22791021377197326,0.12274920551726583,0.13971568030172019,0.0887263078881463,0.0713241661974816,0.055362801863231344,0.12359909812994647,0.08264005253508382,0.08797247379515127
0.21938089269000052,0.08165893059238281,0.024175235392467142,0.01762279691186587,0.1041121112610241,0.06739495067237027,0.27227462384425544,0.07517070322032056,0.13820975541531336
0.17452337091661554,0.08888828677768855,0.1199779172461073,0.12288418917035804,0.03415635812266287,0.04572555786154784,0.18898826961441087,0.1719115105270943,0.0529445397635146
0.11143255811808007,0.11119225514013792,0.08357348611448823,0.05381416031485917,0.09079738949387235,0.0812959847939615,0.10944478937954329,0.25602480647223885,0.10242457017281859
0.07216444804360202,0.07815029168092087,0.05462168141941948,0.4054323017016263,0.019066911919648277,0.14934829897158675,0.0925217660338432,0.06814302437000667,0.06055127585934642
0.12018443688073659,0.11847440029126362,0.034453472524649136,0.02026268552736868,0.18163994397687463,0.11798827746782829,0.0978503687155079,0.06525054697640346,0.24389586763936774
0.12324884719823694,0.08929673988493152,0.09416572767809805,0.035733084480322246,0.20854164847959733,0.01843789419534685,0.20698582168759558,0.11612269219036586,0.10746754420550565
0.08048387228997099,0.12975552961044867,0.16952942552551545,0.05482503273035688,0.06155021856301468,0.06365141559100512,0.19257874398845057,0.08034331264771712,0.16728244905352052
0.17038770397897665,0.11846150370675491,0.12815364535521526,0.042888110070893715,0.04039993976556722,0.14644212066421983,0.18052378953339018,0.07253248427503341,0.10021070264994884
0.13575014805245753,0.09650924878384916,0.11851421967483207,0.04138008865916549,0.09667429770527425,0.19127316367319824,0.08400475988563876,0.10918770369187186,0.12670636987371262
0.10457628118802835,0.1100312660982916,0.1146154716514149,0.04046384890426938,0.16628851935017674,0.0904867685528221,0.1523530868403993,0.0896109178434795,0.13157383957111815
0.12343921150921007,0.10864715584944566,0.05405947876602459,0.08157140157633036,0.1263099834344783,0.012522043854200375,0.20275319233576025,0.16572763999892656,0.1249698926756238
0.09897744346599431,0.10098885811907482,0.06987184610479683,0.04876594032994821,0.038251462064771084,0.050046348299619396,0.26198660097382737,0.13749540324406795,0.19361609739790006
0.06816718900386667,0.15143294560572604,0.0625752598677936,0.03212813326816556,0.07488527836489754,0.32520077723671337,0.17014390469421944,0.04091225185403247,0.07455426010458537
0.14278996192156365,0.11642995296205949,0.04138479088490232,0.09001767766991704,0.09428022938993842,0.08954330544871107,0.10510448864900773,0.09529102374991082,0.22515856932398948
0.16578261999671698,0.107254414311581,0.13130361272271832,0.01420856280977166,0.18513077966368743,0.01783729879721406,0.1356151206378558,0.1479938936032937,0.094873697457161
0.20354014072045365,0.1287053860644243,0.06105665111646565,0.18941819490787612,0.10734180863125727,0.020943342585078576,0.12288447692035277,0.0951174126574255,0.07099258639666615
0.08708314602475953,0.0785542289190668,0.08919198898596459,0.033645315970485444,0.028432791764252636,0.02338750026890286,0.24221022523094574,0.317143169455746,0.10035163337987642
0.08957220397024246,0.1157719455800269,0.08105005751922438,0.14615778565153895,0.06332462538722626,0.09610557059511886,0.11598684479557668,0.22620846066153297,0.06582250583951249
0.08463510000504665,0.08550745025281604,0.1426527559090749,0.11732804172219503,0.04712205514748169,0.06030399370337867,0.18527625496945735,0.14138960139820272,0.13578474689234685
0.07851433163003639,0.10781003083819829,0.14132682141782896,0.16043888254074387,0.07623006922368684,0.04740660636541769,0.09849174246799135,0.2043433632937076,0.085438152222389
0.051841560231525474,0.10964304220491783,0.14166793509430017,0.13235902298638047,0.10454011039000366,0.05490310973685708,0.13798584257984867,0.13812826437202777,0.128931112404139
0.1661116227042678,0.16605947723810735,0.14654215841418228,0.0667144912482525,0.05948541027949461,0.03195805045320884,0.183100871892555,0.09777507009394822,0.08225284767598338
0.13671522692709145,0.0897906381723556,0.08199319772279369,0.06654437375904844,0.09054914918766359,0.0517166927527776,0.09457779682068125,0.20872708152182065,0.17938584313576775
0.0748520077208789,0.15209890871004875,0.07501548755394448,0.14150392327400016,0.13789420677992267,0.03247626271825884,0.18706414478482328,0.08549521088231249,0.11359984757581043
0.12198963668990333,0.12509996503751028,0.13772078191278284,0.1072977816333323,0.03476253597480992,0.0691175091958318,0.0759009942981827,0.23575451772107944,0.09235627753656737
0.06686560902633648,0.0908530773535256,0.12888214924328217,0.24431515067238638,0.026514475509947007,0.039784816262085465,0.23366565972338815,0.10375741624127759,0.06536164596777123
0.0682160811759913,0.10229509292409579,0.2800284656929462,0.0398003996909741,0.1219997348187384,0.07123969565579409,0.12143941349763199,0.1475903352547051,0.04739078128912302
0.08173573954851547,0.16539331772450602,0.1718027433823295,0.19858832860110523,0.1584544738052216,0.056312642142508806,0.05861862797053558,0.045861351335552074,0.06323277548972579
0.1523198181168702,0.14067307576799012,0.23141462850731856,0.026537268197485822,0.09093204904921208,0.0789250196302122,0.08350271363724023,0.11832679501770461,0.07736863207596625
0.07596730931564318,0.0974124403741904,0.10630269509057565,0.1272129239745844,0.16059878683389725,0.04248447006681789,0.1343912585559188,0.08871206690700856,0.16691804888136388
0.05723739678686799,0.13157970027592444,0.19118597021805686,0.14222959068236996,0.18531633269292355,0.015477292644571927,0.09495804163258037,0.09917452271354665,0.08284115235315818
0.13973781255956585,0.1256543762952304,0.08887239867043857,0.03883742775761923,0.18204637126155163,0.145048445985037,0.05668664573307136,0.11024956506833215,0.11286695666915379
0.14005242485192695,0.07533398970133894,0.3348732022824386,0.022221339615213803,0.0957078285691994,0.03729701982557736,0.130963983844582,0.12981436694369497,0.03373584436602783
0.0994585948263902,0.07306686324731226,0.06621600018292574,0.03918156793512576,0.08332659870211169,0.22732931383326913,0.14558804638904477,0.17182129381974962,0.0940117210640709
0.1042262130740423,0.10472154187911327,0.1533434337983536,0.091114511081086,0.18447834475285485,0.03805815294009901,0.10704083728123542,0.1359255546198452,0.08109141057337031
0.12654998397813702,0.11320958994058809,0.2159827744351479,0.030158380057246578,0.132093093096054,0.10233774455031497,0.09412204525635655,0.128215340483416,0.05733104820273884
0.08207832325102517,0.06995367344542427,0.09205482326192806,0.022619476463803283,0.03726655417030763,0.26732799336477836,0.11848299858808448,0.15838203545284005,0.15183412200180865
0.09099677693857189,0.12044382166359553,0.05601060936763286,0.07606322072639057,0.14396120804593984,0.0635929555788707,0.18188686299309198,0.17221883958827644,0.0948257050976302
0.11807013297650626,0.11639634240772223,0.14336536185801774,0.059734754596886826,0.11538170724117543,0.08374362926247254,0.12034661723985247,0.1954992303284825,0.047462224088884064
0.06045336151709576,0.07901914425064252,0.12402180558251304,0.12885183164484018,0.14069806501157725,0.053218967523527415,0.1978004349019293,0.09109621480887252,0.1248401747590021
0.11493956648077407,0.10405473028332896,0.1935141296618398,0.08815774959386276,0.145452240840374,0.07259808709951425,0.0744361532720959,0.12449451508614555,0.08235282768206463
0.25578861416504606,0.11220320339782912,0.05179419509707369,0.03939129604146392,0.08896507071630638,0.05797855772835628,0.1524560167990143,0.05722608660808264,0.1841969594468276
0.09287389107786741,0.08783008914630046,0.1368002652815902,0.03824594315294336,0.09244508493244506,0.10046234128923416,0.2352738106584822,0.1057360168611015,0.11033255760003567
0.11967296215916623,0.14849621928719317,0.10856982416107623,0.17943678779538472,0.03537418885891103,0.05911433967736621,0.09719209011389886,0.0625166036955177,0.18962698425148586
0.06645515494175204,0.09827210845586705,0.11297431843983163,0.05812590535451734,0.27635827247091577,0.061162656710085785,0.14651740472380637,0.11999235325271544,0.06014182565050854
0.08162135923686814,0.10110106102887113,0.1397524058018634,0.044559707621072496,0.13612849576592678,0.07801712636612736,0.18585961488177236,0.11814832232068412,0.11481190697681433
0.07983554002699868,0.08812279596127455,0.11189650956365438,0.09528053158634549,0.08068313103088154,0.052452458457857454,0.07984114643719338,0.23931430552853658,0.17257358140725798
0.08559710686703333,0.10680921502633484,0.2443924428476766,0.07151073080590409,0.10282949690793171,0.02896415765759193,0.1380732603180614,0.1104447232829664,0.11137886628649962
0.06724812783476093,0.11344648526442876,0.08772027668904243,0.035749708174676514,0.13868815274837398,0.12846988069184992,0.12146065472850377,0.209407920414,0.09780879345436362
0.06685607870904987,0.08159396364395023,0.18488428147272587,0.1019999371676733,0.2041279830147971,0.09891688168602171,0.0413822496713056,0.1374498909077724,0.08278873372670385
0.1376943014319634,0.1452636408307092,0.0760858791961656,0.06922210794970825,0.08572785101355129,0.06717117005803724,0.14429207085460113,0.09588050687118332,0.17866247179408057
0.15298749858531482,0.1516363822774849,0.18744062680395804,0.01497602615077547,0.07388502682918795,0.12588972685292774,0.1496064209847216,0.0521664715399995,0.09141181997562992
0.06060529410337658,0.10480481365266019,0.07650153659143975,0.061250774502398464,0.12224657753599348,0.09025727436807718,0.1937575501543037,0.1902129260936234,0.10036325299812725
0.17888674374679348,0.08248543224740289,0.1469749746473949,0.04509880541677894,0.06788279514702653,0.0488305381787354,0.17787757693587639,0.04327917250115725,0.20868396117883417
0.08762389369947676,0.11472401055050606,0.07863804753603484,0.13647922053817788,0.05667626564473377,0.07238189673697655,0.11455149592142598,0.21598994466197055,0.12293522471069757
0.03279313426704042,0.11759076277137658,0.19647364630017328,0.041987551467997264,0.057477610654988597,0.04704680585417698,0.23924741569703248,0.07416316532221003,0.1932199076650043
0.2691159917541163,0.1009677978287069,0.06951586371667183,0.016163843715029668,0.04152473517721867,0.09282734438680434,0.12900719807117364,0.08016451026534939,0.2007127150849292
0.03807546005945081,0.1341393940223458,0.1855305225483819,0.015181485560804625,0.0477741922097043,0.2609690239863853,0.19200399537742754,0.05255488080981532,0.07377104542568437
0.4000824945184283,0.10935903241756506,0.09985102870254932,0.03338815992009339,0.045403678336094856,0.020026545982522594,0.1323818422531637,0.0737851605626204,0.0857220573069624
0.14019213321383972,0.09361924163935825,0.13021419852408203,0.04401112413749883,0.05260495839684367,0.1168111648751868,0.09900874611061243,0.21762608266890446,0.10591235043367377
0.10382791531914981,0.15280490965296864,0.055559721849963,0.1370233180769093,0.13159371223596583,0.028225090635125582,0.12518603211770626,0.09908286189596678,0.1666964382162448
0.11946298035547172,0.05811257032307011,0.28578534241455794,0.03392145775892998,0.15738548747732406,0.01956603995595793,0.09618483143744971,0.17225811482792208,0.05732317544931648
0.11073354786292233,0.10826651663503482,0.1069211902832284,0.03205771455504274,0.14612370327423868,0.02620352231500578,0.07819636462049395,0.2920939989373424,0.09940344151669088
0.14465441934835357,0.18772450201112653,0.1212223985437579,0.049603430589252796,0.031044704186918293,0.030894043102285964,0.10321332847990905,0.1480945527382879,0.18354862100010805
0.11767559435896434,0.08215814741740583,0.16131316151920683,0.0441094518148006,0.050563823133242904,0.14088475917600263,0.14395188331768374,0.08527593060236377,0.1740672486603294
0.08176234660740193,0.16000374090204367,0.1666487392723293,0.021985302813776652,0.15761467673635185,0.10771943473989527,0.08098596976604065,0.09119625602204384,0.13208353314011673
0.23339593421683533,0.15054935970543526,0.10933273559650443,0.03237981762746741,0.019400302863614598,0.14468496222314042,0.14641986142867155,0.07822098382202645,0.08561604251630457
0.11025028775328753,0.11802272582456617,0.1017469329882565,0.21752446856395222,0.037583286551201724,0.10257482291191937,0.1660319944644896,0.0712433589709759,0.07502212197135093
0.09581369991323774,0.12046002317240341,0.07587843370492574,0.1758057261969688,0.0374303838776825,0.22284817836435156,0.0884325599202886,0.10130653235855414,0.08202446249158749
0.14019213321383972,0.09361924163935825,0.13021419852408203,0.04401112413749883,0.05260495839684367,0.1168111648751868,0.09900874611061243,0.21762608266890446,0.10591235043367377
0.1033523044099282,0.1617411574994988,0.1379382782301798,0.12102871034731098,0.15992321983912666,0.05591738589400338,0.10309536571753146,0.10294426502074228,0.0540593130416786
0.08709732362170917,0.07615515732571872,0.3359748837626493,0.10835591210159186,0.07962434785797712,0.0223464139663823,0.10219041909462523,0.10059870082347322,0.08765684144587306
0.06050041842946311,0.09690444224127065,0.05176914585483538,0.13913613730312246,0.12549000601800084,0.06294096099994287,0.17037891662092566,0.12885804758568728,0.1640219249467517
0.06845231129670704,0.14768128430706776,0.12431577751107126,0.10285255035683132,0.17926656973260643,0.1837030422546463,0.09176802617091813,0.0204788330239604,0.08148160534619135
0.14169526883772224,0.12504794621262413,0.08668882476274471,0.06441340020602054,0.32265244456724934,0.031408358814997844,0.060552773621071254,0.08311791356526688,0.08442306941230311
0.05924183735325631,0.11341437809102745,0.17182940640301705,0.014749832523566197,0.1303277573910875,0.049406933034811314,0.11812550561932107,0.12134953015433159,0.22155481942958147
0.11537135165224766,0.09191055851921996,0.12086039673149258,0.03305615347810385,0.08375508571964228,0.06653511151317346,0.09998099163967727,0.14792721272877743,0.24060313801766556
0.03874054949697101,0.0732078383429181,0.03829573977291784,0.07777318417625277,0.050808476546562426,0.1539776950909022,0.2421562782442097,0.24439986809614833,0.08064037023311756
0.06722655743145056,0.07417803198162685,0.14704181969046848,0.048961059213611456,0.11886274262323775,0.24037798637959065,0.09694136721012757,0.08755320164196367,0.11885723382792306
0.1200699930929882,0.14577157865523205,0.07541092406084948,0.11027600686990541,0.2500383887620893,0.018218585043109206,0.05244560351839333,0.11406575521582855,0.11370316478160451
0.14590203200545043,0.1463444767606226,0.10421294604678862,0.04467316002201833,0.0933407549355023,0.009012885366090248,0.1688355569569762,0.1358137198220116,0.15186446808453966
0.08025174201587558,0.07242388668477014,0.20516017606286452,0.08912232722515286,0.12780707231897748,0.048084927550152014,0.14693485737299958,0.09675520370763063,0.13345980706157717
0.0847047599562269,0.07976793184114143,0.12358569024239356,0.019970626875621417,0.11859719060687697,0.40214959629091646,0.07788118416508648,0.051563856432913745,0.04177916358882305
0.10327365825466041,0.07744765317147659,0.3061507877147868,0.11957660930684333,0.03996318208419259,0.014418005199190015,0.11356488650850426,0.11238333060591323,0.11322188715443275
0.04364281350464936,0.06603350793088049,0.25660871123202456,0.11859684640294282,0.17697126560652418,0.03613416668892138,0.04878319556754537,0.14300044701231232,0.11022904605419952
0.0957574726982497,0.08881690690251892,0.11428234690312682,0.06770859442489781,0.03933500038547566,0.11044620385676047,0.2331704488177683,0.1455763622320697,0.1049066637791326
0.1899910178028029,0.11575239174092257,0.0703935858288973,0.09250523950204585,0.0796312358067347,0.08483387885762685,0.12024317695910725,0.14683130640012573,0.09981816710173685
0.22359484713433345,0.12401067820339533,0.047001058910078546,0.0921294148577158,0.09187293022054062,0.07273551648146308,0.1033473390166113,0.06331081572128447,0.18199739945457738
0.11220264325629271,0.10097794332251808,0.06690047907408632,0.061289561939737086,0.030414394094131537,0.05010046139794255,0.1522572985088092,0.16330835156230705,0.2625488668441755
0.07181940809566689,0.10050422572735386,0.2757542344024348,0.07193383251631104,0.16941153065669592,0.01156860179936517,0.04252266854181227,0.17346324349958672,0.08302225476077331
