0.029858481035339713,0.04788878745983685,0.04815971988446966,0.2393519244121882,0.2071038293014127,0.10126208149592193,0.12777682442859348,0.08696133238707233,0.11163701959516505
0.08902616337353653,0.1023612201030753,0.08317708474354676,0.036945617076688066,0.2739446728925598,0.11436272202846039,0.047450716304547,0.0746257994249161,0.17810600405267007
0.025157364877064613,0.11728283405928697,0.13308618917937212,0.1965652973130714,0.1195305807725293,0.09416207700406211,0.09670635206283469,0.12120451214802518,0.09630479258375359
0.2436837720321274,0.06415230666009862,0.1425964971956958,0.06612463824660787,0.08971121923287627,0.12367230683622439,0.04590905465229524,0.12063344530874677,0.10351675983532775
0.06865862944523475,0.12546904166404654,0.11587175396416766,0.17624122837898523,0.028112192960886823,0.13985459791516727,0.15124474331667473,0.09140311020698784,0.10314470214784906
0.08899330689639277,0.15553826120856717,0.028304859025936546,0.04015017315960425,0.08847901292731518,0.054296750027679065,0.3106086422337022,0.11386095215378615,0.11976804236701676
0.12133233793050717,0.06562695284458503,0.15466757356264388,0.09029859916018372,0.08936197240958348,0.12237789856566635,0.11841036470152992,0.1032019859313719,0.1347223148939286
0.011111094173938775,0.09523805054390415,0.08566962946416397,0.3778785032402714,0.09204450747293065,0.07016054680568624,0.11415164872706096,0.1002070517516539,0.053538967820389936
0.15838784073879345,0.07267136126622753,0.06161784098410339,0.21760445193971975,0.06665682046056019,0.15462822846549065,0.03946518218634099,0.0841862847800694,0.14478198917869467
0.0449368967146714,0.13980091446999307,0.1942630229807166,0.09446352617210742,0.17288318720901952,0.09838199809328958,0.08413914266421636,0.08476851561409778,0.08636279608188825
0.05539772465984855,0.05349749122466726,0.06243664072605067,0.042095136558134384,0.24711993587848968,0.08145879399322596,0.19646917508785963,0.0852121024496812,0.1763129994220427
0.23434684431666428,0.0813170007342094,0.12081226163397792,0.11113452293168645,0.037837001660915595,0.1186077539778988,0.13273424358210786,0.10018262473547919,0.06302774642706051
0.055152906198872455,0.08794975336801093,0.21458051252245688,0.18631971197966388,0.07538028507707062,0.08396612030095109,0.038843194191375295,0.13534149230580014,0.12246602405579872
0.05160273559235761,0.03076516687733513,0.25483240528500134,0.1401615487075805,0.10729941487187016,0.10286239255510594,0.050315787595234474,0.06093367578869844,0.20122687272681627
0.1450671595173971,0.05642083235814449,0.1955800173306527,0.04980597596584644,0.042650424005163536,0.092658559245345,0.08634819502112695,0.10310945418575816,0.22835938237056563
0.14288836251797438,0.09515062199853108,0.2089089170240183,0.18297525396355643,0.03903598491158719,0.11555583657424918,0.019568569624215784,0.10736764529550476,0.08854880809036281
0.09575385844598583,0.10960045717423439,0.18313159948538824,0.09942823389031936,0.09570641451815888,0.11699123200436458,0.09841673111524955,0.09135668234878157,0.10961479101751763
0.39869970624367973,0.06373044868129714,0.12975830445404227,0.02313040914964073,0.03397866612486639,0.14014849890875816,0.025025930539687925,0.08888721211960031,0.0966408237784273
0.060015487923885856,0.059387612632981784,0.17164140675199957,0.1414633093517841,0.1817618068672616,0.07389352411318827,0.026875777505069375,0.09990650996761959,0.18505456488620975
0.2023146148658784,0.04781383028250138,0.07985483951920615,0.052192838402202374,0.1439259822435279,0.09260609431465132,0.1277627277303843,0.1470992993198368,0.10642977332181135
0.018078531334661665,0.07219445184582324,0.09816890755895186,0.13114348248825083,0.2497262519982253,0.11537878662596927,0.11219625651554782,0.12416030062439948,0.07895303100817049
0.0539143579607251,0.05048506655143306,0.08718897905076373,0.3255103174054969,0.1620747653720501,0.07365497660451743,0.03862204745660489,0.07784571131345981,0.13070377828494892
0.014081811836077035,0.09076499604864692,0.06164241319759043,0.0307533991689579,0.06305123575981218,0.07975829336898503,0.29178196640327037,0.1476328727133971,0.22053301150326285
0.015968459735522963,0.058631495728482814,0.1919340772639333,0.0652424290060092,0.11821892028428137,0.08696993990161599,0.12229691086347594,0.1827820693968979,0.15795569781978056
0.03556840765074953,0.04144073105374802,0.11837993561464039,0.13721090197005015,0.08315054417753616,0.10378859810938203,0.23397945195909917,0.07034916556757588,0.17613226389721873
0.03940051169404906,0.13529345902435194,0.12128919575596957,0.30277321038464056,0.08984692152097512,0.10669472134734202,0.054258121654175546,0.09503618779156835,0.05540767082692788
0.2142141543070848,0.07211404595475891,0.1206657081685872,0.04158447870131259,0.07892099749420574,0.10265425305134775,0.10640519590405656,0.09061307608681153,0.172828090331835
0.016696101344027506,0.05726398642258356,0.25813252644392337,0.023097228813575,0.1890237094690382,0.0857452390680417,0.07582613525752518,0.10386695993458807,0.19034811324669745
0.05855434281620612,0.07784546997102992,0.08491892382011808,0.2314497739847403,0.05335781423885946,0.09450666883656399,0.07945571903264374,0.16254681770221657,0.1573644695976217
0.1059859477355438,0.09291359064377487,0.10744430279967405,0.09121125984770014,0.14661059360173032,0.10466032092605493,0.13231555026073824,0.0990074509330528,0.1198509832517309
0.02216400743108962,0.08255751170365953,0.13526563983227982,0.23644353506123053,0.06901203192103722,0.07925874256873806,0.2031183851092507,0.07104253349095056,0.10113761288176391
0.19679454076052313,0.05801848428432028,0.12757385835540871,0.143818888415103,0.20658501791261163,0.06962651512449787,0.0718556697004075,0.0631677464475988,0.06255927899952911
0.03287304027742518,0.2544632112952621,0.043112110176396684,0.06307038362944019,0.08971139762951079,0.11580594840914737,0.06090434979851756,0.1335165923926273,0.2065429663916728
0.1668109025089,0.08909412271205897,0.10083377373350703,0.08064824375690904,0.0731671249921838,0.14859857207189944,0.11460188981831061,0.09577774747274109,0.13046762293348999
0.15319393995835154,0.09430443172768381,0.2622964092036968,0.03588063345484683,0.19700650339829306,0.06714183289825178,0.04971333664707528,0.0764220449850681,0.06404086772673279
0.029759751458436356,0.05181595231343499,0.14563148526214642,0.07281236689602048,0.210037250285213,0.08344074205211881,0.06627423493646437,0.10886012892888358,0.23136808786728202
0.1351323550399597,0.06153606379044673,0.17182756217495618,0.11592868546070854,0.03993675242663618,0.1675731860422455,0.08672471834489177,0.10740906265156507,0.11393161406859019
0.20202625519379594,0.23430727775883217,0.055739572979577566,0.07747306503664932,0.037848292575918145,0.11583750301816727,0.15086710733021022,0.05266071932172006,0.07324020678512924
