0.0949180539872294,0.24279060130265287,0.09540932637968501,0.11834693901551357,0.07592048190054855,0.09036810464825905,0.10370336135075446,0.06594815272815507,0.11259497868720199
0.17388992714358162,0.05450012524314688,0.05804324775929714,0.23783867570927242,0.09247892992298208,0.0365784218326406,0.1505411960286481,0.1291679606974422,0.06696151566298898
0.08515095759200468,0.1092417486159999,0.11082040944692328,0.08283689196837814,0.08187366541897019,0.07680219823875815,0.10074816305051708,0.2882847271899913,0.06424123847845735
0.14531004278156376,0.09006657320716889,0.14315504723579955,0.09516972012367488,0.1517526046369774,0.10272221220402927,0.11714522245978658,0.058839319228545635,0.09583925812245402
0.15681264946640058,0.07028781951006367,0.12887975226686668,0.06757639119127865,0.1687667575892335,0.0876313562903051,0.10612155992102845,0.16981997813257066,0.04410373563225276
0.08846766888705986,0.06879518038578143,0.09159962791740765,0.09294192153540605,0.12888049660731435,0.10427429137111106,0.10574813836537524,0.2551484373922332,0.06414423753831115
0.06642888423603639,0.09721763887310143,0.09764614711179183,0.0710545031504518,0.07335944864480015,0.08739695572276633,0.10898850183146407,0.274887450772436,0.123020469657152
0.05106245047976573,0.08008135251919538,0.08946027838951436,0.06807588480833958,0.07372718666659206,0.06304953571936596,0.07194862947081372,0.4323521777709083,0.07024250417550484
0.11537279006117444,0.09972393943838576,0.12497203867592489,0.0950558154744271,0.10918477290539678,0.11484821024186577,0.11844657137858988,0.06956935498107912,0.1528265068431562
0.0884232873370387,0.09675724945125624,0.10694974106176136,0.11722484029686768,0.14062568065830391,0.10570286294828084,0.11734540423352896,0.08255278672262371,0.1444181472903386
0.09096476745966371,0.13664170090383862,0.1052858040307489,0.09636174921807066,0.06385323253976895,0.10574236995838131,0.0952715207288324,0.24123152120042488,0.06464733396027052
0.10954403741192666,0.13950054171358098,0.10480990158531721,0.07177132057979,0.11106164698034311,0.11392057848893278,0.11976358671544779,0.026822924766910283,0.2028054617577512
0.15353387855009754,0.1244288771561316,0.10998947035718681,0.13537602490315861,0.09553291104922272,0.09768397071126107,0.12139883747655682,0.031840909465883034,0.13021512033050187
0.1269684361792868,0.06176779004626825,0.11960235809603,0.12492456788679689,0.1482254196442319,0.12298569332789022,0.10479928320538624,0.08207367326768215,0.10865277834642757
0.1032389294613667,0.08705676907134917,0.10842065420448548,0.15955806261134645,0.09558968256414561,0.10677004539262269,0.12228443633956483,0.10630553370012101,0.1107758866549981
0.07271648781004182,0.0505365352223544,0.09593796974919451,0.18152977785392185,0.0739313054966539,0.18002379719160674,0.08809533026749844,0.11942335039947101,0.13780544600925737
0.131586777553653,0.15994396148928547,0.10941090492130379,0.08580835749502802,0.08608774189125072,0.10209699880732358,0.11369801180987715,0.047557512041585565,0.16380973399069276
0.12454418410154801,0.08690779671938427,0.10833142066267297,0.13188877457029294,0.11785922735827348,0.12052333885797628,0.11129233416482254,0.021945422105862603,0.17670750145916694
0.12573354508163725,0.10198737963670629,0.11822499380126743,0.1721260898765706,0.10452156072534913,0.1116842408351757,0.12082515329943888,0.06195605574472485,0.08294098099913
0.05130089212450975,0.20921980041789925,0.07191127730999673,0.05771644326984229,0.0488022576823526,0.06668936369834505,0.08056118619657389,0.3638059273539371,0.049992851946543376
0.1063180940990286,0.16701372855169197,0.11084483496530345,0.10531484610594373,0.13959205838907152,0.09464678418285295,0.09807749890180584,0.08460609877696246,0.09358605602733956
0.11972895041508964,0.12170270177228733,0.11112775836496701,0.08035009355638212,0.11734667859025223,0.11851173816488964,0.11462231014101383,0.026460737417464377,0.19014903157765387
0.1304023564339967,0.10492386328169873,0.12171922158767083,0.1004894590764484,0.12992918298669734,0.1171928307812083,0.1440174906474789,0.04070479190122776,0.11062080330357293
0.14630258708495983,0.05566181913269987,0.14447862490201538,0.1065476330648869,0.1693379414611533,0.10874874952517737,0.13444448491586494,0.0701922891311882,0.06428587078205412
0.10897421824510843,0.15489769147685037,0.11630474143526509,0.08426887347751842,0.11082131367383628,0.11521030449401233,0.10728129408198826,0.07448044067999479,0.12776112243542598
0.0999751823712245,0.17329742147196936,0.1076938365492348,0.07133231459552047,0.09980126975866022,0.11360563019540816,0.09798967883295222,0.03858211999161701,0.19772254623341326
0.1072293062170568,0.05139948728850564,0.06444104420447484,0.2432241525280899,0.0835063018498693,0.03242063755040574,0.13895141379974102,0.23219188837346383,0.04663576818839299
0.11864157175983027,0.07101432576983724,0.08264965441374993,0.176722730326808,0.08960010293582155,0.12339925869339463,0.08946922888428176,0.00471790478523205,0.24378522243104458
0.1240468113308656,0.12045529031339032,0.11388833077485072,0.0834354319251361,0.11803567262275451,0.11604071673574828,0.1138417932755214,0.02753004180384719,0.18272591121788584
0.14207590759430608,0.0865040282524034,0.11820499489222358,0.11024568552733238,0.11698009676378762,0.1215962244086647,0.13751928118696224,0.0848880171585434,0.08198576421577654
0.1334575037502321,0.10258312236763871,0.1166497007889241,0.09205809072732761,0.10002400779041025,0.10272959597620328,0.11989908235332648,0.10462041449741048,0.12797848174852716
0.12519466241597435,0.08079498850064705,0.1487159962994893,0.11064863486274351,0.15635489503054212,0.12458648574465285,0.0974891961073664,0.0395148725932749,0.11670026844530944
0.04469425129890132,0.07994890322511185,0.11107521007904082,0.10882480815366254,0.06559098635434961,0.10613745064964447,0.06453739807987817,0.3300765541175252,0.08911443804188612
0.10305573009163023,0.12542118003959704,0.11073438238151313,0.08144033551693813,0.08690727032978803,0.12793303601645548,0.11604324838665497,0.12222793568063263,0.1262368815567904
0.14961794182462976,0.041564414479010804,0.0938457936261582,0.19275823721364457,0.10108004282043297,0.13810652812626256,0.1007971988616797,0.024296446687322018,0.1579333963608595
0.14482459396899056,0.04097170543569903,0.09476427435639556,0.10981636301277425,0.164262019634739,0.09204487439402671,0.15682914810204343,0.13685134676789443,0.059635674327437015
0.06159342194777273,0.10292190216448993,0.08137168654302138,0.05129590025807862,0.051915096430596976,0.06066987614180499,0.08704701155095873,0.45043081862802303,0.05275428633525351
0.08554128369784998,0.09020627516463571,0.08618960045607195,0.09211980678026384,0.0625875288080569,0.06499801212260077,0.11902365960562901,0.35971327490433475,0.03962055846055698
0.15951266699183392,0.10294668835242736,0.11430524887065147,0.10044163063036587,0.11264486410478097,0.11893815382150603,0.1073087704932037,0.017775323282389933,0.1661266534528408
0.09438796498554597,0.05751644163966004,0.0979748260793097,0.08400314316471663,0.10028573149488057,0.10743220776344965,0.13357087684969624,0.27295496236446676,0.05187384565827439
0.09647075597455312,0.13069244782934464,0.11267769102294,0.11051623554709261,0.10609147545607321,0.10731550271554692,0.11972169129243809,0.034674784073098625,0.18183941608891274
0.1404871222482953,0.07758523912819411,0.1151675332591574,0.0935312056432878,0.11571364962869864,0.09447885043317195,0.13816537917800575,0.16167213873328415,0.06319888174790482
0.10669978583459865,0.15949353078230974,0.11381804456980378,0.09563998387488017,0.12084154717040696,0.10945833674311685,0.08875066695268796,0.11365976920316206,0.09163833486903374
0.17892512122382867,0.06842294445308371,0.13439626549143865,0.09441637444824251,0.22860970063082983,0.09513361917927175,0.10851480703912088,0.03343297284325116,0.05814819469093288
0.11377482779847686,0.05585101600875093,0.08795661458788472,0.11643824005792493,0.1032149033945186,0.1280372930089205,0.1233752915931835,0.04863294358155353,0.22271886996878643
0.07289996276845162,0.17211054329160766,0.07306922593443292,0.15730591800228602,0.054950515963807435,0.1010301395306195,0.10547046433143414,0.20657771268124592,0.05658551749611491
0.10176008528585757,0.15259996358457267,0.10541264285139622,0.10153025897844514,0.08635058261598112,0.09512713443599186,0.09975400867050777,0.19823415566058802,0.0592311679166595
0.07332724660982058,0.10448786457109993,0.10998474796992452,0.12199330479734438,0.08572712042231061,0.0886346583630524,0.10226238877044543,0.20247382005424583,0.11110884844175635
0.06846532520908201,0.10503790813282161,0.09762490489454691,0.0751548131659152,0.0819587919868694,0.07762886579211042,0.0823875059606712,0.30536881817857475,0.10637306667940849
0.10040513204145844,0.18195581829702265,0.11039965428432107,0.07625694527331937,0.10250880583990975,0.11844277516270263,0.09438237964660391,0.044276870833593794,0.17137161862106842
0.08663337036817116,0.1265367279016991,0.09874752095108907,0.09115193221645534,0.0691177930216077,0.12245237522739083,0.07471484093772665,0.011809557593704417,0.31883588178215566
0.09704723681983156,0.06165060008362744,0.10681479803045896,0.09263605113543716,0.10608262371564559,0.11009005976888087,0.10362815201479784,0.2433481033195993,0.07870237511172128
0.10456854529118098,0.2506282605898263,0.0987413994430094,0.09736234852512603,0.07682916519692432,0.06855657578701495,0.11646255698829593,0.11965917052883503,0.06719197764978717
0.0801274435842177,0.037062209016125676,0.08526536116190998,0.16861006541729429,0.06396509412494261,0.126520310432039,0.13212732040370853,0.24439865895052648,0.06192353690923574
0.10022633331990323,0.041910110919740895,0.06588220088685041,0.17736097764839556,0.07870108789681478,0.07856030494732914,0.12635129140525392,0.2783124901395066,0.05269520283620547
0.10155412379256497,0.15018974227538387,0.09383463556254366,0.0810503209468758,0.08429503783910682,0.09527085721583554,0.11173354209952234,0.20857838095108638,0.0734933593170806
0.09700639442020571,0.07610942992654528,0.1215456045198572,0.08944381191452588,0.09007242562291871,0.14733426089736673,0.09626558672000336,0.13406961804597317,0.14815286793260385
0.1329156120296811,0.12190682001417612,0.09879345352049496,0.10866418653344684,0.07325771003877295,0.10103563521804819,0.12766876127771323,0.18966970184347495,0.04608811952419172
0.0904678719703728,0.18737753358084408,0.09133770882391873,0.06808085986889513,0.08078027091778794,0.08799105157809174,0.11570366368330232,0.17667927733528707,0.10158176224150019
0.11211329494074444,0.08121889003081285,0.1186611756476003,0.17738125103442262,0.09348359918566246,0.11522627570214909,0.11216726537119144,0.02333576702520741,0.16641248106220938
0.08924472941376375,0.14008404679556907,0.10710891709271314,0.07600590639050121,0.11460296110429698,0.10631542426210051,0.10712671891165597,0.09335728199968497,0.16615401402971441
0.08173744893455802,0.06961667179183369,0.13255662180333583,0.10151153499241371,0.1099733850552979,0.11739556282276092,0.1054897248100744,0.211805628838354,0.06991342095137151
0.13877848604095774,0.11192097275095168,0.11351568152352527,0.10785482774368016,0.09383823500791895,0.11348474326866209,0.09709597570810619,0.11668282185973866,0.10682825609645925
0.16917744099862,0.10529444501097712,0.11058391296942079,0.1067264643690174,0.12023634628266394,0.08928765262853876,0.10663871051191186,0.13669687853258342,0.055358148696266624
0.10154686467860789,0.07087097391660933,0.12544865717977885,0.14936901679042214,0.1230353744991841,0.12770208406506695,0.09572618688133609,0.059349468478085664,0.146951373510909
0.12869268032957984,0.15601806923213224,0.10390182208530059,0.09154630840270017,0.12068585762527739,0.08219611827523407,0.10502210163111386,0.13878649186426334,0.07315055055439847
0.11496805988664066,0.1512326289477602,0.11263339470738841,0.13632291903415325,0.08245301690907679,0.0915798805255479,0.12214208751935594,0.046444650957045704,0.14222336151303125
0.08745745194627864,0.1095576022759754,0.09513798933696847,0.06632832450311003,0.10106284797815522,0.07833258242667392,0.0871337404840269,0.32455508683316175,0.05043437421564953
0.12618703048023316,0.14498998363694046,0.11373321395247261,0.10579484764023894,0.11488858142354304,0.09900608719542446,0.0849744497448645,0.13017101096703398,0.08025479495924882
0.06914894691279165,0.05235918491981595,0.0821401777939584,0.20091414877248712,0.07466656218862511,0.0783490861429645,0.1292366204092341,0.20758134091237324,0.10560393194775007
0.09862879410535348,0.13201749349041475,0.12950853615596072,0.09237138236644889,0.17206097266587642,0.09790631117977648,0.09598397057918402,0.10172845111406131,0.07979408834292394
0.0575181498553794,0.11261189113821084,0.09557946336279195,0.09772512325582687,0.07950533563664958,0.10437154931922481,0.12170111735602733,0.2265574656378976,0.10442990443799173
0.09549388038550094,0.034495171096423,0.08704900320449678,0.3047115136839543,0.08767656234783851,0.08476505676600259,0.16712874858121898,0.04416764903947079,0.0945124148950941
0.08007280059541232,0.04634385508768298,0.08962628678546386,0.05658061188395777,0.1418092833863859,0.07568295803274183,0.09150875764436352,0.3725787036526409,0.04579674293135091
0.05943503299400695,0.0181905588226231,0.07064079056233995,0.1769432594113526,0.15352815228393044,0.0921159187262241,0.14766975491818185,0.1707593792498426,0.11071715303149841
0.15039419709316462,0.14958036514474315,0.09997831327611428,0.10381068241615932,0.07924358901552588,0.07780510366191266,0.11358171385540801,0.1832996621047441,0.042306373432228005
0.06022273649287028,0.09781193524758026,0.10255122133408574,0.08151874998361107,0.0903433075313429,0.09745158122633361,0.08678937170402633,0.2840089556694702,0.09930214081067958
0.05609652491466736,0.019606169927823398,0.061020181876041336,0.1759983102387919,0.0950720529879342,0.09850017525991239,0.14495463415465418,0.26694321475843746,0.08180873588173775
0.11007035272095751,0.13820436913172032,0.10744887490847026,0.10121429061357397,0.12852859207998324,0.09283364579928481,0.11090591954074547,0.044678801293068726,0.1661151539121957
0.13628836792350488,0.06151529777484163,0.0951463385282756,0.19326776411929983,0.08164732441850298,0.12491664100965577,0.15708186306791502,0.02918776915522089,0.12094863400278343
0.15006116846383744,0.14890461760500198,0.10623375850409035,0.09817754201236573,0.08672497590257962,0.11829312105473888,0.11622875013223122,0.08357355584936471,0.09180251047578998
0.12061649003269877,0.030961318352281015,0.1159373023936917,0.12241369986919441,0.16487471363012018,0.14949689548908376,0.11180083166362799,0.07640006456572275,0.10749868400357936
0.1081799255893674,0.15499622251887804,0.10955869885464387,0.09099267245995739,0.0856052315772124,0.13307499420686675,0.087597881350857,0.12653925878587644,0.10345511465634068
0.17798431865197717,0.11853092607840705,0.13283412095300742,0.13237716125365104,0.1345828173493836,0.10764826946728077,0.10243073105420879,0.02575421962119258,0.06785743557089151
0.10893933288847617,0.21876371352280696,0.08820258262852905,0.10759370811428615,0.09413128474012289,0.09940319285290065,0.12495807484652817,0.029386967265625175,0.12862114314072481
0.09499566298409523,0.05755797042392415,0.06763028480925068,0.2759467232909177,0.07835766312435576,0.03226395206839095,0.1878673845219784,0.13946532664339636,0.06591503213369072
0.11922218157543017,0.13589190614692426,0.11299969179506629,0.08398925565337904,0.11614008558052709,0.11580268752726881,0.11257613885448219,0.057133493636507125,0.14624455923041493
0.1237411472023154,0.046086705281892536,0.13191418410829056,0.07919862919582665,0.24579786926344785,0.10790486751470212,0.11276598632826322,0.08750380042929033,0.06508681067597145
0.12823841450303508,0.15644303502271475,0.12269950900490682,0.09297835141154796,0.1706021394076923,0.1044109254369386,0.0884004393319288,0.04649705332409321,0.08973013255714248
0.07183438365016896,0.049034435002558864,0.06010784243622658,0.16574653503993056,0.07147119994739153,0.08407631328860653,0.11056972430873553,0.35442302556715616,0.0327365407592252
0.0837198123166953,0.02810167324770428,0.13401926035108191,0.08497130869796793,0.17641222172320628,0.1333276896551818,0.11377923962529435,0.1329604119972554,0.11270838238561282
0.09045830512338345,0.04101510605668309,0.09116557727026191,0.05948355850433105,0.12659452851039976,0.08895575736500837,0.11254445011173546,0.35121880657729854,0.03856391048089842
0.17656211079494377,0.08236756166660655,0.11966403816178822,0.15848032062023631,0.10510519039158865,0.11156365299087513,0.12456789884029112,0.021970999135216912,0.0997182273984533
0.07769111766533367,0.06652865888458113,0.1079298917496808,0.07358906083159632,0.07911953481327359,0.10351542883211157,0.09647582237996928,0.2715141838265999,0.12363630101685365
0.09889963588708028,0.040256053907363594,0.09848615024942413,0.12848838564298218,0.15988530052854114,0.09538652888030064,0.17117663484240989,0.09592626329633874,0.11149504676555945
0.1288345554523012,0.04185010292812399,0.12486038293774264,0.08517230124582648,0.21578017824786963,0.09880400053287457,0.13128539788109603,0.09469184075085298,0.07872124002331245
0.1351357625922936,0.10408356486739723,0.12619642173363307,0.11624448530588911,0.08243232771926766,0.1269363944188444,0.09249226153337638,0.026704499118122543,0.18977428271117594
0.15589041786650595,0.10381055994762445,0.11101304057153848,0.114327918098938,0.1638727860725149,0.12452677582990784,0.10388078208249414,0.02713651002060785,0.09554120950986834
0.10309161780073241,0.10145453557565724,0.09751694199391865,0.10193608841001574,0.0646515210166521,0.07629399773749748,0.1107898196453244,0.3105756010531289,0.03368987676707299
0.08925431675015942,0.1277443762534007,0.1187916358317056,0.0873842882699849,0.11199538002744952,0.1079897540167834,0.10138904154748758,0.15593088483033674,0.09952032247269216
0.047181454340441464,0.2127764622344945,0.0724501372507884,0.04928119501627045,0.04360863307731138,0.08110677147375826,0.05256744991854819,0.37261528140546313,0.06841261528292421
0.07164714782976926,0.15828353848466126,0.0894384950815121,0.0761259886304687,0.06905417116383855,0.07542787817994856,0.09689172771567651,0.305981534675613,0.05714951823851206
0.12681989626647483,0.1489620990881089,0.11224245565141933,0.0887552757890751,0.10879318520506036,0.11196865771433982,0.11428424277795768,0.1152874252672396,0.07288676224032432
0.06161854973147812,0.22694309513872676,0.07001762608187168,0.05893844868050468,0.05313531781174255,0.06615552193734332,0.09644986079231681,0.30946093881540887,0.057280641010607224
0.14154695378764057,0.06884046490907042,0.12554300682595923,0.15183243712823188,0.10734242781529223,0.10422840460000253,0.14001216065913888,0.05809869319875802,0.10255545107590623
0.08131292881707958,0.05689892522272588,0.10850108271155838,0.07458274976785573,0.11597982388021473,0.07872669236952777,0.12052350277998142,0.31247436890872127,0.05099992554233527
0.13780528461681835,0.12958544829303356,0.11537765260955014,0.1035405987999869,0.13998188610435586,0.10285873474308231,0.09550941409362716,0.06301209334974135,0.11232888738980436
0.11081514062619413,0.0635480403846447,0.1217896128076572,0.11222282136248124,0.11715310622885006,0.11753505934358459,0.13086970220937397,0.11015675598326972,0.11590976105394439
0.1316838085353453,0.1261557698488656,0.1086097107684159,0.07185159274708076,0.0978547785437079,0.12025536687225429,0.12090523354952465,0.11171120322285959,0.11097253591194606
0.1129374839689476,0.14876645886657966,0.10477505920309395,0.08243673571330072,0.09765220001834585,0.09506074623170387,0.08971057199995482,0.19976181933077583,0.0688989246672977
0.09045455260133968,0.18493561137583392,0.1020115997478268,0.08690905399922501,0.1027778646418643,0.08369415624040245,0.09724441285663776,0.16310629505518615,0.08886645348168398
0.21192692800278357,0.10299711418100253,0.10902257695825508,0.15131526422337302,0.11393085761086919,0.0921443649514883,0.1229948781896144,0.032933752816643146,0.06273426306597077
0.09971045190888402,0.02512294167980067,0.07237997651886431,0.28961971182324237,0.09932167963429454,0.09880635826243755,0.13782254426874455,0.041947709580392366,0.13526862632333972
0.18566246352816032,0.06643111215070299,0.14316480179937838,0.11700391835091038,0.10484821666038253,0.14480419028120128,0.09989076899342066,0.08131699793442157,0.05687753030142186
0.11124035343802617,0.07392951220908783,0.10445784207783154,0.11598265627858186,0.08342014850490014,0.10427841400538757,0.11626656494443106,0.23166100730514474,0.058763501236608985
0.1338137749435593,0.09613983336270916,0.10931991908791618,0.09021939937020686,0.10592868246681804,0.08347285188900534,0.10656509119864499,0.20190530743304616,0.07263514024809398
0.12852808575059516,0.07429531928335885,0.11742901830268783,0.0771312835166802,0.10303827248979631,0.08830268864773967,0.10660002386767685,0.22770535034297726,0.07696995779848788
0.13248507588007444,0.13554531168059622,0.12801211930491072,0.11086566262285076,0.13011666338228398,0.10526645282762624,0.09978420373362284,0.08493122941641157,0.07299328115162323
0.09178548779834193,0.1301720807919989,0.10798113173513789,0.0859924371735371,0.10129490283811436,0.11538582084561654,0.11175500683480198,0.1254251509348736,0.13020798104757772
0.09473860906364834,0.03242391085653612,0.10389628907144789,0.08792700680299659,0.1226497337604318,0.07147761323873308,0.10469669717644144,0.34081577954787606,0.04137436048188876
0.1877721500881225,0.11818208204075942,0.1258239693528068,0.11382270999883508,0.10003935324235824,0.11474977689827788,0.107220196366117,0.05138470930116004,0.08100505271156298
0.10457632887735213,0.17427787141165715,0.10192016601351743,0.08442144252612388,0.09183671283882205,0.09236283215961444,0.10915124018071504,0.17034412342139585,0.07110928257080201
0.06881881964815252,0.07677220880685345,0.10350953528444655,0.07728715336972813,0.08938331868746886,0.10202440603097611,0.111836854171526,0.23421204143539232,0.13615566256545603
0.12376462166595885,0.06165077510045219,0.1139307273163875,0.10136752302959334,0.1118920900843658,0.09711421632819146,0.11923298933163289,0.2165289615000425,0.05451809564337553
0.16409905181253073,0.13171208080924443,0.1104186791059651,0.11079130781326864,0.10087266271430506,0.10750042066180333,0.12362356179051126,0.0477873986056187,0.10319483668675276
0.09603181919572727,0.11719965536482362,0.09051555645535055,0.14969621947675107,0.0973570125361058,0.13127528416636583,0.10764277265868046,0.01606785822216705,0.19421382192402836
0.09507370030858468,0.07911580745529623,0.11249435813353965,0.12088402083518383,0.10960530859314632,0.11162524017728626,0.1100979618774622,0.14064353325452159,0.12046006936497933
0.11684578151778718,0.06451769413784526,0.11127479205789693,0.12002927089659705,0.11762598588285644,0.1121529426602733,0.13639807165472115,0.05769831377059898,0.1634571474214236
0.04544941567545799,0.03732611067085752,0.06384560312856591,0.14470414894483327,0.05274302955490701,0.10599595834980584,0.10704413893970681,0.4080432300736614,0.03484836466220431
0.11556318277648403,0.10822591604404248,0.12060864316359421,0.09063054090440124,0.11068477237705482,0.11554587080578742,0.10189393715643798,0.11493850646871905,0.12190863030347876
0.15593611719870112,0.10008386370776488,0.11747259905823897,0.11469952535721166,0.10515057305037377,0.11594095153094626,0.12644485081323031,0.02727994549268267,0.13699157379085042
0.16097819394069957,0.13923362009538154,0.11911264583608754,0.1030152843796418,0.1269908150285783,0.10982278910333232,0.11103275355166359,0.061209755507313245,0.06860414255730211
0.09862835737043624,0.08526000620362034,0.11112650150074416,0.08107369113736267,0.13033447217079827,0.09251941432389332,0.09484815925890182,0.23403688468186448,0.07217251335237863
0.12443971130386804,0.1398612934986316,0.1171752200731948,0.10908957735224982,0.12326976219747676,0.11763563757884636,0.09232036095157388,0.03234958349371739,0.1438588535504414
0.08947196207551751,0.027077273799716566,0.08314072763078516,0.27152880003383956,0.11449669960315674,0.12145971520305236,0.1470337195794774,0.0438686861735842,0.10192241590087063
0.10109685772230864,0.1722863387201248,0.11223549413833094,0.07894540990747288,0.10448773421172765,0.08202635089665829,0.10461307202001331,0.18692468018152017,0.057384062201843354
0.11272834011199843,0.16453701796212714,0.09394590363091963,0.07845114688603534,0.07982233182438016,0.0884966648436557,0.11718355469796478,0.2043711953936805,0.060463844649238395
0.06943965689663238,0.16718709568488474,0.08952665086276666,0.07276883990591347,0.07962326784168655,0.0757092764401374,0.08706647989548728,0.28476384269565774,0.07391488977683383
0.1331574985805289,0.11222451694479585,0.12522323342451055,0.09160874731872382,0.11048672728299795,0.12156310298798688,0.10026728331639878,0.07521152260679867,0.1302573675372586
0.08669400889693125,0.16425677746114195,0.0843913521923364,0.09808217014799199,0.06837295934736777,0.06767405633867092,0.11726032578972329,0.23942661847930266,0.07384173134653386
0.09444536281664169,0.12328548595494626,0.10516452457330795,0.08464434270044426,0.09231336440640414,0.08722797703835734,0.09903562641956531,0.24221009949184977,0.07167321659848326
0.10769424976049885,0.09519539787692555,0.11576445495656146,0.08153472921425699,0.08820405303348407,0.09110690761027825,0.10905414186516528,0.2333660978553297,0.07807996782749982
0.09782831821122347,0.042838237853516564,0.1122504716713462,0.1466838566853419,0.08796767994137265,0.12293879694494836,0.13114276533434036,0.06320201515690935,0.1951478582010011
0.09154736872579218,0.06371623569005515,0.09089734595794147,0.11419808876007125,0.13282879688916527,0.09771789944436597,0.13214314369063618,0.20262572610192686,0.0743253947400457
0.13607724074362879,0.09455782130501265,0.118368724939814,0.13503006810619103,0.10207661216019888,0.10984264967163111,0.13092701360265235,0.09153181333672387,0.08158805613414732
0.07416093769064765,0.049834341680361445,0.07802201244754073,0.15203106758850635,0.07802531473704198,0.08301470168682379,0.07600477976849694,0.3517794653017399,0.057127379098841156
0.0901499135685052,0.17441839773885773,0.09143896867002198,0.0872275442454374,0.06993838878510224,0.08616322259628488,0.10405275346956488,0.22193371616440646,0.07467709476181916
0.07162810688316085,0.06819472448830886,0.08362475050955566,0.09441415889037363,0.11641313842409651,0.08499072785544008,0.10830273142482065,0.30393510631843207,0.06849655520581174
0.10300612245021686,0.06875164256306572,0.10582365318894871,0.10810109445938336,0.0915884372848711,0.13659021249084613,0.11336613014359599,0.1550792901253991,0.117693417293673
0.06662388450516726,0.0222482018758861,0.07414941236287802,0.2495324585685158,0.1008752306500212,0.10710661274738136,0.14155897700721823,0.12613931908635545,0.11176590319657657
0.09863081378562703,0.08967467620501916,0.10448762741781792,0.09666523105221382,0.10549382460892053,0.1087036098211173,0.11406973759708422,0.21659149650063836,0.06568298301156157
0.1527834153262914,0.06270386498804621,0.11342799407400728,0.107886885238563,0.12365387645546988,0.08716908243245595,0.14474459381417235,0.14399610898918208,0.06363417868181187
0.09661261441421883,0.10926548853501256,0.09460412288158367,0.09220671838131735,0.08376050310235794,0.09820681047297841,0.13564437629332823,0.20178128761455047,0.08791807830465255
0.09431278735230016,0.05615191890314552,0.126767433765434,0.0991349842799002,0.13623942080588916,0.11160862172909737,0.10512455315857566,0.216627034280784,0.05403324572487391
0.12499390378702453,0.14197765427968065,0.12301210334247063,0.10271545656250557,0.10480439455099684,0.10950153981429551,0.10725248968275154,0.0483279957151014,0.13741446226517337
0.10832028368541602,0.1858736241658876,0.11094676153657594,0.08484816512907091,0.0979624288829372,0.10056610906122776,0.1078520930879246,0.12873292394934668,0.0748976105016133
0.12570646396093013,0.09619115844040693,0.11726392186137484,0.09559440552674346,0.11029390979269353,0.12750542380228158,0.1135995853423935,0.15378041148868626,0.06006471978448977
0.168611405063445,0.13835040383429836,0.11945192059594008,0.11515895356628608,0.10516805105971894,0.09701954033421546,0.1164792329371825,0.05187761473615177,0.08788287787276179
0.07316969675403324,0.1158503161289971,0.10945052447473735,0.12144003067558191,0.09356799379377805,0.10352532915195241,0.1100820800058258,0.08858249182284444,0.1843315371922496
0.08924579583279348,0.06093737211169409,0.07164736206174925,0.24805928333810698,0.09661186438836411,0.07930339755772403,0.11589868200265065,0.18395172205607677,0.054344520650840576
0.13519492932399138,0.13271931409692603,0.11213816453134551,0.1430653686575018,0.11343070434119555,0.10025327488403506,0.11718057902664654,0.05764828760372152,0.08836937753463663
0.0726198775572061,0.019807918158006976,0.08981151059941413,0.24099915805493932,0.08821494982815585,0.14679851373168018,0.1311359826869994,0.07836983275680502,0.1322422566267931
0.09597581949534878,0.03334466654234158,0.06849407069175663,0.2560346453099452,0.10423043028364888,0.07034290100492151,0.1383040276809593,0.18008148862828552,0.05319195036279264
0.07041056198536372,0.09793106533477706,0.13888322349904417,0.08764475731466387,0.14344913932621153,0.08934975734190226,0.08330865597116076,0.16004784212034237,0.1289749971065343
0.09928837105387323,0.046365496561972565,0.10139424386402647,0.07356745725001934,0.2537110147226809,0.08305948036022599,0.1243980028754506,0.16245128757240224,0.05576464573934855
0.08236694311775176,0.02529542512608422,0.10268403496959418,0.13970532976679742,0.12621504324924707,0.13578695109709382,0.1323944778847366,0.09495823902690048,0.1605935557617944
0.12303107516818194,0.10061618459436067,0.14013459472796,0.0956820020777462,0.1173422463391766,0.09485762169400402,0.10048635478585259,0.15854293848194959,0.06930698213076832
0.0671745485640467,0.1062589790913084,0.09446289215828574,0.07004560198079995,0.07368295978748711,0.10740066051688768,0.09201553973537806,0.18595480661811448,0.20300401154769188
0.09295483203697547,0.16904004220325178,0.10247486086903718,0.0748808425736442,0.09650654424182452,0.09346898157791306,0.10936808956411814,0.0973061695151225,0.16399963741811316
0.07088949301845263,0.0825696981546069,0.07629791613663424,0.08110207737807285,0.08276632705088874,0.06346280781976178,0.13198207586997387,0.3766479723491645,0.03428163222244459
0.08101599915205167,0.21486118015835057,0.10928158679625428,0.09075244887971208,0.08243039677199644,0.06296038109890371,0.08919030008863642,0.21590142143912294,0.05360628561497188
0.09108978775672238,0.07326877352157755,0.12515280039024682,0.10748066871640138,0.11838608097480102,0.123448493026916,0.11433479251541583,0.1355800691511142,0.11125853394680474
0.15431362739061533,0.11446576825943766,0.1122691703912342,0.10432824912973136,0.10302407331958541,0.10452106797013923,0.12389548804802275,0.09744381668440229,0.08573873880683174
0.10296469474546395,0.04994140147496293,0.09555288350292819,0.22460665475848407,0.1154310464953437,0.11858743945291499,0.12152264788243677,0.12793851220172336,0.04345471948574198
0.11010074295399686,0.20966160056373473,0.09122114537536698,0.07375965223328214,0.08574415641681087,0.08590186539331501,0.10092380336487294,0.16918082962849076,0.07350620407012969
0.10725235688397018,0.06260076885494524,0.1228661250147897,0.1004424157907583,0.2061236943520679,0.1299067212069352,0.10539255468433052,0.08413877417739866,0.08127658903480435
0.059705495391302384,0.023755199738131755,0.07749709435206346,0.23650481603052334,0.08748802785756322,0.13245770796736345,0.10389251400690214,0.1709025343563085,0.10779661029984167
0.08379429397255,0.16408681315863757,0.09986353199377873,0.0722162688413094,0.08991171812304305,0.09679602012170885,0.10716804461905176,0.1583810879589633,0.12778222121095742
0.1071782062382115,0.0374769188975669,0.08963422942319073,0.21287385728662986,0.10053984762862511,0.09322928356544774,0.16559467229516056,0.07183875303740184,0.12163423162776581
0.09593163172452383,0.12334150614123579,0.11670642578642008,0.07810412791462386,0.11905952278311654,0.11123772409243594,0.10250688228423277,0.08802849562944988,0.16508368364396128
0.1328128714955291,0.11594624372323935,0.11465635987823343,0.08712733881682216,0.1086023558882336,0.11990397734115914,0.11821678886079695,0.022039358101243012,0.18069470589474323
0.1158254456631359,0.14746954039634674,0.11980785449276266,0.1017040916279267,0.09564120617727123,0.1278031981511746,0.09247958159314161,0.02527273983775885,0.17399634206048167
0.15495594099082433,0.1130819042504266,0.11627720194658049,0.11262553631788018,0.08362938014371724,0.12191887545122287,0.11613586524264373,0.10431833592603572,0.0770569597306689
0.10170747629170214,0.0680577465401943,0.12489101845408379,0.13630071563970902,0.11385090376637023,0.1183813540412485,0.09862957472937288,0.09621419795226811,0.14196701258505107
0.13932441036507853,0.10984719420934425,0.11035442401019525,0.08986472823428138,0.10951774669112185,0.11493224735286516,0.11985982656626604,0.019314163283146377,0.18698525928770124
0.1255892836987796,0.07711153279194287,0.13364211855751681,0.09884169790325888,0.13791938509683346,0.1264209543294251,0.11434107755206842,0.11138101547098767,0.07475293459918715
0.12602592263459925,0.12426302423182545,0.11828572268600339,0.08790496767089817,0.1080682239840518,0.1019736826569978,0.12249938960503748,0.11990374467199257,0.091075321858594
0.08752780208662153,0.1121480629361955,0.10534887960156787,0.07706116741773265,0.08696711634739894,0.07929374224133262,0.09228777649631209,0.2877361958422842,0.07162925703055455
0.1362208021422412,0.06257538827715177,0.12329371978767671,0.10900873837492912,0.1951592719765931,0.08236804326794493,0.12542424884490058,0.11030624173995278,0.05564354558860982
0.0694898713359192,0.09670266248414332,0.08844357415915712,0.07278931574562748,0.1477928160934663,0.08193187201944645,0.10247678206328624,0.2731339036615777,0.06723920243737626
0.14180400967599507,0.14517740771870205,0.13177081784766265,0.1671657377488157,0.09609979294376704,0.09161116284299499,0.10744859218209779,0.02442992254996477,0.09449255648999995
0.1110323235097704,0.06523526921138441,0.11016479078731271,0.11452326759061436,0.16015429569602613,0.12362839333451799,0.10030865758563003,0.13726286960073117,0.07769013268401298
0.10635637781721878,0.0760839243455811,0.10996710474279826,0.21153957649238064,0.08907250977600933,0.12673024619524084,0.10384602696754786,0.06442353052728977,0.11198070313593338
0.08959461271721292,0.13059463165856203,0.10290463580339547,0.08408079008369058,0.09551194396498992,0.1101875797902258,0.11233814610511704,0.17296881149710183,0.1018188483797045
0.14232167383046446,0.06947347277559064,0.11413257951644483,0.15078993276609273,0.10183992837577728,0.1283591302870696,0.11003226726341526,0.020091098981965715,0.16295991620317946
0.08199760612449106,0.17630682135469466,0.11887947690475897,0.10383390510783873,0.09429542592101463,0.07662714350029333,0.09207930558148447,0.15797087211149882,0.09800944339392531
