0.10985650247329354,0.06157952213688093,0.11422349826864427,0.12969544826209603,0.11368850151058114,0.18568641863944316,0.11214585816648999,0.09355096823437097,0.07957328230819992
0.11924730115375341,0.13625399843526095,0.11879315072534802,0.17133311259973885,0.1077152139382192,0.06747651141576215,0.06539450661004477,0.09369830819208003,0.12008789692979265
0.15242966222729146,0.11692015035145287,0.07389704992033701,0.04675552119453857,0.09229432379251508,0.14151241268220424,0.14707369062265416,0.11674229070341063,0.112374898505596
0.12986420018707398,0.13058446117146363,0.09566828412916362,0.10287532206746036,0.10712434745253553,0.13791702574114792,0.11357473166134875,0.11790103809274914,0.0644905894970571
0.1063583223890145,0.0780642152716919,0.09302258968460035,0.16133548907996195,0.10990535269563169,0.1592555273518451,0.106854090055029,0.09199330873892504,0.09321110473330046
0.07350291449647785,0.06932460215731244,0.09492267291237828,0.2208091991461961,0.09251024190496798,0.07674916862239585,0.14660276739374498,0.12317726718922711,0.1024011661772994
0.12074047734079092,0.09145533961926078,0.1351744673761587,0.06624485258555267,0.13956009572669745,0.06723083072384263,0.07484715350508307,0.13962221078133916,0.16512457234127467
0.10512804825371717,0.12073537513965045,0.1345514490204791,0.07540952396886406,0.1140556809624782,0.10638242902769281,0.13464978161259764,0.1016856139520695,0.10740209806245093
0.08100768639756477,0.10874823849291586,0.09636223956641847,0.16448489869742786,0.14304078732396372,0.09244488421762849,0.07115440677734589,0.11464466852545653,0.1281121900012785
0.11557571024328916,0.11284461687811607,0.08725409928210122,0.06253600863643659,0.11552154522780357,0.08653741948240022,0.14441664514032196,0.15833718313628825,0.11697677197324297
0.13039371854767168,0.1338269760598111,0.11761328375121065,0.1564462104576302,0.09863801674513617,0.062298436337668565,0.08396169954918109,0.11859548195796989,0.09822617659372068
0.12686132447481932,0.07774166746793877,0.12282902049166448,0.06398940988855432,0.12380482462199337,0.1403700090809504,0.06941887147338754,0.14694995324327745,0.12803491925741436
0.09720403050161903,0.06392935952934851,0.1593123772864479,0.09094367522806239,0.10553732094269995,0.07107574429117608,0.10802504503736816,0.17281287768735729,0.13115956949592059
0.09497507997617656,0.05647107536128812,0.16448994514918416,0.1317973367760368,0.11200003444421101,0.1283188614366381,0.10270094055451512,0.09693017415777155,0.11231655214417857
0.08710699263013012,0.08309773143361936,0.10149382336136098,0.11174983268871796,0.09759932866710264,0.16477381053246298,0.1736165946824053,0.10358972932508502,0.07697215667911562
0.13090861375241944,0.07788287068682703,0.12103126917568112,0.05047226148983373,0.1249752204671053,0.1294661679395839,0.1181877514823869,0.12380536607284272,0.12327047893331976
0.1735070154904873,0.14966680448671646,0.08822168303468525,0.039345853120247874,0.11256976800896816,0.11105378712412989,0.08710544384390333,0.1261722548695152,0.11235739002134652
0.08677567360359063,0.09381557622506237,0.10958177426792966,0.13207969855984572,0.11488379796323396,0.10852381551031458,0.15245857616338568,0.11158108102215969,0.09030000668447767
0.11150360853182277,0.12167230491688226,0.11581070068634806,0.137408564967662,0.11757601509868841,0.09102674360452516,0.10237764584329194,0.10709234808155205,0.09553206826922744
0.1441703354121566,0.09972379489479616,0.11069397332579718,0.05050102994187209,0.11054433566211563,0.17684446501484796,0.09374765047440231,0.10640106798774568,0.10737334728626641
0.1308792877115683,0.12548969037583713,0.09225773390790727,0.08163920711385121,0.09360747670965834,0.17714119867379738,0.12657382499487022,0.10197322268748481,0.07043835782502533
0.13185575733882426,0.08973238541304375,0.13853338780165056,0.048214630299679206,0.1275619249216644,0.1198466201324722,0.09584918718260053,0.1613508027249586,0.0870553041851065
0.0896872771665642,0.1121641566231281,0.08075913359263558,0.1983329795819999,0.09728425376949028,0.13430513244352502,0.13219928945060988,0.07342414246840538,0.08184363490364169
0.1630688782074534,0.06569884778951925,0.11131873189242296,0.06592505049719338,0.11042319593929849,0.15383890080336196,0.09755698887728252,0.12229770543734815,0.10987170055611994
0.1568714190639342,0.16032264711452582,0.10136845860465095,0.12277875380247387,0.08974472372024278,0.07643768006803173,0.09187419644339005,0.10213968788673482,0.09846243329601591
0.08522226294150959,0.1624026942595619,0.07766419245733204,0.09406645704177763,0.15815902707888094,0.07074351558151407,0.06473181469608737,0.14885476897668834,0.13815526696664818
0.11958433590323875,0.10780856520486104,0.10758740677923928,0.08786987161796138,0.10356717175936529,0.19359916196476393,0.10487675171577815,0.09948040051408542,0.0756263345407067
0.10347479628464402,0.12087212117960293,0.08937525678172002,0.0704205155059187,0.11337250524774552,0.08886036659673648,0.12395678900391156,0.08829542293495096,0.20137222646476982
0.08898179908619068,0.12685538166941282,0.10588601753545422,0.05920069644053633,0.11495712015645898,0.12232645273985886,0.16526470573468555,0.13544759109677168,0.08108023554063086
0.08886865245686675,0.10000570878492283,0.09566262250364128,0.08573627563366819,0.14546935245651282,0.07470251833802355,0.05780563707492392,0.14711153136420674,0.20463770138723394
0.1124965900505831,0.13464010269283305,0.10646969069901013,0.09880186721019513,0.11829800818222967,0.11513714745766028,0.11802252076601137,0.11288214288832332,0.08325193005315386
0.11146625890566357,0.0693757693567263,0.13946193773824797,0.06757454310093242,0.13905962886307333,0.07931878740088646,0.10297086327058753,0.17108549349086444,0.11968671787301793
0.08839519029406932,0.16282770527766072,0.10532237974396359,0.03799639309418704,0.12385219199328772,0.07364016435159784,0.12878608011631545,0.14422213959032332,0.1349577555385951
0.1098824048722965,0.12111015724132838,0.09907297534247507,0.03631681097430548,0.133359152896378,0.08246196138993579,0.12528822180695218,0.17482681556740418,0.1176814999089245
0.14034740594578698,0.08434480458325827,0.11625187666109608,0.07424468877587624,0.12801986292586912,0.08599988870263205,0.07584912885378438,0.14935472452804657,0.14558761902365033
0.10062964358792004,0.06520824887588743,0.1443199813218542,0.08579185323483385,0.12126133476129891,0.10292550299565612,0.10058548198126761,0.1280098263366288,0.15126812690465305
0.08523130099149352,0.14989891444161643,0.08468639820171704,0.051624115381846504,0.10280249676371513,0.10133188900752005,0.17719083432935914,0.16681069981399022,0.08042335106874199
0.14096832761010988,0.18767587690038953,0.08659598607791107,0.07377562663342478,0.09826632840350191,0.08482614348454444,0.10747415850072788,0.0793024296869045,0.14111512270248597
