0.1713460826551092,0.10445232951688464,0.13221804768112908,0.08536899476775306,0.12309532825510829,0.03347477517537601,0.11183334539880119,0.1231172635448744,0.11509383300496416
0.15168171867480007,0.08777947920438535,0.09947385688881459,0.07687696121407915,0.19187711592820555,0.058724323354309715,0.10786141872552162,0.11477442763422807,0.11095069837565591
0.15511577191975484,0.1657923304385491,0.09490079087017256,0.10653446728280853,0.053118593117512596,0.11513122200076314,0.11326249116940372,0.1149831414464001,0.08116119175463542
0.16860505633175768,0.1526491960898425,0.09979096741379996,0.0619432381034725,0.08828496958777016,0.06650697055378461,0.11311051404284415,0.12185223218273784,0.1272568556939906
0.07759713665026549,0.14811464606155925,0.19843865495799762,0.11875339620203788,0.07892845263757081,0.012755940720224748,0.11013463637567433,0.10610132938804968,0.14917580700662017
0.051537181986351016,0.0851253466449035,0.09254528629135877,0.33551885039645035,0.059625673327937036,0.0379757262356421,0.12402363061424754,0.10631628110967024,0.1073320233934395
0.11995979603422968,0.1415732599703985,0.08025081579925349,0.04974427680174428,0.09778315884163957,0.1797646206894774,0.14495012083503866,0.10599917678832908,0.07997477423988933
0.14552428231897907,0.15660392765749068,0.124452147451187,0.0965233910938496,0.07396510424964493,0.046486224404628046,0.1344492583183021,0.11332023358964682,0.1086754309162717
0.14698473283172286,0.06324216744851678,0.13496138566209803,0.18274892645527094,0.041057986027563866,0.13345492836466602,0.10572688928655886,0.11030423631911372,0.08151874760448889
0.10220779920696277,0.036534177636075894,0.08261301499798399,0.21048238326394864,0.05120293521682182,0.26453722211315606,0.09339784224001242,0.09032688538793598,0.06869773993710247
0.10941098210475812,0.13911928371286922,0.13057790588743456,0.14709748813131887,0.08306565074448981,0.05897375969545213,0.10185490249293727,0.11787011567543078,0.11202991155530927
0.1266568729861991,0.15849892710589752,0.1413008443659907,0.07413053558121797,0.10573874385230396,0.011566956765344888,0.0917700756428811,0.11054705528384316,0.17978998841632166
0.16162445270710638,0.07649662386677843,0.12885576667444446,0.14968765647638702,0.09353336174765599,0.15396114420659007,0.08820242360738162,0.08760090756669399,0.060037663146962135
0.1160615191691271,0.11254673542632453,0.12407072962448924,0.06021778910681824,0.0786075349958786,0.21487374597983044,0.10806242814988426,0.10483179553429141,0.08072772201335618
0.075860773009035,0.27198969668878453,0.08361934741200823,0.04985670777614617,0.06641443156979014,0.11211386366777314,0.15738598215874902,0.09800569349947519,0.08475350421823852
0.18976647126867183,0.04021592873172935,0.10655227591236822,0.16381956919613969,0.05648736598999456,0.1241380001895216,0.12731049149283288,0.1082596191220973,0.08345027809664458
0.13638300895113878,0.1941667507990601,0.1678254014152091,0.07641454824042958,0.051503209164328524,0.03814626631411596,0.10910093163840924,0.11340110969107521,0.11305877378623351
0.10199776117648245,0.21502860054294035,0.17941627053220413,0.04986480182678288,0.09433457229551023,0.04192636082831309,0.11186540900491941,0.10733097510973465,0.09823524868311286
0.14795305059683514,0.12551641859584003,0.1771405004169059,0.09962230921652131,0.15145859192264652,0.021921698736148593,0.07992874401707983,0.10023379799010339,0.09622488850791934
0.09561034671327306,0.0823074627447271,0.12905963527788347,0.15145460304945035,0.08643122655640052,0.07690272398263744,0.14041655386671387,0.12536794481664412,0.11244950299227009
0.1291008826937414,0.18739308211180197,0.10910885931526494,0.08253572051781544,0.1331625213258827,0.040564120519905926,0.11120317385909756,0.11267888917303893,0.09425275048345118
0.08049968403870277,0.09824768711990577,0.14527927580129096,0.18503003957714392,0.06757655987712861,0.04650504001817434,0.13018753394137236,0.1129900889944163,0.133684090631865
0.11284823256307859,0.14413406626336692,0.14031309868364447,0.03813558427682029,0.23858659228585044,0.03375619943072939,0.08430403314894386,0.10750952864068397,0.10041266470688198
0.22710954086933213,0.1108622558804407,0.09912130174762568,0.07483893135817554,0.1371814658100873,0.02272237537471043,0.13063907433374586,0.10468673448075078,0.09283832014513149
0.07516384126737936,0.14412645737539787,0.1826410910883117,0.0862821717721836,0.06496215912651838,0.04796735324876611,0.12717353568149528,0.11900017741017804,0.1526832130297697
0.1410152588625997,0.17675395896499144,0.10116948003951177,0.13213034387783457,0.12023249045605254,0.012944627170212443,0.10214871736449384,0.11349018947949126,0.10011493378481251
0.06547627257693173,0.09455121165925136,0.12946033394320722,0.0796904866116982,0.08522010024756445,0.006139519323155973,0.13569482102156785,0.13327516060695566,0.27049209400966756
0.0806571928511041,0.14853087560106307,0.2300546690359889,0.08108188711351803,0.0864554070731917,0.03882207956697975,0.09347789648699963,0.1043216357530104,0.13659835651814445
0.15789920104829433,0.1276917322457922,0.06845371515168787,0.06557163433518305,0.09720708530600758,0.0927092151112648,0.20188270042537027,0.10528218650108057,0.08330252987531933
0.09570388556391464,0.13116268044775772,0.15071757862338772,0.10454052801526663,0.0359271485378866,0.17717363333289105,0.10496366345175434,0.10970195618655883,0.09010892584058249
0.15810709556039917,0.05479835528399927,0.12408315365740889,0.15873937123452397,0.09080732308611038,0.0858502593699451,0.14158021325845904,0.10394337532219088,0.08209085322696326
0.1270522745445091,0.06554304269110438,0.045775972114229076,0.06790666388560374,0.09236254565848125,0.3619814979119161,0.11268997600741486,0.07501653626102776,0.05167149092571366
0.07514140969661785,0.0806258750489763,0.1079213006681529,0.26899740708629644,0.05572049781083629,0.06411702426313089,0.14032173338394413,0.11182042454940953,0.0953343274926357
0.14819242048116213,0.1409892001521791,0.09508286910348017,0.08024979244550305,0.16265462650157572,0.06363333009721814,0.11038283517197423,0.11266679348493443,0.08614813256197301
0.07636218841713648,0.13148549739699106,0.09091444883951738,0.15758741231440132,0.2009623962784429,0.026080424118509932,0.11074672522645225,0.11540557677615142,0.0904553306323973
0.18025922847737894,0.08505567552885956,0.1039625987174142,0.18056371863179418,0.08798415958435195,0.10711839640220062,0.09353953561049182,0.09764982025488322,0.06386686679262554
0.15949988538299933,0.07027148421027615,0.0603373704530027,0.08435728872721254,0.09341028538751538,0.2529348309755731,0.13463008203087254,0.09608942303694118,0.04846934979560713
0.1868790493648845,0.05978697531275124,0.08687043832448076,0.09709395876598526,0.1648415388093679,0.04022090062118967,0.1489327088147183,0.11134334619507942,0.10403108379154306
0.137707198863745,0.061027251002218404,0.10482890456891958,0.2363254287733144,0.08782117585564682,0.13947156284737525,0.09329179495363137,0.09065929289582264,0.04886739023932662
0.0987053511768224,0.17902551088041932,0.11704822537133579,0.033817258903031756,0.07842539057366871,0.08392152585247975,0.16732896451189672,0.10472996793494661,0.13699780479539886
0.09102304312655968,0.12476345478755742,0.055450674649514316,0.03799543121151106,0.05194637025651014,0.35570935018196836,0.1385912095557996,0.08131107861626123,0.06320938761431827
0.13844488793385487,0.10927553048949619,0.12126710488718843,0.1038671669819085,0.27897235687485306,0.01653883195097342,0.0667907352085756,0.10242710294442414,0.062416282728725826
0.14079841350598868,0.17245846298595877,0.1375627095310323,0.09223507784606412,0.08273561103777394,0.021054459520103912,0.12001207598737935,0.11393267079977339,0.11921051878592565
0.24842822456775748,0.11447691434614955,0.08262772713214094,0.09242225787673324,0.11429156303133188,0.040574472981397866,0.10408615614523738,0.1119578791523073,0.09113480476694442
0.07573011146265103,0.038952369594737545,0.042375044054219886,0.04607205037311293,0.07571531175966693,0.5237728305139884,0.08573864433872573,0.07003487139913901,0.04160876650375855
0.12717187461934915,0.1522395277558423,0.07704079673021126,0.0429427648244779,0.17749644762429354,0.06356396239151355,0.13637977515922248,0.10555482393558265,0.11761002695950727
0.10307630960184949,0.1043110907129321,0.07936794944084385,0.15523798059191213,0.048382632427636414,0.25459423212183124,0.08109373710712425,0.10728485150580898,0.0666512164900615
0.09268769708813697,0.10495767360721027,0.16461961523645532,0.03784863481698278,0.22696565641550226,0.011543540038712231,0.09701574629398763,0.11543468332006768,0.1489267531829448
0.07285156794107527,0.06334100014717853,0.13195446529633983,0.11006932177564162,0.0633413998674238,0.2723907578062003,0.08738193299835832,0.10102769652247816,0.09764185764530416
0.07349663488687579,0.0996678496732052,0.11249204017504479,0.23916857045141823,0.05879418702700608,0.12052500878101124,0.10791599471850073,0.09757914392681066,0.09036057036012735
0.06760258739852586,0.10850654871655226,0.19320879434307137,0.1155222856538779,0.07674279650839343,0.04102160008794616,0.11577047417234072,0.1155973154932297,0.16602759762606262
0.12583082584511296,0.18336180962510176,0.09098075756784152,0.0534575059561758,0.14451372173988863,0.06813024697520435,0.12466677499035965,0.11223242669112928,0.09682593060918608
0.052919971385937035,0.0719222676517167,0.10482242661252465,0.1935821475908699,0.12476173932672652,0.1373799997100698,0.11294967818396145,0.10542252880610474,0.09623924073208917
0.12287965073595536,0.236141785695248,0.15889023420816337,0.061212129042410045,0.075973373794555,0.03524532929448759,0.10893204501564835,0.09854488560970957,0.1021805666038227
0.09998156713395408,0.1434315362126117,0.13674691752123488,0.07642943023985509,0.09816977105765158,0.051419901570627126,0.12094839091974326,0.13397295587766855,0.13889952946665376
0.15683709486351569,0.0292754591617878,0.057151293337026045,0.07361063042431894,0.12003551157767738,0.3735318089606949,0.07189609465983039,0.07913416362539544,0.038527943389753454
0.1838216222505511,0.12578766731998112,0.10871893668686426,0.1061926196911469,0.19775809767065114,0.026217475040436866,0.06964682985900661,0.11102084020511686,0.07083591127624506
0.14709178790313215,0.16052497849225278,0.07528470985524502,0.05416033314947161,0.21307063807216686,0.0383940989818005,0.1005731988329411,0.11364007256293161,0.09726018215005834
0.1097061985625466,0.12031709053967783,0.12631173029225284,0.09411897890308059,0.11798219028202013,0.05613442792696085,0.12496319018841583,0.12735173409815434,0.123114459206891
0.1129973034244839,0.12397798107129974,0.15619101300693758,0.05110922999204653,0.14796231509995666,0.0835810350045816,0.10402299984925951,0.11894849074543197,0.10120963180600245
0.10284657536021108,0.10407283994129994,0.18915029879626669,0.09252499680348596,0.07644159427967256,0.025549114174446576,0.10465355684512025,0.12758305351884233,0.17717797028065455
0.14948057306063614,0.1540639337671983,0.09694004804061657,0.09749113161714155,0.14791779391721552,0.028673958592423523,0.11237253015418913,0.11577010662776847,0.09728992422281078
0.15581609362451246,0.09065079218417109,0.0915045375680091,0.03371084425340767,0.25178616043104346,0.10249439425114704,0.07426656501485307,0.10119290632509746,0.09857770634775853
0.21480873776600498,0.09646278879763748,0.10428513089851442,0.09827707089632857,0.1043034359947586,0.0385632268220383,0.1262042448521772,0.11341167738636078,0.10368368658617956
0.0983146302377827,0.08988638147882677,0.059070135546127805,0.13425803419752158,0.09866848220208374,0.19919415506515073,0.15129857817770564,0.0973482698751582,0.07196133321964285
0.08650973784783439,0.0552564064145993,0.1026433713671789,0.2777339982184354,0.13264685867741136,0.02286751147433026,0.11412122937216797,0.10473725553139775,0.10348363109664464
0.11289695851245198,0.13236681011118617,0.12012651297302303,0.14065380915086154,0.038258375484791704,0.08908612350207841,0.12995045488655108,0.1262044524836667,0.11045650289538943
0.10610053231884464,0.13377722816422735,0.15239703856634867,0.07573762547737038,0.15090437932354367,0.033145366198686806,0.10206390350550425,0.10703161765520985,0.13884230879026438
0.05840921512800815,0.38866171869716104,0.0811824698904373,0.0498028516255608,0.04045253497445237,0.04411859379690416,0.18377289354004311,0.08608741318431638,0.06751230916311673
0.11492653241677207,0.12023316118794598,0.1334931514639587,0.08352473634031825,0.14039380564827816,0.122324621574129,0.09330150368376107,0.11097564863466307,0.08082683905017368
0.1315035560528657,0.08782348586908406,0.10012937104501402,0.15137459287021796,0.10303264880772729,0.01956371911256757,0.14172799212402276,0.11899322875823565,0.14585140536026509
0.13108533796339442,0.12434328647797162,0.14807505500939352,0.09374187685319346,0.14709676112050596,0.10433574878035173,0.07610237737319624,0.0933134048697606,0.08190615155223246
0.15205622221102735,0.09925105894013779,0.10794620487725337,0.0443158482254902,0.1866507462764746,0.038970706136343035,0.10908981527002097,0.12104043529796536,0.14067896276528732
0.2554118657463756,0.11141376271249954,0.09710860456894992,0.10780417822461084,0.1169559302705417,0.02396560187215292,0.095809549611005,0.10507771904081802,0.0864527879530464
0.10700064497851747,0.09899138815462645,0.20046843113939494,0.11650469003576606,0.0681453768770255,0.03910937432040262,0.12480780560260829,0.12381126133711945,0.12116102755453918
0.13678423471304935,0.07748022668891376,0.14392731101503675,0.06280050122123505,0.23095498051087468,0.06565411653779614,0.09136878245671831,0.11248420925855714,0.0785456375978188
0.145194882856581,0.16460196267572058,0.1419990239442794,0.08570305972691639,0.09328297769391615,0.021135570338007077,0.12130524376735358,0.10636751399157962,0.12040976500564622
0.1777873056950121,0.11902323566693629,0.1812616044513177,0.06583993518843423,0.07712318976377928,0.029041800108865576,0.10878785486231339,0.11112788987618029,0.1300071843871611
0.06590985921148775,0.1315645771892936,0.09295649845839503,0.1386660485928012,0.0841511328228356,0.04340940737201462,0.14314060440460996,0.13690313873851348,0.16329873321004876
0.0901985169574739,0.1421994842493237,0.10390610516352194,0.12446296149060249,0.09544609227370897,0.0628019378633541,0.1223663729516548,0.1225098830055558,0.1361086460448043
0.10850368778184794,0.15303575517957815,0.10354159166658955,0.09915504912918349,0.08530129099543109,0.02714875104480718,0.12422631396179623,0.11047982533727918,0.18860773490348726
0.11203493232565666,0.05289519579221432,0.0648894551527376,0.06376829334964951,0.11260171524890157,0.3085329805190557,0.12478790982646637,0.09555812102867,0.06493139675664833
0.19835902155893073,0.1409682699690119,0.06912120393059816,0.1318087922256014,0.1589012170871599,0.011241097158023157,0.0895042346324877,0.10260634955440483,0.09748981388378218
0.12096356894322852,0.1145037450139345,0.1412944109092755,0.13737585583649223,0.10412807622049519,0.033175093752691814,0.11718841170771728,0.11545332330052986,0.11591751431563506
0.05192804627086204,0.11099749966265875,0.22353171379469816,0.10144347830063753,0.15459045659065074,0.012876926135909614,0.09687332517224397,0.11274763046761711,0.1350109236047221
0.047544445281261886,0.11242492253380625,0.14675249418558212,0.17948383555255232,0.06235466210117796,0.011408571543782185,0.12650737791015365,0.12361043227299319,0.18991325861869043
0.09327743127772532,0.05027435249242226,0.0921985953693199,0.12953634408811743,0.08402311879657744,0.24652086038667456,0.11537879521688355,0.10703158638442438,0.0817589159878551
0.16874376357592702,0.18654409896532495,0.14281978851875865,0.07262896044109383,0.11938135150806369,0.0477441023806535,0.0847933384917292,0.10780837134451698,0.06953622477393208
0.10713886365147458,0.13405548623739164,0.08634458511907427,0.0778523835629199,0.12303976079473611,0.033699720543215544,0.16553852988057374,0.1343162882540948,0.1380143819565194
0.07392511844044976,0.10356030136421912,0.11708004110990872,0.1384095978304619,0.045437520369261776,0.19709988143518287,0.1069628449327148,0.11090747277193584,0.10661722174586535
0.09623963445767585,0.14810058422796107,0.12888783776663545,0.09729703104285721,0.09647178392444927,0.03250604744380959,0.12675656782422137,0.1312483468895076,0.14249216642288262
0.06525111916669642,0.08324653965439573,0.13988312823139784,0.20644077448926704,0.04793691467760533,0.022631479978696623,0.15674144115161012,0.12306056341281506,0.15480803923751588
0.05874705985375231,0.08485547770956654,0.16603346848030498,0.2100140989239875,0.08035561263131132,0.041408066942049467,0.1164198949446937,0.10804527485910587,0.1341210456552283
0.12350987864964715,0.1222847260676504,0.13474111543148967,0.12309060261888898,0.06819738308907797,0.0889782239205882,0.12169816190829437,0.12395819836085886,0.09354170995350437
0.09503130963239997,0.16355752313559557,0.14592892011292039,0.07647919671408702,0.08490545697196489,0.07570217512405354,0.15003789354706842,0.1191981532645165,0.08915937149739367
0.0764967401498186,0.14561272651389803,0.11418879799195882,0.21634906664666667,0.0853548219611447,0.051458922053217414,0.09843255037918819,0.09732120173185554,0.11478517257225206
0.13730754829772193,0.07652979662775085,0.10528138705792948,0.09312797077657353,0.10217163540927503,0.04427681452237845,0.17139001930803185,0.12036639313104887,0.14954843486929
0.12290547837539978,0.08924713800059293,0.16537021773304764,0.13737006248746603,0.09458957806609665,0.06553144964029436,0.12369715072679144,0.11643453401810382,0.0848543909522073
0.17215732573848874,0.17478013179682886,0.08039173130903395,0.05061728166452261,0.13575834560351596,0.08040856646225251,0.10590942347553267,0.11182976297301107,0.0881474309768136
0.050329043669930955,0.0673141593388829,0.15171138065332723,0.28729031038168856,0.10241428098899737,0.01609582272891343,0.12337713643479331,0.10035106640876466,0.10111679939470153
0.07939617639964729,0.10238640778058788,0.15433672799489706,0.08444584728832151,0.06476882296120509,0.08567484554560283,0.1347472073192094,0.11775698987762749,0.17648697483290152
0.12355409234807148,0.06633811107874675,0.14541741372818162,0.1791687584346188,0.057714429411767916,0.06422616420347961,0.13930379452412303,0.11843214240799398,0.10584509386301678
0.12631950292716873,0.1933397630381378,0.12293179502275815,0.08389310022778874,0.13421127187852913,0.040442477239438286,0.10209610542594151,0.11451612798786281,0.08224985625237484
0.1961227793993695,0.06989080521291104,0.0768417875504707,0.061445657156700806,0.13718118060529041,0.15254314198430072,0.11319928943747777,0.10615570888513233,0.08661964976834664
0.18122661663735792,0.17269706182558875,0.07813013560105968,0.057819259511399844,0.1342764838012038,0.03664148292119287,0.13009872910755116,0.10787895148958959,0.10123127910505635
0.17136408488798296,0.1406417938892152,0.0776835029165611,0.07483499314574261,0.23352889574398775,0.007316065222683121,0.08825762293627187,0.1031948599069673,0.1031781813505881
0.05051148623151507,0.03916688088133637,0.061152510907817335,0.27445755601900507,0.047144537279930836,0.3412895948764116,0.07093364598374255,0.07697477824172148,0.0383690095785198
0.07777010234665759,0.0863654042117627,0.1709847841791758,0.11669493004911803,0.05793211281771434,0.047754048512316204,0.136081744833884,0.12906586922028307,0.17735100382908828
0.03864076021257528,0.08684544458019938,0.06089090763917485,0.3287113745017971,0.04699918023494374,0.2317049625827529,0.0767990411681671,0.08084800958823024,0.0485603194921593
0.07662113374898268,0.06898155558775056,0.11774858794204512,0.21682173884258923,0.09767300302301334,0.15690762600933605,0.09956311436901814,0.09790181814910322,0.06778142232816158
0.2571741450713524,0.07439676984475573,0.057084829951105344,0.06306076534219289,0.19654381495646675,0.06156572045811032,0.12893722116559217,0.09804345505839131,0.06319327815203307
0.10746441750945844,0.1291036617687227,0.20703858738762584,0.09706806191441997,0.0884293805806126,0.046451197751962124,0.09602337690771474,0.12592404107640365,0.10249727510307993
0.048945506316057034,0.07651857052756238,0.07576403172484751,0.391910992489579,0.07623665760128946,0.04936916355964044,0.11843896523968955,0.09597370696455255,0.06684240557678199
0.0951699733638438,0.1033992039873766,0.08663636295148279,0.058450550848895194,0.2064833204734462,0.04859823264604496,0.11913883778699841,0.1246409704352649,0.1574825475066472
0.13631667594130728,0.08199768724696403,0.07040818613553566,0.06629245555740022,0.20500412169832097,0.04749201522722543,0.1348514307376966,0.10801600577296948,0.14962142168258033
0.11155420235408985,0.07855977024729087,0.08224493495464667,0.1376636987076931,0.22148192130901745,0.023546173935158645,0.12789628551906518,0.11111290108110262,0.10594011189193568
0.129638752411011,0.07023917600531719,0.1204858849571737,0.17899213799174304,0.12363787763586875,0.009605900336816547,0.11840394025038443,0.12373410394830568,0.12526222646337967
0.07653914038413785,0.09983679531831803,0.1943365208779689,0.07203164068548219,0.11830317265479602,0.09283999499867245,0.1059076061716376,0.11649407338900279,0.12371105551998425
0.11744709318418307,0.17164940030359008,0.10448436856824317,0.0283088771488052,0.1815558647834993,0.1069998620273158,0.10206938593257596,0.10155183956631508,0.08593330848547236
0.09740221153511734,0.0809856013387495,0.11641650274090602,0.26602912213082336,0.08133371994847811,0.024034362932873633,0.11315266516201229,0.11747393165762589,0.10317188255341374
0.14062221576936013,0.046707462440318294,0.07113047695336394,0.11009911069428642,0.17096084403137313,0.11710705817266137,0.1505978193044282,0.11075357950461535,0.08202143312959319
0.1501333644654221,0.1269061102858741,0.0722710742003055,0.06270039200624694,0.20247274384148417,0.03149639432758684,0.11810554087612525,0.11630004717597249,0.11961433282098256
0.08812289455758988,0.13816044629223426,0.09682047307345372,0.2258205215117642,0.04960659747290947,0.05686375545208052,0.12569893331669482,0.11022753014701209,0.10867884817626099
0.12219198870413323,0.1143035447076282,0.0790986448325262,0.0476364651931692,0.17611023885371957,0.06191098553130157,0.18352498653936508,0.11798787947201239,0.09723526616614463
0.0435996523443396,0.13636335336470043,0.166625063569065,0.16465634209949778,0.06507118934147106,0.009455665189694972,0.10117687563462725,0.11538723548361225,0.1976646229729917
0.2044274428000997,0.119557908797019,0.08891434766513893,0.17161278433220115,0.10897310305575046,0.032514149539581615,0.10069079668086922,0.09297767271567581,0.08033179441366411
0.07960625350458639,0.11050575023057563,0.2146327410782758,0.07902246490942855,0.1727942863344567,0.028718273102915467,0.09614231369570836,0.1020150363886424,0.1165628807554107
0.05097646457971453,0.10277640831001385,0.10921661585798355,0.31298482194857435,0.05730279002221384,0.013662557873332905,0.11646226450656322,0.1079556611865971,0.12866241571500667
0.11137271402088506,0.16513758942255727,0.11208242996770106,0.14508038724204783,0.07040199234125523,0.04111700663516409,0.11206722202560582,0.1183543923240231,0.12438626602076062
0.1509814090075364,0.055895143221312595,0.05317329655441242,0.06611765321489559,0.11122187540617802,0.3118432141379723,0.11123781460000293,0.08404416370404989,0.05548543015363983
0.0982935980537224,0.15247688791522776,0.17905431602910213,0.08445625669866609,0.08642696335479337,0.08224847702311987,0.10105726929247359,0.105559134104386,0.11042709752850872
0.06031665074275036,0.06138986122667695,0.069094411420612,0.0748077001951467,0.07674232210710169,0.37235175913214297,0.09193441849811311,0.09121457800256401,0.10214829867489228
0.2538875076010059,0.08920344610850663,0.09035120167823744,0.10263496179066141,0.09726006357936122,0.06457474865797223,0.12258255835236598,0.11058878239556395,0.06891672983632519
0.12468307685691127,0.0866501181624454,0.0972050997557658,0.10383692066842454,0.1457525386197753,0.10974627606903177,0.14690238103008446,0.09864551151575791,0.08657807732180374
0.22829389941475017,0.03788507614310748,0.07566631147155299,0.10950062934740662,0.2445968447941065,0.04703847788184392,0.09229141731302119,0.10543730844954136,0.059290035184669805
0.14235936960586093,0.09709036628417944,0.10507841144575454,0.08052430619005076,0.10628803111015428,0.26060037671055664,0.06257281218061789,0.09300131875475498,0.052485007718070555
0.0820648252339324,0.11262800814935385,0.08098073360553576,0.06662643641358156,0.1006926493840334,0.19594383523723427,0.12663870124742693,0.1289329215667058,0.10549188916219598
0.16104507565333154,0.09713787553032589,0.09661104983551522,0.0946913851018224,0.24655698537844217,0.00660799238193576,0.07356453097226999,0.10923024648549112,0.11455485866086586
0.08149090349392686,0.1006492876902687,0.07068492308375457,0.15352091650119107,0.07907236747076174,0.24888777462002923,0.09541852088534253,0.09592680423357902,0.07434850202114636
0.11469807565748437,0.07192736833763495,0.07377586406179702,0.16009732535222787,0.08127210438463904,0.20456413419922714,0.1500693637780154,0.09134143022653905,0.05225433400243507
0.14129856771702975,0.06845055638264559,0.08104031322101797,0.08073716892035297,0.24718621917932196,0.02449566334553725,0.09390086733180882,0.11416265859764764,0.14872798530463802
0.11585848851436727,0.17335206763891522,0.1787806253809708,0.094677694887447,0.04546109491781177,0.0578398498910464,0.11240763058785025,0.11820014499846361,0.1034224031831276
0.1380813337020757,0.08969286512901979,0.10541495661150037,0.071257071837641,0.18077496159776507,0.05292033723409769,0.1277068472799767,0.12447520840991348,0.1096764181980102
0.0964197373167267,0.1234650235872018,0.10308274982641663,0.12192969572491939,0.10489779431803829,0.022038059443786704,0.14025298154170374,0.13050062804050375,0.157413330200703
0.0979217169188808,0.0892354983812342,0.12484498089604884,0.1285463434454274,0.1389568639270738,0.019384796195918166,0.11161500656030691,0.12048286806359117,0.16901192561151868
0.1363835564481979,0.0350099678761519,0.08216490621133084,0.06747531992090411,0.13191304618854602,0.16315660418062397,0.13928607857206932,0.11596054607433366,0.12864997452784224
0.11318907677039962,0.10410184062161038,0.09282088372313696,0.15010293690797818,0.0871852919918844,0.10077836626162684,0.14917197200802396,0.11074555456320993,0.09190407715212963
0.1579826151776911,0.060177536279042265,0.11876455205024572,0.07231290086680987,0.12700742084767513,0.12275772906392309,0.11059168258373893,0.11600575365442867,0.11439980947644529
0.15128172006287122,0.17962784352885655,0.09419609438659556,0.04450162757308509,0.10413866490299856,0.07533786148727385,0.16927625162443208,0.10671575035760171,0.0749241860762855
0.12827911463362787,0.15703619375388056,0.09828003237525089,0.07336455145958759,0.14009969920534432,0.08377507045961409,0.11840145905639952,0.10991921479684717,0.09084466425944789
0.08064869844214906,0.14808981810602262,0.10282461921507348,0.07497606727953039,0.17496052506530957,0.07525319751775478,0.14486409598884373,0.1120139519703277,0.08636902641498868
0.11849562673105081,0.1222240699666594,0.22302882089369236,0.07923342444390341,0.05753732733200009,0.006171726900987471,0.10863408285758343,0.1110187063803411,0.173656214493782
0.15335045913311607,0.07323176365328664,0.06133033289708531,0.06162134296517157,0.18749804569024772,0.12985018221647796,0.14776723703221237,0.10856885686517422,0.07678177954722819
0.12111514410112852,0.14562400044430024,0.13916369747999693,0.07451029478316434,0.134840155065138,0.040040914283867905,0.12844301830538848,0.11744124009160907,0.09882153544540645
0.22750920523104756,0.07195035449958513,0.10064309560564016,0.05046996370093756,0.17429222091950736,0.03923042513103125,0.11598578500976701,0.11410551701168296,0.10581343289080096
0.11196501207014381,0.0832903504608859,0.09893257389520022,0.11366867028114612,0.049985198048214975,0.2632731664518873,0.10210181925839133,0.09220792647351056,0.0845752830606198
0.14101127630353233,0.05973721314842326,0.19996177555210845,0.06898366389519851,0.13985776532603908,0.024494559230512303,0.10212080420475074,0.12430478053957798,0.1395281617998573
0.1372534082160591,0.1108899159985723,0.1039718897200426,0.1156460976642002,0.10480139374882601,0.06227116062565304,0.16456447742434113,0.11358226247146865,0.087019394130837
0.12139514141527356,0.057376833223229125,0.07174652563200844,0.25790857760562064,0.17206571013566765,0.0701406335990302,0.08750131569974723,0.09215338848237294,0.06971187420705027
0.1957415436560346,0.06573465564279186,0.0704572946404321,0.14384021550461143,0.19110449287829553,0.08029005760059667,0.10073899907200339,0.10292144932439846,0.04917129168083597
0.09183920743191054,0.12858332380520046,0.10783589888008839,0.1476531564644554,0.05656316225379155,0.06292231157256147,0.1503539772645824,0.11966134400041269,0.1345876183269971
0.15261205717802592,0.06613344764477097,0.11801859821522936,0.1328524077600286,0.11374439090576303,0.025871168098279565,0.14372716668974364,0.13378082544253322,0.11325993806562555
0.1895061368250381,0.04497090685156185,0.10341693280338633,0.13427008146886368,0.09376010262791905,0.09252045468317267,0.14596840240880585,0.10682867580926098,0.08875830652199153
0.07623993384517117,0.061188775794069006,0.09504123994907628,0.1962845653361338,0.05189140818057316,0.3487261226989035,0.06349151143681324,0.06863550956206983,0.03850093319719005
