0.2561115054073937,0.054189474427820634,0.09028928508564081,0.11549737616566896,0.03327295909116846,0.09113569622513923,0.1314488877662247,0.1254854923790292,0.10256932345191427
0.09591224697253459,0.054710141599589014,0.07986474542667021,0.1363765243715017,0.1550522868699742,0.10393001183215923,0.1677685001136359,0.10798358304463522,0.09840195976929994
0.06214514245587697,0.05119781296360776,0.2039096108905447,0.13489204702076862,0.10662311597082942,0.1943755599553042,0.0400011459991059,0.123500319273664,0.08335524547029839
0.15229113062517163,0.04997632351712724,0.03967441793918131,0.11435125020470721,0.11923044792300412,0.22433717806401035,0.052807048700198846,0.1711514303430124,0.07618077268358688
0.030710802317671638,0.02532887169529402,0.04689126270785108,0.08258205969078213,0.5058374654974866,0.06577456507185732,0.04746128585596785,0.07148864997487754,0.1239250371882118
0.1675492043714354,0.10239174611690634,0.07456192350930312,0.10873563117763045,0.02002535731886364,0.10440468951037786,0.21051083416517022,0.10746461601962942,0.10435599781068361
0.17021848447327262,0.05907694483883152,0.02484237686599472,0.10016199308186373,0.013778297278918212,0.040036021921341765,0.3886502479605476,0.1126917878267805,0.09054384575244943
0.2596120946668201,0.033265515583487865,0.04434203545232018,0.11112020155094117,0.06934307444460826,0.03151592738259492,0.23928977209663427,0.10678403385209145,0.10472734497050178
0.17328302928542083,0.023490189221730767,0.2700000771965952,0.1230473048604268,0.07305095431867371,0.038712685199352774,0.06850452605057,0.08732719531421547,0.1425840385530145
0.09286296450496652,0.10576647353031439,0.07223092476452801,0.11972637866747023,0.021093599194315055,0.06421757524877146,0.25541069730416915,0.14745267754195443,0.12123870924351073
0.06092683501223595,0.15639575833418287,0.33212173584338645,0.1117290695309659,0.019272928580978167,0.04480550041987969,0.06610908103583289,0.09964344632100768,0.10899564492153047
0.1111218797610717,0.07036584073174044,0.007758104718853696,0.08130913358615532,0.015097272138201183,0.0633548482580925,0.44051873594054003,0.13193465393669263,0.07853953092865251
0.12092733063975754,0.043262085816795005,0.2684272951213997,0.13381556246651527,0.08400299300284271,0.053612262761697484,0.06886772848026057,0.11150544846239173,0.11557929324834
0.05726670207471806,0.05381642653960322,0.11824823115558387,0.1450378527426324,0.09180090439255036,0.08677033080056402,0.15225860341993866,0.13394063879133952,0.16086031008306992
0.04902458999352933,0.045741878660798284,0.057029728882782155,0.11577617413022012,0.1807909010037878,0.24853368857399785,0.07944454126618686,0.17096908952865272,0.05268940796004495
0.15190553938120369,0.03603434475980294,0.02082784509413426,0.08397329009036829,0.01101327728882344,0.06642137858501784,0.3950578908940594,0.13886794824042417,0.095898485666166
0.09565310468238036,0.49936450665292975,0.030597827800377442,0.08361352144367296,0.006773996420133315,0.05701143412857939,0.04104110126242778,0.08502986912768623,0.10091463848181272
0.1293882044548111,0.06783133024700423,0.15019111680611963,0.1324160221796275,0.07792571906654286,0.12912561664400005,0.08315417174668704,0.12206836289191658,0.10789945596329098
0.038944032261795325,0.02568828291370387,0.09344578032266539,0.10188012849093371,0.41311558425706196,0.06419332236649371,0.05003604651203136,0.09253157107580467,0.12016525179951
0.14136284583533124,0.054933811228788786,0.03903654489216768,0.11203962455188117,0.0924443195201013,0.07172192592239492,0.2490794669555129,0.10150179317500774,0.1378796679188143
0.11998543028160785,0.11500684349155223,0.30331767426537887,0.11152739349153111,0.015348572400146308,0.029577739031567293,0.10035118357231994,0.09965675528015926,0.10522840818573709
0.05505264613396867,0.10332684501060461,0.144213219831429,0.13459080883740032,0.12427599005461672,0.07011651739617906,0.12577773615701082,0.12376067229114558,0.11888556428764512
0.027769071730537193,0.030272458094965028,0.013318392088545501,0.07429482864188346,0.1991813969407714,0.24210321439648297,0.1573645902514589,0.14126799317059335,0.11442805468476232
0.08119904032059845,0.0954348277652645,0.04854359002062119,0.10533267819860222,0.12060711163278559,0.23513123291569882,0.09614310981879219,0.13159028265931963,0.08601812666831739
0.14823121118976668,0.06492385574723133,0.13248069471630008,0.11980834008844372,0.04396296564436081,0.0779414612043313,0.1641863973661024,0.11323956062199446,0.13522551342146924
0.15134084547065496,0.043339508796518024,0.18861710380335364,0.14632932425089104,0.12373230674979535,0.05021221548842104,0.04901356962098449,0.12539853894035272,0.12201658687902878
0.06371330150031577,0.17265836704268941,0.09378949754900151,0.1156905787595484,0.018697028662212872,0.0803633478792124,0.18778407776410452,0.15151467383319472,0.11578912700972037
0.02970941520277968,0.20143782341330585,0.3033051171782409,0.10798644685457919,0.014660649316604856,0.04355066283273356,0.08947520388961279,0.10555037474611784,0.10432430656602526
0.1534241740810228,0.04504286459442065,0.0971091373210604,0.12014543891928191,0.07539890938306894,0.10887664862111181,0.1666664198938833,0.09902685422658848,0.13430955295956168
0.2712115670408299,0.08799909895046432,0.03277282118160977,0.09908862971434329,0.019381861371552202,0.07167468622103106,0.22558416583488486,0.10607552434620164,0.08621164533908299
0.2581172635134386,0.054521745473069705,0.11649162372714283,0.12894758226705222,0.05373128251936767,0.04198244991809094,0.1268343219000223,0.08666117040729594,0.13271256027451975
0.021669133350587594,0.023975756607099556,0.02823736094743251,0.09581164979940861,0.43198538011135396,0.07697173603406318,0.10900407644103473,0.1062685832263917,0.10607632348262828
0.05366744746750357,0.08012759184765789,0.3735095616329667,0.12398927536088551,0.06509231835878228,0.04372349090752095,0.05315322096701866,0.10221748717899926,0.10451960627866506
0.1314264610814377,0.09612097353921778,0.06550112466842799,0.11324957326450191,0.01951731737472633,0.126029235196748,0.19926329850579724,0.13022214810885105,0.11866986826029191
0.1535536595133207,0.03404556591155451,0.09385070255574302,0.1144048356790812,0.02326014999760115,0.04946225083031298,0.2988917501744303,0.1128164357683598,0.11971464956959631
0.14070470816219402,0.02573742578015659,0.017716369213249514,0.07492503322380377,0.011355041856036044,0.08527138497056132,0.4018561662296923,0.1432324633271881,0.09920140723711839
0.014912311611716036,0.05580097270367885,0.02129102899292828,0.08237931414620553,0.022551724051264918,0.3373524946567037,0.23833804024431934,0.1498583672432792,0.07751574634990423
0.2141492648279882,0.09770300242991155,0.04570421405453742,0.10280418731032011,0.020529713869153757,0.12574049147391855,0.15123433733091293,0.15912430178042458,0.08301048692283297
0.05501486081570927,0.05027432185490074,0.037488822405328213,0.10304742333865691,0.16614278487513998,0.36207143088577814,0.05028795586383946,0.12325408220268537,0.052418317757961956
0.20535053706806225,0.10700707815238975,0.023141009418333136,0.12786040975269272,0.02672769544195548,0.12159309469483852,0.14043591098515398,0.18153013228725542,0.06635413219931874
0.20931574612424597,0.03152417432451861,0.11172789719946409,0.11802742805340555,0.03415467672474748,0.05951104897615047,0.19491116563983035,0.10167578460436089,0.1391520783532766
0.13402654662659969,0.051474057565028604,0.1274321772189658,0.11782356162327974,0.04364278572339326,0.14702176444630508,0.17470675590872506,0.1082587655379836,0.09561358534971925
0.1065687336528018,0.39804166224031573,0.10741733373122138,0.08163224576243427,0.011676233777584732,0.05130727683781785,0.03537139888318849,0.07012700248764364,0.13785811262699202
0.12117000556837766,0.0378337041594693,0.314072122178411,0.12839886669318493,0.0466498659860806,0.03246732429229393,0.09179524750226176,0.09652299008983893,0.13108987353008192
0.1835805230665447,0.11640529338745209,0.021780775575434643,0.12087863654613507,0.0511668969673356,0.10006460608842298,0.16267107567850092,0.16841933006529075,0.07503286262488316
0.09928529814068987,0.10521811598773305,0.15856763872116733,0.1187031988341888,0.025217103934188644,0.10853053775559673,0.17094726764307502,0.10237768124594882,0.11115315773741181
0.025601509487238855,0.03428944413099436,0.04021127329612351,0.0884991700901765,0.3152169622428476,0.22770150436232506,0.09423100143306613,0.10456881266461544,0.06968032229261245
0.29118720726208386,0.047424029085312146,0.02459676569295091,0.09643983529004486,0.027636254888778095,0.03802046245551679,0.3011678254608363,0.07441566189872996,0.09911195796574701
0.346323225840103,0.05925815505395377,0.03232851166431532,0.12148307947471505,0.06030876923523015,0.0541158027712746,0.13716093589289416,0.10290562524902008,0.08611589481849384
0.07400208150910155,0.11744867777267522,0.06084830954669082,0.1120954987510161,0.013898718785304931,0.06341220585682068,0.29168559719797754,0.15466896884884054,0.11193994173157255
0.07342168835687303,0.062392311179510856,0.04007045084560736,0.14721319521700657,0.09826880374220222,0.11491591205979346,0.18327329562192454,0.19086204984720287,0.08958229312987905
0.06642596418861597,0.09505999302532497,0.39607555116412024,0.1131655704607148,0.023844061620957757,0.04285279770598056,0.04266959912005511,0.1076943816952662,0.11221208101896436
0.18550542306584586,0.1664916851421876,0.06850537844939482,0.13298344798234799,0.02206463238955043,0.07124858332584133,0.12009220902503377,0.12179887368404278,0.11130976693575544
0.15769296565850519,0.06883691745230605,0.11656772983655429,0.1270407787079555,0.060478790370055636,0.11516959099292973,0.10485221665788037,0.12003065763939604,0.12933035268441714
0.08519116458358572,0.4080279338427299,0.07588688950456475,0.09475219927267481,0.013207987962139484,0.04807901062255291,0.05606561312646156,0.09847100557249187,0.12031819551279903
0.05952080300821897,0.0386539151028616,0.09663700946507776,0.13437126888159368,0.03479063738155553,0.08966963362374951,0.28790543487603554,0.14628960854526654,0.11216168911564083
0.0391990365459683,0.5407856942514367,0.05961859227951131,0.08625375359218966,0.008769920216860162,0.05047301758102971,0.029129831486897656,0.08196169614732264,0.10380845789878386
0.07753291840665902,0.19573615365995808,0.3721833642122377,0.08967790155735082,0.012760527680795873,0.02791325079205846,0.02480913919517529,0.10238287903195342,0.09700386546381139
0.11455321614044656,0.08238001349725067,0.04270781986644754,0.1256509622389787,0.10260148580591973,0.17494222419294903,0.11694123167806358,0.12522813023394583,0.11499491634599836
0.2363410923080782,0.03130489262471218,0.1268919499289112,0.11150000112250356,0.14602504743461373,0.08767425848580344,0.05214141828583285,0.10571075239930049,0.10241058741024445
0.02711941266377606,0.10655034282229785,0.14638551264456845,0.09678458588157511,0.022991496353702952,0.18596899910061535,0.19475233219274046,0.08654466291100953,0.13290265542971427
0.0778902261063832,0.18421302421274346,0.04413299375469112,0.09513243344937528,0.01008319940808744,0.05901866365283557,0.31267347388546934,0.10852058075686617,0.10833540477354826
0.2095210691401018,0.029900275439608298,0.148623551007791,0.1375758781164166,0.10861252214777584,0.042963593253748766,0.08646054089620687,0.10743044466488853,0.12891212533346227
0.053552794732567965,0.02104742031337868,0.06292240134954961,0.0931259923271719,0.4755894170849224,0.036015145100734634,0.037356795102028294,0.06630289073192108,0.1540871432577254
0.09161632868763113,0.4164735838529272,0.07585197046118194,0.10431940046809396,0.010092256122789191,0.04492060727086141,0.06548309765836981,0.09756330880869223,0.09367944666945316
0.09183040260887908,0.02341399989572016,0.05125250229457179,0.08819375836914682,0.3795290236129168,0.06687738451983902,0.09902843455567245,0.09233040765453149,0.10754408648872243
0.14328239503770304,0.09215164956261845,0.25133526275659884,0.11851760818178651,0.02627653666998217,0.047612853316455976,0.08839749950009246,0.10709601261339803,0.12533018236136453
0.048298495045608215,0.05204075647390949,0.23331373916199738,0.10800390220397853,0.017039429375661903,0.049787947230517215,0.2710270536149825,0.11775574968811957,0.10273292720522513
0.07832134932358104,0.04048399040383573,0.04034648701858438,0.1011858473410312,0.1694774031198513,0.2398534153581554,0.13140381600327936,0.11159778555962108,0.08732990587206056
0.09574293154025089,0.06409081662653897,0.20820468734941258,0.12753409562622872,0.02644806255905294,0.10736143863834047,0.14458212080990857,0.12640138848431517,0.09963445836595164
0.0496686371377307,0.04483678722452542,0.4596203589249739,0.10551709199440572,0.04147251954203887,0.052067324371965484,0.04436309242278349,0.0925795812217417,0.1098746071598347
0.0899931444846183,0.1146540990058758,0.019604580583705036,0.11147157856338424,0.07701506109958146,0.17311961257122813,0.21339180076975783,0.10222470280498057,0.09852542011686856
0.07821585818746589,0.027940768639867917,0.03188805809400662,0.1087766591649507,0.14453057161879854,0.05698967587217848,0.2978864779112795,0.12299994006484817,0.13077199044660429
0.18558203919640323,0.025493311873859847,0.2986482035984969,0.1199821648003429,0.05137930326913708,0.036009685424133055,0.06835481190917563,0.08569283413830546,0.12885764579014594
0.3494928117545188,0.09453273474330964,0.027181808873338566,0.09431968299741765,0.025166287684384683,0.0400986883889752,0.21281957440866203,0.06603253464693619,0.0903558765024573
0.2055105522084949,0.034923472654461114,0.24598925079229805,0.1341952366157921,0.058146332369347596,0.044625875462629326,0.054308248185984086,0.11623232274112029,0.10606870896987253
0.12833805200990103,0.027504632263080826,0.054342397278482606,0.09580800950661732,0.3186890063592129,0.1015764954146441,0.07735042838809707,0.093377977982664,0.10301300079730014
0.06520976902768409,0.16113157050466528,0.12936193480170785,0.12478682403918,0.01685053358681912,0.08030140903246055,0.14485608367432104,0.15246034994158295,0.125041525391579
0.050499322336698634,0.28034571306710276,0.2855951673230748,0.10185914252052575,0.018630874951680823,0.04555642459513054,0.031206394013805535,0.0836283289191629,0.10267863227281822
0.15969038238102384,0.024112883120708903,0.15227172151457322,0.11745212707660725,0.10886479799014893,0.14760776959293267,0.08747069770310462,0.11452474376161144,0.08800487685928908
0.04949563182702649,0.02458971794105322,0.024669989546312446,0.08446089768433203,0.46888074884470443,0.09354431582451754,0.06691369216442809,0.07848726085340273,0.10895774531422313
0.1237839807043003,0.07485185942670862,0.133771241397447,0.11237110138987662,0.06310139064017463,0.1216014710188583,0.1306053000494619,0.1242178878404452,0.11569576753272748
0.08375104791207304,0.09266697033382493,0.19101039372934558,0.11523359824559376,0.019083960148316953,0.041506632739898325,0.2304230400790498,0.09999622933507023,0.12632812747682734
0.025603800050559095,0.02569482076659711,0.05693460615804662,0.11828903850467092,0.308044451768862,0.12900357547384333,0.09035539491329814,0.11223445660097393,0.13383985576314883
0.0618161685612072,0.19143886248250905,0.22677954304841488,0.11389151583788575,0.01550562370713692,0.07900005040633858,0.07614471530900767,0.1280741019037047,0.10734941874379522
0.0676627908623733,0.030959738741879933,0.032246317794988606,0.10804326165170573,0.3632045870545619,0.09095432764019269,0.08911266057725374,0.13208668107761418,0.08572963459942988
0.0808156696524742,0.04260670652510427,0.41621973627660575,0.10903077978252144,0.03025363060788382,0.04804304085241148,0.06582333220413765,0.10023114793294852,0.10697595616591288
0.10718199958074597,0.11752217533891668,0.09304602345034128,0.12454117330221635,0.017390946401112415,0.09257369113875562,0.21334664373376633,0.12525643661547742,0.10914091043866787
0.0618161685612072,0.19143886248250905,0.22677954304841488,0.11389151583788575,0.01550562370713692,0.07900005040633858,0.07614471530900767,0.1280741019037047,0.10734941874379522
0.034143495641266695,0.06278581589031813,0.03714211437172304,0.09371121685144641,0.3124181484381312,0.12591682496395576,0.1261303135409971,0.12567300441166385,0.08207906589049789
0.07761492419911549,0.04685605273912807,0.08269329694286694,0.11188506792544618,0.023550546050685853,0.07836213072781181,0.2991018759231953,0.13837547239327977,0.1415606330984705
0.07724385551138443,0.09762579056260769,0.05628062941670179,0.14295403795605796,0.06790282151263756,0.07679333368330198,0.2144508165528062,0.12729393403130645,0.13945478077319592
0.11010001848839295,0.09809229582691269,0.08733709623354553,0.14553043733291313,0.08061705114135818,0.12257147569865419,0.06806367853259802,0.13737988615158073,0.15030806059404464
0.08504349605392998,0.04464160287136094,0.01998380347105944,0.10378207217181533,0.02168623288348455,0.15349557519319232,0.37538457393264846,0.13494051324170997,0.06104213018079896
0.07685809176823567,0.4478862338176393,0.07870069593991165,0.07916267714324167,0.011087312569531835,0.06381639932407206,0.025982532007101728,0.07969010469391064,0.1368159527363554
0.17524676949093476,0.05887493309410339,0.0676137252821389,0.1280317161679246,0.055676760140570734,0.061201923381016286,0.18669909106625968,0.14653529915913566,0.12011978221791597
0.12717990209228403,0.04757813354238923,0.07615532842217004,0.15558910562886982,0.13627577241576053,0.19047557787632163,0.05722813809739846,0.12753181120245852,0.08198623072234773
0.12960384634501346,0.05532006819494709,0.06548580839318549,0.10154822084075067,0.013526054775186744,0.04158549883235972,0.36258683091294647,0.13438113693561296,0.09596253476999743
0.1096007332363338,0.07898535351668383,0.02670563851476415,0.1290428911049815,0.2730308728395822,0.07073579599084522,0.07123939960620991,0.1151232782231804,0.1255360369674189
0.11015389119928627,0.036709941613207286,0.15521108489251348,0.15079372233789654,0.06653639241897698,0.07524119158813047,0.14656057332981312,0.11123375343085655,0.14755944918931932
0.11934295767765007,0.043750839546990515,0.05907262610890773,0.11939101150744579,0.18059425533053522,0.13477739985169504,0.15154653097560158,0.08633852884413228,0.10518585015704178
0.021209047179274302,0.025642264895520444,0.031185049881263634,0.10138066932895945,0.10443728295975445,0.19200359509084097,0.2623338045110668,0.1330942328900871,0.12871405326323268
0.09403553122263152,0.06494812644917086,0.01409337862651947,0.09593713143107531,0.3390862754819885,0.15659510702002713,0.05663759223343042,0.12132086995700064,0.057345987578156225
0.13828963618351423,0.053308995266102506,0.0593752559468248,0.10954034740286946,0.13751968330697506,0.2343737842495317,0.05895587687264118,0.12540815062890356,0.08322827014263755
0.11257961887192529,0.35870883991148766,0.044438570768785185,0.09330100048063501,0.01216195178951117,0.10875129925670413,0.0564092068620338,0.1282019406342202,0.08544757142469751
0.29872663043253667,0.054713272196212394,0.07064775082330889,0.10410292606861203,0.02065927596630961,0.04255546909614699,0.19995209660436475,0.10584941844672169,0.10279316036578691
0.1545558262955273,0.03856625169773954,0.3112297489403565,0.1218870357714081,0.060808831635370174,0.04283272953632983,0.047030031478246026,0.07996708107123478,0.14312246357378766
0.04283125486841955,0.11212462126655243,0.046544788375934315,0.11538926575027093,0.07538570792270721,0.1782382583966413,0.1695325500006546,0.13567555867980705,0.12427799473901259
0.09396504289647113,0.08719895593555327,0.028591824964322343,0.1172638369717216,0.06655645083841698,0.20728358326079044,0.17463929893480398,0.14164637083212253,0.08285463536579774
0.17217279971456848,0.043746518044072064,0.04133722357500208,0.11473405375743796,0.03523294958222037,0.0354978341669114,0.33539344832268014,0.12823902701489623,0.0936461458222113
0.1536949978405645,0.057481479796759216,0.037627493696812515,0.10291489885519452,0.029075810490490326,0.1567485944642015,0.24346294518422115,0.11185606780366543,0.10713771186809089
0.035664242520144405,0.0527507541330157,0.009226048987758669,0.0778463996045995,0.10945296345091905,0.3046284695491372,0.2136842046597477,0.11726887550087577,0.07947804159380205
0.1556541516257468,0.07665082106165307,0.09561287873125866,0.12248543996729168,0.019690176093571325,0.05006207503043972,0.252463053855146,0.11148785228406495,0.11589355135082775
0.11721986738590458,0.16642876809133098,0.14228894706790596,0.11449673719146068,0.03613696740788066,0.05854603554569671,0.13474830857570833,0.11535205835359458,0.11478231038051749
0.018861204794735405,0.03374744489841667,0.016362946430384533,0.08579654076458677,0.4570296551431936,0.1973788722725183,0.03027411508443939,0.09936803498451385,0.06118118562721142
0.08699485559046034,0.06807249269261663,0.025324575480564052,0.10275595156009061,0.11087228834772068,0.24256367492298958,0.1654413558837747,0.08859090990291589,0.10938389561886752
0.12453116153005041,0.5035664273535849,0.0369914099508286,0.08822332738245899,0.01053187269568566,0.04902528910555498,0.01966702897568161,0.0762517764980284,0.09121170650812636
0.052299680728473234,0.17968825554856802,0.3100531444223192,0.11265004854078388,0.016302855503394543,0.03660221491964713,0.07287422866191755,0.09493699542735974,0.12459257624753678
0.055891829887719235,0.0398959298028197,0.05128483904019596,0.12126264516001428,0.12610774682009082,0.3075619231339155,0.09333872932997768,0.12469273273749033,0.07996362408777641
0.2223021555857746,0.1757807159393603,0.01289418945087175,0.09028918540143634,0.011686570643820936,0.050277585169119815,0.2582753681567665,0.08804516444223583,0.09044906521061402
0.08021989005676039,0.07772415454797335,0.16085302758842182,0.14697741438497428,0.09794827849030847,0.08749907081726904,0.08510324162690364,0.13105869952303528,0.13261622296435369
0.021303885214171064,0.03259791600915373,0.027191679674325255,0.09143509864438404,0.5050016066879363,0.06066722292485328,0.05682073829746901,0.10357279710356658,0.10140905544414096
0.22360230416275226,0.17912411249863167,0.19847516523615472,0.10467964008350415,0.01397289288610297,0.0293632277040491,0.042483070112717035,0.09197068913171502,0.1163288981843732
0.03313834758624873,0.06066028853439672,0.0988067479468167,0.13288266631506537,0.17665049943308653,0.07116600163551874,0.14206510815547135,0.11020413003401873,0.17442621035937722
0.3831800754819337,0.05183843383462366,0.05747441675541814,0.09659585902376393,0.08606889720471404,0.11315899367920257,0.035279466375993364,0.1009239122252682,0.07547994541908233
0.02262537720666162,0.08490757780217979,0.04558021686733602,0.13088286553943815,0.33559231181904564,0.08184166012156381,0.071431432924729,0.12734176016803075,0.09979679755101521
0.06470428473646099,0.031816878992954795,0.38807242469350817,0.11613391013569897,0.06438198253807353,0.050723986485910054,0.055757327240795906,0.0867584149319807,0.14165079024461694
0.18684513295443503,0.06334654454195898,0.16761889506007763,0.11838606593533556,0.04595907394657719,0.07255560377657011,0.11814225852271244,0.11598726005464866,0.11115916520768439
0.07681675558422955,0.02291363249553405,0.025217904761317675,0.10687329137511993,0.1709393829091597,0.09264168420810559,0.27957254482114957,0.12183984760522949,0.1031849562401545
0.027073583959108905,0.1394911052485869,0.08842480502524454,0.11162350311319856,0.020126291471215734,0.21470050947365707,0.13443981579794836,0.1722148336074446,0.09190555230359539
0.16092083089977335,0.13697425670482594,0.06441255729475544,0.12765138740518242,0.02399997572465208,0.0876875132280257,0.16823826708006398,0.1276166360768954,0.10249857558582569
0.07164167242481868,0.03577588589010556,0.42899394555693515,0.11444245869444192,0.06072623348778211,0.03462048511215509,0.04218956324992467,0.08231984144790698,0.1292899141359297
0.2838517589284455,0.25770131029722737,0.03818188457625591,0.09089311275474048,0.008771159756056418,0.030067835978347238,0.07928136514905879,0.10802423667602701,0.10322733588384136
0.1755499497275332,0.05463535898859745,0.1717429387018317,0.12589483500553755,0.08641906401946232,0.05578440846813241,0.08007309198240088,0.13498994843967596,0.11491040466682856
0.11599139334518516,0.0454894647373933,0.06495450834914189,0.1019095579984709,0.22999584963187436,0.11943109626824167,0.11694346835927523,0.08131865554148537,0.12396600576893213
0.07813422196168197,0.023428774224350423,0.042590927172883465,0.10468459394735878,0.13815667627129471,0.13578386208800444,0.24434570319178897,0.09372742539165907,0.13914781575097812
0.11725133439811647,0.2766914689816823,0.10197398990690261,0.11545741675679139,0.012451233440883716,0.04738248523193345,0.09805061296528778,0.1289915830733833,0.10174987524501905
0.13336534666672661,0.053547276575441505,0.03517980624357734,0.10850877233777272,0.12941138911192993,0.06400521841777379,0.2463731920758073,0.11919212172614879,0.11041687684482211
0.034880436272314214,0.11903148572420079,0.307933680144578,0.11137285452884982,0.020212551491005468,0.05138924217492443,0.1155491564091447,0.10796636018469491,0.13166423307028768
0.025374591806510277,0.08490499019969526,0.0954376333855087,0.11485046837825803,0.028295258548572396,0.20518459356483212,0.20774605127563228,0.1414362963918901,0.09677011644910084
0.1832310450402439,0.022564366268350056,0.22672473564367088,0.1258352417246929,0.08441374065161521,0.040422512380403515,0.07429417968239695,0.08771562145457608,0.15479855715405044
0.11408123562022916,0.03701574043904581,0.1867286103454345,0.146589411874002,0.1051321633893492,0.0739696776796998,0.07903553462066597,0.13381848920763328,0.12362913682394018
0.313997036332492,0.059796474841514784,0.06713329635082577,0.11254904322035342,0.054016449996782935,0.11959840045431565,0.0487780843279809,0.13326116868837706,0.09087004578735754
0.18455899386458596,0.3423648277446298,0.12397968424504795,0.08699987965410778,0.009716434378315762,0.032334966269443176,0.028573153039467714,0.08550407682056688,0.10596798398383511
0.04650648712303862,0.023016347205470244,0.09091216134671909,0.11853553951986968,0.40459144424410437,0.06318849834714847,0.04170705299319324,0.0849409555797645,0.12660151364069175
0.03446210479803105,0.14334750127396648,0.09944149557872284,0.12813530037131549,0.03673227744733584,0.11262544746616458,0.18226517179584578,0.14674679183960893,0.11624390942900904
0.1583578057567413,0.03798165055807162,0.11464410921046009,0.137356748009533,0.13290221177979092,0.06385756041271494,0.11953229723090508,0.10122465008897252,0.13414296695281053
0.05172947852214166,0.04242332076180246,0.038218421474415086,0.09570736530387403,0.042270926761946416,0.11467448645041374,0.36090106181471665,0.14263669200911255,0.11143824690157748
0.12902057383710372,0.08555562340906626,0.0162281658897803,0.10243047807149076,0.014435703605482032,0.09779925049845595,0.34217956209436057,0.15194639371615148,0.06040424887810883
0.18756509165545562,0.037967365187575576,0.03091938802497671,0.12413659038948792,0.0696394088562739,0.10426283861034019,0.20333649524154498,0.13072594981212984,0.11144687222221522
0.09144587870828774,0.12615887299676098,0.06612394192488256,0.12291428442875689,0.04702130810613279,0.1273320501233953,0.1733352596298493,0.12204405822215166,0.12362434585978271
0.12239068887133121,0.029039534884321067,0.0186197290308576,0.09627789396518605,0.15791680686244078,0.20458847972424166,0.1451495977597172,0.12375938281776143,0.1022578860841431
0.06151966611848295,0.03737621041173126,0.018445832943391072,0.08891226241828011,0.02968852205550564,0.14087072039146095,0.38635039167323093,0.12130902119481561,0.11552737279310142
0.277185422080044,0.055595041718995174,0.07854591831517449,0.08518993895420396,0.09213837276379562,0.16174327325252802,0.06304612203131783,0.11981687913155659,0.06673903175238426
0.05849731362125208,0.02550907633630962,0.06037266799296783,0.09077820340156488,0.36678979985386,0.18083730614205584,0.04532869335047826,0.09164506501101617,0.08024187429049524
0.2738637307186455,0.04345771250876478,0.12021660085421222,0.1125209660035586,0.06975925326898728,0.06226851217326403,0.08414243106530583,0.10546060323399009,0.12831019017327164
0.019301823078972158,0.0633406076884276,0.020968989867535842,0.09006569445667996,0.3097310995131841,0.19859970808799,0.0836474042210159,0.0993250979141276,0.11501957517206686
0.20032663370760542,0.0428518064136125,0.1996448735587606,0.12595665698313926,0.03610822253890133,0.04815477373915727,0.10950990359484801,0.11143779114016221,0.12600933832381336
0.28546557612854945,0.018150584922336593,0.05285526590170769,0.09356358346885711,0.040558538314849714,0.04855265231555639,0.2648083201191518,0.09610848299869325,0.09993699583029803
0.23432495269858053,0.023705859445346308,0.0998969855775504,0.1272785580002961,0.03981508399510742,0.04164658895093724,0.20031832310688294,0.12183459020229474,0.11117905802300436
0.12016544428293102,0.08578039580849735,0.047502314880201076,0.10901614638552216,0.09661124624598742,0.10034747119349145,0.21318439107000442,0.11073240916941918,0.11666018096394576
0.10645575540104,0.03620097875923602,0.1467000722188275,0.12175700984942135,0.22517772446939335,0.06834966387379156,0.07468639098536577,0.10991793031979231,0.11075447412313226
0.058341511923509635,0.06359206058817272,0.22889123278157678,0.14749328131175918,0.08741846381773045,0.06804896250591265,0.08526918855005976,0.11257696391016114,0.14836833461111767
0.09901576455768739,0.14200083148116324,0.07836415223172476,0.11556603344874573,0.02511181678983837,0.20060498135277172,0.09259911501319211,0.1325854334154157,0.11415187170946106
0.04980194206919586,0.044511673714546986,0.0487939316223595,0.13992070339848572,0.21412134064559252,0.11070641313948053,0.13479752280687574,0.15292534820523634,0.10442112439822676
0.020825438133096928,0.023848943491961695,0.10498213531122685,0.09878896941487066,0.31282656806236964,0.1419049547606188,0.0712662140606294,0.08911165166357914,0.13644512510164697
0.01641513530838668,0.029184121426106092,0.07266126412289468,0.07764125137360119,0.5188346748025671,0.04998295827567836,0.039140983591492866,0.08223915875054609,0.11390045234872691
0.10104648937378109,0.05347039781917784,0.09493235433305681,0.12805217277048855,0.22103732561909542,0.07646225870992564,0.09614691724335395,0.09985651508031536,0.1289955690508053
0.07959377861910104,0.11318948336389728,0.07172132783260966,0.12294299718738928,0.016990742050545696,0.06126780671505219,0.2681431716104772,0.15696507658748426,0.10918561603344334
0.1319501345021169,0.04929865661653545,0.23625184520606113,0.12557840998001044,0.047097584324442755,0.04084926403202898,0.13924928377667875,0.09938015284404074,0.13034466871808473
0.07836225613621199,0.10547354621189427,0.015056808979258244,0.10839653495078787,0.14117611890208429,0.16847697356595862,0.14182753884008448,0.1398700783899188,0.10136014402380132
0.14456827244959294,0.02777296030543466,0.10209776241548656,0.12489112734988865,0.09926394140911123,0.12707663542757966,0.13131054297136707,0.11777256602462206,0.12524619164691722
0.059207091042416594,0.03409802909024736,0.059428429666581815,0.12558800710089377,0.1009343606557549,0.17687190587989624,0.18003533920353418,0.15906218648263218,0.10477465087804293
0.26292294144316797,0.04620659978318214,0.03963632946539711,0.10670340088960843,0.060008069351331066,0.1620577009359371,0.12123352616570841,0.10086327873780887,0.10036815322785891
0.025374591806510277,0.08490499019969526,0.0954376333855087,0.11485046837825803,0.028295258548572396,0.20518459356483212,0.20774605127563228,0.1414362963918901,0.09677011644910084
0.07779226638181386,0.03710515293298302,0.04565707825268883,0.10797955703911423,0.07757958158836412,0.15036874919159637,0.3000985468734869,0.11252894259782897,0.09089012514212365
0.06047083506490621,0.049275157819036935,0.4110289961367742,0.11542022239092971,0.06417727223330229,0.04560018015595682,0.034733718272789454,0.08307296806192267,0.13622064986438168
0.16742825743796308,0.030949396630347695,0.055821513504500216,0.1126652214664881,0.036165791877957466,0.1274808302874307,0.26001187003929366,0.11458576018155418,0.09489135857446496
0.08244549872028632,0.052071473731083874,0.11386389903653837,0.12414743843089555,0.06468475128504546,0.27488729081939994,0.08793521090567635,0.10208358309839051,0.09788085397268358
0.09730270563037158,0.06284101371971161,0.09734300829456706,0.1358988743467802,0.06429420985858904,0.07461943416927312,0.21116166953059548,0.14268697229419505,0.11385211215591677
0.07735818214433884,0.04245782142807112,0.23432773316565492,0.13497240978644479,0.051193847357122645,0.060487287319187406,0.1509804654134591,0.10972677678318331,0.1384954766025379
0.31451340988646825,0.04817449388289193,0.03918526285850343,0.0977444267932236,0.03703361749922754,0.04641312886867529,0.217788804870339,0.10142631165821313,0.09772054368245793
0.1327278411579528,0.0951272670666398,0.06037715548809853,0.12779469609625552,0.045662470638197124,0.09071908526737867,0.159579601825939,0.12629314120512938,0.16171874125440922
0.023477655845172404,0.4279061160892071,0.16431751481634388,0.0901609450127235,0.011567717090604801,0.0489150098941932,0.03580479870931594,0.0954154709206851,0.10243477162175407
0.04602557886179051,0.31429985232551816,0.28036946818193637,0.09355430357042904,0.012848658328244741,0.039320416376538325,0.02537278120457952,0.08945894816889126,0.09874999298207206
0.09069028989945142,0.09081933906022756,0.015529339447162506,0.11412393956799222,0.020684974003621768,0.15315021770783036,0.28880709392822795,0.15449337659954906,0.07170142978593713
0.0730601615319482,0.03487729851863262,0.03241268824866949,0.09766007313623681,0.3588697569849644,0.08788426999061195,0.11986764044214752,0.09777554213040869,0.09759256901638029
0.13828963618351423,0.053308995266102506,0.0593752559468248,0.10954034740286946,0.13751968330697506,0.2343737842495317,0.05895587687264118,0.12540815062890356,0.08322827014263755
0.1598818937213586,0.030491565756410127,0.19181069368037848,0.115876508021501,0.036599922013808475,0.06062047726786096,0.1901181946343611,0.10747185366605864,0.10712889123826264
0.02797351332956521,0.05488104713689051,0.018553510427583058,0.08082518831499491,0.013602625184611972,0.12643518838809456,0.414561505171059,0.1468176701555165,0.11634975189168434
0.07033209878297599,0.04327064818729203,0.059786313202652576,0.10164031780802606,0.0203101983907525,0.09904986102139852,0.3384881336393449,0.12689486315472515,0.14022756581283222
0.04103204078160397,0.03312470096107084,0.06970618542228778,0.08212845580857163,0.40814896673574547,0.14264624176893947,0.03472069964177767,0.11268054409558324,0.07581216478441995
0.1935919070078497,0.017628724186260807,0.13671155277008518,0.12417280884568065,0.09398253880551821,0.05280594939427369,0.14421945500081756,0.08804332381842132,0.14884374017109278
0.07259992804796252,0.026234494135631888,0.16093404043446372,0.1264962875079305,0.10185457650346365,0.06751899894383553,0.16893480967841512,0.11535444233096337,0.16007242241733363
0.1666178364214578,0.0491041007174143,0.0343767457476039,0.12123881354831206,0.16148979100455274,0.057959483033914565,0.16610794182570907,0.08084507310932319,0.1622602145917124
0.18475058166555594,0.046763959998871896,0.1210244503073327,0.11451490110333613,0.03747867950289541,0.109428918255513,0.18123318000146268,0.10431359330230888,0.10049173586272327
0.1698047052115387,0.02768336405950704,0.06780689058500079,0.11494019042616238,0.08226614795697669,0.15187905036103658,0.15414843575616016,0.11840706210045493,0.11306415354316272
0.09335713628348952,0.2630869527778822,0.07325167362881174,0.1259390663740573,0.0734400415846834,0.053428113566323286,0.04815519713903461,0.11873274140028349,0.15060907724543451
0.04120866346152772,0.042048006932721406,0.07914417225284019,0.13940214021669234,0.12489113411370256,0.22752096090512552,0.11684197056210778,0.1085667729171604,0.1203761786381221
0.0596947754217092,0.053198199263912234,0.10672508535466813,0.14639354262406495,0.07319296932017146,0.11511068782835589,0.1860027006727253,0.1300368826921091,0.12964515682228372
0.14257931880562172,0.21675523200432148,0.15786968827755835,0.11540348416792157,0.01573151657468311,0.04480357578174532,0.08652419700879455,0.0983969710383013,0.12193601634105257
0.16871497782719744,0.06386337484437164,0.02082168142921586,0.09826636842358367,0.015801578701476766,0.0850329488788567,0.3478604754793228,0.12215993199066166,0.07747866242531347
0.29771913303554826,0.033914374406410826,0.03152012779998359,0.10159330342521128,0.04046488264723319,0.17389214678641862,0.15453111637767566,0.09200934872107341,0.07435556680044518
0.31995327082995956,0.022722020893889038,0.07182431360995342,0.09709692269678764,0.03429186552910593,0.09163004482283976,0.17546393017051196,0.08814019796032065,0.09887743348663199
0.028160286867041365,0.04974866797383872,0.01729939394994415,0.08021858644970893,0.3183730868580522,0.3362629083535811,0.03444541753049841,0.0917083329267188,0.04378331909061644
0.0775410137613433,0.40965833246300115,0.1466731947195051,0.08207508864547626,0.010976775894386247,0.041775982284798674,0.019617899313547495,0.083687971670817,0.12799374124712476
0.06448216187539958,0.02585331689382626,0.039333362126733974,0.12228012988565813,0.27912550542288184,0.1614895581092548,0.0723789636325787,0.11455223901176155,0.12050476304190517
0.2787981407427322,0.0414874637683304,0.1169884781549344,0.11586711177654087,0.06672527866248996,0.12032914775239634,0.0514536490763973,0.11574306646716688,0.09260766359901164
0.014847465485780026,0.02334833974203406,0.050056034732802845,0.0870173424636983,0.5242332587228464,0.04576280812202634,0.045399696116253,0.08327407318250635,0.12606098143205263
0.0471862286480658,0.2823893382177631,0.2677761253411974,0.0969343974603949,0.013976832748081864,0.046506867385887524,0.04045814887197267,0.0905331472747194,0.1142389140519174
0.2697864586986149,0.027096414097633224,0.22887618420070446,0.1188576315090528,0.04319516557395852,0.03545284119799151,0.07796701754575759,0.10183336939778893,0.09693491777849801
0.0535109367390173,0.06410342791549313,0.08127462423597569,0.11001571463915566,0.014513096471220179,0.13021606447748216,0.2924108463287762,0.1661698362874416,0.08778545290543803
0.05543723115025547,0.04998918967165409,0.08934658563104773,0.12764136892198816,0.24548223376680836,0.05326219166899374,0.12754190184920264,0.1004481014535235,0.15085119588652632
0.1197464440375239,0.04141846877087176,0.008724800518068041,0.0920295787256606,0.023776468569836052,0.10801018014365486,0.4095246064904374,0.1310745551258074,0.06569489761813992
0.10319562349787172,0.11781072624091012,0.01788939050465277,0.10585030491281938,0.02813791452417122,0.14289905082463714,0.24270255445332076,0.134626407798826,0.10688802724279085
0.10109153960971096,0.03897211484864876,0.05168179245219989,0.11511008157283459,0.20366412734081485,0.21663099735955113,0.07022208499252895,0.13113821829169972,0.07148904353201115
0.14831311527022145,0.02847468014051256,0.06737837332969325,0.11562895142776053,0.24928603662683194,0.11153997998083265,0.05378178247431464,0.12647032345155088,0.09912675729828208
0.08094391497423224,0.031565526909815324,0.04961280776201001,0.12514872146154268,0.14911831449020255,0.06565712435801095,0.22727679763145558,0.10592286704851618,0.1647539253642145
0.2906262955683128,0.0575842191963154,0.06739254539528315,0.10256924540655055,0.015858585917644035,0.02971747678629053,0.2443168432194843,0.09742915917957616,0.09450562933054306
0.04584502030136784,0.13886173361808718,0.3338750084198216,0.10712446457502849,0.015285298590335727,0.04497259667870034,0.0733134005327501,0.11970749862815033,0.12101497865575839
0.31666183769043826,0.03898738086654604,0.08856921142914219,0.12443036538704057,0.06830304704485235,0.04168398859827266,0.1150171825797857,0.0941633680010643,0.11218361840285795
