0.08783775706282586,0.07961951889695222,0.23681002229237655,0.09516882305956502,0.08958244253168242,0.10109910791613345,0.10440713403144096,0.11296519407740761,0.09251000013161592
0.082364630794095,0.04356899234154218,0.139310820735274,0.17127212803073866,0.14129615831115203,0.07599699818748261,0.11779937365657722,0.10271198766923312,0.1256789102739052
0.10282160967290092,0.2346340058739753,0.17106591788818035,0.0769379654118326,0.11597617856333002,0.03448927892793923,0.08442773282379264,0.07888935839470056,0.1007579524433484
0.09723273719091495,0.09400948751816658,0.05043581423337248,0.17067464340257754,0.15263164223442924,0.09128454563112849,0.12322703884367403,0.11222249436101406,0.1082815965847227
0.12034843905868386,0.17906290448359585,0.09254789450488991,0.10493818815178096,0.18770038857327428,0.048274178970627246,0.09374075224364947,0.09679874197359171,0.07658851203990662
0.09255215260474664,0.18675848410145723,0.11055588491003687,0.10075306928801651,0.1504452022928484,0.02717725180877109,0.13370648954044737,0.10196108706559236,0.0960903783880835
0.11407992024603626,0.05680739614762598,0.1277801712102687,0.1386819270774756,0.07781388762705128,0.08673307731040499,0.16336522865044642,0.13035144663659257,0.10438694509409824
0.073282212788066,0.2332528353472809,0.19714385846173035,0.0742628636371482,0.09632458486467588,0.04408978170933942,0.09998853671489692,0.08698095370702874,0.09467437276983366
0.21034868910113183,0.04965613261673827,0.04835182683682812,0.10723365437764083,0.1151549154959541,0.13127995957245986,0.1032951619858515,0.12030824643977604,0.11437141357361942
0.173520571596118,0.0596062477614329,0.04269701165725876,0.10339853383769686,0.08537681186163897,0.1876237500262273,0.11687008092083567,0.12390734606343157,0.10699964627535996
0.11176120016192004,0.05003313007046361,0.12665209555113535,0.10049117965974681,0.08292969910666043,0.1903764169969628,0.11030993071397376,0.13442437971102048,0.0930219680281168
0.08607933096423942,0.12506343063679268,0.2049044019992444,0.0716541866929674,0.09325014970737693,0.07159277964549748,0.12362843349475229,0.12635871039418703,0.09746857646494224
0.12484585872742675,0.1323429705424826,0.04059683530312589,0.10942467969641605,0.12165040953420904,0.10004604639889987,0.14094756815377193,0.12732200023576834,0.10282363140789948
0.09205621165441902,0.12937190953339678,0.1718325798403095,0.12541912508436828,0.08048821788058681,0.06309936537970716,0.1091795232776785,0.1058688888315189,0.122684178518015
0.20863528550049137,0.16196426525770377,0.04267610390459883,0.09654035336245793,0.0927910744082849,0.051411884640004214,0.11394312398354046,0.09506800050170193,0.13696990844121656
0.1165818646584833,0.18165508475789524,0.08839839242719177,0.11221533311801128,0.11235722959438706,0.06123859140995044,0.11765956975718765,0.10815420894077155,0.10173972533612174
0.08966208315294359,0.119608281972917,0.12215506122831354,0.11142000771760319,0.11404054509856898,0.13372187054318888,0.0925473687384955,0.11746522598663822,0.09937955556133121
0.1066999744557446,0.171683770359936,0.05252026285953134,0.11008148332558503,0.14951013482862885,0.09356610053363973,0.09075859682540592,0.13023555972454362,0.0949441170869848
0.12334948193041866,0.18114262836247055,0.03575938284016258,0.09470979453913193,0.0805902281977015,0.10590604097443977,0.12566208327694225,0.12275149707207371,0.13012886280665906
0.09531770288649599,0.050243493569590965,0.052938594288128756,0.2057316813326001,0.16946317022208754,0.05216945440794355,0.14057786047145474,0.11231911192822015,0.12123893089347822
0.09682641171929225,0.14251119581230343,0.10400808338931807,0.11628390059416428,0.10585328753884389,0.06345768580554172,0.12432035557692123,0.13530755790233376,0.11143152166128138
0.14240284457575028,0.09731372978063381,0.059568294767727736,0.12837579326475598,0.18048218831947596,0.07457421294628602,0.09090498921680851,0.1000193332339186,0.12635861389464312
0.08261154354953565,0.06284017389686479,0.12022438409745616,0.13590107702198098,0.10373488028471826,0.12647739241523312,0.13405531947074734,0.12324040563796528,0.11091482362549844
0.0848601713216837,0.12717273635999207,0.10153364890252504,0.09297251889021378,0.11542716252619412,0.13643086727547746,0.09655280304096121,0.14631322138397282,0.09873687029897969
0.08228056338811841,0.03932520841212697,0.2679440194076186,0.09497555481469178,0.07657318000896998,0.11125562973018899,0.12468701826231392,0.10171074241569399,0.10124808356027738
0.09379618571253495,0.28805806706755394,0.04300763598453583,0.07041217578642255,0.19846807708258551,0.022812984931803632,0.09871923683640071,0.09206976531874651,0.09265587127941632
0.11026708738068042,0.16532455698406973,0.07801029665211785,0.0989970477204532,0.1579518045891812,0.05636351412720977,0.11996555942217581,0.10512714606900338,0.10799298705510862
0.11048197819675847,0.14353274048869433,0.03761597669180684,0.12115193300553857,0.12067153198538277,0.11634322715432761,0.118030127094854,0.10003723145259226,0.13213525393004513
0.09459583563298725,0.06574841412915726,0.18257003121586815,0.13935731212092842,0.10686754333591915,0.07277234082035246,0.12310693746367792,0.1074717548925836,0.10750983038852562
0.1918811980058549,0.08295334693595006,0.07640832516432562,0.10913386227961892,0.10047126553401668,0.09547420510250432,0.11662360452501086,0.1015236605908994,0.1255305318618193
0.08102762286721178,0.07108183640342437,0.12990582665084807,0.134132860687277,0.08164847248284844,0.16207090988218695,0.13440109944313855,0.09994505539438159,0.10578631618868332
0.09949989516393382,0.1648632991306702,0.1241650061976327,0.12431911503239333,0.07687107265228095,0.061600505188890174,0.11861430448430443,0.12027717194759242,0.10978963020230205
0.09858845784417904,0.040696932980491575,0.14081917902033253,0.11085521532137836,0.09410256491407719,0.08887801885669251,0.17252184305210602,0.13302178584556654,0.12051600216517622
0.09819436627598051,0.0667087268021119,0.21615978058084287,0.10577908342196878,0.15857549332132378,0.08310011467283716,0.09295123188095349,0.08772154084980899,0.09080966219417251
0.07625856711995715,0.03694640122389551,0.25422360621302653,0.09819374186325046,0.08844624411887984,0.13929703353716397,0.10912048054203548,0.09518063788526436,0.1023332874965267
0.08589079696601865,0.11895107863136721,0.1676214100605794,0.10059614438363966,0.10726291792730341,0.05390041583160698,0.1594319664163817,0.10863031006270289,0.0977149597204001
0.08342620587110672,0.03524225391246862,0.19991067321517988,0.12024271156005213,0.14833436546501852,0.13342215434687724,0.09426580985287225,0.09456489154769775,0.09059093422872688
0.0771909607173742,0.2130648744044227,0.1013173492423617,0.08776095181632369,0.15161285904405034,0.03972078689234326,0.12127478268018922,0.09917584580630016,0.10888158939663474
0.09240783770828503,0.10298152437508552,0.061122931005237774,0.11171207940183837,0.1228063508847574,0.1611728878504944,0.10925088973304697,0.12557006232335405,0.11297543671790039
0.06358543101836386,0.04451847314610405,0.3459628521316606,0.07132244735325861,0.08260316188490491,0.14103819528612282,0.07740307584862409,0.09865754303933734,0.07490882029162375
0.07899021106687999,0.09308962321743658,0.04741506330954542,0.18191019713926368,0.17862742750095392,0.08277785135149328,0.11950086861678556,0.10591626827076461,0.11177248952687695
0.08151457386499594,0.1749629326452613,0.24319658023885019,0.07889365622818383,0.09776336150843516,0.03927270572020628,0.1013463945558953,0.08645852210407153,0.09659127313410047
0.14935705975507496,0.038996234092386894,0.059217901282558404,0.08241546155852882,0.10858520941789686,0.17531705443463594,0.1419733395236883,0.14157339146874126,0.10256434846648854
0.134973500505861,0.0758174935823118,0.1283938439407796,0.13166993521074033,0.11192745961694744,0.086100464460714,0.11666503631133207,0.08652058537092523,0.12793168100038868
0.11098491344188384,0.09594370944969348,0.10510918585636007,0.10884403581581377,0.14537611469299308,0.07341566251232869,0.1309739972491655,0.11841007278118114,0.11094230820058049
0.07369983768641075,0.14539049326947667,0.26661723123108816,0.07100319956139257,0.09859876071875862,0.07095929640263761,0.08766788017927074,0.09272926585392749,0.09333403509703726
0.06082281338608426,0.3369275417788775,0.08680543485862108,0.06468318531969852,0.08144368379581256,0.04016734812640965,0.11377637313634521,0.12320348246406232,0.09217013713408893
0.14725671524941955,0.16305730611834945,0.03624511445436041,0.1228526649439175,0.08657162604493446,0.07777612803544119,0.09791133757191807,0.15502813274712676,0.11330097483453268
0.1206751922943957,0.09430506555375269,0.04093030102801887,0.12631436308607621,0.09562069479535869,0.1335494569918995,0.1171311660457454,0.14120896779277256,0.13026479241198044
0.09360115216252007,0.1898001701693464,0.11262252014483355,0.08769692134842277,0.0771517117667296,0.06385278682922525,0.13663537352480656,0.13140059709258453,0.10723876696153128
0.10006114712683066,0.08755381756438763,0.05055823940923613,0.17300251244116926,0.16627490302841488,0.07224088796212445,0.12900053631566466,0.10483579663266897,0.11647215951950333
0.10917024562930185,0.0980226738568022,0.10187559505683992,0.11083982812640848,0.0863292867437377,0.12882238882240227,0.12936134058116644,0.11201981604921392,0.12355882513412718
0.10158430441826104,0.19098607350525476,0.05478458312958584,0.11208428124293533,0.09489203514996299,0.0550581518706186,0.1560292722102797,0.12821377432956024,0.10636752414354146
0.125720577089109,0.04342785741805069,0.15202946775377588,0.12852192717042182,0.13434180666644738,0.08389253358631127,0.11606174175740443,0.10226559724863664,0.11373849130984286
0.10149826374314974,0.18394459742065453,0.1167530644246994,0.10454674510013884,0.10259402002876968,0.039879993169422874,0.1288069410201088,0.12311980735691824,0.09885656773613792
0.0778955455219592,0.08357530525736616,0.15938448926659624,0.10246554589499816,0.1570598800058442,0.1317000516398288,0.09143749167252775,0.10708327508983932,0.08939841565104016
0.08207501109485223,0.25694196093126914,0.05677573879252807,0.09935307419080945,0.13840731168216208,0.031042404719924695,0.11146203780240788,0.1361832435641796,0.08775921722186693
0.09951272780681698,0.1804375690335089,0.1880404722301061,0.08606405513023103,0.08141676250746065,0.060475784199160686,0.09722445170140641,0.09628075130301449,0.11054742608829482
0.12049920498307003,0.08190959360069863,0.04292662447931082,0.10266710871701097,0.2053396945037866,0.108053907235492,0.11963809620316819,0.1262434850574011,0.09272228522006161
0.07726601178091301,0.09059000251261062,0.27118496022445404,0.11440832393206758,0.06562839757051762,0.107384660100038,0.07938375612790773,0.11748880432125276,0.07666508343023869
0.12008268367195368,0.09163554672844748,0.27220357262366085,0.08913754921635107,0.08626504427315647,0.05780491863875128,0.08874563777799682,0.09336751632494249,0.10075753074473985
0.09441752923521111,0.17868629367436573,0.100360922569749,0.10330101854346112,0.12039376715662072,0.038950263497887404,0.15658138589465653,0.10073044386338652,0.10657837556466189
0.13272160859196314,0.10366773138098766,0.09700792622732234,0.12550252233095163,0.14853103476188093,0.05443647389216033,0.13302293891580422,0.07782206386203182,0.12728770003689793
0.11352617683733407,0.20478471058930334,0.1008708062522065,0.0883327138679645,0.11591363021853962,0.04003220071440151,0.12757043549108482,0.09950464308865065,0.10946468294051502
0.12461960872438255,0.1651105732714714,0.06833900131140551,0.1101629485428653,0.09843179767649136,0.07571431951396168,0.11522789881155782,0.12546719075559978,0.11692666139226461
0.0799115018592828,0.05499063495046616,0.25364966827746444,0.09203508996238656,0.09213738149051758,0.11984578701019556,0.1059865891295,0.10791013605321641,0.09353321126697055
0.2453741633563408,0.05958052464868449,0.034105472188359166,0.0977061364327874,0.10724244681316512,0.09223074502998295,0.12276918375361857,0.10804050807211289,0.13295081970494868
0.0889459849037733,0.04758310445930958,0.04102482614039121,0.23421717219843208,0.17212903652821657,0.10505728806903065,0.1080891891156671,0.0919621194812454,0.11099127910393403
0.11123507806609399,0.07313766992735105,0.05272936240471865,0.12511154759703463,0.09177641633164081,0.15871829164262244,0.10981364316028423,0.1643299801745152,0.11314801069573899
0.14144004165437096,0.05350019456211833,0.08873668362053581,0.1398310246356283,0.18271402626614622,0.08751622354785875,0.0807748396228523,0.1497709137208375,0.07571605236965191
0.09536171853187266,0.09776219197955925,0.11215263041896743,0.11669133394117863,0.20270397665367587,0.08478885262201197,0.11117900795682205,0.08311941259539414,0.096240875300518
0.11806362725214888,0.09152954939900593,0.06652162577846178,0.11336948355524983,0.08589909907475389,0.1679902615420664,0.12982049264405146,0.11932993360699852,0.10747592714726327
0.10776067587904618,0.24203285468531643,0.04037304356699964,0.11545815595220271,0.096964805873391,0.07632193435863864,0.12247554079416424,0.10747063182293908,0.09114235706730212
0.10796083141490155,0.0494858148838927,0.1541086424380248,0.12189264001493239,0.08958062259441239,0.15311649966974564,0.10539868647254545,0.09370870564452483,0.12474755686702016
0.12730228580941047,0.06771822150792879,0.054090798661742684,0.10195248546978308,0.12562386181916282,0.14449990131116333,0.13810692207713868,0.13051700334472824,0.11018851999894186
0.09645285124574893,0.08619207356565338,0.07466029444854483,0.10327404074544601,0.08862242957219257,0.19490087940371306,0.1148657963045094,0.13053410899857198,0.11049752571561981
0.09863505138541058,0.11904277578042743,0.22919595773594584,0.09110927843519963,0.10863734573042765,0.057060841640244976,0.10568704228671948,0.09132705961021093,0.09930464739541349
0.09816046207400492,0.04404533686955412,0.08310000273531117,0.11582921610170237,0.1292283306818942,0.1046036904455061,0.1633178651465476,0.13024639518783457,0.13146870075764494
0.06806724909243844,0.05723952490000069,0.3096110147027744,0.08358904842727688,0.06979051967364863,0.12707012367926326,0.10476553249221315,0.09952376261092903,0.08034322442145553
0.12977503324703432,0.05749145978247732,0.1408250292927792,0.10404652514155328,0.08849494313219758,0.167992036802178,0.10145150707424333,0.12070736980589554,0.08921609572164153
0.2249326027755619,0.046705817998502215,0.047859535349496135,0.10308682863452907,0.1104181207643597,0.13050986548638363,0.10243088500086804,0.12051552390557811,0.11354082008472122
0.09599803799276689,0.03389828098353261,0.2780448572718036,0.12886565196912778,0.11393096315993818,0.09399135748024713,0.08424009876770162,0.08436296662362786,0.08666778575125439
0.11632769174543449,0.05192312685544085,0.1921046596507716,0.09937557692758674,0.0820692978472366,0.15336802478720252,0.11390495121038789,0.09436558143790315,0.09656108953803617
0.12567436360313752,0.22582125825842603,0.05901228491342977,0.12168287256407172,0.09271202934403137,0.04314829100189745,0.109515738363123,0.11059562023496235,0.11183754171692083
0.09675255553507921,0.027429883233302987,0.05970450061230245,0.2174649651572331,0.12863261717405558,0.11420919798040276,0.12983584194915115,0.1037769527570417,0.12219348560143105
0.10385445118636695,0.13175217943107545,0.07864248918582718,0.09954922181175681,0.14593890910467575,0.06965361303363786,0.15929209642535938,0.10189183046126808,0.10942520936003258
0.0850468988818351,0.29033827739758117,0.042979222940906364,0.07505984411558929,0.14660274023437028,0.0480257998939825,0.11428369692080931,0.11252360249962669,0.08513991711529927
0.084914245056453,0.058219703696798186,0.28009531343638155,0.1037907929903817,0.10303632244996958,0.11829251757102914,0.08473968959751389,0.08131053987315999,0.08560087532831297
0.0779672885368714,0.032127874852193504,0.1718125714854886,0.13143007483459615,0.17420449552232772,0.15986864582728144,0.08115999554542445,0.08014323641302125,0.09128581698279555
0.10598516917643065,0.12564710080084263,0.10157069331841878,0.11978789253585205,0.09981124072879281,0.10811791708208479,0.10226553163719891,0.1199944218971269,0.11682003282325255
0.1050049190854944,0.17759885041080867,0.04496875808493669,0.09232141822217323,0.17943411581733035,0.05927372971091815,0.1292468924293179,0.1046651797919985,0.10748613644702217
0.07739473237464659,0.059442138688657976,0.22248378596013588,0.0874602632638643,0.07984667667394797,0.16455764549727625,0.10661385320751027,0.11415764501052994,0.08804325932343073
0.09015387466381582,0.08609765650246576,0.16792004251332257,0.09526766857689413,0.07687964277696502,0.12436786598151485,0.13460234670454094,0.12364014523156075,0.10107075704892014
0.09213456780804258,0.0229512477831168,0.09033388566797855,0.09521139009572849,0.2133688548801198,0.1922027945853161,0.09169452059056994,0.09334806050491103,0.1087546780842167
0.10565547700425981,0.08736064286187428,0.12274508157979729,0.1155399746134231,0.15248989650383038,0.0666050994852918,0.10851292983672829,0.1313118806002795,0.10977901751451562
0.0665523093018623,0.06635689720846012,0.29359859100966273,0.07727832358057792,0.06230212113659404,0.11656395531556872,0.10930419161224507,0.12457694410557903,0.08346666672945002
0.11283975413828007,0.053759219870361245,0.04843224369641284,0.0931436900654717,0.08462832253652075,0.23599888749506948,0.12750936459142992,0.13789262615358674,0.10579589145286732
0.0917272149353302,0.08491004636356801,0.14949728951508223,0.12583331052031918,0.23280633326969125,0.057154026632785515,0.09384597584783479,0.07819137879479215,0.0860344241205966
0.12826132269141655,0.1370554411834296,0.09483841895491092,0.1085539196093812,0.09916395205242663,0.0625330463195874,0.1262690033284525,0.1277967163751644,0.1155281794852308
0.0938528249594024,0.03196382442275111,0.1608880538505009,0.1315091841364144,0.08706724803699635,0.16859868306740464,0.11939278987505093,0.09595690895274556,0.11077048269873375
0.14266064966888004,0.08801216941567225,0.1407419339849635,0.10946415607441591,0.13527405062829848,0.06342324912388803,0.09650156541439463,0.12589905929817077,0.09802316639131647
0.11847422996451888,0.1047911200750699,0.09265164548002497,0.12533914973186125,0.15468253806996332,0.0719188851160601,0.1040678875366986,0.11204394309858602,0.11603060092721702
0.09124557701479807,0.07638889314570199,0.06876094282938881,0.1371789488163753,0.16768582822518174,0.11186780271701968,0.11751960056302312,0.13462251746044684,0.09472988922806445
0.10541905812180456,0.04124389745046043,0.05023197384712172,0.1453413906841272,0.14433737411602068,0.15900488066849472,0.12895087211630213,0.11746161434133855,0.10800893865433008
0.0773991892569501,0.05070372398631848,0.10098591069647427,0.1486492909593361,0.0919253774324587,0.1829210521008181,0.12741038123594617,0.11241872225287032,0.10758635207882779
0.14283544763634592,0.07489496541266417,0.07716193751302335,0.1334317491117549,0.11767639052225524,0.11988925832658903,0.12018575469171568,0.11044815325541331,0.10347634353023838
0.09314501975837226,0.08684103361296559,0.14517070677550992,0.09823233484005321,0.09374346603557902,0.11280780192893296,0.14629594852511735,0.1249200779052169,0.09884361061825281
0.09443042705872862,0.21430645541895524,0.06557045167214953,0.09450139198073408,0.08061724703603411,0.11141330867498613,0.10306540663199659,0.1200710668404238,0.11602424468599194
0.09947747744755027,0.10915463178274737,0.12253735943974096,0.10657299143852761,0.11916522678105075,0.11969801904996585,0.12284222648856769,0.09431167864668581,0.10624038892516381
0.09917992743400077,0.10527608566129647,0.23022736665164648,0.1102904319706886,0.09493337286508868,0.06406562749336871,0.11167914612306225,0.08827210238289555,0.09607593941795249
0.17189645790682184,0.05655953805505221,0.04654508153636829,0.11223771001860704,0.11774543072282377,0.11264702662046787,0.10437021608694026,0.10849820880839973,0.16950033024451897
0.0936892644041758,0.10846168947422419,0.08535220152329996,0.17443440838925775,0.14654072553940847,0.05766475303179356,0.12270819430409541,0.10624865489341057,0.1049001084403343
0.1302431288852632,0.15362436543664112,0.09392885455235196,0.12505469829998,0.15331726382446706,0.04779885686123436,0.09522950130850572,0.10126113375047839,0.09954219708107813
0.11206575264481061,0.07192454308120344,0.08412544919312422,0.10076585465259567,0.08599661321531764,0.18285305676235578,0.11916648616226144,0.13511572673043837,0.1079865175578928
0.17027289131835785,0.18564951429701593,0.05208753278459995,0.14859193674836882,0.09627877662245805,0.030258950489908287,0.10433140693712246,0.1202083301269719,0.0923206606751968
0.09118581352367333,0.014741581826840341,0.048755159724091675,0.23410252838628867,0.09914722786656684,0.14118861162013083,0.14461077087874338,0.10075638239620481,0.12551192377746004
0.07681922572097044,0.04726792283808392,0.2792818165811754,0.07081472038010571,0.07130932193245264,0.06271176938036475,0.17574658894879217,0.12405823526692135,0.09199039895113353
0.1254555819992133,0.05064430939242202,0.08142890778119359,0.11256972637067904,0.09987456676743499,0.19724416496726124,0.09350103089788242,0.1409803593424751,0.0983013524814383
0.1059223142992991,0.03110588404943851,0.20505078816062774,0.16157923601437807,0.0975764454866711,0.0887381134132889,0.0982452166254143,0.10426685243956375,0.10751514951131852
0.0834074462277079,0.376902566315334,0.05441090603190272,0.09363085261854674,0.0972401069419679,0.02284173790286928,0.10354082330818105,0.07353896734134248,0.09448659331214797
0.1293450528464295,0.2051614784786637,0.05891492479419114,0.12197630703493866,0.0824748536033143,0.07357756257593122,0.10088732948835949,0.1136818301052785,0.11398066107289347
0.0715917324193231,0.1273970485120429,0.2662746523253496,0.07467944513296067,0.12480423544811996,0.046948537570019044,0.106073058447605,0.09244337595386531,0.0897879141907144
0.07528156325889686,0.04325867800114156,0.2567252609927219,0.07335124575976049,0.06398416806328099,0.15158026370000777,0.11163116688050151,0.13809473278316595,0.08609292056052294
0.0973242356177969,0.05293498517275826,0.1888602793439801,0.1140162776630383,0.13330611335633424,0.07820103695555657,0.11405092315084082,0.12136336342231484,0.09994278531737999
0.08256433311249897,0.0909020279152742,0.21369089829161725,0.093917767265278,0.081474998003584,0.0951225336290883,0.12467600722025045,0.13009710939174104,0.08755432517066773
0.12804007949193805,0.18302910827818644,0.06000635608159921,0.12516665762851573,0.08619358323301597,0.07031211743680153,0.11265937877578436,0.10300796055059197,0.13158475852356674
0.07854273596589759,0.1709709393196761,0.07402631680134515,0.10875384416664034,0.12289906484282026,0.11338783999106411,0.09851448756154739,0.13795055538571532,0.09495421596529381
0.12106258678312166,0.17562428605154876,0.10375468377448933,0.10028497190263486,0.1039440748880484,0.07350330749615029,0.10249810980020041,0.09655922626181163,0.12276875304199474
0.10574807330105297,0.15788778331857167,0.08451738437237766,0.10707702061513434,0.1153480560718866,0.055350855914036844,0.1545784819672056,0.11219824691980412,0.10729409751993012
0.11030924231542627,0.11500036401766389,0.07272435055434963,0.11103612830718838,0.10548075068235409,0.12368368082433112,0.15953337974028334,0.10303896761025984,0.09919313594814343
0.08697784813210778,0.13674541723209116,0.06615677081463338,0.1612090132174774,0.14448345259186793,0.05093844477298252,0.13325800728803905,0.11991716222996607,0.10031388372083476
0.09520873586649749,0.04472038367386074,0.09988297556308202,0.13968612408005696,0.11522626751684739,0.10438840040094381,0.14723003297094564,0.13737904095203857,0.11627803897572737
0.08587455338144372,0.19247680413935045,0.08409673039724509,0.09272259380747798,0.10999457296646474,0.0748536747147152,0.1342436710208554,0.11506893207146689,0.11066846750098053
0.09248001609845169,0.043365691855790846,0.22797195571921192,0.09533985852429527,0.0673513229188908,0.14508463534836383,0.12199048596066121,0.1181935318629636,0.08822250171137093
0.14701344536576624,0.1551624811923981,0.08591693206174221,0.11100239772520655,0.10577736704803324,0.059555494739166416,0.09214307638264989,0.12968168035853864,0.11374712512649865
0.07975079139421083,0.07777130983994034,0.20363426126111536,0.12771555992674644,0.10876529105585707,0.12167939554633538,0.08721963180957482,0.108058146828799,0.08540561233742083
0.12051854365557911,0.08192230480686248,0.04291326906907291,0.10265532749480671,0.20541950670766265,0.10798504094232793,0.11963006883510281,0.126254445933079,0.0927014925555064
0.08684274281086111,0.015448868628323514,0.04982908751806694,0.18707818790063527,0.1100024533483992,0.19882141587294277,0.13287800266437721,0.10342274771547576,0.11567649354091829
0.13032352367156017,0.08027940847580078,0.057500131664168445,0.15969765356191112,0.12924502582385602,0.11103493938100285,0.11177473718645037,0.09543807497417794,0.12470650526107235
0.10354831884418762,0.053077501737224586,0.09263808934357125,0.1337009021125916,0.12032476001797882,0.09182567151715727,0.1502013798856762,0.12883947884280186,0.1258438976988108
0.14288146930359116,0.06574744492388017,0.0677989529841001,0.10420893639914491,0.08132909795779501,0.16589985354876358,0.08681829877331203,0.1627151213430893,0.1226008247663238
0.1088626368224855,0.0565768659639706,0.17949498379432058,0.10659892672444994,0.15812505482632755,0.10397702515836986,0.09097805605950332,0.10689944138944336,0.08848700926112925
0.08702157608953347,0.05125468880886644,0.25381820461604504,0.12193633160893197,0.12279238293686552,0.07942253113513553,0.09532532566196637,0.08695201981985651,0.1014769393227991
0.1047220603751437,0.04519787486345633,0.1552067669244778,0.12190572764252672,0.0941512117230502,0.14875935293033574,0.11163958100212627,0.12497350517119675,0.09344391936768652
0.06633105675206591,0.37082709784506407,0.11421700518936241,0.0595216431069851,0.10419533812393905,0.022504666036412973,0.1010535355162841,0.07134427096186692,0.09000538646801949
0.08539806584075861,0.059735165455403715,0.3405068736821453,0.09831009198146902,0.07270766008429796,0.055422266745969485,0.09540825754379584,0.10041356171862008,0.0920980569475401
0.13767017324532885,0.07617087099944997,0.06330296888796028,0.10433531396078922,0.08008122364684044,0.19784169879332728,0.10830815869264628,0.11451640557739255,0.1177731861962652
0.08893289050639637,0.11843334519315753,0.07831299931293763,0.11065710200442345,0.13484980598498053,0.06817438091166232,0.15525824528747975,0.13958765621333422,0.10579357458562826
0.11211800302080373,0.15392791646610085,0.2127121872848299,0.10288221999192564,0.10311009076668641,0.049619649091982944,0.08941071218421585,0.08573788303757968,0.09048133815587507
0.1292903751180721,0.22524161194248302,0.031036955814110086,0.10852648770237217,0.10733944078838649,0.061486573896532816,0.14074524861123383,0.09142700208220035,0.1049063040446092
0.12782516311338207,0.19325665643134374,0.04865201937101529,0.14198681878278407,0.0927544969323838,0.055023206827296806,0.09648918266559692,0.12302860306812972,0.12098385280806757
0.12124145600078094,0.05755087811060263,0.24490128169617834,0.0890221610185329,0.08860000605306795,0.07816052772339285,0.12370511391002607,0.10660012368490646,0.09021845180251181
0.09513492360603008,0.09968479250859501,0.21866610286322594,0.09208412559152074,0.09944023515754814,0.10436382328414669,0.09611630272766687,0.1081530711182046,0.08635662314306204
0.08600032564927841,0.0887004899922254,0.15289939258004068,0.12239839384542987,0.12231695416442427,0.06916176894342717,0.13123794272410813,0.1152043790558549,0.11208035304521119
0.09635823157756551,0.0523443627578446,0.1883291514916167,0.08632183386815022,0.1676339948952276,0.11182885357460297,0.11317250692757981,0.09333449583170249,0.09067656907571009
0.1242683115565827,0.1311973367867303,0.0582113182407929,0.10786878143607569,0.07457526620450346,0.1501529817176748,0.09368057252324573,0.14887002107287275,0.11117541046152163
0.11062438203730264,0.07858673653561789,0.06955017198516318,0.09520115596528451,0.22121332108012923,0.09462620048861729,0.13032988801399598,0.1026510641378033,0.09721707975608597
0.12601274015262734,0.13688731924976527,0.033354482142564694,0.11368654170103853,0.11773863297886876,0.1201902395172418,0.11048274599575485,0.12117295667227217,0.12047434158986657
0.06591671049008495,0.1949598217560865,0.28219654626391383,0.07152551114950399,0.07318401097640664,0.03811109456909396,0.09613124424956164,0.078385250729588,0.09958980981576049
0.0907868180146853,0.2030548882523682,0.03849075417907035,0.13042838314278432,0.190137325867605,0.0460219452006377,0.09957308977132574,0.09916320552679593,0.10234359004472747
0.109530583991038,0.16304143705128793,0.044841832731237215,0.10207728062755139,0.16142766999947222,0.08523636171412972,0.11009940109289283,0.11935368668971653,0.10439174610267414
0.10032971447851176,0.041853227560395334,0.20307698322907144,0.10226190382140708,0.11865084670486609,0.13452998508847935,0.11050811127530603,0.0970661143829165,0.09172311345904642
0.07402247502015612,0.08274805635565922,0.31155616105348694,0.08481008887327003,0.07112617967339217,0.07595958056345338,0.10824156632864161,0.09641557112566701,0.0951203210062735
0.08908060028054017,0.16208177877906038,0.1328458400700044,0.09320014968746598,0.09458330231360106,0.06832586912263229,0.135913915466875,0.11490528086819717,0.1090632634116236
0.0930566796974393,0.03096807413154551,0.23649525641113897,0.11051695544927327,0.07474103612497833,0.10274989816490288,0.146122893412399,0.11652474460561413,0.08882446200270845
0.11635218059554941,0.17027800535598173,0.08481340386657299,0.14252479255809317,0.09878862615662881,0.07118225943425842,0.09469680169966793,0.0989561755767373,0.12240775475651018
0.10747289796178149,0.18895893905068176,0.04126632645097091,0.1016087668975814,0.14661701372398803,0.08388355299378664,0.12714014573405108,0.10426763691307117,0.09878472027408756
0.11305646616076759,0.18328544991635445,0.033153239115371866,0.11400441642645999,0.08165126376213339,0.10487145023987364,0.10693771934839984,0.1456449147601417,0.11739508027049757
0.09617675416709609,0.07242576447685624,0.12463567764187733,0.09939124636908346,0.12276825948362051,0.09791235168598818,0.12998582810318568,0.15123951233814603,0.10546460573414657
0.0930365004454204,0.07989676264393944,0.10627364157585815,0.21076432564213157,0.1912148492980014,0.05297310583339879,0.0821479993068503,0.09230121029923403,0.09139160495516596
0.097824459056966,0.022854112785412883,0.060083925836342034,0.19577033402268254,0.2033672923614435,0.0661479741941338,0.10784692830066472,0.1066495667714395,0.13945540667091505
0.09368560105882089,0.05319254400453627,0.21764890612216303,0.14287193042024135,0.09465858986977284,0.0823167482773055,0.10862011052116087,0.10695583661469661,0.1000497331113027
0.08814399598430994,0.21078297631441156,0.04096757284380092,0.10880227543665429,0.07603988809753283,0.08721695922590252,0.10914347775681414,0.1504219040353045,0.12848095030526935
0.07913694620971005,0.08830453078844895,0.13000090404927686,0.08891111137114784,0.07463668062676253,0.20290064408824604,0.1073619913573967,0.12906964796458023,0.09967754354443081
0.07710434041265325,0.061899876467285946,0.32235641954697497,0.07504506720615368,0.12134306837665637,0.08684413462259628,0.08821230917219554,0.08522687361763719,0.08196791057784682
0.07890117464021297,0.2938782236267541,0.05137777274167876,0.103341914540186,0.12072466055738135,0.05203235636438433,0.0915174094874403,0.10343086314965722,0.10479562489230498
0.10456164952121878,0.14126785571009448,0.0438604692881133,0.11719135075568772,0.14440187576152413,0.057837090121644064,0.15923537238013558,0.1334348596131808,0.0982094768484012
0.07082267757623621,0.212932975312895,0.11826780441485314,0.07265042966027942,0.1157232826812129,0.06073157730836245,0.1176820162288598,0.1349006474361689,0.09628858938113215
0.14040520625161093,0.05199301136396275,0.04216214039796498,0.09576368428959808,0.11712659898902851,0.2277649878966619,0.11304758287108418,0.09600976540862693,0.11572702253146167
0.09239202686289237,0.12038714305521898,0.1190535121814623,0.0982571380126351,0.09827881257731845,0.10767640426565868,0.14409808348199654,0.10595561358403309,0.11390126597878447
0.20977342178044014,0.058252891192948075,0.03774003503131786,0.09180942915454186,0.09878208549244101,0.14642976860189397,0.1104079818157387,0.129760281092878,0.11704410583780034
0.08507605650500978,0.05646389110837621,0.21809474549608268,0.08571578397706074,0.07864155431607456,0.19637946987873775,0.09918431685889643,0.08389368494267675,0.09655049691708513
0.09206762285808184,0.046206205231681695,0.22600308059126092,0.0922699677989642,0.08152470246555145,0.11174871328338316,0.13144482580016226,0.12783560971335758,0.09089927225755694
0.13218262041932435,0.18677727615471915,0.0895331758651301,0.08363083902487496,0.09801444119168008,0.08138715142371311,0.10475867272637777,0.11465922299445304,0.10905660019972746
0.11990003055738623,0.09538590461986801,0.13133271940813787,0.13804770664498506,0.09911102562741707,0.04369235667562798,0.15550867041378078,0.11515120600173806,0.10187038005105897
0.13280633476771214,0.24977319106742776,0.05815799511866624,0.09151615356979387,0.11790308342191565,0.03487134440085129,0.12589820209305852,0.08453939291638973,0.1045343026441849
0.10039826948374507,0.06166913536322616,0.07044368261972793,0.11498818058432021,0.08629776128228413,0.20819867323463714,0.11662916246072902,0.12898249085121993,0.11239264412011034
0.08587273425487708,0.15116292810589416,0.15687683765178137,0.08848737100561405,0.11263791206476204,0.05659093554934235,0.12915644672406754,0.11175315123839195,0.1074616834052695
0.1344138337971139,0.08118412272297126,0.16347742231644824,0.11961148797573139,0.09402831463377652,0.08469956563913923,0.10610871188660755,0.09805857225138037,0.11841796877683154
0.08881176357868943,0.17774241882295927,0.07074603168109371,0.10797264663435709,0.1348867310696729,0.07368635003609837,0.09289606554633915,0.1617103182418177,0.09154767438897238
0.21032698205024983,0.054001834063109315,0.041809389615394155,0.09956505032415586,0.10805667008024632,0.09547005019476897,0.14799986725171718,0.1269856561793727,0.11578450024098567
0.15778094153604585,0.11068486732254436,0.07168463048180412,0.1044862732403294,0.09655703827192841,0.11471969361579915,0.11845310988651159,0.10279676227290135,0.12283668337213575
0.06358543101836386,0.04451847314610405,0.3459628521316606,0.07132244735325861,0.08260316188490491,0.14103819528612282,0.07740307584862409,0.09865754303933734,0.07490882029162375
0.06694408919310842,0.19042624349888992,0.03327811169829473,0.21449063406755742,0.19458492259952512,0.024101285282139992,0.09290339304514288,0.08511927798475856,0.09815204263058291
0.0918499912999079,0.1769304629404663,0.07972913020445972,0.06520633602044464,0.22227088520821006,0.06380632324127229,0.11562330595625958,0.09696972669629922,0.08761383843268038
0.11214923640823211,0.05038736518001766,0.08795306336958601,0.1356251259176934,0.09097856041635634,0.17523766604440083,0.11936730967568195,0.10928635705920375,0.11901531592882797
0.09247893262269108,0.10432566204926137,0.10732916368174894,0.09552046171193466,0.13342120158368498,0.1223095116250253,0.10223002055703852,0.14288321037016458,0.09950183579845046
0.08654442908631658,0.12588642608506515,0.12699017414327504,0.13721510515295887,0.12412154343317133,0.0963864368604976,0.10782257786454601,0.09615940518509558,0.09887390218907384
0.0897432672510622,0.018005628991634114,0.08157507872695781,0.1784713807058621,0.07905543463951677,0.156940136558842,0.16056443912276805,0.11771635010314603,0.11792828390021082
0.10209554838913203,0.1651568916620125,0.14586524931018588,0.10390719286854899,0.11176557100163546,0.03676590442244477,0.120294486068406,0.10482654562852389,0.10932261064911046
0.08973183734739233,0.03690762198134321,0.15647725984459246,0.15008304458547836,0.07487346321972489,0.11899421871913692,0.15596700076698247,0.11648285861603531,0.10048269491931401
0.09230010630346157,0.09512105334938865,0.08879672508260296,0.13851449986401837,0.17211112966717648,0.07961215265420024,0.11857336980634349,0.10895610969379184,0.10601485357901637
0.09635864254488262,0.16834970044160846,0.04072081902113486,0.10487960636126333,0.14318888891314446,0.10498331183853782,0.10627256556950126,0.11561874051317206,0.11962772479675499
0.09664980943425243,0.07996526203162153,0.20751886383705276,0.09961894361297252,0.08926871117091721,0.09709587591393815,0.10496227215242641,0.13122717307819048,0.09369308876862859
0.10492069730533904,0.04083866371195735,0.058230189915648406,0.22521170664896173,0.0954807551799709,0.13319758957502872,0.12140129878903504,0.10582435864064783,0.11489474023341095
0.12550996296547742,0.111555367734307,0.09763573116022313,0.11499172478424713,0.08497537340956807,0.13615947878115442,0.09642266893764663,0.12219377281978532,0.11055591940759087
0.08202215418586156,0.04939122730233087,0.05163640924763924,0.19229384086117837,0.19523037678101582,0.1107913163150488,0.10204849946909667,0.09239719087718377,0.12418898496064495
0.09947747744755027,0.10915463178274737,0.12253735943974096,0.10657299143852761,0.11916522678105075,0.11969801904996585,0.12284222648856769,0.09431167864668581,0.10624038892516381
0.1044100958788335,0.2802730141379168,0.032746523991642795,0.13778025633186414,0.08183710807020932,0.04130785666099366,0.08869015831963932,0.14004998221169648,0.09290500439720399
0.12258205171356928,0.1507736996561912,0.04987142421839658,0.10465478740151979,0.20753365486924846,0.06728339456152775,0.10000646755140197,0.09235138661215093,0.104943133415994
0.19549469747388715,0.21217476316936645,0.04229397165524199,0.10630117777624114,0.08550848087867931,0.055081289430724205,0.09692767287785366,0.09476802890942702,0.11144991782857909
0.1016812351897849,0.15464213430176862,0.13873551913364235,0.09699233532477954,0.09085387826004311,0.055521435270922875,0.13434989338428135,0.12269658517379241,0.10452698396098488
0.0899444835685615,0.07214212872569749,0.07552797911624291,0.14756656679800428,0.24694803111283584,0.04850525116219714,0.10224606591807366,0.08662986033689864,0.13048963326148852
0.10032771310838422,0.05824963039764821,0.09436028511226102,0.17100884642627345,0.10688885598495156,0.12877390029984273,0.1328124584147682,0.09372933718702386,0.11384897306884685
0.09212399208124945,0.038305561200525175,0.243277287432642,0.12250563329387083,0.10384089433263728,0.10686926551933817,0.08884301066357353,0.11280022229554428,0.09143413318061921
0.13781131818898382,0.19711758749865724,0.041585984647738064,0.07983727279890972,0.09111183923742312,0.09877873337880938,0.11458872436131368,0.11430980996677399,0.12485872992139092
0.19323811539378458,0.0901803958594584,0.052498189927934896,0.13977763662198708,0.0841535786311201,0.10311197935636716,0.10562511545125088,0.11263497221895687,0.11878001653914001
0.09988355073098983,0.10145779951129558,0.07860133481088583,0.11042553097311558,0.10722325128444044,0.12810770407864028,0.14322074652088276,0.1232262727779515,0.10785380931179821
0.08200969367690392,0.10136404716406396,0.17195841229026632,0.09516239500822472,0.07579220394628167,0.10371884223982625,0.11662639218415499,0.13592344069233198,0.11744457279794619
0.10780470430537921,0.17529492704555213,0.0834590858946808,0.12224562148230818,0.09819370813013502,0.05325436119283722,0.12552987393409307,0.1280469430072875,0.10617077500772687
0.08492671157644748,0.13681575352888506,0.14756494232990025,0.1002670481151559,0.12367870004135972,0.09440703539134915,0.08714639008838072,0.11612805605772947,0.10906536287079223
0.10425386271089974,0.031089156887599778,0.09278288782430112,0.13646013495592738,0.09415904280399458,0.16262458806030514,0.14680038942887694,0.11427631408932704,0.11755362323876827
