0.06848036964179184,0.12823337692805878,0.0472785121529359,0.3507861217629558,0.008755106831923693,0.20489684611193604,0.10188760776162709,0.02170108580580919,0.06798097300296145
0.06505906284018315,0.11725739093640804,0.13184794923829998,0.19512650015433528,0.17972701212738096,0.06729698257082177,0.09514217172657302,0.06322900645204114,0.08531392395395677
0.05332845878711071,0.1059712116737639,0.06553062708343589,0.22812745175275165,0.2115000678166259,0.10614424629956039,0.08500425293544522,0.03538169805796163,0.10901198559334467
0.10134341753572111,0.09992948145024207,0.14596715402072566,0.020284187127356138,0.059371090787285384,0.12540366909132186,0.16237393840198747,0.18067821975126744,0.10464884183409288
0.11206559718918196,0.08954456150294288,0.07238117552601885,0.05369205029696115,0.16670013633849476,0.08035206830407486,0.09386639586516014,0.23598964925677138,0.09540836572039398
0.10663078610879939,0.1258973346840181,0.10510431912897482,0.030234839894454548,0.1425961442573551,0.09163006124841012,0.1439008379632304,0.15716228774211946,0.096843388972638
0.07110536673668437,0.14781885626721625,0.07056899712149402,0.32224690275780765,0.06782332980861898,0.10362735632479936,0.08736985034021494,0.03856566007487198,0.09087368056829238
0.2736014905269499,0.11000464828560678,0.11363330381599503,0.04480824466257368,0.04384928218581532,0.09406511757944064,0.09532709430049506,0.1423738299075706,0.08233698873555294
0.030136415511550118,0.07511490767905976,0.06765586932185834,0.275640051863479,0.2871567767411552,0.054528274096145544,0.07592893383565884,0.042917786615511176,0.0909209843355821
0.10451936549484747,0.1573550928124607,0.13947178064124718,0.16602013130443286,0.06137556133891664,0.08317604898423447,0.12174045927871015,0.06502036153442135,0.10132119861072914
0.26040840022676565,0.11227513673317109,0.09835646622796157,0.0532737863447448,0.08182199742862178,0.08379485373796995,0.08367931131291317,0.14445096170146085,0.0819390862863912
0.07397813125615273,0.09127879333009842,0.09285256604308902,0.20298175971907653,0.28437641570858446,0.05017525650716218,0.06583961600201954,0.052824687379730874,0.08569277405408622
0.08690801354374056,0.07498528401334388,0.22140676983378768,0.07161367632892077,0.07481382311882238,0.1495232723089708,0.07595685114843344,0.12655142161658045,0.11824088808739996
0.16505504644855282,0.11283263663435288,0.12982694457254226,0.0816209728138594,0.05379754709740799,0.0968980924537507,0.12783248140533468,0.1296724174085617,0.10246386116563755
0.02390789199256303,0.08640207295296003,0.0650606166066041,0.027498025487936117,0.2582457196178876,0.09082108593902898,0.08821873101358209,0.24417598384913608,0.1156698725403021
0.09363725397525206,0.13672442487915534,0.08725037158125858,0.07298646493842396,0.1377937250877708,0.10851622917396735,0.12332220771751153,0.13808139071554312,0.10168793193111729
0.10567224307036177,0.11024591266610506,0.12493931829353529,0.18130593949644624,0.1551097191547253,0.08426744285162173,0.10447429803985163,0.04304376049100509,0.09094136593634793
0.12279630513327978,0.1123079305934704,0.04231871572419615,0.24397964973288863,0.005258069707842651,0.13901646884887045,0.20936512506970326,0.03231991309264445,0.09263782209710429
0.060147677296667056,0.07590716655977163,0.07907628257525916,0.3620079210980216,0.10150916526420978,0.0685973338543248,0.07815153538243981,0.06691843313242536,0.10768448483688091
0.025214182417681013,0.09107207742909046,0.2383168542662454,0.2874443461853376,0.043977140858382474,0.11654288192245167,0.05274577758185827,0.029622224911820528,0.11506451442713254
0.15790910932905766,0.13786868341118153,0.15582055202489561,0.0446958139196777,0.04035073750052695,0.11922691275161967,0.12300594399199209,0.12493534954658693,0.0961868975244619
0.1726533360773703,0.15293116223752692,0.1082285201063543,0.21720547461483164,0.0215847137733995,0.06527691140997526,0.09201176691331238,0.08311645682326137,0.08699165804396829
0.031205884413098156,0.09198469533679193,0.19048992335540013,0.15055688738551817,0.004597939911233307,0.14183243540040116,0.13700500385197004,0.08605228518302506,0.1662749451625621
0.12676761406156326,0.0895600217765982,0.1281318192207076,0.03614177015526406,0.15533349140743272,0.08056244087784876,0.081765036488286,0.19739702328327954,0.10434078272901996
0.03142916720187248,0.06914470850553509,0.10416609306249928,0.09897818726193625,0.011315971555388866,0.20219361590425455,0.11544579038500687,0.2111743683782362,0.1561520977452703
0.021724058949248486,0.05341385607319867,0.09352388132843455,0.2634107857286406,0.2550556642009511,0.0605788256836283,0.09261408578801206,0.03236209544209282,0.12731674680579344
0.14108477350603413,0.10792574160447517,0.20289199756830498,0.039765846715260456,0.040856394552127924,0.14108470311730606,0.10265175379824941,0.1168876076149864,0.10685118152325546
0.05575886481080922,0.08633785857696447,0.08328118676502831,0.23710181326586258,0.003203444351361731,0.24023939499565405,0.09166915503793445,0.08860726815125165,0.1138010140451337
0.33703775714304207,0.11300877645605202,0.1023183122244109,0.04224637444007381,0.01372939411182647,0.0924421592164067,0.08487163380926216,0.1359433881430833,0.07840220445584262
0.1220778978354204,0.10160741684383408,0.07799642451015297,0.11296889088581481,0.037928896194836755,0.08958036907130677,0.11099324548894964,0.1795109969815708,0.1673358621881137
0.06945353604829886,0.14534189757282043,0.126039804124721,0.07031546872521248,0.0655352781345264,0.147789829736748,0.12732057839440583,0.13605942712839544,0.11214418013487161
0.036096493170061895,0.13846452012277935,0.1709715482459969,0.11545842080024778,0.1706792049405227,0.13839287145995913,0.06716354583611206,0.04356934819866045,0.11920404722565965
0.2643198803474353,0.11795054870550396,0.11185385954425059,0.0386781090132677,0.044592555886415995,0.09049742593070748,0.0921265043102661,0.151506764989703,0.08847435127244989
0.32090022894319753,0.1139053107681575,0.08782895079812099,0.07731223899611718,0.0339318194012153,0.07315750573806445,0.10126438933219795,0.11325495745124797,0.07844459857168115
0.147185659192119,0.14121043241724296,0.10867993454642184,0.07981378080514756,0.11289358583334612,0.06942905153986802,0.12260000757209925,0.1058669914058988,0.11232055668785641
0.1435700288431906,0.08634997466011844,0.14248536162721018,0.0717790751071397,0.03267279942717783,0.08983011703375021,0.09896283359013436,0.22332843558654328,0.11102137412473544
0.06700028528708439,0.20093790368316458,0.0607204469608919,0.26660414218105954,0.040859097328397036,0.18875765757163532,0.05392029118922875,0.03365418263025092,0.0875459931682876
0.11244075247506154,0.08976201277697604,0.06673910050550186,0.2970823988706805,0.04905458699558516,0.0702353183117866,0.1283913540288174,0.07220911547154965,0.1140853605640413
0.03685140852761425,0.09064002205045352,0.3585355209575991,0.041904628450764085,0.05804450295576622,0.10669939296947238,0.09749011445988985,0.11046624775634821,0.09936816187209237
0.1371125958623971,0.1036444897563612,0.10836524570697346,0.030572123950329655,0.06715519233050644,0.09480997856009203,0.12471512303929327,0.22557477022574926,0.10805048056829765
0.0628135343883582,0.09586650462029227,0.04751218836278251,0.11273388660082022,0.29894662153241724,0.06242407345514214,0.079403580872403,0.13111920431809457,0.10918040584968985
0.05353563084090673,0.0961742791291032,0.07274660051366241,0.06344953107020122,0.10276167570034571,0.10169030849632262,0.19685381487699324,0.1418985902061166,0.17088956916634823
0.06903691715141401,0.10338638030013124,0.11458273950116858,0.19266616727026634,0.1109969915616481,0.09344428760344492,0.12045127946992545,0.0716232929782782,0.12381194416372317
0.18911828812663697,0.10883729613189487,0.10678531306040917,0.047658361662642666,0.14005312460961564,0.06857912271869078,0.1045545892327266,0.13870439658279593,0.09570950787458732
0.20557360202635197,0.09716558021935905,0.0892817609497089,0.08174166355907946,0.09040896284099818,0.0738624591774862,0.11766943689095714,0.1500021475446077,0.09429438679145136
0.0225850400967403,0.06003846030503837,0.20654800194985215,0.024829678333600922,0.03270097149901535,0.14116077528183976,0.16534791830415463,0.17471034548066014,0.1720788087490983
