0.30251446707740165,0.08974342160233835,0.12657535293042307,0.06627504958310962,0.0410040668841404,0.10939843455080715,0.10002813330684145,0.07994456462058644,0.08451650944435196
0.08934124949349109,0.13956385145298775,0.10652965916291253,0.11111669589760907,0.11650521485002391,0.05919616156575133,0.14153661867484804,0.12536786362929356,0.11084268527308279
0.03679522062357259,0.11172362322402597,0.12188593536932507,0.12868282461870373,0.14972578387618027,0.09098616706493708,0.11425019544547621,0.10646363630681827,0.1394866134709608
0.039888422930511716,0.15105090611192187,0.09675576759297977,0.11501328236119156,0.11998693873157318,0.09192878505147606,0.13591665149434226,0.15994930081334346,0.08950994491266018
0.03483677228047028,0.09415370572903092,0.08284788376920603,0.10044904164754909,0.39724930064413777,0.023327204281652938,0.11898226438218096,0.09267995980310915,0.05547386746266283
0.34179856943536424,0.09225736041364198,0.10681941917795061,0.06934193265541742,0.03460916059741096,0.14471921163629844,0.08900258705055719,0.0549304547751408,0.06652130425821833
0.0754520148313644,0.08682898374668123,0.10239963613114557,0.1195214276519931,0.33191330542393227,0.020945500468500782,0.0803336472156063,0.15245968676943253,0.030145797761343854
0.08143490607844014,0.11144163531380218,0.1207468402426937,0.0897215192071596,0.05209700647533635,0.19224384448379883,0.11374481017312961,0.0794394796267228,0.15912995839891678
0.43029398753226883,0.07953525219707881,0.09920182922230303,0.06087455925299708,0.038018902287376005,0.0998447481535063,0.08566518474683334,0.056431385844956966,0.05013415076267972
0.22968935361890933,0.1040650220818407,0.11125068845398113,0.1011260553434955,0.05987853156503303,0.040431919243552245,0.08416183023872059,0.14427684970299878,0.1251197497514687
0.10142054455193644,0.11879974379536651,0.10793870202723395,0.13983279011199556,0.14630849059637244,0.046021824345712926,0.1008407576690961,0.17953699808550813,0.0593001488167779
0.02832911215160602,0.14709202081142206,0.09923344437998034,0.10028666731506036,0.07498330774864119,0.23943233090160995,0.1367737511491562,0.09030139256740592,0.08356797297511794
0.27150827527038285,0.10649595382594505,0.11523056019506935,0.07299345150306315,0.048036035952677254,0.07981820940697791,0.11437078276999264,0.10024020777639829,0.09130652329949351
0.29758902094935813,0.10730884402397933,0.11670005748859365,0.08923119217923918,0.045066955432206596,0.06461945347543788,0.08788708385568099,0.09550306992579188,0.09609432266971234
0.04926780521484785,0.1391114028067537,0.10924877006555733,0.10492691873516698,0.03588379362961093,0.1751306619509819,0.10509130305241447,0.13652368844529483,0.144815656099372
0.037705626631908615,0.10786004786174629,0.11234276972627777,0.13611155591383797,0.03630103069538616,0.22872886461433373,0.09558574068842153,0.08086494300718945,0.16449942086089844
0.15701137383654926,0.12080536235178313,0.07820633082227332,0.17667743070751377,0.18422278947473383,0.05706481518785419,0.10013513254225465,0.09871158442939777,0.027165180647640026
0.05344277748673426,0.11881414353772023,0.10655524795983635,0.1073740036208816,0.08980005639541849,0.0805445548793311,0.12995994565358462,0.1535954008128607,0.15991386965363263
0.05425586875369779,0.13966404470427193,0.1119108966751537,0.11856861731449946,0.0802680401153427,0.09265400320675106,0.12505377006292887,0.1358366150012796,0.14178814416607488
0.06777599238458602,0.11435948165126107,0.12261799686865371,0.13805271814931777,0.07472421679534093,0.06681791495782466,0.1017269811379402,0.14470850936269486,0.16921618869238084
0.04237880591887672,0.15171198520159648,0.10891445067955852,0.10546327380211652,0.1936421474181452,0.07152158156802647,0.14459914428165613,0.10879988203255342,0.07296872909747061
0.030464271679562904,0.13273631910128836,0.10516222324463505,0.1583703929126162,0.07699438594130649,0.15480667641810578,0.11339710691190678,0.11040014167025519,0.11766848212032326
0.03146525512733308,0.139449820639415,0.10667482997161885,0.14098314544200413,0.12205689330588303,0.06285741799231427,0.11386562919978001,0.14346743383242622,0.13917957448922536
0.14840254106716833,0.11231855867027014,0.10013794341637106,0.11578487944202405,0.06946840699057351,0.04890399311848587,0.10450797123062816,0.17150807246264846,0.1289676336018305
0.09964839390891389,0.12234169808696567,0.13055609067383145,0.09557529853679625,0.12229850163557777,0.12116751649949058,0.1278628553268554,0.07270084496882596,0.10784880036274293
0.44062513216716964,0.07940366055788925,0.09155204570486715,0.058290047052350046,0.03914188539927541,0.10352509651880977,0.09262020184431881,0.051059623864657316,0.04378230689066256
0.2880619161886526,0.08782379510682803,0.10960793238654958,0.06926476948089043,0.043331027903953434,0.15383490881246434,0.09901886189498965,0.05227059591593941,0.09678619230973252
0.009236058108541221,0.1290133191145745,0.11150460669887775,0.12215473652731183,0.11973645123978144,0.084093799297226,0.10112749478106275,0.1394310446113332,0.18370248962129113
0.03826548176625899,0.14872588810697931,0.11177340504528836,0.08668134861571976,0.08543959825196189,0.1087153944342835,0.13184404456464294,0.13732485588170484,0.1512299833331604
0.27747503988389555,0.09617697780848976,0.11707319142561505,0.07775021529136529,0.04188047135088058,0.11457935116732759,0.09757724647390041,0.07575153566640543,0.10173597093212026
0.0908109258621083,0.15065681793103555,0.11321589691825597,0.10024183108946456,0.06805989196589612,0.10982000339626419,0.12407255115777184,0.11198438896516937,0.13113769271403417
0.07567494559994152,0.12641945787734965,0.10737751440152715,0.11650735223820541,0.08532636672455392,0.0475007044419257,0.10831914409812236,0.19093804831824246,0.1419364663001319
0.10523160900403221,0.13945211154699325,0.10522274045076123,0.0774774366368164,0.1329065448417979,0.0642824490924349,0.1365320059222744,0.09939253899559235,0.13950256350929746
0.05114559151496456,0.12822476402234004,0.11171755745430262,0.10642037347305035,0.0618808754087678,0.1844483740987117,0.11517816657680761,0.09668586076252339,0.14429843668853196
0.04638045531216483,0.12322438292153433,0.12311837790855373,0.11357749887947444,0.05347872842704785,0.25026291221872676,0.10548068274430987,0.07398295829012086,0.11049400329806736
0.07278777550671105,0.13664136305582184,0.10566282510017853,0.0975329773736129,0.08156625764976007,0.0540553139589775,0.10890717631653796,0.1756577923750362,0.16718851866336396
0.05013066022593828,0.14314184499941776,0.11152384296844432,0.14756295333383887,0.0739705612852862,0.10219044085356417,0.1187412222737551,0.14276148808508396,0.10997698597467136
0.07626965232117754,0.12396911701486546,0.0884891627329879,0.12859127716675225,0.1732744050228193,0.055882692206783824,0.12001692017244577,0.17884252984683205,0.05466424351533583
0.06776329673163328,0.13603788997259827,0.09516523017880267,0.08072604481202818,0.16132156237538467,0.13433845786722304,0.1630007605363157,0.10178328038454594,0.05986347714146819
0.018303696998988237,0.12866640343794775,0.07710621870294697,0.07844827408743922,0.36350198925583244,0.04722533454184138,0.13558543252832075,0.1001764430366443,0.050986207410039064
0.09958813661808212,0.10513376659712233,0.1268435364152938,0.1611163965788844,0.04502726690032416,0.10604839383718208,0.08688326802897323,0.13931644591965134,0.13004278910448652
0.10157179577006652,0.1132633062287924,0.13585348392248633,0.12332518130328958,0.04474794618045593,0.10409429356151555,0.09522630301377039,0.1553630314141161,0.12655465860550721
0.2352481225951085,0.09803767840454071,0.11452301796368396,0.08482932295092795,0.08060011069761414,0.10840800233200458,0.09922951621966836,0.07745894298168278,0.10166528585476904
0.1551270927947969,0.1136865054230715,0.11823024823263201,0.0922924016879959,0.048982702882282014,0.14493549524511762,0.1104700042599861,0.09482584126900745,0.12144970820511052
0.19751412880112018,0.10614028538350201,0.12814359430491454,0.09392222621519869,0.031636900103355806,0.07486324057307381,0.0788424958962363,0.11894044060588473,0.1699966881167139
0.07213437020683543,0.12378634668883136,0.08363929687723211,0.09725058565338712,0.2115823380858588,0.04033402867932564,0.12196239303548624,0.2060970927059693,0.04321354806707405
0.1745164943040999,0.09394123179098095,0.11232096512727152,0.07687204716807768,0.04049570599459277,0.23401221333968125,0.10437783005237822,0.049732737493297034,0.11373077472962068
0.03447817380441769,0.13055047044052762,0.11333786267635503,0.09747056497848687,0.05177025607605675,0.0822061138271013,0.11560677323924272,0.1641719475522508,0.21040783740556124
0.06293596570067096,0.110368452131046,0.13029199517835968,0.12284749633004759,0.1113681432014594,0.06179656171540027,0.12003358557439768,0.15268954064804133,0.12766825952057706
0.03779342049311286,0.12001879060486263,0.08473032551613509,0.12172377732348971,0.27911069477208517,0.04409745185202387,0.11560864058674332,0.13631386860899417,0.06060303024255322
0.020057677622643284,0.11441518123897164,0.08786944505718576,0.17547239775681903,0.07426684942581777,0.09021902111252324,0.1058086424384415,0.2016206092502891,0.13027017609730873
0.1484066915332205,0.08333106785589622,0.11148045691797037,0.07785787730663553,0.05540856314983855,0.2820020438990421,0.10163951065272485,0.0366225403928601,0.10325124829181183
0.06012099863987491,0.1188936430315553,0.10706761897452444,0.10661522790666277,0.061195925660977694,0.1307048261914123,0.14284913856869877,0.13114365021821853,0.14140897080807524
0.16339776663482183,0.12070643222614529,0.10639120466489038,0.09989374940660924,0.12479481655269213,0.061368442706518846,0.1115447416059051,0.13568618772535793,0.0762166584770592
0.05800266950173207,0.11888425974225837,0.11135175368079682,0.14547270802150777,0.09274128331263698,0.06914280497918951,0.10905612869108199,0.1631492667487626,0.1321991253220339
0.17868990644645832,0.10920363712559507,0.11289016468793296,0.09390373250386219,0.11727855896261365,0.04773735358306299,0.111922114791637,0.13301468737683345,0.0953598445220044
0.3495707547351083,0.10166428203450344,0.09734543916630095,0.06663274772823603,0.0541310317278361,0.09121315264053602,0.10408235349770273,0.06558446702274517,0.06977577144703127
0.07794718752047615,0.08151051192930629,0.13180752915924362,0.11971069881182088,0.3780461259720045,0.020638955007521668,0.07664805788396883,0.08142887457820554,0.032262059137452524
0.17795399777736765,0.10653700355869382,0.12529953967717436,0.10880220885247242,0.07828886276683807,0.12160075112183412,0.11080883503893484,0.10530447813347803,0.06540432307320669
0.05679998790535271,0.13045855139571402,0.11516625485196424,0.12248075114769814,0.12306923785238373,0.07402126005689609,0.12661730453235484,0.14989889632626233,0.10148775593137381
0.1504784809771359,0.12158026324497394,0.09883539635569684,0.15872566354319928,0.08884439544290268,0.051066000325219,0.09656652760638694,0.18488163838773677,0.04902163411674868
0.27747503988389555,0.09617697780848976,0.11707319142561505,0.07775021529136529,0.04188047135088058,0.11457935116732759,0.09757724647390041,0.07575153566640543,0.10173597093212026
0.04985761730465426,0.11452977862246638,0.1264567753194642,0.16316830741183752,0.16518572328007408,0.0637286398187814,0.1163028363859082,0.13707176723136813,0.06369855462544578
0.04493584222055604,0.10221299092816083,0.0670344019262121,0.13261953238520272,0.33328603783202754,0.03132847732528681,0.1043070863888725,0.15288125473492425,0.031394376258757205
0.03663339173161394,0.11914815397207547,0.12389590323508722,0.11255279055221563,0.10492834450820505,0.07097168639431735,0.1231933382656784,0.13742317140975657,0.17125321993105036
0.024446752948318537,0.16844691688292693,0.10047074631733365,0.09627322690491813,0.15530380283430223,0.06433914553252196,0.13588820563348156,0.12305878932984149,0.13177241361635553
0.23667041661760813,0.08995628435188957,0.1157888767459005,0.07307490211796482,0.04365735125610335,0.1839187007018793,0.09871159132292295,0.04749635519199061,0.11072552169374072
0.03310886035316434,0.14134491846629862,0.116453217258611,0.08837808665290843,0.07667907308399498,0.21551842823631537,0.11382675742803468,0.0775366557039555,0.1371540028167171
0.027827498365898,0.14668957588820583,0.10405084672361083,0.14425959160778445,0.12645447367088863,0.07903521208868945,0.11926355512982605,0.16060721889396196,0.09181202763113479
0.1829276178618947,0.09245630760851158,0.12303461170119545,0.11050284849438856,0.07302876967086532,0.17463183010786806,0.08225698786134876,0.05491282111533032,0.10624820557859725
0.06780116452333135,0.1039377450759278,0.05623609153402968,0.09314085625519809,0.2679497141909099,0.022651206337186022,0.10700498118640846,0.24984130177498998,0.03143693912201872
0.08848094805592936,0.11482653902133111,0.10010911594295589,0.09423084177079415,0.2571942783843413,0.03628084912202448,0.12103761988206951,0.14206623859360837,0.045773569226945886
0.042707117006237694,0.12540618761195801,0.11283780952017618,0.11997213258914703,0.11978802054919978,0.05139086715559144,0.12040072443541726,0.16176808956224553,0.14572905157002716
0.032666533707149246,0.11883672862883032,0.09110044413171292,0.07694293898902564,0.2952898648476487,0.03484334429663271,0.10339421129350666,0.19883463069575916,0.048091303409734616
0.05622449834671078,0.14544356066402053,0.08636586765421113,0.12154302312876863,0.10004671831326871,0.13493308689410868,0.1271599109787214,0.18026861931434088,0.04801471470584931
0.14350639145952063,0.11104911846600919,0.1221984177362163,0.08947431617047365,0.05656274925103222,0.07029072036978344,0.11943700941482456,0.11365362126516391,0.17382765586697616
0.06585456978762577,0.09302578040036719,0.07564811571529748,0.10342111067386273,0.39105490258834186,0.024376036624938136,0.10446661537287917,0.10465326123355,0.037499607603137614
0.14282630044789082,0.1112862498510292,0.08675932643769746,0.08939415424649917,0.22078723904748596,0.03149330341284685,0.11803832429875845,0.1525502192913672,0.046864882966425055
0.3422698304752411,0.08632133416619736,0.1052515085676367,0.06418560111224327,0.05463940513469765,0.12034751154004437,0.08718817360680547,0.051356470332425186,0.08844016506470893
0.2848065776046275,0.0808407717836359,0.10054226912730274,0.06439609421234509,0.05492498478169868,0.20128823287905018,0.10165730364209076,0.04069340691877708,0.07085035905047204
0.12601226433357787,0.12620459562519706,0.09864100228854124,0.08798950128021508,0.060173455288975476,0.05763825762077667,0.13071476413239905,0.19389007302478703,0.11873608640553046
0.1703260018235747,0.12615716480253056,0.0997240399370833,0.10414999363743054,0.07644506188877347,0.14432513201558075,0.110275488241248,0.0878010778926817,0.08079603976109702
0.024477694755382532,0.13881268967287932,0.10986441878933705,0.09991769062398055,0.06583533354398223,0.30245655665343896,0.10260564117607752,0.06350112012264121,0.09252885466228074
0.13074929824685302,0.09825343509247408,0.1356905364135115,0.08993415946907928,0.053016605023924766,0.11958691291664247,0.106975388781954,0.09188096451076404,0.1739126995447969
0.05299488382642894,0.14603006885844208,0.09601995008304372,0.1029965419514368,0.10227217777099497,0.10728159891025542,0.14601410948228435,0.1691162308828962,0.07727443823421748
0.16907363908775083,0.10672157143151366,0.11218639964712507,0.09988279514702252,0.09833621004144755,0.0823950538136687,0.11795614372754369,0.11871074397350329,0.09473744313042469
0.05205157047683361,0.09045309320450345,0.12021389779020554,0.1075143791617504,0.32183228524910956,0.027440975185052275,0.10515300719607734,0.1297158206295222,0.04562497110694563
0.060254523868634946,0.1279999684945884,0.11332494691898265,0.1033987896245298,0.03851408475004925,0.16507656748173924,0.1062964046114142,0.10250631961802292,0.18262839463203853
0.2643330563863824,0.0820942904847602,0.13569541233152718,0.081719804357185,0.036656476637300824,0.138639816732143,0.08571313667027668,0.06885333437194857,0.10629467202847613
0.10607408824701615,0.10037088638673068,0.12728568833317344,0.10701637621409284,0.050641544136481705,0.1611075432725453,0.11735316017926915,0.10492247552667645,0.12522823770401434
0.08657481389795152,0.09283018850101239,0.10631990262204073,0.10560854987568481,0.05570884845135752,0.31277305079456563,0.09526293053621183,0.04726532076723055,0.09765639455394504
0.37715272348956447,0.07921712003881161,0.11077925775429709,0.06689058299665457,0.04353405397144586,0.1087537299412828,0.08564705991265421,0.057717403038628295,0.07030806885666106
0.13481191617627641,0.15412538402683393,0.12611244839021704,0.08960492305511297,0.07007305519754164,0.09941386393848604,0.11960105005052966,0.11655790420209867,0.08969945496290364
0.020838189602475427,0.08810400221173624,0.12498107349517935,0.12339125366339555,0.35865013252409034,0.0281589210663432,0.09209892433609483,0.0973958651138503,0.06638163798683477
0.14446605375657406,0.12104314602985033,0.1313681384924175,0.12033968696042463,0.06518598875722197,0.06567784545445261,0.10453172311315283,0.1260979516043984,0.1212894658315077
0.09565003974412623,0.1257298990001384,0.11649679504396837,0.09580284337689426,0.07026658743343533,0.10076816518711636,0.1426467191871149,0.14516376971160025,0.10747518131560584
0.06078451324957718,0.13589077940547556,0.09486660105472922,0.1260808735746542,0.05163429423234276,0.05723432686588941,0.09974386189872049,0.22132696849748268,0.1524377812211285
0.05354599876111679,0.1381474773395925,0.12217491972678618,0.08918485324911156,0.08343739702669585,0.16034086702435335,0.13860033914135006,0.09617007964321596,0.11839806808777768
0.08318418058178323,0.09599693265899284,0.1099440223462308,0.09286996574486356,0.06316459344809035,0.2439844251731064,0.1038085751817277,0.04888263506360848,0.15816466980159652
0.057108138523609735,0.11106033149116791,0.14696680228138842,0.07123009516729223,0.03275220971850143,0.12951910669682612,0.08421993329630235,0.10168641731696969,0.26545696550794207
0.0533682715698894,0.10481979000677673,0.11381494325979757,0.12176347030552793,0.05563828706804736,0.20580814071604694,0.09364315256398692,0.061679645252459274,0.18946429925746788
0.03795883837178362,0.12648855850274518,0.11074130973304282,0.09777473169949037,0.1305681854885334,0.14453530898503456,0.1256289949697615,0.08226752665691069,0.14403654559269785
0.2259007665678752,0.08167167668838364,0.15369649075117411,0.09987982766979997,0.04840138125437487,0.040822220489542434,0.07381887131894428,0.14424438667035688,0.13156437858954867
0.14830861725804148,0.10681683711315261,0.11391282979466581,0.08685635014961794,0.06103875634740439,0.14759955813567702,0.11800232590746666,0.08023229631303914,0.13723242898093488
0.013499707999608578,0.1272925128790449,0.0998266806197965,0.1533472484564738,0.06828386100642557,0.2021720172000244,0.10591964894691593,0.10101803903297955,0.12864028385873075
0.24636727387058469,0.11163630322198465,0.11479573317569403,0.10652935661464775,0.05810710081336698,0.08421036364669783,0.09620508719949454,0.09175305163996163,0.09039572981756788
0.10490979766997938,0.1425652866414764,0.07744693550612665,0.10763474265122895,0.1035672311929966,0.15853774271183577,0.1352566839797382,0.14093497687747586,0.02914660276914223
0.04365368762967912,0.08583378757338656,0.12448902753661766,0.14170395608271313,0.40382286512797655,0.04139616950644955,0.07798690479728808,0.05157260086354273,0.029541000882346572
0.24374978921274093,0.08877108637356616,0.12300474858900762,0.07918849326346779,0.05250554745120096,0.0860641250756032,0.09295463834046673,0.09462455830397769,0.139137013389969
0.03899919046322906,0.1129551760608985,0.1221370484114548,0.12550698324491985,0.28139183759044184,0.05239980117536632,0.10417625712275842,0.09709176815018054,0.06534193778075066
0.12881306918951613,0.11228934845814464,0.11453660330483238,0.10676032682146756,0.10025269906894459,0.08691629754762543,0.1194856005265542,0.12853773131412138,0.10240832376879365
0.11192695678209315,0.10562320128785956,0.1126682615048785,0.09771686347125014,0.11673560760012976,0.05568108243853188,0.10336406333710957,0.13306465847920437,0.16321930509894308
0.12836395477504123,0.1214559147634674,0.12145417312637884,0.09233840341285825,0.06340419460545427,0.09986231218930976,0.13352370669453137,0.1497364614908243,0.08986087894213457
0.14393440268750038,0.10897842801812768,0.10559455658414,0.09913855548228345,0.05281932888195101,0.21962711957105707,0.11189049938957464,0.08096367322329102,0.07705343616207473
0.0639574570060426,0.14782525370941577,0.09657650163807323,0.12352535477973099,0.15902862472238713,0.0604213178630999,0.12673395489581019,0.15717323943296993,0.06475829595247022
0.01563961072260368,0.14006388860303212,0.08344471315792436,0.08707578694401337,0.11467788449350287,0.055865623950355575,0.14192996251108625,0.237946076889463,0.12335645272801882
0.10490979766997938,0.1425652866414764,0.07744693550612665,0.10763474265122895,0.1035672311929966,0.15853774271183577,0.1352566839797382,0.14093497687747586,0.02914660276914223
0.13092567754453865,0.10694940780964372,0.10889335444842745,0.08995730619126525,0.037408328931133765,0.2533539386434659,0.10777088817428626,0.06854503835946484,0.09619605989777424
0.04810407589872828,0.1351278783614496,0.12566237033680352,0.11111223456623592,0.06103555293402799,0.14094156647837086,0.10855533636510824,0.0930985635773545,0.17636242148192097
0.026704124387778222,0.13753835944684914,0.08929222081762576,0.13388376508581082,0.08472378039426019,0.08174779767528133,0.13145633908299767,0.20620128310862493,0.10845233000077198
0.056552603374766565,0.09965895654775574,0.1116204295695421,0.1731349070449498,0.2629448725294352,0.048813437173207,0.0909884055210216,0.09993822724687794,0.05634816099244405
0.04118253977317007,0.1118552711388403,0.07416808127127136,0.08571802668243172,0.40256830956830414,0.038350885102619185,0.11434736600058944,0.10289314762681294,0.028916372835960807
0.04558430414490791,0.18728864289386105,0.0957330757580484,0.091429978254477,0.12262504458726635,0.11561276926966656,0.14589905338306522,0.15553809289053422,0.04028903881817328
0.009630573295352251,0.11905923076481645,0.0905936173182685,0.14639312024404247,0.14429590845998033,0.18767059273332098,0.11336746913826325,0.10729373076039657,0.08169575728555913
0.10027143882294365,0.09349136131645054,0.11835719932669804,0.08377714973881845,0.051996504490393274,0.22594942874179916,0.10637874326528578,0.04990858101791259,0.1698695932796984
0.07835986672100086,0.08808766249840677,0.1253583977497705,0.11034127498003203,0.02455554201828929,0.32886976347361463,0.07490629294810956,0.044892320223880934,0.12462887938689543
0.22793425056689984,0.09636496750700897,0.1263732221912411,0.09913740538874566,0.06992290695077873,0.05653304866386131,0.09053868045056401,0.12834436300739963,0.10485115527350064
0.026972605992085615,0.14624767631662974,0.10109291484528392,0.12925116625154068,0.06759816713090624,0.20791318380389226,0.13340963952503967,0.11006604965085236,0.07744859648376948
0.014815974085790676,0.1228965543541874,0.10873843325778225,0.11687245582996768,0.045336928561786234,0.19644856092374377,0.08871034924394094,0.07888871411370506,0.2272920296290961
0.04097131204016066,0.12152258183845584,0.11502123336352782,0.14739679467761382,0.07604364802224554,0.15120906266145284,0.12007457463268528,0.11427530875079406,0.11348548401306413
0.13880078493953893,0.09009531507130762,0.1216721858671984,0.10567818222626017,0.11923313861881579,0.024323363375287538,0.0903070641297559,0.20355820712800707,0.10633175864382866
0.015431479768852348,0.15633977448135558,0.09619435418937072,0.09503024839340567,0.12605898806448138,0.09425687519174475,0.1324910406839669,0.1961775588864995,0.08801968034032316
0.03447469483906731,0.12342095889901887,0.09783114332359007,0.11009902980906411,0.1854048451715927,0.04847442056054271,0.15123768162995463,0.13046111688934034,0.1185961088778293
0.03578571665894686,0.14277310167740362,0.10416383255518342,0.10174904626120163,0.06264484694919503,0.1498658519134135,0.14282977975534583,0.1304768171370511,0.12971100709225897
0.104868327570307,0.10390752419843811,0.11216725903187892,0.07835254592203962,0.0457035952349484,0.2561487425601364,0.11399827302760508,0.05689407156602606,0.12795966088862035
0.029315849009888484,0.11719055453575848,0.0896671460051159,0.11513234930922613,0.28222450240893876,0.051605274402669245,0.12889930489371673,0.10312128475661168,0.0828437346780747
0.1316533631323489,0.12341617518828102,0.11580132298456007,0.09115656614582286,0.06281737625411199,0.11132882569488012,0.13755220821640088,0.10754941060266787,0.1187247517809263
