0.10020261717485901,0.09817540169589585,0.10479057806465837,0.17550878831686467,0.059446586835915714,0.14717315432189626,0.12479599661992025,0.04598865709370279,0.14391821987628708
0.08876835839084284,0.1035675913009602,0.09970598121987902,0.15288746888601126,0.10232902809404133,0.17552203484746828,0.09436135667170013,0.02457175611487307,0.15828642447422395
0.14442029784912838,0.08086829785981992,0.11475330007470007,0.08172126221112404,0.08040731458383688,0.098818617626308,0.12006043060343548,0.20731610176388804,0.0716343774277592
0.14631527501291997,0.13621453266267938,0.0974259881948198,0.06783936867021151,0.2236808523528699,0.07875103411635585,0.06866307163039753,0.05548323863041232,0.12562663872933377
0.08428404203421697,0.1533580091947784,0.11904886914496095,0.15437618590010377,0.09529955494638624,0.08759571330870657,0.11903903995659355,0.03400546518048702,0.1529931203337664
0.11476829069258364,0.151212168248675,0.12465259288705928,0.15821269967840046,0.07172672636643401,0.092120560745378,0.10796185120203479,0.0245681284342625,0.15477698174517235
0.13269744929485308,0.09862686730279914,0.11173528779490338,0.23158821384375802,0.10647737964591143,0.1066688293463834,0.04984056459363404,0.034281519282857394,0.12808388889490005
0.09016542089328622,0.12571254969109721,0.12399578790222555,0.19168770199149354,0.07320399270195947,0.10113609040927089,0.10214304659150875,0.03137452025595567,0.16058088956320263
0.07961223256379425,0.18118459814284968,0.11081810172822872,0.1505136216924326,0.14724295950152244,0.09225610598317713,0.08432179927577395,0.02838719983269772,0.12566338127952348
0.09111774257948398,0.12706571329548275,0.13050630565819557,0.11586863022370815,0.06606198914841045,0.10212747885830747,0.16424206125397625,0.05659358424027308,0.14641649474216223
0.07231297331598278,0.10798561254244433,0.09039685437195287,0.13870344997102596,0.13600761933272512,0.10630647771628031,0.15749728597745294,0.039256586152336785,0.15153314061979883
0.10406892292259039,0.13354440910218143,0.1313180349979741,0.09594871234973719,0.13110665364998156,0.15207989093996663,0.08805932164354117,0.028381650284357976,0.13549240410966942
0.05685960547645517,0.22271321374284003,0.08188699377867202,0.0767103254314527,0.20413092685996972,0.07387309030041045,0.08117816893137611,0.041827503307708465,0.1608201721711153
0.08673864106978417,0.12305176804110941,0.1265044804141897,0.09219740615444132,0.14657914741634545,0.11730048771822721,0.11184479376882832,0.08414676832896072,0.11163650708811368
0.09071275315634837,0.10003326203753109,0.12055194682673626,0.03768871460866471,0.13511086963708932,0.10901423191897637,0.17309146638102427,0.14974024415360368,0.08405651128002593
0.09293262501184958,0.05302176884708277,0.09666020361334399,0.039948275543832394,0.08159285757491543,0.16092639901912084,0.1716797409077037,0.25388177994335587,0.049356349538795426
0.12052637937322758,0.06824926134906598,0.10689261705489965,0.0309263182339235,0.10456471522533112,0.10633124043864411,0.1740454812586448,0.2223602347079164,0.06610375235834688
0.11090155090084586,0.1522730347045529,0.0959199937920285,0.1529884064763811,0.05958745602228404,0.08343319893996166,0.10159538183005612,0.044273591748425066,0.19902738558546476
0.11972053777617526,0.0908293826103481,0.11029532808098819,0.25015396673570284,0.07214613765430113,0.08793105984293682,0.0922305477588249,0.029185740029943546,0.1475072995107792
0.11330837363515896,0.09892750683979805,0.10932157292834559,0.14301990639296777,0.05875451714386576,0.146094586201749,0.06767038576402917,0.031020447115288036,0.23188270397879765
0.14987583750653277,0.10206182493282474,0.1258614429760907,0.17938917750675218,0.07719819774642982,0.09361251543453601,0.07479818338778936,0.06252143108218253,0.1346813894268619
0.10699994484416038,0.05607949088010757,0.09646460272567438,0.030010359121080993,0.07324422676769098,0.09468443898824468,0.0926416014612863,0.39114873952493623,0.05872659568681843
0.09344010828884947,0.11018702243299527,0.13822390671373058,0.06383286105229916,0.07487018405412454,0.14804624572667557,0.2030867248094613,0.059053491060178154,0.10925945586168588
0.16702739056551233,0.06653869738632791,0.11769410754402541,0.09129508793956799,0.08895243668351173,0.15844075308743125,0.08361861057702887,0.10737430661593024,0.11905860960066424
0.11317771549625544,0.11040089393744235,0.13037106987711594,0.13392085802724926,0.09910324106087702,0.15889867948965106,0.058657876747134234,0.021420486190928168,0.17404917917334642
0.08660027977222119,0.0910722601521048,0.09870461678868592,0.1626490671856818,0.08577292930771714,0.15289387156132767,0.11166911042440954,0.028742046299729183,0.18189581850812275
0.11393655371783196,0.11352160933244017,0.10005175788825342,0.2171231291464293,0.10487084331713714,0.11264137573297998,0.06306064539739996,0.029129854798821093,0.14566423066870696
0.10071347426438544,0.13227515281618737,0.12955230703619594,0.07030770188986703,0.10312285111685233,0.10964450992500745,0.12887731429286453,0.09385434523907384,0.1316523434195661
0.07844257759964031,0.12759871450279067,0.09681916498053243,0.13912758714469042,0.08471015718948134,0.08715300658304681,0.18817465100744613,0.03896728473640149,0.15900685625597039
0.08041448259684046,0.16668398737476006,0.08580618127323392,0.09611855828458264,0.17083522406521068,0.11488933487009258,0.05786499681103443,0.025727796442627265,0.20165943828161795
0.09128693718230134,0.19994386918563736,0.1194508851911635,0.10954683139496361,0.11448122435972057,0.09117313940381522,0.0628739186291092,0.048249712792833487,0.1629934818604558
0.08072366735486895,0.12430449517206503,0.09871855183565108,0.03575157831235764,0.05826139167592257,0.08469596624107346,0.08602913871110979,0.36260231371857937,0.06891289697837212
0.1380457876168902,0.11635253029960868,0.1421857870005954,0.16328304240505154,0.08304310756335852,0.10637459094464881,0.060372548661797164,0.049775674986930855,0.14056693052111893
0.08869292015432188,0.16029599378155943,0.13340785444382464,0.13454243990607487,0.1098459022020132,0.08814201513104285,0.09778338322578435,0.03923900105984523,0.14805049009553364
0.16153116568796924,0.11987111427743012,0.12418467353355052,0.1277185134136368,0.05726502261425159,0.0905722212366074,0.07973789787946887,0.08439900526780393,0.1547203860892816
0.049586783709586024,0.2395230794430582,0.07833290535619161,0.10157963081824876,0.16148991988957592,0.07041304283196412,0.10516249539900287,0.03642844953821478,0.15748369301415774
0.07846688084575258,0.17062985868163474,0.09773681805927363,0.1367448327204954,0.1079680586509273,0.08471936712900156,0.1117062278613943,0.031881415391861144,0.18014654065965932
0.10917997338153997,0.10910907032682816,0.14643068116989463,0.10522061451989129,0.06807064261277644,0.15523800755132514,0.1080319636358253,0.030064273545919156,0.1686547732559999
0.12941618256086831,0.11466360156511286,0.08617583548245512,0.12155132178704793,0.08456800801421833,0.14947045588586438,0.07985421634864164,0.04787575669920296,0.18642462165658844
0.0979212851453523,0.13441993932761084,0.09484936137830884,0.24971037591341674,0.1380763323318592,0.08276989595993857,0.06056195286454343,0.02990755237142614,0.111783304707544
0.08671588195750257,0.14940027949082754,0.10580609433804233,0.08664398806663647,0.15946856507704912,0.08880222126079723,0.11617055912856222,0.04909641618400471,0.15789599449657785
0.08464491614189323,0.11208621571699574,0.10305640785606436,0.1422756090464854,0.04991388191253565,0.12277883331091007,0.17590572575564187,0.04176392843805871,0.16757448182141496
0.1321806659938168,0.1437228737693254,0.13305304066304197,0.11302680869181758,0.056384725590237474,0.08769862601035082,0.0923001302422624,0.11478314331625437,0.1268499857228931
0.11294316466885423,0.09424112714935505,0.0975564738710612,0.2638835163567439,0.08230556866845054,0.11288224584228686,0.06831534296948304,0.029005670647472986,0.13886688982629222
0.11276044769253785,0.0831536425794739,0.13319138408366005,0.16248465132142909,0.07986796714282238,0.1520907460744325,0.11124759528112921,0.0736804125696905,0.09152315325482456
0.085096109043113,0.1358320997340673,0.12103716163682147,0.1779094157741414,0.09865528997912576,0.08677348849639477,0.11042628506075236,0.034111319352652075,0.15015883092293184
0.10572385550392695,0.07189150597867679,0.14479569153961327,0.11557662061792202,0.04858275569828871,0.15215787249263424,0.16306683130261546,0.06198567838929244,0.1362191884770301
0.1093434874689448,0.17710071104845784,0.09696255579929902,0.1305177567942111,0.14827149159361705,0.09437853866057437,0.04483537774216878,0.03332433509275181,0.16526574579997524
0.10026441565362827,0.10342512725739011,0.10769844635649357,0.1628905470338163,0.1549168138666517,0.1128602648491639,0.09004231695075778,0.03983046435933166,0.12807160367276663
0.1144166807300507,0.08189969860347844,0.12749128367291448,0.1940924645815952,0.06873647318973782,0.1689801524978045,0.07073230751484233,0.03460343535513187,0.13904750385444467
0.08544886998052272,0.09273780526869978,0.10639948762292718,0.16493814234110285,0.12643223524872052,0.12093403066212795,0.11401055383263559,0.03967977924074978,0.14941909580251359
0.11703293688436045,0.11856425673795161,0.09720153583248727,0.16651074337355062,0.1570328507216341,0.09454120571704812,0.07461619289139597,0.05519384603899865,0.11930643180257317
0.07737190807283563,0.11184029640195832,0.1022663352929243,0.07890394092643156,0.10337698695962004,0.11292382225166858,0.2058522190758625,0.06528977828208407,0.142174712736615
0.13841324505886177,0.10767442621385204,0.13046421484525014,0.09127673367391446,0.10695808337757602,0.18414125992945393,0.0675990319266746,0.024588996520323893,0.1488840084540932
0.07470842145661309,0.15776600421700734,0.13253608722581345,0.0814294995162023,0.07204241915339338,0.18122313947927182,0.09100623123574964,0.05026457267574919,0.15902362504019976
0.09035423663046936,0.12183133427758312,0.11497875247347762,0.14920798231475216,0.06375536489478116,0.1369841302706581,0.13354344455493727,0.03909168007806469,0.1502530745052765
0.11240084063866718,0.07760031758955449,0.126162157419915,0.05796200939217619,0.16828495388995934,0.1285171017305189,0.12808231942422485,0.09771135239729771,0.10327894751768636
0.13946589659205388,0.11575726713104291,0.1384364453181832,0.12184228669900592,0.07816611103204135,0.0975821274010114,0.08016484634296317,0.06289560298644163,0.16568941649725644
0.0830353553622581,0.1647211168306627,0.09677547509311386,0.18964387928834434,0.10416182090283603,0.09381459115957674,0.08505922365948222,0.024709340259335296,0.15807919744439072
0.09696911525203415,0.11167605096007764,0.08785219263902662,0.12587998299331724,0.24243905228725385,0.14054099380897045,0.062074162114330304,0.03480130463263815,0.09776714531235153
0.1334005318773037,0.10577754584089759,0.09035209028088731,0.08490309109724144,0.2161029090582777,0.09966842621185097,0.08678855104048577,0.09539582461591317,0.08761102997714239
0.1159762346102794,0.09039892999536209,0.07400586658556646,0.31792759483964483,0.11101584411321593,0.12377102681852185,0.05329762000058471,0.04161851613711772,0.07198836689970699
0.10583454897847787,0.13099836701279777,0.106131180658207,0.26015189069081296,0.09216817118880834,0.07483199187988471,0.05543574403808541,0.02879400398708835,0.14565410156583758
0.06640917113452671,0.14317837689528012,0.10168587530928179,0.12716040355873356,0.19299695575824008,0.08619724066290234,0.10588597049945726,0.04001881479055138,0.13646719139102678
0.10708725255767178,0.09763819779129039,0.12236166114742981,0.0743886176364254,0.06307597930771772,0.16256483446050865,0.18590958755416254,0.028629479468805775,0.15834439007598797
0.09657083239155247,0.14353813901414908,0.11263415909419383,0.08075166158048615,0.09808363144287034,0.13809103443898407,0.08582080098821791,0.05936749319177647,0.1851422478577696
0.13802025407362056,0.08878740664496843,0.09641761320737265,0.08132018738752404,0.11956655061895445,0.20848457815876853,0.061236254585205846,0.06064672770468993,0.14552042761889553
0.07062684885664354,0.094592565690085,0.11183528153823663,0.04437511494862395,0.049553775893963425,0.11986982423778238,0.1416645952624441,0.29030902577781315,0.0771729677944078
0.10307879120533316,0.1497137274498476,0.10621670379947469,0.17750704624840577,0.15655883470625523,0.09235904087756308,0.05295015072313591,0.03326378042136125,0.12835192456862324
0.11952260873734744,0.17314568515380524,0.08972425999699522,0.24760704774130413,0.1029070110525994,0.062031119439658756,0.040041882246938554,0.023501805502308352,0.14151858012904292
0.09536085051679923,0.09144217505769218,0.1329248809699823,0.03092570407190304,0.042818921505360895,0.16722659360814526,0.18271033254214483,0.1577103053343375,0.09888023639363479
0.10213901695920154,0.14567616777071277,0.11690643676225958,0.14885345848551643,0.12478815923145482,0.08561219365067146,0.0883584366218238,0.040326360549341474,0.1473397699690181
0.07317983409809194,0.1394345515956523,0.10202927592263017,0.12811926900058002,0.07008742676545249,0.10671598051048765,0.1717876990442033,0.03750558063300654,0.17114038242989568
0.11791231878846764,0.1658260944913706,0.16580370962305332,0.08203541712150875,0.11333747730727672,0.10165693391821763,0.07054355407948572,0.03288004192751393,0.15000445274310567
0.08818778300196638,0.07216642151154658,0.10323778965885323,0.028657815927329976,0.13337661003693468,0.10033282589766968,0.1319088525810773,0.2889079598560762,0.053223941528546016
0.08303661687272089,0.21066104077031314,0.09854308640137406,0.05796729620775697,0.09718697539137815,0.101679989995904,0.0687634094116223,0.09759959790409733,0.18456198704483318
0.10095597262275913,0.12742324784006695,0.11600218714597292,0.18229592484280288,0.12419522306872562,0.09225515188230675,0.08007948292910372,0.04388636625561684,0.1329064434126452
0.15364851390954884,0.11163856751435978,0.11044375506232451,0.1379471639827734,0.1043993490186201,0.1274159079276509,0.06400663619354467,0.0649101704891326,0.12558993590204517
0.12681568355796835,0.11986946183088586,0.11539532937913353,0.053054823688692854,0.20315844263140562,0.12888101730671464,0.06268205965891292,0.04523345956719307,0.14490972237909325
0.0907312536015532,0.14219556273090553,0.11657545128829694,0.14879211879581142,0.08716139478408687,0.07909706946095317,0.14829482367653846,0.0438801814898123,0.14327214417204218
0.08869504849757835,0.171532099776975,0.12030318630346147,0.09948529530544294,0.1257387751216024,0.10372030104855497,0.1444381907817632,0.030840110737503135,0.11524699242711846
0.11807353387981213,0.10130485868192374,0.10346903589570695,0.15010590101316487,0.12854815823020407,0.09884194253814338,0.08404597384301049,0.04419783460383638,0.17141276131419794
0.13092658123806605,0.13641949104304807,0.1269033531278978,0.10025909117906133,0.08853694977205362,0.15716952678796947,0.09044339940278173,0.022556817562459516,0.14678478988666235
0.1047601337962318,0.14422023883462032,0.1084237943135305,0.1503334457394718,0.15246053956920036,0.10274816078431775,0.0666005450262983,0.026764657689818394,0.14368848424651073
0.1154957119958722,0.09017812698819072,0.1185134108777961,0.06752829958918428,0.09567048567141902,0.10237873396989243,0.09110984733609391,0.23763683716299844,0.0814885464085529
0.09024047703044048,0.1106785488111771,0.12141345338869473,0.0641749985361425,0.16289866625596558,0.08478645202760692,0.14097570483107513,0.12978369975915247,0.09504799935974505
0.10797280123006159,0.12923782691774113,0.11215309528418166,0.1505303511617355,0.08103030669786364,0.08546727757973259,0.1326650919732102,0.049862808109676006,0.15108044104579776
0.14041473570762278,0.12406234099545815,0.10839141025475672,0.1328356599964312,0.13418018237664223,0.0953833131191844,0.07341867830907375,0.05141323357420139,0.13990044566662943
0.10101104722416489,0.1106950190126554,0.09782631238570783,0.20887843690807015,0.07529388347062756,0.1432944732071019,0.08333602620448959,0.027986020060281433,0.15167878152690126
0.09078040316614196,0.14180313883316578,0.1069591957723501,0.09557423193784888,0.16811980602993729,0.11659457828152296,0.04484490698345364,0.05288059497734012,0.18244314401823924
0.1007417729792744,0.11198790496280402,0.1020819426324296,0.24183429999011566,0.08097014264753996,0.10732453633210672,0.0998086528335551,0.03072447649049655,0.12452627113167798
0.08614462312293321,0.1140126003477047,0.11947544154000707,0.05312968422785729,0.04652429468602936,0.12886782100958438,0.15594331167826436,0.17271904296128512,0.12318318042633458
0.13785056666433085,0.09799836406988237,0.13463995443871504,0.06427279521926103,0.11219522354458761,0.13976242332883906,0.08876712818994233,0.0732485484599819,0.1512649960844598
0.07440253339533202,0.10779428688988568,0.08419685530591886,0.1128799213044988,0.08651858472910545,0.24072064208728552,0.08773233625925171,0.04334595112186921,0.16240888890685273
0.09685616924204697,0.09498519195441657,0.13515185432396565,0.2045421440903378,0.03154637600998094,0.11016108443402707,0.13689769769078552,0.057779773029599364,0.1320797092248401
0.07140473943026593,0.18866844138318842,0.12067731631201777,0.10785574561396143,0.09234972776002821,0.07893573739719367,0.10931781329795127,0.04780176947186882,0.18298870933352449
0.1028389919902246,0.1510034142620572,0.11590881005083231,0.1212598272158915,0.14640932475266397,0.08958470307699525,0.07235295297251516,0.05772963903579532,0.14291233664302463
0.1172043667226325,0.10984463880996818,0.12191618788021008,0.12522502629713825,0.10373796448914507,0.12446635426592811,0.055895462141254286,0.05923711617793758,0.18247288321578595
0.17098231061013125,0.08707765518737047,0.11514306054772888,0.1337886809519948,0.0534783804132549,0.1434319806986803,0.08037733622977088,0.07730418492606901,0.13841641043499944
0.13047323733894034,0.08856027244752751,0.13298462305246997,0.05946234112025153,0.04408932677215364,0.12325577594039477,0.17331278959870686,0.13334502417546024,0.11451660955409514
0.12056249947851842,0.14464947494835445,0.1434307351487456,0.05405133406337271,0.18262192116010792,0.09918817420972081,0.0725156778685318,0.05269916671020627,0.13028101641244202
0.11638459630250235,0.11319276982000191,0.10253978381937483,0.22392035147600384,0.0776266375135699,0.09125545599645722,0.08555216277139795,0.02673987591366671,0.16278836638702532
0.08190495438500225,0.14052624582088835,0.09585234648503758,0.11841008521352614,0.1458387201535993,0.11141283845134552,0.1192628699524579,0.036285655718750025,0.15050628381939293
0.08638119380591862,0.17684329539487242,0.09644574949113079,0.12995944085434447,0.1343579719015026,0.09205031460376274,0.0881828353335486,0.028818132531334088,0.16696106608358566
0.16675044686099127,0.09934266469207138,0.11210891168495206,0.18208790844241238,0.06787538080207066,0.10291922727160617,0.06047055670032967,0.041582504260792845,0.16686239928477345
0.11198568803913768,0.10289806315471556,0.11271901550846908,0.23981238499632654,0.08942962703456421,0.10430784099908179,0.061348950010329216,0.02880067324844508,0.14869775700893087
0.12175977341577034,0.09983831332155806,0.14870252054386893,0.11733081664496041,0.08191415645103033,0.10644033351306263,0.13094938762525019,0.07308931460527975,0.11997538387921945
0.09698097875159749,0.16741867548605394,0.12744356620111033,0.05163629886750842,0.13701627542225622,0.08548722649399142,0.09583369363655282,0.10334047999499225,0.13484280514593713
0.10843688106114208,0.07742772133628628,0.11236988194217934,0.0484622345747562,0.10911874727157717,0.10364629198088428,0.20881839471366362,0.16248091180118204,0.06923893531832902
0.13210865090950527,0.14206392170234095,0.12181658971117343,0.04810597835052207,0.20493177512994518,0.09944118551698589,0.06035927360318213,0.08824295623725725,0.10292966883908787
0.07284749734880004,0.07118978441161701,0.10278657369692905,0.04537128971803664,0.0724930565544444,0.24967992729817282,0.1955948898008836,0.0749530598489375,0.11508392132217904
0.06487411799642975,0.12132789174308274,0.11148710095652763,0.10356834195369337,0.055841087072582445,0.10881489406860523,0.2624338600460781,0.07148916220577313,0.10016354395722749
0.10952804982717118,0.10273553328928721,0.10876727832944354,0.1277515829381122,0.11462966810288704,0.08465728552142464,0.16486966896517613,0.10358342144333244,0.08347751158316559
0.09584143780809763,0.13618613804355043,0.119666593787452,0.11354383665973689,0.10073668962497108,0.1029634354427884,0.11776293777058362,0.0810760417537965,0.1322228891090234
0.12008003012975917,0.1051865622851879,0.11782111052551415,0.0976955807994689,0.1720609817286778,0.11779155195320688,0.07911259932352636,0.054210506755135245,0.13604107649952366
0.08991053279707643,0.15374087233245004,0.10701852133578114,0.15534446378656416,0.0927346000060465,0.10297659597617705,0.07350069727158645,0.02803460069393042,0.19673911580038783
0.1395628928810874,0.08731693577516346,0.11196631265150547,0.08546567917100313,0.15413632613064662,0.08902581201512516,0.12643398325893565,0.11336482363895732,0.09272723447757576
0.12875134596407228,0.15404392048832918,0.11313063885506285,0.12302456509472644,0.10848333484682353,0.0904123382609769,0.05380679771539654,0.054164198530526696,0.17418286024408555
0.09769808209480985,0.06669172755763207,0.10884307188284296,0.06452684161517991,0.04982239104471873,0.10353323528187396,0.13644324730595714,0.29874018646333605,0.07370121675364943
0.15867510322214082,0.11282228872325041,0.0972814451318323,0.08592235764889607,0.1567780553842473,0.07444922137783551,0.050717780929480205,0.1627794891883668,0.10057425839395057
0.11288491254973394,0.10444796360927394,0.1084831756205545,0.06039322446084854,0.1801921877618178,0.09555618333699374,0.09623438463896043,0.15175510332623596,0.09005286469558116
0.10052118115930536,0.10881450465314073,0.11500722423438918,0.20420491645357886,0.0630322224708447,0.12292582489061477,0.07781955331065998,0.023625867962517578,0.18404870486494887
0.10890032312573539,0.09125959692035006,0.1019819532149417,0.28564210433173826,0.06699853651507041,0.08672665325541978,0.10185835933160149,0.029906355581237592,0.12672611772390538
0.1283838374061936,0.1097981748326194,0.1490483973674995,0.14852567032164424,0.08891369185394433,0.10125606836571925,0.1005314898099126,0.048428487938078364,0.12511418210438874
0.12228908035108678,0.09184393635405924,0.09366881604534671,0.2629909542776357,0.09483282944486982,0.1122732740364533,0.06749089579361062,0.02912061110844949,0.12548960258848824
0.08516966342122505,0.1185155974440897,0.1149219637239521,0.23704517945470863,0.08749901594795591,0.1026979530777784,0.09402277400887916,0.03402858396945498,0.12609926895195614
0.16508776154048477,0.08798809322353403,0.08372605428799473,0.045306998885122095,0.132037034046483,0.07003872457892464,0.09374775717753366,0.2597310980553844,0.06233647820453861
0.1566138542397011,0.08016285923833939,0.11598852492909484,0.13314413603626832,0.05135101434441037,0.09374641264556559,0.10484056904140482,0.19202866308101896,0.07212396644419662
0.13128656730949875,0.10198752752102626,0.10870421253919334,0.1314845932506615,0.0949861050490689,0.11606294879324641,0.11583480952512704,0.05812848804246826,0.14152474796970957
0.0786883393844582,0.19521078834068487,0.09972597004191952,0.14123058392539914,0.16118254237365284,0.06826759143648918,0.06280828388887345,0.030361373506151212,0.16252452710237156
0.10852889562903621,0.10313055558283206,0.12055789980974753,0.20335159900505814,0.05275089453317472,0.0954376475516681,0.10797807559137913,0.02892316088028767,0.17934127141681647
0.15661026794332747,0.12879754017562378,0.12709326688509356,0.16731470992782208,0.11670077809212683,0.0880142897746345,0.046505778149918686,0.050872128134005414,0.11809124091744766
0.16796758010603777,0.10451856640264555,0.10983427608638523,0.14546178980349478,0.06835727621848094,0.09465854699836966,0.09672541968906329,0.11014346345831443,0.1023330812372083
0.11532989644521445,0.10817359751695223,0.1355636479688534,0.057279112186819046,0.11372873779721986,0.12121166510827064,0.1114930089229368,0.12682045101218523,0.1103998830415484
0.11097799421316722,0.10710639767217899,0.10472534035528953,0.18417631029381853,0.07696599410524214,0.08637205555459697,0.1200576586498412,0.03066737265651126,0.17895087649935415
0.16605965344104878,0.12489945245223583,0.09236955224413723,0.1636630996841905,0.07647655194499368,0.08866516083143094,0.07290486972638811,0.053569832001862557,0.16139182767371238
0.11534983490602484,0.11070509830386384,0.13291320486325062,0.07238671573968847,0.17120459273843125,0.09503159576535969,0.12418168279226477,0.05527366393642618,0.12295361095469037
0.08610256606543905,0.14647247620386195,0.14260272283817516,0.06949823548287938,0.08375883887499473,0.1367589253629238,0.11123968453554299,0.0783081100016741,0.1452584406345088
0.13194532736455108,0.09634624893947374,0.09609990359561205,0.18334598010240075,0.08338027426464477,0.12918103583024113,0.06868951122133779,0.03725407576807318,0.1737576429136655
0.09726512419655713,0.1198873413689091,0.12838482693256725,0.09609274638354663,0.08955581395713942,0.13128911713085836,0.16543993781896013,0.037576184734147894,0.13450890747731412
0.14042121136464283,0.10022474229687488,0.14267187188674108,0.061594658619614516,0.08919252680191066,0.09521227786439816,0.08673462657904457,0.1982554959475149,0.0856925886392584
0.07943672831455605,0.15755764199057362,0.1151597409457336,0.1095764359959604,0.12097757149527046,0.1058875650120157,0.08865644788287358,0.03480134776264861,0.18794652060036796
0.08280038827774354,0.16266588329461426,0.09924756865890354,0.091344829554174,0.10663800257413326,0.1066513513112922,0.1516260022696624,0.04696288718520982,0.15206308687426703
0.10423370411796952,0.11556002646989356,0.09169571372235737,0.2852391136054692,0.12542135499173165,0.09420850100843292,0.06070138825874105,0.030884258913676448,0.09205593891172825
0.07952104389548459,0.1604015870083919,0.11445819153848598,0.0867505718023756,0.11848312914461602,0.11275960753904823,0.15671548888430503,0.04009057595573087,0.1308198042315618
0.13322931391991635,0.09548163629496083,0.09489217736976256,0.04027137009735838,0.07152712191458377,0.08638253250870488,0.11329450907438905,0.29243869083401214,0.07248264798631195
0.13587567660365882,0.09030248639946552,0.15022862583508295,0.10327071835333969,0.05140089935952772,0.09843399322553333,0.16141713083274967,0.061138137254360826,0.14793233213628146
0.1044167842952804,0.13215112424184894,0.13118650713312768,0.1558527450902194,0.07139555429895644,0.11928671563510805,0.09165532728882352,0.021043076036581117,0.1730121659800544
0.14156667170578938,0.10439562618043825,0.12216094654513936,0.14572610324599924,0.11093756082470885,0.09100542195640421,0.08586286916987797,0.09013581477899812,0.10820898559264462
0.10908854537199986,0.10959620397932705,0.1383663689384641,0.07843329880885186,0.134847263998533,0.09508640640667369,0.12552886192673082,0.12296616743782292,0.08608688313159664
0.08944833683619337,0.1306933363911589,0.10258905846708788,0.07608932275307813,0.07500703565120703,0.15443919977697837,0.08784169713659369,0.049674121535390296,0.2342178914523124
0.1036262471677772,0.10224460837086957,0.09179394156090792,0.2929681809630401,0.10383986642888009,0.11429296900920648,0.06965145672544369,0.03275126591607656,0.08883146385779843
0.11586685757073456,0.12658818619421183,0.1333520820336281,0.15431769808225587,0.08291521176335877,0.10598615324587746,0.08331377222061531,0.048145088762262256,0.14951495012705593
0.08582196797035159,0.09755676346809529,0.10600373188221944,0.1501441745826106,0.06439429008173332,0.17397576476435297,0.17440111396526603,0.04140947995835999,0.1062927133270108
0.13684672169641746,0.11146928143613366,0.14016170940050773,0.04698683604436966,0.062112180913056626,0.14732231064384613,0.07559056632595158,0.15740267783913311,0.12210771570058397
0.09022037742520894,0.14573684157943836,0.13137806553079204,0.12077924450328596,0.07067155142075392,0.08649404068611484,0.13301994724865987,0.05885659930523781,0.1628433323005082
0.0771379923583521,0.11778476245613549,0.09215533738549592,0.04088218286626371,0.07966567291121376,0.08013455833572693,0.1468736910210213,0.2985456295954168,0.06682017307037402
0.10959687334387284,0.07598294842599772,0.09973625019874098,0.056384778847286904,0.1766294604742967,0.09452103035952386,0.11234309414553097,0.21023598510134334,0.06456957910340677
0.11942557268376924,0.11635294740424122,0.11815504120098423,0.10988844998752904,0.16961400729196208,0.09300701913911243,0.0697173028011016,0.044826469519017774,0.15901318997228236
0.12108949048301292,0.1164898650707983,0.0972054922943878,0.15935532064096877,0.10444536757380601,0.1184452540413628,0.06315461838561069,0.03863042258686999,0.18118416892318276
0.10959839908744984,0.11778442134546539,0.12404431052856346,0.0832469575495078,0.08882718525578698,0.12432037686530205,0.14071454077705656,0.06322368947816444,0.14824011911270343
0.15397224651961772,0.1366358617485559,0.10327381474471749,0.11815029685678312,0.09649033659316242,0.09400624140383779,0.0954237575987752,0.0539959140942684,0.14805153044028205
0.11761265368411049,0.06422933974957422,0.12437207195559824,0.04547073665549337,0.0522385349763775,0.09109686862219744,0.13993442183466637,0.301398755232165,0.06364661728981737
0.09939773772995769,0.1124185523090857,0.11370153400784035,0.18911454511938305,0.04510758123206862,0.09644993137303337,0.12346064544480721,0.02686419114505098,0.19348528163877296
0.13117575258537514,0.07345722254336898,0.1269068088076464,0.17485745606834655,0.0449286645977085,0.1251669888639277,0.11034123667588114,0.071945916022621,0.1412199538351246
0.13624826150232014,0.1279610919092947,0.11607096275142188,0.05595057617319154,0.20009446255437502,0.08183954449687181,0.06550845718361097,0.12894234488484363,0.08738429854407041
0.12279331145830047,0.10073841143962059,0.13890417923470208,0.08802822456998828,0.11290171362923186,0.11817038428767074,0.13365862011605292,0.0749003129654331,0.10990484229900001
0.0793356991859086,0.18251061537358892,0.11186934115531155,0.10827194646775191,0.11675503118192732,0.09109305535965155,0.09349136397363846,0.08737631625645743,0.1292966310457642
0.10131637554540544,0.1474475696501553,0.10885008487483516,0.1436827704802119,0.08173937157961932,0.1073134406095509,0.14070897725839174,0.021936742507648755,0.14700466749418148
0.10176973854198042,0.12324865960104044,0.15851285067209087,0.07476429976315074,0.09951258932211071,0.11148359661763814,0.12054572267897873,0.09703351946201076,0.11312902334099922
0.10992842482077643,0.12930785189514601,0.11321560046797392,0.19568500068505745,0.07101103242894653,0.08514400840632337,0.07683579566997367,0.0598145556161729,0.15905773000962964
0.12259440675569715,0.1278611173547168,0.116935597797669,0.14955212536562004,0.14713386901509665,0.11119547023009947,0.06753132850379076,0.03440859124022127,0.12278749373708887
0.07827255703442235,0.17646058018706212,0.1403664257020362,0.12206703886455451,0.06749741429498864,0.10098820426049772,0.09506570390524997,0.07628229232455204,0.14299978342663652
0.11521141662776563,0.10553838699403754,0.1227401501291772,0.10032328194447644,0.06731391486354764,0.1016131245912208,0.17384741619090752,0.06769817642672117,0.14571413223214605
0.0980540309343877,0.14547003014970775,0.11662042703101727,0.13336275821277863,0.09471090618506768,0.08215030044495245,0.0944636601724317,0.04223663186368698,0.19293125500596986
0.08596168889013335,0.10083452808302155,0.09503146756247334,0.07175644095379048,0.06914921669065253,0.10183257464565099,0.12271591968788254,0.2683129473642312,0.08440521612216396
0.1379774051525658,0.13618618453743944,0.1405175339465088,0.10223197912003817,0.06795166408113053,0.09672430531263086,0.0797967752364463,0.11921859211286345,0.11939556050037665
0.16522081034036576,0.14048796211440331,0.10708642787679486,0.07753134455772588,0.08146247936238565,0.09163680180770024,0.08262665289216467,0.16552924786207343,0.08841827318638606
0.12275833546458058,0.0873359466822838,0.11683715976463416,0.13523881913441657,0.09367983566334576,0.09999234169037541,0.1000472039118278,0.11824767733508292,0.12586268035345285
0.09017577961364026,0.11947106984080884,0.09379889712625715,0.10418318359245886,0.2516770108485107,0.11400881080567528,0.0614647667226715,0.07288661608218573,0.09233386536779171
0.12679320413866688,0.12189836369357025,0.11009823423028044,0.18395911286041536,0.0700723987371777,0.0915100468324004,0.054387526607476144,0.03922730454829721,0.20205380835171557
0.10249486359304812,0.12103452544935543,0.11268004311103215,0.16672955685842497,0.07696162342487296,0.09414586653683334,0.10046252962750113,0.033881332473502265,0.19160965892542955
0.1260928697472535,0.14581509678104704,0.11429472435991324,0.0666614946430928,0.15914691411650786,0.11050759929854247,0.07626645554675587,0.058859734166108936,0.14235511134077825
0.14816159874577972,0.14147698000654824,0.09889724808501484,0.17073341594837232,0.07341225779044831,0.08368167028816953,0.06478605203370548,0.05637461382838397,0.16247616327357753
0.12073445354079397,0.12022085434855478,0.1272066897637203,0.11002194414329065,0.08914123080682013,0.09550392033917997,0.13019996259136032,0.08304037371326055,0.12393057075301932
0.0989471584092232,0.1419681179964447,0.10242957503443738,0.1979534714586986,0.09450526660309459,0.08206503997438037,0.06118601135433971,0.031103613366069316,0.18984174580331215
0.11545982473850712,0.076436221755252,0.11975978007946624,0.15388793757126534,0.08578261910853552,0.1086005472892173,0.1525456739552433,0.055398068736521096,0.13212932676599207
0.07110462244693601,0.10443853431294799,0.09710836293957144,0.14877508760018154,0.1020704828372193,0.12306191056808756,0.12742843524480044,0.03395291329673736,0.1920596507535184
0.12206588009907939,0.16315146972313396,0.13158740566317215,0.10340133934256268,0.10625948368489235,0.10712191418543737,0.07803814884821327,0.04813025878063193,0.1402440996728769
0.12444992774051743,0.10897266638236629,0.12901080681480806,0.12772843973580406,0.10603168427585365,0.09953400631078058,0.07432836884962757,0.10097716828270627,0.1289669316075361
0.10491907791749817,0.15945702476266807,0.10750527698689845,0.08589103896802451,0.1574965086083225,0.12243088144830094,0.057489562187622946,0.11364722059676143,0.09116340852390302
0.15465319605976607,0.12945350593902386,0.0872675663661822,0.1851825435408506,0.11437296342154708,0.09372160128207829,0.05789033757143461,0.04736131605082539,0.1300969697682919
0.08999518983052679,0.16310355024301448,0.11770602979756968,0.11862822344231087,0.13404405672559494,0.10922008994043562,0.08171635100013282,0.03819648359698002,0.1473900254234348
0.1146732656345383,0.12800890914061286,0.11922507535143995,0.09229773381371424,0.171146059867941,0.08054538818312816,0.10102808481700694,0.06783200749239392,0.1252434756992246
0.1449752851909545,0.08947777369184977,0.11251960964545059,0.2324068893286958,0.07301940524746024,0.08956365171291746,0.09995682441073839,0.045585174567248365,0.11249538620468484
0.10008487509991902,0.11528324583865128,0.10871440109129332,0.06452606875434787,0.12727171745943502,0.08800904042545517,0.1448761053216244,0.18053530713252988,0.0706992388767441
0.14694475400475035,0.09738575392711053,0.10617408811312905,0.1877850515589097,0.0695571179843229,0.12960270935958426,0.05881983033456634,0.06896115687057361,0.13476953784705326
0.09386117383555048,0.12777097370769488,0.11825829696180279,0.09218009236185105,0.12943130019195867,0.0972027785570884,0.14244633690274458,0.05342161860623787,0.1454274288750713
0.15826569608441746,0.09848277242194735,0.08437328065821909,0.054159833291111424,0.13030373571636808,0.08755295766737121,0.10015752931473786,0.2026565686862142,0.08404762615961332
0.10384193960735777,0.09221889247465108,0.12907722030126198,0.1357301544981432,0.09217029627572952,0.1525230635192882,0.11957374804347354,0.044594402560430464,0.13027028271966418
0.10184288778126738,0.1516927095461301,0.11655070217683426,0.1348822617890916,0.09473494570589103,0.10845842219848184,0.13134248630800885,0.027245405352190933,0.1332501791421041
0.08959584619957887,0.18303852959716074,0.10457418912293896,0.11470211355336313,0.18195783843949712,0.08998079137374197,0.054615856047754346,0.03549742646173156,0.14603740920423333
0.12732532065216218,0.1001954887691111,0.09143333195986166,0.048422164886310314,0.10565151308532872,0.10820484984338548,0.11542312646087988,0.22942017740457352,0.0739240269383873
0.14787146706607246,0.10965241611630283,0.1431076265609786,0.12277641898252716,0.0692862612789678,0.11253073910866873,0.091021213169988,0.06459638865380389,0.13915746906269053
0.0787143279753819,0.1366883940483063,0.10448784737916872,0.14580513382411794,0.11782775222931052,0.0960633161410397,0.12430547804542623,0.031478270381735715,0.16462947997551297
0.09594667111655886,0.097161363385537,0.09713310401968729,0.15644784519116198,0.07080380720413602,0.15855853477362336,0.10537786845463017,0.027327592930290977,0.19124321292437427
0.1024095877467505,0.11491902553920352,0.10357370880083132,0.24862491995339608,0.08486496853305601,0.08615955410340272,0.09037703929334771,0.02736866543195081,0.1417025305980614
0.10798962550474318,0.12081570836056814,0.10906268506793194,0.15320752193048323,0.13327137210435838,0.0985292139514996,0.0843852547877168,0.027637026406989656,0.16510159188570914
0.10914277564243703,0.11210292555365808,0.14555008755549625,0.09003535777045905,0.07441386115309868,0.10682994357018438,0.18072362370678108,0.05482930255244508,0.12637212249544041
0.10750612278924455,0.07803902231731512,0.11482399629347644,0.04978892977457714,0.040249947687649536,0.14077253334683149,0.13472635010046183,0.27162933281800733,0.062463764872436635
0.11918689608865445,0.09565492846473982,0.12641330275030246,0.04937612178283798,0.14307858455395742,0.12567312603377653,0.11103291826153884,0.13358490068018516,0.09599922138400734
0.08767053906009903,0.19516539451879725,0.10353110743575583,0.10903414431297985,0.12922398255535758,0.09050202559431964,0.08245778116606343,0.03388408392116443,0.168530941435463
0.13215823227972548,0.15336458285031054,0.10472651596192023,0.16498357822436657,0.09677131653953702,0.0917721987473018,0.0534902635515594,0.035221884175185146,0.16751142767009386
0.09794636193250365,0.11744825395859364,0.09891442712055805,0.2503068749417205,0.10143365202456252,0.10912729906285323,0.07356103986985027,0.028977713711815126,0.12228437737754295
0.08223262280770495,0.14029411668325853,0.11840090134360037,0.09252735692726384,0.153023189817764,0.10678615767707604,0.12324475409794981,0.05563272013002527,0.12785818051535727
0.11422083254785952,0.11855131485055749,0.08825325359021291,0.2607743434197329,0.14182133041922543,0.11572993352288374,0.044901159636194794,0.029055553440040627,0.08669227857329254
0.07536248147847145,0.11995996216184336,0.13320944706269852,0.05138481393043004,0.06890599882955349,0.12585625457597918,0.18708981835008906,0.10989229250613564,0.1283389311047993
0.09685649622288434,0.09372761483483301,0.11537186732724108,0.17776385544344084,0.05974617891931421,0.1440225325991369,0.10467376325824614,0.03707176138321005,0.17076593001169346
0.09985220674015637,0.11751470043185519,0.12320464729263518,0.16789628841215473,0.07966583188666583,0.12085457112661123,0.09880884499224585,0.028537179430895565,0.1636657296867801
0.13293791263766838,0.11972292349871638,0.08922139961081486,0.19945833116130476,0.08703559832650269,0.12300866804887778,0.041395310060531994,0.026382635604711824,0.18083722105087133
0.07689483378272087,0.16202784936075654,0.10019060043452001,0.08820800944046843,0.12479328522887982,0.12131812278218641,0.1250165054482746,0.030903226858517013,0.17064756666367628
0.11104038789542946,0.15108699297841213,0.1124102796305619,0.1544197486424779,0.08886296551868189,0.08707925558441054,0.061871172048603144,0.043673970704945546,0.18955522699647753
