0.15102702915693736,0.09468305459594384,0.12702389420736773,0.06674806333622611,0.18817002085260603,0.10558350638047509,0.07578529620460334,0.07560314936965333,0.11537598589618724
0.14252925730527333,0.09217945398000306,0.1385378772883369,0.08728605613993856,0.13775185789930863,0.10181173620589191,0.10412254627233626,0.102485700520536,0.0932955143883754
0.11696816977563547,0.08823312497072326,0.13825942011658407,0.06957974639422111,0.11621089029003,0.09147533966247538,0.11850930529004476,0.12826428450932423,0.13249971899096177
0.20744734516433913,0.0708073856099164,0.06690254149978007,0.04794946199099462,0.2174406903242657,0.07805078494057126,0.1558815987920605,0.068742787695939,0.08677740398213336
0.07259475146128003,0.10030010055747933,0.0865606788837046,0.15028279562454888,0.0706183038733655,0.09637710210967398,0.15201729826897406,0.11677118540926618,0.1544777838117074
0.07484069813289747,0.10618789654507839,0.11765908278074318,0.1231135028510895,0.07969900881229933,0.09317813090856451,0.15195346939701607,0.12583184885494614,0.12753636171736538
0.09119227513999412,0.15482361068699754,0.10223407447485762,0.10657453332457927,0.08373987906932173,0.10503607908703656,0.14713379036222335,0.08621844458860435,0.12304731326638546
0.1302134098003951,0.17805110511060895,0.11901898493294105,0.13357591613368883,0.06303508709933599,0.10172533038088327,0.09039932338330359,0.06169394851357559,0.12228689464526761
0.16932253193124602,0.06355629139257252,0.05909770002521244,0.047650112148068274,0.25421982313487096,0.09074992351383238,0.1020981083640173,0.12155633620783823,0.09174917328234179
0.08788838445364544,0.10715351068142391,0.0946991391102676,0.07566197626673037,0.16381754444590016,0.0911684832475362,0.1417739385195489,0.13272437370535367,0.10511264956959378
0.155894409199515,0.09711748160654317,0.11272523680333801,0.11519021188861779,0.13282815245978433,0.11276144499293768,0.10178960633898221,0.07904350595292027,0.09264995075736156
0.10527236967457017,0.13800133317103241,0.1512987925498523,0.10030940437742612,0.08587746451336374,0.14571969723608166,0.05934029245004483,0.0980411816750948,0.11613946435253393
0.07128579846194304,0.1085529607278029,0.13617948312266745,0.13603446245032033,0.06342308959706622,0.1025841719664538,0.1784123838453909,0.09692962352725006,0.10659802630110526
0.06366371523028157,0.19290972307348184,0.11978681869168518,0.04793838466444097,0.06563718569185757,0.1031243722469465,0.07096074717672687,0.2206651781032859,0.1153138751212935
0.0753190958619817,0.11323111646891804,0.12445646384621516,0.17525829171417154,0.07951638304715117,0.08811760016818082,0.15472404274243953,0.06403674137327005,0.12534026477767193
0.11368074098814478,0.06461859036638067,0.06887001458568022,0.038739988329819265,0.36108677860382604,0.073066633120849,0.07669224082732488,0.0804972661513307,0.12274774702664454
0.07719282715529657,0.10114498308616404,0.12031809421106827,0.1216693563588515,0.08194493566800438,0.07963170139555818,0.1618492139279758,0.13041353602679784,0.12583535217028344
0.13496802562855312,0.08687077125999763,0.09012000816180828,0.046616345029688235,0.24533809949721283,0.08146538290383805,0.08327204362525321,0.09139335439757472,0.13995596949607395
0.07020550348698194,0.18226603156819113,0.1583033846991013,0.06900573257939961,0.07985728505734913,0.08805117920712906,0.1356837214936779,0.10179992560604273,0.11482723630212716
0.08324855652806584,0.10424082893885445,0.11010346490843194,0.10598814357010648,0.06255584506663676,0.08307279162437352,0.14539834611264654,0.20544120840754776,0.09995081484333683
0.11087422351541126,0.08882458734852272,0.10505653087220386,0.20777440968605002,0.07234138667730983,0.08865102009696885,0.14460338263854003,0.07238098900057187,0.1094934701644215
0.07878399602869039,0.15426841073249067,0.10886829757645745,0.048393035928515134,0.13490056810725623,0.1262870162519312,0.13593220571033604,0.11360729947331838,0.09895917019100459
0.10144397872307069,0.09348503069976612,0.11396156005862217,0.180991390796321,0.09903822040798972,0.11600342524438405,0.11270652347857445,0.06812897817596701,0.11424089241530473
0.07843520754073692,0.13481152808568245,0.11098933844046956,0.13120763568946117,0.09326830125996073,0.08217419826513567,0.14127737939223173,0.0840650242801344,0.1437713870461874
0.22971903173706276,0.05783617991077503,0.0529685232391914,0.04333072445063904,0.16238223072338687,0.08387340219792962,0.1750916583947836,0.13293653334463332,0.06186171600159827
0.08493488253014649,0.13162293548237933,0.12704569120979603,0.13022179799848269,0.09313331264674173,0.08599918977140886,0.12840292190500482,0.10400241753999322,0.11463685091604685
0.08152860523515094,0.0910842063880883,0.09673343217685325,0.19464335374289732,0.06570209297987463,0.13375893511405731,0.14933850641849414,0.059955203433528025,0.12725566451105608
0.08987726021194047,0.11689013875761937,0.13808066807609476,0.18159118547000977,0.048064384078302415,0.09402679799222365,0.14438123612067214,0.07406443002557704,0.11302389926756036
0.08888633542912833,0.07527715904541356,0.09480850368644404,0.12841021142512601,0.08222586589718389,0.10677404844224449,0.15751109660969567,0.16468029500039916,0.10142648446436486
0.07573305203810421,0.13045324977828401,0.11015550244363932,0.06494270761555025,0.14303031124831242,0.11375996865468145,0.12135575342833199,0.14823696706738124,0.09233248772571519
0.07144378956334074,0.11824980653982946,0.08435996557094376,0.04537664027155724,0.12677771728560172,0.15725634240192946,0.09474083500391299,0.1829577132282337,0.11883719013465092
0.09366723363353968,0.16501369444045988,0.15863130224486352,0.054275824438719526,0.10498250596657288,0.16111591351324575,0.08900790709817223,0.07116161675283138,0.10214400191159519
0.11419169360893744,0.07910418412531567,0.10762976696399129,0.05372760977042169,0.07282257931808465,0.09685616193092049,0.1065260507882972,0.25654286734019216,0.11259908615383933
0.08070552481556477,0.1308628121952735,0.09928997872052116,0.18808816463162437,0.07998574414360353,0.08272077684884506,0.09857853431030535,0.06612224359354928,0.17364622074071293
0.1093583559920333,0.1057787666506748,0.10391298096363155,0.05600182901515823,0.17462331600550962,0.09504876202497071,0.1623616195203147,0.06911876901281193,0.12379560081489516
0.09071679237865704,0.13041879556630318,0.12111887718090496,0.1270189122022379,0.06229749278185415,0.12171034588905395,0.12363124975214253,0.11151876999852524,0.11156876425032114
0.11883374104531473,0.0961811770008032,0.0829340777108855,0.04999755184897018,0.24394295410455472,0.1313035738941444,0.07866926552956964,0.09357317718151663,0.104564481684241
0.09362967439735427,0.14854000202639095,0.17321911359129924,0.17551733937969502,0.05060518781842676,0.0907072804668646,0.06871957405113455,0.055561177183807264,0.14350065108502738
0.09227691345121729,0.1355256623228954,0.13582797357082652,0.1260767629582025,0.09656977529015122,0.14606749786918594,0.07277376861704406,0.06852580194607295,0.1263558439744041
0.18662245646777645,0.09503983459815768,0.1436566662736218,0.0970908985608047,0.07489557853252711,0.08500294004243462,0.07054372604598921,0.16071735417343436,0.086430545305254
0.12971068749853157,0.06666887045678833,0.1309618669411752,0.09855604566156313,0.1354082081546436,0.09005794277118857,0.12369634883856351,0.10105349799556644,0.12388653168197972
0.12439308409405851,0.15943756985259916,0.10523423613555834,0.1015730677715797,0.1108565556484032,0.11815023893675232,0.07881540676751259,0.11579902386777084,0.08574081692576524
0.11300278621528038,0.11947132171020881,0.1401743229945269,0.09450193193915969,0.11077950766628542,0.08951430873250753,0.0949478404532258,0.09759876197792959,0.14000921831087582
0.11426288522393391,0.09724476719197883,0.11455120444239945,0.21494274088808196,0.04345539753375718,0.1159518326580215,0.12016626279766886,0.0677578244838839,0.11166708478027439
0.07313250442257996,0.12147911310547514,0.12011678235435537,0.1329564502834605,0.06328461858035093,0.09337105593045382,0.11814942112936307,0.14112965856840834,0.13638039562555285
0.08015069104772977,0.15534215823573516,0.14279507371694256,0.06731332788845085,0.08882535098616405,0.11667431123351595,0.10180839061445464,0.10566828592748101,0.14142241034952607
0.0790000407159399,0.182907327537129,0.15630404185047253,0.08691464456641716,0.06989090371915413,0.11019232233964686,0.07513581125151698,0.11862316973801773,0.12103173828170577
0.13271303221420336,0.10318981672964335,0.1244001020835329,0.0852037431565938,0.1641110951297423,0.06819080528843892,0.13411095838394843,0.0526501250411828,0.1354303219727142
0.08618811849268691,0.1698775288045913,0.1295973856896272,0.08529093399688516,0.06934463243181456,0.15221302975900022,0.1256927298915033,0.08966094632430362,0.09213469460958763
0.09404689727760834,0.10686714227624998,0.12930925987702713,0.05460958262578408,0.1646151019830707,0.08123057096430765,0.13982087834252643,0.10717240224385417,0.12232816440957157
0.1294986061051153,0.07527657442581767,0.08963831451936365,0.05508876550880026,0.21004514435737212,0.07036004255102944,0.09812741741295873,0.14151472071300808,0.1304504144065348
0.08309837730225411,0.156549766700818,0.12005607332842826,0.10366160749172348,0.07259236856762898,0.09287822057668645,0.09618979818005369,0.15615988523058344,0.11881390262182356
0.2065029247415909,0.07570895471848042,0.09120532251647068,0.12372107401393578,0.15492943883710708,0.09608463922950268,0.10530813033890878,0.059867215707456255,0.08667229989654747
0.08147974430637549,0.13284195540780844,0.12562089403202445,0.052128083237345364,0.11726635395097186,0.09282323404989301,0.09951194116235139,0.15070604986029282,0.14762174399293718
0.18699451749435028,0.0786709724394077,0.07401720126425292,0.04619562977850091,0.16900440372013828,0.09793110401798939,0.08621410837869066,0.1627218684284775,0.09825019447819221
0.129953266984045,0.0689230211932207,0.11354145948816353,0.06311963022153279,0.14409856975902027,0.12116225696115744,0.07484787501819112,0.17823081363107204,0.10612310674359711
0.11692521725745354,0.09013468371229538,0.09418845016433021,0.05930357617471693,0.2139724812569687,0.1318703845409855,0.09375988298551387,0.08388361185756149,0.11596171205017435
0.11474129005265828,0.17563940676199516,0.14758367695402994,0.12507910742484424,0.06361104378705588,0.08809755418510694,0.09498639334196855,0.09540922198578133,0.0948523055065596
0.09245798894595048,0.10376128894209706,0.11108002262049617,0.1361658444021535,0.06314307167253667,0.11731967450447806,0.12128794595940018,0.13023139207703552,0.12455277087585241
0.0696377023149418,0.09751506212976326,0.10315097938826145,0.0936702227883348,0.0734873384067979,0.12744038073704675,0.13864216834730808,0.16621017955051562,0.13024596633703034
0.11841556800014878,0.0839054655287987,0.12083278457426079,0.18242446102580753,0.06521615822605518,0.14470572632460002,0.09008877854220364,0.08096361785343735,0.1134474399246879
0.124776323909374,0.12137730296050404,0.1798557403092217,0.08692338803692701,0.10333228952218132,0.07922759308386113,0.08931248440759532,0.1096383344651125,0.10555654330522295
0.0762587006453533,0.13374141658555583,0.1067745297784818,0.06465083008837891,0.16609697897516187,0.10810825925092493,0.11159703520802977,0.09840763562879778,0.13436461383931583
0.1313766324883501,0.12743930013155816,0.09570941630360696,0.16608680266227818,0.09346953958590574,0.14522366376644955,0.06497256545886462,0.06450551534280873,0.11121656426017797
0.07131712593845618,0.11049722021395565,0.10392979954147367,0.12981073419904518,0.08606291944906504,0.08213519654081236,0.1582341290527073,0.1029834480630208,0.1550294270014638
0.07503627373106554,0.08598462726188105,0.10859561249113604,0.16515210429458815,0.0712507434007496,0.09418927700147434,0.13909291932153708,0.10633749616397102,0.1543609463335972
0.10130195002851827,0.06964539920155248,0.10338537973573551,0.1749518247118448,0.08059632412525178,0.17078091798435868,0.12770106621468727,0.07269432745610314,0.09894281054194808
0.11484680627017663,0.15586851976141305,0.09238812279428803,0.10925676704558018,0.09325332342632002,0.16476515468089226,0.09657632470455635,0.08534712177211394,0.08769785954465963
0.13246775465386065,0.11031487998615204,0.12053542854618944,0.13538154066970978,0.09670786516287515,0.10036958559918578,0.15595439685926582,0.06234218591832016,0.0859263626044412
0.07447384505565112,0.12495282404606001,0.13877304168927448,0.10003065568173675,0.05484664925606969,0.08269069366721975,0.14914459004705438,0.17852299017313808,0.09656471038379573
0.10457598703950328,0.1176180017413448,0.1309211923482532,0.14097302719636165,0.0769234240086018,0.09537997051044698,0.16194883406464805,0.06913157068411896,0.10252799240672128
0.09401655764979083,0.176822582245887,0.15103700084025914,0.09064777218857954,0.08243763890826299,0.11536595737667277,0.0846002409941512,0.08107946787056364,0.12399278192583281
0.10563116001320667,0.11808166774028529,0.09672197652994052,0.1787061662117602,0.04972550047152643,0.1524469871515321,0.1037423062950502,0.060802618917629524,0.13414161666906907
0.10167088914757803,0.15288352386278628,0.1530737616139754,0.088898921687895,0.11317826223153356,0.10905689528418401,0.08429663558117802,0.0731802495003489,0.12376086109052083
0.07505410346476053,0.09999964517806954,0.08750715311169997,0.13075557790692696,0.07838236440442758,0.082172021850697,0.13236381026396676,0.1536173886293335,0.1601479351901182
0.11406234305156561,0.0861178341972757,0.10237732295394719,0.05756936640785407,0.24297475456675652,0.07607008237545608,0.10656446266624024,0.08807697213375905,0.12618686164714554
0.08917989808728803,0.17355850706659692,0.14935150762047386,0.10724595002137634,0.06943336890172315,0.1295971334907007,0.08881448204122837,0.10541573756209821,0.0874034152085144
0.0950292503243317,0.16939870986687966,0.11339996503087736,0.15165962079582387,0.060239904474675365,0.1357607818640866,0.06944437819345778,0.05464679087317042,0.15042059857669718
0.10060639198693007,0.09176279467347158,0.11208954898998891,0.20515305608182574,0.06980496538121643,0.11678485727497233,0.09592244693805535,0.07867601383093066,0.12919992484260895
0.13786827264231682,0.10283285160515836,0.1491240797233965,0.06082630995693592,0.10678256207051147,0.0912320278953404,0.11775146317725262,0.16068751133349438,0.07289492159559348
0.09637683721463226,0.1251314132686757,0.09548916235723322,0.17939405420400237,0.07751427217205974,0.08001203441784965,0.14169548533532036,0.06242246786568422,0.14196427316454246
0.13271348385424567,0.1069814296030173,0.12348683031005432,0.06786300293423676,0.13409714231580938,0.11509088639679695,0.10140007331838459,0.10405455738625673,0.1143125938811983
0.07373023385712496,0.0927823626790706,0.08259865605585963,0.09234959212606847,0.08460916835484128,0.08382588876913155,0.13040722931228377,0.21714575895397284,0.1425511098916469
0.153576283299826,0.06450023713132312,0.11135926881003244,0.1268301131109944,0.11324818212775323,0.09414967173072976,0.13737436606638662,0.08803361790621429,0.11092825981674019
0.1104114713234869,0.14205535447344095,0.10831045398791161,0.054579778656105964,0.11378810815301328,0.17144227479537277,0.11209754875631357,0.10644705290052987,0.08086795695382508
0.1134921315708461,0.13265124012181853,0.09371120095819896,0.10255431176357555,0.11207925832225278,0.15206579625189814,0.09275410729133017,0.07916343718400688,0.12152851653607281
0.10486307645167901,0.11692971149073406,0.12294915872833202,0.18591134475286678,0.06572825650907126,0.10795571989915757,0.11800873884078548,0.07789133787158965,0.09976265545578421
0.07987567191012052,0.11339842776506943,0.11700129060148486,0.08439378552239556,0.10814879342012575,0.09031007030910525,0.12188028536945118,0.13796548405115625,0.14702619105109124
0.09902589288181089,0.16148607446947413,0.1342626654903097,0.12004641327474862,0.05285940135257509,0.09782115450380147,0.08965702644555663,0.12967029029441443,0.11517108128730902
0.10250171585741878,0.1057005434463345,0.11460321583009042,0.060862244951410495,0.16173906672711766,0.1471093902788702,0.08729105380622676,0.1047808286685974,0.11541194043393387
0.10248981431870431,0.11208965798483454,0.11014825580735087,0.15427349613764135,0.06387873912647919,0.11570931454937805,0.1012323110859251,0.13907626409829535,0.1011021468913913
0.0807234935144811,0.12323876125301052,0.11747061579456336,0.09533220082476833,0.0690020252338761,0.073936459017578,0.10412762671341025,0.20369701139827634,0.13247180625003596
0.11489165086079928,0.14404346243644914,0.10922810979020685,0.17331452747281406,0.054734678882919906,0.13878125145370634,0.08688132966265975,0.06928553702090706,0.10883945241953763
0.1411343461525888,0.08490936771388491,0.09940830070847251,0.06972641228233513,0.1190226464153022,0.07769116151363199,0.170860177436454,0.14908440735390024,0.08816318042343015
0.07551308756762487,0.11480273504615938,0.11570782847314431,0.16584822971173654,0.07550236704102774,0.0987775039742667,0.15670523183277496,0.08207876835918508,0.11506424799408038
0.08574301599970748,0.13532947525972752,0.1047045469897453,0.03923211191137421,0.24462353328570485,0.07186186677341523,0.13200928280142174,0.07286743193286029,0.11362873504604341
0.08076436438821986,0.11093653400270369,0.11267970719691066,0.1932777167312966,0.060892243176327104,0.08779554901226856,0.127374032654735,0.07896446032290629,0.1473153925146323
0.10935485482771562,0.10219108758866007,0.14052802557785282,0.10836340451662092,0.1085968801183262,0.08954649065366556,0.0912964774930541,0.07508720167285168,0.17503557755125299
0.11757866986967869,0.14137591794099466,0.11375243261536976,0.0983480109226668,0.09087659944030636,0.10136586624415111,0.1523627293315302,0.07133883189269412,0.11300094174260832
0.11214264324771268,0.08812015161705848,0.11554520442615125,0.18023920150467196,0.056302768274210664,0.14783662319225208,0.10373696916327603,0.10403772190746356,0.09203871666720324
0.08169203305839944,0.11245674660236549,0.1120827358210088,0.1282704336462834,0.08250822181537983,0.0721252593706178,0.1631214904295181,0.11788107154122403,0.1298620077152031
0.08455628329022229,0.12492698632263714,0.1231138925298894,0.11379742972665814,0.04930308447459638,0.08208476093787413,0.09491167095613297,0.21381493882916702,0.11349095293282252
0.12406417404635521,0.09146851924336043,0.12996606665482371,0.12354514041100749,0.13526712284480283,0.15028995671376297,0.06377117088125284,0.07336911781529092,0.10825873138934362
0.08595190987346986,0.14800939981204297,0.14530541194046023,0.17500584657235566,0.06554264167556419,0.08012701292593588,0.0957792840248237,0.09290692249835249,0.11137157067699506
0.10037755622659923,0.09703817029697721,0.09708462912653386,0.18138403861392594,0.10347963366440327,0.15475598556965342,0.07646051364389199,0.06495849198622859,0.12446098087178642
0.07695830241832163,0.10321164210151663,0.09035929605583191,0.09807630934812117,0.08645050305068702,0.07623345372883714,0.1356491015456406,0.1921729118140306,0.14088847993701328
0.08918713613421321,0.07356789044993982,0.10133186278536103,0.1839418892764917,0.0630813668639957,0.1556828478436936,0.10477094632542573,0.10983470694793496,0.11860135337294438
0.09583057840194435,0.1559122843483318,0.10087879692229773,0.1196567489560727,0.08826364489733474,0.17475960338160312,0.09396302764746302,0.05886689048952376,0.11186842495542877
0.07196819622349523,0.07164359442424473,0.09437668911781945,0.21434386398349337,0.06925677793257232,0.12052408329717351,0.1496922851799215,0.07434798051824797,0.13384652932303187
0.1204417772008351,0.09387219148301477,0.11323298820728983,0.09886213203051879,0.09054431203809787,0.13133990728439657,0.10554755428243166,0.1363956657799815,0.1097634716934338
0.07891613449014741,0.11137398215023302,0.09430822009822519,0.07586005554071178,0.07439248396787153,0.06626144131878263,0.10814157722047853,0.27612465496840344,0.11462145024514651
0.09805344749926294,0.1581003741865634,0.11443043049818508,0.15061406019134801,0.08381451983887116,0.11802765855687802,0.07418626308258015,0.07213245894868987,0.13064078719762143
0.12228178641267674,0.08667529292940934,0.09937368032121167,0.0727572236054395,0.14076306200367536,0.14338673565947524,0.09490813119403561,0.13369159192402424,0.10616249595005241
0.08026424476673914,0.14543131041142365,0.1472190043100683,0.07336863571088446,0.07442514464892774,0.1152750057363426,0.07869840639105076,0.1311244815498745,0.15419376647468888
0.1640840811634026,0.08894685215840163,0.10715532179061399,0.10249952197829543,0.13961976767543663,0.09995608508023975,0.11764664895223831,0.06611650180842846,0.1139752193929433
0.11285626717777864,0.0939358878141739,0.059237955396699106,0.042556452965462795,0.22037350987541923,0.12355645186467468,0.08161600219912597,0.15104092671929514,0.11482654598737059
0.06880932778565348,0.13177590293402652,0.10025597954159916,0.09273791425505984,0.08382465303267835,0.09323022963975587,0.14787556651963377,0.14228337186268603,0.13920705442890702
0.11499067678241186,0.14342871238491803,0.13134318604509843,0.06137414989451768,0.17350076045546345,0.10754644046546047,0.09026120209348838,0.06438117395622651,0.11317369792241526
0.12884491322990402,0.1079550869303879,0.15666960977474978,0.14541644879055607,0.08217963340808625,0.08575492223916108,0.1416583748119909,0.053408230969762466,0.09811277984540163
0.07365851345824534,0.16929614170771487,0.11397164160411279,0.051927409896993265,0.1021812241647621,0.11914337472063202,0.13625603181401866,0.12547331399710665,0.10809234863641444
0.09977476701262906,0.14803044050773043,0.13430730012752984,0.04899795402293409,0.09836143299950272,0.12824619215815766,0.10301422436315716,0.16605298621504133,0.07321470259331772
0.08548664925693662,0.10852215514497505,0.12471954334039637,0.1062557729699805,0.06496771204361375,0.09679854232034792,0.1072976683503949,0.17550949700808324,0.13044245956527156
0.08665310387071318,0.117239348365695,0.10457780771675869,0.048681398105276885,0.09144544390388577,0.14249599934027168,0.06564816898854324,0.23279337406886322,0.11046535563999238
0.13910513660748047,0.11220512304078427,0.07982208764881334,0.04143674988477297,0.23511696661781953,0.10822387271367777,0.10724093773462991,0.08410329863943532,0.09274582711258648
0.09052325945783056,0.1516763826355071,0.10144117998512031,0.05165165437245694,0.18577940572883578,0.1035505427312541,0.11329582629438888,0.08203002666707652,0.12005172212752989
0.21547841113985358,0.06942743676411907,0.06381468618313124,0.05627843680103662,0.19804270584470082,0.12551790410382446,0.10199016736500399,0.08644123729757362,0.08300901450075664
0.10187142025380636,0.07158571387010954,0.11847173726675804,0.20019266991243226,0.06243636766197689,0.11120223283033615,0.11795529712157209,0.10676764676217897,0.1095169143208297
0.09901523244765585,0.14136550609344548,0.12219575739027239,0.09966214869049002,0.08883332711015172,0.09276795186041288,0.15109012427897553,0.10359067462574645,0.10147927750284975
0.12281782922105428,0.09244148608217707,0.09552081103589645,0.049880514818888784,0.175879229029836,0.08695630043307341,0.13599839438461941,0.13374472715461883,0.10676070783983573
0.10291619360565811,0.07987754746950822,0.10710894747512383,0.2091035870504315,0.05420499656588962,0.11662788249300009,0.13410100479286627,0.07157732091120372,0.12448251963631866
0.09126837285880325,0.13142477467311073,0.11050059684562563,0.16102723871071686,0.057359839025366184,0.07297242342880965,0.13403508613106768,0.0967100710268326,0.14470159729966753
0.07806070103198444,0.15092109217248686,0.14993422399250964,0.10058888426852557,0.07138345800201708,0.13361446007182512,0.0802295397416946,0.11978246709358854,0.11548517362536814
0.08092469701907996,0.10542174361590684,0.1403108258667981,0.16900725193769617,0.06564037373460445,0.09191147003025912,0.11853390146261138,0.08775537042547384,0.1404943659075701
0.08546308085018439,0.1414360242076329,0.11668689693824062,0.14213919234125544,0.06378485093663998,0.1437473353388338,0.07439228159095329,0.10350551618942912,0.1288448216068305
0.11611677525992675,0.12420291532058847,0.12124019549462074,0.07380853402071318,0.12467039926651347,0.10474164366081697,0.07889026885214086,0.11551003878722432,0.14081922933745514
0.11424798065060293,0.14799977171995385,0.09825173085683214,0.08029551849611684,0.14376569762778532,0.10125871500471058,0.07865248792175517,0.12439943134415292,0.1111286663780902
0.1626865028975558,0.06736869723698716,0.16759098515388293,0.09264056162507826,0.13436344263130262,0.08796037706609537,0.11924968641305746,0.0715127805070902,0.09662696646895029
0.06246712065292148,0.14028682048608854,0.13481533160275527,0.10333482598528515,0.06022634715290528,0.13221370615923003,0.11876551068965414,0.11219581758545501,0.13569451968570503
0.10081637276548656,0.12614155524802553,0.09392576563763842,0.1381886185375609,0.10699248475032151,0.11296517061686795,0.1558483816554994,0.07295365002633743,0.09216800076226232
0.16300448759690414,0.06386305295540727,0.09215950832874938,0.18336904508239268,0.08038586012517761,0.13917784216455104,0.11012858615651695,0.062339359641152836,0.10557225794914815
0.08971221940837704,0.1118386985616104,0.13508529012132195,0.1888618121119532,0.06277946484862523,0.07922324223457405,0.10971038509498876,0.08533393339911495,0.13745495421943438
0.08343444864112544,0.12015281090490977,0.17872076254486094,0.09619176614116746,0.07954885241286747,0.06843024835469093,0.13346996273916664,0.1211141542200982,0.11893699404111313
0.11253479050633264,0.12541023675238663,0.11374810526198371,0.0849197703066873,0.08354754045093205,0.17050648151748682,0.09447035310872876,0.1269819366531342,0.08788078544232787
0.07174112140270232,0.22579444943711735,0.17906128693799175,0.10084509940145432,0.0650013706387885,0.07814731786199004,0.07153941780635158,0.04677842460719658,0.1610915119064076
0.15273060698447224,0.11659037061170918,0.0928059050907281,0.18711337903214806,0.11767690199129073,0.13932761713374753,0.040574151803563316,0.04314495420429185,0.11003611314804906
0.09514391605093993,0.09705597212925852,0.15601238244619442,0.14433180857442973,0.07032204226965154,0.08057183100141803,0.1417571220734251,0.09704238705683332,0.11776253839784935
0.1455648747446057,0.05673917424070183,0.07071687267005909,0.045799413625957915,0.19868629979464844,0.12860528942253635,0.12704664714186809,0.1487984053406975,0.07804302301892507
0.11802462744500125,0.11893322598440026,0.11875833426392897,0.07694479961778349,0.09610665093713072,0.10730622606339706,0.1449197618487202,0.14245571722324965,0.07655065661638849
0.13434689794845855,0.09326013282016914,0.09116548513422984,0.10096406412858477,0.09297176278820703,0.13543757465379838,0.12899187076258004,0.15130196152962253,0.07156025023434974
0.08817724302866253,0.1768704866458318,0.09737165511474234,0.15648882106350012,0.08020938456640077,0.09957359551098525,0.06689778595492706,0.0567101641391233,0.17770086397582685
0.10631904613749515,0.15604031785062758,0.15234507609700912,0.12056219148577929,0.07275235525493036,0.09784318372816514,0.0856497551932124,0.08236764740311586,0.1261204268496651
0.08320790684937793,0.12158715050437911,0.1007067375702892,0.10487840068988404,0.07962968797431154,0.0763068374537811,0.1339851553798351,0.17152055323973114,0.12817757033841082
0.23851900564943207,0.07488875164779323,0.10319590983281679,0.06207850914512216,0.17678201761933687,0.06703652771205848,0.09040776365089005,0.09173997896864683,0.09535153577390344
0.19907011404117972,0.08833978347894104,0.086874373546779,0.12937109325011764,0.11438533690492775,0.12745170943970102,0.09047252202884541,0.09111555260130981,0.07291951470819867
0.13711741306886652,0.13782376991536935,0.11236061705968102,0.08101218074068049,0.08951223523394358,0.13059824705446474,0.1104782613259071,0.12036006648692928,0.08073720911415795
0.08801038891017439,0.11968039325771951,0.16566237568612185,0.12158792964567401,0.09451633681129552,0.1020762518648976,0.12053897792973116,0.07453456575367663,0.11339278014070923
0.19705440356578063,0.07289122123802814,0.09187248252548086,0.07614007175807275,0.21633576614380892,0.08842861550701027,0.1067922783563713,0.06494171933246425,0.08554344157298292
0.07818942584503809,0.12123481122090318,0.10701215839829126,0.07926119321481521,0.08131842018457851,0.08766357762666949,0.11746774826322638,0.21052305188492215,0.11732961336155583
0.09028507362924394,0.1054569671118289,0.09706180547430569,0.20251320240304513,0.056526321676103664,0.13843212580487615,0.13412079691578158,0.07538124377050291,0.10022246321431207
0.08344353697771505,0.11790669478737643,0.1109624341450358,0.11403614457801076,0.07241762443182771,0.06895370946522601,0.13066901553821578,0.1716487791526894,0.12996206092390303
0.11521845826230442,0.13238280741572295,0.10522840482292238,0.18608320929595915,0.05110474150624352,0.12043784885150176,0.08261028101376466,0.04924559709131632,0.1576886517402648
0.13015506750005987,0.10288073255470927,0.0625164025132961,0.041088456669181254,0.13767291328934148,0.13729643330202956,0.13858674798701684,0.19024589190844846,0.05955735427591722
0.07994375512409321,0.11064528719903728,0.13873284348266698,0.14231505215718535,0.06079782196495407,0.11899483371348457,0.08948434183248939,0.13004328857315514,0.12904277595293398
0.09524533228364616,0.14533815862296956,0.07483214129085558,0.05852230956439638,0.11262348361490963,0.15045804636604485,0.06437095453940973,0.17477344648818016,0.12383612722958796
0.10656377952055214,0.15074395856039188,0.12962932124159407,0.07973188283064182,0.09788586943276521,0.14286049663333966,0.11960364558290261,0.08289904833069812,0.0900819978671144
0.08237245992240268,0.1178973010873497,0.12309872561579971,0.11634230835323366,0.055385150834235154,0.07895372513735181,0.10400174276198511,0.2032392827516476,0.11870930353599458
0.08912407102725924,0.12112423641285529,0.1385637094588322,0.11515704545440099,0.09058460773050662,0.1084963755128283,0.09790323521679838,0.12164378687237036,0.11740293231414861
0.07998437553083537,0.13779390861662053,0.12090005645057543,0.11320588398841547,0.06976450775376213,0.0733180842910298,0.08292721900075421,0.18054803986254397,0.14155792450546303
0.11641651316183194,0.08345468041873359,0.1124225142524999,0.05013636524851806,0.2908059507395426,0.07102103854852204,0.08103756296819961,0.07759533116293954,0.11711004349921274
0.13119761001877037,0.07038431198475806,0.10668725904377628,0.06147949197791805,0.20818659953513205,0.11578753239385108,0.11306329917599817,0.08666698868744427,0.10654690718235171
0.09322253098241977,0.16691391795725963,0.1116971328081962,0.05768385815593121,0.1293051747182989,0.14646935697260613,0.14280508338598974,0.061935081928510494,0.08996786309078801
0.09647157168612737,0.1557084361321396,0.10042220573301132,0.05758413206896742,0.15820189558313166,0.17515372076762314,0.08687949286330976,0.07002319040756234,0.09955535475812738
0.12494878813651132,0.09965879353720514,0.07608933547338108,0.0739305193053508,0.12982911304880204,0.14886635201600254,0.10190017648522838,0.14752435043927167,0.09725257155824701
0.09612280196488569,0.18488712166790636,0.1500468794008847,0.1392904282711113,0.04627929308336332,0.08747446540090696,0.09169199438041997,0.08138323360741752,0.12282378222310412
0.09922549185931827,0.23270109403086223,0.1062941485310654,0.16379410295971142,0.07357237992711747,0.08645660271481316,0.06683182775586659,0.03364885727003884,0.13747549495120667
0.09962739663397378,0.09225416659420703,0.14192702994993725,0.19992797246859115,0.03828713566712824,0.09723940382003447,0.11893349560948761,0.1085812894752417,0.10322210978139874
0.07562327141450975,0.14068474722135194,0.12880848934849923,0.10197578070986067,0.09269797883292957,0.13859381537530646,0.08953387581859819,0.09999042091333643,0.13209162036560776
0.06845390017672787,0.22051513437433568,0.14277754470438572,0.08624065818020905,0.06778184465493718,0.12200385780305417,0.09117901767108029,0.07949963378205625,0.12154840865321383
0.1400263907996687,0.13494361953823597,0.1387342190018575,0.13194644222761664,0.08135223850667714,0.09810575556398886,0.11033994702125738,0.07952881482789854,0.08502257251279921
0.11190547790479766,0.0639485645735549,0.11170032630691533,0.1209676809243525,0.09426375170369934,0.12634047216854508,0.18540502494983377,0.09141519772316638,0.09405350374513499
0.16201960993376777,0.11336946174530037,0.1057374238358491,0.05598871884812934,0.14867750178762765,0.10003163313769746,0.06663111337482298,0.1358850714138953,0.11165946592291003
0.07084404315284369,0.12202856523011911,0.12935799897489628,0.1844402997552226,0.049742814001040164,0.10432463658151832,0.136970244981272,0.07217743939855621,0.1301139579245316
0.23919156609463066,0.0689676289018424,0.07750297364017535,0.06440711045231408,0.2525585877670427,0.08377835306024616,0.07512175980757876,0.05263852815795076,0.08583349211821907
0.08903419108824791,0.08142162337125318,0.10516484942723685,0.1405291966403154,0.14663329779119172,0.07904889429786326,0.137300658789173,0.07486149097254978,0.14600579762216892
0.12524008468963388,0.07885013248789806,0.08103487132695449,0.0502183391965636,0.21160132459887557,0.09186876420159888,0.171689120110276,0.09216459535207135,0.09733276803612806
0.09969834101968637,0.13536636604414568,0.11011170123016555,0.16743971923823586,0.06624925671166192,0.1263851467963866,0.09764738571157146,0.06479683654111495,0.1323052467070316
0.10044663260678281,0.10519648606322564,0.1355972501903365,0.13975685445262195,0.05656208162273096,0.09953861612110215,0.16023509177654563,0.08179950526996464,0.12086748189668967
0.12542897514419435,0.10443710948123446,0.10140286404820396,0.08150725993702801,0.09412251715241797,0.09591175983074547,0.12428023439443936,0.16300227322963143,0.10990700678210502
0.0807839892694363,0.1607523810817628,0.13831732535112426,0.09329327036581055,0.09617836288432298,0.10690607697576959,0.1282397302927418,0.08063660668004395,0.11489225709898783
0.06812270413610928,0.13850487895758143,0.12587276607936826,0.1936397374759752,0.03669822996403611,0.10456721925695311,0.13624610729291456,0.04748206207564341,0.14886629476141858
0.14449194893372094,0.10355738567483162,0.11624009133481851,0.06531376542542518,0.14676563552293423,0.14596265145032603,0.08056369561788194,0.08076183160906522,0.11634299443099645
0.11722489340293174,0.12874525031046494,0.15780928375906703,0.1034424569863283,0.10568280870990397,0.08057373496409978,0.09028664730151374,0.061794769426046246,0.15444015513964426
0.07288015300222778,0.1313638240106971,0.12024926435496909,0.11235436821484636,0.06191166948063181,0.10057863004707879,0.0839412186471089,0.1787371547574219,0.13798371748501828
0.07723318103340165,0.15683864829529107,0.14916907947291316,0.07893196698445161,0.05591754257689845,0.07699084877309821,0.11208275315873927,0.20353991265697213,0.08929606704823449
0.22060120591514873,0.0496237160279095,0.07174039337924909,0.04705247193476401,0.25730632289345073,0.065784259195021,0.12190180793481424,0.10267195943702323,0.06331786328261942
0.09536453184617855,0.1312217681944354,0.14631777880816668,0.11893532274180578,0.060563243155642425,0.121469668433843,0.10728951665221158,0.07996700200247393,0.13887116816524273
0.0818680628579057,0.11160085075597707,0.10592733856058205,0.12717803470247638,0.0884981369446875,0.0894863359483129,0.1482679747780679,0.09034616333518904,0.15682710211680148
0.20390010591204968,0.09308815868265956,0.07087757067294058,0.20364933444802902,0.10946373455788626,0.10987872606972378,0.06636519863001872,0.04386918301378342,0.09890798801290908
0.11206080739316614,0.14560366750041617,0.10295776381402744,0.08622368168769827,0.13932716683850446,0.08878947162038031,0.12078798141671643,0.08100041345086023,0.12324904627823054
0.10203381500838375,0.12531102912016653,0.09192934818470626,0.18954901366951993,0.07330395665814841,0.09257441420797251,0.1090848803337872,0.05610062786054302,0.16011291495677238
0.1002515797528028,0.10319455404760496,0.1593457083485833,0.05282579876921045,0.13743496736420832,0.13597764267056836,0.0949519911244362,0.10922880422812341,0.10678895369446212
0.09584806739097655,0.06885121403266191,0.10199896697331472,0.046890147534914016,0.09802260207167963,0.10537945975711897,0.08708633161695949,0.295511253770093,0.10041195685228173
0.10924416351607535,0.11395158323270382,0.1640386874518078,0.1540030622621309,0.055415778404205925,0.09249565294444638,0.12948830557638077,0.06980291193795386,0.11155985467429513
0.10963499515982535,0.1161724366710123,0.09731038610205904,0.24549021152261977,0.07117416431391418,0.10617460841169694,0.09944138235647555,0.04292823572413516,0.11167357973826163
0.10909228690440025,0.05945905781345803,0.1239532384064202,0.19506972061335018,0.08122891037000533,0.09977008806673604,0.15310109785905923,0.08332717520844617,0.09499842475812452
0.09824628157608113,0.10498276747057333,0.14011734048336097,0.15587329606943243,0.06804313935986755,0.10666931391966326,0.11312663388447154,0.10075247788798815,0.11218874934856166
0.10698392492188176,0.10799392109044087,0.11850435400913188,0.13976353607744002,0.057703646984349787,0.1147301322733385,0.1305072550024582,0.1369494983931055,0.08686373124785347
0.09639576618080758,0.12176134023348544,0.17462578457096364,0.10986749168506542,0.09202779442450731,0.07597570519857304,0.11274151424822838,0.10059725417432357,0.11600734928404573
0.14276523996398474,0.09952978695822075,0.0809126653571504,0.09268201751576667,0.20593274317604185,0.10688498208400533,0.09514380670578197,0.061590531885134414,0.11455822635391381
0.1782834955886455,0.1127763188640361,0.144719031834511,0.08654769964567939,0.1285281192071585,0.05582944018380361,0.12231156851154613,0.06636225025530791,0.1046420759093119
0.16312455258468414,0.11645488829618701,0.11195747648734496,0.04922070440196292,0.17901737643907256,0.11918545080632172,0.08845985597187694,0.08118415061948198,0.09139554439306775
0.11204814197113044,0.08458868429930588,0.11183780277704054,0.12241065945407521,0.1062472573868191,0.11814000054780055,0.12207976578849279,0.09927229392218617,0.12337539385314929
0.07780017047937723,0.1546093706019551,0.12722968406976584,0.16652478072831264,0.09568861034145232,0.12353836460966765,0.08234382630573955,0.05238014770702609,0.11988504515670366
0.11844940370070249,0.08026762252124268,0.09265920402620943,0.1318638054640424,0.06244390819261351,0.14278693098239195,0.1586653332033492,0.1347067568351763,0.07815703507427205
0.24421373148175898,0.05178428526414458,0.09042242383885189,0.053640923960652655,0.17393554651198698,0.05350541169307505,0.15621887423124567,0.09324409505384301,0.08303470796444108
0.10446585740706359,0.09739574200870012,0.1123752784332513,0.1572642227873031,0.07910268419588283,0.149256758545298,0.10312210228932929,0.08069686235042826,0.11632049198274352
0.1295791225066438,0.1571008062974881,0.12149756613421518,0.09090428753694628,0.11217832994747122,0.1297904228990255,0.0849894668249105,0.07860524903548201,0.09535474881781737
0.10263011394323644,0.16047957603125973,0.12641491341363187,0.06652511454351233,0.14427939606431067,0.10356477622479221,0.10321434583152538,0.086778896284863,0.10611286766286837
0.1257808887254412,0.0808309934913004,0.10125938302103067,0.2095133363239081,0.06710285374345258,0.09651649701736309,0.12614247674701495,0.08470749167078738,0.10814607925970172
0.09092894311134425,0.10417044552945283,0.0940431499949806,0.09951509186122721,0.12242872113926269,0.10594258877890339,0.09240420900829736,0.166601462476633,0.1239653880998986
0.09114677595643556,0.14143654190044155,0.13988096431940594,0.09072663965266992,0.10083526960354443,0.09500087683775094,0.11587070199989337,0.11514446917244943,0.10995776055740886
0.07033098016766558,0.11306460344778069,0.11201169763359607,0.17017255828197328,0.07000787105739605,0.0860570347537412,0.14905572011802712,0.07660296518865455,0.1526965693511654
