0.12292059263329674,0.12639542337234433,0.03594339134934915,0.11816555374519105,0.11600353611871793,0.10852187195078737,0.10508713655858772,0.11094848895300709,0.15601400531871862
0.1809731168277855,0.11354059415389901,0.06001336933247118,0.09520676024576058,0.11180651240705448,0.11841349665537364,0.11739866822856726,0.10844983599498426,0.0941976461541041
0.09364748001942146,0.11040637990574771,0.027219912648945268,0.1329593142103176,0.08416567171789939,0.13271284082436552,0.1186611693649215,0.10653128398066385,0.19369594732771764
0.05235776835169784,0.13285329354368694,0.1608733788608421,0.08149401069365021,0.15755438763156163,0.1590131201038417,0.08995849537849711,0.10572793714092643,0.060167608295296104
0.1629384364187566,0.12840269425946674,0.045596813072763975,0.04689611084253762,0.04777420829848861,0.26797627336905644,0.10182098971968229,0.10679485565368378,0.09179961836556394
0.16337247896201254,0.1265460068374483,0.027139114301090603,0.07839537499743117,0.08400257802157636,0.18534589936911905,0.10901948100102361,0.13133338607208403,0.09484568043821427
0.27214942016405125,0.1312946463158712,0.01828644210971091,0.0651589852701028,0.10630891836704624,0.08523841639011957,0.10548688057602529,0.13729896782260612,0.07877732298446666
0.02737709444071665,0.09102295732978727,0.29690001201689425,0.06531996151609563,0.150873840572231,0.14572918126916395,0.07767092679977647,0.08437054711514586,0.06073547894018897
0.07633912699850683,0.11566403854397032,0.04133539871669097,0.1299955946007741,0.29262503429087433,0.07543581933031814,0.11733291761995583,0.09990073723215331,0.05137133266675617
0.21482292771455494,0.1324669811190871,0.04764496122638642,0.0718840363008847,0.0533226051656694,0.14963997570319862,0.1095555777731506,0.1214303811120692,0.09923255388499903
0.024444772533310812,0.0711099376557635,0.5172621423502911,0.1027981911037339,0.03667827556493888,0.03859829831717264,0.08331501295548462,0.07906604124345991,0.04672732827584466
0.1448832820578276,0.06911435323951604,0.3826736263545647,0.048363972850376045,0.06751472723398534,0.05458731125232947,0.09349323222142432,0.08282202005370554,0.056547474736270996
0.2833331702165646,0.09133579107843719,0.028687559947417122,0.1134610733438059,0.15735733671587687,0.07670093421877956,0.09494907983421601,0.09626614409956481,0.0579089105453379
0.1267792444986848,0.12430930254662159,0.019728522888701108,0.06813968293456295,0.07510900289161541,0.19283409961134593,0.10348082476607644,0.10424182025008771,0.185377499612304
0.08922518770561648,0.11046532558979956,0.06823868069530954,0.1059936259813425,0.0898980799740885,0.26232820445223753,0.10956405488724114,0.0882008566782942,0.0760859840360705
0.15981364988656796,0.10983713155577801,0.03340282186258329,0.058820383267590544,0.046814507484990574,0.2793508115119678,0.09913378413803593,0.10685282272135366,0.1059740875711323
0.0912407818878624,0.145578941218814,0.04946216954365862,0.05126129923373008,0.042868490532127546,0.25194512437831257,0.12105007395813071,0.12391380805330403,0.12267931119406006
0.23028615683926743,0.11524099170723336,0.09368982307423172,0.06861594112025078,0.04852469606378951,0.07529920605208096,0.1167505296480652,0.13031569433480228,0.12127696116027882
0.06782869713729556,0.12955744022464533,0.05701355470858931,0.17300154339142967,0.08825428294720405,0.17194301825348793,0.1305422184489101,0.1110809299924202,0.07077831489601796
0.19998802142981545,0.09462831561076475,0.09029906534408898,0.09459282044372012,0.060891646680766805,0.14010839231265468,0.12248160437781642,0.09685628352339765,0.10015385027697517
0.2793682193707088,0.09984963569158371,0.06405801143591199,0.08803269136468377,0.05243999674327774,0.10448861299826072,0.11184346953560864,0.11148194263919498,0.08843742022076963
0.15762106243113064,0.1350967012109733,0.02982152377732004,0.08632205622159665,0.10099231911004551,0.10829648260493148,0.10447828631519283,0.1350349464781321,0.14233662185067744
0.19846602337072958,0.11664952552775364,0.02089691693834989,0.06062735834895672,0.042539381800139414,0.2464665078753925,0.10594270609194201,0.11295060905014848,0.09546097099658778
0.03437855944880025,0.09944953796461244,0.35136886739312945,0.09952281515546456,0.10548786068049075,0.08357900297768776,0.09416950563581945,0.08024484805537044,0.05179900268862495
0.1395951556446938,0.1392644845540559,0.08728337571871854,0.1129540132634571,0.06160766982572122,0.11322025954837012,0.13921954144785206,0.12608724414867004,0.08076825584846127
0.17938167351123582,0.10018584674846374,0.049667918754013725,0.16899482510582464,0.09559023915424048,0.04102263835553017,0.14677551691978838,0.12369334402207648,0.09468799742882665
0.23087571358552528,0.11769947508007927,0.11327570340098399,0.08572941160978566,0.06950375118328678,0.07107538189171515,0.12056312031200604,0.12330445652528514,0.06797298641133269
0.19816282954935774,0.1366317552027598,0.03359998120090047,0.06267541056288005,0.05811758629398996,0.08884308438194137,0.11946912135216477,0.13543199592127525,0.16706823553473057
0.14362099036565426,0.1002897769966561,0.07204044108892903,0.07253136510950878,0.04854465168308724,0.2732755026075133,0.10680778333825965,0.09110972926926775,0.09177975954112393
0.1717512344439053,0.1387094310407999,0.03661611571886115,0.060139311171860554,0.12539446398815776,0.08238295892415501,0.14873079085915694,0.11670803943066026,0.1195676544224431
0.12787311897780237,0.12591537339811856,0.046059467292147944,0.1097555314840103,0.0797452605801229,0.1119774317862297,0.13827752609837687,0.13509940776459697,0.12529688261859434
0.08785136351511229,0.09004308798449452,0.25905149967048363,0.10050057378369086,0.0712092322729782,0.08129917645377648,0.10977588937998177,0.11356057855091813,0.086708598388564
0.06831577990288261,0.06428267653797776,0.40363350120609637,0.18380375402672042,0.03063599916996834,0.038671366516381145,0.09878211354343756,0.06166482332471557,0.050209985771820176
0.1777895924387419,0.0966167678416018,0.03543009917862317,0.10672108194879416,0.07807314137803094,0.11714312420448421,0.1346004615000194,0.11750121958476008,0.1361245119249444
0.05442848621198088,0.11495237565864873,0.034116292305206485,0.2835193647978347,0.10652850702001808,0.08381662139805884,0.1260515045909054,0.10345951486601435,0.09312733315133252
0.206933108323612,0.11574910524219238,0.049730645789128974,0.1452774979414388,0.07993726784461444,0.06570220342980061,0.1263862403128528,0.12651017722678065,0.0837737538895794
0.09877694834992319,0.08541066537697435,0.2187928736752575,0.18706595293503722,0.1250037065255569,0.031346344701702,0.09661377280420606,0.0931769805160479,0.06381275511529484
0.17605741828088617,0.13030197360151682,0.0338015990894021,0.07202501678048913,0.16918656953168057,0.12888012325852805,0.10533910240475171,0.1088658150990347,0.07554238195371064
0.20265298196228984,0.11627471592348322,0.028683786427757502,0.1133250663629693,0.14455191273235227,0.05175904524069987,0.14716667773732037,0.118006368824479,0.0775794447886486
0.16227281900900878,0.13466498203565272,0.025084873968548447,0.09105463708148116,0.06796908924140845,0.15832614887320431,0.10800290479822257,0.12528543233158826,0.12733911266088518
0.13275766098246097,0.09699085070037605,0.0399117281052734,0.07757426934171416,0.10723386874077817,0.24219803345442456,0.09464154323688954,0.10242750905507292,0.10626453638301024
0.13397633936024309,0.13470991586135905,0.02682600896740724,0.12345189532748539,0.17081651519138052,0.10955464653790196,0.12649319729203637,0.1012278820050511,0.07294359945713527
0.11779031886397429,0.13961504425972984,0.026246960609068393,0.0728913040591831,0.0668287301123548,0.18287330161206064,0.11576213287219221,0.13760601223620783,0.1403861953752289
0.0564281727570608,0.09164055008234943,0.42732857727217216,0.06346667538583767,0.06800603750497795,0.06391233563878036,0.08559491080912178,0.08255682150567684,0.061065919044023066
0.03096901838617455,0.07675958806817484,0.42608334652616847,0.1253167056421613,0.07095083739852909,0.06802639096649311,0.07127403119062138,0.07177643384786414,0.058843647973813105
0.10394964201248795,0.1482411590355234,0.09476164426573648,0.14499498695666754,0.1390720655525199,0.04876269905834931,0.10527590310593082,0.14002151961090273,0.07492038040188187
0.10255652036296248,0.11156422168076606,0.09402634019567972,0.12519556312605332,0.07492584455169758,0.12607183462164745,0.11505953204554976,0.09112262231312035,0.15947752110252328
0.06049320333540092,0.10206841617559335,0.24019918832602513,0.07444591245255804,0.06848799553298589,0.20607017667285674,0.11050269918183052,0.08266173045688276,0.055070677865866675
0.049495388641227635,0.09524705421964963,0.3580314399548226,0.06877320676882125,0.09080272406297134,0.09995040470872624,0.09222340127571184,0.09173825336415187,0.05373812700391764
0.20813244982102788,0.1119228015570859,0.03214133638890499,0.08880878280573183,0.0986759131885443,0.10258482740985596,0.10606414970696776,0.11667150559994022,0.1349982335219413
0.11032862752509061,0.15183340977475032,0.02289600849377754,0.08435145160116915,0.05446368499564321,0.1505881445933637,0.13626930638290746,0.1517075744674617,0.1375617921658364
0.2216727932796859,0.08111762734994828,0.2175514689239637,0.04905925657554517,0.08487941766005092,0.07333691711148102,0.09317104609601386,0.09552931713488266,0.08368215586842848
0.142583047749867,0.14805732132461516,0.0631400170177916,0.11485812249511766,0.08265914402116302,0.08725237275549132,0.15251894377695185,0.1243246056527424,0.08460642520626004
0.10340917423275564,0.10294822262628499,0.0708332209100505,0.15517202626141147,0.11585482865573304,0.1462214978950475,0.09678674380085035,0.10997540120013256,0.09879888441773403
0.13554637060978483,0.12974600559316,0.027220964663776593,0.17143471018448944,0.10515595946412021,0.05075242960833417,0.10711034115121178,0.14931551871565948,0.1237177000094634
0.15405677145911587,0.08114287303583038,0.28237751491297486,0.1333978567531194,0.07072977653594666,0.03321836244205024,0.09321636200282567,0.10082142497249187,0.051039057885645035
0.09580110236586674,0.09362253951347947,0.22560794236840298,0.10115959934671288,0.09293705062348974,0.07814963213034694,0.09516578568529115,0.1126448642995475,0.10491148366686255
0.22148605817060107,0.08831890379278766,0.039483896453907166,0.09340229746791001,0.08481728237244757,0.22086231461638528,0.09478570213754113,0.0858269810633716,0.07101656392504856
0.1309066803280222,0.11513261027491635,0.03385594574394082,0.05416787212909871,0.04286959414233582,0.2581931410156148,0.1251894665342831,0.0992815397331508,0.14040315009863744
0.08505976459288618,0.09207555812438284,0.1983250075484246,0.17504066914550573,0.04979172481827962,0.07110135049042272,0.110715610232557,0.09413238914292421,0.1237579259046171
0.05913288667376291,0.12543830571519066,0.05845630266884155,0.16103437665167084,0.0621667296386413,0.18108070745456617,0.1416333873743576,0.12169254214817865,0.08936476167479035
0.03701241605945267,0.12008588740070425,0.1293578687207845,0.2401201230586052,0.1078611910010198,0.10384560954844009,0.09433197657865765,0.0952496282914584,0.07213529934087744
0.12135808604305355,0.10241522455888996,0.10837027726716071,0.06338838095785711,0.13182433439309246,0.177418939413291,0.10401404904521883,0.09033118078827472,0.10087952753316165
0.15875541587171751,0.08725401731382154,0.23436216314097616,0.07167058162255792,0.10029282413921829,0.10170665259889895,0.10010470392241266,0.08250051551018954,0.06335312588020729
0.05114060480219831,0.08591607015848761,0.3829908323391063,0.09275108867165055,0.039376007635071465,0.1280361801023271,0.09179795515877824,0.07867701997403335,0.049314241158347004
0.12485589754496484,0.0957034229313492,0.16371614120923525,0.10961303530370081,0.08806136355180849,0.13412752872178552,0.10812056503154033,0.09916965501281039,0.07663239069280518
0.026203987759813575,0.0702138219726825,0.4711856110286316,0.07531350320005258,0.038018961164818205,0.11260282439143206,0.09654796260184784,0.06140035045412584,0.04851297742659574
0.028061150993154732,0.08105917957564214,0.3789964296570623,0.19809237518942954,0.05594981707317174,0.06259045156407597,0.07837461930131774,0.06850369542032152,0.0483722812258243
0.2283711261763112,0.11467839075255774,0.01954870803392683,0.08940653727892627,0.07906848383076337,0.06721773480841495,0.11418811649098624,0.13829280360735557,0.14922809902075787
0.1183120863366729,0.14038481178835674,0.03611099963247828,0.0541644135774621,0.04869717896015252,0.23348588509557158,0.11531371625415536,0.11900685776630597,0.13452405058884448
0.2038448792590745,0.11191731005744426,0.042063898711418114,0.1537572785614245,0.0612631622560271,0.08155470502936647,0.12844079898962432,0.13467909122032018,0.08247887591530065
0.11766219885894935,0.1346011439654052,0.03704306397393354,0.05156782430743422,0.05612741031794871,0.1786297101538363,0.12151356054398084,0.1265488108313806,0.17630627704713134
0.20634676482027534,0.1069376244291989,0.0642705195352737,0.13804922362478458,0.056541612720585686,0.04820851831290632,0.12532211215690628,0.139746213036562,0.11457741136350719
0.18047253418342316,0.10028116723373726,0.08345088114926852,0.14002920559934953,0.0647313435082049,0.0713882657439549,0.11288418666137849,0.11808974558808766,0.12867267033259555
0.07295960204729689,0.1639547779680591,0.025515271299740683,0.1404967206091016,0.19119444783614967,0.0661289692298783,0.13676523825247913,0.11836533956874185,0.08461963318855276
0.16239033002859196,0.10594519982460422,0.08029699994440012,0.07686150664376434,0.08687573707735317,0.17152525118689133,0.08568641686548086,0.11203328021490912,0.1183852782140049
0.16475137094505932,0.1045850602037029,0.0590721979512884,0.12012057937009424,0.15217137460054564,0.13286835771619296,0.10414120089580382,0.09001639861680534,0.07227345970050737
0.24083419717512985,0.10191722102807395,0.02902351254058437,0.05356700071636796,0.08668343535586714,0.1618347276811239,0.09990905186306831,0.1037851539946738,0.12244569964511072
0.06416059203045209,0.15608027562437954,0.05017478969143882,0.18757340617469906,0.09949696781124577,0.08946373279932056,0.14446374005012422,0.11824767672769487,0.09033881909064505
0.2515901926574119,0.099678581900789,0.06227299909306815,0.09233130083210221,0.07264663532093268,0.11250398510807585,0.13419908806912478,0.11412741999715674,0.06064979702133871
0.12753518386033455,0.1324843635681,0.018018174664889638,0.07269570541852516,0.13030616660183228,0.0753632137603959,0.16327359303442293,0.12067668148004244,0.15964691761145722
0.2393972967645456,0.07908619524602616,0.052581356220712694,0.07675638888302391,0.08414901435405024,0.22590097043483104,0.08819583753105059,0.09270298292413226,0.061229957641627565
0.18953512162935915,0.1030987499991302,0.11117533604849605,0.12809962525645377,0.03501942029254417,0.12307211539981071,0.116947186611625,0.11186346973165583,0.08118897503092518
0.14827039043690712,0.12380454842077482,0.0704734124042082,0.06079787660401714,0.14898213207664698,0.19831220740539615,0.10528982902616606,0.07938815779028296,0.06468144583560063
0.05950371822816134,0.0977788596390225,0.1349803827192442,0.25259103324207716,0.09342405851991958,0.07612829458660081,0.11302842680830898,0.10056597095143831,0.07199925530522715
0.1703438464281413,0.09913177686896502,0.055595642050643455,0.06911474553507184,0.1211881822972724,0.2399972793353602,0.10051393007861069,0.0875585109882084,0.05655608641772667
0.07493352280297379,0.0968793604859292,0.26992580507319647,0.09050146182341388,0.1720082741756103,0.06964670747219066,0.06262053394839,0.10054551590653937,0.06293881831175634
0.17633112008907167,0.13023336157432105,0.052921455684277204,0.06940911891738354,0.04166076532477977,0.1280838928706065,0.1141862219192743,0.13466721397744874,0.15250684964283726
0.10017009064401017,0.1471093353662181,0.06375856781225912,0.059498037041580576,0.0644128446841899,0.20883317616901728,0.11917600130235868,0.12433075500154078,0.11271119197882545
0.07156596795086817,0.14260685526810657,0.08416789567999143,0.11149541949570359,0.07103134837982766,0.16302071579135294,0.1312543201020396,0.14270257535035766,0.0821549019817524
0.07348015221064495,0.11127776875571904,0.17013612647354004,0.06782761392614063,0.11023525265825818,0.1687043213692112,0.08875696921843522,0.11673218755168263,0.09284960783636804
0.07326717399263355,0.1253463876842568,0.024118589938143444,0.24463310847937392,0.10141065934425002,0.05874500891356906,0.14640131780962692,0.13489401018724692,0.09118374365089943
0.055783435435102335,0.1011281228336468,0.3480367019729294,0.061394090763654076,0.13743049310395897,0.06250293955039453,0.09650655303951224,0.08824252948115859,0.04897513381964291
0.04398980825651195,0.07384720293489418,0.4596909169430832,0.0871484257522081,0.07327602371156454,0.07906091449472978,0.07785276132315337,0.060620151377820924,0.04451379520603394
0.09229848810310694,0.14486951063040462,0.05507662762205814,0.08640813938733356,0.11669083497180423,0.13674030387599476,0.10344803536316405,0.15036325219530447,0.11410480785082922
0.07893641916792433,0.08037976274505626,0.34589421596768966,0.06128360402171198,0.06779640325677233,0.1465763205979476,0.10041416296734866,0.07222143456411696,0.046497676711432234
0.22199004151802673,0.10032475237533957,0.05939252574924609,0.10892512185324217,0.10950151342207443,0.060384792462409,0.10165777731864108,0.11691662899865762,0.12090684630236331
0.039365813166253226,0.07814689932520925,0.43156910656536,0.06906548395620964,0.05840938952474487,0.14028159676595475,0.07418168443766053,0.06591376756898958,0.043066258689618164
0.07244126668154376,0.09844379359678639,0.14216074157629852,0.25879304117778684,0.06065092092531301,0.04251832262157556,0.14902459455515527,0.11191346830974709,0.06405385055579364
0.10569610268469158,0.10275564267033033,0.015136072989526851,0.1891481704551311,0.08696773440369747,0.11337994266849516,0.10622548050695135,0.1297486828314871,0.15094217078968905
0.029366416863901984,0.09429353051324556,0.04709394120925022,0.33053955316914885,0.09107087717629363,0.1168674481974649,0.10202433128906817,0.07766717915086299,0.11107672243076368
0.06463386386944824,0.15081710857311248,0.05367949924980431,0.05060185100860259,0.050807905057523146,0.2773218270747191,0.11275288930354706,0.12630401340598033,0.11308104245726275
0.20276144482252242,0.10809742571568053,0.052774099694610145,0.10939809141213443,0.07624346615870593,0.094242831403911,0.10971745551322577,0.11929925196910761,0.12746593331010217
0.17557307621027773,0.10714526263412753,0.01879416614756697,0.06108418923385736,0.05306916414213061,0.22841749077038678,0.10118906935856936,0.12494522520219155,0.12978235630089205
0.10509562699205645,0.1506652481112152,0.13254220872148267,0.1402639039776321,0.12871574674854155,0.06851590552976898,0.10623560268163691,0.09668983825786504,0.07127591897980107
0.1285397285517561,0.09504959631364479,0.19619481420421314,0.0635621346021796,0.19369280308181017,0.0609721008243756,0.09518509273833524,0.09658327273440807,0.07022045694927721
0.18563915589058566,0.13452931334547716,0.03608945377250849,0.09245108466300662,0.06636346602747163,0.07748839870771478,0.1339043904649407,0.12546563884531853,0.14806909828297646
0.10283079003308364,0.12662905672887664,0.09969231230679394,0.05670840449090889,0.13802623454321952,0.15549379616694278,0.12644994196128354,0.10827965541815952,0.08588980835073151
0.09946096693096908,0.14808164943273397,0.030884989629492262,0.1275803280075519,0.11818287589200727,0.12548482534060967,0.14489439974667204,0.1024088844528055,0.10302108056715836
0.13849179210680224,0.1305925484904458,0.013613355412895245,0.06549535236907826,0.12357106644974862,0.08003539622573545,0.13668301938349234,0.14803206284670964,0.1634854067150924
0.11283580037031234,0.12365797682630564,0.1717350767200254,0.09708578510693566,0.1474234825797807,0.049900227138526355,0.11778035993732709,0.12035819178858587,0.059223099532200896
0.2419596071026419,0.10506074920904386,0.13204252814458517,0.09703378403709784,0.06651726843827681,0.0482486057172842,0.12140412748217826,0.12080426939130658,0.06692906047758537
0.09678618226335937,0.1556561895915466,0.027953090518938493,0.11067362846102859,0.12619324208701313,0.08970570909087255,0.1429717036058706,0.13107121303716993,0.11898904134420078
0.029249435348160293,0.08132256741118969,0.40298524422277765,0.16783503218974716,0.04802564210927752,0.07482083866140203,0.08090224022854373,0.06670897222037059,0.04815002760853138
0.060858103081130245,0.0950936381975902,0.1187102980831134,0.1500695927282996,0.17626996399209557,0.11693033183817174,0.1042849517637895,0.09779758531052811,0.07998553500528173
0.25864915910820263,0.07423483285496382,0.09316239619632538,0.18157445545763887,0.042206118721106134,0.09443640923377335,0.0948988162531675,0.08060793263233441,0.0802298795424879
0.13469647532772286,0.14473814949436437,0.06034895067089219,0.10950077128927016,0.08551256652226909,0.07399449147015776,0.125583074314357,0.14371048452502752,0.1219150363859391
0.194774870444256,0.14414093844313067,0.02175870865625743,0.10313647180804673,0.08561891929875853,0.0833000694901304,0.15196173739228533,0.13884997283326586,0.0764583116338691
0.1825100487039996,0.12311064135487755,0.022549395457717208,0.127214924340826,0.07435548660274181,0.06142397905803585,0.18042550898088675,0.15949866316488695,0.0689113523360284
0.14943349525239727,0.12781408069202846,0.03481657097324937,0.09161753527369655,0.09730307163937024,0.14282826176262362,0.1314234931713193,0.13594973056419346,0.08881376067112169
0.09305313753616257,0.12418281141519716,0.13871380226843502,0.09364934641027252,0.06444436430634524,0.1599291170465562,0.11260836133723721,0.12739573760912373,0.08602332207067022
0.06367255136467644,0.14523310595595448,0.053110961008566715,0.13009213532962025,0.07583026231674199,0.10668347012908273,0.1384186659671671,0.12482698980422531,0.16213185812396505
0.04443231402870466,0.07255533602425344,0.4805278517150911,0.11168737919771282,0.040255186047909265,0.03237521212259014,0.09463575493525701,0.07332622096286058,0.050204744965620975
0.08513006289068235,0.14474579061572027,0.03794257125137547,0.05663945759605843,0.04382505450292042,0.26973952837941023,0.12009058609804583,0.12323031071437036,0.11865663795141672
0.07281305147661132,0.1191308048756794,0.12479953891311675,0.15115217457916041,0.07445574556634528,0.1611739275665067,0.09780261338393657,0.10952348225956422,0.0891486613790794
0.09800855586631668,0.11351696833323476,0.022026016370430297,0.14860427626521314,0.17105356658444446,0.0980324034588082,0.1401292023715732,0.11240997014132632,0.09621904060865305
0.18233522974983318,0.11198886566213866,0.07644400093850652,0.18811736805343862,0.06316386212001611,0.0500507715285089,0.09885696586448478,0.1329552315754717,0.09608770450760161
0.17042824904777953,0.11002665077319064,0.07964423838288785,0.12348716239558304,0.09598509536410994,0.0718078151841835,0.13408706271679463,0.11795565603773539,0.09657807009773556
0.20530026599184018,0.08961216898881097,0.04210682227552954,0.08403975195365833,0.23359153680150005,0.07919534796002779,0.09463263142938953,0.08718825193492301,0.08433322266432064
0.1793575012197498,0.11745374896706062,0.011382363779108598,0.15318795654469458,0.12909292930053676,0.034873388096742314,0.1356471703860633,0.1369442965441542,0.10206064516188984
0.12236446558973796,0.13247291162588906,0.047266506908811325,0.06685926066302995,0.08503814922829352,0.15960558105646055,0.12219711971069915,0.12599685655616963,0.1381991486609088
0.09410330891412859,0.155000546512036,0.012944171810017965,0.09323752345790619,0.14175589658173637,0.10635058967322508,0.11431577507949696,0.14997149672804044,0.13232069124341242
0.16445420664505875,0.11974933800025354,0.19725546794815405,0.07343645161329479,0.08165854155629566,0.0454179268409094,0.112403922760542,0.11845875099521297,0.08716539364027893
0.23905803821859364,0.0907236138099406,0.04217448921419965,0.09899347703974966,0.06182395235055684,0.08275524729634005,0.10914577494034856,0.10956851647728814,0.1657568906529828
0.09090819100146715,0.15630894821251884,0.04480708113482065,0.0506254357555073,0.07202180590017682,0.19941465478663298,0.13591402445289388,0.12020984438437188,0.1297900143716105
0.0899070157785774,0.08703871836638137,0.41576932567307473,0.08402112722269948,0.055910369500522784,0.03723538538248258,0.08744976556779434,0.08478781958905203,0.05788047291941519
0.06917004695417436,0.07746175873521254,0.3882610103190382,0.04473997056871274,0.09489933482130662,0.11973714413305127,0.077567592117557,0.06903751606127788,0.05912562628966941
0.11180916585852237,0.13260258597311167,0.027247216571274283,0.10654146533592264,0.05658927628059065,0.159697119392867,0.12670159848291596,0.1303902012143894,0.14842137089040608
0.07280826053974761,0.0718963670502409,0.4264048536634892,0.11143443758028777,0.07214416624814925,0.02521227718565951,0.0776867367820694,0.08789636170566306,0.05451653924469337
0.07572168062396094,0.1419347519516377,0.04804623304919145,0.1036446148617573,0.10498281547552381,0.13481389015765224,0.13276883847712015,0.12580078337793676,0.13228639202521966
0.11057865412169675,0.10895500112270484,0.09124964887818228,0.2146763125110512,0.0707778821544227,0.06506860131396942,0.12479387792244949,0.11217441043967491,0.10172561153584841
0.10845586334781472,0.11609875094487206,0.05501080291607061,0.10216074679443672,0.11437497505645101,0.15689192404078534,0.11968047284065815,0.10140376561791721,0.12592269844099407
0.04722337270991351,0.10768856412876336,0.19492759224482412,0.23726709910498742,0.06678746414067092,0.03371705147149625,0.12768287249559537,0.10809623598325187,0.0766097477204972
0.03216925757545151,0.07474004586056467,0.31844297038678393,0.15338137563290002,0.08091495533705534,0.16503848672850385,0.06342766493809125,0.0565463023191766,0.05533894122147276
0.19344317303664313,0.10858566388511953,0.04613676941360354,0.09201077748149962,0.10443614911601558,0.18608783385578873,0.129546486228897,0.07423333101383359,0.06551981596859922
0.043218120371378205,0.09559347796260192,0.1201231150755911,0.35346438923050877,0.0429572558686403,0.08696809537145038,0.1012378933421078,0.0918264910619281,0.06461116171579347
0.25857623716806805,0.11167111164047416,0.0371069648244045,0.07822367328656403,0.05299942286310492,0.12938612957566628,0.11310954618828502,0.11857075924222889,0.10035615521120417
0.1615844030252426,0.15562992862354078,0.05813810442413073,0.07519511258268181,0.119375582249599,0.09706125466463868,0.12023698063925155,0.137473733402927,0.07530490038798782
0.05151227406980277,0.076677716550753,0.3119793035116652,0.2114654761482375,0.03848667977717899,0.03302267377546759,0.11507338186391054,0.09388402747840151,0.06789846682458288
0.09271416158025003,0.1018183711913393,0.2933637399462685,0.07790589911937472,0.10247270508274575,0.07331488699579806,0.1122134007108268,0.090288491960274,0.055908343413122875
0.1376835852203596,0.09059824676185922,0.08974809489410508,0.1579216848066265,0.09710962664393501,0.10656908646832126,0.13430425915478747,0.10812272342761602,0.0779426926223899
0.12381841573130252,0.14043408921773734,0.02761442885979008,0.061441098814738894,0.061501601156149575,0.14806472312294694,0.12373430941999368,0.13898785400326746,0.17440347967407352
0.08421412458623333,0.10122144016214374,0.013502486319180662,0.2244183165178465,0.10296351383751275,0.09246212424833972,0.16470579653195092,0.10884609300581317,0.1076661047909792
0.10000733001887789,0.11982179429150284,0.07175228983052666,0.07845401626488939,0.1118641918912769,0.19868702724563733,0.13747843668641077,0.10660404291717324,0.07533087085370499
0.04992784542391685,0.09824490101765203,0.2679002127363744,0.07938991028265728,0.11373104790184896,0.1884244971739649,0.07415928288232648,0.07699427805559045,0.05122802452566869
0.08666817274057585,0.1311698705160235,0.035913000144484064,0.06714030359949474,0.10079456837157841,0.0796475536329906,0.1466448248610154,0.12206136823599391,0.2299603378978435
0.24717833512281442,0.12325145906703312,0.0863430154569829,0.06786907344876779,0.11143591152016263,0.07783255475590932,0.09601388836867131,0.10889515771303813,0.08118060454662034
0.21033559972231938,0.09443933017647739,0.021749795268486503,0.05602702105254176,0.14838485417710565,0.15674033804473034,0.0884698598176462,0.09683565964504799,0.12701754209564478
0.08802123035457676,0.10423421002415761,0.26533609507550526,0.10085847932481502,0.09394474391940168,0.025482341855558407,0.13033564592942778,0.1190821455585473,0.07270510795801012
0.09680870511533557,0.12551762534382196,0.03468472477318422,0.08854797691520878,0.26415597522517625,0.11266021806898135,0.08860663409332808,0.11705503472194878,0.07196310574301494
0.17139330438075825,0.09778103192122285,0.06691841414079125,0.12312287285740399,0.10477220967545964,0.1381937702515201,0.10293526427794973,0.11328423865403807,0.08159889384085617
0.15013956444137208,0.13191971790392207,0.030166159164883743,0.06328310796984742,0.11091840324350595,0.13568764280129517,0.13041835905489393,0.1248913414778975,0.12257570394238215
0.03685811073791821,0.11174104360207833,0.3233713855169549,0.13013239253830464,0.04885386840981367,0.05654473433329804,0.12155280427807581,0.09945217738724103,0.07149348319631534
0.05211514887540434,0.06877193897757147,0.5489858512622793,0.046599861620390266,0.03996195369465393,0.03518838934433673,0.09450309073268559,0.06979544129323408,0.04407832419944432
0.035903602656203105,0.08502277749257293,0.3742685875568586,0.1393926216936354,0.0525304385721348,0.11902349379659442,0.07094699763335614,0.0756202070218536,0.04729127357679099
0.22835667434366214,0.13524959356208066,0.03999654715184169,0.09046707553589699,0.06079979708820671,0.09060163107680974,0.12231472360216981,0.12895480070594545,0.10325915693338683
0.10942520150394396,0.11394364005284763,0.07320380691026597,0.18146235679562736,0.10313781966225577,0.07816577617366909,0.1336910681275885,0.10581721177048138,0.10115311900332045
0.07164798632897686,0.10308333306454691,0.20026150060362755,0.08377865258463524,0.09571512277302478,0.16268959633113975,0.1200854027525838,0.0963630677454858,0.06637533781597939
0.06813591721198044,0.08227924897813811,0.18446145104752312,0.1758910325319889,0.06647335420334417,0.1581783544228885,0.09528031979613726,0.08856880361016617,0.08073151819783338
0.0959017535700235,0.09832079227197112,0.21221823310825835,0.07777237226839855,0.09939686083275429,0.16033952341943422,0.10786386020257466,0.08663872285996253,0.06154788146662287
0.25742436607984476,0.10691651050406943,0.04606325182178723,0.08895344711504542,0.10724621435294741,0.08484977688288121,0.12248198543465372,0.10547184057257851,0.08059260723619233
0.24634748004511695,0.11694652448370513,0.05664903587324479,0.0683148610757318,0.1062196956730078,0.049080521027022296,0.10977876900055143,0.14527590989851802,0.10138720292310177
0.22012730194297334,0.07667477047407974,0.15381814496543766,0.17284989134072515,0.031365277050531354,0.07715523437541548,0.11226502198467181,0.07724995383654891,0.0784944040296166
0.07221584611842795,0.14520191959997375,0.07715299064089044,0.045518074240428384,0.04486163226530018,0.2518426216915312,0.11688890536946829,0.10433614955370425,0.14198186052027548
0.049729203331803674,0.11267280246783784,0.07754123369603821,0.25056011874264783,0.13090361308677348,0.11538402842069762,0.09855347499568877,0.10245713447048028,0.06219839078803229
0.14177252592350773,0.10435792006383167,0.09451275509886854,0.21903483397376985,0.06806165524272106,0.03755619261221687,0.11741115668748937,0.1338586491319811,0.08343431126561378
0.14512135100092427,0.13514426997841342,0.019952535701795934,0.14566114203695654,0.06765909276579414,0.10616774539267117,0.12731712282642973,0.14132908828109073,0.11164765201592401
0.06302241579111441,0.09762285324462287,0.07050783027379569,0.09660495648786262,0.1937831367250685,0.19697826225482018,0.09305734906406186,0.09993728196070105,0.08848591419795288
0.07219223760115014,0.10925408642300037,0.09901761523711759,0.14638685152710476,0.20724553588392314,0.07692408361312188,0.10411540002537802,0.09327094761275367,0.09159324207645048
0.20789355492493575,0.11454114138352665,0.018963847509061334,0.057401368591302314,0.10388359785987426,0.15950328549347692,0.0931304777377809,0.12701089663490608,0.1176718298651358
0.13359460074926996,0.14780824819121566,0.019982764899674505,0.0969781338418399,0.13980288605057586,0.09432668282419632,0.12893321852995673,0.12626627776211016,0.11230718715116095
0.12108070025714968,0.10176523786811044,0.08299670073638137,0.14129066700201984,0.10823247919472795,0.14808521350228812,0.10386979638263721,0.09123865718491257,0.10144054787177288
0.13332891858193852,0.11609501198509975,0.039374593805720136,0.0644595405766245,0.0726527410829625,0.1771126877171907,0.13063304945247065,0.1140014921154579,0.1523419646825353
0.0839981839688652,0.10296715755169539,0.032925203069677965,0.21219012747488566,0.18625169800926522,0.06219897465672646,0.13113425265343825,0.09573712357786272,0.09259727903758312
0.2659066780016555,0.07437425785196305,0.09266187175356899,0.1296478090495776,0.047528017566244495,0.17530762769447042,0.09453505329199063,0.0702644640561466,0.0497742207343827
0.025779347960363862,0.10273420410877047,0.24923687139611927,0.13507332242496342,0.09706490071752132,0.14399350046817938,0.09333875218477505,0.08716523634571625,0.06561386439359086
0.05040869383361343,0.08113004662754686,0.3041685962593011,0.13699609200863014,0.125105828769304,0.09112147557894912,0.07166541328922209,0.07591565231330766,0.06348820132012561
0.0660564253397787,0.15227624498114914,0.07791800906085533,0.10359590738694814,0.1665226034359257,0.07039817599470449,0.11670846055757518,0.1565057646344026,0.09001840860866066
0.2593625924284802,0.09889426405958013,0.032843692685700865,0.0973529511067364,0.154886888791357,0.06809553357116248,0.10268192025422151,0.1079845360186455,0.07789762108411591
0.06519359721306288,0.100260421044091,0.3242333632576652,0.09786884101833597,0.11294941880443103,0.049400728153865335,0.10852729874950003,0.08479166332525902,0.05677466843378954
0.18945493398957516,0.11159768294802341,0.03371354274782204,0.10066394336453982,0.06562390411932388,0.15141196001706042,0.11470884371610812,0.11910528597010607,0.11371990312744107
0.16243125388099844,0.10704106247534141,0.18063812161700377,0.0793379553833443,0.12792849769385206,0.0876894228542301,0.09752406258147571,0.10004979248092565,0.05735983103282851
0.16219704919961905,0.11537530773572591,0.008662066591279651,0.058930352083020644,0.22893406487965098,0.030852359742907415,0.12244185739636353,0.13751678018057695,0.13509016219085593
0.10941816314786475,0.11282223804009012,0.06870792912651476,0.24515082268484126,0.08240564768801989,0.059640401693726385,0.13701864896256233,0.1071442123384106,0.07769193631796983
0.09951064324761882,0.07285971585024988,0.4797120084194482,0.045012816189127856,0.042626152113904366,0.041862956996824775,0.08489380054841549,0.08124800125524965,0.0522739053791608
0.04311251162082075,0.06825903092968257,0.3541401584914694,0.12474915969935078,0.09532681143158406,0.1361708416801772,0.05878156582318392,0.0692737301170402,0.05018619020669105
0.11112405633555755,0.10956628412848647,0.053888658621410984,0.08269947719500682,0.11501976014206966,0.20784476021550155,0.10677218085296568,0.10172295794606007,0.11136186456294117
0.043737526369079884,0.07908839020753619,0.4034771610989463,0.1450204008979434,0.03601819799134977,0.04861203240617811,0.11204816166178522,0.08069739584852392,0.05130073351865715
0.15340607968935213,0.08248377324643476,0.07640627669298523,0.1589015236388578,0.1977074315675759,0.10000731860956692,0.08789652636777502,0.07671520408767922,0.06647586609977306
0.06555448013662242,0.12406750501289526,0.236351878790615,0.12320173389461604,0.07279610260638582,0.08219472763594161,0.12499230860925266,0.1010396813249355,0.06980158198873564
0.18273962163408553,0.1308819886346931,0.06186239543221831,0.08135262229571193,0.15146704817775983,0.07422915051029205,0.10210611808238838,0.12825502096043534,0.08710603427241546
0.10161907444085243,0.12455329638565711,0.059520337619427995,0.07571920525708806,0.09135985922571133,0.18810689512582981,0.1650074875927309,0.09901709919928588,0.09509674515341648
0.10914638171753943,0.12023328314305619,0.054996701507712575,0.1989899593653476,0.07513838229702147,0.08729705824552636,0.14032846767125706,0.12176799200090839,0.09210177405163085
0.02566010039225293,0.07068324078620102,0.41754136537238756,0.20762253990080945,0.03869910677569253,0.061257125838841464,0.08263883653590802,0.05543197515167677,0.04046570924623038
0.11755817178852156,0.08217917256045379,0.2311643451436477,0.156735023806003,0.04334560446224953,0.10547949249095889,0.1298215347817617,0.08444983625824361,0.04926681870816022
0.06814230735107246,0.08864028054343798,0.3619684204450615,0.08530961369666878,0.07293766809714926,0.08109102155318781,0.0828956215741534,0.093844409137403,0.06517065760186586
0.15995581306986348,0.10016171813029358,0.14612138675490396,0.050925008393433335,0.26267587762177885,0.06148625760243868,0.07241374025432624,0.09222476821183688,0.05403542996112496
0.09235203863681529,0.13355100261872707,0.08144284788318511,0.060314630460927686,0.03763892645436087,0.26695046969927483,0.10653234590914425,0.12212686236608472,0.09909087597148013
0.08131409387225062,0.10034549818309042,0.04501344045466996,0.24975313565112925,0.12073858429902723,0.14235218860479557,0.12683950707537167,0.07316733158789324,0.06047622027177213
0.08129502378080532,0.10797592434332175,0.25491150749201136,0.1130877222606656,0.09666604805188377,0.057655069970922214,0.12081033156635623,0.0967956228529514,0.07080274968108231
0.1383549435956307,0.10894386818138552,0.03016928607968042,0.13134018339181652,0.11052408485710302,0.11027689763228089,0.12185657062786792,0.11456624488087647,0.1339679207533586
