0.07820834933360826,0.10767037547852826,0.06690934047537546,0.13830294982258032,0.09596610642058855,0.11922044531751697,0.12710708335535656,0.1939406740430897,0.07267467575335596
0.10069515727720513,0.07031239901829868,0.13085374017934212,0.16019350533247526,0.11367245714002754,0.11724260386336838,0.08806192149731035,0.12112089248538742,0.09784732320658511
0.08257099342315011,0.1400003696658965,0.3006379594986906,0.13370098035849873,0.12340083783101378,0.045253238494174064,0.06816129150427815,0.029587475047126725,0.07668685417717132
0.06746560742455948,0.111110686402714,0.23615770897704166,0.07325124068700833,0.11554478489026741,0.06899291443317015,0.07705381623093012,0.18846955222814524,0.061953688726163504
0.11853368437059308,0.06635350025854364,0.31414686065517855,0.15963550072889754,0.08330549367623796,0.08080632625666961,0.07792911248778597,0.05022757351208079,0.04906194805401276
0.08194364362417875,0.13330021713840612,0.3368730349134262,0.07716107958128389,0.09444687646978579,0.08966498873590588,0.06500136415650233,0.034313386308205296,0.08729540907230576
0.132295595163714,0.18269973728777297,0.044401196171096564,0.08344823463254596,0.11442811155037087,0.06611102295440026,0.14461322919614464,0.0610686569269146,0.17093421611704004
0.09523452470482707,0.1274143290939959,0.29808701686192035,0.14937337399635933,0.09849761645506318,0.06854760436371675,0.07981902770622985,0.026939471581221012,0.05608703523666656
0.16494726656877146,0.07354016813450893,0.2658038096880641,0.053109705904768774,0.0977293713421497,0.04871155054096504,0.086609682009125,0.03155672205859652,0.17799172375305042
0.09619989171610248,0.1437741363824098,0.17708533921426792,0.06251882991949333,0.10426110604625538,0.0731682095140337,0.1233409469188923,0.051715608777813914,0.16793593151073116
0.059537330370689555,0.13864512617682515,0.07082377820247536,0.09418052748231,0.10133388417184079,0.08919886221005041,0.13450706186129452,0.21393489960858916,0.09783852991592513
0.08806633847093855,0.1868650367071476,0.1500220452419592,0.09237664777944728,0.10430921012433976,0.08527099734769115,0.09516481210553225,0.13635586151689008,0.06156905070605415
0.09417385322297378,0.16177450249555989,0.08304039171222583,0.15571788241222814,0.11791673379108436,0.08895406326426214,0.1116422589708987,0.05787346804403049,0.1289068460867366
0.13900731430093258,0.09108955151350069,0.010289223877561336,0.06982464476974753,0.09423284447748588,0.0412707818078272,0.08321534153678475,0.41719426945187127,0.053876028264288695
0.050057213156779724,0.24032963851665837,0.03706828003449672,0.06092274135600969,0.10398337093313743,0.07775991030364036,0.1483191506029021,0.13808193850459086,0.14347775659178477
0.09713176105914045,0.13561230936167956,0.22707874071138748,0.0765460789891832,0.1003225684899783,0.0873594504832476,0.11420493464316277,0.08415944921269818,0.07758470704952247
0.14951320298767146,0.10459284563420242,0.06347218232120806,0.09123830900327778,0.13071466178394275,0.14792934512875702,0.09163209870248283,0.09305086090629928,0.1278564935321584
0.11278051517614851,0.0738660380169489,0.12299638197822867,0.07655198214529967,0.1357804695271132,0.10842389489895406,0.09005242169624493,0.15147350821836725,0.12807478834269484
0.1251679463157526,0.12799973392077704,0.021133814649794917,0.05191923232509716,0.12457286819708253,0.2295879678952225,0.0793002265443396,0.15308464658659707,0.08723356356533658
0.11206813995180818,0.07590237238835389,0.34929413126193304,0.06494490228577261,0.09400404333532626,0.057047068825221835,0.08238896148926839,0.10172557483170486,0.06262480563061101
0.10480097940272237,0.1948468128507657,0.2592118345893116,0.08371009029203803,0.10908919213146706,0.04970364505058072,0.08670990456601846,0.048596990384223604,0.06333055073287253
0.05894968394448835,0.134343806147504,0.030014691637030865,0.07920640699145355,0.12429418229017336,0.10525015971580105,0.0808554619233603,0.2692332198449716,0.11785238750521694
0.07363791016898062,0.07933300773203195,0.05108972243358791,0.2513971595307795,0.14089579187254683,0.12189163412175898,0.12071351064745184,0.07849273151361853,0.08254853197924374
0.24309701075891363,0.08319910149370124,0.017413176296583507,0.16466725646016275,0.1013531705490374,0.1667100875474952,0.10466361016935381,0.03952008681206857,0.07937649991268382
0.02846213649159288,0.08445798241800861,0.2724003629713645,0.09032653917111495,0.11198443309259469,0.06567019219617928,0.06488650242960778,0.19833120776884447,0.0834806434606929
0.0271629057342505,0.13951216712901934,0.27774308611999593,0.053745249284985634,0.08656297796986871,0.17711997259226323,0.0722358313681239,0.03153490118066914,0.13438290862082367
0.07683988323836466,0.07532754550586492,0.06186919128058318,0.059949697345029786,0.0979271202114212,0.09232283860037427,0.09817150609276061,0.360637609289647,0.07695460843595436
0.09286145552142211,0.0672048793063792,0.30117749324291404,0.05111345674751755,0.10599809704426792,0.10912744712258245,0.0846450088281187,0.09809242671631084,0.08977973547048718
0.07086455935669862,0.07304667183903822,0.31581394136240304,0.09412998567128077,0.10511415651804934,0.08285110429649266,0.08695468878393148,0.10577740588378554,0.06544748628832041
0.14930892051084046,0.11431575554181732,0.0518049150681108,0.1063598325462614,0.12135589420452886,0.17038494372376148,0.1324217037109404,0.05021135516827499,0.10383667952546426
0.07983823141986247,0.10417958509828511,0.15440466700518898,0.28184573855746153,0.09724532299293416,0.10812785555887706,0.0823830070640731,0.047505140861985616,0.04447045144133192
0.09697265641399093,0.11576172757850878,0.07229812919856198,0.06433109907302434,0.10656026245636353,0.12321973510053554,0.11641031597754699,0.1990701547804563,0.10537591942101171
0.07503105611822851,0.08275922570195197,0.3184540091477502,0.09378177114564355,0.09682182793186743,0.0911771776719923,0.07834717157055737,0.10576610331704711,0.05786165739496146
0.05191763668218468,0.1231078489731058,0.1464849334463515,0.11536962750935037,0.1154290943264656,0.11013608634485535,0.1213228748357239,0.10839561370718587,0.10783628417477692
0.10518693364774791,0.17822745837087461,0.04885141231209522,0.17631588919808674,0.11722492699685226,0.0583007335182656,0.14185112380212134,0.06238232556846782,0.11165919658548844
0.1450158742003773,0.09857792401709947,0.02692716269714009,0.11702801236263832,0.10793848428934398,0.14305136463113907,0.17241343139147328,0.11555603801796399,0.07349170839282453
0.06993227703537198,0.16549778719300204,0.12922035470798812,0.09125183059014354,0.12947534480815123,0.16986979026087334,0.07855798993287587,0.06441087994961968,0.10178374552197426
0.05023709257862199,0.0673482108019902,0.11424676920371578,0.23641657134103589,0.11711082248354095,0.08309634888825997,0.11912765254007324,0.1354853577239766,0.07693117443878539
0.06259335058601731,0.12114562319250026,0.08467957680574735,0.09649534211446635,0.1156021410494749,0.17294207094017333,0.08356577380517059,0.06704189083566962,0.19593423067078033
0.06438197338167473,0.1683910425724764,0.10832512423594953,0.14949810415205,0.1473009184469869,0.09919805730925628,0.11437867180651246,0.0887213138945852,0.059804794200508514
0.2757696632819073,0.05132444854693069,0.1814833093485624,0.17185554036895803,0.07696531452562906,0.06321982658349301,0.09846394632699385,0.030185232480939572,0.050732718536586056
0.03785563598021244,0.2018687445755829,0.18431583949487249,0.09112498719449892,0.10020682835357046,0.08455946613484071,0.10946598838033429,0.12307630197109594,0.06752620791499193
0.10351401868411454,0.17338227963023733,0.05283509374425075,0.10286025988100607,0.07627047162378721,0.0984236790004887,0.18434984028157317,0.07682075894479314,0.13154359820974915
0.16094677731960538,0.10353874704877208,0.03919201331106476,0.04906038752135572,0.10138558841972456,0.08561116390119593,0.10223280966255231,0.23829502263485117,0.11973749018087808
0.06190019048385325,0.1016390784232105,0.13621144718703707,0.14869145329913958,0.10215027550198512,0.07089568114248147,0.09649858618763651,0.21145284709483106,0.07056044067982546
0.0291657523994172,0.12315016508479748,0.4861106009283213,0.03618444271293433,0.07588239213163345,0.07346365336576313,0.08427601900506855,0.05318618708983746,0.03858078728222707
0.08850002889620856,0.11207867977398399,0.23241739216139443,0.0674388421571077,0.12149419434992625,0.12868135351429713,0.0884867439499802,0.048835016746939686,0.11206774845016206
0.03347593173713229,0.11247477519282527,0.2334629657372819,0.13203453974970314,0.10875368963142547,0.046056718936016705,0.08482954885199218,0.08819201428830999,0.16071981587531314
0.12234100003053677,0.14886635827207026,0.006169057491075307,0.08574165876534708,0.08777314614261889,0.09397152327213038,0.11315213872895723,0.21353571945371072,0.12844939784355341
0.05273309980537746,0.11594919342827292,0.12072494529819099,0.09220646209824152,0.1154224954238422,0.1170305213423115,0.14205116114532823,0.10691190499512089,0.13697021646331434
0.1516662334452594,0.07767764008811269,0.029691217729700816,0.12168436629910902,0.08942944909647223,0.05655945228434887,0.14542382313025917,0.21967243379328816,0.1081953841334496
0.08123504627593645,0.13688710991510714,0.037997488487005696,0.0946712970241337,0.09473366043781045,0.094089856303695,0.1358171148504248,0.23099622162770853,0.0935722050781782
0.10423406251929164,0.1877248355414074,0.022919840865644022,0.12996140577185913,0.13058484633879056,0.06597002365725253,0.08644573062028975,0.1575560717963319,0.11460318288913303
0.032923348230896037,0.10775104141600607,0.049828245875300416,0.14207092761628973,0.08129562856147839,0.06371258382991722,0.11563563784697416,0.3015443468770819,0.1052382397460561
0.04659799388658905,0.16881883439041023,0.10572585403680738,0.12720508661208849,0.11396080716124991,0.10753114817428029,0.10722529576375399,0.13300372542125086,0.0899312545535698
0.19226570046670288,0.1779014255687504,0.01761539397035278,0.20015330795653227,0.10360354644880276,0.06250403033805611,0.09697727510232294,0.05190988145434459,0.09706943869413537
0.1476965124991897,0.10148344631325627,0.08217779647455194,0.11427589169496764,0.09238601678354126,0.08142231844014418,0.1220082830910913,0.15740414351695578,0.10114559118630184
0.03220676684588166,0.0650778749350829,0.2553276861939742,0.06441063961269682,0.09654338976568087,0.18560249290115002,0.0867572486063754,0.07676389057817445,0.13731001056098371
0.27596895681492,0.06838069699074274,0.04153986289843383,0.22902653253465646,0.09891041094510335,0.04711600772626049,0.08459575195666909,0.08565177774721038,0.06881000238600363
0.0439531374515448,0.09198413757920222,0.05030710745520251,0.16487848401966676,0.10625421000712339,0.13384671160247572,0.09970382583131669,0.19030818940015906,0.11876419665330877
0.16723105583078904,0.14718243311941206,0.04876887792470985,0.05277902788480152,0.10464214671208137,0.07411965568269013,0.08914932858869484,0.2578448618027886,0.05828261245403263
0.07576690294359234,0.13867214199359326,0.10981721743426702,0.11156423365707997,0.1253862168985198,0.16323446217012996,0.13109014437078428,0.05272039439484997,0.09174828613718337
0.05982321442568523,0.07193792885394573,0.09284707740318195,0.057520699656683806,0.10826151068589529,0.0953253366818738,0.07827784636156052,0.35908412084064945,0.0769222650905242
0.08147647363938883,0.07088423832420161,0.3660545302221933,0.04046510652817235,0.08321389401026576,0.11308913352073358,0.07014319556080513,0.12440415045681547,0.05026927773742398
0.0795792231954076,0.14658527870056273,0.15575629109606792,0.1437546763599554,0.10144196080699615,0.10286211413079072,0.10464007343678249,0.10597002849825492,0.05941035377518212
0.0732600229360665,0.09352147928332301,0.42433624736052944,0.03760334691814885,0.10621885979906472,0.045572173328165634,0.06065321691731587,0.06271754503708186,0.09611710842030412
0.12484335233017436,0.09267926537484072,0.0080986385682289,0.031003291848282932,0.09045625913822959,0.1037237274163529,0.05854513994625482,0.43214063432203553,0.0585096910556003
0.07824881813974074,0.0952056621825027,0.11505530293112194,0.13421940246717132,0.11283214767046,0.11816006075984874,0.14482981465579364,0.11111606412938241,0.09033272706397849
0.08316353029519082,0.11636992850008517,0.17530891498625256,0.21485948692144008,0.09024409318613741,0.03857441828237785,0.15000587737803442,0.05950450638907843,0.07196924406140336
0.23840678608749277,0.08658822601549306,0.031952474284068326,0.14924808136090623,0.11109493432156765,0.12949350792555162,0.0980192506760408,0.061301957812608575,0.09389478151627091
0.07472694743420581,0.10055834035180677,0.35279829931780027,0.052084023556869814,0.09143478113178331,0.05217355430633835,0.1052953699500964,0.05116690120238173,0.11976178274871745
0.11837149670936818,0.1886810780714461,0.050338682286319,0.11353146264724544,0.11514025025849868,0.118000746381598,0.10021413756268704,0.05801260334015366,0.13770954274268393
0.2284718616602619,0.11697911282632521,0.013526704069412155,0.07014344665302606,0.10639882679352668,0.10363219668134586,0.08583767983260204,0.19416296345422634,0.08084720802927368
0.04306723238732186,0.11236151799553266,0.030088067507758387,0.12553866341550804,0.0994260146671539,0.1867468597945443,0.11245859880347797,0.11874576690154372,0.17156727852715914
0.15115084185785618,0.16394411298861875,0.011487377468052618,0.12456010884370472,0.09280597597812527,0.09375004543338644,0.10590814042376011,0.05567225632867442,0.20072114067782146
0.11246442800414053,0.0895897907122547,0.019475383997602774,0.06444510364160783,0.08584594342636594,0.07281214503949046,0.09607397824356333,0.39076702927123624,0.0685261976637382
0.05639267457071657,0.11951465067803846,0.172261061216708,0.05626405572198908,0.08804312373182101,0.1408848417257821,0.09972988874818423,0.11608437358256468,0.15082533002419593
0.0669022295000791,0.09048538240323385,0.2412974219547315,0.10121413896540025,0.1244192792155684,0.04424076986937717,0.12401665195574833,0.09828187448507253,0.10914225165078877
0.1269805087144905,0.07132317097835152,0.14650213098015627,0.15747768989334834,0.12857578997020988,0.06416187918071183,0.08237807721305597,0.13674551023557785,0.08585524283409789
0.07029634795404845,0.16216665323959337,0.2137944326914032,0.1022667606555927,0.10048620049200746,0.08548392406059319,0.12122093905298288,0.09451860394959806,0.04976613790418064
0.1386344555584148,0.0810353542416995,0.26622971598840894,0.05560352069181932,0.10044256155000213,0.05083478275959639,0.08916660582167722,0.034088818435771905,0.1839641849526098
0.03558895907014606,0.0620581846940343,0.46541169062570414,0.07586662682232717,0.08417419326211283,0.058139753508844934,0.06862273100038012,0.054357424404527586,0.09578043661192281
0.10996406212553679,0.09065924247709294,0.12879201731014603,0.09568324987887772,0.127876295006629,0.15199574680728883,0.08724863265774076,0.08925085299192903,0.11852990074475887
0.15756213769011698,0.11970335320153147,0.08280726534703751,0.05360024339755894,0.11364631109759259,0.0738257137087625,0.12347357100492064,0.15907721806762878,0.11630418648485058
0.03261642290615143,0.10843381643332438,0.37890651317874213,0.1473638550346246,0.09956992525410474,0.0455887862469459,0.09876320625438084,0.024196293598371613,0.06456118109335436
0.06335503024558199,0.15742123902988595,0.2563534929558804,0.10993806041567704,0.08892856202271117,0.1365916281092012,0.09960847156511947,0.027889043691086524,0.059914471964856296
0.06280109667938301,0.10722320780537287,0.2826010616881854,0.0682730515251675,0.08588412435926158,0.09088768639513674,0.11187950282964194,0.14787600285201033,0.04257426586584059
0.03712904219708645,0.0942338313047844,0.3095689076945724,0.07231264772646706,0.0690623872320963,0.04327891875226262,0.12334225187758525,0.16158378882704907,0.08948822438809641
0.06321693096418901,0.10819166441759,0.26483637838781005,0.05290132324364109,0.10120197989997948,0.0888161176568309,0.08101244014979625,0.16796499999761708,0.07185816528254614
0.09239101489772227,0.09156497199998435,0.07877745596995199,0.20532173181857452,0.10779389959979051,0.10053864540405222,0.17163466871263441,0.06294435941437031,0.08903325218291946
0.10798355346344128,0.14909926318513192,0.18860592046747313,0.11967179517671812,0.10720542926845637,0.07336602163931841,0.10847272010366782,0.08148490531729667,0.06411039137849629
0.06473226038793012,0.19663861458734608,0.15071081455902346,0.07267657906017848,0.14394797644304566,0.08551590181379659,0.0962391037966609,0.08746113588124194,0.10207761347077682
0.0874546364066928,0.06580194156772594,0.3603444535076983,0.03632663277699665,0.08335774221721078,0.13504315626333344,0.07773479824001524,0.0776729021287446,0.07626373689158213
0.09436586439211168,0.10582141353845209,0.15695636399186094,0.10241696933045356,0.10024283580324193,0.08890312852439812,0.1119996176814686,0.17439772462889694,0.06489608210911622
0.07782950574880033,0.06290590035858291,0.05935326631576413,0.31483004663065955,0.09209819369061513,0.09745243510657468,0.09761100796160527,0.08183774397033995,0.11608190021705798
0.1542757723134488,0.10564869135620937,0.14511246458627894,0.1421471054765103,0.07853055363895882,0.10951310799854308,0.11993211622919797,0.022496504856716188,0.12234368354413656
0.1050071360117723,0.07982477232366536,0.11218951424683406,0.09192695061471655,0.12021050515999598,0.07978633458192086,0.08874366393934069,0.233515534676636,0.08879558844511821
0.24247498804072642,0.07185167064998597,0.08006547029088917,0.07934646613508328,0.10822315685907032,0.0764824874504944,0.11240369583683946,0.0991755590346825,0.12997650570222852
0.04544330187504894,0.1415660664832132,0.07299423311355711,0.06762729655545972,0.11480125194730961,0.0949032331476846,0.17090460381588,0.1118104446294677,0.17994956843237908
0.056739345584804084,0.13683868110624667,0.09167622840239031,0.15395967752582707,0.09823335554371337,0.06207650053447087,0.09851462403387272,0.2330653674045581,0.06889621986411677
0.0488840908376903,0.10808112428247701,0.07145902427903073,0.12241510822869361,0.11950961991992086,0.11593275171708332,0.1136044802204626,0.20669987612767082,0.09341392438697078
0.1894430565141819,0.06158577122437444,0.043570651847098345,0.2305324240338775,0.15899165365346468,0.09988385722850146,0.08048278230801127,0.05155176292825281,0.08395804026223752
0.054485504800651924,0.054516586403831474,0.3917924457565471,0.057265562049007845,0.06799757718435172,0.14858145815563054,0.1010506353089549,0.04957705385120645,0.07473317648981813
0.09307785330511566,0.06592280645200631,0.22071641964050684,0.1893897543237746,0.1022870470220898,0.07000684566887151,0.10247498073909656,0.09205218617677058,0.06407210667176812
0.0501400021869333,0.07385372069423325,0.22979073032008848,0.09274930058391838,0.0883535542112298,0.07427449305613155,0.07749436149422757,0.17600287106676252,0.1373409663864751
0.09091233869201454,0.10698737033528556,0.3389529225363774,0.058676431067746164,0.09919130880327275,0.06634572495188502,0.07457492481651123,0.09438918459013801,0.06996979420676935
0.05146673982612562,0.04567299305718231,0.4680580182766585,0.03954358473763914,0.08684999175859309,0.13282669569025826,0.08895916438412312,0.04050834062096588,0.04611447164845412
0.08597230106012799,0.12021209745653753,0.12592398960405016,0.08193239696119071,0.12391107776162884,0.12963324902117293,0.1155208553868599,0.09197910426584144,0.1249149284825904
0.05977460165158007,0.0672718622835709,0.3421337748785509,0.18612757597793625,0.08069936981439091,0.062368982707442074,0.11001564269962416,0.03414037827021698,0.057467811716687765
0.06265511293652382,0.12694756225517576,0.10841645547005967,0.14656837893401006,0.18165569252336625,0.08288600424007737,0.10807000877927846,0.08189671810595503,0.10090406675555354
0.10441949918986786,0.08732266079056344,0.045994835298245995,0.04086955251266236,0.1199653133617733,0.13642056912329828,0.08479967732658451,0.293547868470956,0.08666002392604825
0.08561031446647593,0.22125552110158375,0.09285042896036298,0.1749272497314515,0.09596885616976107,0.06873628966872009,0.1054465158267315,0.026347124502427183,0.12885769957248602
0.04138927857479216,0.09134929170247667,0.20439609799981776,0.04997532761453613,0.09546288325369556,0.07526382427253601,0.09354683230013534,0.2790420609028531,0.06957440337915727
0.12284879770256152,0.14992956619101322,0.01662152234149734,0.07847605006735774,0.10072393994487727,0.15456957575813549,0.09863544414328236,0.16988862515693656,0.10830647869433856
0.08284474705700655,0.09696397525405004,0.16467802582833932,0.06310392756289589,0.08812284738198568,0.06540616942398132,0.09380195888829741,0.27314476489551487,0.07193358370792884
0.0908015242626417,0.0654789402111494,0.3460283278781305,0.07127318017826607,0.12198374297653959,0.08875489792534315,0.075989084933774,0.0581157136129104,0.08157458802124519
0.05119960789845887,0.08021700212350846,0.2461161483039183,0.06888261251090237,0.1319182543680889,0.14269811154492354,0.09954918133014574,0.0955092888206694,0.08390979309938436
0.07670659095375819,0.09718507315810766,0.13443874647444873,0.13069002827394785,0.09816462511228831,0.08993227775600156,0.13043681882179262,0.16003637276666557,0.08240946668298955
0.09812063361741293,0.10980825882747268,0.09890453998886344,0.1601865343078712,0.12976090520565361,0.12476162972785165,0.07798078424479807,0.040430090808782806,0.16004662327129368
0.09248934113093771,0.15667161337464028,0.23884142640530226,0.06426765759141433,0.09938827151709018,0.07558126640986103,0.10571839139917892,0.05792291785102042,0.10911911432055484
0.049425017041837334,0.09095031306218532,0.09960799528702853,0.08865669088275742,0.09364281564580312,0.05152491970797445,0.13204286940334467,0.31018224619560536,0.0839671327734638
0.09729164197074801,0.1309253413062649,0.11660130343666124,0.10054402852822601,0.09281894845234732,0.060564851803202834,0.1005108834254199,0.24251514340769673,0.058227857669433114
0.14371973992096368,0.19203765586944663,0.10666926591772352,0.06238977349268517,0.12165775338567301,0.1518284811312185,0.10439610740396982,0.07595008939191346,0.04135113348640616
0.13783807736951478,0.060782214277730416,0.25543977925127087,0.09113677775602917,0.13280646858560405,0.1107463017084755,0.06844376337886136,0.04116532510808455,0.10164129256442922
0.053173641418427675,0.11004006504619442,0.22631323642106413,0.0646982145738607,0.09617235408042939,0.09405664694042876,0.08678896192721786,0.07113198392744273,0.19762489566493435
0.1752547355337382,0.10911220124089682,0.036124443771179314,0.09720871751594651,0.11089127600291482,0.06019266579550653,0.1566276268352733,0.08487093845990934,0.1697173948446352
0.10601626900652882,0.08171788440898921,0.20219958993629775,0.06895502390317336,0.09901971700285782,0.11701519906581577,0.07229625105961353,0.2045066699062069,0.048273395710516864
0.050953916122951894,0.043427712764314015,0.1878473271780616,0.04448426147850986,0.08519931090120325,0.13157473772371148,0.10184794931023157,0.27761318591592254,0.07705159860509374
0.08866259059039876,0.10035001103482948,0.07718215463255661,0.07431651875365032,0.10827883007333795,0.07713734897273859,0.10151492813411782,0.23452393740749491,0.13803368040087557
0.08352276107320565,0.19814850416710536,0.11948193259464109,0.1364242889887974,0.13435230411625426,0.08066010097703015,0.10505466316209817,0.05205136346370163,0.09030408145716633
0.03191551788759274,0.08165248129010987,0.20907167554429398,0.09838585890132269,0.09284251926687255,0.08168313551986241,0.07351741623293835,0.22933621680795335,0.10159517854905402
0.0797648126892328,0.09896768087304277,0.11279623517770478,0.0829770701777142,0.11231779467945262,0.13959983930524378,0.11055479093640846,0.17786184346824405,0.08515993269295657
0.0363723976574588,0.08486148179402758,0.32878985269307937,0.050573818496408164,0.07104263884200371,0.053514593333933214,0.14406959662079685,0.17990808706238093,0.05086753349991143
0.058017796949733615,0.06016173983078372,0.4596544761103865,0.07380842393788782,0.10315888373504904,0.05359355472208884,0.059495294690343294,0.06983419987817006,0.062275630145557086
0.09693630600307952,0.138160644964525,0.046853355442671586,0.08261217278730197,0.10938300379451589,0.07931799801676419,0.11818728796045887,0.19383608380366138,0.13471314722702168
0.10277132740128914,0.13472945270665446,0.07365892782231913,0.09768919463212285,0.1438871910092275,0.13387760325941384,0.10402680963585997,0.08818041511656383,0.12117907841654935
0.27601512597280836,0.06834835062110507,0.04152852615675292,0.2290795800228974,0.09888942222471298,0.047089432196309226,0.08457925676653817,0.08568247628977695,0.06878782974909879
0.04602974166780746,0.05142449980358802,0.3369998733961164,0.11246515191935508,0.09858457889403682,0.06981664347944612,0.11448182639526457,0.04799347453943114,0.12220420990495429
0.19507830438181928,0.155606348896379,0.049989024128338756,0.07006149807592138,0.11315647802753054,0.13559036797837612,0.07947441140379448,0.11527700541248426,0.08576656169535624
0.06981665748648226,0.15540019141045872,0.25463530733592254,0.09539180413327326,0.10956310344320198,0.05362474830859513,0.09062728528602888,0.11189633326158642,0.059044569334450875
0.05569110667310745,0.09048073336688826,0.27528443276152664,0.08891778104690358,0.11460654317376823,0.04756706406162633,0.1008569450378874,0.08597258926603497,0.1406228046122571
0.156959834371272,0.1102535479693128,0.029161964710284316,0.07434725977724567,0.12217314262150154,0.14223898799197127,0.09276574411929972,0.08717352625594182,0.18492599218317093
0.04517517643672613,0.07334082737780039,0.4335472280096442,0.05250698292325654,0.086657964498373,0.07895078301721287,0.06108428890934564,0.10758180985689654,0.06115493897074472
0.22420900888678885,0.10670673278158387,0.18797838981945633,0.07495420234248064,0.10582540050519607,0.10044779785666047,0.10966064558620577,0.03307132591796063,0.05714649630366745
0.06565277120870541,0.11258814413935732,0.17648682423281117,0.15510156252674703,0.1045020638164269,0.125869354607501,0.1425330785765336,0.04846491950179047,0.06880128139012698
0.15667710189524628,0.13711728690166305,0.1550787345849157,0.0684881997744941,0.11960305264395703,0.08864945065967918,0.07801256365230641,0.055503599646020994,0.14087001024171722
0.17991452985211676,0.2856626806359719,0.032275666940015886,0.054220195582254695,0.10958175720624252,0.07818627180098085,0.0694680876154176,0.09809156258195956,0.09259924778504024
0.03097908191222371,0.10008772017557616,0.02794711373239996,0.07680385354760362,0.09818422112297709,0.07736936203339186,0.08955633709882897,0.4211919061254024,0.07788040425159617
0.026067241228876017,0.07034101970029204,0.2612194543383552,0.05390822371675952,0.08499502844718931,0.07686089340813462,0.11297949478461256,0.2381518846172291,0.07547675975855163
0.07204078387708301,0.0903545475762289,0.1868620624797177,0.07143327068375908,0.11969388001398683,0.06379590806249076,0.09663274358146452,0.20361495022415022,0.09557185350111896
0.04304899146754931,0.0870797712250101,0.3185615314054913,0.11450992223486889,0.10333878983297562,0.039159562922367865,0.12857536146936252,0.07573415217276327,0.08999191726961113
0.03285175219125497,0.1430749865110912,0.3837718565038544,0.08990967524783793,0.10316084356237387,0.06244998563061632,0.0680965006547537,0.038395664241630725,0.07828873545658692
0.061444023745522436,0.10270284970053363,0.27132227604571496,0.07426790854639514,0.09845723710246773,0.05159675811272687,0.08934839023270902,0.17784390427261906,0.07301665224131111
0.1116742515484523,0.11894569381518194,0.1280816052784494,0.09120856430561526,0.09938376940774896,0.09278780867347076,0.15226152103468535,0.04408276540192511,0.16157402053447098
0.17046407183105752,0.12188648409833347,0.07842196349015672,0.08372946988669022,0.10997673426346966,0.08209845298801179,0.15398957385656017,0.06980312704486596,0.12963012254085451
0.195869169680015,0.14434408495660359,0.028951308393625766,0.15217585715126522,0.09793719110655863,0.048395534840820396,0.13470101049507702,0.0977203016270393,0.09990554174899513
0.14192939850023695,0.07613434667239709,0.3417078181928715,0.05712767905613983,0.1030917942779751,0.07655905402476133,0.07416564673620181,0.026572097700136094,0.10271216483928025
0.1151241884165849,0.15609187217983575,0.14758747231782457,0.0666509369061566,0.09566021495921928,0.05273468987242664,0.156779518442745,0.12397651754116461,0.08539458936404276
0.26768782579821826,0.09130569515288013,0.09144662700831123,0.10892809723578271,0.12382267708498908,0.06829001855810125,0.09866702145007529,0.07827707714199778,0.07157496056964431
0.11323340465569753,0.15510626031483818,0.028414784489699012,0.08850229110424808,0.12207593219244404,0.10489799310045407,0.08801571476590642,0.21451976216245716,0.08523385721425557
0.06392084271622776,0.10341146411341905,0.1606910890718953,0.08576217587151706,0.07913198147863759,0.07828116331626213,0.14371548067237297,0.03723631407477849,0.24784948868488962
0.09009706737526176,0.1578568493913551,0.1384668272424813,0.04473361735783595,0.12639900505660817,0.15770789098899726,0.10591809042863613,0.08637589220318276,0.0924447599556415
0.03664672539105368,0.07042252167872222,0.273225325136696,0.1162603957883675,0.11570466160768778,0.1281634117448505,0.11127977279813017,0.055725973532879884,0.09257121232161225
0.17327338649003532,0.19373901346857836,0.06218857365667387,0.12113244111247268,0.10483229954365599,0.06976149630351303,0.09833678563098085,0.10338399319137226,0.07335201060271772
0.08458118175663777,0.12273669423115058,0.20450445192319647,0.16512493494967004,0.09406060338356886,0.05862445050928317,0.09975802111756514,0.11571450997887585,0.05489515215005205
0.04140239276439974,0.137548141561982,0.018024358867272845,0.10187257657051475,0.10148731903428977,0.06908165429550663,0.12786793688913808,0.28241470742933206,0.12030091258756415
0.07404639549625196,0.1286070713844459,0.0849513364681514,0.14969492530144504,0.11974176509595974,0.16252575413899117,0.08432129035854803,0.08179800807824116,0.1143134536779656
0.13653979611066047,0.1133622925969962,0.1077068144007468,0.12829274121624543,0.13688164891157484,0.11439052921030653,0.08293686479980468,0.05246451795577834,0.12742479479788668
0.144550404513346,0.12118733772861873,0.24031039766588905,0.1098118196528246,0.10739348975152312,0.09580177812177608,0.09210171567714077,0.02514155210474292,0.0637015047841387
0.10609386041997443,0.1473307367064218,0.01466577764554681,0.07077833993433354,0.1208834657759268,0.17819547257146703,0.0985895989593454,0.0987178221351388,0.16474492585184541
0.09720726642079834,0.10607782663317801,0.25477397191740075,0.0942251816015549,0.12472561189203706,0.11777129253801806,0.08229841461356212,0.04651682873670269,0.07640360564674813
0.04624634021861052,0.09491931227502474,0.41528717654288555,0.03832890403815761,0.10058922952718137,0.05409200402361461,0.07162328660679701,0.1426725030876935,0.0362412436800351
0.12888567917196628,0.19154746031613676,0.13880942635466822,0.12977790827796604,0.07368401587448085,0.059593808557821454,0.17007749167999064,0.03531728660145201,0.07230692316551768
0.08879467252103264,0.16419876981220616,0.05643896718189983,0.15447265897395593,0.15660637684146772,0.10563769077168776,0.09963398510563704,0.06395375520925489,0.11026312358285802
0.11128104057005182,0.09399324055034303,0.3482726997258909,0.06970948153565028,0.09414886078500156,0.0461748252039775,0.09271952148747387,0.05306172156670468,0.09063860857490635
0.07481425927512071,0.2563476283268493,0.19553055627318772,0.04523989840952786,0.1095859551945349,0.07687816627624212,0.0720598269150159,0.05496551875957379,0.1145781905699476
0.1401892112301813,0.24660948979532119,0.01402199552870409,0.05957568716486289,0.09944989016661922,0.048947862979405544,0.11297005084670086,0.22022257055608085,0.05801324173212408
0.06178678184847435,0.14995424275532307,0.05837018489017193,0.06659239945553051,0.18758032770455468,0.13369465536354316,0.08759207061068358,0.1203740202995613,0.13405531707215745
0.08014418995674619,0.08047330673482696,0.40442477474199096,0.0714985146109473,0.09261766489875933,0.04077365815226723,0.08154672480349133,0.07806299645447018,0.07045816964650044
0.036985725011158856,0.08261177819622541,0.31682136449569426,0.06336256440733666,0.1021210165989679,0.11095208305963844,0.08166461693513859,0.1122837654047149,0.09319708589112502
0.15215759514193675,0.15821503391884142,0.023425566280345173,0.04217221391325396,0.11352807787844922,0.13750366537695505,0.09707445962094913,0.18655109206947437,0.08937229579979487
0.06276176517139334,0.13435097524720568,0.05554594896526963,0.10667547130915245,0.10073471147433977,0.1443378251894564,0.1323933028300507,0.16913474454237387,0.09406525527075815
0.08248436955699091,0.10027851634177493,0.27948764815123683,0.06717557158674865,0.09657113824377879,0.05918771576125972,0.10987913418422317,0.16331125384846018,0.04162465232552678
0.08310776850043544,0.19787201023898515,0.07959023036903974,0.04171558352437462,0.12283542801886749,0.14492054116964576,0.10586210101417937,0.10046080988629252,0.12363552727817977
0.09364154831991024,0.059911522877667454,0.4892917650801207,0.12554086613682622,0.08597030481276673,0.03546506153116855,0.05831625950440833,0.01792580024761459,0.033936871489517226
0.06881693280422668,0.15757100115206743,0.06607120998866466,0.08565974122966212,0.15209517100052852,0.07288732296438699,0.08724890867540153,0.22177264423361942,0.08787706795144258
0.06403561594872227,0.1568083718653823,0.23645077464908063,0.0692174674299678,0.09041910682138805,0.1296964476195034,0.08433687927604505,0.02128566036958869,0.14774967602032185
0.09241329089162746,0.11507475456626233,0.039314838104084975,0.19477529917662526,0.14692338186479334,0.069382732497882,0.12778296979199352,0.05132343001752093,0.16300930308921016
0.07494931022962663,0.21419333885753863,0.04349670408490794,0.10215362002463424,0.14524510941898394,0.1965626743881348,0.07792878574493754,0.060053329977719984,0.08541712727351632
0.07985536846114626,0.10726743466011539,0.17023188765422917,0.06946682495950816,0.10090891522481583,0.1013628332664172,0.09785739154544519,0.14639642199190062,0.1266529222364222
0.1096130644756545,0.13698109512817194,0.10093607381201329,0.05935759494221569,0.12462467650675853,0.12951716043687325,0.09525332580215752,0.1584724010926063,0.08524460780354903
0.05808854607370056,0.19699042687201498,0.021885019231228032,0.0519605890999519,0.10779096085542271,0.1568161404064666,0.10951751587664209,0.20069909974549924,0.09625170183907399
0.06438197338167473,0.1683910425724764,0.10832512423594953,0.14949810415205,0.1473009184469869,0.09919805730925628,0.11437867180651246,0.0887213138945852,0.059804794200508514
0.05547113180247717,0.11132145001742906,0.20280952680826228,0.07142673209777216,0.11198067627564053,0.07172258283792199,0.08502782032027521,0.18641092318674332,0.1038291566534782
0.032235551627047436,0.04374642265923204,0.42400249458238576,0.11919972552198728,0.10525853569762932,0.08048992535034721,0.08315246125330088,0.032430888883879426,0.07948399442419053
0.1128242110556566,0.09298521459429167,0.1486378044654348,0.11258484245172429,0.1316984142404197,0.0602102793919376,0.1083627133043628,0.08812449538745898,0.14457202510871353
0.06433674719630726,0.15117802719926066,0.11221869894194321,0.10383603837588451,0.13860143937703037,0.10565718628707459,0.064360528829873,0.0423961326682279,0.2174152011243985
0.08671452841436193,0.08722856148382829,0.3690632245947747,0.09194752785773146,0.0826782806959749,0.1428983796447476,0.05530113921840422,0.03616711288436741,0.048001245205809485
0.042526536569414124,0.044722670476996663,0.3128606304583687,0.19279247922636414,0.08176906217790202,0.08986716225474663,0.09355503841156189,0.041270960114165235,0.10063546031048061
0.20392580215702558,0.1504995315139796,0.04602362925497803,0.12557465606565535,0.12059880523777078,0.10508634162619224,0.09935554004058145,0.06616446163472879,0.08277123246908817
0.03809014735340355,0.05968638212810315,0.42600165695056225,0.05439827858735279,0.09345934663778958,0.11007572646828112,0.06483255053089353,0.1010692969053638,0.05238661443825023
0.11725360716043885,0.11284010604237295,0.40322680245197984,0.0977475186518691,0.08759581840502322,0.0548748696556712,0.0688784602312609,0.02969958431523446,0.02788323308614955
0.08688285172439408,0.14576470401563055,0.08376466239573482,0.0773344536042749,0.10192926497002808,0.10309342077704686,0.13611499685283326,0.09044897553230224,0.17466667012775525
0.10422211831248261,0.11302142726763757,0.20623656708857288,0.059617097784168786,0.1061992009011618,0.08134903832689644,0.09839603866891812,0.12532449891204067,0.10563401273812105
0.07983661733772669,0.18909544063149086,0.0883606703133325,0.13345333941535067,0.10757016654495484,0.12373586292123477,0.09417912276067575,0.1079892206535235,0.07577955942171039
0.13053982746253326,0.08682188717407646,0.0788721365369207,0.12882353409703143,0.10150465030502036,0.04825412197005669,0.10515614512103931,0.2627070700290605,0.05732062730426122
0.20811368412989042,0.07814444522376326,0.17745146635574516,0.03866847986651453,0.09733000970049575,0.08668785999840588,0.0615252000907327,0.21114240674237536,0.04093644789207685
0.05977460165158007,0.0672718622835709,0.3421337748785509,0.18612757597793625,0.08069936981439091,0.062368982707442074,0.11001564269962416,0.03414037827021698,0.057467811716687765
0.042113466793518184,0.07178952951441865,0.2514407564663526,0.08354852862231336,0.08750741792632355,0.07673799892316359,0.1588987116741817,0.06001792542696568,0.1679456646527627
0.056587040745919026,0.17733672826827926,0.02909605697381219,0.17083839439615747,0.137422953201912,0.05479687061922648,0.1035847478887042,0.0901652449435754,0.18017196296241397
0.05200756293784147,0.1427718881036454,0.1102916220353428,0.04765749402658289,0.09672164516649188,0.070959478980279,0.15338514914126003,0.1260468966572058,0.20015826295135067
0.059222874860980636,0.1386107743301128,0.3552534245705219,0.11189766757854369,0.0987059472938784,0.06829073767085847,0.06429581585173826,0.03895642394315423,0.06476633390021154
0.16405239140945482,0.1631095855667316,0.10136691834043925,0.045748005416948456,0.10039184647505695,0.052566721615473155,0.0916570974460164,0.1715772168016323,0.10953021692824716
0.079438532801386,0.048714551765754954,0.2336292873690844,0.047623434627599964,0.08170970386219271,0.06770892539294893,0.18897602407194206,0.1058148812568328,0.14638465885225807
0.24129054304542122,0.20210109164011428,0.018451529222880306,0.1142102220952722,0.13296492987834851,0.12898252026578463,0.07435158561160086,0.04120220060432014,0.04644537763625794
0.056569609073417015,0.1403227159200743,0.3313375502945101,0.09182631756884703,0.12807772141538235,0.08788596844067181,0.06341785982502984,0.03721067723412342,0.06335158022794406
0.1613685689697926,0.08682181966581974,0.12569594843628315,0.047919468507530046,0.10795016017498138,0.10922555631313491,0.12126144715142433,0.09826010764446096,0.14149692313657294
0.06256381464270293,0.09057913920086269,0.32982057611281185,0.10463342658991281,0.10931959117969457,0.10262313013252401,0.1088912297818503,0.028424195050813523,0.06314489730882732
0.05129067220367503,0.12463717605773517,0.18170781408239137,0.10836437624061872,0.11093917437471208,0.10238952787400236,0.14932086748037385,0.044366382434298794,0.12698400925219264
0.05203321841955579,0.12644183245923557,0.09720386943201374,0.10185611426504874,0.1342388711423336,0.08491055931902829,0.12517073304124868,0.09377537899343324,0.1843694229281024
0.11676661022178159,0.12900250079980838,0.07864321921923877,0.14235773203633806,0.1485353228245048,0.05284008285692113,0.08861617232962804,0.0888938302413083,0.15434452947047086
0.060539410897613305,0.10348133602168362,0.005944950809385349,0.05524155821396078,0.09284218963045236,0.06570741495658892,0.07776078509861002,0.3718142270210048,0.16666812735070088
