0.10089239199503924,0.11896471547669728,0.1151839724862765,0.12068650411966148,0.11424023049735683,0.11047514721440765,0.05070142587397353,0.0928275584215551,0.1760280539150324
0.1244925733822485,0.10770082168704341,0.07293010033223835,0.10973441890514074,0.12445500058399651,0.08586828194558545,0.11241084777586324,0.13984391859224757,0.12256403679563621
0.10373412544533307,0.0928330402012128,0.09016266544275348,0.0964956548832941,0.12824718611636682,0.0797886477383464,0.1648257596592471,0.18626949567606763,0.057643424837378554
0.1333712351481005,0.09107728910740487,0.14235101861336882,0.09430645088218803,0.10601071415745299,0.14845737944274048,0.01992236980164271,0.10486715783258432,0.15963638501451724
0.1348058031499291,0.23038739398679575,0.06937333186936727,0.11919964276166543,0.08126456077476221,0.11764985315372205,0.1360805510442273,0.07670617676569375,0.03453268649383715
0.1207610652803953,0.09432244824505358,0.09666636788516479,0.10131226442424925,0.21602662934177652,0.08042721705465619,0.03469997989429886,0.13582285361550642,0.11996117425889907
0.08538162330923305,0.10760930858764862,0.27619603581307484,0.10210167259924269,0.09781268099547015,0.11610066434644566,0.030051892899578787,0.10322455395129826,0.08152156749800792
0.09131475912834536,0.08904650951884037,0.15947937439546214,0.09532403787317335,0.09227175464643311,0.09878097379464246,0.09125253780169766,0.08212253524623211,0.20040751759517347
0.1278643444781221,0.07754141681738615,0.040725631938385486,0.11526491134201367,0.14291904533264668,0.1022276062797763,0.13641343318349922,0.2130201801409813,0.044023430487189076
0.09628861394465492,0.10016457967581216,0.09513068994054552,0.11149186970350082,0.09946398045803619,0.1477387671079791,0.02481483889641899,0.09311503319144199,0.23179162708161027
0.0977374000615447,0.07316685143884298,0.11357006197378765,0.1067770010941511,0.11678364282729431,0.06493226067229753,0.14373015550196333,0.1531391458853927,0.1301634805447257
0.10758328423557251,0.07361742608176358,0.09056366123949854,0.09326296747192846,0.1174583915269578,0.08067464170638566,0.18559336124709858,0.09534793921577622,0.15589832727501862
0.13921954095577563,0.08919245444533343,0.020975492766569275,0.10514847589289263,0.1401580755503489,0.1045682854278555,0.12213008922868225,0.14806921385086338,0.13053837188167897
0.14048262167451508,0.11543632381562956,0.05433985462751131,0.11219093495438781,0.1489151121638921,0.12766755370018334,0.07470775550530157,0.1631481958281781,0.06311164773040108
0.13186230364861473,0.1411678542854803,0.14260950137385986,0.10918203618886056,0.07259639341963874,0.08049635316926758,0.17338886211953763,0.07091172374740616,0.07778497204733438
0.1366204987613279,0.0754518319149956,0.06735826483476302,0.13465363950448345,0.13131284536325202,0.1991947556009277,0.05168037474617987,0.10977444992856965,0.09395333934550078
0.14856761849200695,0.09033802097583928,0.0739112575654826,0.14480737928205015,0.15261237815458298,0.08171889095683539,0.1554131220095851,0.08862313038017296,0.06400820218344462
0.12243435656864021,0.15111673654736768,0.025063295870186058,0.09346418381450376,0.07829621959801564,0.12401121522150778,0.2639297972956479,0.08750483731624996,0.05417935776788105
0.09723561159353648,0.09097389114927258,0.13761595777104782,0.0983979846398812,0.1013047351239923,0.10138687340394022,0.060489961127896306,0.08693763814338716,0.225657347047046
0.10700599438447828,0.09316002458291066,0.1861490386983892,0.09801061391975004,0.08454536788130866,0.1550879982267475,0.023249466568169026,0.10638667987709989,0.14640481586114668
0.11634611177022482,0.14324637684272046,0.06342117936587428,0.125444528123419,0.13123793749369603,0.12564111750104964,0.14256583306143455,0.12633546911634377,0.02576144672523741
0.09686438191148772,0.10692091385895068,0.06717816040195046,0.09928171052317403,0.14372468250482506,0.10653365500964017,0.07523444661555674,0.09839448471554178,0.20586756445887336
0.1014831169105642,0.12691186614092909,0.15185245039198284,0.09926219147609856,0.13064984874614782,0.19882690046262766,0.03856265699552884,0.08719960896665936,0.06525135990946154
0.08754267004862278,0.07441181205242588,0.025287112288701914,0.10848033278371967,0.1729468906438998,0.07526956500175414,0.09811200372916405,0.06974767918346401,0.28820193426824775
0.1262622776374953,0.13032572991013722,0.20204832208595266,0.10474033381905083,0.12957772040519297,0.10573095150575185,0.032868707392952265,0.14822440944331375,0.02022154780015312
0.10555617145219028,0.099088964558479,0.12286021926380308,0.12034346088950963,0.09334414963927416,0.1160917518400109,0.13085870907935532,0.09654339516978284,0.11531317810759473
0.12979601725306406,0.10884122877999368,0.04292641850930711,0.11672204518094685,0.16126435498884237,0.13712102620811462,0.09305927922108358,0.1712602416469635,0.039009388211684225
0.14912697394192234,0.15275749079486936,0.0615595568547792,0.11929875349265295,0.09145864019173862,0.07774615023420423,0.2023759811909307,0.07839343613729764,0.06728301716160479
0.1375868639313004,0.05470096686494403,0.08786445695154858,0.12115692678748981,0.1422118262240478,0.10720058722118943,0.04431274095928334,0.14850050374935322,0.15646512731084342
0.11142293081777689,0.13405390391601268,0.08417887357337028,0.11798872349083171,0.08372421662355801,0.13274894115341093,0.09436511799025511,0.19714267159377288,0.044374620841011465
0.11302943929207658,0.12556228459912622,0.05000604305036105,0.08803384378201111,0.1206452117152202,0.09712964455570555,0.10382877335561481,0.11358484257462975,0.18817991707525472
0.10142319875632515,0.07380505036896691,0.0288132770418012,0.0952433878080076,0.13478623591563105,0.08434830022903146,0.3178010929917198,0.09426380538929702,0.0695156514992198
0.1719654406176654,0.1256659027054183,0.0691889614801428,0.13735480303787992,0.19569380197387728,0.07171067879595741,0.04549229697662329,0.09645203041455315,0.08647608399788252
0.09016950834580807,0.09043179262905131,0.11060650174048858,0.10492093665929063,0.1087732849588272,0.19133737423015415,0.05781879379669749,0.1782525509463236,0.06768925669335907
0.090222524087492,0.09367134963455565,0.09588281261841292,0.10556401517168801,0.11625305354059086,0.17314819136915646,0.018069417608192216,0.23675935615235777,0.07042927981755419
0.10046804323187393,0.11153697941614728,0.05987977404776662,0.11423328960482977,0.12545806980038618,0.11008771722009043,0.11912610233170852,0.16322361187466536,0.09598641247253177
0.12999724951279326,0.09568630175589547,0.060894205098859476,0.10757430986658371,0.10961942288527482,0.14259068917338322,0.11216577638671897,0.10291054117874004,0.13856150414175109
0.1467211113305841,0.1806293823892445,0.0719549669885614,0.12457354949151807,0.09709273332037703,0.16061019797599094,0.09506591102857119,0.09037775015048717,0.032974397324665505
0.08951103889333158,0.0717027044850875,0.0547223360558198,0.10173777004924373,0.0845387794488765,0.07436226553367861,0.17054044568730267,0.09904557480936345,0.2538390850372961
0.11668839588472861,0.1257021064124109,0.10134887571295442,0.11817829946504758,0.13617644553588115,0.09720834671824156,0.17974527929071193,0.07142689092448525,0.05352536005553871
0.11124195293789478,0.07926764930149234,0.06325870989974496,0.08759928437609225,0.16105434368561747,0.06102151925446381,0.03421130423247606,0.08301579077119493,0.3193294455410234
0.10679846478069334,0.06464148157158857,0.1058143234772611,0.11514661228142253,0.1227605219068983,0.07979830706616152,0.1525986638006148,0.17625467956488483,0.07618694555047509
0.09704641155960286,0.0732327670289624,0.07024659341769289,0.10749307495380585,0.11295735975764916,0.07272318868689755,0.14562804793545928,0.09143783918407027,0.22923471747585977
0.09701134715630579,0.21969180474558656,0.10058518006136481,0.11027389681685051,0.12690595393236836,0.1731991201568254,0.03574064255635341,0.104138957073024,0.03245309750132116
0.08641965665384432,0.08611247850796873,0.0515153704194856,0.10668369814516061,0.12172626072186055,0.1957528396340915,0.034345554123519764,0.16045028651351115,0.15699385528055765
0.1127050545472313,0.11208303109455446,0.0648459811022498,0.10452207740482873,0.09521801014747026,0.11357147998377339,0.08282795400691771,0.11598226712833788,0.19824414458463646
0.0991326540385441,0.16701458298560598,0.054917689917210875,0.116642961935099,0.1497863051330355,0.07338211555800374,0.021534928090650895,0.09978204452866297,0.21780671781318697
0.11334187605564482,0.15080079805325808,0.06708390279493388,0.11070299580696975,0.14733011212061142,0.07929012860253848,0.19984937580223874,0.0773292115067652,0.05427159925703972
0.12328468428317445,0.10712352970349907,0.14456480866067475,0.09894768802217124,0.14744525369884012,0.14392690895206062,0.030367334775456205,0.10935569450509286,0.09498409739903073
0.13114426793502307,0.14148172750424784,0.154219144760266,0.09494542640231729,0.1392384555994715,0.09708729040678339,0.10886188795442586,0.09212050648896124,0.04090129294850381
0.0972178327975423,0.10435081389578789,0.2259566254249632,0.10632674050325656,0.13128833094939,0.1103110570962161,0.09682259755449675,0.10963801053457493,0.018087991243772226
0.09382286045906323,0.10425650056465048,0.10593542603131241,0.10459140049380562,0.0666405569079122,0.0907114295572332,0.10841895930701333,0.07185041686379849,0.253772449815211
0.10281268087799904,0.07998093044150974,0.18786986912863401,0.11105286767632234,0.1939844669363674,0.0942965971039474,0.05718254295562519,0.09148776805825691,0.08133227682133795
0.10451020000900602,0.11315687249864496,0.12745974012539046,0.11596060505155496,0.11693114354327729,0.08126502878006213,0.0720081711340514,0.17734348158192,0.09136475727609278
0.1029919043010354,0.11679607935622231,0.15644641388534256,0.11155098689533455,0.12488698623094367,0.106870199155245,0.12660580633978033,0.12210710407907484,0.03174451975702131
0.12882197995479264,0.16385265561090206,0.05141540085324248,0.12417200672095895,0.13461231674974802,0.10755899991796165,0.09799672931174537,0.14390261531299028,0.04766729556765858
0.091228284813882,0.13820849269617727,0.04629495534352973,0.1168609676008071,0.11168587270026065,0.06508511665291393,0.1828072104670709,0.11759835497589104,0.1302307447494674
0.10268314957940478,0.1909909437765894,0.028688362974588526,0.11506570294273678,0.07353777926194165,0.07232248210543803,0.09284633334959996,0.0953848684764305,0.22848037753327036
0.09004950452654303,0.11196442356852544,0.16626198805865244,0.11592488154026019,0.1271786682898188,0.1431731869598167,0.026072384551446906,0.09717811032060349,0.122196852184333
0.1354770110764639,0.12765916073925407,0.05453581230814734,0.1230305002819223,0.13163733718202777,0.0857978234736515,0.11004254466790747,0.13243965014752723,0.09938016012309842
0.10445514677471206,0.15900468892457478,0.0444132062885604,0.11391733272277754,0.1472207440262191,0.08887494114086503,0.12770216056622918,0.071309797177475,0.14310198237858685
0.11484107097945434,0.11680235496283703,0.06858413714362678,0.13173924504194143,0.1097041762977604,0.09966942433032193,0.190405750753783,0.13401352396434874,0.03424031652592638
0.08970078774393148,0.09169348903475379,0.16673712289323958,0.07099254806601567,0.19084028969599606,0.07997450158855149,0.16122582119004727,0.0882815418870773,0.06055389790038746
0.15442213050774242,0.10023711345306581,0.04674118538991443,0.1223702301358967,0.11867879854263037,0.11175323063833749,0.15622859251781093,0.11191866490700712,0.07765005390759462
0.09267946013799377,0.07010475604817185,0.114466626096998,0.13066222102184968,0.16309483654971368,0.1106890324287763,0.10592502782826872,0.10158420559837815,0.11079383428984989
0.17800445991989342,0.13709477016064575,0.13518052981905967,0.11890038050519895,0.16790246925751898,0.14892008682584001,0.015579152409805763,0.08057857530048552,0.017839575801551846
0.08438231681301821,0.12430142384172556,0.326865423982691,0.10137058428360181,0.06901918754895985,0.1781257748037819,0.02107340621106261,0.07803941898645674,0.016822463528702317
0.0966711071759692,0.13976601706975103,0.022902433614376386,0.10155711832424762,0.09019427804977764,0.1446617674381898,0.09722007573133618,0.10370046651240035,0.20332673608395188
0.1397902360463246,0.10025670793215115,0.03553036013357397,0.11240716780870913,0.13944692646566176,0.07360034164835236,0.17903309015381721,0.13276725132084877,0.08716791849056112
0.103319965603635,0.10057530810516817,0.17183712502799872,0.12480811981308716,0.10823154099718568,0.11147415456131644,0.07042065969647142,0.15304622334306892,0.0562869028520685
0.13277766623746207,0.13766947563314488,0.15071157263784282,0.10679256208116884,0.0842074215890007,0.08705434475662295,0.02584046239928986,0.07222400014961784,0.2027224945158499
0.1215456318511705,0.11143132060866845,0.09451131713432737,0.11564888782134346,0.17295910578383503,0.11498933898985236,0.12203003762598486,0.10966021498780243,0.037224145197015536
0.13151614063215633,0.14637789377442234,0.09131745934091391,0.13355760731282548,0.17926947912010396,0.06776228028808094,0.07250355176964747,0.09156546840070388,0.08613011936114563
0.08277208360663224,0.19954483747533525,0.06136940697077312,0.1284482104140386,0.11358194860749131,0.18260742504865882,0.061543245099066196,0.09702385588720384,0.07310898689080059
0.08492684484397955,0.14505476302035955,0.3005588256253803,0.10118923429526745,0.12275441082364492,0.09143778823565012,0.02798518465495398,0.05974615299618988,0.06634679550457433
0.09434805771582276,0.18154895165913573,0.20954252205064602,0.11102778481589974,0.08819539503155936,0.14381091793314452,0.024348354938727532,0.11977878848711891,0.02739922736794553
0.10945461705355652,0.2668517042992368,0.15768684593533733,0.10126377761500184,0.10210141385952402,0.1088085011027149,0.025720860137872854,0.08732205721984672,0.04079022277690904
0.10299773280977349,0.1169594296028043,0.08302023996066009,0.12172726372704444,0.1448683669652534,0.16403257212944797,0.05082183007917495,0.08479103759724954,0.13078152712859184
0.13889272720125995,0.08751332003956679,0.30512298817877875,0.10952700461287,0.08819868346551957,0.09423434723433805,0.05334451210813338,0.08270478526343285,0.04046163189610067
0.1189939675172748,0.18261724712183,0.03223249547201792,0.11266848898925676,0.15623100396068604,0.13667594982124817,0.12461823882993757,0.09084527159415094,0.04511733669359788
0.0855429400503472,0.09878726165350216,0.02723006239504723,0.0879141533956473,0.09901955027386901,0.07778770898135727,0.08963230571057133,0.20515152430648245,0.22893449323317597
0.09845713458738532,0.12060004044869659,0.0670436733555984,0.11782376919609294,0.1700765962999757,0.11298572239550403,0.029066297263763873,0.11266090592159674,0.17128586053138636
0.07914051149366015,0.10197770543104452,0.03405727750632611,0.08488164639935854,0.09257424640438018,0.07150685512499627,0.11077276939403835,0.10752405307079943,0.3175649351753964
0.08512920467832706,0.06424623551336535,0.34788065246026384,0.089519211611384,0.09912146413540873,0.13148442569537033,0.03024288743658231,0.1289030405625079,0.023472877906790455
0.11120770371877413,0.13863366196157642,0.07761586638911,0.11022662116956733,0.09554314758409023,0.08433229873677739,0.1298593964540206,0.18540591778609825,0.06717538619998567
0.13798493169566237,0.16188742315008717,0.10331572330983334,0.11185502039020988,0.1337164463227194,0.08592322445554228,0.047534517033300853,0.13881338967374923,0.07896932396889551
0.11119645560649949,0.07389597377865832,0.1358319238786191,0.11525586299308933,0.11087706494939135,0.15880837129541417,0.14502978516439957,0.12698757890786602,0.02211698342606257
0.13438031961530209,0.16485389289897523,0.031373894963895824,0.12694524405220065,0.10821621097402258,0.11230100844645385,0.12272674870766087,0.11569095106763305,0.08351172927385596
0.1556554807142868,0.10039362088413173,0.06624595816758569,0.10423183402719216,0.1355152397398797,0.12555739924221967,0.056126191969162846,0.1079548257974113,0.14831944945813005
0.1083456443205399,0.09931802168602766,0.07517455498089005,0.12509582232351615,0.19243913899231355,0.07361186042054275,0.050855827598770435,0.13538151593690137,0.13977761374049813
0.10305139445087559,0.12432669456725313,0.18072342712987818,0.1073515146967637,0.10313399970083126,0.0887397534237055,0.08259722933003681,0.1798669552784853,0.030209031422170515
0.09298171584663716,0.08632992265778312,0.23017294752542705,0.09975765772425638,0.10092156846816146,0.09744903237543723,0.0392977865298017,0.10498026744829214,0.1481091014242038
