0.04679219684341624,0.08008017491060712,0.115844076952131,0.07965419943547697,0.08532330372468927,0.1341633374853621,0.0854667063124706,0.19602854407654233,0.17664746025930442
0.19829403651659905,0.13485511097488115,0.05715291781721223,0.10855080598951038,0.11338998860832733,0.09679469667917275,0.12388149872163672,0.06204654771823883,0.10503439697442156
0.29875814283894236,0.08992314231832825,0.12265691157252873,0.10472043792611262,0.07923696092595738,0.014461900878641345,0.08533802727503038,0.1504361344642476,0.05446834180021137
0.08823529682553884,0.15223484104679774,0.11881447539421373,0.1418005028193068,0.07148006331711931,0.18066339629039282,0.044258012646043406,0.1538000860689294,0.04871332559165794
0.07532938666758567,0.03460224068879738,0.0739395861647023,0.11336527432513693,0.09904340315348951,0.2355239905936629,0.1463796768703928,0.0680975913990069,0.15371885013722564
0.00949692803434104,0.1587807272247035,0.1034538428106981,0.0989818367978547,0.09846824295229457,0.13144971459635912,0.27637316353922997,0.03926439640325443,0.0837311476412645
0.1355725021577022,0.08197039545623318,0.1173267660882964,0.0730328126223463,0.12539104034505621,0.06412962075264292,0.13431820981420453,0.03370505280012003,0.23455359996339828
0.0295159570229363,0.10311676674714669,0.225008141707699,0.08437367004034362,0.06778666321789391,0.017083045694670413,0.0753040893095104,0.32606765263129883,0.07174401362850079
0.07770534708981171,0.09610237432082312,0.08006187385352631,0.24241979981388564,0.1231898925426174,0.1703065216227048,0.048327995394487865,0.07993311656518194,0.08195307879696118
0.023191875527702983,0.034944217368155145,0.10101449326174083,0.09220063747799186,0.07019861325174247,0.07386419479364353,0.49527439234026494,0.0722522073236845,0.03705936865507378
0.20858477939705633,0.19515890051192855,0.07422390198279752,0.07482142153717415,0.1408086129028877,0.10691999816121528,0.013815929484831785,0.05808661738965082,0.12757983863245778
0.16036916418047464,0.1549195742126975,0.09780995105547163,0.11181382995160612,0.13643269880858425,0.01866195718641218,0.022852775347501558,0.2293940938867425,0.0677459553705095
0.0803456477176945,0.12185481321518066,0.03199866053635382,0.1566430261121791,0.10252016683314569,0.020126592741905706,0.24586360824727793,0.20528248396915205,0.035365000627110614
0.12645942929055806,0.04956336333968533,0.19063853057238545,0.1176824141021947,0.09653953058013644,0.22680218356068896,0.01807264841719771,0.11859917220489997,0.05564272793225339
0.1527950935566463,0.065732226992704,0.08847245722734577,0.13073751812807557,0.08818022213164674,0.06878380264160473,0.0427406230469534,0.10307428557060466,0.25948377070441875
0.25231332108522836,0.09744316311356488,0.053371986762372835,0.16006308581949238,0.11793377232220918,0.1594040314653092,0.07567286864016737,0.037199726580401535,0.0465980442112543
0.0408292433184104,0.06589940406456198,0.14402518989181837,0.050926400475642696,0.07869333062205881,0.06108969639242325,0.40489933553682333,0.11462497072529544,0.03901242897296572
0.12248192125470166,0.23006867213184026,0.16011899583303793,0.11396201207823652,0.11955075853307613,0.06121402607482981,0.06512665700294235,0.06420970028722202,0.06326725680411327
0.15726981188835343,0.1335421601120608,0.08949758583654405,0.14486685418433312,0.11093745468918453,0.056807612615753095,0.031243767310541234,0.16851535246313806,0.10731940090009161
0.07907614805864614,0.11995452559211017,0.08668274262799404,0.15026006172773199,0.14947339007580876,0.17775773544781645,0.061973124797475444,0.12984366624393923,0.04497860542847784
0.1686466878103361,0.05827218401213282,0.03887890422922397,0.08679358018574573,0.08203074298265302,0.2962798117410777,0.043194688126619966,0.04583143566639893,0.18007196524581173
0.18871070829368886,0.04973632313898235,0.12193765171738336,0.10163068519109691,0.0995253901088458,0.32612662094079403,0.02286746382927769,0.036999704664736045,0.05246545211519496
0.09558301007484625,0.16313832975161505,0.14342802007226527,0.08478165906935153,0.09082928583512444,0.013353055530974696,0.007131739400825854,0.2829967972279022,0.1187581030370947
0.1356240145829669,0.057175378760883855,0.06345586725894134,0.11214377916830892,0.08624639099477312,0.05965911689287277,0.4106001816258335,0.05821934359349636,0.01687592712192321
0.04324567041281648,0.058619865803796634,0.06630592360038617,0.09008246971151639,0.09797337494316605,0.0294038394087297,0.43415100281041474,0.1379326802004012,0.04228517310877266
0.1022396400525366,0.17995020387771288,0.16967375426963482,0.12744111738818184,0.15563792344284502,0.0435847357555603,0.04944341784368211,0.11173774078920336,0.06029146658064303
0.27417240041812946,0.07172953115507973,0.04734174493530539,0.09858602421825839,0.07371160927947963,0.27788873193040226,0.10221312196239159,0.027515265312059303,0.026841570788894403
0.1512096352994957,0.03424807345703116,0.20837075132268515,0.05858600890739607,0.07858089825587193,0.16553137193503986,0.03872255252637092,0.10375414318648069,0.16099656510962848
0.09724252643217952,0.08861362635523184,0.11448160814329328,0.13723424535314047,0.09765190725284262,0.10124443132636674,0.10221665815762992,0.2084443679732694,0.05287062900604612
0.1582468340721108,0.07502381836557166,0.042852720896677375,0.10929198544684356,0.12247467748135334,0.32766260246761836,0.03311887503381306,0.07108599249778441,0.060242493738227355
0.17130286594204794,0.06191996807094785,0.05225554186784335,0.12201257758626498,0.07767252281919315,0.014187819602117015,0.3043329970592673,0.1549166756592394,0.04139903139307899
0.10413723006131177,0.11785480592059557,0.14740581991541601,0.11385697766904346,0.16458551497097038,0.0547490599733108,0.09392678497212419,0.12309255102113432,0.08039125549609341
0.12250778020541235,0.10143621456025327,0.05485742329507786,0.1544311983998589,0.07850332230227386,0.2864427056294734,0.05167177090481242,0.07321179792657946,0.07693778677625848
0.10027510956821696,0.18188675356860204,0.09813941639495753,0.07900018515520861,0.173394308086508,0.025430288526687873,0.028995763239974614,0.12291801848338778,0.1899601569764567
0.03673192084080439,0.04378936007758568,0.05243624644287876,0.10082890500856256,0.09538529730093454,0.3082482286097169,0.021460706575786064,0.011479566989706884,0.3296397681540242
0.1149813931756305,0.08341769512455388,0.12244686979320096,0.15109861202440536,0.0818008857434699,0.17442210831059177,0.053278452698796365,0.18932183070499384,0.029232152424357366
0.04391651244393161,0.10731706874930541,0.1479847400899535,0.21884608088762103,0.09328477113925292,0.213294092674669,0.048515812277446536,0.041460136593759,0.08538078514406101
0.06946405779670822,0.14356383780569312,0.03680669187337326,0.07807099930561388,0.08234315358791876,0.06932850606833905,0.34019290280108755,0.16078527407037693,0.019444576690889028
0.15601725174832679,0.0655015718173239,0.07960392874425377,0.1549694250436624,0.08169188264550371,0.25664292530053023,0.038985687587715166,0.06043025665796715,0.1061570704547169
0.14538877244157697,0.21203301730301571,0.08930815038906827,0.1031682015073766,0.08236004597553738,0.01073356501969295,0.21935502715633107,0.0821390941719341,0.055514126035466904
0.03911651440336097,0.1608437188602121,0.11716675367668435,0.09500754944619834,0.10815730461475588,0.018280454627096463,0.027267110250472845,0.35927749857547203,0.07488309554574706
0.06393546179450033,0.1829098716692529,0.14824226671735186,0.15162644386984392,0.08405645740382141,0.029058272176263916,0.037619728173995226,0.20107849185324542,0.10147300634172503
0.11789309012094329,0.06519279544679248,0.23828413337167487,0.04829078638928594,0.08231698522610535,0.03902811065714958,0.2637655191964327,0.10461736911484941,0.040611210476766336
0.12109266903829481,0.08602492418093245,0.11624813736925876,0.09319663281757841,0.09112173949673487,0.20596214180384242,0.11252207188740027,0.08951006562842241,0.08432161777753555
0.047772889716744614,0.07570355531030253,0.06106455787118944,0.15720246338789715,0.10378924793953935,0.32244580821516394,0.08991899812529337,0.05251464765061208,0.08958783178325753
0.1246818753024768,0.07822152658318571,0.0663375864420212,0.15184958666495907,0.1295223040747263,0.16689107687619922,0.0714388175745375,0.06779766125360663,0.14325956522828762
0.02922039986500871,0.17653353812034442,0.0767112582398381,0.14116818712545579,0.07311623745263944,0.016526165136174255,0.044505966260025696,0.19443140061528089,0.24778684718523272
0.021769157979542538,0.14460145307698394,0.05385450072977629,0.11570448715472896,0.10839510291741743,0.21079946199248425,0.026650369728903323,0.14478327553558804,0.17344219088457527
0.11862229384935748,0.07739278668750937,0.12567903557247717,0.19147079525458313,0.11586997222992013,0.08580127281894527,0.08562995093015345,0.13453533191692701,0.06499856074012697
0.15245770326720623,0.0574467880613945,0.03698748663102341,0.05774610018483922,0.08707480084022688,0.4058385454662347,0.09996588099596572,0.06130500149806401,0.04117769305504537
0.0725130753296553,0.07758887461481752,0.06595342671110221,0.14564054387305408,0.11699784405340656,0.29677642106998775,0.052892582361658454,0.02090640667671757,0.15073082530960055
0.19241136564153116,0.10140726948996355,0.10617015558066088,0.07025411378523257,0.06972957857874755,0.027671841454231603,0.2801854800086733,0.12626339195848849,0.025906803502470904
0.06973813181831524,0.09467889202213792,0.09068549935505606,0.11929451201953872,0.09591262586253248,0.1363661091228808,0.07421302892492536,0.12723133803499698,0.19187986283961647
0.11116366553988365,0.09606021118448999,0.17538327343649074,0.131109537279716,0.13485561963572995,0.05059098390324596,0.01686451488893886,0.231827226250631,0.05214496788087389
0.11792650678349448,0.14014814155266633,0.04737712695263153,0.17750163623100246,0.18362313322257282,0.12045225401692589,0.11947250151516847,0.041858041631598654,0.05164065809393942
0.14176047296843935,0.1988204513126128,0.18677614693347563,0.10994563469260077,0.12910691301116695,0.051964703790982725,0.058698779180710446,0.07438305838173674,0.04854383972827463
0.07530337546463818,0.15026946842842645,0.05734790751473987,0.09858521224065346,0.08245854718181721,0.1137995701642125,0.03372911292534283,0.07034051256704275,0.3181662935131268
0.10219493131585751,0.10668338772689949,0.09839946933698214,0.15646981464294119,0.1156856374197693,0.22401225182594384,0.01385292496866794,0.13020947414482717,0.0524921086181114
0.15653137791642072,0.14790450305059763,0.17105604305089428,0.13927286945163977,0.09188192983421202,0.04632239183505296,0.0205099304531194,0.19567819849305093,0.030842755915012305
0.21941992903666896,0.14705658184338669,0.07385830688382743,0.10849304146514437,0.07790639917602553,0.21432294411951155,0.05487282933031156,0.04444161184511917,0.05962835630000479
0.07341432207285374,0.18893495976339303,0.14275231699617566,0.1130390530315074,0.11357034223751454,0.007183280749155426,0.04236007499533331,0.2251728393445209,0.09357281080954599
0.14859130448938207,0.16347518051333676,0.0412937328267682,0.13354944060503046,0.1286470894266835,0.05360731210692427,0.10788010827845824,0.06870492383327814,0.15425090792013835
0.14847416622376092,0.16049685423940988,0.15046054504262418,0.07767544612389563,0.13183506763067734,0.038306953113015255,0.05469942753208834,0.19175802381189788,0.046293516282630426
0.1530938547951264,0.059403781355003016,0.07433035445080599,0.139028533277076,0.08049352488001756,0.23306354002547525,0.0609650878700973,0.057398383934902354,0.1422229394114961
0.1701298608275251,0.05955494553601545,0.1068448180717421,0.09370958135574259,0.1000534180224944,0.029087256926877778,0.28395086886802745,0.1404082373160865,0.016261013075488547
0.15015380392541391,0.08672075618427356,0.10289380381912218,0.11400058470436192,0.12255537349299835,0.10804247219051787,0.11619023311899185,0.07775233874460802,0.12169063381971235
0.11887086999666607,0.14934837542004883,0.1061802299093198,0.10799999373078291,0.11693751630725402,0.09135908770930472,0.0265246858770006,0.08918751038757278,0.19359173066205027
0.07141496654734958,0.36135195771270817,0.08667996978720797,0.06976564804337756,0.07602138819680351,0.07961566564902516,0.06687988890787867,0.07130467568775249,0.1169658394678968
0.12846745486200709,0.1758704822478466,0.036530928794246,0.1172569289070643,0.15577991244098552,0.06205538818312042,0.057531201099324664,0.1755737692283741,0.09093393423703122
0.09478505536257005,0.21994922350481208,0.09721661656380881,0.17062530445459276,0.1184033280064359,0.044747013779618205,0.08338371449313435,0.10398487926635543,0.06690486456867233
0.20107941313043054,0.15002159868408718,0.05290543285279708,0.1923552367940633,0.11037746594852882,0.12171635222026315,0.06860008405384925,0.040882091498292805,0.0620623248176879
0.08379380172959429,0.1477710763739892,0.041324655149325186,0.126006409157466,0.1616009359537143,0.11598955288030545,0.03912541771293004,0.1486974581970574,0.1356906928456181
0.08858615725639062,0.17299387636573202,0.07780472507409582,0.11733481353385078,0.12685575559209275,0.13384660658225608,0.057977601535725905,0.08884217902277629,0.1357582850370798
0.08900701794443405,0.1290687543920723,0.04639845278676049,0.0784980658456907,0.10692862238555395,0.018249959292280304,0.17770066733661283,0.32915630160786974,0.02499215840872562
0.08124532222992002,0.07502139830691516,0.22314301464356867,0.10236106292403828,0.21236950220933784,0.029827837802824456,0.06841512984611485,0.07273590806304973,0.13488082397423107
0.11197823792627881,0.14209487111464322,0.0945060915027172,0.11979890588154167,0.1041819357006481,0.2259480664183526,0.06139146911262428,0.08404805351979912,0.056052368823395045
0.045927908677780814,0.10992437974138551,0.06226465130829278,0.1626828915273489,0.12659817521086533,0.2989245955198779,0.03364559985713012,0.06057586295929416,0.09945593519802458
0.046300656747287484,0.03027476483110352,0.06595549682465886,0.11933969933756004,0.07156054845533733,0.05730493954197965,0.4055490283130641,0.16657166411050825,0.03714320183850067
0.1953980389232757,0.13540635824098088,0.06028493836675639,0.12495131177681022,0.11046357013306764,0.09783494199882892,0.12547705698330655,0.08626789506644739,0.06391588851052625
0.061519829248534365,0.1408647569918898,0.04825299167370781,0.0810822033699737,0.09763866547087946,0.035882180172956794,0.30808588844605295,0.2066494597826023,0.02002402484340278
0.2446609639016497,0.16740560465507948,0.09252982082381318,0.08941324631882387,0.19797152637283666,0.035942726430093476,0.021452611844854558,0.10983691533672103,0.04078658431612802
0.033643473501751044,0.05082981316247152,0.07832122655926622,0.11140418409277679,0.09587223264651394,0.14398282106025614,0.30549646714548945,0.09284870887885982,0.08760107295261495
0.09485290726458111,0.11202562655099058,0.10630003733523546,0.1743923242621399,0.15901616127597487,0.18002600461734833,0.022304123362965902,0.037620753146076845,0.11346206218468692
0.16613393625326903,0.2050724553697276,0.08762495046012818,0.08537040851379067,0.10517730410505843,0.11642437220846465,0.06676403155072462,0.08192701213576425,0.08550552940307254
0.264554323913875,0.09106256618469555,0.09470808541325648,0.1734832990805386,0.11199850543293305,0.13097935188607113,0.044282611443939156,0.023255083652497344,0.06567617299219371
0.11716956678784955,0.19887615247262483,0.09717173903987127,0.07060934238907442,0.08089447627452785,0.049097541465874084,0.0817384041761665,0.2561362014970336,0.04830657589697779
0.3554296769829641,0.07505955528293559,0.08042917651270638,0.11363379821956503,0.11422195945993152,0.09061248223916508,0.021945215607975996,0.08861916980753702,0.06004896588721919
0.243781927653871,0.1525498087595907,0.07702461805795201,0.11311749153968553,0.10992444428553982,0.032901637172161574,0.08223038912497078,0.13601148547410916,0.05245819793211936
0.17527798770024203,0.04744715050004573,0.1436729073484385,0.07389769152013372,0.12386465512983968,0.059920820862904345,0.0981691254450861,0.24014690922825244,0.03760275226505743
0.25293457569644257,0.10542866162828553,0.0472371922657859,0.09878261034503778,0.10285389215930008,0.26594451578025863,0.050914615513286056,0.04166280338452747,0.034241133227075914
0.05367180916262815,0.13202170770331742,0.17089942153121887,0.09845016541054756,0.1378383833774779,0.018116905556109463,0.08854794616191948,0.24392800172469056,0.05652565937209066
0.24317915147263083,0.050990281603851474,0.0567186027791248,0.0923988979154141,0.09239809148215096,0.37105557723302046,0.020256548650928533,0.022755490814762216,0.05024735804811661
0.12007199593622116,0.13040503972134596,0.08252480427743035,0.08035219108422297,0.08859416491500072,0.022235607209317578,0.06837316932238598,0.3003780080350608,0.10706501949901442
0.22853856515204293,0.0821923368617874,0.05211637921201929,0.20318325331060208,0.11637335172062963,0.1874526042841511,0.028120397179329293,0.05181649971940627,0.050206612560031984
0.19038424103195883,0.11185652488360287,0.06448121778177236,0.15861660986245135,0.08213268281261117,0.1791282692683777,0.0466130013459864,0.027227154912365048,0.1395602981008743
0.05856294497203174,0.07327101100871623,0.04581285278356379,0.0869086951754579,0.10013384460707203,0.2994160309845854,0.14352557033550942,0.04874550423442337,0.14362354589864001
0.19380116209197965,0.0947509031962213,0.05235282076451539,0.12566029601028048,0.10129752077007499,0.24617422140040401,0.0886313593955184,0.031914407668297895,0.06541730870270783
0.16096869003342038,0.10708447747270493,0.03371267021609566,0.1516804736243077,0.12341086022713173,0.12010795234307643,0.013495585465817509,0.12544523297972507,0.16409405763772067
0.03445532034472695,0.1046073575049239,0.1293947735601719,0.17397329996277686,0.08635162438924966,0.014537144889143941,0.19988173484255398,0.15815544968804185,0.09864329481841112
0.08010209376343137,0.27871410032602517,0.08300959225693508,0.10728390037053398,0.1046304388190663,0.021188590560862797,0.08349280504977197,0.05939562692023893,0.18218285193313444
0.10760514564421857,0.08727514462046727,0.06401890279211499,0.09908646794043209,0.12165854409686423,0.21360244069391818,0.12101537537757301,0.05228187044395599,0.13345610839045566
0.211455975507158,0.03335729017636902,0.057392875360635455,0.14933487143329213,0.0745563320838084,0.2112741218045985,0.11226553943750951,0.028633708885934587,0.12172928531069442
0.06339772581437204,0.09755728218937361,0.25679643558909127,0.13296269791154655,0.12413146910884985,0.05346227933616123,0.020432712302783977,0.16986033863962266,0.0813990591081989
0.11058658487257217,0.07785068368448653,0.04868042622531648,0.16232595827109814,0.1231536065437117,0.30689441142757734,0.06382207563771143,0.04150208306689982,0.06518417027062635
0.05008214003995731,0.13674496088133856,0.10778936823203115,0.10422390473142468,0.12996093988743052,0.013502658859828971,0.15288896976025687,0.23835214214191344,0.06645491546581846
0.090356746206401,0.07566112276606544,0.102714388879104,0.15494221111274548,0.09585266084031584,0.2653631641672199,0.03130978608570487,0.07189798275460367,0.11190193718783986
0.14053215852521292,0.14072244386153446,0.08819475231656755,0.13857358375206882,0.12946765718286346,0.041747869049105046,0.11162600170062671,0.07575076646305345,0.13338476714896766
0.047508642621463114,0.10350591953115551,0.10184234514721115,0.1786783833650952,0.07978068967323776,0.2648999591532817,0.07446230840889823,0.05424475569072946,0.09507699640892786
0.1024510959200648,0.08304494288804615,0.06655270964388543,0.08653200279162925,0.1445678248138416,0.31640909982963294,0.011945817341890487,0.06310805354392664,0.12538845322708278
0.059189592986755725,0.0896539258570818,0.09324084327573966,0.21327494134028172,0.11288631529990477,0.2931720629402458,0.03651980264296348,0.041721396587948135,0.06034111906907893
0.1355725021577022,0.08197039545623318,0.1173267660882964,0.0730328126223463,0.12539104034505621,0.06412962075264292,0.13431820981420453,0.03370505280012003,0.23455359996339828
0.055759608561631445,0.24634464986496155,0.09053984264588417,0.21601404194553572,0.10683055980785516,0.014204720499976585,0.00831215077829023,0.21134387010737912,0.050650555788486006
0.21500686875461336,0.14567567410803473,0.06208753760842012,0.1577870808432015,0.10514291958099031,0.11658638469196163,0.0825087137272605,0.04508106621377352,0.07012375447174429
0.1302251089184567,0.13601880689046475,0.06085695286664228,0.08687991875430086,0.09685318584006052,0.09018313514493674,0.2649569478203187,0.09005342552862182,0.043972518236197716
0.13287367586263193,0.17032057582395585,0.07907430186206742,0.07746671812903495,0.08956672356717389,0.17085410540766535,0.0633020763786985,0.051195093575327554,0.16534672939344455
0.054269976461095104,0.13501120784684426,0.04325547398396778,0.13301812429480744,0.10661599333417593,0.24528316173881212,0.06893252863055949,0.0890089815611897,0.12460455214854826
0.19448666165951264,0.1037654527643677,0.061532385238389366,0.13122819193803725,0.16605481998567748,0.05645407634746407,0.11911743835300259,0.07581689450930437,0.09154407920424452
0.14560166069006705,0.0811895853782605,0.1410840724560046,0.06893452134016695,0.0817581034431253,0.2529788276304288,0.0460230110732362,0.1410003531027296,0.041429864885981056
0.06488658828848941,0.14599439866394268,0.22982828247613077,0.09734935773997559,0.09713792202951017,0.06849314206674578,0.020825073579543645,0.13590693771796206,0.13957829743769978
0.20920725070880386,0.06259150143381938,0.027602564793253032,0.09872197925541404,0.07233751805343107,0.3632427432891472,0.09072484272315406,0.027889804962974996,0.047681794780002416
0.3922419883271689,0.07451781019257768,0.06511688146409393,0.08655106139024275,0.06425820774990364,0.15036558084067694,0.08611784582431237,0.05313758612138889,0.027693038089634952
0.04892586614581437,0.08962427633040938,0.07456418200562244,0.057336168667297106,0.0736694601951529,0.01029146568226807,0.4945305239010551,0.09446399682253383,0.05659406024984672
0.06888965263046114,0.14775112034116047,0.1590260738510669,0.08038791134968017,0.07836661297282638,0.13333845444500533,0.06761389805982293,0.16689701351506933,0.09772926283490735
0.15462219843882216,0.11804206419235659,0.14236402739933332,0.08974909269312666,0.14610287667445823,0.021430190102664184,0.09001305642502587,0.1392112722082727,0.09846522186594026
0.32714095121017545,0.06075420080533874,0.02922037988754446,0.08733813061854016,0.0923822092228872,0.24225265491461648,0.02070895118375921,0.08192616861461206,0.05827635354252619
0.13092481041270704,0.06943971836162464,0.09043158436279668,0.1137913827774476,0.1358451795562768,0.17464444619669173,0.14627734411683205,0.029356865271725985,0.10928866894389759
0.13516117237642764,0.17508986849618968,0.04892294983089013,0.11824212590226996,0.08447990970731693,0.1136776023817279,0.15539047206588946,0.057693882975347076,0.11134201626394123
0.12002177550936526,0.1371962315188456,0.03177484517675519,0.12420799758906258,0.10201983264628338,0.017851755531642546,0.33754619607092645,0.08663519489281439,0.04274617106430471
0.19316645175861802,0.07586608355316095,0.16801358149599474,0.09091957738708255,0.08562931569634709,0.028899952483728408,0.02838470699470448,0.23035453230749559,0.09876579832286808
0.2090188932124087,0.12610025129069657,0.06504563275299675,0.17615482794604775,0.0972950148733182,0.0811980445966858,0.06748395584117015,0.09337688767810433,0.08432649180857171
0.10618483530899603,0.10809843417858046,0.038410047883177915,0.08329977448530768,0.114849587823396,0.3791365295255651,0.028760923236907706,0.079490083846325,0.06176978371174405
0.11028744724974182,0.11387045945037015,0.27920912981630225,0.08561428490537153,0.08716033484128376,0.04270386279643477,0.021120605704810325,0.1521666647547706,0.10786721048091476
0.0541606749267014,0.15967638152789715,0.12916457591402405,0.1018321968840847,0.11258331268576661,0.02499592152990245,0.016120968200494776,0.3185702239319312,0.0828957443991977
0.06973000775610884,0.20199238427813615,0.13958167559493964,0.06136824496686958,0.1213045660930437,0.039453691027223854,0.038998031557493824,0.2836900610171293,0.04388133770905505
0.049935284908339685,0.10583687218905519,0.16989437000813204,0.08004497544550764,0.08406197606054568,0.18333883601686493,0.11134644913394759,0.13036293819117709,0.08517829804643018
0.15514280432959676,0.11455187979988457,0.15725547238551407,0.12058906488898974,0.13941454201140233,0.15167702686010698,0.03584467423888247,0.05511948202561473,0.07040505346000853
0.30357944626903277,0.11428021082214708,0.08089214740825905,0.07782116663821796,0.09610142097337644,0.005185909757204643,0.03822243989854313,0.26684547429605915,0.017071783937159735
0.1560182975837583,0.16342855424353478,0.1255485469068703,0.10166233905984272,0.1375236353232814,0.02545715565898904,0.06741121418437841,0.16312939895286835,0.05982085808647674
0.1605931782839508,0.13408472214230396,0.07851139305272821,0.08830957829976609,0.16635255307041077,0.0857292136371477,0.043895103264292155,0.18378651565966164,0.05873774258973869
0.1060921322901212,0.07738911179276001,0.06675445001423752,0.19560590664373903,0.1079070908714414,0.08221719518335352,0.053104756110769556,0.1316297779129484,0.17929957918062936
0.11028186627104851,0.04300894014536474,0.053394469595095174,0.12680574384560814,0.0871567148074669,0.3020083419591473,0.0845037974261395,0.03933682183840085,0.15350330411172894
0.19006086916332235,0.07311794965941341,0.08046430385944031,0.09707928103429281,0.11440613970038079,0.04415233676846514,0.06592634796526818,0.2604478384304904,0.07434493341892666
0.16999314651355632,0.048105111420934536,0.04096658589109937,0.05652740916103175,0.08049159897376508,0.027669263126932995,0.4012710953988594,0.12397453187620378,0.051001257637616794
0.1212698054165865,0.04569837913248037,0.06657455943195417,0.1372478866322002,0.09616237188241246,0.40725340213429617,0.0174938196753834,0.0366509754978059,0.07164880019688083
0.1418608032214251,0.18200375614292005,0.18525701877495857,0.07147888349280329,0.11030562400066322,0.02278405712647491,0.05399527316697983,0.17856542296291608,0.05374916111085898
0.16580189733754536,0.15566703109282734,0.06514999422430225,0.1262298879402353,0.11395052371249766,0.06372257212840159,0.012712384776327525,0.16848195255930545,0.1282837562285575
0.031580906869006546,0.2912713759339947,0.05337491314303037,0.11842094042028473,0.08719423029557379,0.13048843772564786,0.019561955798956258,0.2031251436145374,0.06498209619896836
0.037945124074219974,0.1231684295749999,0.11344843448403523,0.12803097697688778,0.08871664042216532,0.1314434353698297,0.04381152567553151,0.2048879804519975,0.12854745297033313
0.08390769814393388,0.11364963997857573,0.08897867188300346,0.0853188842809447,0.10334387084103369,0.021641441901893186,0.09753141959687778,0.16947375792417604,0.2361546154495615
0.16900040548194198,0.10192330431526068,0.09007770282331906,0.13193231387018675,0.11833565180875417,0.06189412373496082,0.11206079004242749,0.09946713221749982,0.11530857570564923
0.10859261429277452,0.13132536992560934,0.10068148774449322,0.13942187859703317,0.128771786411476,0.1559827905371567,0.014857606393309663,0.09540004273845964,0.12496642335968772
0.03232479748455296,0.17556802820035636,0.0712417981941802,0.1604610806359999,0.12871083308849285,0.16108440711356983,0.018494535582702473,0.14928303848484095,0.1028314812153044
0.059918753113670564,0.053547166807762364,0.14043681317322437,0.14421753916357047,0.1084030979681916,0.2373160641245097,0.07452805309415964,0.06237892358777266,0.11925358896713867
0.20107941313043054,0.15002159868408718,0.05290543285279708,0.1923552367940633,0.11037746594852882,0.12171635222026315,0.06860008405384925,0.040882091498292805,0.0620623248176879
0.1134688502760995,0.07732536214547585,0.037045638577049914,0.1394319162723391,0.08343350959844566,0.02121386793295753,0.4185025271291203,0.08597909717356488,0.0235992308949473
0.27081767672657103,0.10902255318955538,0.06630465651317041,0.08889423761682995,0.11711843633954479,0.07243926777139538,0.059593890043291235,0.094305893157912,0.12150338864172976
0.16090769951619546,0.09629969308915269,0.051166676448419456,0.15674047750718398,0.11331303469867628,0.17433507506311874,0.04118646176253853,0.11230753113444447,0.09374335078027052
0.15545381469418548,0.07114958033765321,0.04673698972237932,0.14708507445297445,0.08145167937017299,0.3294018706943995,0.10961044571064171,0.029695508319697233,0.029415036697896146
0.12364303268599901,0.08366694763119398,0.1882866818877368,0.09736646653522697,0.16170960450486102,0.07452711784567856,0.04906768374961279,0.18072209694504351,0.04101036821464741
0.09609981069868812,0.09611045486584091,0.11354434913093153,0.10323600981937643,0.17008431501385654,0.05939768099829354,0.19817884207530886,0.14049066325792606,0.022857874139778047
0.2252190016020408,0.16160980744839884,0.06261678672975396,0.14637347092172004,0.09667404940082125,0.08288334689550314,0.10228462084427493,0.08255044077430675,0.039788475383180276
0.3584093148698823,0.20747065538735185,0.04350468627641973,0.07558615149295754,0.08762119995855196,0.022269425046775357,0.022776344309491478,0.11135714764645616,0.07100507501211352
0.1477415597618892,0.05613410279489172,0.13863537420260888,0.10669439851192013,0.11091915633521672,0.15601176738853204,0.051779854942187516,0.1324855816350299,0.09959820442772382
0.15145996022915345,0.07944956470477231,0.08157596105066915,0.11037218677893668,0.11888952030230836,0.21375513611548427,0.03794822512480768,0.16368363782810236,0.04286580786576579
0.13275598114501894,0.13086313037693723,0.032497532154845736,0.12411833420534264,0.15066174221299458,0.13311933916784505,0.10461343150892805,0.10237776590796847,0.08899274332011932
0.17851848134821627,0.13603134341116432,0.1113142638435678,0.11362497775044693,0.14159022009227526,0.06300038267690829,0.11636169953347449,0.09534097121331124,0.04421766013063533
0.06254164263783972,0.3642169323657946,0.08101095325970352,0.10289831162721196,0.09612627372838302,0.046075006106905965,0.028110143464715128,0.045517831811800406,0.17350290499764565
0.15032451217709686,0.14800488033243267,0.1046548528715036,0.10569680237968236,0.08526143804949815,0.053951734415508074,0.15322525090994352,0.10937011674636558,0.08951041211796922
0.13748784816135165,0.09110982892806374,0.061224518828701315,0.09866808936247269,0.10114215670619014,0.08534284847409977,0.28755939673821945,0.09787467486253447,0.03959063793836676
0.06990087781255697,0.05448886986668248,0.1868767572175,0.16641192323551787,0.08872157789992126,0.2113208291723486,0.05264149162939467,0.07145567086421273,0.09818200230186543
0.06869167773812129,0.09158567957030388,0.09354149879953959,0.1032943143056796,0.10679772497418866,0.24243907702279235,0.1451471683958255,0.07586808997554748,0.07263476921800167
0.12167715664039014,0.15638635656527144,0.1160640167853569,0.18364068685956023,0.12921187987540725,0.07453408877039445,0.008157845676532494,0.16211183999418163,0.04821612883290554
0.08613798066972138,0.17546908099473127,0.126467731454433,0.1110681575811243,0.101814853926515,0.039724404604242584,0.11256317383598062,0.12181334003514177,0.12494127689811
0.0852431530633236,0.15298328122849109,0.19338523315927422,0.13015770476985522,0.13619419504277466,0.02289005703977561,0.08937536354105875,0.11800103127544358,0.07176998088000314
0.04249641216715324,0.07380150035237841,0.06407462933423558,0.08679100537906738,0.07773626665417432,0.3423625419933905,0.1517415237345,0.09228775196683671,0.06870836841826383
0.1940900760414941,0.0776602815262478,0.05635915662913723,0.19733172928251164,0.12827221973238342,0.12435703182958165,0.08765415927633163,0.11445949226575695,0.019815853416555573
0.024598028741860335,0.24249069902229178,0.07759052122518133,0.16779847084250973,0.11129305059529114,0.05382713929560016,0.030241602959793442,0.12607655361063436,0.16608393370683783
0.09337226394818932,0.10500785328598516,0.06711627005164722,0.1321595859632905,0.1526421242904724,0.12633185843706182,0.10592896739632927,0.03553031620033042,0.18191076042669393
0.03634644239121321,0.10949944964540624,0.08857770935279524,0.0897814202583725,0.10706525328829564,0.10935626893007405,0.21777180057469792,0.19991414181012904,0.041687513749016164
0.09168870177248095,0.06866437741546655,0.07701283815680796,0.13181764624180103,0.12567815653182743,0.20336523447689359,0.023126735604634813,0.20238052168230028,0.07626578811778745
0.04964889949884432,0.13478424097134628,0.20753226667792724,0.0917860530585322,0.07001637302741505,0.22037152294147397,0.04656232865463485,0.052316019956442666,0.1269822952133834
0.13140352429491123,0.0593382386416629,0.09922375890845796,0.13549766125841084,0.10467449192967748,0.20089793548869217,0.07489522321592969,0.12748682658776597,0.0665823396744918
0.1923023118558265,0.1838356403897302,0.04738220627446866,0.07011835828691991,0.09183281711579509,0.051100605767478456,0.04375712665035993,0.2835410824050875,0.03612985125433382
0.15981092321105897,0.13222372939499083,0.16931684393729707,0.07365293226945481,0.0927630681972838,0.010299367689578865,0.11178255380256479,0.12608690104853978,0.12406368044923106
0.13589294080651965,0.10892163243592874,0.07189000050827397,0.12010645187558196,0.08632750605512472,0.3036128976859381,0.07275589731489594,0.06757571776366127,0.03291695555407558
0.27392405150724014,0.08896595409170067,0.06523951851696243,0.07834134262159032,0.07895174603804246,0.08723270455493935,0.23757670577876497,0.06873934331160207,0.021028633579157557
0.05782856360679712,0.03187716411360514,0.14505512458592426,0.1395050845794272,0.09819138550544508,0.1155979315456786,0.3064457253297453,0.08366836702465681,0.02183065370872043
0.1955713545746055,0.1401083960594729,0.0633659753719454,0.15539484181118499,0.10172858451693743,0.08505594214221661,0.09794470838695019,0.08561329732902893,0.07521689980765796
0.0862893532454057,0.18263484612476807,0.05218464202671044,0.13616196259500826,0.14063548731205291,0.10470269684975701,0.15854062083837564,0.05281690974064388,0.08603348126727818
0.08970893586835245,0.09630613517938079,0.06874497618823243,0.10591567252336476,0.12377652169896732,0.17028569531478208,0.05293639693726886,0.16206387175206144,0.13026179453758993
0.13638052010819976,0.06112284178884659,0.1374497128277092,0.13978885609274608,0.09719432780961822,0.25395445158851787,0.041109031100593,0.057535068958159304,0.07546518972561
0.13323681161065642,0.09005207510123747,0.04122125557797422,0.14082750083937548,0.06036969751985663,0.04554414265876741,0.1548228642772789,0.26791400372209034,0.0660116486927631
0.14421941652605907,0.034794277818889184,0.046155369820471366,0.08836103225688946,0.07392686866845607,0.47427885163760325,0.047883421673857306,0.043338455839222044,0.04704230575855218
0.017457547308535392,0.14775343156413198,0.0792796434292215,0.13684618076749758,0.1199564141675677,0.29800408424747343,0.11583396310724658,0.03168522995237375,0.0531835054559521
0.04707177360654353,0.07910217803816826,0.08733229778544714,0.10861562050277757,0.08034833318324748,0.31255118058062153,0.1299105301418738,0.06486527596542584,0.09020281019589488
0.13860011152843763,0.13408030198138887,0.04879442130043917,0.13253644809939644,0.1099568050709851,0.12282591043082258,0.058554075027702324,0.21181487307898275,0.04283705348184514
0.04208829252356536,0.053395245420497166,0.06073309674207129,0.15203537508709722,0.08245025394647276,0.05450385570949065,0.2680374674609415,0.23720732106023382,0.04954909204963032
0.1582468340721108,0.07502381836557166,0.042852720896677375,0.10929198544684356,0.12247467748135334,0.32766260246761836,0.03311887503381306,0.07108599249778441,0.060242493738227355
0.05939290975530706,0.08289346082978083,0.2608646431015383,0.07743894466282662,0.1080475111848518,0.10838590631073215,0.10142829110397573,0.08471273582276184,0.11683559722822572
0.2082741822792533,0.06732744430742077,0.05481536895024263,0.1165813476291772,0.10757301152948721,0.10517259710729503,0.05471272557684851,0.20951530413135186,0.0760280184889236
0.0404418194962392,0.12244234744398647,0.09226971105209952,0.11589083098850027,0.12398136025250271,0.10074901188424638,0.06824839961963682,0.24559714306001568,0.09037937620277292
0.028747499248008863,0.09057837946285764,0.07533046447183739,0.1196674403361857,0.13114912286465727,0.03126062813932101,0.2660207830893791,0.19416039949828723,0.06308528288946584
0.21872827018211952,0.06420698098848299,0.034794914458032074,0.17290494071581577,0.1236726607870365,0.2050001866680223,0.037224862357948224,0.05445365246205247,0.08901353138049029
0.062134642713630804,0.08055150424561597,0.08773957940435523,0.13296478151733787,0.09612784007064272,0.35680271006818537,0.043265924171461474,0.037074235934587675,0.103338781874183
0.24468765676131934,0.10464877226797797,0.13541294401490417,0.06971062672713717,0.08019602774160968,0.04405934336382152,0.17704831223312203,0.08312111091527875,0.06111520597482931
0.043045373697215845,0.07133019947404934,0.10395584845187882,0.09213194577711036,0.1740235127308043,0.07384785749709144,0.04737175665549165,0.3153837357002421,0.07890977001611627
0.0714749011452403,0.15864360651317966,0.09168478094652982,0.138206189634541,0.13595893407889245,0.11076513070938815,0.10967435589173802,0.10078328477901825,0.08280881630147242
0.2196301877734175,0.09807378211772884,0.06971557655874712,0.18364633774071817,0.08861396278110138,0.038653455897533835,0.14062843975913028,0.11748369619751113,0.04355456117411172
0.1695287562414739,0.0977620187022911,0.05303200822718409,0.24024675339394275,0.08109233052710242,0.22000990570645218,0.025965351589346247,0.024380150143630666,0.08798272546857659
0.06516277843506635,0.09632270278287336,0.17557852947348715,0.0921703959045088,0.13895416938504712,0.09906206376826432,0.16201967550992447,0.13461983149672394,0.03610985324410456
0.03599773960718527,0.12542169701288974,0.1339238738425302,0.14800333102453825,0.10824632842282249,0.12907824292410539,0.0838928418904154,0.11760467412744162,0.11783127114807164
0.10882199811405213,0.13144518466742636,0.10925797793980001,0.1340679549746585,0.11271056681625495,0.23836964527724191,0.06825921865549264,0.061312317674643006,0.03575513588043043
0.037821052803512334,0.049288966815169734,0.058962613411476704,0.08868470463214179,0.06860912374308474,0.5015991461020272,0.05684737869979145,0.03488355533969455,0.1033034584531014
0.18770158734822995,0.15541637197021343,0.05431185712611625,0.05575775122551919,0.09502901235591428,0.04361124362668999,0.1039028718554829,0.16729636607271017,0.13697293841912386
0.17142902703120289,0.13614455464622452,0.10494578930119319,0.09438458184180981,0.13285739411030933,0.13844421859780118,0.028433994978010305,0.15844764664806524,0.03491279284538352
0.17123471722661776,0.11044450442363651,0.195340045962599,0.0688109344279497,0.07901144217027166,0.06085508304225561,0.013529325244574572,0.09971257543959049,0.2010613720625047
0.08277145739176861,0.1839535043182079,0.09126861069494176,0.08180747802832528,0.16257924479951527,0.09893210118565815,0.04098836718906363,0.13049048035194324,0.1272087560405761
0.046110989603062556,0.10740946828322323,0.1555517272234799,0.10757741634200717,0.10558443981465808,0.04836243096052765,0.10881732842083987,0.2233673608426617,0.09721883850953993
0.13806612738074353,0.10150590010773362,0.13852794140101582,0.14637217233202102,0.13721892643561595,0.11933196751760328,0.07493075744540105,0.05690952259578882,0.08713668478407693
0.09180782968033896,0.06104189358019415,0.12726351242655587,0.07009871208113666,0.06466776075287436,0.06819313604501387,0.36545792147831646,0.10966190616446003,0.04180732779110966
0.13552890460190606,0.06827589388957443,0.14225535136664502,0.10904173479829521,0.12059752625766834,0.1547352039237083,0.05873568832640696,0.08889256665116045,0.12193713018463521
