0.10524824094303703,0.10655810132735107,0.11784917785792981,0.1397323530211524,0.08484040095283928,0.11370905525110286,0.1374072452260193,0.08223176239878656,0.11242366302178175
0.11420710040162711,0.11022881187093468,0.08665542472581723,0.11214211764539905,0.06869197150854628,0.12301083171717182,0.13925582709811657,0.13067860107978968,0.11512931395259747
0.09568077870787595,0.08936205788356437,0.12952974554349103,0.07183263200292604,0.10602352515386541,0.17939271626395312,0.1070028019112984,0.11833675473448946,0.10283898779853629
0.13071354792911286,0.10095904209751107,0.12957727649812514,0.07840675708689983,0.09778267106366319,0.1381332262796695,0.10920141779748654,0.1030539155641869,0.11217214568334499
0.11827665833925916,0.12010634355204264,0.11692040868639438,0.08234131506570296,0.12327806506000061,0.12513410010061723,0.097031801584542,0.09625649798188933,0.12065480962955168
0.14419142220895828,0.08834791235577388,0.14212996637110145,0.10495809833599483,0.08284774361707821,0.13431571280093657,0.10333913125096035,0.10402688535743028,0.09584312770176621
0.09683260630281176,0.09368132628809056,0.12176106351789355,0.09613678059390678,0.1527002459956466,0.06852369519073916,0.10643478020231971,0.16455667913764369,0.09937282277094822
0.12322268249759799,0.11289800926169645,0.11479796868762586,0.07738664754559937,0.10817295535439907,0.12035718989920645,0.12961655147830772,0.09454079944605613,0.11900719582951098
0.12414925689358429,0.11694949049937099,0.0997433347910553,0.09256797331219806,0.17988254653857902,0.044741848329778934,0.10955665118589315,0.11799068043969158,0.1144182180098486
0.09953398162782996,0.09248894523948613,0.12028625332019806,0.0895277384712571,0.14680450673559167,0.1234431042630751,0.10281620579685506,0.13396651388747763,0.0911327506582293
0.1216436320755196,0.09242810674569779,0.13601230240079107,0.07837271604414058,0.11140097223592636,0.1546577015941499,0.10743240668054455,0.09626256444592907,0.10178959777730105
0.11361549884000018,0.09689916255022168,0.11320846063528457,0.1193164192465264,0.08416505959684693,0.139803084455106,0.13318139684303168,0.09020862549906251,0.10960229233392
0.09187658382555651,0.09433271274256784,0.12251945909322282,0.1548961626029188,0.05630757539871345,0.1429798305144274,0.10882947583817666,0.11503232807013063,0.11322587191428592
0.13027190124432217,0.11108767663936858,0.12479933164068206,0.08235040686760842,0.09085934900424675,0.12576083608937558,0.11292222297362924,0.10107764388389118,0.12087063165687599
0.11252353037420666,0.10996040626090875,0.14246116227254488,0.11450583021631834,0.08934228371139301,0.10427638248294331,0.1009060794958729,0.14413906649133387,0.08188525869447831
0.11291580407077655,0.09652282929735345,0.09499642474351992,0.07997379346228349,0.11380840771441392,0.150321674005988,0.12804182183618704,0.12347001303702866,0.0999492318324489
0.10052548195082511,0.11066301639444387,0.09293951424853282,0.08044794779735555,0.18788824595528583,0.07622482331935136,0.11737536442755137,0.1150756190145374,0.11885998689211678
0.10968260685470277,0.10279275918658187,0.1598169748922299,0.11088007857629029,0.10152374360454457,0.07695760632906774,0.11240040441458432,0.12116840315738803,0.10477742298461057
0.10860198133696419,0.0851523575582581,0.10483814694398004,0.07436779316342235,0.10494442953855981,0.21314285047417725,0.09669846363908392,0.10308493629087545,0.10916904105467891
0.12687261285243334,0.12420328415474569,0.1000540076898147,0.09055358807474038,0.13427226013174262,0.10546025256061499,0.11736822970984274,0.10157787700525567,0.09963788782080989
0.12935779169102293,0.10487592955363474,0.11312763154688298,0.07829157388710611,0.09737849068023234,0.16407895295667108,0.1365159298910722,0.07606329285050561,0.10031040694287202
0.11525536867821762,0.08881878449414164,0.14902181920467478,0.10486968694436122,0.09751043732067871,0.13933515089131773,0.09737209235541718,0.11412783444514325,0.0936888256660479
0.10392701147151989,0.11898735708963576,0.08609370077214797,0.1273969542785923,0.1200424793226297,0.0638983017876944,0.11009493084317856,0.1377812624335186,0.1317780020010828
0.1056624520110054,0.1114306793302149,0.11052658477831079,0.12135265574679723,0.1208404522923354,0.07058626884767448,0.12075791234677398,0.12740762788177853,0.11143536676510925
0.11230197006682963,0.09709422346091783,0.12880883596404272,0.16395200450777445,0.10588619589335026,0.07861858144568874,0.12582701535547808,0.08418862239514845,0.10332255091076986
0.13624163471442274,0.08623828034555629,0.14552615774390307,0.13338345945603855,0.10260425042134173,0.09196161564884091,0.0892999838916279,0.10814115807061042,0.1066034597076584
0.13586237544175092,0.09410791310868727,0.12239659444534871,0.11824304440707517,0.07558090771445629,0.15168162477673391,0.11773951057205258,0.08657684672654054,0.09781118280735464
0.10168419265104241,0.11412727081873193,0.09786401407376127,0.1359807919870684,0.1233315335818358,0.08595152306800656,0.09934473167365887,0.1089557021705813,0.1327602399753134
0.12327062096042037,0.0917224144291615,0.0940951052895209,0.09008701759840039,0.08098027357408896,0.17899301048983385,0.10289850719733917,0.10891540656184136,0.12903764389939346
0.1179166335826647,0.0988372468257685,0.10287512022640961,0.11858740666624477,0.11565042687543876,0.12914393853829823,0.11040209745627666,0.09442813564401537,0.11215899418488336
0.09722214832078624,0.12397021382642877,0.08610626536943022,0.11643519172951523,0.13733624511094714,0.08052685611177644,0.10804619552879036,0.12816993585400524,0.12218694814832037
0.1317580043277979,0.09693534192551351,0.06873051302329647,0.07686448926312646,0.10844234684454095,0.15009037248095813,0.10871938621669752,0.1577174722496775,0.10074207366839154
0.10200131510576622,0.08610300943686398,0.12823322730423345,0.09538063045366618,0.09918868719603229,0.15929976158904072,0.09307575543238727,0.11924244555356918,0.11747516792844075
0.11140887959695674,0.11444255647461145,0.09736040615646102,0.08247037631593994,0.10146863708933414,0.16905354871319936,0.1346385356466374,0.10478561951595218,0.08437144049090772
0.11575559711880663,0.12667582366016558,0.06640603907328409,0.10494171203900611,0.08866412249361937,0.16592207512327603,0.12363634583410686,0.11011656700243717,0.09788171765529824
0.132143949504455,0.08199263233053249,0.10214201020392417,0.09368484111047005,0.07947951840626744,0.1703467110173684,0.11573052030082975,0.13433281933745087,0.09014699778870179
0.11784414675887078,0.11254448659699871,0.09965786748376491,0.09778037254787623,0.15486573212443253,0.13339977413019954,0.12272605624357881,0.0671102136216104,0.09407135049266806
0.13262655724131808,0.08752514169816662,0.12061830415354156,0.08662509829310387,0.10614643801707117,0.1365741838900081,0.11522269172156702,0.09039225288874018,0.12426933209648343
0.1344585876908236,0.08770644046973915,0.09670120032733331,0.10420298481718522,0.12387093398431794,0.13070002994227728,0.10633556675617406,0.10437608686111399,0.11164816915103544
0.11117929983280062,0.09725882233658134,0.10886370305196158,0.09153277635512924,0.18711168408618928,0.05225452959460831,0.10734058193406953,0.12324130425618252,0.1212172985524776
0.12514933641606532,0.1196788823278533,0.1291815236164828,0.09376381806863547,0.0920533004602182,0.09771369446280127,0.10000887688066575,0.10784216521789157,0.13460840254938622
0.14281157881210235,0.10627634891609777,0.12112414961480582,0.13978567074030165,0.095046192982106,0.06767685949318643,0.1105868907705806,0.08575796810430499,0.13093434056651437
0.08948549391129997,0.11524399845482337,0.07376339755318619,0.07886392899726474,0.08546706501267638,0.16142555464879052,0.10668148919038245,0.18986465863358126,0.0992044135979952
0.12859517417069302,0.10084689205402723,0.08649618482009824,0.08132168687212078,0.14983690755109205,0.06761726913750274,0.13153803554219942,0.13302561881102237,0.12072223104124412
0.1234988758780794,0.1150769264952398,0.09940099599718137,0.08714442062423243,0.13965902674563677,0.09475794239336788,0.10573331109911761,0.10343082254164214,0.13129767822550256
0.11474380011998601,0.11637522364147566,0.09429621682883203,0.07626021263237379,0.12609268799968035,0.13971839675772774,0.11262871442907403,0.09615407127447657,0.12373067631637374
0.12207237815729255,0.10026869906938733,0.14391215170519908,0.08485103106325616,0.10203107720863247,0.15099203017182516,0.10341933876331551,0.08709722757442813,0.10535606628666355
0.10609271523208762,0.07736525938229788,0.11907404653431762,0.09924533954983733,0.0993366721214145,0.14383587336146028,0.10819884460229028,0.14249096844498044,0.10436028077131417
0.07827337381231408,0.096647937695418,0.09901066485329872,0.1029203924031558,0.1311714634093556,0.1801281723120396,0.11195241623258596,0.09699771392564253,0.10289786535618974
0.14209037742423425,0.1029578907916261,0.13637810235905104,0.10735726566309041,0.108633172114827,0.08365939873103297,0.11650761704028005,0.1029735843050315,0.0994425915708268
0.10776110909410004,0.09413112054415136,0.11386324549208586,0.09530365057363625,0.1627052117396227,0.08877046624400303,0.10166200824671769,0.1476647129684485,0.0881384750972345
0.09336265330873984,0.09213090915153337,0.12678897412228649,0.08850039889737027,0.07797988832707187,0.20764125106629047,0.0981767499244905,0.11938358042583179,0.09603559477638551
0.14023779434342706,0.1065409440528408,0.10810434795868855,0.11418982009372192,0.14776430015698672,0.06425196610150673,0.11602588538786851,0.10849135705461906,0.09439358485034072
0.106922680003441,0.10210019468021096,0.09955344521659541,0.10333204791367422,0.10339602982213503,0.15000821573570733,0.12619335732404185,0.082955198719172,0.12553883058502222
0.10839279003628761,0.09758868151515422,0.10576540653108672,0.1299211858868833,0.13870084114754297,0.06601013846207393,0.11425018733494342,0.13363149176216915,0.10573927732385856
0.12419980237553295,0.09549107042893841,0.13282631698175207,0.07975303630031846,0.11218970747772368,0.13839582388767305,0.11906179374519028,0.09595111421675123,0.10213133458611982
0.09847685007401785,0.09365985862180369,0.09722463810195987,0.0827371272411032,0.08974687958675603,0.20540627069124248,0.09891256643474422,0.12337157091377314,0.11046423833459951
0.0904991630185205,0.12696781230935172,0.0853154436396129,0.07803933338459328,0.1139858079322228,0.17566941871931,0.1083609451509428,0.09945199005893064,0.12171008578651528
0.11058375328107121,0.12380185353093631,0.07822992504300397,0.0972892573997709,0.1437192831345095,0.09498531396834935,0.13329181255345954,0.09628630229332137,0.12181249879557783
0.09197380419531904,0.13214365349792287,0.12437672218930253,0.09797238622409009,0.11634712038770674,0.08942315017495896,0.1118913353282641,0.12727279537108646,0.10859903263134914
0.12778756087611085,0.10936380970991567,0.08951159149099919,0.14607411375335708,0.10227545646496562,0.09919922162831545,0.12088110976434453,0.0836321530696618,0.12127498324232978
0.1179166335826647,0.0988372468257685,0.10287512022640961,0.11858740666624477,0.11565042687543876,0.12914393853829823,0.11040209745627666,0.09442813564401537,0.11215899418488336
0.11185338936156612,0.13288368681473997,0.0847317230459677,0.12141310805958792,0.10789639358316677,0.06589380107266866,0.11594271133877987,0.15299227070717136,0.10639291601635169
0.10312254263488274,0.09669554910307264,0.15540050069421552,0.10439551825597866,0.07905769670991943,0.13417477461728375,0.1118124332510741,0.09261048547253196,0.12273049926104118
0.09149456513850596,0.09958978592228274,0.13191963288039857,0.11367719542251072,0.09205015299785456,0.14157435048527853,0.08917079067058516,0.14157814271779254,0.09894538376479127
0.08807353543771211,0.08656192554772686,0.10950552136792417,0.1556472257628626,0.11545074565183262,0.11175898421817566,0.10451653394308591,0.11981339157933614,0.10867213649134388
0.08961448833498209,0.11236897301282132,0.16685210484110413,0.1034791574140876,0.10829500571839645,0.12151394780526194,0.1195308577750867,0.07569814015865073,0.10264732493960908
0.11939760407140983,0.10100556534414477,0.1376538507397107,0.09114212330344618,0.13190934794012443,0.1144066084287272,0.12098098075879272,0.09924143176844263,0.08426248764520146
0.09180355880874773,0.1289034737891244,0.06826229520513777,0.11774917867035921,0.1750729684284008,0.03753968638282937,0.12196555327172592,0.13040067847527878,0.12830260696839602
0.10519840374035805,0.10634270126463287,0.11245587303516062,0.088297716870657,0.10331614829047825,0.16434062715873277,0.10877683741614763,0.10642037538303144,0.10485131684080139
0.09146034757447659,0.1236177187823372,0.09489427369990326,0.1293372577946826,0.1985649378408768,0.0470375880032901,0.11689620310023373,0.08048012797258967,0.11771154523161005
0.10821538042595129,0.09778659090160839,0.05564875865498039,0.07747187432803639,0.19736102491158106,0.097050144849948,0.13073885963318457,0.12294320785982789,0.11278415843488206
0.09926112161175604,0.08180038338685654,0.1162495187417824,0.11482872850065272,0.11817934378474682,0.1373416703817206,0.10333720581389798,0.11925323651986375,0.10974879125872324
0.10272850844883313,0.15552723914052283,0.06517961220672654,0.13020056015902007,0.12553465675652845,0.06519782159275449,0.13677051502205076,0.09611526504918294,0.12274582162438075
0.1369282541767588,0.11195963856268278,0.12657957480006043,0.08255410368114506,0.11939307976548585,0.10086818700764429,0.11104363897794918,0.11851568040890388,0.09215784261936966
0.11736229988335156,0.08654411555914193,0.1078294948664645,0.08885875232223339,0.0853703388671745,0.18071609752415005,0.10401077362833593,0.12557416570742552,0.10373396164172266
0.10915594216540021,0.09847143623874832,0.10798338173915178,0.06489221168883826,0.11757980919447686,0.14563233656540395,0.11917801326417567,0.1261311055231435,0.11097576362066147
0.12188506537287591,0.10620092763769151,0.13396780019876706,0.10092412364565943,0.1812659616287111,0.05660963532616261,0.10924594652340001,0.07581354245175048,0.1140869972149819
0.09930188722488704,0.10691560676457808,0.09266200540894558,0.09895566678943862,0.09236544094627967,0.09388931973698346,0.10682607591708208,0.2001408708846779,0.10894312632712759
0.18207280155588604,0.11174119902181785,0.1100494124495766,0.09659731962129174,0.11256944468151042,0.06578313131384782,0.11815478876433794,0.10088608641179071,0.10214581617994091
0.11503930958652626,0.08736546303249754,0.11174684328913964,0.08065876121539439,0.11077738510166786,0.15674221928059062,0.13298124660267732,0.11307380376442089,0.09161496812708546
0.09970775527724912,0.1070912278547604,0.08604809836679184,0.14133191159306782,0.13157787356694023,0.12102088800008222,0.11260773238906417,0.09483214453433357,0.10578236841771065
0.10767862652642224,0.09869315696618325,0.12105466762778568,0.10421706508568546,0.10525586613748843,0.1181335537483295,0.12847646296708282,0.11727228304047928,0.09921831790054336
0.1380573057379437,0.09732055315904888,0.10195487874205701,0.06916994188535096,0.10440059348734039,0.15360727715142877,0.12391621149344456,0.10491966097856802,0.10665357736481758
0.12057441531926909,0.12871525642339546,0.12725858365228662,0.10559917427505254,0.09248116770328595,0.08678683287958854,0.13269027865104585,0.09701868029750323,0.1088756107985726
0.10678791079739343,0.0997561393470564,0.07463541184047558,0.117036169930148,0.13011493927517145,0.08906380169192762,0.10707754801034929,0.1412446842560996,0.13428339485137866
0.11431410646720269,0.11827702943517382,0.0699481997493943,0.0895749482777896,0.18696699396636143,0.06468511474257353,0.11497972381775799,0.11524649195978387,0.12600739158396268
0.09914802548539235,0.1034901121215354,0.12104553487518943,0.08878979779358871,0.17914461854146424,0.056545378438264016,0.10378166788115528,0.12020570145567105,0.12784916340773947
0.14293162974846454,0.11583178992899767,0.10036433833037232,0.09661258556776475,0.06586766968259143,0.12060208403724237,0.12220341105508277,0.12855789858873792,0.10702859306074619
0.12292665794283515,0.09100083042610661,0.11646046570537731,0.0695657583425125,0.06841905129641977,0.23895612694141563,0.10627954575946134,0.08235510542261537,0.10403645816325625
0.10321961483291818,0.10786284998425948,0.13560169598547975,0.07506157172373869,0.13210930654249886,0.15974767931440267,0.10539906306301518,0.08897052065249722,0.09202769790118992
0.10465244018627538,0.1182204304432145,0.14346773511281785,0.09497109802923041,0.08157676745014196,0.1643299337784003,0.10931485112271942,0.07839681800452365,0.10506992587267665
0.10790687571348227,0.11947172282025338,0.0918253822387486,0.13023430502783084,0.14456080826161344,0.07988943331685076,0.12325518946454628,0.09551073412416396,0.10734554903251046
0.08658825517391501,0.08430423961684723,0.1668185969619345,0.11100458107464294,0.21105260913952825,0.053652568875466794,0.08930738170055706,0.09521366893573568,0.10205809852137256
0.11571035254459672,0.10405455083883648,0.15278495218427135,0.12396094161219358,0.10675976145073118,0.0796518783722714,0.1204380510514965,0.10589595183527334,0.0907435601103294
0.10930019168554035,0.11059706757131949,0.1091226024127439,0.06632914645404876,0.18136322705208727,0.10202805530645631,0.11536897045029522,0.10329700163309848,0.10259373743441025
0.09251827727873031,0.11088122919549886,0.11138717821447391,0.1255918739440759,0.12888423677171365,0.09238220015376393,0.11011086430639154,0.1142850576479233,0.11395908248742857
0.11463766406837256,0.0808341465984201,0.1426582753454138,0.07672507446422908,0.1370340697691876,0.1467322076297554,0.11188743820951753,0.08506760263969439,0.1044235212754094
0.11311456935833634,0.08678088037853099,0.11177908906330325,0.06173022197877459,0.07218590967181962,0.23167712846618907,0.10670921793448711,0.1054493264582762,0.11057365669028281
0.1008696795494864,0.11106966704843883,0.15396212702542225,0.0727701107733348,0.10860166045977439,0.12256390079639436,0.10925426037764059,0.10707528443350113,0.11383330953600719
0.10709381458462898,0.09013147292965128,0.13893869874687137,0.07009424132039069,0.10501385600761981,0.19406967637809944,0.09696192241114358,0.09153021292822079,0.10616610469337408
0.12158089385796271,0.0993271729375128,0.11244081865873334,0.09698265573732683,0.09538008689399935,0.19198094827033377,0.11370822668410287,0.07413804424922918,0.09446115271079919
0.09674839282613112,0.10023396744427293,0.127507599991919,0.09598185989863121,0.11974898844534478,0.14350479955276493,0.11554423250768298,0.07965151193073874,0.12107864740251419
0.10398601098042957,0.0899849062963366,0.1544895014536858,0.1454594528827989,0.07992022149029289,0.13751566302350568,0.13121043232543939,0.06603322431715467,0.0914005872303565
0.12772984606691684,0.09536994750643862,0.08130554441199375,0.09228253044012834,0.09423902727705681,0.11282965245736254,0.1322076634460983,0.18603672340470265,0.0779990649893022
0.13276304941164604,0.09003304759137416,0.1264801074020683,0.08467676215908303,0.06358626097500723,0.17641570673249382,0.1266216099281879,0.1072891956457435,0.09213426015439607
0.10596654675861783,0.1196987972189737,0.11759657967249044,0.09471708245735407,0.08286731201119396,0.12577269720317885,0.13458699873710553,0.13926030036951795,0.07953368557156766
0.14919641346617693,0.10860028622524918,0.09271647247824681,0.08186188185527614,0.1079778817402532,0.11726682308794033,0.11118508710501158,0.10323317229909602,0.12796198174274975
0.11279570381034948,0.10818003869919389,0.11162981777930436,0.11125306568365927,0.12220255501786546,0.09701225826282596,0.10492489905284903,0.09560689483872266,0.13639476685522986
0.09633492086693847,0.10965677610906449,0.1078443035441317,0.08923335618079453,0.09918643671399681,0.14465271906580188,0.10629914330093648,0.13031681628157923,0.1164755279367563
0.11694765820559667,0.1056939589199517,0.09061103860802917,0.07959709228960886,0.11171837876180997,0.15237529018339832,0.1240357731195435,0.10212198180390784,0.116898828108154
0.10242230033965848,0.10087135980987716,0.11472547077747867,0.09381839546981646,0.09415670039100577,0.18330422945793393,0.09810801001083158,0.11349057641047267,0.09910295733292525
0.09134583311080324,0.08585294985350045,0.1015340653689895,0.11951878155089542,0.0768026859213103,0.18042540634210172,0.10848306439677823,0.1460562343111255,0.08998097914449564
0.11050674580824198,0.08510492930164644,0.11429651034264317,0.10703142014750049,0.1192857368079675,0.15272318942853766,0.10325380908229931,0.09601425351179367,0.11178340556936987
0.10334377320603973,0.13009934112656954,0.08526476549673821,0.08162366879177825,0.18993737533405833,0.08000875321756883,0.10843061191502283,0.09867554340265595,0.12261616750956833
0.12678042939690204,0.13110501269762484,0.1633522517863177,0.10650199986487456,0.08212201163454041,0.07446205656369446,0.12702351489450062,0.09170599436394217,0.09694672879760317
0.10596654675861783,0.1196987972189737,0.11759657967249044,0.09471708245735407,0.08286731201119396,0.12577269720317885,0.13458699873710553,0.13926030036951795,0.07953368557156766
0.10871696255613605,0.12448565238574123,0.13019910634886614,0.07720341366310488,0.09432263611002174,0.14957764141072027,0.12914584714240263,0.07203062975119569,0.11431811063181134
0.10059627001997999,0.11461056302128488,0.16032092217235414,0.1079866604331501,0.0710857106231975,0.11721563843724891,0.1087782004434399,0.11727334725500409,0.10213268759434047
0.10128049411481828,0.08679252819056431,0.11248641084484023,0.0958884582440138,0.14471989222223136,0.11509281067680621,0.11360062493275706,0.12466872050056321,0.10547006027340557
0.10493116783486729,0.12338317416082879,0.14732529410786285,0.0938903110993853,0.1347767533177967,0.09185985074988433,0.11036504232199064,0.08919085446495338,0.10427755194243071
0.10393099497026621,0.12803906107399346,0.08531847709473567,0.07967081850101182,0.13269797132876907,0.10870701157180108,0.12109022669873859,0.12189519170460954,0.11865024705607463
0.1132116855919945,0.10637373162690504,0.11418727280003062,0.07771931431319236,0.17190522587229096,0.0859535573923431,0.08808767304152322,0.12410617412485632,0.11845536523686391
0.11905019597766281,0.12651059229697548,0.09539472947534526,0.1147093374170068,0.09233607225760011,0.10634486668526229,0.13233407423104296,0.11351912100662949,0.09980101065247478
0.10391954517622097,0.08436476193646036,0.16315086985079472,0.08668736405244444,0.07073889324184217,0.16792893233340075,0.10093253331621145,0.12995572075548315,0.09232137933714202
0.10885190200138613,0.13689101032796533,0.09760834755097765,0.08779864797643833,0.11582293975119436,0.1415337589422246,0.10928780071995098,0.09688154457022498,0.10532404815963758
0.0879577081158699,0.11239613673261752,0.0808206588977734,0.10255608609672362,0.19549737191459013,0.11234296006008064,0.1156840996877097,0.08759041154702867,0.10515456694760637
0.10607461785106449,0.11718902427149526,0.1196940828984611,0.10214207821925336,0.11292213358849179,0.08824547650215303,0.10812827151115338,0.11305505832448827,0.1325492568334394
0.11545027059896962,0.11151794620507471,0.1245388915326139,0.09132537606640372,0.10564171367569553,0.09442682925187577,0.1204954495017246,0.14410122984505405,0.09250229332258815
0.11577449120563864,0.08823908473918744,0.1003215284987823,0.06746490280913031,0.10579595518125388,0.2113939163161859,0.08816894271003423,0.10840266254755822,0.11443851599222904
0.12676357722412604,0.11705452422480284,0.11870557234251256,0.07733397476866183,0.07319462181583553,0.14759645717553518,0.12174999934252317,0.11174824927456307,0.10585302383143984
0.1101944717101364,0.1074321767254643,0.07151280910265725,0.09320522025430657,0.15123836317342818,0.08742652868212736,0.10871449715260333,0.1332961653820622,0.13697976781721444
0.09124707678162065,0.12710227286608963,0.09033265006345743,0.10192116635942716,0.12952811026856148,0.11294030781530377,0.1320369349713814,0.09557410094827472,0.11931737992588375
0.0891584529106784,0.09431808286108283,0.1296012972223163,0.09074438208392206,0.1419722054909381,0.15376570917659507,0.09423583580967615,0.1196358130708622,0.08656822137392883
0.1364082978457067,0.11517468614682719,0.08292704836474783,0.10091400310094889,0.06884437578604947,0.13787130247550428,0.12999490754814366,0.11326574327308453,0.11459963545898738
0.14055392971303202,0.0893312464006593,0.12560220362798383,0.10413535694220029,0.11555038431387539,0.1137767837479028,0.09704057417390145,0.10832187622322383,0.10568764485722111
0.10419630675432416,0.10364043558803389,0.10527763713452727,0.09768353754850771,0.11245675543469762,0.10769608531282175,0.12488119044982336,0.13528259976453955,0.10888545201272466
