0.08120260250225107,0.05794389457641458,0.0247262794961615,0.11160329822803584,0.0782018430036725,0.10848916607489305,0.3078264722169526,0.12619400321693375,0.10381244068468508
0.11654708107122734,0.08148884813690582,0.052871879127097586,0.10625437498641244,0.13777803879573822,0.17456950438806154,0.08237155038358691,0.10750855861669716,0.14061016449427302
0.11757616653388496,0.1814209265396386,0.06335195167095094,0.08515833879935286,0.10643497128451451,0.09711568887911826,0.032285263750266156,0.20321505891954614,0.11344163362272754
0.09153552153765672,0.08392557967071286,0.02467354865192231,0.12190823178036103,0.17402797378217205,0.11035954751484801,0.11012021489717132,0.15994194748345056,0.12350743468170518
0.14281125420601967,0.0928326045733342,0.052431613534450444,0.1207401401120144,0.09580500393412505,0.12429205408512138,0.09765289638236045,0.14862358468831374,0.12481084848426068
0.06204460373386369,0.10372313228363002,0.03389449194424343,0.09139839833119374,0.08389697020204125,0.0639800914797886,0.35690121579332246,0.08617887534346313,0.11798222088845363
0.11572773010215355,0.14105848483126138,0.02053885454976626,0.11549001843053834,0.09952730498489291,0.09166432760459535,0.21166637185766557,0.08815362377825563,0.11617328386087099
0.08222689051940311,0.1392253692435809,0.09538336178100189,0.1458097253307568,0.11014049173360846,0.07713833727031474,0.05996202522413311,0.19042701536592088,0.09968678353128009
0.10367144155660525,0.045135266243294364,0.050869643926907425,0.08673168018431564,0.1579398040001705,0.20409880380284942,0.1338783724169447,0.09486433733810841,0.12281065053080426
0.06844010143044572,0.08298392643799439,0.0641206091359086,0.13540315079666954,0.12358169161081249,0.11923356145098019,0.21332516390298886,0.09507972465599358,0.09783207057820666
0.08611144370600206,0.21782822383341424,0.0880187392099293,0.1023500999626049,0.07977471115937727,0.08650239859412034,0.16658404339916827,0.08101569652590586,0.09181464360947782
0.0849809669607312,0.15999761927075992,0.049606749177281605,0.1242089209167155,0.09987280700591496,0.07918829709127263,0.21070471097403745,0.08288285712532778,0.10855707147795905
0.11298067034751547,0.03223033876906934,0.06913074660669323,0.10277430783939796,0.15924970088051554,0.08415744904177387,0.1969616509213008,0.11924131880212747,0.12327381679160633
0.07089358296823099,0.12226261346476787,0.1588904446558245,0.07702413661113465,0.08858299246642388,0.05184660115495978,0.23114330259893243,0.08726283934170799,0.11209348673801785
0.11120530470777586,0.12006762420945165,0.07924231123537633,0.09808634910422376,0.17997375262558588,0.16210987606403357,0.09142582396404418,0.05061347273708993,0.10727548535241888
0.08115554363403334,0.16233928383541676,0.038871439304470866,0.07383413790766603,0.06916099457553503,0.08159437388207419,0.305292325201461,0.0864768702782705,0.10127503138107229
0.1287645181348815,0.24002064730886344,0.036121626839804265,0.10074780111812102,0.08030137623929796,0.06699883494696067,0.10325409253156585,0.12746517073912073,0.11632593214138463
0.06611289321188814,0.20846356018987153,0.038202622148803766,0.06525903367032566,0.08230537198369527,0.036727629528795956,0.3461761571150679,0.0591628681097004,0.09758986404185138
0.1125901301271678,0.07520445399170349,0.12145146041504586,0.10148502757562428,0.09820399596600216,0.01754116142233332,0.20828675004401176,0.1606747896450601,0.10456223081305117
0.08161203319567983,0.23590760895664845,0.22602613947542893,0.09614853525357671,0.07983560741282716,0.036612451697936046,0.05172495179453468,0.08962137252022584,0.10251129969314232
0.05562536106576536,0.055872849078882396,0.48700317788975794,0.07136292111832986,0.07994687723228218,0.02926242166007777,0.08424434275272653,0.050683837919919955,0.08599821128225804
0.06854728306284881,0.195494139610947,0.02692267156331471,0.0848720543670381,0.08991000397265529,0.08339291028345415,0.2253629008610588,0.08896823386929052,0.1365298024093927
0.10115203839585468,0.08748511840698196,0.03441962258650136,0.10974926824458779,0.14357419268134164,0.17541355943615503,0.051156416102274616,0.13899493112155367,0.15805485302474923
0.0716579464761432,0.1666579898431281,0.021429300498343202,0.10468977799587263,0.07725894146507122,0.09743828165085057,0.24492717842595746,0.07823287670664773,0.13770770693798595
0.08548170123363248,0.12401615199813278,0.020774283180089777,0.08166014791885436,0.1966681507283867,0.2064381181850432,0.11459105015814934,0.07262874947071855,0.09774164712699279
0.0988508723216811,0.1515607199946626,0.0349202736738173,0.10500930777648358,0.1325832508621245,0.09637354181083223,0.13350864186728953,0.11897917113358032,0.12821422055952875
0.10011665896379883,0.10051411314811094,0.010113366701504298,0.1289330566176135,0.09758475300970315,0.11785714319546063,0.28612258674761315,0.041617670970369586,0.11714065064582586
0.05317052244173903,0.08362073791738528,0.519089456201305,0.08749474051722149,0.079185092347614,0.03324106540016541,0.020143755450380066,0.06232607046366189,0.06172855926052789
0.10102661064017453,0.12706446465193716,0.07208529743335272,0.13897995401764482,0.08405277161861148,0.17845736123457645,0.024462228559733092,0.15140191553000307,0.12246939631396662
0.09723129632964135,0.049000018985117993,0.05824086592825117,0.09967454651564849,0.06718080128263554,0.08186943975853604,0.37435361654756577,0.05943166473256273,0.11301774992004089
0.08125221099946357,0.1001265310009652,0.10828578778492577,0.10455197110116839,0.11202371350167316,0.04326515056870697,0.17009203642668988,0.16085696353146914,0.11954563508493792
0.11632148198861562,0.07453943482110463,0.0389850648545412,0.0956592109818738,0.1437879606054072,0.21012361692995593,0.02126129718938626,0.19939461631303493,0.09992731631608047
0.05562359613244385,0.059226807236481514,0.496057497446634,0.05443727373040071,0.05734871054987548,0.02355881691662957,0.05431638143583547,0.11163671056801845,0.08779420598368086
0.1138731967476188,0.08862687349646144,0.01654048304944782,0.13032648807418779,0.14968231385550812,0.11598802173045292,0.10344430910421752,0.13063232232329466,0.1508859916188109
0.06381502169611006,0.26759378008165163,0.015107024022616622,0.12142621358686896,0.09226010642933513,0.09279138886286632,0.18232205543336275,0.0758780275144566,0.0888063823727319
0.06685442589743683,0.16637938666982735,0.06141971606434579,0.11198188739817527,0.09992696906537,0.09007235689523359,0.21298891255084218,0.09121786565193768,0.09915847980683129
0.11747606058276176,0.20149825591559112,0.02741490491673347,0.12403239504719193,0.10301111775193739,0.08000504198174441,0.10426852944953531,0.1049351244420282,0.1373585699124765
0.05582392618922375,0.263825300794097,0.029294046219473627,0.09952708545841067,0.10366937777840195,0.056804335620989334,0.1335375469638639,0.15704498699791844,0.10047339397762127
0.13814623427756528,0.06785392758261836,0.13159987881106114,0.08630457148714214,0.12241928992329883,0.08240154198637611,0.11474282685155895,0.13540959246818596,0.12112213661219312
0.13733683506452088,0.18380761661211,0.023424907965565466,0.11420213287863983,0.09497921793175951,0.10024641428081445,0.14964170530062815,0.08788605919174504,0.10847511077421669
0.1016232521846408,0.1236737399862855,0.022893164754182724,0.12763784566301714,0.10456432967510466,0.060948432389486655,0.20458822682696995,0.15183143201400764,0.10223957650630494
0.07034729473282265,0.03712201055540557,0.012482468352986156,0.07193256821398387,0.07482426367988736,0.1973203245913475,0.39601270313452086,0.05879646174294109,0.08116190499610494
0.057240092063971404,0.23350655637279885,0.014272908286437666,0.09332314785100011,0.06960305468513234,0.06149161444316123,0.2856147869003816,0.09169265766812318,0.09325518172899351
0.05429367551862555,0.23056085006448465,0.0282436046840337,0.0967757461960055,0.09285022164750839,0.07338795883296562,0.2738062935002661,0.055220213166769845,0.09486143638934069
0.09998084961393001,0.08458913111196725,0.049810809750092166,0.10763235059974853,0.0921370396424877,0.19321577933801004,0.07152748721320994,0.1755911486212266,0.1255154041093279
0.05599357844519252,0.12443002388502356,0.03161891594548589,0.07635645841812493,0.08622240523413832,0.06794101968082107,0.3598558961288651,0.06806714295561071,0.12951455930673805
0.14817518983794092,0.1969164293433409,0.042553392984033676,0.09002592883249781,0.1297296650131274,0.07606821492177278,0.03381141422460062,0.17829874736441895,0.104421017478267
0.09517300762500792,0.13160500666280817,0.019513695620839638,0.17074794602223184,0.05947817832380084,0.17919949505695557,0.19296783244715535,0.06546751587654494,0.08584732236465571
0.09070726405451474,0.11338502057355336,0.09662351319075557,0.10702544549000896,0.08935883984660169,0.1003791151896772,0.21899842304977515,0.06912585287007121,0.11439652573504207
0.063253375158067,0.0789664433427681,0.05009638878371586,0.10562312305295378,0.06333753588840425,0.07178055312506336,0.4127354129843151,0.05150515461872479,0.10270201304598774
0.10486186195657395,0.08035126595745341,0.014156131586185011,0.11163255615795108,0.11148071256957758,0.2509472094461533,0.11814561392026292,0.09398712810629296,0.11443752029954986
0.1366227360394071,0.07292097125808016,0.04735140878852546,0.14587101545953504,0.1150226135691308,0.07040458951250712,0.15781644105068404,0.11303748358886954,0.1409527407332607
0.0868573577889712,0.15351898072496542,0.10409205217444,0.09693666003638235,0.1195716807423088,0.01682995611638361,0.19780591467419717,0.10626095417871918,0.11812644356363224
0.05866642906622995,0.2349105500970048,0.02077650624958183,0.13622959298190385,0.0825497798702739,0.042188085458028074,0.2548400091811524,0.07135812908436064,0.0984809180114646
0.11647467471870476,0.12076351948811541,0.20055225257761547,0.1428668501699252,0.10265871726218956,0.018624899914531173,0.12327168614643723,0.05014164392933845,0.12464575579314274
0.10110249638259279,0.04835295625657287,0.02992482173120291,0.08115930375155767,0.1063886407306067,0.038595362636234955,0.3761375433823095,0.09253487585586007,0.12580399927306263
0.06762216354491653,0.2238478607924128,0.07910508663986397,0.08164711567555005,0.08621522483095162,0.06196305415549819,0.24886827588804503,0.05387745048810785,0.09685376798465396
0.05910630201576428,0.08945630102618378,0.0680737613539345,0.1599064793524149,0.09174961941107378,0.24376010215149657,0.12876815306998143,0.0760007673997062,0.08317851421944465
0.06341128923361232,0.2871859313253617,0.03465963903027013,0.08737345490041688,0.08526825145836477,0.038773998323964616,0.21985402257332343,0.0843239414823005,0.09914947167238568
0.07534340159255336,0.05162307083977998,0.31837975156544757,0.08520012067834704,0.09688579199216196,0.05674578068416832,0.09711375496393153,0.12880283416123597,0.08990549352237426
0.0690133345657476,0.14344752848805523,0.014990891975765594,0.07600612085899945,0.07709800551489333,0.09341001637566342,0.3659553288361049,0.054332900866186695,0.10574587251858382
0.09082358334575824,0.11463468916348851,0.04680676153024497,0.11348466172875916,0.0714555335019682,0.0882859936924122,0.2864403481678019,0.05976522061412553,0.12830320825544136
0.12599486308700428,0.12001632998992412,0.08485947476282797,0.09761760080971095,0.15971623261801168,0.07734262588738221,0.08829586422191277,0.12597022982919168,0.12018677879403421
0.10870906583535851,0.21757457894630086,0.11664528319305349,0.09122552549728012,0.18154355383621143,0.05305055700208223,0.02095476877467589,0.10605470970382336,0.10424195721121406
0.10810921975247378,0.10055634552836863,0.01310084126498596,0.11817938734330825,0.08734580012146703,0.12618435969516012,0.181785858417588,0.1522643043874552,0.11247388348919302
0.10001963273224879,0.1395021728125362,0.15252738030089294,0.07967402565951705,0.19765001282847608,0.07487647766973908,0.02110941223835434,0.12072082071298738,0.11392006504524821
0.1311172286646156,0.1262901574665415,0.06645533423149565,0.10289140224262704,0.11071123018922267,0.13122942876279983,0.05749464701353297,0.12386204856649445,0.14994852286267024
0.0891473759425343,0.03977781711532328,0.11931950806019924,0.1205154086734509,0.15236253845395153,0.1280524900457029,0.15154182972275407,0.09630046284217804,0.10298256914390576
0.09980686916114352,0.0505769369021881,0.13094208106333893,0.11960517268862329,0.1442002497256069,0.0928106556959999,0.05234321389566839,0.18449013701745295,0.12522468384997795
0.07453283168468638,0.13934001530987905,0.025331794838257458,0.07391910649734516,0.10173237999605778,0.1043371745672204,0.1876169199536011,0.18695135800521775,0.10623841914773491
0.055002074567804114,0.10606311753130919,0.41037013825146396,0.0956640587480712,0.09569228533685929,0.030572833022216556,0.04916085513570904,0.07294488149109433,0.08452975591547235
0.09232051115785632,0.08437060875860532,0.022881623090382316,0.09925434821143186,0.09708185914641103,0.13088007099482257,0.2383664615847776,0.09988776173542051,0.13495675532029247
0.10893740539007801,0.13473236005225342,0.03221524697161527,0.0971437128159212,0.10462490702750404,0.13339392594306387,0.0750544057221663,0.19205255183740824,0.12184548423998955
0.05132958900499829,0.18669443643288153,0.4588112867811584,0.0700428371927865,0.05855844155329365,0.02326325229681882,0.01245218158097889,0.06539252565521486,0.07345544950186911
0.07101150799383907,0.0869038770300427,0.016890209311548214,0.10058075464641514,0.08392978220500698,0.07971063280577813,0.4094971940129251,0.06459399798622695,0.08688204400821765
0.10411294929013896,0.07475174381294357,0.0883345433983073,0.1132452260845489,0.06004333458396514,0.19122387425685575,0.22719374996138977,0.04594754406667321,0.09514703454517735
0.11010808895147722,0.1439284995521625,0.13123918617829286,0.11563987472711906,0.10319868478814213,0.08563108417906067,0.05247290408109287,0.14395986626819113,0.11382181127446149
0.06295034390768366,0.10285864573512675,0.04971333359456808,0.13776287761897849,0.08725205262113617,0.11563241857863386,0.27383808122610137,0.09116255777198784,0.07882968894578384
0.06237852923089682,0.17516886740898086,0.28020330849655034,0.06637704768433884,0.08575350915924944,0.024977156859803715,0.07735540504130842,0.1292336993929165,0.09855247672595517
0.1961464063884928,0.11549301730632351,0.15030447433466448,0.12403518854109245,0.07551824804174163,0.0399602258405921,0.09257242796917671,0.06269518845499782,0.14327482312291853
0.1437972053015538,0.051877437826094365,0.03675350092732169,0.10219327192723555,0.12322650258392652,0.1579132083334238,0.08795185304419213,0.19083005212732193,0.10545696792893021
0.08147960270764615,0.10620435860565802,0.01619220973923609,0.13116921874288992,0.07649852815066065,0.16344121747085594,0.2818413192014715,0.06061857190978213,0.08255497347179963
0.07051457392241399,0.056016016698011394,0.018741232435733845,0.11604183679468982,0.11109967031106854,0.23037901513700376,0.1979064608302515,0.07166074952266491,0.1276404443481622
0.10264851895097998,0.22865126996012788,0.06810703162401374,0.09430285601655476,0.12825024259254322,0.06900116551437115,0.0344006135409502,0.13980816452496472,0.13483013727549428
0.06826879280206143,0.19153912786334507,0.039596643658308096,0.10840782136555549,0.07347862652672672,0.06903788544218493,0.2647300826639716,0.07237486283986579,0.11256615683798081
0.21926388129088714,0.07954957194628444,0.03055474058266407,0.12989733652961147,0.1500986639938674,0.10084393465905923,0.05552477763649711,0.10226800438948323,0.1319990889716459
0.05440174348572937,0.11438951802745917,0.48715902207307615,0.06222509941033764,0.05770386301803476,0.027337374741315857,0.030012644984656084,0.08109218072801118,0.08567855353137982
0.08999517944849646,0.10721882938171916,0.036223168291281076,0.09769078414058559,0.09182772871414961,0.15722466133428695,0.19177708635427862,0.09574884870195881,0.13229371363324374
0.06826879280206143,0.19153912786334507,0.039596643658308096,0.10840782136555549,0.07347862652672672,0.06903788544218493,0.2647300826639716,0.07237486283986579,0.11256615683798081
0.11593636186341864,0.055147137015319043,0.09571648524586525,0.11178046070814864,0.12962181790605456,0.184856128539021,0.060280304667045724,0.09933695065616026,0.14732435339896685
0.08351340464016123,0.16570900330874638,0.019088571849597745,0.10148751167677857,0.0846285104743021,0.09339903549910537,0.2578175002724827,0.07298001010656203,0.12137645217226385
0.09981599439085877,0.082433628461823,0.03315114029649145,0.07887391844975968,0.12064150310766054,0.04549748687504949,0.3126584551381436,0.11758945188895924,0.10933842139125426
0.09181384664236679,0.22955904723152024,0.08372438032085629,0.09865692704399076,0.15207449588704477,0.1471657176439515,0.011808444818985664,0.10017816481793639,0.0850189755933476
0.07700953289976098,0.10599202168949251,0.04000635748820042,0.12111654848313551,0.11107468970663102,0.16515370530440288,0.2120935605994927,0.05454282600263626,0.11301075782624777
0.053376639383067116,0.1742581187133191,0.031683721975041976,0.10988743746533748,0.0645256893331985,0.05892557405470276,0.35852972522699095,0.05381674887176183,0.09499634497658031
0.05249569133959269,0.1510575555838299,0.026350063258807583,0.12342601484382704,0.0798885556425406,0.08440758995362886,0.30517521834384315,0.08059626993491796,0.09660304109901229
0.1287115482795458,0.192575688211467,0.0709513706396742,0.13904618636946886,0.13832954766867325,0.017370363242504534,0.12188913130973011,0.08203389949238199,0.10909226478655414
0.05767460850554577,0.14310966683543005,0.012017895261363126,0.12244356715362242,0.10957657736359698,0.19455463128168435,0.15215860483478175,0.12366331326112888,0.08480113550284668
0.07739995492334224,0.20483533946471288,0.042611748437227266,0.07910122852793577,0.1226212831022377,0.07975978996802605,0.17171093333409307,0.10969202928427883,0.11226769295814619
0.1129782254684026,0.07934487611029016,0.01725471522056502,0.08556259665236492,0.12111466808826123,0.21817015657174887,0.030059755861777754,0.23438001762463512,0.1011349884019543
0.09353690830490134,0.22014931855109776,0.03846255829420381,0.07031344925825085,0.1073269921827024,0.06604379933829017,0.1856952279878691,0.09446511140714313,0.12400663467554136
0.10430267234209782,0.04988944409815494,0.08550590885998528,0.12204585762082239,0.12014482581292708,0.20281311502444274,0.07792196668387856,0.12044631122584042,0.11692989833185076
0.0913956616951929,0.13906003451378837,0.01967354423543849,0.11498893226911272,0.2105765653905102,0.10118843457745615,0.03979458342608272,0.17486711215793874,0.10845513173447968
0.1465982785645589,0.06188081581208237,0.07623299604809258,0.1260375092874835,0.11326340119493776,0.12293005915024784,0.02837199975961313,0.20105420930283066,0.12363073088015315
0.07183045128995173,0.2075197279380976,0.032109471726443184,0.08072243156769213,0.08811757073802338,0.07508075682081666,0.2642915984785909,0.07607431906026231,0.10425367238012206
0.09984117107286943,0.18651954127377726,0.054505004470443076,0.07661388883250747,0.1085840115686879,0.1141824389831702,0.03150761739631836,0.196248407190149,0.13199791921207735
0.05848308106281055,0.11640699656836229,0.5262499303283176,0.06815504373374325,0.06631504722189718,0.03189430202011678,0.016315972172994794,0.04533271718068987,0.0708469097110678
0.09356394232645808,0.12986596819886073,0.047750709582860706,0.11324160702016108,0.12012265588405692,0.07011288956491242,0.22597585643654403,0.09278631961814261,0.10658005136800346
0.0911864483656134,0.06801760962633248,0.012012104493785253,0.09299947772258421,0.06683919188627598,0.15687563166379806,0.336809186319679,0.05684959128352229,0.11841075863840929
0.05854408326079788,0.1545471645552438,0.01754276500822349,0.09574152870817028,0.06269501890584347,0.06340337487733436,0.40461096358789045,0.045300947993294954,0.09761415310320136
0.09731262254206059,0.09695255345471528,0.0369789403342558,0.16438850695683907,0.11547002604775003,0.08370873088058876,0.11442336566051685,0.13760106532498653,0.15316418879828705
0.11298313891397094,0.08860814958412123,0.13341710318122937,0.1003992807164051,0.09914774557609708,0.16567266648871723,0.0356702859489609,0.16123596744359084,0.10286566214690736
0.1382255251364825,0.07107051171811966,0.012082657991155607,0.11631565475022439,0.1380807221805888,0.10298656656698868,0.19485167651015636,0.12370627093826626,0.10268041420801766
0.0769986283178801,0.09810100072540924,0.025709231799691968,0.11078344932720358,0.1004962160903748,0.06771719328764124,0.35426757800918834,0.06968410457805678,0.09624259786455401
0.13340489172054382,0.07180160666536875,0.18128614690913125,0.12018579524053608,0.08988380790848316,0.05957809869628885,0.04799739959010115,0.17646224065689395,0.119400012612653
0.12151364093646172,0.09484572100492321,0.04168399293012276,0.12418664797136025,0.10668577179653865,0.09049328551851027,0.18045290546679627,0.12531696416989638,0.11482107020539041
0.0912598104731432,0.07998173229791226,0.0470757795913819,0.11088692080848643,0.0865127403332349,0.13912030268224143,0.1970390396100317,0.1265220136061083,0.12160166059745992
0.054835451681266835,0.12143257939145073,0.3782263454275408,0.08661515653699615,0.07248762697030232,0.05112706861368496,0.06987972761495724,0.0754289843161055,0.08996705944769552
0.11264865922095561,0.1095142282767385,0.02921161292540961,0.11417981422260302,0.08685077113042883,0.15941470876288705,0.06277786462293473,0.19085740767820894,0.13454493315983374
0.08973495573846313,0.16868015472829226,0.059903510722300275,0.14044839780102789,0.09391456627430868,0.034582932267051315,0.09807335974504422,0.17459499689589128,0.14006712582762093
0.1682450270463112,0.0692377879461021,0.07568356057107972,0.1350052089924403,0.09264245535256448,0.058519697053027876,0.060331491670808514,0.17983193734476002,0.16050283402290577
0.09758429643947836,0.10025821150023145,0.14672575422887602,0.10304152827661672,0.13548395039258287,0.12260841804038318,0.04634223203652657,0.11687789227948724,0.13107771680581756
0.06898375684006892,0.1153587841828127,0.028263452377856418,0.10689446324001413,0.1419973945738008,0.1484184687294994,0.11592113439766198,0.15171093003661668,0.12245161562166895
0.05164154825178102,0.16137186133189543,0.03207230842795824,0.10630673759934123,0.06648137546793631,0.19929214371212142,0.23829613664602745,0.0659440981524247,0.07859379041051424
0.08278961292223416,0.12329450431755938,0.04595663433074678,0.07649785386635845,0.13066106153639231,0.16025823458907248,0.10783484955530874,0.15792892782239557,0.11477832105993203
0.08345003154498988,0.15353881977716718,0.04721145890548515,0.10540640729257457,0.09587037030422003,0.04844921647244637,0.2463986509436992,0.11065408030173675,0.1090209644576809
0.0563213613274294,0.06879462215747915,0.4709482939325895,0.06567832785688088,0.07452972301102763,0.04733813267075296,0.03409453432243543,0.08364375562280875,0.09865124909859628
0.1424924404903937,0.1680802501972624,0.05675713037144555,0.10267350288139648,0.09877155382133111,0.15507033285895308,0.04898483979666565,0.13255875382140436,0.0946111957611477
0.06235026413967817,0.08735113717267702,0.05215326504655143,0.11495715485069223,0.09106504455872559,0.13282234434939244,0.283695035321105,0.07074627486985209,0.10485947969132597
0.06524794827792126,0.08748146828529908,0.01694776631352423,0.09616690672080891,0.06484800686675819,0.07652884678792223,0.4022569262124698,0.06223073034074041,0.12829140019455584
0.06525294800694385,0.15902178589306193,0.02274549369694338,0.09638680817113343,0.07140177803516269,0.0732035931436904,0.3069918863165641,0.10401656789619602,0.10097913884030424
0.05297748744789647,0.06929548361534685,0.5131468022772899,0.08100912053464036,0.07061529207502244,0.03294437586183565,0.02495413482901108,0.08244782072580802,0.07260948263314927
0.05598977173257871,0.2576213950308582,0.10790690839450456,0.09739989511479752,0.08096671098352957,0.11086407714810918,0.1340894783845724,0.07622745057482383,0.07893431263622609
0.1383423666161523,0.06554678796406561,0.1031856295413438,0.09210331671013783,0.15491543657385046,0.16225145565355806,0.04492572681213678,0.13237872311070778,0.10635055701804734
0.1157108883372487,0.2062256079406312,0.027637669595211915,0.12365475672793728,0.1392658990866699,0.11012137938888526,0.07406385953034722,0.08382999348528615,0.11948994590778238
0.16043520721752916,0.09342018582824681,0.054529241476482776,0.09174120781588392,0.158731044860291,0.12470275043863822,0.06570503434503962,0.11553864205807413,0.1351966859598144
0.06033120304594594,0.25113503518261043,0.05876901587302553,0.07606721491039506,0.07514160743993202,0.05652290189619871,0.23914135168138073,0.07412500788468766,0.10876666208582392
0.08995919295797912,0.09922032303228467,0.09709465099348662,0.1066992377779636,0.10763574062234645,0.08483358695210035,0.17884744315001908,0.10368121193437585,0.1320286125794442
0.0727508302211108,0.060075625647488695,0.158887351399333,0.10079331202931911,0.09232948523457701,0.05707368258481325,0.24224093773896263,0.11494425339307206,0.1009045217513234
0.05820601380226494,0.15845611060291373,0.06583363410238141,0.10536536134774406,0.06998886335455909,0.1323184183799069,0.21218581137429718,0.0897941167785107,0.10785167025742197
0.06710507752309512,0.15695193899436705,0.3502955795598232,0.106058916346937,0.09269760603960331,0.016280727427887845,0.04735072976654172,0.08330012722490067,0.07995929711684417
0.055769581124132196,0.11274313775083707,0.407309075956531,0.1056011448149194,0.0892857249354752,0.03631515459236911,0.05702085794913122,0.04766946758815296,0.08828585528845191
0.1376076174735045,0.044135305631440136,0.03417136889031746,0.08528984464572216,0.12720391301607184,0.117585142356932,0.24603737300124026,0.08275554026388238,0.12521389472088928
0.1085837646311516,0.09128059104241006,0.0346546085984792,0.10283594252408434,0.14622021927021114,0.05676594840775264,0.16915817703143987,0.13503063165823162,0.15547011683623943
0.11805706472281528,0.05044595548502648,0.040420154901806,0.1305087270610634,0.21713383619466065,0.1115710720250535,0.07483725678114604,0.1657872733716124,0.09123865945681636
0.11943786630621074,0.12040995341029814,0.056290534526278406,0.11557544175050544,0.1409451755821056,0.05619802197425331,0.17536183691740667,0.10698397002905186,0.10879719950388993
0.1208065772700942,0.09048455358036599,0.0987451549703594,0.1194583470884819,0.17918127278640295,0.055648262795758074,0.06256684566160743,0.15337382261706964,0.11973516322986046
0.055456549750635485,0.06103510877200683,0.014656415948182197,0.06236533714028295,0.07693519929452963,0.17567510958614804,0.38884496527296175,0.08111432037117439,0.08391699386407873
0.07140055990765563,0.1564932548776566,0.10684843327444637,0.12016171742416144,0.09348688926059527,0.057111827791190735,0.2027771456034669,0.08320585465550351,0.10851431720532352
0.08177610760811044,0.29004733421478934,0.04069684107878101,0.09444467018682984,0.07495177426668935,0.14336007915262894,0.04683120420265982,0.13656625029770078,0.0913257389918105
0.06279665390174094,0.13248075364871262,0.03486041999174443,0.11017010563948466,0.07365122165653694,0.1309478185203862,0.27205811775433714,0.06438545367860399,0.11864945520845309
0.11017605845302596,0.06334157131345024,0.061405949513456216,0.14956680473793027,0.19028316929038788,0.09060144135315011,0.04872994211040547,0.17208237902557988,0.11381268420261394
0.12326139380138612,0.13962427185158025,0.07331346505636062,0.08100217034290937,0.19425290159252265,0.03977674350471958,0.04204617864046444,0.18028117995939288,0.12644169525066404
0.08713282140566263,0.07528951571718726,0.10501451763446527,0.08569452461482857,0.09387202481108375,0.09522858277071151,0.2370689937030366,0.12330630474329446,0.09739271459972983
0.09081345422409876,0.08350771021665421,0.18512446466312696,0.09035256969334847,0.16943367576709475,0.07233697273802042,0.03546441545855393,0.17255144568486955,0.10041529155423297
0.09008683737222993,0.2442242808807931,0.04078160707369851,0.10100740065284773,0.10010079088765926,0.06496007806329865,0.12710204796982896,0.11045158230926634,0.12128537479037754
0.1458754965168569,0.06266596318084443,0.08643467515338919,0.16109087271824254,0.10755398072948841,0.09075522983315522,0.02887034459513153,0.20765699381932165,0.10909644345357015
0.07632329292036466,0.20187909014176617,0.06240952008286609,0.11787545730989352,0.08198197350809941,0.07952517697471416,0.21709113336515318,0.06433128454970925,0.09858307114743355
0.06962273210564952,0.15050345066678814,0.04136146101043218,0.12333614120634097,0.0682147752076469,0.11090418340085524,0.29104527475448,0.05799513150317964,0.08701685014462746
0.10401761140606801,0.19778443606500787,0.04681685452046702,0.13511882827796173,0.09185331351850594,0.15692604979333039,0.02552878982785724,0.14962614129658905,0.0923279752942127
0.07257624278182982,0.16386728278794385,0.019945038041962713,0.10674240241885864,0.06159106131400214,0.061067231400211607,0.3573031211295485,0.05939112892246906,0.09751649120317359
0.07094177337741654,0.19168717740616328,0.282611434131069,0.08660647231339806,0.09734350904543354,0.03984521287648462,0.045541008179915965,0.09752949341294383,0.08789391925717523
0.11191028876406665,0.06265927610477402,0.11039385270848383,0.1060917330624766,0.10756246842370641,0.12817785313704208,0.08753609495182453,0.12775752101071966,0.15791091183690628
0.06825488307685396,0.1007961000950824,0.01577355571936391,0.10630806046202228,0.09064367056545673,0.1884931244444795,0.2632456047671838,0.0701134941386788,0.09637150673087869
0.05104741327468707,0.21810699865557737,0.019976675254446456,0.06745793922148437,0.07798051259562776,0.1480744248073462,0.25565505419644935,0.06843899480693294,0.09326198718744849
0.08047090788843697,0.14297954701489266,0.11113803109373242,0.125390290214431,0.07858225602920088,0.11768606711370723,0.1227624625863043,0.10125476804325624,0.11973567001603828
0.13484473124983415,0.08900001472620885,0.10957257614654141,0.09203605366208605,0.16536559147553875,0.08211623922762364,0.024654033712498632,0.16879035814231516,0.13362040165735337
0.09389250326110866,0.2951547796486345,0.056129780923287624,0.09761407465103117,0.08223817176624988,0.04146896481269038,0.07980685763334579,0.12159996478377627,0.13209490251987568
0.08162502745271187,0.16296928107548259,0.024942356981019476,0.09377631928586234,0.09240190137438992,0.19352189120968818,0.10484171016232986,0.10235572727761628,0.1435657851808995
0.048182657136230204,0.0485001705737968,0.5041343389940524,0.0917715541795875,0.06954208986033515,0.03906726888493911,0.06324990435987878,0.058041227794034284,0.07751078821714585
0.09757790278181,0.1595798130388447,0.054445648431850756,0.15125755423679005,0.0885170633673686,0.08448069175184288,0.15905843846484174,0.10232161602191873,0.10276127190473257
0.10022253782402064,0.0921458071934088,0.01064785144202605,0.08219948632431466,0.17372475645245525,0.15478063526104013,0.17428736885269494,0.12168747191921282,0.09030408473082675
0.06907030689329645,0.15674783712123921,0.039689814395284045,0.13893714255106146,0.07489432501022451,0.08691858376475874,0.255221315412174,0.06405426743925198,0.11446640741270965
0.1406457303461852,0.17676856082440703,0.03197466823783807,0.13740753297760197,0.10433509346869384,0.10415549004792625,0.03191449727278748,0.15383564829159976,0.11896277853296043
0.05820601380226494,0.15845611060291373,0.06583363410238141,0.10536536134774406,0.06998886335455909,0.1323184183799069,0.21218581137429718,0.0897941167785107,0.10785167025742197
0.06007158987289849,0.19238849682823214,0.007945950928716743,0.11579175227409022,0.09151456769685928,0.08244739155258296,0.27742159362705027,0.09392657928422765,0.0784920779353422
0.08057951677401905,0.09237860738632646,0.3816177585815062,0.09162530288566145,0.09268848381452077,0.023012704157002215,0.06035032702209268,0.0795426631476037,0.09820463623126748
0.05876705149713762,0.06654638776927914,0.058946318928831065,0.13105797859081303,0.061985489046591354,0.08321343651624212,0.31696648701564767,0.11683340006487493,0.10568345057058304
0.07412894140608724,0.2521786472028725,0.011911929178437886,0.07438821958569873,0.12557328764425726,0.1781304410834078,0.13662563132482655,0.055138946741295464,0.09192395583311648
0.13290504184334145,0.05831045122650449,0.03775163809965137,0.13829632084506752,0.12320040695639929,0.10739742746369348,0.12838805833081068,0.1393925240436287,0.13435813119090298
0.10193670562311496,0.15199818951975488,0.05341349387322719,0.12413502032608044,0.09574830143589652,0.06501399378192814,0.1809742912499027,0.13461623033838807,0.09216377385170708
0.08006928915800829,0.16775609225782115,0.018190844982385476,0.11392790657721948,0.06835480919500114,0.12942920605967645,0.26998987161804694,0.05693766652697185,0.09534431362486935
0.10553991720760993,0.05580475553381037,0.05621962579058063,0.1473697402693307,0.09183704017495257,0.07063568393570914,0.24385019941030164,0.11958453160429065,0.10915850607341437
0.08030607998622939,0.06866599092777947,0.4136973305154467,0.07975404911210877,0.08642994964358035,0.058845820549751994,0.04453496120393497,0.06514481319183575,0.10262100486933257
0.1005749174985755,0.1371607471485705,0.0820786605851569,0.1374617266819007,0.12145144606482854,0.04235491584489199,0.20613992549658455,0.08379361034020366,0.08898405033928763
0.07824911198221059,0.10704137672971992,0.0326490458297019,0.10174643172091945,0.0814975824372565,0.09664457214600462,0.32407277408145935,0.07878464900266703,0.09931445607006067
0.07776225098884537,0.17176805875132428,0.18281396537716862,0.11519335825760733,0.1548931033859404,0.07014075714634971,0.03374603788261742,0.10191824785345904,0.09176422035668781
0.1465982785645589,0.06188081581208237,0.07623299604809258,0.1260375092874835,0.11326340119493776,0.12293005915024784,0.02837199975961313,0.20105420930283066,0.12363073088015315
0.05307216225142627,0.06887459147679853,0.011800292749517152,0.10285743258826278,0.06335408676865685,0.05463961856694712,0.4711132322539335,0.04974480556000451,0.1245437777844534
0.0854013202170672,0.2320250291066569,0.029091298721342317,0.12222656663562871,0.10270050410034078,0.1002098912984953,0.15720389514214425,0.07252515537477801,0.09861633940354647
0.09626540122151146,0.12186290725680149,0.024205327367380552,0.14765515158105705,0.13328058822012168,0.08584072851635655,0.0842572243861427,0.2004329424607146,0.10619972898991392
0.0755920360820678,0.08244573842088344,0.2593483253873019,0.10789155152139085,0.10505592989389707,0.11783537888053754,0.0324238930466989,0.11992402140873377,0.09948312535848873
0.10154801905291157,0.25939143129767633,0.01260705149469206,0.0988558727753238,0.15171712565218118,0.1293167293749757,0.052924183811733604,0.10820402290567037,0.08543556363483547
0.049836465602270764,0.08710150084110004,0.4450112625248468,0.09683182128927977,0.07523798292500568,0.09457213222874722,0.01626007162929242,0.05193400502711182,0.08321475793234555
0.17301686924397505,0.04571309856059932,0.029064663118544738,0.11519990080209062,0.11719729413378936,0.08611405520747502,0.09662452998874316,0.22297277364965495,0.11409681529512776
0.10388429844758028,0.23327947242570582,0.023188998677441026,0.09916904436475886,0.0849589123564111,0.12904780945549674,0.1015632173121004,0.12666769600892147,0.09824055095158442
0.08738938200880493,0.13579442604618236,0.03633917362805933,0.12089674189493597,0.088131453509375,0.1848105219346854,0.058993901870053746,0.1836783345627108,0.10396606454519246
0.07700802173311821,0.09865192518515103,0.06143696903716329,0.11621530709062884,0.12730291368869737,0.05147168719182241,0.2640136162656505,0.11866924619550286,0.08523031361226545
0.1444617777970034,0.08560313491210096,0.016169172895428952,0.08574948860711261,0.13168859329089033,0.24043774742529625,0.021200613957911327,0.19170184822080838,0.08298762289344776
0.058364500389452734,0.11600133074518133,0.042085677063030104,0.08116994444481869,0.10324081486323707,0.05708945405717041,0.3684580707291538,0.07231342640844078,0.10127678129951506
0.08616763037252818,0.24865649676976911,0.18023431947344948,0.096903182121651,0.10298084957468479,0.08228866185406987,0.027316034153370902,0.08951925511883485,0.0859335705616418
0.06682901760150504,0.10678230854626501,0.033057789384487155,0.12169700856057049,0.10385907241418069,0.07543655091205131,0.28985907484978146,0.0867531366669474,0.11572604106421137
0.06514489154292717,0.09089486931114976,0.02198168487270334,0.08375886661702181,0.0751003869504836,0.07690022602113708,0.4235064583675599,0.05035676453964743,0.11235585177736983
0.11193545495244576,0.16947607040032178,0.06608325463699291,0.08592880917337449,0.12377302506948797,0.11667393969447055,0.07170130744115298,0.10118385518995614,0.15324428344179739
0.1735451830855809,0.10744636782917416,0.03039812992048313,0.09066112168234346,0.13710954407531184,0.09232035858518352,0.061258706468407725,0.20222700033247842,0.10503358802103692
0.09075044108758368,0.2700334087659348,0.1306511987626631,0.11236464284968306,0.07459556280533386,0.05623878547605419,0.08359068637080913,0.08390732860889788,0.09786794527304032
0.07086906195003982,0.1194039744711477,0.07930897307129083,0.1199189831621935,0.11667810574040943,0.1159882881284877,0.1434736260978685,0.14419347639737237,0.09016551098119013
0.13689733631940423,0.10317180529278452,0.05498574699950717,0.1175705823393615,0.2602392086424728,0.08898823909342642,0.030339138362077137,0.10930121641210855,0.09850672653885757
0.14304215406557813,0.057557966077653754,0.08256141850886063,0.12505743976426884,0.13253182286090098,0.1304821173130115,0.051062974523898186,0.14134948658735932,0.13635462029846876
0.06118941704669626,0.05714959270732367,0.49883244629149753,0.08221399095311972,0.06175546195510404,0.042317556848460856,0.03959050967724149,0.08279395736163307,0.0741570671589233
0.05246071207704489,0.041629425378617704,0.5549054627000097,0.06644084698445255,0.1043852271366914,0.03541195861490943,0.018821544102522684,0.04588375135226394,0.08006107165348762
0.07391783041958606,0.06521840552927423,0.06168968438150844,0.1258388019069764,0.12721672853800894,0.08430153839013532,0.22614336263341547,0.11126385010752816,0.12440979809356688
0.1498626184535222,0.11720811873508691,0.04637525518898603,0.10320153996245539,0.10398463882745586,0.13004635743049764,0.05114202325643258,0.1534328049758151,0.1447466431697483
0.05560394461661311,0.12620311456458913,0.01899198479368851,0.09604896872464108,0.07680231933129726,0.1233686500193573,0.3404784014938074,0.06856909026493926,0.09393352619106692
0.07279500522187338,0.08986458199601015,0.021495921435542492,0.11173695684254407,0.0795874936277247,0.20541182179742956,0.23942961638087001,0.08116620268260129,0.09851240001540436
0.06212356951659801,0.2532327828326015,0.012683180016747382,0.08106835111607213,0.07028784632004649,0.04051603270613183,0.3293408065326451,0.06668058484516198,0.0840668461139956
0.1228176634696417,0.21398833640659146,0.03802254717714441,0.08753789284069895,0.11495105252965888,0.12477947010145239,0.09057593742266572,0.10672926514698113,0.10059783490516543
0.08567057749838325,0.04724338726436148,0.2027160126937099,0.12993893840004372,0.13706867417029733,0.05565036517435295,0.09014359791334814,0.1339038264619151,0.11766462042358815
0.06377462340878902,0.14548722607738965,0.08593689658063257,0.07654420234296343,0.08398415869408009,0.06063837102487533,0.315142598597901,0.06464991449901443,0.10384200877435451
0.05429296156851884,0.0854572424498465,0.48742209600250724,0.09188350651625116,0.06655037773968864,0.018656194988341073,0.07293073156819184,0.048854202378967176,0.07395268678768759
0.09492888544585008,0.08291834712602991,0.07872821419884098,0.10477819624498186,0.09126883489986902,0.11641777880279507,0.1636761214825364,0.13036476836116276,0.1369188534379339
0.09231365011690883,0.21429159064120074,0.01662018248634987,0.0725422502358727,0.0713004130025373,0.17805729197773665,0.2147655214735491,0.05233394077562877,0.0877751592902161
