0.11490257296121424,0.05019420105916858,0.20551192511579483,0.05178830780166301,0.2799191342213243,0.0577670495864058,0.07091497690621096,0.1235445175868853,0.045457314761333
0.12681982641669323,0.14880515911297232,0.06981054396227461,0.024044548886171607,0.0814886197045371,0.19615412374173946,0.12760555425327003,0.06151853722346412,0.1637530866988776
0.09713638424647968,0.11266149463880974,0.09707436873637819,0.08005127838713229,0.06765384104396599,0.2513820824927719,0.09942613988202893,0.09501770925616186,0.09959670131627153
0.07626883419577252,0.1333674819119389,0.10536833248279849,0.04099800666269068,0.09680290129230151,0.19699875660220809,0.11669507048868129,0.03377327348352593,0.19972734288008254
0.14415036738276493,0.20129620112979893,0.12599757773238093,0.03567865396059493,0.09274699469620946,0.10372645690262333,0.10579758209569397,0.0596927580449296,0.13091340805500395
0.0987955787645539,0.09183066295930348,0.30064296605036434,0.05314691790509857,0.12118724935121235,0.11471980701496076,0.10080389044448312,0.042345370341302736,0.07652755716872077
0.1550456993742453,0.08547207873035428,0.09866182784852277,0.09551290386416,0.16758107181604343,0.13852319025998547,0.12124166322558357,0.07958487266225388,0.05837669221885123
0.11816308250370829,0.06463780012933172,0.12372755402633029,0.06833631480369555,0.09710620492837214,0.13201987587114788,0.1290924821643718,0.07173242205216761,0.1951842635208747
0.09921961438103923,0.06856567600214145,0.1738118546134494,0.06102843544697186,0.1677076062519014,0.11756914015289906,0.09829877523024018,0.15666261377795274,0.05713628414340469
0.18129881893939326,0.09598966014386141,0.11209186447828023,0.050713734230267836,0.12376302009815097,0.07689781801256206,0.07526110812073773,0.1273915285087577,0.1565924474679887
0.13202828110929524,0.16164451997719045,0.2707530414632691,0.03956493275207862,0.09796074640015258,0.13838172814670324,0.06697017443574804,0.03720224460738582,0.055494331108176864
0.09599366226914911,0.09183274879881918,0.09870045610749963,0.034969159394046705,0.16438223011784944,0.15363697027814074,0.11335525614380361,0.11192035181110939,0.1352091650795821
0.19535974483001772,0.16262191576359017,0.1840632058389616,0.06015951968755829,0.18693445104890527,0.03712160240115581,0.07679754986673308,0.03210208400515212,0.06483992655792599
0.1605136037883804,0.23711713197916495,0.05992957327908005,0.1378898152331537,0.056448745046775384,0.05227970569083209,0.09798384604995337,0.10646769932671529,0.09136987960594474
0.13598021339638985,0.047952109677806054,0.10859113964092897,0.11714797795967691,0.182032903403511,0.09483603358352882,0.12321381070345865,0.04837989301241339,0.14186591862228634
0.08668483306640373,0.10184969103652398,0.17398965905809624,0.06891407042436427,0.15831323516379808,0.07366240719763655,0.08766223044107647,0.08064912675288421,0.16827474685921648
0.15023418255644763,0.07651326534141571,0.2169128874539512,0.05496217476391713,0.13682400894535607,0.11677448320027088,0.10117144353496534,0.03419364533885639,0.11241390886481956
0.11432514019624647,0.07248440004369001,0.05862908133001782,0.17010832836644119,0.09717351589402783,0.1960515465606327,0.10961073073032424,0.107483407309849,0.0741338495687708
0.10182645493070878,0.048843171189549145,0.19419759142075899,0.03872638564103211,0.112201828430735,0.18688020290554638,0.09340976224124033,0.07923403828016283,0.14468056496026638
0.08394508551315032,0.15204790966677748,0.11108063239799919,0.0831743962165265,0.11460857819046817,0.12508107253056872,0.09657894809840366,0.09946331968474549,0.1340200577013605
0.11546223061451343,0.12609416200827903,0.13407234418829048,0.02284794299466512,0.1455537173461207,0.036737908215212445,0.13333522728421934,0.1461568830073688,0.1397395843413308
0.12743609221217092,0.05982355875921693,0.14290875357075772,0.040976436980573024,0.0673475697628916,0.19147306910423653,0.12169378980189023,0.05396355226814426,0.19437717754011877
0.12838410928714836,0.10009172883321692,0.06591643818840216,0.0428785176867881,0.0988801444485361,0.08885172807074708,0.11319514103526018,0.16557478083246144,0.19622741161743965
0.10459068501806652,0.1262476195497149,0.07896981590400719,0.059843353933816075,0.16168858046717913,0.20019844271541568,0.1004849444204125,0.052219836004235354,0.11575672198715263
0.07149214669874034,0.23219587865670246,0.20757012490234858,0.0274300646914508,0.07857769734025709,0.09332330998762312,0.09500235592360617,0.03910049477288482,0.1553079270263866
0.06776160612749034,0.07947090640306924,0.13058765163482144,0.11002876600512128,0.06822036606892162,0.0836628836867629,0.1250930882594812,0.0837166351301778,0.25145809668415414
0.12814392525321963,0.14746973481616593,0.1002822180294467,0.09148945985130703,0.12059726462352176,0.0707844962589339,0.10892951529542376,0.10944550259320214,0.12285788327877907
0.09415369488163212,0.09612802815905648,0.046885879982068036,0.07398984317636793,0.13112403465454447,0.1288516334053835,0.12738211333107366,0.09904520266269566,0.20243956974717814
0.10877223815857584,0.09357472992847544,0.1859293459112762,0.024545857104385768,0.16948890815444675,0.15172160632619325,0.07924749027826372,0.022213173248102625,0.1645066508902804
0.17951731360825648,0.05166993702939021,0.06367558104920036,0.02896483195773812,0.10615010035370148,0.18870187781930095,0.07933057828411938,0.046622084575932345,0.2553676953223607
0.11364012128244433,0.17812282248529743,0.05991023841548959,0.062486023539775525,0.13005041346118074,0.10436452249181004,0.12184395491156354,0.12141255086519266,0.10816935254724626
0.08222972270753302,0.13198042667785712,0.15603407313950235,0.03287546053997062,0.12462298583389474,0.10801703281226042,0.07887260208291831,0.0719331659029077,0.21343453030315582
0.10542764942755482,0.09894997832175495,0.06277342075913867,0.06278264085951143,0.09500733032088289,0.0654271493401513,0.1448130131380766,0.24654242751025168,0.11827639032267767
0.08176295384374088,0.07159327661268058,0.06361519805043027,0.0732499414216183,0.20002288896833584,0.1715785275254111,0.1017485878919055,0.0497859360832326,0.18664268960264482
0.09946676008545356,0.10242452828089772,0.17663065470441375,0.04302310531716933,0.10070266064756885,0.06631660795372098,0.08214792996194646,0.051761025391242756,0.2775267276575866
0.057984956199193416,0.10542757871612862,0.16683446123167603,0.10377797144727692,0.13383032132009925,0.04412777666906934,0.10076778730904044,0.13382283602068054,0.15342631108683533
0.0941421119587343,0.03624529694127445,0.11659476725470636,0.029343366819764318,0.16416536304303275,0.15406567986304878,0.09103078276603423,0.06251951073818818,0.25189312061521657
0.09023473545936728,0.05264502976846954,0.04567826351574042,0.12321498476672865,0.06501319490137698,0.040861720749776766,0.14379318627628962,0.22199619627223063,0.21656268829002012
0.12798982763945324,0.06441016994967014,0.16273815863269128,0.060733918966003185,0.13260451745398708,0.05771919225092393,0.10252409043390315,0.16227106920758658,0.12900905546578154
0.08381017429442304,0.13755901786910676,0.09217283290113136,0.12199759176659412,0.07256630354965639,0.039248669039749655,0.12063105936871728,0.19989778685363957,0.13211656435698185
0.08459784596627833,0.05917013024624476,0.08692940743962037,0.16580936862128134,0.0454529009095122,0.11672010958498051,0.10021055469364633,0.1860386197291951,0.15507106280924102
0.09572746360004221,0.1197560441084511,0.07550680107394712,0.030902329510705998,0.10370900002109712,0.13943192316031164,0.11658640813259184,0.11595782376484469,0.20242220662800822
0.1457632491958517,0.043254204499014216,0.1140685579357371,0.05106522863826416,0.08835324619846274,0.16095808802575265,0.07480928980103518,0.13534748426766374,0.18638065143821847
0.1273183783092707,0.09739080263495979,0.053126509564384895,0.18316616956343076,0.06675200576068012,0.05502600335898137,0.13298764183540857,0.14476142101310482,0.13947106795977898
0.06627747941733059,0.0699712216168364,0.056336679999946675,0.18037398581964,0.09116029299569549,0.20578232727618895,0.10052004353594864,0.15569371105713087,0.07388425828128241
0.1165973052094685,0.05883813006915328,0.13824911513038482,0.19512335543829543,0.12114738678564858,0.08557821975543062,0.11318198632381066,0.08099634559415271,0.09028815569365543
0.0869693179761637,0.0935517902783727,0.10071577399601132,0.10880072495881547,0.18764376967707178,0.17644469941998206,0.08729407904265525,0.10606122111422517,0.05251862353670259
0.15421206382041328,0.07443414873355154,0.2849464443962682,0.039338313644305546,0.07046096694637212,0.15231117684515852,0.06845355314248082,0.019699111510056495,0.13614422096139348
0.10642137309282729,0.0793510366901698,0.13490707348283762,0.1177556150141929,0.18698897639836876,0.13433961983650375,0.0818007716931969,0.05078953177602082,0.1076460020158822
0.12102406809294042,0.126629823807764,0.0857672249573969,0.0525087662664914,0.2062860038305435,0.11430391427953257,0.10047241418364737,0.05703175909962521,0.13597602548205864
0.11558983483667096,0.1732688308167022,0.06764544667582205,0.08890914844716259,0.1981410091312806,0.11304624844893375,0.09514209942820433,0.07937266939147401,0.0688847128237495
0.17111931822618734,0.06127222291974186,0.22498886340220517,0.037970916186142505,0.08076815477699599,0.10923776339887885,0.10633823415242068,0.10915820020080137,0.09914632673662621
0.11306005180871992,0.07260977797653925,0.10130845459108191,0.07814981941801051,0.06806151954738747,0.0840983262891785,0.1148094492513315,0.1284404177148435,0.23946218340290748
0.1619315860311821,0.06650921314832482,0.053242446208922135,0.149036498585811,0.05004722291299752,0.0755386655330882,0.15018423384470603,0.15084374244469514,0.14266639129027306
0.10372966622096934,0.04028304940838132,0.07145358127517121,0.04752675421994624,0.11321860868672601,0.1848180085280772,0.09315604749424382,0.18976675427088288,0.15604752989560208
0.0782427296473299,0.06840893037056572,0.18718133154196326,0.11877842730028139,0.10459607653961367,0.11801297936190798,0.06714573861015564,0.19735403459644027,0.06027975203174211
0.07529727475523451,0.12674930509532722,0.08752952383378941,0.17166601157004688,0.09767926258758335,0.06596921063574905,0.11792445427966954,0.1522545640380132,0.10493039320458684
0.13084028386600657,0.1072435003801185,0.11276452142642064,0.037297789967319306,0.09940867844152067,0.17735862898491384,0.07837706053913905,0.15098823207017784,0.10572130432438358
0.09599603268080055,0.08727973563843054,0.08661128179526596,0.07828969612205965,0.093853745469757,0.24261048485207096,0.12902958531080352,0.045161373909688766,0.14116806422112307
0.05794546946455318,0.17590205407570128,0.13099461452761985,0.10386484930852574,0.18628210605458065,0.06493937565649154,0.09116341256153865,0.08044937304249784,0.10845874530849131
0.11531154154086938,0.05296259920526885,0.16314231202362403,0.1685361136366661,0.08979569331971178,0.039061452926455104,0.10184391694691047,0.20636686271867152,0.06297950768182277
0.12080422656418122,0.10027234124044405,0.04693538178904081,0.20945281383454253,0.10683249060846074,0.1311788699527232,0.13104790888684067,0.06152287617381661,0.09195309094995015
0.08445730348308407,0.05323966724181226,0.048571127923915526,0.11988457155587695,0.11975178562169504,0.0821574620187199,0.1005160649172198,0.3073027611935792,0.0841192560440972
0.06685381607971426,0.07970251282485181,0.06154817704821694,0.04588201412375922,0.06505164087270164,0.19457622596632432,0.1649336677556701,0.1936700683746637,0.12778187695409812
0.06742203258687145,0.06343944914136807,0.08967039574266454,0.06432893180313111,0.1066541162169159,0.08882772979506248,0.09554696504007287,0.2798135888441551,0.14429679082975846
0.12296427757700466,0.07393330087607188,0.12555130457473354,0.04409536761461619,0.10282660039283296,0.2176782094279911,0.10063327921142666,0.09700647158053428,0.11531118874478878
0.10585809882003276,0.11634077191570803,0.13259731623919704,0.10459555754324,0.07271765784040309,0.11438972856108887,0.08126534813597698,0.16244529658692405,0.10979022435742913
0.07122228945692245,0.08984904783113275,0.12796995718576065,0.1676229289792215,0.11818393780104457,0.1056398089515964,0.08764021577500909,0.059243800875878515,0.17262801314343393
0.10949732542123232,0.07317095732171552,0.09942683783600148,0.06937265079779366,0.09009155698018449,0.28729506329045923,0.07626604998677546,0.077024012326619,0.11785554603921881
0.10116676168552513,0.0730605247537466,0.07445470234621271,0.21558730652962543,0.09296849407919282,0.11808130691100809,0.11102865257175988,0.06576413190389659,0.14788811921903275
0.12888116729622745,0.107589856128818,0.07921914989826069,0.08780599652755643,0.08881871132328319,0.09492845586095565,0.11324304044147625,0.19143862424348337,0.1080749982799389
0.06436094807203778,0.12127501259938404,0.0438413562924147,0.16605228653614254,0.10935129998215441,0.11702146624900471,0.0669998049766431,0.20690029050903655,0.10419753478318224
0.08981682371902144,0.13789933911505922,0.11206684265822951,0.11212921142389354,0.19315046810295575,0.0764916956165999,0.09639571180731443,0.07987480690236366,0.1021751006545626
0.10537734407978572,0.07180327020448535,0.1324231445691259,0.11523066603604704,0.09894492032401875,0.11619260926911307,0.11875307241729312,0.16029021860703427,0.08098475449309672
0.06034603507647337,0.14454965611203408,0.12358105019727562,0.06512541321551978,0.13461946056138432,0.1300192905686162,0.12060059607559605,0.06646641720231126,0.15469208099078938
0.10310283321811879,0.10698026257430442,0.09045869281272118,0.07778699342348638,0.09907850628655814,0.09128251807695864,0.09154255832014617,0.11334286266526987,0.22642477262243643
0.09570481652643743,0.16416819121246518,0.052569180242370596,0.15397997951158512,0.07008865632743135,0.09823983725115693,0.15375730770832288,0.16182148258373721,0.04967054863649334
0.06230822008881576,0.061280547664759856,0.06517614292994504,0.13117741061463256,0.0781977192744655,0.11234443237745732,0.09670823550795866,0.1911804647840009,0.20162682675796442
0.11174721147677665,0.11155366636925503,0.06389885959081468,0.0801712306402256,0.11939350551579665,0.18169858721496934,0.13419711918404695,0.1452141290677186,0.052125690940396464
0.09999082579158473,0.13159564281505978,0.067510939674557,0.08821125637146743,0.16343000457601894,0.12030344578765008,0.15727940365091195,0.07970899627690549,0.09196948505584462
0.1399523911899286,0.11768696001907057,0.17779808582736104,0.06055863829241087,0.09950928346208197,0.12295263870890426,0.13203924265295255,0.1097429927976199,0.03975976704967029
0.09340091882838031,0.0879927286206233,0.06210499933091973,0.04809096904742577,0.2447166394480038,0.08225918297619501,0.1065011688998883,0.06587132559405497,0.2090620672545089
0.13115185692297496,0.14651525300407964,0.07068963118674541,0.1443551819246314,0.10108888990343874,0.043471204315397895,0.09885973922695773,0.18620202003466801,0.07766622348110609
0.09479970425927486,0.07863652856571815,0.05981375524812848,0.2634213877571572,0.07245575159184516,0.12133028922418058,0.08982211489331982,0.14778470878182626,0.0719357596785495
0.0640418549115691,0.09091238729901156,0.1300465871417056,0.06089025123952383,0.0623835680621336,0.16796853346586105,0.0882055699080128,0.20416537759791833,0.13138587037426414
0.17017374954279482,0.10997584919671659,0.05606387039896094,0.11382770251353415,0.12538206691669831,0.07588064724962838,0.1610483242572054,0.08156482371006078,0.10608296621440068
0.1858693064668123,0.11993936109828028,0.1195786472343786,0.07127895598118746,0.13276535417870503,0.10272528579640998,0.11557264576537257,0.08778441524126247,0.06448602823759131
0.07742713162649068,0.18866181594771914,0.15280674627895519,0.13067020731824922,0.08646330762110073,0.07083800025277819,0.09152132381208412,0.135933265786858,0.06567820135576477
0.09698587386135131,0.09678683012906623,0.08429996522153321,0.033900100355473646,0.23201005428088547,0.2092470190201389,0.0946701049931213,0.07299201119552458,0.07910804094290537
0.14620403839162174,0.06105608161349948,0.15777478269932,0.07344168318894394,0.11817081658984709,0.06341507628141668,0.09100966452381763,0.08321787767414653,0.205709979037387
0.12339032204586946,0.1988924756235656,0.055259848197040766,0.16241797746313943,0.16804921194210234,0.06569925587924948,0.09390692849344175,0.06772589155931348,0.06465808879627774
0.13438467604749385,0.06870549436154878,0.14811601913210617,0.10754701038979649,0.10849445355450264,0.12481481855509073,0.12431126899550353,0.08644709012108075,0.09717916884287696
0.16039523522616944,0.09022015535014251,0.2553276183328424,0.09768342940355662,0.11288335501709289,0.04538155591202448,0.07648255554114401,0.05753911527092276,0.10408697994610494
0.11819694703138549,0.1381107932745739,0.10681412006970141,0.04028280787031591,0.12234898515184904,0.13449501257311974,0.11413864940273633,0.16775372717095807,0.057858957455360134
0.10401163678257697,0.12321357548704481,0.10693065148250937,0.06415675156617205,0.20864036720812842,0.06258953660522616,0.1301377304445994,0.1193133744006426,0.08100637602310026
0.08257406088145826,0.10909759962472698,0.16817198870268416,0.07306799063324292,0.14778651453907016,0.09934668110091205,0.09942263695545728,0.07802446388122902,0.14250806368121918
0.13619347686896735,0.1503145819386298,0.15364948332697462,0.04425191993147548,0.11433906752129806,0.10728107664155699,0.12949957620035438,0.07836787678203237,0.08610294078871096
0.05175012590056582,0.07372543916860176,0.19307898113411914,0.034670531651742685,0.1336744015468976,0.15861380654244253,0.1422487752843876,0.14920994801787574,0.06302799075336712
0.1260486495041138,0.10820160898078272,0.18717069046011692,0.06378897283313974,0.10940736793844452,0.10682968230485908,0.10913500486045469,0.02987605776459461,0.15954196535349385
0.11779775908161201,0.07500678779554658,0.10717671007036395,0.05362302521386327,0.24256178865698766,0.13916383258849685,0.07125593386891703,0.07051963825344776,0.12289452447076488
0.07940853601398921,0.12768942110599335,0.05223585270206521,0.06475744043945976,0.15669642261419933,0.22360288164784048,0.1330234685254386,0.0685270006700312,0.09405897628098285
0.0929470914741047,0.07513347523837495,0.12070382814097809,0.05233976076086131,0.13556945727618755,0.11265511155555379,0.1090951786956158,0.2124613645201847,0.08909473233813914
0.09794407275834249,0.09769215325336635,0.08155394697465955,0.1939779426853494,0.10937637452007137,0.10800790031936296,0.10637744728074407,0.04553072931397533,0.15953943289412845
0.1843186588594278,0.13713669602260406,0.20409191177929098,0.033232837782178885,0.13523849542584324,0.05714162824890826,0.10785731013203632,0.02903762408394529,0.11194483766576509
0.1120998843938343,0.06372703392552022,0.06066390657289895,0.2374616836243009,0.058698638342235425,0.06279937323875275,0.10363425379216508,0.2554903095621677,0.04542491654812469
0.14717827379238224,0.07264876740526129,0.07067982907151799,0.042364875013813245,0.07226573549508512,0.045302280205072966,0.08081291796002506,0.3783809303840236,0.09036639067281856
0.07255736489012263,0.09172563737826274,0.1979949110517052,0.03877210501682024,0.11805806004944597,0.1150525184497271,0.09862662075501373,0.15564985726168357,0.11156292514721888
0.08739855104668497,0.12541463438208525,0.12473700710791413,0.06126769424714636,0.1928977895555309,0.07365098343087544,0.08233319078446054,0.12823321235990323,0.12406693708539913
0.12458798649493108,0.10145917910906073,0.13929975059919708,0.1067665149316376,0.08712398691414285,0.1471129162902326,0.0798485565212605,0.04467825531724109,0.16912285382229653
0.07503715649950997,0.22421112556262143,0.05235404506312136,0.04982180775237608,0.198123680451731,0.10784097113648639,0.12685288724008162,0.07033334654940178,0.0954249797446704
0.10218149719503818,0.10003269287265344,0.043189903816898266,0.12030631636122115,0.16245825170637498,0.13894032763311784,0.12151656780539395,0.07519608946682559,0.1361783531424765
0.09303408235169214,0.04531790587475093,0.21862725982342912,0.21330375573331586,0.11189089930153169,0.0854129095337121,0.08389613672579758,0.10618866879834998,0.04232838185742063
0.12677715594243613,0.14319873578792028,0.0754211958360072,0.023493992596754606,0.04936854655054687,0.09727436139167067,0.14176430868557985,0.1416455539875777,0.2010561492215066
0.15711836599668214,0.13976697304842686,0.0914163426838321,0.10983202670549173,0.13849115207566165,0.06223145172109007,0.1332154449557924,0.05782384439206478,0.11010439842095825
0.10135707785964032,0.24733137337433309,0.07495504003584902,0.05874362328411655,0.09402581790418933,0.08210110763235834,0.1029823673649312,0.15199345537564132,0.08651013716894089
0.12200405618710021,0.07745407132620716,0.1902639282939531,0.08677161459199735,0.09578415344100584,0.15578758967310377,0.07749834303933013,0.08428945115534875,0.11014679229195361
0.1569162881112005,0.16039513202727707,0.14406540354789688,0.0356184116447184,0.1174646961742059,0.05511595148768459,0.09817268447727874,0.03785854224105189,0.194392890288686
0.10474057366243154,0.14476509206392948,0.03842201081201182,0.07413189932652083,0.08735995984196677,0.09344313723544441,0.15709835740665534,0.10931327351186056,0.19072569613917925
0.1346253320029819,0.09714227562752457,0.22241033099093221,0.061914664490694084,0.15226463653173355,0.11260966053624388,0.0997255693824437,0.04402897240575946,0.07527855803168661
0.11034194070052665,0.13617396468303325,0.16620644753755812,0.026789950240981703,0.07365858057363224,0.11111076326737523,0.10646252124935075,0.04386531917652376,0.22539051257101816
0.09211206811959786,0.07256603416437192,0.15838792495795487,0.05321081916930912,0.1339898322025313,0.22521772806604648,0.07594610809021465,0.06770871142468864,0.12086077380528504
0.08489179741014113,0.16230740628009277,0.04649025485708036,0.1409481725997611,0.15314886854952828,0.0871839197141314,0.13330682623693477,0.08919467258700103,0.10252808176532922
0.05815140120550789,0.08233503200788402,0.08726721701177625,0.049393768678767026,0.13088742930065964,0.19583746105490454,0.1287181541106404,0.15814230009015243,0.10926723653970778
0.07131165887996667,0.1951230682564221,0.05865487179068599,0.03611047347774069,0.09752642992075584,0.0632199161517022,0.1347906009635962,0.09458806950453603,0.24867491105459427
0.0598479314588553,0.0835626293784399,0.10656093438901337,0.0747660643797802,0.17723437242963783,0.08869428617045165,0.08668605748412439,0.23665618321667833,0.08599154109301899
0.06533368178008968,0.12331362542603908,0.1054952801684636,0.08024094122434015,0.1455472816990603,0.11357371011559529,0.11567865401238182,0.11850717981886398,0.13230964575516604
0.11523891368341622,0.18359112295629476,0.10205792583627465,0.0939020338944433,0.054661507282480946,0.0734740123528607,0.16444916907763313,0.11971759313177614,0.09290772178482014
0.0718994881536308,0.0896880110395739,0.1933441196794379,0.09116739148693848,0.16862100907706515,0.1144709075466017,0.08713491218941237,0.11705725036144393,0.06661691046589581
0.1624229132740433,0.12477895568396176,0.04174636803994916,0.04209710776828963,0.19005961388291082,0.08238498519982608,0.15743618509563562,0.08748255124375769,0.11159131981162596
0.13289328642516499,0.14547386949151897,0.09127707988650419,0.02732592007426379,0.11251919518536137,0.07961811702305172,0.09166901303930464,0.1856277937628481,0.13359572511198228
0.05729896453604361,0.1451401303070911,0.10200864761125521,0.06688181861424856,0.08917025655280919,0.1501932696263582,0.12528616803387102,0.14636091608933224,0.11765982862899092
0.1129668125657713,0.12135210363851585,0.11037645000905986,0.11931409940366987,0.05070183482098253,0.203953247838621,0.09761825761494208,0.05456148919621734,0.12915570491222017
0.15900349061989172,0.09566147854787772,0.2627397131262406,0.05399499261002691,0.0672652142286042,0.1362484591330961,0.06841729063117809,0.08740815349759702,0.06926120760548755
0.11744322221686869,0.13310654787930554,0.2113252468041267,0.03813775849519272,0.1728488386585718,0.08491569040033535,0.10666232201430369,0.0654126254159979,0.0701477481152976
0.10766352801383795,0.1902265172253885,0.18614887514571377,0.11278064023498703,0.07085042599900788,0.11517952256881343,0.101469479640161,0.0655453106527662,0.05013570051932422
0.08436499921287599,0.09839182058958601,0.12786789987886388,0.16954175220556836,0.09313277638223331,0.08024477607150049,0.10372532366057015,0.13801007159735582,0.10472058040144598
0.0619813311391404,0.07612938317720093,0.10329484290425521,0.22109123771997666,0.08694822203550444,0.169411434487565,0.09020601445097436,0.12407357842060011,0.06686395566478291
0.1236745834837064,0.05030498512875317,0.1268689515325905,0.21185130548201112,0.12688829293928147,0.12867963678781416,0.0958820959019097,0.051284967477362775,0.08456518126657057
0.07751459948008572,0.10438577718002835,0.17529376448430814,0.04341573568306332,0.20126281282207928,0.13655524705230065,0.08497632507431031,0.10266401895181808,0.07393171927200616
0.17114345442759568,0.09266701566946499,0.2059498840615198,0.09513654647628013,0.15845332348721108,0.07423207144298083,0.07419590403861566,0.08542198142466877,0.04279981897166304
0.057714953029541875,0.06657784247084855,0.058217156439467656,0.1710745767565834,0.09205207012903886,0.0850470116968531,0.12446705139744217,0.23938295139023893,0.10546638668998559
0.14652829284207858,0.10860853036872213,0.12150525396813212,0.08906865733210649,0.08941275614561456,0.09977569358385434,0.14252904097426908,0.02510354067194137,0.17746823411328141
0.14589462414635518,0.11528126944448779,0.1381974134612224,0.10075501430774036,0.12411416274591146,0.059969758190448884,0.09014966524188044,0.19144934059061872,0.034188751871334695
0.09823370548791033,0.12649251650586338,0.042749465404469826,0.15048745333169822,0.09593642707365023,0.10699813371598743,0.12080142061465883,0.056217856908590165,0.2020830209571716
0.1434985786044409,0.18128261578346527,0.06550761356132573,0.07130641340678828,0.16643286944517818,0.08181419031750835,0.0791550031034881,0.07534954508013293,0.13565317069767224
0.05701219854761732,0.08056257857208858,0.11539000968911224,0.019761408019273438,0.13739554549654642,0.10881314453802322,0.07425035063965083,0.16409022532434928,0.2427245391733387
0.10429038820921445,0.06886338883825861,0.09849854466728475,0.07089400826679844,0.26996118672151853,0.12818512505580068,0.10138474970889426,0.030081574157934648,0.12784103437429564
0.15255305391286042,0.0891568037637381,0.1842143229713066,0.13637327033206537,0.0796786030000397,0.07008527240176059,0.10516302381971311,0.0844229368218246,0.0983527129766915
0.11163145575575902,0.07702306537804086,0.09836757299349037,0.03688299344706118,0.1456998917039023,0.10561096072726057,0.1110913912271458,0.21633020927377533,0.09736245949356463
0.19557289425483038,0.08641569130642486,0.12997707302583256,0.03656238987490288,0.1418883787943788,0.04908883603442663,0.09412444747071902,0.06337681876746369,0.2029934704710212
0.15412231828110198,0.11730812101686357,0.07234047949026456,0.06485396796355014,0.16601678973945103,0.13300353193999717,0.10212931594647666,0.041160444217125586,0.14906503140516925
0.127400136479336,0.10316757582533172,0.10954161937134488,0.07237159173605186,0.08036042530842093,0.06987984686899833,0.13244032839490838,0.05837891861744155,0.24645955739816636
0.21467951297634683,0.09518897097318202,0.07446855676353716,0.054073573072853175,0.08051491843736054,0.11786021998379757,0.12706137346023136,0.1306861549301163,0.10546671940257507
0.10099982714142734,0.07580490073595465,0.15801677332687605,0.1510718433581326,0.10878678559948173,0.15414971443155714,0.0751625632647082,0.06282385739459843,0.11318373474726384
0.13105569188422292,0.06822864023298016,0.14845207840610253,0.04042673582367487,0.10004343308078674,0.09748273520056032,0.08874938712370191,0.03853612312631927,0.2870251751216512
0.11947420921874768,0.08626992822493891,0.05692583193541886,0.07924869727901898,0.1776064973843541,0.09368645596463439,0.1549157484714658,0.14140245382395358,0.09047017769746768
0.09521841556795539,0.0670209819072452,0.14815554405611522,0.10792478449701737,0.10249005478089035,0.08509419115183413,0.0658464225930674,0.13297290261647787,0.1952767028293971
0.09354248388539804,0.12256472195783845,0.06525486595384382,0.09791735827933394,0.09073298601514278,0.11062076487261796,0.16010148836929602,0.11857961380695915,0.1406857168595699
0.09300974147133444,0.11920416707314323,0.11251885147126228,0.10624968329555491,0.15724730153798863,0.13192563316671635,0.12385365156466621,0.0852829522161123,0.07070801820322162
0.08212104650528901,0.09846227712552076,0.05390084077318156,0.2370060166475194,0.1432350335167244,0.07331152567374284,0.10927628221307333,0.17001437948598275,0.03267259805896596
0.08356514545581496,0.09080646068270087,0.12165813282717076,0.04375719682610899,0.15308122060649598,0.11963434378735256,0.20879202004456832,0.07132445999292786,0.10738101977685964
0.1079608905898455,0.11890249812040525,0.132420017063874,0.10357407679608704,0.08245349259343034,0.18088204887618922,0.07338564702432358,0.10322814615307212,0.09719318278277299
0.16191590154174165,0.08502516885544069,0.22495746215922965,0.06458835844440393,0.08397911009524062,0.09621420943149718,0.09453708256158493,0.12782518466639514,0.060957522244466135
0.12234472185714355,0.12296063471878167,0.2155716048044076,0.06791589681315774,0.1197011630895057,0.06417231886927204,0.10540884760281992,0.11662059067447816,0.06530422157043363
0.16494102888006057,0.0655027226125884,0.16960214976748378,0.09298677574554741,0.07295657121795049,0.07694237969557434,0.09853360985259856,0.08277367703866574,0.1757610851895307
0.1043127741369499,0.07686634791071224,0.1075279020001068,0.036216597528513646,0.0982313298009017,0.12729354543278948,0.1113134881641221,0.10215537324892227,0.23608264177698182
0.09435644817660445,0.07933573352125887,0.06488559647479224,0.0916460454443383,0.10017621418672795,0.05180564369969124,0.09397906463881765,0.27491970530190873,0.1488955485558606
0.07764234401665564,0.05260408230007382,0.13186926400879975,0.07027107056373191,0.17132850889019965,0.07065644774653168,0.06783676008172344,0.1541969845387452,0.2035945378535389
0.13835400623376917,0.0861866451335579,0.08455431341475028,0.06190013121303564,0.12019383787438444,0.08594801571446799,0.08615359981673842,0.15321735992553429,0.18349209067376193
0.06964360684668902,0.09322641990584866,0.08128135665900384,0.21123253477815304,0.08354734551819065,0.17827365455176228,0.09487299928101921,0.1250882825569743,0.06283379990235904
