0.12712219679212913,0.1347814679759716,0.10191326806034806,0.09997134422189259,0.10191778200493272,0.12784147403454854,0.1340689403480462,0.11734436806615256,0.055039158495978624
0.09488067885747403,0.05833324124080783,0.45228309473649125,0.03325353671739647,0.11477439261696504,0.07075460140387657,0.0728264312150987,0.0801922388739962,0.022701784337893948
0.11857841095257993,0.11592484161608257,0.12290126709145897,0.08185541724987898,0.0964714362698113,0.14250668731697688,0.1310367803823657,0.10610774189263693,0.08461741722820872
0.12224551734435991,0.07148154713419277,0.06695343324785792,0.09277948026683873,0.15967978959302898,0.14848179011361548,0.12102850879420628,0.10851810080797002,0.10883183269792994
0.11222639810234601,0.03676086017152793,0.1091624291003573,0.028024057183089864,0.14937623144134743,0.20832730768459973,0.13430025039111912,0.11371454657966724,0.1081079193459454
0.11972429943461933,0.07939959462362056,0.11159192906365634,0.03635936031374589,0.14882256998395882,0.09607713509466836,0.10772904513334847,0.10761622412354248,0.19267984222883974
0.10774891274847498,0.05762515384050617,0.19120278390029222,0.018080486465267304,0.10487632422082614,0.17184538177550954,0.11358788017620673,0.10082273797991985,0.13421033889299716
0.10657677568650781,0.0753871687034028,0.10924526323804228,0.12176540950052754,0.10673574786062053,0.07624960151766721,0.10891941006453983,0.09171170188342669,0.20340892154526533
0.08469637583912042,0.18233601841909094,0.059055847281855665,0.15867362584583133,0.07819036921082267,0.04834200017492809,0.1024228251799857,0.08000766386042103,0.2062752741879442
0.13787319607904122,0.13205079554102397,0.04379091078878713,0.15969702291988022,0.1210094566399258,0.1738841636040429,0.08019776026716073,0.09528644494852838,0.05621024921160966
0.1011979238453357,0.11840516352633175,0.10908538088989106,0.06339026033113172,0.15900798007931696,0.14990250736909186,0.12643187096052344,0.1225716745415331,0.050007238456844384
0.09424232493659353,0.26317336080987724,0.0404748578530116,0.08373164307623282,0.05496077222063058,0.1469761115778454,0.10088117477641347,0.09262572358833665,0.12293403116105876
0.10591123515028471,0.23980606025043363,0.09307738078818976,0.07108734213260483,0.054473547379261404,0.16115173407648511,0.11057831815212234,0.08889024638447925,0.07502413568613897
0.12066585516363182,0.08498161495233142,0.18611970661774405,0.060692943047221636,0.17011099756955983,0.08265494038076189,0.10868857807838421,0.09582996248591145,0.09025540170445367
0.12749538825097584,0.19576588029502237,0.08610537068474339,0.24590296941611034,0.051994602679694746,0.08432835562420937,0.09772585723294498,0.08765228951027892,0.02302928630602004
0.10733860493944596,0.09192998773887116,0.11603188518008745,0.02542709926120139,0.20602211580528595,0.08244881387210969,0.11165076729584378,0.13694118690737464,0.12220953899977997
0.10432871620162075,0.10070265464548772,0.08101807575211357,0.1120310544907439,0.066320124330586,0.18334922817276658,0.11213069327853953,0.10247466399233113,0.13764478913581094
0.13005527974587403,0.1019062386834419,0.128891062630576,0.06166004942048745,0.11579351037663678,0.10761956493820679,0.11986559495448684,0.1525959167544808,0.08161278249580937
0.0858885958315324,0.13751481627427373,0.26596463960529815,0.04108832859993724,0.11649638720823878,0.08505552124093389,0.11278707031054826,0.08795108285271613,0.06725355807652143
0.09495910898948397,0.11384964233864403,0.09317479129368876,0.033694166489990816,0.06112943099132503,0.09929677422628229,0.10704589357649413,0.0963239508387832,0.30052624125530775
0.10104673677293234,0.1879967018723375,0.18834320648602768,0.03838572314477734,0.05467763909927201,0.11981741760033666,0.11820137717232744,0.1113551492772721,0.08017604857471693
0.10978397957937391,0.11207842686709298,0.08652873441838536,0.16748005570302946,0.09751157889086692,0.10444371778106398,0.1246885280444869,0.10323970810846882,0.0942452706072316
0.10472413676453841,0.16082716573085296,0.20462661803271318,0.036575997584642035,0.09847180272496477,0.07504906187314019,0.10248889722340433,0.11407175027911191,0.1031645697866322
0.10613605900342682,0.08174842790430659,0.06796902402918541,0.2738884495868332,0.07954314183117428,0.03811758643477369,0.09315168984756815,0.07636105187889279,0.18308456948383903
0.09727645315401984,0.08291292297088342,0.21136352870948802,0.04564729903422656,0.2253957730853587,0.065308799355811,0.10387521972548125,0.10337208727464958,0.06484791669008155
0.0847075677687421,0.09556900886048365,0.08511677020496906,0.04639974795608148,0.11865824021159872,0.11415350603076528,0.10164589687392378,0.10708543050184906,0.24666383159158692
0.08557839690638779,0.06329718838128633,0.13311528211096288,0.17644275796170994,0.060271565744427096,0.16868052039260828,0.11223691838788315,0.12561992460375013,0.07475744551098441
0.09330974185219804,0.014649069131786865,0.04302978508616188,0.19275048057141042,0.09766775108116778,0.1765256901744168,0.09797996749702283,0.08620005275946523,0.1978874618463701
0.13764947658834895,0.099724565845579,0.1844226220186326,0.16277831913572427,0.12183507777418677,0.04902480404409576,0.07909121244329743,0.08885842692543285,0.07661549522470235
0.08025330480181148,0.025866247132797632,0.06992752651738021,0.06194778870332971,0.13556648623167447,0.060803266089963816,0.07666812279723721,0.06908439165750781,0.41988286606829767
0.15673728055731195,0.22232608465861628,0.11656673056632812,0.10052583985433639,0.07206758230739478,0.09313893506893761,0.10513861945385583,0.09375057731784993,0.039748350215369155
0.09814869681108267,0.04627797463876057,0.06948948515759466,0.14353360899081796,0.16203983653085532,0.14193904708549546,0.08779367587032816,0.07377937982904877,0.1769982950860165
0.12246292194384421,0.140425824756347,0.19205730154757425,0.018390583917532618,0.06829711011812759,0.17697319160708866,0.10058620332864925,0.11010946106935261,0.0706974017114839
0.07807670365013543,0.1088659635133244,0.0249988540965987,0.07919246614243862,0.029211402282818665,0.06494909880024578,0.07877688580180352,0.05754778492344645,0.4783808407891885
0.14180007992105073,0.12236611473225334,0.03956969554938863,0.11303261799673774,0.1394241179326378,0.18017854365078953,0.11407873862431801,0.13915872301658827,0.01039136857623598
0.09183378614300473,0.29282042324208596,0.08797416698269489,0.056864327961871575,0.0995377112934705,0.11702006839654644,0.13012682898367278,0.11460847737321266,0.009214209623440573
0.09642858156891877,0.058191238357257924,0.20310741021204984,0.11020506792566233,0.09018886253155915,0.06588263242056239,0.09120672679182774,0.10367421830381722,0.18111526188834468
0.12856969346156302,0.05644228532035364,0.17343255534065963,0.062463921901643606,0.13968178465731548,0.1998578881391222,0.10582577979230477,0.09744668957969223,0.03627940180734529
0.10639480473135389,0.037368043571927634,0.060903621412096515,0.10563838604081754,0.34606227860865896,0.07012372647001047,0.09305388323655926,0.08878470220969052,0.09167055371888522
0.12916294767046133,0.10407793965257484,0.05873733903013046,0.12800349871395875,0.13019138779150394,0.11312125449822934,0.11992593968915229,0.12486645224847553,0.09191324070551359
0.12163160730648441,0.11411062906981416,0.2507155610391642,0.1339672676934934,0.09988052133394894,0.09081761208763338,0.08781532170242484,0.09005520246998465,0.011006277297052057
0.09191472768847819,0.05743520111535675,0.12446860816259563,0.15028836459147896,0.10104674747322014,0.12436219049573059,0.1278823612396359,0.0939735262574173,0.12862827297608648
0.1278151833373992,0.07317278716363157,0.15561966677641417,0.03992548776208832,0.11578691538463493,0.09693745950828574,0.09943825396657853,0.09542274489252217,0.19588150120844539
0.09658254795345565,0.12055884861972603,0.051663833864562005,0.1223547646650368,0.07295993189425615,0.11937530114907129,0.10433932899557874,0.11481931884817202,0.19734612401014137
0.06921982668635134,0.03162448558115539,0.04088600506301352,0.2450156394368601,0.09511419225905769,0.03194113072712851,0.06518612576095802,0.06814807144947944,0.35286452303599597
0.09094208798376913,0.17674247991148315,0.23670330056974334,0.02335776743913324,0.06389425793736314,0.11401256965829439,0.093913834344329,0.11431038197381338,0.0861233201820712
0.10358153696958516,0.06431649000424249,0.21435251584889603,0.09412579214912085,0.08082854683547532,0.09540556486419925,0.13944619230244207,0.10373792183413523,0.10420543919190357
0.1165820676461783,0.1743990005935853,0.042921251664286154,0.19089401662183803,0.12189015090867178,0.04359344192509521,0.08657369213183634,0.08445838011138258,0.1386879983971262
0.1212306801582511,0.06624509795015253,0.12479288610362456,0.1436096817917856,0.08150492115269216,0.07275407829999407,0.12671338739780494,0.10513943369317552,0.1580098334525196
0.12021836638356302,0.2325734204902721,0.046959580564977704,0.12700927605940857,0.11107534119440161,0.10393467165020558,0.11118643595947277,0.10525310652221787,0.04178980117548072
0.11930399205304394,0.07824221948674676,0.05844430770897927,0.2082381281966379,0.18119044190583136,0.08748191749433147,0.11663435287329098,0.11269768234765787,0.037766957933480345
0.08539071490268912,0.04820113271510353,0.06672097249382165,0.0649529818112873,0.0944931085314208,0.047160437939533666,0.07874477500859088,0.09002360042133335,0.4243122761762197
0.08827410825102844,0.16863762117851347,0.06874304332945284,0.2908997229371229,0.09414345509582078,0.08230961687426101,0.09493391384269922,0.08747301596257101,0.024585502528530315
0.09755386648064694,0.1909593512695138,0.15538188377908305,0.04605933278929401,0.11739608306001191,0.09347661629312427,0.1300089587169668,0.13216093485521616,0.03700297275614309
0.1162996466255413,0.08553984840550406,0.06682669364416711,0.1609643289366409,0.19645632622050835,0.08360176107568147,0.11150753864804974,0.09673458743724428,0.08206926900666274
0.09103768316014221,0.09186986572803992,0.05966138633931615,0.21887587618032525,0.06377344498499704,0.07279093049748868,0.09535295740600792,0.08739321138866128,0.21924464431502155
0.08475031477660948,0.029774518457769756,0.21256362565110085,0.12949935097306567,0.17393431116581562,0.05263193739254549,0.1002552493082484,0.08855714545786075,0.12803354681698387
0.11655858403397885,0.12496110754391902,0.0908616628502054,0.13175341891034192,0.10356203965295807,0.08735727556504175,0.12197689503090257,0.10374342684357757,0.11922558956907485
0.09675979320668006,0.17155576449004717,0.10400491271042785,0.14204727527003647,0.09334485525029657,0.0800580783993086,0.14237530483393454,0.10623103487781198,0.0636229809614567
0.09703087781665908,0.11495708828646488,0.13943306238023676,0.16154809357995864,0.15143989603493158,0.06993986268543781,0.09678350906931311,0.08654200672549262,0.08232560342150558
0.11660136604054254,0.1295316175780638,0.2191794488219545,0.02211995323154455,0.07965490976836881,0.16232226211588244,0.10039803507130916,0.125135895467378,0.04505651190495624
0.09690131810505032,0.06676485431081329,0.12387290531204698,0.10272231894285812,0.06687485150791334,0.1528386685429782,0.11846206191204744,0.12811219157219306,0.1434508297940992
0.1090694731485312,0.0860801481449593,0.23049888819607814,0.06937542702601246,0.12112673972449071,0.0988211426160029,0.12253605511778702,0.1101776551781168,0.052314470848021426
0.13434957733558991,0.2121494098438398,0.12501970592926528,0.031306770074167704,0.048476101895838265,0.15114197076781666,0.1094704172850578,0.11997960963705756,0.06810643723136699
0.1278771486498765,0.23847916016536408,0.11001423578339244,0.1577153154475939,0.05312013736297849,0.08357913961721909,0.1037829965177594,0.10649260290264424,0.018939263553171822
0.05943706048025801,0.12223337851761307,0.04088133918895794,0.027762569554639547,0.04018887799886212,0.06101518801687855,0.10012722031492637,0.08024977769475088,0.4681045882331136
0.1153108052963938,0.023531965545138037,0.044919062881441325,0.06687216938044023,0.1718268269810592,0.11620649035521569,0.09210434981897857,0.11205877176642755,0.25716955797490565
0.11256004880143373,0.22279759419175435,0.10779110336089333,0.06902163341585603,0.11576238226777007,0.09959632521977409,0.1302611835571248,0.09404461495488059,0.04816511423051303
0.09683915858126461,0.1407893940524342,0.17451885888282115,0.09902572778443185,0.10760071329087811,0.14179136007668228,0.12083547517514746,0.08987523188707947,0.028724080269260977
0.12262012903301928,0.10583898186980166,0.09422934325160019,0.042280447137403955,0.14789999739696344,0.1795319729775133,0.13554587494376433,0.11804993907713741,0.054003314312796515
0.0979674088701359,0.051387746192944096,0.09870059865233187,0.03745087300496572,0.13591240469117014,0.11254100901195456,0.16488544901225868,0.10821096327461253,0.19294354728962657
0.10899623345305155,0.20944086075102875,0.04372140692272385,0.16200723350385737,0.0819224076106712,0.07327730056074717,0.08523392910944472,0.08536346348459539,0.15003716460388003
0.10200987726460198,0.07105375451624812,0.15755996642032785,0.050539067550015644,0.1572912179315152,0.057263216493274906,0.12385933632643963,0.10041904856419921,0.18000451493337752
0.12999107586103018,0.0924733007104952,0.10503660350130718,0.10962565129543156,0.09313625439629396,0.06448658131821912,0.1104852221794121,0.11645058034403298,0.1783147303937778
0.12519486694791163,0.08597405145547356,0.17742104914981285,0.04708361467127881,0.06565876224455497,0.16810470191575658,0.13351459834182383,0.11135388417840915,0.08569447109497864
0.13364226792637499,0.0796576403610779,0.20761769127181048,0.13251925994783598,0.0653106881302363,0.07848569505187274,0.12074171711806807,0.11012818445968918,0.07189685573303446
0.13970634880799737,0.08198991286452748,0.07481782515646815,0.1212765083897115,0.18437765618726557,0.062437752199578415,0.11647608362535257,0.10318906911792769,0.11572884365117116
0.10910157162098268,0.1559453283369913,0.0371423295625845,0.03557024595762989,0.05418714842126795,0.17003477877147208,0.11657403634382306,0.09671111330728178,0.22473344767796677
0.08677442033320922,0.09661195806827783,0.03538882223399869,0.24205748992776266,0.04732442543714419,0.07464107455500867,0.07418316011533765,0.05965353141649521,0.2833651179127659
0.12324781070366393,0.23938285137926904,0.04704072742836751,0.14105974091592802,0.10081258240161951,0.07885496603442206,0.10205609843745485,0.10260435950844708,0.06494086319082802
0.1291053838502926,0.11346617430785626,0.0930636118163164,0.10046897593214754,0.10385785877437888,0.0701051054053327,0.1024575576921144,0.08457443230017948,0.20290089992138172
0.12576992942658535,0.17025741627032806,0.06272188417963909,0.06493004555497572,0.13541997212936294,0.13981846148863267,0.1302836203388016,0.13466874159250064,0.03612992901917393
0.08229842983956681,0.052369246930197344,0.06090256290892887,0.05965254792421746,0.10281407597526226,0.11371493936191412,0.11535073204710272,0.0964060908798513,0.3164913741329591
0.11088158956289267,0.02743924910945443,0.1356330512992507,0.09879492986538234,0.1121011520210905,0.08299077221845914,0.09285354830987647,0.11180392007305102,0.2275017875405427
0.12283708440127783,0.07240639235211675,0.24734724681622774,0.04314782660894212,0.12783143294540825,0.0891100434676565,0.1182426907181906,0.10520044853583754,0.07387683415434275
0.11919234943803618,0.05934720024128956,0.1274274292486207,0.09151754991229567,0.18673432731437423,0.12971036923985305,0.1367627311706532,0.09978782544995803,0.04952021798491932
0.09578616786907872,0.10161157172346715,0.18582702310143576,0.03201495966500838,0.07446693896890137,0.13954197582454164,0.11216592600154568,0.10297941461840328,0.15560602222761802
0.13018271209686696,0.1767392657244691,0.10879911957282218,0.1280940644043214,0.12774214001706707,0.05502763576939024,0.12772973498187987,0.13289075324279712,0.012794574190386113
0.11515191631802875,0.12180864449260502,0.10021064508286932,0.049487347194927644,0.09030801664826264,0.19336721874869245,0.10805235016459647,0.08599243914626192,0.13562142220375573
0.1145092916599046,0.0711059758147274,0.1772398587201939,0.06898453352149649,0.07440782802384763,0.16056099979390556,0.11972034723700657,0.08151269537582428,0.1319584698530936
0.11071548904500661,0.11231874274157272,0.03182408231718546,0.07259306108655532,0.07214817277483214,0.04592295752432968,0.07160461414549539,0.07487923961619646,0.40799364074882627
0.09854947993928138,0.09283474962238718,0.26759727317996446,0.0603805766243398,0.12678763587283945,0.07687530063906468,0.1262623500843488,0.14237872423260114,0.008333909805173165
0.10747252423242425,0.18208203512925655,0.08398741551539039,0.014881592262895297,0.09145285917526232,0.1989833648665801,0.11466157424232859,0.1221653351845371,0.08431329939132548
0.10823703455672821,0.19568846764339173,0.1455911350089718,0.04888930257036789,0.05256603734147427,0.15282966651184948,0.12868148864955453,0.0979756021749924,0.06954126554266973
0.11876909983359789,0.09412662119679549,0.2505538556695614,0.07000411198602502,0.10099646006246181,0.08741085462823782,0.14364900838739628,0.11201916528521787,0.022470822950706487
0.0952153786823593,0.12065876281011784,0.08011951558654855,0.06438978056635937,0.10526069724107283,0.15143703653139395,0.14607794497653015,0.10655572490641411,0.13028515869920393
0.07294964181192731,0.07503573467767129,0.025702159189887535,0.3330019076174846,0.05250632720391137,0.05166999485305291,0.07673039799935437,0.0691430350939042,0.24326080155280638
0.11890355448511686,0.09100695085375915,0.10894173374425796,0.08333436958716285,0.20224589603539087,0.10283384364734634,0.12270512977318683,0.12502453924961598,0.04500398262416321
0.09862983083316812,0.0441766765670931,0.0975598560129018,0.06738761802620676,0.10198183631118664,0.13046976755733322,0.10475513715990398,0.08983928897830495,0.2651999885539014
0.12178259779039519,0.09042417783421088,0.05653891706246647,0.12721731988403095,0.12998409801225616,0.21695810965908432,0.12957301787409334,0.09029704313103755,0.03722471875242512
0.10665216123844042,0.24401698523397597,0.05746939582518609,0.0421600142073627,0.1468406413363793,0.1340186599565429,0.09780735302447185,0.12678258685084484,0.044252202326795886
0.07983201748181527,0.07083175430405568,0.21323444180552983,0.1859745621573348,0.058598425878451287,0.08942473237291937,0.10213903573416101,0.08467704019028795,0.11528799007544473
0.11505487509970246,0.0816342210443412,0.08774921217541261,0.06831409889409058,0.08632275686977571,0.06912942688195335,0.09299046234124343,0.08866206863232118,0.3101428780611595
0.10235650987412524,0.12280738853626048,0.04886957683108204,0.08559917385970683,0.0813130171624518,0.16002596222614354,0.12216390237510828,0.1095545831353603,0.16730988599976146
0.1054977935212222,0.03867126895712348,0.16315806186784704,0.1871699266378004,0.1356251289137442,0.06929558453666852,0.11610180874506526,0.09424209961907908,0.09023832720144988
0.08464678079252609,0.10675274523164842,0.06310464484521884,0.1203323632624272,0.08495574572458303,0.06352268615120175,0.11762104613383867,0.08056076834226585,0.27850321951629015
0.09822784545202536,0.06358120639937849,0.20469921723094645,0.06480215263139529,0.18652024906801798,0.057789641102513965,0.1002987848034314,0.08059908233449345,0.1434818209777976
0.10128891676621417,0.1413812532963493,0.08509450014407728,0.03240958526022657,0.0732686778819519,0.07987784646161816,0.10396997784223866,0.09855898427468791,0.284150258072636
0.0940038094632654,0.0921585327055488,0.0726571510716879,0.05343328638353717,0.1429572912652007,0.06890472619005272,0.12099369461496168,0.0818460985429912,0.27304540976275443
0.13963580667752423,0.2120234068336764,0.09300006868783721,0.040250933011585666,0.11485469625404914,0.1298293314267102,0.1253491286852202,0.11647335281407532,0.028583275609321595
0.07533139196052717,0.07371828064364062,0.05089215385562578,0.3403928703428814,0.08138214368485873,0.08116526086223885,0.1055336434970185,0.10334244782395059,0.08824180732925824
0.1068953151667118,0.15436822661834324,0.0398886484011826,0.2619354579182524,0.08198757449977839,0.07490216212116853,0.08141322118400417,0.09242416733154986,0.10618522675900909
