0.07227648794075633,0.04902535031996006,0.4647579110494939,0.04635932181785015,0.0808361871634979,0.09104654761888951,0.0801250437845591,0.06475745176459174,0.050815698540401355
0.09011766447688468,0.11993753793563354,0.04174474010246829,0.13487825572593157,0.18867343289642358,0.11889442793757565,0.10755989368233554,0.09869689911585418,0.09949714812689299
0.05856792247433384,0.06432839556353535,0.497629314094008,0.05224882957423144,0.07947880914681177,0.07946272939789838,0.07370769127046427,0.0476943345751181,0.04688197390359881
0.11489318753390575,0.14867014764991962,0.14551989197675944,0.13900039138954243,0.091257718971668,0.09825107243225988,0.09328740612175217,0.07293439340500386,0.09618579051918881
0.14302080048516055,0.051411507710285985,0.044806383687099806,0.14276443021022714,0.1040909282698567,0.09124200765463657,0.08746829499080067,0.07186987373619043,0.2633257732557422
0.06570864423424157,0.26512673231632555,0.04529486180547269,0.17328426720119247,0.08125181922911213,0.10665150475076135,0.11362215676139399,0.09247714856726086,0.056582865134239296
0.137286738351956,0.046787814036879795,0.4017202259125375,0.06053829261786772,0.10124575969731343,0.07807688767231523,0.07841965274439179,0.054401271667751466,0.04152335729898712
0.0923775978009923,0.05568671791986803,0.03537557422293445,0.169931923016861,0.14042894361185512,0.10516986451602554,0.09722343864763851,0.06916019523450197,0.2346457450293231
0.08927046711545866,0.06734870109909939,0.10897333220217419,0.1548983341900708,0.11497607225345285,0.14215493640534052,0.11228878494116397,0.1175049621994572,0.09258440959378245
0.10094999700480961,0.096215065040493,0.1132585430812601,0.05116730837966941,0.16718960022496157,0.1176190507556093,0.12015093274192616,0.11653653318456014,0.11691296958671067
0.06932920333760607,0.07129557322656019,0.11462710496069839,0.07940313265880529,0.14908050602915332,0.11939422619198327,0.11652504122026804,0.09191795003565108,0.18842726233927434
0.09141391450526604,0.08388448042652548,0.08724815179538703,0.12074430415583991,0.1503084092064808,0.11235041503536657,0.13619234339728145,0.10727795570396519,0.1105800257738876
0.09692695775962269,0.07472146664851452,0.11507425108460893,0.05486421492519968,0.24012449050273896,0.11249743805528158,0.10044490739741134,0.134554744672155,0.07079152895446732
0.029988347525676844,0.02132696302844651,0.031484415243130864,0.2420497076144551,0.12089240073018015,0.11284202366729888,0.10479079244902889,0.07836274346160593,0.2582626062801768
0.12285239285225312,0.18124310019177778,0.11273887652252867,0.10048566142800408,0.10965556460928973,0.10645374661081693,0.10315634523876938,0.09156948356514549,0.07184482898141484
0.1148120186760238,0.11797081925879871,0.04494289163775209,0.09868630394686555,0.13119482584298076,0.10078258855951823,0.13175699177482628,0.07642913935366703,0.18342442094956765
0.09313426130269764,0.14811380700029772,0.13205284600687947,0.0835165618378496,0.15364465591312934,0.10505348792517429,0.1036632075503053,0.11289009355228852,0.06793107891137806
0.09515594072945753,0.16984410581351395,0.04884484976583442,0.0940088663455682,0.19344290541748657,0.10844342840743387,0.12495400789949047,0.10217577760183721,0.06313011801937776
0.16041833688846316,0.10506379241133657,0.018640010826565946,0.10364933325328862,0.09067525113746082,0.09682989544075049,0.08249761577637654,0.06906095592896405,0.2731648083367937
0.09713637446721844,0.07578220031232143,0.20209273701488195,0.06835713956005285,0.11902726060214629,0.10155324517546223,0.1157807953997107,0.09913175704786305,0.12113849042034312
0.12096067031908726,0.13672360157208044,0.14872352036516626,0.07604999575013162,0.12521461779397958,0.10850007143181901,0.11591013508052554,0.09244149171540883,0.07547589597180143
0.08248246657054391,0.07525799556009781,0.060138095784886,0.17403552329200878,0.17861903180414027,0.11281074934067221,0.10168230889484814,0.08780829239740746,0.1271655363553955
0.11141514022453873,0.09694075272000864,0.03295913743137239,0.08953143167952976,0.1363642478508716,0.10925005629318563,0.1087645083558414,0.11362567631133143,0.20114904913332043
0.16597571410983106,0.08149808490137393,0.05532260359601767,0.1503008983313087,0.08658073486366986,0.10453038838227506,0.10872138273798211,0.08803156571362074,0.1590386273639208
0.1667911172210932,0.11386032431635947,0.10572162654484037,0.0794507641833261,0.10586368101065458,0.10265709566794873,0.11139756485077323,0.12094056714583301,0.09331725905917125
0.13093472477195114,0.060698885968528134,0.03494083442180068,0.08989406943163591,0.11893528907943159,0.10938511529530966,0.10046046572178464,0.062349896647219745,0.2924007186623385
0.09364857634691807,0.25354656921985685,0.03463763390606631,0.13584628697206957,0.0944810443301607,0.10118040154361398,0.1236809550414299,0.07275642872007217,0.09022210391981243
0.0795014541459991,0.09423834522902497,0.029579859294441745,0.09555049102354829,0.2528840648706953,0.12807168527985924,0.11349962819170802,0.1446160379061859,0.06205843405853747
0.07246046788802063,0.05182850790160792,0.21295778168042842,0.09075942742836544,0.2017091995965822,0.10951495089723562,0.10342860102580627,0.07388387738950632,0.08345718619244713
0.06801591019632527,0.11328234431185567,0.044381797409102926,0.20132282647472258,0.09581545425561779,0.10844959240929843,0.10883083934597411,0.10447580952771611,0.15542542606938708
0.036517244245625954,0.1038875773656469,0.186179976496762,0.07875805802004994,0.17564302242697272,0.13279626812421017,0.11578713690741749,0.09301770018360327,0.0774130162297116
0.10073662251673395,0.12277612515433778,0.03525420253259234,0.11392895665525732,0.08621275776781155,0.09968148599542188,0.1131806887091907,0.0731418611169636,0.2550872995516909
0.06341436392010244,0.06983976032032703,0.17890593682031397,0.05054454069735797,0.203452679353645,0.15783655523638573,0.12428502276602564,0.06865587191771162,0.08306526896813062
0.08079815008848297,0.07119260156629771,0.04371549659514574,0.11299966779310093,0.09857987332284908,0.1185627056378457,0.12659306660260214,0.17309360279330008,0.1744648356003757
0.043899267029280785,0.10482071963395116,0.05808768071305357,0.08649325001316029,0.1386220807111839,0.1347625791229998,0.22344951170241992,0.09925799368635498,0.11060691738759558
0.11904391757899735,0.15167838862534938,0.05517289042980177,0.10227379996211416,0.1621216303747165,0.11166214703425249,0.12386966332515376,0.10597110911531919,0.0682064535542955
0.14221817835448614,0.05789982764758541,0.10966912437334213,0.1059465794621852,0.0987592301265325,0.09840903987105439,0.11251006013733071,0.08411196224625839,0.19047599778122518
0.11230425458848114,0.09795673686612318,0.0294008367748113,0.15683337484145907,0.11327198540850365,0.11668442409651668,0.1158558617126304,0.10132687321225946,0.15636565249921516
0.12011207255623835,0.07495024853459169,0.08111807724539688,0.08433949129797151,0.1380907989642445,0.12018474988789214,0.1335924883697607,0.12828729796965263,0.1193247751742516
0.11142868562309198,0.13572007790469004,0.053446736326813564,0.19243957412474666,0.08717261134874948,0.09220651664309752,0.10081245847116878,0.08327035194125114,0.1435029876163908
0.09827217040367826,0.08049981172447289,0.15385431394729945,0.09984649789158108,0.13570829453589286,0.105258178744684,0.08831575769496568,0.07392804210911359,0.1643169329483122
0.09772748048197678,0.08565849515427741,0.03954433658446545,0.16074067762903962,0.12741327139398403,0.10789142619311486,0.12273666856427307,0.0970197681656446,0.1612678758332242
0.07852684792528551,0.17685345093987545,0.0524127987485464,0.10119686974590032,0.17674256690894952,0.11970502259889826,0.13173446210736187,0.09257941645831613,0.07024856456686657
0.08999205071943706,0.14704203064345803,0.0384601541003537,0.15371015860514722,0.17232944781807535,0.11636310308363236,0.11013413016291651,0.08304999269114915,0.08891893217583058
0.060669744319500236,0.20682745448077378,0.05337594155306591,0.09952375282497518,0.11374771736141213,0.1383367360493892,0.16776000575392372,0.07682233772526438,0.08293630993169547
0.05003869323485314,0.061028535998398324,0.3610255422945688,0.05749773845945222,0.12455358157576697,0.10469791263260625,0.09917705299189693,0.07780418247890762,0.06417676033354965
0.06894934796176157,0.12076764792553966,0.0880953990244333,0.14529411968861997,0.14911888848705993,0.11712376617082328,0.12229842845370587,0.09121894696533146,0.09713345532272495
0.14763430119379953,0.0938069155913408,0.16941763544781763,0.08639447697209114,0.15612814029807243,0.094004751340247,0.0982240007259395,0.09415797076254921,0.06023180766814281
0.06207196514206362,0.095700795250114,0.041070953485637864,0.07372918475309355,0.2277140042512121,0.13556543779452418,0.17236120893813467,0.11216150898636373,0.07962494139885645
0.0555430212379124,0.13847235453778292,0.03748619613635675,0.059307031986580994,0.15100790238804043,0.11011563886323199,0.1469554870840525,0.1715935192222627,0.1295188485437793
0.08677290396564057,0.1370550177091359,0.20063867379828768,0.07998848505462736,0.13710933678792905,0.10793945887882932,0.09487667312142256,0.08545181634884673,0.07016763433528089
0.10845327414425875,0.12134464499057895,0.047587479182671755,0.11778735047059223,0.12347304436595948,0.10746247281895671,0.10041681271104458,0.08672617619398428,0.18674874512195327
0.11014318712583211,0.12718965326644327,0.02128017888750107,0.05889327560714144,0.15151368382026822,0.10495149290156075,0.10260139722718203,0.15378078772457685,0.16964634343949422
0.10015421929620037,0.12078578302568173,0.06040641585628868,0.1184561687690933,0.1189020370629816,0.12654332572401591,0.13063482440502963,0.13988843393193778,0.08422879192877104
0.09476943155795109,0.12308380710852984,0.04111111541590856,0.1046393085467802,0.15055153432823362,0.11668829402875501,0.1394133316912817,0.08345648232701708,0.14628669499554278
0.1615104502429214,0.04450681031896983,0.03655300589266298,0.1453322429864359,0.1419436459184692,0.11037454877775756,0.12442390577546476,0.08419284797817232,0.15116254210914595
0.2199600795145852,0.1022665248825156,0.061732765359795494,0.08230517765924146,0.08663946228905013,0.10195657818620824,0.12979376469330442,0.156157032065208,0.05918861535009137
0.1140666042822306,0.13352718088182833,0.048624880648010495,0.09960790781830299,0.13083787604854769,0.1144401933207156,0.13931845966625173,0.0921279780488512,0.1274489192852614
0.12361756055789908,0.058902408735894134,0.03009003675915663,0.20298865996649987,0.0835496592406202,0.0979112057259343,0.11198134327626157,0.08841707027584689,0.20254205546188722
0.17597056963146931,0.04980953491126278,0.09884437992554174,0.17152232879046803,0.09953499853021452,0.10296424407323272,0.12631722553117777,0.10189305347402706,0.07314366513260608
0.09728914292455991,0.10318164736008628,0.04210767903274113,0.19042199331557894,0.08909197310299234,0.0939331763255723,0.099587962195209,0.08042451588820893,0.20396190985505117
0.05993615483192266,0.0700735565262659,0.1961281063152799,0.10226175439543533,0.1270401489110584,0.11570696890033742,0.11043354543841422,0.08178334294016877,0.13663642174111737
0.07629233385370883,0.10087378923021367,0.22430231103119844,0.08843279506200664,0.10518943579642331,0.10225978757028431,0.10439821806383587,0.11719684031142848,0.08105448908090042
0.04907800171983056,0.14226324918410752,0.03888949919942891,0.07050871368446442,0.13195364602024343,0.11460514951821017,0.14937992445227313,0.08384379551800027,0.21947802070344155
0.09155333297198288,0.1250515361331004,0.045547936315169436,0.1261487472701915,0.1299098936668099,0.11131653014817018,0.12601739305297055,0.09144769428573644,0.1530069361558686
0.1443021401912292,0.14396755425645308,0.07471671593699819,0.09400020139312204,0.09908036418555734,0.1052170633436781,0.12009665011610858,0.08670290835043126,0.13191640222642223
0.09654940923995448,0.12674583064424458,0.03466179595739605,0.08465701984538898,0.1410149426350752,0.10483132319667116,0.12062394531729066,0.09000055421317484,0.20091517895080402
0.11157484143264386,0.08002558941480387,0.15961312120154977,0.05955675992729581,0.22820303784455942,0.11548710151766807,0.09364025482958395,0.06775229658563868,0.08414699724625659
0.07243318945122375,0.08145694649693455,0.028662421108674074,0.1239878603559722,0.10139846152069848,0.1196682916188877,0.10859213364311888,0.08142116071252815,0.2823795350919621
0.05581286553246232,0.124045253667584,0.0769941778468553,0.13358205184115654,0.10746348290239034,0.14768538366163522,0.14203978823792487,0.10192364222798196,0.11045335408200944
0.11179619535991207,0.19326891709608265,0.035555778399090764,0.1156382116416842,0.10842212405266471,0.1048805307147702,0.11993941972662996,0.12570870846554016,0.08479011454362534
0.10064545862971958,0.10810441102034231,0.07217459323627419,0.044300755722816575,0.08294482907416868,0.1124509815981652,0.11707031428387027,0.10227355772922113,0.2600350987054221
0.09510816086384467,0.03584822092572279,0.057889204268907285,0.23724242901172957,0.09587758554483337,0.11186460651320414,0.1144277508012526,0.12786439085858217,0.1238776512119234
0.13451967852128113,0.06212318210046744,0.05580688919444993,0.1657298016540228,0.1493517805105252,0.10186320038430359,0.09580431196482914,0.10083614685351472,0.13396500881660603
0.20974545875451453,0.11009640785717671,0.20756443473624006,0.054192506704839404,0.16214544993964777,0.08452944582048716,0.07572258773076013,0.056013087172364646,0.03999062128396951
0.13192275202273332,0.08244514663964397,0.04548621028400087,0.14731211578307485,0.12038887944391279,0.11944387605862528,0.12125709337517587,0.1173984892030212,0.11434543718981184
0.07546649547394207,0.15853110866814424,0.05869061295181786,0.09130979882739665,0.1310232827697295,0.12879870301313565,0.1355598900284511,0.13973093284045324,0.08088917542692978
0.1574701888220225,0.1247552669443025,0.06424357800008772,0.10178494917793507,0.15477409203798495,0.10741345965682496,0.09741532864333112,0.10234937377290833,0.08979376294460288
0.07000852695680715,0.12486946325609853,0.07389681915284813,0.16434042111798644,0.14776446662835552,0.1103120171490161,0.11191738021608795,0.11273824184274099,0.0841526636800592
0.13745373631967533,0.04650940508415177,0.04125913976853903,0.18423905910477023,0.1220152656495681,0.10499547822332728,0.10066160216536481,0.08885970571928438,0.174006607965319
0.09114173220949436,0.10990269615790216,0.23245334445657093,0.087362289615241,0.08960388431247031,0.10513509979689561,0.1205302854569656,0.08793716181499185,0.07593350617946822
0.04297571914453444,0.07834389146567557,0.22129915089233032,0.0855326015658316,0.12555665444808103,0.11263457418701824,0.1120865235920969,0.11507649033853569,0.1064943943658961
0.13656421679672523,0.05661418491939124,0.0353612637660053,0.1705670290583717,0.08510227209799688,0.09172410254278825,0.060871302510618785,0.0672935287652137,0.2959020995428888
0.15868431368204644,0.0552161845496432,0.02902516824006465,0.1312816164704285,0.09181488177647011,0.09591853124673093,0.09131654231674609,0.06225358281742029,0.28448917890044984
0.08013241552892353,0.1344827704834693,0.06888568544794223,0.09002608308924358,0.13315719421212976,0.12054289833210995,0.1936357842289297,0.11536916807758536,0.06376800059966653
0.05404683415161479,0.09885354972908071,0.2706817253914034,0.07620545057862319,0.13408184789942945,0.10697056984909616,0.09901549760583024,0.08866733566561125,0.07147718912931077
0.22009640886083193,0.10099541025353176,0.04457403074123482,0.18445532320635405,0.08987298157815776,0.08403193932162922,0.12357838312735851,0.07275730565960248,0.0796382172512995
0.08173333609354708,0.08648735415815638,0.22200492965698052,0.06799651161529291,0.1200753430699704,0.09994406718088,0.10822232214362447,0.08283888088147433,0.13069725520007397
0.07875459195206323,0.15207624213641704,0.05074925122540223,0.17111937284087123,0.10153891059356868,0.11242899544788902,0.12241892428054886,0.08359285904734108,0.1273208524758987
0.07777902565589424,0.04950090070215424,0.5254173228822774,0.054636004162344154,0.06334733899328936,0.07097004124331052,0.07306940171923297,0.04547190318414219,0.03980806145735496
0.12780969952602436,0.11630367474790697,0.06718173409454486,0.10147371364414344,0.13977106340249776,0.11084841277180697,0.1345944409173309,0.08137103092489144,0.12064622997085318
0.04072883035727078,0.05719682634475868,0.02848596187466355,0.23143132493121668,0.11967489149303716,0.10186419674932397,0.10461610579745949,0.09654271702201911,0.21945914543025055
0.15775292639435298,0.10816085882170119,0.035530915663131546,0.11989804499966052,0.12985348132699806,0.10708643003801127,0.14178588562036495,0.10833163533995738,0.0915998217958222
0.1650603050759232,0.10186307653726301,0.05091144011567758,0.05671665413155719,0.08041033066444923,0.09255899058021466,0.12275653270812903,0.11354697618459701,0.21617569400218917
0.0915460545823017,0.12488495317832744,0.07527854084935862,0.1052081867176996,0.1074797004656567,0.1298509608362597,0.17617997926224538,0.10313956360017033,0.08643206050798052
0.18675530043732289,0.06330801301354398,0.033313461022525526,0.08615795496834171,0.1079134158542817,0.0956196694819022,0.09520074743116332,0.08515994311439307,0.2465714946765257
0.1746852944721494,0.19163624756482367,0.0813460727925297,0.09895326762819401,0.10641568428146542,0.09578490653412468,0.10949764306934014,0.08348216937986273,0.05819871427751028
0.07123825812792449,0.0758269263140421,0.12164176927461427,0.09167096341580451,0.15506874570023407,0.1126734131305629,0.09532664842640394,0.10372534222275952,0.1728279333876542
0.050583472841962095,0.09054932370314911,0.038385905436160765,0.15477039421610897,0.1766655218145812,0.13571371326332304,0.14724017981309057,0.07153493369629399,0.13455655521533025
0.1056256622792639,0.0946893792680686,0.16243079508623184,0.06396301265433303,0.1366119884439857,0.10777488934312673,0.1425195402738719,0.08233109024601155,0.10405364240510674
0.12368683955899447,0.1202310542367353,0.039221361510224796,0.04558793804761291,0.09647162147494252,0.10347071969023464,0.10510125741583082,0.2102404288824092,0.1559887791830154
0.12770618040471018,0.12393175106862749,0.043298040630680636,0.06955429461640839,0.1216108374901413,0.11108909785660648,0.11711058803562706,0.12201981887861729,0.16367939101858117
0.15639006472635764,0.11351582000675935,0.040050502635410955,0.05072662428664601,0.0928969538032815,0.09794496670709701,0.1308091591569349,0.12659347628849704,0.19107243238901558
0.15224781230156645,0.10907092023322651,0.07509227625862468,0.09258865819173205,0.09361951303772277,0.11838602115458026,0.09226046785973258,0.08109533133000794,0.18563899963280675
0.06343080460725305,0.06970839635045463,0.037506490717387396,0.1256996438812248,0.12083364178917085,0.1039817498967205,0.09465341741777152,0.09575439835601446,0.2884314569840028
0.07445254115700294,0.17167495326214702,0.37712744146827104,0.07158981104468964,0.05781972189287896,0.07226539513949896,0.07800682683680395,0.04710825672177812,0.04995505247692932
0.030910836433770027,0.04678588348506816,0.5262992766456203,0.051013337606434665,0.07205675895118548,0.0782558116072035,0.10394616493315756,0.041127307444798866,0.04960462289276151
0.05551848204594034,0.03382626547269841,0.14625618561763684,0.18911591007392103,0.09540787512707227,0.11773619864854797,0.12163419869190306,0.0775778131961356,0.16292707112614446
0.09227107813963635,0.09575083137187239,0.10262472856252484,0.10401250009132705,0.1610244437553404,0.1437445324587769,0.11794475882584599,0.08300384029853669,0.0996232864961395
0.09523983519291997,0.10857818222970761,0.04549828037126633,0.09504942422466306,0.12606885636776857,0.10615406781830673,0.13090442963552246,0.08571489175546643,0.2067920324043789
0.054018651360843765,0.12329112030699839,0.03908551325575506,0.1727499039965074,0.12755066830401673,0.14057681394231739,0.10682885438430638,0.12595146982768066,0.10994700462157415
0.06520599191774082,0.165877916992975,0.06461830168855127,0.12631268549841282,0.12616205140398573,0.11782480515051123,0.12308897649581774,0.10921477724013763,0.10169449361186776
0.09599390160880768,0.11710852974800108,0.039066289859411144,0.09633027278332092,0.12959065001043735,0.11165972529035854,0.1314390175029377,0.08433980258622205,0.19447181061050353
0.11457890046237738,0.10294142132106725,0.037916365846427956,0.11897050429631306,0.0927167224675818,0.09510111905559061,0.11368463022208497,0.06874297642819253,0.2553473599003644
0.077546690933757,0.10276249920578863,0.29165596358156376,0.13959061153735988,0.07585297405725581,0.08921609572524858,0.08701690489888529,0.07523085543704504,0.06112740462309601
0.13332319192317954,0.14095858008106144,0.01863662644389621,0.08555035470559343,0.14520106478531572,0.09001455901406108,0.08399123272870757,0.05692754713119577,0.2453968431869892
0.13568987447970002,0.14594096930098086,0.05521630778494958,0.15774129978405385,0.0842257555408144,0.09464460292989955,0.1101697596864291,0.08113278016156827,0.1352386503316044
0.04354396170858482,0.08821299744348265,0.0764910234818134,0.06415353501953211,0.13805646316393985,0.11869481042657067,0.18594481063030957,0.07160624999634853,0.2132961481294183
0.09140010197821102,0.08118802360255263,0.03230703097930901,0.18930799713028792,0.12214946205065867,0.1071291230821894,0.1046504779115374,0.07958418351598458,0.1922835997492693
0.11753584495245743,0.13382656974289334,0.11317558426877633,0.1338540406489014,0.132951984057979,0.10855781410631621,0.0956558527923012,0.10082116255837764,0.06362114687199744
0.09688263700586364,0.13142534811950415,0.04606100940732046,0.12475159510714189,0.14909402393204282,0.11640673954044435,0.12171057864217061,0.0943926747393684,0.11927539350614376
0.11677195074963237,0.17737246518775016,0.0606077556157115,0.08974398430881542,0.13805139415568735,0.1089785482619619,0.11953715734347992,0.08959543972391519,0.0993413046530462
0.10132785937990423,0.0929908412005747,0.04779059138572176,0.12871114707742107,0.11360613598357965,0.09888849915223961,0.10014635011261025,0.11293837734886085,0.2036001983590879
0.07725030045600133,0.05673756687236229,0.037582553647699926,0.04908792030301697,0.10639399231503284,0.12799442551095397,0.16654647835387296,0.08199773980539414,0.29640902273566544
0.20044833283673402,0.1762124033164368,0.046244814684783773,0.06471317463815339,0.12348498070514465,0.10083412032489814,0.095680103713556,0.0820702793306241,0.11031179044966925
0.08474218238003263,0.11137320313298625,0.04719339045446955,0.1838304226074905,0.14887114371564278,0.1065874647227466,0.1047397636743364,0.11481805038416353,0.0978443789281318
0.10122869279193014,0.08096042521315001,0.025412543055258766,0.1396382271252206,0.12524560273892735,0.1091938033480107,0.12711439337506766,0.09404082754202185,0.19716548481041304
0.045767716302332506,0.10103298621964187,0.2831405152502439,0.057766613955685865,0.10290878816852905,0.10552000556910766,0.11536232005361745,0.06876736851768023,0.11973368596316138
0.06232206314795,0.07094871356154482,0.04910072110093567,0.058671873524202896,0.17176328399090068,0.13558259129879005,0.19316841153549494,0.15097992561538323,0.1074624162247978
0.135775754629518,0.14215067102085582,0.06370710064503422,0.0484781091872055,0.19578987769948522,0.11200060372253928,0.14680740478295407,0.09616127436660381,0.05912920394580409
0.0675367749660677,0.08441899573845364,0.03470151402692755,0.1707630003808466,0.1180953725523214,0.1093707655868057,0.11375624732698815,0.08183562100873147,0.21952170841285776
0.07799805401723502,0.08141724974562506,0.2975915586888421,0.050734390244353854,0.1657125962724661,0.09175862292051755,0.09686893517499957,0.07653301129337037,0.06138558164259034
0.09999460560232017,0.10283537899651973,0.04246363644385356,0.07028386653857811,0.08022122670727762,0.0848351125296588,0.08978674580377487,0.08155099300333982,0.3480284343746773
0.07075975754300512,0.08486997161266213,0.23792597467108703,0.08926283630331572,0.0935685299221428,0.11896261293299835,0.13790625417775612,0.08884584677725094,0.07789821605978181
0.08927175744316855,0.14585928197820028,0.03603444319077715,0.10077357883074801,0.14042247763141946,0.12205189582608701,0.11862723091930256,0.07784318333098705,0.16911615084930987
0.0573937054385558,0.05942380398058394,0.3385276271142896,0.047161772086357384,0.1659954339838484,0.09904427501503921,0.09647443062199312,0.05891987730836792,0.07705907445096459
0.13192667473379024,0.12093181677295672,0.07063419282699719,0.10434022328194448,0.16024690441035247,0.10739625668699332,0.11261298599494751,0.10020054073160588,0.0917104045604122
0.07219121172754703,0.19892484352616804,0.12866968325382253,0.125828397266365,0.11839310604967423,0.10489116583117818,0.0923570526225262,0.10711218345532379,0.051632356267395096
0.14213377872047758,0.11133851182129806,0.07370551987572573,0.09520252864178859,0.08620488117966107,0.09241307252955057,0.09841184631293341,0.07789526090515146,0.22269460001341354
0.15721107791005612,0.06175854002712333,0.0500067521479003,0.18579322158754144,0.09784127412732634,0.10366406084062103,0.10442981928180696,0.13744119003891367,0.10185406403871079
0.1493495778771876,0.07471185647362909,0.06547107686483798,0.07893232015028413,0.14540779372137635,0.11599337985349438,0.12418678849452902,0.1293866364054607,0.11656057015920075
0.1595284159063928,0.0592981190881551,0.04961199894553452,0.20111937282324524,0.15049546319444962,0.12604023246216908,0.09587520686178697,0.08683969759022814,0.07119149312803856
0.08514162577620916,0.2303883574421974,0.0665929437964214,0.10000622999060403,0.10528748442426288,0.10114753891153581,0.11018719591959385,0.08863830524086204,0.11261031849831345
0.13762041046925624,0.08068151638271936,0.24178752633144898,0.07275737207404619,0.138071734073232,0.09897674225597053,0.08877192129347938,0.0844720766373158,0.05686070048253144
0.07725030045600133,0.05673756687236229,0.037582553647699926,0.04908792030301697,0.10639399231503284,0.12799442551095397,0.16654647835387296,0.08199773980539414,0.29640902273566544
0.055116792477447024,0.10281413143799517,0.032585168678999465,0.12694466180874586,0.12769989279980906,0.10636462611859955,0.10758925674674957,0.1168733286687688,0.2240121412628856
0.04836201324970455,0.17939916872308959,0.0325074359517589,0.059403405283166254,0.14118886476114337,0.11168981289043245,0.12480666815877357,0.10769570652962024,0.19494692445231113
0.17665329439411728,0.16447079879039153,0.04244263872422293,0.11281322770629056,0.18355846442304466,0.0895275087715126,0.09819163644219205,0.07623645080629876,0.0561059799419296
0.10081207535573111,0.12436899148712188,0.05337479657854379,0.12727311333143013,0.14325148265429988,0.12865501378438624,0.11896551425538504,0.12269402273593248,0.08060498981716942
0.18675530043732289,0.06330801301354398,0.033313461022525526,0.08615795496834171,0.1079134158542817,0.0956196694819022,0.09520074743116332,0.08515994311439307,0.2465714946765257
0.10725454950377367,0.09012657912655131,0.09205472777358222,0.1171791896126098,0.1555112745458035,0.11871896468048175,0.1000754184501611,0.12425660496223583,0.09482269134480088
0.15574158241890043,0.15894440008865826,0.03652294516621868,0.06187720875943182,0.0799577025155818,0.1068387289574642,0.12267210446971487,0.1482041497453949,0.12924117787863496
0.14889737226257566,0.14818269817998553,0.0798539775425819,0.0844674271389142,0.13477409628705914,0.09933420291882424,0.10950798693764767,0.10663532215554868,0.08834691657686294
0.11475154643209855,0.1712819332117926,0.06881832826940855,0.09323136464669497,0.12107536404821377,0.12830679287623817,0.13072880438191958,0.1133622297245353,0.0584436364090986
0.1713713060832132,0.07590080944816807,0.08432778550048076,0.07620914546061858,0.1570270509076319,0.09948495061690461,0.11908947763140872,0.08265030623733761,0.13393916811423665
0.08556666727052105,0.1306572448855522,0.10028984739348172,0.08917407558985006,0.1333786629479188,0.10910502210745597,0.11925549865150147,0.13711674729683443,0.09545623385688434
0.0614836754966954,0.13016437884808807,0.04186349804504259,0.06373972452024652,0.10643783700296842,0.11450979550221467,0.12314361112213341,0.16363619275035732,0.19502128671225358
0.05235049071625317,0.057545116586916446,0.03882258492600827,0.21902400741052838,0.12656250007158718,0.13375659593728675,0.1235752150001117,0.08479207598069373,0.16357141337061432
0.2174247259207528,0.08043496835888156,0.05731490507134129,0.11493378324867672,0.12105495788071137,0.1019403955659662,0.10385228970558859,0.12242475056086467,0.0806192236872168
0.0682145557870565,0.06610158308860876,0.529669885695739,0.032758374197742045,0.0769294904714146,0.07216220907578053,0.07099287199194604,0.039962130071329934,0.04320889962038254
0.05086815072286541,0.09847638392685139,0.14824310394562354,0.13522690399602713,0.14489920659354874,0.12129392642398136,0.1244511480878366,0.08766463535428205,0.08887654094898377
0.10050945557028484,0.1414665311601008,0.026733979955747084,0.13892033971533246,0.11813376374851488,0.11106770000546072,0.1189963218594013,0.07603170861991769,0.16814019936524016
0.08850012445391782,0.13313971231074376,0.038633712558155765,0.13393692030617363,0.16311466361421104,0.1161746325508467,0.11087015703851143,0.09406707604831593,0.12156300111912398
0.08098882675326385,0.16480387940807492,0.08003011554136842,0.0777279512675126,0.11596506684126517,0.13637326571799976,0.13422154213305293,0.11139765346604746,0.09849169887141486
0.12442037824320486,0.2110864942503677,0.07376972158895019,0.08496204903701436,0.11628283012799696,0.09551791085112948,0.09669665329090316,0.08678609369072254,0.11047786891971079
0.10522047793316584,0.12067783997390726,0.029911299055750008,0.14562404205848092,0.10847365924749108,0.11561140199825332,0.09488930423629012,0.09132635525806865,0.18826562023859283
0.08097908242227372,0.06212427338351257,0.051233209960839916,0.0731881505172221,0.10770818096502166,0.10565032497012561,0.1202100326410717,0.08112912078007196,0.3177776243598607
0.10662556439889398,0.05081278100559036,0.03493940412350078,0.22537105022735734,0.0692536156054494,0.08532650616774036,0.11880384680889733,0.08406640216736211,0.22480082949520833
0.07127232568424959,0.16821065150015793,0.0461284956061808,0.1285031752337746,0.14618335414540382,0.11682025623445225,0.12065893915207575,0.09649338614345994,0.10572941630024534
0.08445246758864496,0.12983412133820113,0.038771765624401766,0.12561749652975104,0.10559540467670077,0.09843911338633075,0.12001010547433126,0.08726588913755189,0.2100136362440865
0.17211929923223054,0.07883286015076256,0.04183523216625735,0.04157513873907429,0.0812677260958532,0.09071769707518905,0.08232842469532829,0.1245001772167174,0.2868234446285873
0.06395549383591921,0.08248124564833355,0.1254798282171986,0.06733175191707046,0.10210888712623754,0.11855528047493426,0.1333770726999557,0.1896024188636357,0.11710802121671493
0.07998462152798234,0.1057588926392442,0.023242117792437584,0.24510514781475434,0.07735341437758457,0.10792995904720352,0.11051722363661338,0.06711587945062532,0.18299274371355467
0.09850876198683321,0.13063363384082058,0.06292102065144396,0.13513245502032548,0.11792948542927424,0.10693047588682991,0.1398546423551652,0.11643564732276868,0.09165387750653875
0.10567076229114863,0.11857505949243134,0.04482242844232907,0.15000627361258886,0.10687916200723335,0.11359980983311761,0.13402431447029914,0.08741982028968158,0.13900236956117046
0.09493071368523082,0.11070009089871785,0.03459588787910267,0.1056280299143995,0.13319022306740777,0.11338174744219105,0.1295729723505423,0.10365867340737561,0.17434166135503248
0.07024218699307283,0.13893709753357783,0.1438195572135031,0.08936873083907244,0.14024457564999163,0.12771729188177816,0.12995502836169423,0.0798189259536013,0.07989660557370845
0.12217860905041693,0.15458511679035128,0.12800497089653676,0.06663920708379496,0.15407815044175047,0.1043884710832182,0.11873215345744598,0.08699517247269763,0.0643981487237877
0.07814483536419539,0.13711740506816159,0.045681765189640844,0.10814226139923573,0.20415779978677037,0.1143674554826558,0.1558413349009796,0.08803421652102049,0.06851292628734025
0.06079084065335311,0.08881921183793923,0.21655021837018398,0.07647119737910944,0.15916069852782963,0.11188751502160628,0.10143912457537994,0.10820925101375783,0.07667194262084052
0.1279545677429292,0.1515790358761573,0.10126011427803465,0.09276463046957449,0.12745637700985482,0.1065520236788287,0.11411274199325094,0.09385678958625539,0.0844637193651145
0.0941297780956572,0.1173926134247018,0.054277626549805384,0.24354003351321554,0.1259519656432051,0.10952899711647157,0.08049943443973083,0.08140913537928411,0.09327041583792846
0.1631497983818306,0.12657401666819026,0.019122161797300873,0.058806190567582815,0.09325437981772945,0.09877183060295584,0.1209357091296594,0.13849788032755794,0.1808880327071928
0.10218453590826364,0.10121328504890124,0.03843916768968212,0.08937270805183876,0.17418966034113317,0.10929457694216542,0.13026283266412486,0.10318935740056301,0.1518538759533278
0.19994539070986625,0.11209654450388044,0.21056310112094037,0.05072164011594384,0.08423034243225837,0.09240505889287615,0.11078802371450497,0.08503899035035684,0.05421090815937271
0.07445443543016962,0.13442316249617503,0.047931823058680156,0.1467077262967297,0.12807922260734655,0.11840489361533792,0.12482481795189909,0.11452368350109761,0.11065023504256434
0.14822221492417945,0.08498659228565357,0.046289771011265274,0.06169278721811198,0.13439677999003652,0.10664605818843238,0.12756227140618603,0.11988252308508139,0.1703210018910534
0.08882518373817351,0.1513093407024678,0.12376689282563309,0.12115946158936997,0.10929064970135738,0.11051932383869688,0.11946234501515922,0.1102887310432261,0.06537807154591609
0.08861488542292645,0.08385164841906585,0.02417046711938192,0.22224898645855415,0.0961676985367916,0.10744236681989648,0.09903871556086159,0.09260833613268409,0.18585689552983786
0.17282345672755497,0.08132519589354531,0.230870399630512,0.05967948125696503,0.14255468155544188,0.08379546952460737,0.09328880343367968,0.08325728340351855,0.05240522857417516
0.08690114005732825,0.09296805204857005,0.0917027025142048,0.19495444286539723,0.1643477397693923,0.11261036431005422,0.09894733631053128,0.0801408818632462,0.0774273402612756
0.0707881093022534,0.09413665087851286,0.11585826521726157,0.1428332321380451,0.16758773417548836,0.11475145939879057,0.10116313187040948,0.09341175168499267,0.09946966533424582
0.08342804819932764,0.10788247356740388,0.23728893205275067,0.10981703722850683,0.09939060759237865,0.10784867802893161,0.10150857055611444,0.08891900912357896,0.06391664365100741
0.11115863583113723,0.04872107826130392,0.03433455825954138,0.16741730250645356,0.12266234072532071,0.10384906715951596,0.12754392442470783,0.09383406599015533,0.19047902684186413
0.10785931288233647,0.09655360366735816,0.03520318715055578,0.06817365228377997,0.09921115807990143,0.11344933271781273,0.13159835625162414,0.08347781495796706,0.2644735820086643
0.18578758829003914,0.10679741777602553,0.06626817827003768,0.0701698286034864,0.10380212449905002,0.1066792287359256,0.1149052435589973,0.17118926171949145,0.07440112854694687
0.06431049808198036,0.06904564952959363,0.13642567707977038,0.1397837187532868,0.20905859451064845,0.11899639314402644,0.0988479876195651,0.08003082983629883,0.08350065144482992
0.12588287914428464,0.07661410350601554,0.05295161056397902,0.12606743794345376,0.11183725090326326,0.10242349129007396,0.11348485447328265,0.09353111211826626,0.19720726005738085
0.06466073331344628,0.06996334539682496,0.07554702616780522,0.06491248142259293,0.10650521931716456,0.10593956360108477,0.1318284497138215,0.07571633569508908,0.30492684537217074
0.10341350842719053,0.18158894630462005,0.051179909162235894,0.09044304662966357,0.18767045127387763,0.10597085143179856,0.12760031871459435,0.09288132558075214,0.05925164247526724
0.07002188768727334,0.159781886037747,0.04452757381745074,0.07187601073035059,0.09506494341191125,0.10055835821541735,0.09987236968897872,0.15127709550153698,0.20701987490933407
0.22714958192301948,0.08532510234727908,0.032961305399351576,0.07476130056990536,0.08827381488410439,0.09053684232405174,0.12590683530219413,0.11370950886544257,0.16137570838465157
0.10897606557214605,0.07384801261692862,0.08823260912604515,0.09839887931171232,0.18364380352567652,0.11216178157898608,0.10897264694393043,0.10016521692957991,0.12560098439499492
0.05898242198360284,0.07208459070424457,0.03542116894377995,0.16501841078507248,0.13384132843125338,0.1296177528850399,0.1707468979764891,0.09956390575216927,0.13472352253834852
0.13423520262679633,0.0687285100558931,0.0353341605966747,0.15633848488633373,0.16209264282520155,0.10796821552239899,0.08288571887336521,0.06589237700995594,0.1865246876033804
0.0923775978009923,0.05568671791986803,0.03537557422293445,0.169931923016861,0.14042894361185512,0.10516986451602554,0.09722343864763851,0.06916019523450197,0.2346457450293231
0.12151260794395925,0.04451630656780139,0.2644668583441148,0.04478317989595581,0.13173771303578594,0.09140259326419599,0.0811756495999636,0.08340886203210236,0.13699622931612082
0.05463679387755274,0.14829613815552933,0.059273699018117,0.13176789155852722,0.12321779795023546,0.1553314885128901,0.1598659312282992,0.08480200495880104,0.0828082547400479
0.049761385379718304,0.10937830492313973,0.04301356084550934,0.1522195558796122,0.13654455893885598,0.11437962505357295,0.12087208474894491,0.08628568373466232,0.18754524049598423
0.08845365292909269,0.06873236146828814,0.03314246326544753,0.18045469012609763,0.10199290903259595,0.10528190943342657,0.11044768725438536,0.08525806785734646,0.22623625863331973
0.11582230353574952,0.2119302417196949,0.10146006541575914,0.1110468009270597,0.09022870728252835,0.09054775721728243,0.10068370845707875,0.0748394340971947,0.10344098134765252
0.10332744639001744,0.18747234119522446,0.04053374510198234,0.0779623921965622,0.1724281376081848,0.10399493128946058,0.09940442938465964,0.11165589275938237,0.10322068407452621
0.1121405655013864,0.24342538358384916,0.04642777851712265,0.06958538674132493,0.10311540386566559,0.10516899871865466,0.09693941390623279,0.12634580083980762,0.09685126832595625
0.0887113328369105,0.19207092090405,0.03755893561406105,0.18075741510520174,0.09432264352354307,0.11083639937386329,0.1065142400020062,0.11411551714103023,0.0751125954993339
0.07964260542023378,0.09267849746326429,0.24425173658936092,0.059497799920102505,0.12302867509124056,0.10905306209756309,0.09387899195595378,0.10806816164265871,0.0899004698196224
0.06731600441947032,0.16418210516303872,0.034967822984303495,0.17279327356125015,0.0989970193629963,0.11416295048932161,0.12150630452625084,0.09068103704566392,0.13539348244770466
0.20852692553475272,0.1494672749222902,0.06322628065576667,0.06220050903938281,0.06997306907412677,0.09378064005928222,0.11313890520164858,0.18090641491799916,0.05877998059475081
0.16187160901187095,0.08730714490844255,0.06780824339814909,0.14748106902247113,0.10619402130709406,0.11335744506094038,0.13243187698080397,0.09499121980848575,0.0885573705017421
0.11401383286510369,0.1821331217666513,0.04763584279801896,0.0782788888303126,0.10408619928033049,0.10161737775325659,0.1109808431637002,0.09620396039419293,0.16504993314843322
0.07587190160476955,0.058182760219487324,0.3991234909621946,0.10058277742344207,0.09398486576850433,0.08086349876106724,0.08800226607295646,0.04855592099818282,0.05483251818939563
0.08135688337770004,0.15046706346393887,0.03439381790699959,0.1729554660553593,0.08727835772352772,0.10626249476897388,0.13604427748689477,0.13196050694004915,0.09928113227655673
0.08870054708572983,0.10436140795504555,0.027446581259583033,0.08416734206625498,0.12395965468158025,0.11994227121814677,0.13121361860577038,0.09409706135973024,0.22611151576815894
