0.10890609664281785,0.08667384581599279,0.037542367720990004,0.07901699355280574,0.19332700836498448,0.10422612468689431,0.11265750027937566,0.10009527699677433,0.17755478593936488
0.11541501378178447,0.12571069556106826,0.04563838127440276,0.10688178179461921,0.12711841633560442,0.1295148597605225,0.0850795872455044,0.1375637344776656,0.12707752976882844
0.11493050262678813,0.14495201683289996,0.04007407884936435,0.10277872350634576,0.08673770309230709,0.11028489408425134,0.09030522102238037,0.12681101725214886,0.1831258427335141
0.08640006576053776,0.0832061026667082,0.3941337806142516,0.06997092549099133,0.08867250584496489,0.07952857429347948,0.0655748907783383,0.08409949234052176,0.04841366221020666
0.12373887578862401,0.13381999636684994,0.058834292754157046,0.0983947355897976,0.11629303793300545,0.12549179747139258,0.1070915211064246,0.12455694963206758,0.11177879335768115
0.12761772655792578,0.10826475559294696,0.058942641891176144,0.1006171083535531,0.044178381516108395,0.10861320081764432,0.10010522601929239,0.1362016935230878,0.21545926572826515
0.1386166143012715,0.10076411958964922,0.03847225586815899,0.12562653668970283,0.08130363972479696,0.1623045437552825,0.10811094750086246,0.12991076047868444,0.11489058209159109
0.09067366138713728,0.07170571860425687,0.2963507000302841,0.07630627122752613,0.17536520385157037,0.08510424625185899,0.06884678832094555,0.08205571081400982,0.053591699512410884
0.08352862627717629,0.11048928021586592,0.046674418355195944,0.062327218539918385,0.35559276723305694,0.0767205060285543,0.11026963476823282,0.09004633532470017,0.06435121325729935
0.12775043697096902,0.12367043525928624,0.06594836392645799,0.08160776417834135,0.0818229918907986,0.1121344922562482,0.09654698094381346,0.1330283924662595,0.17749014210782574
0.07661692369669598,0.07777084446477789,0.5185552243534879,0.07652601309793908,0.0410595887306346,0.06384095173854014,0.05110186057398166,0.06376589904426543,0.030762694299677346
0.09116825677997564,0.13102048897610424,0.12262956153520625,0.0644436661412784,0.12348681607602204,0.09523954367392402,0.1672620912232178,0.10987154401477894,0.09487803157949264
0.1126652589177692,0.12294878565823353,0.044104853211172,0.1296410990225311,0.07718363191343726,0.12620328283989188,0.15155144259562706,0.12597341364377634,0.10972823219756156
0.11366389707496523,0.11690797232542692,0.040649598736539914,0.07267867279447761,0.06723169666515376,0.10796333374305471,0.06181542093124936,0.10924804975585395,0.3098413579732785
0.12611480564946226,0.12179270459434377,0.09779566371403957,0.09615651501274484,0.07733504924824108,0.13579874411999426,0.09819687151460006,0.13372352829379489,0.11308611785277935
0.11966373884589832,0.15070141672475784,0.044094988636461045,0.0829196132596813,0.07851241637509891,0.12147646643060774,0.0990165409323206,0.10991658513327696,0.19369823366189723
0.1313902191698352,0.13978095756516587,0.051657264536738086,0.099657776754895,0.0865462891023787,0.11843520381413743,0.1006492939814746,0.13709315547368986,0.1347898396016853
0.14267240799064781,0.14191675889221345,0.08523536509093223,0.10021807432564993,0.07583254699140023,0.1432015549709596,0.08119315331098288,0.11251156513901717,0.1172185732881967
0.12110953668207802,0.12323565064069643,0.06784731267941395,0.12840213423486446,0.13419134633938665,0.11467392658543783,0.08688944580453184,0.1175887408003683,0.10606190623322252
0.11891772977601082,0.11246274600983497,0.10933264033382949,0.08750323684000122,0.11330459804390251,0.11652720858790815,0.09876058080368309,0.1221799389051857,0.12101132069964408
0.1302676102865487,0.1227304450788772,0.08372523923160592,0.09816266098154376,0.07361929606073046,0.13555757164814333,0.09896525216997541,0.1371786896985029,0.11979323484407228
0.1253392903333799,0.13260766894925557,0.045433347738023024,0.09995161497787042,0.1434940305384722,0.11256608493041166,0.09506092993020089,0.13620478208550638,0.10934225051687996
0.14925172956230118,0.1228405709276036,0.03891570339835774,0.10489742886084026,0.07160489286337982,0.11798710225828966,0.09890562574837895,0.13888928355522154,0.15670766282562723
0.07544782353223757,0.1078012805637983,0.3848768036498255,0.1066593714233524,0.08918505715029142,0.09648125361945413,0.037075184307432736,0.065374985580482,0.03709824017312601
0.11329595707646249,0.10335722530050699,0.061688813747634554,0.09059602560581344,0.06318036173598851,0.11684078444494539,0.18946418085536207,0.11631819150665844,0.14525845972662818
0.11844428116500434,0.11973081995421204,0.09074746723373361,0.10942482604147181,0.08444935518430446,0.11998479918622097,0.12135073708837435,0.13020834336443657,0.10565937078224197
0.11182565312891012,0.1466385466792236,0.1069271512562261,0.09027540536541906,0.07190927610066704,0.10468273683057365,0.10700117384159091,0.12854729622363056,0.132192760573759
0.12383018052749646,0.10629092955255175,0.04091673540945457,0.08269944718359258,0.06674559131491392,0.10938747500511019,0.15455023506814555,0.10174474512075331,0.21383466081798166
0.16153740409069775,0.1765920992849843,0.028383386295766214,0.09617390398139247,0.07986038213977574,0.09321359519742461,0.06543939565276492,0.17614411760854823,0.12265571574864574
0.13005323748107572,0.12000157875028382,0.0593440611452177,0.10673052970569193,0.06976376412797279,0.12682250855501417,0.12243529956711295,0.1528643483494586,0.11198467231817229
0.13883526058300463,0.15187884020307296,0.09014690794983991,0.099161181330981,0.07879526096611335,0.11971732952590379,0.08176076994011691,0.13671335493426992,0.10299109456669757
0.10008416503250177,0.09536975850363978,0.16124235975250387,0.09146299476264567,0.12484536112226009,0.10792561400802177,0.10280356807277173,0.10459773715179527,0.11166844159386008
0.0862844946433483,0.08560796665312576,0.37908440299974794,0.05958173123697666,0.05449841526390342,0.0833700777600299,0.10544369568237959,0.0774199938323843,0.06870922192810426
0.131054448306434,0.12223264415543254,0.14704164907644282,0.10423463866400973,0.06876473193461118,0.11713276463544957,0.062398420995350146,0.1338046949479227,0.11333600728434735
0.10973187626758994,0.16027111369570188,0.022392065527575944,0.17989852445966945,0.07248137264392072,0.0765305311059956,0.1330193702499208,0.13280923484138607,0.11286591120823952
0.12443453548075974,0.11479842114264271,0.061839714363104877,0.11575750818182963,0.06714722023029468,0.12227529755767919,0.15217147213136864,0.11845649718893182,0.12311933372338872
0.10320969968085258,0.11342069676550563,0.13171803491603185,0.1040371461218138,0.1770354445144208,0.1087615300186004,0.09187508452869676,0.1088847074308606,0.06105765602321766
0.14739833064912827,0.11862821153048857,0.09132167967362465,0.12413654719834526,0.06781510976447129,0.1172775942957361,0.09764139162957529,0.1382829635549919,0.09749817170363866
0.11317127113131516,0.12807021218097225,0.06414259412492103,0.0976275541540821,0.1023611245708258,0.12738363583121834,0.1156395888928029,0.13495865660589296,0.1166453625079694
0.1365941433458903,0.16587910636493244,0.05650706123698901,0.10373221010149776,0.09268248256779421,0.12366209555977718,0.059854407584220774,0.1493510035457132,0.11173748969318503
0.13810894287598127,0.1906090695765251,0.034758902194733175,0.11015533665887402,0.10217966408906365,0.10312315668045176,0.05097465088339861,0.17418876017239157,0.09590151686858091
0.11323959002030139,0.08261524917001187,0.0351485862854181,0.09850423461187785,0.17207257645803717,0.10987331775984373,0.13362704030172928,0.12138292563946378,0.13353647975331695
0.12142705423333938,0.10687937625982961,0.02638746147689368,0.08946341147784032,0.08429266187558267,0.11747530151755746,0.09807914682063422,0.10852964008754475,0.24746594625077792
0.0827594061826216,0.07159067526951006,0.40654238969625744,0.06358698713722323,0.09288951791339706,0.09278541632805411,0.060478255080736225,0.08414811085987933,0.045219241532320965
0.09600597801006955,0.0913035622947042,0.14289864955784404,0.08167821135865357,0.2662814453832104,0.11383017358412961,0.06320623719363823,0.0877818659271649,0.05701387669058555
0.13261433646533774,0.16725590971436075,0.025052395487866683,0.13304416060422944,0.1188845771477307,0.099071616222374,0.051643907284931116,0.13399593773817117,0.13843715933499837
0.12413510828837886,0.08910597086959664,0.02923749463387117,0.1352596660249737,0.08646453276004529,0.10445677578637835,0.1483882694996649,0.1468487852231393,0.13610339691395182
0.12529544676737342,0.09895469332513522,0.09004966715023703,0.12418463644661613,0.11154736496040148,0.12075918103262796,0.1114941090092071,0.12150750410253364,0.09620739720586798
0.09039638367790877,0.10604491417860311,0.29560179741130166,0.11266045715835526,0.08584578392314733,0.10335240262922511,0.0587664410075038,0.08751307166340287,0.05981874835055212
0.12490685037219362,0.13435250907017074,0.07309601729777569,0.11135230865693795,0.07045893512297856,0.11945374700096584,0.1367469094403275,0.12539750184767318,0.104235221190977
0.13902227021206237,0.12154529345957259,0.034730341499168246,0.09350768784906506,0.0521158496279158,0.12960823489739126,0.06730766558014241,0.11307133527987823,0.249091321594804
0.09667614107124257,0.15100526024883634,0.07069261084764174,0.11175704963923605,0.184085036772648,0.1139992649066585,0.07102184006208832,0.12050287675824395,0.08025991969340451
0.1305506274217872,0.15743343870990795,0.0375337454234432,0.11731806895015807,0.09787242396770113,0.13131416598426457,0.07546536570940907,0.12914297519190618,0.12336918864142261
0.12717408314522227,0.10042271954115616,0.04869239677821794,0.10208003604021247,0.20619626971427227,0.11038679514899423,0.06845404940269688,0.13157887262415258,0.10501477760507522
0.13816866433344258,0.10763623396615023,0.042638918407595754,0.10773468118896327,0.09249586892779126,0.14468193238775462,0.1268366908715366,0.1311594331255152,0.10864757679125053
0.098182973289202,0.20898246834302925,0.15496624113506288,0.11149911168774095,0.08800624792666363,0.1063309342941607,0.07386742985977691,0.10309806976059621,0.055066523703767405
0.11805147411006355,0.16218804687886157,0.06060540932392141,0.11182629070939738,0.16931833929038662,0.12460329552783113,0.05381535783358315,0.1156636175654081,0.083928168760547
0.12682915028160507,0.1392244723051608,0.12186801448882505,0.0906214808378382,0.09992365956231104,0.12310614330793997,0.07290726417252096,0.12950186420558452,0.0960179508382144
0.11938635350375598,0.14045224690156846,0.03384408749970803,0.09901133846372674,0.06748949128739269,0.11145626153708606,0.09387683859975789,0.12450148290043019,0.20998189930657393
0.1021051974270059,0.1175034536671961,0.20618425261357606,0.10414232985986883,0.09494201735774895,0.10514372562608876,0.08791837813921578,0.10851263574067177,0.07354800956862789
0.10162343820195559,0.13284432909242405,0.09768573395083231,0.13434862175640513,0.03327305754732269,0.10826387694592489,0.13391432794383776,0.10446585642237621,0.15358075813892133
0.09833282772158163,0.05503537384114293,0.11352863828911593,0.10840733068981102,0.28411608098619423,0.1227307556400542,0.052471305493757954,0.0957764333058825,0.06960125403245954
0.09749403204435174,0.07128498317881572,0.16186999204935235,0.06065535385150752,0.14124430839762805,0.09220955059777326,0.16630584854397493,0.09358803425770583,0.1153478970788906
0.08979577768913978,0.1393527301756859,0.16952964886452512,0.06778707641462973,0.15453175342838,0.08802823112514468,0.11480049793046591,0.11894178409511362,0.05723250027691527
0.09363609682800868,0.06249617998583112,0.3369183985958338,0.13666076373265662,0.03386641115179572,0.06856169517394177,0.13445335634063332,0.08285767875647394,0.050549419434825056
0.10582287083821791,0.11019717104144482,0.1650840896370563,0.09778888640306076,0.11609760617362026,0.12040233973839354,0.07792813234599921,0.12472265008245077,0.08195625373975636
0.06917961768312539,0.08462352300475177,0.40578224119249745,0.08053728269216574,0.06497588298328054,0.0736294472949894,0.10375581707362404,0.07146250805433173,0.04605368002123405
0.07574506588593484,0.05276489439707025,0.45089815657487337,0.09826054335408242,0.08145083285496862,0.09006807055765832,0.061593982714200614,0.0593760319832893,0.02984242167792218
0.12861476268872576,0.17135097503394667,0.0316798739376408,0.10672131692923437,0.08853624762473017,0.10981642706378347,0.06409743688484408,0.1754982982167055,0.12368466162038916
0.12599803727622957,0.14120728242651423,0.04540367453520949,0.09563404416724859,0.08971475574180517,0.11766765809741703,0.10687629427880198,0.13723722699285,0.14026102648392394
0.1354118073300693,0.16190501638092428,0.029446177607731026,0.16636119985387582,0.038681554785202486,0.09530451920591158,0.08937122209645615,0.11308620020171349,0.1704323025381158
0.125637269635845,0.11513263987635199,0.04054981743343702,0.09979364792863095,0.0810538856619927,0.133380381469683,0.10075309245395185,0.10704771507997689,0.19665155046013064
0.12521893550670504,0.1433488730284833,0.10319884764035414,0.12006551136239069,0.10575367771202616,0.12940174218502362,0.09314915979262695,0.1036887010442545,0.07617455172813571
0.13706244403095805,0.13511535063960903,0.03529497388935305,0.1282356336214167,0.06476804967032744,0.12166228466298075,0.13530145580441708,0.13330518663167198,0.10925462104926592
0.11910871488123716,0.10517735950241482,0.07820067085325325,0.11053425954783752,0.11717568195852508,0.10920654524496853,0.14799911267742077,0.11479881173023043,0.0977988436041124
0.12481995641996275,0.1115270575884776,0.05904383652716197,0.09018834187137804,0.07315740882988846,0.10904872410950302,0.10877590468123288,0.09487702635203844,0.22856174362035672
0.13906758387969,0.10945285734750602,0.04384557347327892,0.10746869476346266,0.12976424358926816,0.15089940588900566,0.08084901931580864,0.13273076360374836,0.10592185813823148
0.11902086750188005,0.14246465974418762,0.0473210089565177,0.08775702719562108,0.13328225249607858,0.11287063006912494,0.08202311422853971,0.13947092091830304,0.13578951888974716
0.1194179644321612,0.09585256251366464,0.0352462799952667,0.13446887332622598,0.15401419747488967,0.12652418802848267,0.09598995076306681,0.12185409045492268,0.1166318930113196
0.1302857282748772,0.17028142129164334,0.0681638945235372,0.09716362316506011,0.10488992168865195,0.10990062445376993,0.08004113020886468,0.13516919854744056,0.10410445784615507
0.11022742384413325,0.1166767731995139,0.0597811141973991,0.10777478857373728,0.06740086970357843,0.11263898316846682,0.13415052003445518,0.1400109285982881,0.15133859868042787
0.13081679524126114,0.1628975133076875,0.09749718889124397,0.09649315909248403,0.09263135170086867,0.11093040495012069,0.06734902902731936,0.14337292395415857,0.09801163383485605
0.13802662837275462,0.15520256267118698,0.03109548817110384,0.14589665612167327,0.050821609376612,0.13657880678308884,0.12629139363402983,0.11063190020549325,0.10545495466405742
0.11515556997026231,0.10842624966610592,0.08280147930611594,0.09256765354894098,0.1813073959695303,0.1282882461625429,0.07115451306006397,0.12044079660023138,0.09985809571620625
0.11348859695182595,0.13829022504069002,0.09424570205583334,0.13172682845094244,0.14879490129627748,0.10208947205909986,0.08257451272351363,0.11057584234251637,0.07821391907930088
0.12282462979147744,0.1562028177634851,0.08147379839195555,0.08780139827206722,0.09700189067660359,0.09055599451436573,0.1435319328574035,0.14266058762822795,0.07794695010441392
0.08969688505902547,0.08798658903637761,0.20238756196640284,0.06998231386654787,0.2550357711139897,0.11875560260316236,0.034475996815708725,0.0875352760358904,0.05414400350289502
0.11237524943824613,0.12228035390270153,0.026096705939713555,0.08198028273176437,0.03954005293062121,0.10429522740752306,0.07454626307647137,0.09172886993960024,0.34715699463335853
0.12328501428720721,0.11468457377136415,0.04382789650645765,0.11204449074120006,0.07343154184991423,0.12451835612641843,0.14924414305386058,0.12327771341320665,0.1356862702503711
0.13450561093909316,0.1386818976526283,0.07445026532937897,0.10369324944476122,0.08848595312019707,0.0861992779384227,0.053865298242350694,0.13709477930992606,0.18302366802324185
0.11056567119546563,0.1439580641705003,0.1950671500055102,0.12925620747612343,0.05667049269806004,0.11334458317604185,0.04983540328481357,0.11854209189323078,0.08276033610025423
0.09509678872392309,0.11743347385864715,0.06172088959555899,0.09095439250107518,0.26673459531155375,0.10747501633024266,0.06159501540283265,0.10924116907373294,0.08974865920243365
0.0877661116779101,0.09779557502469516,0.2701279085615674,0.10138189511456602,0.1152250688594833,0.09752103493336269,0.07605646455999043,0.08114691978743023,0.07297902148099465
0.060928366535514894,0.09446514217279649,0.4238767399215053,0.13106415797089327,0.06437916809994264,0.07142395118013029,0.059692754344442815,0.06821409635744359,0.025955623417330764
0.10577929214638603,0.10064387900130183,0.10256549628263423,0.10072741678232078,0.19449166987056485,0.11470415050273337,0.09115365001734214,0.10297085946105856,0.08696358593565824
0.10012578713143346,0.11755420885265683,0.22404715091910657,0.1234384761437014,0.08431137435223897,0.08793568674679307,0.08510426519195069,0.11756057656107677,0.059922474101042233
0.11263067692884952,0.10913490478562603,0.042036704140674806,0.11055439252183609,0.12495793088042413,0.11826467406632592,0.12023748110962755,0.1222427526586601,0.1399404829079759
0.06994381365026918,0.08319491021493557,0.4028625154215349,0.13370808102631085,0.043910300695094946,0.0834285447086938,0.04860763156763229,0.07988691811301679,0.05445728460251168
0.11416525149912372,0.13842724118408192,0.16738962899708912,0.1166398171824544,0.08309407759340014,0.12219047081336469,0.07277162352560348,0.10999115172455208,0.07533073748033041
0.16126527769286372,0.1535277098189505,0.03130602336674587,0.10516761164293771,0.08736874111253097,0.09351618330675864,0.08014626721513507,0.1548883066927678,0.13281387915130963
0.1177599324107339,0.10807983790137517,0.028020402396719008,0.14428142733073754,0.20791755748895466,0.10493321263922877,0.10240431815253313,0.11472941108864199,0.07187390059107585
0.14006024058389002,0.1286542632484901,0.05166639610352045,0.11324053810688418,0.08773781590132061,0.134522550206868,0.09410610136823383,0.13603677106407297,0.11397532341671977
0.12070042473314269,0.15162418513894504,0.04021442563123952,0.118099703627819,0.14607273850262972,0.15079176567222338,0.05970133760028313,0.11988108096880969,0.09291433812490783
0.1257397331623961,0.13392136488417075,0.034729485463235184,0.09628370231987264,0.05658668509825212,0.09640644529970549,0.20306849582402617,0.09926820195232144,0.15399588599602007
0.13243541085406008,0.08273683042392456,0.1512268739952015,0.08751908781853131,0.10626406238032593,0.13137384733018342,0.07675560367577784,0.0939935149975295,0.13769476852446583
0.09244925649426654,0.1134514066550786,0.22843887404683685,0.11027091167325538,0.05806720129556856,0.10135556894166957,0.12943885908466995,0.09115252018668786,0.07537540162196664
0.12774993504834267,0.12121762133420176,0.052861693227091215,0.09941069202958445,0.05506248649191714,0.11324826378187804,0.11558458952750801,0.1113805412341583,0.20348417732531843
0.12138043242508227,0.09760999273942216,0.11740959289842245,0.12050701842498403,0.08115292669359024,0.1320311333677223,0.06871659123907779,0.15011788620642816,0.11107442600527064
0.1131959426791792,0.08035311384924061,0.10816205306693148,0.10274361461814825,0.13572902197827716,0.12044157977802562,0.1036029637971833,0.14653854454232706,0.08923316569068727
0.12061706449674896,0.11709237087036839,0.05095417804246622,0.10748488818333125,0.08569777631584878,0.12994877601807514,0.14080911963636855,0.12375868174764033,0.12363714468915236
0.09914034831996664,0.12274193783473224,0.14692535336259857,0.11021841035945529,0.1707433311221345,0.11656346231320765,0.058680434555994136,0.11638915593766468,0.058597566194246296
0.10882354284713054,0.13203605381876457,0.07463249477581808,0.17660663672480778,0.04093048608391053,0.1301324361166629,0.15272419265600404,0.11270311460084863,0.07141104237605299
0.11512280132769286,0.08688175867032666,0.03723852776662114,0.09413611157197949,0.1373161208998841,0.11651385488062542,0.14301708411385847,0.14670180519861323,0.12307193557039868
0.09575387075375437,0.08781022834846004,0.24950558421457036,0.11738977867042326,0.17129723738398048,0.10090430416155322,0.053587899731071476,0.0805417993189234,0.04320929741726348
0.10446006453868523,0.11969562440400207,0.19791861752400183,0.08441903595707771,0.08152607748567157,0.10152678882571613,0.1047461117183453,0.11201256595766108,0.09369511358883913
0.1151377489323648,0.1431913066720528,0.0866648801809446,0.11212696036774004,0.07393889097183445,0.106274674930161,0.10830812449710688,0.13056457434776864,0.12379283910002686
0.12441316358231817,0.14522842273318234,0.04768680076288385,0.09199353727874764,0.11236002306828262,0.10921208569020102,0.06563272238472852,0.13815423904564786,0.165319005454008
0.1312143337138634,0.1258142834893039,0.04461550813222968,0.08715880164700747,0.09512299420823127,0.10745261798708887,0.12792332816664678,0.13246853214832569,0.1482296005073029
0.12161660571490523,0.12443790564876363,0.029827053238843413,0.09983078338203993,0.07655655795023973,0.1053038117995599,0.22778443272779647,0.11877422305852887,0.09586862647932275
0.11225106220121811,0.09123764539006346,0.06396126377307997,0.0999451901794754,0.13377913116215198,0.12239134130365296,0.157693824694608,0.11344189673623278,0.10529864455951739
0.12405335578221921,0.1618923982004666,0.15413723487284312,0.07662712970050416,0.08090228390039268,0.0826353863316619,0.05405487726114359,0.1256032920048193,0.1400940419459495
0.11385656826836439,0.09531156634458332,0.07838480120652158,0.10788651297527312,0.10468104370403448,0.11230709352458618,0.131879799319874,0.1156275563870256,0.14006505826973734
0.07475088810033763,0.07428100673380365,0.3994498857248972,0.0791782265958484,0.044876427810999354,0.09521595186440983,0.09593336521070871,0.07362330172207464,0.06269094623692063
0.1309359068790835,0.12346809011950317,0.048883298954472514,0.10035490389101026,0.07415954274231645,0.12530232306735403,0.12503144523630164,0.1276841652912252,0.14418032381873325
0.12098252710208535,0.08138091599752564,0.13787908700238127,0.1340810901636859,0.07531066684410795,0.10137086507704007,0.08289234820923984,0.10305833327451062,0.16304416632942345
0.10055350845105498,0.09430574103243629,0.04282782292774422,0.08272640662978671,0.24605584983711407,0.10766513578757674,0.12790887909264306,0.09795074868027727,0.10000590756136672
0.14916944167267332,0.14034190431570948,0.05429733809946535,0.15041992565539883,0.09677005568684233,0.12518071952970947,0.08747321097715109,0.12378130664308555,0.0725660974199646
0.10339305477803866,0.12990944705749888,0.07677697968508303,0.10804712181451988,0.12896724558113934,0.12550781055823065,0.09556168480104503,0.11903429928289637,0.1128023564415482
0.1152709050654173,0.13055589255450242,0.05932158115695422,0.11910230106689244,0.1661364564670418,0.1162301813119496,0.09059045055302306,0.12699964628356333,0.07579258554065582
0.1111465903061817,0.08303859700094694,0.039254107174737866,0.07981013470247833,0.14811189359975516,0.13116243166165772,0.1580934786353451,0.11718536870116862,0.13219739821772863
0.13128215239761729,0.14095658548940218,0.040924652107307107,0.11611831651555397,0.07232621075906012,0.10658907437399673,0.07689451688616204,0.1272154242970001,0.18769306717390047
0.11826694268098702,0.09627562915574868,0.03917446313453687,0.10828301814846586,0.07075824808158045,0.13345905291550245,0.17346478668932938,0.15589352464353406,0.10442433455031523
0.1146988252195733,0.09510931301259358,0.2041083741105545,0.08061699239341498,0.12600293053643807,0.12739825134452096,0.08489640160630692,0.09354345338407073,0.07362545839252697
0.12347297044223256,0.1584896559427147,0.03214472462916323,0.10117369886977655,0.05739124530271742,0.09836149930144489,0.07231924798480631,0.13562222538101032,0.22102473214613397
0.13265111988841097,0.12294358143944843,0.05076696743735329,0.11072467555494096,0.09601741130414447,0.13743460056541654,0.09658757796097832,0.1280751775772542,0.12479888827205275
0.0975256693519272,0.09144135597148352,0.31052269410152006,0.14203512923458922,0.046017497752191695,0.10999402297972667,0.054302368607765994,0.09311162098561744,0.055049641015178084
0.08071335076193174,0.08686993642561525,0.370503759078673,0.0550457463146733,0.13818840411601782,0.08218401223460667,0.03656325331845567,0.09878141742372541,0.05115012032630125
0.12646275436976004,0.15266321275146663,0.03841168595854705,0.08401295858926605,0.12250801981345316,0.12201604714832388,0.05638188295576762,0.11395368973239517,0.18358974868102043
0.07540196163152808,0.10916939883115494,0.48758813144939905,0.05143782942346211,0.056162937785620336,0.07545793317098302,0.03737896681563452,0.07162409737807236,0.03577874351414553
0.13111380076771476,0.09780547442935428,0.08975877214405208,0.10945957044473474,0.07813129447093822,0.12894472597481174,0.0912816137352202,0.1252209322898602,0.14828381574331376
0.11256968811455659,0.12049487889445627,0.06426945508233818,0.11162932691806275,0.16810939599520539,0.12321718882351268,0.11838176950420931,0.10675029490408612,0.07457800176357265
0.12164386448018653,0.11665615110481707,0.11040643656936877,0.11332638617696165,0.08553378438269643,0.11964634930720104,0.13176412711226107,0.10712031266194118,0.09390258820456625
0.10872692928823752,0.12446020310217241,0.13482584310773413,0.16419726172541943,0.04996657434175152,0.11977076665249237,0.07140824793177006,0.11725324553250377,0.1093909283179188
0.08072107213525911,0.0777945936850414,0.37281806842907234,0.08938059766369567,0.08529696028955136,0.10507875427534623,0.06578755382003253,0.06997761643653257,0.05314478326546884
0.1330948053944598,0.14340423588528614,0.05004728064746353,0.1227769126363909,0.07275038346006629,0.11484284707173138,0.12546272199200123,0.13610608473467742,0.10151472817792333
0.09869219438955901,0.09669173806536509,0.1000725425044678,0.13699432428879985,0.24076020182924504,0.10844174242900075,0.06670627616983076,0.09268841889259766,0.058952561431134066
0.12165130853470896,0.19130636439103257,0.03572927615694818,0.10034811332301924,0.07361290635455621,0.10267543791011564,0.07537354241008443,0.14713840837504735,0.15216464254448744
0.1284243179436517,0.13865303632988027,0.08236337647114311,0.10286080968214656,0.11822734780088344,0.11663107348590462,0.10069631011195916,0.12824179242067882,0.08390193575375234
0.07484827544450003,0.07025520158867411,0.31854701269448177,0.0914410592776309,0.04644928169008827,0.07959687125890218,0.13722237101693613,0.10010619107530074,0.08153373595348591
0.09549501304989581,0.0936596433094327,0.11762001574455071,0.08074602978674529,0.17097240551248113,0.09356722635433197,0.16776399681174772,0.10269548320677403,0.07748018622404064
0.12497444398199116,0.12590185377634608,0.06209183595680325,0.12462161123437539,0.1061293572270146,0.10141626486703227,0.14562510778228738,0.11645389153819326,0.0927856336359566
0.14410817829183212,0.13983086250760265,0.03998565173402683,0.11541952909727922,0.07935280256085224,0.14656842255817018,0.07603300929198596,0.13330820425954784,0.12539333969870284
0.11116520332519068,0.09224651212005998,0.02817451296439936,0.15731618413633877,0.1390700499900269,0.11643853469628877,0.10171513856204649,0.11938721642925415,0.13448664777639494
0.09503326456790939,0.08489145497029797,0.10478766193108795,0.09054767431374039,0.1270678870072419,0.07845601546800672,0.22578542775886526,0.1051394246563853,0.08829118932646518
0.08129923555651854,0.05800862344924459,0.21878266676999628,0.0918232059987145,0.1921010414802878,0.07806867790293578,0.14850130162124578,0.0866900536980058,0.04472519352305094
0.11262347976887604,0.1417988497555333,0.06957551977856712,0.09456391298184187,0.16676187627682437,0.11786582360376952,0.06691294398289503,0.1284081787926464,0.10148941505904636
0.11792412488082843,0.11618272422482417,0.05896425488838448,0.08596008625181356,0.16845098520350998,0.13495727182553416,0.08728612504188826,0.11342738365074888,0.11684704403246811
0.1226983237401359,0.13977028297072366,0.0451791589249057,0.1089451414869761,0.12259067408520442,0.11243780282729486,0.11402272205843611,0.13076426745878508,0.10359162644753822
0.11266072238932294,0.12389931344182147,0.20163525648676725,0.1088643293016474,0.0855671239078102,0.13418677719434594,0.07183728154889832,0.10524856991089597,0.05610062581849049
0.09588168603821139,0.08001413598168451,0.14168210973906448,0.09740929362857804,0.12488655955329198,0.1129020186958517,0.1260316491806015,0.1260015529575036,0.09519099422521278
0.11109046179359285,0.12906606143382834,0.0950927530170876,0.11997111766589307,0.07925972872996588,0.13185222386345904,0.11508025755955996,0.1306670476370924,0.08792034829952085
0.14133050469677022,0.1333166514734722,0.0713448805633546,0.09963108358303831,0.09107050377678276,0.13837398931955006,0.07681827188545275,0.12520167262820595,0.12291244207337321
0.11221103925833202,0.0979480457693413,0.12397035058865101,0.11235193013004247,0.13882886303034592,0.10776509486640999,0.13195738339509996,0.09761231201369254,0.07735498094808489
0.06238962837464703,0.10320898122669157,0.4795855605407211,0.07592587190732725,0.01837436498952816,0.05997058879375795,0.10863937862494798,0.06616404179897208,0.025741583743406866
0.10065491299758837,0.0657103822515924,0.2719701782480755,0.1142239162944569,0.1915638347857865,0.0913542456470156,0.050191482215149706,0.07591556233918516,0.0384154852211499
0.13049115865935898,0.13803644051382696,0.041623575478380304,0.08343332302371324,0.06577119522539548,0.11616716162091371,0.0775945350438485,0.10931215522903304,0.23757045520552986
0.11559221933666791,0.16036630251765424,0.10676327515373447,0.11813429328446039,0.06309770340846359,0.129142667005982,0.06746688016309768,0.1032607839066565,0.1361758752232832
0.10878189280787615,0.06120254739028528,0.13876845371255356,0.09263921726453324,0.2019203743206952,0.11902630332919817,0.09147941905455594,0.10776511088900646,0.07841668123129594
0.08718291385841448,0.07745966225909477,0.25911870907708967,0.07859151722834491,0.15017678141897656,0.08281925020851143,0.08410512483812821,0.10474511945599752,0.07580092165544239
0.08222564594093547,0.12453776007735505,0.3185348125618529,0.08410309396836801,0.05082404850248138,0.10864292805475069,0.05511687224386531,0.08816620538304894,0.0878486332673422
0.12020898501670328,0.14662106367033245,0.038110876743032464,0.10498825535807244,0.11048946523059132,0.12765075142533341,0.11895625304868462,0.13806902163567336,0.09490532787157663
0.10253007484708436,0.13249321304768646,0.1607160199432565,0.08452557867923889,0.11812346706412326,0.10955789065769277,0.09294064163776622,0.1142190793716521,0.08489403475149947
0.12998844475328433,0.12645174283471916,0.06322314042884013,0.148116416823696,0.05311605166340077,0.11622972259758152,0.15201730136680539,0.11704848905643346,0.09380869047523932
0.12242025203550554,0.1298584598436758,0.05515425290964273,0.09966470101229001,0.09497463002768207,0.12578866289429178,0.11351271676536638,0.12160815405864962,0.13701817045289602
0.11440350225056543,0.12258548791117152,0.06768708509350242,0.1587743709589521,0.163618717114713,0.11251809202639584,0.0705604419573209,0.10856953288537026,0.08128276980200845
0.11765553306704994,0.15888374003868908,0.04956736747028845,0.18009455946463673,0.08581416121375296,0.11317431952385122,0.10248180765744863,0.11133957503268965,0.08098893653159323
0.10853083358553035,0.15472053319531076,0.03420017220127247,0.07021661828227922,0.04703156653425004,0.10476121057264655,0.05221305144874733,0.08810324196788151,0.34022277221208164
0.09467346688786288,0.1034604476240013,0.05265700955394115,0.0875440042921589,0.1888630144923081,0.10703383787640415,0.1010975070887579,0.12457964184395275,0.14009107034061283
0.12097799181830012,0.10223311743941192,0.10782913603681195,0.10641348371180487,0.15334206292340358,0.11709655414859221,0.07270556727313586,0.12484220939619645,0.094559877252343
0.14280897136426327,0.120945735507912,0.034766270474016064,0.09553455196094861,0.08609265536889847,0.14210179224227185,0.06424897181154099,0.1302750176051366,0.18322603366501214
0.13158465546737758,0.10874093503551079,0.04689026416250593,0.12305332915562439,0.09522531137031744,0.13876299057026878,0.07706614968909166,0.1441905755258798,0.1344857890234237
0.1187836255356731,0.14441377591841673,0.05800410313491966,0.11978809591834555,0.12162631407315318,0.12576694120164286,0.0859917066135782,0.1323031483691984,0.09332228923507237
0.12393749776359514,0.09907143537748204,0.049849841938756044,0.10940516349342806,0.09225413640217288,0.11621284028532454,0.12878105292818257,0.1519893387264305,0.12849869308462816
0.10744603924819827,0.09552840266271555,0.06769876950255303,0.07507134967405098,0.21630331913183407,0.11781528014808984,0.11428643016109574,0.11896293707871645,0.08688747239274615
0.13273258318568212,0.15987983214386056,0.07869187849545993,0.09995754428877535,0.09615608873031051,0.1265482944114892,0.058130746629244646,0.14863824266417303,0.09926478945100463
0.0871248528706877,0.06399501552981475,0.33504121946836407,0.05914063398213482,0.18310889129098684,0.07849263749375406,0.07742402613108883,0.07449347953211354,0.04117924370105538
0.09132822297996518,0.09228020269688979,0.21822592805516627,0.10916045370199658,0.16836394636724902,0.08558500680113236,0.08635840127822987,0.08596364733544737,0.06273419078392355
0.1336998647883246,0.10795872669913364,0.14039322201925677,0.12703395616165447,0.06488342137482743,0.13498953019847085,0.08914089937952262,0.13075080805030062,0.07114957132850908
0.1092327778430054,0.12420850507480129,0.07691455448780372,0.10887280195524975,0.1353833555237462,0.11178275800209787,0.13385352296336392,0.10735767423091709,0.0923940499190148
0.10757385763030185,0.07565409241116257,0.1802206916851309,0.12225477178806692,0.1062897022198998,0.13355515332297618,0.09702493527503016,0.09169124164229774,0.08573555402513384
0.12788004254056723,0.1712399619274303,0.05045329824218945,0.08790148217974407,0.10862733706005585,0.09967089777371065,0.1048259838408173,0.13233174767391026,0.11706924876157494
0.12206805179982438,0.1677264442574915,0.08070140562595017,0.16841996316329225,0.10084561404815413,0.13369222980558707,0.03789768414996315,0.13176574624243984,0.056882860907297515
0.11630349371852566,0.0994698148935688,0.0376802582896212,0.09585126642131812,0.11658361731747023,0.13583209719615152,0.1481853269190937,0.11857935087872805,0.13151477436552275
0.12162848567188199,0.14004668680558352,0.05894733031680196,0.10018136438743293,0.1315396278776081,0.10909612199483297,0.08700677562853236,0.11070165701076361,0.14085195030656258
0.07364738334932634,0.12348103450389243,0.40023531548125085,0.08103522199297952,0.04335600167241526,0.08878427696396433,0.07765458757196624,0.06704227677830432,0.044763901685900664
0.10081277781798893,0.1163729744222539,0.2106526283753326,0.0773614498853047,0.239997750140912,0.08018531071901981,0.042404970701555265,0.0889271460336533,0.04328499190397941
0.13634729073778065,0.12017474155080698,0.05568708692309532,0.1212382644573549,0.10399903947818896,0.14304185016339865,0.06032957483609536,0.1302437074751178,0.12893844437816135
0.07741187685069999,0.09883430744580342,0.36473652650714167,0.1499126202326073,0.051627926853316485,0.08604451490996796,0.02735775499785342,0.09816023754755078,0.04591423465505897
0.10409817488290514,0.12006825496027367,0.07049140131246266,0.11052190727103584,0.19653175571188622,0.11071035003836514,0.0827324572210571,0.13737512628249485,0.06747057231951938
0.0999730364534999,0.06442350644579682,0.13369186403486308,0.08883493447811597,0.17184993398773177,0.11619301076626672,0.11888419378394949,0.09877582602036777,0.10737369402940845
0.1370515637142177,0.10551800154497876,0.07363557917628492,0.11783690583691524,0.09320259793764196,0.13646319999260118,0.07297639169382787,0.15849951146139205,0.10481624864214024
0.12507755392581021,0.11464254209657483,0.058396558648297826,0.09992815551575678,0.07438521813255301,0.10694805852815902,0.15112094670739623,0.14291059999557262,0.12659036644987945
0.13503593792276958,0.10525856364964387,0.10906000736552475,0.13700706460736115,0.0806111221725922,0.14433686744924745,0.0767198624296707,0.14076087179772823,0.07120970260546212
0.08504610785846223,0.08126005452747695,0.37237908679817155,0.11548311391280719,0.04699280140700882,0.09775470486506675,0.06515368957875176,0.0752396541750688,0.0606907868771859
0.0909652427635123,0.12695352849637156,0.3470992749714803,0.08504859215684829,0.04461730537709252,0.0903838478935071,0.058572896831605846,0.09630414848197492,0.06005516302760725
0.09164400210266982,0.10797593160501913,0.25999085312743236,0.10755106726408735,0.1305871776999393,0.10157909180888654,0.06926638907652648,0.08691056315402523,0.04449492416141373
0.10758655436472425,0.12646707517155378,0.14314899836885195,0.09139113240769219,0.14151887456914525,0.14322614812059326,0.05115606968629858,0.12186332318050778,0.07364182413063303
0.12442884540821396,0.14512223465801552,0.05092864186124241,0.13338687488150588,0.06996687888369486,0.14148833098404426,0.11058957601351256,0.12496731209714314,0.09912130521262742
0.13415073874149683,0.19592042504670681,0.062117116891160666,0.0998289426056454,0.07025635230717416,0.09367534693772346,0.060111449134529704,0.15403589491555422,0.1299037334200088
0.10413803992006172,0.09191797742943393,0.12907989805272654,0.10886806801646386,0.12582889443714929,0.1364966825763993,0.10124809397552816,0.10911097232776508,0.09331137326447207
0.10454031369648925,0.1072182430960479,0.060851560108929274,0.07640192343212805,0.20924688510773992,0.11679753178509693,0.0922063240998595,0.12655345993859982,0.10618375873510937
