0.10380020734055355,0.15781385646011964,0.12234632435286465,0.11550432775663007,0.10391907852783933,0.09792063295882635,0.07590066971586887,0.11183541593198298,0.11095948695531459
0.12473274829959514,0.10381779148401345,0.11351879805427785,0.11499204550439661,0.11863656087841368,0.1272389319831583,0.07118666962933008,0.11277588492963357,0.11310056923718131
0.1243869290911394,0.08814270570715754,0.06416332160361525,0.1174582880957976,0.08548231172609738,0.13690069386575884,0.1519788480209012,0.10324211615676808,0.1282447857327648
0.10530027142058869,0.07212882630599399,0.12203674921651915,0.10998473235777227,0.20831334334398485,0.06256017824773219,0.06718890331607179,0.1544257912128281,0.09806120457850905
0.10412135666028095,0.11827996370739825,0.14292596072146216,0.11203155600074005,0.1192205702951934,0.12024569358155507,0.08214204201807622,0.09829247193859021,0.10274038507670369
0.09550933926485487,0.10365878227557172,0.12195238818268928,0.11099276588457536,0.0829576740315724,0.0875888451577825,0.13493979305393708,0.13650867504181993,0.1258917371071968
0.10208420871507307,0.0990602516350379,0.07386205086559303,0.11211464005284681,0.09057589193690789,0.08845170921630698,0.1695279336104675,0.13959818965289975,0.12472512431486697
0.12243338165338165,0.12129575047413314,0.12623514427790272,0.09735801588052807,0.17511309535517317,0.08659813372685109,0.06856893134188774,0.1012345287949057,0.10116301849523675
0.09785993965214984,0.10297247326874848,0.15059963481256966,0.11796029385572676,0.11879818834250566,0.156806124828103,0.0559396683565064,0.09774420477966395,0.10131947210402625
0.12327690174398935,0.13377174144993206,0.14708727827840926,0.09950648906888811,0.12213009812966635,0.08931337301755767,0.07516758623201514,0.09600786746462348,0.11373866461491873
0.09643912203369698,0.14852080953045244,0.11000966874458849,0.11071238991711026,0.11760084486960731,0.13996411638272946,0.08558905994423309,0.0986103081928693,0.09255368038471275
0.09645001805928782,0.12225329413004084,0.12007961349498002,0.1033108762960376,0.1872840322278473,0.104227814622439,0.0639719042071853,0.09343711133228132,0.10898533562990083
0.08173032773472522,0.13842962969277053,0.06746706070535927,0.12481741059676328,0.06328736981090068,0.08922346969800782,0.22498081355153388,0.09751176260303258,0.11255215560690673
0.14115188423558314,0.11676011707470806,0.08676556731129992,0.11636852910548527,0.13365659679097763,0.09202542688708142,0.0740464300351068,0.10814167015108074,0.131083778408677
0.09423074290945492,0.13442101004800192,0.11896833060229957,0.09383838174479513,0.11740917138703023,0.14002721477686988,0.0891719385027836,0.09585238152235216,0.11608082850641259
0.12030300455895633,0.08490618385676774,0.07180704416510457,0.1469439634125937,0.0786325504594826,0.11562882484206083,0.10548976269678416,0.14354964520910476,0.13273902079914526
0.1298310471442594,0.1149228284782633,0.10767164217141441,0.12125939536153703,0.1376392291709672,0.13158444432508176,0.0639985277890328,0.09483456250748272,0.09825832305196147
0.10655082923310992,0.11278476784888714,0.08957508645104452,0.1277630924126426,0.09117302436228791,0.09740967674549879,0.14545185558630655,0.10338519637547317,0.12590647098474936
0.09328856234020806,0.08924032166366717,0.04420974659672699,0.1325583192462636,0.06967849061114,0.12091806627457917,0.22205656453738068,0.11732097602488452,0.11072895270514978
0.11158731007557544,0.11411258440193321,0.13469298277930078,0.10609472712223679,0.16274913212359327,0.10531927486493331,0.050748523052866194,0.10459065993345514,0.11010480564610585
0.10652020987749268,0.1460252247523368,0.10238344878199988,0.13057958888273694,0.09496750149394632,0.09649663353271605,0.07233040682093779,0.13901739181646747,0.11167959404136603
0.09561112964718721,0.07586038717626228,0.05982612524644603,0.14255261304036293,0.06785979907315355,0.09628646113890961,0.24269001951269273,0.12492367852708265,0.09438978663790304
0.09209213167256103,0.1334652178597533,0.1279784661704549,0.11135103391872668,0.16203428166432168,0.10250229190860705,0.053561587516393526,0.10045213819868588,0.11656285109049602
0.11468858556570109,0.1635784244551234,0.0931346112896025,0.11436443713684319,0.11272631999352752,0.10768518301661244,0.08042511787516687,0.10287433406618178,0.11052298660124116
0.08794563120931508,0.12292341537361477,0.10071968868695728,0.09165518117460275,0.07892583318807098,0.07138927606118657,0.25938701762769,0.09743598859700991,0.0896179680815526
0.0825682670341049,0.10170238230476879,0.1141799749733516,0.11337979387454383,0.08654963603230272,0.12095805978676744,0.14025785154537726,0.12657202684156962,0.11383200760721394
0.11744835951060661,0.12909679639090157,0.10158872369025128,0.10630853934581448,0.12992952713375402,0.13068142774181277,0.06816226182931102,0.10718772308107288,0.10959664127647535
0.13102999511994184,0.1266717632989858,0.08709446905583755,0.11628576716877363,0.1276908869210462,0.1189734266229397,0.06550254754098499,0.10691321812355274,0.11983792614793758
0.11506379042174524,0.14287502577943023,0.1091660133622152,0.10453004425413985,0.12122459423313155,0.10625561637815141,0.10418608803587735,0.09664272870933004,0.1000560988259792
0.10805536841754838,0.16154956657759337,0.1256087879581363,0.11564128456160294,0.1031949884862291,0.08408821450648278,0.07797640367809582,0.08949152273614634,0.13439386307816503
0.11429907226680718,0.11429025853536663,0.13301638252627557,0.10684549058171988,0.1384114799569609,0.09496022436360944,0.056098220383192905,0.1174294522474465,0.12464941913862097
0.09712525230737336,0.12237833256026004,0.14208042677968394,0.10101595002267784,0.18255438556876166,0.09785306476566676,0.04608690879270542,0.09689711591860888,0.11400856328426216
0.1263350285171477,0.1314045998437007,0.11808130377137406,0.1121277941873906,0.13144099056176348,0.09384386094754223,0.07026702512212367,0.09679036629303679,0.1197090307559207
0.10040833666485459,0.12729183112920786,0.09760979201670604,0.10356384526208867,0.09091952912123674,0.09191848100123534,0.15567694750767117,0.11595858800725016,0.11665264928974946
0.12454098745877078,0.1320076808650891,0.13624709919999536,0.10555897669499455,0.10959418136679881,0.12416201004682174,0.06160455788324979,0.08970397214311494,0.11658053434116496
0.11753665712952206,0.12148349998026094,0.11700412687327004,0.11099824018016753,0.13897042174004393,0.10386592155810707,0.07356804390491949,0.10656736834905878,0.1100057202846501
0.10261582704184406,0.12659423691431207,0.10888501739834204,0.10462078800703034,0.08741928316880813,0.16421977633936582,0.08035055552428692,0.08994213377573708,0.13535238183027345
0.07413459704052891,0.1130786379355485,0.14043813141028524,0.1015103171866835,0.16227285156504304,0.11450869212757853,0.06676367382054615,0.0993296548488547,0.1279634440649314
0.08585096914049495,0.06416305165642003,0.1532439237465208,0.1043707155803197,0.08439067831901198,0.21844302870515145,0.09012715496580204,0.08260012964781238,0.11681034823846655
0.1358731232196744,0.09650171700764416,0.12960395580787334,0.10215593992739157,0.16477882384862097,0.0935727378431671,0.06661562968678961,0.10181703691867017,0.10908103574016864
0.10891355904417128,0.09471411218592414,0.13862406191282914,0.09974691805258011,0.0827473560684117,0.10300435123130663,0.10831179073429646,0.1271788252700556,0.13675902550042493
0.10995248463454659,0.12078278345852106,0.09844022118783702,0.1215470812070845,0.09841677766303943,0.11710250796280997,0.07152456480343543,0.14593186597662944,0.11630171310609656
0.10051819709782957,0.1086445226536859,0.09885783403158736,0.11421205053581163,0.10716242908897372,0.08994008157564831,0.15228013116220154,0.11131836719543087,0.11706638665883111
0.12792747735964308,0.08312274146583738,0.05856725335982236,0.14009310668167393,0.11009106544324647,0.14393151760673537,0.09292505303749128,0.12595514423572138,0.11738664080982884
0.11596151259389538,0.11683084032696311,0.08187966282752995,0.11071147792714521,0.08766382328938653,0.10377498460677731,0.16795569041681968,0.10237919114194849,0.11284281686953429
0.10611922875041786,0.10833112426223347,0.11594069477246761,0.1079509137606459,0.15947257869557005,0.10177031820180764,0.05932417535154489,0.10961279709262017,0.13147816911269242
0.11117806489859304,0.1175032536032045,0.0975299750357722,0.1231460794064946,0.09552639384084703,0.09630514090155717,0.10051656808663427,0.12175033949019194,0.13654418473670524
0.09627926535870056,0.14803193813090812,0.0889914174465078,0.11924772463371329,0.0881637742443701,0.1067598009803906,0.1322444428343361,0.11401210610609053,0.10626953026498287
0.14652606773849816,0.1070439141689663,0.10555025507633363,0.12052466954106407,0.10675570160291187,0.11599665915516899,0.07263632342775621,0.09489339896212169,0.1300730103271791
0.1365604159710736,0.0829349831143424,0.10888008200455727,0.11916065130120967,0.09691711873469677,0.1352533638494791,0.09880877008498236,0.09512147390733768,0.12636314103232107
0.13362897741956228,0.1015354203065907,0.10307606881383195,0.11552014670785206,0.13042589859833034,0.09950378845154617,0.07398142263861483,0.11716326555672235,0.1251650115069493
0.09958081444256228,0.10765617997068755,0.0735820357792233,0.11968620111173027,0.0861694433033001,0.12278936784987045,0.15695496662115757,0.11373601865596583,0.11984497226550261
0.10111708969589246,0.11230021935996266,0.105952571090348,0.12947106467827832,0.09561499553890307,0.11053450279724097,0.10012031980632057,0.1356709230501459,0.10921831398290806
0.11691099945665055,0.10905870525756116,0.09307378630686225,0.11397565767298821,0.10536656362760555,0.10277888040279909,0.09195314783157338,0.13734672168541148,0.12953553775854837
0.09244082690533352,0.12938840428901008,0.08613557240100762,0.11542956789997938,0.14393581807410968,0.11610920380220273,0.08437578193782709,0.10123896515432207,0.13094585953620783
0.1536361179515704,0.1277464613068352,0.10015033825801319,0.1192547530280385,0.10305789408619298,0.09970603797044734,0.06223895878953454,0.12167350478427778,0.11253593382509008
0.0932647923960463,0.1047719348668612,0.13094934838256533,0.10262453311024237,0.17101949938015026,0.12926791472342836,0.05443089580061033,0.10390651229158265,0.10976456904851317
0.08702263402297034,0.0658071284918902,0.060864229702426574,0.12402845049754067,0.05943720487535758,0.11155869103717413,0.2592918007826315,0.12594205854190202,0.10604780204810715
0.08307825649552665,0.10100418389854528,0.04199442149432447,0.11966084024613587,0.06313313718867047,0.15747893201824595,0.1790708110623821,0.14966107335026918,0.1049183442459
0.11840043326797135,0.12480413610449252,0.14586236426180108,0.10241538879948708,0.1660694262055876,0.08708663915348187,0.053727586974805376,0.10536838464658604,0.09626564058578717
0.10189567303942475,0.11539622734149281,0.11058232520222107,0.11588380536754388,0.11607725359687011,0.07819899171313922,0.10962415583049993,0.12728142747521223,0.12506014043359603
0.11958405116113215,0.12523353866093592,0.1451719111791521,0.1010243696966534,0.1457527596282016,0.08537913298805348,0.059343822708926776,0.11428856721306002,0.10422184676388453
0.11324345568036277,0.11846268063431997,0.12242773742190248,0.11580048110335557,0.16651606016173995,0.0897434271823239,0.05836394879078132,0.1042861239129097,0.1111560851123043
0.10560035649651704,0.13870133956944494,0.10899386866721245,0.10295798137384364,0.10953760904339895,0.12649909791263095,0.09292854191060806,0.09835294588354937,0.11642825914279464
0.12249133996793231,0.0786178080510586,0.1091146350861056,0.12444482545945718,0.11287506867155395,0.10560865758745307,0.08406783036183717,0.15275920337203858,0.11002063144256351
0.10628931480041097,0.11909000511911638,0.1251246547909386,0.11282875674170624,0.12943884140809195,0.1281041234408069,0.055042749979913576,0.09821657457322742,0.1258649791457879
0.11804921173695886,0.1252363238937743,0.1316859019191979,0.11939347237029312,0.11222016283128643,0.12484348508274234,0.061281726077536014,0.09871900075507196,0.10857071533313913
0.1306930706391228,0.11404402436810485,0.1192754956846842,0.10977888040474067,0.1091995943681619,0.13390808137016,0.06386105848169006,0.10564211870537561,0.11359767597795999
0.11343405213941764,0.11542997335447787,0.11050423462516791,0.12620782225354638,0.13466468882997587,0.11386304795366138,0.06311972637454948,0.10103054571874825,0.12174590875045521
0.12087464976096503,0.11184759636500179,0.14840694945679972,0.10183547567093927,0.12616916440346496,0.10625391505658405,0.05683598313871321,0.11716813159410848,0.11060813455342346
0.08326774251480977,0.08574128041983616,0.07529839969370189,0.11285527827056452,0.05264991639287583,0.07177659804498808,0.28733928869494757,0.13698566986035451,0.09408582610792167
0.11727947806545182,0.13503809235451233,0.10457368369650438,0.11609054309000337,0.11634622726766412,0.09729807388974915,0.10016474502141369,0.10711037706479197,0.10609877954990915
0.09482696137484808,0.08187175004576522,0.08603997364634997,0.12725867779040986,0.10470028925779601,0.08592135505808723,0.16512117944407026,0.1258301325962317,0.1284296807864417
0.12063984721472583,0.10839907975434936,0.14496768530741902,0.1024518617978279,0.12421355075505269,0.1057641476626699,0.060748966156219074,0.11115532375288577,0.12165953759885045
0.12174845138657082,0.12952755142542274,0.12232854173644651,0.09934593081747649,0.15655822058682012,0.1070395731797804,0.06595767383848936,0.0853190657207376,0.11217499130825591
0.12527118076290147,0.12994588241341057,0.13908208582283668,0.11358008528972598,0.12463893405002884,0.09151728274526616,0.05818394932191162,0.10659102219440575,0.111189577399513
0.10107116651039848,0.15389957149274683,0.07458731587142366,0.10187332197498737,0.1088923126533529,0.12596250509728607,0.10379685052059322,0.11980516063532924,0.11011179524388233
0.10687067240411424,0.11638886597013481,0.10578751725739881,0.10626191527684715,0.14307568282641256,0.11654644172569806,0.05500065201617321,0.11529619857291702,0.1347720539503042
0.10388815509450577,0.10372530681126695,0.12526285857293493,0.11633550687970257,0.09813596758502507,0.16248026204517027,0.0978222707298854,0.0862104665760081,0.10613920570550095
0.10394840333164711,0.08332749048357217,0.07186213500699346,0.12859634132929712,0.061025591818328395,0.09262945278691803,0.21816858023804006,0.12428679220920262,0.11615521279600106
0.11220551780176025,0.11625105565662097,0.13561663582981298,0.10294118001463091,0.1420623843245506,0.10904688132788286,0.053257627481532656,0.09817319444069748,0.13044552312251123
0.1154984385538199,0.11923387594997219,0.14498200092723995,0.10062128063966864,0.11594356231990517,0.12601423856187965,0.05143405641970306,0.09595831785546245,0.130314228772349
0.10266673913948876,0.12137850530722423,0.11790508590524647,0.09730831524223334,0.1726203025923562,0.12260049537905264,0.057865208063341056,0.09416930916630901,0.1134860392047482
0.08692189112054115,0.09788998698824225,0.1058392894505436,0.11865146897225992,0.0878677338092469,0.12117269695973486,0.13914640187271313,0.13387847338443695,0.10863205744228129
0.12714156297376103,0.12558300713935214,0.13773416018485143,0.10735299662388055,0.12840434726433272,0.11998200057465036,0.06319786165004584,0.09271422351093962,0.09788984007818619
0.10833357162152808,0.13172317708748524,0.13309877441094883,0.10465051607718513,0.1392655332509677,0.0754177798282084,0.11786956798333838,0.11066324547058452,0.07897783426975379
0.11565354141074398,0.12806345738484556,0.10056873837273766,0.10484500111801577,0.09897690953320269,0.15520702321801608,0.08153893559282031,0.09531134118069033,0.11983505218892763
0.09502133309484906,0.12514364541756431,0.13670887842052826,0.11187653016185244,0.12078061901095383,0.08840130209733,0.11460135096268646,0.09455454302295176,0.11291179781128391
0.08910683119153116,0.12140264986696188,0.09979369380733698,0.09935008810519232,0.17249398128340113,0.15228895711430904,0.05908844749710834,0.09493817690605212,0.1115371742281069
0.11108480192319244,0.12357605558866662,0.07118629922801932,0.11395660262235796,0.13174560758683168,0.14072834485541105,0.07346789730178244,0.1176977632949426,0.11655662759879597
0.1130497071416919,0.1018139950607615,0.06603845913612949,0.1260666167485125,0.10832716252840024,0.11984335389981793,0.1341451265882807,0.11061886454533261,0.12009671435107301
0.11670475576753797,0.11922567546890432,0.13403373625335346,0.1095609700029983,0.12985734221421785,0.10945734505491989,0.059391489347328984,0.10503546997392448,0.11673321591681475
0.09198727572342134,0.11381146018378797,0.08985282324872544,0.11825493182451496,0.08912630958197167,0.1730125304613991,0.09090052884601087,0.12220590053921872,0.11084823959094985
0.09847894482607437,0.13128681223200442,0.11970153052309278,0.1055887846287139,0.20048532009481432,0.10349062445895718,0.050337023509615664,0.10375789032857786,0.08687306939814952
0.15031763083462354,0.12035751074118517,0.10368984926256503,0.13178463440603938,0.11309071894716656,0.09886952074057287,0.07894011700318983,0.0924509775325294,0.11049904053212832
0.1216393235812686,0.14924148167142973,0.10348801675241083,0.1249634266029217,0.1231309514045153,0.10219769597958077,0.07305490769218827,0.0945842632917462,0.10769993302393853
0.09113123444757308,0.14781816008610751,0.1269790112727912,0.10970271631966622,0.12145726548212331,0.13146648083631188,0.07296224856831336,0.1018452519413891,0.09663763104572426
0.12759719580939066,0.0981283495423526,0.12671515884927823,0.12593110457614565,0.11869087620001169,0.08950667081219761,0.0572820909277737,0.1531537970555524,0.10299475622729752
0.09496327435308022,0.0834049097581588,0.0756556530930589,0.11218426886404864,0.0753194857613184,0.07325233190876058,0.23231961416788968,0.15274771577705695,0.10015274631662784
0.10312933739910067,0.12074672455428886,0.10690615467698228,0.0984524375093113,0.10337005947087875,0.10762428849049623,0.13998464716579037,0.10541730353815877,0.1143690471949928
0.12528529270689676,0.11946857098555412,0.15097660282535277,0.09992428110253848,0.10972601690645666,0.12208931547476559,0.0591026850125262,0.08993791962256009,0.12348931536334921
0.11264228806091094,0.12360047435298316,0.12374975210656809,0.10456174396660452,0.19507662431592973,0.08231075930423126,0.06105576949898093,0.10664365624947673,0.09035893214431474
0.11266873560892014,0.11903988487955414,0.14693212555483812,0.11707708030367192,0.13333213317473516,0.10624699972035373,0.061086182790064114,0.10482770009986314,0.09878915786799951
0.12186566639093434,0.11629610934266266,0.13996690288415917,0.10906800615040435,0.13690709232890166,0.08319893667505518,0.05857584626825313,0.11096242222733106,0.12315901773229848
0.1048332700575549,0.1162428722916335,0.13221358764724847,0.10354778638643185,0.1680201444365685,0.09312269884278983,0.08309038544018153,0.10389240455513864,0.09503685034245278
0.10908723719813986,0.12253576498155189,0.09936542079209876,0.11851187012237956,0.08766023701612997,0.0938547132674354,0.11895296229741259,0.1226813448050182,0.12735044951983374
0.12201667878358886,0.09382338805046836,0.0726698993129853,0.12534352516889433,0.14289633297376894,0.14269762609399742,0.07729610178298846,0.11183325936661871,0.11142318846668953
0.11687230957323898,0.09677620704193773,0.11553669554416225,0.11316040565941994,0.10568324886816237,0.10494133276814223,0.10713646804222976,0.09273114967606873,0.14716218282663804
0.09152094836543771,0.1077881287474931,0.1148751803418057,0.1038048583285278,0.10962813916756188,0.19509076795409155,0.05709316760450502,0.11422922581737376,0.10596958367320342
0.09988891651128673,0.1167232247898886,0.13507905430442838,0.10421904759149096,0.11037473024807998,0.1316688748760064,0.08838978199984882,0.10029490539599978,0.11336146428297039
0.0982784157649363,0.11824965092229271,0.1485978392067364,0.11015143094537,0.12002878948445055,0.10752985703320729,0.0642945196746519,0.09979993665379909,0.13306956031455572
0.08806548961298044,0.16865053402578586,0.09780370544847646,0.11713237014298367,0.10644726684930843,0.08318015373476655,0.11157700179836344,0.12391820325257884,0.10322527513475628
0.09700873799227999,0.15735889754652352,0.07741891018197199,0.10249427305139928,0.1068505919566846,0.09778414976968515,0.1351498425624105,0.10914142822114359,0.11679316871790124
0.12728124088295,0.12092870719019988,0.13237683402476327,0.10455815721850563,0.10748790795922601,0.11987314926371555,0.07960464502254755,0.08384298339489234,0.12404637504319976
0.10419471122084135,0.14082138957027132,0.10670820963579686,0.1133792516452033,0.1136170044573549,0.11221988553117616,0.10387285312560102,0.09558253863416977,0.10960415617958545
0.11010381187977991,0.11240454183029837,0.13631341526105342,0.10428837797133722,0.10732291356103096,0.08972525189155205,0.09963608531111497,0.1220509929893789,0.11815460930445425
0.08752875998606961,0.10207439330600325,0.04466140191736017,0.10348684201213569,0.06769565619832003,0.07725905324862507,0.3034212839471017,0.14071607707054323,0.07315653231384116
0.10718208410063634,0.12979377321567995,0.12249008081373434,0.09396243672477245,0.12342059230887498,0.14444287152542645,0.06995310909251272,0.09534723366032538,0.11340781855803728
0.11009654134902284,0.1255242986097051,0.15825182211867792,0.09535426558451386,0.11961440066337871,0.10074842524426726,0.07076535691272161,0.09968282465608225,0.11996206486163048
0.10204056449713901,0.1268391038296583,0.13805339489149449,0.09950987917986238,0.1750193733390538,0.09037028042941292,0.05760916355199871,0.09945709532617016,0.11110114495521028
0.08107652835310607,0.11278041440751797,0.16385563839260225,0.09139600893759692,0.1782021596601311,0.08968880894461402,0.06240942201433308,0.10398809885812244,0.11660292043197619
0.12449547689991348,0.1338744465461763,0.13872070946395115,0.11781315740492437,0.14571984891572418,0.07949353568359398,0.06218273473450581,0.10311541091739411,0.09458467943381672
0.11763686665504162,0.13888194725769296,0.10502072112882616,0.11119973637137327,0.10741761079200886,0.09089073074305128,0.10660521622063779,0.11610494727973557,0.10624222355163256
0.1358216522062028,0.12007527881377507,0.12476278406928965,0.10981609113590161,0.1275926270147655,0.11747574001157768,0.06146148114011942,0.09585320303131256,0.10714114257705575
0.11032006245431591,0.09433889619136852,0.11857303052181208,0.11568272478643628,0.09392416790637308,0.0920712031011745,0.16265296266067744,0.09406861940021329,0.11836833297762876
0.1427991794121117,0.09808857628098798,0.12820164416129431,0.09815797277796019,0.1401415976894217,0.10262532989587203,0.06992726379470687,0.10342172158445186,0.11663671440319338
0.12372729756280942,0.1113526246761986,0.10482030693740085,0.10931196239256463,0.14602391318696262,0.1115957748279144,0.0848211498319726,0.09572094715112744,0.11262602343304949
0.08607888406427465,0.07303167770107655,0.13654669774032793,0.11267219544895916,0.20631058835556035,0.061298259910585816,0.05442650087188892,0.13612149743470128,0.13351369847262537
0.0965869009714429,0.16522468002262428,0.09684555532247635,0.12318025515040021,0.09371364542732669,0.08302798577765974,0.1187753238556526,0.12215467685496006,0.10049097661745722
0.10515053927000244,0.12722488544964466,0.14435693049165155,0.09392782675335454,0.11713984820694616,0.12295808096519238,0.08548049917894364,0.08638601259940608,0.11737537708485857
0.0996266789053074,0.15959008543220163,0.10173232972863398,0.1193044992712798,0.09868892020934535,0.09365852264799718,0.11531640197370023,0.11187628282217733,0.10020627900935712
0.1223751106730322,0.11388852074586482,0.13337086466220868,0.1117818158929878,0.12010098271459413,0.09907799398853451,0.0658938272731595,0.11169640424249065,0.12181447980712773
0.10371137405459842,0.1273002166721523,0.127490416749416,0.10257517034543073,0.12760941728913813,0.12777055482415953,0.07009541537557251,0.09248721741504624,0.1209602172744861
0.12045057855524881,0.13215414245070572,0.12700978903832758,0.09720298367020845,0.13561257559357828,0.09864420561157948,0.07938001277536359,0.09223087664837397,0.1173148356566142
0.10406841076747271,0.12189687323237543,0.13092808500423916,0.10545763800409948,0.15641370917270078,0.10061902859657335,0.05927008714812324,0.09659786701638746,0.12474830105802835
0.11826049596657318,0.15741325189481012,0.08874760952550399,0.1276413661281359,0.10699742729623814,0.10006026069222206,0.08530401460140546,0.12119049605093772,0.0943850778441734
0.11340727476217793,0.1320858879098067,0.10965823440628537,0.11497414959122082,0.10447788943252267,0.11410294905728653,0.08439303707194988,0.11003403854194549,0.11686653922680464
0.1158430551050537,0.1347987382821933,0.11726185749814592,0.09404896014921267,0.17509060769695176,0.07056529008551259,0.09822948478386322,0.1046052341251436,0.08955677227392328
0.1034231639580841,0.11777391295219031,0.12279799140300872,0.10210778656211879,0.1510879160059044,0.09091841736636312,0.0632235603174462,0.12456303176566319,0.1241042196692211
0.10509673136505725,0.12571356358226773,0.059383327965676636,0.11598789410292533,0.13868714858629957,0.1879020716670737,0.07943145486297405,0.08957701097576244,0.09822079689196328
0.12723665586954255,0.09545395415043693,0.10060091798326143,0.1336439299191389,0.10710483879911618,0.10319409060887814,0.061868012466875656,0.09931574066751302,0.1715818595352372
0.075829416939948,0.1146767505918888,0.05957480962614229,0.10654153361903947,0.06172385793597743,0.11198903998759745,0.2811292714007701,0.09542867305075503,0.0931066468478814
0.1377649235005607,0.11935361024966447,0.11817903245981405,0.0977488476596048,0.14198581084575035,0.12162117800201082,0.05312441179442449,0.09290887586631948,0.11731330962185078
0.1478242432100693,0.12130750719524519,0.13690859431880623,0.10891294920476209,0.11813816589427868,0.0818664567293335,0.05554876349880742,0.11918096858188813,0.11031235136680946
0.11436194479977409,0.1138280214680526,0.07661899727971182,0.12826332762483708,0.08004273684550307,0.09283943804756417,0.14071425481476105,0.14138258021070782,0.11194869890908828
0.12068751799132675,0.12673990876470873,0.13219256345831937,0.11375304891370337,0.12715820066522257,0.0983570400951252,0.06418342747581872,0.09957449050556515,0.11735380213021022
0.11911882675635492,0.1073227559231238,0.1047822084116048,0.0952720198931139,0.17834636265100853,0.12621321438692454,0.061959295674921755,0.0876659493839516,0.11931936691899624
0.08761171325704066,0.11404440556579913,0.13434831314404969,0.10240797215998515,0.16058468882762766,0.15275551454641792,0.05649747628932091,0.08280296342240691,0.10894695278735199
0.10905861488837242,0.11542131317093642,0.10541417482168268,0.1279926825873703,0.11341506845952005,0.10669070186384272,0.06388795367166449,0.10877183559374838,0.1493476549428625
0.11478989749811018,0.18339501855188758,0.08813903380009254,0.11933625891724246,0.09173100180600828,0.10130976095724227,0.07757708664133206,0.09585049195331292,0.12787144987477164
0.10498698966090414,0.09725251816534353,0.13125821417464345,0.11806021656264198,0.14821889066886876,0.16580362979649146,0.05530296630608469,0.0941429486655944,0.0849736259994276
0.09933013572441647,0.09765655297495716,0.12133138322321314,0.09658814914093895,0.13671775682591134,0.1476321117204853,0.06965951448436013,0.10277443127125217,0.12830996463446528
0.17687950356713647,0.09888942050287038,0.11677648770284514,0.11771019713737012,0.10618702093577,0.08959613183112113,0.05324057598671966,0.12594008346197305,0.11478057887419413
0.10454097118098082,0.10281141932876514,0.11985878152961672,0.12336428676125018,0.14742079648328923,0.10516177532083713,0.05969392356614601,0.12009548991884993,0.11705255591026485
0.10282737658532759,0.09730918145370916,0.08604869528828014,0.11059222391951647,0.17321389902152876,0.1408764353912999,0.0700575692436483,0.09414424024953634,0.12493037884715334
0.12426416563248928,0.09189585914580156,0.11912897551837227,0.10883540444202265,0.1099312545628186,0.17607037600626954,0.07372121822074926,0.0962687593074744,0.09988398716400247
0.09961354940797128,0.1380020958114789,0.11037044681941648,0.10254418400976677,0.13640837196407637,0.11899774808157694,0.0701850610597784,0.10885285250688,0.1150256903390549
0.1201613913688405,0.1129554892966373,0.13423778131444739,0.10566984169599597,0.14503382426951364,0.10648375949172972,0.05597975507649899,0.10088314258965464,0.11859501489668191
0.10121095277591192,0.11193986504719089,0.1335733244170285,0.10485047912413496,0.17936024180180107,0.08818176603030843,0.0494040576307872,0.11654719764522807,0.114932115527609
0.08615395711003553,0.13607285725388737,0.09119337671581153,0.11263101621528877,0.19031525293340393,0.10671807709861508,0.04752357623379227,0.09735010072716495,0.1320417857120005
0.09929207376639487,0.15797870095660466,0.10572309441979218,0.12054123242904564,0.09726108546314344,0.08906414385389295,0.08761256929086732,0.10645504552741146,0.1360720542928476
0.08573181274037905,0.12077883617974904,0.0978995229940267,0.10255773186407469,0.06663687464272493,0.20738290321124875,0.13065588468197314,0.08334652709376454,0.10500990659205917
0.13151413468213993,0.12062551569237401,0.1183111064734853,0.10923317308468716,0.1429032243799954,0.11368468528353774,0.06035687899813278,0.09651335466587714,0.1068579267397705
0.11287296090954917,0.15746843662382395,0.09132778137406415,0.11547130197268367,0.11125128160385485,0.12150246801127206,0.08657974164231892,0.08954393106306817,0.11398209679936504
0.11277383113072859,0.12395776954228344,0.12213717028036923,0.1024655131676328,0.13440385126898316,0.1048960584582564,0.08763124681926741,0.08855533962041405,0.12317921971206491
0.1290232562318003,0.14631557866353562,0.09577591105723227,0.11292999627373275,0.09018057581908984,0.11558663056124442,0.10255159114678684,0.08938563461744475,0.11825082562913314
0.12306934626099779,0.13379302460346598,0.13808190832546244,0.10551743402418316,0.13154921033744885,0.08871847356242601,0.06724385913037652,0.10795744474911317,0.10406929900652608
0.10826315559990146,0.08818870545838355,0.09823416759861343,0.10974862810468074,0.09119804935124677,0.10519541808194915,0.16172223055830756,0.11978719236612345,0.11766245288079384
0.09075860479320579,0.11078993208132759,0.1158554262320886,0.11710904997530386,0.18852106243213948,0.0894044801030656,0.05919601899182942,0.11894162774637414,0.10942379764466564
0.1190617752596016,0.1268310507498037,0.08744959776493812,0.13578475674911714,0.08714268785096924,0.10260039657473337,0.07846583669034105,0.12008824522668811,0.14257565313380766
0.08714481701657839,0.10440929807349435,0.12752037766253188,0.13124103781457688,0.1807934262666957,0.09883928817180172,0.05434370818275922,0.09800593768927152,0.11770210912229041
0.11207255866934307,0.11236993686384959,0.13180492889619871,0.12152575418773238,0.12292695841620184,0.10688640446726276,0.057054887185698185,0.11739190431347611,0.11796666700023743
0.10400628093019938,0.11733200780898619,0.13636137011107516,0.09094799891677834,0.1301486255832058,0.18650402634212468,0.06112226229349382,0.0797451356683316,0.09383229234580508
0.11903513104734076,0.1263200081480879,0.09829347129166142,0.10535378218723274,0.12035095316783175,0.10315247609934053,0.07221196745905144,0.12791906807953868,0.12736314251991473
0.12460244481210937,0.11201919035903869,0.12283459134335516,0.11103334929742019,0.12778408986166132,0.09271970480854357,0.07507850764191469,0.11843070710331088,0.11549741477264609
0.09504541967115394,0.15347526560290686,0.07112359321377236,0.1164313080577809,0.10015370248066478,0.14791154229665188,0.10515770168032808,0.12376438499161624,0.08693708200512497
0.11236599968298938,0.13060785899249672,0.10056771976886018,0.1011239498373858,0.1717814668116979,0.08791064970140951,0.05606611452721557,0.11992257017364927,0.11965367050429569
0.10019092526414171,0.1588204963016229,0.12789683314183703,0.10942826672416774,0.15834487438224534,0.0782475876861672,0.08242610978569608,0.0920884964703972,0.0925564102437247
0.09953967566875753,0.07298263586598025,0.10310868718298005,0.12270316474601628,0.11587030990531781,0.095672290685956,0.15855653859854313,0.11961557932982202,0.11195111801662692
0.09981891052796309,0.15133088972298533,0.10681024625172014,0.11312222881058365,0.09287278083002537,0.1094867048489478,0.11713007552757689,0.10282852027165656,0.1065996432085412
0.12035262346403845,0.11693210472093908,0.13754259679788394,0.11330546717659651,0.09593767663954617,0.09856426798164154,0.09098938479655465,0.11729165233307239,0.10908422608972722
0.12353212161235667,0.1283860052337237,0.12823591656402322,0.08887118434820623,0.14785358363433243,0.10337285462396473,0.0739767821794328,0.09568120735897295,0.11009034444498732
0.09621614379745085,0.1590135961837644,0.10465425809332829,0.12142659771707219,0.11565198255320641,0.09867413429423387,0.09132032293084535,0.12258005944395917,0.09046290498613957
0.09977453259428781,0.1422742874802129,0.12081499973460874,0.09642971251031494,0.17370074805227365,0.1104238860848169,0.0555839904509583,0.08705847194043552,0.11393937115209123
0.10739751658122038,0.09414943640635293,0.10381111294747776,0.12314638631772519,0.1260867259505315,0.11237147501329232,0.10134269362485855,0.12038203857010021,0.11131261458844115
0.12943717264865276,0.08541584368448858,0.13528795486360573,0.12962684225198526,0.1117629872167049,0.09450353759910722,0.08002944751687381,0.10378625524068376,0.13014995897789797
0.11926919439959242,0.10400299005544693,0.09645569945362269,0.1103892017462812,0.18394812253211468,0.08014727082383627,0.06700356775205452,0.12111804895040316,0.11766590428664819
0.1006979416156711,0.09096553619667325,0.1824947899597087,0.10717230977631337,0.09810181439443133,0.08520162548379841,0.13746767378654626,0.07597527164145317,0.12192303714540435
0.13527795532216166,0.10990462488086887,0.15660760468980214,0.09749150168934866,0.13431859701266768,0.09549895356479378,0.0710055324076819,0.08899880954496826,0.11089642088770706
0.09801358877224224,0.14085946630173216,0.10477133774379044,0.12976964268956162,0.1183435133310055,0.10301097372877177,0.08467768124578019,0.11066284105084256,0.1098909551362736
0.12736849336529452,0.07147311542503358,0.06413943618004155,0.1203001689488149,0.07646082817630552,0.10604634524776708,0.22848424186479752,0.07754663683422787,0.12818073395771748
0.09754088041670017,0.12696379128234145,0.07824567682910662,0.11504578694508931,0.09008998696073371,0.0893641461345357,0.16624429720295594,0.12997904764960624,0.1065263865789308
0.11485200135437741,0.09620315834788944,0.07408288286715305,0.1186465826768905,0.10026809186015491,0.10175242608811863,0.1591240404864603,0.10743158394915019,0.1276392323698055
0.09226386451469189,0.12011373331059548,0.13659748774513877,0.10900100102393917,0.15757161266856723,0.10858038557841039,0.05942664582692001,0.09500924299554903,0.12143602633618801
0.12266841940804879,0.11018145856621146,0.14741068646846647,0.10311677174036689,0.11831446758667179,0.13067159710657772,0.05377154381546708,0.1177853696522846,0.09607968565590523
0.10650794500725867,0.10881359030796182,0.14043473686591587,0.11090603803654914,0.1790576512130467,0.10700917394706556,0.04982746778529242,0.0971751214038399,0.10026827543306992
0.10438196438719537,0.11867577673538167,0.11748633420280181,0.11019017807895899,0.1347615242390984,0.1487595148905249,0.06024003756436152,0.09023856235123091,0.11526610755044632
0.1359403741367168,0.1142846080943913,0.1403764055715331,0.11049499017296864,0.14489406389266862,0.09046107448140923,0.0660489432057505,0.11396141312247228,0.08353812732208944
0.0980374621164976,0.12085314594659406,0.13000528393845434,0.09577956500135788,0.1275205904883929,0.138736030285925,0.07378688617991665,0.09845145229489634,0.1168295837479652
0.11480134718185027,0.12713655540832872,0.10383993689667474,0.11651495141684494,0.10298496025550545,0.09013475658084026,0.12081512699640669,0.11490125001945752,0.10887111524409133
0.0826054178379512,0.07878121089071641,0.1531265039013648,0.11812606229777088,0.08414470976699134,0.15572860150779885,0.11812725708676582,0.09245216771701796,0.11690806899362272
0.0910319208160885,0.1550101625539404,0.08804885144106367,0.10582667908320025,0.1397086512035132,0.1085870835785963,0.09628537741137393,0.10497591187675359,0.11052536203547013
0.1047555250669267,0.12505582661020068,0.11300956879660624,0.09587124616927983,0.16230766602639454,0.11211571168015284,0.04970292786628677,0.12009541065847512,0.11708611712567729
0.12245595931773211,0.1268787536604563,0.13443002253506836,0.1036615347964903,0.1431414102730863,0.10299796328683325,0.06365715026762807,0.09223449124592938,0.11054271461677596
0.1158454634301674,0.0827407501898129,0.11503779546051614,0.13702665095590258,0.12101058979260937,0.07948976760848935,0.08150968786922513,0.14910588683879364,0.11823340785448351
0.10556228387438456,0.14722381503678053,0.09787179194546865,0.11317131263633923,0.12968496338089075,0.12115306941377846,0.0613604092589341,0.09715225267838434,0.12682010177503936
0.09437226456789001,0.12013066163440951,0.07799351872704115,0.10797342260202229,0.08407965474369472,0.09697615062857627,0.16160432781783055,0.15285892756463224,0.10401107171390327
0.10454098616149476,0.09966813335598411,0.09251753080766917,0.1144487991504269,0.15795971752157992,0.0920522852391804,0.14682228797846372,0.10849748696845689,0.08349277281674417
0.10341361282000316,0.12240079340414195,0.1383095624915293,0.0993369769831882,0.17295341077668422,0.09529366106268912,0.04972191610941912,0.1098924973238405,0.10867756902850435
0.11520345439218153,0.141959877411479,0.09083906348508602,0.10279762249611328,0.15700673167253487,0.1207925029306152,0.05842793920766861,0.09831568231740195,0.11465712608691951
0.09259496923765871,0.1184853488365254,0.14484327294845903,0.0996949651886977,0.18411921168739656,0.09595849776223164,0.049800126952046914,0.1012538025577953,0.11324980482918862
0.11954214307969892,0.1357750579474061,0.10375751436002072,0.12641046465445113,0.1346074926283872,0.07962387877438067,0.07347055685046068,0.10683366910708841,0.1199792225981063
0.10866126963383639,0.10472731706264575,0.07961535433315936,0.12134375313944817,0.07051990665918435,0.07800598503540522,0.20397282366120262,0.11378715574230786,0.11936643473281028
0.07076669716029475,0.10640776931701108,0.06822500838340316,0.10835809846395261,0.055985754972547715,0.07855876036692387,0.26091389835097994,0.10988475925625098,0.14089925372863585
0.12943308758163222,0.08784840029946227,0.10830137529055876,0.12394497449734192,0.15334334447640005,0.09634228451760483,0.06545820918489383,0.10854512050596614,0.12678320364614004
0.10757481244859142,0.12010173711671107,0.10631667628458565,0.1122868647682343,0.1566810182638678,0.09682543100800244,0.05463226630284162,0.11315111395629902,0.13243007985086666
0.11000388756676682,0.07931266000001859,0.12863685118210477,0.12067467846813418,0.09007020826961616,0.11034588897884912,0.10387719747442463,0.12569834851476133,0.13138027954532439
0.11892506498686246,0.12069101797618288,0.13200320552955924,0.10825183926026398,0.13432432343410894,0.10883263424121616,0.05893587216827464,0.10249438916512381,0.11554165323840793
0.10244093216513178,0.07585135399787095,0.08212704103944571,0.11975190424553901,0.12087331351198027,0.08378613398053153,0.199047220361562,0.09480870173614703,0.1213133989617917
0.10236378493429654,0.11087809631316448,0.11392249005376133,0.10274830078272205,0.09423361148218544,0.19510884888367622,0.06233150237460755,0.09136960550221312,0.12704375967337325
0.11333193816045106,0.12384043128754336,0.13363144119071624,0.11735375630319621,0.126813183241981,0.10428320133491549,0.06295602019859359,0.09710399517148331,0.1206860331111198
0.11861854893858136,0.12634905150784195,0.1323008076997457,0.10307363607234828,0.1459508537001901,0.0965193149132022,0.057319357403981995,0.10246374627324362,0.11740468349086482
