0.09319249086203547,0.13584153871804105,0.10667450406526645,0.05255659249104058,0.09926568176565793,0.07869768347605628,0.11197453889417956,0.08141816536158276,0.24037880436613987
0.1305069961279586,0.1398670103586598,0.12195773337648541,0.10121692833579282,0.04283063030732571,0.1160013546142798,0.12056125345070696,0.11584443929370301,0.11121365413508788
0.1528848033753912,0.11222059273684498,0.13397018673405692,0.13290242974656852,0.10418566308577754,0.058797430655883186,0.13974679387989886,0.0871637823804227,0.07812831740515612
0.087611346183452,0.22673962643808965,0.11618945370641794,0.09693401339326292,0.05271627523437091,0.10273834059585167,0.1115880583198916,0.09854299795678723,0.10693988817187601
0.1534976693204449,0.11093307648930835,0.11222571128131159,0.09381817066121241,0.11496840533707531,0.06995910950648658,0.10572299590517398,0.11528428139051046,0.12359058010847646
0.11904373235285821,0.0602932568065681,0.1311240551544253,0.07299369672849808,0.023555791825159298,0.09472114111377282,0.1352164445604899,0.21776762670568597,0.14528425475254236
0.10788793282758502,0.053830188251065336,0.11829947370451312,0.05694390787194533,0.10498679934863085,0.13613546267792367,0.12544152515933218,0.17343232330486044,0.123042386854144
0.1901819955715445,0.128359897825109,0.10758690760405394,0.1181060127517763,0.02117987988503629,0.10495525300831036,0.1109617051197583,0.10551123007288736,0.11315711816152378
0.12824664793792417,0.08719148205756576,0.11770666562986176,0.0998934792384134,0.0939210552471823,0.14497506244904376,0.12226822932858146,0.09534432120036722,0.11045305691106011
0.09020179123987994,0.1418553115213281,0.08710877497458168,0.02789312060332601,0.30458059706157053,0.04166518216115609,0.08909482053681071,0.16476188918423906,0.05283851271710788
0.07734318261542947,0.10937828775396026,0.11671551729092809,0.1105467624866584,0.1778502507570752,0.07258178826032503,0.10342403991117192,0.17192336116771764,0.06023680975673406
0.11100102860140992,0.12592247177094587,0.11965807420324755,0.13538541997628825,0.08579762394337931,0.1397469243823263,0.11831296455891743,0.06732687665561934,0.09684861590786605
0.10195155577303161,0.0515769085806436,0.11744986892789093,0.09341384655846491,0.023650603539817485,0.2536461036880904,0.10467573546396876,0.07662806057751881,0.1770073168905735
0.09242551098652925,0.10723899426114658,0.12874063953861623,0.18666128476037458,0.013874605533379951,0.11225385136654335,0.12557543001069157,0.10220436083688707,0.13102532270583142
0.07062266653949578,0.21017368060983962,0.11647076805718122,0.10376526011546826,0.08195466510437029,0.0956871156821724,0.11358428689351878,0.05995753020840545,0.14778402678954827
0.17919518658373879,0.09434040003062738,0.0990087073387111,0.07716533026542773,0.03756275626604855,0.07760983973252696,0.11303154597275074,0.21277112583954905,0.10931510797061966
0.09225755379705818,0.11840702880210928,0.07576281361138072,0.06745445985868331,0.09778313412621202,0.08203019749902041,0.10720797071760384,0.27605739011328945,0.08303945147464273
0.07845406925394115,0.08310970920389897,0.09821499901555687,0.06754375185843342,0.18827978912147922,0.1661207865599674,0.11026594632791394,0.0894644885804828,0.11854646007832616
0.12258713365307193,0.08818709586856642,0.09770684704496319,0.0889127002984935,0.2081573395545467,0.09136984489663307,0.10923480588614255,0.10792156674147864,0.08592266605610399
0.08356032375612249,0.09942598043333621,0.10652137121049365,0.24464740699406776,0.0677498976795337,0.0738663414563994,0.09990332413772951,0.12635070274578578,0.09797465158653144
0.15477300270850106,0.06659996159593766,0.09910995032093779,0.04824179258844649,0.12811237009869117,0.20037626377863116,0.11731462370453465,0.0556840169996291,0.12978801820469096
0.10298962116353953,0.1297755549226954,0.12929532737604732,0.10966983001867144,0.04531213784859444,0.11516920212490468,0.12108600601734872,0.17383716974090113,0.07286515078729731
0.07831859892841266,0.29209466537412243,0.11106794070642734,0.11721299967070958,0.05789059444349034,0.08579690295479665,0.10165652585525731,0.061273485234569956,0.0946882868322137
0.0803023563898164,0.18127099883301587,0.10439055300179238,0.13568045095053172,0.062493062784280067,0.17782323298810665,0.11558842774304008,0.07607870727615935,0.06637221003325745
0.09528748369998685,0.14442510191442845,0.104767147467823,0.0746967360558579,0.13560907386764376,0.09836040203474046,0.12802671029208743,0.10750206534462016,0.11132527932281194
0.16898727411966977,0.04492831899826205,0.14989696113006212,0.09342081710133869,0.16040296434006351,0.12232877287581916,0.106232938927224,0.10418737618163058,0.049614576325930006
0.11333761060743613,0.060105461126687805,0.11062940517297594,0.07310013741566222,0.09372831857230708,0.21355000272857186,0.12462407876318408,0.11482049664050818,0.0961044889726667
0.07176003784635178,0.1041548042344461,0.10714217293089084,0.19950683428545676,0.17571279308873824,0.04920448429442321,0.1043188657476722,0.0661579305663998,0.12204207700562102
0.14545096056480408,0.08675708741156209,0.12592552236229645,0.07958352047052882,0.0318742403324765,0.08688298207603323,0.12090648749982462,0.24359760688849605,0.07902159239397819
0.13008408676060912,0.2709774885415081,0.0942916448513193,0.1283095664195548,0.017266818910086856,0.07758574945055448,0.10434242005873422,0.09947007826547417,0.07767214674215901
0.11806632855289663,0.17280396219513805,0.13132512694803508,0.17570656899922632,0.043322001980163116,0.07189002913556267,0.09182478513734448,0.11989057176992794,0.07517062528170569
0.1740146146779138,0.22780659149274582,0.12476765311353155,0.06093272129764777,0.049175713454244124,0.09940863552395456,0.10282543564045665,0.10759911691243286,0.05346951788707291
0.1702361140946017,0.12800381769839883,0.12565461081199844,0.05739573162022967,0.10914437263491794,0.077569744506296,0.11637770997799109,0.1346487774131403,0.08096912124242601
0.18864966753685564,0.06340629310570144,0.12389067705276442,0.09583429453749752,0.0707350611757043,0.08155801686242105,0.1092666732992096,0.1682096477422046,0.09844966868764156
0.05637062326263926,0.0843005167247029,0.09850632586252406,0.2154875890970621,0.03012086562355092,0.23060421379013954,0.11004530926595342,0.03077803001554032,0.14378652635788744
0.13525315019847597,0.10045550312828351,0.11016253539053861,0.08361169922720257,0.14721150842339278,0.0651000639983143,0.12620678603965826,0.11255757658009473,0.11944117701403927
0.07741958813405814,0.15209891938182696,0.11031597993768467,0.09292091583487934,0.0872485908268311,0.1535343381358754,0.1227237995052244,0.07873792172203424,0.12499994652158576
0.21358199336562236,0.09170812191271288,0.13935882883787026,0.05052017302261361,0.01892821798733401,0.14343681033408953,0.1196231626370053,0.10615521740785198,0.11668747449489997
0.07459162093939685,0.3244799806059769,0.08812946411394522,0.1851124526429394,0.01672282538278136,0.05987765743013179,0.1023310562566115,0.08603725858807365,0.06271768404014337
0.11917227158972304,0.1365088057341506,0.10524183867420954,0.05619096166910292,0.12820612927651082,0.18105648894178536,0.10265313707676536,0.05791040891909294,0.11305995811865947
0.12480109886243962,0.04484886344677943,0.09690895138824289,0.048488995018756205,0.1458647532945435,0.0889052280739474,0.09416533891289945,0.17670271076530655,0.17931406023708493
0.08143663529820945,0.1121522654217914,0.11925868136677038,0.10109322058514116,0.11747288066003396,0.17845431509531604,0.1116199555968127,0.1115119296985481,0.06700011627737686
0.07416936300525775,0.08947139084803456,0.1092595227710942,0.06664919654285693,0.2281668320338288,0.19037028656280172,0.10765978174919032,0.06342786166441072,0.07082576482252499
0.09493937556710424,0.14474346966638935,0.11832983054435847,0.092981899137848,0.05997927465111433,0.1038683677768531,0.1373078799796286,0.12741437267949987,0.12043552999720399
0.11290381544610911,0.24467695192441333,0.12933389642191742,0.06048643144873073,0.047483162769852705,0.09156729523273317,0.1151846620029802,0.10784291862976132,0.09052086612350196
0.11533845997477081,0.05800722163843816,0.12469934414324417,0.17678031824487128,0.08933340249485457,0.07748184492554773,0.10138395005672829,0.16130644591828047,0.09566901260326453
0.0625360381587549,0.04634919025882403,0.10280577825707149,0.2060439984060882,0.18172574203624683,0.12124316522506129,0.10913869293288449,0.036474284860854043,0.13368310986421475
0.09775479576323554,0.21075713886218772,0.10764254678353304,0.09548540341716065,0.058681730729526545,0.0713826437782774,0.09903286855036407,0.14949241509178074,0.1097704570239343
0.07448740239650137,0.23532829420476417,0.10255784665560874,0.05628667220306116,0.13497940003227046,0.08447313040123901,0.10315023649343029,0.14898904630253595,0.05974797131058895
0.07883511517216425,0.3757270488957873,0.11140395561524735,0.053614269721255665,0.02198275733185251,0.10211037202958613,0.10647843444811562,0.08829913524572779,0.06154891154026342
0.07394460022670889,0.08636990759622414,0.10809315111308,0.05731690886815702,0.11442510321856575,0.1338557398118041,0.12061018064871339,0.13838580556111033,0.1669986029556364
0.10821626219858817,0.07497888632439857,0.13357440270750764,0.10669939367196125,0.09750534941859357,0.17675964341620587,0.13998907891943224,0.0744875304259612,0.08778945291735148
0.06756330372021391,0.06359429722158487,0.11298439044663015,0.06844073187674078,0.2101116384249,0.10391245172680386,0.10413253343729369,0.21855776774304136,0.050702885402791296
0.16734982947938504,0.20171702013172474,0.11405386863895388,0.04717115895069443,0.017497537344844483,0.08787415308321377,0.10002763321810658,0.1586972152419619,0.10561158391111525
0.15756740656571355,0.17840599788011377,0.10010427932242554,0.06537459698792801,0.104852178121928,0.07949840536365256,0.10838583164787957,0.12151314288080467,0.08429816122955432
0.12286996700894885,0.07396655302610582,0.11953148843886653,0.09820707499563919,0.06967784100916619,0.12969635675200894,0.12835367713735588,0.08119308408658417,0.17650395754532455
0.09598470297970084,0.09559797015352585,0.08426409075865737,0.09134099765010294,0.12442437980732264,0.07965552215660356,0.11864642433872948,0.08218137670691243,0.2279045354484449
0.15137989222372186,0.08765413840363782,0.1339509429823643,0.046121492963734585,0.132247761886704,0.09366101726577625,0.1109852540955024,0.16324483845165214,0.0807546617269067
0.08087171432483059,0.08694020674185614,0.11926555807731619,0.10714610250790418,0.11199870661190431,0.12989805113508432,0.11852786927403851,0.12149178876128541,0.12386000256578039
0.1491518005799692,0.052907590320959104,0.08418895760048371,0.08746449131463503,0.24992204169279533,0.041106303175328714,0.08932889959216173,0.12610631080889137,0.11982360491477584
0.08607203671343155,0.15055840082998143,0.11890200469584851,0.06750265017619549,0.07522479996848076,0.10741861465711348,0.13546201900851337,0.11879183828156283,0.14006763566887262
0.11134312674579498,0.06358643168092855,0.11051920564018998,0.06749962818792533,0.23124078074860396,0.05970457333740677,0.09821094363491056,0.19402749132170483,0.06386781870253506
0.14112357597148273,0.08095020104717358,0.09461672028624586,0.19412511769321153,0.11842902741564844,0.1098376777700829,0.10455565528745386,0.06344690396672185,0.09291512056197924
0.12408608226392058,0.11875094616374471,0.11604254710932976,0.1759014389975745,0.08859009402356044,0.1241479294901623,0.12261750916657978,0.043831642260028975,0.08603181052509891
0.12864515763430706,0.1543586553664454,0.10425039688547298,0.12230160209626496,0.015555766741975353,0.17163844344896143,0.11124613300436104,0.13326075774332496,0.05874308707888678
0.12900973558610332,0.09668899541355136,0.1311227673766977,0.05591618136032276,0.05883500643994724,0.08171497539575419,0.11919221633221484,0.1942567752923531,0.13326334680305538
0.09598678938163512,0.18996220394438368,0.13767628231232618,0.11789058535676904,0.11594291053463938,0.05782500342313717,0.11188490732747873,0.09284485801617305,0.0799864597034576
0.14226111648058284,0.059311658952085865,0.13263269092069752,0.11453944707341239,0.05304145485375448,0.06953506163154742,0.11839805207973586,0.16661062484133216,0.1436698931668515
0.159190815454593,0.06714597081492311,0.13369633487768637,0.07288688899544553,0.05068133082558465,0.13141685332182018,0.12440168656082042,0.14466009304591856,0.11592002610320824
0.13485447437252815,0.04694990193759777,0.11726228828372331,0.2026236937431216,0.07222968094264447,0.1216555502420437,0.11444283877271123,0.1129342552530254,0.0770473164526043
0.1638017116215494,0.14614848200869698,0.13978795249253662,0.0669412758645029,0.029486249696301075,0.0627958827144975,0.1343437119882434,0.11619053929410306,0.14050419431956904
0.1488443758472259,0.07815064543002727,0.0897572953390852,0.04504926379217559,0.1767113060289426,0.07895810500035688,0.09935926230926524,0.11945537559231108,0.16371437066061015
0.06870130865686418,0.1441344146689056,0.09783719010195724,0.10818302853131782,0.030028065929516217,0.06711702682978207,0.1067796649449327,0.2763562149219911,0.10086308541473311
0.08533621364072004,0.2484030368153705,0.09887745133233361,0.12448470816038393,0.18497095427308655,0.056022163488640586,0.08342954745824877,0.05358715597165925,0.0648887688595567
0.09725902880205663,0.22700327207314616,0.10450460155957018,0.12358318763484688,0.06873963936684128,0.0966959319809101,0.11873281289813137,0.07715570143112199,0.08632582425337539
0.0764270533776538,0.05361128269733939,0.09939639488382875,0.11653544815894756,0.20770647996629135,0.08878413852508044,0.12592873294793777,0.1368378207061967,0.09477264873672418
0.19223790843258826,0.02279786606423374,0.11218144651488217,0.048374376617291714,0.06819030781371062,0.07601311630413919,0.09185618277274499,0.1719592770603705,0.2163895184200388
0.06514768171287945,0.05181481219859902,0.07926435159629443,0.05241092752084786,0.22907433220474108,0.08913068853014472,0.09851413479397526,0.22516882759694293,0.10947424384557514
0.08395314568051705,0.04969876688245293,0.10395755266235507,0.06227883442376339,0.2709337563095493,0.17226799097379833,0.1061481266124293,0.09373418474186168,0.057027641713272896
0.1090562292596584,0.12554309532987054,0.1488119735221791,0.0731753414071775,0.08393948126545492,0.12245941340005613,0.1082237528908389,0.1301990128922292,0.09859170003253526
0.08111174296653273,0.2238755532014274,0.0958184958821925,0.22315555891833116,0.05448128043394074,0.0933934945524915,0.10141429455692076,0.07302397072413082,0.05372560876403234
0.1119720997768932,0.12827822928038504,0.11791104191147694,0.1340966508326793,0.1161763355090311,0.10533065295159712,0.12667315553532602,0.07683193113928856,0.08272990306332272
0.1011655766057332,0.18932526410147796,0.07682223319678858,0.10593850943678822,0.14846272134144012,0.03580896553663681,0.09238360164400816,0.05774750670276512,0.19234562143436182
0.16398310446264475,0.22124654262417418,0.1216255022403407,0.06479611433877452,0.02399102828211845,0.11086069433555369,0.10989401106214752,0.11650983699446071,0.06709316565978547
0.05415506588331794,0.07052501170879973,0.09012173321382506,0.049176314066438444,0.09343172585228814,0.2442830360290004,0.09597136816043705,0.2324507149149285,0.06988503017096472
0.08730706353147333,0.17860692591740743,0.12167643167271157,0.10792409703070094,0.0953067894514927,0.05854614340616839,0.10196401597553682,0.18120497766156862,0.06746355535294028
0.20781230602915354,0.13889799507804848,0.10372127372083262,0.2329203082803739,0.05647640894514196,0.051911897294984355,0.09350355240640308,0.07035700035514021,0.04439925788992181
0.17399580750786514,0.1784879268285653,0.14930561496351868,0.08645881491841427,0.012616472418696215,0.08000586269220018,0.11875455800579016,0.15458235191396177,0.04579259075098829
0.06160761738530205,0.04422471290652049,0.10687482423178694,0.19914044161193142,0.1583403820617253,0.1587085220756898,0.10895344109296183,0.09473272941358009,0.06741732922050211
0.15224756426049085,0.1526559774602382,0.11480260667488058,0.061799924814193545,0.09692889393246547,0.10973856323456378,0.11583989006938751,0.1138658262427632,0.08212075331101677
0.1648123958447669,0.10911544678575774,0.14092443426927764,0.073379132157972,0.03446470204643569,0.11658592644823895,0.13700103868493899,0.13097556802337476,0.0927413557392373
0.24977728402826194,0.05130246404719133,0.11202885128015992,0.08014176898425619,0.03599994609268215,0.07266015786014605,0.12624391682828495,0.18450920780871738,0.08733640307030009
0.1726277221145025,0.1363505262364413,0.13425686054270458,0.07491837104865164,0.06316432791686362,0.1090659157581524,0.1248736508425861,0.10350421968330127,0.08123840585679652
0.1760044248875511,0.07844587428058188,0.0946207038233459,0.07529005916333877,0.17903165987257816,0.060514897883924744,0.10308976890320166,0.1403974505668188,0.09260516061865898
0.16229785832965984,0.08304375336177759,0.11276227797844589,0.09679579221743517,0.07008219059742261,0.08490658863288071,0.12342566107915055,0.1530632879823404,0.11362258982088717
0.0807258348798236,0.1898022522053189,0.09842143420818945,0.021955070140241974,0.05865906295066098,0.09542190183965223,0.08024839329692207,0.26983289273502775,0.104933157744163
0.129907845551921,0.08293103811962511,0.13036892168082134,0.04441647647278262,0.12352709878730557,0.09935596317153998,0.09578962029171618,0.19787074584502395,0.09583229007926435
0.20199907575252055,0.07464105695449469,0.10269905445113936,0.04432994681483728,0.015876348675466185,0.17396560346865264,0.11968266167661816,0.19956190027606327,0.06724435193020795
0.09268006859278133,0.12831241924634032,0.12158979821060766,0.10640732213440036,0.14615102718715542,0.09180724909895661,0.1260882374850085,0.12845034347651277,0.05851353456823705
0.10634896888211055,0.05292607783444659,0.07332668634450482,0.03728035891167414,0.34767937826466216,0.050134782688298705,0.08265801324032192,0.1363191538839258,0.1133265799500553
0.09943351190331806,0.06450846974202644,0.0767356213940819,0.1405624816460221,0.1824777442554245,0.09417709850357586,0.10353658378687657,0.13827325991738362,0.10029522885129098
0.13568302613905658,0.08573389426367957,0.13714179119262018,0.08982700662583776,0.14662487904616442,0.13492532981935054,0.13125810171258515,0.07185725497103798,0.06694871622966775
0.12173349414253577,0.061573046348498646,0.11331232739674235,0.09003284761657772,0.10739858951376895,0.05155681516568583,0.1072051710780109,0.15461037169267675,0.19257733704550314
0.07690181103587103,0.04275354858390199,0.07368205220524983,0.08657522832561015,0.412890863163883,0.09355359069675744,0.08647422493765927,0.05659245625857382,0.07057622479249348
0.10150895003479958,0.10628308169757932,0.13678394697005689,0.11683028914343872,0.12233227413529361,0.07731015976019646,0.11253775607201667,0.0862834622850473,0.14013007990157147
0.06350075381703897,0.1484928048151453,0.09866701692846362,0.09853689060243447,0.1463560437064627,0.13221535797346898,0.10725824300271358,0.06927399930884919,0.13569888984542317
0.08602188938616961,0.030913578647766966,0.11768568130439723,0.06341007290910612,0.17655552769989624,0.06346595154284072,0.09266677387565901,0.31334024373012115,0.055940280904042954
0.07442485817823324,0.06510635637059922,0.08476062459726401,0.112721036943721,0.2718058737508717,0.12925058708689727,0.08918956584206743,0.06725514292729248,0.10548595430305362
0.12215980901516273,0.26455252576237875,0.12661718836413224,0.12063942296283559,0.06590851734259412,0.047210726546735915,0.11215814992245403,0.07041860338606375,0.07033505669764287
0.05346297173919647,0.03865521878824286,0.06149717474843389,0.09662444372919977,0.3985614487280567,0.10546654220189239,0.08836556626661853,0.06095168481800037,0.09641494898035895
0.1155852357302722,0.07093032798118633,0.11500791187848848,0.20765816160487835,0.14161003812735806,0.0691982999462587,0.12173466472105487,0.08400445450659172,0.07427090550391134
0.19710845101041774,0.043219264903919447,0.10999665937964766,0.0703003373065527,0.04137439039343074,0.1459991216096379,0.11904767145728982,0.1477943505131888,0.1251597534259152
0.12143654592877,0.27706706861259434,0.1171908823982239,0.07852835009500876,0.08440705335317378,0.0630856000640309,0.10527204859602142,0.09227550481257968,0.06073694613959727
0.20669471531910907,0.2213557744721877,0.12310836250300035,0.07891241804432234,0.05151067085554423,0.06373797501102932,0.1076919597556907,0.07598241535332663,0.07100570868578963
0.10983447401358253,0.11062374309227858,0.08671603438298575,0.06109447070224369,0.20912834945223668,0.07488411153419718,0.12244991284072759,0.13976863541731305,0.08550026856443498
0.08657015512391182,0.07726018594826184,0.10858792112196965,0.0827394780327506,0.21684593985764158,0.07226658953478661,0.10439477593652029,0.1050652241584225,0.14626973028573512
0.07249531931863898,0.09523084012904576,0.14520392587688863,0.14861503032853182,0.03944767500402234,0.17531768201421374,0.1186953865883366,0.09683275691343642,0.10816138382688568
0.1062039897260423,0.1994583213223989,0.09028481880565942,0.0849668649564914,0.043938835014361445,0.1409443622898754,0.09305656905173416,0.13324058411233294,0.10790565472110407
0.1786835495848601,0.07532343107162125,0.1081496086033444,0.04844464710392075,0.07321503832529243,0.11182585768469334,0.10568156184376494,0.1468068626680492,0.15186944311445363
0.1364076991823383,0.11166360893586129,0.10878623475172901,0.1542306083632383,0.07213544663560491,0.09997206080944926,0.1322354621011335,0.11461297502579859,0.06995590419484694
0.10825768460580797,0.1761573437806588,0.10334448717814326,0.07971742841572817,0.08683197815019207,0.106518384505904,0.10693845587811461,0.08809347257665344,0.14414076490879776
0.10474120380818659,0.11076255570661282,0.11582115536497782,0.10752377239242178,0.051428255714996145,0.1580759422219364,0.1142820128213879,0.17578055141746565,0.06158455055201486
0.18844439440611416,0.0777893580188842,0.1396409065782023,0.05624608622021705,0.10021690766338441,0.09535183016266056,0.11771968399596161,0.13119893863935883,0.09339189431521687
0.09137650728426573,0.16158896559114627,0.10235768080996237,0.1377393341087241,0.18801897060742453,0.07893277093075192,0.09855481842872867,0.07424725034822209,0.06718370189077423
0.09442946994632336,0.13595076840466241,0.0988302218365313,0.05724768260848458,0.22556392189575633,0.07829320345629476,0.0961605794737483,0.07788293088052013,0.13564122149767885
0.1092962928780486,0.07505599721136448,0.12768135530823957,0.15622416255816762,0.09804460027853756,0.11405269024031169,0.13348860948065308,0.1050790691349035,0.08107722290977389
0.057691544974267796,0.09926142258885322,0.10546303197921787,0.08240141600216305,0.06794509118717386,0.33743282893986576,0.09873967720759709,0.10098284022811088,0.05008214689275046
0.15653378102722307,0.07497328012514903,0.13585638985022022,0.062352852747842046,0.282875522188161,0.0424509160912627,0.08640094156444618,0.05380014806080643,0.10475616834488934
0.15360168927250858,0.06972234449663132,0.13309152011066924,0.15505637856267518,0.026174550183689634,0.0892674352656394,0.11037851641153373,0.09001044757840056,0.17269711811825247
0.09921462264221424,0.13489336787745043,0.07677546097894955,0.03888055744918852,0.21783533239763472,0.06283444781606572,0.1033125466547629,0.14608906756072562,0.12016459662300831
0.11017282258154039,0.13341300747484228,0.10718852395250578,0.10532757802947572,0.03730133262301131,0.11222430217623613,0.11229596168214351,0.22405058590861274,0.05802588557163213
0.12191150086090104,0.18889522944712733,0.1067509767085474,0.1274684014215992,0.1503422976753774,0.05425129529164699,0.11958381120495183,0.06889097749032554,0.06190550989952315
0.09783980357473543,0.1000104168143486,0.12586288737851212,0.09804839821510077,0.09325520401986548,0.09273982912362026,0.11604688856441957,0.16815701374340178,0.10803955856599594
0.09232553438781937,0.05623760830988598,0.11314789991840173,0.07508786200972135,0.21679163417189282,0.12313165155542301,0.11749194958685531,0.04563606112135904,0.16014979893864145
0.08031917652715465,0.09113608745282036,0.12491410298972346,0.10529413502250555,0.0726585059512249,0.08919624514677599,0.1127268274183258,0.12899465450140443,0.19476026499006474
0.1071112550766385,0.10118315003295353,0.11178397347968723,0.14867709971941198,0.10223827951997914,0.08736662044631349,0.11179435806311466,0.13699382126728046,0.09285144239462105
0.15876566592187596,0.06207596247108386,0.11510173657544852,0.05813819124087032,0.18804845383661176,0.06103104454042021,0.10427038479891833,0.1597311987437489,0.09283736187102211
0.06159153130362712,0.382833042743753,0.08062942085857798,0.11049888117839131,0.05233439886391548,0.09435117146531896,0.1034440293498919,0.059561703849184376,0.05475582038733978
0.13091503518980588,0.08340041591216472,0.10934844365602109,0.1130113411749094,0.08051121759433369,0.08880699822981684,0.12366616391541829,0.1914790592202551,0.07886132510727499
0.14633667864115082,0.06978371530879261,0.12091400818766292,0.09406709234793263,0.10247530719107058,0.13957383315570554,0.12625045431502246,0.09795175442196573,0.10264715643069679
0.11211138663183721,0.0825664828067713,0.11472339721532826,0.28437011346575186,0.021084768219475348,0.10663453444728455,0.10614229724029152,0.051532723847404864,0.1208342961258551
0.10952962873277776,0.06234386320371086,0.1148131464615522,0.15166502248561473,0.11506601132889928,0.05355854371393359,0.12275985690281922,0.11645910799779417,0.1538048191728982
0.11518173469096325,0.1614288844911599,0.11488252191444144,0.0464856575563821,0.06783415474098418,0.20444992294789688,0.10464871301440039,0.11503236679524358,0.07005604384852819
0.1681406197754924,0.08793931401876738,0.08514550870769998,0.06613445767276999,0.0834361726752672,0.08035392106442141,0.10591563810219702,0.2822064399330384,0.040727928050346175
0.12193730568280232,0.08206382462332913,0.12453240836194958,0.08574647039317695,0.03337744160150516,0.13265483842992032,0.11307507296509171,0.23780221726178866,0.06881042068043608
0.12525061284879746,0.14272296239285506,0.09558622797058319,0.10770281430775762,0.1807806656018048,0.08719108005484381,0.10179547930805292,0.10213005791027825,0.05684009960502693
0.09848235058788017,0.36745862884377045,0.08698618277663316,0.09136344498263704,0.08419387782008998,0.04473047354263756,0.09378498909235035,0.06081889573839735,0.07218115661560394
0.13860488604060198,0.1293110852538106,0.09976577562218643,0.14568544165351024,0.08264000191470125,0.11095197542417327,0.10698685753788963,0.11868113812908487,0.06737283842404186
0.0671696340311146,0.09142155004987777,0.0758372815730185,0.057338142208732144,0.4458565686603509,0.05667584023022814,0.07909880157902975,0.04916438527493303,0.07743779639271525
0.10790744819306626,0.2165283580868457,0.08808326060131055,0.04954252352980315,0.04484338231876984,0.1262099317492498,0.10874042689075973,0.14186003212413703,0.1162846365060579
0.08369058457020963,0.11887130718453032,0.0976517075079411,0.040404216725984016,0.045419775995426404,0.18535477455635294,0.0879973973722457,0.29793483806645477,0.04267539802085522
0.18294247230042346,0.161161688198827,0.1464803142410781,0.045556075287703494,0.1109476057358716,0.04685415607101984,0.10516446408300427,0.14081002001478607,0.06008320406728614
0.12036160302827499,0.1652852630830686,0.106205991091178,0.13327502078679757,0.033624158634434846,0.10294837599319402,0.11978984603356818,0.13822928618145325,0.08028045516803055
0.12509681649923102,0.04974462893310741,0.09740022767141643,0.04858079254823979,0.16267920955132015,0.15373057211999783,0.10608104485899318,0.1441119776259274,0.11257473019176678
0.07612719507306466,0.10310943446686517,0.10769317900071057,0.14899864812446986,0.044834037609482104,0.10311456163564114,0.09173216995920778,0.25406987181871826,0.07032090231184049
0.11253293260883106,0.2066625055780292,0.12427622262799547,0.10762842629142903,0.03406755457756557,0.10466385950183792,0.11030553875560979,0.07063545112420298,0.12922750893449897
0.11926044897902498,0.15051403099857205,0.07658877036872451,0.06650980889511092,0.23885640337009895,0.11836098209796075,0.10038625235043726,0.06773011843040765,0.06179318450966297
0.11093664135323279,0.09790554913803223,0.10491142224188203,0.07412274140723171,0.24376436472660312,0.055722987617011645,0.09106232100231344,0.10787996814265367,0.11369400437103923
0.09423604389152812,0.1726405569005213,0.09495738344198319,0.08661142782461428,0.05998902484693187,0.06702192062195701,0.10031151614819973,0.22690119208719262,0.09733093423707173
0.15365643900689355,0.06365210025403516,0.11111885326380168,0.06665716310209603,0.13363752082860292,0.11020554772240547,0.10900547617110388,0.13153877912875997,0.12052812052230137
0.06018977846255086,0.21994612242804132,0.09606308407085841,0.05009814858071012,0.1778794171435207,0.11629919939788687,0.09745075437698904,0.0360890819195669,0.14598441361987577
0.07981603956187483,0.06778184406519494,0.14487483586163655,0.05964469788706397,0.10701210699597907,0.10670325487125339,0.10629510615007602,0.15233608352449576,0.17553603108242552
0.22406254712922014,0.07449027424793928,0.09629569802094669,0.06300985577367228,0.1598714100712226,0.05761203482306446,0.10819686288217174,0.06341026940478885,0.15305104764697394
0.08530829816958739,0.20092475283620959,0.08658542875336654,0.14894817634004068,0.11746016285345628,0.05354681802173814,0.09481491445644163,0.1467571710679977,0.065654277501162
0.16156293808586555,0.10580032385404643,0.09093424396167847,0.07560943803452833,0.044867983556056,0.07442420039626962,0.1180273708955404,0.17516477370413244,0.15360872751188273
0.0953343849659118,0.09866678955923197,0.10424120484187116,0.09414473117522622,0.15118023971370378,0.062224734313311936,0.09153355904317086,0.22779129948731539,0.07488305690025686
0.12264980295847656,0.10414643065590912,0.12242569920479696,0.05379119629838645,0.19849061800301218,0.060663593172654906,0.11082959736669323,0.1553617978754487,0.07164126446462188
0.09342990443012912,0.054662847020694676,0.1544227064343124,0.05313507222418617,0.23366603422615861,0.09676086525685479,0.12063653486130389,0.1263495522032181,0.06693648334314221
0.11433013363744493,0.0803369292380598,0.08410096806926597,0.1224000442539996,0.1468734516605189,0.14257391088703472,0.102170378583073,0.09684642954701668,0.11036775412358646
0.10124404747680694,0.09867363311976317,0.11399313964394131,0.09841867391877479,0.08119621601083686,0.12022468111019828,0.114520619310591,0.20807463578732288,0.06365435362176479
0.16255743797530067,0.08309265104659701,0.13837228947794997,0.08799778429405918,0.08659206736989263,0.08554976901953693,0.10824908193040644,0.14121779316068087,0.10637112572557639
0.09224662972037852,0.14765600741203133,0.09644735814990368,0.09245975920512638,0.13855485007032262,0.10007931587053386,0.10881172196025674,0.13244985266107429,0.09129450495037268
0.12211275500608217,0.19115885320730028,0.10602388151050912,0.06158369394239349,0.12742491918374685,0.09643698007152308,0.10019287483763402,0.06317796695603786,0.13188807528477317
0.1467343918234626,0.19437775184658987,0.11953944306943165,0.07127096943714292,0.06587501578046115,0.1417973702228485,0.11791059516262319,0.06138279475212458,0.08111166790531558
0.10178223732883425,0.12158949631241883,0.12708866312706804,0.06147105892907082,0.1459895038124369,0.14242984806816308,0.11595803027047778,0.11690777019171505,0.06678339195981527
0.10385558745628676,0.045776015685341405,0.11075631277692677,0.13619392029555433,0.12652080079198097,0.1413524023776346,0.13180817444553647,0.10595315696137568,0.09778362920936301
0.2782432507695755,0.03311016526672406,0.08167330550453393,0.0396625324561757,0.16701439338027405,0.1009617367704183,0.10078940825372257,0.10760171414062501,0.09094349345795094
0.10946052620598863,0.23637375329420776,0.1001704088991167,0.1506588106534201,0.02675392109071359,0.06741828051418362,0.10555071337398005,0.14224476742998335,0.061368818538406096
0.18949285737081342,0.09857168891953749,0.14537096436546904,0.09492979492833321,0.06953522124286671,0.04730856885400022,0.1153890978011765,0.1331337573655285,0.10626804915227502
0.1105230458256196,0.20135736212700958,0.09757967962750057,0.1695647515787958,0.09810381307944131,0.08193762070697312,0.1131839816574605,0.06722425269836106,0.06052549269883856
0.08298597627090493,0.20828024607078444,0.1012881837439135,0.13226632231498414,0.06053889011997943,0.2052793142639396,0.10585771497117412,0.05369326472616943,0.04981008751815048
0.10779479595141823,0.049580068509438295,0.10242334811709375,0.09274434454967434,0.18936027144693332,0.20974501703406023,0.11128024911319778,0.06841750806995171,0.06865439720823241
0.11295420181481326,0.11713888762323217,0.09104683553628888,0.08466683618375222,0.07957236946271473,0.22878114374615788,0.1103056200852775,0.08170786851719501,0.09382623703056837
0.21944643771106134,0.14132426166280362,0.11093779767965273,0.06671834708231227,0.04380113559645229,0.09458735365040082,0.11396491128106905,0.1073279777871936,0.10189177754905421
0.12740581843975346,0.08408180451696051,0.1529860302778848,0.05489728162049454,0.03387663163289372,0.13710898960207796,0.11663750755546913,0.19977288758480424,0.0932330487696618
0.07999913239296004,0.06107197007440061,0.12245975160510109,0.04122769958618604,0.1886427625267881,0.14759064102172922,0.11168973095762345,0.10835313400552582,0.13896517782968545
0.07324539623605511,0.04187231029829652,0.08078860087290486,0.04780289596957225,0.29299905526838826,0.1767178421789007,0.08636761412460882,0.1367379032729813,0.0634683817782921
0.09795247020480169,0.1532983533860812,0.13085451690950267,0.1185649411149321,0.053168066445152096,0.1566326658359172,0.12139172230709723,0.06541659794809034,0.10272066584842539
0.07018001469249745,0.19257525587612365,0.11938125716162024,0.06963052006206605,0.05217354278217227,0.16436454235744355,0.10377153678024253,0.08186696362462044,0.14605636666321387
0.06631624512329627,0.09534355464809718,0.13607849884569898,0.13481718824608155,0.08012989819767095,0.13711318799063646,0.1304798491201765,0.11854196186597081,0.10117961596237142
0.14258361507168382,0.20720733100274766,0.10911206277580976,0.06220935469600642,0.06814696663912471,0.11535552685763599,0.10784335877760365,0.06277450862383517,0.12476727555555284
0.1504691211270138,0.06376684734782721,0.11824360726460587,0.04245671583677866,0.15219748723199214,0.08850621133953314,0.11048170842709805,0.19279663301878527,0.08108166840636592
0.09610235057051981,0.24760011250138672,0.09798201988946713,0.05408587428289175,0.06124130253873381,0.08208544256884664,0.10606247665645836,0.19985271365900717,0.05498770733268863
0.10292683201861424,0.060471340698167585,0.11829315810249541,0.04348101947943092,0.29621468013713576,0.08144175334633495,0.0940683410092548,0.10018153684064492,0.1029213383679214
0.09397275321674747,0.08573373771035238,0.12721691603674792,0.07278493163255527,0.10799731566455588,0.09380548355842278,0.11925667607698409,0.09271135121847,0.2065208348851643
0.09051776844505836,0.03381514832002089,0.09200791689725814,0.11523755796135708,0.29833515606452177,0.08169027473171407,0.10135813459974069,0.0509433808335309,0.1360946621467982
0.14701964959869637,0.20992914856266473,0.12795264794400255,0.09713187792751926,0.053824870044476676,0.08473296804954378,0.11978231017413553,0.0923308824422141,0.06729564525674707
0.14634107043280295,0.0699590113758333,0.11821649433342674,0.05424977454204371,0.15845493181664264,0.1521548717853989,0.11143665943186896,0.09838984323243921,0.09079734304954368
0.19252212597982088,0.09513865558581473,0.11277079443020875,0.07873772140411538,0.10967413514572487,0.08625187527418755,0.1115820809422028,0.13315369119845158,0.08016892003947335
0.12797157242547963,0.12334564233423556,0.11492828390644545,0.08356156827913812,0.037717295333399875,0.0652382438021682,0.12253014012764508,0.20325179933619472,0.12145545445529339
0.13396615356949879,0.23201358878572606,0.09851446638715829,0.06260457945210889,0.062301490077798775,0.05095078039741869,0.09815711010182655,0.2010890786798253,0.060402752548638604
0.2061884284718277,0.12387870753269957,0.10908190187793497,0.0694769593320307,0.07389837191609687,0.04807452604091605,0.1093459142320586,0.17210261661357895,0.08795257398285655
0.17160388471504218,0.11874666944901374,0.08469954881528689,0.035848541899139656,0.07646075883542068,0.05581987810149053,0.09013450114713827,0.11177315779150727,0.2549130592459608
0.16814657845049719,0.1925718579054316,0.10366904736957461,0.10135066588888293,0.04128953413629585,0.055002417384035864,0.1086900454832525,0.09751329739144944,0.13176655599057996
0.11370098572383407,0.13215966451810107,0.12451158197933615,0.070366284524661,0.09295072339564958,0.16471080741452968,0.11696670421394456,0.11105435420347022,0.07357889402647359
0.17520544143321423,0.07982155971739545,0.11475241740953164,0.18917177931373907,0.07935044561029239,0.06753307636187984,0.11931593771170133,0.09686890295205804,0.07798043949018797
0.11844970390342184,0.17119145438298947,0.0936370429837712,0.0773449229174688,0.047900164795816345,0.15418052784434114,0.11564209391710221,0.09499494381642408,0.12665914543866488
0.11012816936916425,0.07190825282500136,0.11981354854821635,0.11213952225462635,0.02834066298873472,0.09735460642005205,0.1238326588766211,0.22993688082499197,0.10654569789259177
0.1525234929315523,0.23451492710483676,0.12705602092452684,0.10256527300162388,0.04889939953658812,0.06424191883632054,0.12271671065702427,0.03983834959976807,0.10764390740775914
0.04822635168348887,0.07738763559993077,0.10043036392104869,0.05482847619520548,0.30132026402803536,0.078995883583236,0.08480772576691535,0.19407748476551043,0.05992581445662914
0.08918862109816054,0.06153562802571039,0.10608014310518406,0.06412081367574565,0.23537632131204478,0.07508634633315796,0.11070156871026454,0.1351788251398729,0.1227317325998591
0.07160830068095127,0.24476393214760694,0.09907171686751082,0.06307608911989436,0.08163596383025726,0.10659274423338005,0.10863063907490496,0.08942823485164637,0.13519237919384808
0.08164649919154261,0.17572320040942277,0.10719116240509353,0.10651398891999482,0.1560687244685869,0.15679286665424444,0.09520181551991853,0.029349799732295623,0.09151194269890073
0.16926418009914426,0.2077721046890407,0.1036219209007297,0.07986466085987969,0.1114924631868307,0.025267043775374448,0.09687876445210049,0.1048505625656246,0.10098829947127547
0.05990422759300126,0.03863783006404145,0.07905660324500798,0.19653623257468797,0.328727600420039,0.10610340716996554,0.0869100879672643,0.04475429427486064,0.05936971669113184
0.1264137667017413,0.10745961697666824,0.11277782632833415,0.11723963576117435,0.05934306718422732,0.11446375553072226,0.12603438969857259,0.09318026121076374,0.1430876806077961
0.1059193747436023,0.160530760413058,0.10609615348152801,0.06497214247641737,0.10815263314572865,0.14529919767780783,0.11714871949072873,0.07934908971887222,0.11253192885225687
0.06526127928528283,0.14527516807933413,0.10550816980457241,0.08244677326650453,0.15515251352628703,0.10353663204616186,0.1129647462776699,0.1313171339304802,0.09853758378370707
0.19281927000979082,0.08926216525894141,0.11550195752461974,0.16134951517466753,0.07862299703680566,0.07722279186219239,0.11827571115292816,0.10148626046891301,0.06545933151114122
0.11965111855361432,0.12760734028025814,0.13454507219071798,0.15641064304708335,0.06759565572350638,0.08646433517961277,0.11736913095810513,0.10292458440172121,0.08743211966538067
0.05292511775484549,0.03211441947391198,0.05100581497567972,0.16625033696676372,0.33415959260623196,0.13515733696439494,0.07545896747993802,0.04520307299160875,0.10772534078662548
0.09601157837127065,0.08030502033016867,0.1351659184016386,0.06777237209250961,0.03258151970557041,0.25163099687847584,0.11643885578233402,0.07379075080366566,0.14630298763436653
