0.06684456950962128,0.29507303512427707,0.11849674145203921,0.08865472770465088,0.10325915742083969,0.14191403820454013,0.06174577241920307,0.08642714434155147,0.03758481382327708
0.09013725036229082,0.042679090617781405,0.09577115566044798,0.20392758762839772,0.07700226417177468,0.1004652420496578,0.12991217531725757,0.23525352433674648,0.024851709855645516
0.06816990154676945,0.036061656719131384,0.16640688612017984,0.11441396092146117,0.06745439597451178,0.12346609509651253,0.15221145591313984,0.16048209114222997,0.11133355656606399
0.053617043903460136,0.06520452252443304,0.19344616323148733,0.14836335001596831,0.08131258371443563,0.18055320891760987,0.09374600170429015,0.10110769030956719,0.08264943567874831
0.045567437051675125,0.02253503126880257,0.16673026361989499,0.1461401687929355,0.19347736161519782,0.08034156464845293,0.19283175913411257,0.10966285006586941,0.04271356380305898
0.03205551144086257,0.05327485048447415,0.09910431001086249,0.10998747000225918,0.268326782741291,0.06664709428963812,0.05116431164877017,0.10704898020622532,0.21239068917561696
0.09580763830197152,0.012809008786691568,0.16229710676207063,0.1461034945413829,0.0768624977562583,0.11481924427141964,0.09068438820501919,0.20265806227269353,0.0979585591024927
0.129928108544636,0.32814724487468544,0.04671580208167398,0.08739930174432736,0.03899903488730867,0.05095792026393103,0.18084956229821417,0.10224138504587553,0.034761640259347915
0.06828065958945727,0.0130860140890132,0.10739170543334196,0.11202774733389176,0.031565994215366835,0.16822610447904987,0.0660605711369789,0.11974691800294911,0.31361428571995115
0.10288763673005034,0.03917149814302738,0.10440827809016662,0.12451061023025632,0.05224995815530172,0.16139657642377983,0.07647084441406489,0.1398833759124159,0.19902122190093696
0.0625616255238359,0.0455598091960382,0.12467242018452662,0.17699115361628348,0.060881547111737454,0.15341094213678974,0.06592288720409722,0.18622893523587028,0.1237706797908212
0.1254914615175544,0.05454299597907591,0.13062467699500727,0.12268047991453646,0.08590340969046827,0.13883638366021575,0.07940504356011999,0.19229640147365654,0.07021914720936538
0.06673832057448677,0.028584967432584815,0.17876740080436504,0.1552458437391744,0.036284650385159815,0.21748615766350057,0.06941982260137707,0.15550139349027062,0.09197144330908096
0.081701115987537,0.06427579278831577,0.08401908923141703,0.08448086231754838,0.34156270522629456,0.0951817495922828,0.06440798337600624,0.0908783261952434,0.09349237528535474
0.07652319284291813,0.12736630718830522,0.08224826127387,0.09749978419394167,0.18288504017529908,0.10152945234728288,0.1034275421473142,0.17530257158066506,0.05321784825040372
0.09990616965463937,0.022616530919987107,0.11123678510600261,0.12078261211243872,0.09238989147293465,0.11327276330290552,0.0470333867075944,0.08972344326560405,0.30303841745789356
0.13449841641806085,0.05212082143607494,0.16296339042369776,0.14835484145242606,0.0915379866258802,0.13510663868797632,0.05539622058109043,0.14247360439255782,0.07754807998223552
0.04260237163937201,0.04960190343926888,0.12297761519286325,0.11414580555416336,0.06456139089425524,0.24394589933860977,0.03746411152072028,0.12968598951394336,0.19501491290680387
0.019439487191073978,0.023826894261106322,0.112620831078848,0.0781683726568569,0.020387360398298995,0.09637898110082327,0.13163590011701506,0.0800027901211924,0.43753938307478507
0.04900274457661041,0.025259649743408486,0.1592796405849035,0.16080713191323123,0.0597817214376816,0.23207565757537663,0.0576014520173466,0.16567677919611581,0.09051522295532567
0.06523453137920877,0.1097283450522017,0.12369126520371976,0.09286552865660909,0.0934298256993731,0.1068555174366508,0.1721496269401379,0.10513260430743919,0.1309127553246597
0.04168856593311937,0.02598999081647634,0.1161754955372647,0.1568362787295432,0.09092368993354379,0.1693577077964248,0.10966273015105776,0.14894478495503496,0.14042075614753505
0.14695047422617144,0.11452854721474008,0.18143511646741237,0.0998232026198516,0.06793784165396062,0.12627261186231692,0.0652536104116202,0.12737205190084674,0.07042654364308
0.03255626263130309,0.032276051979194635,0.18194996100526675,0.21744621247836574,0.11940454859806864,0.17200579329022067,0.08773349372620187,0.11652655950348663,0.04010111678789206
0.11079509583538712,0.4023510083093356,0.057669924814126756,0.06856430840283205,0.028635780490012707,0.040886279774398994,0.13724593510671554,0.10144258781027499,0.052409079456916176
0.040754016015132837,0.054868692458722106,0.15681571214102966,0.09832984497068971,0.05732812297190243,0.17224889851498956,0.09656331593447232,0.11942334692070773,0.20366805007235364
0.09047284468590155,0.03206565743602373,0.1440226110764771,0.13284118478831705,0.08173642997698943,0.20115600986609258,0.06181358697806399,0.1416510150337741,0.1142406601583605
0.18932612423783893,0.03892405309784849,0.20437154067545105,0.11094528472657356,0.04739447526823867,0.18367581216376525,0.06665666000130815,0.11643327704914151,0.04227277277983446
0.0561533778980558,0.2772284301399299,0.1011555682514478,0.09139431863104465,0.030376174856808075,0.07689720966478165,0.056061032695318626,0.04614069371465681,0.2645931941479566
0.0670252432882717,0.026412037958814676,0.15868221794095447,0.14588943568366822,0.08010392725932176,0.20613725801719576,0.06889401610473855,0.15379568231929094,0.09306018142774387
0.16208607606796574,0.0197802462171521,0.0785672982777363,0.09670408960663268,0.04343485927471244,0.17810207392044894,0.21897296791426438,0.07558121820717738,0.1267711705139101
0.10145209615791739,0.02087757212435926,0.08348520474837114,0.1315027749601498,0.07330152245380338,0.23812634646453815,0.05629865088123339,0.20415192643185856,0.09080390577776888
0.06141713139324214,0.11493144996128579,0.13979430820156266,0.13298729993825498,0.09790349265912306,0.17082473354129404,0.04971133271774144,0.13062809350357033,0.1018021580839256
0.03824820346609486,0.0293813355491636,0.13055492142379244,0.11943086809961038,0.06758106095226037,0.10165394278111034,0.15635744101612015,0.09405040482879977,0.2627418218830482
0.0963873353898919,0.01912058997156141,0.11519091486528292,0.17410053117853416,0.07930098343635128,0.23490840441583308,0.05234912024354365,0.13540192837338352,0.093240192125618
0.07665843959012592,0.0109066843423652,0.1345665924147533,0.13673384791950546,0.09010526447905036,0.317200626009984,0.07268396967631323,0.12157954736353975,0.039565028204362855
0.05312675930034618,0.08363726928839209,0.12007325624181936,0.12021351807439551,0.10900129531710762,0.1729457708050092,0.12215252117270829,0.14812255240548758,0.07072705739473421
0.07047656806529241,0.042792113521757956,0.19334497474439474,0.16061415984752989,0.13858107969324096,0.10480242357996934,0.048464101342959746,0.1726069326436248,0.06831764656123017
0.06699467742988835,0.03669989213826226,0.14545781935716498,0.12086071907866795,0.06057344225423352,0.18949848037550657,0.14673294206288126,0.10136442020214553,0.13181760710124965
0.19398481793927447,0.028437522142016128,0.081177425535031,0.14528893764679998,0.11902059473243448,0.15005040909912035,0.08877289375539288,0.1391081563409318,0.05415924280899894
0.18893411028451837,0.15873567125488033,0.08539576468535803,0.09640111233620414,0.05264966922722534,0.1558919896136455,0.04114235016913878,0.1168523543611012,0.10399697806792833
0.14937525137190164,0.04569105980678682,0.3273078440636339,0.10010292628144468,0.03350641893480885,0.06359658072467846,0.03442330964949685,0.18156183806003334,0.06443477110721535
0.1391325848335104,0.0487796410223284,0.11885313553715975,0.08237412452322078,0.20951569446899518,0.1327074537607091,0.05795510600111995,0.17968381032898487,0.03099844952397161
0.09430257019815448,0.1119959086545199,0.16540002463548784,0.10141770706301878,0.03304150796513711,0.17614140987226645,0.11556915589281735,0.09349683281778749,0.10863488290081062
0.07809705628842828,0.029348889308694354,0.10649931848535482,0.12404427287555514,0.10279406025060027,0.12802420382717197,0.06604506368898862,0.12673878234731775,0.23840835292788887
0.027460515716827488,0.01064264203192855,0.17541302269411974,0.12491746502741685,0.11011499350618524,0.1743333755776633,0.08395825172369202,0.14854809249898782,0.14461164122317896
0.08203445487462944,0.013877189306587835,0.07901687703918343,0.06997110797482858,0.3885283593279252,0.059642349742693425,0.1061440173972484,0.0922291799051305,0.10855646443177326
0.08145020231407524,0.02085954907205236,0.09875406051566378,0.120224227197664,0.07304476351594215,0.11377216494407139,0.1680087763972663,0.14173161897990255,0.18215463706336224
0.05108509935737188,0.031137771134065583,0.12931801998745915,0.1587947417772653,0.030148856005604272,0.17605157162305507,0.1848027782610976,0.15287240544782033,0.08578875640626088
0.027605938509755457,0.019632231901953286,0.13572388594499937,0.13676464906522234,0.07811787195667312,0.2706803425332743,0.10061225167047033,0.1457468113786767,0.08511601703897509
0.17588157729954698,0.026398712970592392,0.1134627454282698,0.11873514359475162,0.024823949555363767,0.30714507955463577,0.07142981453430776,0.07474630291707109,0.0873766741454608
0.06194860178421069,0.18404508446783718,0.05585473655234452,0.13911915310336995,0.24395252882720056,0.06229790860805531,0.08312165924297493,0.08329205189424542,0.08636827551976141
0.08556158680151131,0.11262389331801397,0.13093368538666839,0.11905016239660537,0.10403239937458157,0.1749477381150456,0.05974400443945949,0.1282465076862657,0.08486002248184843
0.01390504040344429,0.13461397526263452,0.06251485678437331,0.1428713284131116,0.06620096221484925,0.1817077220466475,0.06436222296938952,0.22189282843973324,0.11193106346581681
0.02975975829747754,0.03296633827612647,0.08731275765319291,0.24654084515690702,0.07448203366925199,0.13512358560085178,0.13777811359209927,0.09402179971487228,0.16201476803922085
0.09401977349057278,0.033492767823433245,0.10357046998559222,0.0720938587776812,0.05070162801101056,0.10687871813574246,0.18724516174509895,0.13268985414737258,0.21930776788349604
0.38108082355762046,0.013952101651733051,0.11514566817622261,0.07090384788695804,0.016054881020451318,0.10837786705642742,0.09110633312202272,0.056312310919099266,0.14706616660946512
0.14996499000418892,0.051032000764129275,0.13662827038530345,0.12408352176262238,0.02820903193458868,0.1763166476644121,0.08902723717287907,0.13536817084807973,0.10937012946379639
0.11958612032435474,0.03317164405680487,0.17018549230371505,0.12280103197180132,0.053577345903387946,0.17613486906931844,0.1425304527598993,0.12945930106781547,0.05255374254290277
0.02366572350326999,0.012386188263934719,0.1907071348988579,0.20156393471693193,0.03849346848039289,0.16524480482492843,0.15723059501624306,0.10887695889853251,0.10183119139690855
0.06682004222674771,0.2979852375277868,0.11982906937763312,0.13105008873066817,0.05757227285601416,0.09094363073168603,0.08875243032025666,0.109030948817759,0.03801627941144844
0.016945165602329743,0.03973113666185483,0.22259488000262626,0.11768160492497493,0.08415363563002233,0.14382983834586086,0.20773524829967027,0.11178294589324071,0.055545544639420075
0.04198186042827892,0.01598360537802084,0.1800163361914743,0.1144517036440097,0.11410962520006425,0.1779471658903813,0.09047490233099531,0.1877230733799515,0.07731172755682392
0.05972092923901131,0.13110126571869932,0.20788008849826903,0.09880107560265866,0.05153550502368017,0.15936820890953837,0.1355832307935958,0.08501721995896179,0.07099247625558547
0.08426466476961791,0.028344344456437482,0.1085074638448219,0.1951603826559761,0.09312589444362677,0.14054788330592075,0.07189279697778654,0.18759724238377048,0.09055932716204207
0.09670037976987522,0.1186328508044237,0.14480057892649018,0.10528652857401738,0.18720409053301756,0.110645018345374,0.07810395570057825,0.12534101357243857,0.03328558377378503
0.12234819281014687,0.023774163665256087,0.13039463335236887,0.1613029591397281,0.09938450308877522,0.17545845326245643,0.08348351717395985,0.1286911392508456,0.07516243825646295
0.0531957134760955,0.033734764597518486,0.142994749709446,0.15953985995359088,0.09530433307332992,0.19683512831148528,0.08385919174347944,0.13376633244793687,0.10076992668711764
0.08052868236469908,0.037815857671178246,0.22815311166865093,0.11097728388508658,0.017478690898000603,0.11979791598787148,0.1309533841408345,0.13077141990148125,0.14352365348219728
0.09562328121351886,0.03164793081126443,0.16031339464545766,0.12900385117132457,0.08876854884172265,0.15972750788497306,0.10582558981007828,0.11716128093882912,0.11192861468283134
0.03417301912934135,0.12053107768978494,0.06184799017148648,0.11063883581354321,0.45099097982188496,0.050049638569565257,0.04271609459998913,0.07101306950208969,0.058039294702314996
0.07416029950407116,0.0707529550593876,0.183111986402312,0.11278664636639767,0.14074918802525177,0.1406787552419542,0.03883521303976083,0.16371340068896287,0.07521155567190192
0.06895790808942089,0.017055791192517173,0.20500020154202078,0.1524944644467147,0.06611981602465968,0.1464092791652356,0.06350905204498405,0.13491852242522137,0.1455349650692257
0.023260831337981625,0.014796243138983443,0.10963813169262564,0.10738028396244105,0.14471752486876646,0.08274342512597206,0.05795588569410363,0.25808965025529296,0.2014180239238332
0.16519913018208857,0.04875006975719923,0.10578770507403819,0.12863224282266486,0.06818953959372781,0.14205145001409694,0.05709828381504056,0.17359288376780435,0.1106986949733395
0.09863126276094969,0.10882342775651382,0.16383129115551512,0.11765593127102973,0.13371761976203386,0.0804479404144365,0.06650854812203612,0.15169196607966015,0.07869201267782504
0.09975121760523124,0.09355821211926747,0.12006507376996184,0.12354080868586091,0.044832112604884206,0.1581908117736778,0.11219074817923312,0.09356511544084911,0.1543058998210343
0.06880120848215526,0.013107971095158875,0.122543667301525,0.17391594083155668,0.04893177335832529,0.1835031367357781,0.06854268651136051,0.1510347153766316,0.16961890030750879
0.04810095221656847,0.021745873637569524,0.17621831168787452,0.15087963667886076,0.04511561417920534,0.21723147335105256,0.10228290659579316,0.14627024505819392,0.0921549865948817
0.11804850560777967,0.027774089662653847,0.14191229407611933,0.09921168517536443,0.09375265125616368,0.1614395780424063,0.04847893522742618,0.10112442373617302,0.2082578372159135
0.19661921913350622,0.044401669116970584,0.14498482792508566,0.12430987151446776,0.09479568700852914,0.11520817186990391,0.05850965485395911,0.1282308532984435,0.09294004527913428
0.1105230621621936,0.01346242169357228,0.13813904891565865,0.10784846826867416,0.13254056276221776,0.10130930538855636,0.1823321252207354,0.19170646737132216,0.022138538217069653
0.02060215534126297,0.01948759524899563,0.1685362035904049,0.12141968012857145,0.03358414900671697,0.2265841360397275,0.17271935857133328,0.13578803727058272,0.1012786848024047
0.08670223674304732,0.07137148558826635,0.15326746051051543,0.15098000721594604,0.048025872110190625,0.09356726379683959,0.13255072557105033,0.09411236955850359,0.16942257890564075
0.06329142739068337,0.17821809298278737,0.07070950198937394,0.06831790328537206,0.219662232064905,0.06804838698703242,0.1574154793579747,0.10700382334930907,0.06733315259256212
0.02665762270661086,0.03909831758243384,0.14040783825286116,0.16123275279920987,0.0905769040841033,0.15370810161292478,0.06690132779462966,0.13699245753279696,0.18442467763442952
0.09032655462197318,0.38598251871653133,0.06301911465021749,0.0710578049465181,0.08145932503160067,0.07098087855378055,0.04978014984684278,0.11153121261143917,0.0758624410210968
0.08209668130262392,0.07881693806965362,0.12517287594240237,0.12365386493133368,0.07184322115328685,0.1338199691054903,0.12371784604831763,0.15083178702991962,0.11004681641697196
0.10257656958417855,0.027096205368398445,0.14982974579042208,0.09462431208572293,0.1017699353667257,0.15944870554586513,0.17109714553839414,0.14668124187007048,0.04687613885022259
0.021492380521255242,0.021195142875608367,0.1803534051096878,0.11581604116243134,0.02701994678844076,0.11663949161308974,0.1001601652881548,0.11708703351097409,0.3002363931303579
0.016136603618948805,0.017583881283271253,0.13716230818561267,0.13743787034485164,0.06352648961302339,0.19275191392777336,0.1683081715480951,0.14160481970974828,0.12548794176867548
0.057420238042123324,0.029134139982920037,0.192600641872406,0.1247664419774906,0.06813705307712044,0.20678265175511393,0.1531672904870498,0.09428217775406206,0.07370936505171377
0.02561309684512698,0.03674550192837881,0.1183441070347835,0.10562757968536692,0.04940920404985346,0.10294697801758239,0.10178376999943217,0.08906879528191745,0.3704609671575583
0.06365605939015732,0.17801040237991303,0.13270427474213953,0.16134536075353853,0.07427583629638602,0.12519687803360827,0.08611090218974753,0.13110844160386706,0.047591844610642704
0.06884557444730195,0.08909563011895437,0.16939507186678535,0.12086248978168863,0.0706358818284147,0.1673416770265075,0.06158951147870611,0.14379719081691647,0.10843697263472489
0.0916889516994512,0.0315051281518327,0.14454451683981576,0.14729547400923734,0.09062930020094066,0.12544929217516887,0.08563417827255683,0.17548290571902417,0.10777025293197251
0.06669455429102013,0.040657557536667895,0.13359903599290046,0.13761816312528477,0.12061446704851224,0.16031541328612828,0.08934576029657397,0.1922239857404857,0.05893106268242656
0.08841266894807202,0.04859319320285734,0.1638827364205114,0.12331538026778749,0.14194302930596306,0.08624478286375083,0.07481967395391409,0.09006771558640929,0.18272081945073448
0.10376437431161435,0.011904019386591346,0.14749455171891304,0.19810372050815728,0.017524311947365277,0.184506210924363,0.0604545703227292,0.13696515164871648,0.1392830892315501
0.07048409842075999,0.0451510645486835,0.10453114518404912,0.12398443302574709,0.14428082089728048,0.1996728904074645,0.06360221999739973,0.11669430917943019,0.13159901833918533
0.09819046882143695,0.030042196411648864,0.15050882584787792,0.14413061056763335,0.10095999255429562,0.2056756074022504,0.11847051376590582,0.090859266170086,0.06116251845886502
0.05852445075279774,0.024785129281974103,0.10379739207348633,0.12026773051300939,0.26808544160755443,0.09769158832750173,0.06920006402231403,0.16040006278651525,0.09724814063484695
0.10629686640863349,0.0318635578850325,0.2442950352304035,0.10283481569985986,0.0647108554988679,0.10974128713521462,0.11071309936079339,0.06134086420799579,0.16820361857319902
0.03528583014790251,0.019483162626541695,0.13805352540195695,0.16354574006793843,0.06943395654946834,0.18883402526696522,0.09123184521681005,0.20084493534425704,0.09328697937815972
0.19932711339488737,0.03303782450933422,0.15452111217650397,0.1411285814277584,0.04020084536527435,0.11350383957545973,0.06532523495034383,0.11487651772040926,0.13807893088002898
0.03125881060591717,0.10936191213377493,0.15465070146653762,0.20696965759147742,0.05354613213846319,0.16684233825095918,0.08945794446720434,0.1292778226195794,0.05863468072608674
0.06761387218038399,0.026139632918987864,0.1812083132656093,0.1465328333608579,0.0646015485139967,0.2150431904457392,0.1316710279801158,0.11034966681888292,0.05683991451542633
0.017151825088772017,0.11552846519007236,0.08560879633472673,0.08950914126486452,0.06146914893554669,0.13217771285887633,0.1660459331567286,0.11610456614812847,0.21640441102228425
0.06375028615902002,0.03621024952545469,0.15266739716442143,0.13779764181901502,0.06002941838502906,0.1789271900971419,0.0423310993031431,0.20830584109126904,0.11998087645550563
0.31360166973231524,0.08002121477150338,0.08524797617906932,0.09445810017162547,0.017844443030970745,0.14326412097046995,0.07572203622335767,0.07191084640771424,0.11792959251297401
0.1137790483265908,0.019252137739491547,0.08831570690036133,0.10844915713112928,0.097010494012659,0.09139973223534735,0.09400850007811955,0.19657300818347487,0.19121221539282632
0.07676396966590292,0.040822556082135426,0.19868185063011615,0.13196943340573988,0.08293889481120297,0.17011961875414786,0.05051193118542785,0.124791810635328,0.12339993482999889
0.09143002322224657,0.03588854549915032,0.15737310181075062,0.12559215666667878,0.056996835491335406,0.1532990165900153,0.11685713266068654,0.1698915570585495,0.092671631000587
0.05980314219532908,0.015552903257446002,0.14674968083654852,0.14537071486853348,0.14473088581330265,0.19605770578145718,0.0588597288622732,0.11899275861830964,0.11388247976680017
0.05194691912098559,0.03554921466205366,0.12139293029226995,0.1264831440533439,0.04045171873676769,0.22829929875145016,0.10090871533956274,0.10231898196045859,0.19264907708310777
0.09380533118640348,0.0403788138235854,0.15254331653769462,0.1391877398372684,0.09579129499557955,0.2009310033346542,0.08127207939337723,0.13158967198548369,0.0645007489059534
0.037341686079758414,0.21644584912789835,0.11072454875457294,0.10275968518260203,0.0328396602114716,0.09468497705724473,0.1995882917861682,0.1272813961182645,0.07833390568201931
0.03740731528899571,0.04721164304534176,0.09192083397046051,0.10222371228159206,0.20847261274965864,0.10217220303771517,0.15635127144958436,0.11408234863374667,0.14015805954290506
0.0715806072302091,0.12224868656623639,0.15066793098287865,0.10712235267134784,0.11185229338092588,0.1035640981540062,0.11082755774286372,0.15627757023299582,0.06585890303853642
0.04072418334247236,0.166001127014794,0.09356766167617793,0.11319832668590063,0.03354144992917041,0.327180380605862,0.03400518491311535,0.11589961180366064,0.07588207402884665
0.09227687938229656,0.03423202109125629,0.13744602453481683,0.12423695946140127,0.1088772996717422,0.1275679616416936,0.12466453054955094,0.13267397005004516,0.1180243536171971
0.024682257149646208,0.04363805671335668,0.12648395048964095,0.09696772046999974,0.11074472381188992,0.11472751491868342,0.257732931982019,0.17273465380604058,0.052288190658723456
0.11969606821058044,0.08508287806958607,0.07154820353770519,0.13569058046131227,0.1566168609202329,0.10442666894270201,0.11724141783959126,0.12023539141603053,0.0894619306022593
0.22505000635810038,0.05908367971802145,0.1410949994776185,0.142102626334318,0.05034725591463424,0.16299705570861558,0.03896244404738253,0.10816715306354809,0.0721947793777613
0.03635071603408941,0.09011378022099466,0.18902462186804617,0.11898573874934186,0.07698344457108097,0.1629837853469536,0.07590829082998875,0.08460569894460408,0.16504392343490054
0.11537633132934644,0.05337508552730777,0.16530463052726926,0.1237801416333939,0.07397890287364371,0.1708377454321198,0.0556584210239694,0.15962463146081307,0.08206411019213665
0.12504982930433098,0.08619427449345629,0.11622408290071924,0.15175506410892006,0.0714414750439997,0.14944214819417648,0.11221773879273683,0.15215301284722668,0.03552237431443379
0.09229218261699802,0.04037689634078631,0.2825377976384224,0.17452967259017219,0.05014896110196704,0.10947603646577626,0.05243509727664163,0.15809718683515164,0.04010616913408451
0.07062782694032557,0.019231501894400104,0.23045276544438856,0.13643853901385591,0.02958919418996922,0.10406256524602402,0.08258909819400921,0.19447120701096976,0.13253730206605754
0.04590437886544068,0.03642202753659816,0.12630227306986666,0.141199397871228,0.17634460886769135,0.17459514479303587,0.06610388348196501,0.17725650406300342,0.05587178145117081
0.14963750703544892,0.011046307425103435,0.07031941526441685,0.11740036533610927,0.2774796069958018,0.1117288542997971,0.13539041826714268,0.06673075605711656,0.06026676931906336
0.046346159238072504,0.0828110725278526,0.05788129625306635,0.1266678573005173,0.1004297483727441,0.11373109325728765,0.20919009338386277,0.13594909722713744,0.12699358243945927
0.024847989984327596,0.027929727406130072,0.13952611546503488,0.13257478088256777,0.016968110957455478,0.23680192449582596,0.23294311436452028,0.10951676118637295,0.07889147525776498
0.10000744405668176,0.037466739989055024,0.1664656354634217,0.17363006900736966,0.04292828474089344,0.17662907480458978,0.05277526903912009,0.1202889643819182,0.12980851851695044
0.21193436629179707,0.0217407263586759,0.1113790717399472,0.1617620382669325,0.03229343769646085,0.20301273926230212,0.04980873176345397,0.12887136892753182,0.07919751969289855
0.03923410520615286,0.026236047668871863,0.13620857118640425,0.13231263054945516,0.30137991545087245,0.09766352777702815,0.11592663699535312,0.0982245895827276,0.05281397558313459
0.0589748792417345,0.06291383047129505,0.10383199534829872,0.10772702988025894,0.22231763475726188,0.12315766839425606,0.042663790922174566,0.21313222212838723,0.06528094885633311
0.03615078708150642,0.08490431327398558,0.05016164352180641,0.11879264567723324,0.05477889299777889,0.10132868521233203,0.27505644251337813,0.10885511494500771,0.1699714747769716
0.15915104930732618,0.02108052741142914,0.10225502011763808,0.09834208668786619,0.03335907920090266,0.09099770995288532,0.11457530885259053,0.1838753636974022,0.19636385477195972
0.08637595665188584,0.017466185051991042,0.11663857500677605,0.1240470777384885,0.08472312003586269,0.1431851564648192,0.10543758383998662,0.0946379748554188,0.2274883703547713
0.13031693204832692,0.021548605865881188,0.1082783134336739,0.13939841536383038,0.11259755219622608,0.18667166908703012,0.07431347987141369,0.14478748843611877,0.08208754369749889
0.04404897467981165,0.37159496379948925,0.0691807135375714,0.06663348390234694,0.16197092424344658,0.028872113403583987,0.13490251709417023,0.05843735698755697,0.06435895235202302
0.04820907180845543,0.018450079892285528,0.13942810484296805,0.17758409603303404,0.06778879692180553,0.20029517234543273,0.094953674412881,0.14881216718130952,0.10447883656182817
0.07056438724954332,0.05508930235968738,0.11017632110714627,0.14022515275853256,0.1511546959978587,0.1428522872304143,0.061120601418543564,0.12840175467753934,0.1404154972007345
0.03416331172340478,0.02742654913636865,0.1526906976445652,0.1786069536883271,0.10031623611857426,0.17131269160790263,0.09486363555972334,0.13610233702291982,0.1045175874982142
0.07967390849781207,0.06610404878658552,0.1323362880920228,0.10309108907395359,0.04866926091405053,0.17465526833167502,0.14674924562828554,0.11632503108350593,0.1323958595921089
0.016510006315744168,0.02495755508412084,0.18221769445228153,0.10940942117261193,0.022644114543495953,0.25406033188106725,0.051990003014326526,0.14405515201202315,0.19415572152432867
0.027823670729074684,0.03689170425358142,0.09763094735703515,0.16185935821558048,0.08757655939921567,0.23416546475130517,0.08179892935746032,0.17459040851384802,0.0976629574228991
0.07633800857444598,0.026345612485147493,0.18800509387259015,0.16352059272546823,0.117295802210087,0.1510233806660093,0.07914785415234692,0.14035309700121715,0.057970558312687805
0.1037437237125257,0.02574381518335798,0.14426572980537417,0.1244425901216837,0.03359830440653269,0.2598774274655205,0.10444111814716829,0.10654192558742638,0.09734536557041061
0.05293696270325005,0.040520276853060845,0.16819999882876432,0.14302825246132822,0.072930553961827,0.2749247635624878,0.06334695888309813,0.1393971985593028,0.04471503418688083
0.027757742325477886,0.09233582812792883,0.1288928141180592,0.13030970315739263,0.1195289246137835,0.11424532979477546,0.08036054366770663,0.14393417551747903,0.1626349386773968
0.05088987461877298,0.06548178728988768,0.0877431122708709,0.14739476475515353,0.033393294344146354,0.18903849873878378,0.062243733125990956,0.11743395010627716,0.2463809847501166
0.06574366523148384,0.03810967214464404,0.20253441952635312,0.16147591262320396,0.050886847254779745,0.1488396129630536,0.11436982146091353,0.13959319383052127,0.07844685496504693
0.049587367695207045,0.050133521975159634,0.1462737820666299,0.1325800214543044,0.07909377275561298,0.14787383809611906,0.07702119666611702,0.11672501139226531,0.2007114878985847
0.06496687116609585,0.028199100001438136,0.1244870057742723,0.08804169647752326,0.15174655330190587,0.1815106524728812,0.21082226023982953,0.11202875059556462,0.03819710997048933
0.13858522664141162,0.08730096093164297,0.14066157278447347,0.13056805963107462,0.1027412326875412,0.1597292263667588,0.04721096570077608,0.12889928585281432,0.0643034694035069
0.11986663244494171,0.05684729053948007,0.14107655574519284,0.13622310655934478,0.06011210519920474,0.1930247576729449,0.07521588809930123,0.09871666078890291,0.11891700295068681
0.22880064292233795,0.03395545130151998,0.1163229789643313,0.07523116468230634,0.02481787527233256,0.08712383280071044,0.1385072264906563,0.1038047528672197,0.19143607469858534
0.03244903374602063,0.01589584478829686,0.09050201365808548,0.1516136720592769,0.06577561538938094,0.23432977031603588,0.0885653884113809,0.1994827365443932,0.12138592508712918
0.10183146625857042,0.045499757567523676,0.12427538562047152,0.12810217484333764,0.04767723435459522,0.206544029766767,0.0672676371127799,0.14738047577870642,0.13142183869724816
0.07540554279253696,0.07993873184818455,0.10474353810750468,0.1464444699308279,0.11525121484592526,0.17966280118472555,0.08711577112346032,0.12994715025855463,0.08149077990828017
0.07943312111627047,0.07863633924382663,0.11007640825051246,0.12036326324233425,0.06624703912472973,0.226875519576572,0.0653989178900462,0.08299035467143863,0.16997903688426963
0.12221858422651903,0.06085804429027956,0.2103728392024725,0.11374942599303299,0.033094828740239175,0.18786971430715135,0.1305073467716528,0.10540812750058019,0.03592108896807245
0.025976829482208936,0.1605150273798611,0.12443925921508302,0.06531081298825296,0.3451149568647507,0.08715267711472023,0.05626604403059665,0.07889742659438116,0.056326966330145216
0.1525062652662984,0.023817404336531428,0.095204805932318,0.12021071027613461,0.0646009260908905,0.2742480749394283,0.058781010520720635,0.16328593378625056,0.047344868851427656
0.0570435677352684,0.06307581726636996,0.1271000567951642,0.14684093512868765,0.05715842339020277,0.19834038543975216,0.10121013461679129,0.12796443244481262,0.12126624718295104
0.046353585254154984,0.050153478863488456,0.1435142479989808,0.14193304574207774,0.09800181844140465,0.16257000321958967,0.12608421162096317,0.16144817709957104,0.06994143175976947
0.05149510898186275,0.04368541288714194,0.16856160471627138,0.17662224642836644,0.05118062093277042,0.16069491121508048,0.06951537384472435,0.19002085941599547,0.08822386157778674
0.34015765549470317,0.03355014839351992,0.15056622926495145,0.0933178585029153,0.0731212318668991,0.09782691645664794,0.0626105472828183,0.08796463372271113,0.060884779014833655
0.13235792977738178,0.0136943306702906,0.16733467073585692,0.14072311015729155,0.08476627982166972,0.17594224617066903,0.0881235541988219,0.1550680688806373,0.04198980958738116
0.11808086958334107,0.036744443226501264,0.1019212116387645,0.09815016233418472,0.11437969137646982,0.21743577794153648,0.11410052657883563,0.15419132238204933,0.044995994938317234
0.14469564836626558,0.030104022526003957,0.09120876954125152,0.11551677627932207,0.036800765222726635,0.19163768481508311,0.07159859586580813,0.14468933101703363,0.17374840636650538
0.05819609734493125,0.04046017415599807,0.1344701564356943,0.15059070113781736,0.08166847855519573,0.20867455028163684,0.12999194281427232,0.11486484646360473,0.08108305281084942
0.026930860628589137,0.1435570639448643,0.19015421075557945,0.14931298828145126,0.082849000108137,0.05591627033231844,0.16647481845331036,0.1580574267780748,0.026747360717675195
0.1818152261221626,0.040760250067155106,0.10052301542286636,0.14649370216905422,0.029438690163375466,0.19722614761499088,0.07992281397055064,0.12502017143115363,0.09879998303869113
0.051906322210660875,0.010754817148078384,0.09677392592454633,0.10353788560115373,0.08778807304246174,0.2768802816471874,0.08601092162736103,0.22253052766532735,0.06381724513322301
0.06700015167641314,0.03619785019885951,0.17577474094036505,0.1181858307439005,0.19924532348115045,0.12359583670205827,0.061276084017582756,0.10757401214723004,0.11115017009244027
0.04294258660955081,0.11318824257489135,0.14620507795130225,0.14637438763900484,0.05444306369658066,0.18648455257037122,0.08364646098623373,0.17964214782494747,0.04707348014711763
0.08314936259205438,0.02032203538689552,0.14848825707862298,0.1543535797684989,0.11790772599349712,0.16370797206605844,0.07876366503222329,0.152559040612411,0.08074836146973842
0.03944818574426018,0.1016334919379893,0.2675175690242954,0.10159181332853068,0.02401826955510243,0.16953292741942308,0.07235108583644108,0.15346765592914513,0.07043900122481282
0.16156565070023937,0.021715843624959267,0.11039045537873889,0.11110487297466769,0.06831118499371842,0.13580119826478548,0.08231168181617228,0.1975701451555115,0.11122896709120712
0.15809974756154418,0.06739385247776682,0.07611949163023748,0.0885118487844526,0.1914955345210195,0.14418175181082368,0.0494973123583349,0.09213819455561771,0.13256226630020315
0.05916593747890511,0.02055122009015666,0.1392883022017046,0.15050915472361423,0.03054875877319449,0.1705786277222157,0.21983403149826997,0.13773490614428952,0.07178906136764975
0.20336192132339903,0.21494368536645247,0.11274900193707371,0.09167873441351214,0.0448312393859737,0.09790078180411306,0.06598026866821353,0.06331882588264662,0.1052355412186158
0.05374878801767476,0.027833649962503582,0.12381886343624106,0.09453341719267223,0.36217209912809767,0.107536278981815,0.0964347287523592,0.10194901062865613,0.031973163899980395
0.02962837842460764,0.07618883400070099,0.16482753223378938,0.17117554087045983,0.029679894004203785,0.1677349041717183,0.09878466664683783,0.19748902217189954,0.06449122747578279
0.03215781231765495,0.06357056694110275,0.08653843075777545,0.11904137175076385,0.07023938953353331,0.16963701846552848,0.12600080922508028,0.09217447081763956,0.24064013019092134
0.04230500299810219,0.015994158084839165,0.1338932098225895,0.11024391128930677,0.0448681670914548,0.21601617130371617,0.059591418507172776,0.10301362219048706,0.27407433871233167
0.0498398956438083,0.08767234180484829,0.1528020895966319,0.13595576271450538,0.029726652378839216,0.30447167198718494,0.090609707415141,0.09355051019320328,0.05537136826583768
0.05348001804501907,0.04303355695519893,0.09523927564155792,0.09262209230706926,0.38866118676090694,0.06981631297961434,0.08710392821957497,0.15303041857173105,0.017013210519327582
0.03409735597019693,0.02948217877210794,0.12751122227949505,0.1367017281788948,0.1028312283619317,0.17413058360659797,0.10531769607847573,0.18706683086356254,0.10286117588873733
0.29462585446329437,0.007274731422739242,0.07249063659985887,0.07161186761017578,0.07308125822236891,0.1933545888482424,0.08194709850290859,0.10417943893146608,0.10143452539894592
0.030044892797211748,0.4516461936569059,0.0712605123061219,0.08461668307414022,0.09436867923813257,0.09255981420321362,0.04657643394142006,0.07664202501762278,0.05228476576523117
0.08613178539985065,0.06524567998303894,0.1471075601878769,0.1169701924679455,0.05839945916557629,0.1292076903626506,0.12514800030252946,0.14993776889240443,0.12185186323812726
0.030742495846401135,0.08043792781596505,0.09893364318231355,0.11527496035128564,0.12039608356337168,0.19544774088661718,0.06434204873414723,0.10244834660255427,0.19197675301734432
