0.13236831565800136,0.09129175151640571,0.16627357495598374,0.08602453222070101,0.10354613431252568,0.11965929271513147,0.07658145082284952,0.0815475888276489,0.1427073589707525
0.04429761724559599,0.11116436099995768,0.11770672452811477,0.15740064575879306,0.10349172949277137,0.1914189979611396,0.10269840798332323,0.037503620012888116,0.13431789601741617
0.034291803168436275,0.11467727936223682,0.12781936744891143,0.05378613387336795,0.12225331730686247,0.22184755417318666,0.14047685894872197,0.0898230772268267,0.09502460849144968
0.06657366681829041,0.15062170661324867,0.09511774734496248,0.12005933968010496,0.11443418232952766,0.1634182661670739,0.12318353987169679,0.03153662526246239,0.13505492591263277
0.3687748590304853,0.13030244463488705,0.08292208043759229,0.05853744894836974,0.09176320945572274,0.1177648444674707,0.0829420586050578,0.029390301567483745,0.03760275285293059
0.2543587536197631,0.06724308333481717,0.1348588011785681,0.056336544224879596,0.090544582562747,0.14536635481188884,0.13606479939164884,0.05373841310943222,0.06148866776625508
0.06297096259411299,0.11193002066026754,0.09669286725352015,0.03900058203229456,0.12112231574218675,0.23053369174052354,0.1527206638460195,0.09940749586187081,0.08562140026920424
0.08389022410220441,0.13128100813360039,0.19435774778294346,0.046364741767669256,0.12012446086860014,0.18701866281257043,0.14161502580237187,0.04566549779034531,0.04968263093969478
0.18553726520849192,0.10318497263001662,0.1716368312312241,0.191265765793296,0.08931075443535486,0.07766538575018354,0.09652877679640866,0.04038335344782493,0.04448689470719922
0.28849300612046513,0.06919497574518209,0.08560488670241578,0.07969074543289412,0.0910881679932406,0.10621806757435172,0.08136817850058403,0.08641471011430335,0.11192726181656314
0.08920792937563267,0.07988759261427784,0.08968645996488402,0.08038799808038775,0.10800565348436371,0.11279781919906921,0.11018162510316243,0.2430220676130129,0.08682285456520948
0.1484125528966814,0.16409106411271568,0.12791279377312345,0.027729186923152044,0.11215134779000598,0.11587303112005903,0.1279106112570065,0.07134795314193847,0.1045714589853175
0.11017481026342547,0.1790319488192721,0.11474121439003697,0.10709348441614065,0.11739821455528077,0.1323756247171749,0.13689781458251774,0.026704296918005008,0.07558259133814645
0.057872948267637524,0.1644538850180506,0.0802148300438506,0.04065251332494801,0.1217151336686378,0.07453085578801144,0.07553818416435149,0.3166695917634484,0.06835205796106411
0.16971626166214027,0.14854650304695274,0.11082513604004128,0.06690678162058775,0.11871245633590566,0.10449079617267835,0.13930876238736156,0.046506289692376135,0.0949870130419563
0.06113892424436576,0.17124919983157758,0.12337624973856938,0.04785801669052886,0.10722788365721576,0.20375916878810332,0.098711473169752,0.08843559575077654,0.09824348812911077
0.057257648189692145,0.2261815253885412,0.117483853857775,0.08133093898399396,0.09610003912164682,0.14374654062650258,0.10766720079584047,0.09153258224310656,0.07869967079290123
0.09102078573482264,0.14098682105775998,0.11324871251070169,0.13282923876852457,0.1277839031182415,0.10312204691210486,0.09853877660871602,0.1366250777944259,0.05584463749470283
0.10693522149722984,0.0601814252184547,0.09190769843502523,0.24870005968480524,0.09608218897515393,0.06504412788081783,0.07452744560698894,0.0344118698945148,0.22220996280700947
0.055204889297149916,0.2391005060510922,0.13479532420848886,0.03127091388992617,0.09828206047984565,0.04809972077906854,0.09504909652071625,0.2458206935660402,0.052376795207672244
0.08030395730336697,0.10226604121798948,0.12150832053068102,0.1581690640595368,0.09669401518708746,0.07994969383796653,0.11449135922115922,0.17109357560275285,0.07552397303945976
0.03545361487174762,0.17043459642328251,0.08824400411321581,0.07667610412442298,0.103287693860589,0.12366852190791598,0.07455550298726867,0.23155113444086087,0.09612882727069649
0.09326298936115392,0.11316335799164057,0.13355146913567234,0.08481402318338505,0.1211561771663916,0.1285927946374986,0.11481862825486437,0.024324802435307425,0.18631575783408608
0.2327374214020693,0.0896210360763154,0.1087288753852068,0.04883921735933255,0.10244170035815124,0.08704845219762043,0.11168175005389964,0.14595225184114027,0.07294929532626437
0.11367738560579888,0.13342862454546078,0.12785498794446137,0.07753797450511386,0.13248628614832358,0.09172822488213923,0.14671550929830854,0.05859179061700662,0.1179792164533871
0.20813184797135417,0.12385397688976939,0.10799499993722517,0.08324253289284678,0.10946799420532836,0.1140967964705313,0.124946940724816,0.034612357223938364,0.0936525536841905
0.1467544734330121,0.13901222526961607,0.10009571380293271,0.03865482255537782,0.11539175669530381,0.16067273315543168,0.12995999149202123,0.03911819289877966,0.13034009069752492
0.0740476829928953,0.16108252468461012,0.12645388803956747,0.07179104659111224,0.12028473426865681,0.12671100570310098,0.08639772399685773,0.1180418643970907,0.1151895293261086
0.3495939959621064,0.06058387224883092,0.09240311938674316,0.11909883591602309,0.08998959639529343,0.07445773359393754,0.09489869528569571,0.06507108058653509,0.05390307062483468
0.11904536682001982,0.12793245111220494,0.11978726060414528,0.13331920002134695,0.11389690131682488,0.15832922424470997,0.08363143747194955,0.060624309021219756,0.08343384938757879
0.17502742839643548,0.10286886694292763,0.09135738247983997,0.09854353146675643,0.10674742279463884,0.08495371156478325,0.12781775374961377,0.09592547191918178,0.11675843068582285
0.12396165525087065,0.12355511119398079,0.13677186040409758,0.08009245858261747,0.11966098560042637,0.10619565630922821,0.09584350113948074,0.0931116023803454,0.1208071691389528
0.08691832659216454,0.15100123004040472,0.11317186844020895,0.038384023086366396,0.11999073220337313,0.1607095728040211,0.08670735238082082,0.06078426179710931,0.18233263265553104
0.04906544754951745,0.14170012321259282,0.11147834369953641,0.09789232853728487,0.12358558260896303,0.08444236653136246,0.16949072457660386,0.11893978345245208,0.10340529983168696
0.23284435309638005,0.0750229992518554,0.09851921901933221,0.03801556464819482,0.0973770457930936,0.06991516556598859,0.08017371414126499,0.10882097915716604,0.1993109593267243
0.1723020463843703,0.12151581170789483,0.11146190130505539,0.12002821454925557,0.11196354005097169,0.11678292246189764,0.07947998746677376,0.033798488922526224,0.13266708715125466
0.34327116236731275,0.0888067652894758,0.10935396887832437,0.0881356611173975,0.08782358544450149,0.10238150449179927,0.10896391791134775,0.026414778557356328,0.04484865594248477
0.3063670995551109,0.08495628596877491,0.11186941206327124,0.05925244404978525,0.09295628928327627,0.08531754723947675,0.116817718274239,0.04829957691411572,0.09416362665194983
0.21593978356694088,0.09819280548779767,0.16853852847891934,0.09796744527630907,0.11934028978168155,0.08664714786228694,0.09733579257814466,0.07308651686116373,0.04295169010675611
0.029254323638531966,0.12296659531925917,0.11284804185846371,0.3197635904897054,0.10488351700151476,0.06306500759853606,0.10686749983135313,0.03462802304409083,0.10572340121854505
0.03420821756362092,0.21772600652116766,0.09748898319444656,0.028764797689547733,0.10990222635803985,0.08617132006522986,0.08274808432333562,0.1549787165856611,0.1880116476989507
0.11727432797553043,0.09924728107312836,0.11227363182058597,0.07803228213185918,0.10685218544587477,0.14028849234842125,0.12055390551856127,0.09422200709133226,0.13125588659470658
0.08832358721436188,0.11226206869358957,0.14466297167821773,0.13617692248249127,0.12242394634630453,0.12356576035781225,0.21252423057036893,0.03756886380847903,0.022491648848374856
0.20357529826990528,0.08711946015750471,0.09968894804641949,0.20873870258835822,0.09548961297214463,0.057948783308175045,0.0752780095119061,0.07233052170983933,0.09983066343574722
0.14021255950331435,0.12677964822911844,0.15093466108825296,0.05757393962901152,0.11521166629442552,0.1226048259970805,0.10011308169306393,0.047948060030333306,0.13862155753539945
0.06509789349692126,0.18374447875390065,0.11118494882596773,0.11714500500175691,0.11838798183874072,0.15266446659100236,0.12893535271493048,0.04279959571442985,0.08004027706235008
0.26661916518219503,0.10300016671095315,0.12189246159861226,0.039372537030470216,0.11201644172063713,0.06877391024659223,0.12358476852666667,0.07643305775770964,0.08830749122616367
0.08985887621370459,0.103011076544771,0.12545653556162475,0.14101773346365662,0.10820201982121115,0.04440544210503574,0.15524900929516638,0.14113663947697921,0.09166266751785053
0.05021789138329694,0.09650920631884341,0.12724080106614524,0.16707996658083968,0.1173859348724106,0.12308681601507308,0.0678151950189949,0.08160232341106229,0.16906186533333378
0.18391372228700778,0.10479548731390549,0.15972212324118287,0.03202884653498955,0.12491114861850768,0.0992336328641829,0.11279762953026105,0.04664127446464791,0.13595613514531485
0.051320274524477766,0.15897928345554013,0.0910631762420636,0.0857966068670068,0.12775876116169024,0.13074406168296557,0.1035328064850674,0.04578731979237045,0.20501770978881806
0.23761755803312068,0.06393914179059366,0.10405663045366287,0.15233131297671795,0.09499257728644601,0.08641999709609977,0.0962367624360237,0.04919556703802971,0.11521045288930572
0.10729662016455799,0.1445334284002776,0.0902359991639385,0.20180091748094875,0.10197796622104727,0.04083792119941498,0.12259555533705813,0.132526038936957,0.058195553095799844
0.07926752844560404,0.10725075849504435,0.1578747424450012,0.06266362919759695,0.11187802357802984,0.13051968638983777,0.16061659916213186,0.11175310420452637,0.07817592808222751
0.05890642251797893,0.07890025448125935,0.16331808847291965,0.06521678699370713,0.11557417031991761,0.3013257447823295,0.1299009629226983,0.04107899271795528,0.04577857679123432
0.38570334423471536,0.06006509962325971,0.12820528845299597,0.07201896980155145,0.08616821194930983,0.08744883071577157,0.1064499622902428,0.0368277705255892,0.03711252240656412
0.11252448696486823,0.14401814289378298,0.1169390849726346,0.0906288349229396,0.11620646171848104,0.08149761682001234,0.13112464962598588,0.13929681053478102,0.06776391154651419
0.1091243142832664,0.08822051442109184,0.16658891101034834,0.044597356222417804,0.11024044045117186,0.15681546016443534,0.15571632639174218,0.06341988993487158,0.1052767871206546
0.05647353616818903,0.11133390983989357,0.13315802173024746,0.1278700422429825,0.12202615928850058,0.13821290410296064,0.10165428881568006,0.09978284405363473,0.10948829375791148
0.14581752478484966,0.11726667699198384,0.1112461510336274,0.06953914023743034,0.12506247492857633,0.13440959304683878,0.11930092515024705,0.07681338895831961,0.10054412486812699
0.040159069405767744,0.1500046445109623,0.15030700393073707,0.10761542105349342,0.10288262871496158,0.054601900275495226,0.07705275826626427,0.26398199667540784,0.05339457716691059
0.2120404286933002,0.09420013609892923,0.1179932135751442,0.09416787517477669,0.10546530248316409,0.07114246585068824,0.11287019325040983,0.06486275537784425,0.1272576294957433
0.07421883103233112,0.11346342523452775,0.11425190173549181,0.12137089963959674,0.1106498373675023,0.03741230805776541,0.13057011210618905,0.08868325351642546,0.20937943131017034
0.19770332750092692,0.09113500885365783,0.11986533217804546,0.04898456682386823,0.11179925686861018,0.12113566520370665,0.12818452252819315,0.06384223825410618,0.11735008178888535
0.09230044798382481,0.12736571430491275,0.1934779656577752,0.07415326556595193,0.11707241752598324,0.08524517604611093,0.12332306354578786,0.06000554755875412,0.1270564018108992
0.030581970847306433,0.10315326865409247,0.1449952038445296,0.04740803584327377,0.09790432397423843,0.05114743647145687,0.16977429905759203,0.1878354316538441,0.16720002965366623
0.12677888976200313,0.1254833868636403,0.13427528225898935,0.0767866144832112,0.10981252784086114,0.08054974413008321,0.10654842421403332,0.09768311419706638,0.14208201625011194
0.07669802727983382,0.08576158575469144,0.09841606436450585,0.12888388430578387,0.10877696500394841,0.0929866806202715,0.09425950350550814,0.1842670090799242,0.1299502800855329
0.06139549431657837,0.09287134733266439,0.12297272800986685,0.18197743224491467,0.13523467739321618,0.07162745843758386,0.1295811573268326,0.03882176960093342,0.16551793533740966
0.08690204231401666,0.15688176083456043,0.10277117126375072,0.06874460755888896,0.11428152295608589,0.0617532472864313,0.09868318365559269,0.22671616365102332,0.08326630047965007
0.06560980308818162,0.19181768677583622,0.09865276284966379,0.06606028524059988,0.12727217335339655,0.10733824577150369,0.09212826674675818,0.05521564539762825,0.1959051307764319
0.10543400089757408,0.12105740621634405,0.17316958789368156,0.06693898272830412,0.12027240832048001,0.10082664473377734,0.11007245248810059,0.04967603987216914,0.15255247684956916
0.07935995957945668,0.09093851769477442,0.15187551772120075,0.053302524509766025,0.10537243309764238,0.051559807976492615,0.0775748105610912,0.2442421132844821,0.14577431557509388
0.3545625624186533,0.06169423856299162,0.08562731058137835,0.05305657118399947,0.08986809124582013,0.14634558400158146,0.1295466512091201,0.03465653025300675,0.04464246054344876
0.06083525777551735,0.10993557411769779,0.12420921118173056,0.04640362188559969,0.11805480241891497,0.14088285431654268,0.10618941565245416,0.20426680282021117,0.08922245983133154
0.08225399797923034,0.11034853038640546,0.12082354169222519,0.13958366522416701,0.14342564955448647,0.07347504329843095,0.1293649551616375,0.05761261491334722,0.14311200179006986
0.27136877945880755,0.10341523445288825,0.09844168043198574,0.07239513224098408,0.09287128758648483,0.10604366426317476,0.1733446118525134,0.030945334549380133,0.05117427516378131
0.13369795258990277,0.12817291097312822,0.12124773109035843,0.03902303760630715,0.11266902400473511,0.10174848214322195,0.17191881436649167,0.11445030290293855,0.07707174432291619
0.054155215881106555,0.1862750931135552,0.14652089916411495,0.0875161794802249,0.10401940730324984,0.0833371180932196,0.0914220383281719,0.13485426715892998,0.11189978147742702
0.06789627913714942,0.1012350041484984,0.09413983196495057,0.07209939252356473,0.12276552314754326,0.10880130694088656,0.17016694284877135,0.17595024386178781,0.08694547542684783
0.03679950280664818,0.14498655270331987,0.0988131451367031,0.2118174003306734,0.09515122443713364,0.1051836189913898,0.10027592604682846,0.14947945419063066,0.057493175356672886
0.15419098663649577,0.06807118835661367,0.15357096147844754,0.10260848184190019,0.10648342566443054,0.15388639424710462,0.19688362455542227,0.02100883692842669,0.04329610029115869
0.11144312758440678,0.10201925963251314,0.15222585518680173,0.12913883649383698,0.11665167107509328,0.1024886993335059,0.08856682785099133,0.023567563741022344,0.17389815910182857
0.0791416728514897,0.08098406209822982,0.14023762740569912,0.0720198765672403,0.10595220448865973,0.21667039503939475,0.14522270036590312,0.10691304475297957,0.0528584164304039
0.06458195463277096,0.13455851202322755,0.12846785845724043,0.03883741998759369,0.1146328627469874,0.18736327254257135,0.16201062744743103,0.02550629294253771,0.14404119921963984
0.21241184306301064,0.12118730849684235,0.08921372556566437,0.06450074806300939,0.10142776683732524,0.1243738648524881,0.07467556823726962,0.10359076221818009,0.10861841266621015
0.07041416355169394,0.10272569406973152,0.16548839399995321,0.06632042509348951,0.14117858323720847,0.11940126563745485,0.09434000979438494,0.052148281861873785,0.18798318275420986
0.25091664636299355,0.10100346444526244,0.10566769887586498,0.03603086138047527,0.1006546719318948,0.09701988316292132,0.05825723705783469,0.056520256591072994,0.19392928019167988
0.1608558937818458,0.11454251927465205,0.13967142641254038,0.08028722286905642,0.1330534499016159,0.07363654540689658,0.08910677873902663,0.11712052179154174,0.09172564182282454
0.10747636824597794,0.09464116858822191,0.08500755312358542,0.05273538946339406,0.11323748791835198,0.18920631985652572,0.059745019081353136,0.07077867156232633,0.22717202216026364
0.05212592048213771,0.08002162997135595,0.14298281946782276,0.13429060004229457,0.10938689151124133,0.2662464822205378,0.09462024095347206,0.06377970595791622,0.05654570939322152
0.3047336760970914,0.10102412196916342,0.16640983548646002,0.04996751401774798,0.1034984644008002,0.07458083242772877,0.10581708460139427,0.040166224941066954,0.053802246058546964
0.051926779286137426,0.08113131901928877,0.1383145931885931,0.030028823520232673,0.11108711665578952,0.08253704103386005,0.16666949890634417,0.2254026224123071,0.11290220597744725
0.07442429130903803,0.11178881652102969,0.12057151590573874,0.09983959578668389,0.10992816174047922,0.08937407956810246,0.08156796678042062,0.06752382738033276,0.2449817450081746
0.10755670011245388,0.10213185641376211,0.13564040541766265,0.09070442066495993,0.10954357675081657,0.07753207226699035,0.10178947030468695,0.12463682590094294,0.15046467216772458
0.08314404232830397,0.0971834871834812,0.13881927987040601,0.06429230218833036,0.1225291234480715,0.1034507094560106,0.20174841424341516,0.11571489508145268,0.07311774620052848
0.04189799316205667,0.14733418769026488,0.1764433859928608,0.08988773060569592,0.10455386270785512,0.17450980582128095,0.08632708504599122,0.11058494836843492,0.06846100060555955
0.06585414105249993,0.1122990283645849,0.10929450662076179,0.11625846555152464,0.10740328608315332,0.12849213612719745,0.0910994748872855,0.07923812273861075,0.19006083857438175
0.07298435460931678,0.10539400932541791,0.1292430932387135,0.04534905769707701,0.10965893941949854,0.27638960301010584,0.13824174291588362,0.08543375784110496,0.03730544194288193
0.06809116671669875,0.07288631590074368,0.1287894336914816,0.11255584546018473,0.12404567027700292,0.16303469180938904,0.1396607589932517,0.04708551110215479,0.14385060604909272
0.0557840282565796,0.1037905420526206,0.12346384555067813,0.15360791418139738,0.11744586007684253,0.17882612024852937,0.11726708022356395,0.05807799940653904,0.09173661000324944
0.06561529432071128,0.14584975362198563,0.1140601608079558,0.08020435303710254,0.1278185934552841,0.12551156728949828,0.11919792661693218,0.10753776332172456,0.11420458752880563
0.30592225835544795,0.07200672294286356,0.1108903540805452,0.06804174367013088,0.1122979277242222,0.10838863707547726,0.0895952759215569,0.06493038486070092,0.06792669536905514
0.1736503037437888,0.14852178871910623,0.13141727993633798,0.026993915877974853,0.09057236026775789,0.156988309826439,0.15757425177524645,0.039258301841140895,0.07502348801220798
0.12869232678608397,0.10755178661110637,0.11578490847251076,0.039923292450071174,0.12291387169699497,0.1915918004917364,0.18588465552026714,0.02389870370252158,0.08375865426870761
0.020621361186301392,0.15075953355565166,0.12190361879579742,0.050671017480259484,0.09988019259542454,0.1953186791537512,0.05534130423250338,0.22497863137233573,0.08052566162797528
0.04284435081990614,0.17572818013321032,0.10209862396136843,0.06295278057329161,0.1298547549156094,0.09438685050104278,0.12205902046723593,0.13297712000937398,0.1370983186189614
0.1282464451006168,0.13820133007149854,0.15756455363943989,0.1516386227573495,0.11501461939996377,0.07341384176712544,0.13078441031404284,0.0182835636659902,0.08685261328397305
0.09812172841157936,0.11751911465222244,0.08493550554259217,0.04864074635315543,0.1219027806276249,0.07670195993781716,0.11267057864465337,0.06244559795661642,0.27706198787373876
0.1367752771199574,0.1235565604666357,0.08180977246981798,0.19169675275123743,0.12502307212932937,0.08571783538503863,0.13805601148098967,0.0604424706805185,0.05692224751647538
0.08278225661176979,0.17043592325814047,0.1274335308024671,0.015892434926176452,0.1099520827365499,0.18376779734408924,0.07126903362761372,0.07627650362382406,0.1621904370693693
0.0852278530016987,0.11413401167270587,0.14454471188428364,0.07556169901216031,0.11428776656808115,0.1791820133710541,0.13358148351049642,0.11294694063870474,0.04053352034081508
0.09803514520011769,0.1321588592887988,0.14180902942850812,0.09126750291388659,0.11687791240467167,0.14575172372289902,0.12297210597951864,0.03074296010074759,0.12038476096085186
0.10408133131358548,0.1133850294690491,0.13297738634056677,0.04869085298640483,0.12537951742843198,0.22328172067410698,0.1161634258317971,0.03962807249713357,0.09641266345892423
0.07290018767323307,0.13138084368530437,0.13088887863321283,0.0916765698894786,0.11502123511646344,0.1645553077585212,0.13460259331532134,0.056613429977772745,0.10236095395069243
0.09288818038117032,0.1249634666774625,0.16948703369055804,0.06884804180559624,0.10659690136270243,0.10039148313479196,0.07209653718946023,0.06307663991573499,0.20165171584252337
0.16320805143539543,0.14585870381068072,0.1079943545916592,0.10620435980074407,0.110911398767132,0.09473327249743986,0.11354527448114349,0.07596681786690677,0.0815777667488985
0.3225619917984772,0.08094230531785819,0.14319524123698887,0.07045624417995217,0.10304713780972462,0.06608474480239236,0.0918751614671366,0.046005255332755866,0.07583191805471402
0.09308611410928003,0.14292608974976917,0.14052907907385978,0.06771541088045181,0.11906007347501268,0.0906721273261406,0.12309656555952857,0.08770451111054577,0.1352100287154116
0.035456579722998524,0.1402667074819465,0.11452377010655573,0.03206046690056716,0.11453841683851503,0.14397875077257663,0.08112908127103263,0.23834694274683713,0.09969928415897071
0.0871756498104214,0.16276796758041087,0.12068945059210899,0.04457747070596609,0.11383712774365307,0.18192496893473034,0.10014216652513959,0.07400970922312154,0.1148754888844481
0.08317895512061545,0.13194553438027948,0.0810672894407334,0.19596548065734345,0.10168428584989357,0.137764229252907,0.129391030272973,0.018901132898637967,0.12010206212661668
0.05542692508019161,0.16334920124284963,0.12232913467768829,0.06022705586335878,0.10880091509245375,0.1465128767556436,0.10542624489311919,0.12998560074971324,0.10794204564498204
0.07942005349205757,0.11374883063490077,0.09263521318030077,0.13991514695100463,0.11263607630136441,0.1830463296995614,0.10778783269024195,0.06024635877354314,0.11056415827702537
0.1617693420970934,0.12097245234470738,0.10242375642212824,0.09305115248091426,0.11741508917927644,0.0956899766150054,0.10160387790881588,0.03426065585576039,0.17281369709629868
0.08274451853860378,0.12361700907850154,0.09387654940753626,0.0908902240380165,0.09830220575251862,0.15185700789424153,0.06291878125834072,0.09938779365581184,0.1964059103764292
0.06730178868916047,0.16803686450101393,0.13494766613787607,0.04464046950114935,0.10973214237615565,0.10942567429018822,0.10757884762179698,0.16165800881714767,0.0966785380655117
0.07177855312885831,0.18924672681500654,0.1309926169762899,0.08578636216035512,0.11813040733137964,0.18649029002269998,0.11259054495591965,0.044315122902770475,0.06066937570672034
0.14048081853126337,0.08290329539365138,0.10967250062440537,0.02847677621544478,0.11464881329276165,0.14660388235058244,0.11455056179650802,0.06534484242942695,0.1973185093659561
0.17657274275019183,0.08795966786090914,0.1272203563848606,0.09887169718377962,0.11375186620115209,0.1581677852911567,0.1257542035505245,0.03918162080150991,0.07252005997591564
0.08283505579865291,0.10014117366018528,0.12253712801118351,0.052389294000586846,0.11858815064062239,0.287210780158948,0.11098813854099365,0.03983428258548083,0.0854759966033465
0.05353214801541995,0.14133080386615957,0.10782414733861014,0.026198790947758416,0.10990697025171055,0.1412176335475186,0.16823838747546335,0.10419034643175486,0.14756077212560462
0.17080642370565033,0.10792461287464068,0.11317546148005135,0.08139263593706639,0.1124903815553314,0.11742755865721721,0.09323877585413425,0.10052766291538269,0.10301648702052563
0.0700813980954721,0.0906261151079887,0.17111427470731314,0.07829469405670937,0.09470229818194492,0.16198840537542755,0.07520593619191963,0.20497929037523988,0.053007587907984675
0.10904677043986205,0.14163832383513808,0.11162611616570657,0.07736067656520114,0.11605557260171706,0.10266975653110218,0.20352693985832326,0.058692663171053906,0.07938318083189573
0.1481861110774978,0.12416036079423774,0.16278117584297672,0.07919516043447727,0.08949850478636989,0.12561879831401504,0.10706908253222369,0.0849744799524127,0.07851632626578907
0.06420025046911622,0.0699084707296559,0.09725692194378384,0.2242858732402856,0.1019076475952126,0.18176144307218936,0.08428714619561835,0.02493021982381211,0.151462026930326
0.04250950911414483,0.14612779079709112,0.11060603408315879,0.042339227945134304,0.11328599781799674,0.10328972586384294,0.1432488066246006,0.12357368744423329,0.17501922030979744
0.15752832311716894,0.15883193705622892,0.07248988828972407,0.10186417118626893,0.1126123729774265,0.08264109607582533,0.1172415607363631,0.09726515028917716,0.09952550027181702
0.24930573283800161,0.09068003130686318,0.11509000491966143,0.11698427021259787,0.11351992883646951,0.09317070586274866,0.10225607234700766,0.07240065568851571,0.046592597988134275
0.11248710454396856,0.08830866147609856,0.2002602060017624,0.052417550374326806,0.11926356858945637,0.07146132134663223,0.1449437397941068,0.06122687657011202,0.14963097130353628
0.09348617502348265,0.07328594776720901,0.11359893121363562,0.09274894480980811,0.11549238089543719,0.15705932460569472,0.1986475821983,0.049668384025481606,0.10601232946095103
0.06578672957794268,0.12991388237612053,0.2134800469150192,0.10767064641419148,0.10896877645047205,0.11258529543415802,0.14703066861812852,0.05960522824882669,0.05495872596514085
0.09035564561693023,0.08040387255150606,0.11422861336272044,0.08665849561878645,0.10393749722471851,0.13219349673161138,0.12708545511874136,0.20993317566518357,0.05520374810980198
0.11406589241164183,0.1547693840579404,0.0990307327343511,0.02746784119920272,0.12493311369761935,0.1330617827061897,0.14049085897092328,0.13127920012561586,0.07490119409651563
0.11086447896349054,0.1370599042641861,0.07879295571658786,0.03431546769071839,0.09458781654752162,0.06438262190934736,0.09315769491583663,0.33842096090629786,0.04841809908601367
0.17864429198752454,0.06886848902941584,0.10335844844927594,0.11492352901219505,0.11413516362071553,0.07057025517254445,0.13026580309138294,0.128806329388157,0.09042769024878865
0.0622737684186861,0.11250873420526353,0.09603503812002874,0.09516956698431041,0.1152686059082434,0.15209797643581802,0.10072573473694253,0.14471128623733057,0.12120928895337668
0.06774947440964535,0.14259618616288033,0.12861333106147554,0.04283883934253698,0.11792914013742466,0.09701924625776377,0.11398538610427722,0.13195359487565725,0.15731480164833886
0.13718739606319982,0.07351465788857377,0.08375352221244282,0.062015353359728874,0.09615889532342882,0.1269842785544752,0.0843318285032408,0.08023528654309788,0.2558187815518121
0.14572355425577363,0.10283535278414857,0.11048052096843915,0.09324945337221364,0.11053767202196639,0.09227644050525437,0.09386182168111397,0.15480002352319486,0.09623516088789541
0.0622243472223313,0.12572036826007366,0.08912651174864307,0.14595189175139098,0.10737616609130464,0.16536915882590852,0.0686508077652855,0.08597003748793842,0.14961071084712393
0.06517467081286506,0.18165879105321067,0.09262368617753593,0.0850548132181102,0.11264299185253905,0.10580932115084984,0.10588884064965394,0.16193715251427096,0.08920973257096428
0.11810319358516279,0.09057776925573496,0.07804412861743686,0.19842352448258382,0.09771371883719976,0.03408556249438737,0.07146560597682813,0.05195612997563126,0.2596303667750351
0.20786603936747186,0.08698110925112285,0.10776324293993927,0.07156999008734041,0.10320587988524864,0.20439524961060587,0.10724182357852367,0.052264998030747654,0.0587116672489997
0.03672570863848315,0.12279904178852058,0.12690211238285345,0.055746670837575,0.1109421583084667,0.18060198855872114,0.08443995198797806,0.1074922389861303,0.17435012851127155
0.04159511969675683,0.22786708629515076,0.1364916270561617,0.04937062056266913,0.10657983657829397,0.1025781531163995,0.15601775209002397,0.07564137452650299,0.10385843007804119
0.25845443441674404,0.06271882990087937,0.1112210904959338,0.10952219136237971,0.09199562505256818,0.13572823536686318,0.09276567770362297,0.03591284291036614,0.10168107279064255
0.16324130195782974,0.12796668433416794,0.12826162444714537,0.11428606063674696,0.1080201586864804,0.163096268456942,0.07898824373621674,0.024565434010336295,0.09157422373413464
0.0634507125431672,0.0955600982677766,0.13523661211959742,0.13515559591367418,0.12581727887363178,0.08680609369182084,0.16676547536871458,0.10059521528901987,0.09061291793259761
0.09237643650448903,0.1540094737786,0.11621151074118542,0.17516911222606998,0.11460062244978379,0.10949048753665452,0.1093759699664879,0.03476448873390941,0.09400189806281999
0.090987009306509,0.11036477295801551,0.09245907640538657,0.08932659559010325,0.13583925876212002,0.13065947619846355,0.17159774700373764,0.07966930941310012,0.09909675436256431
0.2538067215626651,0.08807384481411268,0.09617290812964284,0.0707814863218751,0.09505451506860563,0.08005995578536253,0.1000993701280916,0.02493944868731796,0.19101174950232658
0.1560947887141549,0.12081801592351142,0.11478597523851734,0.14039970073899688,0.08785444850045203,0.0561120686932583,0.09883436253468764,0.11279927127985473,0.11230136837656675
0.04182655880851827,0.10085347728407533,0.08998721212935618,0.08896605954870644,0.09877143437847269,0.11906834546253205,0.14539342401440714,0.18007546010899977,0.13505802826493216
0.29603101457368514,0.06978740114638989,0.11186593854563841,0.040286208670890646,0.09460697388262555,0.12655637652776733,0.10958432625803315,0.045278403555282294,0.10600335683968753
0.07968846410459302,0.20672777439684387,0.11884881949636689,0.12092974223313087,0.13007150637265127,0.08312351384200291,0.16099389671820757,0.059548888942594226,0.04006739389360949
0.06396424475409455,0.1680813506778951,0.12267741837374557,0.15297216385736928,0.12166453577519386,0.06174730633267687,0.11021722663171248,0.05243078851010713,0.1462449650872052
0.07299169795886244,0.08073601188177869,0.08688392388504011,0.09022733221655686,0.09450270369461122,0.15209140426725756,0.15376266642884714,0.02112565381643305,0.24767860585061294
0.1488167041935786,0.13558274434420892,0.11534101950857974,0.03725882233826253,0.13066520244956603,0.06812367030855238,0.16354462049976995,0.13659097701020645,0.06407623934727548
0.13729067379201756,0.1327155615040407,0.08862553750306752,0.05920509782377854,0.1269756005362902,0.12130479594831862,0.16961619313871376,0.06841543440919373,0.09585110534457932
0.19687382912833548,0.09538381503793626,0.08617285133224821,0.05088758402146068,0.09999908692977764,0.12369946738482014,0.09891667714347757,0.14878824740650134,0.09927844161544268
0.028066628793725967,0.08344124664355294,0.13183486781190895,0.07181427314239335,0.09694438795694225,0.059897548347240516,0.12313972797733623,0.2601209876979797,0.14474033162892005
0.0751521274991395,0.10286268255497645,0.11107209767368263,0.1046673363184334,0.11166549663874757,0.09446573175555634,0.1005963970654515,0.18088745990718258,0.11863067058683001
0.10333385190061033,0.09739357267503933,0.10975756750760064,0.19236164262954972,0.11740796420897724,0.16548973161601913,0.10727620948095563,0.037684929663262194,0.06929453031798587
0.13289719032742425,0.12201161039655987,0.09676693548854141,0.05385173731164896,0.09833342573427471,0.07781737560315154,0.11216419476414889,0.21173291665621186,0.09442461371803858
0.27510993837857095,0.10526426273471216,0.08707783366454108,0.1726097090337334,0.10842084391869376,0.06731068840425708,0.06902957039118317,0.06611340259005342,0.04906375088425497
0.37272887415561967,0.08467214101472513,0.10371958211916282,0.0705535738238156,0.09775394573403877,0.08163555699606495,0.09487761498773366,0.029744397527505902,0.06431431364133351
0.03878126936011867,0.17697189984730874,0.15380927350785503,0.06853292194026679,0.11664033413962145,0.1396775949214767,0.14214591048777472,0.1006125483140311,0.06282824748154682
0.06741382281811233,0.17015771052071504,0.08798532278105199,0.05155004229597146,0.1340865064668166,0.14593649818923707,0.08755718175865757,0.14761140636816117,0.10770150880127675
0.06058167685616624,0.14691501755383177,0.11887500504875531,0.16178825636808009,0.12335099141158778,0.08544950078407264,0.11238274463739595,0.057082974598162826,0.1335738327419474
0.18184772989522635,0.0711779353418857,0.10570506791870977,0.05582813635605092,0.11179166614400564,0.21527129018461078,0.1499040416782779,0.03131010697824356,0.07716402550298938
0.21784907540047516,0.11884102707295136,0.08626288146610654,0.12639249782093562,0.08991082846287275,0.12129386780674178,0.11287406483234608,0.04958761912863382,0.0769881380089369
0.11245441024242292,0.1160287970452316,0.11096592560917073,0.17936766111607735,0.11606984054615899,0.1017088995981265,0.10774165930137643,0.06420275791810563,0.09146004862332986
0.028713809493863107,0.18467867394314516,0.10450341516833557,0.052779646817083414,0.09847211543631484,0.09828449147885494,0.152923496960123,0.2084232954193629,0.07122105528291701
0.08529453297209555,0.15738833524291185,0.17676511781974266,0.06571563300831727,0.1551860079415421,0.10226974174583342,0.14610715180153458,0.06256840864605716,0.0487050708219656
0.24954002065262756,0.08395864786957015,0.08900052183808961,0.10644342681739284,0.09731945846816491,0.08234874610830906,0.11341407779263009,0.138146548586336,0.03982855186687973
0.11560711330212703,0.10137647619769645,0.09689713678005463,0.10017353988994791,0.11060859590873591,0.06859213829547321,0.1014509614810279,0.24634056027762896,0.05895347786730793
0.34453293878121927,0.08813402961675432,0.0879893496907649,0.027219506528265432,0.1021905600440829,0.08382199211081365,0.07152395945087621,0.14533547076454525,0.049252193012678025
0.1485648681112922,0.1313528857960011,0.0955627318722867,0.03586183752612875,0.11949115217420213,0.20011619789005955,0.09194641723620321,0.09361212301105021,0.08349178638277625
0.08161850466513278,0.1549036619791142,0.1048991381256456,0.055301046031660535,0.11110143211021796,0.1703381249704828,0.11463111158575745,0.07729346791957002,0.1299135126124186
0.21435394543733502,0.08325130903402765,0.09160269260539473,0.05084853722023407,0.09949361167783305,0.0888299328374496,0.14827109135581445,0.10622472787732833,0.1171241519545831
0.20055709348880443,0.11985097404622234,0.11633505486113573,0.04381585256215178,0.10390822296661362,0.1651139559740056,0.12806873319760484,0.04038222551552677,0.081967887387935
0.0897851706324825,0.11430416652687175,0.20297787650719268,0.09197817456333446,0.10918261571251332,0.06459158005123818,0.06798485878394765,0.15375295452903381,0.10544260269338562
0.09369136702487635,0.09802615221175863,0.1167971780075877,0.15212217015567472,0.10175500580639552,0.08359723120147218,0.13110610730867456,0.022742149474064995,0.20016263880949534
0.16263363326813718,0.11113472757735589,0.13081692530930153,0.05532399067289669,0.10650248275057607,0.1570669711388921,0.1274480764575214,0.06424117795175215,0.08483201487356694
0.3182837306236796,0.11440527776350402,0.07945120200053711,0.0729464391672891,0.1087516134233024,0.07864320985950711,0.08053920950351456,0.08349723324244197,0.0634820844162242
0.03364690299233513,0.20356995665094693,0.09636485158424674,0.08804249463879037,0.1195700946672029,0.07604329256085103,0.12730790055467986,0.1731423425172852,0.08231216383366195
0.05961476126948132,0.18232983411420947,0.09011375684293466,0.12346330036490465,0.10427512194658133,0.09872317392058307,0.08651110210771633,0.13152896976280373,0.1234399796707854
0.06421744279638429,0.10620996450165504,0.16914875107877958,0.1202261296069284,0.11169125884944486,0.12788447250610513,0.11698364265751887,0.105393540206373,0.07824479779681082
0.19191421258751287,0.07029210373096152,0.08469391577098302,0.23356998612595978,0.09339889370986824,0.05357493554231621,0.08667512286372574,0.03511069058720045,0.15077013908147216
0.22655668437425958,0.11500632542384061,0.1860650048610081,0.06227088545735085,0.10232293164482918,0.0666209228451577,0.064420799943652,0.10192689770940692,0.07480954774049496
0.36357205906267254,0.06951233458213309,0.0707792127874957,0.072080013242769,0.08530407236959796,0.08046553317457522,0.06286833762935466,0.042159149672900686,0.1532592874785012
0.13389692931781774,0.08948851130131674,0.11289867104362807,0.08544014528443007,0.10152401422516873,0.07947273834831117,0.07643257664541674,0.15631054912336784,0.1645358647105428
0.11711132249666818,0.1535714662998036,0.11787049170871422,0.04026065694408514,0.12807380111966465,0.14306148280643313,0.11989999344459741,0.054013653555098684,0.12613713162493498
0.2767817763656326,0.08212040057047053,0.11700614020574261,0.09342529124807598,0.10419582554453288,0.09163622882779938,0.1153404670943099,0.04159668562149101,0.07789718452194505
0.15019361323467476,0.12162203803699977,0.1246788780413765,0.043969068458470616,0.11242639234910486,0.18284574426682298,0.08003248888979095,0.10076879258117781,0.0834629841415818
0.3391769513813547,0.05648080748639347,0.10351118520687114,0.06826260791369193,0.11755657349735339,0.12996777678393853,0.08638790395469305,0.04538560949568621,0.05327058428001758
0.3142147862465452,0.11083342744754492,0.11355361873741548,0.10222627061817517,0.09403713835962606,0.0731100354230051,0.07777017145322233,0.052946451989244914,0.06130809972522083
0.10677848068203265,0.10158506487225737,0.12481688811717401,0.10393357083261752,0.10726707745837079,0.21906424825300883,0.13387561428161454,0.03875945048314184,0.06391960501978255
0.19964579816584446,0.10158198984522455,0.085481226394906,0.11979251855083618,0.10941099097353517,0.07854088576873518,0.07069112396566747,0.1708307208683879,0.06402474546686311
0.09903610973866113,0.0573083465451237,0.144644686079089,0.2518645006820651,0.10006856169473964,0.1332701317724357,0.09902575484728064,0.044067327970621184,0.070714580669984
0.14773129188084422,0.0985152257910578,0.11810642249620364,0.05415638998144928,0.12852307435778734,0.13992341710414477,0.1348432182279011,0.07306849410481828,0.10513246605579352
0.18102139107878853,0.1090040880198555,0.08117334765318447,0.18483269810597777,0.09632062953055219,0.10231623494219759,0.13437676503714577,0.05098154426604462,0.059973301366253555
0.17109689108768414,0.1640963634307163,0.10173397164425585,0.060753442469021764,0.10991648548292744,0.11459535989614246,0.09779492104248429,0.03710890359978275,0.14290366134698496
0.4642558247918134,0.06420578168466957,0.11730283906830408,0.04999092438599432,0.09013511853422991,0.035557999562798696,0.09176598082042135,0.04866475076092489,0.03812078039084368
0.1691050457968312,0.11755341174284444,0.12651861038519843,0.02696594533479944,0.10422238498753049,0.14641338419769315,0.1694146554700021,0.08165465882091355,0.05815190326418728
0.030667619930067943,0.1275043995348372,0.14545989812156215,0.011192899519922769,0.09880401116897845,0.20780770679954533,0.11219625800629533,0.21042805930814276,0.055939147610648
0.056625905240368944,0.11251016851160855,0.08043459857671198,0.14010147372179135,0.10846018900337386,0.12454533913440648,0.1370656419765233,0.07351980217704646,0.16673688165816913
0.061239939250656544,0.13124718980997438,0.11235119771440544,0.040161198846350596,0.13018405841025496,0.08988147666332309,0.11971099793415806,0.16886445808655703,0.14635948328431989
0.030386391930235485,0.16278362238949032,0.11900707903508134,0.11714976648827587,0.11489679064431761,0.06108638093832436,0.12797802458745922,0.11997847361858593,0.1467334703682298
0.04575116672760552,0.10605828410583189,0.1195603515718965,0.24916283734339695,0.09863258877801633,0.07999855434220948,0.06510922698911012,0.0733151615429981,0.16241182859893508
