0.09152760985702496,0.07768639390850214,0.04153488358429803,0.0588786549934196,0.11021578102978734,0.14231072327328356,0.21261597027797174,0.08374414161578025,0.18148584145993243
0.17370396800052126,0.0454864308511942,0.05352032479249039,0.23905607707632193,0.1102485914089164,0.06548142224329735,0.021150451044417155,0.07611998658110906,0.21523274800173228
0.10613667183962404,0.056961057058230825,0.05927036875808029,0.03330498025400094,0.09621013383896704,0.23068339108215394,0.10695300821441361,0.22527730208076766,0.0852030868737616
0.06302083263089207,0.048225794091552386,0.06638625158264312,0.039273337271588715,0.065122325234676,0.24249634284364352,0.03315655643796255,0.3128647975072993,0.12945376239974227
0.08248892708028473,0.024177485078567193,0.043909111847956185,0.19650936780372205,0.19959718671705495,0.08398975901936571,0.15914965847387585,0.08466582689462233,0.12551267708455102
0.07240063292177841,0.08882909041449549,0.0650775535866311,0.0646812775966338,0.10770561685465334,0.25391203051121813,0.16948729797638218,0.08352577913948277,0.09438072099872474
0.18085920716408588,0.08445215764119413,0.07011337145695044,0.04901776295115027,0.09121014074535194,0.15414566909580568,0.14666163583763953,0.06102534122725745,0.16251471388056463
0.09084970160273786,0.06555986601628541,0.0716199105451279,0.10872558594329772,0.11713391658744914,0.07758177310308689,0.13922969414150407,0.21610974536844793,0.11318980669206309
0.11632752571206577,0.06993825926973662,0.01907726073278801,0.1449057398949106,0.2528545106699396,0.12875175203080141,0.05744602910953237,0.029626528636640625,0.1810723939435851
0.1508090000691086,0.04565806867060392,0.13133281515907821,0.047885035950465026,0.04951851766489993,0.07984764725618076,0.1727974577973205,0.19348658269681263,0.12866487473553045
0.12785246685626855,0.11752732810368216,0.0670301473723428,0.10376830610225894,0.2181706074111529,0.12267279630926738,0.10406109141164722,0.023957997595717085,0.11495925883766293
0.0971144455954982,0.08446919565160659,0.07574206299678123,0.16139644883060875,0.0881421693022492,0.10029809892314244,0.1323607453166359,0.08788529402595908,0.1725915393575186
0.1357848405930031,0.07503104919370933,0.03734399072089721,0.0729809600100608,0.08617133937779697,0.29590810835375553,0.08770119818119985,0.07807532450696748,0.13100318906260974
0.08950725955311377,0.07562763540294452,0.05869115796102655,0.12786287479615144,0.10933920521786,0.15660810656028526,0.2395585093713257,0.042144391069809974,0.1006608600674828
0.1661932935163235,0.05306010201285503,0.04335745263769875,0.025269075943318675,0.12893519308204834,0.23224220801970677,0.08367222899119546,0.15250209852143803,0.11476834727541542
0.08760722057759274,0.08374405364098575,0.0971033500335559,0.06534240879474405,0.07014008260297387,0.11365491232056239,0.29396933013308646,0.08829789396999377,0.10014074792650512
0.09775912443778599,0.24449994327101585,0.07216434969496513,0.03481758045523806,0.07010279628190481,0.16581458757644554,0.167945934348219,0.04658216126434537,0.10031352267008027
0.14957738833735804,0.07600535307623331,0.04185123175511848,0.022299247177148634,0.1036381263397525,0.13481051831869206,0.21803737628101813,0.134612256256835,0.11916850245784379
0.1795532312840515,0.05149713447926213,0.06270965999174084,0.026926774731772726,0.06960926995365974,0.2488148434185223,0.07430418119531772,0.09642660688110795,0.19015829806456516
0.1344372927116723,0.10262731508790228,0.06490832749268928,0.05030588743594564,0.11499033573707025,0.1370674931454792,0.19104091651090374,0.05343232571961956,0.15119010615871767
0.12754174713436237,0.0466499189481313,0.40001399994373127,0.0331989860467122,0.10086020697785435,0.07983402834291153,0.09348335806284179,0.032087289419882536,0.08633046512357273
0.10675098053914077,0.06890033382626044,0.04881955677109868,0.06972093105273058,0.21066525674078884,0.14834986296534616,0.17419278149822767,0.057661062073684655,0.11493923453272226
0.12879502713708652,0.028003900872023813,0.057165769756306405,0.16860014209361504,0.21907975499951549,0.08920557547375767,0.06256673010039927,0.021984859060400482,0.22459824050689536
0.11200428260490329,0.03810093622990169,0.08294701659337132,0.07228398474253467,0.17869888579432872,0.11478764509739015,0.13251133614786673,0.16427499472379783,0.10439091806590561
0.135998052275956,0.07123904044838135,0.08987935975379992,0.04491015530010717,0.11750248629109518,0.1884240801802585,0.15273125681760966,0.08510251857426877,0.11421305035852343
0.18993577696435082,0.05069036281160769,0.0865551242078349,0.0975316685297571,0.15712771623808958,0.09854339278388341,0.16267622818729768,0.05316427621385953,0.10377545406331927
0.0803432794287869,0.13340803966359768,0.0483134271609748,0.08789043090879357,0.1129757981597324,0.1698540514871664,0.23528856136726095,0.032338515451205335,0.099587896372482
0.08078284028676365,0.06400788328958512,0.5383654801699777,0.032961476265292756,0.07109605866261519,0.06283817483511513,0.0411529599386701,0.029422357681921696,0.07937276887005863
0.1678460136820341,0.08932539620680598,0.038651860036634705,0.07315645355616927,0.08221271006661228,0.25466959845145,0.1082770607780479,0.07914510941425397,0.10671579780799183
0.11455958084733642,0.1092092938871423,0.06078202833082371,0.030912025393968465,0.0788905113704954,0.17908760795435585,0.18246860680485186,0.11532827925582433,0.12876206615520167
0.08505596399163684,0.10787831794975052,0.029109194861283865,0.025138614993369588,0.10895659319186286,0.14207538158925925,0.32355992551452156,0.06546493482363787,0.11276107308467768
0.11796448808212595,0.09829244415943712,0.10172770356868906,0.047490448325944866,0.15698227394691597,0.09491287976198766,0.04322388594815746,0.16408808613964923,0.17531779006709267
0.17288158086666075,0.08371425318297972,0.2593376036609969,0.05753470418308898,0.05754405611406724,0.14756813264880586,0.06599566341176744,0.035461251555282874,0.11996275437635018
0.0922966860894056,0.07680182721115107,0.10961322032250753,0.10033261531011682,0.07578208542270665,0.18098847469923487,0.23774683333118243,0.03795942928306772,0.08847882833062726
0.1694443129511158,0.0982768481958342,0.05950128617679312,0.0613150376913519,0.22314459509450615,0.19279564181880549,0.030192143972030308,0.07305934162414708,0.09227079247541577
0.0903214652508982,0.0846719202991167,0.05171055769612038,0.043639227249327145,0.09903483921609217,0.1309794544109729,0.3156058195378887,0.038905921341361,0.14513079499822287
0.09281165605520891,0.05248209076090483,0.12298012639785565,0.16988152954827004,0.28032788134043113,0.06547726776148459,0.0968566250989898,0.02482489796931597,0.09435792506753905
0.208345339663682,0.07776598767413316,0.03653719751322127,0.027822741594209267,0.07902308412370541,0.14684863257575534,0.14767403853444186,0.1326323153981518,0.14335066292269985
0.1303808985765239,0.06617368041679397,0.06122816390957661,0.058716161425253564,0.10919033935890343,0.1508856945422422,0.18314226982052959,0.07847115858421032,0.16181163336596646
0.13365832770188452,0.08127695021762861,0.027707099878708896,0.019188002132895215,0.0846001230480443,0.10712884567984425,0.3000032085739982,0.14534308114505512,0.1010943616219409
0.0826617265944281,0.07491026270892678,0.05183255036472647,0.19633893456094187,0.10255864471317626,0.08366529568351544,0.12561905444442356,0.2033296221150032,0.07908390881485838
0.055127558458553376,0.128563347234697,0.027621763039468932,0.030883199730909226,0.07105923041855809,0.12877450479923871,0.3923301807363475,0.048794205778501,0.11684600980372606
0.09134602529570594,0.06848929981220876,0.027619307632237387,0.02166460880365666,0.07901212370722936,0.10255077155008219,0.22394676901751223,0.28875264563391306,0.09661844854745429
0.15749010261716154,0.07718328834965536,0.025634722092589435,0.038011452341857564,0.06804676660073115,0.10688723969530763,0.37464082748944355,0.05879019804966332,0.09331540276359052
0.17082548892615532,0.07030066954567143,0.047335152114987844,0.022942323008588034,0.10244283338059203,0.15441686492602377,0.22459002663886599,0.09493209786838386,0.11221454359073167
0.11657226510887976,0.035601052907059026,0.034136918812122025,0.04909573797259981,0.1774307107184396,0.08742894800603802,0.16174925689431272,0.23073214895791147,0.10725296062263763
0.07435117967412513,0.07929681332197684,0.040810314040013895,0.08201908638200867,0.04998246570291212,0.2061116530485848,0.08288938401719025,0.2481859601505959,0.13635314366259235
0.10322070133033522,0.14517830782197716,0.04972632343922135,0.031967942572473575,0.1094828914659627,0.11499444394594982,0.22050876793737237,0.08446435743050944,0.1404562640561984
0.06036757331895858,0.07262440997771874,0.03156298187325319,0.040723147973015204,0.06456121712564779,0.08358210170559051,0.44614796957740954,0.10043244276482033,0.09999815568358601
0.08659385535099924,0.04884134529882426,0.04000916051700613,0.043256169466472726,0.05216254738306239,0.18965151661485413,0.29524947653569483,0.06309961417266287,0.18113631466042346
0.12820992381593418,0.09050417054739103,0.04530731815705047,0.09058986597793768,0.10601879855187507,0.2169079656820263,0.14149999702252392,0.06586850684396832,0.11509345340129307
0.11106852088132264,0.047064967718257085,0.034224204169876676,0.0613461898736494,0.2338204187206062,0.1202021827098998,0.23539424167851028,0.04536167813815265,0.11151759610972518
0.06971692835477826,0.3222418646458341,0.051680976401376165,0.050291443552141234,0.04403014484348994,0.12997747045037278,0.19463538828408736,0.05643493527876514,0.08099084818915503
0.12014116847494259,0.11746940863972744,0.03752652307090445,0.07378061418786268,0.09548812090102314,0.18169827800944094,0.21284808542617917,0.03706066100527564,0.12398714028464392
0.08028818523350821,0.4340605444369916,0.15447820951860589,0.008607354756298482,0.07844714127592317,0.05824566537566676,0.10538963283346155,0.02745410940109405,0.05302915716845033
0.12832105106860978,0.051763935193949985,0.08212314020195724,0.08047618639361924,0.05192157674027218,0.10585486924794703,0.2836895632842343,0.10093997283529614,0.11490970503411412
0.056194322696671815,0.36300159554317485,0.2130393475923562,0.013349632134228845,0.08911025288544024,0.09789724934862087,0.03913899019135961,0.04257990196828191,0.0856887076398657
0.11094382903224657,0.19419538373658182,0.05451969498589968,0.09023474118788764,0.1644429338365935,0.08441892059016935,0.09797621207558067,0.06619769834426788,0.1370705862107729
0.08496936192019915,0.09245539129849611,0.036455894596879736,0.05092536353436249,0.12244833957720902,0.2160186119159672,0.19645120321534426,0.06388790196415162,0.13638793197739046
0.1492169082603718,0.06292758645805754,0.06710351582158651,0.04390050116817452,0.251922425045644,0.09442717715685967,0.11707850915049522,0.051076538615417,0.1623468383233937
0.1412566218122099,0.07061511524191964,0.05383957691478425,0.08712599745306455,0.10141598822725068,0.12592584575192053,0.19370474126426296,0.06120228361707978,0.1649138297175077
0.10797577876138927,0.09549947511081425,0.039709483124862756,0.08676773239847423,0.09766755202803096,0.25033902650031126,0.05928982652895027,0.11906311882570386,0.14368800672146323
0.09030689577048055,0.06286161371734543,0.09516493280995646,0.14547488640538075,0.19102790967832362,0.0522389001243461,0.11131486524947674,0.05538367840000675,0.19622631784468358
0.28060506873402163,0.04168716364833067,0.06251533078284048,0.055597074448891,0.32585114118260017,0.09271154478039821,0.015009484923676562,0.033221167972528665,0.09280202352671262
0.15995762433782068,0.12325658635429138,0.05380393418016349,0.058358234461670065,0.09459719461976396,0.09996711930354228,0.07238053173542436,0.18370944656614485,0.15396932844117897
0.16446085828490062,0.07570340100670957,0.06096714695058727,0.053193701699993774,0.14049155322475296,0.18533989960958563,0.10490867587048458,0.0729279165732419,0.1420068467797437
0.08766247226607737,0.06476072428710151,0.049992410429658525,0.05425368094668339,0.1851755340483868,0.13620447432321758,0.09507154801848422,0.17201579092076472,0.15486336475962584
0.06863528861755706,0.2793151582535678,0.061541526688435814,0.17348357260764713,0.1012284524554799,0.09612032644766849,0.08326961192138073,0.023620664461282016,0.11278539854698107
0.17963922405695898,0.04377119830645829,0.07254533070705806,0.2041893120691983,0.1631002541423896,0.03615672284385809,0.038729282933170274,0.08658444334066928,0.17528423160023918
0.15298295317278807,0.06511040106892423,0.07464882307804188,0.07228752368746622,0.07756013256167966,0.10658617432887289,0.2594095608036345,0.06321375437499588,0.1282006769235966
0.10974881872428517,0.0368940128680503,0.4535239068286083,0.06264241033289185,0.10278605343530313,0.07688654278294911,0.031086983636419523,0.011711258189780499,0.11472001320171216
0.18088388239401962,0.09308727494944959,0.028721449453519707,0.11640116400064693,0.11521824358489807,0.155884112622261,0.0976756055242813,0.11579969508111183,0.09632857238981195
0.16903834964521883,0.05841979874711071,0.03553137443456008,0.29451090717622125,0.20358613879096943,0.03808827076084487,0.10841366393992098,0.016589340303904087,0.07582215620124987
0.05777690863996896,0.1109026318457501,0.40912686714981183,0.03348758007060673,0.07797185322665731,0.038739232404676124,0.1854465115510395,0.014359850131364914,0.07218856498012463
0.08339959353153813,0.05439338086726243,0.03789136913384481,0.06032556409132201,0.08164732659868044,0.10505884409771706,0.2930005634991644,0.15803588312952543,0.12624747505094525
0.0943910645289822,0.1307163798161249,0.10440927444789015,0.03384943827683567,0.12279952774962659,0.13662357463882133,0.18183377418582256,0.023639897121592753,0.17173706923430396
0.13994799541760242,0.07956024345022013,0.0922251269969326,0.17453748545604944,0.10397543326177365,0.0798758621569204,0.03550692282325869,0.0368244790601542,0.25754645137708854
0.10141372108146891,0.11277234911149249,0.06278391737284257,0.02742899014329372,0.08534330689967523,0.12337431153209151,0.3674640140315215,0.023182006433511527,0.09623738339410255
0.127598343578352,0.08159472062443092,0.14165339510126737,0.06095585179042943,0.1750310145075956,0.09436494955591794,0.1443228883808099,0.047570436608081634,0.12690839985311522
0.11035802822835965,0.0390056647286722,0.03580288361442638,0.02407059933500955,0.09942278629757993,0.11870928339937292,0.10993169342910802,0.24609034214173642,0.21660871882573496
0.16663336896676675,0.038054364449280904,0.03468501740470838,0.12971956030378903,0.1540939232219683,0.14942241517567104,0.16376221156241616,0.030972414144465134,0.13265672477093438
0.10301108419783249,0.14078625297474504,0.03358245845583346,0.042941045332405614,0.07041455422234476,0.12049632789085746,0.30397518987415323,0.057276020232780146,0.1275170668190479
0.05695132431807948,0.06576779747445252,0.10422899483859267,0.18165428989435892,0.06136117931453693,0.07126472478142111,0.30212822835436515,0.04174632332230882,0.11489713770188444
0.06607979611385432,0.05700891448441208,0.03446332853471054,0.42260647723828004,0.14349940330170394,0.04236275833544862,0.07489051249376533,0.06868621912768644,0.0904025903701387
0.07111824127370517,0.13668235311052682,0.043164095340828594,0.03321294672182168,0.0972653357803982,0.10865531845820597,0.36774483160243393,0.049436278481012084,0.09272059923106758
0.2607429669325883,0.07262321546419931,0.02706901914078207,0.06607293352623898,0.18882672110180046,0.1326142602871043,0.08564581491398437,0.024961148662748622,0.1414439199705536
0.14834634160122553,0.08100808072121522,0.20403905822334548,0.053184002314613156,0.15861654843712303,0.11804920835923549,0.06800995472825075,0.03902127721226311,0.1297255284027282
0.12839182114905864,0.06807060382996459,0.08405865568837928,0.08991630354331315,0.08993550013466435,0.16684559946649644,0.2003679892667578,0.03275264151600995,0.13966088540535587
0.07111824127370517,0.13668235311052682,0.043164095340828594,0.03321294672182168,0.0972653357803982,0.10865531845820597,0.36774483160243393,0.049436278481012084,0.09272059923106758
0.1389653289559016,0.08114038562754457,0.02994115923994692,0.10911870983005612,0.18402066821966367,0.04332609506547646,0.1727925147059918,0.12424440773022437,0.11645073062519447
0.20230264545303403,0.06149918198117319,0.10043934543961995,0.0434125269730767,0.07021498472122459,0.23860100348113203,0.11937509197525183,0.06440389485907017,0.09975132511641753
0.13586873333239655,0.060151266809972105,0.034897970446903806,0.24999932245935164,0.1268462439775431,0.11897155400636013,0.14934428155004262,0.028231597086598115,0.09568903033083191
0.11109015486494317,0.04459294739827957,0.03447163549360007,0.19615436995120197,0.1484452701349513,0.17723973247948388,0.14618336967387513,0.024247959556744466,0.11757456044692038
0.09519574458246867,0.07561044378721415,0.06153321663720964,0.1538863775278155,0.07160891205239378,0.1474737128524797,0.14902609433837025,0.13202087216950095,0.11364462605254733
0.09125931701723089,0.13098834751587934,0.19229687265971063,0.09987241349066596,0.0657476862262915,0.1844433987067439,0.0822866075901632,0.036477652237484996,0.11662770455582964
0.06441998706112939,0.12919489373858,0.06130877444028065,0.11314630343881182,0.05371774088992921,0.14348597560092596,0.2982759382517573,0.025952095748754234,0.1104982908298313
0.11707652191934569,0.0681398613891407,0.02297695472650145,0.03234052968918039,0.07817222874862084,0.4413461558001352,0.05999314456125795,0.07304663512736286,0.10690796803845508
0.055779554070360914,0.14417944434859944,0.09592526727018902,0.03748394299018439,0.05363680724937614,0.309432718843985,0.19702908401278832,0.01944298976650785,0.087090191448009
0.127150084739419,0.0696266542402574,0.05774742126772462,0.10016637555444179,0.1109189961203675,0.1148959839202689,0.24606872259658,0.06077030846768733,0.11265545309325346
0.0970338339410245,0.133261443020208,0.03883822490778383,0.25186557402809306,0.13709772818775331,0.032430196809696346,0.11002654788474275,0.06529405916150423,0.13415239205919402
0.1903203480877944,0.028140958930306242,0.060096152306040186,0.12315269258806394,0.13830164969495082,0.1221890127818781,0.1822221545370525,0.03304018358599087,0.12253684748792297
0.08135983541235685,0.0414577672940133,0.08684879734224421,0.3556265149504072,0.1154530136976429,0.09118784252833907,0.07969580267622524,0.048172867138674184,0.10019755896009708
0.156167640577446,0.08011999697352361,0.13121185141394934,0.30468220069137336,0.06918185143246353,0.058089983862378826,0.013900263615197334,0.051991676761120355,0.13465453467254765
0.11460703411775879,0.0761104278647567,0.09041398011765091,0.09227144894337631,0.08645269851299099,0.1664078085771777,0.2046453006830704,0.04801518386339554,0.12107611731982271
0.10814387560405998,0.038269495022152746,0.15165420540464322,0.042277794089513994,0.20377971491731026,0.2325325388015201,0.045293183625396215,0.05498517687513397,0.12306401566026949
0.19053721210426847,0.13670953023553048,0.025140448993254228,0.15076713098470498,0.11822242562161146,0.09529425122033637,0.11176549393399919,0.04089895702197097,0.13066454988432374
0.04759642244811887,0.39487170109188924,0.2865760637979722,0.01566165585303879,0.045131428198654476,0.07506780089760164,0.027594724830493755,0.04888096519860282,0.058619237683628096
0.10670680339153162,0.05046854202262912,0.03574560360448373,0.041087161414639216,0.1286244531577802,0.1141993881129242,0.23371199149174737,0.13320146933988594,0.1562545874643786
0.07606583470157016,0.15096728357823783,0.06236777574214155,0.0497069885644116,0.08705121752548665,0.09840326307460336,0.2690449008919141,0.06670364058251649,0.1396890953391183
0.09989623480872456,0.13300221961043576,0.0395164038712349,0.053363491032689336,0.08715515237854649,0.21129054730859573,0.20601369667329014,0.027311068323993753,0.14245118599248932
0.14213550032975897,0.07082100355403996,0.021201019163505225,0.067125449588836,0.05318226796195811,0.09473352921996321,0.08551508442189615,0.28001111480274976,0.18527503095729267
0.1057712367948408,0.07652000646806506,0.07265590540116369,0.12751369432282447,0.24519102912255333,0.09171855327964752,0.1293273508662208,0.03324251570060651,0.11805970804407778
0.10939065762226609,0.06849219826873655,0.04806464596994519,0.0985522936816609,0.16716649958912488,0.1037965612680845,0.20555586228768272,0.07426165663771041,0.12471962467478885
0.13769752827918816,0.060588660603897865,0.03808126647489409,0.16519131032618498,0.13741527106481619,0.1702884297197864,0.11439529654429915,0.05039265412624391,0.12594958286068933
0.07832400646911701,0.11431604197365137,0.06554364231883719,0.05811454528945018,0.06978173684521688,0.1302045285664641,0.24941615659440966,0.09333676363322789,0.14096257830962564
0.09794365811759731,0.09215909021420647,0.037549476464850226,0.13206083914497235,0.12273085773706129,0.08438938757479697,0.19281943810511085,0.12891213813654454,0.11143511450486006
0.06623264775241243,0.041069840349460145,0.04219214033410599,0.31610119098130296,0.13581154133100018,0.14121533110348716,0.13491413042702635,0.04505885653097089,0.07740432119023392
0.09805824772929632,0.161184187618956,0.28984591418609645,0.029489481181016897,0.08374033051337125,0.07002026758548521,0.07376183491591418,0.08006785171969605,0.11383188455016768
0.0881971297841716,0.0969429010746854,0.15576133692116903,0.060987836557234686,0.08294565629118011,0.2121431130202878,0.07506447422906448,0.09835412147477418,0.1296034306474327
0.18044112113376667,0.05374986088928089,0.05242356863243893,0.08386480025286754,0.08865344499207724,0.3407508042858182,0.027989636112221838,0.025908912774026627,0.14621785092750206
0.1266244818806271,0.049170981708199335,0.026605186546075087,0.024554517236975538,0.07405316499855145,0.18408913036989652,0.10517967968954589,0.27269084254640646,0.13703201502372245
0.12655395300733185,0.03083391229621968,0.020645813547651055,0.16583029474611247,0.2055714235453008,0.16043944789057726,0.12496792785632865,0.02107378305693419,0.144083444053544
0.062253320658248006,0.44077654940497074,0.04240611823130135,0.03000984815324303,0.06345163636436203,0.07909785165628112,0.14883581988791608,0.04702894317822892,0.08613991246544862
0.18825519963310522,0.09667752546347741,0.05900596304701983,0.08179485792277606,0.0736446282113372,0.23776285413094533,0.14085530426080087,0.034143558087980565,0.08786010924255745
0.13354400481314924,0.10950948621818457,0.06388141899724001,0.09017144472103204,0.12949272650056748,0.08866868272022692,0.1040413820516682,0.10113168167838343,0.17955917229954813
0.13215474460086643,0.07385684303969861,0.0272291901855504,0.055519953146899705,0.06222356914138378,0.1568930365252529,0.15788893731395817,0.23532049717020528,0.0989132288761846
0.1756681746810873,0.09099272704909454,0.15738724822987757,0.0261742237994626,0.26302525681201966,0.07507778309973226,0.01878837266227317,0.06244459425375685,0.13044161941269597
0.06034123288139279,0.40722677081387376,0.025710460691636128,0.08005637863663363,0.07876887781532348,0.043380042054805945,0.11267466195849919,0.10857699779362397,0.08326457735421115
0.1897326332174615,0.0947882257843134,0.028497608082828165,0.05972797341424164,0.053345853709694434,0.13751606342019435,0.2689262560057826,0.07131447017328017,0.09615091619220373
0.1058048718640859,0.1976495606821497,0.027501034325705404,0.018419167498361654,0.07439521887660439,0.15312048973668532,0.2531736726684409,0.05481811469508057,0.1151178696528863
0.22240727040284614,0.05080066126834671,0.07840800055431137,0.0374264238895727,0.21502361622063068,0.10059378131254883,0.10417621732550575,0.05143774857995809,0.13972628044627974
0.08106333282342316,0.13439097119891213,0.526091932962031,0.020515992815701625,0.03685699334173982,0.07280503335718617,0.031430950640415276,0.030673725632935273,0.06617106722765555
0.07368186437863085,0.2865265621156738,0.013855389708734634,0.21202884392557464,0.14443105290623118,0.05300395590618634,0.1273273934392239,0.037030203188176555,0.052114734431568256
0.08143416016492151,0.10616443768114618,0.021841107385208215,0.09229275797340758,0.1256666079404558,0.17207672824740936,0.19120141658403988,0.10992919897701152,0.09939358504639999
0.05814281683130675,0.06123066933787547,0.0918278729963211,0.09627160899095606,0.12348619467962534,0.20583313118283741,0.23561923680428423,0.03196096079398835,0.09562750838280538
0.07578876845285011,0.03550461491397303,0.0735392302751152,0.1721236387057841,0.1397251856159307,0.31915742910195394,0.09884622433025249,0.03682012179177716,0.04849478681236335
0.12338208106316972,0.13368496726307103,0.028400394445116457,0.13928040472821188,0.07333361665155065,0.11072938774033585,0.20707695698231576,0.036192392882222264,0.14791979824400645
0.07981060269143773,0.06192342808831223,0.032490776574517204,0.03545711781588636,0.06477092839696486,0.22196167006032472,0.2995932554740089,0.06846514877173106,0.13552707212681694
0.08490766192949623,0.1797268407096211,0.027239142988171844,0.043006006453446745,0.03602153824496984,0.18834003345361094,0.2676268498012058,0.06714296606083485,0.10598896035864264
0.08057117301900246,0.07028409997356191,0.03609294571686817,0.16384806503319535,0.051105452989904786,0.11838019319030836,0.2922239544373466,0.06463993247017467,0.12285418316963759
0.06814257937893295,0.2771616252228302,0.27122684896942356,0.018292684687553976,0.15668507009624114,0.07406178152956405,0.038670732509964646,0.007473831870960553,0.08828484573452892
0.08916248802714899,0.16695658876861974,0.08302634954499225,0.15468623043110244,0.08802727205859223,0.12555532387112897,0.15522216458723048,0.03586234827931415,0.10150123443187069
0.06063683598108841,0.0823502834073267,0.031770223232936844,0.10112315768835728,0.11579638702189728,0.11557833338077184,0.3570719838732643,0.05225449650163711,0.08341829891272028
0.10766735808556206,0.13371603598988727,0.07512705343229471,0.16441399735714748,0.08337616973659935,0.0775584517558891,0.20569711059760687,0.02968141830855468,0.1227624047364585
0.16795852846021428,0.08896638173146036,0.0514072633790135,0.11627028695438146,0.17034287586163555,0.1096976526070214,0.08226844637030446,0.11491152904312535,0.0981770355928437
0.14438066194812246,0.08302065394864099,0.028108591573514415,0.08239637892668988,0.12866508476683802,0.15521813372238977,0.19455901546408697,0.03816959099254365,0.1454818886571738
0.12193794589406015,0.0580764384030382,0.031911278596499094,0.06552893972464603,0.08480414131246479,0.35811014026058435,0.07513891605301941,0.0757519650554043,0.1287402347002837
0.07647566275894342,0.0959880099679764,0.07336047346301168,0.08329540848570688,0.10247255141003109,0.2135233647157789,0.1949076631612057,0.07243795038753777,0.08753891564980824
0.2376119467843906,0.15159052160234268,0.02545880816884354,0.03128942821656867,0.060205436948609435,0.15262685961880332,0.1592557876671477,0.038098281369432906,0.14386292962386127
0.08544748244237495,0.09746081983871073,0.04555775108832388,0.059025324105083175,0.1551794475502077,0.1267749494253505,0.048753078269429956,0.2720536435886641,0.109747503691855
0.10969713001895132,0.1777446066524925,0.03988140220179714,0.029679165406228683,0.07349406225432244,0.12887451647515077,0.19661686293572245,0.14209375255566822,0.10191850149966651
0.13575376339499048,0.0534077931648392,0.03787205642493951,0.02976753630566425,0.22014463649904603,0.18356983038807703,0.12471973374183443,0.0769471544898108,0.13781749559079828
0.13317106999091774,0.04152405768168425,0.09446854543925766,0.2563169055115056,0.0910522800400247,0.16444803429866503,0.048278201423171206,0.0413402520243596,0.1294006535904141
0.08169833943855333,0.08905973605492318,0.017282125509597138,0.045905144782592326,0.10657264576693466,0.09018885611028628,0.457706819694427,0.032095521276960935,0.0794908113657251
0.06710493760588122,0.04801541863336243,0.07156230054832304,0.03555106632573247,0.05880014005127463,0.15810724857608763,0.08044337843643318,0.3799102199782955,0.10050528984460992
0.1429549590117311,0.10733388229033751,0.04663173283055666,0.0922252475514676,0.14312123547627117,0.15889907419275534,0.07356969067309656,0.06126971810022119,0.17399445987356288
0.2505608967218181,0.06296863544843467,0.11863266522001749,0.09287518967134535,0.14583419445891635,0.049712212259186254,0.08666161535937751,0.03768453824964544,0.1550700526112588
0.10351856370695274,0.11812693192812129,0.0482592695439217,0.20771080175465786,0.05069120099328824,0.13069716856806582,0.19870357925847382,0.04641058747383467,0.09588189677268381
0.24645913794430366,0.09532110900639003,0.03127263379893903,0.027410265740404283,0.13403307011637425,0.17267681179101646,0.14809482358320236,0.03464754064794305,0.1100846073714269
0.12112570416919133,0.05577244902004802,0.035672255765884106,0.16073475071127558,0.3080009561608233,0.10073397460661822,0.11899905864793271,0.017874922820214426,0.0810859280980123
0.0848598937686844,0.07552420114800625,0.055378852169083746,0.09339308214127691,0.09621843148216713,0.16009543592355202,0.2324884797087208,0.08262202257774555,0.11941960108076317
0.13805923209065415,0.12036548577603597,0.024815208174727876,0.021948756453084552,0.15627864241154313,0.18258493311328194,0.1726862279551156,0.07854757825800691,0.10471393576754984
0.10004035152649789,0.07224054907732737,0.026063136298908256,0.056028563924638265,0.13769374771561274,0.1657991823246097,0.19875206652426822,0.1101358684549598,0.13324653415317778
0.10276547250438835,0.08502778303573189,0.02607402089819662,0.09129244056798651,0.09686147235186877,0.17678507613517946,0.1995356254048465,0.06308393366594997,0.15857417543585192
0.09798923009437922,0.11953059055097333,0.030217320324440456,0.07167725135246165,0.08845296234299678,0.07479015060393542,0.24369881819490416,0.1561610405288514,0.11748263600705751
0.13162446001218175,0.10864428184585877,0.06203672088648409,0.07282781489492858,0.020500566484378778,0.0637822741267461,0.19046932783991968,0.2777816344506623,0.07233291945883992
0.10604767381506164,0.10943196434457458,0.04059652019237804,0.09156684731551591,0.13612766114891067,0.2408997000023961,0.05289201541495647,0.10157918944695599,0.12085842831925064
0.13023055067310255,0.06267761895251234,0.04963868544567302,0.19280570309493741,0.0856122410021109,0.18516844744562524,0.1461904349384541,0.051188171017259206,0.09648814743032524
0.1704259597134573,0.08942186341654251,0.07633174774702496,0.03418872674959061,0.22755781282302143,0.14371940177102796,0.07020698406009539,0.06517616968912536,0.12297133403011452
0.06121645748241363,0.1674334240110422,0.43218166505775857,0.033549533148076245,0.10524743651428098,0.03308882812529998,0.08173527495132157,0.025497864131248892,0.06004951657855797
0.09770499460550823,0.02607102716491576,0.04211909704616793,0.1592516949012143,0.2226443473600108,0.06810532383128932,0.11916924352333007,0.15188581678751456,0.113048454780049
0.1686666357049321,0.11490736752226438,0.048722774325347155,0.06857761303971467,0.0892520582645084,0.12220669182141237,0.10274011876202738,0.12686723379769313,0.15805950676210045
0.11227077008840114,0.07835493722631237,0.03665109232918908,0.03025351286434187,0.07130342837522523,0.11865155281261149,0.25053267594923917,0.17655569269237806,0.12542633766230168
0.21776644942587878,0.05948865794936173,0.03753891109914681,0.052067582091955,0.08317622354651087,0.08776184495658995,0.07998911088937731,0.23914753873810943,0.1430636813030701
0.08057117301900246,0.07028409997356191,0.03609294571686817,0.16384806503319535,0.051105452989904786,0.11838019319030836,0.2922239544373466,0.06463993247017467,0.12285418316963759
0.11578557734159796,0.09454041886886644,0.07651414718833495,0.051295259773767636,0.11752968540663378,0.21596992121603545,0.15998703610972564,0.059029289594633196,0.10934866450040487
0.08212604730011644,0.2635847766884362,0.29633252852374786,0.028632265968607563,0.06737014860553536,0.09837439164768146,0.07048953806723518,0.025518809795586517,0.06757149340305336
0.09091654810748458,0.036456728428175815,0.07617307338064198,0.122738122554255,0.2899135474503764,0.11539866984149466,0.1355140037778074,0.038769249873809725,0.09412005658595447
0.10650758390314559,0.1553129408374888,0.035722730845970434,0.026496043962697852,0.0854929062095983,0.13304315283637583,0.2232124225230858,0.13023954009121788,0.10397267879041949
0.15376245336541836,0.03839646643145259,0.015913381298956406,0.032682706571035246,0.05573505877752669,0.1273464809700348,0.2890321669278365,0.1012453210733865,0.18588596458435294
0.1462582676699544,0.10542251805943352,0.04725140785719464,0.09497229122489975,0.057554832771528765,0.18376531195625523,0.13955950224503538,0.1094208311304211,0.1157950370852772
0.15492055941454827,0.06942691659872786,0.06533424771181795,0.02156273764124421,0.06463310754745227,0.2568797303102404,0.2560065331929122,0.04047639428482957,0.0707597732982272
0.07679603743838079,0.061391521894475665,0.08464606094360701,0.12413953785247529,0.14253267934050073,0.1831699561821841,0.12927404918198135,0.09358405123296358,0.10446610593343149
0.057085351401382774,0.09731800758833575,0.46576692034867734,0.049397248682778346,0.032126067953342795,0.10456953029146927,0.10184615763699367,0.02017764020453807,0.07171307589248198
0.11863974293560785,0.3092005754001035,0.09409058885110144,0.038253674704597944,0.061903696220082294,0.20913258529874146,0.06794535672177075,0.020850234957939348,0.07998354491005545
0.11580446963480891,0.11801651772119132,0.030176864430340733,0.036918039854085816,0.11660359950107142,0.123747026779293,0.2638497271504244,0.08228394767220427,0.11259980725658025
0.08288430535466929,0.10809632099118978,0.05757896052540134,0.14752468679150998,0.1964861371269864,0.11324233954845152,0.05351949049886517,0.1160139889911948,0.12465377017173178
0.11460703411775879,0.0761104278647567,0.09041398011765091,0.09227144894337631,0.08645269851299099,0.1664078085771777,0.2046453006830704,0.04801518386339554,0.12107611731982271
0.12517061537618762,0.08118933325492683,0.06792744405676476,0.0420253659326559,0.10824109902591723,0.23496246814928323,0.1459922401898439,0.07916216036416511,0.11532927365025532
0.0721145712108092,0.04859028015644016,0.03509456559883525,0.07316688992814294,0.0848155190687725,0.3553453149769092,0.14566097753659477,0.05230143117063171,0.1329104503528643
0.15686601761174257,0.07147526532447047,0.020194039788574814,0.17215987997041368,0.12422228283227262,0.05755382988956034,0.1108365748836681,0.0866676832140148,0.20002442648528262
0.09266938939803342,0.06685806266232744,0.027429422424185532,0.0360882650218323,0.06048094467252676,0.22182883721336855,0.19800355464496303,0.17038266331313687,0.1262588606496262
0.08187358940916621,0.06447669393222451,0.062407098902052795,0.04895109946009682,0.10853554832443012,0.2149902423458628,0.14130276085059976,0.1032302562790431,0.174232710496524
0.07203401066903183,0.055257934535642206,0.4602454731350005,0.17248203921250116,0.06563347160459519,0.027705511766825886,0.019503527282334586,0.04051343349969432,0.08662459829437429
0.13552561271224514,0.05478762090630973,0.1660794854387113,0.11510837027271052,0.07367839408478215,0.04056370174990672,0.054284421751321664,0.24658975196083288,0.11338264112317997
0.09907302277501291,0.11955655465207217,0.03022387815776309,0.04340624116647817,0.12124553870163642,0.14051837440565926,0.21543553724129624,0.10924482266528655,0.12129603023479511
0.0882703752417547,0.08636665824391804,0.03948971500212697,0.12981866854749938,0.15511016643452366,0.10196595844801261,0.2251371135888708,0.059890330596677664,0.1139510138966161
0.17630612760707065,0.0803021905923511,0.05983433196885235,0.02412808016315461,0.14484692077580544,0.1331080703215957,0.16728079138040752,0.07584852922871502,0.13834495796204763
0.07800225445075426,0.07713527032059574,0.10509185074536521,0.22978575096583534,0.22345562507153013,0.0505335526212021,0.06884973225834015,0.07856022877771207,0.08858573478866494
0.12574452121669463,0.04899794402583657,0.023568479822895994,0.03141890781411932,0.05944781739651108,0.20497523691964206,0.25638272102074405,0.1470601960956697,0.10240417568788653
0.22142243203782877,0.04597202231350183,0.02052346048557049,0.0640731842788957,0.11748940434237642,0.13224057013450233,0.19224182484890584,0.04637261569833909,0.15966448586007945
0.08313676672559646,0.06513201204110466,0.11442444317084942,0.16258379591731695,0.09793722894530103,0.08262879645184026,0.07594548530551766,0.20387358166986266,0.1143378897726109
0.3381024801720815,0.0785560653328806,0.023077886322791966,0.043507150869727305,0.08812674363648443,0.15602658421963492,0.09743948898619503,0.041096035413513726,0.1340675650466906
0.143776807916281,0.09664498354565236,0.0427999403763381,0.2104356023134595,0.2144204633038507,0.08267681513332271,0.08528684534391977,0.018883294500432874,0.10507524756674302
0.13291831850293814,0.046895552227950305,0.014872438000648934,0.03351473854187544,0.047251494321526276,0.31489575852036017,0.17182396617726692,0.07763146156581223,0.16019627214162166
0.06710800958511914,0.27299432904281035,0.11696803847857952,0.017585932942348646,0.30053113818467625,0.09475086535850287,0.036967677271913475,0.0246490044565762,0.06844500467947358
0.086600361612257,0.057118436554188357,0.09677785632235791,0.15144592993142125,0.24222984121751553,0.10768410660648209,0.09062104397937616,0.03745493065170036,0.1300674931247013
0.1242309742303055,0.04177346067612886,0.055147530830972014,0.07684895829941825,0.05803364296175515,0.13091576371630873,0.3645112680453422,0.035796243071361464,0.11274215816840788
0.0902391212572987,0.10182701345045952,0.02732133681650117,0.14363191869464165,0.08508415866278439,0.0425791033191604,0.2913281108169711,0.1300354068068332,0.08795383017534991
0.12003836537116148,0.0905807218892488,0.1769748723494057,0.04692679962049997,0.06844248546461318,0.14574317830282518,0.12684254551796328,0.09431892366368044,0.13013210782060192
0.0542938924445096,0.08921319817895239,0.23146939200863859,0.012445547377122744,0.14989064084429907,0.19344188456852104,0.17853438046096196,0.021334228330331436,0.06937683578666316
0.09404991810018466,0.07057388918320406,0.05977531155647803,0.22180036274001136,0.06543275629044007,0.039130286882438164,0.25640346850357554,0.03319544839962437,0.1596385583440437
0.12099287678985331,0.04933290553630087,0.015936437276329405,0.1252783410213221,0.038016458781351646,0.08764898110756969,0.45929000287971417,0.034052776520097326,0.0694512200874615
0.0757764671077293,0.082157254960664,0.04759868765438058,0.03940749896750319,0.08307833927070322,0.19619730143070235,0.1703523859729693,0.08354389188369082,0.2218881727516572
0.10344910808442552,0.08786508210681594,0.07103151770643472,0.0793972074931704,0.055660176559864334,0.28339454646906775,0.12808057411761767,0.07620772962192814,0.11491405784067547
0.07455752781062021,0.08946538110650486,0.04814921057898241,0.04484388016010147,0.17595261661716077,0.12832116764445048,0.1977243011243529,0.1628700249015002,0.07811589005632673
0.11301215720260616,0.11242568275348351,0.13291184307322548,0.03539507658522829,0.09384292691005358,0.13995417451719303,0.17252027750351792,0.04759870122464591,0.15233916023004618
0.08033157181045103,0.13633616308139224,0.06270871276742955,0.09165575189200857,0.09237807493787564,0.1397858157974751,0.22908384198460016,0.07035173577725366,0.09736833195151406
0.11664770128215592,0.09746846556405375,0.01619217610784394,0.05724334980482906,0.13376536241234308,0.19804629962958464,0.20883245797455788,0.06467471923861447,0.10712946798601719
0.09158759102697044,0.12280030953354536,0.4537099888713945,0.01225873505449629,0.03144039916763824,0.11462265626229422,0.08895294379219516,0.02227743488051633,0.06234994141094937
0.09061816780925754,0.05967566783647436,0.059181188642834136,0.027115336618545986,0.08903491867375345,0.24478260961027262,0.21829689408535127,0.07521731574224086,0.1360779009812697
0.10862961617289696,0.10875192778676296,0.05591440050157315,0.04249424183250494,0.05115487485448237,0.3464673216319987,0.15960194369073147,0.025079825850578313,0.10190584767847105
