0.11128831620617076,0.15950485560331829,0.07201660951256592,0.10214329308194207,0.03055001192177256,0.19483024203880683,0.08336317170786926,0.09948279906919176,0.1468207008583626
0.09481943461558011,0.09026559437275856,0.07443384238107871,0.14032730064641516,0.1657774817035359,0.10244184077949904,0.11488266120750774,0.13459951497044756,0.08245232932317721
0.14353322487567435,0.09450036678238975,0.07222996928145363,0.12500417390167062,0.14072291102567644,0.11720538342188919,0.11683297853225527,0.09428329826984087,0.09568769390914994
0.13570727566319363,0.12642958263254242,0.05155691629794084,0.12193241958625108,0.07511300583796504,0.21824280643623503,0.08140514572214529,0.08369592483599221,0.10591692298773452
0.07767298187039828,0.05688749122760529,0.20163672486836137,0.12608487477241023,0.09840575074678992,0.1300251590779128,0.09224527077537487,0.09058224846144998,0.12645949819969732
0.14848293782162517,0.10264446932652571,0.13940507904175495,0.09022660587573512,0.08730134216467834,0.11290197411306879,0.10812807015879168,0.12727963795863514,0.08362988353918503
0.12295223070602357,0.11933847185353529,0.10273485926618992,0.11007957030117026,0.09475282635854793,0.08522726459712789,0.15118724706828415,0.07443699319293941,0.1392905366561816
0.11737669672399188,0.07420355644566556,0.15010577261854804,0.14495256587089617,0.1828840684418257,0.06840902990056778,0.0859484422063876,0.09894875772531868,0.07717111006679862
0.1612681318420526,0.10478997269427275,0.07088087133571172,0.13588076833985085,0.0615855033834839,0.10253676673696688,0.11766811263013692,0.12592861975120836,0.11946125328631602
0.11464201438781962,0.1105026026284881,0.1228492155843862,0.1080318161248242,0.06582035338493204,0.11709955403443321,0.12745299555649708,0.14554116623490956,0.08806028206370993
0.12191326805089453,0.14706869088676636,0.07721310830292721,0.10230814403933697,0.11382188392272956,0.10356368098547629,0.13844508344965198,0.08168318054407894,0.1139829598181381
0.11791240730419895,0.1516890861865792,0.07532297069844833,0.08644673410159824,0.16181134876855305,0.1138777223048098,0.13200304770318583,0.06502783484288029,0.09590884808974626
0.12990768534938377,0.08333359124699598,0.1046962034864977,0.14700591667225518,0.06822305909293758,0.10744975602882904,0.10602025756592963,0.15070978168977398,0.10265374886739714
0.12996161276504034,0.11602489098358632,0.12102930373703662,0.11895193037508071,0.05716025166423468,0.13470440417781868,0.10348214186485179,0.11521993174341265,0.10346553268893825
0.2045589775244958,0.09665872678137237,0.10204114068486358,0.11071591786721148,0.11281295387722068,0.09004842687845331,0.10623041640022474,0.08790577088304768,0.08902766910311033
0.13989942430920632,0.11560548295204143,0.15901839728325828,0.10355759796462233,0.058063552770093424,0.10425117049086878,0.12135028017770393,0.09002093079520011,0.10823316325700548
0.17765605968931367,0.11337247995735851,0.08648495657680015,0.1078973853092489,0.09979218520745636,0.1289462352206128,0.10584674516708077,0.09278372454794587,0.08722022832418298
0.09561991377472157,0.08476397953851532,0.23258316609480778,0.11767749524919242,0.03977756476083434,0.07019331585027294,0.10309424791242382,0.13761375679792281,0.11867656002130901
0.11786707879284769,0.1368002736982294,0.1318526226787971,0.11568701189458404,0.07708172273444676,0.08755186293882976,0.14318101834553512,0.09217322964487405,0.09780517927185617
0.09452724779474996,0.10467535209333391,0.08748951535554443,0.11861256792692616,0.21136983138074408,0.09162412260471615,0.1154020286942561,0.07569258610861368,0.10060674804111548
0.15774125195210778,0.13653817499530194,0.12732869508369699,0.11608698149572672,0.10570375797305136,0.09253880877336128,0.09820075307945059,0.0720821474071318,0.09377942924017145
0.0693865166423727,0.08238905004802159,0.10030218021764738,0.10610771604563583,0.1393206935664197,0.12089131635637201,0.10264483582028128,0.16575586057617053,0.1132018307270789
0.14107597510180236,0.10269378317879979,0.1079411270715727,0.11141960233722487,0.03852518129962366,0.11547298762317786,0.11320776154133401,0.107856131293399,0.1618074505530658
0.1203882479844612,0.10941372852520224,0.13732617151856055,0.1398865996422796,0.06649946802839905,0.09924245942892646,0.14506892403812177,0.10068177478474344,0.08149262604930574
0.09164654457527545,0.14134019249626417,0.0844756911805571,0.08300435962800982,0.19406413313102358,0.1102973659020307,0.10221512516974797,0.0842605195049964,0.10869606841209473
0.1000789687004263,0.13936078801262508,0.13665877556997208,0.11952454112805215,0.045287574798934964,0.12859664011200242,0.10174357258353926,0.10930543786680724,0.11944370122764054
0.11318408679033341,0.11658256417318254,0.06720631223895929,0.11723566505153987,0.11178112440232375,0.09914959351848124,0.11840499494162104,0.129083276318645,0.12737238256491382
0.10333405608430325,0.11034077036551132,0.053253313552103276,0.10773765969553577,0.2255435166023043,0.13511892334185194,0.1295175346803833,0.05267333870587935,0.08248088697212745
0.09177142351724143,0.09598210435232285,0.17381827733713404,0.13452328786786685,0.12297359389639684,0.10714171456440265,0.07725793473351837,0.11429027841156647,0.08224138531955051
0.11840617104690365,0.08358733961880076,0.09279009474603454,0.10859420691051402,0.07662615502482123,0.17361156079246223,0.13357869008311085,0.12284435693105489,0.08996142484629788
0.15282108184857446,0.11231447890333117,0.08648146964710951,0.11972770279736215,0.11479287947452659,0.10819666464976581,0.10951438723934469,0.06603363742406622,0.13011769801591935
0.1279036714440889,0.08541986359632343,0.1103003902918318,0.15823786537814122,0.0830585416195938,0.10028706246861298,0.10266147193580162,0.1173137479935505,0.11481738527205575
0.12864209244408817,0.09951413288765378,0.0853275397334643,0.09983068383530323,0.22540051099128913,0.09200072369353002,0.12140350456093979,0.07375185798795426,0.07412895386577727
0.13163507311200073,0.09813157715213773,0.11176981812628768,0.1391421202776272,0.03809520616472897,0.1053145278151828,0.13964666117946056,0.09833393058209476,0.13793108559047956
0.10538209175902102,0.13285005822587245,0.12058732085062894,0.09529801778669371,0.16544073353420471,0.09352521382539382,0.11284337479613765,0.08757870840690281,0.08649448081514484
0.09430247458715661,0.12019599917740831,0.08696059481857861,0.11515633570923356,0.09424259815851936,0.11508037041443499,0.10474324566142469,0.12263870741231746,0.14667967406092644
0.13392373620893147,0.12434470714979702,0.12152447690241978,0.12757899776420026,0.10348856724188078,0.10215107752230261,0.09344862405179773,0.0954263269377114,0.0981134862209589
0.14499923147246274,0.1177476269195406,0.13932822623021043,0.10477434463021956,0.09817437397369515,0.08697976087034094,0.12263894279343161,0.09718936263166894,0.08816813047843003
0.13410049736117374,0.11575777672371272,0.06578529351249564,0.0947268930115569,0.0798273972898988,0.09204869213497989,0.187524623980497,0.14231781150638953,0.08791101447929582
0.14672740694637962,0.11506798404463954,0.09835491426770161,0.1098205388345198,0.0568681494747883,0.10149554098808755,0.09785830354986373,0.09791811237360037,0.17588904952041948
0.16573174193516807,0.13077141663646158,0.10049535966426044,0.12199937410436446,0.08458789345392238,0.0780486760882036,0.11561358935400956,0.10619949990426937,0.09655244885934054
0.14387125979677595,0.14275227158096904,0.09828311240341647,0.10776134213025361,0.08086519775634642,0.10344627780801834,0.11525522370574075,0.11087681553696362,0.09688849928151588
0.16922861621757046,0.13253463293014314,0.11737190557235046,0.11442824254888657,0.052698120770047874,0.07725768909222143,0.09696654823431376,0.09910656780322852,0.14040767683123773
0.2233241782059975,0.07825720562848966,0.051488176817425596,0.13767977699416495,0.057990895941315394,0.09398523510114871,0.11122846799086446,0.09496578007322194,0.15108028324737174
0.12410768308164437,0.14506068600186373,0.14854749401922396,0.10441293382630273,0.03759240439536312,0.10281216788251468,0.10219597873811496,0.13620761941709184,0.09906303263788058
0.08139891479047379,0.12499164147981139,0.1837549965932059,0.10615517101527179,0.10916903784870136,0.11759916481203903,0.12001846150196821,0.07249729291577993,0.0844153190427485
0.11591311297606399,0.11971734184015508,0.09460937710213392,0.11784511500931712,0.08787699422850222,0.11321310073208417,0.14909622821756566,0.10699787748485612,0.0947308524093217
0.16035362792704907,0.06699031571991991,0.04820945735526275,0.12549135707115763,0.2028290269517372,0.09576971958061753,0.09166038355340378,0.11856237208466315,0.09013373975618905
0.11044766462456712,0.08670626384931479,0.10376147275709273,0.13644043793419938,0.08910391471798347,0.11642529891039559,0.10613634551965227,0.0910941879462131,0.15988441374058157
0.14706499476978843,0.11901597794170761,0.052096909710692495,0.10271214415716194,0.21710166331292657,0.07085204176626249,0.09866158458983858,0.11550583494199247,0.07698884880962936
0.15820616348921138,0.10015057396328232,0.12618502315170935,0.11448089424040413,0.0661348161172546,0.13238640280037725,0.1020136446914713,0.1019281707410763,0.0985143108052134
0.11390144025888521,0.08517320099041431,0.07253390591990135,0.09819967019907187,0.2298071100153971,0.07449064543542268,0.0931235053283385,0.12886761834970592,0.10390290350286302
0.1081310785661469,0.09638414145620271,0.12343364606295491,0.1217555430752033,0.12939159408153272,0.09780426873238858,0.07835720629862715,0.10753901874274567,0.13720350298419806
0.10163559643842306,0.07878012402310018,0.09247079219389502,0.13830835889937018,0.089611509512932,0.11465695464077985,0.12069357005777849,0.12231813427168335,0.14152495996203787
0.10869774841893398,0.09758753316494333,0.03554322132656303,0.0932083584355109,0.12310357233858876,0.19346401177535158,0.124465728793636,0.1066787441890346,0.11725108155743787
0.1573740361460967,0.109679706233006,0.09309287342168197,0.11577122941800605,0.11865555317606348,0.09876246230409601,0.10448434448013204,0.08408212118723811,0.11809767363367962
0.08433137631143713,0.07938248632085197,0.1460987651600645,0.11562378909841535,0.07286224993597529,0.13073923871070683,0.13278889028192456,0.10102830433917735,0.13714489984144695
0.12448199208968962,0.11539576215954749,0.11471041530574665,0.11560024789000335,0.12321339314825973,0.09528867994765537,0.12125186150186112,0.09679803681318803,0.09325961114404872
0.12458999797339392,0.10381451010590302,0.04945783452152172,0.10765010822977504,0.19795761688059962,0.13248910335294187,0.09703319600857944,0.095873466844275,0.09113416608301039
0.1763103051911746,0.13160482621739789,0.0992747696291472,0.10323577980712843,0.039220703772545364,0.10157704882824274,0.1262544896837761,0.12764579860693073,0.09487627826365701
0.15583705654744262,0.09088176309460509,0.04931834323821987,0.12129598979286603,0.02467604914562908,0.20321693393059034,0.10050194670858577,0.128743208058972,0.12552870948308925
0.19929196096496157,0.09213351540692959,0.09435616279044608,0.09754293058995177,0.10062899403362925,0.08351444647876245,0.10581560360800207,0.13447213004343908,0.09224425608387819
0.0918499053582415,0.08043930240937358,0.029511424690225222,0.106536489678855,0.06249901191593866,0.19439594728715126,0.12733679414079976,0.19504396075932506,0.11238716376008993
0.1297450918601302,0.09946668759361255,0.09174621176420865,0.10964514212979876,0.19834311014370634,0.08130436375636117,0.09811157688690404,0.08423024101655086,0.10740757484872737
0.1081566463763204,0.12568602811271445,0.13906119179778467,0.10736215402963785,0.11083569894396361,0.10599872184688493,0.10987089587229887,0.10485760717757309,0.08817105584282209
0.12941664752126184,0.11504008991026586,0.08388415632230838,0.12355201501108896,0.1055357975180664,0.15433361267756154,0.11997073405085334,0.07927518118132487,0.08899176580726882
0.1730968011047506,0.11715230475070233,0.11469206413268213,0.11138085361414059,0.10962599695411629,0.09770056788196523,0.09806944635932908,0.09229545906010278,0.08598650614221089
0.11708338204376094,0.09973888460926428,0.10272647722614921,0.1162558544294242,0.09143585082006701,0.13295471496202912,0.11037704569748696,0.10899580513966993,0.12043198507214836
0.14496349243415718,0.11421681808428863,0.09060783321615569,0.13572621383383707,0.055049013964699474,0.18863235058829161,0.09053476909403946,0.07089957560173715,0.10936993318279374
0.11481519862166599,0.12437006285815116,0.09314592461871019,0.1170205163621096,0.050957316707110505,0.13797466029397046,0.11076937360456145,0.14737116171868414,0.10357578521503652
0.17584578821757132,0.08036248268865424,0.26741617029534953,0.13424909711326985,0.03317534818221069,0.050728668236898276,0.08800718681264402,0.1108312459281716,0.059384012525230456
0.1634233453820833,0.11625003179443376,0.09386632672963935,0.11334372781493324,0.04848013704136564,0.1442319035383792,0.15950531899765139,0.07902670617946311,0.08187250252205107
0.10117239634153657,0.07221022783253568,0.08457100834318758,0.13880006571160697,0.05993230326627972,0.11014735420314725,0.11725753402294192,0.18764121570271977,0.12826789457604448
0.102599209534951,0.0563487927419154,0.08342884781144781,0.1438265853396016,0.03189252499787091,0.14733658340895395,0.11968567956726894,0.1271854214396224,0.18769635515836794
0.11903760675364267,0.10384021705820866,0.08364414175278789,0.09941695552460732,0.12361291056114443,0.11792365446164514,0.11321882197419149,0.10109839754800738,0.13820729436576498
0.09881997597997183,0.12026783756682034,0.1337237327674233,0.11914576274725992,0.17261670239631863,0.08564668597840541,0.1188138041155058,0.07992768252614983,0.07103781592214502
0.0830316655560988,0.07312007401441167,0.10860239011893846,0.1133968768161407,0.10184872163140184,0.13836493027463917,0.1314170044572126,0.10110964417572184,0.14910869295543494
0.09419842190719019,0.07101341870190496,0.16920628804470564,0.14323565612444442,0.10854520090502322,0.08434172839561803,0.14364908510247978,0.07570455154006013,0.11010564927857354
0.10828580423223648,0.133147152937619,0.1025346981813463,0.10174700234490182,0.11749560712280287,0.12183353147055685,0.11763649464243497,0.10112142788566492,0.09619828118243674
0.12635233549246,0.13294217895716662,0.1566278128283529,0.09790415777919868,0.08400674890254722,0.09862062313206747,0.12457738886136543,0.09249721321483732,0.08647154083200441
0.1605753474790692,0.10510395623153938,0.06931850410896968,0.1349222675987817,0.056880957965464905,0.1011752573242416,0.11825664532773418,0.1331584432499193,0.12060862071428007
0.08859739497293995,0.11958827876242824,0.08316524234078275,0.0975754754162144,0.25911585518451963,0.06337143325094237,0.10424903766451864,0.08144001360382501,0.1028972688038291
0.12600618736777733,0.09241863517753053,0.066372472442371,0.10445907555551738,0.17637074628394547,0.13953416593393234,0.10494926505416581,0.1014997888081986,0.08838966337656141
0.1342101373881688,0.09743219000670982,0.06490546383174592,0.12216956863211037,0.13169884448210373,0.108352823473722,0.1254529694207899,0.09883930469494051,0.11693869806970898
0.12235541256201989,0.07520744861110192,0.1600567948319456,0.14836302893222683,0.06314995750661355,0.11990572547100502,0.10329199786720678,0.10245136681200968,0.1052182674058708
0.11624962261813238,0.11631937823835285,0.09264727638209298,0.09768482620698245,0.09469862631630847,0.15035404646412942,0.12430954882434668,0.11952173162684548,0.08821494332280928
0.14530673920183532,0.09104800447023469,0.08751296180378214,0.11639443589224911,0.059171653469176,0.06973881886215529,0.12674173658702192,0.11820016569993098,0.1858854840136146
0.1898023790768065,0.13794571075083698,0.07054952301958418,0.10821700466908372,0.07264089966956386,0.12615995605874034,0.10274769647137098,0.08564481771215522,0.10629201257185811
0.10692056991977543,0.12298391139684105,0.1006940425953836,0.12468127086990503,0.12107179768901383,0.09915839251423746,0.10478025407979745,0.08769596737246162,0.1320137935625846
0.11662743782755043,0.12358879617344691,0.19439492589112392,0.08753001894004221,0.10499589161254406,0.08594854391883362,0.10920321701710205,0.08797689151710446,0.08973427710225235
0.1148003011096221,0.10352966209958002,0.13115572538661324,0.11300581027403446,0.18993356894286909,0.09181198443014917,0.080251248681604,0.09706060583251415,0.07845109324301375
0.14185892825816418,0.09999053188898634,0.11996454253633494,0.13717703876582663,0.07207450955432289,0.11641583218979938,0.11015467861247234,0.09623062662550746,0.10613331156858585
0.09488539211966134,0.14327634260250577,0.17041836602821625,0.10650258723111754,0.174583384713458,0.06197479034704697,0.07100144887995985,0.08392986978877699,0.09342781828925735
0.11162913522511249,0.08819192083280303,0.17606891711004094,0.11952209627738024,0.10861721384271461,0.08167128105495948,0.10418749944364065,0.09373386843747372,0.11637806777587484
0.11929114970150456,0.13554108053709515,0.0937982208508209,0.07288294799402828,0.15213772018946772,0.11001402336237358,0.10614365706276423,0.06968910080614722,0.14050209949579834
0.14426705665283565,0.09046631746441337,0.22408606121669208,0.10159998409264082,0.057902882362956654,0.07827150610656393,0.0954407599699072,0.12759738344297603,0.08036804869101422
0.10690663814485814,0.0777568561337846,0.10096478855165229,0.11676867184014877,0.22280559706258685,0.05705377016165202,0.09289475944827352,0.09419926393341586,0.13064965472362797
0.10545647965122464,0.09540591606155117,0.188060002949658,0.11711723782392415,0.05756645144460663,0.11682335950797029,0.1057994546471089,0.1258515677864257,0.08791953012753058
0.15082480662409373,0.09722721548086699,0.06193961434890143,0.1246510096391311,0.14100109593209054,0.1033967447929008,0.09125978215516291,0.08548191689766367,0.14421781412918885
0.10242703766050394,0.1011798734358267,0.054926029412102007,0.08446493630978019,0.3212531103622586,0.08124098289733483,0.10503636237047749,0.05831218666410035,0.09115948088761588
0.10554324440016986,0.1091209697697762,0.060428202242348815,0.10275921208648642,0.07950317359536335,0.0944882910299225,0.12420346082943795,0.15320295517597335,0.1707504908705216
0.1624141850600979,0.09447037618835936,0.13571221973883316,0.1200641149719096,0.06160426255975827,0.10097591476434693,0.12756255918023365,0.08079109551197415,0.11640527202448699
0.10286448496075727,0.13203649826378613,0.15696335305561548,0.10647049906597798,0.026070442448666704,0.14264635181472782,0.11330422568380621,0.11341364987430937,0.10623049483235301
0.1274743566103527,0.13996155078620484,0.12372940267561021,0.11620144792500231,0.06804862283753343,0.09583641439886469,0.11207746342186375,0.10543795845346648,0.1112327828911016
0.07196866099673484,0.123883035934492,0.06461751695992604,0.08667243943420644,0.24939558810407036,0.1643056549047742,0.09741729175125698,0.06363886812685692,0.07810094378768233
0.13574426597292075,0.07528403477971617,0.07896520674058612,0.12835365688376218,0.05983744598954056,0.10134108192445745,0.12073934624435345,0.20552128433348982,0.09421367713117353
0.08010780671763058,0.15165697923609422,0.07555120372042866,0.09137459729707398,0.23887492094299898,0.10688736218609578,0.1010027243160758,0.06273285457068999,0.09181155101291201
0.1140900899088755,0.11253403953613117,0.05085072169303808,0.10160738012417518,0.09196706721452134,0.1352024452703663,0.1249890960918905,0.14732870865386435,0.12143045150713765
0.1467119839416613,0.11145699473456401,0.10921977226477686,0.13657049999494258,0.07077062408147052,0.08344578024237541,0.11873237492634636,0.1290868633458279,0.09400510646803507
0.1056135630373795,0.11245685467458039,0.17232033037863784,0.1090574169711762,0.11135323079072416,0.09694122496646136,0.09623913509705971,0.10239702246253417,0.09362122162144665
0.12762796898254727,0.08156503425451449,0.144082048315883,0.13985936861396583,0.07885484000343006,0.14247538497424236,0.11753008733803921,0.08403431508807692,0.08397095242930087
0.18731551341936425,0.09220973994790917,0.11169650489895587,0.10458275440835842,0.14380613226541972,0.06915119813063107,0.10685975094845446,0.07572893109243257,0.10864947488847436
0.1257746639988675,0.11069744664806257,0.1484237149912033,0.11330909282474215,0.1380428773239195,0.0795605260639466,0.10061953267220554,0.08618642767576519,0.09738571780128764
0.10264063369977781,0.09245102943338056,0.18543099121544607,0.10770419907963504,0.1311253655959127,0.11649817746925802,0.10711733674363767,0.0773128881991708,0.07971937856378142
0.20841513097045591,0.1063257832127044,0.10755723507311316,0.13386171450033021,0.03259620446741223,0.11301146666929925,0.09286898646995671,0.09234028748283109,0.11302319115389696
0.12130772064320235,0.11300414210266779,0.1579817050020041,0.09347616861748272,0.13532067355315028,0.09959440645310873,0.09671813160603265,0.09215640461782475,0.09044064740452668
0.06626241832765954,0.12350397485541671,0.10040779117372221,0.10395824960582463,0.032717547106007945,0.1680267847230156,0.13155537427694297,0.15214032287657855,0.12142753705483189
0.1756283343185466,0.16318609073347956,0.0905824649731035,0.0897307546847055,0.07886359059938972,0.10524543528112328,0.08450494116707019,0.11202392076203165,0.10023446748055
0.09807929333997567,0.15783178046150645,0.04894325178434372,0.09064478007712712,0.07272466675906407,0.11647504531085984,0.09714874868135333,0.23334994042841242,0.08480249315735737
0.13223254073173,0.09740816512855009,0.08195098123034897,0.10910123139388032,0.11392900005063182,0.1338768044234724,0.12101234007856447,0.10155495498888306,0.10893398197393882
0.07121927195762587,0.08919893326755461,0.2670918902814706,0.10875859776159354,0.056210268068990155,0.048313543134327536,0.1381018724633195,0.12228853133042768,0.09881709173469048
0.16552529990630926,0.06640850401619498,0.11976831324178605,0.1559390948275062,0.029040614569864454,0.09925060392398051,0.10825410912250506,0.09902914960856435,0.15678431078328914
0.12988901474403602,0.11955102211619321,0.1437492361385888,0.09855196160189035,0.07783332975672726,0.08410563159511203,0.12001758334646867,0.06914063762264351,0.15716158307834
0.10677599589133169,0.1565685822494921,0.21150881599486912,0.11120414945500179,0.03728214354358387,0.08803200184753751,0.1118208507901004,0.07069058173365632,0.10611687849442715
0.09880950523047187,0.13295169554388422,0.05508996575360145,0.09959265641594357,0.1837664331521431,0.11978222431939682,0.08097374975342908,0.13637941518324062,0.09265435464788917
0.15818759441537467,0.09235660819998004,0.11423696991105632,0.1257304279523581,0.0558980035571666,0.12157074170117892,0.1231136530193611,0.08891149875930034,0.11999450248422383
0.15314950273917846,0.14763682985659296,0.1130731220664518,0.11000487427913948,0.08113407208010574,0.08885878007274861,0.09141991042047348,0.0978220905161954,0.11690081796911406
0.1295025126965842,0.1068307340992996,0.12909799444308143,0.10969758611566445,0.14208719022451013,0.1007899948736502,0.09881200838377376,0.09504269738296327,0.08813928178047287
0.10240098908670148,0.12665237105135807,0.11891309530439777,0.1124656407708749,0.09578759879846029,0.15346670403046053,0.10822899732670188,0.08395938979713669,0.09812521383390832
0.1313272388424572,0.13872947616063547,0.17634301487229367,0.08129985301994633,0.17170997241416977,0.08838425692724655,0.08214678576694262,0.05704510175126191,0.07301430024504649
0.09292665326334482,0.08355152750033434,0.22149644987579065,0.1083247099920463,0.0835116707504951,0.0786239344284559,0.09826871671779676,0.12128842766385017,0.11200790980788593
0.1592200536066681,0.1057846275702307,0.04829737957804157,0.10311377145504651,0.05746788821483825,0.12567260032356511,0.09393305949425741,0.16409779820542217,0.14241282155193022
0.13587915685543428,0.11089127786846935,0.09775640632008482,0.11861393645427731,0.07996295642349853,0.0894343049469664,0.10603101727298088,0.13376266890057678,0.12766827495771163
0.11117562987837848,0.12211254944615572,0.1446255660283454,0.09421594648661179,0.16042130807912616,0.1418424746436924,0.07835069945295665,0.07790505191136275,0.06935077407337063
0.12119355358732958,0.13008557923247446,0.23143631705654044,0.10394085376871043,0.05232585167264713,0.09452783120473346,0.09549358711792331,0.09163674910216611,0.07935967725747499
0.13015790479989572,0.10124100745622162,0.05992229475634412,0.11951676866124701,0.1778570731749738,0.11600573599957857,0.12997300924702257,0.06858106383179886,0.09674514207291783
0.12453257190672695,0.10382471717159625,0.04943112056784771,0.10761821982066218,0.19811909325502064,0.13248614925018673,0.09700491163032339,0.09586315673343798,0.09112005966419807
0.07403375152166597,0.08273575354376424,0.14612028317897366,0.11802623387970095,0.05402595026121654,0.1216481001381632,0.08508986869220465,0.22006322289328994,0.09825683589102074
0.08832143430467763,0.08126978561701546,0.08507492895234613,0.1083129505473322,0.19415963323165705,0.11744189654548509,0.11887768624354818,0.08232018355974098,0.12422150099819729
0.10163711402391849,0.13838431881236,0.1915887894847397,0.10138358623307607,0.08443822946702227,0.07791369181402505,0.1096712235605126,0.09445786774635768,0.1005251788579881
0.15575225300524695,0.08061846960509944,0.10107423670751518,0.12591281058273326,0.05917345259403948,0.0995925919805497,0.13848230761630184,0.13137071569860162,0.10802316220991255
0.08437489258653415,0.09025258608476223,0.16826031345916656,0.12495888168319637,0.06444985351546655,0.1343216824156566,0.13440947982144877,0.06737608529803792,0.1315962251357309
0.09440817233739392,0.11959051473846273,0.19112140114256945,0.1300811687206848,0.052983982910722226,0.07639907013494873,0.12067300873640974,0.10399708196289136,0.11074559931591706
0.11249515180912019,0.13114816539232224,0.09254764750229881,0.125351420817066,0.1424865276469607,0.10608336127554034,0.11139652187850581,0.0763116118638739,0.10217959181431206
0.12708109260110798,0.09661662003279536,0.050983577699770265,0.13939578102782565,0.13941263084788377,0.13774650782843015,0.14231321563869814,0.08437038953941917,0.08208018478406952
0.0984939472275179,0.11326603752391455,0.1428988149362023,0.1153458122511341,0.05450326319582947,0.12459308866858569,0.14057610756698713,0.12425082679797556,0.08607210183185326
0.11747032781933553,0.1311267355448709,0.14350945398870485,0.11726855200532289,0.04924448673988807,0.1499887804923711,0.10162070555188067,0.11542084074065022,0.07435011711697571
0.1100799950161744,0.10506300809165141,0.1377377697928289,0.11682144407438844,0.029501686912641555,0.1114557039535554,0.0995426669462896,0.0940703129273543,0.19572741228511595
0.0747937249422303,0.10996205528754127,0.23679111259408625,0.11403435874136021,0.08355277623537982,0.1047366598197218,0.11090452431698626,0.08983510527184004,0.07538968279085397
0.13476340481312224,0.09354713116658979,0.07215093461344181,0.1227980382689466,0.07550517055086363,0.13666663979392643,0.12246061084473474,0.1383082012572088,0.1037998686911659
0.0969437635107268,0.08460194420611351,0.08477561466975692,0.13048964857102385,0.069366700819243,0.12193341953219551,0.10760900377476273,0.08299661595780598,0.2212832889583717
0.13662529513833688,0.11981788491570282,0.15828109217294456,0.10245494324922133,0.049124558416263515,0.10019854176697925,0.11248611486910853,0.11858356928797821,0.10242800018346498
0.1513951615047757,0.11115399121796725,0.16637671231798778,0.11927193548104799,0.05166785421137262,0.11188592227532212,0.08836788680929085,0.0663218243976928,0.1335587117845429
0.14088316607803653,0.09595523090652042,0.10099571397427413,0.11400983253469336,0.052025588587780704,0.13743048295143448,0.11132090624923409,0.109717557706372,0.13766152101165427
0.2096966026623136,0.11416848655772566,0.08301290722664545,0.12441198715364249,0.03419487260514032,0.11497295934052565,0.11467784904161721,0.07819419269021995,0.12667014272216973
0.13064937454623243,0.08808192574374778,0.09854459652939385,0.12992623696723116,0.10695494062977996,0.09856170573476371,0.11797083828051551,0.09335271228842157,0.13595766927991407
0.142927015258763,0.08101234769493944,0.06644503815208268,0.1399795569995719,0.08721789201894457,0.10840491218551805,0.12585826950169307,0.13171171326065303,0.11644325492783424
0.13659564405197214,0.10653636733798882,0.07972470402308958,0.11478471407050783,0.09148726183809965,0.14694618401652257,0.11120441378413011,0.10978003090598844,0.10294067997170091
0.11937219155743134,0.08314412956975753,0.14124584908555232,0.10774150060736389,0.12177583488312958,0.1255445200676186,0.12058034010604662,0.08267264748909191,0.09792298663400827
0.14237162651587704,0.12249370597161098,0.069370870520692,0.1015150712931857,0.13636046402063842,0.10583977882717438,0.12527023892058303,0.09566946044067559,0.1011087834895628
0.10257575172406895,0.11071946931049648,0.0969074080153205,0.11236193735951971,0.055365286950174904,0.13777433027980213,0.1204958213251255,0.12877848755185972,0.13502150748363212
0.09349591795443606,0.09288006550973826,0.1376278781910999,0.09484000519259339,0.06906473975502382,0.18448278330327098,0.10431059376669731,0.07774330982605726,0.14555470650108301
0.16271902858064483,0.10162348656877694,0.10468844670170036,0.12851901747793384,0.050471553454070395,0.10141487172862483,0.14566033741052617,0.08830634869353327,0.11659690938418936
0.1079479614699747,0.08424382435889666,0.08259122481387322,0.13143401456931733,0.15501107753440346,0.1046253231631255,0.1344249400083661,0.09943662044962757,0.10028501363241553
0.1238947865926812,0.09156943639297348,0.06653536427554008,0.10110202839392711,0.28562463474902505,0.06572911890636057,0.09323205419530456,0.09063163046593505,0.08168094602825295
0.09149844901348701,0.08349856919683064,0.11741525883473262,0.09461595043241795,0.13094038262199484,0.08171311569341026,0.13183457334080295,0.15296110349057965,0.11552259737574401
0.09656415679757291,0.07939182252824625,0.0686713175295703,0.13339678115189288,0.13997570486184027,0.08942774179696433,0.1475868079915038,0.10913151288215928,0.13585415446025
0.12144003615337011,0.11458372438306369,0.0901581551122515,0.12536663878896925,0.1334890355649714,0.1301320674193189,0.10405869604398847,0.10014966487836165,0.08062198165570504
0.11978038646525856,0.10940060403669694,0.1250512440904867,0.10474241724789206,0.09533080664271876,0.1163490462556832,0.12812443720747327,0.13515368988178766,0.06606736817200291
0.0975827632761722,0.09986475125918953,0.07471644070786715,0.11769108490865415,0.1876137065968965,0.126373987791223,0.09450633314426145,0.11012224295394202,0.09152868936179409
0.12824022964405463,0.10037376006436165,0.15293576492980124,0.10621162402131025,0.07371476138652962,0.10491196239523022,0.121529179445734,0.12401326241697852,0.08806945569599993
0.16102432580190104,0.12291065268071734,0.0708898059243129,0.09649002258300672,0.04105329213342491,0.14293577548270073,0.12327931714804242,0.08598270945188062,0.15543409879401335
0.19601537647173664,0.10422772559409275,0.13459495974333677,0.12311898526720562,0.06412185582397499,0.0950296876861964,0.10309216938782162,0.0834739826576723,0.09632525736796282
0.10069539076652644,0.10168905410071898,0.11632439723884484,0.10759140229247259,0.04729242786394111,0.1729006535581367,0.13231794288549772,0.08841134121792739,0.13277739007593423
0.09266092136632366,0.0849346135359037,0.17921630597141727,0.14072877451954977,0.13671910854254324,0.07486583381077633,0.11858313367815583,0.06364449539805883,0.10864681317727143
0.1794372715675706,0.12688814952921532,0.11855049769739673,0.11518416467350967,0.08248916941005059,0.09425504160112307,0.1156247790956627,0.08089537457745564,0.08667555184801558
0.1296347813368436,0.111230986612115,0.1406437443691023,0.11386655334601459,0.08125229557300162,0.08287194200241062,0.11222489528907903,0.11173945696353609,0.11653534450789711
0.09841362078715592,0.11442252323300788,0.06462527016555339,0.08752619645682556,0.07310490780855826,0.14622350849687188,0.13587924290231787,0.08015484007687418,0.1996498900728351
0.12819287616335973,0.09295324027598961,0.11582589973997144,0.11268424513995078,0.06728634044491849,0.09113894544979313,0.14128330435065511,0.09272973214002689,0.1579054162953348
0.16195474643229613,0.10206330492003336,0.08385921075544195,0.11666727537746853,0.09257454772613771,0.09842056127072492,0.12167882892806141,0.09385389140104657,0.1289276331887895
0.12064775617719507,0.0763203869857932,0.12808585626262972,0.1542622879105298,0.0517307757276082,0.09478569550859574,0.11137487933165131,0.12851466190218622,0.1342777001938108
0.13741608672827257,0.0839347771810739,0.23971069850375873,0.08783914930918295,0.06172053122762594,0.10427809381373747,0.10512542059487444,0.08649946478986055,0.09347577785161347
0.1114986546716701,0.1031518182259042,0.09542611141954553,0.13853666767696537,0.06471714180349138,0.1485235563563413,0.11762923038323576,0.12656177644935798,0.09395504301348838
0.16117047119001773,0.10495693739306615,0.11921264599962507,0.11360853145047267,0.03107473008758872,0.11340494399226707,0.10393096083484081,0.12356108513796456,0.12907969391415725
0.0990983790447097,0.13650938043589778,0.164768388370483,0.0942970663747813,0.05854122472133807,0.09847346155846003,0.15445211719798443,0.06676133804797263,0.12709864424837305
0.09448107101861807,0.08961943268644106,0.14639033605939264,0.08922193312477093,0.2215974506014915,0.06233123005097684,0.1139721159763764,0.09538884341512738,0.08699758706680516
0.12023910090024047,0.11161140236085183,0.12822674084070593,0.1184384448103782,0.03890709859384144,0.13455819871954308,0.11490669751364258,0.11368036548414158,0.1194319507766548
0.15260929008517385,0.0972626648425418,0.08835092066979881,0.13786676168927178,0.08278531713854263,0.11335700458611726,0.1236375874550993,0.12238210955889646,0.08174834397455813
0.09515611450112345,0.12705130467122858,0.10698840082641818,0.12554687249671567,0.04607609477058725,0.09891084292272852,0.10944654864564807,0.16661729678111167,0.12420652438443865
0.1957161614356925,0.08659384179649561,0.08179471578869896,0.11054769636429192,0.057372931921778135,0.10107519752743784,0.11434209077499129,0.12561617437719913,0.1269411900134146
0.157528095166635,0.13239374798423673,0.1922643150399436,0.09556431917814256,0.043618947090789895,0.08711244573218883,0.11808405963772477,0.07516009443140603,0.0982739757389326
0.1398143585881194,0.06699896842564274,0.08884905322256455,0.14548162954238522,0.08149437180831975,0.10203320370135066,0.0900514140081561,0.14958561154542976,0.1356913891580318
0.14672740694637962,0.11506798404463954,0.09835491426770161,0.1098205388345198,0.0568681494747883,0.10149554098808755,0.09785830354986373,0.09791811237360037,0.17588904952041948
0.11882963838928429,0.16465438964812332,0.065641363823805,0.07272775063172825,0.09757199592076098,0.1030277850010884,0.11170058280217554,0.11986535219776466,0.1459811415852696
0.12160793540200131,0.12575573226409234,0.1646692453615616,0.10351022430776331,0.07444821265906142,0.09870573429990552,0.09505495048710412,0.0952164815330389,0.12103148368547141
0.1192414227083645,0.10628659023588267,0.10145242950628187,0.101061662674466,0.10797576256655765,0.08475862808701053,0.11048644043731555,0.14896017408979023,0.11977688969433105
0.18408307232534707,0.14050525067078387,0.06227970620722897,0.09395332513370447,0.08789715211513223,0.09568731382243927,0.11239861423373589,0.10798360488528562,0.11521196060634253
0.08310516108556477,0.1175938389842543,0.11732810345537993,0.10003254268083694,0.14710739274542572,0.13081885215480388,0.09998449776283354,0.07290889594342485,0.13112071518747598
0.11367492950743445,0.13598608385321365,0.10239969383890513,0.09939648867336298,0.2129007416031119,0.052660312926796064,0.07956473237033417,0.09023435963971067,0.11318265758713104
0.10557473941720641,0.07234824892943181,0.12427688652282491,0.11926997818040558,0.07254245865946073,0.15322573549406607,0.11047775479402994,0.12422704390338624,0.11805715409918827
0.1032898106157563,0.11881412549523394,0.14845451886080968,0.13641160449670922,0.06588660578862236,0.12838973534887063,0.09844661121681475,0.10125472602887901,0.09905226214830413
0.09526428832541238,0.10306281899704069,0.06141484534667804,0.09669241280700659,0.15684393449782227,0.12903752663743073,0.137682096112314,0.09728206107572834,0.12272001620056698
0.08080484139802373,0.1270334234356875,0.08847667760135132,0.08657708197899679,0.1841997459701317,0.12346249531585753,0.09875028137108345,0.1098865571422139,0.10080889578665407
0.07202127901593254,0.06871484302296978,0.1524834714501648,0.1290164499293337,0.08731687907055308,0.08589735383364532,0.1170268337073958,0.1328340107015725,0.15468887926843253
0.13294627084646948,0.11906850717186718,0.11724558458966844,0.10266561926168714,0.08352507374211765,0.12445063423871293,0.13326654003832342,0.09793783392930887,0.08889393618184493
0.1751929005119491,0.09792188964240815,0.1357272469311834,0.11713883234833988,0.04894021375738935,0.09998346887513337,0.09188237265606147,0.10386946093143808,0.1293436143460972
0.19464004742169175,0.0968342620278766,0.12057571555254504,0.10535305506789938,0.07945656062916882,0.08302047788273818,0.12074015401758541,0.12245195361910101,0.07692777378139375
0.1467119839416613,0.11145699473456401,0.10921977226477686,0.13657049999494258,0.07077062408147052,0.08344578024237541,0.11873237492634636,0.1290868633458279,0.09400510646803507
0.12218261756347452,0.06406484957227514,0.12554965043389843,0.12765599132155253,0.035118545661880086,0.07804196155849828,0.12609092170717492,0.21558664142377562,0.1057088207574705
0.1268906047173797,0.15151562803861865,0.08787839031140139,0.08843459623933497,0.039451275819298304,0.09566957984626799,0.1105629647629331,0.16810398927617487,0.13149297098859097
0.18378576028204843,0.09040061502778927,0.0797590489593318,0.1079621843877147,0.03690721718061665,0.13170119136241581,0.13818757396672518,0.10283144449418498,0.12846496433917312
0.13059930843737647,0.1265247961609469,0.15133344487411307,0.09466717124293265,0.1293257106269122,0.09470103903327322,0.12616844390465298,0.05822054065248344,0.08845954506730906
0.11495294069854467,0.06918060196598991,0.13514148392268194,0.162508131144049,0.15546118883447524,0.08166606892192403,0.09799138634394959,0.09112583613587667,0.0919723620325089
0.13296015805597758,0.13618343891932652,0.09885994194271701,0.12353935221284733,0.061709105159835555,0.10270512904196143,0.12945905946769318,0.12803882141430067,0.08654499378534075
0.11683119052241185,0.11923992082302441,0.1133860111848034,0.10109863585712751,0.17219860189356154,0.12418166592815999,0.11051063869598031,0.06587494100689952,0.07667839408803148
0.10288165927846317,0.14678076629154235,0.09565531376106014,0.08233665890099325,0.10466652393248028,0.1417927868776183,0.13887026786221354,0.08170444756350184,0.10531157553212712
0.1103413189409251,0.12939583842881874,0.12148961796201291,0.09631419349661104,0.05202427121268328,0.1168501722161492,0.11348408977765549,0.15823232563818204,0.10186817232696217
0.09936266703409595,0.10748392584981149,0.0871902910403969,0.10657543884665209,0.1269751636998165,0.2056489777893258,0.09334138159482103,0.10876699478401906,0.06465515936106107
0.11644117013045456,0.07813099300926228,0.07553979251927993,0.13328141155475365,0.018588213828372887,0.24057281984207549,0.10556527780465652,0.13921970248696316,0.09266061882418151
0.13625789378745948,0.08308160624076555,0.06376608345165671,0.12267325542143415,0.07787043224135477,0.13993230681507685,0.1137693523727673,0.17953075611313554,0.08311831355634974
0.14014210575714522,0.1342327979375529,0.07675426850079238,0.07685994729993127,0.1808930385998119,0.10746031919733336,0.10354264897518299,0.06401836708703011,0.11609650664521982
0.1051038135130991,0.12820868495132307,0.10217868051952524,0.1172765474730376,0.060912791227676344,0.08441797811666411,0.13356976600017265,0.12151450738638174,0.14681723081212025
