0.03111899814301657,0.10188016651069916,0.06531176375198672,0.043367085409925045,0.18505429431664985,0.30622429069367035,0.04769839617170304,0.12481843950075538,0.09452656550159393
0.07443641998687951,0.18203491328758947,0.018062820524516177,0.36719380677099794,0.15099582859554195,0.053420394479607815,0.020288702532724117,0.04968826525643404,0.08387884856570903
0.12096035984873794,0.0521618063233373,0.3572867301512441,0.2303286437328448,0.09104144894664419,0.024969079155982458,0.05792011032203159,0.018797710039692987,0.04653411147948456
0.08220156325773971,0.025546034099556306,0.07716688830594705,0.10402701321245174,0.1751048713510143,0.05767396982491022,0.2974759560955986,0.03799832547194782,0.1428053783808342
0.15453909621374395,0.03713009695996134,0.18460348292668194,0.057825476689177,0.0843200403317536,0.06038741436902876,0.2845063654335185,0.026756917018193386,0.10993111005794154
0.046348378608154654,0.29835643715139826,0.202901736250105,0.16274902405412295,0.06524364467040476,0.0318002278834239,0.1025329478111559,0.024478692116075115,0.06558891145515945
0.10099020188988783,0.09947321743945137,0.19795697256359898,0.15305516341603106,0.0820914084861772,0.05079426024409454,0.14887152239661727,0.025926860866489237,0.14084039269765247
0.107739411909879,0.11160843352151593,0.2731112981905168,0.09056921320032037,0.16732242461102587,0.04051683459981014,0.07143001809872991,0.026818469788261304,0.11088389607994066
0.11537821053604146,0.2778849351416061,0.05292738446315257,0.1369378058136881,0.07694290085590776,0.07876000441055052,0.009381244251373702,0.10513026769638041,0.1466572468312994
0.429160616803513,0.025651582169313073,0.16066506978363546,0.06238821055726682,0.056759590220756995,0.026855370944511275,0.10635784167845526,0.03019338631959524,0.1019683315229528
0.10993292491364992,0.058515004044462915,0.29007729814241306,0.06437411604088429,0.25102988799780485,0.021807317795200187,0.07157099038510407,0.018806297858772317,0.11388616282170838
0.019817549368934328,0.07528663156661473,0.16706343975063334,0.07439299495658977,0.08738836215431811,0.3063347573067674,0.03173723010661761,0.14494688620258595,0.0930321485869388
0.06589345832483341,0.06529440960831014,0.04690450355000813,0.38804070430047766,0.14891101126360287,0.05185816083274033,0.06958466742623144,0.06311562599788116,0.10039745869591482
0.08802086608194792,0.23272908597373676,0.0770540362109996,0.08401783079321844,0.14822781762248002,0.037366999075346956,0.04139126177382078,0.15773466537732436,0.13345743709112518
0.2754115229730035,0.26798255829165224,0.14230831163441066,0.11482834814002092,0.01633600619704997,0.03199261551610024,0.011997062576842818,0.030761327237938747,0.1083822474329809
0.02810256021554929,0.22988369451364432,0.19225280961932667,0.05422447792622189,0.10869294212404579,0.13452698237875818,0.04970030189205601,0.11847258569902845,0.0841436456313693
0.09900225247333755,0.12029608771881184,0.1941055544782042,0.14770148050020163,0.05878214269871318,0.02067094110635025,0.1832429635358863,0.056962846744188944,0.11923573074430621
0.2167690075660552,0.31695945221163074,0.03941513380107829,0.051815107891962,0.025075956048821898,0.04766523403063661,0.01658437756185503,0.16324772262874246,0.12246800825921779
0.1395235759348044,0.21385066113414183,0.2446801739136896,0.14548428735653196,0.026575013648261883,0.08617082313420484,0.027175716880681423,0.033832163323098345,0.08270758467458579
0.0791685988156066,0.05400533524139445,0.08735676077177529,0.12900441811460886,0.07730301722907541,0.025165355686598733,0.3324692559100356,0.10898647382390579,0.10654078440699921
0.12499103471197198,0.13684668221318844,0.19850647533212396,0.15123475145112295,0.024644383029242083,0.02057889124070575,0.19404981094188456,0.04867265834547912,0.10047531273428108
0.0030517286015143094,0.19970010190478896,0.07919194819643594,0.17622178625065912,0.3183510173583466,0.07597834122351278,0.014334764046142293,0.0435243768805782,0.08964593553802185
0.018304483558662474,0.1259465509159047,0.08203852949343939,0.4001849735390995,0.11039678799777652,0.011096787514022535,0.07313979366916114,0.0856499895826247,0.09324210372930901
0.35684034921653796,0.018958221795650477,0.09761889577433953,0.06908621375451575,0.011162714040538346,0.05000511856059244,0.10190324381292154,0.2397474722280041,0.05467777081689987
0.05249255854468057,0.04001520279399465,0.13781120976724445,0.3217650954980577,0.10369514791788047,0.028700225561213922,0.10398672345594678,0.07247374924318577,0.1390600872177958
0.12477002082674837,0.19467921366272453,0.13575314061110597,0.1469907499887241,0.17182407259413437,0.04819529701637112,0.05607525400683244,0.024203610236692364,0.0975086410566668
0.012560288705894589,0.13379532379238673,0.052017776318993875,0.31346478615011586,0.23416717879863613,0.007438451624717994,0.02036438810076686,0.0823306695838532,0.14386113692463467
0.1178145538022996,0.25008863870970516,0.14275722881251682,0.061781954162089224,0.06834418383611002,0.046073318361465894,0.1252020790273762,0.03672131125129404,0.15121673203714306
0.024244271814241655,0.05231273274826623,0.1349090339946842,0.26692910928319075,0.1059206745475395,0.12344768334605177,0.025179842018596587,0.18345355395675653,0.08360309829067282
0.0688162269588017,0.22438016755240306,0.07638328021048989,0.08738615064965681,0.054617773247728464,0.227425872633926,0.0769071481975191,0.10983248697302807,0.07425089357644694
0.12372976504572673,0.3230736364863352,0.1866713689006089,0.10563345603581896,0.04303796036081792,0.04471843704598604,0.04886281596112991,0.045946603799196,0.07832595636438039
0.06244869115923909,0.0948936142802289,0.09086229865890212,0.06635002669037306,0.2539626412901774,0.1035327217666277,0.06915409747930887,0.0562431542498153,0.2025527544253275
0.059862814873046566,0.022896749144988005,0.2578026360116071,0.1533489330413939,0.08759397261506141,0.01803195286190545,0.2835846075748507,0.03010044719040442,0.08677788668674248
0.10454353062740263,0.24106925346941951,0.16102591692827828,0.19577346542403262,0.01874293544808835,0.0846440045374986,0.052803875673373135,0.030314363216574033,0.11108265467533289
0.1883844434875054,0.07569452025257638,0.1474019179810416,0.14810557640953348,0.24262866198272995,0.050463742052374284,0.05775656736962767,0.04893413504666211,0.04063043541794921
0.0258579092423914,0.06382545099535646,0.1302079847605376,0.08613779340451054,0.21741161436405432,0.11727092308817093,0.08352769824789913,0.08822603725250396,0.1875345886445757
0.32178403403633365,0.05758736053335858,0.06918024287389594,0.08803665474997098,0.0823321712605375,0.029981063998903646,0.18423299044060903,0.11445706440604338,0.05240841770034732
0.1640816007496058,0.05769433244316152,0.06239336244379429,0.1347816326972669,0.0899194309765844,0.043721554755034385,0.15330953871050035,0.16425789490744577,0.12984065231660666
0.1250628500186485,0.053714865855014476,0.22314121222817407,0.06739029054904092,0.08252350336200269,0.058338800847782944,0.14969973325786265,0.10861483509891871,0.13151390878255506
0.18580401311071593,0.03837154842800244,0.23500941472143644,0.034874369425988594,0.03703456279104733,0.010034721639042832,0.3795496641509875,0.027628251352547456,0.05169345438023146
0.05664574720674071,0.16832358980903694,0.15795399395846138,0.27233456029145553,0.08813635659903918,0.07729300867233231,0.08275122689931173,0.04165410729454979,0.054907409269072505
0.12287774750413578,0.040528394360481314,0.12292895624861527,0.25736562987283246,0.06352741619699344,0.06010727550469564,0.2183279197110218,0.04300303352873047,0.0713336270724939
0.12214856740273745,0.03516253994989423,0.07059994167642995,0.2699440894164917,0.25773429506341977,0.025859198774505546,0.05659825234787497,0.035198913080200345,0.12675420228844614
0.36834237246226104,0.11124123164527917,0.07724220558951016,0.12645800327114576,0.04017817225065105,0.08073870746442806,0.03452750707713675,0.020830784648219153,0.14044101559136893
0.04434841581906226,0.024748780745852378,0.08062199583805918,0.046581137937958254,0.042448351700779825,0.06592248259395346,0.5142046326786928,0.12063726503081519,0.060486937654826795
0.09521089391801611,0.0924725240051617,0.2808085689862128,0.057853361417588206,0.06515508149733445,0.14156503187503247,0.03888489515004136,0.0673751995527658,0.16067444359784708
0.2776628557292831,0.04502486072454844,0.16303846017295465,0.025819220024084558,0.05704605230775048,0.055080811291090624,0.1731110312916888,0.07651512331687821,0.1267015851417211
0.11885267223357987,0.3354633502859323,0.11426291789579042,0.14472865335940446,0.08417435325969234,0.004211855002160728,0.04925126943945437,0.07782488398841624,0.07123004453556933
0.0673671467028554,0.16855044573538866,0.10562610808539095,0.018498258536871773,0.10930131910788166,0.12167419535033092,0.13001149382154642,0.13733917886088812,0.1416318537988461
0.07044545677611636,0.08796620357228542,0.16371136866176125,0.1410885229997972,0.19180262838087356,0.009091454441098356,0.14382078009768914,0.056121711396292955,0.13595187367408582
0.09630902330959713,0.23208602136612289,0.24131186670839658,0.009981961384763453,0.024090803746675923,0.24434502134076375,0.019155549335473903,0.03206566544815204,0.10065408736005425
0.22519338140252965,0.21098954177105445,0.14228275594193837,0.06327733709715684,0.0484685017610477,0.17659015591785399,0.018996500134053292,0.046880928011034356,0.06732089796333131
0.048042016709630105,0.08031250077222253,0.3119537943537798,0.19173556165231156,0.08245458423831455,0.09453184058027476,0.03435004038066008,0.049424877323415294,0.1071947839893913
0.10955647892808328,0.17098131855024867,0.10357251761125465,0.020520669943937416,0.08375102618905418,0.07271334878324051,0.04882714695760698,0.14558694976828027,0.244490543268294
0.005062996402168085,0.17071540203188948,0.0709059863192493,0.22092204443442198,0.11539321667124779,0.0844534439076169,0.12315691767824738,0.10206616549572158,0.10732382705943751
0.21242345439548763,0.11311202384212797,0.27222470259379317,0.09786648398731607,0.0443945195780979,0.05699552339710209,0.07362102323875373,0.013089797938555706,0.11627247102876585
0.016297250080395786,0.04320832080819165,0.1270177039063429,0.14363051122958803,0.07095547596997487,0.20583939967465584,0.03482079288414175,0.24186718915414018,0.11636335629256896
0.21165823836543632,0.11244554649561582,0.2831912794607144,0.004763358131183245,0.060667991586932146,0.033941256596467864,0.1673660370837807,0.045813219012342865,0.08015307326752666
0.033048881422647315,0.03002433569682014,0.07694617903336087,0.31497801713940393,0.20302418172992068,0.05697967660105722,0.13147142980839585,0.07628184662191398,0.07724545194647997
0.31821454269563426,0.04116055456573509,0.14757018470235186,0.12733397204199737,0.03570550069917778,0.0310123869117951,0.19276744024252346,0.03643004223927641,0.06980537590150865
0.044355737289351126,0.055241108002521654,0.02336963956190309,0.07375506279426158,0.16923500951377254,0.32586044564779376,0.04183851150431558,0.0853263877755609,0.1810180979105199
0.06779377135080293,0.16283491115076096,0.2519181207953382,0.048368219217874986,0.03628529259405603,0.10982604690429616,0.06957181403254346,0.047539294456267235,0.20586252949806003
0.03430659337102288,0.08489788204641124,0.07228218644515295,0.062185488661490346,0.07802349589742406,0.1467046287944823,0.010900477828124344,0.29802085548870894,0.21267839146718295
0.1809291396587515,0.07697791031200303,0.1957386016435433,0.020302904838337337,0.13687923919770026,0.07763717216620661,0.20231254933092702,0.021740743178718408,0.08748173967381263
0.07672381468531421,0.04372770149022701,0.17813046404793034,0.34253580944751777,0.10146926684734316,0.08911223998667638,0.0619143548710066,0.048154133145820614,0.05823221547816387
0.11033397697252016,0.200269824552332,0.3192779278965436,0.16860120414786386,0.018888748437787373,0.058093115597124524,0.04284852146203517,0.01026034326647159,0.07142633766732166
0.15903055439397676,0.17928684721156962,0.15157657734176108,0.017403795685641942,0.07832092885660125,0.2416873909538156,0.03858436210295659,0.04821752125771988,0.08589202219595728
0.03052692340139034,0.06249285739517369,0.17714222872489546,0.17905050303638914,0.17091196632653471,0.1188710815795954,0.1059077835868061,0.10153533658347613,0.05356131936573905
0.04878292962216035,0.20832068385336192,0.14187887611516856,0.1959522269116025,0.032291794268743956,0.07216433138869148,0.0879936548308823,0.08295195172390803,0.129663551285481
0.09974239805635572,0.2259124718943141,0.14088225952771968,0.07292879002419701,0.06833883960767852,0.0702029050232197,0.07251673209486349,0.18311605006765386,0.06635955370399783
0.31247264965724086,0.09188666589574014,0.35747068790408654,0.024863115242908657,0.024978732626083213,0.010683643943585066,0.10758293080529187,0.01454780999029779,0.05551376393476589
0.049357274917981774,0.2144398011192894,0.13376742164401897,0.07899449872062328,0.0759992470716389,0.10752336084680587,0.16232673096983033,0.028768771582242298,0.1488228931275692
0.06150107655828038,0.08091860891499046,0.2816526054556827,0.09671259046800107,0.12043509805964014,0.17138400890323915,0.012747582954789857,0.04225274994979256,0.1323956787355837
0.02655668889512595,0.14417532287565482,0.11996969019274462,0.07365464144450624,0.041511036656471975,0.3030080087377112,0.03513244537609374,0.04551972340390692,0.2104724424177845
0.16386272654200978,0.08100488243594424,0.08192142833505252,0.16291091914393183,0.16891417533098638,0.08576612100218678,0.10124126103719132,0.052967657458289984,0.10141082871440722
0.2462429182464824,0.028428906790751236,0.16553785091275053,0.1732202446560084,0.11980727019867787,0.03659272914848519,0.14466656642650555,0.03103392593654798,0.054469587683790836
0.01513802334711434,0.1541674452417249,0.30008182952963697,0.08269991403711612,0.058293162559486356,0.041125512477931885,0.02175832328518386,0.2117406896006857,0.11499509992111999
0.01935768903662646,0.028166220042219803,0.27649263697607673,0.15726879291284482,0.06634620002237389,0.020677399173315722,0.32943758761696057,0.018281522317601467,0.08397195190198065
0.020279669588955464,0.1075673919691456,0.11030771348634405,0.3379585990157028,0.18589172056841766,0.07612939864466141,0.015325567542743912,0.08804275692640645,0.05849718225762268
0.0430742900134497,0.15110319708179726,0.1443277947960674,0.3147967363879047,0.10252353216564042,0.02895472785314361,0.1169207127082574,0.02036317802167537,0.0779358309720642
0.10006150600927688,0.2807239901821324,0.056259728535921906,0.1555158817114612,0.07966514772639348,0.0610396800069144,0.00919662535415742,0.10297953651716459,0.15455790395657756
0.02280389864509373,0.21693192014256812,0.16675190957983668,0.2412276006213593,0.10881040777260069,0.04438863597458811,0.04302499741706565,0.0978415875286593,0.05821904231822838
0.0537970821786648,0.1861093779761347,0.07622318708516751,0.1471290364774157,0.1921094608143394,0.07193981033059622,0.04480217889949032,0.12029900476958603,0.10759086146860537
0.1285725447524013,0.43578331337375503,0.03929072894393821,0.04607502260242854,0.08106927797806883,0.02948133868331353,0.010846501965967224,0.12320977633495818,0.10567149536516916
0.012995367121124543,0.10753979457503186,0.4165616308847129,0.08982708926920875,0.10864800395708978,0.03225358819753064,0.11018040479261287,0.043095988067223,0.07889813313546569
0.029734791141310613,0.26482294542585527,0.1965792747130819,0.23151009998188768,0.05358468987129753,0.04175064523634775,0.039798288006284675,0.016515380108054135,0.1257038855158804
0.17599745017525303,0.03823137286068041,0.08268493160398467,0.2741407482020115,0.07435442962317017,0.025082634011028004,0.16405424755173495,0.05590763002268518,0.10954655594945202
0.2996156598884559,0.03759190525385319,0.18635965445122618,0.2001498464989612,0.08710093963437726,0.02963515497591089,0.02421744056222891,0.06432556081176942,0.07100383792321698
0.03301081764441904,0.09291496300156891,0.051999965435545914,0.07299778168536296,0.3483497877265955,0.16344124504696098,0.033595585328477666,0.0598807915240123,0.14380906260705673
0.1665373920123796,0.10101891193832607,0.09097727774504921,0.20383752140370368,0.05427109697043913,0.04442004603282355,0.11136490545926293,0.06962981471385933,0.1579430337241566
0.09578496268891812,0.10464566528171197,0.05327946292164304,0.4516033132494934,0.0627930863908192,0.03209179770581929,0.07289131435331968,0.015477625101491527,0.11143277230678388
0.20089656215819982,0.03754216643745852,0.32599789911154775,0.06586484542429809,0.13916911063009066,0.008873653061705317,0.12369379671536634,0.03137788848314158,0.06658407797819184
0.0891586062299835,0.03962287167787845,0.22615569542274191,0.04002489350095541,0.3434677362675569,0.0141398119285249,0.08668279259155454,0.018287607738433898,0.14245998464237045
0.1449691566160128,0.0707294642724593,0.2829233811850255,0.16115688972552145,0.04517714547929134,0.05100256808420361,0.030111323665750544,0.031968201339357155,0.18196186963237823
0.025272053835662684,0.05751241520768736,0.046174047453967686,0.4884649132266831,0.060568239884769746,0.014588304735632109,0.1819588608884166,0.03174893897228031,0.09371222579490036
0.043612703170129725,0.036367610438439876,0.04828759439559934,0.3240890684704962,0.03481732810732323,0.07574555656553339,0.3685408465152305,0.014541236725763344,0.05399805561148435
0.0136032316496991,0.049866685164762024,0.10211573020760063,0.12356245391949507,0.15798699614074255,0.160694007615759,0.004514566395364798,0.13458449095374717,0.2530718379528296
0.052339226172378406,0.05018720255676939,0.18549096912270846,0.091398503703624,0.17191488748689499,0.10268801622636475,0.04900273115661979,0.18765231000417917,0.10932615357046092
0.061204866996884266,0.04986302741154919,0.3066061898730545,0.2121456651086732,0.046640902224917125,0.0735751490549345,0.054924448827136756,0.08772766031361923,0.1073120901892312
0.04645022416499008,0.1366915759436156,0.2215714769493856,0.11718099494040529,0.11307708679992357,0.043270126961359255,0.2505975384344034,0.012572963521830028,0.05858801228408727
0.02878314683506279,0.1449150399917547,0.13433899860356896,0.26924118780036405,0.06001586647790347,0.04384450486741498,0.05682266122823767,0.08945986922589529,0.17257872496979818
0.05255448822594203,0.12107912961230893,0.04981781354773119,0.06411426158392201,0.18630663588661867,0.17632569361592743,0.047709187053758255,0.18480327465538227,0.11728951581840918
0.033236311154218406,0.13208847406874955,0.09568949590496356,0.1937971034425423,0.11433988354131153,0.1835775143428852,0.02853286798836141,0.06821417331329986,0.1505241762436683
0.09328372332393788,0.05499266536917342,0.18378963239163734,0.19108215733353817,0.09423681681045043,0.049816953526388506,0.2456109401828228,0.02913009594516408,0.05805701511688737
0.00640602038693354,0.1484602836936285,0.22819911757410594,0.304791969985746,0.11140940117662286,0.100800319763239,0.011064094539524486,0.02230630734541834,0.06656248553478142
0.11304456095490784,0.14931956359704643,0.08766712297314294,0.02549884991221522,0.08536467565682339,0.17180109588064654,0.08683624466545865,0.04889119335307749,0.2315766930066815
0.0203851500541891,0.05674143340539934,0.14896940177532125,0.19979742027138161,0.22116426873446857,0.008787537409347039,0.16847705600683147,0.04744264674229092,0.12823508560077077
0.19957962792903916,0.12801003847639555,0.12334850235949317,0.10706870887715762,0.04774035483949488,0.028163711961321097,0.12496615123465239,0.06761916496573489,0.17350373935671123
0.07402553005118459,0.0662837740916238,0.16217914047153217,0.08589721073722345,0.17881452007594115,0.15888672641375934,0.00931436279291594,0.08104583126381672,0.18355290410200287
0.0739095917420548,0.17148978724173822,0.20830118786600793,0.04927651339364226,0.11141570848009975,0.11867172915345901,0.07325293361367785,0.08674005457120619,0.10694249393811406
0.02595339796809462,0.20066763590705494,0.2905129292552449,0.032970243479947293,0.10868039943836753,0.06160023666040689,0.18954514610954343,0.03073578150007546,0.059334229681264984
0.05763429616060294,0.1416564017333581,0.0553344056800315,0.43257369332954737,0.1075150859223612,0.06653050393790572,0.032222061927417535,0.03380746296362333,0.07272608834515241
0.4330200088446133,0.06560033244982737,0.17634313469643323,0.03213506511625891,0.054462368233573415,0.027607284175260666,0.05078777949530728,0.03287705401095409,0.12716697297777171
0.2960661799424403,0.07726952903147727,0.10950705729869518,0.23800255232963216,0.13661877369271705,0.01731749523798026,0.0548334779616289,0.022050524617522493,0.04833440988790636
0.4691427010665968,0.02427588011564832,0.25589994699609303,0.04564035957463305,0.04397526683797707,0.0350484915455623,0.06291907247312689,0.022206728282706294,0.040891553107656096
0.1217005458512554,0.16540833483148917,0.3297995320127777,0.07625912566096081,0.06303797198304784,0.014353019588980187,0.045084883084300274,0.10788631306246826,0.0764702739247204
0.02425917705937813,0.13513566951416237,0.12206794361035034,0.015964495680775157,0.19716092069578484,0.031459631260533576,0.027602702147320895,0.3880116430169062,0.058337817014788525
0.2616167901977475,0.03665957368785936,0.07323473114508776,0.31303373164810916,0.030955210138493977,0.02576138768077133,0.17477366031399874,0.03250618105037272,0.05145873413755944
0.07342977507157124,0.06373633974232083,0.12927174331572133,0.2010152078569035,0.11525331932091872,0.03380069170209441,0.27357863054579357,0.050815720592987446,0.05909857185168884
0.2120206345315039,0.03308830816389069,0.1332394084057055,0.22018536818163967,0.11467774376062297,0.04312272681469984,0.06556565297342871,0.05541584787315995,0.12268430929534875
0.027101362237633375,0.0532513027273141,0.024943800874292585,0.10522269553459997,0.1036436611659831,0.06859211623704804,0.10243576458144665,0.3700552362255436,0.14475406041613867
0.14292965601164723,0.12391396223622557,0.03752806089922331,0.014329766554553083,0.04000057598279338,0.1914666795241712,0.1577066429900845,0.20813919721647545,0.0839854585848263
0.150732059208557,0.049080449587218446,0.058119525379413596,0.42883012948654925,0.10130505954752407,0.011012694329487925,0.11634641074523384,0.03550546426570004,0.049068207450315815
0.1795303977784424,0.11713085260913762,0.3288814556434311,0.06835679311859828,0.046398105050330866,0.08439824543015338,0.07682041579617674,0.03688860340531286,0.061595131168416806
0.014518797740189708,0.07808488780530175,0.1503487125744962,0.07183509053113245,0.08903145869397093,0.28804576605254434,0.15549333998509426,0.040395213541322854,0.11224673307594753
0.2826764535740111,0.07955637887832491,0.1070715490762814,0.12430257268364935,0.021213864045145307,0.02856355898890292,0.19401562291053642,0.04470193613749605,0.1178980637056526
0.15283630680766425,0.10339222387557688,0.15332039324405264,0.25276245743867826,0.11195813406392935,0.02651894009420293,0.08345613025249354,0.040842677476474416,0.07491273674692774
0.31145861648624124,0.04306448405312035,0.23363810428526013,0.1509288330979226,0.061994339508873925,0.030151254693842455,0.028105830389354575,0.08510870638908942,0.05554983109629532
0.10332601596036561,0.044860421058563166,0.34060107026986236,0.10920751594528033,0.03634123192137224,0.07087250310758574,0.1087068693166427,0.0521735738291764,0.13391079859115143
0.11815512477598217,0.02059227026985114,0.3145505319868131,0.2728743748492809,0.04906096391121656,0.0113760185288512,0.1579781348619044,0.01422524527546643,0.041187335540634105
0.08766609799627573,0.21358298536849418,0.2612553193893475,0.13082059124898557,0.05879416470269875,0.015968496412437274,0.08447239693164697,0.06780069613594251,0.07963925181417159
0.06989472768022918,0.05932130857492216,0.4501990113399062,0.05833510965797802,0.056894254065729365,0.0347718877156113,0.010492738049582631,0.141632694374466,0.1184582685415751
0.020211473923991658,0.15861338713174575,0.0669324267895733,0.065292787700681,0.06124546637437809,0.04763287554418478,0.006873609059585793,0.3731609193124952,0.2000370541633644
0.08075981206359906,0.013654532947214379,0.17997094228162405,0.17270004192077562,0.018927006558826745,0.10136060660127917,0.2694445962773565,0.031821067819695105,0.13136139352962933
0.1496131826964809,0.050509426481273656,0.19764854305090485,0.10267550727862405,0.09498506620031133,0.053912804367697464,0.15650560576542952,0.02870605526853468,0.16544380889074353
0.11464794691375234,0.028771287641955676,0.2040041394183065,0.24323268751855154,0.21490183141217703,0.05797708317070652,0.05387160105739888,0.023544565294737158,0.059048857572414314
0.032943172954501505,0.02996676685806898,0.07693013679790518,0.31519523509592745,0.20316526719865943,0.056905978778375776,0.1314559128200065,0.0762654610650056,0.07717206843154961
0.023996809950486673,0.03971406109959276,0.09455282142319436,0.1567765606576231,0.20106845940384446,0.14145685479474823,0.14278246636726857,0.13013079536233577,0.0695211709409061
0.08060517080452378,0.11332558053708978,0.1036567643648707,0.06319542847885871,0.15603891825679866,0.21562580914799656,0.0341431873173851,0.11785695369157789,0.11555218740089879
0.03821090139665686,0.02962003138184201,0.2330168935929338,0.34076951380543924,0.13519684778610463,0.028608288422924066,0.022271789111501943,0.03942246161518443,0.1328832728874131
0.11643113726398248,0.31177370083464245,0.0777312257280869,0.18832774987286674,0.07565817496025491,0.043774228798776606,0.012068189853108001,0.033417857382345435,0.14081773530593655
0.028977030528363357,0.12662557804533434,0.13395025901382837,0.18902210252869292,0.04222896259043587,0.09759724858681744,0.02093642567468686,0.12115968988382515,0.23950270314801558
0.007259687428293505,0.08101771166118017,0.11805337175728949,0.23526520338361231,0.09424732230848347,0.03936346086944418,0.08713593930648623,0.2674361143213325,0.07022118896387812
0.07899024378009423,0.214651181901883,0.13223771346742222,0.2669613967102991,0.07449042746620238,0.0414495644001385,0.08883716060948392,0.025171102518889255,0.07721120914558731
0.2230212097808327,0.03145177223143565,0.12314857289151886,0.20272019446905173,0.05180131523899819,0.07739260038663394,0.15064219437001425,0.06040704503476412,0.07941509559675053
0.13235474003411954,0.09568539893879809,0.07293093061410467,0.41777584056003025,0.10876372572437264,0.01585794265888626,0.047895921845673595,0.019156395448686282,0.08957910417532872
0.14485338930945982,0.011279882247017233,0.15583323983852818,0.0619892563493756,0.09912582476456777,0.015460933837127521,0.3741646953533431,0.06965622084711373,0.0676365574534669
0.07764968293647552,0.1346005229095326,0.27683087334559775,0.008658678792837734,0.06365326636188069,0.10969709097145208,0.01632132096892747,0.2181546723480757,0.0944338913652204
0.10448687020331686,0.07137724390754874,0.16100261528984236,0.2035855090022826,0.07725915071546459,0.17283129302874056,0.10274043353526897,0.030380964773868296,0.07633591954366703
0.38940680001995864,0.09629835367761191,0.22460654078126782,0.05070969308412909,0.031362135835214223,0.027282542607737176,0.032394618756478186,0.05498747721282011,0.09295183802478287
0.03937528180424626,0.24166711791786052,0.026895928744960048,0.27719276035588825,0.11827489400136815,0.04098566505063585,0.040427109235892426,0.09663319468368729,0.11854804820546111
0.0534291022002612,0.18439261428049736,0.2876014064673509,0.136144943984619,0.09891101167854337,0.007378185675090535,0.07743893343007098,0.08485483460089262,0.06984896768267403
0.14919988804918868,0.21951305115063488,0.27644544799994814,0.10048981739609114,0.020004068062793433,0.016198402386089304,0.026738824634294226,0.06812826190657854,0.12328223841438161
0.07193153097828701,0.10213393796341495,0.12284834887173739,0.14298096950783726,0.09462600688650691,0.2702556806622262,0.03868913786940669,0.03281716435770322,0.12371722290288036
0.4346836861230219,0.040374092559359,0.16130118788136952,0.03662272865741386,0.027749329911224214,0.01664970608704464,0.1944553802877285,0.037704206510599,0.05045968198223944
0.056732263436364616,0.12779955461770817,0.0450318403950657,0.09313939647804147,0.16027253871064984,0.09448127008068248,0.14268581569872546,0.16833885226342382,0.11151846831933841
0.10325055840333792,0.032740079799354956,0.14707845658515697,0.42531175787447556,0.0493905055147307,0.06295304087045923,0.08254861269875073,0.04088733322465705,0.05583965502907703
0.04580572315447073,0.18270550328798216,0.1140941510497127,0.03732744568761434,0.17012488523759264,0.055598281625288924,0.10326119212287664,0.10199772818891865,0.18908508964554324
0.04619613745114298,0.15464400888601346,0.03432293529301983,0.2651612784172716,0.16400488625179796,0.11638684407890316,0.03322237474289837,0.0536723869892002,0.13238914788975242
0.11120247882950884,0.14358152899593998,0.17594984497276253,0.2264418466437713,0.06524563967798962,0.04088917803850493,0.10809164875163306,0.03410097819497914,0.0944968558949107
0.03472867307651733,0.1567144874258354,0.029931906068968676,0.05087450743939962,0.17559110644665496,0.31266714014330194,0.021316759381199913,0.1044144853354907,0.1137609346826315
0.054205909751774896,0.1466717312259129,0.11602965609880873,0.15750619496328935,0.14125649564929196,0.16851407402091867,0.04334629928690312,0.09052357016835295,0.08194606883474741
0.21194766333815887,0.22685772638298954,0.14429723904037994,0.05939665736975549,0.06132958610695699,0.09106087368606279,0.02099114862531118,0.07246642923556983,0.11165267621481541
0.054008771864454776,0.06432673059147494,0.12235756900690886,0.050279264882080676,0.23282251090099862,0.24888022762054027,0.02269857036987391,0.12332059146718692,0.08130576329648108
0.012700060420979263,0.05587545579300888,0.36473216113833523,0.16504283007544046,0.16684263195470198,0.12261323053598194,0.01196317181879966,0.025787808338093174,0.07444264992465935
0.018369268425802974,0.18167671701657817,0.23621793583370498,0.1648380000450238,0.10266267834489046,0.05531393193804584,0.006195722213029137,0.10383790709912273,0.13088783908380183
0.023989769104597974,0.045747560532756894,0.2855002128240884,0.10084843952026083,0.15891380252522372,0.040267041116639424,0.12161353233653867,0.04439697902708625,0.17872266301280781
0.16502823329336905,0.12773589221979217,0.27810998374332896,0.04885214200283524,0.06132803766119849,0.07750171137448153,0.1131010660291963,0.054816227761847656,0.07352670591395065
0.07640059718740116,0.17466470102985157,0.14285515166108267,0.23294355960558644,0.08610074726570392,0.10592851633899662,0.05604490703879616,0.04941569701596854,0.07564612285661292
0.19365482733059844,0.0769886598670504,0.2007689110430583,0.17691493761767707,0.10945709103332475,0.03711513451180761,0.14146771323791638,0.011271122177728786,0.05236160318083827
0.1654970485594263,0.10670107827100123,0.2610391380592232,0.08387104261423599,0.07349479503135174,0.158841355504801,0.01237503798152398,0.051268428639991516,0.08691207533844508
0.1402616059796239,0.04282308490324536,0.11934799200220476,0.0673970246297466,0.06247170143280254,0.3032046607553146,0.12035816179439664,0.03363091118843085,0.11050485731423483
0.4032336817269779,0.10094903794196823,0.061723949843290216,0.1523169175626484,0.048446327701023556,0.04953008893942837,0.01630454764977358,0.020153734922847662,0.14734171371204205
0.061048710202864113,0.047650359512486355,0.05200403442454995,0.05713649426507043,0.15890091287292415,0.15530159792811307,0.024979740094466036,0.2669455904718013,0.17603256022772454
0.026002526464318342,0.19468103911710752,0.1057424241407931,0.09096222712346487,0.265853972134104,0.01741900969111031,0.0646331455963164,0.06514397636075377,0.16956167937203168
0.054069786311674056,0.02151826720742374,0.13769086455008767,0.23351005429267283,0.058546244630659966,0.016634602988577916,0.35830475732152456,0.04947608411888724,0.07024933857849204
0.10618406357542554,0.3002014148453857,0.07042595552275265,0.07503453570370118,0.13519810736863855,0.09242108251449675,0.02388120096224548,0.06900876201154955,0.12764487749580464
0.031243148826599104,0.04003300202077771,0.20600616443156525,0.12075867597552248,0.034450882765630714,0.01613484829723022,0.49470932933941913,0.02542323190594632,0.031240716437309083
0.02930589003576145,0.03896409707452391,0.4285961749011917,0.05776929887163795,0.054369465154739484,0.03714941470267746,0.21393674910599678,0.016204319939247137,0.12370459021422414
0.03615489297531666,0.11692942569169318,0.27999994244599413,0.15522077091872022,0.054535355418506286,0.040304427169568266,0.03401223451336782,0.05445865735029235,0.22838429351654121
0.031218406438838456,0.08759927815949757,0.07274010967124145,0.24040010553588806,0.03665568671171556,0.05415603460621996,0.10197483679504082,0.19166103150125688,0.18359451058030132
0.01989131466078413,0.34007968135357936,0.09837035287734998,0.0924405843745865,0.10951311381945995,0.1564682731260102,0.021697738828731456,0.08204746669343037,0.079491474266068
0.05485695468628338,0.06367196716251901,0.13402277051887904,0.16729441441173795,0.2067626268460133,0.06351170853159026,0.10219545109838522,0.09076485506183857,0.11691925168275334
0.11671630626759295,0.08537802320505493,0.16732014174558607,0.15886429177883357,0.11690778917657098,0.020948226122757097,0.13920423791834988,0.049995250439300754,0.14466573334595378
0.1186248349762228,0.02910498647642144,0.30288632065636084,0.07362456878996697,0.044252532413316205,0.028579013682136684,0.3080563138770684,0.03343495746664198,0.06143647166186469
0.07695948206872641,0.18508810101868364,0.22409402786951535,0.038756636934070395,0.19340273251488663,0.04453905062040702,0.07642523804319408,0.08315990137569838,0.07757482955481808
0.24919393507501586,0.1786777600746727,0.10915035214214942,0.032553319117714884,0.06249629068969142,0.045671812340014106,0.20168164114268183,0.026808113510435067,0.09376677590762476
0.21665212034068704,0.11958839110539558,0.11114938966539262,0.035336149533921585,0.1208623507762376,0.06280482723573853,0.016361987527868396,0.10945978921844494,0.2077849945963138
0.27031550899068685,0.07554114320782142,0.08898245210923957,0.060112987020170976,0.12109843025514407,0.06529570981372071,0.027571125816788947,0.168495034296911,0.12258760848951651
0.06398551810960146,0.2513210627754367,0.06876878030544148,0.05459952466521614,0.18394177063983355,0.01959346464222875,0.08354061426150905,0.11509558993397227,0.15915367466676053
0.3209945747886819,0.06200907778020218,0.25801601878599684,0.07823357828207084,0.09607812783673236,0.04723682930181126,0.03883249940389063,0.026014201128290657,0.07258509269232323
0.19016016805499245,0.15420377564961044,0.08365547415482634,0.03620347114743249,0.04427245072168718,0.11880710229448421,0.012051235297511753,0.1779370573265849,0.18270926535287021
0.18580401311071593,0.03837154842800244,0.23500941472143644,0.034874369425988594,0.03703456279104733,0.010034721639042832,0.3795496641509875,0.027628251352547456,0.05169345438023146
0.02870405658620645,0.04097307448203329,0.2143584770557911,0.2796835717867538,0.1104057634138509,0.016821683626335262,0.22366975673654188,0.023511847872902725,0.06187176843958462
0.09805728279972196,0.013823091773799256,0.299708567193117,0.0797835224854872,0.1533176287522224,0.014916801632561413,0.1570660671828187,0.06717278061270132,0.1161542575675707
0.020595004793610525,0.29817590327503757,0.06126795622969636,0.20808430721689744,0.12610584693487484,0.10752394815176713,0.025784461443704294,0.0826390239185786,0.06982354803583324
0.08108770957918109,0.05934321851689123,0.16379887820561614,0.12983890335003623,0.15951822929457668,0.051173737580310824,0.26876888826827017,0.028713689571175,0.0577567456339426
0.07315542611930216,0.01630162486099338,0.32715637496201877,0.048836233022462816,0.23835695598769835,0.1296902685280771,0.03427228545066283,0.05323418426991209,0.07899664679887242
0.01003440445296533,0.07759519395595926,0.20237387293875606,0.28916383997194295,0.12307960352704672,0.10991166969365085,0.07359313055963711,0.037732425868345645,0.07651585903169604
0.040484309819858434,0.2862233915794124,0.12326108728950753,0.079478108868693,0.1800786334205645,0.1253372129575031,0.06884973717487468,0.028987434209757638,0.06730008467982872
0.14691793967841205,0.0724429750807171,0.3346721816226206,0.1588614831219581,0.10344822124424936,0.02733062992731884,0.08550135315018893,0.017488642093005147,0.05333657408152991
0.04027584210444754,0.174680281899126,0.18701748528229015,0.14426753949187185,0.2008072974045576,0.013787364340809878,0.12546441976305703,0.019134053055257276,0.09456571665858271
0.1634497511713917,0.02077241502250104,0.0857475302357373,0.2502020239880744,0.2192849066857326,0.039075556238507336,0.042446751567057704,0.057505290672079636,0.12151577441891825
0.06210686171830334,0.14571730764535248,0.11709898898538985,0.20755105462492376,0.21177209673300093,0.033623611160590545,0.0406863400688438,0.07042476147056798,0.11101897759302727
0.12254782590044905,0.047631469443661256,0.1135576380309123,0.21723692242075185,0.16875714996393698,0.07720559733482717,0.04975448007551583,0.11640625418654178,0.08690266264340385
0.05593802114452142,0.08259322767855265,0.1743885066683842,0.08661074556622561,0.035780507217547,0.050745291251054626,0.35719534003045555,0.03881867154456504,0.11792968889869382
0.2518986309645555,0.07590616801657277,0.18355759343306788,0.1333692531925734,0.05417356526076644,0.08695603904161155,0.09838551463704581,0.03321708862626323,0.0825361468275434
0.07402553005118459,0.0662837740916238,0.16217914047153217,0.08589721073722345,0.17881452007594115,0.15888672641375934,0.00931436279291594,0.08104583126381672,0.18355290410200287
0.08277646588095884,0.27315020595085315,0.06326917999142027,0.1298485169564959,0.06439605844337004,0.027313079707116647,0.06035971794578132,0.2072114224379462,0.09167535268605755
0.14539911146636916,0.2906551361641333,0.15822846244392805,0.0741267086134594,0.03142808564775417,0.028329890942333624,0.05946297025778912,0.09530327696182861,0.11706635750240457
0.15331146266353454,0.13521332292324997,0.07134477881392659,0.2710529314227493,0.05902970195791495,0.10843177208759754,0.026279657090445732,0.015036441299424693,0.16029993174115667
0.09166900848548833,0.04101608224774159,0.1399528404017533,0.27104651101674176,0.05063900117453799,0.05586247564972727,0.1903375804409333,0.016798818809465686,0.14267768177361081
0.23048196857836276,0.08433683639027838,0.1014803978512336,0.024756447522963524,0.12066463169938667,0.01766752577340776,0.2670597142725468,0.03235991517384359,0.1211925627379769
0.09185362492868089,0.16310910685652322,0.18881912353625988,0.06764327966236677,0.054718271937262454,0.07439318480108693,0.05853215682686824,0.07602944266194524,0.22490180878900634
0.16169021605388234,0.13378339935406156,0.03998915257956312,0.12965530275965778,0.20484083604425138,0.09384067905558591,0.06916765050534825,0.0822216721827157,0.084811091464934
0.2510414215434184,0.10921072842117431,0.2599102555615977,0.17742617097749883,0.021883233603181135,0.013032408941220966,0.0616285177040334,0.02136634638989629,0.08450091685797896
0.10097401166413537,0.18078143468932872,0.08350705756927924,0.07012894213467814,0.06556147841046263,0.18421118434053707,0.025765366899913836,0.13557106986732342,0.15349945442434162
0.24410247422327372,0.14008142431820578,0.10000570121359721,0.03283796367167378,0.04631686940278435,0.1690305932223193,0.14856604256179004,0.024692826765401518,0.09436610462095425
0.03358600089228333,0.17922886610661967,0.047733545133501885,0.006775929543290503,0.16462134294786862,0.13390976136639646,0.13186138056044672,0.09575799086168753,0.20652518258790523
0.03537660029671092,0.3601876072940331,0.10133984386247091,0.145429028772365,0.048946455263777056,0.08863918558756112,0.08324242673312231,0.08781764418120946,0.04902120800875002
0.0655845768933461,0.2199517957141036,0.11374455395376544,0.15674797453153302,0.14718551698969387,0.03399808107210839,0.017765306317053198,0.10641371627921574,0.13860847824918066
