0.09936921290362392,0.04805872949240105,0.05392598981692843,0.11818589391329198,0.24236040539278977,0.07859719069867412,0.09275289632618999,0.24697325734162337,0.019776424114477404
0.04898841227957643,0.01673134733105951,0.08191285601498303,0.04087100379836211,0.07558169148997135,0.4264154984503385,0.157070617076814,0.13983382852001094,0.01259474503888424
0.1546717714115743,0.1087444341915015,0.07550785137797994,0.023935346907838027,0.10529175385444454,0.05993811642115169,0.09182125860823585,0.1716189514329204,0.2084705157943538
0.07463307357177795,0.177013074705342,0.05857615347085046,0.2729328207239869,0.06629926694496618,0.10140509719601144,0.0960183683715083,0.05038029997322881,0.10274184504232793
0.031180449182083916,0.2220453293111312,0.011958650393775333,0.06876658400776446,0.12804242239864605,0.07190855950811335,0.4019282480742065,0.03709383727707022,0.027075919847209046
0.15828201940036335,0.1402745091970514,0.056948553456907997,0.08383592803681535,0.17762390897729238,0.034642129439568105,0.021789459644663767,0.01648911709051094,0.31011437475682674
0.042800858730565466,0.07970914382057297,0.24690176218964444,0.2939836604046422,0.05829767636703483,0.056540930419280766,0.17804336453365435,0.012551962997085067,0.031170640537519795
0.17996617770678203,0.03363925982662157,0.041029163139747186,0.030084736379909688,0.08297275546174049,0.004900890782087811,0.046298313302056894,0.13196003802113046,0.44914866537992393
0.04577291304302383,0.07769804404637813,0.028006110152639967,0.29565403812014535,0.08212337878249767,0.18541001424065132,0.22138827654951018,0.03827555824945322,0.025671666815700333
0.08396883361378316,0.07772136119519409,0.09089112012383065,0.07837616059916047,0.0682844850161697,0.20867487847478197,0.17081081678112786,0.11627749398659755,0.10499485020935458
0.0822323089350712,0.03498601833178492,0.03801796362952534,0.08408398983655678,0.11752581565029531,0.06361386960183964,0.017129027469422856,0.13536280643105636,0.4270482001144476
0.2290554908807195,0.1261202962899545,0.05728015590467194,0.047950894845881754,0.13374206207883535,0.025987634817786747,0.12895959690344452,0.10663107339871396,0.14427279487999176
0.10107710140329391,0.02855160371584942,0.1574496405642111,0.06009100039121096,0.09956772524755984,0.02589449770977485,0.10798658518017488,0.21778101148560927,0.2016008343023158
0.13802207191227092,0.09943904181165136,0.17426505129950653,0.06083507031353974,0.07925469315161932,0.23914884736167372,0.056085505734555986,0.13916543890085784,0.013784279514324616
0.06928740761231715,0.05117950606223396,0.07519080003841146,0.28874269627819144,0.1665406404219302,0.11215741731951771,0.09151805468350505,0.09148452707127792,0.05389895051261511
0.0889572746334719,0.04542344391801698,0.022839378116417102,0.20229388975985865,0.14836624741333848,0.12624283567863012,0.0202286393605971,0.11186454273771922,0.23378374838195035
0.08018298442083358,0.12164859535390848,0.05400458216607198,0.07073248834668973,0.05949390816824595,0.1620983074789931,0.11342763861087075,0.2835613748436614,0.054850120610725
0.1446561797635768,0.08296650877582988,0.03509981136837415,0.022925246118076465,0.10973651159372859,0.020458492276191387,0.024517367315693008,0.037689180892996825,0.5219507018955328
0.3057088448818967,0.04620363308988867,0.03247419030097475,0.05668704645058773,0.0999661829248204,0.15590389234744031,0.012828316491942902,0.06569783589899075,0.22453005761345776
0.06680968799750976,0.03516190034499345,0.04859147693954493,0.24667861631937452,0.23382423309973457,0.12749021575493488,0.06118444769307427,0.08930726897267433,0.09095215287815928
0.14784257671809142,0.05854937788839609,0.007572580296580916,0.29105869252366756,0.11120424097287442,0.023843348273887708,0.01222926492341464,0.006523601401258653,0.34117631700182854
0.11124113160351701,0.03760267648097979,0.037808226474356894,0.12539268573548665,0.21046344580048096,0.1757107508474731,0.08216456661433158,0.17888337092348192,0.04073314551989212
0.11396476287881614,0.0529641358111306,0.2843907548737054,0.07273462587188162,0.08155351373147517,0.13689949270146237,0.02130265748737743,0.1320765795789188,0.10411347706523243
0.05206759394827087,0.10468877542626383,0.033501243116590446,0.15107239897948513,0.08829478814551887,0.14519272360395988,0.06006242143335253,0.3312598110965267,0.03386024425003181
0.04445816756198535,0.0766776257730052,0.18511514713165092,0.02559302311700976,0.046829457194746155,0.16361392241608558,0.19782353052696308,0.23640985049216334,0.02347927578639064
0.10487763878698218,0.047229408621710094,0.025680072461685497,0.10154657932762977,0.07212746458804038,0.339527553789795,0.04418200518004175,0.22049994938609183,0.04432932785802363
0.04909984613985844,0.03182219438746641,0.010424179330145672,0.19042603383795653,0.1368152927866676,0.3941681250059707,0.056587911198951124,0.020850281367945676,0.10980613594503796
0.07386416454228428,0.026710014385613393,0.18860568547767276,0.2820208904733034,0.08619990402089084,0.15414246473098125,0.06778306851009956,0.08287970111068828,0.0377941067484662
0.0944421469229073,0.03412307869659332,0.027565114710459887,0.22731157081166087,0.10896753616486687,0.14349069749227883,0.26207017470049926,0.0677861686742088,0.03424351182652504
0.07256876471527061,0.1763466206810832,0.032969735152800994,0.09519837370404151,0.08175260131598695,0.302314526643376,0.062259623665794635,0.08797131818766435,0.08861843593398162
0.13267933929006367,0.017762520041421016,0.14694282233265085,0.0605870913712488,0.13522911420160463,0.03157868014855813,0.041251914428953686,0.21171618783504131,0.2222523303504579
0.04561943312262704,0.09245297791684848,0.12337032820974174,0.019951626046584254,0.08746533135108286,0.08855676352047671,0.03694995837067185,0.4932890040709312,0.012344577391035817
0.07394776123809853,0.07738322059210916,0.025284031419791894,0.22020052384433353,0.07750264256671792,0.31810720686995486,0.12672544072211633,0.011505245408818433,0.06934392733805932
0.20042268140871686,0.02996650534210002,0.034380325336404734,0.31896008036399115,0.06967230876092591,0.13761145693104246,0.04899544980504312,0.142834853014862,0.017156339036913756
0.06241662185131062,0.0325408433323801,0.02424821340213897,0.15136482609261281,0.10199647507212563,0.22659619584125326,0.13242104354339795,0.026437544463528143,0.24197823640125246
0.0495598169871147,0.10914271809037979,0.023978218296553694,0.17389872794252267,0.05293615766256129,0.3680722090528381,0.1353819410751976,0.02472086169670686,0.062309349196125303
0.05162218173891491,0.027488194992582555,0.04182303014539379,0.29364712707425134,0.10149429986309426,0.24916511908894878,0.11043220838729273,0.028129678580345725,0.09619816012917592
0.12080057007825995,0.21863248143153427,0.042413675201777766,0.04037330868559911,0.08535937031802049,0.22747485774864631,0.1634062670574453,0.06372759025754451,0.03781187922117227
0.1421453692837322,0.017351760975360533,0.1894635813944088,0.33590451605790905,0.1171996770541408,0.08402047322375152,0.0399666122969117,0.05101871098093356,0.022929298732851922
0.09564873879107268,0.17278695512203657,0.057449526193021544,0.026597739220860537,0.13418031625713778,0.008346089626332489,0.02146688646316738,0.20480633115578184,0.2787174171705892
0.12348834369254331,0.05561717168923979,0.10095870173904938,0.05497133193936976,0.10338395381699154,0.27478923131765787,0.05697468158153687,0.10697164542306782,0.12284493880054366
0.10169726585964885,0.12676104588601714,0.0696885286953736,0.049123420579118025,0.09567250794497843,0.11242128594549168,0.15290889447568903,0.21107036565291934,0.08065668496076382
0.09669240020947405,0.008648432242515602,0.08687347875984165,0.014470577193655082,0.08710863700507432,0.005865037673325711,0.18002745764211192,0.2180134788128308,0.3023005004611709
0.12269735198472646,0.04972839832211409,0.0931633199655723,0.07481196553795505,0.14630530259812882,0.3770135648911139,0.03974419617976208,0.07422782256981238,0.02230807795081502
0.13442396040208573,0.04584261773273838,0.06901252713099158,0.3858903212873915,0.08961950496536576,0.15529018140151318,0.051832494754786386,0.029491746348690423,0.038596645976437076
0.2108662404156271,0.08339757301802547,0.12975633478428314,0.23473582071498902,0.11220623760311144,0.06305669579861142,0.040791249811991705,0.1116548783507358,0.013534969502624875
0.31969003607529906,0.10888553815262791,0.02150845755491858,0.032124155123475856,0.17331388033036368,0.015857126286460396,0.037740326706668735,0.03292530484550693,0.25795517492467884
0.07626717946775924,0.03805599950166227,0.06747316683091542,0.3073895535900539,0.08469835738057375,0.24225367221447267,0.03976431112201841,0.10732197862834802,0.03677578126419634
0.162765493463679,0.15092979916453994,0.17556945349752542,0.13608723614369445,0.047567101592349316,0.1507227037916972,0.05993141060805804,0.08655655887286669,0.02987024286558999
0.077319923555555,0.16751734479051741,0.03434672049614341,0.07933004102355433,0.10893799519593494,0.2657371332428576,0.09306499965371333,0.03632161446709344,0.13742422757463055
0.049299725437723506,0.09328201581686457,0.03567687771828645,0.11115604167153198,0.2428872700340262,0.2971648808044703,0.06766504303525685,0.07520514815647082,0.02766299732536939
0.06950768785014404,0.03493507577121772,0.015021375402730129,0.0346650303001783,0.04798138482018053,0.37174375515278674,0.20643895441036678,0.1638726850368441,0.055834051255551596
0.10731475413334078,0.12666576702487836,0.027238020753119135,0.02665991196791645,0.23988232521079988,0.1612554594274571,0.13941210408620328,0.1280470491406003,0.04352460825568472
0.16127283610323417,0.10228160912578187,0.024459525938717346,0.10677626269270613,0.08418540861455487,0.06276931767260016,0.14805139134280437,0.24871995824009,0.06148369026951112
0.0784735774610737,0.022742884791372393,0.1594462722961485,0.23005880364148368,0.0877553272929494,0.07587951431613557,0.06757290315146136,0.2046036707123592,0.07346704633701624
0.08917605100665303,0.060653660018418674,0.11146907708403742,0.09396738136849987,0.2108618970317714,0.032208499451227494,0.1362130911275205,0.06118721292776123,0.20426312998411034
0.09385358235075852,0.041788041639331676,0.028295487576546322,0.23257127084391516,0.09720750983872846,0.10867860859869612,0.0374093693688748,0.09138601303789755,0.2688101167452514
0.09100665169978435,0.03569703927280763,0.1759969789513157,0.11079380761481544,0.16548722137378208,0.0750322968964232,0.1985912879458304,0.07217201354925933,0.07522270269598177
0.0568308921744231,0.33137691579500234,0.08517672384896206,0.17586349339616314,0.15378965551498724,0.03521060309696799,0.10302976129438918,0.027994812621840174,0.03072714225726479
0.07152257346528308,0.05099927769378549,0.06800785582261136,0.23202081691907017,0.06955196803868706,0.33837681558308436,0.12664717773207068,0.026242358445511507,0.016631156299896258
0.126185795154566,0.06614310562313773,0.08156315611409119,0.08555978664557086,0.10816827787098819,0.01444595388565508,0.021758532316900017,0.17862965132459707,0.3175457410644938
0.1207756408008494,0.025791421725489896,0.019439051388163,0.269949357497577,0.06423101908455796,0.03913492418865488,0.03963489160583248,0.06819890716883598,0.3528447865400393
0.08652629138703337,0.11261694347652514,0.05981964794165893,0.04842073832856794,0.1261099802207992,0.22863546346926147,0.10137064810093181,0.15651804485825205,0.07998224221697006
0.08489132704298596,0.06629653626424843,0.012276899859928456,0.2555798443888487,0.07785403692872694,0.41082903173502056,0.04600318881262048,0.030487166311331332,0.015781968656289235
0.08226502750136412,0.11595735379660832,0.05849684669588548,0.06951178457770489,0.12323710891284168,0.12210315437689383,0.24782409625442803,0.15939321680446694,0.021211411079806713
0.13663891015012916,0.07755859530934858,0.15228826911925764,0.10399518481681459,0.19477028058737356,0.17079714458280737,0.050398577722778594,0.036444961124338836,0.07710807658715164
0.07077418655190343,0.15848349812875318,0.12023361702776825,0.03405351635464843,0.2677948581224236,0.20953892378449765,0.06114459788058177,0.04998454078384387,0.02799226136557977
0.064520074684181,0.3682485937343653,0.04919367605417915,0.05689880631065463,0.17230667823146498,0.06626117762120791,0.12690975740299917,0.017196332011986292,0.07846490394896151
0.09287009086067644,0.25976314990573585,0.033096589176185826,0.022838707875751884,0.10332841944444904,0.302309690533557,0.09149573279153413,0.020322795242495532,0.07397482416961425
0.22241074440261757,0.1195748503579741,0.01258086764350653,0.027174897478644672,0.16954363634633896,0.05837256211602145,0.03096301755501959,0.026307702982860465,0.33307172111701666
0.10828228655879707,0.027839229644826675,0.10072270412477047,0.1645180896785571,0.13237573554865265,0.1125924800681241,0.23412488571515352,0.053673279903613015,0.06587130875750537
0.0723661269019062,0.14514490587179707,0.06603852574094034,0.13915381874507934,0.10554298392806306,0.05202019675584669,0.1938292279811252,0.14192206128629192,0.08398215278895023
0.050864035522684,0.05877189330445631,0.13510947103628324,0.37620863302980445,0.10683184224287874,0.12534652926470852,0.07918008130033538,0.018486725056811287,0.0492007892420382
0.022665584905728817,0.07434986568705641,0.008133893720490315,0.0730016219869189,0.09501380215759796,0.2667730589015964,0.31864108623092574,0.12087842381869529,0.020542662590990187
0.09811790296745537,0.0792898499933158,0.08451397823905737,0.031306496676843244,0.10230641510885692,0.07114797310587423,0.383076533339654,0.1238083719603743,0.026432478608568694
0.1074614173125148,0.03557273367441438,0.058803119633547306,0.13499699941306187,0.09694295502626012,0.36939310960914457,0.08577748215350038,0.052412675237131945,0.05863950794042461
0.09570352882481022,0.06498057514971459,0.037871473663163326,0.11018574924967918,0.1281587423018741,0.24349138308168258,0.15100337201312106,0.13141209269061074,0.037193083025344166
0.09106738236550449,0.022762100829721372,0.11179373700374952,0.04702033346751353,0.17083423637569808,0.31672315783795885,0.09739559353976733,0.10403547819674656,0.038367980383340265
0.08408243130404724,0.1338307671248075,0.03940131872443408,0.11950577554253873,0.059579237307527434,0.17590026344825846,0.2501369450224163,0.07908990791663206,0.05847335360933814
0.0720313301354255,0.061814339487512415,0.14774191015765256,0.15645849962546485,0.08262372429222892,0.18544915770409276,0.14817516731340433,0.10590212641161091,0.039803744872607856
0.03963128174389013,0.1623324433593409,0.07783780648047657,0.12231584199254208,0.11972863718821163,0.2405781637436377,0.18800111467847772,0.024671714746333454,0.024902996067089858
0.04660100874859396,0.008720741251511862,0.4071753010610593,0.26314548869400867,0.0418695160621643,0.1009194195771637,0.07165070145979974,0.048553941214365404,0.011363881931333142
0.11718504697080197,0.013988085535792704,0.027734979988712688,0.06659270314505285,0.2038374462848064,0.3423121527019122,0.11798598358593775,0.07035478448046156,0.04000881730652188
0.07521505992085213,0.11619909427138381,0.04679845059800442,0.08278833642507621,0.10252915318436402,0.19614428532613873,0.1757082542745563,0.15829097054608995,0.04632639545353432
0.07692552619874855,0.026832427585218616,0.043229532862539354,0.06725983703813816,0.18428323843739583,0.208125549039705,0.12666058744380423,0.20333906609993602,0.06334423529451426
0.11568489837865521,0.06799895362667645,0.08364765088410181,0.025216102548289678,0.08422159717147011,0.019345020895551384,0.05646117512440086,0.4901507191037717,0.05727388226708282
0.1101610326651055,0.011364269347485417,0.023350025392326983,0.12211839787247997,0.1354517221245796,0.38216197981346417,0.0333115931940357,0.16569404491917875,0.01638693467134385
0.0703620850742178,0.2659236009355405,0.0659766008719506,0.061555009790147906,0.14051205729826463,0.020481845561541357,0.15797352973956733,0.19668376956121258,0.020531501167557278
0.054961334463528466,0.09657997456747074,0.16510045872877957,0.27796178929592263,0.07728601457352717,0.18451719762508748,0.04964033388647945,0.06347763372000376,0.03047526313920075
0.28245054533407715,0.034471366107414726,0.019017724530874813,0.2385451475871256,0.0847327560200753,0.023181498280052545,0.01740877270247108,0.013470283348096095,0.28672190608981274
0.05100319076950579,0.10704652615032899,0.20681448104557684,0.03749101246855847,0.19495898964559652,0.028401592087111658,0.21799238903535792,0.11696754139438238,0.03932427740358146
0.03094501816253693,0.06204302465125775,0.008269802144996811,0.3689457742933464,0.18732152798089732,0.26547769588220266,0.026852167095156986,0.0032846359823764278,0.046860353807228784
0.0441630967697721,0.08300003589550788,0.14357101571980324,0.04617194606504758,0.0848034949844249,0.015154826468251911,0.23371200987201424,0.23863101141933832,0.11079256280583971
0.18332919062233052,0.019509782238147835,0.02669537016815035,0.16339711817052766,0.19100175288752097,0.10881909187857901,0.054851141363580345,0.10686764274653478,0.14552890992462864
0.11248029214472767,0.04591378126044219,0.033328450686291027,0.24343639705165332,0.0702603362662573,0.18058275699239112,0.07530961599586489,0.15571996997597884,0.08296839962639364
0.047040623423915046,0.030303202179241342,0.18775343644563217,0.2266547865322273,0.044343712863802585,0.2189896732153019,0.05803750353414933,0.13851510699410832,0.04836195481162197
0.20057224613499489,0.07018516379007521,0.012541706301921668,0.1540949474493601,0.11470067279433573,0.27773536636412915,0.06875900004628416,0.052012539830700984,0.04939835728819799
0.1172615008344333,0.03611410315341944,0.07166457073350073,0.027831406780886785,0.10548503902562802,0.38335781296246857,0.04714048113156652,0.14507437125848036,0.06607071411961628
0.08666007204782267,0.05518242359399753,0.15365439573552997,0.04134667011493703,0.058111569206149516,0.16846349225615834,0.09010868932949305,0.27284996346958973,0.07362272424632214
0.09504275882860985,0.26957746883883865,0.004572647467273964,0.05711670035677046,0.08804668806591863,0.006145376293360487,0.020207453066180565,0.022664887991084664,0.4366260190919628
0.057750894469555974,0.02900651473572603,0.07996519004677625,0.23104952831396938,0.09884616165653426,0.3608506272808755,0.03954890850706869,0.01522415543419875,0.08775801955529518
0.1240795271160265,0.089881825269712,0.04819521090296839,0.16978036826808054,0.15877761961401857,0.10298145013404558,0.07904625462516608,0.18920412917515095,0.03805361489483134
0.17968697622282714,0.05228148723361539,0.2345457127938754,0.10237314669954438,0.11218766294794097,0.18637604166547816,0.08941683785255639,0.01729485887781514,0.025837275706347047
0.09320831333422203,0.06907457479690696,0.04632360709518194,0.15844124412260968,0.13702881322748106,0.34324038916962185,0.026213140338470303,0.017888755325576433,0.10858116258992985
0.14450196666849788,0.12705256839830992,0.05846834781957294,0.14555951787031585,0.09334680082330164,0.1489433148792327,0.04669789677679822,0.19766419546419253,0.03776539129977823
0.06635861181051558,0.02943508075969091,0.07404514076100031,0.28418620275996725,0.08795967679978285,0.14467849037618133,0.15384255979207495,0.08211150186205639,0.07738273507873046
0.05653056119299659,0.20366401306679394,0.05886446175698976,0.05447325864822413,0.047352228225441086,0.0892955984664555,0.27635620003210243,0.1753989605612893,0.03806471804970737
0.06699059890175156,0.10396099372039629,0.08367186303312972,0.21786962923095296,0.11503643879946934,0.2363139579718281,0.07212356035821464,0.04122674285199513,0.06280621513226221
0.0683867787274282,0.03416855157615698,0.03971967331164973,0.11261211259578104,0.06857486663313278,0.4778875265509715,0.024603878104678067,0.05383381990992927,0.12021279259027241
0.05693233866023186,0.2285421656206833,0.04511762889451982,0.06248231116585575,0.18961353170202078,0.21744062223228447,0.15132789932193647,0.013003954401467685,0.035539548000999836
0.042800858730565466,0.07970914382057297,0.24690176218964444,0.2939836604046422,0.05829767636703483,0.056540930419280766,0.17804336453365435,0.012551962997085067,0.031170640537519795
0.08489815208151241,0.030358347075497016,0.033506427417758014,0.052346938767472796,0.10988074035027078,0.1619357981475886,0.2772045044834622,0.1867890557438379,0.06308003593260025
0.22275501053837923,0.0418737967738974,0.014108533354638969,0.06815509294832735,0.09550863890439626,0.19615210947547765,0.021646974153143986,0.05733974946803341,0.2824600943837057
0.07645723168093164,0.24995105330893,0.06330423505772198,0.15835185146312414,0.11645703067075519,0.08535921816141585,0.08409264658004778,0.12002313151679449,0.046003601560278946
0.05189409504317661,0.20933273150379975,0.008485080655088191,0.04208934271256024,0.09914966836813681,0.1648167692613474,0.1627140872627112,0.06688628072982475,0.19463194446335508
0.13082999883379962,0.015640522314148524,0.04580174078309714,0.1251628798123192,0.12417530551006388,0.2816354726031516,0.14677100578947824,0.061711919867977603,0.06827115448596421
0.148795594505053,0.0326872347285368,0.06967145333361967,0.21373146460199802,0.2913145381749658,0.07587661180735539,0.008439365064870292,0.06862226983140964,0.09086146795219134
0.13085100683774883,0.05258951533595311,0.08703274089154793,0.13050402103360717,0.11406886357017348,0.3157863328023349,0.08216959396688371,0.07123917773226572,0.015758747829485106
0.10856259031054655,0.16000513786514362,0.12491655378466493,0.05755132830891751,0.1271216163253255,0.1650977314239188,0.055534339932153676,0.1169565212068765,0.08425418084245295
0.10556793890848226,0.08039244067972152,0.004630786073934097,0.27299265943655454,0.05471840822209242,0.4170800470507052,0.010975274803482288,0.01762288977354188,0.03601955505148583
0.3062592199575914,0.039098402146160845,0.11934371891319843,0.1281482603684079,0.056876506101301384,0.05359024994896816,0.11261982005442243,0.06139064234999558,0.12267318015995392
0.12758941605260424,0.022249164167297216,0.25689284845131205,0.029857384394496183,0.12968464309890082,0.05203585807789973,0.022792607554034283,0.0813067946704964,0.2775912835329591
0.15546631035152952,0.020727527437663054,0.0787717575018304,0.053926472916809826,0.11431551291956803,0.03026480029970485,0.23852878543346348,0.1287615177849217,0.17923731535450907
0.04450721682952422,0.05250355028293957,0.05930972448842394,0.43182227653398914,0.09756929983743266,0.1807350507866957,0.0643023837290068,0.03311318724189519,0.03613731027009275
0.15590569356082115,0.06771558099829779,0.08626954389334125,0.18326423404038736,0.1214020698227825,0.14370523966781396,0.05295567432467774,0.15217577113973857,0.036606192552139726
0.06941321225443789,0.02752691590095697,0.07637382626632215,0.30169698831015607,0.036557175006681625,0.0672990033762591,0.09302966050141605,0.18392290449242701,0.14418031389134317
0.09521537806885254,0.25534031918143335,0.02579490493114353,0.04905840612643161,0.13065422348182695,0.09383523817585572,0.16891518047514065,0.058525951408505146,0.12266039815081042
0.30499449179674754,0.10216978187634573,0.10250073244733258,0.033367726935267114,0.22060675830904683,0.0391169362365302,0.04670789594511373,0.010369496531413403,0.1401661799222029
0.05442180400095894,0.35153645394061467,0.024770605747447123,0.13100597240168135,0.20631146849245408,0.014254344035779479,0.09496405470279523,0.013447775744048934,0.10928752093422016
0.08649631706371119,0.10466931451357603,0.029876195548718096,0.38355120285456934,0.07680183180425361,0.16830734173420384,0.057089534601830694,0.05585709084647603,0.037351171032661216
0.15390197330289854,0.028363474889889634,0.022437241225535972,0.3727328513592159,0.08233217500008037,0.1788626204539893,0.05378878220303485,0.07101112397237788,0.03656975759297763
0.07371645602106892,0.08667451182131909,0.04881303788417577,0.04095873063991378,0.10372775876267464,0.08436983970274962,0.0264143824198218,0.013004845923620082,0.5223204368246562
0.1707351917506569,0.008369111653127426,0.04582959507203429,0.02363321771347858,0.10495746731449022,0.014352695781621037,0.09456524424376363,0.45253846638860046,0.08501901008222763
0.07674725580773421,0.028271661416221564,0.41661086341869846,0.010973598131110112,0.06081403811333561,0.10205214372490908,0.03957009594383554,0.20547056851475598,0.05948977492939945
0.08252179348100858,0.02067881917825812,0.05313749717166962,0.01750253171372331,0.05624529635417586,0.3949876508340584,0.03695791761654391,0.3119334478713088,0.026035045779253436
0.14971563804950527,0.036465207517044664,0.1575407279889541,0.03874295736504832,0.16551309632999733,0.1122174459601813,0.044705373377650987,0.24946401298727505,0.045635540424343014
0.2057017816422629,0.13072257001673823,0.06174089270580199,0.03313441202464259,0.16404295920015863,0.045140042554933674,0.05286738519899754,0.027117745917236927,0.2795322107392275
0.1111329546728419,0.06885305854694007,0.12728483432589807,0.045305115051952706,0.148252523091435,0.0599566478805143,0.08695670578851349,0.16402897250732115,0.18822918813458334
0.037886857805565805,0.19500014962881837,0.047623376145997966,0.030947568927411767,0.275877736027969,0.043771413833712115,0.032006082735863105,0.26940696629466077,0.06747984860000113
0.1007276752649759,0.024226917231102516,0.02434239325451128,0.1787038018013455,0.1571897641743475,0.13397127477640322,0.1901051138264599,0.10107981731451689,0.0896532423563373
0.04396363706627233,0.008723086321148264,0.04577329482815384,0.42346441834488363,0.16776435905867437,0.08799730395414039,0.034471337670912955,0.17016634050382926,0.01767622225198488
0.09670398001822517,0.10002046476138095,0.17819028484570576,0.07033933471932825,0.0825945378051689,0.10766740075036935,0.19949018169358915,0.09308653741018869,0.0719072779960438
0.10002751971302763,0.09246788050572198,0.0601356700952271,0.08862295438555785,0.11833244678080419,0.03637752499278756,0.2665727014045846,0.18281664694404684,0.05464665517824219
0.09244474122439783,0.04438773119488338,0.012268229405497301,0.12130465400516101,0.10856141025004867,0.19104389994456553,0.37619151170523163,0.022807816221173657,0.030990006049040994
0.08500049877539766,0.11547872967707806,0.21717078780410526,0.1305049780011526,0.1416700343571508,0.05291683530186939,0.10091896997397236,0.09139556015360539,0.06494360595566843
0.18786418589428347,0.034861295423656985,0.057245314789468114,0.18253146265033157,0.12526935976961057,0.1081856658628599,0.024969509019465496,0.152667918599427,0.12640528799089687
0.3356602154636148,0.08758499557703503,0.048863476598661575,0.08244323628795369,0.09239770512488543,0.04014087785415967,0.08604520271171685,0.09271683318557804,0.1341474571963949
0.06252587944254541,0.03435515126444397,0.03306434846320524,0.3520660847894022,0.08151776485319955,0.08293847681403171,0.24477364697211534,0.08074938986707932,0.028009257533977126
0.16485132543466727,0.1037366548366269,0.013597033197102868,0.08697549078157762,0.08978469363321463,0.013065414219344991,0.012307874862140113,0.014239096106683191,0.5014424169286424
0.29247418918014345,0.025723276603539336,0.049504109108346295,0.11279543233805356,0.06913643165339273,0.03352530767002369,0.05582549981751898,0.19766574616501406,0.16335000746396783
0.27065746736516005,0.023310248528652766,0.036234014495161386,0.05223594868502108,0.11045499786597501,0.23049951096110813,0.01830797534816628,0.05414314113514614,0.2041566956156091
0.08488403947655564,0.13245239277960455,0.08290792614832936,0.11541308600666507,0.1986237347539037,0.12929700455492998,0.11597436587674041,0.10053508429446474,0.03991236610880651
0.061424939224893144,0.04792483326104124,0.15753636327660303,0.1726698059095018,0.04802734289759673,0.23026849881663747,0.14964172651591745,0.0949389304030734,0.03756755969473579
0.10828228655879707,0.027839229644826675,0.10072270412477047,0.1645180896785571,0.13237573554865265,0.1125924800681241,0.23412488571515352,0.053673279903613015,0.06587130875750537
0.0298308903568034,0.06718911940959031,0.018272997528834597,0.11820022283393611,0.03580716860971983,0.2643516606415018,0.1428208257148362,0.3055060978089646,0.018021017095813194
0.180723879039257,0.025869138868881213,0.023995670783524426,0.18705620501332879,0.147352629955065,0.07087357530227038,0.04064413330525677,0.10444429050262755,0.21904047722978884
0.08070674804640277,0.042441394749172856,0.024709760664958943,0.1737570504479623,0.16864436609867386,0.33520223558383666,0.08351787986468855,0.041994177863277055,0.049026386681027025
0.1754695856305256,0.05778160143227396,0.06441495468931245,0.3172284594028761,0.06790656532068426,0.23650215253881024,0.013880004223021825,0.023675322830271597,0.04314135393222401
0.10373185179696527,0.050506360432730324,0.3541965636858139,0.10521683105534564,0.08879134931874118,0.17688120952871159,0.04568127660745014,0.03529494579629886,0.039699611777943046
0.033104308948302415,0.15756396397159977,0.03537032436593338,0.05877087108391151,0.042986600464139275,0.027073303010505215,0.35227171067702195,0.24865311633896234,0.04420580113962413
0.09653065915697044,0.13394200891087113,0.0491583885437393,0.16796716948328275,0.08892106856385079,0.24842281321545837,0.1270285429715498,0.0343061173195949,0.05372323183468249
0.11335621560108089,0.0733609350131066,0.01931583954751814,0.2954195631892421,0.11944486655802418,0.016219352187928044,0.013720744021554897,0.18726963766189567,0.1618928462196495
0.08715294858675837,0.11437715380639311,0.06071744428973872,0.07508967752543365,0.1033125232034005,0.34107143423573755,0.0288489299894055,0.14988983788303684,0.03954005048009579
0.07158315644901386,0.13707348669166047,0.045263394436814326,0.13025605979593438,0.1058972821357322,0.31098739918652807,0.12966355171526986,0.06131035566335478,0.007965313925691992
0.05479244022211127,0.03969047671050711,0.04165037983429481,0.14904706244118307,0.07213215623027443,0.5038061695596386,0.028229168579922553,0.09269091557341512,0.017961230848652924
0.12999267234245462,0.045390591869755054,0.18237417221912003,0.1177023640770843,0.05673967741916641,0.12285496959529867,0.047642485271762625,0.2585296603741632,0.03877340683119502
0.13917717030818114,0.23642460629009165,0.022497148292644945,0.0866042041118494,0.12016023065219654,0.00980680400046919,0.011424603758088797,0.014888633275130986,0.3590165993113474
0.0639631612448784,0.055093401349216385,0.0579096056014289,0.16851920411863766,0.10879495039236255,0.10558900276715066,0.18826110793997997,0.22901643896750964,0.0228531276188358
0.0660049395632686,0.14349855322780058,0.024582713097470565,0.2127790642887346,0.13422075045102588,0.06731657874326989,0.12544524164223367,0.007084141489682362,0.2190680174965138
0.0796082490075292,0.10230943785080211,0.03866906627037293,0.25450075098398933,0.10552963429666455,0.28056907155700256,0.02315465180530418,0.036545476206088924,0.07911366202224622
0.07970292023980712,0.008862667251045604,0.05705244232148842,0.18932281249270977,0.17882469074390453,0.30276367905145457,0.028378595066380324,0.11932276819174452,0.03576942464146518
0.2483282496676066,0.11427837785052584,0.11100915032311896,0.07024488382529032,0.05111987542575421,0.04895069835167087,0.08252755534858154,0.06544393568661327,0.2080972735208384
0.13286403508663594,0.13555333344245937,0.08731521345345306,0.06723497430753535,0.08647980486364742,0.1743162027759623,0.19174098403861103,0.09700028516358483,0.027495166868110713
0.045679067917577115,0.029009131079264307,0.055632654020505136,0.1349352147387516,0.14469868646291903,0.11431039830895508,0.07874227547766181,0.22254147471900396,0.1744510972753619
0.03839504339361851,0.07451793463303043,0.11763322854495328,0.42590733095738686,0.09258178423445966,0.1593036643396788,0.02110477660896691,0.017755395442702923,0.0528008418452026
0.1012451367728983,0.0716244490017995,0.04588784387048193,0.16924123642087432,0.03958707401370495,0.43140072899831555,0.031096816149169385,0.09599900247840776,0.013917712294348255
0.29304181389613326,0.06348002049467515,0.024867384893698958,0.029760523428316393,0.19587036834736601,0.10645811691679376,0.024838136180371288,0.015368254915502403,0.24631538092714286
0.06075093809819924,0.1354897957601656,0.03859843541989305,0.184766487628536,0.06167134482263283,0.20386340492211052,0.09024152932666026,0.16519169760363847,0.05942636641816401
0.08788537115694617,0.1016374007270248,0.08371384797521218,0.03699771842518182,0.14005087341250988,0.15517140094063062,0.2394179448522055,0.04688322536835702,0.10824221714193201
0.07673877801440525,0.04039265415230652,0.08706262065194849,0.030502809128998474,0.11575470648575388,0.10782120553461112,0.1879986488641784,0.19678510577499528,0.15694347139280254
0.15824353163678984,0.06394816800584072,0.1341222350306095,0.18498874454234956,0.05140428642739025,0.21645337675644924,0.09236611312774402,0.07429447164155475,0.024179072831272047
0.06468247972995855,0.14070656779619314,0.04252530409706701,0.24443643461164433,0.19533068926941133,0.14977959497263352,0.11266388583145488,0.044509803977171004,0.005365239714466247
0.07665883372881618,0.08853085829417277,0.1659528357668021,0.14084983053739483,0.09002672493737784,0.012719424239398355,0.04372864192999074,0.21023556547384467,0.17129728509220246
0.150769492416646,0.1810995143278112,0.05810657586137211,0.03677184458865376,0.11233399852605125,0.035251076565922024,0.11284348084464946,0.15258262896086547,0.16024138790802875
0.08567075917100318,0.02146527033853689,0.0654861335418174,0.30470580412525095,0.05112974528691577,0.31973528894255393,0.10988482702551872,0.020293762802465014,0.021628408765938193
0.12379487908677021,0.08276318537286652,0.06793103347430926,0.1325659950568786,0.15556575012190518,0.09835238584447409,0.18073878371185015,0.08453176642540616,0.07375622090553986
0.0666486670872644,0.1044904519656591,0.05901308892162676,0.026490720641520582,0.09927596729817952,0.061350996887705365,0.5236216826757295,0.02752782226536597,0.031580602256948836
0.09316896225615386,0.04141813416251005,0.01661418695916057,0.1845434262465501,0.24071697742237255,0.2853898425102878,0.0906131446104565,0.01750785027129503,0.03002747556121353
0.07439156792064469,0.3423872823304534,0.007136279082513307,0.01618051725382859,0.121997489482023,0.015116611860221276,0.005773816639538687,0.03348067417987188,0.3835357612509052
0.12134514920518343,0.08912440187212149,0.01910650379093506,0.31476920079667803,0.06868972068942791,0.28988181073062713,0.01598240304796307,0.04334777841066608,0.03775303145639775
0.201090144976636,0.12024770579656913,0.07389464444744105,0.028621232786794615,0.1407038889678713,0.17731110037995632,0.06572087117235247,0.14447297453501373,0.04793743693736547
0.1391889372375341,0.1352137279182293,0.06244188880754875,0.02246253014908108,0.16349799373254703,0.020522505783043207,0.06716453974108393,0.0488970905004621,0.3406107861304705
0.22034236314452324,0.013398673244080101,0.011200966957391777,0.17330593971430364,0.08390988936289373,0.4170056987788249,0.04136068231950726,0.019477849642314967,0.019997936836160284
0.1140749641013052,0.006872299252269722,0.19706255223352112,0.21028761300915821,0.13039425891921733,0.11030845032818276,0.11903912439587827,0.0703428791387981,0.04161785862166934
0.0973654260347528,0.06965164282174226,0.009141583199393278,0.2640445034359749,0.041734576637368265,0.3075174651361217,0.15881269792083524,0.03430615885090855,0.017425945962902995
0.08644331391009262,0.03693431533833594,0.026046612520273255,0.33618882683917056,0.05686414272821585,0.29373555833421094,0.08747226178585449,0.062330953737073175,0.013984014806773212
0.14477249920207108,0.020615071882426617,0.12872886952621898,0.3596187421891555,0.06945201830301657,0.08723833255133258,0.053498169507834294,0.12202228453795581,0.014054012299988565
0.07256876471527061,0.1763466206810832,0.032969735152800994,0.09519837370404151,0.08175260131598695,0.302314526643376,0.062259623665794635,0.08797131818766435,0.08861843593398162
0.054114730882603074,0.24193466062257,0.07879951845211887,0.05883069836240001,0.0774772201769931,0.04404424245525704,0.2039524109660242,0.0960972108068272,0.14474930727520655
0.0643628378271675,0.08027938231803534,0.06881125052477143,0.25945818886766325,0.07418105405527525,0.30054332795175775,0.051720627490738726,0.05362263675862619,0.04702069420596463
0.1245330149758377,0.028051976403723696,0.027474630596112937,0.307079032878913,0.07000830482038736,0.23113543369424874,0.141255716674444,0.03628144669381833,0.03418044326251417
0.07133212520925337,0.06762630433863932,0.2807127669913638,0.08772348726957241,0.08226943392272396,0.03905495453680393,0.11238977934557298,0.2082245212318501,0.05066662715422
0.11020990025801865,0.10280040314289306,0.04508490599680586,0.2572085403419779,0.043085813207843625,0.21228871472230693,0.11458450896182025,0.08632304468622014,0.02841416868211349
0.10120970044015025,0.1398388687280586,0.0882369043348722,0.15822150164040719,0.08259579149419832,0.20590401687761162,0.07416212343885345,0.03529645294852667,0.11453464009732166
0.16798614124590397,0.03862249264669156,0.1509533877035094,0.0235396187747642,0.10062532987872157,0.19248404414683704,0.03604372900154674,0.27328952306222937,0.016455733539796152
0.08656006930591204,0.15613340537522935,0.16369887582695888,0.08663919432093077,0.08176510546349366,0.05005035728756826,0.08988473110199101,0.15315875814877647,0.13210950316913952
0.05782210624123727,0.17402614213422607,0.12358312961147144,0.06659527296597263,0.16913618675411987,0.11237723760242278,0.0537929094942155,0.09517304556668256,0.14749396962965186
0.07758171312619962,0.052602804264809046,0.047735909265359,0.13606277170438516,0.09039077682891472,0.022983493212359967,0.202543730145241,0.15046100046378788,0.2196378009889436
0.06979200256569265,0.0785525907904694,0.044878245590053024,0.058707513018041085,0.1674101075701907,0.27575906005853906,0.11058890448070936,0.0782702159070985,0.11604136001920613
0.052104531716183844,0.06049345200285489,0.27306151041637716,0.28458025883984334,0.0901958845593654,0.039170958685500745,0.06685448886117702,0.04446148620550817,0.08907742871318934
0.05616337529171684,0.04835760206352602,0.11609165006558912,0.11983728444879371,0.11255385619417957,0.26432142339237424,0.1498646556251846,0.09255326811706914,0.040256884801566716
0.09501043244766362,0.039295314588004664,0.13255202446929915,0.0854015812635694,0.12682369978254082,0.3367043647971421,0.06287366501987757,0.08572537841413075,0.03561353921777192
0.0737929262077292,0.03566223676752682,0.02338840832361504,0.30433154024340586,0.1341435277590536,0.21806195930919844,0.0716271034569143,0.04921815009716587,0.08977414783539094
0.08045924471430228,0.06363950753694597,0.017127890370295856,0.06286139323424923,0.10683827054212591,0.32298092486062474,0.07722153107133654,0.10640207520113147,0.16246916246898796
0.03923641013631135,0.074711996414002,0.01894177906200147,0.2086850063594464,0.09969062383496351,0.26105086569186015,0.06569252583252139,0.1794213117071608,0.05256948096173289
0.03286250123225068,0.09400423573034021,0.026274429493035396,0.008167000138224578,0.12037964021617165,0.12740481497694434,0.21866853925833507,0.2889027599394351,0.08333607901526308
0.11107328123639632,0.07092722929390448,0.02047118813862422,0.044606776826834615,0.09568850701276375,0.049592908879712384,0.4780917861642333,0.0972066560195886,0.03234166642794234
0.0941866985862157,0.09545330121991906,0.20067554768834042,0.08402224626996391,0.06257118717785887,0.17699786753502944,0.07887446511782793,0.1743885752364425,0.032830111168402086
0.12904939563590787,0.1723438327038602,0.18010830242693532,0.07882319843864134,0.12373945685914733,0.06966341982739717,0.14493106896089822,0.047321583890333106,0.05401974125687955
0.07720269911929506,0.03846164798012942,0.10939695549153433,0.043172129741548576,0.05344649214139954,0.28866464851243806,0.25635084670289565,0.12033952926694617,0.012965051043813194
0.06250682325794794,0.14306771944409694,0.14308295710030178,0.18178021192444557,0.12717600410799879,0.1538430079243213,0.08171940024404606,0.06495175845497624,0.04187211754186541
