0.07128784924774867,0.1042099924578354,0.18447706184063417,0.28233912882549894,0.07282706570600352,0.034227938744440016,0.015949461961925496,0.13396625337125445,0.10071524784465948
0.38405220755608793,0.03076038105574216,0.053814658851977754,0.05504983409127382,0.025824810221305155,0.08966391355346193,0.0067524851792575185,0.138965791843042,0.21511591764785168
0.10959240943764355,0.04204236764039617,0.05851166219863651,0.06791587075370437,0.03241740329164738,0.4783118501741465,0.027451873533767435,0.04979629293051343,0.13396027003954472
0.14939054497048884,0.07571410759182644,0.17032596795510882,0.1500735032391179,0.1881174510364815,0.11520971434113884,0.04898242720035831,0.09036681207788316,0.011819471587596215
0.19358536321278322,0.13805073530842996,0.12906847349035658,0.178982528890934,0.023173368680770426,0.05330490726742174,0.08249938825064758,0.14312033107184033,0.05821490382681607
0.06665747956604841,0.07744349772851433,0.13923075241562843,0.19960935519736564,0.2865287431127732,0.03598834121047896,0.04053341635558067,0.11386171468426994,0.04014669972934041
0.12836708529925864,0.0941668777357758,0.18458771596215665,0.0739059988994573,0.07086846610780724,0.11211055989861336,0.12360121768355871,0.09135284934514219,0.12103922906823013
0.02923517426148929,0.11566322706871933,0.1410680899611172,0.15897174061145294,0.04188648531280034,0.17415340618814149,0.1791575060991032,0.0527432590415473,0.10712111145562893
0.015390022673713429,0.10880927386819435,0.1262892409692635,0.04490465420105968,0.18712617872116025,0.12054587765382933,0.3043603735148552,0.057871608770716614,0.0347027696272077
0.06882897452213929,0.11688881762647707,0.14665682386094758,0.12705900597548292,0.22023721717217484,0.06265439443838218,0.11570271653222348,0.11674748462695246,0.02522456524522018
0.20950493482195828,0.2173883918581573,0.05962800714192049,0.07521431306931986,0.022143687596440545,0.11761629577838041,0.03441375082354576,0.21592314290305373,0.04816747600722351
0.055394736283044387,0.16397602206754544,0.15245313436060434,0.08979220266287995,0.2727728711877034,0.05709869075501312,0.027280731996348218,0.0728672242028698,0.10836438648399137
0.19148231000941454,0.09878839735494427,0.07194669027701768,0.07631449218793766,0.042862620424985315,0.2448328504067708,0.03570036504636324,0.07204840348247021,0.16602387081009626
0.13977237243589466,0.22928021299242082,0.08535291244446565,0.07758712889700059,0.0744789523197175,0.14221222810827713,0.033163316347184245,0.06451437496557845,0.15363850148946093
0.08349295109094686,0.06993159790780722,0.04256299216786686,0.08994062800631349,0.015556442373317894,0.27247569966226276,0.11803071466455721,0.10375222273846942,0.20425675138845842
0.04897103206810933,0.07218339796431429,0.10977555954828677,0.19628751813687464,0.10101113039299496,0.11100177604631235,0.041879957518966365,0.22069915988331426,0.09819046844082703
0.08193563117801973,0.04026312798221529,0.04506388957394164,0.02815961971011081,0.07937219654608406,0.4314589597629621,0.04123618977511205,0.04788479172644367,0.2046255937451107
0.06277825231691431,0.096651839778943,0.1313077794782375,0.08055298831525352,0.09423849025806674,0.05906715484964226,0.4000541348965461,0.04159665415319374,0.03375270595320281
0.03364978195076365,0.12256235397913691,0.08985458249366131,0.14926950173023434,0.018697299094899467,0.1575187774692749,0.10689073632508612,0.08011604009446048,0.24144092686248278
0.028417632112967838,0.14453196517785324,0.11960865783291937,0.05269895027706235,0.09317287268674875,0.044631945832257935,0.4307584498058305,0.06770865422091843,0.01847087205344162
0.20965685286914493,0.027866100917601708,0.09027064232910531,0.11753260963966257,0.20716530693855653,0.020550032290581097,0.10423028529608082,0.1907148351067347,0.03201333461253248
0.05606611378796817,0.18353142695178135,0.15420028239274366,0.12154598674319224,0.0980806395867317,0.06436773590922229,0.06714730031511301,0.15589424182753472,0.09916627248571286
0.04011617167702947,0.06618759645255809,0.14545233613548902,0.14720526857805025,0.04931436755597091,0.1576343238076649,0.2170562882453806,0.05927066499808459,0.11776298254977229
0.06562699417639718,0.08539504668102425,0.089308302747081,0.18108157006498507,0.18865997618180078,0.08916103396931165,0.1966963955784814,0.07136274665083696,0.03270793395008162
0.02396337916007966,0.1487653121401219,0.17806665065817165,0.041207219907277694,0.13812273238260245,0.10342686542575182,0.24033989598544458,0.07931056042037014,0.04679738392018016
0.08487178585529709,0.04806473719684997,0.06493488698787099,0.16480348993735974,0.10166856688358662,0.030951065338352787,0.12326407575650034,0.15213944265007812,0.22930194939410434
0.29366291371372016,0.22362502504795514,0.04744692693913796,0.08087164379007836,0.05265158222149486,0.05085737821983614,0.029785871362358555,0.05267393473441471,0.16842472397100397
0.050362017165281346,0.15557295510582791,0.08816179944669027,0.12287582380451484,0.1067469223498979,0.04317293978282611,0.33196221434005174,0.07528701179718067,0.025858316207729076
0.016291007441056382,0.1663785690541739,0.12549984833936398,0.2709072920271472,0.07443838605825139,0.03275236700570474,0.21644029126918887,0.07789142308164777,0.019400815723465706
0.07704002441648951,0.07282252577303354,0.2067491631257925,0.15050580927128887,0.09662430611471277,0.03909152206351172,0.1163354184026637,0.20370377463804676,0.03712745619446065
0.13346845586847492,0.036489789917563555,0.1003802377403027,0.08816354292555807,0.24527766631455994,0.12141509737037215,0.05224804182627768,0.1954035555517,0.027153612485190912
0.26344695117303457,0.18284316987531643,0.06473446321152017,0.030458112049700822,0.07097137978568784,0.1612494938376943,0.05500108579836253,0.14493639864806515,0.02635894562061815
0.31347154620118506,0.03380648587339219,0.11042931429591159,0.07882181158592853,0.07086895323972196,0.04933949512242306,0.08552603897898453,0.21634699348883904,0.04138936121361402
0.15454572754966886,0.05493278736265034,0.12878643522694436,0.1331199132619258,0.0827504323181749,0.07285188583936754,0.054324396160048104,0.26166644265211103,0.0570219796291091
0.07317305075529351,0.09924174949588443,0.21518914272841802,0.19404624555148134,0.07221353797402488,0.10626825268189267,0.02012148170650678,0.12401342036913147,0.09573311873736678
0.12739878473362007,0.06553737059226562,0.09722262520354043,0.051696345799749056,0.08615591284294671,0.11211278192368611,0.33011221391449413,0.12389186858640766,0.005872096403290256
0.04659677513765633,0.04627243388501814,0.052332003379444214,0.14373932265390876,0.06551868738651273,0.16692804762820215,0.3890632013001694,0.06999387468764556,0.019555653941442725
0.11743271889269764,0.028072855859407598,0.09266045158009113,0.05185417572552631,0.36861975741109315,0.09695866594857398,0.06310198387916123,0.15113128104544635,0.030168109658002488
0.049722608826282245,0.059903023878606736,0.1311476568813276,0.10029586171644604,0.25103568489664346,0.1620302091235272,0.038843219907112626,0.19212931067591665,0.014892424094137454
0.1598306958229887,0.14241295343168128,0.07555964289608857,0.10113762307379666,0.06593416044838254,0.028768736286510495,0.21955938206577388,0.14689968412949664,0.05989712184528126
0.025223100176154648,0.0909376193594222,0.07267943526549789,0.07044307578577254,0.04847987680864669,0.1158337350501129,0.4146495570741123,0.10141785391148715,0.060335746568793626
0.08547810147232986,0.04682094512891912,0.16975096657537872,0.12157409119259917,0.2169741132833658,0.08264809092822133,0.01688147761239215,0.0341452608313158,0.22572695297547804
0.1581184404478326,0.026550455746202097,0.10504457057003429,0.17053852663867772,0.1675192993115057,0.18423685760882091,0.012623336173263165,0.0859798247742609,0.08938868872940268
0.046807323564071183,0.09497318448495089,0.09472697784284068,0.2764316924359912,0.20557335388402306,0.03863981803123629,0.013091675824969229,0.12345503615085125,0.10630093778106618
0.020909526740590798,0.04444526295331986,0.1257229099886645,0.22777548010089518,0.1791703149293111,0.17429246666649312,0.11564504139828058,0.08237268580260541,0.0296663114198395
0.11305516872790045,0.05176499168032605,0.11046895575080466,0.1086567671766366,0.08683176388766584,0.12778347923614908,0.26616490547072547,0.0721076659280882,0.06316630214170367
0.023050855513030013,0.084952611628358,0.15571770512799463,0.2163526259553553,0.2361545243412454,0.0548579206840167,0.03448245101732398,0.14818110127171666,0.046250204460959336
0.04837414086569578,0.05854465954877471,0.08374705219524116,0.23295515651607088,0.1658034094875716,0.15919976737747524,0.13280393438181243,0.09463990272463663,0.023931976902721516
0.08970529833911983,0.12603170922633614,0.10100354250660974,0.049548935030152015,0.10123126306109988,0.12054733672673724,0.14088989663145904,0.14817452245517873,0.12286749602330738
0.3375233055375528,0.17488055832202112,0.0784006304574643,0.11755597562343255,0.02897554787023285,0.009884574989938558,0.09095303854164127,0.061063539011812995,0.1007628296459035
0.019782058202562416,0.3604144477365521,0.0905160752058327,0.2545219674222819,0.019643388828738558,0.018735513990682847,0.14667592297923068,0.05743649156061825,0.032274134073500514
0.16362204423765103,0.10578014657673307,0.08555088942248174,0.16576564795494309,0.14181820993140912,0.037832791844043034,0.17849535614671855,0.09543478096539047,0.02570013292062988
0.07346027193867034,0.12391145294208383,0.04928294672675826,0.2179020061358139,0.18029616536016282,0.15300303788961586,0.04246629834302442,0.08897554567591515,0.07070227498795545
0.13812830872726775,0.13337878140938972,0.16218743541657785,0.041390295105171775,0.17584269610266,0.1575225414108283,0.11304446456531542,0.05195623695583373,0.026549240306955393
0.04260508708502713,0.07087814975147232,0.13192677022535557,0.1748275111133424,0.325329139203646,0.029223583200966057,0.0799685583767807,0.11785274726932828,0.027388453774081525
0.06028415403174122,0.1320480183035455,0.13917509282165105,0.16650499474738695,0.1456565680173227,0.031310132927495286,0.1079397812133992,0.15127672660726835,0.06580453133018976
0.14183145571533406,0.061921249217004655,0.15054201331542094,0.16088451024107442,0.22803983147963494,0.04446065916549435,0.04408042697768746,0.10148894478120489,0.0667509091071443
0.03198932269672306,0.10178948061154984,0.13847093120525536,0.09231537189372578,0.15240518165884934,0.16727615261975295,0.06299694928598597,0.10822479339391033,0.14453181663424733
0.05123918950201215,0.0768357828122839,0.08499663511376916,0.07824928303316103,0.04524231708498112,0.2988066093684375,0.01823731383507237,0.1282630204437116,0.21812984880657113
0.1360561309079729,0.056217575314912706,0.11010272223364918,0.04557478910889586,0.07098011822102425,0.2216670735625237,0.09448351998423273,0.061787899783861844,0.20313017088292684
0.1404650297115423,0.05633453020345291,0.09307183783260792,0.09937059868120345,0.039053259672982454,0.07758662307610746,0.02739052479426736,0.0474268882843748,0.41930070774346145
0.2021182953360159,0.07760092654750887,0.108392297880957,0.06269257266265564,0.04602869406714114,0.09571361830987773,0.029147389464821025,0.10800551735624359,0.27030068837477916
0.08255126243242793,0.2044790269092184,0.06473890515252977,0.16748023291362324,0.030602285918395408,0.20033383221332143,0.062286310903865834,0.08282218045437813,0.10470596310223984
0.3636573993107069,0.0311883121439475,0.15529235327828,0.07281093663412345,0.11748626813665715,0.024939213535080166,0.05220505189858093,0.12799017594329617,0.05443028911932777
0.08712174790715023,0.026502219370831474,0.07993662980073434,0.2118069678573511,0.04371350910481805,0.10430567605585572,0.07949361032228512,0.25383760564751084,0.11328203393346307
0.026850209926488646,0.06824386603010256,0.1816512028728616,0.07578873314256455,0.15257586893441,0.05166678277105944,0.22798413142735804,0.16018945884206245,0.05504974605309269
0.06838212705240974,0.11594837546277288,0.13399583142390356,0.08479697260438009,0.09336376789041793,0.06753158711032105,0.3145325519098389,0.050907655229455596,0.07054113131650014
0.0429187838593364,0.06105046380979204,0.08177935581689073,0.06907950125888877,0.09423973896165966,0.20154579075870846,0.1089089280577175,0.060420056864454154,0.2800573806125523
0.04349516724916382,0.09137163221804966,0.3189522078749938,0.15626059171651116,0.08666773609249727,0.032364777876837565,0.0755236186619123,0.1242512368279342,0.07111303148210026
0.025623540189172334,0.041576196436525874,0.2681758124205969,0.29237721535751104,0.11028043729005188,0.075577929578057,0.04422439673301109,0.07656874119554581,0.06559573079952807
0.046340629839567486,0.1293641883311422,0.1126959506967295,0.08167194677241159,0.06966714622206764,0.10942915258953105,0.040268119418628685,0.273194059602107,0.13736880652781489
0.146192287929859,0.2384041105289543,0.1635692292870787,0.07244207856448069,0.04491156294663947,0.12816703352260964,0.010248487035896718,0.14170415742667758,0.05436105275780393
0.05275850762385242,0.07879883105505571,0.0848525572334487,0.18139645363202184,0.10967422409786975,0.07595515332190977,0.17450363438622576,0.11816573065061543,0.12389490799900062
0.051930076197832874,0.23556286826499415,0.10110122600383704,0.12690840637673764,0.041888553509681736,0.0887743441511148,0.04800514750346327,0.25991746032968077,0.04591191766265774
0.059902034834706824,0.1733418811693813,0.08046869171656916,0.06138684392135443,0.037914259304581456,0.07858997037344935,0.25149072706025216,0.1081553563158484,0.14875023530385686
0.01993603767586211,0.11184791179634172,0.09143801858196075,0.1842245599086917,0.1503444119677189,0.05207961067867167,0.22954686369320312,0.1260853222718581,0.03449726342569189
0.41629383594010066,0.047315462569008614,0.09158279224704358,0.08912647920464194,0.036275959835907694,0.12615224540052267,0.09483200321307822,0.07328298520142786,0.025138236388268783
0.02492179783205808,0.049254370081741515,0.07404825709317715,0.07330047531949696,0.23151983489945047,0.23765311801854638,0.03358103911476277,0.13132048428636656,0.14440062335440015
0.026201520319354868,0.18825757358954642,0.12683335513222319,0.22167793488931856,0.06368702649664261,0.049368734462660956,0.006209751921344813,0.2624453371700145,0.05531876601889407
0.04192572338103088,0.11607064479676776,0.1952757832281022,0.07744826752926677,0.23518079990317098,0.03687276181222845,0.1401568119237613,0.08221349741719092,0.0748557100084807
0.03304052719834155,0.12423020623683852,0.14825852290606775,0.19982478740619258,0.07069399716481924,0.06819692346970135,0.19807282664931458,0.11835339504013927,0.03932881392858508
0.03939399475310527,0.1432256175270405,0.1476307248461858,0.1392180677660134,0.02631157225168419,0.11217062649382625,0.13668416559325156,0.09649971808289666,0.15886551268599633
0.019864552184229372,0.12019573807456219,0.2035201201328742,0.04631718623225934,0.33085096472146797,0.018579309511582907,0.07754106019747133,0.15103428332469235,0.03209678562086042
0.19238975084390342,0.3245150629771758,0.0921980264507401,0.11096614892371753,0.07047489591233484,0.01008031409219299,0.06734048729082291,0.04027038619440529,0.09176492731470705
0.10902073689568265,0.09667864127139293,0.04067662888691035,0.11350590844410641,0.0471898599405563,0.2537595464101933,0.17089459247331754,0.0839314987923651,0.08434258688547537
0.14460442935496695,0.16041260771829374,0.1084169341223405,0.14719876450994615,0.05391777550755431,0.06607426545624857,0.1550812041756321,0.09663829791863293,0.06765572123638483
0.026547780791965746,0.04163233018204087,0.13543455251310962,0.22686917791875083,0.09494568153335392,0.18623033709051748,0.025825908084405814,0.139934880693178,0.12257935119267764
0.10826848079982476,0.07946282113842612,0.19721254282967418,0.0947971451402317,0.10548336356844068,0.057423290158827904,0.17868209526126455,0.12677209220377808,0.05189816889953199
0.362566953981857,0.033074771718139974,0.05817461021932883,0.13026187862072477,0.021137933950467924,0.04555679402331691,0.10549565362723527,0.16740220218709143,0.07632920167183788
0.18273792087995502,0.1043345668241367,0.06755380952752418,0.1610024664149673,0.11676527192903419,0.028441544716498655,0.13788422092345534,0.16628482658496616,0.03499537219946244
0.18431255153846413,0.16671969633666472,0.08789350480677442,0.07043627768446359,0.053087178124324126,0.06770656722266788,0.2973839728357935,0.03030095554360689,0.04215929590724073
0.3166939652614248,0.047704323101210144,0.08625336702905761,0.07218688461773211,0.11647996902603897,0.10847140335644649,0.07025116792619311,0.1622097218707725,0.01974919781112432
0.4765948697876235,0.06124460951648289,0.07577564062818008,0.14882772586896711,0.06237353562842285,0.036659696082841364,0.028641913110422194,0.08565186527523287,0.024230144101827094
0.0689207736901239,0.09577991166866572,0.1975995088382814,0.06651841528892881,0.18118608885874152,0.0984408430830472,0.07413375940786689,0.0993946629795841,0.1180260361847605
0.20132137300148503,0.0622105378895361,0.13428515792687132,0.13958990287954587,0.15387307054787905,0.06533933376137438,0.08252335617380875,0.11763391666562356,0.04322335115387587
0.10609935922716056,0.045586088050037665,0.12603214377423488,0.08073885898120622,0.04258997834455169,0.28559613356731234,0.07009428470300198,0.08326729498579678,0.15999585836669786
0.1640042067310756,0.06025147341398982,0.15032375804495862,0.14310231442113205,0.1075270079735814,0.12011648156431576,0.08160160990571813,0.1482002768943169,0.024872871050911752
0.05113478739593302,0.1178717943866671,0.14521568722270892,0.13280687712573144,0.10053682648980557,0.015538621647442635,0.08839473877230163,0.30830388695549255,0.04019678000391715
0.2030363842963446,0.03590253277049469,0.1334220763239358,0.0965092018842059,0.21856287914128159,0.028032522481245714,0.06291576387704942,0.20089510862575663,0.020723530599685742
0.13312732042160233,0.0948802809174991,0.16005179133871245,0.14336610354534,0.06424875214988074,0.08631453458540352,0.06532593452319409,0.09153764568431079,0.161147636834057
0.05531603396641117,0.22987613412456806,0.07035500172719454,0.14498590259798064,0.08281361073308008,0.22483889569210214,0.034239139457905035,0.03873341029683158,0.11884187140392682
0.14703865386542322,0.15128771334480484,0.07285373588025995,0.07079943704216454,0.06658483618495564,0.05570008422456093,0.03364551962748855,0.3545445233359363,0.04754549649440603
0.04724317015903875,0.04493782314573674,0.19762496227535686,0.14467389945578343,0.21656973242206598,0.10879062772743435,0.040669698697271224,0.1494054572036601,0.0500846289136526
0.08230441675559351,0.13768598253380263,0.0999451673603991,0.04901448711101301,0.02345450063324705,0.10364353549095545,0.373259235528439,0.10414099341001952,0.026551681176530784
0.07239858628778759,0.13735766472177727,0.06337288263649664,0.2193954999246063,0.07916851591235233,0.09550683036308932,0.24168229462220336,0.037655183050707204,0.05346254248097995
0.04196988575464766,0.06480123121526617,0.13091518270233252,0.19211387681616365,0.1020183978636251,0.10585238794731093,0.1703963398460665,0.14063009134437943,0.051302606510208175
0.23028159903965487,0.054030341838548435,0.12306990421887727,0.1101838690131411,0.11938288258951592,0.08748102203913401,0.10960585540158957,0.09713211117101901,0.06883241468851976
0.04982662454955602,0.3088783843360088,0.13051122730400216,0.07505275906991139,0.11816714905945003,0.12147908736060359,0.061612106545020785,0.052374077426955656,0.08209858434849161
0.12964888984936537,0.07195225719783763,0.10263605061668186,0.03839976748761973,0.023309648637006294,0.3344207442113058,0.06181804316807471,0.041577838919767414,0.19623675991234124
0.20818047909734502,0.15757681612810848,0.07006995939439226,0.17025342267284996,0.08061080815209686,0.04831013395812919,0.08775395540875915,0.14496073349109373,0.03228369169722537
0.0824105076987464,0.15544595954483723,0.22160410352297635,0.13083975067473727,0.11846784498369411,0.1062816387673956,0.05455889704903649,0.10645334529079793,0.02393795246777861
0.11052317509173847,0.16464461362018631,0.10663229306234828,0.06349228860914669,0.06299446918735384,0.14600323035945376,0.033276025759056235,0.0410069868464156,0.27142691746430087
0.13362904975619597,0.04937535461146549,0.08864621438172539,0.09040251196811888,0.10046370259526906,0.06269884764457868,0.17918981348707805,0.16133045608232485,0.1342640494732437
0.02977256188726904,0.09447526424275039,0.1407821594557135,0.2227953210120883,0.17617012044028268,0.09331704142416501,0.036333927981095644,0.085792373268061,0.12056123028857434
0.02536543028590299,0.05907301601070364,0.07854135753027619,0.1401999194658041,0.14338985624594133,0.21889238249402831,0.24093394772094304,0.0640189188323149,0.02958517141408544
0.07260879773999877,0.0825958381272597,0.2769606033599222,0.17483539759594746,0.038517907394972926,0.019767645330618644,0.09704011705530953,0.2272167510555745,0.010456942340396354
0.41160851480025434,0.11158571294149792,0.05677582698441056,0.10145076542888003,0.10175354425800458,0.031001263217546326,0.09103114931215465,0.060816301755914626,0.03397692130133705
0.33569723857951367,0.07125058962426134,0.09582219900769628,0.08875567743968704,0.10446910899589405,0.047679302613688745,0.12286161219996956,0.10196145777159467,0.031502813767694586
0.018766274933062408,0.06384972010026012,0.07321238368860723,0.1435446324138029,0.2379079436803627,0.11690121342503444,0.20973241931390266,0.05916041391011954,0.07692499853484792
0.06117068153946339,0.11121646421566844,0.11078082870610811,0.06596574001738813,0.2054218796986582,0.20010205137302384,0.04474127723671992,0.07694655640011396,0.12365452081285606
0.158490723675369,0.03693563838000787,0.10039362435138077,0.04980904603329681,0.0614954488320256,0.3397668570006484,0.015553382476476205,0.09175033730099595,0.14580494194979945
0.10826131719952803,0.0352011913346802,0.11482720443440035,0.05120939120600427,0.2186222323972106,0.2587207944028947,0.08227226264835434,0.10080697066689832,0.030078635710029108
0.12341859328672626,0.09979869539158646,0.11057888120073871,0.20458156253269585,0.1313340934303994,0.03810637766139544,0.07557348401437829,0.15653749924567997,0.06007081323639962
0.11817901184177097,0.08130020009795608,0.09259162950665172,0.14714465284686504,0.06716379665268483,0.19231028682358817,0.03413150636232815,0.17481294946794815,0.09236596640020685
0.16950067957367018,0.08949008338499641,0.06976465463246943,0.0491213483855615,0.07304954634661286,0.07135757915624956,0.03324451919205001,0.0765001819807335,0.3679714073476566
0.2951488730831124,0.21953174770837672,0.08123606038165421,0.09599916187219286,0.016377058960563105,0.05281265198343454,0.08619520560305771,0.0585896795095401,0.09410956089806838
0.29484418871856866,0.03483138507916061,0.08803005174119466,0.09645470611013068,0.040697458050388664,0.32289800840127897,0.027557813521426142,0.05481546899092695,0.03987091938692463
0.18454523793074398,0.06441811473248933,0.10323623506598247,0.11267516601954232,0.14035977635150806,0.12045370272380007,0.1101330951597053,0.09702801044730054,0.06715066156892792
0.0945281021089087,0.13898314604655754,0.1401077920108146,0.1389029193693773,0.05545418289797507,0.0830014643441515,0.039834060339990617,0.09787930595759471,0.2113090269246299
0.12575939993194282,0.10988904566409508,0.09279232930445548,0.21384844605763506,0.11611831831206632,0.14174043346022078,0.05682495771055585,0.11365316570078661,0.029373903858242015
0.09234652310720083,0.05102009296186277,0.04376827810044673,0.07849664734389375,0.06626052768938001,0.27854710919284775,0.014664592240599397,0.05772984993614139,0.3171663794276273
0.18470097362808094,0.04722050820560603,0.09089952254717738,0.20255731996411452,0.06968342643205955,0.06057790076898758,0.02171232143012831,0.19967415125002397,0.12297387577382175
0.04210158731694219,0.27012789285684286,0.08506054227220598,0.09969795756305704,0.040635539544831484,0.049854897570889824,0.28791051652606514,0.054622033548229955,0.06998903280093553
0.06941845093288322,0.05846665631188125,0.135342615708237,0.07794194262557658,0.07046105297178855,0.12991765611943376,0.33214663381859294,0.0983612303873775,0.02794376112422917
0.26441016529442535,0.11765672108482068,0.07949472821919322,0.13966395362723324,0.07467425937849921,0.02978309413658751,0.009664095861836515,0.27700561708738974,0.007647365310014487
0.08398444330540884,0.06206423540485837,0.10656846638794139,0.1433349287990048,0.07835936407671358,0.17534160881764219,0.10405945128973777,0.18610640818213334,0.060181093736559686
0.05239327453893933,0.043548316766580386,0.07943670538827537,0.10935687537249433,0.06789752885214542,0.2996690780513424,0.09691914515018203,0.2068782793121021,0.04390079656793861
0.18205689664850544,0.09473762815056848,0.08126683002274436,0.05890388396710555,0.041577056177362744,0.15328705441644086,0.033420031980077154,0.08092000103250203,0.27383061760469346
0.17621510460327094,0.09397044791425131,0.07247851153739603,0.2011807919103338,0.10204252157210288,0.08200340037390164,0.04160588107106528,0.09207730929118856,0.1384260317264896
