0.3210407087569636,0.10267387017036118,0.049219324376086594,0.1441179040063836,0.034545982332564666,0.030840658974851002,0.026984165292030834,0.144799914264319,0.14577747182643944
0.2183097185518907,0.04366496867982411,0.04100329056917077,0.09728785397111823,0.369574046587507,0.049358494864308745,0.044973109498637455,0.06134676997978314,0.07448174729775985
0.060560219319742724,0.056999773912765984,0.5975640567856478,0.05167288618312966,0.004082708483494685,0.009637313919869751,0.0736082831405464,0.1366001904547002,0.00927456780010282
0.08195755174455926,0.10429670790406727,0.0231737238129944,0.24672290289423734,0.12054317503752669,0.060338348319059175,0.13982417131006322,0.05443591487281074,0.16870750410468185
0.10093520578474295,0.14536225127959468,0.08575075663538545,0.1530186115508589,0.03208894251724065,0.07830323661342203,0.0593296484682961,0.05361346102066616,0.29159788612979315
0.008166058725726486,0.06257111685796816,0.48932548312445884,0.1599837291756533,0.0478056262338872,0.13581756221887667,0.029913023669893343,0.04058321484305871,0.02583418515047736
0.0954790573712656,0.12616072733573083,0.05637886828183141,0.06575304891023953,0.11581323051597325,0.10621721415487954,0.1806715292305038,0.052878711746054685,0.20064761245352136
0.015461821943196752,0.08958289332071175,0.05283296011481711,0.09720762792185537,0.19270205626459888,0.2741185116054727,0.07018158470865989,0.030489699265582357,0.17742284485510518
0.1318188463743554,0.1250003015608456,0.07990472299688037,0.09741121113942258,0.1704290311853387,0.06439650133620847,0.014537784344415895,0.06921461237465855,0.24728698868787435
0.03659468770216573,0.07051342863080237,0.05943127882060164,0.08596947932993924,0.24519204874008074,0.07830204593871291,0.1763987517313761,0.01902460068845176,0.2285736784178696
0.21610436928710933,0.07355512124862951,0.058544760489610125,0.1908266402432741,0.22350544229352212,0.028419628456585477,0.019200952587859883,0.06889347714900484,0.12094960824440466
0.017122159335513316,0.039827850500587764,0.2839382016588742,0.14846016112545188,0.10870756862134738,0.057595473975756296,0.01697036640121216,0.24614490559365151,0.08123331278760555
0.025177135312982764,0.05531363772178616,0.23846351728297255,0.16324434856848766,0.1336403743164553,0.0182531910728039,0.102672697367808,0.04932991400290829,0.21390518435379544
0.16085588086925867,0.10791020030297015,0.03109250338972692,0.15630661822754954,0.19809754901141707,0.07307404720511738,0.0687439231847193,0.035226692531498564,0.16869258527774256
0.2488986696628885,0.05671587576391087,0.05810092536193439,0.09713473756400343,0.30403329762713865,0.08344128729397036,0.004867997801025777,0.11522733797981129,0.031579870945316696
0.012232241769965957,0.2515992261947529,0.072373715614995,0.09054005221747737,0.004068625945031478,0.08799288769098686,0.23322870381263258,0.23553726308237832,0.012427283671779503
0.08737562532419833,0.11017233403288769,0.036390158911206526,0.11469215623101146,0.4122052171677713,0.0635578747150657,0.04033859386061439,0.02674524688100551,0.10852279287623899
0.16412420627429838,0.05921574355819267,0.027087048431373068,0.09522673186424117,0.40098042041519727,0.06088354425765626,0.012188912377964689,0.009347759212975353,0.17094563360810114
0.08133192435784654,0.188983463475818,0.11686358407040577,0.09541914851731564,0.17594807571964677,0.043143060659072384,0.034151638694522396,0.1233868048345645,0.14077229967080798
0.17287546629414405,0.03836637405464921,0.18866058362997282,0.0875500241410083,0.15078679335980408,0.0371990927016839,0.04403237383948142,0.09820870496759111,0.18232058701166518
0.13475736846195702,0.06771382449458288,0.07960088120865998,0.1216948157739146,0.33066061949337383,0.028424736074517242,0.10907053153929851,0.023041252301890535,0.10503597065180542
0.3457036856192295,0.05274120556671311,0.05841436792490875,0.11419677661018618,0.044976175177065016,0.02364463403345229,0.027269603390555553,0.15409777417566461,0.17895577750222505
0.13377609877983007,0.0645031055945305,0.13160705291975702,0.2611986587764393,0.17790740376560765,0.015765423837241197,0.05877488350513982,0.04143301896831745,0.11503435385313708
0.16390014899811298,0.06882632832254792,0.07907320961060407,0.0889257679001171,0.026958809480092636,0.07596410842991998,0.08020298117270093,0.08575038142786302,0.3303982646580414
0.13262751537408635,0.24502646200048725,0.027010077148843195,0.2612407525530272,0.019039602570496812,0.03607618969029441,0.08128565306696776,0.13560588543332505,0.06208786216247201
0.17743067113808253,0.10659198724009204,0.0584897193506698,0.10007371838125771,0.08876326148854585,0.04320891939089994,0.15027496117997932,0.225175811578567,0.0499909502519058
0.03405978847784991,0.0669439080318818,0.47719700080136834,0.09112932190082836,0.13354539767892185,0.01507354515402838,0.09180655832425637,0.07618468645467866,0.014059793176186478
0.1274807344351092,0.08523203769926817,0.07886529606941296,0.10045299058661762,0.029880398921115856,0.3729782120894172,0.007023795094180836,0.052692686059315375,0.1453938490455627
0.09241260764508712,0.1420398840350731,0.021111629948959543,0.12627031948721315,0.033037262406433315,0.08336516037121793,0.1979536039627576,0.15095395069345488,0.1528555814498034
0.09557281094756785,0.07516214503867909,0.034684100446178784,0.3134264882194533,0.05726694878061511,0.012991760063944856,0.19013820806319023,0.03742419789452477,0.18333334054584607
0.19502775379867,0.07426775369073631,0.019677189534755904,0.2239156846465299,0.19293139470628598,0.05267972764793311,0.08598567478672688,0.06775914317918151,0.08775567800918044
0.11507712251681428,0.019726276919077423,0.3004126986385896,0.09384093366273764,0.021140195964478675,0.037489602495449866,0.037661551788835554,0.07503351958277953,0.29961809843123743
0.07827181361567072,0.1484769800727523,0.021438305413726117,0.25440472257380253,0.19899405738981923,0.043366154604944314,0.052177100285604155,0.0768511174745531,0.12601974856912754
0.16514683890273354,0.10582523602908993,0.034278610536667316,0.1737560627056466,0.14048443708815236,0.164144542254788,0.07759091484468057,0.05532441694213567,0.08344894069610605
0.06223010429507921,0.09061759936920431,0.020449893081079383,0.11417798605186258,0.03854124889037663,0.5012576787611874,0.03965187798779408,0.041289744343896394,0.09178386721951996
0.03730722614401721,0.03981814322682486,0.07003428581459152,0.10016262506708136,0.05295980030054534,0.15242506367505762,0.4372060268525517,0.01422643362475757,0.09586039529457278
0.15361497695633575,0.032844351872797405,0.01580339000457803,0.22476584677401865,0.1363666716463273,0.0923991073099266,0.13453261269479122,0.017994093970270728,0.19167894877095437
0.3201125531144777,0.0816318246175847,0.03324761842292997,0.08888399636432942,0.31608473634762824,0.034477010502116386,0.03158189138930038,0.03586451675801664,0.05811585248361658
0.06666695369343852,0.0663050050310469,0.015957505469890994,0.1802772337848513,0.2470145378726897,0.2980995430563617,0.05175039329205262,0.013664191752683222,0.06026463604698492
0.031739092234294296,0.12964240792324483,0.09683187786816128,0.08099160161378267,0.059211431157180035,0.1184879068859907,0.05199140372956305,0.08151541890666025,0.3495888596811228
0.18418178809995722,0.12224331677971274,0.06333793232009059,0.1300711841720192,0.08136481330576074,0.08124340239869317,0.15452608527575884,0.08242576696953742,0.10060571067847006
0.12766780011266377,0.08968261140070725,0.09020690979373591,0.1060777860257371,0.14493992314115767,0.20095537008421335,0.0906589453232131,0.10106389603693074,0.048746758081641084
0.0496890125802737,0.11859609325156839,0.037729778453837674,0.07565729999415347,0.1298390285594536,0.11326292988510013,0.29459660160524215,0.05572664304123876,0.12490261262913217
0.33390443217863724,0.045798386357135394,0.3471279518889581,0.03346978987081328,0.04533254271186138,0.01764261625159796,0.0692071665288262,0.09367051331092552,0.01384660090124483
0.1400971120856545,0.19128229007064354,0.1253939824562554,0.14119776460709924,0.017302031956872837,0.12317048626188508,0.014356632380196391,0.21117306509649203,0.03602663508490105
0.03444462170077686,0.08088228943627175,0.025466728329872245,0.061100126284440316,0.22505066394348475,0.27162625532403667,0.16050133214753015,0.038257759890453644,0.10267022294313356
0.021753563812996302,0.10124070059754832,0.1579946807446282,0.11003791606074324,0.05120667408341193,0.1037834636139348,0.19030487464496348,0.21061701064069052,0.053061115801083227
0.060802651313207924,0.07359213002233177,0.12592871616619963,0.12316847938424935,0.10337884158139328,0.17485219223666978,0.05582018897610826,0.19964987468273346,0.08280692563710655
0.048104336179797126,0.11899984870370184,0.3029293204606768,0.13219446771010906,0.0689532513713391,0.17711021430495222,0.06338898790226556,0.02796260927887111,0.06035696408828717
0.03559959168493601,0.04132802541452923,0.1588477443030625,0.2326796862772688,0.1402799855043043,0.023561132927872167,0.1172045529153793,0.0993691221667798,0.1511301588058679
0.16402572818304578,0.22191321190661442,0.06814075089430638,0.09571999902338252,0.043164054226683825,0.07914030076588607,0.18835901366078048,0.10659030366163126,0.032946637677669255
0.3003624216375394,0.1014896105950432,0.05749851316504303,0.06727507235067126,0.2461743033320858,0.052286022825170954,0.019782595711629533,0.08460339161896009,0.07052806876385667
0.26320309287028026,0.07496729462335587,0.041432990283817674,0.07592504572595327,0.1347953218980669,0.030570756551884307,0.016811650390258063,0.12973501058546114,0.23255883707092254
0.01414793121344085,0.23041492366619742,0.016890070905892035,0.13263654071497208,0.030241373231144664,0.2376074849068209,0.11055928721369503,0.032345595099709475,0.19515679304812764
