0.11047318077757527,0.06809631602999515,0.04730032987124034,0.07521681191456764,0.03017957304668153,0.12882589266383124,0.16063151221576075,0.03439128337711911,0.3448851001032291
0.12422572057929625,0.09193316966694685,0.12819631131090373,0.1398048594840683,0.12754802745758329,0.1478157174097744,0.08218472977138913,0.053023487479294897,0.10526797684074311
0.12150247111589124,0.1047524252137632,0.17442667342003593,0.045977738743007875,0.11351480768544221,0.1289267957099158,0.07480299371364564,0.15620801377754664,0.07988808062075138
0.09044294286930099,0.08601149406661301,0.03287878871081589,0.030114060157082522,0.4885122866417067,0.10704168684577992,0.08929415217408791,0.04728920611867491,0.028415382415938106
0.1251756474527421,0.24796498920714058,0.054572848496749427,0.09280694409146828,0.0858094217901073,0.10847174386333121,0.03295109610582073,0.21096957031056088,0.04127773868207942
0.10769099720982245,0.031858712386310405,0.1172710417285816,0.13821769995173158,0.20447034687576282,0.12796980622754858,0.09343286687863156,0.07885360945257298,0.10023491928903801
0.07848387809756201,0.24370296135559877,0.05512472186255104,0.03480235718283125,0.34081674658965877,0.16323012450934132,0.010225308257124857,0.03461002276978283,0.039003879375549125
0.08263301037762823,0.0502126209435133,0.058857921539155346,0.06194785462346955,0.022765741581143403,0.16058031754576926,0.03879513227817358,0.07470553504875775,0.4495018660623897
0.09781615722073289,0.06258522300233386,0.11433947348943159,0.03330051386415736,0.2008885084711092,0.1698317357769581,0.15349066625531627,0.11988522788035838,0.047862494039602306
0.09937340781845128,0.1497778672211795,0.19941789260322026,0.07402717988334402,0.13030836228576376,0.1023661383987522,0.04805469530735068,0.1287505894725637,0.06792386700937457
0.1004586316904487,0.11110511645428171,0.19371162404575917,0.0235566948773606,0.3347971872779067,0.07536624398854247,0.06889955355331921,0.05362952579645885,0.03847542231592256
0.08810076004461222,0.08284420701662354,0.026707835853999874,0.05319946824862424,0.06472405261679563,0.13967117078877547,0.17374963267959928,0.044438802037127266,0.32656407071384247
0.11553921997167045,0.15133205857439577,0.16035649845095695,0.06331228337655019,0.06463636006449387,0.12883695132502096,0.0880973556842836,0.041747415654167674,0.1861418568984605
0.1118203711026915,0.1754350749155312,0.03286458542495028,0.0736737327227144,0.39026902229149973,0.08138967331605707,0.07408312601845542,0.03907754627835279,0.021386867929747724
0.13248182961109414,0.13830635043337272,0.23282634553912004,0.10097468915898722,0.050153707767611855,0.11916440396039922,0.10376591716628814,0.08691024372085665,0.03541651264226994
0.08057411466833696,0.03437161201162201,0.081690616768292,0.11554110223037935,0.0617022948665494,0.13102746093507867,0.012216112112924194,0.4183566162693293,0.06452007013748814
0.11209028102018541,0.10670159380017019,0.1300067666858569,0.12927395354471635,0.03548597006276788,0.152105527654225,0.1847206252644118,0.08884080263771699,0.06077447932994951
0.12365924149961804,0.17264648590384038,0.16260592957654915,0.08069594906690174,0.12068747227825205,0.11809978664155045,0.06351125270270919,0.061620056245984135,0.09647382608459482
0.1001185008476042,0.08106743652159926,0.09832984176219851,0.14464796249282036,0.06847488034214219,0.08044634367951252,0.022524745006679447,0.04602224434353647,0.358368045003907
0.13012444249322033,0.12060356997739163,0.28052332349363773,0.05970467785439534,0.024662124045193603,0.09848481658000634,0.092956021262515,0.04382610053012916,0.14911492376351085
0.10369915265413415,0.11577105549151702,0.07289915764658715,0.2246179159289459,0.13027267003706955,0.1276458477084819,0.055954742923587375,0.10103932641816886,0.06810013119150805
0.10238529392983682,0.13265986934014365,0.03827634850232686,0.10983490840925425,0.36547703525654596,0.1074470293334052,0.028784013634962108,0.03721754756869108,0.07791795402483412
0.1418285222871395,0.2585649043520777,0.07365810974611846,0.240832420169274,0.061888905428099335,0.06816095771928458,0.05111397438611467,0.08214489825097955,0.021807307660912243
0.08244212372286454,0.06080978386593727,0.02985611765766229,0.06542151655223143,0.09924283696923548,0.08295762595559729,0.09382892853353375,0.041265300740738184,0.4441757660021997
0.10906884653183725,0.04892149751109067,0.08628127306852469,0.08419724926471565,0.20170784597370126,0.09727887726473623,0.02514432980947871,0.27670664646358234,0.0706934341123333
0.09603208379447896,0.11498848914039984,0.03516919021958228,0.09582988681231587,0.19527317955434706,0.07809327581284291,0.25738023766662754,0.05145807686210938,0.07577558013729604
0.11576705931056408,0.1279218383267142,0.09876253664216157,0.0641383449607164,0.20193900568919912,0.13471190157718538,0.11938814105571612,0.12798211989165595,0.00938905254608714
0.0970514217034203,0.21944488914025684,0.06396294047642105,0.06768399243798255,0.24562856817575454,0.14782130808700603,0.07006265780044925,0.056317800470778424,0.03202642170793104
0.10505662752041418,0.11387665075987159,0.049911541624525026,0.14998997424532554,0.3231876826613051,0.09820788589218767,0.05504535443661313,0.06576143476922447,0.038962848090533256
0.11146336596924318,0.048273445823151545,0.22440676305500562,0.07209820007705074,0.06348784053209956,0.11417809956658181,0.06542348009034867,0.28497941645656993,0.015689388429948898
0.11718289497778128,0.13851478613670573,0.13291972734924679,0.06195996912603228,0.11642624618098536,0.10623319568029031,0.06942493912863436,0.19836935111158052,0.058968890308743416
0.08865530381333682,0.049115809129372044,0.04188420462495431,0.08316313942554031,0.05904801237172667,0.10643706972141509,0.45183947724730134,0.07178222740105822,0.04807475626529522
0.12236809481707976,0.04957298093913171,0.05410886621733955,0.13214629018364457,0.15786047686241314,0.13868831465112244,0.10878014726711012,0.16059933698655685,0.07587549207560187
0.13559014689774065,0.05264473062128718,0.1728355785501123,0.11837422198835078,0.1901732253528269,0.12312403694581037,0.06727428720385986,0.07137088778432465,0.06861288465568734
0.11711715459710263,0.08410090409888184,0.28915948098333183,0.052196543026291405,0.20360654385050173,0.14426139425874798,0.01725556612214238,0.055381469457327685,0.03692094360567261
0.10643245869562663,0.08598241990271265,0.02492303823721385,0.2122298983476848,0.14316210184440886,0.1023186469073203,0.07272229805693664,0.19533015989753122,0.05689897811056507
0.11854751433479216,0.13856647887537396,0.07500324988913054,0.06271250215824103,0.09919333475875491,0.13757981407279465,0.04030488829758513,0.13378768885830059,0.19430452875502705
0.1233617819957743,0.1846198116257869,0.13361663590718995,0.16299253882495687,0.19505090020709095,0.09111391707646409,0.053633363490668294,0.03150094129519344,0.024110109576875195
0.09756532336972303,0.16690021264554064,0.03754154601999448,0.05053709413947319,0.07085398377984929,0.138248606034305,0.09128157331200948,0.03249301141208349,0.31457864928702134
0.13756693764121639,0.08988083464779446,0.14444056665117616,0.06795099987812954,0.21433282682543434,0.10754976455495024,0.06846508913397166,0.0720739762395614,0.09773900442776574
0.10244479871783763,0.183598087670805,0.07316638467948999,0.0384158706947415,0.18259729909285552,0.10146769330326431,0.16156298355089965,0.03062873496342845,0.12611814732667795
0.10058307982306981,0.11000901054958301,0.04427520886229985,0.11985953020908424,0.07471785459941288,0.10458551608483486,0.02232192408474012,0.10052247069201044,0.32312540509496473
0.09343305676360936,0.12302131630443973,0.05074211828215206,0.04567964155337967,0.057946794810841425,0.11115220925275204,0.18714707059404126,0.049187225440284366,0.28169056699850015
0.11745532323615267,0.09271682776195662,0.2857624520502267,0.15975770262949532,0.051910311888527405,0.11353587884593319,0.12999253375709577,0.036672836582948176,0.012196133247664116
0.11842264176659323,0.1449217712095866,0.11074829658047768,0.100599061768932,0.034979278758800185,0.1335282947652071,0.10173975769596988,0.2226582315176595,0.03240266593677387
0.08675429091137438,0.04540582159182629,0.07508466185701519,0.10020690296454475,0.037865923251118705,0.07303510041886727,0.12294616801972057,0.01770497822685495,0.4409961527586779
0.14060331323971265,0.08289856756443242,0.0570862902255248,0.14249569673988657,0.1309134397760644,0.08205387297671124,0.04268535407214108,0.28764781766146347,0.03361564774406345
0.07698729064930177,0.02760773379423839,0.04049538543915719,0.055053411713276414,0.34632549497401693,0.11734061678699625,0.241820663622637,0.04515668967392834,0.049212713346447695
0.10110010398398832,0.0683813735304228,0.02699189536460388,0.11892200849593226,0.24390281545840978,0.12641543576682016,0.09759420364035802,0.1214775459972916,0.0952146177621732
0.08591725494837078,0.18680011206856958,0.09911695353511059,0.06262972856211434,0.18696661126215983,0.16575912580664032,0.051538615767431184,0.06296280875011229,0.09830878929949127
0.11578731318080243,0.15345604832579604,0.07275015192009515,0.07637618105926436,0.2156907509858164,0.09973429695698532,0.08117974159147004,0.11672544506785,0.06830007091192025
0.0867142371816248,0.07764355782080519,0.07228691048915482,0.04473203110420796,0.07607527310414797,0.06368590877387746,0.057922089580325055,0.028164276506220286,0.49277571543963644
0.13544358139332388,0.119346952090758,0.218230698807616,0.05167463607072584,0.13963139894287413,0.09655086466375289,0.09637810992793462,0.07615789486909325,0.06658586323392136
0.09954812540489182,0.15107514015426682,0.043025300943313194,0.06296127167921418,0.22329847787260848,0.12788334245218438,0.1868765566725861,0.06077513436717672,0.044556650453758284
0.1408210111757005,0.10161648397411079,0.08479855638688655,0.12269648614115913,0.100032789687655,0.1280413255914185,0.2161831450874431,0.06950467148154758,0.03630553047407881
0.13217636755570905,0.20227920902117047,0.09272207014793254,0.15288041234835262,0.10343149506258607,0.0816164497114681,0.08553536443761779,0.052041898466258306,0.09731673324890501
0.0977826041406978,0.1776300982412685,0.0972914409878468,0.07735622928386061,0.13153665254806776,0.14089396401698315,0.06727840283846431,0.17895072441463789,0.031279883528173257
0.12731735997481794,0.1610979140008053,0.17311491498182538,0.07224084823811967,0.053832730045473974,0.14211085460723316,0.11377519914826079,0.11630770014813434,0.04020247885532948
0.09719503657728402,0.1383497316216746,0.10853957744335595,0.06193910320267113,0.27764215837335887,0.1250127796746753,0.09628796286242608,0.05730566540072968,0.037727984843824315
0.10373966601224065,0.1183921508444933,0.06334685165978239,0.15017397043932204,0.08336935307292688,0.11589188066705162,0.20593750766263386,0.11268792964367697,0.046460689997872257
0.13978531671861794,0.1713676100917153,0.07416563788740584,0.11051177025766377,0.08360903640136465,0.15669492487675205,0.13122258343497697,0.06336023557171111,0.06928288475979233
0.09861952182496937,0.08532054017546448,0.16524387156460932,0.06361245307345371,0.16699637182068097,0.10971235837160694,0.0506133972599113,0.19493758872148237,0.06494389718782155
0.12247106540971038,0.07472152126258647,0.1432549303438931,0.09642266905069026,0.18254699081676393,0.12677587069155247,0.12113123103453767,0.09400605252298488,0.0386696688672809
0.0914355782130613,0.09134869150724194,0.055610452684447705,0.12281982781393991,0.298775793189382,0.17311362423543564,0.027584462401562856,0.07785214678992063,0.061459423165007986
0.12769382564853307,0.040934201929893416,0.16506393611871925,0.2298851565411085,0.06896239801651781,0.13063469530019955,0.1018972109505568,0.1257526761893957,0.009175899305075948
0.1294869859878209,0.09821010501304127,0.06448366177893215,0.08317683050070068,0.13399687874528696,0.10971889212618584,0.1918923621390687,0.15905746890950914,0.02997681479945429
0.12074033257467431,0.08094804154099283,0.20157822544278128,0.0962653731934112,0.10595149034027405,0.1337801854417103,0.10686100405874606,0.10572193243671761,0.04815341497069244
0.10663085210490304,0.3044206441309018,0.07437835602110658,0.12214260322235475,0.07993953701078037,0.07857937399607418,0.1483794070135529,0.025135388023725575,0.06039383847660085
0.11100842124742046,0.10304399501313144,0.07518017776843382,0.12052377821684572,0.046179518545503895,0.15426437470965693,0.2458760318070897,0.08377409487089243,0.06014960782102561
0.13399398626761183,0.0341457912481903,0.12051783366810957,0.09919975653553541,0.06479957419888693,0.14871806598185003,0.0903843967917205,0.227168843373866,0.08107175193422937
0.08535529097982754,0.0884413787300848,0.08299503631165966,0.0952098937604331,0.4022862199640554,0.0994014299176289,0.05376492342749447,0.05328195224553504,0.03926387466328108
0.11509278527875043,0.05427780271934909,0.12797789504230125,0.1820621699432626,0.22035124645752915,0.1436498628102814,0.01562146729523308,0.08847958145662649,0.05248718899666651
0.11215070336278428,0.1802539589114637,0.0762008639162121,0.2625615830329151,0.0804058435723603,0.09369372155851403,0.0966438816132917,0.07218397740056737,0.025905466631891444
0.11623506195532056,0.06302504638308844,0.07445832114551545,0.0685859324383825,0.055889783153663636,0.09393040235527146,0.0617528536712747,0.12103773375362308,0.3450848651438602
0.12540087112164144,0.08743473698682132,0.20226271103046148,0.08792903324414852,0.0863957754990865,0.1762994750890969,0.16496868946141655,0.04549499539922225,0.023813712168105006
0.1217558457016274,0.11354548853875691,0.2304896447384097,0.04354318846416888,0.05480591602210013,0.11045706096122547,0.07941031319873068,0.21452419594156502,0.03146834643341584
0.11562265900493317,0.1646073832924194,0.022505810147561565,0.09390279626069543,0.11468057545649797,0.11216493648280701,0.10046855777853919,0.0968851439544955,0.17916213762205077
0.12413885537566376,0.12851619332245157,0.1725280771047153,0.09019692302478828,0.08686364072683028,0.12556711807759635,0.04112603312525742,0.1384956334358491,0.09256752580684789
0.11382142642242106,0.15846054984522606,0.2013618248213894,0.05701492792346077,0.08276324765258429,0.12938855744648936,0.06417501585504999,0.053504890068219145,0.13950955996515998
0.15852682353124095,0.23977616950411215,0.12696455663097636,0.03679364971013024,0.09854880850124241,0.12230087322583695,0.0953485913107623,0.07581603900762039,0.04592448857807816
0.09533497354361331,0.1341507202568596,0.08500533099804747,0.04047393267495067,0.12209361522261745,0.13737544830897375,0.20722389600506907,0.1498590572260575,0.02848302576381116
0.12949311428536947,0.20869392344028403,0.10635438638633199,0.05815710357563778,0.1949047786613409,0.12571215357663443,0.05244751197897788,0.072337438227806,0.05189958986761762
0.08344554034022299,0.07661027758209382,0.06367169344288691,0.05364848880805107,0.059132338362872905,0.08940542099785743,0.08366410961503841,0.033890161298891275,0.45653196955208514
0.12082559471478631,0.15270526466544543,0.1584038772764044,0.08412618719050262,0.15680411889138654,0.12611395682165663,0.06074227329911088,0.10467127561489215,0.03560745152581502
0.10331520308905562,0.1287204047648808,0.12324960366623676,0.07281205190633643,0.17819561658818164,0.13643009469925282,0.07574220586045989,0.17197594947041872,0.00955886995517722
0.11865981686948857,0.23051080509251973,0.03816862160303835,0.20923384468462056,0.10330764553308708,0.10455203146316189,0.0665493717044373,0.08269248539412195,0.046325377655524656
0.1103257572267341,0.15780114363053518,0.14345531597077546,0.0327291267976664,0.13014915314366196,0.11224320134716921,0.05263058378362021,0.21857837103173416,0.04208734706810325
0.11303574394805234,0.19028111146475415,0.09340025443767357,0.10546329854993151,0.10209308716665444,0.1272417568779685,0.1415730527423627,0.06031742580066829,0.06659426901193448
0.111499672193628,0.05322789667079785,0.0635517881651934,0.1180666415880323,0.2759091117219267,0.08969519636952887,0.08275457257196216,0.07901930582525472,0.12627581489367598
0.09605731874909795,0.08174131658321972,0.037962612494135135,0.0853703637108464,0.06794778057319684,0.1282673523556357,0.06309493546943144,0.13348242973498978,0.30607589032944704
0.07708054530438586,0.059991530524903934,0.07622995648642088,0.058316596053442415,0.3500026075579854,0.13268932714912152,0.16457953492094,0.05600120953309733,0.025108692469702626
0.09775538667510669,0.07676409888761675,0.12889629684854828,0.09310891006820055,0.0603990753964432,0.09056985392665244,0.03798500818163104,0.03234119927927822,0.38218017073652283
