0.2500499372106069,0.025320457457735684,0.05900258485343313,0.06550333841864041,0.22638592582888858,0.11855978947369622,0.0494172430726906,0.08994543842719162,0.11581528525711676
0.09149500454985939,0.05347125920540102,0.06945268196863458,0.08597290468437983,0.08630700844398631,0.2450967982168235,0.07451092044434482,0.13317134176580153,0.16052208072076904
0.0698479477630987,0.14879560669867647,0.17509357331670197,0.03480793059476153,0.11749550038139189,0.018663852704311375,0.2385953358243494,0.13119581750082268,0.06550443521588596
0.11024041563784238,0.03267979563457568,0.033851180403506466,0.11786690865971479,0.04366860109765145,0.34906966327848193,0.04432220828189467,0.15847840355946471,0.10982282344686785
0.05872491595076634,0.0497098098648568,0.1364927970773404,0.19856323939078058,0.13607639886678782,0.01929302615421278,0.054472920828401945,0.23849381552941248,0.10817307633744076
0.12500009091093697,0.33580442284515705,0.034737906837936504,0.011938840047833984,0.05814427895248601,0.03646824341984062,0.09016621446844326,0.22085759344020184,0.08688240907716382
0.13897469457763545,0.03114887274998493,0.0472622334378155,0.16535106821136084,0.1884620566782326,0.029687422103454642,0.07744686440368641,0.1651944755267987,0.15647231231103098
0.07242773406794112,0.054418739102285375,0.04983144162325964,0.09152418770723113,0.060739140120526884,0.1604649938798213,0.08632581018981211,0.14363384828780712,0.2806341050213154
0.09582538922049094,0.07199291304743462,0.17361801530493817,0.06326110242476073,0.13457314354598612,0.02290426682348461,0.14326740474313013,0.04593310806799561,0.24862465682177903
0.08762065239219763,0.0918920946858467,0.08979825048346145,0.13607832858016103,0.16696556412271113,0.2531699123486753,0.04992668211095958,0.059935307109769166,0.064613208166218
0.07602178793725273,0.07960417565467705,0.29129238781652556,0.03675566470827671,0.1765972691642778,0.031234718909537062,0.12457939264519023,0.10326218800505864,0.08065241515920434
0.03734139547228887,0.17081623554581346,0.04969639715818125,0.09522777197239311,0.12905084664765154,0.09278306933598518,0.1655307748481642,0.14730365328302025,0.1122498557365022
0.0987002908370375,0.4354658087488587,0.03564998392630861,0.0153171608899424,0.07587793184366746,0.027897005469646862,0.10416130126145061,0.06834891653003876,0.13858160049304905
0.12201137615926884,0.044545186574450425,0.04467751668208705,0.11970467669053521,0.05750080259802318,0.2176197302998927,0.1475905723377177,0.15969912413243847,0.0866510145255865
0.02136651458628913,0.13858181096976294,0.04602878239390782,0.04413010497482563,0.07890018265628897,0.024676889048901935,0.13746861918090908,0.21383273258884916,0.2950143636002653
0.0668167462100916,0.031755443894320494,0.18063952488913274,0.06711889033243086,0.057924467172415485,0.19370471875868991,0.14141197840699402,0.09740615299745677,0.16322207733846805
0.06343420288168944,0.04059487042176729,0.2095874084392044,0.06728339226664014,0.1645210435448917,0.09599515771440503,0.14225289527470333,0.12442190659611847,0.09190912286058024
0.07662049121392699,0.21328448405336983,0.043957677624044435,0.020317630439871222,0.10502545922686045,0.00995078399790755,0.1996434161259606,0.21587213885394538,0.11532791846411361
0.09355498577960479,0.18473746002623637,0.11579453718958843,0.029501289819830745,0.0998123850406774,0.009795123733228259,0.26995582394243905,0.10711238240969083,0.08973601205870403
0.36353321751432083,0.07100390310177124,0.03359754080759734,0.051749679794264626,0.08679412600642045,0.07532427193237998,0.028235014342969083,0.07338129485941249,0.21638095164086382
0.02801979486049939,0.07872657180699427,0.15834883150983145,0.14396572619512407,0.16562934083362418,0.05075878993858494,0.05850383288628433,0.15721183173565215,0.15883528023340518
0.03472973894590086,0.2996499252002842,0.10129620932043376,0.04724102749265483,0.08262684517189946,0.02705423900732007,0.22910156212928237,0.07156494793592143,0.10673550479630312
0.14049790989130329,0.08031571362148539,0.11113237735755477,0.20269692280745966,0.11440196134896041,0.14560519925688872,0.04119937725399602,0.09372041469248427,0.07043012376986761
0.12043337492494244,0.09761145863943309,0.07923112607417193,0.10407370498855133,0.07689249051932433,0.046875946210689384,0.169540581438089,0.14494829006672236,0.16039302713807618
0.03447857747423075,0.057534573818034736,0.11563802313864784,0.03696948767888482,0.12668370178009114,0.04698217547790737,0.2346584054060965,0.2426586109203858,0.10439644430572094
0.3429801877021208,0.1511650132977996,0.0333106342654064,0.12761281454944642,0.056315023971088236,0.09618065637887217,0.04715424079526887,0.050254677551456746,0.09502675148854066
0.35037689484610174,0.04206520969576233,0.0452323417552691,0.10751168637345276,0.07725792212610788,0.05452079388192721,0.0648488760980628,0.18157714874748968,0.0766091264758265
0.11975633534512832,0.03170245806448654,0.15465883706428207,0.09531358287438119,0.09571340415696884,0.08823778040544028,0.17192019699831187,0.11834350375949647,0.12435390133150444
0.12229616177956519,0.048965381117865386,0.04409900556289637,0.1324968137109769,0.10175518818804948,0.2731412540954547,0.04253472012284315,0.10134362965507537,0.13336784576727334
0.052086873336848194,0.1475439675463163,0.19179301554616335,0.048728348911890755,0.21575434783989675,0.018725791582271698,0.10500154261401969,0.13126005964629484,0.08910605297629842
0.06816239587668059,0.029154193716655914,0.05656977404238012,0.31640511773245483,0.08217620070512474,0.16234803086022262,0.04178561505121728,0.11166465215015721,0.13173401986510666
0.17199706965600758,0.10092139573479264,0.23581323004155244,0.029822624226376004,0.12352086924186767,0.009582875347947842,0.08583529037080741,0.17995991034686232,0.06254673503378609
0.05395232698646316,0.025224545433309296,0.241945069012205,0.08287357638980845,0.06197264464067138,0.20743996831717562,0.06149157226061328,0.174301198424845,0.09079909853490879
0.0783160951498727,0.048618016354470404,0.037016158478565535,0.09299356002215879,0.05129178060319791,0.3795328081739351,0.04369223321911341,0.13354213745755225,0.134997210541134
0.04760177066827165,0.3409033973686273,0.05236562720271032,0.02728162558122467,0.05438353929382717,0.02215997047148618,0.27659659282368154,0.0805538631471218,0.09815361344304935
0.028633122964659658,0.11153885442402149,0.050234662649599464,0.15042949780429551,0.11471318439440958,0.11808029156500195,0.1001252160716934,0.09406609931492259,0.23217907081139633
0.019382193933201973,0.17604576257608293,0.059121584998285764,0.14605270940069534,0.143326474625155,0.01277159107260632,0.1293748900084812,0.1666980493957829,0.14722674398970867
0.16397633317119512,0.16294171008359534,0.0948668271085961,0.032735556724357316,0.1004181036195559,0.003938923746177741,0.130801930822294,0.06648541547594182,0.2438351992482866
0.1961951969117455,0.02583333742194507,0.054238319133966484,0.1302977677200754,0.0752603688713727,0.11968554086493959,0.13412328551090522,0.1412042833497177,0.12316190021533223
0.0452310980522325,0.2243509641553435,0.0831310079433701,0.028880353249417724,0.07131374501049885,0.1259242778354319,0.14784502587544793,0.1348692802194253,0.1384542476588323
0.09607938186342378,0.18502973647109822,0.050780886199832835,0.025550767546821066,0.11659998734149096,0.09544553495232583,0.07522331582576257,0.27029386517630843,0.08499652462293626
0.10671331864408408,0.04970265901213055,0.134400732253073,0.029150968588150764,0.08580281062505435,0.16967870996171794,0.055478896787532074,0.22604975585770068,0.1430221482705565
0.17752511115907746,0.04628321162345717,0.041824908957201756,0.06808240759624451,0.13917290313148303,0.0736565142637554,0.04120510421436413,0.20174333021278654,0.2105065088416301
0.1403392161964221,0.18986980013358265,0.048315790075389296,0.012831238104851256,0.08450588091519849,0.020227397548625136,0.15504146162666277,0.20800458117695778,0.14086463422231052
0.015811673354802387,0.17116525628959178,0.07556023384418026,0.08136562171109225,0.1418762777300462,0.01306091730867019,0.20215140963445252,0.1712605863130957,0.12774802381406872
0.04799902864580994,0.07487530013806988,0.2186610041570817,0.09870370025669091,0.22250096950446308,0.07474404825462316,0.0981304230148174,0.10521217311394454,0.0591733529144993
0.34847693032414745,0.11385027362444479,0.07055338408688205,0.09513976394567109,0.08974882547244518,0.041019092511467244,0.06903292242782293,0.05296860826599591,0.11921019934112341
0.5554295151868947,0.04799763655212341,0.02699871459883441,0.0772424990828412,0.05792339887026279,0.06474524526974819,0.040411575355652284,0.04945614581633082,0.07979526926731224
0.10534009927645949,0.07514100396992407,0.21825926986885336,0.12090304585948476,0.12286136029940113,0.09586801634001224,0.08630875012281747,0.07343592970672627,0.10188252455632124
0.09797169770054454,0.04332483108744025,0.1395531287989771,0.09793457343027691,0.19338007153431694,0.029250575403366688,0.10238629006154586,0.20391151727035742,0.09228731471317425
0.061803192576340926,0.09309305591768686,0.051243186563337866,0.27610920006028117,0.06157561291457162,0.2589170047206582,0.04891674827162012,0.07172312859783152,0.07661887037767168
0.24667853964464115,0.029022396449051347,0.03616834623399179,0.13435116361638683,0.07694683962750329,0.0639257546870617,0.05031571623282452,0.2141864434568288,0.14840480005171056
0.06209776176957893,0.15394984799116687,0.08948262507086259,0.057865658040115654,0.15844219749854002,0.03778751705203684,0.08195368426512707,0.20538528641627452,0.1530354218962974
0.09912083630465106,0.10968055199789278,0.1127642801790752,0.03841666994889188,0.13399575468576988,0.04744146682355032,0.13635773104946483,0.2546324374883702,0.06759027152233374
0.07180414588927538,0.0903337411606349,0.22458660832640434,0.07557634780138739,0.09496029920374453,0.05620049409209139,0.07134848200158204,0.0956778697931926,0.21951201173168744
0.09993479400259599,0.05220363570360836,0.10468866357836236,0.05470808479915401,0.08434679386099388,0.2664702074543955,0.09291861423036275,0.12694384279477042,0.11778536357575682
0.024253699810352438,0.2319857810678464,0.040889917179920195,0.046495115042190664,0.08690348640254213,0.07815614513456329,0.26980929524654623,0.14495365858705445,0.07655290152898424
0.05069385201890094,0.06714629120821634,0.10406834279413468,0.1398890578056998,0.22160772229415038,0.02688718134022153,0.09538245076914599,0.1465906827935475,0.1477344189759828
0.07685003898464626,0.27083276591989963,0.15772926220706732,0.0236777905316894,0.1172634343256458,0.0377181330050226,0.06868774597153811,0.197775386743809,0.049465442310681736
0.03258304268030192,0.19825467447864942,0.059024525144432315,0.028868704446442905,0.12667192329925928,0.015852267125080925,0.2635621822044745,0.12568737664889193,0.14949530397246683
0.06333763152274023,0.22639922957486833,0.12986818734981417,0.036759538905488096,0.05779738292736048,0.008161096456739758,0.2643034180987734,0.11850488294969796,0.09486863221451763
0.052086873336848194,0.1475439675463163,0.19179301554616335,0.048728348911890755,0.21575434783989675,0.018725791582271698,0.10500154261401969,0.13126005964629484,0.08910605297629842
0.052241617250553374,0.24747981850523804,0.07379156728456963,0.05439167089633471,0.12772528382292977,0.0070249691243116546,0.17084320615514273,0.15592674857085745,0.11057511839006258
0.129349047477748,0.06149410388680617,0.07706241166886928,0.03083143205506091,0.20499860644146614,0.07796781521799398,0.04890741051181203,0.22183705757013497,0.14755211517010855
0.03729432261028549,0.040738447245344374,0.05510131277447411,0.27775397755071574,0.09011239257202357,0.09542025207690712,0.22651620662889269,0.08384653315917755,0.09321655538217948
0.10109568024342291,0.16983204535138816,0.05017269760644635,0.17838247471511995,0.12475800248507819,0.09031197176330046,0.11007262652051486,0.09220469948514794,0.08316980182958107
0.050726165061704596,0.21654079211582347,0.06693019308344057,0.037753962111577936,0.11055727056774416,0.043329921487007844,0.18523094323158737,0.11200628302879596,0.1769244693123182
0.30124033124538524,0.0219394480223937,0.059562373893540216,0.14629290949814325,0.09710719817945933,0.026323490894289467,0.04770163200570171,0.18889867476570954,0.11093394149537766
0.0878893440017799,0.09328873257175457,0.11429229423624175,0.11069072166564224,0.14350801832790624,0.11807557716221245,0.043015965701856285,0.12477489022217941,0.16446445611042712
0.0655640388193283,0.07133703844954338,0.07979786626520051,0.04247841241912994,0.11260235032428374,0.10035307773859388,0.12065991245979646,0.3075589378282186,0.09964836569590514
0.04341284382064312,0.06688573141157073,0.0992689924803427,0.15355472556994643,0.1615099726042141,0.0836264430869003,0.1171696295598784,0.1807409806329491,0.0938306808335551
0.0216422401190722,0.05516992575905407,0.25538627561793875,0.047891636113739054,0.2070708929251025,0.021082716661226773,0.16735014975337278,0.09961079462916357,0.12479536842133025
0.06144657830383054,0.0883472418735946,0.08496168497340555,0.1443575989356183,0.05552053799714509,0.22436960020754912,0.17232761228901775,0.0917646972200895,0.07690444819974965
0.05121255761463541,0.1777616274206819,0.1804656011408021,0.05945271860774176,0.09989926568110742,0.025902785002260564,0.1617132015162146,0.13183104860608227,0.1117611944104739
0.18349346579314776,0.018674206109881925,0.08233680021348819,0.04866075770710602,0.06111486331295827,0.2852367852572722,0.09032327919316174,0.09686440029999273,0.13329544211299119
0.10174453336184448,0.22395304811316463,0.07366901927088436,0.06136315985065787,0.1567383643849795,0.0419166759351352,0.0731432976292196,0.15710588847862253,0.1103660129754918
0.08723090198820492,0.23791843438024507,0.069111326323461,0.1086417057576462,0.13726156816062443,0.047204142983534564,0.05042798560163264,0.14148085987809247,0.1207230749265587
0.16956036353772874,0.0427980449238567,0.17454409668248685,0.04444376807740665,0.15382259486954675,0.019065943755992503,0.04755104281564295,0.09040377854341787,0.25781036679392094
0.11343894477113604,0.052373921297719984,0.059733376953244134,0.07078080330970155,0.09903815244991347,0.32620860723623857,0.08884287350866475,0.09464459208485804,0.09493872838852346
0.2982023689226809,0.06807686051798749,0.02615744312163984,0.26014951960791277,0.06234996002917287,0.015385446702486497,0.06453017706624797,0.048752769124569974,0.15639545490730164
0.11762284231237476,0.23042486585241106,0.08687341985506707,0.04123672981675381,0.08058053567934863,0.040696332997602606,0.16736650939314968,0.11594558673911692,0.11925317735417544
0.0985549171140674,0.10637668250036102,0.06988787982898076,0.0655967372708844,0.07372963467066428,0.030820598018198447,0.09760054926412859,0.3271368628846911,0.13029613844802398
0.07870341371197632,0.018648279416152005,0.07747079487611076,0.1915203948792532,0.05357477910848233,0.40697249290332943,0.050799278691038334,0.06966554063795673,0.05264502577570085
0.034688028506532624,0.1475367732803437,0.10257464083300995,0.11971028201116181,0.1670322451049734,0.1996585097201202,0.04427464836630552,0.12129487256955203,0.06322999960800076
0.01313933537533585,0.07589450118931387,0.10808520653239867,0.16657988975812324,0.09657260555266178,0.040571353900374724,0.15105144154673125,0.24152738451695832,0.10657828162810239
0.033282570584606,0.03919998547791,0.08252466047206285,0.13229134023849962,0.15362039333536912,0.10686171922071104,0.1609986190308034,0.12600956823792772,0.16521114340211027
0.264556449979335,0.1954655441454107,0.06525906758513456,0.06043112198306059,0.1257946153518056,0.08526248519441354,0.02564130901292983,0.1201586910702616,0.057430715677648715
0.028783789759223345,0.08048942846860518,0.1605360338527518,0.16805994932005244,0.19157383639114914,0.1118489854551837,0.03882247211155401,0.08782165735482188,0.13206384728665851
0.38360640545315844,0.06495868592842695,0.049893480435425484,0.027153243185703016,0.09356846354716426,0.08670536491476903,0.05574261340830114,0.08056675256442472,0.15780499056262698
0.13954330718282218,0.06770093162873089,0.13992174026169213,0.0895344819708127,0.04610989160347243,0.2557553447722744,0.06813000609940416,0.09256132375753555,0.10074297272325551
0.4564164800202846,0.030297711265742933,0.023575174460199595,0.021418109343909347,0.04211818846822655,0.0911051611133834,0.023906650533744283,0.1972065717719914,0.11395595302251782
0.12496789021353889,0.1737299983253963,0.12371136346406637,0.06705147668939472,0.0654544871527984,0.03785915001681,0.09705993125073648,0.18877492729589337,0.12139077559136537
0.09187964305119141,0.1444464778446287,0.11399861471144586,0.10340246155901667,0.1391562684567626,0.030603040511469132,0.15049339629572453,0.18420031491107317,0.0418197826586878
0.031789860265580006,0.07642217655328508,0.041698666564915256,0.2345534601425916,0.17792738944017736,0.027354203373264357,0.11182742901329086,0.17208715702375033,0.12633965762314533
0.04310944927892658,0.0909563848563556,0.1236630284448964,0.10317542235286355,0.16460850829990267,0.08372903938468722,0.09229775681900988,0.1303184065713838,0.16814200399197432
0.09816511411244151,0.06301410968592247,0.07385959911694809,0.09541530976077457,0.07209257844653696,0.08274858295441165,0.15261562353163602,0.13286431216244046,0.22922477022888832
0.09426458934864462,0.019835499187253233,0.07209398180204962,0.2811259770398282,0.0631086817666654,0.10889301397248302,0.1022149957143057,0.13098241852534523,0.1274808426434249
0.15145090131635228,0.03627167561580974,0.06940765959547356,0.13090281672692414,0.05755089434531121,0.1761683071830726,0.048984278627377316,0.14233526940725796,0.18692819718242118
0.08919252039958353,0.06559124095420654,0.03937505107996617,0.11740317257593624,0.06520235504531378,0.314932661705421,0.03099343509170478,0.20081209579458606,0.07649746735328193
0.06532667182142991,0.06820853482873794,0.07284991255685223,0.07089326610105871,0.137121338831067,0.10283372637789716,0.0716211495693774,0.260387242081304,0.15075815783227564
0.09284606248693396,0.16556444632517664,0.029372928154553335,0.02025154092051809,0.07188515496322367,0.17971547571316396,0.1730640715726992,0.1563180236231997,0.11098229624053146
0.05983456119353062,0.0881019875168698,0.10201221945617363,0.15026263015798028,0.06931948159522956,0.0748702836880948,0.10538277475577061,0.15729155028423916,0.19292451135211144
0.0280987002528659,0.12811010535056588,0.06434258500183444,0.026309094169323897,0.14050625378568998,0.023171718523305487,0.10873275275572596,0.28233391480738135,0.19839487535330722
0.18488607818911304,0.1624682610361923,0.05502121011962436,0.19892039754792193,0.0878413957693966,0.01580622958481754,0.13167604994068113,0.08197294260337801,0.08140743520887504
0.08950708072206537,0.36431599777434825,0.029638093863481273,0.011997991097633847,0.05441362031285415,0.06957738862547065,0.19802295404990553,0.07286644924471837,0.10966042430952255
0.4859784470718556,0.055143413592861124,0.0356248311661739,0.03672056100448229,0.06566275826255587,0.05887456940673783,0.07129400724812733,0.0670745033437976,0.12362690890340851
0.015019831361934155,0.24638939350677722,0.13448016425356749,0.1523324634995479,0.11365718928423059,0.014073341777110537,0.12808434075775446,0.10728648702452255,0.08867678853455511
0.2857859147808986,0.02652203175978554,0.0790388996014647,0.05826869537697358,0.13803584738905983,0.04901968108783456,0.09925430069671674,0.16223032552726432,0.10184430378000221
0.02820814760198721,0.11461414628714571,0.05640985356539579,0.15096634665900857,0.1634090017362272,0.018386817261943616,0.14873162210620536,0.23245357595953328,0.08682048882255322
0.07652111332406218,0.14392559710544514,0.09370027485393219,0.061495961277356744,0.16302819035705876,0.008039572957205901,0.1973425081038326,0.07767438474499079,0.17827239727611566
0.23857920456321183,0.04769889975053134,0.08109090046310191,0.13544521812306634,0.1120857244574119,0.015969193239793806,0.10785598986913802,0.13992324895695055,0.12135162057679434
0.1400674035316064,0.05267825410811026,0.0740546493653998,0.14178692157271794,0.0776422872727332,0.2402752376058376,0.04996645447598227,0.1153311110896637,0.10819768097794884
0.05843196121401568,0.2717530697051747,0.02884596885534023,0.02544981238033046,0.08537396811374208,0.23380435238830577,0.0734301075048237,0.16781953282761655,0.055091227010650855
0.5467675183184076,0.03933147410469926,0.041505611710384686,0.05576520739131713,0.06986286773038614,0.10719392385980671,0.04392527082059178,0.038826417418820876,0.05682170864558574
0.06678931002878168,0.03411779194394172,0.34004842625149356,0.11340501220110837,0.07694450751819405,0.05047374520948597,0.06929544993111542,0.19070885931945236,0.05821689759642686
0.05968630001026395,0.023964479491648066,0.16172426313578336,0.26551051460702196,0.09434501275661789,0.13991310951240515,0.07848528767140028,0.10363898235445745,0.07273205046040183
0.015019831361934155,0.24638939350677722,0.13448016425356749,0.1523324634995479,0.11365718928423059,0.014073341777110537,0.12808434075775446,0.10728648702452255,0.08867678853455511
0.025908217753848477,0.2085164728153319,0.16182800868733604,0.03037056488201212,0.12406125959312993,0.039780511931418606,0.1578102556199652,0.16112231065654148,0.09060239806041621
0.07033598712625416,0.0596143644403079,0.12309610144189063,0.05750535421488934,0.12969070945458375,0.17529004176326435,0.0885054837290725,0.10067734025701867,0.19528461757271867
0.021176374686870333,0.2740380033276437,0.07108973279630998,0.06929721505129466,0.19155039545213026,0.032633475260539974,0.08879009457989817,0.10897010540939762,0.14245460343591523
0.032459373793784725,0.1133784685470197,0.16744805396263793,0.12732602099264903,0.11876731619953766,0.11721104209215948,0.04698953783371884,0.0892627088295171,0.18715747774897554
0.36721434944311476,0.026759666382221842,0.06199998145253505,0.09397750910902841,0.18291970368713925,0.041239595411963835,0.05897465726165906,0.08346752754037083,0.08344700971196699
0.02400852967014984,0.10612168848822605,0.23758148516094735,0.028642006313823475,0.16356838688074932,0.06155580113172309,0.07027231036106217,0.2331791362865215,0.07507065570679707
0.06085186013625172,0.2432336947939823,0.1235227375352956,0.019867832526654913,0.1284780686558172,0.003210787840104625,0.13706761182352864,0.1212914771576703,0.16247592953069476
0.12925969683745706,0.050539629223707326,0.06350406968803257,0.11759197809249677,0.09082587200294688,0.15655184668888458,0.08332711519891682,0.1852463527973519,0.12315343947020611
0.1566834399766769,0.12069112841592584,0.05249803069205997,0.15496535042036022,0.12586889714958613,0.03549208558838803,0.1256263538234292,0.0687997647205257,0.15937494921304785
0.22569830780333386,0.0198302175823603,0.06609256283399884,0.10414468543545456,0.1144876265048098,0.03796990889312089,0.1253352605997973,0.11039186377073389,0.1960495665763906
0.0379916952587282,0.12367648763791757,0.03384398362803865,0.22943001371575988,0.07144006106254551,0.023602637880213426,0.22277128411415856,0.0834686808896954,0.1737751558129427
0.16289083129370638,0.04589146718694498,0.18323049152971796,0.04173621403797929,0.11051594187413427,0.0731789213400414,0.1621340387291875,0.15461539945406266,0.06580669455422562
0.15060035387505882,0.10103010762864069,0.09312682885276675,0.06685288271682022,0.06596378162400154,0.32585818000107264,0.04431446474410037,0.07477068130083768,0.07748271925670132
0.03322955080551659,0.11574255414332518,0.27566739563463455,0.031817873266860024,0.05268589839492995,0.08736660009070683,0.22564748062435624,0.07683634194572413,0.10100630509394659
0.06107113467530504,0.21661978110174973,0.25640562042823273,0.02440730159105624,0.1277068418559403,0.027839859802027588,0.030464034881837757,0.14512889864996012,0.11035652701389043
0.04223904605176224,0.19772737843734858,0.0404195716526087,0.02370304556012212,0.19839868355563262,0.050923635548662916,0.1473046307585574,0.2611286579142202,0.03815535052108513
0.053744989943099564,0.15801055417915574,0.046891637660965844,0.25883808570876377,0.05839359328632652,0.20834338204908875,0.09784231511139237,0.06478138897386239,0.053154053087345145
0.43052686603392515,0.05308951727756997,0.0625638673698305,0.09558615936779265,0.06109667319267384,0.02548931416269169,0.0634342070442872,0.10494142381362757,0.10327197173760151
0.08543482487082239,0.10238487220741954,0.05087543048789301,0.1624016296370592,0.17751278421424413,0.09367213332212278,0.07755651633236098,0.059113265050911745,0.19104854387716616
0.030751477461389676,0.0656088963326521,0.10641415639408751,0.0447566819583625,0.06733593603355774,0.25387887426394756,0.11670231188122461,0.11773724881908017,0.1968144168556981
