0.04383054129480194,0.22545878639552477,0.04835881981037673,0.02086868533453488,0.04419833515656547,0.3021021463131148,0.07752036742862214,0.13992960301889193,0.09773271524756727
0.08011850344612141,0.09339387779639456,0.1082766015182564,0.032167433435934985,0.3685882624196168,0.09795042317234126,0.08464474739689072,0.03159684079841165,0.10326331001603228
0.04843694200988119,0.139387996923881,0.01938759563417061,0.06156086492061994,0.17044575678851648,0.06181511639272744,0.10379692869587781,0.22392929286486288,0.1712395057694627
0.06364122002152423,0.0566025088443791,0.044706216390794536,0.06527919581251589,0.0891681231617865,0.08464474007999218,0.5215177775982246,0.023039108650440104,0.051401109440342874
0.20481882878916724,0.15228859094212543,0.07275884374897774,0.03613404010508087,0.12683007381121209,0.10810791878099539,0.07054265345360426,0.03184711213483426,0.19667193823400267
0.1676218863414262,0.15667864748071544,0.07755722522851555,0.0815748096120555,0.1795139826546415,0.09696422901946888,0.09627567944945847,0.055711853191185025,0.08810168702253347
0.07368897979182233,0.19423091613819066,0.030227466565475054,0.10280624247046945,0.010693358251155973,0.10979756853936785,0.02998694994537798,0.10286699949362953,0.3457015188045112
0.11046284515974684,0.06470611605063221,0.05935599956477176,0.38681072111686027,0.05767284745509077,0.08554837767655625,0.10826844829423131,0.0502746064469495,0.07690003823516108
0.08336062483907243,0.08282132371531875,0.030148854578180576,0.25002509147377866,0.2765154065857099,0.043900561970689866,0.15003769582887008,0.013573693948498526,0.06961674705988122
0.05814444119839604,0.0982978379084339,0.07352457608538338,0.10215964252202993,0.11923344358368106,0.12523819553770807,0.20417908589400943,0.12732020717444392,0.09190257009591425
0.13296853712298454,0.0704398408262628,0.027571923022321965,0.20556701088566176,0.22439063337303244,0.09840059046425187,0.1528387494816431,0.018178617208387947,0.06964409761545354
0.0638367093514212,0.06378088221742736,0.024425606917949774,0.28899594903507636,0.2037508143728751,0.04282326304966629,0.17722165686401414,0.026075593597934668,0.10908952459363523
0.24932077484785667,0.1313697088415548,0.07277899453882239,0.02073310035610166,0.045144233534412104,0.12413182213152413,0.006239040049437833,0.18388232032800775,0.1664000053722826
0.09107982313965575,0.04816032804829127,0.18500132570987823,0.03300161655643349,0.2114078970676759,0.03498482731965203,0.22498370952448035,0.07916696509358884,0.09221350754034409
0.1439723399334991,0.15490595296961324,0.04889540259667328,0.07465284025762008,0.2962183602636453,0.03602351324068458,0.05033276098501013,0.061603808872919476,0.13339502088033484
0.06751334079885717,0.06275427369273527,0.04495776724655833,0.30745423626909457,0.3306965040932264,0.06001119168327781,0.08338830242057464,0.012565690119263742,0.03065869367641214
0.061663350869682644,0.30007572320581516,0.017229488288551285,0.010115009827397652,0.013157416198833894,0.29541287648574327,0.018013678396911658,0.18468934936873774,0.09964310735832667
0.13808305858602796,0.28308908036545805,0.087645973914824,0.019680055550053702,0.11081681450133722,0.03987104915577292,0.020101227737228444,0.15318335778158673,0.14752938240771105
0.13594397270119782,0.11077181824894179,0.038890346856808186,0.07994213846196561,0.19013481261794185,0.17408276426775257,0.06270470659637459,0.1072897466366745,0.10023969361234315
0.16799999337121874,0.06728734003787933,0.024316789531008742,0.03264425470807675,0.3930235980795853,0.03160658717626778,0.14589412164401713,0.057815841098836675,0.07941147435310958
0.31288846655092034,0.11944203181989647,0.0568991639231472,0.04702799036890101,0.1648163373901238,0.0951722966081107,0.0847421522625535,0.03621439097118502,0.0827971701051619
0.1134068099178674,0.09362672430439202,0.024212010329403233,0.06544634519026293,0.04603317105808257,0.03787108950138288,0.40719111341967645,0.04534588806125386,0.16686684821767875
0.04602512104403062,0.10159350475420165,0.1421675682842081,0.13502617513814094,0.28132229604678455,0.07578580405503255,0.15251871352018084,0.006185622192591721,0.05937519496482901
0.03694654585982317,0.06028614363926236,0.047086008784266754,0.11793660157027423,0.44475879089246884,0.03331749181609671,0.20002998367183866,0.019119065397992855,0.040519368367976365
0.08749435162773751,0.06991037960225793,0.037706901866384555,0.11141421276801233,0.21084726786718103,0.05552547169182092,0.3012445504655286,0.02850905189607165,0.0973478122150054
0.16802162178083857,0.18518623235460505,0.08502281187011444,0.01061542154405204,0.07834173216625341,0.025129668188029253,0.021624213168571275,0.3827522625377234,0.043306036389812556
0.19969177616174952,0.06008923802132456,0.035610843328541565,0.04445734857145511,0.2694225465091193,0.05487626273752564,0.14224307494057717,0.026400386929810837,0.16720852279989626
0.08075719377676145,0.1580283760127373,0.0918582459341994,0.0882799531817886,0.16297677521887094,0.12973864418167638,0.15382116369158055,0.060970504868319175,0.07356914313406625
0.11442271645779041,0.043439460678299215,0.03483497901093315,0.293706284914293,0.24630149633344312,0.10126785323895682,0.0381170348438099,0.07633503276519536,0.05157514175727901
0.17726218182624712,0.09697191068868409,0.03989176485793319,0.08460736957349496,0.042130721103352066,0.10179949634369216,0.21539747427492148,0.044951507766824404,0.19698757356485044
0.10479306170681335,0.07811317799284447,0.07090320696734899,0.2859551978106541,0.17690534012746073,0.08007906252263147,0.009281482316101096,0.08138393511755795,0.11258553543858792
0.053736235938860476,0.12064817328364778,0.03728840362539155,0.05748213900815699,0.3341703953190129,0.09515286364361802,0.1616011977509264,0.0481232421227147,0.09179734930767118
0.34767425539154867,0.07330329967107126,0.062060561523689745,0.05397280242138197,0.06868703849162312,0.09266761496104418,0.16202022001438188,0.04343894896854323,0.09617525855671598
0.09619734039096921,0.07090767668474297,0.08230589949943762,0.2664825520674399,0.1457302831250911,0.04992631725595872,0.13546183134749182,0.05531083050994026,0.09767726911892834
0.06053759183924711,0.17380676678463214,0.032728447784642546,0.04750689178637078,0.08121668965484195,0.08218588714545115,0.020057810772949134,0.347571910847375,0.1543880033844902
0.08519039888715195,0.1791616363452251,0.07640985519894035,0.030443708896145023,0.13328602920484253,0.04949045714793499,0.07188300919676267,0.0784030851704065,0.29573181995259085
0.08015984930453297,0.11580934127946725,0.02585073721593749,0.32787959925129656,0.1336666876937784,0.12661128369887212,0.07026889974133552,0.03603106110140349,0.08372254071337622
0.1270436354430311,0.0837041196529546,0.14806402827589019,0.04180712102446762,0.11388336176885609,0.027418431021198814,0.10549856777612122,0.2874089310613388,0.06517180397614146
0.1326211252854251,0.07869898457451453,0.036668818217678305,0.28618638889581205,0.16132018288812724,0.0639885930846576,0.12876270063843234,0.028127256105622767,0.08362595030973012
0.10443529185863003,0.12886585978827073,0.0771679871258675,0.027847677697253867,0.3895264074045998,0.0839329518545171,0.06257518686367293,0.020514193856967084,0.10513444355022088
0.18486529332068358,0.15703223715298872,0.16456832110593003,0.04839883622035155,0.07936953053558606,0.062248202191466505,0.20823324964216958,0.01811071373289364,0.0771736160979304
0.14888218316964189,0.05822403629504624,0.24019893022634972,0.22338936124851483,0.03209368905430729,0.06957647274464653,0.16057224921740076,0.01025036031373358,0.056812717730359195
0.0614660726624216,0.043787757918347936,0.025175961991323926,0.04399749338370359,0.21871141004102945,0.07385780252501341,0.33722344226077267,0.08581730153744642,0.10996275767994106
0.08149291584724351,0.028287350997321867,0.030047254605494345,0.14022568738634023,0.2754802507705125,0.025527379480132825,0.3838191118739995,0.004420814868057424,0.030699234170897847
0.14438143469486578,0.140257172965546,0.05329091499563341,0.10651390697947995,0.18974314359216238,0.04480479321786132,0.12282168684046078,0.11803674999432434,0.0801501967196661
0.07591531597649583,0.05113095475854631,0.24221207399072112,0.09829715509850971,0.10655433672568759,0.03302325137562605,0.050670513702465864,0.2747330876989295,0.06746331067301797
0.10698625554045445,0.15391939108398278,0.027307355652381477,0.05535906936204599,0.10549133864001203,0.06601496467429363,0.2086553189877399,0.197718263101169,0.07854804295792085
0.04891160273176296,0.22838873561302533,0.18703440253402095,0.03274432667309298,0.001059564202605448,0.019208067663947736,0.21498578209621458,0.1445641134300991,0.12310340505523094
0.12633850924976003,0.2767207209309109,0.028684401055573783,0.013296741434814699,0.038741684200760206,0.09424161177313241,0.02394871714664944,0.23680301447178018,0.1612245997366184
0.09965408517135166,0.207977139341747,0.03806283617400029,0.007822757560125862,0.030967530450274294,0.07692583212773703,0.10391007570321553,0.15102175898574247,0.28365798448580587
0.09896400944294635,0.06946476339874288,0.02310330655431003,0.13798541979430337,0.26738048284606886,0.08638334550684545,0.19198965608367022,0.022946190508469095,0.10178282586464371
0.09469342609177095,0.059627869374932696,0.031274062433135005,0.3579449208813797,0.12484444953290112,0.04990025100204762,0.2115601767671179,0.02706325725417646,0.043091586662538504
0.08711580331649654,0.1333276712278402,0.1313141813741818,0.056867049666358416,0.038456432225183024,0.07448458550876126,0.15944407511448508,0.0962697391391753,0.2227204624275184
0.10943746972704983,0.08045852480221104,0.0629866999314636,0.017924459748432462,0.13874381766683552,0.14657771910014494,0.2089918944305362,0.08596283526838606,0.1489165793249404
0.37566240187570715,0.09085392911257674,0.11444035370179051,0.042304021909367044,0.01739047131563406,0.08086380393724081,0.10677616296861568,0.05082482357876744,0.12088403160030063
0.08509433837455344,0.13451700310941847,0.024315598198783026,0.049914846940237435,0.1174248366156155,0.1714536573198274,0.10359845452539013,0.11052162234877265,0.20315964256740193
0.14271690452844735,0.057765107526066485,0.10179348346745631,0.16261844368289888,0.05822874595066833,0.1196236081756291,0.21913016374530855,0.011780470596385905,0.12634307232713923
0.08727019990643635,0.07161649003199017,0.03423800504797098,0.08164878689294675,0.17310782192818439,0.056056311943698485,0.39817315775058365,0.02832822327567575,0.06956100322251343
0.08311244126882981,0.122719969177853,0.07362853509564,0.13691137746700527,0.12050279573970617,0.19966973946822084,0.06580737177512415,0.0626402822227027,0.13500748778491806
0.12043395712436449,0.11856820779490092,0.20215752160924752,0.03522278899264896,0.2686504903615845,0.0786717558716598,0.10273019213629803,0.011816174529093226,0.061748911580202626
0.03449104960539475,0.04145459755781958,0.1705714009908904,0.07291918329065163,0.030169212333940574,0.03472850808365283,0.1385814919193767,0.2515948420063871,0.2254897142118865
0.1133248084012984,0.0750288632224793,0.025672198929376486,0.11121883365343142,0.08025623136997077,0.06727641237066921,0.3403321834204632,0.03640229487874924,0.15048817375356194
0.09960370893367924,0.10646949461549149,0.029388951456539403,0.026714936441613463,0.09458408565686145,0.35725712830306683,0.07973595671290619,0.09555408891780141,0.11069164896204055
0.17802218393654665,0.13972282715204867,0.045009742404223375,0.05458643759076918,0.05921821112115607,0.046171484326889965,0.15387883672011937,0.06370085544084259,0.2596894213074042
0.06279085406256428,0.14897397033340212,0.01999369100092414,0.01975285785599153,0.021124291331483542,0.3658831009576424,0.03139801290255358,0.1790802194979101,0.1510030020575284
0.04896048189851391,0.1741703846082394,0.013570994881579921,0.03473023819759315,0.15875517870916206,0.19437698744339102,0.05238649729052922,0.21077625179191195,0.11227298517907934
0.049771893408536216,0.11670673354845691,0.03162361099665079,0.05255068086285041,0.17773108623121384,0.030477549272826823,0.1564693340937731,0.17746934196206166,0.2071997696236303
0.32322790315633265,0.1855284462576887,0.07301218730399105,0.053125921497544824,0.04156250497146733,0.03004690957771172,0.04825310551836113,0.022704856301523343,0.22253816541537938
0.12788419947474058,0.1673489760061809,0.07587800007841743,0.028766215106433974,0.12430733824860792,0.11117560177412487,0.056240455875344875,0.14191889429430218,0.16648031914184724
0.07826361724165316,0.04690747249042974,0.019765824956387457,0.26810376109112416,0.35464524097953753,0.06252792793214483,0.11262059163539634,0.021873606316745068,0.035291957356581694
0.11992709629342628,0.11675856929915003,0.05095461028327932,0.019399849754229023,0.10625655404249656,0.12759822820100206,0.10431183396394779,0.03850768996977785,0.3162855681926911
0.13539627251077915,0.1687589364292066,0.10036657014499599,0.04248509765860765,0.02395930843196357,0.05415414001622596,0.086684434544007,0.12103469877717711,0.26716054148703683
0.08312914699950634,0.179874140663599,0.018208721594692338,0.038008518312094314,0.027569891865203963,0.08609463043870913,0.37134956088528104,0.03689072398737125,0.15887466525354257
0.06058529980502316,0.19885227675582348,0.11220062722396547,0.10657104424850393,0.007573378016632628,0.1343449115460509,0.1357808519975334,0.07979292491620207,0.16429868549026497
0.08368452085808505,0.13655867410870662,0.02400787008943663,0.06063448595885342,0.059892838982942176,0.2739005016331882,0.10639097619830816,0.15989037157867647,0.09503976059180326
0.14191883632796995,0.18991829358245593,0.1215787670595685,0.10652160956246477,0.06845332266400402,0.09208310634252591,0.06146002494033707,0.0850885874472863,0.13297745207338746
0.09752615461590647,0.11102137900159002,0.08693203344703786,0.037825824963985545,0.17576615416379618,0.07239536303700635,0.1264316963108132,0.10040527492095959,0.1916961195389049
0.06187002216565148,0.10469613586934694,0.03555153115395975,0.09135172839037155,0.32931048726814316,0.049419842460271535,0.22562560132478884,0.015175265119761598,0.08699938624770522
0.3744393125691213,0.1367066926103849,0.1784504352369478,0.021521487492039092,0.06406642699796067,0.029148445367888326,0.036095001815654816,0.058862328471199765,0.10070986943880329
0.0805432968967726,0.11273621476248959,0.03284148384926843,0.09063843052992093,0.17043609727117062,0.055773494976385396,0.26932234988182085,0.03541743683102646,0.15229119500114516
0.07756362397300948,0.1814280055028614,0.04159229229473646,0.06500793762535596,0.059991540050923026,0.08757457629771716,0.26782706915734694,0.05503667351244693,0.1639782815856027
0.10443563314686127,0.06917256646194593,0.03408569725279976,0.11770814685423214,0.3819451325731582,0.09417758104178282,0.030786212477290048,0.0687132543607739,0.09897577583115598
0.22510656288194308,0.06814793981990962,0.029164235739930187,0.06507250469073914,0.04489037681402041,0.06710514712978947,0.23738704710596845,0.09906133531024829,0.16406485050745143
0.07936433154753329,0.09128586713493657,0.04414518538641828,0.04695015292098001,0.10886417691233276,0.06970900044816246,0.2718012419262042,0.11452523665954369,0.17335480706388873
0.1574052296575621,0.20566678419635975,0.11314917163476791,0.016490807052866947,0.08906973006978253,0.1257317911148072,0.050308943643631386,0.03177336447939624,0.21040417815082593
0.10177947507628098,0.11119265486321951,0.2676222328872695,0.01088332451816715,0.019365149857763064,0.06228760721067275,0.16960103752840724,0.1837140285314359,0.07355448952678394
0.06874653451768531,0.07281470549719087,0.04162077852319455,0.08323141933626901,0.42970921736184264,0.024179050683442404,0.19758129940035396,0.05363526254013081,0.028481732139890567
0.1627801398354595,0.08160912440359235,0.038525341876073455,0.1702654630913011,0.1452493479603021,0.0942449855858925,0.10808897213838553,0.08486934127089596,0.11436728383809754
0.14026020628882993,0.11656300924135433,0.060628469672879465,0.11544227524544588,0.13516525806254365,0.10074269555012542,0.1572633230039618,0.02941260008455238,0.14452216285030714
0.12325089282108115,0.060492713059415594,0.03335205211991988,0.029296683288950926,0.06518471782270867,0.06943981980572671,0.23574756621210077,0.1474870657150931,0.2357484891550032
0.0816993977059644,0.11033738586826163,0.03732984504136819,0.1958255677960485,0.30547330661212274,0.0939258392588212,0.12724966382251657,0.009252968533717409,0.038906025361179236
0.09933604284774872,0.06571052856206501,0.04695353869059298,0.2653298010837039,0.14366833154592373,0.14305129465385666,0.14252128979348483,0.016681869742721647,0.07674730307990252
0.11955852825077672,0.13186382200816435,0.06912566780427594,0.14995125033172846,0.0672062550919017,0.08106113788760547,0.3374428389662114,0.0030545704846068663,0.040735929174729145
0.17737723959481014,0.13248496819010627,0.04508926250692247,0.0290722363811903,0.13459994966009184,0.11300691694696983,0.12409017120976035,0.11408497130737232,0.13019428420277665
0.07313019819025877,0.09691929222801136,0.18444333596389395,0.10921756379259524,0.3664133170123692,0.044896234698865445,0.034391717516077475,0.02145080244124048,0.06913753815668812
0.0788920121049475,0.06406265960691519,0.06938066076839018,0.19289102632194755,0.38979493006910876,0.05236261298586925,0.06835845165417485,0.019464734262235384,0.06479291222641136
0.1220653647647026,0.14126397212199482,0.1176892530759952,0.08934414896730498,0.11981154728267418,0.06031515960440792,0.0665818538917345,0.10002160758862916,0.18290709270255665
0.10994305715990471,0.08680892048572209,0.03097337955234246,0.07438355553791208,0.31083745471342983,0.047417094403676,0.13735777577164024,0.11449202528343232,0.08778673709194033
0.06180069970243527,0.08215855341012425,0.056825455032169965,0.14006019539677728,0.04989488814878329,0.16030546969728043,0.35819490856753555,0.02285281972754603,0.06790701031734796
0.1571838876754059,0.08897453221165764,0.028814912064309372,0.0917770409550182,0.06451552870828646,0.18892994983884037,0.27622248535870003,0.0195539607724095,0.08402770241537257
0.06167279597170349,0.06311507733368225,0.04911625832291455,0.0415536585925286,0.09152956960641595,0.07725016831165112,0.25798741177740864,0.12462946330187696,0.23314559678181848
0.040005513199473534,0.06824581346418963,0.037862650183369935,0.03013909016599114,0.4655459192612646,0.036344134295259636,0.2463447145813165,0.021997236146981004,0.053514928702154026
0.08331219426795601,0.213645594566106,0.32394527011926466,0.06367175113054567,0.05306015026525101,0.09039179433127524,0.009663290696420484,0.1011828685116949,0.06112708611148602
0.07751376925295334,0.24949459270156302,0.12598538455243782,0.016648221600966694,0.36400033004360877,0.0424004376555717,0.03978710593526098,0.014387853898940171,0.06978230435869749
0.13882731895766717,0.08659682478751483,0.033818808841579145,0.014751771722609589,0.1957464195862391,0.04151347552515201,0.24302189734784194,0.07856628798101135,0.16715719525038478
0.13752429954204337,0.07084984611701704,0.03468630587115219,0.044200525948262535,0.3326632661105666,0.042500230355443626,0.15370816088062442,0.07897167543635523,0.10489568973853486
0.11801844636386295,0.13055091414241007,0.05489661268615837,0.039445431117284734,0.2801626605074688,0.0798186259544329,0.06354269839655512,0.17506761393351608,0.058496996898310887
0.0642954124538978,0.06120711737447593,0.045770176962823796,0.11721943184346266,0.31301532993764636,0.055945113137078346,0.15199513534397496,0.04459972524452069,0.14595255770211954
0.0813234688492503,0.19569771648816434,0.10062165825502474,0.044493922147556174,0.32474585839245423,0.05740080090266542,0.11711783329882247,0.04702684455556772,0.03157189711049468
0.1204233437812458,0.0648408567782513,0.016203683734411996,0.15255002721918068,0.2014779539421064,0.09421324222311639,0.2760589839166125,0.008151176803204058,0.06608073160187082
0.1081956636137497,0.20451094765834088,0.0719787645413296,0.02780939170971938,0.10641371695671774,0.2341429105343303,0.11994295510402192,0.05223306662243649,0.07477258325935397
0.20436041593198484,0.04940689386807112,0.03023696367522136,0.26914083460077487,0.05097768909836866,0.1134810659029473,0.10609522697526709,0.024043591066718332,0.15225731888064645
0.13973691746827197,0.10622726662508004,0.02494001182368032,0.0777917367987208,0.39078185301241347,0.06219124523649136,0.13051380771006943,0.016836737244165245,0.05098042408110732
0.08538067335231585,0.15810015591817725,0.047169925442295445,0.06488700468507129,0.07497110663251028,0.17924330615504683,0.06794651960433867,0.17215981926841137,0.15014148894183296
0.11731100053559436,0.05598869318836438,0.3232372196980626,0.14069174267497925,0.13115549272572194,0.024232590107565403,0.08991282167253929,0.05365350977859199,0.06381692961858067
0.10724102096232507,0.09644228005967882,0.07709120882448753,0.03746859316826845,0.15546099224069365,0.08382628446549971,0.1335371679602996,0.15151307843505943,0.15741937388368762
