0.0919377848611358,0.10925017028544111,0.03710733024953432,0.10600978841658582,0.10731782983615845,0.0622184033714496,0.20942379002592051,0.14558166692749805,0.13115323602627638
0.0602384358153659,0.11391447416321844,0.12067956174043754,0.08849977258040063,0.11210903112101274,0.16752386503691793,0.10014449231848277,0.13958731602046787,0.09730305120369613
0.2364641375210632,0.06629613449769309,0.029477038731310464,0.1041557374246032,0.1168264730074889,0.18478987804304622,0.06463181233454886,0.07953461119074363,0.1178241772495025
0.11808539907346628,0.15944848466599235,0.11482177486655094,0.049672523364324005,0.11536513191625496,0.08440753992679735,0.10754206417705146,0.13171485810121217,0.11894222390835052
0.10310124187824515,0.13467404250587062,0.08226821567497965,0.07916401949698178,0.10317905381638036,0.09032476075228514,0.16491816856396227,0.12761498153943215,0.1147555157718629
0.06268628992098964,0.09686925463050598,0.06773883202840225,0.10523395606768841,0.14634597911917321,0.16272682501928024,0.12313183994392722,0.10343286481903176,0.13183415845100133
0.0856448680497729,0.11308971312382816,0.10050286741625787,0.08134025742260716,0.14556364267281052,0.08550992986389283,0.11369664811249501,0.10697570802407423,0.16767636531426133
0.07818190689641201,0.08377133299229761,0.2691833986278,0.09409482921120597,0.06873690641135081,0.13551081166386106,0.1079064488201037,0.07425628993356453,0.0883580754434043
0.11878660920184884,0.12661304787908317,0.06528835970808193,0.14875105031136257,0.14763424579107248,0.0797299199066794,0.12657658423964957,0.07863553294787573,0.10798465001434639
0.07514247573953896,0.13513748111986543,0.15298163310799903,0.09197877029611155,0.10935850870547019,0.1182986898930143,0.09815233979839072,0.12832945990366912,0.09062064143594073
0.22857285425464413,0.11029350875045951,0.010953681334130161,0.15750913017444731,0.058402967802260584,0.21149125664855828,0.07291467596480523,0.05515644666482215,0.09470547840587257
0.08564107037391298,0.1443117235352096,0.10311061984879116,0.09012758102952419,0.1255162141461648,0.12008853837515548,0.10292142331989995,0.13223564426152687,0.09604718510981504
0.11302368061915828,0.09989379866478558,0.04059130743866319,0.09575716847285014,0.1867780192684214,0.0800394118003856,0.11242195122280386,0.12326321049178608,0.14823145202114585
0.10379965606823201,0.12749751908656937,0.020035254186961466,0.20255314910558575,0.07290880350568885,0.2137124439830914,0.09919712999907278,0.07085225629614189,0.08944378776865641
0.06930400471781377,0.11950937551018166,0.09264781096917714,0.09278525254546326,0.17263037089807143,0.06714677846947253,0.13342392402641087,0.0923996146232116,0.1601528682401978
0.09889683123634106,0.16882879037811105,0.1251731579409725,0.11345467927582925,0.10552073780652732,0.0465555674806001,0.14067867692969752,0.09907338295205093,0.10181817599987013
0.020689080833735496,0.116235080497055,0.2487379192689297,0.063183663636438,0.04089596381032399,0.02779061410558317,0.21126970972609008,0.18126488994100173,0.08993307818084277
0.10187913000447109,0.1311540182864849,0.034273701024323804,0.164599077836339,0.08011145184256514,0.1778488413309126,0.11211129503406707,0.07488994832713484,0.12313253631370154
0.07216151499683575,0.13341346792571743,0.24817864596187844,0.0845453135004492,0.06911652017261875,0.03786635290392684,0.15444698182701802,0.1096906206692095,0.09058058204234608
0.08470039655254541,0.07729976079199197,0.049641531803080396,0.062278647794755095,0.2091687323072345,0.13099732118861687,0.07284336587309773,0.11157617935426556,0.20149406433441241
0.07781624890471088,0.13927482583820858,0.08384366721867187,0.17278763600910704,0.12058842355175474,0.05955278035420234,0.13720176589618982,0.11555036716669653,0.09338428506045816
0.09626732913489365,0.10494556103208875,0.08564039635384989,0.1360297927796386,0.10243698884411616,0.06824116784473296,0.16787307982043068,0.12123676843070856,0.11732891575954078
0.07599932583375696,0.08361085725975176,0.19517846044942364,0.07313500496565292,0.10855232112620078,0.08948444699692425,0.08169839915924275,0.14119158087293057,0.15114960333611646
0.08095846756717107,0.1108001281017126,0.1402433234541729,0.06884509035586057,0.11825145651716824,0.10656103718404929,0.12513069913260377,0.14136666553905322,0.10784313214820844
0.0559979326975119,0.13039251754266587,0.19212484695318652,0.1147951661370162,0.09821946884195971,0.06668584953074806,0.11354999625363597,0.12608079027276634,0.10215343177050941
0.052949324120931784,0.08874011582006162,0.19765840127835044,0.05339796225850252,0.1854733101509567,0.0788105074830673,0.07876568158752899,0.13817926743418849,0.12602542986641213
0.0750512613349608,0.11151160935798356,0.14277799108192968,0.11550276236297763,0.12621806409925435,0.034599485513792654,0.15544670366680371,0.13275357121887538,0.1061385513634222
0.09403377259795243,0.11233851425474672,0.013249119389591646,0.18490975532630283,0.18405254012576897,0.15045783547628516,0.08246857722473472,0.06659706186115334,0.11189282374346421
0.13160742738890335,0.10430579720711464,0.14262622144344086,0.09978744505201119,0.1845214790054718,0.07506886778626458,0.07976522178603512,0.0951484012305714,0.08716913910018702
0.19843541806636336,0.1070083723990891,0.04794145492728571,0.0896376375001647,0.08755137433362159,0.1635218292253183,0.0997848040419157,0.09729746291689963,0.1088216465893419
0.15759926556836176,0.07093054339301798,0.1811549340758678,0.07557980737050117,0.12616019414071533,0.130976760433888,0.06820702647397572,0.08052807422560765,0.10886339431806462
0.2013770954386892,0.08506394855578107,0.18196790362777826,0.09141641299787011,0.06475442903907382,0.07810609524189781,0.10992336407495384,0.10305769262780747,0.0843330583961485
0.11146972480347106,0.11884589864347377,0.0387082483282287,0.1786984545435685,0.07781756683168266,0.0757940396986385,0.13957745238542787,0.15067066883118638,0.10841794593432247
0.065156094787464,0.12277979235591917,0.1565511079303108,0.14393491285788798,0.08174814347135927,0.07162532890870066,0.14611607392045853,0.10261871640105526,0.10946982936684431
0.09638381235620451,0.11570552876803114,0.014412337144687926,0.1519500888469272,0.11220742450762122,0.13964695772815025,0.16527919825738116,0.09194574879840954,0.1124689035925871
0.1505351971257251,0.12352758507638588,0.11994295339609089,0.05973244609651385,0.08673986116184167,0.1619261099919585,0.09053542811464949,0.11116899780595772,0.09589142123087685
0.0900412980640131,0.09366702726293645,0.06444803021075103,0.09752605127953713,0.17525970362302543,0.2136308026644709,0.08402115769725516,0.07727193334949166,0.10413399584851908
0.056644252395147386,0.12132980672126846,0.0402372834166329,0.16207643544149752,0.0934068296778512,0.14369891556926004,0.18321015697488843,0.1105117802622465,0.08888453954120763
0.14845715492663555,0.12927412358334842,0.057345168592190854,0.07247240337061192,0.06371887882949166,0.23071105691161523,0.08510257738671301,0.0949370973233556,0.11798153907603764
0.1261727694395779,0.09496558567584841,0.08369101821333653,0.09714902549515708,0.12298257205280312,0.08850100876565133,0.12871747346404733,0.12776731042179731,0.13005323647178094
0.13358315013730337,0.1578620375961172,0.03718263908192537,0.14418296272322692,0.10193108272472451,0.11701480971067163,0.1205165906476884,0.084447125621683,0.10327960175665955
0.11216164700396465,0.09848142134976029,0.18158046160623068,0.07488654343329293,0.10106896430068014,0.11473641273748363,0.07991369640405985,0.14603852930389163,0.09113232386063619
0.18589358822838128,0.12422718867607419,0.09138761796680256,0.08950042885201925,0.09900609083054555,0.11556620652283395,0.1079225478815542,0.07311051541741706,0.11338581562437194
0.15171479517293487,0.16576689405866926,0.0902677586019096,0.11819637535571557,0.06352458137643907,0.10629773904774648,0.14786839390070064,0.06960481039365934,0.08675865209222518
0.0787915346542685,0.1107729197098895,0.05353232143957845,0.15248865998668829,0.08637226245369505,0.15038614326931526,0.14952131760395937,0.1063907769928446,0.11174406388976099
0.23309546529575345,0.11909080545717665,0.05056168071383558,0.08990674448722652,0.07718403888596191,0.18113191529144526,0.07352126879200988,0.07467173641593551,0.10083634466065518
0.06956737718723882,0.13690591636944546,0.1533220698499262,0.12152464149080204,0.05633391040208948,0.04315048879099707,0.19064571799659483,0.12512573974354055,0.10342413816936553
0.1314527924040576,0.11433318992356346,0.1984973579253332,0.0578045705473282,0.13881286210588487,0.05146675138216306,0.1260463066682438,0.09778729386304136,0.08379887518038447
0.06988337652678227,0.16784976704653665,0.1509701428360337,0.08558140363946165,0.05908806777270168,0.0598523326648186,0.16695161008115625,0.1404530401873769,0.0993702592451323
0.06344673295450959,0.11980297750206308,0.19085307575713203,0.07177530481503473,0.10503474330785478,0.062315311615664816,0.1474666320872289,0.14237420288606628,0.09693101907444575
0.06787877104525623,0.09489658699813186,0.11607575066879279,0.09191373539408947,0.1516213990516171,0.04719087883328076,0.16402143819421183,0.15036996034039807,0.11603147947422188
0.16937855487415823,0.10879319939205395,0.06577726274776972,0.11694906184535052,0.15190735767962288,0.08501455297532538,0.08720570790228492,0.11715505608892418,0.0978192464945102
0.04871619857852768,0.15030713604590423,0.10525487574193577,0.130790811337957,0.08411905569700551,0.08078718166167075,0.16188380845501585,0.13267930213012083,0.1054616303518624
0.044724408719467555,0.11653031260392462,0.1415907332961076,0.09272257530867412,0.09017824117711944,0.04441948222363159,0.22100650986664191,0.13778092419085905,0.11104681261357413
0.0752251769596377,0.1086797961915875,0.2039697083432347,0.10258983742847033,0.09994103460591534,0.07575261339296833,0.1399031629916541,0.10110266278559445,0.09283600730093755
0.1345369404141414,0.13910493041754488,0.12783377123772277,0.13143321870529687,0.07163540260576994,0.0744215368707064,0.11648177325403675,0.10323545040332173,0.10131697609145919
0.06121322638776719,0.11875636193811316,0.22037388937496286,0.11323105441880792,0.09920003994033737,0.058251543971212065,0.1139274321738369,0.12639787068062344,0.088648581114339
0.0433265386390245,0.12973897975441465,0.24711462970878198,0.07160880034125017,0.10649328650151901,0.07017644086577773,0.12337683814007684,0.11696562061952616,0.09119886542962896
0.09225096362224287,0.13279224056131644,0.22197113767953955,0.050061841449449966,0.09761748126695124,0.07223928118117595,0.08780621955405431,0.13211092626408383,0.11314990842118579
0.11404269274127392,0.09546758916245386,0.1714829643044198,0.07148614286848491,0.08229551952304497,0.10658747987112627,0.10653589819975778,0.14446414746528427,0.10763756586415414
0.15028376807694674,0.0808394516637334,0.033532252606478324,0.10988648293028647,0.08522275729937374,0.2186747528998253,0.0800195363510204,0.06960632791773332,0.17193467025460232
0.057741019778670966,0.0709278409798648,0.3077294127586164,0.06800792859596494,0.10460813881462523,0.03394557235587873,0.12159233697591844,0.14807929237117742,0.08736845736928307
0.06076654367462673,0.12201954393555482,0.17764614237037624,0.11304091724354697,0.055059722264155266,0.05499005925655282,0.1875609002822842,0.1326047704239298,0.09631140054897318
0.05168887873184944,0.13658963940877064,0.04364149906347232,0.1603760099865084,0.1152307081115407,0.06476102139117439,0.1865805368217587,0.12048682649059016,0.12064487999433521
0.0703492644205649,0.1049152310135036,0.16637957344715257,0.0568562496548039,0.14614679132836902,0.045538220410232894,0.12718551532768876,0.15489491400660213,0.12773424039108228
0.07777218346789327,0.16145081471073305,0.10210697865203167,0.08155944418122882,0.1379198062528084,0.14549814178551432,0.09476297089053498,0.08332047659972963,0.11560918345952594
0.046770923125760394,0.1152288057433784,0.11374580692526448,0.1430473810740796,0.10885192464351061,0.07806819038331392,0.16821647153671795,0.11624131386592766,0.10982918270204707
0.058314677423726625,0.10295267441448736,0.26412235033070325,0.09098898427297793,0.08774703653269393,0.08687452814350344,0.12947484150346775,0.09864900004200768,0.08087590733643207
0.20284940274094268,0.06632550038923381,0.03231597793591887,0.1526318262205905,0.1264963245597905,0.09222764172427513,0.10242659523075826,0.1047299598158254,0.11999677138266475
0.07570285562320143,0.11133917107719475,0.11927688266050997,0.12777865624110646,0.08905423185938217,0.1914617592517842,0.11157681729069063,0.08318280629544773,0.09062681970068263
0.16950615358821408,0.12174554538870985,0.014919330224214112,0.07905489310368378,0.07755550861777925,0.22676370902922502,0.10019190970234526,0.08575278283100618,0.12451016751482243
0.11694762467087479,0.07652212512654506,0.051702117347835176,0.11710159561864185,0.12070555648048949,0.1311565674671419,0.09570411857995438,0.1525869681294463,0.13757332657907104
0.058822145320494235,0.11654080718842136,0.2241381355665987,0.06499665781090432,0.12008057285811057,0.061390704540718787,0.12008701632995462,0.12730061891765962,0.10664334146713782
0.07710769875867267,0.12323638139569536,0.08542857351647126,0.11642428914790502,0.13768333071040162,0.10749302881242719,0.13923350913795654,0.10181982917994359,0.11157335934052677
0.09776495185255439,0.10906670554475613,0.03922230949963495,0.10744384099053954,0.14263916534759102,0.1190681387153817,0.07821795677728899,0.13089995165307466,0.17567697961917858
0.08676624126708743,0.09291925861290407,0.0350237675349136,0.16957517988020698,0.0663138562454438,0.12780481974235366,0.14896642918622113,0.1429888546107758,0.12964159292009358
0.13088923734140687,0.11345993503503597,0.07463493091846285,0.1372394159599221,0.12980300062898528,0.135227201015885,0.08727701620559931,0.09148875606762191,0.0999805068270806
0.04955459358069445,0.14095737381934245,0.09659223744076677,0.1707949878895826,0.05646385442566895,0.07528312067172749,0.19667665578532664,0.1146179150566537,0.09905926133023703
0.09489252289099204,0.09512757446679558,0.08772290274570606,0.07606829727259092,0.19781618957996064,0.10182695335318927,0.09961143839306619,0.14306405701240069,0.10387006428529859
0.11476717294444004,0.11630407653369462,0.02075582709599549,0.1374340359451779,0.066665669720429,0.18731726525467618,0.13571371633597093,0.12544901614318052,0.09559322002643532
0.08676596860021228,0.11441682914239655,0.07379720253688266,0.13725836278215187,0.11465394526458876,0.06090455434742948,0.1374483335007575,0.15071073992882753,0.12404406389675338
0.10909551905979499,0.10871904516448566,0.048424068736474445,0.2128990758584152,0.13804662562611697,0.06493498617944615,0.11777034842762596,0.10526459011130608,0.09484574083633461
0.10416194420340824,0.09067973368975536,0.2223023604005151,0.07904922468843543,0.10934571395162895,0.046380559539421384,0.12984741774114725,0.11808712900832136,0.10014591677736691
0.1265657855333683,0.11700562366894955,0.07885786433622391,0.09922084100669505,0.0901945252908277,0.11077967836886489,0.17359042405044653,0.081791917244517,0.12199334050010713
0.06661100431309003,0.12760275235490923,0.1939391703320834,0.05573412041243208,0.06655155987376378,0.18042553841478096,0.08082693355311542,0.14303594436486766,0.08527297638095739
0.06427970753112351,0.11358247287475855,0.07597639542962246,0.13570066366325984,0.12788292969544415,0.05506509231728295,0.18282978438556233,0.13474690944309678,0.10993604465984945
0.13340974697376737,0.0962346248460048,0.10663410099545086,0.0819598251413211,0.11646016513554154,0.2030319467709322,0.07771038523575526,0.09324557293046898,0.09131363197075794
0.07242028633158452,0.14285930484027734,0.10198175567617261,0.07301336322223566,0.16201231780527384,0.09350374784004785,0.11030124108486881,0.10583425812614129,0.1380737250733981
0.07109847053361158,0.1277867945610169,0.1862659311189004,0.12618646146776938,0.08404611602845902,0.09919675701480017,0.12038247264350048,0.08620084300793716,0.09883615362400495
0.03805884117337218,0.08379564541157836,0.27625494872136,0.05894709239716466,0.09435337525399164,0.04880860275457997,0.12910257685769755,0.15578673319422937,0.1148921842360262
0.07070657611399082,0.13555172477517652,0.06919362489392757,0.1293765296739584,0.08870106641328766,0.0922914834700851,0.15933148854906742,0.13209608968010725,0.12275141643039929
0.041029743965925354,0.050449074804409556,0.41341451408633684,0.048102071359304006,0.10339123849908753,0.041034836995343854,0.0988887298990147,0.12214841542774979,0.08154137496282839
0.17073633682477088,0.11004439210018506,0.017056314909783016,0.12975885139271226,0.1330536608467812,0.10556850104557262,0.10079196868810471,0.09065794998250398,0.14233202420958627
0.20267314175919748,0.11052572414767031,0.10235535773301425,0.059615127365039926,0.06403800244362258,0.1121329820212796,0.07955899314053334,0.13091819377848804,0.13818247761115438
0.048859849144881506,0.14910800357147672,0.10696004291589734,0.12325820371945333,0.10419900028382025,0.05203109987837105,0.17554627084019045,0.1416535374126904,0.09838399223321888
0.07916308056619292,0.11524260761396987,0.07336408561556336,0.11400153662650252,0.1374751898877797,0.0682063647070618,0.12915140576228293,0.15467753177715882,0.12871819744348809
0.11421570135462196,0.09974717546748006,0.007247814442358847,0.26568139858902234,0.12846060383890057,0.13468584364146743,0.09125920066297154,0.07274590253177604,0.08595635947140125
0.06887116693583951,0.1333865268088588,0.12954049065059764,0.07246742373132603,0.16161493449104855,0.06701254649281042,0.11352082587500707,0.15137895327307027,0.1022071317414417
0.06460226613213907,0.12924768683856655,0.24886585488467983,0.08113848533445973,0.04944429791679294,0.08455651951259069,0.1513005760913371,0.10683066852580964,0.08401364476362443
0.07458608947253872,0.119319215579592,0.0699711196615178,0.1603558349089865,0.14102936139739375,0.10402193840364761,0.1282928425941389,0.09574093160028722,0.10668266638189738
0.16390978062053194,0.11173111659601181,0.02483629432792804,0.14095683617543245,0.09445649839090742,0.10488407319006941,0.1574796109474426,0.07311414167432712,0.12863164807734928
0.06984101067137104,0.07641545795345589,0.3924161355136755,0.04686189943466976,0.07186961313200095,0.06951995266298155,0.08461273862171285,0.11208151857073347,0.07638167343939897
0.11853354297295417,0.11903951929335925,0.01934355970340525,0.1853346102945741,0.14952125865156038,0.11450887500354957,0.09256909898500953,0.08920596534590108,0.11194356974968662
0.09142627241603209,0.10722391257916887,0.08952764283023633,0.11775207845160134,0.14208872535751674,0.06020413164632385,0.16524405798251776,0.11250702264622135,0.11402615609038162
0.14026319081320338,0.13033821483961097,0.1955043386573765,0.09621443685482474,0.09530471904331107,0.04238256820357611,0.08976002896412354,0.10584268775397215,0.10438981487000154
0.04454285552270485,0.05924643787327282,0.45960397258668895,0.049392867457793886,0.05290544436767924,0.10988599221521868,0.07833115633214466,0.08162535780496544,0.06446591583953158
0.205151232463153,0.10286863724061494,0.046949220668148495,0.10278617109641712,0.10142252744668963,0.16618920248117494,0.08395157094825025,0.08551513906979315,0.1051662985857585
0.10598316688402214,0.12757056615257187,0.06273746808301522,0.15253191558536422,0.056984428923604585,0.13353669585817537,0.12604995659845586,0.11375290023546297,0.12085290167932779
0.07198840748733883,0.0989510321788537,0.16844265362658875,0.10702552793409781,0.12211033432372974,0.0754050577123898,0.14117501959069925,0.11611216795785044,0.09878979918845177
0.11545895153549775,0.16061777091417775,0.03240549672456789,0.1618447653782245,0.058623595010772,0.13328413815938142,0.1526187423617075,0.10390071455809553,0.08124582535757553
0.08644796187151892,0.12919203833085147,0.06744391630575831,0.1341292077863808,0.1574281052455689,0.0662170357654908,0.13700070003217543,0.09777186147824572,0.12436917318400963
0.046395516442997976,0.07579528008595154,0.4793800685723406,0.04354829127162829,0.04937567037700264,0.04508333454104951,0.08459505216858369,0.1062767133648156,0.06955007317563018
0.23749028883710302,0.07933588933976267,0.023402373968233237,0.06745535975448481,0.08382277851766634,0.10140639630013988,0.11705695861500438,0.11111573003513009,0.17891422463247553
0.06311500637426154,0.10843866158688159,0.18214088944087134,0.14959521008492618,0.10023053811645838,0.11159292935801506,0.1116885432238245,0.07537465213335093,0.09782356968141048
0.09002469006917224,0.08230261020528956,0.06659697582444774,0.11665470641152448,0.13877528694297234,0.11499947519676516,0.10854353631129661,0.14398602082659007,0.13811669821194192
0.29072766509327586,0.15321909209115556,0.004447098034239271,0.10884357788303482,0.05162951544406197,0.1943032503655356,0.0799664931676251,0.03954412136895132,0.0773191865521205
0.1665946219205954,0.11296891714863118,0.04136314320075805,0.10355137165857105,0.08017274571481921,0.2573349614763026,0.07923789939869208,0.05969543515492918,0.0990809043267012
0.05706763311142695,0.11032900985755505,0.06115468085703854,0.15260056118163254,0.12846358433707375,0.17875884096455405,0.1034998737815217,0.09614371548703023,0.11198210042216723
0.07811809279952119,0.09135952264916036,0.12245778490195293,0.13800891443862648,0.12226077087058225,0.060725704193346726,0.13054824513001567,0.12955922185208768,0.12696174316470676
0.03578746852426724,0.13484205421856413,0.193161095010996,0.12680743540825865,0.09588370566115963,0.06861785484681032,0.14849343372401072,0.10862169526206321,0.0877852573438701
0.06812615071709666,0.1299100008003844,0.15577438150776415,0.0587644437353142,0.09850078294038256,0.10951160484997079,0.13501991743116018,0.15488266906737883,0.08951004895054822
