0.08059102679448316,0.2609948864283617,0.10651282877568992,0.07285787960426597,0.21235732609925215,0.0821700655655593,0.06991802490371639,0.07347615721090987,0.04112180461776155
0.09908473527769623,0.0207784509530223,0.020376491172654058,0.1293985416546658,0.14066499966808013,0.2593313435541289,0.06872094240690127,0.15482796924108352,0.10681652607176777
0.1126719896733619,0.1959217650929689,0.08042015349005437,0.09601118278502112,0.11245943016174725,0.05398755354100548,0.09454012064367663,0.14594261387397123,0.10804519073819296
0.10787302719361262,0.13792420645006023,0.15086651339129117,0.1199288249608731,0.04891369753474104,0.18407161040596112,0.09054702530800646,0.1041210149258604,0.055754079829593774
0.10647769486738388,0.08707466484283888,0.27886295324600163,0.09138350468484706,0.07293167933304473,0.06557843604491448,0.0818678359128396,0.07567227345931221,0.14015095760881757
0.10313788981589044,0.06537332619971033,0.11492110995794429,0.08631875994756665,0.1272563128495857,0.1228279471846404,0.07395053724514732,0.1560258554086216,0.15018826139089334
0.11623000478164891,0.1485759338452944,0.06174588202733825,0.13058984844330282,0.03810912785331608,0.1927181490591359,0.12858445878768163,0.11337459213870572,0.07007200306357633
0.0931842393178215,0.37056464275253864,0.07487586822267103,0.08220758345021623,0.05892950011864003,0.0548417195827668,0.12729880340303712,0.05748940275563552,0.0806082403966731
0.13429387058599038,0.06306585786988976,0.11562750938106031,0.14424641212258207,0.03773715187680893,0.0773245223555105,0.12330476582850654,0.1251124874929355,0.17928742248671603
0.09405631441537432,0.24143673700460122,0.04025962436826131,0.08061703660950403,0.05327866141848537,0.08592474809985873,0.07496720425649174,0.24967876207262796,0.07978091175479536
0.1272396135387763,0.06386913456334908,0.09037298105268025,0.13713561970560792,0.09732565340083561,0.1653560204315247,0.13620935292995648,0.10697059570147187,0.07552102867579774
0.10731063533438522,0.12910263165199556,0.1590808380506022,0.09456404673343655,0.17322108268842998,0.04561767714896728,0.07703720574345302,0.1382231221748886,0.07584276047384157
0.11611092141248802,0.04196565664884672,0.05134237853905796,0.12940172607211822,0.08156530246979726,0.17438300209183275,0.10505424525887967,0.17208654893505174,0.12809021857192773
0.13683723976350626,0.04481580890352733,0.2131270002403777,0.1264902433360134,0.04624666746259667,0.08695229472499656,0.16450432866060838,0.07010578337364799,0.11092063353472568
0.11242575162301958,0.09431470264120555,0.10868644138976463,0.12006164591552464,0.09084257996726963,0.1400919197233169,0.20039337122965706,0.04895161328997149,0.08423197422027061
0.10943222424460303,0.08532641542673301,0.10356945760496178,0.08511753946864514,0.12496836059007482,0.1425293923067906,0.06966733653466865,0.19790244150723388,0.08148683231628916
0.12578876751254534,0.1278713871350228,0.17501623676721922,0.12389211978727073,0.03898321053675099,0.07626967281257833,0.1344972874472375,0.1064711539780188,0.09121016402335619
0.11916879927988244,0.04405162126286762,0.13943113464217427,0.10776460436082115,0.055880146619169235,0.15307915731863728,0.10759084969274242,0.06625750190260235,0.20677618492110328
0.13094794825217385,0.09965628279378606,0.11975665554440747,0.10809515719053299,0.06566787348022957,0.05033951511958092,0.11441397536779963,0.11853751840275524,0.19258507384873433
0.10663624064771438,0.06042364240073789,0.040242062437473324,0.12089197510684178,0.10603996512779505,0.279332983490668,0.08123899987256676,0.14468695916673222,0.06050717174947066
0.11893143536021966,0.044268190781924434,0.25518683741760145,0.09484232806267305,0.08358793189861724,0.10601323447785482,0.07960854465684007,0.08427578708616927,0.13328571025810002
0.103759271543417,0.1045141937409065,0.09643078886563324,0.11669971848248258,0.12841033406230615,0.19235508635864862,0.13705743595612055,0.07448220022791642,0.046290970762569085
0.11157280601986486,0.017273048721396327,0.11132607367541726,0.11280690584255143,0.11566452864387362,0.1894800587097982,0.09235734843501993,0.09197230242116466,0.15754692753091365
0.10751453889462208,0.0367845181471946,0.04647788956119455,0.11681536914673718,0.0721379996683056,0.32324555104846514,0.0882453022822756,0.13515554733393453,0.07362328391727077
0.08322769333201752,0.5104984899870219,0.06428097777305819,0.07522438867472009,0.03960816887909768,0.021279187735781264,0.08137978130162125,0.06454165812454107,0.05995965419214092
0.11948694148067562,0.05525985880272333,0.10446711877154247,0.12131898825632385,0.12115423665920362,0.15692407678119527,0.08339224947120115,0.16918843415104512,0.06880809562608957
0.10435360842466461,0.02497625411867147,0.0510174290481103,0.14801257968982973,0.10486388564268839,0.19592007702452716,0.06964069499441693,0.17334241732754743,0.12787305372954394
0.12439964479216044,0.038596836108544696,0.18176213997420096,0.10461555976544856,0.024765272013869553,0.13764158544849944,0.11844007692048476,0.07054695583043401,0.19923192914635757
0.08126482276717449,0.42116089828835584,0.1420914887257604,0.07288474141212063,0.022144287510927323,0.09422115042849301,0.08044355203862157,0.039653823059443295,0.04613523576910331
0.0989217044186337,0.03353900175816337,0.025442299048115555,0.1248822451133396,0.09522616009606481,0.3942924145002696,0.06446982266075134,0.09667042842245473,0.06655592398220733
0.1281168177329317,0.017949930378107236,0.22987493077867618,0.1147550089000647,0.09035737833954209,0.11484681739774645,0.09239703358938471,0.08561217155570439,0.1260899113278426
0.1202334277614422,0.12340604902423478,0.10038622533200976,0.12995430196200206,0.18256627208694617,0.036577411366627705,0.0962130720709539,0.15788737410720277,0.052775866288580546
0.10435716411554848,0.03367131004943177,0.22223886722262634,0.09229969981959242,0.22325109521633812,0.11203321393480935,0.08859872686388238,0.05198331930638179,0.07156660347138928
0.1268504830558459,0.15477379074108677,0.08560963760229083,0.11987556011925175,0.04551849655675846,0.07655387403288556,0.09140877897895328,0.20807530463578125,0.0913340742771463
0.1043399740462332,0.03134040614092872,0.0294284219854101,0.12699003909505563,0.05394210206346054,0.31489910434458296,0.08811224196349375,0.15974432611150616,0.0912033842493291
0.13225491859502958,0.04531593457015055,0.130331348283419,0.12449075023040786,0.10861857530815465,0.15513902329377408,0.09543127492666086,0.12004708875742894,0.08837108603497452
0.11823616304808722,0.047000746116921566,0.050510574370851186,0.1451115680122065,0.2025278515144011,0.10190273932459375,0.1678833643379234,0.09510982333750355,0.07171716993751172
0.10185305261707352,0.20989536688001076,0.0759536585406481,0.11906688843284408,0.10387454663521035,0.10485967662356505,0.13476938378321304,0.08107763047911477,0.06864979600832027
0.14193443533542613,0.09204645181074722,0.19922355138832096,0.1118141157385721,0.04738618321006987,0.058683167432009825,0.130380681051118,0.09721693404871745,0.12131447998501843
0.14074815843585434,0.05454576198130917,0.09045130953999442,0.11427366772029512,0.051582973694881795,0.15084136859982386,0.10694451752285215,0.19114365547256318,0.09946858703242593
0.09941561333399711,0.2492856280339312,0.08975475842329504,0.08927505842915262,0.17382774111209043,0.06060711728831628,0.09862181279364814,0.061672735819051167,0.07753953476651808
0.150411931283108,0.04442812340075372,0.15893851548339263,0.12140842788687467,0.02961977807133501,0.06317079745775109,0.1309512925718019,0.11083511908696247,0.19023601475802054
0.11197913109220158,0.06667122398184026,0.06155296826954881,0.12602209477286463,0.18190230738707683,0.12408911410506002,0.11097095899554961,0.14437117728198276,0.07244102411387547
0.09284141528826433,0.05571325811836914,0.08054808405672519,0.0943055922137629,0.25885725519594854,0.15459391343976114,0.0701861785504503,0.09525982692228813,0.09769447621443028
0.1281068123095628,0.046344055304481165,0.07777241074183637,0.12966322917480919,0.1386264554896086,0.1433383270161608,0.13543824869863721,0.09949439832106927,0.10121606294383449
0.1184239505212551,0.03313458267179146,0.0447941183486433,0.15121822708221297,0.14251660735057609,0.18355662630895328,0.11719136657816975,0.1439874344031734,0.06517708673522464
0.09788585252864311,0.1316284355353429,0.06402307788354493,0.09928040081177704,0.17209841257875572,0.07766247473660684,0.10694357544621519,0.1671807447807252,0.08329702569838905
0.09615403768952818,0.0368919531398002,0.036651626944190815,0.10866619352123802,0.1683126346359214,0.2938152634917622,0.08077793440676673,0.1215618583943577,0.05716849777643468
0.1070511756177766,0.1868460332197742,0.08476682979294248,0.1088286424294997,0.03830995307467731,0.1038594192708975,0.16711523542979012,0.04320254973249871,0.16002016143214343
0.1180834053331371,0.026227342376001234,0.05248150248112334,0.1381706752426278,0.16975920952200876,0.10071975124602763,0.08439267937376695,0.2141664618077712,0.09599897261753593
0.08941566185326226,0.12325382154163544,0.14885572549663154,0.08439637166556835,0.06752516322384312,0.09588745604216618,0.05346439496941411,0.15018093736061586,0.18702046784686313
0.10105408567297774,0.14069243801865083,0.09854815866201032,0.10489166063318915,0.2782790555707828,0.026692200518145966,0.1387081185538979,0.05680584047937698,0.054328441890968325
0.09791064778954506,0.03708182732479066,0.06658934464613264,0.10703475406724743,0.09817744015968644,0.21869319773463392,0.06851867097260189,0.22020654708141932,0.08578757022394261
0.10394819694073347,0.10392716037690315,0.13533431827819384,0.09830208012508197,0.20835352849448574,0.10061513852602282,0.08386359351444383,0.10951800717610614,0.05613797656802904
0.10216132647016925,0.15410314648710044,0.06049170965369078,0.09984524629587817,0.06983757389207286,0.1579296579911531,0.10396818161516981,0.19866574397664602,0.05299741361811946
0.12750503597831325,0.03719321619029244,0.1562776323461093,0.10631468608258636,0.10069703211027614,0.12045470043994688,0.19770439328960443,0.05356236625368955,0.1002909373091816
0.14312491513872602,0.046203221642449,0.20204097604072188,0.1166857771071762,0.06965674238277353,0.08474479369122777,0.1435332806414299,0.06283948431593771,0.1311708090395579
0.11311068978311824,0.031755990810557924,0.10866742027513965,0.10257266790908243,0.04354726810087476,0.187823511756664,0.07543968203082982,0.1704062625396748,0.16667650679405835
0.11889123956445669,0.06581272801755209,0.11626554082862905,0.1073849979352522,0.19880830822339746,0.061014630050336666,0.1588385758749589,0.07776669588947478,0.09521728361594212
0.09125851569239467,0.13965808496398593,0.03907469280937825,0.09113921667979913,0.13017747170182545,0.2668848134492841,0.07667925197111786,0.06379447227117448,0.10133348046104018
0.10954606134552979,0.20744262008247902,0.11341435284146256,0.11698822150916494,0.07839616178519944,0.09065298366703523,0.15856440368111654,0.06522364501106197,0.05977155007695057
0.12061359431627618,0.08866554161180928,0.08054459314521475,0.11616662772778047,0.08183610532792483,0.10114695416165843,0.09954534623526072,0.20652095984690164,0.10496027762717368
0.10399326957211591,0.1524312330999009,0.26884128583842526,0.08996123557248215,0.09103254384257249,0.024457352803430515,0.08334332047949883,0.13978595601905366,0.046153802772520236
0.10909266449370715,0.07066741369521169,0.28192478678500893,0.10261462007195425,0.08303691023364128,0.11616427598023694,0.10980101602558608,0.04943770969918638,0.07726060301546726
0.12912401108971958,0.06463814069322008,0.150517599692883,0.09774240601126827,0.03335708371943368,0.18132459300068146,0.11270717660815534,0.04094815108245468,0.189640838102184
0.0958107407056399,0.3167156545690399,0.09611500483536932,0.0925220949303247,0.060712854454942754,0.1227741878762862,0.11259651716634574,0.04597626057931888,0.05677668488273261
0.10592669928660774,0.06534800152461455,0.04700920406040109,0.11912094083482087,0.23275810988464576,0.1817755718022576,0.11964565249482118,0.07354870512941376,0.054867114982417496
0.10536656506237768,0.045745386126857045,0.053877979537560405,0.09863507883385225,0.06094045389989311,0.3982457530369167,0.061454710096297854,0.13371965103271252,0.0420144223735324
0.1217368702542428,0.08561193791874026,0.17167759431536,0.10646625277189288,0.07055089877749877,0.1173542216003453,0.08276728291306773,0.14388389896175238,0.09995104248709986
0.11420810187811636,0.07931329830344462,0.11170225129431122,0.10621557526099894,0.09139328472869607,0.14154011972256136,0.2153665953871943,0.04947659220909759,0.09078418121557959
0.10057915012852493,0.06382096397429747,0.09997940725783949,0.1025198741669414,0.23187526369619346,0.1258452956301757,0.09900819204043963,0.08822114914159596,0.08815070396399194
0.1056527014571338,0.108036579170589,0.10682970311061142,0.0972069480164604,0.11179512671850073,0.1279208921353792,0.08315741393580484,0.16132904311489427,0.09807159234062635
0.12615741558119817,0.03435944267040037,0.06792978732594783,0.1305454804337424,0.1120108651959902,0.2106333673353593,0.10425460948100884,0.11710704031892087,0.09700199165743205
0.12394577563142202,0.0651876152038323,0.04210439089617992,0.13261021972927792,0.12628018410475256,0.06751028650523917,0.12814675731802508,0.09586092050146999,0.21835385010980102
0.11118198378845377,0.07104089479523333,0.027926886975763746,0.12256915522655265,0.06929080702340694,0.3143275501623317,0.08207262225632349,0.13849275143822506,0.06309734833370924
0.09855803997287214,0.19294495309759288,0.07677090910271828,0.12654817437694874,0.05982931868050965,0.1611853177636057,0.10206203560379472,0.11911556158277488,0.06298568981918308
0.10298827614294183,0.025346197505017622,0.18982785514960562,0.10843784092279111,0.23960077990583115,0.11093648086616698,0.09915421402336551,0.054838967709836726,0.06886938777444351
0.12201649010618998,0.022213474048257558,0.05031364950161656,0.12512926668529856,0.08295061589240948,0.28866968200325654,0.17386670433846318,0.06090766403216228,0.07393245339234575
0.11872447268781862,0.06867143896639867,0.0870973243665315,0.12767043917918008,0.06073879550555556,0.17874513817981919,0.07954005630748155,0.2260809369114216,0.05273139789579321
0.12211864619881356,0.06474305641557028,0.06063337754689513,0.11229522621852141,0.02172708339993844,0.15716486341602753,0.0863224139017316,0.24127395264896814,0.13372138025353394
0.10901926095921671,0.22717596423568068,0.0950780246216325,0.09525076010489453,0.06814007030183089,0.07809833327268703,0.07190985505074621,0.16579457709637635,0.08953315435693504
0.10885213056706329,0.045258966961927584,0.08151776755132104,0.10618801758056097,0.16510246553568056,0.2460326533935209,0.09751290771164726,0.07655059882137226,0.07298449187690614
0.10853174186592286,0.02506762473666703,0.032953400527880455,0.15139396632357646,0.20896577738241184,0.21790602533504355,0.09561084784245659,0.08536874252124638,0.07420187346479488
0.13863554855257074,0.02113246603032599,0.06386874006689201,0.15254172816799325,0.10173925159175319,0.18696195938411966,0.17161728536774987,0.06651474908892305,0.09698827174967228
0.10503052115604224,0.183389836910285,0.08564508621050183,0.07679674147924652,0.10747152623159843,0.06992067897776867,0.10332822120134107,0.10670735090144766,0.16171003693176855
0.1030085211070242,0.04300527026668788,0.024058840291733535,0.1362658072841097,0.150815478139954,0.24758928085335333,0.08644775131926923,0.14143457462547201,0.06737447611239615
0.07416451278163735,0.37911330893048173,0.07303444505602656,0.06938387413374693,0.1352195058020636,0.02578059827694334,0.05070279394141497,0.14628500337173367,0.04631595770595182
0.10076062216352429,0.15639222214815937,0.12753133408899478,0.08539525528933929,0.08592870011824143,0.07985830956670659,0.06847858514540318,0.20307864941273576,0.09257632206689521
0.0864350374929417,0.18889513223025878,0.09326889638814889,0.09342454976412444,0.20813786231222778,0.1166146085153511,0.11058183879113197,0.03465045797598973,0.06799161652982559
0.11005006036788219,0.04184392393646582,0.039602479930594736,0.13111694314637637,0.08076985951131849,0.2911911180657989,0.07649616906751272,0.1670532179669559,0.061876228007094934
0.11142138183828221,0.029033410922890534,0.04821264361443195,0.12391150308093068,0.1702696467555671,0.19575446463418267,0.08888523355376064,0.1124050206189701,0.1201066949809841
0.1369574558929301,0.03151309687380879,0.0879693953820601,0.14116464214693683,0.07464774322608389,0.1198600306239796,0.127646123817335,0.126559237067674,0.15368227496919176
0.11385335171134069,0.20491589431034107,0.09882898834241943,0.09985234154428017,0.04661187869689814,0.1024734055820364,0.10537704250357428,0.059103193516568155,0.16898390379254166
0.10289433749654602,0.2712901537055314,0.06976043977946805,0.09781675477577766,0.0855616604019291,0.07811084205318454,0.10350079189175737,0.10648841581012104,0.08457660408568494
0.11360643313667829,0.05633066496008942,0.07121934128135333,0.10900184320421373,0.17070368829996588,0.1374279437974628,0.10010500389617057,0.13202977318385237,0.10957530824021362
0.12740394582471065,0.054916788085231615,0.11706904548096635,0.13567733741998422,0.16722762161393326,0.07290206180245373,0.12626431538479177,0.09145489001080283,0.1070839943771255
0.1008195308626074,0.11976589607718054,0.0704638335584037,0.11167617585979263,0.04801832020423516,0.040814995223267224,0.09865675141496172,0.19882220727879826,0.21096228952075335
0.10414302751156014,0.2901667730408731,0.06343045168606586,0.09977091430698472,0.04227582115808762,0.1889053452474366,0.08565360955433653,0.07849994184128162,0.04715411565337385
0.11443779403598021,0.09293455860536588,0.0844247697456794,0.11329773034006095,0.08342976765978712,0.17874236238450822,0.14659444358906978,0.0989890541843587,0.08714951945518978
0.09067110195502963,0.07404089684412568,0.10018058928009282,0.10304644178092542,0.04221301785866549,0.2500337995903221,0.05535993504770267,0.12557662118364477,0.15887759645949143
0.11128420868552796,0.05296384706892412,0.027739352820561013,0.13234783444574758,0.0639990773592516,0.2330269198524945,0.07521798652627269,0.19591418916767464,0.1075065840735459
0.09959170328699078,0.22268783547489476,0.08845210838593404,0.09482196734209614,0.09748553109589521,0.05292791033650424,0.09718160756122234,0.13493244243187802,0.11191889408458451
0.09867094118897075,0.3255302782857526,0.19923414428490602,0.08120827960059224,0.018673898905975737,0.058518748320012,0.06839676314031921,0.08036835289353629,0.0693985933799351
0.1276451277626427,0.08613191593506785,0.09051631102195372,0.1075462645862678,0.048698878639884195,0.2709376165194462,0.12558008707287502,0.0804201663571213,0.06252363210474128
0.1414474003604775,0.08069629601842872,0.050890429207972265,0.1481972348297159,0.09464838644012515,0.09660631723602438,0.13450169371792542,0.10456165492181048,0.1484505872675201
0.16047556275887198,0.035714435339310735,0.08755362886884283,0.14434146830396033,0.06427333292598507,0.11718037099920557,0.18534636597006493,0.09461341850766326,0.11050141632609523
0.12218701074685505,0.045082445610707844,0.08361090142022824,0.14116363761517814,0.10924789364317355,0.14200335368701766,0.13692532939318755,0.10580664231133484,0.1139727855723171
0.11956003043396328,0.02818881928431047,0.10400313039473393,0.11475288368944826,0.0380738598511934,0.24297571936016227,0.12358817996145212,0.07690279477282554,0.15195458225191064
0.07870397659703147,0.05550328663323442,0.013605460082062247,0.11009980840150113,0.1595974605277843,0.45564521687208237,0.05191865881126614,0.048023790509300134,0.02690234156573777
0.1276670244545435,0.023075722345343757,0.0871970131553003,0.12817628321132996,0.1166174681436037,0.09488883381603326,0.08632315128304287,0.18208217473280244,0.15397232885800013
0.09768374710642107,0.17296488230372342,0.17579700429932357,0.10455568943092815,0.1578039398718841,0.0288842782305944,0.0998505199266067,0.06361696217442499,0.0988429766560936
0.12035924390594104,0.15154283292799195,0.11330642858903354,0.10028525569796333,0.16982210816213952,0.05434706261119466,0.14288796706581805,0.06826319653578315,0.07918590450413472
0.12733787348321143,0.08310338304242776,0.05248242521285157,0.12701694991679402,0.1104280427105363,0.16565088891537907,0.18793660796537429,0.07171465073926832,0.07432917801415714
0.12345990511797582,0.02508414165650771,0.0826335351873008,0.12036681591172377,0.1270032709006968,0.15565901598760334,0.115143887625259,0.11494075363348778,0.13570867397944505
0.11774665241552801,0.06279423719285951,0.12055057208652069,0.11666850933070631,0.14492172008895346,0.09018065945097903,0.08875072376280262,0.1476841720132799,0.11070275365837039
0.09468722194932348,0.1482729356374103,0.09155242724446633,0.0938593566418166,0.18047203419854038,0.13732393315740263,0.0969199960105002,0.09653878265070391,0.06037331250983624
0.12026108417400615,0.10571946288417443,0.07050287920864255,0.11193204036635192,0.10160142637242464,0.16982016579189096,0.13795637011127013,0.10091246373691981,0.08129410735431941
0.10453986926195465,0.12293174655571361,0.06150567846061294,0.1094743678596418,0.05290123591458631,0.1706792010444603,0.1419237936600439,0.11983735845266053,0.11620674879032601
0.10975413928481031,0.0823575095314938,0.0693322370034399,0.09017889398029377,0.1051365121956999,0.2500178868820416,0.150026151320675,0.06931882810679224,0.07387784169475348
0.1181045852800016,0.036331162884059055,0.033538417611702946,0.16874138545080034,0.0976150515998136,0.11245063816760514,0.0929958361550518,0.2132837851056506,0.12693913774531487
0.14090219337904586,0.048548326842774686,0.047302298666761854,0.1449998307225715,0.0766802844801121,0.1667717069035496,0.13344572642717664,0.143432589836467,0.0979170427415408
0.1083656807449405,0.2442933118771925,0.10252675686013102,0.08558148985638718,0.11117068283607484,0.06500708788461908,0.07943564327884599,0.11552439629318056,0.08809495036862831
0.1038822182958815,0.2078932628194966,0.09013619996413434,0.09516525623426546,0.20862123024659707,0.06027669026425372,0.10003285233247035,0.07286556051938502,0.06112672932351607
0.10722898449296232,0.09505089858788955,0.1002195727498638,0.1010906095807211,0.09528734589557825,0.15126111086953561,0.0888439743213344,0.14107542401681247,0.1199420794853025
0.1293653558682252,0.10581740920472132,0.12464915789448029,0.10488959726402942,0.09410895894791589,0.05977542956081269,0.10483277413426208,0.13077244464356627,0.1457888724819868
0.1347268010873479,0.07354488069644981,0.12090675702254937,0.11921609872932064,0.09583634569319349,0.12404369715180824,0.1522629889037679,0.09377342044630332,0.0856890102692593
0.11815771400409458,0.0971372927848471,0.10178526571050917,0.09431471892422154,0.1253405728614943,0.10622136649293192,0.09045217482004958,0.16564321152425376,0.10094768287759799
0.1135595070838434,0.0910527765775027,0.039554297334404485,0.11136573175092972,0.07364348047758393,0.12501937097439755,0.15390535713028686,0.15104803945643835,0.140851439214613
0.11995974450273213,0.022477601934442815,0.03764098653458393,0.1403360384194606,0.057454775687866805,0.2779644354337245,0.09774909237490964,0.13168560024634876,0.1147317248659308
0.13140155038070825,0.10384041436414575,0.11261519740798677,0.09378746090747696,0.08341235487535865,0.14871948532028825,0.14723110991007185,0.04614672412405078,0.13284570270991278
0.10470087165254467,0.2359406042801102,0.10258567762140387,0.10591854337721052,0.06183221962313587,0.060217139125080595,0.08318624786579427,0.11296497553705731,0.13265372091766262
0.11017575661326136,0.0692505744789658,0.12387956371721352,0.12831623081729157,0.16787940442045843,0.05846524768033997,0.11344544450527287,0.13054043239553326,0.0980473453716633
0.09360009783055362,0.028792919386393934,0.021067179777967248,0.13119027770375602,0.17118013295556408,0.3370496742370874,0.06809521891915382,0.1046854226081262,0.04433907658139763
0.11131968407588606,0.06094745358812257,0.042524427027789226,0.12976975834929402,0.14674619377023632,0.24118821842515614,0.09692177994171965,0.1255113795577978,0.04507110526399823
0.10495216552294562,0.015056457974852217,0.05775701406059177,0.1444101745293818,0.16746193272958265,0.23626041246380225,0.08359038414639237,0.1271345896915387,0.06337686888091257
0.12728126089831152,0.17058528537569437,0.09214438057256565,0.11256448798020158,0.048835541321501086,0.05951896890061268,0.1291912467835177,0.07333681674230073,0.18654201142529472
0.13909744958268808,0.0531060315545204,0.104475485810175,0.11931966658301683,0.0924933070737836,0.1284802586173528,0.19425633494495312,0.0669329630800082,0.10183850275350197
0.12396168766594635,0.10366768677540845,0.05325033037874402,0.1235980581368511,0.17108929297866113,0.10388437803805171,0.11081925232053973,0.1104121063593216,0.09931720734647594
0.10013093131257052,0.10598201267974561,0.0738361674932483,0.12048045687105698,0.057499486385340116,0.23854504055760792,0.08863408021996277,0.14424388162853927,0.07064794285192859
0.10050346261208065,0.08557696299941643,0.029157517864274358,0.11724973380365315,0.06028152571509531,0.27003560101169916,0.0722191325590188,0.219127000921723,0.04584906251303903
0.10976801812671745,0.07422480872763863,0.09851520470659232,0.10402912546351854,0.17717323367395807,0.09288071803505416,0.08673086038408956,0.09614605065120096,0.1605319802312303
0.10584624028403282,0.2940324814455379,0.06082765791049869,0.0939766231060603,0.06401122715266137,0.0805453020309444,0.12649478661469124,0.08446162459653679,0.08980405685903647
0.11247076361491222,0.05361152452120688,0.08688836992804516,0.09918253097031604,0.06663318868567596,0.13002308060687817,0.07834225248848324,0.21387805404600635,0.158970235138476
0.10980466964367075,0.2164850476195098,0.10734260079790299,0.09856397999922704,0.03686470723646487,0.11493827292048668,0.10075021036649236,0.08144609460490304,0.1338044168113424
0.11686846305267969,0.15340216581599964,0.11775484087676565,0.09960153829206335,0.07393423017838087,0.10068421133269005,0.11079387417019383,0.13180140272547125,0.09515927355575578
0.13503293096257166,0.044278500445932394,0.05158441195928106,0.1520638626112597,0.11554978857774434,0.14496274961319344,0.11314663997224106,0.1460646648153855,0.09731645104239088
0.10252221542443889,0.1325557659606423,0.09181904499205562,0.10624372719465995,0.06658128900690374,0.1596406252424741,0.0893634854280783,0.161325765759516,0.08994808099123107
0.1256690653599377,0.04958585185980332,0.07632215277372283,0.12387597652342593,0.05697172527268599,0.13916959363193487,0.12895297150761253,0.12986324389570936,0.16958941917516754
0.10519091183215129,0.09578333745975225,0.08612395568516844,0.08656288316787004,0.031580879523084436,0.23757686186586602,0.07010792401890086,0.19180040100586723,0.09527284544133947
0.12681665515588092,0.03999647837656622,0.031753151910653865,0.15001762921816486,0.0525862591225818,0.2831053704826491,0.1123988121401202,0.08112304429273894,0.12220259930064416
0.10303714926974449,0.11009971259190725,0.035496879024124434,0.10576037858986931,0.04316322429746586,0.1318729552557736,0.0715103881902477,0.30633871119936007,0.0927206015815072
0.13658937773560828,0.0861375509642126,0.07555941885718644,0.12254600223504979,0.06574653373666119,0.12063597992424697,0.17770607893337995,0.11213595681551199,0.10294310079814284
0.1110342323180093,0.1927008470648773,0.15351012458534807,0.10490012526730182,0.08060427382932629,0.05496803550348366,0.08958143552296317,0.14227555242113765,0.07042537348755273
0.08345684587932056,0.053420002343260255,0.04659364493319715,0.0980974988148328,0.19310146290314337,0.31519654165002225,0.08294768432505494,0.06877160103642736,0.05841471811474125
0.10804486439947035,0.13159920364711467,0.08272163171084292,0.10309420757916264,0.16676763772172828,0.11277900512039496,0.07176427429260641,0.16689376836861358,0.05633540716006608
0.12052429005598501,0.2093743504546616,0.09971899748703816,0.08540374239655317,0.035893197483900595,0.11641133770965657,0.1376078533977643,0.04062406563149717,0.15444216538294342
0.13346142099874328,0.046581433701491155,0.058303191559901935,0.1329469442934116,0.0665375315816405,0.19070217680589785,0.1135626519180089,0.1258474697137342,0.1320571794271706
0.09599904497704166,0.023247562409808423,0.06077561391767805,0.10844171915756955,0.14541266435231512,0.3013285669477696,0.08746877663096213,0.10494441545553283,0.07238163615132255
0.13492013142167228,0.10467995233650453,0.17364443936012333,0.1288442238935008,0.056901105429792063,0.0519641030443245,0.12908417096165695,0.09337323743323721,0.12658863611918833
0.12366784059029223,0.005775923862730032,0.07334623441332415,0.17420463075918766,0.1374048467395265,0.14218374241524523,0.15602271067232346,0.062448715949620225,0.12494535459775054
0.10098341615801626,0.09295365100223846,0.10930891889147719,0.12189924625656967,0.08136040446006769,0.20056397046379182,0.13531802459545447,0.09107587863310118,0.06653648953928319
0.11967222856594904,0.08039342268156492,0.03841697889200061,0.12479761897433149,0.08387854193601485,0.15431906936832923,0.0947107180091571,0.22135615835077105,0.0824552632218817
0.1409270805299426,0.08316108761608386,0.08443329352231758,0.15186142671816497,0.08409073259485118,0.1251408034902413,0.13749883033326368,0.12578294841295784,0.067103796782177
0.11469028012239303,0.1753627564185206,0.13375244551779356,0.11769444103760425,0.07417881350366885,0.04769090424044812,0.11437448172933302,0.1489907438174282,0.07326513361281027
0.10768363862426249,0.04818224429355864,0.07684677558168769,0.11420098821153958,0.21973973917554213,0.14919850022911804,0.11819114209118091,0.06929800118832834,0.09665897060478228
0.1113227544482978,0.06965922595807363,0.03651829460480952,0.12366871728226679,0.15402037052844353,0.1737167895263038,0.09683910765769725,0.16967457042545098,0.06458016956865675
0.11913690725399602,0.023669303142889415,0.12961987386788168,0.11595348849820704,0.10595750402259008,0.24016853663326,0.10499690858452061,0.09232738127640665,0.06817009672024855
0.12841203625156153,0.042979285405169314,0.11155531964015238,0.10851327282072783,0.09509528990081917,0.1798325265273949,0.09429276969529932,0.13859062598653826,0.10072887377233737
0.09095400195502999,0.1429138606286943,0.05317952881226381,0.1124328121554365,0.16057623424310688,0.0801211575959733,0.07136060083216463,0.23704457959724942,0.05141722418008107
0.1331367999192682,0.015481714744135669,0.14675518965176979,0.13622326950156546,0.06904284251559842,0.16216353452526291,0.12647961331504445,0.09312269891735238,0.11759433691000283
0.11673024488198282,0.03709265296751091,0.06174936032362625,0.10794638327866413,0.1055387084115489,0.178440937374016,0.09051403291320863,0.18059896873841522,0.12138871111102723
0.11275089849666113,0.040271124097105156,0.04627528648151588,0.11326792809281433,0.1162844123157241,0.13411141309572605,0.10334373694732825,0.11976570984301298,0.21392949063011216
0.12342380212845593,0.13261080743001394,0.1480054832799237,0.09720100876843639,0.06488918666956432,0.0775296996426739,0.08685330309845685,0.08208794151959807,0.18739876746287695
0.1317540640017503,0.04819700055050658,0.11963315650789215,0.12699151835064956,0.1396038639389797,0.09446681886676722,0.1670913204140898,0.08349436292114325,0.08876789444822146
0.10235260414899906,0.22812212978659066,0.09478026969591173,0.09109212732800485,0.10126277656333205,0.0732607528708853,0.09890663153032049,0.11469050962718773,0.0955321984487681
0.11384152008135622,0.040580732444834254,0.08549752272026519,0.11580055310405542,0.12233264936131756,0.2072168564253483,0.12440999572750046,0.1129230595507074,0.0773971105846152
0.10740641982366565,0.06999428495825087,0.027986287270028467,0.0874473855824942,0.05774779663272251,0.355854429578021,0.11646180359279197,0.07683954395331409,0.10026204860871131
0.10257212262631521,0.1232351999060771,0.081085505575131,0.09611104751744422,0.134685164314168,0.21848478691661635,0.12534580707537477,0.07370550543298329,0.044774860635890056
0.1030408105024585,0.07897893885082706,0.06657848787425684,0.08971095442261491,0.12409666137580296,0.2511716091034457,0.08816519488392911,0.12162291862527913,0.07663442436138573
0.11528378198904306,0.061686307863193506,0.06029701361019716,0.13490318385161104,0.12466184865071606,0.10349708381855116,0.13543433729560525,0.1370109466863578,0.12722549623472496
0.11990498312712371,0.05082002950368758,0.11795437531379366,0.11559719485116915,0.11387663619179604,0.05456910118971157,0.10015242486212987,0.12321322232763358,0.2039120326329548
0.11959231324284987,0.058132230900871544,0.053166162303240394,0.11339776646965172,0.07825228703934048,0.22978699121679416,0.15431830595637203,0.07379392219549762,0.11956002067538214
0.11909900987883686,0.1350271018384497,0.10221486668306735,0.09771043989957906,0.07915839397205779,0.07088675860361261,0.0964427004893123,0.08975225064970316,0.2097084779853811
0.1125210458286971,0.06774647491141865,0.09400472327305642,0.11002044528233589,0.027275790726864774,0.208827232868293,0.07652065698735507,0.18943830359619288,0.11364532652578618
0.0963444718494686,0.24230320396475602,0.11515681277293684,0.08150888280600045,0.14166733797798536,0.05370079638555825,0.05628132077094605,0.13895371127857212,0.0740834621937763
0.11042020654818104,0.043114194288122965,0.07553622519793401,0.13929654268683156,0.1431133085162505,0.20469868998395455,0.1101020161607447,0.08700078306230424,0.08671803355567635
0.10666777420051338,0.1265851546741831,0.11343744958474372,0.11500480310139427,0.07827193973163879,0.11665480847163501,0.08583129388139969,0.12290223643929533,0.1346445399151967
0.1256381828106762,0.045108236499641484,0.09493767495260441,0.14750660939428503,0.0607550980633747,0.1255358375937586,0.1220664045111171,0.1125581991936953,0.1658937569808471
0.141820454737513,0.08309193453674478,0.16227800348419572,0.1025390198685328,0.05087094891353372,0.10229568071791238,0.14734081589458,0.06312944338688885,0.1466336984600987
0.09291430191548787,0.03546664721790944,0.01725374991336167,0.12139920598226343,0.04580893871346753,0.3469807152045645,0.058090220888520346,0.1796026392615863,0.10248358090283897
0.13265978675522153,0.05671007347325583,0.1182561143392205,0.14395277462732617,0.15213003532105615,0.03986851797254721,0.12931742374258712,0.10495709333944159,0.12214818042934399
0.12824731830947958,0.03652380827784641,0.08338615544602368,0.11112797487056014,0.12252847532433014,0.19530125122586114,0.09665072412269737,0.1010780746993168,0.12515621772388472
0.11330639775546303,0.12308774090961412,0.1705158305660044,0.11455963894928685,0.05257910038283308,0.08517125611725429,0.10376106878786757,0.07885965255931819,0.1581593139723585
0.1069671989700882,0.2780175293833141,0.10479268653864549,0.08998251865954039,0.057007329689963325,0.09828344762158685,0.1308125642978325,0.06450049541721482,0.06963622942181434
0.10288009690129586,0.16117139600795102,0.14412176662124623,0.11991088999514525,0.06483870445650876,0.07035217188442837,0.10100473424947858,0.11689071292203483,0.11882952696191117
0.11407139348736998,0.10826483428720034,0.09723469692360905,0.12463530248713617,0.18441448883497316,0.07618371997630129,0.1367022863930853,0.09852205831975418,0.059971219290570484
