0.09650591809766268,0.11304996505624328,0.12938766614522507,0.08150442752733618,0.15334817161712913,0.09954832906528048,0.09142057080785178,0.11642931954166003,0.1188056321416114
0.029581881699420387,0.1176494052285512,0.06758202950450014,0.14128816234471628,0.11554793888978532,0.13115733631426033,0.16842135510988568,0.13000276297185767,0.09876912793702301
0.011580125616076629,0.10908153923338408,0.023599112294340172,0.10749042263584752,0.15071369497104284,0.14182414075383168,0.1817023905582071,0.11694805951456344,0.1570605144227066
0.012782453939270902,0.12562430664185398,0.09195799775974478,0.12462179336230646,0.10674137960503362,0.18314539333690374,0.13029350041253915,0.1396566274885076,0.08517654745383968
0.037424263726248116,0.1183276820804191,0.1599611967863088,0.10118775306567036,0.09040576565888958,0.12748882129160594,0.19732316962870422,0.1259010221725818,0.041980325589572126
0.04271411129798689,0.12724950365050156,0.033815763715014664,0.10847063266181778,0.12741511743551442,0.1097264624710229,0.09091365677255885,0.10744093355125188,0.2522538184443312
0.08200142766218432,0.11948220456951902,0.16340607919712932,0.08943235591669975,0.14585035255686377,0.12223925167779155,0.10045455378770603,0.11368641330542802,0.06344736132667812
0.054240645018141576,0.11878242051007022,0.10575046131805699,0.09126622210238695,0.1538457562464934,0.12118123677684485,0.1522026883080639,0.1213748428131442,0.08135572690679792
0.01529294605884208,0.12682486139295449,0.04823135387261923,0.08397907559606395,0.10694953311391035,0.1530055924850585,0.18504869137147106,0.12841402295181667,0.15225392315726372
0.04872370210220873,0.12661864858478067,0.10512259091279087,0.11356392101588403,0.12745036332740647,0.16041657529507228,0.09982282559127516,0.12463453899509597,0.0936468341754858
0.13350450149410406,0.11110800296731967,0.1216780314764228,0.12821261335281017,0.08613630739101297,0.12835651565655173,0.110552884289245,0.11147017175654785,0.06898097161598575
0.06194867723703218,0.0896620563001631,0.051350724760658946,0.10982947403852421,0.09535586653667978,0.09114252015188273,0.20046729075293213,0.11965554174668126,0.1805878484754456
0.046821290840151804,0.1066574851888616,0.02253663828332496,0.10548104315952452,0.0929792202913889,0.08724285999526275,0.12398905490418917,0.09742049850271343,0.3168719088345829
0.11047097153746471,0.09251463248880092,0.10804142194180004,0.08852697995963217,0.10565218615447247,0.11061732014563354,0.11807239620982189,0.1254141775332712,0.14068991402910302
0.04031446062510091,0.11964207632938673,0.13777448967042638,0.10395366418189939,0.12346367170346662,0.1714276693650979,0.09493504460657666,0.1286608085963614,0.07982811492168404
0.12293126625354416,0.13109661350039922,0.0968230585848061,0.1672984088456709,0.09915145976595025,0.12259935083208583,0.0834829435669977,0.11273769071059787,0.06387920793994799
0.02897997104791639,0.12346882293236987,0.03599197746949883,0.15925476737460664,0.10625691232355894,0.10956070561403679,0.15843505963686086,0.11507664174341263,0.16297514185773912
0.05391978226567415,0.11685445968618392,0.050318819008437994,0.09577140261538113,0.13793273101431242,0.1287674051052435,0.2010132417056898,0.1144181055345911,0.10100405306448597
0.07990779004718425,0.09841672656474854,0.22231420934725207,0.10609034064056198,0.08450565270411052,0.08598890142420251,0.1464468014456469,0.11192343085037276,0.06440614697592041
0.09242618999770673,0.10406371240445415,0.24998367193399454,0.1260971603626592,0.08664522997134007,0.08385335537046058,0.06343890297954145,0.08973522179679848,0.10375655518304482
0.04358611110083305,0.13301365207015475,0.10606235589268814,0.0988852679841442,0.12222152858077007,0.15154755892292357,0.09708170817592408,0.1320588661575555,0.11554295111500662
0.02317661723428908,0.11424185356692675,0.1436600899798501,0.10304012556040747,0.10133010458618168,0.14162273925854726,0.1483949436638811,0.1361064578857364,0.08842706826418018
0.10405754933146318,0.12370291981818808,0.09469016667622493,0.12794832730118136,0.10266012508355317,0.11614788667650677,0.0666473488216185,0.08946000603120459,0.1746856702600594
0.058482604325911146,0.1192965272152382,0.09058275439978374,0.1091497848723502,0.08897700641222961,0.11445677138175336,0.1839993549511499,0.13574020948376572,0.09931498695781814
0.07301582754032167,0.12286448358779484,0.15564566424704088,0.15019646944642295,0.0871043028026706,0.1290028700618346,0.12689130646822513,0.10398613491362196,0.05129294093206746
0.02506904350614542,0.09542337256106581,0.07478576486603052,0.1392851066070845,0.07457900648749662,0.10649623193170055,0.2762038080028857,0.12302397175172634,0.08513369428586455
0.02277016146972431,0.13058667713804936,0.10695968299255199,0.11496530523988961,0.11727396453413691,0.14583108538433295,0.14436911431366037,0.12163400003515261,0.09561000889250193
0.15377349944754537,0.11257972224678348,0.024282705911497778,0.11369121727484782,0.0919473369203133,0.09593586949187845,0.15863615525554906,0.112250379399234,0.13690311405235076
0.09265684271599332,0.09548013045808217,0.0764618085768017,0.06562425198121564,0.13861422310430996,0.12707303848434162,0.05089177549132118,0.13462005555639756,0.21857787363153688
0.0411650101354717,0.09733332617969637,0.319525716171793,0.12661349266949828,0.09454372375116728,0.10596950359583916,0.0743375369730666,0.10583005266447731,0.03468163785899021
0.0815806174761626,0.124522322691221,0.02046973858267782,0.08344005760339536,0.08858730792704572,0.10757884923235099,0.14192873794784536,0.13378223557724966,0.2181101329620514
0.1062193563191779,0.10740958559529283,0.04992900181346255,0.13150599958282838,0.10080296503328699,0.08779895288247809,0.25806970746332497,0.08640396814988101,0.0718604631602673
0.14169313971001563,0.1205121892529668,0.05531620530236512,0.07218420619770226,0.12763801582450574,0.10512613700695957,0.1410582261745732,0.1286548054800384,0.10781707505087339
0.05111530453168094,0.09474320442849687,0.3034022606175219,0.143742159809935,0.08623846470303355,0.0925138410290577,0.07235105897743162,0.11260053186231385,0.04329317404052851
0.0265863294376136,0.1339207186700174,0.10673918896145951,0.12975003043860753,0.1466196628633136,0.15607405670896246,0.0759802459782535,0.13593168834655908,0.08839807859521344
0.01801019672686557,0.1246787575238088,0.11110039085428547,0.11979938170102927,0.11180689936647727,0.1673731857557971,0.08578622995576313,0.12199145920343606,0.1394534989125373
0.04164488412739283,0.112654544623851,0.049311244498877194,0.09338778037822144,0.11828613411192636,0.1602665478235065,0.12939164857711952,0.13632819730453943,0.15872901855456573
0.01638462454204081,0.12853247665747916,0.06293643383792008,0.14681467946208518,0.10951120192145831,0.14364955724538994,0.12308946185202528,0.1327471836134554,0.13633438086814584
0.039264079667327735,0.101168448211112,0.08677148571746744,0.08602872776755044,0.10069419968356293,0.11564186009169615,0.1737208351216223,0.14467063701217517,0.15203972672748572
0.09114166128502327,0.12552235653059396,0.06365678732763479,0.12409175077533481,0.10116626645149523,0.11329048619885367,0.12048198915781616,0.12496561578327099,0.13568308648997704
0.06542184100635999,0.11207627345313954,0.1259793495760832,0.07718472063978814,0.10631387292777177,0.1315604315911371,0.10377345121860565,0.15308549105946315,0.12460456852765141
0.1308148402676211,0.08548542534145794,0.0329885286299522,0.05827338546914854,0.10830295877639189,0.0928343878030125,0.1107044973799028,0.11538298223369574,0.2652129940988173
0.03594645616320954,0.11416810615464146,0.028880229603065966,0.09468111353330565,0.11043139828800397,0.09101736233883988,0.1648956722887634,0.10211352800291477,0.25786613362725536
0.028484366529761395,0.12904452468689565,0.10196886896411274,0.1254404023886821,0.10051944144256258,0.15222949536260508,0.1844173162534729,0.1122254724445474,0.06567011192736016
0.03508156091386389,0.12456127197785004,0.07055393953561216,0.16118576146495955,0.13680801214280625,0.13263535085316783,0.1353498206991728,0.11932911967260894,0.08449516273995868
0.0349708057826438,0.11992275842154305,0.02769857136506447,0.08255284450294202,0.09381383043411347,0.11930669443175763,0.16116917329043232,0.12083806211557375,0.23972725965592953
0.09097474307887658,0.11403978220183601,0.12940831851439621,0.1153658362663685,0.11629320142115455,0.12337664400011657,0.08120242326005318,0.13735957115323627,0.09197948010396222
0.033924289645607286,0.1175341110847049,0.10422732443035769,0.17846544079893645,0.09874014593487584,0.1309060470928721,0.13726741994587674,0.13342940779104812,0.06550581327572096
0.0810902804499507,0.1078061068461776,0.22321135833524064,0.08489312123618109,0.1052997381664057,0.1319017707174179,0.10053716630743142,0.11310746699117379,0.05215299095002115
0.028509105407790364,0.0988333769289177,0.05432285597906039,0.16640380081453007,0.08961987844732237,0.11873424641860782,0.27098575349536297,0.09234583850251375,0.08024514400589466
0.028064986241258836,0.0801499962930725,0.3074302628717571,0.09466291705939374,0.07218561503248289,0.11811694552132705,0.15092251697194145,0.1234759128980598,0.02499084711070665
0.03482827430800005,0.10186340199677289,0.06192777817345505,0.08484573435923054,0.10009764713895336,0.11979326873101005,0.14131451943909532,0.1602626285195272,0.19506674733395565
0.05315637527048659,0.1330878237178948,0.09655361144438307,0.10592949373408055,0.14005201741468812,0.14257016199925274,0.10665672437398564,0.11712081400990411,0.10487297803532443
0.006488977750491205,0.12405205783308441,0.04326804745175979,0.13001425611061299,0.10096885020609558,0.14363479634838439,0.17164364470605534,0.1424691685587446,0.1374602010347716
0.04608444756204213,0.1245651275655734,0.13361878441621547,0.10597369779183281,0.10302972942672843,0.18125357602430803,0.10281554311545431,0.1258137235432288,0.07684537055461654
0.09712916120930055,0.11730545830181681,0.04254793879289528,0.11438132571786963,0.10486076419485647,0.11224069070697056,0.19513746514018038,0.13427792347474618,0.0821192724613642
0.04882499279509464,0.11218974098167389,0.09848437362219144,0.08707379601300823,0.11873398666852819,0.14038536110036834,0.1695730367576522,0.14004871066277721,0.08468600139870575
0.20830097180853932,0.10511835963855508,0.03636282039369799,0.08280136857886526,0.12627740475147217,0.0782280926435407,0.07946121043015632,0.09452558738197174,0.18892418437320133
0.040262558249185475,0.10968343725502662,0.1954240742799309,0.077828553947982,0.1292103108813971,0.18600628880269196,0.09899395773597708,0.11513407046673245,0.04745674838107638
0.08240657967489877,0.11329490083635678,0.05480987042477726,0.17681764340880532,0.10983429793055514,0.11851389994621826,0.1285946191821867,0.12431854421245116,0.09140964438375056
0.013654006328088992,0.09716968597569607,0.02054636524600378,0.12531818425537408,0.10211715135683623,0.17062378791916322,0.16396474119904034,0.15959622716196384,0.14700985055783347
0.14057215192366024,0.11573770164618573,0.17764533252958514,0.10172109510078564,0.09193403400389422,0.10984358825724554,0.07664315534764415,0.1070085609056012,0.0788943802853981
0.02307424422626923,0.11067247450651746,0.15277843757637,0.08643577396492637,0.09157188610094931,0.1811505305346779,0.17091445766453503,0.14187535143268595,0.04152684399306869
0.05111404596486591,0.13013843841944694,0.05546819188001395,0.1779809811355896,0.09670754639114863,0.11082904881342404,0.11238732245522282,0.11923369815256346,0.1461407267877247
0.11534210499155391,0.12387645741451503,0.07564227090904725,0.12622599247075908,0.12176423799978707,0.11253699247736937,0.09963645852821819,0.12056418830822709,0.10441129690052299
0.054335343095205955,0.08976946055976275,0.32552474271428,0.13462177849582144,0.08615748009112346,0.09931186629116158,0.08503067320219154,0.09375913716163248,0.031489518388820824
0.06488970772007602,0.07667625799769234,0.4537265247307736,0.095044852252627,0.06718795721294814,0.08983397219743522,0.050999204337963816,0.07866626745949369,0.02297525609099028
0.009803846211196848,0.12332105084280091,0.035702482787851576,0.12562104529403162,0.09613083844994148,0.15520992335919592,0.1627335304489228,0.1511150985639678,0.14036218404209108
0.138732295780736,0.08585112270733525,0.04498149711632299,0.10481515419503651,0.09416523565574626,0.10965886504850131,0.16438671539926886,0.10188463835502311,0.15552447574202963
0.06315693327878769,0.12470282432034226,0.15185341532400173,0.1948177619070995,0.08446257415250495,0.1262517107870317,0.0716360989922533,0.1026746260397668,0.08044405519821206
0.06717719525362591,0.12406264562809999,0.14093915359762746,0.09063058749103665,0.12536656302429436,0.12854782839809117,0.08176192667038173,0.1329684457852371,0.10854565415160554
0.05659612407387387,0.11044654596500457,0.16559526095244506,0.08671575092436272,0.12430283987062907,0.14001457746045395,0.13039243571623868,0.12895169845552326,0.0569847665814688
0.05269041384794304,0.13044883892859374,0.0896863546645739,0.13629632924203786,0.1156923278701702,0.12615857428222876,0.10121812818509145,0.11757583902869866,0.13023319395066238
0.12762351921144452,0.10139223833131215,0.1887766753614357,0.12061012232901148,0.09364527562358277,0.07965012682242999,0.14750485319094586,0.10264208855728096,0.03815510057255656
0.08688810447020705,0.12045932089785273,0.091112788257301,0.0960348072449102,0.11686750051117556,0.14591635708160272,0.12875152015997746,0.11766290001524314,0.09630670136173014
0.05616906467955299,0.09402357471765148,0.3478338951099258,0.13050203105047084,0.07133880447447391,0.10372941686658659,0.049027035906586115,0.09531255130642315,0.05206362588832918
0.09495635369269528,0.10158976521296943,0.11059950386825083,0.10023854266480396,0.1581148474857909,0.12408075874421343,0.06641981163642917,0.12341998177276647,0.12058043492208044
0.034415055569526655,0.11977396552934509,0.13257166034315973,0.14351230299626627,0.09707117795692916,0.15059976673992206,0.12220276575209484,0.14286235874359668,0.05699094636915945
0.024343408224878748,0.12733513725765558,0.12390383623235379,0.16809135512473258,0.09722171467087469,0.16291149836468613,0.09471917707925077,0.12301652114589944,0.07845735189966821
0.019999616358729693,0.11805664777489679,0.03097269012368857,0.09508858904534119,0.12891388382341917,0.15130481815104727,0.1270854011751916,0.1352516423383571,0.19332671120932862
0.0535936024621275,0.10855925440139878,0.040654723498518376,0.13102572057752285,0.10815723490572461,0.08961505497289453,0.22193821942471761,0.13522316475346882,0.11123302500362693
0.01904314220596368,0.11756489108704322,0.11425713084842021,0.10373291862078687,0.11808146209161634,0.13675913048523067,0.1437761100033305,0.1404718737668691,0.1063133408907394
0.06328160432736661,0.10089850032398724,0.04687723251415196,0.07754975141865487,0.11738923812488326,0.1260870336918475,0.07485276643578977,0.14612316834401165,0.24694070481930708
0.1128266761262724,0.07616976831120814,0.3640164018870286,0.13486308528353946,0.05874004784416018,0.08644782615828382,0.059684126855437614,0.0863396392552412,0.02091242827882854
0.02275490838133355,0.12135522613491818,0.12454048364179549,0.10173923502194111,0.10777913942596802,0.14006707168090624,0.1671594891592525,0.13063419818948166,0.08397024836440314
0.009834033381869427,0.09863872849930433,0.056077114842848275,0.12939976845602255,0.13650616494551612,0.1814544107446874,0.1589881408139236,0.14778790232190742,0.08131373599392087
0.055432270845049425,0.10573438632590848,0.2474624645818948,0.11086840959010406,0.08838537930193273,0.1346571642307607,0.0727029291182204,0.11099873351518924,0.07375826249094013
0.05553208155442895,0.11579982244375674,0.05466034082986614,0.08710935715541639,0.10292853511557172,0.11635930408242467,0.16352779291833877,0.1397398006148485,0.16434296528534806
0.2563195368349862,0.0678557694766629,0.028958263087057744,0.07887954908692847,0.09565598710759166,0.0765139177662404,0.0592118915311727,0.1052566225518725,0.23134846255748742
0.017164935529367594,0.12055591423618146,0.11113221650201444,0.14930778875479386,0.09145437923883992,0.14803613657760767,0.17719034592378147,0.12617556388845277,0.058982719348960794
0.11167791654747909,0.10754858088331226,0.0587795683095985,0.1083687831003214,0.10879351134604183,0.13516397493852586,0.08998534683175141,0.1605956425079983,0.11908667553497132
0.07467733781542939,0.11757035995284222,0.15665384426119544,0.10752767002529746,0.15920632003785798,0.12691704635629183,0.08980362562282142,0.11047723095095581,0.05716656497730845
