0.14689122829400758,0.0372041587600293,0.10409142984111942,0.10608846377042953,0.13955771226634425,0.0583426721055757,0.14771744035751,0.148390749531593,0.11171614507339116
0.035271359380278956,0.03712944778222423,0.10206200117183932,0.2540086524999451,0.22263663339429465,0.045293544709352075,0.07033410737385941,0.13167341185876882,0.1015908418294376
0.0948739004170136,0.16449591617868434,0.05709817404678199,0.019747544152311187,0.1317042330746224,0.008518153028083154,0.2132267935779583,0.25069245352590164,0.05964283199864332
0.02310055118896104,0.09006641619329397,0.04512926551871518,0.03889900267709965,0.08934466501760252,0.4886740959952924,0.14550040837118158,0.05789175397225816,0.021393841065595526
0.030836029858929748,0.05493311987296871,0.12276306534747587,0.12340813178202252,0.5195011757947777,0.013628934160848677,0.07050853335610922,0.03562357254095212,0.028797437285915484
0.03401714031678778,0.3505679707842222,0.055008343498268275,0.02535408024038815,0.060076850193034353,0.0270519108399367,0.12939888018911688,0.25619736799017473,0.06232745594807094
0.03234194084295636,0.08788833089344496,0.19683350002228886,0.1378165508430262,0.11859729021457342,0.01130558236509644,0.03683734324152729,0.2877777392301804,0.090601722346906
0.14455660911327953,0.08235901578291023,0.10873541950181631,0.058182664396578966,0.09841862856592432,0.3292430258586795,0.1002406534413023,0.04935653025406436,0.028907453085444446
0.08401171398204903,0.24755441660475,0.06327701219239157,0.04062972208800915,0.20526089581380025,0.04814702243100246,0.1258039544792316,0.07543824850695328,0.10987701390181275
0.09625567677577773,0.09858343329456902,0.11646043605768898,0.09426449049986985,0.117146744062533,0.3428609615211205,0.03977311511818491,0.03652979207855383,0.05812535059170212
0.07285201529212607,0.2277378835830249,0.10345189374982104,0.07522777137988627,0.07982651947763324,0.011452152969905585,0.15932813414235059,0.21790812714204524,0.05221550226320706
0.02918752986620461,0.16059073863317194,0.08230763345002222,0.19628684636842475,0.07479976076481844,0.09100178584129605,0.1582175072242693,0.0555473653811497,0.15206083247064303
0.06179431431800104,0.3884549728388876,0.15119544903526785,0.00882047649466585,0.18299276460777794,0.03309324403697161,0.07400777011234956,0.05037163393046976,0.04926937462560884
0.05313422082787298,0.06543307394143903,0.025895080468963935,0.12494005150722802,0.08215194719296189,0.2522323356790228,0.07379676389698714,0.25369946896706713,0.0687170575184571
0.11226470118824816,0.08367399159242273,0.0653313597142291,0.016348413437197132,0.03026535999649331,0.020007305060713087,0.19958053026117153,0.4079879888003684,0.06454034994915651
0.04227825650738908,0.03565410322240193,0.16011083605404067,0.08645753322592238,0.1040268637947095,0.40282086369444164,0.06976349827435874,0.05677557380689946,0.042112471419836615
0.028449537402889098,0.15189593222221873,0.18429995499302088,0.01980856756418591,0.4912989858257748,0.03518163765000301,0.016856753969830135,0.021259923706452303,0.050948706665625225
0.029492869011319936,0.2508854396824988,0.05366534166609751,0.06556263263039373,0.03982878827129809,0.06197241114206203,0.2485712090535651,0.18248839807013342,0.06753291047263132
0.13042041417180464,0.25178107110631337,0.031163501092779888,0.013166480956187434,0.12693049189926864,0.010327280289608548,0.23951403387276085,0.13981518846876287,0.05688153814251364
0.4167687295716462,0.031868255111460846,0.08601791577017064,0.039634669542764754,0.09763795708993515,0.02513931623313885,0.012151953948814359,0.22241827409191625,0.06836292864015302
0.06630936851072224,0.05010925581559037,0.31809315735906957,0.09417251355601985,0.25813554632916674,0.009805657136907578,0.023466587151251602,0.04398085175484177,0.13592706238643024
0.06533991248115352,0.5089774694382179,0.058568307170540256,0.03436066834979624,0.08083364141186554,0.01343081945032581,0.16834639564822648,0.03710357555547301,0.033039210494401214
0.02059708988131555,0.11410278054168436,0.37414124571416135,0.08205111301538692,0.19156512727674482,0.09013346592180715,0.03782925766105268,0.06671628769257033,0.02286363229527692
0.06543018730755427,0.029063478924387237,0.21685065797031364,0.18841366204327284,0.03248228054102865,0.0218192428162768,0.08566262567711595,0.09312713245386796,0.2671507322661826
0.032005789338614275,0.08641845600605884,0.0472629544493971,0.03980680432447397,0.0826991779272586,0.0056696672869894806,0.1718456772566486,0.2955001264124189,0.23879134699814022
0.566057330358945,0.07511797395434926,0.04108103013105533,0.1268921457948756,0.043850555996721434,0.04358964177287413,0.008718635626990812,0.03881552041500819,0.055877165949180206
0.300489600773773,0.1043266120188257,0.07526000886959963,0.057971078303709254,0.030717203984629727,0.06402724074276682,0.008438989182188312,0.3050077770067345,0.053761489117773065
0.023251285770647636,0.034042242852114185,0.10678802564383556,0.288683719916883,0.05383680934313607,0.023032513022933198,0.08525482757250662,0.3016585489632462,0.0834520269146976
0.12840498014345725,0.17399585043371926,0.053240975046040494,0.2282510072469106,0.07449855071042917,0.10330043310294966,0.056464068635023845,0.1153131037394635,0.0665310309420062
0.0956340745819741,0.1493392417800513,0.11129516475922734,0.025616259678484715,0.23678651811692006,0.030147996271836133,0.20763190742833806,0.12117639500236953,0.02237244238079879
0.015994819670786448,0.03699602066619401,0.05814883760291419,0.3636389745923707,0.28928092906230735,0.02139825012676498,0.07297105585342231,0.09280762155227355,0.04876349087296642
0.030561891255093347,0.08218613873791898,0.20980890404091587,0.027620031931619077,0.20704421534069664,0.013665312625308533,0.08199658274606608,0.2649181574821809,0.08219876584020055
0.07685301908080786,0.06532690143628649,0.1483688294586997,0.03935040500380748,0.11513233960908616,0.15088398389564625,0.07824836466989873,0.2316374517727053,0.09419870507306209
0.062318738340885825,0.06828266579040355,0.08805867907286337,0.08487858784819098,0.10037048568603076,0.3475551831146366,0.04876888061707576,0.17435514265302987,0.025411636876883224
0.10644207435478618,0.46185645568344674,0.03539675746631338,0.03171471678788411,0.11206997721453683,0.01977324913422339,0.14810276158298843,0.05869285525957724,0.02595115251624371
0.03041926106264796,0.13822661442119333,0.025376192614500716,0.09702079885390441,0.32513208367477026,0.024775391693563714,0.10868919990706509,0.12248812025205745,0.127872337520297
0.021044647615023653,0.0939024915909329,0.07222548458301965,0.02559005830097752,0.18158950010667183,0.009195073297344787,0.20552662275309855,0.20487567917078234,0.18605044258214876
0.18133136714533668,0.37586316581977325,0.0210197607020717,0.006859057337302334,0.08667503814727938,0.014193004871255249,0.17597294485690418,0.0672748084816467,0.0708108526384305
0.08582172508904477,0.06067652822180868,0.08578083102178809,0.17819636332929237,0.06536668646184551,0.09504344159534726,0.09110252287684646,0.2839723746508969,0.054039526753129875
0.030601510867489645,0.12062563617355497,0.04005787947857009,0.11217834337625854,0.18192009999491587,0.006952793252224595,0.09203975493732003,0.2994237294161912,0.1162002525034751
0.13852097418592643,0.154415140759569,0.03392233335852445,0.027015000658998593,0.17061258791721304,0.026317263105783372,0.1437783331920275,0.29199707083286525,0.01342129598909235
0.06300422721129352,0.05286759829082021,0.09919278316095198,0.04867143293232076,0.03188001653582966,0.01740885302855782,0.11276612558431365,0.5500883127620668,0.024120650493845482
0.08716028075058424,0.052085007492249286,0.2775563246348341,0.04266520659784237,0.16255911091924358,0.06243582781536655,0.028907563090695573,0.2455124380855104,0.04111824061367383
0.1396974377128943,0.28527503963881057,0.017118534703008306,0.038053072016447996,0.035107459545138074,0.04382177579179649,0.15240983140806827,0.23693929353122223,0.0515775556526137
0.06623225169692774,0.22903295934818113,0.0227753219098043,0.14548249457103693,0.06584849885869438,0.06640141017757162,0.11085909980123632,0.27624611614255196,0.017121847493995524
0.03422681484675993,0.045349378621935436,0.09287355167264601,0.04809822157105866,0.5187081070809385,0.08690960718187246,0.0333920243929149,0.04887256633307529,0.09156972829879874
0.5702388753886964,0.10602966341237297,0.03473936013755458,0.03165648154565383,0.01688178187378044,0.1640057089737678,0.03828930626662974,0.030482101267572097,0.007676721133972091
0.564727404403025,0.10269762404155196,0.05871009689943849,0.06339589552530712,0.08779008825628769,0.06074793112705602,0.03654674253531206,0.01416834018299346,0.011215877029028183
0.02632150482509212,0.04811287410574119,0.48639721663477903,0.06396654533605904,0.09376588590362067,0.017444329183969452,0.025299282191784168,0.013781164300932819,0.2249111975180215
0.08997689520773476,0.07367730423268783,0.06010265052677044,0.07024585114913211,0.4728760704880421,0.01824938703233513,0.048104923411311985,0.10105612170479263,0.065710796247193
0.038823682595637204,0.11269797374550343,0.10610191791186883,0.27370489223019656,0.07697274126939802,0.25178745626147275,0.029501380145816495,0.06509184071115744,0.045318115128949406
0.31998230693418955,0.054405014694963845,0.026197619741274308,0.05458762107799376,0.0847096572807431,0.06239850533423296,0.06377001339367526,0.05824330606506067,0.2757059554778665
0.07633456713668801,0.08110698985575378,0.20706385671458916,0.04261303070963258,0.3223925432949721,0.004263271425259795,0.08092293572547102,0.13290207084259664,0.05240073429503689
0.023795755310194358,0.10222281194012263,0.1919436833758534,0.02395194906283324,0.13893263982476253,0.04619329478220898,0.29103393093080654,0.1393650146351212,0.04256092013809718
0.03099424154560411,0.09754424952164081,0.1506096839013568,0.023527595302448606,0.11198305774844138,0.01755236749086776,0.11912014931629744,0.2791771928434082,0.16949146232993487
0.12706003377995764,0.10513128160943525,0.24935468747281897,0.0523555905621653,0.3049908255915485,0.07862081938351541,0.0368689782322648,0.025489081995424157,0.02012870137287
0.023979463311756672,0.10176357164462861,0.009757218371786301,0.05121969376545151,0.16303823106941617,0.023713013626594226,0.43322713299017784,0.1658256065191632,0.027476068701025494
0.03327626452102144,0.06319155763020029,0.2271165104294173,0.10263657390587937,0.40151051956066536,0.014494833038068394,0.030259896814870745,0.04390478234814291,0.08360906175173426
0.0900875780828882,0.14742036069299122,0.31145533330881947,0.018461937527594254,0.16102725668952703,0.018548860985385173,0.18088636867941096,0.05236691879389435,0.019745385239489335
0.062231447789623334,0.23997426336669114,0.008167491141555669,0.005759731205001742,0.06575568592089735,0.028553030656069966,0.3117806434415742,0.2393539643849554,0.038423742093631204
0.012247138788381047,0.06125426690128335,0.07646873334095726,0.0430561023785913,0.023681075020206593,0.010479289369823239,0.2551748795464374,0.2760372599857553,0.24160125466856455
0.0956340745819741,0.1493392417800513,0.11129516475922734,0.025616259678484715,0.23678651811692006,0.030147996271836133,0.20763190742833806,0.12117639500236953,0.02237244238079879
0.02205359154095583,0.18791744127743815,0.09335664817137342,0.01993254379189935,0.4188165783770141,0.005928721978847913,0.11398095510901694,0.051818318457042524,0.08619520129641167
0.06730981871768243,0.0327718858951955,0.24252108373084247,0.08581556619679341,0.41587146594497354,0.018015286020839523,0.021957502553158398,0.033027913947801156,0.08270947699271358
0.06874762141339986,0.0286166210354838,0.06886685415799958,0.5086117160396102,0.08538124847318075,0.06209471322496768,0.026917887703091056,0.06371487069837697,0.08704846725389015
0.010586751036096624,0.026487555740156623,0.05941773695134089,0.35764128122279715,0.1464787229892144,0.03003950167915098,0.031742389458623024,0.14297107172543733,0.19463498919718303
0.04121199694550556,0.08792821556204516,0.02750984086076429,0.06249339959258515,0.10694704717942893,0.038122630575326034,0.3985077997362001,0.20372400429969295,0.033555065248451775
0.01817088115435389,0.027743206570914572,0.39389130543067846,0.07949844795369655,0.06988199617952277,0.009478384062980646,0.02589557361554599,0.2516294680586374,0.12381073697366973
0.07663821892486199,0.08940799502009637,0.04954021849334763,0.04779126274478896,0.0592667100219286,0.042561758422896945,0.035921137913182785,0.49110200982547636,0.10777068863342043
0.08100960177826462,0.11258193479467392,0.06539002021123606,0.0807660274603721,0.1354531103632848,0.07236578364074774,0.11639740927433066,0.2595735692474265,0.07646254322966357
0.017447755960640358,0.04670398199159564,0.1813879716557675,0.15607228535164774,0.34068238141258506,0.01771014691739792,0.059082226991743536,0.14165796503388994,0.039255284684732245
0.02711154229653642,0.12117832863510018,0.35548116667728485,0.016429252032460942,0.32251178563382127,0.005844034305789753,0.05356746589145156,0.06882211306770981,0.029054311459845227
0.07148431726526912,0.05784118959025115,0.09155184630025122,0.36870410804531417,0.09966102086256935,0.07161431398689276,0.10416510042515115,0.11958621579449413,0.015391887729806942
0.019455318261400834,0.1651949716066468,0.14669649705124635,0.09853202148732948,0.038190108254961365,0.019347260952612175,0.38756112836054074,0.09636447190731229,0.028658222117949984
0.062475376300675074,0.024545244639920877,0.08231939455854347,0.07827726859640603,0.2084259698716063,0.4140193284259748,0.03968271317959678,0.05395043062254704,0.03630427380472961
0.1552269730868053,0.4819769395763689,0.07815666999076365,0.04950036543740815,0.05314867433381776,0.027707873164137396,0.07795953282133435,0.0523501498099293,0.023972821779435344
0.04419559359966302,0.0170200251249524,0.24576861418205342,0.0870445839976383,0.28989464236593115,0.018114888759965385,0.01995168797964238,0.25938885314293153,0.018621110847222355
0.06499417706257038,0.1057750178093574,0.2496084637992845,0.04678655817124966,0.23212240678490903,0.03251473979101382,0.03324484852695212,0.11045521004827369,0.12449857800638929
0.364894119328888,0.06602511509853373,0.05792494313601449,0.10856914410891268,0.12549116380777034,0.1474725166464089,0.07245024084607504,0.039598353772204574,0.017574403255192276
0.5021940206371135,0.1540687572138519,0.03600297755274547,0.0861826898469072,0.03474942123225511,0.07572594119666441,0.047297138187290345,0.028996524180024765,0.034782529953147324
0.09196986606084732,0.1742609814602185,0.045767237938194726,0.04907702890159688,0.292900876261917,0.08127351914436486,0.10110090514349496,0.1352843945814818,0.028365190507883758
0.2012383152695877,0.11879093756337028,0.1262539120674564,0.04978619311418808,0.11857923822111831,0.03230852492809858,0.11915346375804382,0.18946639016305677,0.04442302491508007
0.044461706210853234,0.03826858954253152,0.08503802457291114,0.025162959387926977,0.07658834749198905,0.5378649889555108,0.1287222271206665,0.05124317093695885,0.0126499857806519
0.03950604053827364,0.06617830580175976,0.030902931432847506,0.07459000979143493,0.13136078165432274,0.4543978159714103,0.052434094762130144,0.12899662211577595,0.02163339793204506
0.047806115518455185,0.1579165129722654,0.04514368008173816,0.030529678553946726,0.11317500689631077,0.00758329461129567,0.23458878402446828,0.2731432923388148,0.09011363500270504
0.035327595231740325,0.035627900462422056,0.1453629969185549,0.14775791881330716,0.10163351041406243,0.22538624873078109,0.14224112815647308,0.09166144859675561,0.0750012526759034
0.028355862618722288,0.0721141866963737,0.17439071488648375,0.058631015514171325,0.5575470878039712,0.021942698562046656,0.013331800536069869,0.03597188672648633,0.03771474665567471
0.06821304329219206,0.0929014726364894,0.07809538831539882,0.3729343636172479,0.10593727431054728,0.04456998196566923,0.016902881409860886,0.12335712198564658,0.09708847246694786
0.6036700762005429,0.1559953169464152,0.042681218668954524,0.036148707874826554,0.041538448630701934,0.03300134307445153,0.03495065841092115,0.023209792166587837,0.028804438026598534
0.06557332427550637,0.23465168112554305,0.03927997229870563,0.08697524711523329,0.024904156799262358,0.18117114909284582,0.13199958011281443,0.10246128636589831,0.1329836028141907
0.5692978435307166,0.08243119341890659,0.07129185433148229,0.037082058243302,0.03416614388383344,0.11032569240930257,0.03144704193165327,0.02622598119958429,0.037732191051218944
0.11042070844989438,0.2188385734137072,0.16130039289759737,0.02848569404423897,0.1505273523682167,0.05110637309219984,0.19619079229021388,0.06870589301812711,0.014424220425804454
0.09017397798470185,0.15388544454614791,0.2604006174002787,0.03721659989358665,0.09826472909908925,0.014192501594532378,0.1413482132056092,0.17354156818578878,0.030976348090265282
0.021714258735437975,0.06940870798585674,0.1261015378846461,0.11708267270586953,0.4906912173404911,0.04321826518968382,0.019302211696237016,0.04935601473022483,0.0631251137315529
0.038102829291758324,0.05800902028115368,0.05683481082831116,0.12922010339017506,0.39330503535560113,0.046872505891022855,0.07809489003354746,0.12895608640076753,0.07060471852766269
0.05029935391864734,0.05750440047883162,0.08175915720304706,0.041823879139344315,0.14825797488612624,0.023401641369220304,0.2517574460361969,0.28882467637907544,0.05637147058951083
0.008304075532159136,0.03600027469241069,0.08054956643504024,0.5100011206397963,0.06274145552565336,0.0488173680384667,0.061044486310169455,0.13909252423952906,0.05344912858677502
0.1928335092451908,0.09810874348683511,0.07889995813219586,0.04720635090957114,0.15474174096076357,0.040136100753454466,0.04226135353655791,0.24250647234230194,0.10330577063312925
0.0852949909708539,0.15177993275037752,0.10282293984965707,0.073614290512033,0.12154545091980463,0.26341381643256706,0.1251667631939454,0.0669503069273837,0.009411508443377762
0.1003049750596078,0.06637234650942907,0.12253012840513917,0.0560811816113821,0.079791641931906,0.016013001820522163,0.13976445410292368,0.31282492704093456,0.10631734351815551
0.04063471915232479,0.23348725644545756,0.03524978910896772,0.019257510730258703,0.15661583816587976,0.031765410893403484,0.3119986846816245,0.14580396464160258,0.025186826180480782
0.028305895318234506,0.02401063662561972,0.15021914346731735,0.24248252777514345,0.18801396070955612,0.030231469827564725,0.05676249797680483,0.16212050910548934,0.1178533591942701
0.08961380332846929,0.06878249193081054,0.10075879373031482,0.05800414200499049,0.20683119298953465,0.033352234520381524,0.14503079314288825,0.26167171550686086,0.03595483284574957
0.46770702626657146,0.15671422473743638,0.039298700230161285,0.09397478929006775,0.061703163926109084,0.023604661422764555,0.09064315968071218,0.04991033934130667,0.016443935104870577
0.12113360314451908,0.19887524736141685,0.015383009660315911,0.047880475172708846,0.08658309609640165,0.018471278664081558,0.11644149309894387,0.37207633551933667,0.02315546128227551
0.4893916421636562,0.11867280855607225,0.03612385064232621,0.07515430735057503,0.08240422523938369,0.07278962742965513,0.08406969826380621,0.0218615813719238,0.019532258982601462
0.057991251914153545,0.3738537116633678,0.10461686759592058,0.09621292140740927,0.15077045870885755,0.04606972960010928,0.1152293894380737,0.04090094931145826,0.014354720360650058
0.04374526981057869,0.06609289438279657,0.047019841716514486,0.07755224541626747,0.4669690285714534,0.040807637398375333,0.027909451154352376,0.1594021077096532,0.0705015238400085
0.022280402432249102,0.3504060710593362,0.04782138597879193,0.19794875656866906,0.09622439782132082,0.033111565410661195,0.06959252703713024,0.15139146604489803,0.031223427646943414
0.015832990854286057,0.3931770382992899,0.05928795916982518,0.07244077097230511,0.26506763459391375,0.014562018553654821,0.13987610280016105,0.025922323350507037,0.013833161406056933
0.09233416933420947,0.04426044619098435,0.04734482681646809,0.1451812596004959,0.08733387886798825,0.05755490670913934,0.0489726224410097,0.21934629930159777,0.2576715907381071
0.09707865123865488,0.03324496193308766,0.19107805844624462,0.14792330877812587,0.20106674813381642,0.10515113318282128,0.023387132303023656,0.139223640317481,0.061846365666744584
0.12418271645977662,0.27592223688564294,0.009247939002567008,0.02758261263727953,0.1496492830584936,0.05371260358810265,0.09166299801836077,0.2576586591519359,0.010380951197840873
0.6613373484794934,0.05483812219322109,0.04603670852077698,0.02707327328524035,0.03153593246835416,0.037824104338830176,0.0892240692140129,0.029379896366839648,0.02275054513323135
0.018813244834983492,0.10583056570517697,0.2249420475514958,0.08583539403201773,0.23529176266596877,0.09062300031266744,0.10205057521802079,0.060358018316570984,0.07625539136309804
0.03942614878524781,0.019818853595850408,0.49919143236975727,0.09894314987896147,0.08394405509419743,0.07336815534385616,0.01425886977324513,0.10824246853997684,0.06280686661890757
0.057991251914153545,0.3738537116633678,0.10461686759592058,0.09621292140740927,0.15077045870885755,0.04606972960010928,0.1152293894380737,0.04090094931145826,0.014354720360650058
0.015759860823795543,0.08769619978000759,0.15094607796298867,0.023601362311739194,0.10188523970130463,0.035286436911825154,0.2428358193745358,0.2988472158768388,0.04314178725696449
0.032906187965578086,0.03995226332523193,0.08275883288944437,0.21257387442520015,0.11703838399770577,0.049594064538162265,0.09195762081671788,0.3071300484099983,0.06608872363196129
0.11335758199413509,0.09051613296383043,0.045446609200983895,0.0733373227310744,0.0579683420539617,0.06810925808676994,0.14669263768271815,0.2984319377237014,0.10614017756282486
0.032114031344337886,0.07826351356451139,0.4083984726600894,0.03272076734448198,0.3119628316277607,0.01936150916986056,0.010856281372663396,0.05437464711066053,0.05194794580563422
0.08942687809761873,0.0659282730261749,0.06421490564846442,0.05129469404002266,0.5880078566107257,0.020324863437509683,0.04454220362278921,0.04582849346705666,0.030431832049637886
0.03586618937849829,0.2898867737047161,0.09320870809232566,0.014070791595241649,0.2461346098960587,0.023570417865651793,0.08230967337963496,0.11402945640414026,0.10092337968373266
0.15625097664452856,0.25721098763318834,0.1240364099873193,0.020399118555064717,0.1721675984527091,0.001768329287474235,0.1411244467615348,0.10802804255825194,0.019014090119929078
0.02745494451898181,0.03702063569384182,0.16079097795767883,0.1875175373637635,0.08275098937380661,0.06261965154842457,0.03946422002329242,0.2633182611943378,0.13906278232587269
0.5063810612675702,0.16519585770941192,0.053509607503635113,0.07284394330561425,0.023917700035315015,0.0429932183479635,0.02271367785528212,0.06658178923198095,0.04586314474322702
0.10309943436537328,0.041823184641983695,0.18583041090957508,0.08511362581594094,0.08203336926649239,0.012475373455175518,0.061384429084411184,0.2389451793696776,0.18929499309137032
0.020240965998616977,0.2538796054927705,0.12896675016269574,0.08622050958665033,0.04235551021537883,0.03822350985547798,0.054452808843646346,0.11656110969809626,0.259099230146667
0.0803088168455398,0.06680753500891774,0.060038753604778096,0.08139284901565465,0.10903516982695814,0.00979313045424182,0.37311199528518757,0.1596551927585713,0.05985655720015101
0.07288733589447842,0.18193786727331798,0.13891903223210975,0.012441116817818981,0.22139705027751955,0.27029535950414896,0.05683734240735385,0.030735662090110454,0.014549233503142045
0.01939615479232746,0.10758049424417125,0.1537644795820086,0.029877403094608655,0.3087010030075262,0.010592972316206357,0.16290909246460458,0.18827197282158714,0.018906427676959842
0.022805755680807584,0.07955454901182633,0.37443589284802464,0.03036633382320904,0.32524034679819885,0.007087216227055749,0.07091780399229186,0.07219715921650922,0.017394942402076743
0.09684096629099899,0.10667828758263598,0.025337000832559964,0.037214068228386625,0.12979612153334846,0.025255853146542273,0.046726473096887024,0.5009879450770093,0.03116328421163132
0.09994216053884318,0.148219864088813,0.058556029888092755,0.18139662654320224,0.037954256919263206,0.3008749937283157,0.08019349738583618,0.07446359354245748,0.01839897736517622
0.5368843746377281,0.04430801653778804,0.10575979802078461,0.03166367135067561,0.03279388753552453,0.11980533161781116,0.026780195606052534,0.08166785763911383,0.020336867054521625
0.0467538773510775,0.04462038851910664,0.07734192605697983,0.3206040433002752,0.2748378742650485,0.09639030633469044,0.05830251421578114,0.027908148835178625,0.05324092112186202
0.04319993850988411,0.03546167258251876,0.0573472671234323,0.14706954085996085,0.09229940503996338,0.32827271275968584,0.10118947147894768,0.15290672975281064,0.04225326189279644
