0.0548752138926125,0.016280131909308184,0.10038611847166079,0.018959259620529162,0.030399609097759434,0.6703248894008672,0.05070377003295327,0.02690052427659857,0.03117048329771091
0.20621805698260323,0.016648009010715937,0.05067403460219624,0.033677656687004655,0.3141918671506738,0.16401613532303363,0.01511020306012679,0.18088652109022005,0.018577516093425592
0.394699281310322,0.03786938602010548,0.0851896634026534,0.09047708829057598,0.16615237248695852,0.08872875960021809,0.020237424920489605,0.04768765687188919,0.06895836709678778
0.16397684536717844,0.06967722265858677,0.03722889296079231,0.2555266101200683,0.11487744874342128,0.03128415318434909,0.23205846998449223,0.051459881571928746,0.04391047540918285
0.2153785160598535,0.024797428827786922,0.22656167338875774,0.03574416861129845,0.16872124977475156,0.10445022051573495,0.1145141671864839,0.0929224010899563,0.01691017454537654
0.1471016685826575,0.08358341481781989,0.016770930438749432,0.07028898954947559,0.044387416598379116,0.4210660823260077,0.03479060626024413,0.07175057071818658,0.11026032070848013
0.1829421208999853,0.018071166988476866,0.4405251813343214,0.0268121283435839,0.02098149108114959,0.13432322691956505,0.04964289294483861,0.05955516780259942,0.06714662368547993
0.5191769964264509,0.07731221544264581,0.04974390634159773,0.05749678769978992,0.12748702144976265,0.040564465038035374,0.022796845070727694,0.054845885024096964,0.050575877506893074
0.0780462590941202,0.023957104985057476,0.08070969272271249,0.07471139724899555,0.05909415351026396,0.1142969523938809,0.05038121196714876,0.07846663670145991,0.4403365913763608
0.08382669800070038,0.03157494569492212,0.027093809783666073,0.6588541972397194,0.041876354653102486,0.04788645383817958,0.014168856709735339,0.08716245277266506,0.007556231307309588
0.10169167374033415,0.03873970273532733,0.05591683711574074,0.286126817766668,0.253338029906302,0.07116555340232113,0.06686149429795746,0.06684539190680903,0.0593144991285402
0.04642960738924496,0.20003504958655838,0.07535114289136584,0.35204367188343677,0.06728108283332791,0.048951479293048765,0.045141239380223276,0.08179345684227378,0.0829732699005204
0.0958702895468657,0.4241134036117187,0.022992700625239518,0.24595015774813642,0.037832250002874955,0.0286126993561083,0.040608163282716596,0.07872561869294514,0.02529471713339469
0.5210409008220219,0.015549027383316262,0.0394523619766956,0.035372845557329516,0.1341813390536413,0.07312638374314676,0.05249257094959949,0.10803498612649313,0.020749584387756034
0.09683722948371691,0.026630358387534192,0.023011959159879188,0.2095699928425269,0.04321496846506335,0.012083442624172472,0.014665196137430598,0.5656960952705492,0.00829075762912715
0.39240111349229173,0.022521568649699397,0.04566233270363645,0.06519694880028497,0.13979435183930325,0.06445489040364229,0.039673333238227255,0.1802526020798764,0.05004285879303832
0.2521454837489608,0.12722282810894667,0.08461094160458767,0.03861784871585335,0.0880260337699799,0.32494296377056725,0.03169996465691577,0.024785305071232416,0.027948630552956166
0.09527499083581918,0.03215251601541962,0.05490257933836787,0.5946365142377668,0.07115143758393476,0.05141027710929963,0.029726064315035928,0.04069761975060176,0.03004800081375447
0.19247791753539656,0.08106088503330215,0.2249775413999723,0.06535544994589061,0.039989026144499284,0.20056730075069293,0.028896863254051847,0.07092779061249178,0.09574722532370251
0.08484491015506383,0.056922009033292385,0.4256921781032435,0.12251078646359666,0.024227015078755704,0.07140026525765271,0.046691493196666316,0.053826959204307474,0.11388438350742143
0.041652102641587675,0.06378243258725529,0.30370062062609526,0.09839813692472917,0.19298194698328983,0.12927898522967005,0.029613070754559375,0.12452670619272278,0.01606599806009061
0.25454386366937726,0.024866092534066544,0.2052254954606363,0.06430955168002767,0.1403623686377725,0.14147941097452085,0.047171913379528245,0.07231505817957334,0.0497262454844973
0.06450105648355246,0.28313082827598934,0.12487084751699536,0.06318567548637137,0.07382519708414202,0.06460053243591146,0.05373315383263073,0.07434381031308031,0.19780889857132686
0.08309371946324462,0.04448973409208989,0.057232949411794576,0.06824738930066702,0.13993932456512057,0.047356584918751166,0.07676310598157698,0.03723940724784439,0.4456377850189108
0.15891508011000474,0.0652891298099237,0.04112972929441452,0.12207513805895709,0.21519126614457143,0.15803408344090594,0.12058407937707855,0.06407505330197143,0.05470644046217254
0.12751529726049313,0.07161810649721269,0.08900073250922023,0.4390699544892705,0.03884613546146621,0.12940611063828686,0.03237467496832461,0.04155429415508768,0.030614694020638142
0.045352820273298844,0.32620707950408634,0.08733681341877471,0.21419089923714482,0.09771304033311741,0.02677087419577299,0.033180168386600144,0.05433441635605646,0.11491388829514827
0.0791703249674453,0.03981841558285842,0.289512421963458,0.15133603486423952,0.17185044235236877,0.018731091277314146,0.06335250611193058,0.0414193914162356,0.14480937146414966
0.07674006311980285,0.025131144386684984,0.01314243345619468,0.5391263993421779,0.19483644401662326,0.015288140812106879,0.01269294303303172,0.11731584583529846,0.0057265859980793745
0.12879257200178698,0.02886769815542232,0.1261358511816089,0.048166920635296574,0.07510751658037411,0.06663080371449104,0.049935252931982345,0.03972770941224075,0.43663567538679704
0.09242594303610145,0.026299535766797843,0.053646558451782476,0.11788310182318218,0.10301752584181982,0.018998090003350024,0.012747024095523635,0.5551388812787897,0.01984333970265281
0.08418102180331576,0.040774653187364424,0.06070715004497354,0.06443238893050643,0.5293842998660386,0.021001442989475705,0.0866605196362683,0.06417040353524457,0.04868812000681257
0.13143847191735145,0.10031122169883427,0.09128238109826348,0.10815382146838771,0.0806619014161564,0.17255758640151597,0.1320432805936699,0.14198440260154618,0.0415669328042746
0.07878787928421507,0.1277298414184923,0.07449050553689146,0.3893691733064221,0.14580945281802718,0.017050968779955607,0.03563405228818997,0.08939052036381422,0.04173760620399213
0.05072859391163457,0.03407806460151252,0.012495550824873808,0.4241686174357855,0.04045929428022343,0.03727257951381288,0.19080334050722592,0.15467023048678197,0.05532372843814945
0.25619306114613727,0.012232360441182519,0.18703286735780913,0.021369121237439993,0.1881292069672074,0.06299555520213976,0.016193775175002787,0.2410251889094394,0.014828863563641768
0.051274640235572135,0.17969128842734142,0.0393069869964123,0.2731947959680716,0.13607498520352238,0.053383004373285914,0.09408418759026814,0.11551838159636174,0.05747172960916432
0.17846613791593316,0.2452801667309857,0.032118010726444844,0.1217188084666762,0.07521666813683171,0.04803968812362198,0.08240754640150355,0.16797015235092064,0.04878282114708223
0.09117144494831093,0.09270254393182263,0.04171086963854096,0.22342267365841686,0.09749973996351359,0.0961908401370723,0.15343955424729747,0.09724288139901342,0.10661945207601191
0.08717810490064921,0.14596003662562607,0.08892541590022467,0.5050104496991294,0.06496058871455586,0.026430926427235782,0.017157720315189424,0.037063562342595474,0.027313195074793944
0.10534425367196991,0.05307222539857298,0.2563062914955726,0.062057744497136684,0.06270638485331902,0.12533631876826193,0.12990339797369474,0.11911561814825983,0.08615776519321239
0.05743973915922368,0.03673950676172579,0.04534279985155784,0.03195579839374295,0.5639165535600402,0.028666134070757004,0.10951039920040999,0.060877462581927444,0.0655516064206151
0.019154957192658674,0.049688026784274565,0.2092194041816503,0.1042982857342657,0.06551038923532898,0.16843646235550916,0.15881401697401856,0.07945179294098016,0.14542666460131382
0.15200472392454648,0.36387728340095826,0.041579512640513176,0.12817043818702287,0.12243398238106151,0.09115468989408948,0.01740794091746864,0.06385839961257492,0.01951302904176463
0.09104191127056795,0.16275124406111538,0.10071700672457974,0.24696415127149043,0.05613884989862875,0.1034480862876701,0.08695791346702197,0.06445371918178532,0.0875271178371403
0.22197964316743932,0.030191264415532493,0.09654182903596775,0.14719143484870292,0.12667851969607227,0.12096542692735379,0.042380179652410664,0.15055188008921505,0.06351982216730574
0.09851942091747427,0.17591370762194777,0.06197576352943418,0.039158401300611774,0.26723993140685304,0.0520401845956174,0.14264718722800598,0.05026948247317481,0.11223592092688077
0.41425216365507017,0.08927810737062196,0.057880254963410725,0.042367669308704815,0.1401042351364702,0.03818479531286928,0.09947770986051585,0.02823110895132878,0.09022395544100825
0.04238458626619452,0.09847584417309468,0.020635043333877046,0.5930516022612115,0.06065880245574995,0.03570852091125549,0.039051982241253565,0.07423257306356414,0.03580104529379919
0.04762538479070941,0.03702164035915766,0.03229603507572464,0.5169816856402072,0.18776113479571532,0.026117996254250358,0.03685400071616385,0.09127303802612526,0.024069084341946306
0.03412096396307663,0.12222736548767728,0.02747069821679504,0.36574706164720255,0.09265422555275006,0.08868653958284715,0.0761166398933684,0.11978819781168898,0.07318830784459378
0.5291910486157022,0.015541060298297596,0.02195175051036254,0.10825340951548869,0.11295218444855391,0.04666510550197761,0.043758374638586284,0.08675916463073445,0.0349279018402966
0.18655244473895782,0.019720715861723238,0.12111994965072774,0.0809421154359883,0.07287002937840234,0.17480664632649476,0.11802750961613695,0.06881112195348871,0.15714946703808017
0.3984761816071951,0.018866814854340927,0.03395582579383261,0.0660741101763701,0.20411306266867316,0.07843709270204924,0.019626594913367008,0.16959485212831638,0.01085546515585546
0.5376749662135251,0.05107760051822255,0.05595575501373635,0.09732170782726858,0.03486784786397507,0.08602313811775257,0.02254512400620365,0.08087055673499619,0.033663303704320115
0.019431422120024123,0.255388781746358,0.08188664472921581,0.13150741495246807,0.27467408217730344,0.01906918946818047,0.030059598031525758,0.07626303941839185,0.11171982735653252
0.19336208075375413,0.120406954521407,0.04176259406761349,0.1352642268715353,0.040863450528632696,0.06152026416903966,0.03346444057469188,0.35289072585120485,0.020465262662121012
0.07282281342966097,0.03226867246928021,0.17378714087784233,0.03342605757759282,0.1786277754968705,0.045132506290383824,0.025833781224427615,0.06558116800351906,0.3725200846304227
0.20032576637510155,0.050211232488000135,0.04993905649327179,0.06907268121581243,0.07283632607657775,0.05595719250983682,0.05463741661011943,0.06490882129809007,0.3821115069331901
0.01671247857289573,0.17026722506393532,0.10323131617115909,0.1542335079241325,0.11801402802092716,0.03460641612174064,0.018695721213100647,0.06865016782247631,0.3155891390896326
0.3493901508136512,0.03950984459649352,0.0612020385849703,0.06113144307918308,0.17129603188350975,0.1276567040107794,0.03727742917112047,0.14166774857327583,0.0108686092870165
0.18500065640970656,0.029184756550103663,0.14073680079325163,0.08227922984895754,0.1350358639957356,0.046712680344898026,0.12271725807825594,0.048130521139670514,0.21020223283942052
0.08674085450779752,0.054599122848192405,0.327460516036411,0.08733332883396727,0.05393247746980583,0.1364749640900814,0.07727898227479929,0.10704059750094756,0.06913915643799767
0.19528482913785727,0.061064986650364035,0.33939484269393705,0.027396946135553813,0.05247927215610677,0.08562727275952753,0.06709543475062589,0.05051859180865368,0.12113782390737403
0.2147955032710228,0.09606110366581692,0.04082902924631091,0.2265518229368413,0.13337970017677273,0.09982794388955585,0.03535721598082404,0.05852119244682236,0.09467648838603306
0.08231095044867805,0.04366703795320672,0.10207719376342693,0.04704021433670966,0.08423014521059206,0.18053457636925582,0.06972173871697503,0.036832117082842265,0.3535860261183135
0.17001852107850976,0.04650258936796217,0.04053073362052999,0.08070475078808438,0.06892686002149018,0.06411864040833277,0.44503794620472376,0.04406908461811898,0.040090873892247934
0.13596651398106388,0.01780210044348726,0.36224451082269304,0.1222133534787534,0.07245992357079407,0.01918303542097606,0.04293333086818311,0.0686915402382678,0.1585056911757813
0.04418426871881014,0.040970314381625586,0.3351168269710773,0.07857837633633145,0.06456640020880135,0.1883363112981439,0.04548151988691709,0.07226536164864311,0.13050062054965006
0.023076431598654152,0.03272465145840608,0.12402253092972361,0.25418980721682977,0.39785075456205793,0.05977348521392024,0.04849338044611105,0.0433432101368957,0.016525748437401507
0.008402905008027555,0.09669204993133008,0.06951418007026598,0.14953494519050467,0.014564941698539566,0.5301963254178061,0.04013268552239761,0.01713613138428235,0.07382583577684587
0.12715051975131167,0.07708848301744325,0.26115778026032793,0.04142981649971916,0.046770472073241566,0.31044985744470477,0.019621941152818727,0.027663316243863978,0.08866781355656896
0.12473277349396521,0.0676277068125557,0.05733698577988174,0.07200639700818255,0.015480025112810533,0.3360788449191387,0.07978321742179455,0.10257929088178314,0.14437475856988793
0.11774657188478095,0.05492248866280922,0.10783365003719614,0.12449731052205225,0.12730669307355355,0.1524734811522855,0.10165838992498134,0.09088427019192623,0.12267714455041479
0.17577678654018106,0.10180092949783016,0.06584649431474321,0.11169381089855912,0.1390822794642005,0.1863891195249178,0.053279070874106084,0.08183972874169991,0.08429178014376215
0.09875026628653023,0.04258669768291152,0.3062243340117216,0.058936629521117535,0.137450597543725,0.11204380292127113,0.037893001192996247,0.16725697278292326,0.038857698056803495
0.08561184147788829,0.05994861792557101,0.049651285817548914,0.3190423524547326,0.19101680149191916,0.04081606908888644,0.20522602795225153,0.03148721669501814,0.01719978709618397
0.07374868424976845,0.027440269578493475,0.27141836759977817,0.11922393494557389,0.05787583080231779,0.04613425242879443,0.026762029122257214,0.11622731384366802,0.26116931742934857
0.07994299520326235,0.03754891963204148,0.027051653800772277,0.6541756873193495,0.032370637780542035,0.03401283094898122,0.024417037009759095,0.06923502106258785,0.04124521724270414
0.04155480090764625,0.05549544830778754,0.06832475354544298,0.6197541346016574,0.02064105253710299,0.06090976536964482,0.02205977022565174,0.06950226326758292,0.04175801123748336
0.08355400631088356,0.024036331891837886,0.1023072806071517,0.07517766747292272,0.3969491406515773,0.02729454328540393,0.08721125156185629,0.1611933800087556,0.04227639820961097
0.13580257738412746,0.11285965056562963,0.10548021129845576,0.04178353801158971,0.1452402102978607,0.0799441049253493,0.11158603488366207,0.10074821893128293,0.16655545370204253
0.1188618359070116,0.043962535026331545,0.06325329800193659,0.07456332262868967,0.07258181797693258,0.03474350705856744,0.07217390369536344,0.3911161438976866,0.1287436358074805
0.5391241364055773,0.022941098975015412,0.027323158124417882,0.043200697640991347,0.12101526218156079,0.06331832676794165,0.03689400254588516,0.13173195218965195,0.014451365168958424
0.043979642073305326,0.05155786505549933,0.4872162501092859,0.03256212330417321,0.10465057513010075,0.08529561974515698,0.02193459037515864,0.055396440143853094,0.11740689406346681
0.31091071669232995,0.1275516825670803,0.047670059146581435,0.17020496861298828,0.030993540753502993,0.1930144026827727,0.06254932515602177,0.029640889323780173,0.02746441506494247
0.07978539690268412,0.023285216375877448,0.5132641678713754,0.0849403967349925,0.026234068680056094,0.08340653668001274,0.034884897959367785,0.07045205409236088,0.08374726470327298
0.5780298326919266,0.03978598164566924,0.03255751407261736,0.062060909983190575,0.022027963059845005,0.02743565333980207,0.025308874422921363,0.19271462804301434,0.02007864274101342
0.0733650104672204,0.05362981220633913,0.2681214560734047,0.15281938069064363,0.07477961581512559,0.13305239985754194,0.04400280829000031,0.11024110398097421,0.08998841261874997
0.07900891907466968,0.011311500891211601,0.5330975258035838,0.017989581054107386,0.041805287076455235,0.03602790940241687,0.01480711841412291,0.10672337150952016,0.1592287867739124
0.1025154982688304,0.07549953410027334,0.05877253433095355,0.08859461735928426,0.04536418111846574,0.04949803379549794,0.11042845020139697,0.057127665274783745,0.41219948555051394
0.47746681109476735,0.031837177859947705,0.1094553932947681,0.08594192574547306,0.04176770554444082,0.08578808645649126,0.025735874547739818,0.0605407208416863,0.08146630461468556
0.047736994696349865,0.06985624477659381,0.2966347356222732,0.13839398610381917,0.32817495304894406,0.022252615519636903,0.023325951659519225,0.05221758839934517,0.02140693017351866
0.21328681024037885,0.03118423185113039,0.0900886448124963,0.08596715747620755,0.23843879946172788,0.06109615420674325,0.07418241680148159,0.13337904593742186,0.07237673921241235
0.05513242112609393,0.051077661378469974,0.20709193733005415,0.04733325841195104,0.14741171022384741,0.055935962114100436,0.055902339908732425,0.23701852880317034,0.14309618070358024
0.5394235927578336,0.026039271106762362,0.04693922798227767,0.08366452400182489,0.08862785091736548,0.06197785240601006,0.03957337146170064,0.08943486623670871,0.024319443129516713
0.038358869445934585,0.12044372191998191,0.040454300800918296,0.5988962370100127,0.06388024927340316,0.030621249038193982,0.018484463593067615,0.0434555326549153,0.045405376263572494
0.555999784465243,0.03330322703763769,0.04979475747039514,0.05669230249890822,0.0713164554465501,0.05434613184711684,0.014300558238411315,0.14206490257853455,0.02218188041720319
0.04648257386725504,0.10313104734066446,0.2668417943398098,0.1006218762159752,0.09673658224229524,0.10071326166228477,0.022636600466383994,0.054573611531777644,0.2082626523335538
0.08337446812681075,0.07522159474975637,0.03816325950613826,0.3295317226671955,0.1027066378507171,0.06037827227778323,0.20184299806300943,0.06530430387615106,0.04347674288243832
0.11025554571312468,0.10607993793202956,0.11662909670907944,0.09476084953207135,0.09019487191324894,0.18178368753645424,0.12010986834930704,0.08283505162967637,0.09735109068500832
0.1589624574404123,0.027850485458781177,0.08751523157420919,0.11608555225816967,0.2668507738923551,0.12885697135826688,0.0708404656312096,0.07913101973264375,0.06390704265395226
0.13694599528210236,0.06907413399769075,0.050067555076743646,0.12055305590294389,0.10488869728829882,0.11105605091096327,0.05635392468891196,0.16461028955589754,0.18645029729644777
0.02324637387782726,0.02041615777822277,0.10561995590147644,0.06878739829241957,0.05604491198327549,0.50109716023719,0.03955127123504392,0.04184966715852867,0.1433871035360158
0.13118484950368905,0.05538984487361317,0.07478791991499605,0.27936468228407824,0.09271565103300271,0.11921644606031863,0.13272849765991634,0.07984476750908256,0.034767341161303346
0.12400536654552008,0.040324101612336016,0.32286969381015845,0.10085075183358079,0.07436914624313902,0.10775637088376654,0.058630246240629215,0.06138056585741556,0.10981375697345426
0.1206987358013281,0.04881661586183749,0.30286801376943767,0.1379837601068679,0.11391817025332222,0.03643207140191654,0.041931892170850034,0.1314963893215803,0.06585435131285976
0.4000046003095421,0.07497989284983006,0.09609347443533521,0.04028217050403624,0.1804109660984251,0.060948642901611054,0.03195980219232739,0.09944892883818508,0.01587152187070769
0.08789438693316447,0.027691621419147026,0.12560301774266874,0.0407915871132385,0.05449221074410848,0.24053218958868172,0.05411855083004539,0.055222861754431106,0.3136535738745146
0.09468411836743333,0.11262274444813525,0.14952892162040016,0.1566719956927808,0.26783466650188176,0.05916610181689811,0.03350300605665429,0.09170349645076174,0.034284949045054545
0.1282207496872372,0.06043127151358765,0.1678969561394721,0.04060279989515853,0.21516390697699328,0.06630759699672537,0.04613056151289507,0.05963352731824506,0.21561262995968575
0.059788793825638675,0.045144947104242154,0.017019278926351623,0.6325618206554459,0.06835534431650021,0.045476506409514304,0.012975316608652384,0.1065172397179161,0.0121607524357387
