0.042488769098033896,0.11049895906858997,0.2189360679516172,0.1698869767478158,0.1139892790786906,0.074872450900748,0.053417611301477604,0.08935461743895613,0.12655526841407086
0.427314588647399,0.03329402495521661,0.041518157967700024,0.051364638044633516,0.008518817313549004,0.14264438139256133,0.021057216370316465,0.10190332703142484,0.17238484827719916
0.0619270833092549,0.04966095776922319,0.0570670585642546,0.024054796252469812,0.0200053046470816,0.5314195137152417,0.01318160841206801,0.09003608910327138,0.15264758822713487
0.0797222643086472,0.20434083354594423,0.13421465786962006,0.2993288575499553,0.022308622395107548,0.03800463857596345,0.036626815809821744,0.1703262256299232,0.01512708431501718
0.1388456412158292,0.2571387678947878,0.14917567646221722,0.0504152202706117,0.03624607567958884,0.03443256463067607,0.07224746807835643,0.25147244869342955,0.010026137074503243
0.04803530887869235,0.08876520085047973,0.08487279958528943,0.08997536636063781,0.43364132574182507,0.1074851655266535,0.07808661775979873,0.04340281884777595,0.025735396448847384
0.029971085304347108,0.08970872458242503,0.22980833996147823,0.15885484164299957,0.10680639379904493,0.10746890777352075,0.07231973062902804,0.11741368694930669,0.08764828935784964
0.05410015774139348,0.36461718291531026,0.1222458208839038,0.27173328183604734,0.033570009402145974,0.0646833903986538,0.05141049449586793,0.018410376697191092,0.019229285629486347
0.04320831602180597,0.07525924225495394,0.26504534406347474,0.019822481949614088,0.13348347741713476,0.19725187400951494,0.19595576002019144,0.018074942464875905,0.05189856179843424
0.0612437153963084,0.26587466311938207,0.04149173496632043,0.13133224954559938,0.2200721317762593,0.0709696417403739,0.03040054902047037,0.15530292120445208,0.02331239323083406
0.1574269673290032,0.09175389282212536,0.09160219995602371,0.11207483589069618,0.033158829488588566,0.1200030762753394,0.14114713908111823,0.12807243830551487,0.12476062085159047
0.10384805767523342,0.10397228850202316,0.25295424073776146,0.1545016027124301,0.08123194423719354,0.06635399553437075,0.06739302965332457,0.10691594523224517,0.06282889571541776
0.04150546904550782,0.05735946754205514,0.15238472188834265,0.1877041195253273,0.1361944385707171,0.08200367132260968,0.17157277839171123,0.029256999886036444,0.14201833382769266
0.07209478144824462,0.14475564993283585,0.1735673251766521,0.0534877817246695,0.042569944918205066,0.13228274089033212,0.04803991256433119,0.039783749490681995,0.29341811385404765
0.27489868406227247,0.05547664792553839,0.07715270236994318,0.09082751359213216,0.011537599747896502,0.2788338617340243,0.03820959013282044,0.09254446932833038,0.08051893110704222
0.0333411582458484,0.16167666326749694,0.09187151269521783,0.09455452661572128,0.04324534487026637,0.09911274397405677,0.04343951584856078,0.22717182407757797,0.2055867104052537
0.08726942627547564,0.012793798286354588,0.1019658437838879,0.006006272308335362,0.03221993929770963,0.5941390718107046,0.0147395583254012,0.07321005467501433,0.0776560352371168
0.03726786333153149,0.45159358019561885,0.1406166855713338,0.08918317134434632,0.07159873775348209,0.057788214144679745,0.08512166035502884,0.052390507981302716,0.014439579322676125
0.14471042287760646,0.045924055085777064,0.14703122205640365,0.056757807349906576,0.04828290375170321,0.043361135003350704,0.2310546760650359,0.07167642811972404,0.2112013496904924
0.04640576835476246,0.04877623293310196,0.09593396533409482,0.032851245854145,0.03495364497253672,0.03678773380765686,0.531362004839167,0.12626370546047663,0.0466656984440586
0.07616926382590523,0.030579642453637174,0.09388712563740637,0.1415133650860317,0.4488326451711599,0.026092208643486017,0.03629624771858501,0.07777931333507392,0.0688501881287147
0.06304625439330289,0.057360385124190484,0.3701202426094145,0.07585864443711822,0.12200745237516102,0.08610092900684414,0.022019433436443706,0.17165653292707525,0.03183012569044985
0.1256949118068482,0.14135051457495643,0.04620668997759785,0.11597589354048475,0.047530220990873985,0.08427733086211363,0.11732631519887059,0.13090989314989707,0.1907282298983575
0.13881486454573075,0.24338668490743467,0.1389470579190881,0.156536737386713,0.0804775172374581,0.05057027497311878,0.06263374666273398,0.1006658428663386,0.02796727350138405
0.029386411745130948,0.056393615319516165,0.15181676417741496,0.0054126570377907475,0.3572960062235584,0.19829053462039367,0.08545709244858142,0.04423602461552809,0.07171089381208569
0.11206212494987056,0.10475460902090811,0.0742325860536384,0.20646374927915975,0.07917228579431283,0.11588061588484048,0.039669723101714426,0.07786882650172319,0.18989547941383234
0.6741138149692866,0.04676293916346025,0.02704500472055557,0.0406011473542134,0.024737335833945568,0.03497863113598224,0.02117014610163591,0.061424041057469146,0.06916693966345121
0.04715023007110187,0.05280118854933396,0.15460216561453996,0.031160883329872296,0.1355536564136387,0.06366989540552155,0.3312129216257135,0.16563120372212495,0.018217855268153314
0.12406118433622754,0.07241708846892154,0.11045139257569914,0.4165488227014011,0.05776910924899469,0.08979190323332957,0.071785004004705,0.03898866105669908,0.018186834374022475
0.024370558819933108,0.04275068021231548,0.23200969856264078,0.10458616914496432,0.05027127545929477,0.06657054438393617,0.1592266006194156,0.25726888315690993,0.06294558964058979
0.13958639937612669,0.03772817137956235,0.16292830683896467,0.2666029903060026,0.03232822949674263,0.20710068340941334,0.014856648425929755,0.0791006782734605,0.059767892493797437
0.320214614010628,0.04594296543828765,0.01495776957169038,0.07240833661193849,0.04234414254111468,0.05151080076702702,0.054086330589779824,0.29174448812452997,0.10679055234500397
0.41426035720238646,0.05030427950611268,0.03408262178403992,0.21078995933914577,0.04380931968684402,0.03007090031322372,0.03387614356082893,0.10989544228986126,0.07291097631755726
0.16396703701779125,0.05509047682915427,0.07755678293939637,0.10454287130485478,0.24203790270620582,0.0801959304669576,0.10338297386245611,0.09418079781943083,0.079045227053753
0.11786482692199877,0.016055984029125527,0.23510280225604316,0.08521138176312147,0.08561212156589476,0.2903863470237844,0.05913079198951541,0.021077744174154107,0.08955800027636236
0.05122045503061859,0.11416668801688179,0.11436589735703633,0.05944679626629923,0.14646033914539805,0.053645265772964745,0.35734934678693997,0.08565302641458179,0.01769218520927947
0.026379439704633842,0.18637306909892323,0.1032917471036099,0.3203590658449456,0.05488705671380284,0.07619258617217539,0.11081516011687857,0.08930994108730116,0.032391934157729486
0.062492033282164704,0.010101867448859379,0.06721226446044669,0.15087076932778332,0.18592719973390456,0.07043695109131606,0.011480263233875498,0.38372278907940705,0.05775586234224281
0.038525470933266685,0.0698222086262759,0.3157540913802377,0.12987249889294186,0.13923515022431737,0.06779431014058142,0.04396987906897697,0.1716145499355705,0.02341184079783168
0.07964264306050566,0.3937630233677167,0.10190108012741382,0.08517980640734252,0.050324587731505194,0.08705590144570408,0.0929887420109392,0.08556772507998416,0.023576490768888746
0.08990016636281116,0.2389053615404856,0.0611258232760477,0.09048378296081801,0.06308828319163677,0.07010016754091666,0.0735474945114837,0.09009563988473664,0.2227532807310637
0.07992204746385083,0.038192632851681806,0.1820320232280608,0.097002579715313,0.020870583934325265,0.0399560804736527,0.03499494541446537,0.05131927639259184,0.45570983052605846
0.182679287114364,0.015748049375205447,0.12283163272624421,0.17908537073141972,0.07724413931440055,0.14204348374409825,0.03073961561765182,0.03794045092513352,0.21168797045148247
0.13651465504425322,0.025432482890681268,0.061899834499271035,0.15755197955274183,0.12646551015992555,0.06040849156422062,0.027908217302188783,0.35857606948069914,0.045242759506018616
0.09740822129299637,0.21549751619872481,0.12097759526705754,0.0841907040919257,0.20551592534506527,0.06783147571506541,0.031572882620891966,0.14997068715409387,0.02703499231417914
0.08069248297564767,0.08175587308001399,0.06923557447492434,0.12464750729083833,0.2995357703620055,0.029522363553526804,0.11558640124071795,0.04993766815304964,0.14908635886927576
0.02339256825264491,0.185787914041687,0.18983475432783678,0.06278674296501251,0.042033204331489736,0.054276976590203634,0.02027786252878235,0.407532115779524,0.014077861182819151
0.06508647074437805,0.15536740324113474,0.11508276339715061,0.2006895832745248,0.11659355256042475,0.046080769538570265,0.04104270997010135,0.2264459405112809,0.03361080676243452
0.1796926506450344,0.10158075248149867,0.16262591778116658,0.05199166433760618,0.211791667758498,0.13254225557616264,0.0675163708375493,0.06069859249920575,0.03156012808327848
0.07743965330273107,0.5530997116099604,0.022016192839880027,0.12407732510052671,0.02391045519875934,0.02004922921175517,0.05877628265567577,0.06617671698865464,0.05445443309205684
0.04431785394859977,0.2513048826253305,0.0420538495316016,0.4364926871840429,0.03156223415748447,0.026094778204584553,0.0444761680018382,0.07789900789996732,0.04579853844655065
0.09367733058075634,0.19117730359752513,0.05299607409036933,0.1304775456837907,0.11165397956958516,0.023723721166494155,0.10399521107233949,0.2411860974718066,0.05111273676733308
0.042040153307549906,0.01001824861104235,0.03316963710364359,0.24707615885752832,0.14680945477118673,0.08209668468566235,0.04987028607282198,0.1569596512433519,0.2319597253472129
0.012602443119707901,0.034190968909450566,0.17631702180715847,0.03619283024024505,0.2533440509332808,0.2616406796292346,0.11751554834661355,0.023770697964122855,0.08442575905018625
0.14104383680909346,0.20315677177597216,0.11193319264977443,0.12486777609087057,0.10381368307651652,0.07805785140890964,0.0485823953618613,0.16812760642228444,0.020416886404717435
0.06009013608735614,0.08882983693389175,0.2180829837028143,0.11505117614566347,0.2793277829196305,0.024988170570378342,0.05706404348462046,0.1314661659253775,0.025099704230267653
0.11807718108770567,0.584554527795636,0.028966619639189343,0.04258781987429363,0.04827727883725588,0.031105340823694348,0.05357926153013742,0.05423238816331543,0.0386195822487723
0.022963882808739275,0.14193840191073062,0.11294838810838446,0.034522527711565894,0.34007782086611776,0.21587939910645573,0.06274324235323998,0.016259463608613845,0.0526668735261524
0.026462476250388597,0.09097494755131914,0.09209769126171037,0.00963521378409219,0.11422220828123723,0.5471992916940748,0.020157898297165033,0.019058772064507744,0.08019150081550493
0.03381524226439679,0.0717204040530401,0.12005368317163669,0.030659340762387535,0.08438802925506023,0.4512628253788722,0.03556048156616903,0.11157194050541958,0.0609680530430177
0.03687988767397409,0.024524618838629098,0.04624001826029095,0.08198536258019244,0.06095359026541811,0.06315610201350201,0.03301150184505737,0.03594386647370085,0.6173050520492351
0.12389384739102971,0.025390314628192287,0.2848649248066184,0.12184487063020073,0.05380376572374577,0.08426488937022776,0.026070397929854102,0.1487709456688052,0.13109604385132603
0.04106617930664793,0.0705614194464219,0.176252933957369,0.1508021071612177,0.016146425061031724,0.2471865043685814,0.022863524118459058,0.09494338912457417,0.18017751745569702
0.10393632545993763,0.0044579352311638724,0.3130566792308432,0.10534617389252358,0.14608093102422656,0.12383561788252455,0.06750964479309501,0.0878886797449463,0.047888012740739276
0.06915398453859035,0.04636106635782831,0.1272387568585876,0.13050503559169765,0.19107568858276128,0.03345541650314682,0.16346971527823803,0.11705849456470892,0.121681841724441
0.017418986968205655,0.08207395874018403,0.3705695931169392,0.013248757644653613,0.30465341842711186,0.09895950761874624,0.00841317442861064,0.09466130033227087,0.010001302723277853
0.01599693510359772,0.6336615990390099,0.06808608730334263,0.05742481388498949,0.06574182129446411,0.02951045541323093,0.04295601272903324,0.06465045720315758,0.021971818029174462
0.05519856972030012,0.14617483713739218,0.1378568777659413,0.09255097586804449,0.03700243758123286,0.20066040380016903,0.03882690004414428,0.10439737109543197,0.18733162698734382
0.12311179507593002,0.07433431582742038,0.19323940683707763,0.09235641934345362,0.12997071762930365,0.09803854577958156,0.0586769685091488,0.20264473758131496,0.027627093416769315
0.04861102590272903,0.1526396072295869,0.23080781974755862,0.09069415622171977,0.22266404081114252,0.15279061070267833,0.025991425339208684,0.058638737824395264,0.0171625762209808
0.07162404599478821,0.12044032757238067,0.08482845952388686,0.1508451910566925,0.0630607366663067,0.06410854895419123,0.03253324176135519,0.27888039880224513,0.1336790496681535
0.15651931442876954,0.016729915306859442,0.21637410232866108,0.044404679728702136,0.05088231124838763,0.31026443986808294,0.06055659753933548,0.043929871649091734,0.10033876790210998
0.054206181536604135,0.09626893119417136,0.06613844459283756,0.16428301684084265,0.1923172408368031,0.06203054880760034,0.19312454271428972,0.07894035156433775,0.09269074191251338
0.040785559891709754,0.5958647858722617,0.06144044955407982,0.04272393535756169,0.02407770118469796,0.0318400608102229,0.03715195727964706,0.1543400285613918,0.011775521488427435
0.04893998616192686,0.0575900685310732,0.08027220706913546,0.037982415204133806,0.1208930732415681,0.08171903669371018,0.14016406361542214,0.16459761401087578,0.26784153547215445
0.04128395749448254,0.09771752119111188,0.16123863257081963,0.14589063893531362,0.29100736255112186,0.03855557285852098,0.06456664669677915,0.09970973291090389,0.060029934790946364
0.13676509052361943,0.0834675733057123,0.046650592466256025,0.16254931564549707,0.016055065770271406,0.13200838740708404,0.09356917306483352,0.24068717410112642,0.0882476277155999
0.008863579467941161,0.025839328631462693,0.1608696401639195,0.02930571053216335,0.12905055998511497,0.23577305895921533,0.029289831205819156,0.05761842534706208,0.3233898657073018
0.0917610402671431,0.047175610276752294,0.14598255601625354,0.10655081769427982,0.16870674680262035,0.04235520819073518,0.04195803396239913,0.21792516300175233,0.13758482378806428
0.08376563922958535,0.19487849796601445,0.20060834372084527,0.11269445491955965,0.1634102494248311,0.020287631902957026,0.040985287086090665,0.16218436478757814,0.021185530962538255
0.02821571119068217,0.23667287114128857,0.1986734577154674,0.07570779713028146,0.209380285324425,0.10505475218551756,0.052993841570850186,0.07966933582566857,0.013631947915819106
0.007098124943793819,0.10361986083974144,0.24885824279675564,0.01923654001010729,0.1154082741104806,0.13788594442213878,0.21469656611937257,0.13142421159821202,0.02177223515939783
0.03859150747034094,0.13766037964309816,0.38295320569808783,0.015251014850349688,0.2712531225697468,0.07633983144016163,0.012046963668763108,0.0586162898550896,0.0072876848043623155
0.03654089752548071,0.027528606919697374,0.14405594189934032,0.17699252248277442,0.2865212078650661,0.06807312829800975,0.11560683592633429,0.05562226486699965,0.08905859421629743
0.5866425261283452,0.0587621926960959,0.026769994644170365,0.11274937249290014,0.034956163630194236,0.049221344141774766,0.043664137549931224,0.056973781088146526,0.030260487628441506
0.0850906091846811,0.07096647751017648,0.05952413025182569,0.05840615919475217,0.06699586437354704,0.12444330895477457,0.054598403821661624,0.4323655817947665,0.04760946491381498
0.04342347295159447,0.03374395977053276,0.1153580837321122,0.2555489941884888,0.20211541282730053,0.05392265144673042,0.04312256745512467,0.061965752334524005,0.19079910529359215
0.08980118394985674,0.1760959404104956,0.15425306068802946,0.028100000842565278,0.034249680544297424,0.03582456366957704,0.06010139415049575,0.4079401018663815,0.013634073878301274
0.5976672526056532,0.022953657609497764,0.01549166396942924,0.08290275761313279,0.007192634430076485,0.07467161115091984,0.03687540940986519,0.07899174908764449,0.08325326412378092
0.16489866413330714,0.09364351888211205,0.06702083816727945,0.4691807660395941,0.04882372324140546,0.0330667592982492,0.02697623525267705,0.028928816690627537,0.06746067829474804
0.06328541096845057,0.09979843541249428,0.03875568394152366,0.014896731253259299,0.12422430365388991,0.07224129982067024,0.5081526246840565,0.05193063710226279,0.02671487316339261
0.05846934147271727,0.026902580771768405,0.07849222905597424,0.0819230747463002,0.051643016666231195,0.07953588465762663,0.021367451399659707,0.570979033585092,0.030687387644630415
0.4162201004885003,0.03504579028527969,0.019672765058027213,0.1376418810314258,0.030245837986964924,0.04708079099407502,0.059740102135335586,0.21751213507963463,0.03684059694075684
0.14117902476267286,0.020665706180290653,0.06256706877032052,0.059219063207512246,0.11935372417085997,0.10905401720498464,0.0414466863651856,0.3802471686559474,0.06626754068222616
0.10212117288001483,0.07579640493575576,0.02832143802056218,0.1905883768668215,0.1357140361942921,0.08948585791895007,0.037389185913420005,0.2626298458036794,0.07795368146650421
0.015405153835477694,0.032729289233856346,0.08866957149398506,0.008561691969572344,0.01628516647818966,0.5818659017629968,0.03175209787773569,0.01406526075151967,0.21066586659666675
0.028153286668089878,0.0904894079033886,0.17253955179140304,0.02974788491758335,0.05774500517902983,0.03454594989176078,0.023853474569385674,0.5362730092732849,0.026652429806073904
0.10007620758790707,0.16259647694958293,0.07200667500808748,0.0943894767815417,0.12319149684138203,0.03245620163743696,0.03382782712491624,0.34575711787705316,0.03569852019209249
0.26254129776866314,0.0681324772784624,0.045517158361673526,0.08184678137780337,0.10586035367581483,0.06804619049892174,0.03472416728007949,0.3117078944734911,0.02162367928509053
0.11178754083725535,0.07591714937074169,0.07345921024301537,0.1178185800226561,0.03732374970238222,0.051261324566941956,0.06675491436909557,0.38205086578022857,0.08362666510768313
0.019072751357190453,0.1069427349437531,0.1886783735840877,0.03421176579497009,0.04240947465294353,0.4371661049705222,0.03537426961545669,0.037725595083448776,0.09841892999762732
0.06770573697677083,0.17719191641722706,0.08418961815974213,0.12671249278117802,0.17311875071052266,0.03335743808141697,0.013683152707213264,0.29322215746727504,0.03081873669865405
0.20681171351490743,0.029763945254873355,0.09544538531182434,0.24203902222225268,0.027733394025681812,0.10225054500090318,0.013760407049665642,0.2169656996865694,0.06522988793332214
0.18850417751042658,0.09421613337385039,0.05336633595228907,0.3118296584194607,0.03395994503600061,0.04396657917655922,0.08746095439944974,0.037161632447543926,0.14953458368441971
0.18370410029893836,0.14992741760617975,0.019957499941878176,0.4701315238770216,0.023129213624052524,0.03288882542211755,0.02860631467922693,0.06277970481292912,0.028875399737656
0.05576235384038397,0.13221229242738786,0.32338295303909187,0.06386493210343837,0.11098261538394334,0.127451817801145,0.05137980547476556,0.07166125680950515,0.06330197312033885
0.04251598035189826,0.06780154948336976,0.12551638959529263,0.3312475314954142,0.09380656997681798,0.10470165016752359,0.08831096020871966,0.03755977580493971,0.10853959291602432
0.01869303764326059,0.026276374693033868,0.1597735640993895,0.03385819822106139,0.19880493097786597,0.3216298356660859,0.12507284739448524,0.050365260922377086,0.06552595038244045
0.27476344073394093,0.0729114168604348,0.18063409251865192,0.06826749643451807,0.013475980604368309,0.15012192379484923,0.04197959689638613,0.03258745399601943,0.16525859816083127
0.33350540633505216,0.05211555940538514,0.01560336731680175,0.12324126453194288,0.07460809109509454,0.043194758481148905,0.051038721173211565,0.2549702111906645,0.05172262047069853
0.1097175656120775,0.05231161065875381,0.24235498356132557,0.19504277765084665,0.047808219035053535,0.10947333532354771,0.019215882657717908,0.14717417954625658,0.07690144595442065
0.031720353533764005,0.027922128629750288,0.4400927697739818,0.044722628837537005,0.09054585642906508,0.17489915034817285,0.018239701560190797,0.08251500594340357,0.08934240494413459
0.05634066016172216,0.05576362713413824,0.09973421134267373,0.244043877164819,0.1994338694382789,0.07986006411793313,0.05042143936435576,0.14584783592281803,0.06855441535326111
0.06205091009751959,0.3312153851167286,0.06127013981276468,0.16996292080879052,0.08710017751103218,0.056571740525769375,0.0974277446748286,0.07455324427701256,0.059847737175553944
0.04569311658844799,0.15670476838527575,0.22901459950524142,0.09484441371627544,0.09197584955062137,0.1374668111793613,0.05156939972551381,0.07249932639037261,0.12023171495889033
0.14415874742627935,0.014157516065406753,0.23527037691845132,0.19996793603660998,0.050296265501478116,0.12619882349752778,0.03229096137555055,0.18303672594215134,0.014622647236544854
0.5853483110802775,0.06260623467063377,0.015408858263646552,0.045432028876001486,0.02487631439141008,0.06800380159166128,0.020416677909392295,0.14402784885242761,0.033879924364549514
0.05356327679394718,0.06877099596806004,0.20003707458944567,0.07482140845476516,0.06194760589721724,0.04189912900747184,0.28366020002627584,0.07755287805975487,0.13774743120306213
0.028692085447958666,0.030301340835146795,0.12337404683247265,0.140782156951092,0.20139133676061305,0.08118095722663347,0.2992722548085083,0.06477873812500504,0.030227083012570034
0.03964773466074553,0.2067441536788268,0.13141313483036168,0.04507160159966559,0.27438384759323875,0.08741596543220799,0.06837119386644935,0.11920213614510504,0.027750232193399272
0.018338964116529678,0.031319503339206856,0.10767728003911979,0.025459763376492164,0.02859636852946971,0.6439361421457533,0.01695926345311322,0.03547615792026111,0.09223655708005403
0.03261711584604108,0.027990763367883992,0.2208074456161552,0.07356926678985069,0.3333141305363864,0.08899396701022382,0.04569177919922501,0.09502674262685244,0.08198878900738142
0.06423762868864415,0.048862150894895116,0.0879867085308068,0.06770365978073245,0.05655816280872914,0.06413468111526034,0.019810297023305338,0.5260806374665251,0.06462607369110161
0.10678688445541407,0.05013866414072298,0.016965176677523244,0.4887961412143431,0.03555140966001942,0.057948078296179206,0.039476301546194685,0.17738985699257648,0.026947487017026806
0.26529084303213274,0.06060700393910771,0.13344652479607402,0.04102160392581824,0.01678622690607733,0.1321650085431321,0.04948130361364988,0.056075522402621675,0.24512596284138635
0.07564987112320924,0.25070505963305517,0.03054937170545032,0.11194789692757699,0.0875417800304268,0.11754721945684199,0.12740412702511783,0.04817396086091644,0.15048071323740517
0.18196934257702205,0.0708115183191454,0.08509767573803147,0.050024391740878506,0.05549315584912206,0.21111584823853527,0.026331950547683374,0.20377275345998389,0.11538336352959805
0.05610920431600658,0.0718065995790632,0.07437033627071445,0.14501380595596844,0.20453525343315257,0.04621509157010781,0.17565806837567396,0.16511413723835153,0.061177503260961406
0.15022985873957487,0.14005716507130003,0.14904243448769858,0.07303928247893095,0.0267223227756616,0.12315443395615898,0.11153032644039035,0.043154581130167353,0.18306959492011723
0.10592636435476865,0.044231003959568214,0.13141966983689363,0.28166895746036197,0.11972797858496041,0.04652036174677531,0.05341166856988372,0.15904359688970396,0.05805039859708411
0.11795653566731257,0.028594899572399777,0.09407764917963607,0.04739859580355871,0.054714321073366566,0.31124520508135484,0.019237872988036347,0.08769725723698273,0.23907766339735245
0.22957223930725099,0.13605892088004257,0.037888814630740564,0.21898786813180235,0.013704768971339413,0.09979522616632591,0.025245569663741838,0.2076887514979937,0.031057840750762743
0.1124913034278464,0.5872341162598972,0.01473196640656277,0.07303635364094753,0.011753925020879586,0.031064097980772334,0.11224749923215367,0.03483747149964175,0.022603266531298804
0.030597239408175724,0.07368256117715834,0.14134299170798606,0.08370797445658183,0.07950310903663906,0.05202541258891488,0.457071275194594,0.03168190520905095,0.050387531220899166
0.21225242168285505,0.08046313834645537,0.11224929550020757,0.07844853674701442,0.027293847655028496,0.40495457827536735,0.010602265432897212,0.05034621373792131,0.023389702622253285
0.02584793705483404,0.03473128262563855,0.1321407547191823,0.020632238558169824,0.18583041398556008,0.21406145408839297,0.17998791787276816,0.13908047156184908,0.067687529533605
0.13823049747533447,0.03605114553616265,0.15629898559406832,0.08416448917767337,0.07226008038945066,0.08508354448589066,0.08710013579995185,0.2760586349733928,0.0647524865680753
0.06772747325186072,0.05763045647270826,0.16839170266580816,0.09568308285277095,0.02043432113243258,0.25667688588232956,0.08471200114412604,0.06086743473001527,0.18787664186794847
0.18759795432315565,0.08715711208123238,0.04996693223926086,0.08830631686265722,0.12530006010063802,0.1606533933664582,0.10600639813478523,0.0689096360266888,0.1261021968651236
