0.5942056071262458,0.028076017512141293,0.0584522389141634,0.0962154417965234,0.03167559950856999,0.019827546791010325,0.07389696907198832,0.06398896182068574,0.033661617458671654
0.05307463318813963,0.020978561432995025,0.03055453949150366,0.04067282767758217,0.5438175454127494,0.05943626727403717,0.0301427145610043,0.028444458321175297,0.19287845264081327
0.026830721035587507,0.05016654741202522,0.693720566869732,0.005671028341405712,0.030328359118920543,0.027243883377627263,0.10553600626650085,0.05082913919942947,0.009673748378771392
0.08886401634785344,0.05648234532077504,0.024519155628252406,0.25052618042878005,0.1347308439268703,0.059102516993386985,0.14610916067306387,0.06137696603669875,0.17828881464431912
0.08310555842130125,0.22827347948985502,0.04418981761519299,0.28426965099314544,0.04598813756516327,0.06413446483408199,0.07992598699185088,0.03778561489295583,0.1323272891964534
0.017839623715646024,0.032841033274209015,0.06447749255061931,0.25179669665428955,0.0636680339424679,0.4477342170298593,0.024062874007703128,0.027757734959915018,0.0698222938652907
0.0925528669732248,0.05754145357303195,0.06396234326305845,0.05500389517917043,0.14041462467131616,0.07089220404977116,0.11668870091264492,0.08265374263412185,0.3202901687436602
0.12971637180770637,0.06455219177213106,0.03997388886569323,0.04766397335839234,0.20913214914135506,0.03694735205309365,0.113616732595138,0.016814049101794896,0.3415832913046954
0.15288159530595102,0.04265634696516491,0.057809190256328614,0.06740336951492006,0.1334436496965584,0.04505179844515985,0.027356108176262956,0.07592997566393078,0.3974679659757234
0.07363529907232051,0.02558138820821579,0.02283082414832624,0.3768668337061583,0.11193207242296728,0.088404823101279,0.087401048680855,0.031079431766666055,0.18226827889321182
0.5437514980735827,0.06466757473850511,0.03308777207924907,0.08706209014820399,0.09486362344815484,0.015088501965869257,0.056398540430924404,0.03212558815193138,0.07295481096357924
0.014040864656326799,0.0799554646278079,0.05399628999233636,0.5056098544355359,0.07772944236375523,0.033440577802556624,0.03444733098054558,0.08069104024945137,0.12008913489168421
0.061726465562709255,0.06181910096940459,0.09360884953145963,0.49343054306257006,0.14740744509782955,0.021652288635193955,0.03237347101723277,0.03544938827251879,0.05253244785108143
0.24543716721752348,0.2452836775392159,0.04067552502876584,0.042922073390301047,0.12405640797345015,0.055494255472827624,0.1268727354557658,0.04369005247315975,0.07556810544899041
0.10187999507635508,0.17594016385141809,0.05576610967186857,0.06668706050176566,0.37809013043242007,0.03150911667167291,0.008471855259313906,0.11261171131597121,0.06904385721921456
0.03438594083887949,0.20215030459733854,0.22240953701311425,0.06233708859187521,0.03637279555769427,0.06498496636389024,0.163743983816687,0.16775716712605457,0.04585821609446633
0.059161546527848226,0.055944641177434744,0.030040415832400677,0.074643000354143,0.5866570186856968,0.054387928847826006,0.018511919816528794,0.024811958908930287,0.09584156984919147
0.13249479534729572,0.017637250321111967,0.02849531296411556,0.03920223024089998,0.5835496996258082,0.06362821709752152,0.023860956436114522,0.024526557112157187,0.08660498085497537
0.06747930852805994,0.10585313132817346,0.1239121264003545,0.023052061947338904,0.13396773524857739,0.01689275611668117,0.13370564215111813,0.15075045870307835,0.24438677957661814
0.07322478607118317,0.014945651597401773,0.059044653033974936,0.10487679881635792,0.278829322583877,0.031670972908198425,0.04330019352475579,0.11653255564785066,0.2775750658164003
0.209031571413974,0.01166931397805194,0.03724582324429824,0.12869903887013126,0.2324779645419793,0.05250428485574166,0.08152397409845027,0.062385144611788845,0.18446288438558447
0.2887046096169094,0.026389420906101968,0.05964908009669131,0.04705546720582465,0.06911722350641641,0.01582199791186278,0.04978291438220924,0.08078972500689319,0.362689561367091
0.161905323057723,0.014911789076713233,0.05141657931610949,0.30876395330339396,0.1524526263331933,0.021472299426651697,0.021547560485491127,0.051045345100995905,0.21648452389972828
0.48455895561513396,0.04594447780037345,0.06969863176308701,0.019245401848058643,0.1116562924727295,0.06498451694637827,0.056507022089116614,0.057929059225014234,0.08947564224010827
0.16532652210500634,0.10612493422920592,0.05500282231817546,0.09786093368353972,0.17939750301801075,0.07029818007634785,0.134711118472859,0.048558615126012894,0.14271937097084206
0.07461885269721083,0.10812497932309345,0.06672634984796715,0.03628684904336762,0.045450503656393505,0.14090262682786117,0.12378006805623169,0.34313475259117915,0.06097501795669555
0.22273753326764179,0.04025826168330219,0.18799643344029107,0.16551059364061052,0.11003372715821876,0.04402570318881946,0.12574214923337687,0.04729670720589557,0.05639889118184371
0.041749455398064246,0.04566309146526321,0.09284541224059706,0.09332796760990762,0.03596385337675027,0.5542774521531991,0.016178121214936007,0.036042941535632624,0.08395170500564986
0.17711931156264082,0.12103342927949527,0.03586817025890113,0.09596274524021413,0.08299803034990205,0.08119584487089983,0.1747765602445349,0.07604046671189238,0.15500544148151954
0.21967275020553825,0.03601034322391731,0.06495310348914858,0.23326017148974842,0.07617936625592572,0.0957254959669564,0.07009139275609673,0.032647098552398154,0.1714602780602704
0.11092330145674707,0.060338820486309806,0.03343174139865421,0.29253245565142977,0.09045852823934826,0.015668570411858145,0.10496095328893307,0.025664499962341967,0.26602112910437775
0.05884904438904496,0.061533162560306644,0.6568942135173624,0.017261403762187155,0.051510574917663775,0.018909939977123983,0.06750238994690942,0.03579938424433853,0.03173988668506303
0.11750245442118822,0.05723829997654214,0.015889504308651953,0.2059958912485119,0.23081880997292603,0.0912032461991704,0.07501583233258403,0.060165522541114735,0.1461704389993105
0.09085241730784076,0.053161930428660874,0.02238977819920106,0.13861293362475977,0.11835762275031754,0.09263650935520035,0.10328561473963162,0.036021165468137245,0.3446820281262508
0.04274343893612684,0.15227403863499842,0.051010832696073705,0.06579948260515182,0.1254053425094762,0.36041501931437336,0.09084342515742529,0.03508041123435621,0.07642800891201817
0.10246481768134595,0.0877411627637792,0.04827236185026529,0.04110037768897016,0.06579522526884074,0.0832500833516603,0.49666798070863294,0.021608713197810835,0.053099277488694537
0.08421733370093133,0.05492155580164155,0.02691466368734006,0.3838280037735648,0.07862554984836771,0.06455074053390876,0.07911244297522262,0.018519226874936776,0.20931048280408646
0.04492303491758828,0.03918739021137897,0.03431345540932671,0.05204401624858813,0.5900365871192529,0.0684782111792472,0.04459558079050669,0.04398953620823511,0.08243218791587598
0.017798246660696206,0.28976684211839654,0.01766723847707079,0.24043155022503124,0.09390073301683671,0.19359237106535876,0.04669204328365994,0.03408733372357065,0.06606364142937919
0.05356916778422265,0.12329796557435384,0.05801571781847864,0.07091480837980826,0.22184668765010737,0.03794908226907128,0.15715267232886299,0.08075106931978297,0.196502828875312
0.051619245309760746,0.05307682779528664,0.052096343027827806,0.2192178763726648,0.0993501268265149,0.09987125680019714,0.13248724578385376,0.10088431267121607,0.19139676541267817
0.1670918884290585,0.02885534125988309,0.04259082952362348,0.01680008828524955,0.1306243359410781,0.4320273027400286,0.030890488372134827,0.037375522687676466,0.11374420276126729
0.08838034102708135,0.11928011090890252,0.04345834052947758,0.07347899437682649,0.05258494267965019,0.11875115331745245,0.2511577208088503,0.07997027561727293,0.1729381207344862
0.07870324882272717,0.07932312082848747,0.6561207902422584,0.006506616407648977,0.03058172656961533,0.03901722745391018,0.06772098598075885,0.02502835570513508,0.01699792798945853
0.026416887166450426,0.20108403928723992,0.05778862857897891,0.1357784266083363,0.023715689427434242,0.1927301233477836,0.020787358048206996,0.29249855863547247,0.04920028890009719
0.017478802522470093,0.20551673783360394,0.022411854628066868,0.11253428924300107,0.19716609051316547,0.19732385746325054,0.05479596704872303,0.023627831580816144,0.1691445691669028
0.034710545254323585,0.3974368475543241,0.11413995894912084,0.025177283757916207,0.01534522228755894,0.11615395060855704,0.1526516480648503,0.05364949978901953,0.09073504373432954
0.026594326962502815,0.19040051562920088,0.05866982244357203,0.022515632992181636,0.12979770977214414,0.16182583355954125,0.12180494772822521,0.22977729968007612,0.05861391123255582
0.026640379313119356,0.08572646727102128,0.13934350753738964,0.1301346043814567,0.01913250766566764,0.2498874132978103,0.1371415006545571,0.09266502100371236,0.11932859887526566
0.12142035190840868,0.017420042788710798,0.15946123130481332,0.33931315860814437,0.07869333551224934,0.027182782030236455,0.07416582186947422,0.031811074653836396,0.15053220132412634
0.05989380268800365,0.07168424591267485,0.05527417171387261,0.1905883744942636,0.18982638840536167,0.21016625656694687,0.0631436085734345,0.07544170047069891,0.08398145117474332
0.2317851593316246,0.08156426694057019,0.04343513574514651,0.07587863315815664,0.3531532541656885,0.05192782545554655,0.018235441433002403,0.06599099946461304,0.07802928430565174
0.06895725918447079,0.09889281550661944,0.19632450643896138,0.04200460514973325,0.06086220477002976,0.09087094328904016,0.055841322403916475,0.24674364523294123,0.13950269802428752
0.010710467463929457,0.4253691515716609,0.06832722352093552,0.07081374903240434,0.06962440463112367,0.19764346427946966,0.07771315961270685,0.040882274108022205,0.0389161057797474
