0.0868490858005298,0.11576753080122248,0.05349186662876735,0.08374442122679267,0.0955545841325414,0.15947268602677742,0.09933984545877779,0.2015554951340145,0.10422448479057655
0.11492091105298692,0.11114025915736885,0.10882382150988566,0.10770758727509826,0.10563207298463483,0.12346390312577941,0.09242872557932492,0.12561841263642862,0.11026430667849256
0.11311707091814065,0.08250323435182978,0.19625339314548526,0.1133362043873745,0.1060506005872897,0.1140190153571265,0.0981825604099198,0.04745215071613165,0.12908577012670214
0.11702746554818237,0.09298344676927882,0.09886089579451424,0.12439791750891245,0.10597004183047494,0.13574710865939585,0.10379550032068326,0.09698955236495492,0.12422807120360296
0.1300135366923605,0.1227660149918312,0.06274590943049363,0.09544732491240271,0.10038381027153605,0.11524989212048474,0.17732067159786272,0.10329719425829365,0.09277564572473489
0.11340226768324924,0.07021798707343711,0.19562461435539705,0.09251803543719757,0.09699436774286048,0.10751374594682567,0.14028679115386364,0.07093551420040989,0.11250667640675922
0.1147100482157198,0.08373857542161377,0.0806533892554606,0.10757033101950025,0.09653659475335753,0.11745147989407978,0.12396346535348711,0.14262741797685327,0.1327486981099279
0.09831050142294008,0.06642540201224997,0.25675290642709103,0.06382608454946506,0.11869316092223575,0.1317847935993397,0.14919863778942047,0.041028883088467395,0.07397963018879057
0.10524057110872324,0.08700569880031699,0.06362362740800753,0.12440804975222775,0.08934520197368533,0.10865457484933096,0.0963433351029231,0.14984759340367776,0.17553134760110736
0.09073152746856293,0.07835816448387463,0.17346472904868762,0.10267404486438884,0.11819139920811732,0.07429867973970102,0.17206717752999248,0.09441686823075014,0.09579740942592498
0.11416879435423632,0.09352951015102064,0.17408600522751025,0.08884541684453647,0.10653105994729356,0.11105539456086606,0.1257226342734639,0.08176556257234797,0.10429562206872488
0.110016655314653,0.08915131175517259,0.13460979722335187,0.11199082193846976,0.11590055818014162,0.1071816221649991,0.15424409579723644,0.08601478929511112,0.09089034833086453
0.09646945632519344,0.08844505656908014,0.1662588053862667,0.08557206132858641,0.11644684409033061,0.1336621946403361,0.15739745714141667,0.06625163276907353,0.08949649174971637
0.10140076052643532,0.067553449860435,0.1256801065661816,0.10702236968516653,0.10797528681139384,0.12995830214125284,0.12408684962202965,0.10970155158267732,0.12662132320442782
0.15296710756953713,0.10148952393808582,0.04052247267682095,0.11776733506415886,0.09561318231759493,0.12145933373996394,0.09817435860737854,0.13625606304631127,0.1357506230401486
0.12841838780969717,0.11981111052272986,0.06296877306915642,0.12723500172821867,0.10076273902467527,0.11686269583668324,0.12094484090525055,0.12822183423619474,0.09477461686739412
0.10090765134322005,0.09941157242012723,0.14456902817565773,0.09777108993120635,0.11289005818703783,0.13654158754690815,0.10085371020288203,0.10750195676523634,0.09955334542772432
0.12094165933075422,0.1271800693319732,0.01876122740435514,0.10494550684199593,0.07657069014094614,0.10453145736080881,0.12107536263161371,0.20458005695224699,0.12141397000530586
0.08435896687100737,0.051421202065659956,0.2780446915858605,0.051793291568359635,0.07569614418394043,0.16579322910704103,0.2066889716232533,0.022058882576936834,0.06414462041794079
0.07873632217111419,0.11400703172073408,0.043882199431639395,0.09730551132349781,0.10782104826526549,0.12444743455039903,0.11000522601781644,0.2239974053961542,0.09979782112337936
0.12654152306077862,0.10492022646952133,0.05631768400374524,0.10776558273226367,0.09877050290176098,0.13071818904078814,0.10237875658726293,0.13842709170654788,0.13416044349733125
0.12390965735880255,0.08580993538630537,0.1799994982814006,0.08798059571148824,0.10694773031739602,0.12141091448641024,0.12049723810632956,0.0765194227806253,0.09692500757124205
0.11557143079569089,0.10942830734058785,0.07120010746916679,0.09520666394475567,0.11541096694556657,0.12177761212638576,0.14619290044090005,0.11584443151816243,0.10936757941878393
0.11492681424381009,0.11723323361885683,0.02798200761579236,0.10365056412582767,0.1038540214789108,0.13205591423805893,0.12934634246043764,0.1645620084964377,0.106389093721868
0.11880953532909351,0.11388389232882944,0.03108258269018968,0.1198629650864399,0.09244953005639535,0.10588213482020492,0.14176176891323447,0.16369416983979324,0.11257342093581947
0.12264738960554984,0.08816037016855505,0.07951798833010508,0.12432017020611057,0.11365825378873852,0.1283386683458468,0.12289928512231214,0.11478548811707712,0.10567238631570487
0.09691860622997012,0.09235626704570964,0.23633123714834792,0.09365830152647657,0.10901960755851399,0.09398533398128818,0.11802615599110093,0.0730410690673025,0.08666342145129023
0.11699629342326268,0.11533835027131645,0.03342354675519033,0.1326348656329086,0.11120547346060562,0.07765243035019566,0.1196550139764153,0.12112379315597015,0.17197023297413527
0.1001661359428138,0.06496364736527971,0.06092165054741497,0.12447046716187805,0.11260630654662596,0.10858241692076687,0.15249581042601387,0.13326785763600768,0.14252570745319917
0.10470844342992196,0.09056555576100056,0.1488403059780315,0.088141498339437,0.09729945532604767,0.12141474728773978,0.1285599584874637,0.10630269982047647,0.11416733556988129
0.08549558532778696,0.09915970573161292,0.13405504698447743,0.07218830236772306,0.09139058192613021,0.13212758236475072,0.16507589293220384,0.10425062218430674,0.11625668018100806
0.08819791467918243,0.07950113694349838,0.18221354335502674,0.0800453869779084,0.1171882291086958,0.11921088318896604,0.1495113614043085,0.09666274802447805,0.08746879631793562
0.11058073090380534,0.09213658789829482,0.08578769108725633,0.11506934475610074,0.09752419966145422,0.11073422069937429,0.11646927133405745,0.1016619497456296,0.17003600391402718
0.09752100165290611,0.08079564540028318,0.16229459693571877,0.09171487762196041,0.1082609696533648,0.12460455028100816,0.12050375738058317,0.10361576904128922,0.11068883203288625
0.1155876828993919,0.10974935585936292,0.09576855925458995,0.08438780407074124,0.10741603135753773,0.11053064039037902,0.2091958243053207,0.06920198507112817,0.09816211679154829
0.12898387572580128,0.11650224360767068,0.06827250770482006,0.12109087985976212,0.11697134004246822,0.13326815190171132,0.10398489085534406,0.11024166876303387,0.1006844415393884
0.10591171020743191,0.11267199381066591,0.09423711386256127,0.1399832635500324,0.130985843914305,0.0925002137748873,0.11325576902049227,0.06126914668152747,0.14918494517809655
0.10431677054304678,0.08509393816313209,0.1821064135611932,0.10034229857575566,0.12110682452549965,0.11660051783392138,0.12805158415681653,0.07868288406875408,0.08369876857188067
0.11025649979972742,0.08679599549273391,0.08731835637803413,0.10971971016817034,0.10135566995701557,0.13442510336802077,0.13869590905942045,0.10531367010940712,0.12611908566747035
0.10679064026866521,0.11896753874132933,0.03783359922727312,0.11515064250110636,0.1107050061449026,0.12493187081478456,0.10309211850789497,0.1698248133643171,0.11270377042972674
0.08711568778440215,0.10641692634063239,0.13451703007726462,0.08535555951553968,0.10654115349769405,0.10446714009772007,0.14140564284532556,0.11816268559983889,0.11601817424158256
0.11974868291072316,0.1047997975634704,0.1122428668529442,0.10242715865027126,0.09733370287486653,0.0969550642783152,0.12908599395993764,0.13265854643263988,0.10474818647683175
0.11208113842982119,0.1433012989914466,0.07523376594870551,0.12737584728527418,0.11695985536672564,0.13147452425769743,0.09593523797913217,0.09153328345937345,0.10610504828182384
0.11360467545129514,0.09161071375986164,0.13639247129528242,0.11181627443464554,0.1194766378943558,0.11278886162220092,0.12470950775484178,0.08883983412391004,0.10076102366360677
0.10836274620307436,0.08589401266488987,0.19854418250010505,0.10947073938065306,0.11059139976534572,0.08601698640550735,0.13751956163409673,0.06840692458695642,0.09519344685937142
0.1042000475450231,0.12903815770248292,0.10668836399475796,0.0984622557511375,0.11267048583280015,0.13730598344995795,0.11936501801033049,0.10243287613322816,0.08983681158028174
0.12264328661051986,0.12928691764766584,0.06822648152242297,0.09397782804607202,0.08732087874338684,0.10386865923718593,0.14983711936875113,0.10140834819478213,0.1434304806292133
0.09241573009136801,0.15605420918407745,0.05414168912118767,0.08586751845698821,0.1096452594114372,0.09733892062518014,0.23577165312339363,0.09472949430335043,0.07403552568301726
0.10634163942494819,0.12312604878436519,0.15279817993924308,0.08527697757192065,0.08884172461767882,0.10613972808279126,0.1273981015436544,0.10266343154453676,0.10741416849086162
0.11818406356629647,0.12843479138289446,0.05724716534422122,0.12351938373055533,0.09598182744465839,0.09606859693128907,0.08743809469213032,0.09596517765054828,0.1971608992574065
0.11457545572955902,0.17183276636605227,0.03834893527006611,0.11870110628566229,0.0920858489160258,0.11116587907648533,0.11279459624305238,0.10884365065437508,0.13165176145872173
0.1357522167874221,0.16886021939812867,0.01815934185110321,0.11318084091567741,0.09995187739953998,0.07297455332777993,0.15250116146816825,0.14442351133376677,0.09419627751841368
0.12228062249699634,0.16299078810204728,0.029322711928324863,0.14026089100461425,0.09837504734189272,0.09485598117273865,0.07109216552943451,0.16747034537255323,0.11335144705139814
0.10309651880792854,0.11483934561823539,0.1467359366992837,0.09365650309501272,0.10209325818645247,0.11425790415100567,0.12040533470962682,0.10050266423005494,0.1044125345023998
0.13935696122290506,0.11291065507206577,0.08764587004190634,0.12422577930397198,0.11008805420217772,0.100105891283453,0.15014671598334992,0.06841699306396219,0.10710307982620808
0.12126100462440492,0.17433874925851897,0.06807750520314228,0.09225099160432694,0.10273896718722593,0.11481978412169962,0.14805621250236736,0.08687482664011655,0.09158195885819743
0.12113008119507702,0.11620922421346719,0.09695122487634751,0.10818184299307028,0.11323034205722775,0.12368268085893129,0.12493624578676497,0.09614402583432484,0.09953433218478923
0.11065582293396044,0.09967467081690647,0.19349081381064911,0.085796036315407,0.1066090222094967,0.11591987741590731,0.12654321329858362,0.07689432391123925,0.0844162192878501
0.09729435651840834,0.060524966199182094,0.1659812512609217,0.1258347578694308,0.1256347388289474,0.09866387822989621,0.16577250232921903,0.06195483641071784,0.09833871235327658
0.09994245908705447,0.12903776344058887,0.10510647524889492,0.10169819523565565,0.11277127866987291,0.11971380959289675,0.13463233835339017,0.09253103032445996,0.10456665004718624
0.11976008795597136,0.25575818551969204,0.020095299251588594,0.10197838023430172,0.08860381327477007,0.10191151740407428,0.08800621198906718,0.15786151510162127,0.06602498926891347
0.11389288231358631,0.08208075250856406,0.20221066129884901,0.09591917540842737,0.10291617427269116,0.08600815330534761,0.10887823895432003,0.08970917058396093,0.1183847913542535
0.10528240544098905,0.06625717354437945,0.10324593980246827,0.09452387393725149,0.09778232300160189,0.1292403869305042,0.1102593491433803,0.15541772851225436,0.137990819687171
0.12449434785246412,0.12760829916597177,0.07837732502792698,0.09180077186956966,0.0935861512703667,0.10533294930695354,0.10702556011337565,0.1348784823750321,0.13689611301833948
0.09310059803618824,0.09122903423473323,0.20138840127550495,0.08727482073983474,0.101277426915472,0.12550411027002645,0.1394554444326767,0.06467074247843646,0.0960994216171273
0.12404984388986129,0.09080490699071424,0.12117202566057712,0.10681378378786312,0.1009486411569393,0.15104356602041671,0.09937922568819157,0.09625003221060924,0.10953797459482745
0.1115926378569189,0.08279835672232087,0.06297663883216735,0.1265461854351196,0.09595766224281448,0.11043950578432293,0.0904503137967166,0.139840169760592,0.17939852956902733
0.11572210043377368,0.10256994870150854,0.11337536947486508,0.0907480862682541,0.11536516259277796,0.09451048084136175,0.17782196212722853,0.09993985718379676,0.08994703237643353
0.1510480303761688,0.06702768045065288,0.20335275167566738,0.12887887101132378,0.09672021836848195,0.06196860518916455,0.1047337387029193,0.040505820568323636,0.1457642836572978
0.11099956810719967,0.0915716637213478,0.09750519363641959,0.11638766265022345,0.11656540478851846,0.12071458673733258,0.1459350215036502,0.1050739507308624,0.09524694812444588
0.11126495856340095,0.09562739727833325,0.21698825645097883,0.09616917110999078,0.10232881785923505,0.09369602627776578,0.11829312866796937,0.07934756635743323,0.08628467743489276
0.10009541218550944,0.09436699875306763,0.11577602707306534,0.11402864909506834,0.11247487956328885,0.1436968225453425,0.10486067708041213,0.11786010693221867,0.0968404267720272
0.09809123837129495,0.09005639582294928,0.10605747415497324,0.09666305521475634,0.09110770263328971,0.14774727817917477,0.07818001220256536,0.1473310947399002,0.14476574868109626
0.12615228923919575,0.10353027037636675,0.06919064283193915,0.10134174317109691,0.09783895644247902,0.1258490515721141,0.13667982392938727,0.12270244289912619,0.11671477953829494
0.08665470766616785,0.07860387255250127,0.19016256970669632,0.07514259688431581,0.11151220417709017,0.1527800347889823,0.1396127099020212,0.08321356051601472,0.08231774380621038
0.1110626998053143,0.09888715598290983,0.08701862918749953,0.12307451317803186,0.11435992580318151,0.12740213499005368,0.1510172021685737,0.09086501019517712,0.0963127286892584
0.10729227603183844,0.07738321603670807,0.2656738050418934,0.07811354003390983,0.10002856040413073,0.11510497996192691,0.12520093162525966,0.04559669785878662,0.08560599300554633
0.12190428145173819,0.10191005561303457,0.06912808280499806,0.12344337001181631,0.09648251570879111,0.0909955399632552,0.12114967421294194,0.14934712201912573,0.12563935821429895
0.10959596199153372,0.10172618172406894,0.05336371714990338,0.11401289855166052,0.10505961117533968,0.14395600348332896,0.09976455760475067,0.1601863183422805,0.11233474997713366
0.11293918963089984,0.16354470574584493,0.08971437260723591,0.09474455425086377,0.10784660778624387,0.11730534905673894,0.12412264897887686,0.08131028620481641,0.1084722857384793
0.10382722659360975,0.11207431156982682,0.13631648397898313,0.06542581291899603,0.10526158669972567,0.1332902729658522,0.16107855197936097,0.09222581639362688,0.09049993690001858
0.11032020728523016,0.09136475513608067,0.09130457687631628,0.12094823141280024,0.09438375040419905,0.1371852805264232,0.0913890916654264,0.13482412096420612,0.12827998572931787
0.08606034597861652,0.0855144182151379,0.1426894333605734,0.08873148534695058,0.10301116345691656,0.12706622679818616,0.13910356420891803,0.12363596338442899,0.10418739925027172
0.10628700485386944,0.12365743011807158,0.15303588663225703,0.10031663881140629,0.09593459429486036,0.11910372316681567,0.09072500198009999,0.10520571301994698,0.10573400712267271
0.13246568982225201,0.12448098681703014,0.09139231127576754,0.13632436014878432,0.09747003109463137,0.11104726689388739,0.07956957637779287,0.08791326397398934,0.139336513595865
0.08727763125991456,0.15421822740029192,0.0903346170853108,0.14242381254784525,0.1064723366087033,0.082166838302196,0.10735202108606905,0.08005551614781185,0.14969899956185734
0.12157416645158907,0.08653533312046535,0.13633534416055834,0.09538767202937264,0.09776588078811488,0.11307703394926298,0.13608867144404574,0.09402798792192246,0.11920791013466858
0.16301163379969819,0.11606451539015804,0.07471633312293251,0.09923076711666386,0.1014622091251096,0.09280271738425795,0.1571070213356339,0.07667277836115466,0.11893202436439128
0.1011652742279678,0.13968707527009616,0.17922637095272773,0.09768610629238683,0.09011560745633178,0.08470127356522257,0.10960048732052952,0.08042927620939831,0.11738852870533929
0.09546681803812591,0.15552564799952254,0.1094694482367939,0.0863745346549375,0.11081004921470623,0.13480038421793095,0.14259329718074995,0.08926583934422662,0.07569398111300632
0.07497512380291078,0.08182627559207617,0.09743678461441944,0.1320980451741354,0.08845099874099072,0.11140425529391311,0.1097727284481127,0.11061952688319403,0.1934162614502477
0.08871274717339407,0.07252201653292414,0.13292462202542274,0.13177664418871912,0.10637186066581446,0.13090912514364167,0.08080506679734654,0.14532836545180808,0.11064955202092912
0.09268110998533972,0.1136442552954891,0.05746983006811718,0.08667279013750524,0.0963189767888218,0.12969809317803668,0.14912707036224113,0.13611715223180626,0.1382707219526429
0.10670683607132249,0.12236742698752394,0.08885590447475716,0.11288872458815641,0.07994419926405716,0.09557792362106195,0.08244962560700056,0.12015964234350378,0.1910497170426165
0.12413518272579217,0.10506423329964194,0.05271612750720364,0.10612937262022347,0.09505693086540856,0.14043289475900705,0.14727262975048674,0.12396411510399535,0.10522851336824107
0.08712330633614612,0.10115542440397896,0.043148026583590515,0.12058301697444435,0.10745776551210318,0.1396007213939561,0.08651552294430319,0.17075035855612483,0.14366585729535267
0.13280196506404407,0.13551651140661142,0.05638467932116629,0.11246397624679423,0.09308925429850858,0.10727305308807161,0.14280080654884877,0.10962318818434828,0.1100465658416067
0.10030874085590963,0.07233907100688192,0.08583670528906899,0.1126852112686965,0.10218722432722538,0.13034424418539928,0.10848686920713797,0.14497575749711464,0.14283617636256574
0.11451575731561554,0.10463217119450045,0.10254296849959112,0.11964730886179244,0.11943860004545016,0.09530913834713632,0.15156980829998537,0.08295530403735403,0.10938894339857454
0.10228035209829923,0.08968450705196059,0.2694074636898511,0.05518229497947363,0.10687264696702338,0.11362609329938071,0.1589396647228061,0.03557615897199751,0.06843081821920771
0.11301675370762843,0.12994298502312954,0.07918841990998816,0.0934544585923021,0.10657844440514885,0.11088608203736638,0.16466466973545804,0.10400377820971439,0.09826440837926415
0.1400649054651649,0.1300349478571887,0.032995205892226896,0.1098145528885749,0.09274644560898711,0.11418024385117043,0.09161944942407024,0.16393073226839297,0.1246135167442239
0.13938354020869587,0.09785459567813319,0.08849983871923818,0.11046420030889416,0.11570357114660662,0.1090984420979881,0.12688155659833233,0.11385429950834465,0.09825995573376685
0.10350081544653443,0.0939060003490495,0.1136227373537317,0.10412230075302668,0.1092077360478516,0.13341797913205963,0.09968339953690421,0.15110527452210554,0.09143375685873673
0.133216895200755,0.11160343666137469,0.11527355186619252,0.12773769956318645,0.11180123006759746,0.0820044249600436,0.11106580722050345,0.08555317120686677,0.12174378325348008
0.13228070256967905,0.13071659684170808,0.04324345645331848,0.11445707139347672,0.10819011473677198,0.11569308673499785,0.1423473773360157,0.11381400174348659,0.09925759219054554
0.11909800526216931,0.09084703809626245,0.11531264319290065,0.12496556996997417,0.11484685566447643,0.10594785462867369,0.109601490218365,0.10212651416780784,0.11725402879937048
0.11144648464733435,0.17147182180244336,0.028307856294132145,0.09478579062540586,0.08975138253081465,0.10274767238308852,0.19736740718268753,0.11526173394728893,0.08885985058680478
0.11046364356363353,0.09302501904200496,0.10603270160902283,0.08168342670415835,0.10193009379024297,0.14506339692938283,0.2253027601497725,0.047453209095481924,0.08904574911630014
0.09835732806371648,0.10165156328089318,0.0911932576362862,0.09549151036908847,0.10209097536482613,0.11339671360159138,0.14619952154726457,0.12850256038826885,0.12311656974806469
0.11603610058035818,0.15233725333719644,0.044016715422335186,0.10479450764528876,0.10520280851765484,0.09363668270222397,0.1581365455026076,0.1364964987271924,0.08934288756514254
0.09528153241207475,0.1012612104528468,0.19155444066139382,0.07472454855357774,0.11911678083330039,0.14540092227454282,0.11322460465440803,0.0760038787691449,0.08343208138871068
0.0867547253521234,0.0719337139172028,0.0740518877282458,0.11254636861304158,0.10885560853173726,0.15632186934111747,0.10020237038258306,0.16139627883358518,0.12793717730036352
0.10491856941908555,0.10035073780060681,0.20481613460329492,0.10826037805306928,0.10556194818346208,0.10198492719448593,0.10611686973217056,0.061108665825205744,0.10688176918861918
0.13859900866724925,0.12853477303309507,0.06316525350231933,0.10271427681866901,0.10488313546026423,0.10208989713888261,0.13404904762542233,0.11810776605443955,0.10785684169965859
0.13879151065548093,0.1165978891467349,0.03681037271645509,0.1242573871640807,0.10081746530635709,0.08807047903411301,0.11430905785835388,0.16106867293410013,0.11927716518432428
0.10537105078763244,0.0763605965469265,0.11079864334196905,0.10066484707272855,0.14892118995016354,0.1054821156301559,0.19232216013918804,0.07072232360005078,0.08935707293118526
0.1067713534770256,0.08377603404054973,0.07706049380177232,0.14104154610813632,0.1226816522904773,0.13593054662310322,0.11203071659315998,0.10764469615082212,0.11306296091495337
0.12181105008085369,0.10553276964723318,0.08062888407738002,0.12196196885616016,0.1083955104746059,0.11916484752380734,0.10600430640991725,0.11059365259721148,0.12590701033283092
0.08677727766197137,0.09389090269592111,0.03450563662320237,0.10626130757477532,0.09255669785966598,0.14680749891281455,0.08197881931240485,0.2269950664530553,0.13022679290618897
0.12432813928188384,0.10339262074587176,0.02464998979577972,0.13222447877307816,0.09321998957164947,0.10015740369636529,0.10761354194008904,0.15779196229721074,0.15662187389807194
0.11843605011055465,0.08618956892760114,0.04656182406855591,0.1249194169074138,0.10046615014441795,0.12413192961556192,0.0966799176827371,0.18657980463527934,0.11603533790787825
0.11010958166473794,0.11947596185861564,0.04803746593029237,0.12315217505681036,0.09244993791448038,0.11488317754274456,0.09535130201246006,0.19022574465603995,0.10631465336381869
0.11731230183264596,0.11362722631093881,0.17664409454391994,0.10697955252458986,0.09635652441063704,0.11612051811278075,0.09584983641177107,0.04546389018588465,0.13164605566683196
0.10533768780106499,0.12788412485747355,0.018281550649314773,0.10230998160702587,0.09678054790552963,0.0993705065280287,0.176622042763926,0.19456477377991557,0.07884878410772087
0.11869321322319659,0.1687065798359809,0.03777816290349221,0.1024857614630767,0.09775592524900167,0.10922843518651466,0.14608890930716753,0.1254986633707088,0.09376434946086103
0.10608238531127749,0.09489099433314507,0.07379694937854654,0.10118404133964842,0.09854893676800185,0.14487556605312973,0.11269456201835826,0.14023474227467284,0.1276918225232197
0.09352222534666228,0.07685922312038553,0.04734795962978983,0.10727984252222299,0.10396226847703045,0.10550262619461497,0.12066329576052655,0.22130273019333993,0.12355982875542748
0.11005245044788085,0.12096092444282157,0.024562509785122786,0.08581841618351078,0.10366612997088369,0.09777558595316038,0.21776535477483808,0.14857398042776995,0.09082464801401186
0.09283036840670106,0.11427914579599047,0.11483574587973151,0.10056028391963134,0.09629642281251882,0.10296686496888219,0.12998709683784695,0.08415290638835483,0.1640911649903428
0.12013039418024558,0.10941085841538463,0.032676984482001285,0.16257891351630263,0.1239506645807091,0.0842634410446188,0.1665354074243803,0.11734675456864567,0.08310658178771198
0.11859089870125557,0.1345564886877262,0.03894699637838647,0.09411138945287041,0.09659730102962183,0.1261034540384936,0.18904644940873847,0.1003205725577438,0.10172644974516355
0.10619407790832353,0.10054004225536771,0.032639713541693025,0.10697102430952783,0.10195962518577972,0.11184811806732951,0.1426567182930242,0.19115437055384468,0.1060363098851098
0.12853185320611518,0.11551327005759439,0.1124273426217089,0.09741833496577106,0.10675558568135284,0.11627833729950691,0.13820529895644373,0.08872206602848466,0.09614791118302228
0.11009694846640128,0.0949965459700819,0.11464801124406034,0.09554278190127817,0.12007031583021455,0.12897853011428587,0.1402462227888543,0.09436908149845609,0.10105156218636757
0.09247376562737579,0.23918696697566502,0.083543550141525,0.11415911553397312,0.13609393314290852,0.09906219196378174,0.07211954435549058,0.07121445650652874,0.09214647575275152
0.09644942505406502,0.11405309485245578,0.1608635067187781,0.09394520571085034,0.0994463020297825,0.09463316772368463,0.13144720511925884,0.09161120247235216,0.11755089031877264
0.10223840937141788,0.11814387530146654,0.09822295649111551,0.08739973329579519,0.10677632594684616,0.14586056525329721,0.11691471343418898,0.11281472112444009,0.11162869978143246
0.08516171479828084,0.08786860863502888,0.1865741913186888,0.09975152759044671,0.10603426410277934,0.10717122276544089,0.14408846309372614,0.08073542560723142,0.102614582088377
0.1089795025466491,0.09962867894515721,0.14838292161409547,0.09856165475346527,0.12056948632513292,0.11519628027917939,0.12626237200073698,0.09140848983098798,0.09101061370459569
0.09606630242087293,0.11299813157607728,0.05325170196544463,0.09004462138382692,0.09691816332151236,0.1390387529934398,0.1004520371953714,0.19373860010426505,0.1174916890391896
0.1111702467965296,0.12478901763699392,0.025775362953373335,0.1184796149714283,0.08879682466513344,0.10321039023141503,0.1054967339412457,0.20417589547845097,0.11810591332542968
0.12628805706140886,0.11909246504571643,0.05723933757331875,0.11115353725852328,0.11091571132431154,0.10977954189597827,0.11527838633174818,0.14773419448023964,0.10251876902875505
0.0984928888130208,0.08483961712384541,0.04624585577970114,0.1111538691766454,0.08882417753727716,0.11509822261830349,0.10162777199791073,0.17727731309387082,0.17644028385942512
0.10939968260632821,0.11252626038172904,0.10287462421595878,0.09644417018742363,0.11016833105156774,0.11405051277557843,0.13151707655473155,0.12750483188176756,0.09551451034491519
0.09404709185963896,0.1451285023993568,0.09002265530529248,0.1041726287208848,0.11986307174363775,0.10906168576242257,0.11630264699239519,0.12399734550340953,0.0974043717129619
0.11403470932640586,0.08043169532758591,0.1306982842256291,0.11129648261329361,0.11724486784165467,0.1374597980551453,0.09925355735615098,0.10617433761349966,0.10340626764063483
0.1066653953259208,0.10348610187494724,0.18349221394454365,0.07634064333948387,0.1118892971693005,0.127639338664384,0.12694785366098008,0.07806842860132186,0.08547072741911799
0.11786951375749606,0.14021723799375616,0.10637372523627153,0.10238711226144925,0.11978200943328217,0.1161360052305465,0.11274707671584722,0.0728471803431996,0.11164013902815156
0.11541230733570935,0.08790105199485704,0.058832470078010034,0.10764386720563147,0.10397899860110515,0.16369164890276808,0.10178701065105882,0.13230273197374356,0.1284499132571165
0.13884796515559508,0.1453852394081587,0.08770069795149697,0.08232565337263843,0.0921320763115096,0.11362711536535446,0.14593279047789767,0.08503517281840256,0.10901328913894646
0.10793418143713489,0.09353619772255138,0.10543982660928419,0.14609695749489895,0.10902396055342206,0.09543348112575752,0.09746383693734915,0.08445472015124089,0.16061683796836093
0.11224111509425799,0.10812510628761202,0.1439141513663719,0.0940341338794517,0.1010707235280282,0.1104345394092469,0.13709900778486273,0.06502661937219499,0.12805460327797366
0.13968628527169655,0.12672681904137928,0.03249876144378369,0.1027386661507886,0.09879223613102907,0.12522463039345413,0.13020649393909103,0.1250382380672361,0.11908786956154159
0.10236993883953628,0.08513067621861824,0.185852781799852,0.10410526734987112,0.0951213406649148,0.11711652588680921,0.09999043901841352,0.07482932845191238,0.1354837017700725
0.11285885880290591,0.09063627535752872,0.08859932870739025,0.13856741185320973,0.11543824521223293,0.11687018248733894,0.13169773429169299,0.09121051719347484,0.11412144609422574
0.09980718341457832,0.10243043587501205,0.18156306983832893,0.08370180934861922,0.10903697149050384,0.12356237941497165,0.11924999849447017,0.09324214457348334,0.08740600755003254
0.11008005953183027,0.20054959770104372,0.04877980868084872,0.11958800168106025,0.10159339327985682,0.09736189653060878,0.06978596547979328,0.10854283984044115,0.14371843727451714
0.12196639202482018,0.16341893635157023,0.05163820245466708,0.09105648781601576,0.0921256548545451,0.09382955828303073,0.181016570953927,0.11667439847594574,0.0882737987854782
0.11527673392117281,0.07272048631657972,0.13269451224537918,0.09650565708119907,0.10268192969360986,0.09845928993830984,0.1507873413668211,0.07572984755488633,0.15514420188204203
0.11287965606636051,0.08149402339717837,0.035201397572754735,0.12872731670362483,0.07215025337759572,0.1128750671754794,0.07918668306236386,0.17928665672604172,0.19819894591860088
0.10719332282540665,0.12231906840886882,0.16569032835541272,0.07172698086369134,0.1017385652621469,0.12732540924092453,0.11658291782644202,0.10151090805013722,0.08591249916696986
0.11026252797193581,0.07743319575946395,0.1436609032136421,0.0821499394550979,0.0900050733041232,0.1304181072458854,0.1618007721193642,0.07696151927620098,0.12730796165428637
0.12087794488747818,0.10421523169355101,0.1347824246871572,0.08499907912195004,0.09863265543577847,0.11972534397394607,0.12855885917665666,0.0817600347360397,0.1264484262874427
