0.11302076115906716,0.15607789532682725,0.1536971229827279,0.10165552323996485,0.09868221103229936,0.1419772381887753,0.039713701513095535,0.0616086839445878,0.1335668626126549
0.09240896751705717,0.09284573293422814,0.10941834019894159,0.14084337590239046,0.18429702342280127,0.12691753014737336,0.08709106728814799,0.0632727155667373,0.10290524702232266
0.1138491546245462,0.14382142018055702,0.09681836322037322,0.039946332486293486,0.06525615331745784,0.11078424362761298,0.06635115664919772,0.24411928944342817,0.1190538864505334
0.07877919993580963,0.05979142675771595,0.11218127508784803,0.19825348766183973,0.07588421103041897,0.07615346568241187,0.29096083094972996,0.062323643047412565,0.04567245984681343
0.09295335998903347,0.1373492503289652,0.06910933137022929,0.03269032051140774,0.04884397907156617,0.12254665827281054,0.2600230634749906,0.1315285888684666,0.1049554481125304
0.11385100160108037,0.10767937411005,0.0785434633739507,0.10213849879682146,0.15083244548589034,0.1250713652219853,0.15497852998592973,0.09202482310272081,0.07488049832157129
0.07970416977369037,0.057098780981506524,0.14006449515257163,0.050863102956191945,0.07998385839975936,0.08741789239442865,0.3018300188867527,0.06912301133146227,0.13391467012363648
0.07361576837658347,0.08899707029933074,0.0734711945899482,0.25500187839194427,0.06318284915627558,0.09740234805023833,0.24560521724514597,0.0708524417752645,0.031871232115268926
0.08166785682942888,0.06627090392435454,0.05929286761416549,0.09566520200257139,0.06681182636111867,0.08517609345425725,0.4778936202674903,0.037307637253066094,0.02991399229354731
0.09654782320921518,0.1013398172162097,0.0722300524014274,0.13276637462911198,0.12731577744865724,0.124849228441957,0.1258957772607893,0.14600592160779102,0.07304922778484108
0.1077407253704335,0.08443702184897768,0.08327292682554009,0.15982760854404143,0.20611593517182644,0.12086658772220614,0.0846719245944448,0.08192110804118767,0.07114616188134228
0.12041659541329859,0.14924803527820119,0.06842482618008962,0.07361618010671243,0.18216220413362394,0.1451664332963428,0.08231617889524508,0.08122565621884088,0.09742389047764548
0.12493035299573448,0.11364516330774527,0.0975641233755497,0.06606544934233215,0.11681945049153512,0.11246217060368806,0.11404658525466482,0.1566631144203807,0.09780359020836975
0.11632466586066538,0.14721220657554412,0.09941375145498643,0.0860458938375081,0.14687162792964362,0.13453057111302966,0.04984685973691768,0.09099132681230933,0.12876309667939578
0.11781048199201381,0.07476286507794754,0.09951655539404318,0.14295144087044917,0.08883164519150412,0.08629353335725148,0.23101519529965486,0.10365512523797216,0.05516315757916368
0.10101448850125323,0.0804426976676816,0.07321063862709735,0.07330752869018191,0.09059970528151812,0.10444651625235069,0.2576934626233296,0.13904259809706154,0.08024236425952597
0.1389148000881964,0.12035002062220863,0.10618488827314443,0.0897907560180068,0.14706021713718861,0.11663929760894587,0.056808985032122394,0.056514703106518606,0.1677363321136683
0.11457764377706459,0.08252197500707732,0.09776099779562887,0.09896191537405417,0.16865925729488307,0.1040944841451295,0.10893577155824978,0.1411674127867096,0.08332054226120306
0.1269169005711843,0.15454110296776058,0.10926322779708349,0.0684999229184567,0.07430119994160735,0.13120466007527296,0.048896593374066294,0.1892353636133548,0.09714102874121361
0.07223005952721756,0.08587625420982559,0.04762758786994196,0.20280323556498706,0.0937705489268819,0.08733188377880556,0.3402665163207624,0.043299194059255745,0.026794719742322132
0.0804942608158822,0.08660298295644642,0.07589511624542015,0.29208679704524204,0.1282767559256623,0.11097830535903347,0.10332601121079722,0.04561959969599252,0.07672017074552365
0.10046727004721458,0.10126231525272589,0.060151762666286135,0.14647215430970567,0.13691168049708966,0.11444268229556327,0.19143357698673427,0.08562024460347269,0.0632383133412077
0.11753597797082649,0.10613233496898544,0.12367803554953644,0.08754680604433586,0.13795847498502553,0.12919733883550796,0.08969326251077536,0.11734050839335268,0.09091726074165433
0.10693093078166867,0.09729504847520087,0.08439682373110169,0.1439737277498832,0.16797930035153988,0.12209647994768173,0.16789044853642907,0.047408786626820576,0.06202845379967431
0.08998492505403889,0.055454186091197476,0.08501143461637008,0.04764592677618118,0.038720582741334934,0.06618594180282354,0.4908678255741877,0.0943378069233361,0.031791370420530145
0.1162834909044122,0.12613626659759006,0.11736698358029951,0.09823845498666346,0.10957314900446431,0.1200417490801523,0.05643665397428701,0.1323775301607411,0.12354572171139007
0.12809494537559182,0.16050043457185423,0.057042152473253706,0.040866006961356116,0.07935865713907729,0.14167823812348315,0.1239712233331049,0.1297652566579108,0.13872308536436795
0.10601467041497532,0.09699076166657654,0.07375070958183877,0.06988747291484959,0.1513805026703047,0.1113202217850877,0.16408073557976396,0.13334600708192887,0.09322891830467461
0.10934706941299673,0.1240215899950936,0.07738358683159331,0.17590821846027882,0.11714328921362481,0.1285885573583845,0.10443262626629302,0.11392532996099707,0.04924973250073831
0.09650736497614021,0.07086790907550179,0.09260706472822479,0.09408192144471389,0.24086467731535366,0.10938270012854638,0.08594305765313633,0.0877823642205924,0.1219629404577905
0.07283376281102895,0.06611670515033219,0.08767673597487043,0.2373613087120167,0.0759855872200509,0.08378381460353201,0.18467778405853733,0.09924230017816793,0.09232200129146355
0.09791086546869099,0.11091249865537196,0.09387392445440929,0.15162118731973306,0.08843290374044278,0.12453249315060166,0.14116309768931198,0.09877857266793262,0.09277445685350567
0.09078762919041011,0.08359319381935008,0.07681089635357609,0.05483086037407758,0.07037871368390643,0.10379712089801801,0.28564964449886304,0.1425680006419596,0.09158394053983902
0.10707085832732006,0.11381368852348957,0.08095774897308634,0.14658883927681735,0.13133835842043828,0.1256478779206337,0.07683709596011526,0.124676605721928,0.09306892687617135
0.12279138981089388,0.12545636873163754,0.08899479988952319,0.1536887365138345,0.12279236750016358,0.1382863064176434,0.12235653264989726,0.04809429218636801,0.07753920630003874
0.08922123099658129,0.06461293898281194,0.04874070653616355,0.11744735321538408,0.04476987163212424,0.06914941353684922,0.4596358172086952,0.08595737739883079,0.02046529049255978
0.14167331613313286,0.0780873393531909,0.2690532017968342,0.07536456278004901,0.08331295348469821,0.0966446999622036,0.04904927484126648,0.07265027037510934,0.13416438127351546
0.08298043915916033,0.1250053786809531,0.07865453596287542,0.21120361242178753,0.12212170878782357,0.12754969781935419,0.09664321803680924,0.07345475784964339,0.08238665128159332
0.10335337335431076,0.0803873845432894,0.10472787261063192,0.04889743415895015,0.06801174026826852,0.08942937440654895,0.3649869948340856,0.08735404236909883,0.05285178345481593
0.11752347254332246,0.08888764333451676,0.06992959890531374,0.04177816728882006,0.1438980296531065,0.1102167814827832,0.0943619465101918,0.21352545977062107,0.11987890051132444
0.1285508890067719,0.12912993873194265,0.09942836422281941,0.05194016231440452,0.13445923574932683,0.12707997279247996,0.04813686737949007,0.10667592492889238,0.17459864487387236
0.11408138596192256,0.1352590847257494,0.06213298169914435,0.09330840201431388,0.06390323993309258,0.10694681257314649,0.15692771593931262,0.20918776149125354,0.05825261566206458
0.1281131917607535,0.12231484275911741,0.08761908564170579,0.08124877057560607,0.10025630394568902,0.12305917165284257,0.0743416340261477,0.09157756248409354,0.1914694371540444
0.09800879167437111,0.10098126614318896,0.0595782217641821,0.23241875614733076,0.13432104896729422,0.12148151288618032,0.10625886990360606,0.10450982415916538,0.042441708354681106
0.06774213837483684,0.07287639927416766,0.0688447711679188,0.27685713418374736,0.076642250987805,0.08819302622090053,0.2890589354595567,0.02798135787588184,0.03180398645518527
0.07063110219716828,0.08097643093688288,0.045454236401294645,0.18449407667841775,0.06556688231312746,0.08610428508584472,0.40678297099789895,0.031361959442933546,0.02862805594643174
0.06528409258163324,0.05066518692748828,0.06242584639751547,0.3014988306619406,0.05923437987268382,0.0688896005964195,0.3384944212696938,0.034663195484238275,0.018844446208387013
0.08937560394700621,0.06647271041911468,0.08582332680685824,0.06676978905695367,0.07329541720483983,0.09555527303582367,0.347759303594845,0.11442174837354803,0.06052682756101065
0.08257802830837392,0.05975579744462175,0.13962687247916242,0.1895496852794278,0.051506487298994263,0.06599016479709498,0.3227039255491109,0.04955344876558518,0.038735590077628744
0.10018620117736503,0.15598326226500722,0.1275060764797543,0.041825452245460436,0.05057702475131685,0.1162188148879018,0.1625096807711241,0.14637860570524316,0.0988148817168271
0.12159723197266208,0.14484446762358144,0.07766531762853383,0.1313811616222519,0.14850579427086733,0.13582706846095324,0.05070596917015207,0.11711531864983053,0.07235767060116756
0.1202183878546053,0.13808325252638762,0.08263841468682041,0.10559996660682931,0.12156360754876716,0.12267407582748617,0.09795946013176449,0.12748972194450825,0.08377311287283136
0.12066497000957592,0.1688551138098786,0.07319618833304413,0.06468234453151604,0.10573459790865396,0.14071570520425183,0.07332698788661644,0.13743615478430068,0.11538793753216244
0.09671662220525142,0.07990710021243992,0.08823552179864312,0.06275217614126793,0.14558380239762483,0.10361030598767618,0.28300733763443114,0.03705644405036659,0.10313068957229887
0.1283182988010296,0.08823151525560267,0.09169017120688601,0.06711128388370376,0.13887142568662497,0.10781651199545107,0.12324285859832596,0.1605909683101828,0.09412696626219319
0.10615323037749896,0.1280876475783221,0.08731678872047033,0.09332122374507094,0.15236112151906406,0.13834143734198354,0.05357213318041676,0.15244708360988737,0.08839933392728598
0.12989018373501365,0.10275697657331635,0.08503571091288659,0.07219669006369307,0.08994488964665025,0.1172059069839592,0.1169075997091041,0.19906149845533772,0.08700054392003914
0.07764044393937662,0.06941360032317306,0.05769420466473654,0.028321741763875235,0.04474229323083179,0.08747747015247719,0.5417406446632574,0.047685654485707586,0.04528394677656452
0.10915785356945178,0.09212800805305377,0.09431825762017772,0.042082972807645704,0.09851061304311604,0.10525377442784135,0.13874314256556822,0.1994988629141572,0.12030651499898816
0.12096933413045867,0.07729232093637295,0.13285156927125533,0.039267009495662454,0.09557210610942636,0.08993221392442541,0.1098381577073456,0.2040592736574817,0.13021801476757158
0.12253782494287353,0.14991575287707104,0.0830055795629759,0.11526183900907953,0.14661883275872703,0.12709953356904843,0.06906006563772167,0.09005810430983707,0.09644246733266576
0.13595445166030065,0.10831728856592132,0.07595401632671306,0.06278032364531233,0.12593353816491798,0.10952322289655925,0.11044498523170204,0.1749573997506686,0.09613477375790479
0.11043654890275019,0.14350864820167117,0.06640590336457584,0.2460698094825243,0.13836133603636935,0.12383270761624866,0.049030459525125775,0.06891585460704128,0.053438732263693535
0.10204354586713199,0.10762508633784014,0.07229559516840445,0.21566274162579355,0.10447442656759622,0.1177122579886928,0.08663764268387153,0.12430089612393624,0.06924780763673309
0.12123252904085681,0.10653655538255326,0.05894805230840763,0.04854307695471144,0.09204249196862441,0.10892733837002004,0.27514144805320406,0.10802502325845237,0.0806034846631699
0.11319203746735607,0.06986310385758546,0.15408313565100898,0.10548393515641148,0.188223789783438,0.10119788841638445,0.07523333360571947,0.0872431013217957,0.10547967474030034
0.15319745859720582,0.08737306254624323,0.1831581873168521,0.06650033655904264,0.11772464725447129,0.0996205190130719,0.09194611334845786,0.10063901035377935,0.09984066501087574
0.1325693169737091,0.10488738519811831,0.08960834724394116,0.07769356145731865,0.08822219922998731,0.09865294975339851,0.19649798318105108,0.1372867363950471,0.07458152056742871
0.08711456219115628,0.07892078102233309,0.06969232367692728,0.13809982309929345,0.08352196844560007,0.10104372095613769,0.3033865133033913,0.06900194018601162,0.06921836711914918
0.13572834035291778,0.12301035506388268,0.11022253690466877,0.08901328054174494,0.1060303417556475,0.10375556458528024,0.10060996951926891,0.15035985034281418,0.0812697609337751
0.0993338081659892,0.10725285303816633,0.06054195526646495,0.09365200636071576,0.09575894236979803,0.12143637276585295,0.25527265237357594,0.08547643772239615,0.0812749719370407
0.1071559745621972,0.12748168024773507,0.06904974739694593,0.1714689227626942,0.09211773776671799,0.13026039842415094,0.10072199257680793,0.1339735039461346,0.06777004231661614
0.10855825556512666,0.12526902962139955,0.06922582498785249,0.15426762586603837,0.17601307335946234,0.12238272497976384,0.13150469598749617,0.06514941116437838,0.047629358468482284
0.0841342533618859,0.07567292250445824,0.0457375591811788,0.038953682130411664,0.055680333573100434,0.08943836201046768,0.45776875218340046,0.0952113931882056,0.05740274186689124
0.10185445400518472,0.09576883018358766,0.08845687714042827,0.16202206218246684,0.05576335768708576,0.086158605266775,0.1896166978714855,0.1802138077338092,0.04014530792917703
0.10106575037510279,0.08300785580544519,0.07272152639805106,0.1197416914722645,0.1745971291769338,0.1120795367386423,0.18547719937059423,0.07707454142473934,0.07423476923822687
0.09531667649209648,0.12898583287792945,0.0832813214274153,0.09887829408387037,0.1890051429911036,0.14485979525158274,0.10107552407096358,0.06323470840690297,0.09536270439813548
0.11421363647198114,0.1252860862119265,0.08614900602702356,0.09019843277078543,0.1757972202025019,0.1323361886762849,0.0458378918760905,0.10939746927329225,0.12078406849011376
0.13228082295241472,0.17981330353768588,0.06775588658372941,0.13794617134177659,0.09318299776866475,0.1269172281797689,0.04445039911559326,0.13314879135751911,0.08450439916284742
0.09519232571526055,0.13424344747740238,0.13332711563004915,0.09418797933789631,0.09384719068083149,0.10933880091927166,0.05610999486957736,0.18748210192945491,0.09627104344025618
0.12941083251281613,0.10744952089185818,0.15487482753574106,0.07142165525945617,0.09388844031165648,0.1101800528203432,0.16261333819837853,0.082299716211732,0.08786161625801832
0.08848287103469732,0.06789776918024344,0.0946135884251933,0.04114950660165692,0.04576400513284667,0.07819312387736106,0.40769542061914715,0.11174851537483317,0.06445519975402092
0.10156941930623675,0.15536102498225854,0.08863664018061242,0.061457020887367535,0.08370199266319855,0.13333494995453987,0.06030303594148156,0.1862187837448015,0.12941713233950336
0.08759330789343477,0.07820140854471723,0.06344382408971305,0.10487667104682558,0.09663281002386293,0.09733284427516664,0.39877741241656856,0.03385757696045338,0.03928414474925795
0.10482485798664208,0.18698530944089245,0.06910772756063568,0.07649425986556456,0.07465143596171997,0.14568941776583347,0.10538885114098527,0.14828907752024245,0.08856906275748407
0.11520959236880762,0.08775930648997828,0.06947632357425794,0.07511938252620967,0.14929009954745023,0.10351805875171181,0.18371570021943703,0.15336716054834706,0.0625443759738004
0.126824880640432,0.07541630186656756,0.08229226963809116,0.0787321786763589,0.1356914815010675,0.10012875893307004,0.11837205713656164,0.14855989009405032,0.13398218151380095
0.10836243349762786,0.11514476457705618,0.10547127609566759,0.05829055736337898,0.0659341357898289,0.11869808588639534,0.21115163992751884,0.12674151157258584,0.09020559528994047
0.12332842894811691,0.14443701268763678,0.10296283606572028,0.10118403124471788,0.09750834745141927,0.13546322186959456,0.07805807819938897,0.10327390233546889,0.11378414119793646
0.1213582726584037,0.16579057581014112,0.0800961428266614,0.06933734887835848,0.10182787032980682,0.1390069031575981,0.12911758874575052,0.09691851261152906,0.09654678498175086
0.08968025594623552,0.0815175716030724,0.15213676631052928,0.06248033004960484,0.028979994787851637,0.07607213954658498,0.4032225749715921,0.07488554952083544,0.031024817263693858
0.09032237591864599,0.06357707855077806,0.09317573789979401,0.13341546004646912,0.09163001364343491,0.08115559984959074,0.314830302120517,0.08548156481889714,0.04641186715187309
0.10759917529429952,0.12491576522350774,0.10146251092062376,0.07174666283639221,0.09207428223001002,0.12417412089541213,0.11116622013691356,0.15686053880155307,0.110000723661288
0.0956718362083105,0.07832935595511663,0.1208818051913861,0.20071308408286223,0.09643535604539784,0.10170282837440842,0.14648604718448763,0.0986685102332198,0.06111117672481092
0.0884507697441741,0.09282086750814096,0.0885601627216422,0.21291378975866104,0.10479738138321375,0.1048173764754179,0.1436539695553246,0.04525177427224956,0.11873390858117587
0.12258295347663062,0.09682932074566675,0.09863827562272391,0.04542586292556567,0.10349220536740937,0.10080688455809174,0.0872797026439807,0.19576848385115042,0.14917631080878077
0.12998651523518331,0.10391798696750448,0.07089982005250116,0.08524481716699771,0.18110353157387782,0.11639207131555546,0.15527988442584073,0.06356833104827894,0.09360704221426032
0.11310098685004433,0.11438210551423207,0.11268785140930986,0.08056529148003508,0.12848655602535983,0.13231714330018818,0.13004156914182197,0.07840413374263898,0.11001436253636983
0.08087551887961407,0.11510274172392339,0.08021677055260305,0.14854272784882366,0.087273315865614,0.11959962281369245,0.2094336039577311,0.07892045497679222,0.0800352433812061
0.11245844261223552,0.11600040783095426,0.06751936589257419,0.09311273995120184,0.06876246343542422,0.10969859486637899,0.1871739015106614,0.16751975253244486,0.07775433136812472
0.13373678657288074,0.10576792627545206,0.09381404861201233,0.05217600768687352,0.1114564715007655,0.11563343101664081,0.11599217737982803,0.15693873699626415,0.11448441395928284
0.10740478278880287,0.09692027439602281,0.058972468805132246,0.2802591208115106,0.12059669219003659,0.1010259375053923,0.1336979228306858,0.05707879371287757,0.04404400695953919
0.10764193496647394,0.13969471454653187,0.09822129552313502,0.17091672944442782,0.10399583369555604,0.1352433572201079,0.10271581064687783,0.05306734607650284,0.0885029778803867
0.13013380029834506,0.1309845811094534,0.12554839064324624,0.16126007544308602,0.05296437426488063,0.11163964792905438,0.06797313318314224,0.14512703634795263,0.07436896078083945
0.12093873104263787,0.12283875647766734,0.08761799732825505,0.14061155868967537,0.11595604370044839,0.12774203367399564,0.08125098890121742,0.0984722222625863,0.10457166792351662
0.06075393895535807,0.05080897566463499,0.04388973840414229,0.2509214290891479,0.042396819782867336,0.06946488008871689,0.44121385727220913,0.02725295407842869,0.01329740666449468
0.08078400282692584,0.061470424175525736,0.06366018385851957,0.2529444344165596,0.1004618793855977,0.0778208276897366,0.2965399019236064,0.040344585758973685,0.025973759964554918
0.07083648390701074,0.05598041412910926,0.11468755811480032,0.07667201829901049,0.07640300783567355,0.07272105173564374,0.43985494472590375,0.04822855286666309,0.044615968386185034
0.11403669320672356,0.14907558609954674,0.10805862126464987,0.12734439664115582,0.12528757018234696,0.13433786024706038,0.05150380896771822,0.10506258390181726,0.08529287948898122
0.11349331160373555,0.11675665301020645,0.10456709498072934,0.08395651620495825,0.062299813433910674,0.11070319791865157,0.18941254974279997,0.12588278331555683,0.09292807978945139
0.09069129325200222,0.0876989462065541,0.08018382591857938,0.18409157309830979,0.07006582925849193,0.10325760381424771,0.255556873202595,0.06013171792946879,0.06832233731975108
0.11461496089266775,0.10757081264662412,0.24866915131126563,0.07626308860505611,0.07612853484634206,0.10070357615834015,0.07039229481774807,0.10089004020219343,0.10476754051976268
0.126682258228198,0.08761134867602306,0.06597295986601694,0.07799043612561844,0.09698179149382462,0.09894716891388307,0.1912759390771289,0.1842350790807856,0.07030301853852143
0.12400083888348103,0.0908265130715596,0.1314137855983333,0.18920534229009922,0.10468933140815623,0.11004176789146365,0.08796542725188121,0.053632764516782054,0.10822422908824364
0.1191095834647621,0.1396271644091149,0.11321541415419994,0.10004951759920304,0.10152727140187696,0.12824253578589778,0.10948007591311786,0.06932469098147309,0.11942374629035428
0.05978455397353072,0.06783821217192397,0.05057554049100918,0.20958176853819743,0.0687420860513568,0.08974997928607846,0.3812535553472674,0.044349402360301333,0.028124901780334683
0.11294685177021264,0.1488315528969894,0.09576690203299558,0.08224324115389359,0.15851841810247955,0.14042811949153353,0.07371763400910199,0.07950654154389374,0.10804073899889999
0.09735727584336501,0.09385922448262292,0.07288241601158868,0.2415356918390561,0.11172118361832384,0.10341661916686763,0.1678213095245197,0.047015049650640205,0.06439122986301592
0.08462176154108214,0.08822959462051255,0.07065025433490148,0.11007354380403041,0.0686743370531364,0.08737565504969858,0.38169947866769055,0.07365946871524166,0.0350159062137062
0.13766420199549972,0.16692786484488223,0.10449334017524066,0.07676377905145113,0.07734791775320031,0.10973072894345366,0.17350519683776625,0.08026640669877289,0.07330056369973305
0.1122684958111263,0.12725681459538263,0.0928771473506052,0.06132436968670186,0.11035018975227862,0.10827537471888238,0.07001949566343181,0.2325906259144402,0.085037486507151
0.12877222748640815,0.1379119837371864,0.1312017704506215,0.08616405326185438,0.1587928766697561,0.11787753217424647,0.0257619764558347,0.08009056787551,0.1334270118885822
0.10259962995253373,0.08135004292042407,0.09886014437332874,0.20098586656627015,0.10867611686842821,0.09775403845565374,0.14991688484535223,0.10103312842390728,0.05882414759410191
0.10574058451677981,0.10987269380267344,0.10780332536653985,0.08295733027104298,0.1210392372942249,0.10895083398736732,0.2347702671818593,0.06500343280575059,0.0638622947737618
0.1303598944587564,0.16514245449428436,0.09445986904404102,0.07775386451182342,0.09009315041176186,0.13258230907235993,0.15449164118912134,0.07690572443820665,0.07821109237964502
0.12024783301979651,0.09673796893415916,0.11346722236879352,0.0958759049461672,0.12113772143835715,0.11897651020322686,0.09992730139833635,0.11662475160468666,0.11700478608647667
0.1119186333940443,0.11526779186003512,0.09220415742150423,0.07659137656361954,0.18968665737639093,0.12592687308180028,0.07558917711884526,0.08228563689604436,0.13052969628771596
0.09339702102908443,0.08256482621371518,0.10488981940941793,0.08994250615120224,0.06789756532747045,0.07988432047913806,0.34095564255058547,0.0946261445954465,0.04584215424393976
0.12144211054029862,0.13829565070505823,0.11132229028548718,0.1467435005312788,0.16077546543473908,0.13534119549323215,0.041060737950090666,0.055224014659471736,0.08979503440034348
0.11211562628244338,0.10815627600194251,0.06708224141778003,0.13209340041761497,0.1349190656920997,0.11793054841654482,0.18015405740964516,0.08264261788813282,0.06490616647379656
0.11444008804123584,0.10903033632105415,0.11852971887065576,0.09947376950626681,0.1521048223282174,0.12816629009808408,0.06981329801101348,0.10023446638757949,0.108207210435893
0.10662082214043656,0.13336633743737059,0.07080498179078613,0.07117586208625754,0.10534628594901002,0.14377368450261588,0.09052378706125387,0.16566425476339547,0.11272398426887388
0.10766397147066352,0.14029894431768006,0.09106534708776261,0.10070938410056524,0.13526586808282734,0.14447126858230364,0.09860093634268591,0.09961326683577269,0.08231101317973906
0.08097544167912264,0.08225028653827136,0.08346277994564154,0.04744559752515052,0.0391788637632302,0.08577473920192592,0.48796008761835163,0.056226711473271906,0.03672549225503419
0.11802822155263354,0.09139111351358097,0.09583687146941183,0.171161482256469,0.12679661151192692,0.11891495295518612,0.09629994532695348,0.020767172464323164,0.16080362894951503
0.0941992873139365,0.08842004787833328,0.20907572490715962,0.05061874751770418,0.05702512867186892,0.077361839582601,0.2754908410899978,0.09396305481108426,0.05384532822731448
0.10373889388243256,0.1454018291807615,0.07711680095466666,0.08925950915002923,0.07597988728494341,0.13520574777731229,0.12662685938899457,0.13553570265152384,0.11113476972933584
0.1321989034302573,0.12757924018043604,0.07614829539133343,0.16083927914698307,0.11989165445059413,0.12281109387489948,0.062254435560146336,0.14171762946030272,0.05655946850504747
0.10995114239808355,0.10253726551389554,0.07961896967186631,0.05057411772792756,0.09603709125521198,0.11077317857474628,0.16113365449461073,0.17997702544287542,0.10939755492078264
