0.11635649863826665,0.09165188277937954,0.11201258873398179,0.06484078851905938,0.11862421152003906,0.13829732012334245,0.11268990671989376,0.04761252290566986,0.1979142800603675
0.12001962055335434,0.11429292653604901,0.11638780585513793,0.07101076965617571,0.1335765321422294,0.18530008733318323,0.13235132628916374,0.08381531526118176,0.04324561637352484
0.11893764938874417,0.12211981283369783,0.1275142958542199,0.10979112516056018,0.1412002655169665,0.1340959156932651,0.13144760191226912,0.0680691536945885,0.046824179945688736
0.14818191522403518,0.049823825686176056,0.08607439557177526,0.08438586910321161,0.07722162640561886,0.0430644063603993,0.0733158386354648,0.08890577011608895,0.34902635289723
0.09243925584315038,0.12787899423942223,0.0985022430869786,0.08544805894159002,0.0896064856149134,0.3063033550915395,0.09661474219788196,0.06406263190236483,0.03914423308215905
0.0819530964386106,0.13811219285306353,0.0967194326006507,0.13521230910146123,0.117074882322307,0.1525935270819421,0.11480350820014153,0.11322609784069332,0.05030495356112994
0.09664476846265045,0.09114894068105746,0.11837519880094294,0.07525724990317971,0.12748179060874013,0.14346011024175184,0.09059700445152052,0.09494746043449757,0.16208747641565927
0.111590109105649,0.1547771444777162,0.1629902313852415,0.13246032694612062,0.14519811115293968,0.09227567835599049,0.08611444481515233,0.06514103988146182,0.04945291387972833
0.11325397584195873,0.18609598993902174,0.15904062458285165,0.10987262761767225,0.12473848481770022,0.11061300968486953,0.08502735815129203,0.07595552548781905,0.035402403876814766
0.07804872940729882,0.06972762567815256,0.07882119839830593,0.09710217379652224,0.11908539399218632,0.16140936734260244,0.11343725323458158,0.19062249647222515,0.09174576167812498
0.1073322962663944,0.16231849109847682,0.14076580992946344,0.08953047593363128,0.14207024391982523,0.12470010019328126,0.10936304295918742,0.09226282280842779,0.03165671689131235
0.13529627735268698,0.13036218952416226,0.1071688099597678,0.11988736785181477,0.0935144402291987,0.05704339528045955,0.0888834495686917,0.16889884492588556,0.09894522530733259
0.09744115653877382,0.07461115082858363,0.13907961275044378,0.12505327508019876,0.13557939147578246,0.11093592788886542,0.12270335708066316,0.0997110254839582,0.09488510287273089
0.13954093930860303,0.13879562563214531,0.1385737425349358,0.10477218578419555,0.12562548643151258,0.07191267028746151,0.07951659714374203,0.08665760680930827,0.11460514606809602
0.09267871300911117,0.12733840291658158,0.11534118294016484,0.11239008459654491,0.12914766683225296,0.08769439573432601,0.148338512941825,0.14957916631060228,0.037491874718591355
0.11148059215186194,0.14452620623791168,0.11016177504195328,0.07048910660677764,0.13452833462664818,0.18286556528575734,0.08923480463808835,0.060121687432521,0.09659192797848067
0.13690449949709885,0.1525871374425956,0.08512990758776705,0.11139060027998476,0.13818463571653714,0.08182914364127758,0.13897838818486266,0.09447842794726431,0.06051725970261205
0.12346530571927983,0.19074746410127916,0.11540077507027575,0.10735241421345748,0.118370825732804,0.08911780992544323,0.09108293755533818,0.11580954921592963,0.048652918466192775
0.12432166184371503,0.1740826296453383,0.12341616008859574,0.06533143812998023,0.13532947592367428,0.0998798870613341,0.11369667265853885,0.07895907678949389,0.0849829978593296
0.10389506500980465,0.25660450115557437,0.12600455594143703,0.11274755881893411,0.10446241060823391,0.04520571739679916,0.09660154839266283,0.11354589816778578,0.04093274450876808
0.08847967111110715,0.0763619581066286,0.09399718347881116,0.09240299488042274,0.12286812933849496,0.1147364554923211,0.1432166971985751,0.1847654652133246,0.08317144518031466
0.07459273338510523,0.031539285687419864,0.12062317020683462,0.09484350639275381,0.0996115527514167,0.057453223695424216,0.10317792944280309,0.10523166171389382,0.31292693672434874
0.14315996396696065,0.11370057756505403,0.11168398455264432,0.1322821248801901,0.10062399054632326,0.047425089241475066,0.10685979926934004,0.10187168967262038,0.14239278030539224
0.09935166574561201,0.06407570207158325,0.12172744459431394,0.1376274009362786,0.1078182168239606,0.0893353774033205,0.1234356318867776,0.1904736378225509,0.0661549227156026
0.0889235428634957,0.19906141410942743,0.09320898944644677,0.12346770496364812,0.13588438994862512,0.047797806682220556,0.1360505003663801,0.12130095260502044,0.054304699014735815
0.06851043405028749,0.23157909254271894,0.08295801548055957,0.1119014819633634,0.1388119667217744,0.0683769267894156,0.12765978442269815,0.13245341232236052,0.03774888570682191
0.08325400747837629,0.10142759878605245,0.1001035398937623,0.09063148099958496,0.10484633300619035,0.12239660866445719,0.0981293407816443,0.12938316398634844,0.1698279264035837
0.127163322339316,0.16800133312026513,0.12644097863587078,0.06797268661502383,0.0956686141808128,0.2045274800164456,0.09074789302583991,0.07639004542848438,0.04308764663794162
0.09512084244475776,0.14713641800532504,0.11062225081810528,0.1311813539492461,0.13286890697373055,0.09748718518124515,0.1293470259234109,0.12727518843671012,0.02896082826746905
0.07436019250854176,0.1386846424436949,0.09677821600548381,0.11899265627254618,0.1509141853753172,0.09348857746703161,0.17184890585658585,0.11879099433483874,0.03614162973596007
0.06959490736137813,0.08000006782344782,0.06640146050584282,0.04084075265827108,0.12837060621002655,0.29288032926740887,0.15485850531924558,0.06921763445568298,0.09783573639869615
0.09145937940318355,0.1286716429426882,0.09992982962541656,0.12179731626849628,0.14294338174859214,0.09416723792205724,0.13970648979985678,0.13649847436728949,0.0448262479224197
0.1422385370262613,0.10965935712568808,0.1401202565607308,0.12733809667317325,0.12488942108658352,0.08643401805021866,0.08404576634014527,0.07471971184273478,0.11055483529446421
0.07632303317734958,0.07694725250133733,0.10060678217098258,0.09879959701380825,0.09608598440630599,0.10149273758318961,0.09889095462676072,0.1343798634345078,0.21647379508575815
0.1254772548094252,0.12714818798027314,0.15284732739881424,0.05383676097181925,0.10417696334781412,0.24676083811188101,0.08828045227752984,0.056611186151917764,0.0448610289505254
0.10551385056697571,0.11638955088489682,0.14341264003377163,0.1262231100417631,0.12113223979778469,0.10263042954813996,0.09716876748783056,0.11922597151650327,0.0683034401223342
0.1000365960341945,0.15114552228329567,0.11215143428114342,0.09412190821223743,0.1070034806866283,0.085824945523935,0.0764978317126832,0.1610245343056822,0.11219374696020028
0.11735737884668572,0.16408677572176658,0.1481653881259987,0.10943946372556528,0.10626047515003634,0.12167407173648738,0.1034841187209808,0.08646469852161937,0.04306762945085978
0.1362850616020174,0.16130097791283038,0.1193349389184618,0.1122398562563723,0.13921055700609428,0.06460639757136401,0.09605040125630061,0.10919992838858321,0.061771881087976044
0.11156280631782249,0.18037633240010364,0.0871222686547072,0.09223232327909377,0.1264292996142761,0.0744232042795214,0.13626643740486385,0.13557361767208576,0.05601371037752578
0.05209363766501988,0.04965062235732551,0.06970989002348903,0.04025707660037515,0.06375349008523684,0.08287275490358026,0.07467209545896268,0.17330711913894634,0.3936833137670643
0.11743935281039868,0.10806765706567101,0.14347846036239795,0.0683791413218587,0.14170316136314223,0.09392985371016273,0.12973355552045693,0.09198400833944297,0.10528480950646875
0.09247741882874123,0.0971136102792166,0.1105091756963641,0.10186413783152508,0.12252890644114321,0.2097502860547554,0.09599038229768031,0.10115771887268797,0.0686083636978862
0.15164181792780726,0.0899305165636405,0.12767758634181142,0.12183889075613613,0.11799960318315206,0.08574060942747858,0.08536739283328287,0.08788958956444541,0.13191399340224583
0.1032689209083683,0.09795854301695939,0.1237370141273366,0.17798270504314437,0.1263410186868326,0.04820062625826413,0.09260709007891733,0.07046916527678743,0.15943491660338996
0.08924034921581626,0.11188105486027577,0.1342373129986795,0.10787423653263413,0.11899211312025075,0.15127001028236922,0.1109111815947571,0.11585410479558049,0.05973963659963669
0.1159209937245141,0.16636257243992403,0.1689706050001628,0.08439220330222436,0.11329183765753102,0.09187563299762769,0.12030107568610911,0.08352744894464732,0.05535763024725959
0.10007812616108984,0.10063475330276506,0.15786092469163215,0.17114537839478816,0.14235935341109407,0.06382801388325275,0.1358615955594518,0.07529212923889118,0.05293972535703496
0.1832549441592222,0.20082411693929633,0.1323786958606549,0.08856612348077529,0.12340532443378245,0.049344279137246566,0.0826777968911009,0.04453750096013356,0.09501121813778778
0.14014710381231255,0.1610670261649746,0.08142662149945806,0.12159156352576499,0.12285486664108292,0.07437001710445702,0.0932953466281463,0.07068823135344603,0.13455922327035755
0.0970534756941487,0.17472252386572382,0.1253295451541918,0.14110884785970423,0.15707702649008104,0.06859740854408485,0.10400110920353837,0.09727274646019714,0.034837316728330105
0.09377175717178506,0.0802911038128302,0.13383043396220784,0.1171393017381399,0.09128769255696279,0.09651333349382767,0.10160861143484246,0.16656690059906698,0.11899086523033707
0.05984076048254051,0.04811909552794382,0.11286247513216491,0.0697559850189746,0.12364351774547398,0.1575651141272327,0.15152582838944928,0.12160004382985601,0.15508717974636413
0.13020566914126566,0.1728479114059801,0.1230146427111843,0.13313017514948003,0.11166109548689285,0.093719309382251,0.08989078849820481,0.0831516730384033,0.062378735186337964
0.15411910863600334,0.19099040331554593,0.13474533391783086,0.08497280973991861,0.13682713704530625,0.06524802830606756,0.06923317523544503,0.07450851717099705,0.08935548663288546
0.08469986658690858,0.2602863161340283,0.09499838460464645,0.11553772215530793,0.1316308886262624,0.0962613635051459,0.11113063401795946,0.07849239883882553,0.026962425530915407
0.11911657599257079,0.2038290829408339,0.09371591468440425,0.09689356961163846,0.14283006129591205,0.06946145918637979,0.1257215140978992,0.08807968079097285,0.060352141399388666
0.11387840253982151,0.18104837566964938,0.16737731381222387,0.08333620668671343,0.1392551138553955,0.08037216782814134,0.09413455297954465,0.0930859866182742,0.047511880010236214
0.11197443041101979,0.18293959484008052,0.08795699054196471,0.1510221428487879,0.1232177554862599,0.05882032838228648,0.11032545578737502,0.11287466064156366,0.06086864106066197
0.07746937535589878,0.08248251154539378,0.10310606526206954,0.1313748756686486,0.13790674259542815,0.08529314508233171,0.18482434351708998,0.10775863802406467,0.08978430294907479
0.1055096819484797,0.1275167150341897,0.12837462151167126,0.1614630588708644,0.09678161206023887,0.0348029762254039,0.1008069244546616,0.15224299080391832,0.09250141909057225
0.11386728712266196,0.08199023582893614,0.1191760443213445,0.08335565843522275,0.1207134798843174,0.10110735984948667,0.10841217321283037,0.0884937085482954,0.1828840527969048
0.08914528919998455,0.1024961590639251,0.08492911362944829,0.061506527218625456,0.1435345134131953,0.2778257343690052,0.11441991204423045,0.05646830959798823,0.0696744414635974
0.08705166579568974,0.08954547228565017,0.12793750947904245,0.0926804013275672,0.1036611489180529,0.17010430471793456,0.10523081568598057,0.14672145857588872,0.07706722321419368
0.1445338045397498,0.14960587045894821,0.12289925367968028,0.12049054669723479,0.1381405527877035,0.0645265354628554,0.09788372972106925,0.07732388186260243,0.08459582479015637
0.054420658710707746,0.14762088047576896,0.09459761214037275,0.04228519147964089,0.13404816240632397,0.14225016878886165,0.15866359347321815,0.13863488142356242,0.08747885110154342
0.15178767539093144,0.1704954855807402,0.10308954219393775,0.09159682364650445,0.13619576336469594,0.06934812099223796,0.1626768487884346,0.07168155268504786,0.043128187357469726
0.10999853204527048,0.04096267482742911,0.14515276006835898,0.08699634222713583,0.10907022334729723,0.07760399280576662,0.1231762130972432,0.11561436613783149,0.19142489544366703
0.06922215699857281,0.09211460357083835,0.08355088922446237,0.09666050415613585,0.13528216899032056,0.2101439740128289,0.14772652320141436,0.11429636306909736,0.051002816776329445
0.06726748699208786,0.081571284603096,0.1169537801741759,0.11947255219328719,0.1424014234197908,0.14870858514220972,0.18738231155659732,0.0751548877625934,0.06108768815616192
0.14379022476921657,0.10091959103420282,0.16070712629962772,0.0946116518003909,0.10200163783204341,0.050150280423485544,0.09124546525265059,0.11670968621601648,0.13986433637236603
0.0972648680732277,0.12212314103926869,0.09403650787369672,0.07623092543179205,0.13433690123424255,0.14872504792035066,0.12916839072020056,0.09489778408468287,0.10321643362253828
0.10328230455423688,0.10764364781742058,0.12101916909548409,0.1135418207610811,0.12141919756946291,0.13088597036170593,0.11036822985398693,0.0991635220967707,0.09267613788985085
0.13216437570321238,0.18091462495849334,0.12634808972156095,0.09024550113250573,0.11260814174431293,0.07992782311456019,0.10322939222378529,0.10919107912241112,0.06537097227915817
0.09743593134057194,0.1548733841049629,0.10335793678397809,0.08968471600833326,0.12228454606494704,0.1164107190972233,0.11736294308369162,0.15806004979314614,0.040529773723145764
0.10672032040525242,0.1626980353184652,0.13305821334522694,0.11642629151066365,0.1194488169736978,0.06610730882281939,0.09148675169177374,0.14981346415029476,0.054240797781806106
0.10585439147443881,0.0850118149861055,0.14581402342661434,0.09983533903962837,0.10814815179998653,0.09060661332950926,0.06489278359997946,0.09200380130620851,0.20783308103752918
0.09097032994279501,0.11412720502282193,0.12315225556154835,0.08952934500386495,0.148398530495769,0.1324575956995506,0.1527937170202692,0.09128287474125746,0.05728814651212355
0.09168374836748126,0.12358610299009513,0.1120270937793994,0.14807807560576108,0.12287499995051794,0.06741701561976103,0.12027542177457662,0.1461795136752042,0.06787802823720344
0.13185770307982783,0.1374855888016332,0.10396468534314995,0.08504618605963236,0.1492981600972169,0.09118275228827309,0.15518999964705169,0.063794455095762,0.08218046958745302
0.1195927280379384,0.12417500701112298,0.12027077348984833,0.15725282024247403,0.1243417810554635,0.06463751815511215,0.10748870822144298,0.11548971972947115,0.06675094405712653
0.10448234696361507,0.17086910595486257,0.11990561707333765,0.04302910063937215,0.10828187891887842,0.2710405307301519,0.08787161202665843,0.05953241242243751,0.034987395270686374
0.0906038905157334,0.17937588054550488,0.09819402477427697,0.10433723196302898,0.15483527441540432,0.15466343131513063,0.10578667403162674,0.09077742779928655,0.02142616464000745
0.12042598707334091,0.16171063987597417,0.05732593189700347,0.05995234025132037,0.11918822102279941,0.22514141114840217,0.08840773301632093,0.06639207484723701,0.10145566086760156
0.053554270995183915,0.036277538566335824,0.10758988885339515,0.07861893324946878,0.1260027085730747,0.05267858312528822,0.17337821021992839,0.12424470887591922,0.24765515754140585
0.025735658692289453,0.003628654036305338,0.04838591878395129,0.034490546714131674,0.08054158250966668,0.17781645525375533,0.2140627407875575,0.11123708134645766,0.30410136187588505
0.12342775559571668,0.10535434180815013,0.07964251371520957,0.07380908003388882,0.10447983783713415,0.23656547954498428,0.09006803495309024,0.0527640962104424,0.1338888603013837
0.04760482659636795,0.06953130863595529,0.09115506927563176,0.07841859489507154,0.14534437277296697,0.1850211651032414,0.19962026861515014,0.1135807423668636,0.0697236517387513
0.1490355250117289,0.13036994252568548,0.12690487287424193,0.12147795317578353,0.10556932796581338,0.05542685491899341,0.07904905516390026,0.09593930656667748,0.13622716179717564
0.1200017314980159,0.07725388680452112,0.10138463499597185,0.0806419069942847,0.11787789514489129,0.12911180510994077,0.15133107689632583,0.09339889911837307,0.12899816343767548
0.148586529871675,0.14352795999055576,0.1032559128827375,0.127638546668469,0.08983254107126988,0.04434865866868684,0.0766611066795077,0.09701378468700918,0.16913495948008916
0.133605829188971,0.10942406002944556,0.12257742154734773,0.11682040081848104,0.1525046841768508,0.07421808275197585,0.12455113088123192,0.09043735082852973,0.07586103977716628
0.08775965903880924,0.07992185964447007,0.11062467705429786,0.08438764488694889,0.14567294794736094,0.14736791773034677,0.13270137660445072,0.0761652560630751,0.13539866103024042
0.1159343262603751,0.0950403812798178,0.11411272135048661,0.16207617840857078,0.11308940703956255,0.04534933545517558,0.12369465342154799,0.16246531550310206,0.06823768128136155
0.16429264788961442,0.13694066950345793,0.12993972631448425,0.0769529510611902,0.12678207297449198,0.12584980589808673,0.08328544941791904,0.0784040594172558,0.07755261752349966
0.09126512552875521,0.04836226911745831,0.1310369452774742,0.09949027818176702,0.10636578398725195,0.20950344745975524,0.0953051033626275,0.07319799822357283,0.14547304886133774
0.17189902892170586,0.08680225168334298,0.1384490781157697,0.07451785057916789,0.13071540707309737,0.10607466785785628,0.12158835773230858,0.09069642706132147,0.07925693097542987
0.12429520729777231,0.14405506888017106,0.12897638503996545,0.10779767595997014,0.11812320995891963,0.11447447096419461,0.08455751600176126,0.10725447120512477,0.07046599469212077
0.09615721577100865,0.12242085157299361,0.10852697404035079,0.09092217351320163,0.13859287570469653,0.1705398898650707,0.1294067621561964,0.08441925852589055,0.059013998850591186
0.13256950673003223,0.11109045899055692,0.1185105636997833,0.10507180961538576,0.0952752856306614,0.15486959619940435,0.1025743532716429,0.11991671194377855,0.06012171391875471
0.08530260430798305,0.14937810685500066,0.14088267875025867,0.08201430836322066,0.11294762080125338,0.22668770212324937,0.08356279473938771,0.08282749376705105,0.03639669029259553
0.08385070688009344,0.17112087092533068,0.12433835648796004,0.10289752901204265,0.1176001967713007,0.09995434339572766,0.13719894167675026,0.1240078696256411,0.03903118522515344
0.08605358262661345,0.11555594282562089,0.08634415681852436,0.09897302729359451,0.15426239511293094,0.15511571527604898,0.17113440172178518,0.06921199002160693,0.06334878830327474
0.0995946066050678,0.14972773564945221,0.11953969252407015,0.14352845844290993,0.10180570994548292,0.0742504314342618,0.09079810692501306,0.17408412702691647,0.04667113144682559
0.14989605593739225,0.1374595455811629,0.09703564732494553,0.06135040152285944,0.12825079694419741,0.18179202028575672,0.11563962406473012,0.05080925856083753,0.07776664977811805
0.05126333355206602,0.05509078327686795,0.06886584510129044,0.06684100552591635,0.1346793044579441,0.17606464479555084,0.21019279697926843,0.10423224585918593,0.13277004045190996
0.14069127788840305,0.10087563487101255,0.12664456706695626,0.07772038632745955,0.1364232785062388,0.10628749932833688,0.163777688440175,0.09255346469646863,0.05502620287494917
0.06825294582965975,0.1505828323899726,0.10128028778092751,0.06293645279827549,0.07914792496441894,0.16170449832862563,0.1272925425134588,0.16852201408161704,0.08028050131304428
0.17270820228782444,0.10504288992992672,0.13248940332806822,0.1011691458190761,0.1288554987885313,0.08263273720805735,0.11558564388627603,0.07586092353589415,0.08565555521634578
0.08681926380709466,0.1346809952409585,0.10965038031302014,0.08014656008276534,0.10676935381697115,0.1909889803312098,0.11823590618059654,0.14171273119805775,0.030995829029326055
0.15876637413724834,0.16127169690447082,0.09626962914991855,0.11771228254882848,0.14715091735739058,0.05862380801424,0.1031290372144298,0.08474680704878994,0.07232944762468352
0.1816452665949797,0.11244332259463524,0.06917697656493337,0.03619933339081453,0.0894340457596124,0.20272266645153683,0.08272293044704508,0.0378771552883358,0.18777830290810704
0.1015299950777711,0.19549349065242558,0.12158917131515483,0.11606480123046725,0.13194030033801996,0.11024747607206832,0.10439493931954842,0.07550989181112078,0.04322993418342371
0.09724748121118305,0.07486411121078626,0.13328117596854452,0.07663070117581024,0.12192373522629213,0.2166844701498298,0.12329488446411004,0.07537439241330489,0.08069904818013908
0.10527085528212914,0.17890997104085962,0.10530842307025239,0.09940992546536691,0.12427034435465062,0.12436577368193702,0.12525135590139785,0.11032181993430491,0.026891531269101526
0.06243626071313948,0.0979733887596367,0.10284486752991218,0.07780265603159642,0.1409111521680946,0.2244444117380329,0.15341608358542325,0.08524021659723617,0.0549309628769283
0.11589812344336292,0.15273592400493946,0.11358081024484958,0.10527614461038048,0.1325683568599546,0.0637090885965894,0.13043242076611747,0.11164983413891073,0.07414929733489527
0.07846953632952157,0.06039583845485771,0.08928077721386722,0.1084307861554774,0.1301052565486128,0.051690922919813954,0.12781547977346017,0.03243672984161256,0.3213746727627767
0.10217397405989644,0.09529632345289311,0.14862779213211466,0.06228419707206534,0.12380040320587572,0.13118687754302624,0.11804136272346906,0.103392930474004,0.11519613933665551
0.11160515845780904,0.1964979565512354,0.10781333560787214,0.09476061012403397,0.137096862669751,0.10636750092172675,0.10943186597663511,0.10548425600427043,0.030942453686666177
0.12916749263727345,0.03724668476233834,0.09217585318452874,0.053642384556777056,0.10259349171742198,0.08272988939937267,0.10855104579335813,0.06943239178224929,0.32446076616668035
0.11906632205843126,0.07046856929432933,0.0813696027731932,0.06663535118987272,0.08990163942955193,0.14209046763879943,0.09254440850317887,0.11320042366104142,0.22472321545160176
0.09868083503616178,0.15130349585635547,0.11014034033901461,0.05292830978472429,0.09458153577080203,0.22724459286127843,0.08051667531257728,0.1040945338723419,0.08050968116674427
0.15136898683654074,0.12950690655343053,0.14179867596728024,0.069484614700258,0.1152356595381061,0.07685793769126897,0.07661459161539237,0.0738584310016258,0.16527419609609714
0.11773834626583872,0.2212542453775769,0.0730572644012437,0.09389997570832685,0.09082340672798657,0.15358129401696696,0.10157990924054094,0.09032531045593463,0.0577402478055847
0.11752703149897749,0.14737975456508176,0.08031737294903597,0.09384998779943586,0.1260705543662826,0.15733288476378782,0.10475718246084716,0.08073169657636961,0.09203353502018179
0.12694011395854318,0.18097171397986891,0.13778411592616033,0.11233093321461625,0.13811456252531126,0.058459110343866964,0.120336858770888,0.07649276049930588,0.048569830781439206
0.11082821097810418,0.10414690292727162,0.1371633384878934,0.10224783881389239,0.11894198394004098,0.1250953125720393,0.1473178222477203,0.09208907557445674,0.0621695144585811
0.1341335475623961,0.14704426480318888,0.11267142155977981,0.13705586150062923,0.1339678696381514,0.0983616986820149,0.09727739176036658,0.07273268007383597,0.0667552644196371
0.0745803725461628,0.16213006899397778,0.07569445750151485,0.11442443078805238,0.14249462286947803,0.0603162551676259,0.1832723073526513,0.1082631429988505,0.0788243417816865
0.07539514649098256,0.08139551091270754,0.08586023002625853,0.07926236950861487,0.13058276288743342,0.2945418016610692,0.13957491748743897,0.06106160673180477,0.0523256542936901
0.09439753258703049,0.262026187032711,0.06175088724003739,0.04713892263515785,0.1071841793066957,0.19091455375148506,0.09783839939206074,0.09052106611377787,0.04822827194104384
0.04967944596688701,0.056450280886323,0.08268730288163557,0.08049229974748161,0.09899184952200234,0.16303857574709957,0.1458564930304216,0.20715264540884215,0.11565110680930712
0.08366946507707522,0.1318011568996326,0.16178158027228873,0.06446378810768313,0.14799117383462343,0.09327303510382468,0.09876092209526709,0.0955883218107515,0.12267055679885373
0.12425787221922446,0.12878127266226216,0.15610609747786672,0.09429854865578398,0.14096789884283137,0.10454005199214922,0.09971799915187322,0.08060658291380955,0.07072367608419931
0.12082693331162442,0.128910262615797,0.15380292967301934,0.09591879640661383,0.12512383720971965,0.111046488875989,0.10708101265418662,0.1019425000425242,0.05534723921052589
0.08536565762164793,0.1262806991254037,0.10205419609382639,0.0999521955011964,0.10799185245215592,0.15047617790351608,0.10622069482995117,0.13665031958447824,0.08500820688782411
0.057549484758526136,0.02289814815581856,0.09068637014672103,0.04689125309776696,0.11017392056477511,0.11990010689881508,0.1778775020105998,0.09455627126936061,0.27946694309761677
0.10895037768936426,0.2054561627082984,0.11987350694481418,0.11794358219856893,0.1422303015870474,0.07994693829699417,0.09518360017104265,0.07942222501007433,0.05099330539379578
0.11093746346808597,0.13013319929608358,0.13383686564344685,0.16132422597420495,0.13120274893645212,0.07512981342155696,0.11902960905896619,0.0736108149416727,0.06479525925953068
0.062379982280466297,0.0649274878171182,0.11215820224497758,0.1282441777806648,0.10738115585909969,0.0763636919771191,0.11320625768172869,0.17620512667128788,0.1591339176875378
0.13275351173350033,0.16876347447559162,0.10649285697053017,0.10489860792940416,0.13570055644931428,0.08377886754299953,0.11431737070880477,0.10735306845358354,0.045941685736271665
0.10878305150322087,0.18871103285452465,0.12251883570903836,0.12689559411470366,0.1507517757983443,0.05935070834013403,0.11827423690760379,0.07998467544418993,0.04473008932824036
0.10558958670291589,0.08667486505011246,0.10402647610022338,0.06074364736582008,0.11109287408472109,0.25813766954045675,0.12898816903500956,0.07475396457301985,0.06999274754772095
0.11539737340934052,0.18633409700482087,0.11569511116161264,0.08896079827007046,0.13312047288125925,0.09096989693664452,0.10408719437212037,0.10917591730624336,0.05625913865788793
0.11473698981428271,0.17384513975832014,0.12821514746038534,0.16158588075590705,0.11109730454587398,0.0608169283893133,0.10636808508443078,0.10668155249743023,0.03665297169405636
0.10733862047762936,0.13877630560191748,0.11494954502524886,0.11327987393313793,0.12714183814269117,0.15545642874057483,0.10953391328242416,0.08980723150919907,0.043716243287177194
0.08474499997448763,0.1749676276251528,0.12145819972143668,0.08454778326539215,0.08913264926872815,0.10371685353713156,0.10300047089853154,0.17827769542898764,0.06015372028015183
0.11789627590191225,0.13701375572203828,0.1211675247558081,0.10078004916667754,0.13976472001413323,0.11021537979586997,0.12757064385253655,0.05542320422014083,0.09016844657088331
0.11999467126589329,0.11461930217697126,0.1151822178678071,0.08591863249439897,0.1265610266778833,0.13482948841474351,0.10422239630733082,0.06861509191070476,0.130057172884267
0.059625479984832315,0.06532532839268738,0.10256468502424732,0.12487050839096732,0.12957563299944208,0.08490923639762173,0.17412253477295103,0.11679270177551655,0.14221389226173425
0.11752914750626235,0.1723002235561836,0.1382197821769963,0.07545198255438212,0.10159971165203725,0.0874977584248733,0.07211935859573747,0.11467105777845804,0.12061097775506964
0.13011909304669805,0.13131727376738841,0.089213777643993,0.07738873668895836,0.12590385508275145,0.13855391507472545,0.11192286321817653,0.14230653027672974,0.05327395520057913
0.08024878390040717,0.10942074461620703,0.12132311106812699,0.05897488859469308,0.12917552440110336,0.25813898758548814,0.1154856929432037,0.058005111585028656,0.06922715530574193
0.058401951632458926,0.03671118043161833,0.10429208693514387,0.04563282104699531,0.11990685288020975,0.28197268221719013,0.17795098883666857,0.04371545210791017,0.13141598391180498
0.14870057389692107,0.07353631490254327,0.1330947544749435,0.0899932499207528,0.09960445619652315,0.1339885731240075,0.08070159327541603,0.07260626256244644,0.1677742216464462
0.10180733340121413,0.16905322366222866,0.13301942952959228,0.06305487564337507,0.11229707929510828,0.08667263168751183,0.10117450719901079,0.15634820177091982,0.0765727178110391
0.12058223118159202,0.10996119491827427,0.11400312921092763,0.08006792992904706,0.13736599265204247,0.16183927162371792,0.13055281280076095,0.09531085170464959,0.05031658597898811
0.14423659553139037,0.1665223891871703,0.10424931164857754,0.10089519716265745,0.10939160970527767,0.09569274936128952,0.11935065137942645,0.1046140000079613,0.055047496016249364
0.15216545089365827,0.1411290105927574,0.1482518072712615,0.10062697458539809,0.11968711358728,0.062073191166880086,0.09264943053065959,0.06603595021516717,0.1173810711569379
0.11099595064825657,0.0857910796419004,0.10229538647624764,0.11150337772335069,0.1323948794933708,0.12240088226984026,0.11087840170577762,0.07374660402883032,0.14999343801242565
0.1268619854831707,0.07142207296144246,0.10524536671042262,0.13075704364020388,0.08513875635266444,0.05819160128170938,0.09298344675499737,0.17001823680806957,0.15938149000731955
0.12028902089935951,0.1984086369639657,0.15991830950283392,0.07147111019651074,0.1296053216166026,0.11680915777258737,0.08366953334317621,0.06970288262104733,0.05012602708391666
0.11649308811137578,0.06362660905336116,0.187877372660909,0.11058950146787949,0.15807217945178348,0.10328022105733431,0.11106208422050744,0.05680240602136619,0.0921965379554831
0.12468055399807276,0.13700721229729376,0.1124181703751556,0.1235168323647156,0.12860967599110948,0.12093154329142698,0.11168286461989958,0.08745748687847216,0.053695660183854056
0.15147093023880684,0.20330829039199064,0.10361682038972186,0.08284352679241401,0.10984243095878922,0.11846467370481474,0.07250644569900967,0.051270734605136224,0.10667614721931666
0.08293075209214622,0.08402060115281129,0.12010887740881922,0.12845223936623149,0.10808535773779564,0.06414352221426556,0.10936561353672615,0.203980542260863,0.0989124942303415
0.09858955261478247,0.134926617474576,0.14362283327056746,0.16856848719306447,0.09599797607209147,0.03739586627574069,0.11136996774353354,0.1568398762549349,0.05268882310070902
0.06052872554353043,0.1604449143818647,0.09177750251789041,0.1220084496879456,0.10894982836546256,0.11014252284340964,0.1133345177402374,0.17552972523584906,0.05728381368381024
0.12107067756141399,0.1126598889486914,0.1320261285038542,0.12694246291766909,0.1319973842978458,0.13181053837967774,0.12508194673878334,0.08321819585095523,0.035192776801109216
0.12711532408559223,0.15595519355419596,0.13518007860073597,0.11900166876247277,0.11167102549987855,0.07900772899971077,0.12159819640407717,0.11278323144396567,0.03768755264937097
0.12181229140058658,0.13618054334545185,0.1140491070160452,0.11365124512268569,0.15258742709021847,0.11153272685619499,0.11608644131427821,0.09359467384094385,0.040505544013595095
0.11423016469549731,0.12929300965480603,0.11322897298658856,0.1573595427661391,0.13229280073826566,0.08037737739582544,0.10562859243729128,0.10441453857539239,0.06317500075019428
0.09845849271481656,0.17547906854505826,0.1260816345247123,0.1012330776982634,0.15524978969869543,0.11588105421069927,0.1157781552548,0.07091492236392581,0.040923804989028874
0.10282830678650723,0.1862199827311063,0.10766291524593885,0.1598676626417578,0.12588795192840851,0.1068207757328689,0.10927093453126475,0.059291785464977466,0.04214968493717023
0.14167709818784063,0.17618987953065748,0.1343564845095679,0.07555598622582528,0.14623950551869844,0.07952407513573313,0.1104361020871041,0.08907980891134393,0.04694105989322902
0.1292632642279511,0.18065956452449924,0.09202120832379683,0.13565871902836554,0.1409966981783434,0.044635714786480984,0.11418532321083852,0.09361806286757048,0.06896144485215394
0.07611271479997539,0.06642334155092304,0.12119635130871605,0.06200358429998892,0.10716907314730005,0.31206003254802317,0.10793448379308246,0.07030756702631373,0.0767928515256772
0.1290367373291826,0.09824711246142047,0.17004212652664588,0.08166516060702801,0.13639023639016123,0.06547704051885785,0.08860839381154144,0.05348840139494352,0.17704479096021908
0.17356015383792908,0.2135872329990339,0.10742330906510596,0.07420718492429522,0.12331495441099398,0.05151044912958639,0.09220906787814385,0.07832758380626433,0.08586006394864727
0.11121456743072604,0.11142631578655991,0.14123950360819046,0.11949736111604477,0.1412470119191682,0.104233465711838,0.08133316729558389,0.10985487733055106,0.0799537298013377
0.14420514233878462,0.057847364573937576,0.11640686625072112,0.1165212410706482,0.11534521048007225,0.042667548261760585,0.09482019545197166,0.03809665438732199,0.27408977718478206
0.1270532497363396,0.18363657717621143,0.10955209250142169,0.08504509523064228,0.12509061894103485,0.10982702746246598,0.12052740118043137,0.09249077976253006,0.04677715800892265
0.08807864578180252,0.10152005232154397,0.14270427041380185,0.1021424557904252,0.14616695507142743,0.15677216588402465,0.09710554678595884,0.12890734318340705,0.03660256476760839
0.12338328005982407,0.16033487572884889,0.10377520750889119,0.14182617552743523,0.14705041226388468,0.06168841861574224,0.12476107517266154,0.06544446238667945,0.07173609273603268
0.1146954094800557,0.06057563723567435,0.11846810585374785,0.060448422366980226,0.11696054440977292,0.17082777381013506,0.11758503681474959,0.07937236343404418,0.16106670659484001
0.05725303538786423,0.016046794053151608,0.1306817945787204,0.07610351228463368,0.06733206339069679,0.030644244099090678,0.06723656766553855,0.026460114476850243,0.5282418740634539
0.11646915395743564,0.1513997133210798,0.15438115034168423,0.10693000670519548,0.13190601671771912,0.07165775088848583,0.1077548220650771,0.11609921933567487,0.043402166667647894
0.052336526072670926,0.0824492455258211,0.07032565387358286,0.04973535752660915,0.10875573140736233,0.2255387729912608,0.21013374664593062,0.12583121988071533,0.07489374607604683
0.10511935503941926,0.20305818185712707,0.08946572259626849,0.06858823227418888,0.13556708803439976,0.1516922048624426,0.11712872355570282,0.08356376651598736,0.045816725264463766
0.13847294804595747,0.13151346528257046,0.16601539298941803,0.09979296195375346,0.11646770395135732,0.05032165765708136,0.08224202592253081,0.10668139997171795,0.1084924442256131
0.10798204554762912,0.23957561699184235,0.10417201740201855,0.11789594631590977,0.11075027063926364,0.07311156950612611,0.0924062276482253,0.09711674376077299,0.056989562188212106
0.10511111289564389,0.10125122634738819,0.14723313911016248,0.17717816948920495,0.10477128363229123,0.04299173821055726,0.08855991677168094,0.0778779483806696,0.15502546516240157
0.09131337607855182,0.18863254293272802,0.11963211547685514,0.11406162865836689,0.13837999848652005,0.13414346532009325,0.09781333094735538,0.08164830588754797,0.03437523621198145
0.09334821945370057,0.19279394165798439,0.11608529637252707,0.13242650774090847,0.13280909296928875,0.08373379261000362,0.09665902152467827,0.08883303670203031,0.06331109096887855
0.11597497779132016,0.14426666322082082,0.09792674330542289,0.07484671654369031,0.15779011789579359,0.14962131146474053,0.10899281930449833,0.06390617635883644,0.0866744741148769
0.11390423674218875,0.2153930026344276,0.11722088854990047,0.10195363513408644,0.1029702990302805,0.1275483920098697,0.07632762119989321,0.09504499676578788,0.04963692793356559
0.08451458734232277,0.16135265692844328,0.08896785559209287,0.08358984847974511,0.1201976142829397,0.0862214973170647,0.11455663690103678,0.19417777631939834,0.06642152683695651
0.08148425776848045,0.13551776004338514,0.08984461168068593,0.05160296961722755,0.12100056649158064,0.1689296498136484,0.14251599806488754,0.1277972486975408,0.08130693782256355
0.1090177055688664,0.16535316664340935,0.17961578419468668,0.1286841121142783,0.11285201437821367,0.041089019589770875,0.07017733696085653,0.11749369308721395,0.07571716746270424
0.053154592083081785,0.05332795070219478,0.09981132501147505,0.07126600628564732,0.14877078531312288,0.14123525647504884,0.19541418945381492,0.14951361606662272,0.0875062786089917
0.101999637026852,0.07920654850941922,0.11186809787959118,0.13632440155711448,0.09562974473374246,0.0641617790562201,0.10340424723043791,0.1617385075185865,0.1456670364880361
0.08217833256533946,0.07950127414921286,0.14890264096791567,0.09296572648807455,0.12152665825205711,0.10298737234706325,0.10521101493576769,0.16203166858881263,0.10469531170575681
0.10110307401074968,0.13327352997049108,0.1379184166242585,0.13404456505582432,0.13533917187460684,0.09580281950386288,0.08246320781581866,0.10194442998829689,0.07811078515609121
0.06138824935201281,0.0874540160679211,0.09241578060284578,0.07464093168445408,0.09572420462115795,0.24252606618908912,0.10820974629429309,0.13887015853453347,0.09877084665369257
0.12914196286128818,0.13512146243941206,0.13322736511778033,0.1219025244507591,0.09742731657486325,0.0874030169396582,0.07512454326450983,0.09426963589406445,0.1263821724576645
0.08802325318910571,0.050171314705176724,0.12229677404110324,0.06541253586954365,0.12643977914299595,0.18411773124468392,0.10286220240172135,0.06492972757356348,0.19574668183210595
0.08496418334479217,0.13376961310178762,0.0717160612407856,0.12146733800014005,0.13728901806388458,0.18733280191745774,0.10393113474211184,0.0583870303241192,0.10114281926492137
0.16291643635811084,0.08489641488987631,0.16728287717484047,0.060414280266439226,0.14568732473724305,0.1422759828097323,0.10208929877261193,0.064348772626721,0.07008861236442482
0.060561029300712055,0.04963720889425292,0.10137712654804787,0.09450578650834396,0.12583275133367952,0.11278538971671052,0.1973384055979264,0.1125789584416238,0.14538334365870295
0.0985875617169747,0.14472460664055944,0.14890726581488103,0.08061447522959016,0.13512863897237706,0.107516732698555,0.11483093763514884,0.1037732135897461,0.06591656770216765
0.082541108087525,0.1873899178740849,0.11757494914903233,0.08075390353538958,0.11340051600634572,0.21920309463986207,0.0948405558061189,0.07717612882896717,0.027119826072674352
0.10289064552659465,0.12680932370522244,0.13820017680832153,0.07739697183601318,0.13054853784013146,0.1314016894878105,0.1128960072277773,0.1098910728854015,0.06996557468272752
0.11547177989054684,0.13708633502917936,0.09386816717739237,0.14126882685282477,0.1418286313216662,0.09946388982226793,0.1171856884762792,0.09193861318133793,0.06188806824850542
0.07672179067368497,0.10688688852066279,0.10560341369637889,0.05869065726360265,0.12584384667363865,0.2343416170784917,0.16779760504496255,0.08373572629875133,0.040378454749826445
0.0950944277538331,0.12264419622783357,0.08425772380349102,0.0725779024876679,0.11361491601742373,0.20101655854504788,0.1464489751870807,0.09957481644838335,0.06477048352923874
0.17319121437257146,0.13395266180432186,0.1291836138994871,0.06233110154004239,0.11477803069212157,0.14105181783607093,0.07425202682895364,0.06748983776660746,0.10376969525982362
0.06030701935909705,0.051248350546284675,0.13523936613088072,0.07448842540011048,0.1257562910664425,0.11354982127065787,0.16936590263035747,0.08800957655027464,0.1820352470458946
0.06917163476435031,0.1407904923502167,0.10602860271699566,0.09222734093214476,0.11268355964597725,0.09123933348169037,0.12871488472100084,0.1533175096382641,0.10582664174935995
0.11140283988468024,0.06835332085573499,0.1152232806923039,0.09833990105088235,0.11995130766072888,0.10960777121991268,0.09214784998566083,0.054795143046762064,0.230178585603334
0.08167009983562096,0.0734938831435306,0.11314135411361963,0.09131851336810098,0.11193042579771494,0.07204347781572058,0.10402456063412595,0.14671299804687377,0.20566468724469258
0.1007087860758185,0.1345065663502658,0.1068284234859309,0.07349341949814055,0.11342895978542678,0.15648609051507933,0.14110877968661603,0.08354246845011565,0.08989650615260651
0.06548567418307354,0.10654293555882426,0.1063027324738901,0.08124898493659045,0.1264402596794086,0.10563421563129656,0.16136435093608928,0.14921378898382567,0.09776705761700155
