0.14364137812467406,0.08340589147976868,0.12038598251810223,0.09329665648150114,0.15534426842323737,0.053013287683083,0.07281316559734008,0.12576444018401636,0.152334929508277
0.15680035539183,0.07345436428680406,0.10393775043331703,0.09584982148413629,0.123493516584335,0.14868481352294013,0.10662704488352785,0.07666624817123653,0.11448608524187313
0.11046165720867174,0.1901351376383503,0.10879095851084099,0.09745017520966621,0.10071151020246999,0.072959925280901,0.14241359526218328,0.06908070990540156,0.10799633078151487
0.12262307731077071,0.19723109909467804,0.1176725885084499,0.055069131225252005,0.1044840045529422,0.04853257751403547,0.1343000519651401,0.09884261340761664,0.12124485642111493
0.10492758293169506,0.07350430278617893,0.08263995725929256,0.15322795613483908,0.08618515753729948,0.16153381354744578,0.11265954392837448,0.12024663783735624,0.10507504803751838
0.13214163637394094,0.19662325562392224,0.10189436515920379,0.02910555199425886,0.0996265619135729,0.029779149930198204,0.09670629339251696,0.1852160665129234,0.12890711909946276
0.12909051171908076,0.12260425970689724,0.12808472211521418,0.07968610377770295,0.12285458470019138,0.060210794007947016,0.11775851055131843,0.13684284017054119,0.10286767325110692
0.07779929813912766,0.2153602887718589,0.0790545919374006,0.09532627996041154,0.09389351206237041,0.060534113318085066,0.11218706677825628,0.15905147665231542,0.1067933723801741
0.12725416757173183,0.12478664836607672,0.10540933007117796,0.08391971609578656,0.10580426621043719,0.046631828830033493,0.1477947386743169,0.14828196763419146,0.11011733654624788
0.09277645303885391,0.14655800203230612,0.07942624061222724,0.0693236950012089,0.11858884889542753,0.08740261124215253,0.12353406857463829,0.16029422523091955,0.12209585537226593
0.09915807510968004,0.09887673873086728,0.08502871244370298,0.11532121462125337,0.09842761116204635,0.10554697708504085,0.07698821475412604,0.20803890850359466,0.11261354758968835
0.11906052698727965,0.06713585542611411,0.13176843546712125,0.11513494455829403,0.10133972075252325,0.1755620276145028,0.12208757783761977,0.06726203869987908,0.10064887265666611
0.11127228239966495,0.14944728829495948,0.05332428428216738,0.1704049298704334,0.11155500202443318,0.19552836122740966,0.05597274994301842,0.0568645868051788,0.09563051515273473
0.10772006777466825,0.1017096618781621,0.0858392167429719,0.16287905790539015,0.1205093207591767,0.18670131998736625,0.08037239676042643,0.06597154378961037,0.08829741440222783
0.10749759963037882,0.12991161630408468,0.11456721283666253,0.098352312191172,0.10084209928509384,0.08401996839157279,0.12922024521661687,0.11698631609101857,0.11860263005339984
0.13902982377522435,0.13625742316777367,0.0952575646165746,0.0555412833387815,0.10925320692250053,0.050920961560908674,0.11107580108855471,0.1796378274599947,0.12302610806968717
0.11149918382923574,0.19918077230333597,0.08185549965049198,0.08467506082436982,0.10750854123269099,0.01524062979140539,0.16425982668770775,0.13213323910931593,0.10364724657144654
0.1113471814430561,0.06683696822053077,0.09952084725126187,0.22179200737070257,0.11108376879511549,0.09692046840532466,0.07795254964243421,0.10019665588673787,0.11434955298483655
0.08505002374884452,0.10236450961107228,0.07090385848782692,0.06656928102145483,0.08221216030586052,0.28241464314342885,0.10449462385170155,0.1221508032107003,0.08384009661911028
0.1330978493370852,0.09041620097505336,0.059139529957427196,0.09892955162221516,0.13890597729093787,0.19227291879452713,0.08379147716965744,0.08798364807119992,0.11546284678189674
0.08577262461761335,0.21828365051649704,0.07004061928325116,0.03940332319580062,0.09400578232309044,0.16831896929611537,0.12298379316124397,0.11144191944432262,0.08974931816206533
0.14089378269052377,0.07508617327758288,0.09036749749138728,0.19027650866478332,0.1341909029997129,0.07918670277453284,0.06687828251871271,0.10436293750793402,0.11875721207483025
0.081973506908057,0.21589414160577683,0.1147640930411139,0.061534367543341954,0.08490506375022855,0.0724474710353512,0.12350057792554359,0.16217410471092128,0.08280667347966562
0.0944959773785211,0.2186784788134307,0.08479996098112862,0.031372390542293946,0.10387592432447436,0.07151451299556517,0.10076303799452306,0.19375687052205667,0.10074284644800639
0.13259169559176817,0.0721376962100023,0.07355767812397912,0.11129420087319798,0.1156201393108195,0.1500383706810267,0.11914728332923115,0.11431084814818011,0.11130208773179494
0.13625129434580555,0.05869793810036015,0.12814498485104364,0.11014861918020495,0.13420198306895628,0.10728379632629041,0.07407587360450724,0.12748981046964655,0.12370570005318517
0.11194069123279711,0.08095931327311605,0.08485680221216979,0.06776425050840507,0.12752587768382054,0.05936921671337217,0.12352692235593338,0.22640399877224468,0.1176529272481412
0.12287544768226194,0.10163501286792559,0.13130043120395363,0.16745045554182061,0.12894307738932917,0.033108333050084905,0.07694247717834787,0.13454237199499722,0.10320239309127906
0.10533076529153167,0.1984206733389311,0.0966058212294109,0.06351890206970882,0.10838013069037848,0.06109799821309919,0.10864224160438167,0.13950259943308183,0.11850086812947634
0.09712472512071052,0.12516168291284632,0.10688539929849215,0.09957444489309154,0.11731404043044104,0.1276925584308725,0.10723885774521714,0.10427043413210503,0.11473785703622381
0.10916910971705085,0.10710509992821066,0.11736184292586917,0.12955257871113546,0.1264545937681082,0.036894945366272115,0.1283145389920289,0.1297966812108218,0.11535060938050284
0.1003664665398346,0.08470125560371533,0.09076965868354903,0.15942996373397347,0.10072357559575794,0.17859077618511152,0.08661338569725473,0.09245764244117051,0.1063472755196329
0.09169995269367588,0.13492917148237224,0.11626173344101869,0.08920731468105135,0.08351604505087336,0.059935579660544684,0.1534022960807158,0.1718560071366031,0.09919189977314492
0.12117152971527502,0.10930574979896901,0.13590387657649303,0.07586263094555899,0.10662482074283519,0.15109885138398083,0.10254345202800506,0.0888858080800189,0.10860328072886398
0.13127090690623458,0.13338680000804579,0.08577645660290874,0.08258924715695092,0.1270063122111372,0.03829520152573176,0.15334074088015678,0.1302307303829253,0.11810360432590895
0.12866431774670378,0.10896488198394037,0.13427101655421894,0.13078751935228924,0.12584387795229676,0.06589887020863945,0.11930063916871654,0.07736183965914595,0.10890703737404883
0.11840212404658863,0.1268538493939605,0.06353490789954308,0.0883028822332201,0.0859428878651064,0.302314246989322,0.04549828100094824,0.07585026367614646,0.0933005568951646
0.09834601430051548,0.15399617685801906,0.1251141041975297,0.08805674122822986,0.10911289221860511,0.06482874457823257,0.10286441449792151,0.1345808969428968,0.12310001517804998
