0.12861538885741564,0.08783525134718119,0.11592918950695585,0.11261311139661079,0.08774608552883323,0.12966296976655164,0.06337662624581485,0.12857501127537815,0.14564636607525863
0.10840282084455972,0.17160825296020413,0.07994293601280626,0.177827333088555,0.07759261274641166,0.09246052423274896,0.09451042670385278,0.10420479340187067,0.09345030000899085
0.08375417782083194,0.04814885405729371,0.10710995193970829,0.13842901523724543,0.09475625767259738,0.13118281279877067,0.1571953064469496,0.11061497038626382,0.1288086536403392
0.12123946324776981,0.16309504344988054,0.10712037117908929,0.08623834604167523,0.1126272365543823,0.10904742982842701,0.07441359472575472,0.10659808280518729,0.11962043216783387
0.09293595931361337,0.09728832719618545,0.10540256382139603,0.06930634570992199,0.19245431384317904,0.09041595732422836,0.11073709579493322,0.10388157444430089,0.13757786255224158
0.11152064266992744,0.08128373787948136,0.15123781112009518,0.08129875136646851,0.0922784174218962,0.15400873108136992,0.09362481018399521,0.10820454553932524,0.1265425527374409
0.10797208012227057,0.08155776015565015,0.10112893073331541,0.17996792240694912,0.19438719809728097,0.09331412249282867,0.06420837754728305,0.0852897160146195,0.0921738924298026
0.0977169573333692,0.11685121555661897,0.12035547579148287,0.06744588631027888,0.04419169120572047,0.145729171815811,0.1489494611831669,0.14320870519062193,0.11555143561292984
0.08913787510966505,0.19766983123523815,0.1511775021404135,0.03158401055052703,0.05739380069524366,0.130002519988204,0.1144354982497414,0.09947448315595055,0.12912447887501668
0.1051734345484839,0.16270682149077373,0.09639947989865545,0.15532453656477987,0.08929874628695911,0.09699599174002549,0.08578922715465453,0.11387539498277759,0.09443636733289033
0.14359862130138715,0.11675872961021143,0.1204296249925546,0.07427053572626278,0.14959410200027207,0.11255459582119819,0.08203082253547052,0.09524647358759142,0.10551649442505188
0.12221859652462547,0.057279087258610306,0.13521403047408817,0.051432168368629655,0.047827886883788695,0.1318472637025083,0.17538012364019395,0.1362933258720687,0.14250751727548686
0.10197546845223115,0.1126492688945997,0.14655701819545516,0.025787921164790964,0.14576522364212294,0.1317666930967064,0.08944045513141924,0.11390008427198188,0.13215786715069258
0.14565429414067457,0.10334913458823163,0.10783633051733353,0.1297849476982704,0.05551767707618142,0.14448936885015776,0.07476883572962985,0.13000604327481644,0.10859336812470438
0.12203396743529939,0.05883196433529273,0.11847337338530191,0.05529449301054601,0.1502678308508613,0.12705619963259468,0.10483404863657848,0.12657531374881925,0.13663280896470623
0.11260724224529649,0.18698446680439998,0.1207635740269543,0.03393546323893538,0.12498264430638288,0.14207894212669006,0.07185806307134121,0.10694791118409758,0.0998416929959021
0.09498818068262498,0.08426736364403746,0.1093626491960293,0.07759441821507772,0.289877989027374,0.07850542764709666,0.0724853055258922,0.09827548429921133,0.09464318176265639
0.08144972809201835,0.20134998075727065,0.10540512530604691,0.08567426195244716,0.14495497438037966,0.08770536059385138,0.07610628718329383,0.099176444809358,0.11817783692533405
0.08625908533709183,0.1478913235031615,0.10644833640937586,0.05994724355064499,0.21574977147122765,0.10710944032880909,0.06656071294115812,0.1062559190374271,0.1037781674211039
0.13958221401537302,0.07697200468557414,0.14856809601016638,0.05456231218221267,0.12081181681769353,0.1199290017598803,0.09506678779166833,0.12530751429488932,0.11920025244254233
0.11928160288025054,0.09146151862256575,0.1738026911018237,0.09181294015960134,0.06821515609864524,0.10364676832757595,0.09470387183085156,0.12057806491855066,0.1364973860601352
0.08659210559070268,0.18152578487660645,0.09369194785278123,0.17006040758832008,0.09491381877214788,0.11467492172445815,0.08002794499084989,0.0884618219403679,0.09005124666376575
0.08667156825577932,0.13102218476315527,0.12957744503284815,0.1079120377978568,0.04891198014433076,0.17673418673093425,0.08188773639807068,0.12784311757206032,0.10943974330496446
0.09849970169638171,0.0774446685978896,0.10013768657113847,0.14080278648537603,0.16051036347657244,0.10359977417836008,0.10327077782968729,0.11452095332100483,0.10121328784358948
0.1083085793841219,0.09706537837679441,0.11161404195188555,0.122993369288531,0.06243773819513304,0.12094959610728129,0.11501960455535926,0.13106167157206502,0.13055002056882856
0.09880746134449381,0.15100722588078086,0.11192935754126397,0.06192566573659323,0.20420344551463113,0.10580581262797906,0.07527618866098491,0.0799273906647489,0.11111745202852415
0.12429658860779558,0.1518591550083648,0.12434527402004737,0.1202148817498339,0.10896673569217145,0.10928376200920253,0.06124172905968522,0.10762278247314723,0.09216909137975189
0.09496892652375148,0.19857822850685602,0.09561398505842751,0.1068292355008557,0.13446690427554725,0.09450906318616438,0.05643574854856554,0.124125414636574,0.09447249376325804
0.09203781172096487,0.16247610692850792,0.11661486825936788,0.06078537251545293,0.13473422852625694,0.11141532044337654,0.07421806008869974,0.13909941730252845,0.1086188142148447
0.12538861378746693,0.07743253591820083,0.15235896191940013,0.13847674712226085,0.08120154726491115,0.11663222513383205,0.07053656194086429,0.1031246166969727,0.13484819021609107
0.14625511765088658,0.07094829460785763,0.11035125618531079,0.051208293713080534,0.14982319810636155,0.12766188017653365,0.11407496768853191,0.09762662675706757,0.13205036511436974
0.08703951068691802,0.19650936447973297,0.12540875321317177,0.058056794780473216,0.16337856153843913,0.11532901793157839,0.06501152751972335,0.09536486421830322,0.09390160563165989
0.08721465727488446,0.18849888341805146,0.14462228414387426,0.05803374898821029,0.09749489728105237,0.13614509254447696,0.05717978678179669,0.11964168849659862,0.11116896107105491
0.081888452553174,0.19439553902123705,0.10203413848948568,0.07449083128554278,0.12582565777939686,0.14867375955779236,0.0738330350047235,0.10002664753623487,0.0988319387724129
0.09768145908818605,0.16929610991399566,0.11998899940375342,0.10181885365591796,0.05906736302578988,0.10999157158791618,0.07810636910574156,0.10606826460117497,0.1579810096175243
0.103009023789485,0.12496905413715265,0.11708984611182,0.23762718586935236,0.06452690206279876,0.08248010463901438,0.07084818294111475,0.11038053185391777,0.08906916859534438
0.09247293667235357,0.17706130442873655,0.10548452259663164,0.13724903970363853,0.07918480338889174,0.10574185151467443,0.0684344932131067,0.11363636541695789,0.12073468306500888
0.10038203939914407,0.060238363432340264,0.17442414087852207,0.06013376753069637,0.1577175143754872,0.12981009459532186,0.07450210425126265,0.10756735868035931,0.13522461685686613
0.11448049065293973,0.1332667049231024,0.11588994860117896,0.1322652185991626,0.05556236472737356,0.0923371395597974,0.1462190384278824,0.10081141304773816,0.10916768146082483
0.12624930969833414,0.11863547589487676,0.11995977720097113,0.14218755381745002,0.08801191711604288,0.12852922332449243,0.06276988470855843,0.09293979232909767,0.1207170659101765
0.0913983343671123,0.21128053248479062,0.12396559132811376,0.0394250265496638,0.10747013601208867,0.10185775790255906,0.08448472524301597,0.08739375013887718,0.15272414597377879
0.13400981327120992,0.1347693512339574,0.07880085516420662,0.1846408490218979,0.14469143761555858,0.081480050727198,0.060804441049705504,0.09032962601502974,0.09047357590123639
0.10301362430954204,0.05661150396072553,0.11535962725797144,0.10793331750205759,0.18613150489806793,0.1235617747354263,0.06633699401040923,0.11750066294642832,0.1235509903793716
0.10800739792939353,0.1496024175197422,0.10556680970908734,0.15743128252475752,0.05493770676122061,0.1182828992203352,0.11064692377092415,0.10405564101089256,0.09146892155364687
0.11943516352970913,0.12074632419863651,0.12841080974214564,0.09242995866960342,0.09340594963344855,0.15165776161505726,0.06947515023753041,0.11785573504108277,0.10658314733278636
0.11071459909443238,0.13617556637216877,0.1374208077468387,0.08688876713688863,0.1242538151781462,0.11748881931888104,0.07858281975074399,0.11207312762643118,0.09640167777546915
0.08580435922722605,0.09288205785778718,0.14163031889938504,0.14961827346116893,0.08689257121764234,0.11289591209643775,0.08524710937025669,0.11373523378645568,0.13129416408364036
0.10584557968123619,0.14200762834286498,0.09570019651523205,0.09927084431789923,0.05229730318235218,0.08604392080888996,0.19872636581088018,0.09313686951333354,0.1269712918273117
0.1137972161611377,0.09519540379894671,0.13971459853480486,0.11556654275653266,0.07445505216251276,0.08453479247004059,0.1403398006912406,0.09320230662320574,0.14319428680157845
0.0952363877037599,0.15019718565876747,0.12393949802271505,0.07248573583865274,0.13568151369534476,0.09117602708429762,0.09994101266992207,0.08538943309506858,0.14595320623147182
0.10443920293867302,0.128101889901996,0.1482730762420462,0.14420919155801112,0.06647492343263885,0.10569585638922403,0.10158653300420868,0.0985963859744234,0.10262294055877876
0.09363708666474424,0.17200876783474225,0.12044745186630994,0.1189883356668038,0.048920614946679854,0.13292500962454026,0.07759479404485885,0.10696950923688699,0.12850843011443377
0.0955061937985456,0.09685179477062233,0.09768885161780577,0.18969019220113567,0.08242709558121408,0.1165839137423626,0.06378689477389957,0.11249633592734641,0.14496872758706802
0.09791897861012579,0.16344518139988748,0.14226110134454215,0.05978016646396078,0.1330324974287309,0.09250742425135473,0.10626393162323448,0.08757504849039467,0.11721567038776916
0.11369983383092432,0.14336179790093004,0.08871434950311237,0.0722649070265544,0.13378387548895385,0.09077031735650476,0.17632055582065834,0.09487699860661113,0.08620736446575078
0.09892135180137258,0.08945901180581199,0.1682291354514335,0.04636531858313132,0.17865186033324054,0.11092194796897092,0.07807415051454843,0.1312475074981796,0.09812971604331111
0.07075681459374733,0.09266660885774276,0.09617886728973403,0.05442163301005102,0.1883399286175754,0.08420291808768414,0.219714213092855,0.10855485245735381,0.0851641639932565
0.10131309907627782,0.18836234396237125,0.13332407830094753,0.048587559810442715,0.08192375176579361,0.10694763651538704,0.09545478253938448,0.1255104940176022,0.11857625401179335
0.10070037017085672,0.12184204956620155,0.16517411787596173,0.016598810397013112,0.09851514280146463,0.11288403650020284,0.12321705446270602,0.12508160716177333,0.13598681106382007
0.09837417772896784,0.09995957575264693,0.14347108155948865,0.1125944614565338,0.08911101315649683,0.13895336846296205,0.07843474789038031,0.10638120652359669,0.13272036746892688
0.11722373621738656,0.11544684697774821,0.11512150452524307,0.10419306998979576,0.09664349482348826,0.10440685745223066,0.07136900163737846,0.15746220417649057,0.11813328420023846
0.12538861378746693,0.07743253591820083,0.15235896191940013,0.13847674712226085,0.08120154726491115,0.11663222513383205,0.07053656194086429,0.1031246166969727,0.13484819021609107
0.08607428022997499,0.07098794033429805,0.10764556878304449,0.03539487902630418,0.0683023369982916,0.12026010564827412,0.2836349718920214,0.11651709000083789,0.11118282708695326
0.11208061043620189,0.11002661321440287,0.08615263388761424,0.09396233791947063,0.19927302907758535,0.0725794711791216,0.1525623635910955,0.06783960660545302,0.10552333408905486
0.09095386005339456,0.07908322332540443,0.09594912152111572,0.25080621690906796,0.06954855338991499,0.11111578211559901,0.06111178128349073,0.09183873343627998,0.1495927279657326
0.0993215746004359,0.04867699841712972,0.05653100436138422,0.10030575569906008,0.23707985769021622,0.061756046847394684,0.23005381429080743,0.08476577271483061,0.08150917537874103
0.10592736926731022,0.13305722933738348,0.10791020026345621,0.09412727083544303,0.13349249782973457,0.09828549380350632,0.0717488211178487,0.11180799364059807,0.14364312390471942
0.10358399426290348,0.17713057583233793,0.11624770790501854,0.08553088837927451,0.12183552270342524,0.11928066635036468,0.0634825475516513,0.09890684597089862,0.11400125104412573
0.13433474084957758,0.11546411613665673,0.10090673337851164,0.038505431972871096,0.173302308343925,0.10782378935538557,0.09821056514836098,0.12053945939532873,0.1109128554193826
0.1333819167887703,0.12716025432901482,0.09451324562046652,0.11914334710503192,0.09578569950478259,0.1215310120510989,0.12458060149842108,0.09070255527569286,0.09320136782672106
0.138006783299605,0.0555246994340678,0.1101977330671909,0.051368381526941904,0.22690852134275988,0.12446820368865658,0.05848453546896537,0.11010980868918219,0.12493133348263032
0.09293268644797381,0.174741578832507,0.11356057754817112,0.05485206499778811,0.15538783639117604,0.12112131577213807,0.07270470114101715,0.10849331101268278,0.10620592785654598
0.11992143402724148,0.12708969413679191,0.11419665241191372,0.05617059724207072,0.07323164814243881,0.10233784677639607,0.09324714488299989,0.14947991263616447,0.16432506974398298
0.10542787968123661,0.1411208961062619,0.09632373805117689,0.11247632419343268,0.12111583060497737,0.07335153680528421,0.1436804297329006,0.08245233203545838,0.12405103278927133
0.09462719801192236,0.03612465977149106,0.10337224085940404,0.2525641783125983,0.1281794076632072,0.11100963451883837,0.07664397044190856,0.09814043693672063,0.09933827348390946
0.07609520409914981,0.12490985497603656,0.11694140085098441,0.15307865629686127,0.0976266581490128,0.11657493521094764,0.10713510384067026,0.09610233713141332,0.11153584944492383
0.1624327488934878,0.11513513962745454,0.12955819500508647,0.07813543729352898,0.06562566648106517,0.15323526400285548,0.059666762988549164,0.11404267805999024,0.12216810764798215
0.12492152237156155,0.17391970526541414,0.1538092590936527,0.03771658468954786,0.13092451058876764,0.0942824545709701,0.09880672952341292,0.09058971697990982,0.09502951691676313
0.08079729024617768,0.2403040884287744,0.12633759306162615,0.0947247549149595,0.03781245179115753,0.1548862452345862,0.07570877538967605,0.09446520022158583,0.0949636007114566
0.09619201286358096,0.06272460369629149,0.1358672797695131,0.0816756366905258,0.14026918293717447,0.1448526718598744,0.08764423689190227,0.12222850191493077,0.12854587337620674
0.08511271032162772,0.13819097873979314,0.13292314708552747,0.0729312538748113,0.06468175876259163,0.15693955188706818,0.07601350236097335,0.13904775263064373,0.13415934433696344
0.10371823164938078,0.1296756342510341,0.1313151927406185,0.06737699151696462,0.15180838085306705,0.1239846436958067,0.06384014419853211,0.11110529244572427,0.11717548864887184
0.1087171801091784,0.030019196209061124,0.15488038313973299,0.15811315731840334,0.06456302083252094,0.1325493559839935,0.1091622594385147,0.11312182254360031,0.12887362442499473
0.11011750454401703,0.05619955114693758,0.11410155678446983,0.1745400019171702,0.10157892656442787,0.12505047429406285,0.09852355532295942,0.11636840676741199,0.10352002265854321
0.14029683102071916,0.145074560571591,0.09722307017770232,0.09534714429243767,0.10500033462858321,0.10291367271969487,0.1340762620171931,0.08271561871169615,0.09735250586038252
0.09063660701744182,0.14839936215913987,0.08542310903788548,0.20749116151714056,0.10172029092434003,0.08424203142158367,0.0683001833033006,0.10300029786689409,0.11078695675227389
0.1079843924271459,0.08938190033991243,0.11964522393463313,0.08760395906216377,0.13351861555431943,0.13393079205781203,0.06759986753298274,0.15653813950113302,0.10379710958989764
0.10881851114387887,0.13421208712735008,0.0915325605750742,0.12706388784916914,0.15656616480127297,0.08672095132830522,0.1056180830554226,0.1047877415831669,0.08468001253636008
0.10474514604152203,0.07596147788248393,0.1263774506042129,0.1758333591340142,0.07021879492101339,0.12506302262959074,0.09059912207561559,0.10312900687120458,0.12807261984034254
0.11117651630439414,0.04336241714294373,0.12280688275401204,0.08648322250379466,0.11947583391217236,0.11483225490030764,0.09713638094363282,0.11713317266500316,0.18759331887373942
0.08818209983868718,0.09668961060875814,0.11721544765781695,0.13239969070284238,0.10883915989032854,0.11193496903454596,0.13630357854684674,0.09684451752690383,0.1115909261932702
0.08039012479841126,0.24077880055498577,0.13045803250964572,0.11314377354080123,0.05060493334075386,0.1310495460890528,0.06492787217515612,0.09218906359111258,0.09645785340008058
0.08290439254402192,0.18452951924644853,0.10906429016690007,0.09649015191176802,0.10622320546381432,0.09514667040691231,0.10808099866230898,0.10362028283979724,0.11394048875802855
0.0969420908829704,0.11016703784483363,0.10639109354233428,0.125405593447355,0.12201631468132422,0.10653321381514162,0.1014623241553859,0.13703483431611163,0.09404749731454327
0.12106657217185572,0.12316018684989626,0.12496877989732913,0.11129333932695835,0.054738242475674354,0.11461523238462949,0.10307977611789781,0.1266709314521696,0.12040693932358933
0.12190090576843682,0.06735937665894438,0.1097051665206853,0.09135101300563708,0.15992767261571955,0.1014962587343775,0.1415652106728901,0.09650131470636558,0.11019308131694361
0.14748553921321303,0.10025529187602672,0.08777597420753275,0.11720498046785914,0.1295188787405118,0.08721812646636429,0.06795739871391214,0.11020257405899547,0.15238123625558464
0.10727853848310522,0.1674653258579649,0.10539776882986052,0.12297124638040674,0.08686240917581249,0.11680916241001353,0.06517144727280645,0.09175753401857827,0.13628656757145194
0.11224987163164912,0.17189681244389363,0.13139547489145173,0.1045501444702706,0.06215347051227422,0.11508081612981769,0.08163941327182082,0.08100120318911669,0.14003279345970548
0.11530104684857682,0.11855204871824303,0.10614719565372303,0.07114940798913565,0.08957715579735293,0.10436590351323194,0.16995901750593564,0.11545728751233264,0.10949093646146835
0.10031991633431288,0.18763835172222396,0.1171525416890199,0.08576953099975937,0.10951433200678597,0.10119294946183421,0.06117010796792192,0.11366532288067076,0.12357694693747108
0.10230345468110767,0.12015920022611293,0.10564291243597812,0.12747337210916546,0.12926951564131464,0.08737052223555088,0.10941693371055482,0.0997062716493984,0.11865781731081709
0.09780353075538169,0.1516922619640335,0.11493208038179104,0.05834483692332929,0.17345764373364805,0.12042130085736664,0.07947214994068151,0.09046866356113557,0.11340753188263268
0.08251682158650457,0.16611221138117338,0.14015173619571025,0.1079405551780966,0.055662103874468766,0.1359199778033091,0.07226155553395881,0.12300615015362411,0.11642888829315447
0.12509473797986248,0.10813309320864604,0.10384122373169907,0.06764141301830515,0.1462107125765502,0.11732938638784962,0.094053365412201,0.11148524925727853,0.12621081842760792
0.12189238974000287,0.0882917555625609,0.1139550200852375,0.12550437273312284,0.07610385441065569,0.13125613168150052,0.09007862883407682,0.11225100578460635,0.14066684116823655
0.1005904926421563,0.232920174856544,0.12906928481114854,0.054495156629117796,0.07814979780572281,0.12584603053093768,0.06795888553070469,0.10553527225805437,0.10543490493561374
0.11522453691593786,0.10635650780258588,0.08479686580309258,0.19038779971354192,0.0653192586076175,0.13611756480245957,0.1221729056019135,0.08050573711986142,0.09911882363298984
0.11900789745170076,0.05342631906360338,0.0960816818923317,0.1684827528137457,0.10248734005831177,0.11584598233572613,0.06859723652159848,0.1430250337289163,0.1330457561340657
0.10722785733353357,0.21334072123935052,0.12573291179957527,0.08274677104191334,0.07648058316996602,0.11928996080685217,0.08900566488417816,0.09201572834185497,0.09415980138277592
0.12254804725857467,0.11902606633011659,0.103538625781106,0.09363885727702109,0.08909648798119861,0.10801459984411553,0.13488865713593398,0.13340761295027642,0.09584104544165702
0.10741548542930646,0.08606936881915916,0.15304112334678358,0.09342894940716717,0.12891004237198198,0.14057247104909937,0.07585394802456445,0.10286106837105731,0.11184754318088064
0.09954146810283881,0.1226352248224503,0.12722015314646695,0.09457707915758605,0.0966554794918472,0.13039750172472858,0.11373456343169562,0.1116629284555854,0.10357560166680117
0.10291657429315758,0.12333961151460511,0.13324236942163983,0.05721958163445744,0.11405267284373571,0.10892575549904648,0.12155710221850104,0.10905532487341596,0.1296910077014408
0.12528454125944152,0.16709370665972367,0.13658710464913462,0.020007229494001407,0.22341060922584852,0.09551617029068889,0.0596586452131844,0.09861132005311224,0.0738306731548647
0.09766390191814693,0.08975445090371674,0.12365370918001199,0.1340954622009504,0.08291834196213227,0.11316798581456138,0.1525654523441993,0.101314079643655,0.1048666160326261
0.1005904926421563,0.232920174856544,0.12906928481114854,0.054495156629117796,0.07814979780572281,0.12584603053093768,0.06795888553070469,0.10553527225805437,0.10543490493561374
0.0797350407173905,0.12277078235156062,0.12616675751962644,0.03602352030440428,0.16203870296948364,0.09235462410700863,0.1674957325355895,0.10651912834725978,0.10689571114767664
0.11013720460939742,0.07591060351524252,0.08327351669218695,0.24950710400388432,0.08577525867618503,0.09870694233669004,0.09694267027651281,0.11634573821691845,0.08340096167298246
0.11568456977042656,0.10437823282355335,0.13248426480143793,0.06913127512950669,0.10746451640472822,0.11395933451008171,0.12035838514400037,0.1100414915655216,0.1264979298507436
0.12916487198746562,0.09942825166107515,0.1295389043331628,0.08169500233081013,0.12147989782217415,0.10075847377680582,0.13031800183278064,0.0921258600060522,0.11549073624967354
0.08729077496965652,0.2136230675037908,0.0874836127255852,0.12140930035033881,0.12847217447614537,0.07232582307604453,0.11740234043025372,0.0814252737885391,0.09056763267964592
0.10777890979704828,0.06404970646911302,0.08708593639244311,0.06028389510471031,0.19438520677993967,0.10587446314856985,0.14306273845287054,0.10071830784801962,0.13676083600728559
0.11774683778072675,0.03968480710961746,0.10993485540644471,0.12385948100722587,0.15499760823989994,0.10295968561958979,0.0758923806500369,0.11872300079350051,0.15620134339295813
0.12545398146866188,0.08726475444134212,0.14440048503734704,0.08643614781317421,0.1053498462732768,0.1470984518658444,0.08426248728595519,0.11994434590416504,0.0997894999102334
0.08742646447655737,0.1810202727647908,0.12783966919091547,0.1026774586732413,0.08602185739792266,0.10647659533839315,0.09093739882648921,0.11606880820589792,0.10153147512579208
0.15327822064121607,0.1403233685382591,0.07482863457118512,0.14779584900463122,0.13765960911119474,0.07915195727823181,0.10840144146888497,0.07926181393109925,0.07929910545529767
0.12777797328951415,0.10540459847050447,0.11287959083144987,0.13149960994134383,0.0946740962501304,0.11069431638077272,0.08504669606401695,0.10605584970425752,0.12596726906801003
0.08933163904535653,0.19008907679702602,0.14522789688304877,0.0757384779788357,0.07865516827212049,0.09953953842057821,0.12002441109751615,0.08706326920511287,0.1143305223004052
0.12012699477813198,0.10399106025966715,0.13980355762649896,0.10200208636446256,0.031144795485561205,0.1563226198760769,0.08804898320540823,0.12119002969511165,0.13736987270908144
0.11733118198410852,0.100788610265083,0.15058398206722065,0.05056378220895157,0.1649405380914983,0.09789997390175124,0.08688463604663765,0.10379654728418967,0.12721074815055947
0.10653052845043309,0.12106306737595751,0.11009508834263455,0.06426651636500229,0.13270736481068834,0.09171830585524131,0.1700898140999895,0.09585597656632762,0.10767333813372566
0.10546735026120668,0.10894769405572546,0.10722822569118705,0.1247446601253623,0.14923191026557758,0.08657465191152514,0.0776396111584332,0.10791243943542489,0.1322534570955576
0.0915228190051448,0.0784919135038301,0.13606635049433088,0.12192324283246798,0.05403891602272892,0.15714350868709792,0.1387220632339422,0.10576842490598741,0.1163227613144698
0.091695149922844,0.15556066305150615,0.1074034272966025,0.03445920323975376,0.14948443208957174,0.16029874174678474,0.09616500165385772,0.09324896628642075,0.11168441471265861
0.09338101151556277,0.05026264266776084,0.10320310285455786,0.18042082951023583,0.13880471276695883,0.10683512507327565,0.07900940310317907,0.11205292539935012,0.13603024710911904
0.10019703682057322,0.09298957570843674,0.12497593158239274,0.10877357769456909,0.08026391779156104,0.11922662359104531,0.1133799969866377,0.11998376848594527,0.14020957133883885
