0.14831603822192277,0.07064541647468144,0.11746884759296566,0.11418268406605886,0.11820214079244913,0.11377282184666142,0.12349461975062603,0.10573871228088609,0.08817871897374863
0.09945966328306949,0.1493731135062177,0.12511932174926288,0.12044333346582421,0.1669750716345979,0.08508885446435759,0.13317398235760566,0.10017806213737623,0.020188597401688307
0.1635875923935495,0.1474356916572779,0.10058595910606634,0.09196700068699754,0.12463908830100874,0.07287805800816498,0.10277862737670829,0.1285617406512538,0.0675662418189729
0.13030437691091776,0.1128830032354761,0.13114259314787854,0.12858775074366677,0.1289006678469532,0.12318170439216014,0.11307454437679847,0.09873342797424778,0.033191931371901205
0.04370233440705737,0.12726191125758257,0.1362813909127329,0.11442585432073031,0.14291741688191303,0.12201776387476389,0.15085195442640079,0.11680942509947774,0.0457319488193414
0.061256191762834485,0.11357689489468219,0.11193177274182685,0.11244593124092006,0.08533524917668768,0.10799232735022417,0.09525466583100518,0.10072128411334878,0.21148568288847067
0.04333921560260981,0.2784112544727693,0.11216979009972879,0.09214823555641022,0.08732658740436561,0.14711162626587174,0.09712387945388155,0.1011203751921536,0.041249035952209336
0.15992896836426848,0.08027918261507015,0.09679985388661928,0.10822256020772003,0.09781470320625345,0.05905692064141533,0.0968722959614907,0.116361675380659,0.18466383973650358
0.09214080188842998,0.06475146965410324,0.0976255702338591,0.09964750827065781,0.09583422788045663,0.11593670693870244,0.08989938777145112,0.10243811740158738,0.24172620996075236
0.0472224539723464,0.07676119358602229,0.1368997099623697,0.12256776131832903,0.12882821090862784,0.16625690999236495,0.12989182207149805,0.11820334363282685,0.07336859455561491
0.15453130765095072,0.12411101316393845,0.11194810532028077,0.09840507185209973,0.10724661909922935,0.08728773397442513,0.12105887520179166,0.12833836336590157,0.06707291037138259
0.13143297774545554,0.1270269767538382,0.09972261332792987,0.12178741838311531,0.09044482549326475,0.09608941517987418,0.08498191012262428,0.11037357591314677,0.13814028708075107
0.09070019663383933,0.10463359987222572,0.07296500424459502,0.086525854610959,0.06920826808967045,0.13480908181674614,0.056767027921949424,0.07960776695185783,0.30478319985815716
0.042147282732122836,0.07676464954090102,0.10451284485656653,0.1087046726142803,0.09325931361267799,0.11235971438726285,0.11462088374205248,0.10990135400982125,0.23772928450431466
0.09771314241113997,0.08602476625838788,0.10236080845383809,0.1095511882804292,0.1365256465512873,0.08872444958221037,0.09350528557505548,0.1186062126620218,0.16698850022562997
0.15427482875469198,0.10079983357828964,0.1145388935220948,0.10486069328565188,0.11966683990653028,0.11087976234070533,0.12091804234861664,0.12713943938211592,0.046921666881303475
0.12105530262187458,0.14878306178664502,0.09895940088407074,0.09745349091899742,0.09481778719665963,0.15385769458609366,0.08636304808959556,0.09656282384712221,0.10214739006894118
0.06598831295611877,0.0820444816336834,0.12237554523333836,0.1256735782821907,0.1631759034205936,0.106780652887159,0.10617055075868627,0.09425393993441883,0.1335370348938111
0.053004842524519126,0.1777054901189021,0.10078868102298111,0.10796304813044087,0.09689304182200482,0.13695360127729636,0.08720870975365987,0.10548669773653245,0.13399588761366338
0.14266869862350198,0.11990279506362843,0.11933470331488095,0.10890982798949293,0.11547042438545081,0.14306480781522607,0.10475432542644375,0.10869351677017236,0.037200900611202715
0.022643303386739397,0.10369339906632186,0.1056685695372941,0.11160447646428029,0.11436592979816614,0.12786204794195405,0.12586296199501387,0.11148063688753033,0.17681867492269998
0.15127635746372262,0.05660762104283995,0.10669184430523554,0.09329084146439372,0.09878604115384972,0.0991330547853908,0.1195952717567197,0.11667813283324739,0.15794083519460056
0.04238151621753441,0.17413361965536742,0.11028034040866519,0.10757785577882178,0.1441185868582706,0.10780155225700712,0.12591659442077976,0.11444374307693216,0.0733461913266216
0.07317043775428243,0.08676779709205507,0.1146600905063837,0.11788610994292105,0.09716890360824872,0.07619063991694973,0.11082305801662028,0.09076849279432049,0.23256447036821848
0.09639583689146695,0.15927639571312288,0.12481212102455684,0.11762558920193146,0.10979208207929818,0.12504622648448785,0.12166438463157596,0.10736307882416636,0.038024285149393454
0.0971587037212529,0.10073342243335215,0.1188990769945996,0.1308173105949112,0.11978374246336716,0.13656021571903476,0.11741376918803399,0.11026062403423159,0.06837313485121667
0.07459227265735387,0.06923494452408895,0.09738820768979455,0.09306427468357625,0.101417364328665,0.09233858329542559,0.10827705229543277,0.10314941955359609,0.260537880972067
0.1800567925159536,0.07511942408441348,0.09118568008354089,0.08908423929684357,0.10008449857362835,0.208955645691384,0.08758040562483216,0.12221642959267592,0.04571688453672795
0.1793619369182792,0.13255967760760323,0.10855938722670881,0.10998194277091178,0.08745561116948221,0.1425607964835871,0.09872717533500175,0.08719521005720234,0.05359826243122356
0.11125056499637692,0.11568677608985965,0.1045474932880221,0.1044372376397883,0.11868886808458108,0.12098263758731793,0.09401641664650988,0.09664452910070065,0.13374547656684344
0.21119597137553303,0.09537359118464923,0.11014464565527556,0.11715534546019686,0.11293638124896066,0.11570470552803651,0.09800781106111782,0.1168113876861077,0.02267016080012267
0.12293519165682225,0.1475941643762756,0.10092637045901849,0.10065442770942279,0.08765929869939752,0.12436973312196432,0.08759305704570065,0.09923320723164636,0.12903454969975214
0.04081921710552069,0.13191250432068444,0.11828577293220326,0.12188644542416838,0.10559850008048133,0.19691119096833706,0.11298309188296611,0.09919616181885745,0.07240711546678143
0.030959935335195282,0.20709519721655678,0.09200385010839701,0.09599273297585902,0.0910638681859326,0.18250504377577179,0.08368998601822726,0.09026778446322115,0.12642160192083904
0.0648577516200712,0.09077263919937006,0.14119428488208893,0.1263822821770251,0.1341563254027268,0.1433444168081292,0.14313325628877027,0.11521328498505246,0.04094575863676597
0.042753646151875095,0.11299375052768074,0.11322008985320896,0.11420961720310661,0.1417757261851517,0.14549912483373115,0.12862285075169222,0.12468731312579386,0.07623788136775965
0.05357254718534504,0.09024869526961467,0.09504817774474822,0.11815740558056832,0.11308621715500715,0.09285240858470888,0.10239990567011532,0.10314728936518007,0.2314873534447123
0.2125278079062074,0.12211497183593621,0.11115558392615492,0.10286178338071135,0.1052364824624115,0.11996508588415149,0.08928102305714299,0.10710552982582576,0.02975173172145847
0.19284469534785018,0.09571070029803362,0.12291154267444941,0.10787103711081757,0.11239054908112493,0.08875096947572275,0.11728173021053338,0.09592924189429879,0.06630953390716941
0.046051245299579345,0.16859057736400948,0.11098361883430352,0.12045019129799395,0.10719112859354295,0.07585338803669643,0.10220468145258559,0.09576056513051501,0.17291460399077374
0.0834837124124771,0.06718772462697793,0.11931856071011744,0.12609864599029166,0.11277564064541422,0.11213231626854751,0.11270953096223585,0.10378462194235734,0.16250924644158093
0.12725014700495565,0.058608505462796494,0.12392197649690699,0.1133165891202802,0.12380804931570216,0.14128667839728315,0.11026618766042928,0.13336304096339588,0.06817882557825015
0.16409292061221128,0.06474333112119865,0.1064887460016377,0.10531813068288338,0.11552606582213286,0.10097541266011661,0.12661602040317946,0.12082864573695289,0.0954107269596871
0.1360089214870069,0.08171021000004634,0.09447677690966501,0.0773495141496648,0.07716833466429673,0.1383263831887532,0.07801678387039084,0.08544570294885873,0.23149737278131735
0.13342574882662733,0.16224287358955683,0.10628199910151104,0.10620052850596214,0.11711199491346341,0.11234265862976685,0.1313137624006975,0.0922126125824141,0.03886782145000069
0.23774743651598884,0.10197873371208756,0.0960078141562305,0.0952086811864619,0.09204963329498277,0.07221125652152931,0.11687828000695093,0.10074308867090946,0.0871750759348588
0.13358061662536178,0.13361488546431938,0.11525927579507904,0.11778461290157223,0.11768446301906388,0.10577867215186353,0.12001904604850283,0.12074461279746325,0.03553381519677413
0.12895618626067895,0.09632678337710177,0.10658466989088207,0.10099844615591407,0.105425525499156,0.11109578791316695,0.09407069993499402,0.11229273281719164,0.14424916815091457
0.05243072676292911,0.13990155727725442,0.1268267243610359,0.11859340930977698,0.12691355973497645,0.0991590400173963,0.09723946788904048,0.11919121585749015,0.11974429879010022
0.16288681125709414,0.21084950237050645,0.10249883332412957,0.10921074791557461,0.104666727628331,0.08504670538303778,0.0873903287027748,0.10584966658927335,0.031600676829278355
0.0567176859164816,0.09267686965249133,0.11122262906198267,0.11425349317390877,0.1590443355409287,0.08377038752693146,0.1261592793842489,0.11718289161652708,0.13897242812649943
0.12715344907340362,0.07870985134778355,0.10474885929551321,0.08511838655355047,0.0999956998285551,0.07955024377905563,0.1034306730088718,0.10212371680211611,0.21916912031115046
0.09974914907324424,0.11001936554425273,0.10892449085351456,0.11440007587866624,0.09745555084433873,0.13500598649480614,0.12514446800965676,0.12850199887447913,0.08079891442704151
0.18719241312455748,0.11220695599020514,0.09786191591077513,0.09544494871844866,0.09435893582794275,0.14078805695298677,0.11526213152104625,0.10998527486002503,0.04689936709401277
0.172788264263954,0.05520750959314789,0.09526077900241553,0.09301711118295326,0.1105472454863443,0.12079320141360646,0.0816014915682242,0.11292796801751886,0.15785642947183554
0.23727129024891172,0.09324406362499371,0.12087909865734191,0.11656342183594437,0.10135394809822718,0.07529359377183441,0.10977086292698647,0.10726550864264016,0.038358212193120175
0.10924913026534715,0.11711923132605655,0.10310645245038529,0.10458836777985557,0.09417372203506885,0.11188293726252733,0.09432723252004187,0.13246612608474098,0.1330868002759764
0.0849086919111095,0.14240994315522013,0.10187057317703564,0.11367127449520198,0.10281829075070746,0.11963919152780413,0.10796023060771033,0.14818176137755093,0.07854004299765992
0.062959915756178,0.09992787683161554,0.08657779368875727,0.09842069085905375,0.11716331033723558,0.07032356256245381,0.11533608700134661,0.09479561153250966,0.25449515143084983
0.10951765512130966,0.08607735591983744,0.11231799332713692,0.10319583075909544,0.1242589408914621,0.17329763939921286,0.10655991030886423,0.1124866940437923,0.07228798022928913
0.11360355469132359,0.0995322169820741,0.12928018249496312,0.11630161907439267,0.12432528568313705,0.08040238989405463,0.12374644436512883,0.11762891640298508,0.09517939041194094
0.08452180489390732,0.08996503950235675,0.10060834971206349,0.09741234518143575,0.11634882270327947,0.09763410893420643,0.10358443017921533,0.08954426151831568,0.22038083737521982
0.06310923898436717,0.14375561917174676,0.1286972546605871,0.11784973715766021,0.11815716341157907,0.138617143725036,0.11128413160407007,0.13004238545148109,0.048487325833472546
0.03417022804725875,0.06300350775377846,0.09111958771536692,0.1017342255455617,0.09883238372170229,0.07297872672049718,0.07403672487979791,0.08586935334527872,0.37825526227075795
0.03495608157274586,0.10111249208503405,0.09834687588034703,0.11851632600459527,0.11629413832683556,0.0820366842967362,0.11006003470418897,0.11797766819506818,0.22069969893444893
0.24250110647419254,0.05737877436117415,0.09444733313309496,0.09029425908199103,0.11013029611413346,0.1478514101513528,0.07956936288805276,0.09743139989780893,0.0803960578981994
0.12243738588740334,0.0771398605807306,0.12621331869475408,0.1338658067194223,0.16099628177439373,0.08567875467814721,0.1129567568679346,0.11823810442096705,0.06247373037624712
0.04812467309548293,0.12101888066307133,0.10909039119086826,0.110693200792843,0.11891235555919484,0.15825715725007627,0.09091215390754732,0.10882347094804272,0.13416771659287333
0.07146532807953916,0.12456704855511543,0.10938343662429861,0.11342563820318148,0.13030492690824583,0.13699969991363295,0.11176318052918305,0.14821347998970733,0.053877261197096175
0.042720305403605975,0.08367720825450618,0.12028885528901277,0.12729686656032155,0.12266919800013754,0.17189122552087543,0.13049691459094928,0.11703032984049229,0.08392909654009899
0.13943634379060738,0.07530278935528306,0.11197485308623324,0.11874221071967046,0.11258591280750337,0.12746518549848504,0.10510871169252413,0.10087899948018875,0.1085049935695045
0.05310982570094663,0.16959950060917706,0.08890869355144139,0.08625296793175045,0.08488422473622946,0.17748599700678105,0.09347040777647886,0.09695000292008175,0.14933837976711334
0.13332207858337197,0.09040503580547737,0.11172490565562547,0.10960793014250446,0.1025514258782949,0.09991603968090862,0.11314643320447178,0.12058497038654686,0.11874118066279864
0.1219471291647114,0.11081521940053825,0.1207415461816489,0.09885976166638538,0.09851932222394068,0.14638465077590165,0.11127969089448723,0.13287824201600382,0.05857443767638277
0.08792980279139921,0.11885281476389337,0.1271110012004628,0.13396546810925813,0.09771543941770443,0.0906780446215878,0.11379660635482704,0.11348135669631156,0.11646946604455576
0.2794621784065756,0.09323232673941394,0.09301512096093041,0.08629044527278913,0.12340485633788602,0.07160721770219881,0.12629947787016493,0.10698727602246912,0.019701100687572054
0.10752074081090522,0.08956668290359404,0.11291013082403073,0.10924725266882467,0.1230148105792704,0.13769157118536962,0.161043804926144,0.12003641259293851,0.038968593508922775
0.09784165324187487,0.10283727071788208,0.10134655523960401,0.10132907557395891,0.0957387969397291,0.15430709877770857,0.08948213587320579,0.11164017572474715,0.14547723791128955
0.030944503961405828,0.08629221345192835,0.0987882357725033,0.0953364004145389,0.11953260793145477,0.0938137235004865,0.09629168731381883,0.0962980065641705,0.28270262108969296
0.0542041507119241,0.13352365667915275,0.12749004712651202,0.13149236598143021,0.11722547249071495,0.09304782650667028,0.10764249979839162,0.10056852003874871,0.1348054606664554
0.07090481546728176,0.08842006610001553,0.12709611742662028,0.11575799337168123,0.12053551160281172,0.13905339783858534,0.10540522174613609,0.12991234564229115,0.10291453080457692
0.08523652341581077,0.11890398951130499,0.11640402845813169,0.13121255973840676,0.13404969925920332,0.1377311964746187,0.11435197463998359,0.11701873229867814,0.045091296203862014
0.0968883184681013,0.0511140188599283,0.08463251803063389,0.09103887784249676,0.09006591435165086,0.10445516164155182,0.08339060874673519,0.10804254422728626,0.29037203783161564
0.156071408978425,0.12396132853566284,0.12133381348317496,0.10342774310628496,0.12616660838643776,0.10865147450425132,0.10704608082193261,0.1145452392258553,0.03879630295797521
0.0425961281713805,0.11361983097704868,0.09810080765779323,0.11072116996179238,0.12250683997202849,0.1055625709534757,0.10820594295836312,0.13281662642256006,0.16587008292555785
0.0892762540981204,0.0914495364508912,0.11954708141955918,0.11943792409386277,0.1138015588050787,0.15899226080763326,0.09863234867394932,0.11721847227614286,0.09164456337476225
0.10636491768148075,0.08648084939725602,0.09229195795793659,0.09970822626394978,0.1367238490672394,0.13267390274765248,0.10760156226378163,0.10486088870397836,0.13329384591672502
0.13866387807159572,0.077632503002942,0.123210198500182,0.12056328555504374,0.13963553621839267,0.10131424041555155,0.16213901369564218,0.1037425524986143,0.0330987920420358
0.09606875627169419,0.09007995523892713,0.13057606110340655,0.11413312714807793,0.12675554096841649,0.1621367965140837,0.12083617303124224,0.10036110503170419,0.05905248469244761
0.11935928186130589,0.1440839461173545,0.1053994050758007,0.10396087790165877,0.09665976537107439,0.14994332082383324,0.09247686677645472,0.1605402985248716,0.027576237547646206
0.13260938328719982,0.09820546762330779,0.10661426327170792,0.10606822440909121,0.09751341842038079,0.08996422663663116,0.09239668697984776,0.11361131240981305,0.16301701696202062
0.10750198485493885,0.12905720903383858,0.12072417263324155,0.10543975588943677,0.14117170902534484,0.102182386143352,0.11266940375560998,0.10738834522423928,0.0738650334399981
0.023798524956524583,0.17362525326861078,0.11220125342709357,0.10771027520809422,0.1488911041902159,0.1179506292937812,0.09964939323270923,0.10088218517806251,0.11529138124490805
0.0502987194308061,0.07531008218223544,0.11372082159219225,0.12289245133964205,0.1617820697518986,0.10849868463845953,0.123873745049075,0.11603612466665562,0.12758730134903543
0.076260808286654,0.08450548095961573,0.1218079698327633,0.12716007362456141,0.12487674795771901,0.14735108524629606,0.12712345418340876,0.11907677041006548,0.07183760949891632
0.046609265900706055,0.1274173934454526,0.12564786449225174,0.1122225366488888,0.10397862824757172,0.149657619718331,0.12263757100493444,0.11322952389970768,0.09859959664215594
0.10089611072201587,0.06023527267842397,0.1073576479036142,0.12132450198363535,0.10524330544517287,0.10796492296877246,0.11800393214571397,0.09624594684533468,0.1827283593073166
0.12697444387698886,0.082833471634524,0.11184640969154865,0.1270665381861725,0.1253944345794716,0.10102092916953502,0.1283208489970221,0.1068515293750779,0.08969139448965936
0.0886962280658371,0.11057103398942274,0.11402136332673178,0.10522222276837338,0.08994064101476618,0.09638483353831916,0.11696017707379804,0.10341068738858444,0.17479281283416714
0.2113036163823058,0.08794963906769959,0.09091008763068675,0.09396479747705011,0.11766098739878404,0.0901235537299797,0.11759815679510026,0.11364477120319112,0.07684439031520264
0.07566622863994456,0.1447951360271719,0.11759780237101647,0.12045780703475305,0.1512389090735519,0.10668675011435969,0.11417462791725691,0.116031777156346,0.053350961665599474
0.13902645646456202,0.18547531971858577,0.10819334990912259,0.11626332215154407,0.10644093137069371,0.09828110639407306,0.10326409215023095,0.10605978305252413,0.03699563878866359
0.12196558110608789,0.16437891697900134,0.1097086431675463,0.10555948457803462,0.12259830006241235,0.09399494711548724,0.12884104592513743,0.11934447569513261,0.03360860537116023
0.1844932717501975,0.0945229491247304,0.09744623360422333,0.09616628058750247,0.09705686559878819,0.12841912224903027,0.09899747329978997,0.08767597689155775,0.1152218268941801
0.13412933727067375,0.10521862379863667,0.10980462025940214,0.1146413937737847,0.1217342537870566,0.1116663478981561,0.12287908464552999,0.10750562895121492,0.07242070961554513
0.0888106794078569,0.18936058687836463,0.10785414669492766,0.13722807990316563,0.132570104939658,0.1011796420528297,0.09137566947376013,0.11210014828123693,0.03952094236820038
0.11213651790732494,0.15378788326966217,0.10995711044630407,0.11731924083005259,0.09736802714075284,0.1028897636566148,0.10762976493690939,0.09871088449966586,0.10020080731271329
0.13585589029822834,0.09348778973185091,0.1001194720627493,0.09301952724250094,0.09794921604121648,0.17917977479097166,0.08132492288497206,0.11023718275349996,0.1088262241940104
0.20408833126143044,0.08968691453355458,0.10066018320029807,0.1064287410572425,0.11511740789270229,0.11030947426172834,0.0929336649334761,0.12345838822667576,0.05731689463289191
0.08359833832717206,0.1431905593492722,0.10208141322595184,0.10638158784612622,0.1342206824235553,0.14976189967655393,0.11158915747756377,0.09871582244541466,0.07046053922838998
0.10233451832198653,0.10230951311737635,0.10919671168201828,0.12104530802579953,0.11683106319023362,0.0675896775253414,0.11636369086779948,0.1219666217122773,0.1423628955571676
0.0757673323395988,0.10773517764976331,0.11367159585405462,0.11377049380426675,0.10763509293725311,0.12910072661609373,0.11971706470876176,0.11414147239201157,0.11846104369819625
