0.1083700873891023,0.10785973865293008,0.12685134472620033,0.04550485489984334,0.19793950194173202,0.13166300348682816,0.03851179890034794,0.11672324584898335,0.12657642415403256
0.24992435703512061,0.10711969686623683,0.055089362121784925,0.04400309688877126,0.10077147551865913,0.10187580782945256,0.06781428116621133,0.20970447233200715,0.06369745024175616
0.12466258998376083,0.14980582365801662,0.11748507553165351,0.06299174565191897,0.1310736044274694,0.1273109505962857,0.10227952267538158,0.09605773137258783,0.08833295610292552
0.05149001817478984,0.10141406685884725,0.1601593791992014,0.23785345291050963,0.0541919163645049,0.14150914261130382,0.049687785682294205,0.09610519230472443,0.10758904589382455
0.10795444446782315,0.12009744746183193,0.12808340726556214,0.05224358420561984,0.10004401773308659,0.1066498651784754,0.06859276336655427,0.1693089182225195,0.14702555209852722
0.1295696160624122,0.0894518238210751,0.09972406827641266,0.07058875211770906,0.06894959732557274,0.18784285920466345,0.13964893673595863,0.11492115987651032,0.09930318657968591
0.1284385637614005,0.12806530912092481,0.08168958111423902,0.1978303317180763,0.07792335756363607,0.09743205921830166,0.08132039632127998,0.10151260567020219,0.10578779551193945
0.09190860232277835,0.13585514154560527,0.10977639770614815,0.05068743043310633,0.09931961272012664,0.07754216351854709,0.11898707470667756,0.21795538040140214,0.09796819664560846
0.10934513369671521,0.14778496929998117,0.07095669043348918,0.08761026009715252,0.10446381300765646,0.1507506558588081,0.08334231424006276,0.11185461066827392,0.1338915526978607
0.0736386680583153,0.09553074033739593,0.08276092911625965,0.22262751346924578,0.16685835676047664,0.08210741401603745,0.10488076950391052,0.09694213803254033,0.07465347070581838
0.11748834299028517,0.14614192114204547,0.1024378038207968,0.1135432900555831,0.06832411158421041,0.17331143183608788,0.09943477265039746,0.08481210748508199,0.09450621843551178
0.10033379833376606,0.11288456307169731,0.07441861185659661,0.07149461284088433,0.1758745741168679,0.18063079769311663,0.09852017318616728,0.12371240664653267,0.062130462254371153
0.08507664213847159,0.13857017695759552,0.07284240922992503,0.06842762755639704,0.11211439905996279,0.21391555258336514,0.12739777194241,0.08843263029856357,0.09322279023330933
0.17024008129109403,0.09671088500971858,0.1285949959152772,0.09581910709796453,0.08968390263979124,0.08973408238734308,0.1138885224009341,0.12189407219337876,0.09343435106449847
0.11427619017672642,0.11832424112483804,0.12509644059397587,0.17718232427240754,0.1311564451699466,0.08315784510788549,0.053377940615810665,0.10292309614042033,0.0945054767979891
0.0872404078080067,0.11575066240096037,0.07618099058221932,0.2647666426936148,0.08593232558115688,0.10086338809794143,0.058543689222789096,0.08336505260046777,0.1273568410128437
0.08389870683488893,0.13933264803685882,0.09407153508175338,0.14290409317681863,0.09102080615049096,0.11293431608427242,0.1230654454004776,0.13234504436428116,0.08042740487015808
0.0950806386284007,0.09385022712800677,0.11128330710504608,0.09392843634973101,0.12419169694409733,0.10655073306611519,0.14030640541302775,0.09137337280362935,0.14343518256194585
0.1215948182569711,0.08014235249260064,0.11774142270388532,0.15110727223496986,0.08445917957457642,0.118116341939363,0.11576006066846446,0.13996775288394928,0.07111079924521975
0.14669521913244524,0.08326330280847664,0.08263833862680778,0.06879586601687347,0.09263067368684152,0.12025628766557261,0.23398543347662504,0.10783908464714242,0.06389579393921538
0.14183542307118877,0.11773275408526317,0.08313311476858197,0.1303689228945684,0.08902977859970462,0.11569242174998623,0.050852284000657305,0.15413327907516086,0.11722202175488866
0.1079848256926273,0.13645871795870987,0.07735107761324739,0.18274507585608654,0.06562868672405281,0.16061368894179942,0.04253617589049047,0.08967682414343152,0.13700492717955462
0.0775912446758018,0.10612850970802305,0.14145913088639675,0.134570467067397,0.07125217074038222,0.11875957282394134,0.134840349697414,0.10875470560711432,0.10664384879352946
0.07222549619651347,0.1299547953709307,0.10259007670421362,0.14734938545516296,0.06628238702369707,0.18926285027439907,0.07231114081119076,0.11949370672043336,0.10053016144345894
0.10209469793502503,0.124159042779082,0.08396308734161549,0.1312356310207323,0.09638462372021968,0.17409390844965755,0.06484098490721805,0.10161465571812765,0.1216133681283223
0.09125175226627712,0.11299363872482936,0.0846606240887432,0.17570954824815335,0.10855924494486956,0.08311288147027403,0.0591894409651858,0.14570015040803028,0.1388227188836374
0.23954106397885874,0.08881120564855605,0.0430236919572306,0.017585804311477455,0.18783160347619968,0.07961666246510452,0.20886183473556563,0.08711999405489952,0.04760813937210782
0.12646605221295548,0.09729220483966822,0.14186277966182617,0.09567727073826408,0.12479872857768076,0.12512358312438485,0.14511509930549063,0.07835232208269445,0.06531195945703532
0.2539813205412381,0.08532226691676541,0.10707412895246544,0.04521567646834266,0.11693899776141892,0.08059907501905077,0.11810984366907147,0.09814101619442062,0.09461767447722663
0.09444755789201485,0.14918387946408765,0.09164557447096061,0.1460394680293397,0.06976567686162351,0.09827844306427604,0.06360652257289057,0.12790696587846076,0.15912591176634627
0.07092813063687013,0.1036517100691201,0.11365067255232204,0.13560359413947357,0.10505106020133496,0.16266111092648616,0.08505318897035564,0.10240148597200933,0.12099904653202803
0.08591624991331813,0.1426280131183927,0.06896782251362367,0.1311886008978634,0.08028857839495689,0.13488275412981793,0.05990114348586307,0.1204996907431909,0.1757271468029733
0.10989094090966123,0.12634359591744856,0.11327388462992145,0.10409452178132224,0.17697431815602802,0.0963696802680405,0.055419734650198,0.09570931013761401,0.12192401354976597
0.1270078087026554,0.09807440522057335,0.1534163599812175,0.05811605330303287,0.1593257968817113,0.13059585974767232,0.06476067190066691,0.11880107203492257,0.08990197222754777
0.23172517594981853,0.10835719645077069,0.07715366055807792,0.10614278628978253,0.08267268437869545,0.09153957351715407,0.10952990931778354,0.10871023410789839,0.08416877943001881
0.11890116890176176,0.12302004244442301,0.06518168594661232,0.11678048551130232,0.09248429317123681,0.18386214734860906,0.08325600881758875,0.13287153360121462,0.08364263425725134
0.13968733628901883,0.10259810239208138,0.10172288377987744,0.05485440506594035,0.06922454852487368,0.15712248234544282,0.23228642417609435,0.07542967870570207,0.06707413872096916
0.10214455087810487,0.10374630145143317,0.13674431488748684,0.08580242677620598,0.07311042242697699,0.1999834891704709,0.06415959340824028,0.13553132418686129,0.09877757681421966
0.07427649139378668,0.11591886566238908,0.10886157267219808,0.21884554286363164,0.08129815025688028,0.08201614745265941,0.06838629471220918,0.1198274670013663,0.1305694679848793
0.27574731680259545,0.09941300612739828,0.16306782332283143,0.05481418709289591,0.057218288886190655,0.05834957753650805,0.08284373009462127,0.0832517266180743,0.12529434351888466
0.06061315953163249,0.11851901853693214,0.07445020542333894,0.19957228850610842,0.09175846499917034,0.10925688716923428,0.10070808892519983,0.111787158347511,0.13333472856087258
0.08766547227878807,0.10354389878213906,0.17554994124702453,0.19999643494596078,0.06995138163860494,0.1285645292553044,0.03277024526276842,0.11335318296505943,0.08860491362435034
0.10087566370339142,0.10883198281141555,0.05780137240706229,0.2021798790087157,0.14941677276709325,0.08574250468130962,0.0556781439741178,0.11186652736722062,0.12760715327967373
0.19865196359352214,0.1009856490433106,0.094661635587051,0.1021292466735035,0.10440859874157689,0.12875990194369225,0.04711872971554775,0.11559433137840351,0.10768994332339242
0.11408757321157763,0.1584788556339273,0.10019753280188415,0.11016125295561001,0.07061250413992926,0.1266386824994364,0.05500850179617565,0.10986121380625645,0.15495388315520311
0.11429071698504582,0.13158888812542058,0.09899255695700133,0.05627539054542668,0.10186158808525764,0.15098086933614172,0.10621592879075985,0.14259159695530382,0.09720246421964251
0.24467720186998268,0.13891073075299673,0.07961025038522966,0.05249949853367469,0.1707127612356225,0.06375771622088774,0.04893603971928672,0.12366052553347913,0.07723527574884015
0.18726775494086753,0.07051666955516593,0.179339941453585,0.05122277191918601,0.08872781288767367,0.08282526960890167,0.14210870527475655,0.10405646922273269,0.09393460513713088
0.1290251477313978,0.09635630249426053,0.12592463425223552,0.08688102888442362,0.1196406182330958,0.08537750652054234,0.07325266394063525,0.1570885348503971,0.12645356309301217
0.15143109361527934,0.09154349906975968,0.09219507574272284,0.09984404672157177,0.08240254405546817,0.13597241215139286,0.2063935454311943,0.0857642716550036,0.054453511557607436
0.13923052377697273,0.11029652762630754,0.09627660544703025,0.1281135402645763,0.12724935212552488,0.12388640404122635,0.05677397955898723,0.12341584038583071,0.09475722677354402
0.09496669289933979,0.11814904684015563,0.12187907969276357,0.10527687705778126,0.09495455826175266,0.1319472675547795,0.10817283481778733,0.09337116268741748,0.13128248018822283
0.06083628711860819,0.11687122277840391,0.09484420440427964,0.29344868582759176,0.05991652459154186,0.13033934865843907,0.04289369449150593,0.10055847921298829,0.10029155291664138
0.07079505166823284,0.13838578726692713,0.08243542019326981,0.13363860067009228,0.13307905297277012,0.13867618235650453,0.04743493130773837,0.10004719893446784,0.15550777462999701
0.12824595360326438,0.1311552273931795,0.09728772684884167,0.06919150761626673,0.20715679493870712,0.08270496974754676,0.08970196535644308,0.11218272030253795,0.08237313419321272
0.18527448367449373,0.13931684974359634,0.08617923702629908,0.11790333848729094,0.10053498253723823,0.09892484091969185,0.0572506131527166,0.10735696545807168,0.10725868900060158
0.08470335870420886,0.1092215080322743,0.14968002912931475,0.03063296870986142,0.11086330311100884,0.15570937905844548,0.09680472612245443,0.1434046856547121,0.1189800414777199
0.0922075671656674,0.1295972448234555,0.08965935317705814,0.12189561595331992,0.08679477221558707,0.13164951055381124,0.05322500388313583,0.11707511398806936,0.17789581823989564
0.09258795308677427,0.11089833355119372,0.0872467284671749,0.26127024880701183,0.07981686285274246,0.0883491911101028,0.06605237392546215,0.10982279316272886,0.10395551503680907
0.11495890320691893,0.10430555191577044,0.16303077639266061,0.09375374503724676,0.0751054372620064,0.1368682723529521,0.11837885394690284,0.07766616127809318,0.11593229860744879
0.0779442133624137,0.14232462885556355,0.11973773392507277,0.1393852504853652,0.06735027689972034,0.12075989017976303,0.07353396680753,0.10458137058193391,0.1543826689026375
0.14256458065462416,0.15059707378611306,0.18756663653931324,0.084154460154659,0.049100799204911394,0.09022819297654887,0.10176375697428792,0.08071261574460657,0.11331188396493584
0.1190058560409308,0.1188299369705887,0.08999865977020054,0.23538603493336052,0.07167036513064887,0.1269611681814273,0.04930529461340858,0.1128405733692441,0.07600211099019061
0.1106752811078226,0.1299415210673874,0.09397176387553179,0.11278063703826546,0.0868846800753894,0.09693278511537144,0.039954205325214924,0.11913506273452967,0.20972406366048732
0.10776610085654807,0.12807513053334882,0.0681577550723295,0.1800977292821385,0.11360452375810719,0.08799716159850828,0.04753576292748926,0.1288549921216304,0.13791084384989996
0.0904940492046153,0.1098442762466277,0.0858021069599668,0.2159302813116731,0.10357867138240497,0.07417927942527597,0.09273217598764665,0.11795474669307358,0.10948441278871601
0.13307702659098467,0.0900750776308325,0.10855444283741038,0.09600433671290531,0.14172291320261843,0.17090616425802174,0.08715363061549586,0.08108889540707305,0.091417512744658
0.0861742740193394,0.08814034859003879,0.11221672730077269,0.20794469684753505,0.07777532802657097,0.1344629759590382,0.0675282873622231,0.09350296678689522,0.13225439510758666
0.1406025939749175,0.10635190945521666,0.14909434145137945,0.0661387796225636,0.17312131698846037,0.06309017637383453,0.04058694438695721,0.14454949802875486,0.11646443971791574
0.15427903557489853,0.12324335022770161,0.06875301826790275,0.07286643700856132,0.12604349341519028,0.13317460107244128,0.06916406879499133,0.14309557244716856,0.10938042319114437
0.09762135144624795,0.19092898844982029,0.05692586401028662,0.09576213280000913,0.0859513003613424,0.14693018584353337,0.06078183455093633,0.14507310263236256,0.12002523990546148
0.17989173516005333,0.10499955803737353,0.10198787752526269,0.05917741952037849,0.06689087179705792,0.15013334101490197,0.12838109223622066,0.13951111475543262,0.06902698995331875
0.06741275671259586,0.09244904832039459,0.13072598647057238,0.1561033116743492,0.13444068416067737,0.15709459314454974,0.0755567670019082,0.09069078187571979,0.09552607063923287
0.06921762632309565,0.07016406887491496,0.07896165713755898,0.04830423089453512,0.07727242013584197,0.18681996101513754,0.3083519779108588,0.10236640503840894,0.05854165266964809
0.08791830481714458,0.11907699231932195,0.08655775430944411,0.24561130394044808,0.0891751668027382,0.08708624210145839,0.08663967076298658,0.08016763475154043,0.11776693019491764
0.09662805241341114,0.13003400674407695,0.06037893460405219,0.1412644488517372,0.15627072185366717,0.07196542769780123,0.09147268909916735,0.13952256648944278,0.11246315224664409
0.1260298427454503,0.11783800499558028,0.10843481188935644,0.028497919247482097,0.07866040574213319,0.10001293604340249,0.18370213475289696,0.19294138726991503,0.06388255731378316
0.08645118226668952,0.1420834712568451,0.06742033226027373,0.18749826427476246,0.15856900666246532,0.1272626625395116,0.055206330883748815,0.06212834892810944,0.11338040092759401
0.10628350116418522,0.10579203713942799,0.08768948303419559,0.18044074368764199,0.08944229478846734,0.1461362790707139,0.043014339856244,0.10968410934711763,0.13151721191200638
0.18034728270676612,0.09072569720976538,0.12114700519990097,0.0665422044131959,0.11403840651072072,0.10731308976801253,0.09707552285845539,0.1422534231139585,0.08055736821922449
0.08976832386011341,0.08531475663987154,0.09870416467914345,0.1038766387037328,0.1700900878518845,0.10071933613266844,0.09850310892115666,0.1866549360399745,0.06636864717145469
0.09086836746441383,0.12451612404913154,0.11481989770194079,0.053248175825078826,0.15640102142756043,0.1732587850992018,0.06472017645393441,0.11630111238909714,0.10586633958964124
0.07372420403805997,0.1005056053687282,0.1117316166716917,0.17882030508114513,0.09296093804652251,0.08444307689176768,0.11218159010102872,0.15973180356094427,0.08590086024011184
0.09583214346936993,0.11285397973417749,0.08218617810759755,0.20265680781218398,0.10233375730943338,0.08016489082432958,0.06557580671031547,0.09841461765725074,0.15998181837534187
0.12133415159852433,0.11899454795200937,0.09891169657388592,0.11919658091518426,0.06812743414628299,0.15034026797232314,0.0792529237115787,0.12819293673740342,0.11564946039280782
0.10932206702506932,0.12451056657085328,0.08465655884205296,0.18220494051081423,0.08763487189418634,0.10023470783199195,0.11818497222349698,0.08901545375671586,0.10423586134481914
0.06864069857046351,0.0971299562835818,0.09516317010265773,0.11276078466836814,0.18373578515636166,0.17155036441065774,0.02084748232589315,0.11550951402400662,0.1346622444580097
0.10723581275615364,0.09960666110050416,0.10196701412335142,0.0646508855504223,0.10751204057117018,0.09929572243464045,0.18356434778909758,0.12297769111377603,0.11318982456088426
0.16218996426943452,0.12680638783060855,0.1455353947595297,0.11132443472759239,0.06326892825471755,0.09979167749869543,0.08912268557911769,0.10867791208297344,0.09328261499733077
0.11733350520122114,0.13849076569817498,0.08235307902482557,0.18621895591376111,0.09617364025876451,0.11199758137277253,0.05442696756873089,0.1271042372076599,0.08590126775408942
0.08188770639019717,0.12472440613243951,0.11286314331847526,0.07387296267930693,0.09248508670823734,0.1578287729035672,0.1286622656633891,0.10978763762100287,0.11788801858338475
0.08920053056719891,0.1338174657020483,0.10399892600170997,0.23690675497591532,0.06933069363805187,0.07398898426360596,0.08927465433504155,0.09516270878909672,0.10831928172733145
0.059749802508555085,0.1152020245556669,0.0934455105744656,0.2687722987196095,0.0777033598754322,0.07531056513880902,0.1015494802499315,0.09366586822307572,0.11460109015445447
0.11116146421193669,0.08494369809311508,0.16871944715318132,0.1578812147448845,0.08410983605440146,0.08423662730699986,0.05368680042000815,0.13841228292084548,0.11684862909462755
0.2012039688001336,0.1337637506341115,0.08884913255236164,0.10053150224042735,0.09418991421864954,0.09864856740800913,0.06282906973022524,0.10789298886006045,0.11209110555602148
0.08034805036122265,0.12333040643291636,0.14415215563784758,0.12124913460607145,0.08039048456635056,0.0865920318260256,0.09737237335869005,0.10019583267570459,0.1663695305351712
0.11538630042649493,0.08669282854975895,0.15852136557167565,0.1877638946713489,0.060483785221962766,0.089269583271861,0.05093108318520447,0.09260225430195124,0.15834890479974215
0.14613821229531754,0.14055289799540013,0.07379631415107911,0.15404924251218835,0.07479710527503039,0.11862176309249972,0.09215279624056916,0.10813746951929733,0.0917541989186183
0.22448924896651137,0.12312593883022943,0.06800382002643737,0.05145113882660995,0.10367732390132839,0.09053024260733566,0.09036835647503876,0.11435253753082168,0.13400139283568738
0.08903997630048437,0.1155691157833343,0.07665995326812876,0.22269911737141387,0.07618975797777967,0.06252730650809545,0.12193053949131762,0.08908569315777572,0.1462985401416703
0.13481245908425607,0.09394743983906893,0.12400643379677356,0.08155010492138665,0.06105772858542786,0.1986654266455438,0.12466701374086174,0.08334311430827455,0.09795027907840677
0.05611020521369914,0.10616908785536032,0.10939164728266774,0.2210451459361625,0.0940846395891467,0.13657929280215028,0.06297218532350118,0.1249533695803926,0.08869442641691953
0.1417003996089482,0.13677228312382317,0.0529119895085875,0.206646600514624,0.09976376896778998,0.08283540505961105,0.043717514243775894,0.130876552217398,0.1047754867554422
0.08392986135977461,0.09865306611823028,0.1309285399245326,0.09095391684820615,0.09423900734788743,0.13137249799827963,0.11631263542202779,0.13678384255781925,0.11682663242324225
0.09156705604618263,0.09071989934394718,0.14021656600302868,0.10693325884896644,0.08608822350080213,0.17997028675864116,0.0946034176561396,0.11784427810211447,0.09205701374017768
0.06923655759180349,0.10386651906330442,0.09615009585425642,0.1457229615938672,0.2125304823917286,0.06314637040939265,0.06510505668430129,0.15898449349802743,0.08525746291331847
0.09027979777685773,0.11006774555239278,0.10426800577138003,0.1184793707634955,0.09127780551724535,0.09523366994399864,0.1474812486622914,0.112478266556641,0.13043408945569757
0.11599206966568602,0.09364772908046486,0.16324317007914582,0.17581005963703122,0.081091084271278,0.10447896831574784,0.04482231810317827,0.08886001001606941,0.1320545908313985
0.22626237815630845,0.06995183685038354,0.10160158229736875,0.040419852430796245,0.07683579322067269,0.06430409098943198,0.256917090195207,0.1180961859737968,0.04561118988603447
0.1167355990421498,0.14005808951352175,0.06463489285653895,0.25095723999888436,0.08382563711925888,0.07864959638233335,0.0479573504338551,0.11093995737197898,0.10624163728147884
0.07510168012974647,0.12531610673648172,0.10827071901788186,0.23376885550925622,0.08129465341543629,0.06663450670213228,0.0551959639349995,0.08735311406051532,0.1670644004935504
0.10849251908593538,0.11704084168227176,0.09481695742231759,0.07439247184530355,0.20455608574835546,0.09692951083307903,0.035990828696040124,0.16047388356221645,0.10730690112448064
0.0880142463543953,0.1197990028360535,0.11248368123696384,0.1529553709211877,0.07674829204614954,0.10154828682172555,0.09077580586393584,0.11738023991013109,0.14029507400945768
0.1092656956725359,0.14067905675713102,0.10292510400567197,0.07323769387316426,0.08898294245146927,0.14841593201616102,0.035428600315288154,0.13367924869506015,0.1673857262135183
0.17632263969182374,0.11983920042349296,0.09928392759057898,0.14896735077825005,0.08300319563550544,0.13295804344391227,0.07353878739532714,0.07539447356143188,0.09069238147967755
0.09347341589480496,0.09467324093718837,0.08025483777262822,0.08273122924766026,0.179522217578065,0.14505075264369705,0.05668513317194618,0.19495707666548537,0.0726520960885245
0.12995133141729334,0.10525833381581645,0.09968226574706597,0.1638497053614082,0.1771158082488805,0.0924577713675014,0.049492466493651965,0.08097498439863736,0.10121733314974478
0.10363762358909419,0.11237106091709038,0.09461906767774887,0.22139596540459058,0.07842339353770096,0.05729582007266245,0.10753670700010666,0.11616165310676785,0.10855870869423802
0.1319886550074091,0.09835582883598933,0.12452641802632879,0.05241121677865911,0.06453773918275697,0.14838781049650707,0.11723498416964795,0.16550766381769377,0.09704968368500784
0.26321481878001857,0.10917235998381947,0.07863314247231928,0.042295136487513756,0.09128159827747317,0.11395446808281316,0.057270547581055785,0.11865071762425311,0.12552721071073375
0.09898115332814457,0.11833864668269262,0.07410423441698243,0.05496109494405154,0.2131198710797665,0.06409972708272847,0.05396429429346527,0.22536585577813598,0.09706512239403259
0.07107558069001692,0.11117105166208496,0.10971453672176833,0.11470371884613716,0.13381597311493384,0.09671120432275465,0.03620317475802634,0.18816667220173033,0.13843808768254753
0.0973003835623596,0.09578082068297711,0.08108484946658791,0.10250668594901384,0.1854377117996345,0.1110883566007727,0.10091537376339545,0.14567369620022405,0.08021212197503487
0.30539791599501104,0.1001140892089113,0.06636899151065791,0.03289398936222468,0.08369614348617888,0.13928684285121393,0.12411880482807898,0.06666550311705736,0.081457719640666
0.07079162081410767,0.08316919007766528,0.0708753334379133,0.07562781324291924,0.21089007405146432,0.2304686746475354,0.05707224443066589,0.1387983325163706,0.06230671678135835
0.12368585956869849,0.10808552468135206,0.11884129420879713,0.057951557636938066,0.09760124204908406,0.12248416938585516,0.1028031772633744,0.11960202224197147,0.1489451529639291
0.22569384281292973,0.07351690273995132,0.11650690477265657,0.07061998554801309,0.09047723554049682,0.2306946228473146,0.06281490903027016,0.05684672945550751,0.07282886725286015
0.09208069644558019,0.0836677144568115,0.13754994206509974,0.20897614134995768,0.08564868388639692,0.07806367790020365,0.06572415772930469,0.09629548816381422,0.15199349800283127
0.11548633778125082,0.09893921562437584,0.16187556739923245,0.06742730855966561,0.09774461449090495,0.09397763660731502,0.15849030756322935,0.1278088046343296,0.07825020733969643
0.08042000590865411,0.11054704672817546,0.08220418603453382,0.0666486340673031,0.10816398410641033,0.12457929086783416,0.2651796088652007,0.08878456877614711,0.07347267464574121
0.1186951976031309,0.12489127343384349,0.12848627580304162,0.06712837343265848,0.09023766981297447,0.12074353366548717,0.14531857732102585,0.11861006724584063,0.08588903168199746
0.2718675132042445,0.1098323259936671,0.08853226628882065,0.03415732168690006,0.08855273199126916,0.1215406074343266,0.1660163060646905,0.06011457792648215,0.05938634940959925
0.1867719107546076,0.059555164500244534,0.14704376130698243,0.048170730695615505,0.057239646550170976,0.07887654695064632,0.32075077688553427,0.06499323549026999,0.0365982268659283
0.07956852303193944,0.11093667360538632,0.12899892935257268,0.08899462676526342,0.09556457060276706,0.11152182004643467,0.13659851874928983,0.12422885744760294,0.12358748039874368
0.13934386630375284,0.1092061347914008,0.08899777510041669,0.11187754317107897,0.07233284771928047,0.12357738754483581,0.21315248739056705,0.0815912571536612,0.059920700825006175
0.13288724467063034,0.13045729015032145,0.11950624293632099,0.09744383833037396,0.08247075468590731,0.13087074999009637,0.05024255860682483,0.1530725120963689,0.10304880853315579
0.11317346265002719,0.14644187416998208,0.07583709975335885,0.07633903227827533,0.10764326268417897,0.09285823468829502,0.10840058635443955,0.10885962311266877,0.17044682430877425
0.1757048422259373,0.12330638949624671,0.07420559204316095,0.09181587472810958,0.1033123819847933,0.08880378116789095,0.10069992368557795,0.11853657718537954,0.12361463748290373
0.11230236938472449,0.13520666746126023,0.07711173826052423,0.08059503570242428,0.09608729354312039,0.12286060578604828,0.049854930646801056,0.12914388007837505,0.19683747913672192
