0.07193671937552641,0.07139494918924254,0.10414890028586947,0.055877908509909556,0.2612566483929687,0.0687258745933985,0.1710356666494457,0.08927019913572422,0.10635313386791491
0.06721016580575112,0.11680684517733825,0.07521645001915733,0.18689667127440848,0.10213787605091758,0.10810825744310999,0.14682172648348937,0.09712229613155966,0.09967971161426818
0.02735511590094208,0.16554742403794295,0.09119210701330759,0.09221151758499961,0.04615698083703785,0.1282821505796626,0.14718376547299838,0.09483181669039391,0.20723912188271498
0.06563473595466761,0.0554369079063573,0.2473826248056025,0.10117881180309073,0.05433566096922813,0.20956683205483248,0.08517935434772628,0.08848863470161171,0.09279643745688322
0.08640703666528403,0.0945855587058619,0.14975543059628563,0.07880888041480831,0.061693506817102554,0.15781926427353019,0.1291937403208328,0.14195788710948595,0.09977869509680859
0.11995866386633817,0.02547968897789184,0.13208000732840444,0.15746402353369157,0.14496666816451473,0.10680369423293645,0.09086874707048524,0.12109602938167326,0.10128247744406423
0.23929979402790277,0.05944820779850122,0.07834470760909575,0.07489999366959924,0.1230183558460078,0.12104991934436975,0.09993056175107919,0.10886909360090091,0.09513936635254337
0.062136585187478575,0.20843920881187294,0.12418065149744424,0.11748546537745053,0.056568569038917764,0.09163854612177906,0.0651438487134942,0.10563024921750867,0.16877687603405397
0.07823232392623697,0.08524486346112714,0.16265471406579668,0.10749240685972218,0.08360642345616558,0.11252755063255397,0.14597774165410385,0.10678478205161356,0.11747919389268018
0.05634377915443589,0.06594989969575431,0.20561459127756673,0.1244878885070813,0.04581655101728591,0.19615636878181428,0.0728022496923243,0.11621199668366856,0.11661667519006869
0.02984542128151495,0.19048694351046433,0.06180458467916855,0.09324924136446548,0.20514886057914142,0.08168288144723558,0.12909989525313276,0.08544415241425528,0.12323801947062163
0.08412822010135934,0.07610941664567601,0.12775257234886137,0.09148085504488472,0.14336752257504004,0.12373955405023436,0.13365159445227562,0.11944909795296747,0.10032116682870103
0.0898550552993561,0.09531540316259507,0.0965416141581771,0.11454244662368986,0.13836828250882802,0.13065212556254588,0.10173362504740302,0.14509158350382909,0.08789986413357596
0.3593022603241535,0.03133950800272585,0.08322862874505645,0.06471193906200239,0.05278152627470809,0.06605641401083305,0.1012012363562923,0.10309658494696533,0.13828190227726303
0.13030811728725908,0.0996767749700334,0.1849870297107364,0.0610225798891351,0.11476375424148895,0.0897052772768951,0.16104503289275207,0.10589031160229916,0.05260112212940083
0.07488369182366786,0.049071365651384445,0.12834240464088,0.11315167275077827,0.0425804106970358,0.1011996676287323,0.1469761364564226,0.1316098525993309,0.21218479775176782
0.28943183180944404,0.05188299182974033,0.15317238820143556,0.059707025103312494,0.08612709723676752,0.05893523075325944,0.1568250202426015,0.0801139323072323,0.06380448251620673
0.01686548862183465,0.32714159986568064,0.04591304167491914,0.11181646669348162,0.147673578030283,0.08968046158698477,0.05370572815120816,0.09149322234954343,0.11571041302606457
0.29343685976327677,0.021945343197626154,0.17150793710430012,0.08348968404494668,0.11026801799838092,0.05856707032449857,0.1015684271652308,0.08082247766256173,0.07839418273917827
0.10797659533145416,0.155158958505319,0.06801479676188493,0.11314497975753979,0.10625169703302535,0.10499308577753803,0.11305182076474503,0.11060324649771373,0.12080481957077997
0.18856911118702824,0.04527894927240509,0.059995910401176876,0.07644756968146098,0.09852322993021818,0.0877793062016509,0.2912331162995974,0.09647128859197644,0.055701518434485876
0.04776258640817882,0.15409520827813575,0.10973561569097938,0.10010722251873588,0.06233017583604349,0.08499806550629974,0.15712100062799494,0.15085733888595257,0.1329927862476794
0.06172485988249903,0.07802611421626508,0.23271140722708408,0.12429368975297654,0.03661524043322086,0.1420584353420272,0.04729844044275908,0.12240207591245722,0.15486973679071084
0.07272855359329104,0.11985216656058795,0.077360673759609,0.1383117624310544,0.09613906399631006,0.11640470963213616,0.11404390175370098,0.12844772642216976,0.13671144185114065
0.18844352581629895,0.04460709429841747,0.08736985398092317,0.08422410598992448,0.17020352558971744,0.13003203865195254,0.11848310075504405,0.12803362603946744,0.04860312887825441
0.09159594486111904,0.04070031925266345,0.11653502920273047,0.05883768753181381,0.2530011041899214,0.04058245070204675,0.08971520695718231,0.11263218233527288,0.1964000749672499
0.11086675392916434,0.11870408758058537,0.05965582061962727,0.08666035482999972,0.14653002630560644,0.10498156224210185,0.12149479275430454,0.11697618851075431,0.13413041322785624
0.28916257549178137,0.02574401894605129,0.15225863779679735,0.11473293370492688,0.027208505841632414,0.12079406729071379,0.06556348468940153,0.09723596567611904,0.10729981056257624
0.11049647518504613,0.08995103829440576,0.09318443432900204,0.12586127531071092,0.07923701164094828,0.17392812058443097,0.07007946451607276,0.15827935778681668,0.09898282235256639
0.021348030182961848,0.23151281948091743,0.19459556048853008,0.10884704449450285,0.07403449060085603,0.10102307013990207,0.0512968511150152,0.10280529696307095,0.11453683653424351
0.12734239726694555,0.09113321657785041,0.08314429653596349,0.1267264933125808,0.16326523892984365,0.12866048894549018,0.07913229640170381,0.12556413735209151,0.07503143467753065
0.3236729531419294,0.0304000134642259,0.10184711495021652,0.0686284603863318,0.04599290186856476,0.07640716395622382,0.17289772545280582,0.11330745771673652,0.06684620906296543
0.10412409271926287,0.05779227946761554,0.16896371856615353,0.09608010917199356,0.14041464669469192,0.0988142788533542,0.13872980061954907,0.09252184478104293,0.1025592291263363
0.16930703669579272,0.052943911806811995,0.11347586240376122,0.111771514378327,0.09957661599686557,0.09860839297589087,0.1262561628229972,0.15194057341688583,0.07611992950266756
0.036724403991250425,0.17568707253749313,0.06452995221387146,0.11854293244183554,0.14505220395369986,0.1835198461658989,0.06898578248825353,0.1310466086344171,0.07591119757327996
0.1874403480956297,0.04176304081839519,0.1254008538196135,0.09548849972213598,0.17328139700552167,0.08191987331204803,0.12391540233002507,0.10847351083842928,0.062317074058201576
0.04377128897968311,0.10140695653932504,0.12656661574297742,0.1153845320986487,0.18035511958395092,0.12498359243763639,0.12520861617805626,0.11875765610245619,0.06356562233726588
0.25322789127576245,0.01555582758179066,0.06886742214586987,0.12709381594598337,0.12520924767425426,0.09414656197823605,0.12127823061940639,0.10895097977985901,0.0856700229988379
0.26137605103031875,0.028285668530842075,0.06098220381357861,0.08121861889615249,0.1518440171311679,0.08737693141219162,0.16737097035233395,0.06849954739989096,0.09304599143352361
0.04998238625454879,0.07178036365283146,0.12622544357207627,0.1160374294493709,0.12739281051629878,0.12013643107408961,0.17277274406285414,0.1142574598377147,0.10141493158021529
0.14046017575224481,0.028382621600872085,0.1446219827110139,0.12526867325853333,0.10631142459654509,0.08092907354112294,0.1546490594261309,0.11474425640036563,0.10463273271317129
0.030691282030444716,0.27078490421946383,0.06480788164403743,0.08664482022416954,0.15042774744526455,0.0903685743945238,0.07549811212814718,0.10419707315373446,0.12657960476021443
0.056207143120515835,0.08052221798229685,0.06282472558563937,0.06366839939422249,0.2964647661456216,0.10380696069147231,0.1565762400241904,0.08250402766653013,0.09742551938951104
0.1377960186934645,0.09976532579828819,0.07088872529409454,0.10164687143642925,0.05392019065368026,0.08509323304714322,0.17696171909246547,0.08209133869495165,0.19183657728948292
0.04713150977198583,0.12103314346102141,0.10479923138952696,0.11173929904149438,0.14624201321476668,0.07970359299069295,0.17837309058585685,0.09107509659028246,0.11990302295437237
0.10755304126354114,0.10270033229804332,0.13637671523859782,0.1481545699632578,0.04947856672670722,0.09525317376496505,0.18967580529790062,0.09895484531497406,0.07185295013201297
0.10988442708046035,0.07952620923973625,0.06705353796407597,0.1276524168389268,0.12107908659930715,0.12350132052514388,0.09903969068909207,0.1472884111945153,0.12497489986874216
0.06348133168087726,0.05447969265805656,0.14831876828399307,0.059073249530024984,0.2650674556158641,0.08661354040220832,0.1711515769026315,0.07265580245065256,0.07915858247569162
0.1428378007362141,0.10784602429119962,0.1254249609045243,0.12424888293622545,0.06495071173937098,0.07627741980649504,0.11881193286628362,0.11598209357683786,0.12362017314284905
0.1474137153990264,0.06559777177199659,0.06395187377412372,0.09540598108804761,0.06857371267059943,0.09833903835019335,0.05576149561019167,0.12845947484196338,0.2764969364938578
0.15899392968755455,0.10296446455911605,0.13040893291145958,0.11198866578450545,0.07328263299379889,0.09184356968569123,0.08364010368589746,0.1336795044345828,0.11319819625739401
0.1592199060363036,0.11278690021629688,0.15440190411124752,0.08488709401769216,0.10264374568622407,0.07007974809681634,0.13915171167808094,0.11421869474339097,0.06261029541394754
0.09454294434841103,0.11404866849051719,0.11927757365520426,0.10089983730811615,0.06891173988598526,0.1349696014404681,0.11480060880840326,0.12009970822626126,0.1324493178366335
0.13364592181112786,0.036805184286099746,0.23420382708173604,0.06158392677500446,0.0693296234340658,0.08542169538817251,0.18200416494850702,0.10182475717692734,0.0951808990983592
0.04645432434803743,0.13577061431136164,0.10206720332725482,0.14658476183532412,0.04554407109039643,0.14681006847288858,0.10351555590297734,0.12876420809834918,0.14448919261341034
0.1259682933451247,0.07995638137928802,0.12546923505516752,0.14131803228779719,0.05131435029746178,0.1718986236047374,0.05469836532303738,0.13467951188852356,0.11469720681886246
0.17115736642118753,0.056591099082196235,0.09428479383562405,0.08805896288939323,0.04315609079802015,0.16083259115998547,0.17750026994997517,0.11073588673044822,0.09768293913316999
0.13207015237883524,0.06530570363744032,0.05853867850831423,0.08981482322604595,0.1264767346814035,0.10365318103838962,0.09535061223944424,0.10523022411932421,0.2235598901708026
0.0825978373880349,0.10953086693695974,0.0874693020951439,0.14075125801957108,0.07672706422420877,0.09939868344470924,0.150064653864195,0.13618217857859996,0.11727815544857738
0.031800528920815876,0.15657587396373543,0.09367552976921663,0.13937681475786404,0.11201822206115099,0.08537665406907702,0.07514588902431706,0.14383806967183535,0.1621924177619876
0.11216760848147128,0.07256048331428086,0.132740958422274,0.180056925421247,0.050140703255901635,0.11605884008006727,0.14080315904672927,0.1071183541305994,0.08835296784742923
0.06167656278748734,0.06659044933474657,0.07622707446778719,0.06975615300316389,0.38052056210667434,0.07539472078977667,0.12651647972456317,0.07458990901473532,0.06872808877106544
0.03517210779403269,0.20604818808651273,0.15731749721691507,0.08990039308861869,0.18154079319009098,0.07082345486051207,0.08530526287853075,0.10391170104092178,0.06998060184386522
0.08137403105965839,0.0578452308056784,0.10219352127339798,0.13959587595690773,0.1257821800095298,0.07621507492494545,0.10709948901683093,0.10339977995483336,0.2064948169982179
0.10450978483393132,0.10138062295140036,0.12155671513678079,0.12580008153810748,0.10707969612407153,0.09391548870865311,0.12002081900573099,0.1038880807394413,0.12184871096188309
0.39310238107657697,0.01993573042252295,0.13154578747444398,0.09153559759147607,0.02039244854248393,0.10841037119181768,0.0875382372757579,0.08560555794657203,0.06193388847834851
0.14862903115897727,0.11121467318737654,0.06684909022284989,0.12415077202959217,0.056159386234826435,0.06822146948805151,0.03130246511182216,0.11296267804547078,0.28051043452103325
0.03130377384778893,0.07402900453066781,0.24945062116624409,0.08805906011419619,0.011191695485955536,0.1821033116086416,0.12138700702333942,0.07339527484168008,0.16908025138148622
0.048539027908832376,0.1263231672749234,0.0763419968635651,0.1401351964937101,0.17448029922919336,0.09616120449886378,0.10264241720415666,0.13785139676253563,0.09752529376421946
0.04553723292845647,0.11175990028560216,0.13368386298660062,0.075229303274002,0.23843129206575134,0.07308490285114977,0.14569501313263766,0.09718552328509876,0.0793929691907012
0.29524307364039853,0.0979217724423751,0.11669404816326183,0.12604330286044538,0.06116600613348382,0.0894388752592612,0.03674696106131079,0.10466584348147372,0.07208011695798963
0.30848657808770935,0.02276110195159912,0.06267704393162196,0.1400702819392883,0.11590643268059737,0.07575031525142938,0.0826525531097078,0.1036154735519409,0.0880802194961059
0.07016224245817955,0.10824997234594702,0.1080894934578938,0.08621433817709882,0.23599730192484578,0.09763146277814055,0.11673448212246577,0.09705545284251965,0.07986525389290904
0.12970676023281197,0.07751209164071092,0.1136288167282895,0.0846299778358885,0.06238502327001036,0.11285895593846978,0.13560241630072484,0.14021384676055412,0.14346211129253997
0.060963577234165095,0.06227421380837794,0.17767516089761806,0.0892423814462469,0.1376474908712216,0.16608298289807957,0.07211728809123368,0.1447358530324994,0.08926105172055777
0.17811228270278892,0.056500821174192105,0.08799571446499062,0.10347944540631789,0.04346398399151757,0.12566619425769718,0.17899434284049476,0.07699563354018228,0.14879158162181857
0.04459798569932361,0.15260151811761327,0.11762746899334105,0.07910989226551367,0.15561035753499533,0.1445693895241488,0.09179385190086148,0.10762357589686801,0.10646596006733487
0.06558640375750845,0.17043908014916176,0.10018278843815252,0.08992755392508596,0.06603171088443939,0.15306472566943338,0.12986438668878106,0.1144621301950775,0.11044122029235992
0.2060343755036341,0.03524528208815514,0.141561062127983,0.06382735792896801,0.13464719891869012,0.07685548860309636,0.130902494334737,0.11544365415383141,0.09548308634090491
0.1284736226174097,0.09297385398798157,0.10489339366344756,0.142721737788961,0.0978254806940717,0.12002872671277583,0.06981162340481362,0.1354046734163238,0.10786688771421526
0.05608102012141566,0.0912119640617604,0.12329857542004725,0.0916189474614948,0.14454531527404488,0.11525169010686676,0.11587657711305448,0.15085717290542797,0.11125873753588779
0.022035523217022585,0.05796955706420202,0.10384867947081,0.1039024902419265,0.24715571531315492,0.15857746152739416,0.10912160837134616,0.08132515053186881,0.11606381426227481
0.21782527437641797,0.026770011982454694,0.1404505488879252,0.08792737177533677,0.059991210512784,0.1912540888226749,0.052669000852195356,0.10497584752286339,0.11813664526734775
0.1340699078800411,0.058965429810149655,0.1025895543151641,0.15315960403431506,0.054230388329631125,0.06880524678077583,0.07845883913121555,0.12390213948184581,0.22581889023686166
0.033244531854335596,0.079875685590289,0.09250778362700623,0.14033711726907558,0.17689440381600874,0.15991889330024123,0.09750153521237392,0.10798427061780992,0.11173577871285974
0.13778913632591358,0.030648005512000195,0.13307685555158502,0.07819253521508528,0.13982519168612467,0.16810013344294925,0.1419534061694956,0.10884153219255616,0.06157320390429033
0.0746146154220568,0.07033862984570655,0.19088039725051423,0.09719970280139256,0.17516459197298204,0.08627283429291871,0.08124543068736072,0.1191509044142721,0.10513289331279625
0.1049791556765191,0.05716412413886218,0.10726194833109744,0.09963482401561903,0.10730666183122663,0.1952998033104776,0.12102495026927411,0.12559339184358018,0.08173514058334369
0.08706356376155028,0.09253851972805942,0.08590357033902503,0.13687045610123996,0.09937724678329994,0.09279187226881898,0.1668681007755066,0.10621380007313909,0.13237287016936078
0.08692603172569828,0.04978955058702645,0.27206279386834026,0.10357402427724514,0.09804443973795986,0.04663020625875693,0.09086255879371474,0.13539347116630868,0.11671692358494971
0.1375597180096251,0.08477186320573431,0.07350444711902664,0.0854117617822125,0.06391341180403369,0.08831752594047686,0.1625929993505494,0.08859875474782573,0.21532951804051584
0.3030312524366346,0.020318957481334034,0.12617242645355564,0.06390291422192172,0.08583953825218978,0.0913403692900614,0.10880801650521839,0.1177606528784673,0.08282587248061711
0.10863973572545797,0.06335695091922222,0.07443291857872274,0.12209141516642169,0.1417387133626493,0.11362758234794972,0.07129192826263545,0.11457231091431354,0.19024844472262745
0.08852368575156026,0.07954562160423463,0.09603855791621603,0.1067606141149322,0.10290917163497071,0.17145444139762842,0.104956071579749,0.1387206421396597,0.11109119386104903
0.0637387886428193,0.04444843562617471,0.14862978557056164,0.11160643608739296,0.06052890065000538,0.15465352412306343,0.1748921348265834,0.12968904896523192,0.11181294550816723
0.1862227273644709,0.044891607741435226,0.07265088704047559,0.07315374501567755,0.14555840144393728,0.0685193547442827,0.19862234823728708,0.12508594847200202,0.08529497994043161
0.11762005196622882,0.08609721020219396,0.10123919684499376,0.054057887054877574,0.1837464717440617,0.11577858059058825,0.17538592867005334,0.0886975917446355,0.0773770811823671
0.17725622665682558,0.02873713905804617,0.05789314929452948,0.08387377101152459,0.12035635125906467,0.10058494374014289,0.10852927159970643,0.10952519998188763,0.21324394739827265
0.09967867057425626,0.1724594487878941,0.08277025828317586,0.09677056356124393,0.11970595180999773,0.059982824377564116,0.10567361451888437,0.0760889602974853,0.18686970778949838
0.1240985191235238,0.07040117106112671,0.1035530597972653,0.09621224065535065,0.16793177530163908,0.09013926464935436,0.10606132662011707,0.15621884465437,0.08538379813725301
0.03039387078941,0.26149651563205567,0.08458015955723845,0.0997966901274907,0.05573964181177531,0.0851974224185109,0.08753731981609952,0.1138640396926411,0.18139434015477832
0.06515366100742986,0.23641844854922636,0.1529927991284816,0.09044648183497626,0.02516119065455143,0.1462754415906293,0.09969136914652614,0.10607064748421963,0.07778996060395936
0.07916491327066973,0.05689076009533001,0.09906723008555339,0.07803692988153377,0.23675174154938936,0.1061929248536047,0.10624023299338985,0.10513825677940813,0.13251701049112116
0.08520844978247821,0.1559317325779581,0.11041397044269036,0.09830250774157374,0.05116210589349743,0.1267068120210155,0.13802070291385174,0.11741011682628234,0.11684360180065262
0.0715174339494055,0.1464975372419226,0.1767209963017626,0.12208144979834878,0.11327752405735435,0.10693199996545023,0.05928768793477902,0.11105375507794242,0.09263161567303448
0.35691983713487113,0.07884889604417195,0.12276489137339242,0.0947139192197471,0.01819746636684195,0.07827222168915259,0.05248562692456412,0.13680071436193617,0.06099642688532269
0.03817908687121638,0.15893633007149868,0.07964745337690808,0.14223204866923872,0.07360210072824631,0.13795273259775043,0.06982329117742607,0.12684379334025483,0.17278316316746048
0.04186185923256953,0.1012872303324381,0.11874672470821168,0.15322026723791826,0.09638739923653393,0.16746861796277904,0.10355349060785946,0.13300555822064453,0.08446885246104545
0.10182286777719568,0.037943055214219756,0.08382913661322877,0.1282666845190311,0.1582959710955952,0.07685092659182287,0.09188669109129623,0.1210966427172591,0.20000802438035128
0.2760640535562688,0.0492192382209363,0.11338703436554048,0.0998360087878944,0.05068175255826415,0.1102908102591742,0.1083047698084824,0.08548905450468484,0.10672727793875443
0.1051949634785486,0.13508763554293066,0.10471377165995628,0.0887477136122908,0.2290050734049406,0.0640072290818375,0.11494075424549437,0.09080250566143594,0.06750035331256528
0.053286877336397385,0.038461060565320775,0.24467270098956953,0.07225055386992785,0.2306607373772437,0.09819539076279434,0.10486928184727383,0.08063066437831828,0.07697273287315426
0.01936532171801831,0.1412134372158348,0.12363417989219606,0.09138217005728126,0.2458730989796072,0.10597501453325607,0.04970668062758199,0.10089664282781152,0.12195345414841276
0.048815058343311506,0.12840388136542527,0.09378140421525184,0.12047539247444083,0.18338692378886753,0.07069125678276762,0.07823757030744556,0.12360775984902027,0.1526007528734695
0.3005489702502882,0.10288653994103607,0.1145959985504268,0.10526009799382445,0.07679213548123177,0.07093089318112426,0.060335864910021936,0.10516133703766523,0.06348816265438127
0.39209846101062623,0.009122829762430418,0.1158950515290396,0.0641990040109862,0.06729022889096528,0.10868957512662948,0.10935921839386685,0.09183843361722167,0.04150719765823424
0.11161209422164732,0.06398005241111089,0.10365757556084272,0.07225042716282862,0.22080733916376047,0.13923960911943548,0.10059050344149623,0.08780215323107181,0.10006024568780646
0.0807903323229615,0.10724203628691215,0.06368719949453779,0.07390014933659594,0.31567452950488223,0.12358659713440255,0.07161822792967332,0.0934212487114146,0.07007967927861984
0.036444276453833836,0.18150090374576125,0.060747185399615496,0.11782980716606395,0.150690804859461,0.07085116858449399,0.17507388780421415,0.0901294561674713,0.11673250981908508
0.07308487400185733,0.061407549133225624,0.1377374707804592,0.0758681418939146,0.2573664260501073,0.0875895074890098,0.14131260342943638,0.08295519263356534,0.08267823458842442
0.0507240804132175,0.06136407704722619,0.06920721829245773,0.09705754707071317,0.2660451391587028,0.07807183485859491,0.110214020782691,0.09573954652146242,0.17157653585493424
0.05967094636542523,0.13368209956359248,0.15540036467224339,0.13310811799091785,0.054586960982231404,0.1233727665183577,0.07900011102295658,0.12933240506521979,0.13184622781905567
0.029738336080582947,0.2059858386603676,0.10355746862788978,0.17485348455020389,0.050434914671118526,0.0744311326192398,0.06879567401660154,0.10374165738170553,0.18846149339229035
0.16758433230202074,0.0898601199126537,0.1344075705518387,0.10507492479628777,0.13943945004691258,0.08216211021795118,0.05454735536407581,0.16207769256862958,0.06484644423962989
0.063809549071549,0.10403270527733638,0.2174826131198073,0.12125607820597566,0.092257215220801,0.060987403281259255,0.09355292398195274,0.11512007566157235,0.13150143617974633
0.048116205413919665,0.08517910756491871,0.1321559401295599,0.10397318786551252,0.1968212898446635,0.0830157369208895,0.12820520871342303,0.11155103788384463,0.11098228566326862
0.07566058827297005,0.06112280460970728,0.10943119354721519,0.10417322040057357,0.22398598933579197,0.0839327576191124,0.14115545173838276,0.09730551725033437,0.10323247722591239
0.07955465756087422,0.052984589106662656,0.136650601024967,0.0723457523216405,0.08973014662465108,0.14006329133062445,0.14827997531751033,0.13336487024622157,0.1470261164668482
0.12446899906208413,0.04280270656977764,0.1732797150661006,0.13323236557789112,0.06424821234674816,0.10773488332151288,0.09858962563107308,0.13933817180559013,0.11630532061922227
0.17900334475211244,0.045341820330096975,0.14964177542930607,0.05844824829990102,0.1247409553120512,0.08428302782576785,0.18679269782427207,0.0934536550885765,0.07829447513791578
0.08584002469959894,0.06462120536024042,0.03346886747098071,0.15627113129315562,0.13690246826513988,0.16048700794057214,0.15034310088043104,0.09759331426890656,0.11447287982097469
0.15185934110917118,0.08799342225812497,0.09579365561962304,0.15020777315700906,0.03186969425393297,0.09728134508762543,0.24430490101384894,0.07233697701211096,0.06835289048855345
0.13195948002983346,0.06562088344545079,0.0797809604740125,0.09591108642053997,0.3037106292316907,0.07027674913774785,0.04905674299006901,0.1241975998090814,0.07948586846157428
0.06251938419066118,0.13674262031120152,0.09756133338744166,0.09382592598029638,0.0953915695334973,0.11849002202206223,0.16162485454735473,0.14604428692374335,0.08780000310374171
0.2255194542065696,0.06184118852550646,0.15141786739368407,0.05543046959510236,0.08022470602196104,0.07805255292153247,0.17607000909302806,0.08938894972466367,0.0820548025179522
0.06065597157089513,0.059769569327105,0.15876072629531499,0.1562466362915265,0.08144617213023773,0.08685798771094401,0.224252605612229,0.1036743452816848,0.0683359857800628
0.13556608673787124,0.2583777574759864,0.053430644584437144,0.06786801504758981,0.05492868447107793,0.06375124252303456,0.18398357061812867,0.07014900471487595,0.11194499382699837
0.1384506357448075,0.1082429432561261,0.08447747922167013,0.07787828326121782,0.05440247412361462,0.1527326956234569,0.14290491821824336,0.11641722434154123,0.12449334620932234
0.053371298509774755,0.15319420381236457,0.109757084759408,0.11857425695963016,0.037573581880017276,0.08428793179831391,0.17910107512466342,0.1065428323436692,0.15759773481215883
0.06790502137025878,0.0630376494751761,0.10064627896860913,0.08813035740564622,0.25965179362017304,0.11416097848899859,0.10312117693555578,0.09668624161138312,0.1066605021241992
0.35840265608698796,0.012462772626158011,0.13295164222367895,0.08227670278229532,0.0435447158627943,0.058606414331305784,0.10499068685580137,0.13292602624433147,0.07383838298664674
0.12377148539235776,0.0642162279013224,0.06319312487943367,0.11601276826018468,0.11326637828675107,0.09447237538490331,0.15566529808098226,0.10119162653250036,0.1682107152815646
0.15877172182650143,0.050441284503951515,0.08461895278567493,0.12022140945743294,0.10912546880673658,0.09229769236794083,0.14688303116951434,0.12715738765766846,0.11048305142457893
0.1367958567220968,0.066732114492193,0.08232301126724505,0.08881925202101008,0.21546743370984092,0.0715293883143207,0.11308669364204194,0.10669969182338014,0.11854655800787145
0.16758433230202074,0.0898601199126537,0.1344075705518387,0.10507492479628777,0.13943945004691258,0.08216211021795118,0.05454735536407581,0.16207769256862958,0.06484644423962989
0.16261952897506596,0.04186079044660825,0.1964182863247681,0.06520155947559131,0.035986422340018,0.1089155017225333,0.1537089690918712,0.086236226189084,0.1490527154344599
0.11155771249664699,0.08035742951914432,0.10286318403310273,0.1248654189438199,0.18267286045163159,0.11539946146117853,0.0714277720097989,0.09986818192477798,0.11098797915989918
0.07584894368032623,0.042297490516120195,0.11867495496199076,0.057325675672547004,0.11664035108166465,0.11631309573928468,0.2924979143911904,0.08896660024779453,0.09143497370908149
0.25326193173138123,0.08484563130501888,0.08395378429020513,0.09249552098439383,0.0405152520703549,0.10337653255127481,0.06649558390176293,0.09260508686937946,0.1824506762962288
0.1862227273644709,0.044891607741435226,0.07265088704047559,0.07315374501567755,0.14555840144393728,0.0685193547442827,0.19862234823728708,0.12508594847200202,0.08529497994043161
0.16382892622782044,0.033578944637231586,0.18511819669352528,0.1525560812827752,0.044149223030680806,0.07547119691991526,0.13802682549387882,0.09841568888354668,0.10885491683062587
0.2191480437517234,0.0333402035293957,0.1100852545288908,0.10562325848655081,0.07531230347789994,0.1028640644163717,0.09943302410874182,0.13814214711405695,0.11605170058636889
0.10654802537988502,0.0859268448209558,0.11307939835324692,0.12668216398641735,0.17136571127444522,0.10247313000002868,0.13721469002450723,0.09298187554860127,0.06372816061191254
0.08002748482409004,0.06855231050777684,0.11100304909002394,0.08323415231471126,0.15148659966468178,0.0676852913505086,0.18507755085887878,0.09695476769457449,0.1559787936947542
0.233418091511473,0.06418463330855011,0.07094769971045138,0.10899819842503729,0.05705808346090662,0.09509257468778409,0.17697023169595627,0.10557291423112837,0.0877575729687129
0.3248085892769554,0.02426262916997456,0.13153497461561073,0.08014175540431186,0.03588138256586015,0.0833669892553811,0.14838907496250772,0.09576552653946517,0.07584907820993335
0.09398613125915056,0.08322577330595016,0.100121553377486,0.14671807022284325,0.17020205214609563,0.0799099327533021,0.08009229607951318,0.112118717425943,0.13362547342971612
0.10882673626449561,0.08710425875995233,0.10124359210964241,0.11134409173215959,0.06094152557805985,0.13567496846252614,0.201921343481786,0.09704035969214335,0.09590312391923467
0.06741233755095404,0.29355108492068666,0.05353935347158086,0.0827826117541763,0.25175125392304304,0.05354763557294744,0.07585790249429401,0.07621138593846306,0.04534643437385446
0.22486256580889905,0.019939768528336854,0.09354706283463526,0.07514933495941886,0.15418204937584512,0.1048639684774827,0.10933710110037821,0.1531608575559644,0.06495729135903955
0.1323370028980374,0.06333249918948747,0.11146836748394758,0.11669641706049165,0.08913884707410302,0.11117816226896787,0.16677030637768073,0.11980849244698975,0.08926990520029449
0.30467185015755566,0.030558553410402322,0.09383328354406205,0.053360889160498685,0.037599734202693615,0.15163153826526,0.17031700736804187,0.09017612358045989,0.06785102031102602
0.15022103852540708,0.0721838082371007,0.13268046453795956,0.08036037031732361,0.15198607566708858,0.10743520146700057,0.08416856653398887,0.11123808666014405,0.10972638805398699
0.09364028067769609,0.053356551538820934,0.1474935753017533,0.07728698019532393,0.2374734310473119,0.07999578329214228,0.08911656991104804,0.07925170954852302,0.14238511848738042
0.08211259904209624,0.09859559337127156,0.20715716140391263,0.13003558807325233,0.1578706155029738,0.07397773582405055,0.07328689449308999,0.09470809950052443,0.0822557127888283
0.024240823913328168,0.16584269453648995,0.09526990759356742,0.1397369471502034,0.0822591252814678,0.1188552805018742,0.09030411546004262,0.16176900108201364,0.1217221044810128
0.2421572226157075,0.028821303901272032,0.22033697803036847,0.061162145380906696,0.05495938794052536,0.07853257814187442,0.10348918713479509,0.10247154008139232,0.10806965677315812
0.17771477742585284,0.09558850970283057,0.13115500361015542,0.08556350621319175,0.08173342837104043,0.058078418669615266,0.1476367823052282,0.10346389964107867,0.11906567406100682
0.18965267024730792,0.07837666225335595,0.14745449104203365,0.0883757916535932,0.058040344114250686,0.08905230624850465,0.14832825437480548,0.12224529333123298,0.07847418673491548
0.12614145926980647,0.08473810765806729,0.12409868195971269,0.11099837508929102,0.06563889324144741,0.13978015716656325,0.09154425709322073,0.11999882651784527,0.1370612420040459
0.08113230358524531,0.22818266919344032,0.06323826348504423,0.09169687916697822,0.048842139524147926,0.10807307601585324,0.16199296233538424,0.11629777232019162,0.10054393437371482
0.08458936119562926,0.08054467936489533,0.2157843559561762,0.10948599924900015,0.031148579523178736,0.14305904708709835,0.11402645537804111,0.09581605352499152,0.12554546872098934
0.35318236273264497,0.014947945101108084,0.1593627716996193,0.08795750064427536,0.016296974495720932,0.07746327846008429,0.03407685040776719,0.09282204706643672,0.16389026939234308
0.24576138199617592,0.06696892655944066,0.15707340660094912,0.0903213272465619,0.03723834957303947,0.12017174676084887,0.07530916040721418,0.07005032900103418,0.13710537185473567
0.09231080517443335,0.04611899955061643,0.24636813434441932,0.06739696251153902,0.17661252866718502,0.058396220147421775,0.13582606676323603,0.1005637258414332,0.07640655699971581
0.23607290067658648,0.019766284217692793,0.12940675948154423,0.12644515796230368,0.07885649627468318,0.08012654260036535,0.1104999037728198,0.1351452756388554,0.08368067937514921
0.2573646706356337,0.05592592049503775,0.0823317698729339,0.11427234262487769,0.03764148557157416,0.12086420527144309,0.21251380791116892,0.06896843648467628,0.05011736113265445
0.26739333471208343,0.014079224428416805,0.2139637834012579,0.12593715200262162,0.054466970772590995,0.05455740500546135,0.08152345371648871,0.10394430245397772,0.08413437350710144
0.0715424565806529,0.07162040997121431,0.1181243163856704,0.11243757359444505,0.25025285270338643,0.07949432494286512,0.08028266318001041,0.10959887186428229,0.1066465307774731
0.21653436682070415,0.051332267039543446,0.1388708916893399,0.08098685966345777,0.12752579021918214,0.08721345903541168,0.1704373090007388,0.08102510701504766,0.04607394951657445
0.10739538063346556,0.16418081185616287,0.1007193151413402,0.14748410497923234,0.0494704911981463,0.11286170877632351,0.06794067121162224,0.10528593460250107,0.14466158160120585
0.2153788542510536,0.027870762681126,0.147611497622231,0.09539133633016732,0.06875178489283958,0.12464705107153852,0.09909560170611982,0.14950031897975333,0.0717527924651709
0.04184244974513086,0.179371854928472,0.15580271857594274,0.07019679210507772,0.10582138413198676,0.13290626007485892,0.09754517243114563,0.11119725491952047,0.10531611308786494
0.12446509825125006,0.1353672042741301,0.08063909290285998,0.17105269769346612,0.03526632053744165,0.08692506290889201,0.21374783138601336,0.0745490480749072,0.0779876439710396
0.05305740433312071,0.07858504759804101,0.03329494159350948,0.2038722666235385,0.27072970061247753,0.08632132205160543,0.0692028070413364,0.10223329925719217,0.10270321088917876
0.153901377356046,0.09988685085495291,0.09724131827456352,0.11496236375604078,0.06435338456977664,0.09729058089469644,0.1533914060786591,0.11951746778701722,0.09945525042824743
0.04914423205986838,0.11596388892451241,0.0766089743826182,0.08267430121446694,0.227613149331359,0.10482225679676982,0.14857097973315891,0.09705609036450731,0.09754612719273896
0.039686825411122194,0.10096771083331972,0.10562916830938805,0.14271747698199044,0.08107814879868931,0.09884130814483548,0.058454728924280885,0.13595812113604622,0.2366665114603277
0.07314644951847978,0.05363870119226976,0.16077992342658265,0.09784006016614394,0.206202676955178,0.06696866398332119,0.17099980516832558,0.06703339405191631,0.10339032553778281
0.09615497738009678,0.26193908515378467,0.057239841456746814,0.08649198625681083,0.027681828533374826,0.08495917695658306,0.14366232727491293,0.06975817976505468,0.17211259722263542
0.15966197259921186,0.05181265988628178,0.196453908562048,0.13216602540361935,0.01921610883058472,0.11635994182126763,0.15753035103525934,0.09420274534814856,0.07259628651357873
0.05331763876526233,0.12397691754348356,0.12836493760473347,0.09187818026127381,0.1660804981943926,0.11605383456498496,0.13103414885869843,0.1222081736339604,0.06708567057321048
0.11262577861303569,0.043558502054127424,0.15572194402635184,0.06863533971558836,0.13455990356085995,0.08021829120606096,0.167453082294041,0.09015559116789351,0.1470715673620413
0.06570753486988208,0.28883606930566746,0.04658546052681073,0.07792602777315276,0.11729669726011498,0.08216849422580563,0.1519675387950066,0.09515852313873219,0.07435365410482758
0.12921982190360023,0.0828954819452812,0.06889768409914905,0.14537705038068943,0.02279865689049255,0.13060217471565183,0.07127903192333755,0.1377457117191708,0.21118438642262738
0.04728748555197776,0.23102996788822386,0.08244996624542805,0.088608856221021,0.04845063370128935,0.10762404172224972,0.1773212286458937,0.10876473385929007,0.10846308616462651
0.10607470667370156,0.10768962502845293,0.09149857561679502,0.08141083623446661,0.28165414459783533,0.11321528489221623,0.04698546931963871,0.12483512332532327,0.04663623431157037
0.08680222658192845,0.09752787640701945,0.13388303054443637,0.12577287808175774,0.05771307521210986,0.10443937893532712,0.11236446969146817,0.12290226003594144,0.15859480451001143
0.11930872332410271,0.10028185045090215,0.071032854172619,0.11830179410970117,0.1679226862726012,0.0759129397989578,0.14885324651803125,0.09737796940206696,0.10100793595101772
0.05439487348654267,0.3686646614925468,0.08902232509197679,0.09566842737226951,0.0686992637098757,0.06553136675560235,0.06650192418251186,0.10516537465597321,0.08635178325270114
0.23579946205707536,0.0206294248397544,0.06614562498311095,0.05273470268336561,0.13765903323702464,0.0913862996832439,0.21506196637221908,0.10666918351107264,0.07391430263313348
0.18226802657428276,0.0415729093752547,0.07929302619141947,0.11246445372315837,0.04381888446939854,0.18990124458153734,0.15752814823121672,0.10047384362531565,0.0926794632284164
0.09635683205924361,0.059897548445591885,0.08475682420591225,0.09437600601954203,0.15377229418486804,0.0900707870299204,0.17131343714625694,0.09026963093187813,0.1591866399767867
0.08068587868702232,0.17793002498874497,0.08788938568807024,0.09405756952734867,0.13295785254299983,0.08129449989692154,0.13900846206052705,0.09640291281365725,0.10977341379470806
0.27464136630888053,0.07382923033964156,0.07097450761702861,0.08668990398737102,0.05621866335266636,0.090619075541347,0.15618844872617174,0.12824195470568375,0.06259684942120948
0.062136585187478575,0.20843920881187294,0.12418065149744424,0.11748546537745053,0.056568569038917764,0.09163854612177906,0.0651438487134942,0.10563024921750867,0.16877687603405397
0.09182552289345021,0.09467041431725236,0.10969928809132069,0.057503153932488595,0.2071301122377843,0.13179376837788603,0.10666467199909734,0.09292652256791036,0.10778654558281016
0.0851005582021828,0.08140721523648102,0.14286999321100158,0.06978723971541491,0.1283968646828462,0.13502097044315417,0.17203319312833773,0.09235958563874742,0.09302437974183424
0.048867672963428144,0.06732604451658654,0.1080438749176366,0.07043003547459957,0.1895916187041885,0.07811344501990616,0.2173955399064216,0.09016204845281668,0.1300697200444162
0.1367696462679259,0.053866908054552944,0.1732493364329253,0.05922691548712994,0.017881856459742936,0.07282238071578732,0.22494378121659223,0.09333510189158999,0.16790407347375338
0.05929171201118651,0.1635330303328482,0.11317043018256001,0.09967247493149077,0.1722566809218118,0.07895551747103523,0.0822012509286565,0.08870173814381856,0.1422171650765924
0.06954508993446423,0.12588473380364582,0.16421682860196288,0.08121839522486436,0.1490669698749346,0.1026213342159087,0.1044000254960943,0.12415619490059293,0.07889042794753215
0.02207746988406591,0.06666472743920114,0.06326060728591414,0.05192535485714236,0.39615760070838874,0.09900443737903168,0.1199302190116608,0.08461746608910625,0.09636211734548905
0.05197775235007274,0.09264913446427964,0.0847481798054499,0.13572729675962758,0.10126257716280229,0.08695344732913801,0.19977017501839836,0.09651691354943771,0.15039452356079366
0.22594702505694686,0.06202195452673089,0.0912238768704826,0.06284948201528999,0.175274525366212,0.06267401994030943,0.17804899386940967,0.08028120334077142,0.061678919013847165
0.0536248194039255,0.22119427809247502,0.06825014270114636,0.12371509435853356,0.09757261268964192,0.14841805467336963,0.05750180860255783,0.09872652154493149,0.13099666793341874
0.07165231392969044,0.05594995684291338,0.07535768412712422,0.07529281296814226,0.3527845510307361,0.06440700372387363,0.08563491710891717,0.08879216225669606,0.1301285980119068
0.0716341711332782,0.08120851266987152,0.1533869427181832,0.14272820644803438,0.0935239563271079,0.09562678451780933,0.07561023508863977,0.11785095873584532,0.16843023236123048
0.10849855252352765,0.05932741086066676,0.1110540863537418,0.09540553505634841,0.0317273006447446,0.12831814782270276,0.13516832903002296,0.12365787222024689,0.2068427654879981
0.04127693277948177,0.15421751379659557,0.11635197566213364,0.10594487248371941,0.14571479744122198,0.09023384028863614,0.1420219048590903,0.10872873626303907,0.09550942642608214
0.29259884698887634,0.03169533637960375,0.21468865838944176,0.05328681888594844,0.05212506686042817,0.0636295370685957,0.09123737373809714,0.09895746801008874,0.10178089367892003
0.11440163210081988,0.020196294843613558,0.15729263964233675,0.2091223092202339,0.10816847382580856,0.12979019880213838,0.09076214612490423,0.11533507402516974,0.054931231414975044
