0.12177400159099001,0.05875869219843699,0.08446547588735705,0.2397788387932985,0.11210942406464332,0.026570496558024823,0.11920305413838617,0.06967085107279326,0.16766916569606985
0.062044630501982646,0.022553468474341674,0.07790712465753742,0.14874110279254915,0.06631056733368451,0.2759446458196347,0.15383952667354137,0.08704791897271384,0.10561101477401474
0.04389875745700805,0.03373563773470212,0.12305352515052805,0.05201402493979193,0.14066917704794202,0.047281006495281976,0.09485887035473983,0.32058880081775526,0.14390020000225082
0.08029110487348985,0.0806200218157748,0.1319764813894703,0.14681181391026762,0.13409961051613029,0.03914991106957028,0.04474033917215415,0.25979800238959844,0.08251271486354429
0.23190724803842042,0.011339275767798059,0.06700183939956134,0.09611228291392286,0.07919378150324129,0.25157081535255243,0.07516659135763774,0.06929614744644107,0.11841201822042484
0.11526995264372564,0.21169498603526152,0.17323224431410275,0.030066480795297144,0.09919606796323695,0.13769162480126854,0.06015420402200402,0.05014151107231158,0.12255292835279186
0.1629826418955694,0.05360925094635047,0.03110679827460165,0.07038241469214368,0.08608403616753789,0.3653240996703991,0.06229194680938547,0.053822150964809606,0.11439666057920266
0.30533370278973543,0.02740177509223758,0.0928213836933684,0.029717452696262133,0.08022203428354374,0.13922856260581648,0.03924916746248245,0.14247095396524082,0.14355496741131304
0.0332856835507338,0.03109619253801625,0.06261514399754987,0.1323101245895988,0.07642335817358985,0.22672209822298306,0.30309330569416154,0.049083999141772396,0.0853700940915944
0.029770442755913566,0.008694850204037981,0.16898562831925076,0.09971080132016606,0.11937693793574781,0.27900013836780096,0.1462201339076073,0.10617230141310742,0.04206876577636814
0.1681363418251138,0.02992455161782613,0.14081080949566502,0.039478686143641535,0.09918430454747124,0.03637356859055698,0.07623616748746453,0.23868697866196253,0.17116859163029818
0.17200033076613366,0.152449679085203,0.08430863954262442,0.0416777554715144,0.10037363986426046,0.11156731492631118,0.0903686948037926,0.0779255417011359,0.1693284038390244
0.16138443499531366,0.08356029457555103,0.12690536548549466,0.0940226900073372,0.12184718000181656,0.038550368597472025,0.10635355179905222,0.06908325971981348,0.1982928548181492
0.12377735072192209,0.03288041319741216,0.09746433316472101,0.17308022048705854,0.1406785748242924,0.12986196883821152,0.11028639520826727,0.06680496365594364,0.12516577990217137
0.038736028131612095,0.11060155437777268,0.4071046495113993,0.07845111933202877,0.08434562792153137,0.09646613643071471,0.01092904329360349,0.13119951506510683,0.042166325936230764
0.11522537708529033,0.11838124640398852,0.19348813428077546,0.020480239818196747,0.09471009645556376,0.1140695820493121,0.056882695904044524,0.11438640459908732,0.17237622340374123
0.05699735469964895,0.021569751366748796,0.034519931766113704,0.1311846410140828,0.08842649248194734,0.10204407685355947,0.18216649488914424,0.27181434677595845,0.11127691015279623
0.13263410604837314,0.09999022891906752,0.20329559665079566,0.06427635100059471,0.07801315520329798,0.16054159800472476,0.06517630554551654,0.0369636035848317,0.159109055042798
0.1431702710840842,0.04020880352619148,0.1192153856134377,0.05788268250718431,0.12578295742686593,0.0589602395335111,0.16059678754533338,0.11606948817309315,0.17811338459029868
0.10611689915493061,0.06033835606480289,0.03637115641695623,0.06627936036330012,0.08629847747476083,0.13464893932856814,0.3261361703267254,0.09539853292335004,0.08841210794660569
0.11879204979371061,0.14306815589853752,0.03349432462175613,0.10370545824989404,0.1265561723642954,0.23692813221072143,0.07932199110224603,0.04917660153711902,0.10895711422171984
0.2009629720002781,0.007691760412148803,0.19829814591446512,0.038296475182932145,0.05226736880177183,0.17757965697249853,0.024557132919100347,0.23131885435554786,0.0690276334412573
0.07219860334496973,0.04048118832452332,0.08841670528143249,0.048944541390304,0.14557425267587265,0.013695595207498338,0.061856453425035283,0.4105808634147022,0.11825179693566192
0.06037514479728645,0.022853276991968024,0.1600215595354528,0.27809558107330123,0.09292997484801714,0.01992953197566377,0.09979489870269746,0.13979202203652946,0.12620801003908375
0.05568785487943545,0.0019475484585902397,0.2153119273118019,0.04830698312781765,0.08511222578314193,0.394711398969192,0.024618002354760703,0.1108077634567207,0.06349629565853944
0.11306119547050157,0.11056096062831151,0.06974138074851748,0.08016244467002796,0.07021790637848964,0.20086408135853762,0.08802129083695433,0.13298842860182095,0.13438231130683884
0.10792665229880738,0.011675315926577607,0.031997598245066004,0.05052670920041413,0.10317897494026866,0.18868639625771322,0.22458085724725196,0.14386135958559768,0.13756613629830336
0.1258400033104586,0.015096360231666823,0.12237622546788525,0.10251954548710017,0.09001139172368937,0.07185326059525023,0.15526670133331313,0.1832857101533472,0.13375080169728934
0.0849343703016092,0.1426098501212183,0.06130947317204329,0.2824103261630733,0.12706634132697683,0.020171532484154264,0.08565017295658257,0.07800151074859552,0.11784642272574675
0.22265554877860594,0.01043693229398634,0.0431580321356558,0.0395961712039785,0.08199772472668126,0.31031057594913053,0.12264040216357312,0.0559336370990454,0.11327097564934317
0.09404437122260718,0.05779321729695308,0.11535364875314251,0.19436623737579825,0.12374911575020538,0.06163484970529929,0.05428140379752285,0.11918230087171461,0.17959485522675675
0.09384725261285831,0.05760595267419158,0.07240654982658827,0.07075322234648967,0.18912154487188482,0.01643853477543348,0.13114337157228426,0.2513686748491895,0.11731489647108012
0.01617973319522842,0.078614581001673,0.36214508315720173,0.030083200234188073,0.09022932815948355,0.2841883477774687,0.01238150930923035,0.10327081722594615,0.022907399939580016
0.06694795341160156,0.1192470878113665,0.07580254160899585,0.17026345818363195,0.19040414530775482,0.05618971533670144,0.09561874708678585,0.10189153729413553,0.12363481395902653
0.15594835269247712,0.04641143852753762,0.050095360265912804,0.029469210287664707,0.11625201807923348,0.2857806052104696,0.09919110541388869,0.10999289226354299,0.10685901725927294
0.0740584229431745,0.1355882194129237,0.045367212433294425,0.021983201341546355,0.11183899706211814,0.11748131116820075,0.1769274938812484,0.1976431030567676,0.11911203870072605
0.053457093316506187,0.047231586088857636,0.014858406719345548,0.024552172249840926,0.05015412556806656,0.3012588722859319,0.36881102081654227,0.0666779728264027,0.07299875012850617
0.1029795734153155,0.007668809614294393,0.023686692072277037,0.062009052811441596,0.15910916119018467,0.34387646239461006,0.10371679344149809,0.0880747072517607,0.10887874780861795
0.11902268946058688,0.02500005457962852,0.09539731593262384,0.06113926425808002,0.15761916290730493,0.27677538698429444,0.06951629222288758,0.08624280811569152,0.10928702553890228
0.17780070061265574,0.10719199300818799,0.12766160038385013,0.05161212805099733,0.12558189532233496,0.06378217020677845,0.06285118636774394,0.07011466485014885,0.2134036611973026
0.09472951677727248,0.07906062544527397,0.1251168399364673,0.13034312845703042,0.17409493136889795,0.036171364216801484,0.1030098845896928,0.08159766126696259,0.17587604794160094
0.12291794586439113,0.09117930055699423,0.15078141746075058,0.04315589308722084,0.0905496696515959,0.15498163305747145,0.10873846938230403,0.06848627290289415,0.16920939803637772
0.12415684973327172,0.01721815466138976,0.09823240530945399,0.24323820730475842,0.13678367738424638,0.014470950999456408,0.08607684923201382,0.09884977809452501,0.18097312728088455
0.13125374669302395,0.06686565007999838,0.060200451776354635,0.08650930075235984,0.09529014854520701,0.23484701457603277,0.06270906334210437,0.15320553871180984,0.10911908552310923
0.0838132559769098,0.007398269687139584,0.037138181018965176,0.14864607899107285,0.12181815900574076,0.32645345034652157,0.12846419170141812,0.04404720748352562,0.10222120578870662
0.15034139921423742,0.018512491533293186,0.03799179095554247,0.044093971474079584,0.13294459696944164,0.06481491084635516,0.17739013409294013,0.24685513002555504,0.12705557488855537
0.15734915077953235,0.11072324407390899,0.05820764378801485,0.12390540870367893,0.08210468977572294,0.18832310550587292,0.06933534990174842,0.04894556405459565,0.1611058434169251
0.12178467636142641,0.06236193048331897,0.02108507830653938,0.06266389135464234,0.1633277456197726,0.15495485567079856,0.22380240114909808,0.07926800238516325,0.11075141866924033
0.0681237596646815,0.04532383731742071,0.08295896924916914,0.25973162291082647,0.10734694310497371,0.0549056324717441,0.126411430631018,0.14368142584717328,0.11151637880299305
0.26484206612429523,0.01053935118075743,0.028100748701279696,0.023818071876964563,0.0866022768690093,0.2750737591434585,0.08150578008197204,0.11905185803688319,0.11046608798538005
0.1502551175108219,0.012735539808941843,0.032633805124173236,0.0658858768676835,0.1593589988572681,0.11846194248787593,0.22523487860576943,0.13739026743442007,0.09804357330304601
0.10051133566001184,0.02178778532889397,0.030024450624782633,0.07562630401293739,0.0688031831277577,0.34258447217749205,0.12289918287808281,0.16203938645765883,0.07572389973238272
0.07721570163752717,0.028056486687828744,0.11218839098788548,0.16325787912716405,0.11722613884262705,0.055443443835878785,0.17772758864042718,0.10049731848531389,0.16838705175534763
0.03196465764348606,0.10213803148996818,0.5031019299713676,0.12014776943758998,0.05401525387498995,0.023158120252315912,0.014035545491481035,0.07159579418033589,0.07984289765846535
0.036782411581629225,0.22803512372588117,0.31908077793219936,0.08950072842617997,0.051870850529039746,0.11712888326194887,0.0386244446263109,0.05845007420851475,0.06052670570829604
0.08181158620406008,0.015514007750341589,0.09955964773497124,0.2158753718574394,0.11672196020675829,0.0060753667967634135,0.138204643321749,0.17910242818006925,0.1471349879478477
0.10802383036601666,0.44389313178077466,0.06821281703342628,0.08668589100966329,0.09429360982527445,0.009640761032924416,0.039808142715689755,0.03831382723497092,0.11112798900125953
0.2070655060419254,0.027797105600597793,0.07490384596525106,0.03758624968531725,0.09150142252831284,0.2383678791615839,0.11489288047172906,0.0852106131054453,0.1226744974398374
0.03823560170694715,0.08954448365388125,0.4393153380184576,0.1223527321454327,0.0657183073819151,0.003703041626179588,0.01982085025805028,0.13926287133782145,0.08204677387131483
0.10311036988921596,0.05540323541338934,0.04735349599338454,0.268783928705066,0.1287535926665445,0.045316427714385356,0.17261956620004618,0.04955598691704797,0.12910339650092015
0.08493662111437567,0.0988787219190184,0.12395726169313752,0.15329275395735206,0.14340455752254597,0.00675728403907478,0.09318023299060389,0.15056600834208664,0.14502655842180515
0.16758818926346117,0.03382119010817929,0.0653986015315695,0.07520325248760033,0.06781593663854942,0.3130831161103749,0.07058288108053497,0.06231128198425139,0.14419555079547905
0.09913808296400196,0.08313404737272848,0.0566002527960233,0.03421294732443421,0.1146633453455665,0.14475145320247992,0.22118157677918873,0.12180773974413116,0.12451055447144573
0.09342614539261407,0.03753167546460507,0.055850394975419514,0.1250471891525902,0.12294842799094341,0.3462219854840927,0.028053238362330698,0.11184829445948936,0.07907264871791493
0.06391698477486187,0.1113127905718544,0.16192494934828128,0.106702792822343,0.0893199497912804,0.18642913349290938,0.042476453490103684,0.12940565413559582,0.10851129157277013
0.13033287276623998,0.14017036620363102,0.0825450608118015,0.07715408783419474,0.1193388791826403,0.04122916536794123,0.1200190005217154,0.12894448991997615,0.16026607739185963
0.12734907627410566,0.1022831813923621,0.05401120751526204,0.02578840539680183,0.1539838953415096,0.04741294491592207,0.08637020051355371,0.29335494514057,0.10944614350991289
0.1824545203559583,0.07758694275753161,0.04271135018877998,0.013592196365630417,0.10475517550880016,0.09932899819244652,0.10998728623718391,0.21862583915418973,0.1509576912394793
0.09421810372110402,0.060023671481290654,0.13048104695465146,0.1719714868909795,0.1302199964574385,0.03380940003575343,0.07145325495483956,0.17530406963020342,0.13251896987373946
0.15116378295069655,0.05872385331155342,0.12943623998063855,0.024173172671852153,0.058325039824809195,0.30552742908760827,0.03340821318018385,0.10869397095409217,0.13054829803856574
0.07575217774815061,0.0788068411770727,0.11374929360098895,0.11868135443037364,0.07370802878048331,0.07731743220614322,0.15164376129934223,0.21438725331411798,0.0959538574433274
0.1124401732236137,0.060452648920662766,0.09276740290483372,0.22494859635594344,0.10138695504383428,0.014493983986037897,0.10481046753111774,0.15469507884549744,0.13400469318845898
0.0913815879682116,0.06826329969252083,0.044976974654093727,0.08388440525601942,0.13024646523471015,0.1207280153180134,0.2438907240835632,0.0929990001973607,0.12362952759550695
0.022871226180574078,0.22483406818698848,0.21972094951260734,0.04378231946302718,0.09443932019815794,0.155758717720496,0.05387261790329632,0.11102829284917755,0.07369248798567508
0.1477601448580624,0.18133585110650816,0.09534696292177207,0.05813355266542377,0.08653179891337685,0.14550170947328803,0.07575134805002494,0.06314795034427151,0.14649068166727222
0.11086026656770083,0.06202690361385046,0.05808202085307405,0.052020210846283756,0.0667907103560151,0.4230801334297616,0.07111841073102311,0.04610731706951782,0.10991402653277323
0.10283390165633045,0.0064260613486333065,0.026746107078925923,0.05430892291103246,0.06635382231033964,0.16476811817497333,0.1717347593115536,0.3132400089970015,0.09358829821120983
0.09749152815862892,0.008855575672599059,0.04430533068918421,0.0474389909921353,0.03496122749042855,0.5052025581057529,0.13774541847606595,0.039693800801452246,0.08430556961375286
0.129482758535139,0.04348373875400476,0.13494255213170744,0.044012730082897585,0.13393118498968482,0.07836461348367767,0.09484353532784773,0.17899323768951667,0.16194564900552436
0.13783017646583584,0.041276259381595834,0.05694833264587196,0.04716541897394131,0.07967065117792944,0.3573212976418872,0.1126389459401057,0.05798652264188233,0.10916239513095027
0.14388210911454163,0.013106197608802156,0.047618629185860996,0.026503915040076386,0.06363275523704452,0.3875734356801211,0.08037796131560777,0.13229767122041394,0.10500732559753147
0.33135707565718897,0.003105787564214497,0.029262966078010117,0.03731221354060372,0.15217072003406362,0.09947029453685856,0.1275082738766696,0.08690169446043496,0.13291097425195597
0.14897118376101967,0.1616454609626502,0.10377408307627885,0.014761135135269122,0.039347759539247386,0.413403226423958,0.01877560743946279,0.024643553163766204,0.0746779904983478
0.13487767195716668,0.06206585609812484,0.05856030976346085,0.03576061238446271,0.08161243371978212,0.26695888428779785,0.14003018408266846,0.08831203584086507,0.13182201186567138
0.1435103305177566,0.042216410283941734,0.047003981320590284,0.13489572772936734,0.14757748079450583,0.036869422343547814,0.11041282031622719,0.21947512532308844,0.11803870137097472
0.15423755158527078,0.06436448176847723,0.1464522275079151,0.1012025867125372,0.10169538072264905,0.09239029035581468,0.03935821922998798,0.13633363118827982,0.16396563092906824
0.17598644545401398,0.03942319465895405,0.0329130502220974,0.028171517458686412,0.12466608638810812,0.1495116863127954,0.1915033814077327,0.1595379772907025,0.09828666080690947
0.08453419359752945,0.053051241750148304,0.13717403920768179,0.2279650635023263,0.13351675364652044,0.01745426316989261,0.12748826516909095,0.05807379978884302,0.16074238016796716
0.2296428600954903,0.019656054577083425,0.05666956984023389,0.08782966356526406,0.07836270408314515,0.08775504932219234,0.14731150117567865,0.15888345096662201,0.13388914637429017
0.09595424704462246,0.12746203460487657,0.07807883184674634,0.11069771445341303,0.09789976472536781,0.2230435856036266,0.11296049690331704,0.04746685193856721,0.10643647287946288
0.08665517504388572,0.07384494658613959,0.2072877462947517,0.11068638096292786,0.14063373021744396,0.015654529536171222,0.06649980998306762,0.13313386428620597,0.1656038170894064
0.08610585623111515,0.027110406228039136,0.061418335146091414,0.2140776679849079,0.0771986116593992,0.29786301696686307,0.05124467072702852,0.05686280913932668,0.12811862591722892
0.11158453527558783,0.16721530308559016,0.14662384735744496,0.1139683888625123,0.15014256005127183,0.019983860043056526,0.05823513645532861,0.10154532330275841,0.13070104556644938
0.21199328731918343,0.04274432207231879,0.13346018957746,0.09765523965296663,0.07953224452342923,0.2168230904327476,0.05602696803873933,0.04348548819252305,0.11827917019063183
0.06790174053924225,0.0533874922352641,0.06337076565150827,0.1240888640284283,0.13249358433524552,0.3293493352738129,0.08904476530836725,0.03948948644315746,0.100873966184974
0.1306736888351077,0.005808127993152771,0.09909500107469904,0.21212320911802954,0.07161344516470491,0.17283956287190536,0.05696256981316141,0.10327065833453254,0.1476137367947067
0.08423208446073276,0.016630024999554207,0.01133699172722854,0.03119098305521102,0.12096948810146087,0.28219076309070773,0.17054565782950734,0.20143915360759523,0.08146485312800232
0.11079693538698658,0.022385265286744796,0.01845649630886851,0.05552743767825163,0.08972695710865104,0.16200471601695118,0.1911712137457735,0.2537016709326599,0.0962293075351129
0.13040652169267286,0.03866038668594155,0.11187493064622211,0.11435991372126186,0.1162145350924952,0.2101622284408391,0.07699908128192935,0.04684784068155302,0.15447456175708493
0.14645103942974777,0.12529265846669105,0.10906229388648976,0.06102801021275924,0.12440381504076643,0.05173344952923794,0.09217344555817553,0.08383505767661881,0.20602023019951352
0.1281455524299331,0.05289105486327395,0.018269342583715382,0.08378345917477766,0.06471336743996993,0.3337549498569657,0.16405497940118832,0.05059505187453886,0.10379224237563704
0.07402173380525795,0.016255148906174067,0.07787184973695706,0.18800746820430858,0.09813466684151483,0.14617219487344588,0.10229701041289992,0.1737995498494085,0.1234403773700331
0.15486769738733838,0.005640724991812195,0.04807753659166877,0.09018771189285113,0.1302022395032179,0.31216928853212517,0.11045319917964717,0.07071896446252202,0.07768263745881725
0.185810186389055,0.004517853587112414,0.08237290341254395,0.03768222059761439,0.07951744846757665,0.18416083748097745,0.07251109194515512,0.2864776174346455,0.06694984068531952
0.0990777627710726,0.03511872292507958,0.22523920001771758,0.030431284698639788,0.10700805730290679,0.11993457891747394,0.08753488883368997,0.21811762747043287,0.07753787706298691
0.08393581265393392,0.02373181726837238,0.11726361131183362,0.14904794997245893,0.12702116180671152,0.1046745743438759,0.20828132152177314,0.0780969673590737,0.10794678376196688
0.08867055626642424,0.17437784842716567,0.13878709644981366,0.18329286228730446,0.11904938068861619,0.009358439359303163,0.08511059328294569,0.07360732832158216,0.12774589491684474
0.08742841408723488,0.04833337766727699,0.20165173183401844,0.024685647339489507,0.10734626088421724,0.23479840683823652,0.08637934754225586,0.10800511445213583,0.10137169935513464
0.1435649441614133,0.013227119489727318,0.04618780218744132,0.031048803358474653,0.07119912970638446,0.13397930341526246,0.3798095723190833,0.06417259392337953,0.1168107314388337
0.19268641023104713,0.015176778000317357,0.04620952080413495,0.03231131085565026,0.09778945518145869,0.38656022430126424,0.06698468804958091,0.0693598381099461,0.09292177446660042
0.1629826418955694,0.05360925094635047,0.03110679827460165,0.07038241469214368,0.08608403616753789,0.3653240996703991,0.06229194680938547,0.053822150964809606,0.11439666057920266
0.04978548677502629,0.07246461370532047,0.08002068736959855,0.030566614772326833,0.08160812649510028,0.1433710084543665,0.10485079077102959,0.33910573896775587,0.09822693268947565
0.10970088846757142,0.042024289207272636,0.18816797974028845,0.06344504848726146,0.070463314442545,0.27491844036943625,0.05196138132267405,0.05556951895189991,0.14374913901105082
0.1659820767321781,0.12268426507494475,0.1071579374756657,0.06140716692523892,0.11496255835099158,0.07596439957245811,0.11753348966083661,0.08483353192580272,0.14947457428188352
0.19720642393805451,0.10891004370846068,0.0544841222526628,0.03835513351468219,0.10524156599332289,0.1041992174244717,0.15451035050614945,0.07263888900919073,0.16445425365300506
0.11868073619808844,0.07502501730883503,0.03990539682726142,0.023763175733431775,0.05228353178275025,0.3374299305546438,0.15827141689185995,0.0870245236877608,0.10761627101536854
0.10246351396716624,0.03507318586435566,0.15947929206835265,0.08701445855755485,0.1726816581003474,0.01423033417348551,0.10172752858127908,0.17022107798627592,0.1571089507011826
0.07897822447728296,0.018295084796368422,0.1152710984213552,0.24244765814871472,0.1001203719778917,0.05611213869056794,0.1405241541903726,0.12270992037730118,0.12554134892014532
0.04133788590551721,0.22829098657790084,0.2541696803302061,0.15015997466295186,0.08202455822581624,0.024503053879876984,0.050659246302411205,0.07201989377311224,0.0968347203422073
0.04892521637336458,0.005911343700671447,0.058079672187436926,0.20374242603344447,0.08163054266935432,0.3479572637813251,0.11056414803463953,0.056302558955945076,0.08688682826381855
0.14680436958237644,0.16488761439226482,0.06545862090556402,0.08044414048168796,0.10353259115477892,0.12611532826623134,0.10569092528585576,0.06677199221102739,0.14029441772021334
0.08200628370156098,0.08037969172907684,0.07812341302192106,0.058027763763879,0.06004743978218963,0.4411899034558848,0.05885529853660526,0.02191518683403315,0.1194550191748493
0.07446569780209338,0.18065884233112386,0.10314164447917118,0.06923240395988109,0.1176814910447274,0.1321339420213526,0.1264843656233142,0.048961244741655356,0.14724036799668094
0.2470285422035433,0.053820034877830075,0.026100327654710705,0.01988037039018389,0.06551319638431552,0.3982849515326827,0.0694508999118323,0.03154948613524084,0.08837219090966074
0.0629556572468211,0.04198099587651213,0.2887370690480276,0.07583431177165485,0.08926091728511543,0.18697229541633484,0.06659753976891593,0.1072088127571158,0.08045240082950232
0.07381634872157473,0.05562550699392641,0.02816922407966578,0.10868426386176905,0.08137038002595669,0.3718187552677801,0.13948194012225015,0.04848368111048512,0.09254989981659197
0.12274644365138171,0.04213242642781707,0.1277898949451605,0.034920293459114,0.06796180706518408,0.3681800833178841,0.04914164323361812,0.057662206152304434,0.129465201747536
0.10693931458853208,0.08031433929957814,0.15861654401455952,0.020212058365539045,0.0429325477319338,0.3934887993796797,0.029887451630470924,0.05710025907823282,0.11050868591147389
0.07379685150327205,0.04311692591293429,0.13863136849249993,0.1907438859388857,0.14994458442364228,0.06118292477173257,0.10174316322580383,0.06226059110019338,0.17857970463103598
0.11881533373852497,0.008813856785801549,0.06110173557955919,0.1717408204461344,0.08460420265232797,0.21261152594831934,0.11427068979310195,0.11129784391930664,0.11674399113692385
0.09482676944053435,0.030951332825762217,0.037793258999224526,0.05437345294371718,0.08943302715319905,0.3427049319090268,0.05716129041595561,0.21963446877623563,0.07312146753634462
0.07913104074377103,0.1402244213150943,0.275629077229054,0.11454739172916976,0.1029649820901114,0.008086033677760474,0.051933904245949625,0.10551058483715497,0.12197256413193451
0.139788396673636,0.055933917055374795,0.1794216285447258,0.14260869481585267,0.1184509199443805,0.03358838346815351,0.059183157525933804,0.07412862245077877,0.19689627952116406
0.19068505417241025,0.0857183309557084,0.11495395998230294,0.11722442362744363,0.10404044201697778,0.04032015944865777,0.12334589250386736,0.06754284748541073,0.15616888980722107
0.03416724784827632,0.23868955059499053,0.029267975269743684,0.02873442630962339,0.09358529277918415,0.26544549503406817,0.20893189596866732,0.020388801082096827,0.0807893151133497
0.11901261377592437,0.05634930997543711,0.12351498002444954,0.04816463120815246,0.13458446730903825,0.06126421324634839,0.24608058079510722,0.0678421808307949,0.14318702283474777
0.18815549371062112,0.06114632811049415,0.12199310240881278,0.050596381395687694,0.12750481618911186,0.047211654219204535,0.07442653786340751,0.13088430077131705,0.1980813853313433
0.09445774306606147,0.062127282770400104,0.10170836361312223,0.26178170326596434,0.1400122010801364,0.012360558286430587,0.0936437426854591,0.08200181216705606,0.1519065930653698
0.08863013590923147,0.30668483987571626,0.10375726139419394,0.06799248832839143,0.11289481842227773,0.04257634686539128,0.06668432739537405,0.07792226513921159,0.13285751667021217
0.056825966753851896,0.03749557301293929,0.42379515131178347,0.07291288990611448,0.06302700690050762,0.11281981196799873,0.02316638457425318,0.15669272408611257,0.05326449148643873
0.12766468883635132,0.013089131168412566,0.024248156249062208,0.054186364368683605,0.09328511641992125,0.3322999155254693,0.1861169008293239,0.07312863110702919,0.09598109549574672
0.0665517625414955,0.02472234427658904,0.0808113713808265,0.18931350488203225,0.06933697014238564,0.25573283335259406,0.11532607140338684,0.1086345456179224,0.08957059640276777
0.17573089409199008,0.07984992631518502,0.09119233171842887,0.10823324933038232,0.10362455931476759,0.04271171980092168,0.17273765209657577,0.07925643037874297,0.14666323695300573
0.2392039235811639,0.006797322475334128,0.033842741427886264,0.04086572781930564,0.03233131219039365,0.44596263041532375,0.05405291469342826,0.058652650278621855,0.08829077711854245
0.07908690731467788,0.2123339412694704,0.10612487648748496,0.12129633485512252,0.135836403015808,0.0186911993794316,0.07952770995530041,0.10046018632614467,0.1466424413965596
0.14780770131330975,0.04109068012724862,0.09273072862192262,0.13566589950575764,0.1009121540217835,0.14167257509964054,0.10165788741072862,0.07087518630443038,0.16758718759517835
0.2286626201389338,0.04905021359544557,0.07692657262822698,0.11082050957136869,0.08473693293531477,0.16464235202848646,0.06097636002660323,0.06424031640272486,0.1599441226728957
0.15979653623583398,0.0391186934198934,0.04928186984397467,0.026663260466735884,0.06681988652451105,0.46437989983160405,0.032870814788990836,0.047682957197100216,0.11338608169135589
0.1917763988589769,0.20625771017421368,0.06574112149638787,0.0086408244881136,0.07472840479926504,0.18421065495731714,0.07249357712486719,0.0637802091579092,0.13237109894294927
0.10251121763545473,0.0357441678423775,0.13869658995964085,0.14630310370118044,0.15006236896212463,0.03374025239436514,0.16901754476957861,0.06740928672077502,0.1565154680145031
0.11466159058541885,0.059952385326923104,0.12558300800243125,0.045543247278671206,0.08640880709811029,0.2633724690520766,0.06519042784498587,0.141216161494838,0.0980719033165448
0.15927228218302267,0.11348591654102784,0.06506124220018046,0.0200577564253664,0.03833058765130921,0.45602828310585064,0.022390870577592672,0.03676410393906104,0.08860895737658907
0.08767674356945392,0.02841445265165281,0.040257746482682356,0.1525725243743525,0.08169948902291835,0.37610879148112825,0.08069316806909015,0.06172019922408784,0.09085688512463382
0.07575217774815061,0.0788068411770727,0.11374929360098895,0.11868135443037364,0.07370802878048331,0.07731743220614322,0.15164376129934223,0.21438725331411798,0.0959538574433274
0.052124641442534946,0.07137282142363736,0.03637487631551212,0.03748642603636441,0.07222265072931967,0.29618452693362357,0.27069194756623344,0.09106014186858534,0.07248196768418914
0.25745252457727286,0.05182025652428649,0.07134521867899878,0.04772274111601482,0.1194279025276926,0.07810015617800353,0.048828785002461315,0.18607516278427158,0.13922725261099803
0.18489524264940113,0.10849788834003181,0.05313374440374093,0.016215599153738613,0.047569716802356166,0.3787275725987665,0.04100179646419525,0.07551168558551126,0.09444675400225834
0.2077220173419346,0.00800269770884518,0.028415155867541165,0.023651592443359164,0.08910933863175248,0.33865458022203376,0.1292023291224946,0.07542095850353284,0.09982133015850624
0.09303410017795304,0.10768231806753141,0.20523012014234518,0.18816167780101412,0.10476405777350184,0.04297943261162121,0.04008448872901354,0.05839154269574239,0.15967226200127735
0.18698529421140328,0.05713606609596494,0.07103325355776542,0.1302385328290728,0.13302521631916056,0.09650249963021268,0.08965458215159644,0.0962897260586587,0.13913482914616526
0.07646590490793405,0.03695447872434427,0.33053527616157397,0.0687266527286915,0.09340065796360193,0.21155021981588915,0.0491819283739617,0.0342427374484319,0.0989421438755716
0.04202223323675274,0.05529893596097233,0.03708562620569098,0.1407868313204168,0.06814979236424919,0.3639201955488545,0.1350114763885281,0.04757117080991919,0.11015373816461621
0.09527801987530142,0.04492802774139027,0.08107738226528312,0.3061658499817827,0.09169602695256125,0.07050149268436713,0.09771850798568145,0.07652661291336275,0.13610807960026985
0.04785411988890486,0.02626564143788923,0.4209049586539569,0.05089044316478888,0.07601800975323013,0.16352872529346285,0.021004085451735238,0.14399854479176355,0.049535471564268414
0.1337331831044125,0.009293767001238112,0.06414898790873198,0.08931549909550851,0.13169592038422037,0.31472882416616227,0.08521483711823698,0.054476225241031025,0.11739275598045833
0.13683755613044787,0.009433509296996124,0.099633339501797,0.03620934240210829,0.082975696990958,0.21591314311598217,0.020941849919041456,0.2542647381583471,0.143790824484322
0.21801420648830963,0.16860824906790053,0.10866280774777698,0.04305265563683094,0.11347793147760278,0.04527204125612947,0.07241505411645545,0.060011264885366344,0.17048578932362782
0.03601539497474203,0.07692960698919545,0.5186972474630777,0.0775076654849482,0.0644590959286891,0.02595443186744552,0.029939792338017513,0.10300300144856543,0.06749376350531906
0.13091011081533974,0.28846716477877016,0.05560380026226893,0.1659773350282286,0.10502345714784767,0.006606140802819693,0.06583280419198978,0.058377895107042006,0.12320129186569344
0.08300338897601463,0.08322225841203912,0.2671424974193655,0.06792836963861461,0.06725623973586102,0.20466691423697703,0.039085840122493394,0.09097267663225582,0.09672181482637894
0.11411449038348004,0.014336002054345154,0.032154409091639274,0.02289601955058056,0.10684057624818917,0.34573927110478014,0.14498287747879413,0.12101980860349788,0.09791654548469365
0.09294782038131728,0.11476683083850836,0.11240066294193696,0.09818324953118,0.14770040555647046,0.017690543739126176,0.08716228373680031,0.20275649292437206,0.12639171035028843
0.05894738547376199,0.02107667185061568,0.2368938572978824,0.19381959181294708,0.10987589310138283,0.061374667818813934,0.09472859628301496,0.06506442656861618,0.1582189097929649
0.05665039241175277,0.144670566215618,0.2107742447721622,0.09213164005906053,0.0929991378251051,0.11650085195923021,0.0828482896127356,0.06780907556048159,0.135615801583854
0.1245955120247994,0.03582310611373327,0.04054713369011718,0.09565539821150724,0.10921978809453319,0.18425908602571536,0.16152587536162857,0.1156319135123952,0.1327421869655706
0.061848640301366296,0.28196338660844006,0.022560127134008224,0.016551739922198272,0.1268708632111105,0.12310097643445446,0.17218037829126565,0.09810309777621547,0.09682079032094115
0.21006950590206255,0.07189859895044658,0.032840883130190394,0.02997031271516327,0.08347531160223419,0.073180922097358,0.22264492522130222,0.1386596555631829,0.1372598848180598
0.2627624666616073,0.014782019004188402,0.05671313032113141,0.07923287226305949,0.06691270317019166,0.16330784175927607,0.1121217901464031,0.10902835047461078,0.1351388261995317
0.10011142843023806,0.009394946233101118,0.19510240934876802,0.125351059221623,0.09564676389787818,0.20707365226018473,0.06801499563264103,0.06686402966115788,0.13244071531440793
0.09298157898367447,0.03842574913169814,0.15310435940203249,0.09521801465683029,0.12919802873672925,0.2391693095868078,0.03103930727050806,0.135532017238331,0.08533163499338843
0.0715573782503145,0.04430209127339071,0.1827094548924928,0.2015286599320735,0.11847476451234863,0.030908650593701847,0.0688154401406673,0.18750528214660464,0.09419827825840614
0.14085268153430944,0.03332037107040132,0.025572015864504336,0.1961215946727024,0.10051870502071508,0.10832992333825274,0.22529881452601075,0.0636379409357651,0.10634795303733885
0.08886593824967377,0.050678383074064505,0.16510081397357967,0.0777283507269068,0.12518734160180847,0.07873888516907916,0.06550091026271544,0.1475411853409175,0.20065819160125456
0.07642297962672574,0.12458231621497355,0.1657500362992089,0.06778539139059005,0.1212131542172966,0.04813916382952579,0.13655051356710615,0.07886522191761824,0.18069122293695497
0.05562098813484543,0.012274804488756655,0.20122184754339575,0.15257325949048947,0.059430561343459885,0.37273889480767397,0.027257303974568884,0.065832652652793,0.05304968756401699
0.04843552462138941,0.39569778389917865,0.1303084600499983,0.02658305954127264,0.07894973441419943,0.1123630835395848,0.052048565899999344,0.04696867253132777,0.10864511550304969
0.30579635872083566,0.01443309478160329,0.03103997383250277,0.019145931073428653,0.042064830498826616,0.36908260597159503,0.0476011270305558,0.09078330361896418,0.08005277447168795
0.0108760021779704,0.13424659628626712,0.42147471752997934,0.15322989091537614,0.03074408018348282,0.0977879816527711,0.006680072646288317,0.11326321227561274,0.03169744633225199
0.1805763327912067,0.14700095302075292,0.09005805422200434,0.02012040829481782,0.08960541455171885,0.1305630858726823,0.09841764223192158,0.08036839563812603,0.16328971337676948
0.08713035723263686,0.009023405045224859,0.036876060200089496,0.2583457630126318,0.08282478177566233,0.12838704753135874,0.11064292332125557,0.18618894623002588,0.10058071565111448
0.13171875040619965,0.07275822170012473,0.13721791155609855,0.039737693963007574,0.11628091743456768,0.06975357890351423,0.14643023965742819,0.12184948055475825,0.16425320582430122
0.05475857253008248,0.23950992628384105,0.0984779236299423,0.02393701709196781,0.1253715588542448,0.1927948617135793,0.1050472809676758,0.054680469756553655,0.10542238917211283
0.0904191084038309,0.019807861650537675,0.10488265370912753,0.07493162993693177,0.10825245840681087,0.312162415354346,0.07639411711114266,0.14217352238402117,0.0709762330432514
0.15794408945178862,0.21476208775735306,0.039174023331732845,0.10580482458810525,0.1261825221801318,0.01957071920551129,0.11223745789952007,0.0971583634141694,0.12716591217168763
0.1265649038194763,0.03038134087464647,0.02981138526934402,0.05684273612767745,0.13240239570066237,0.13719780432397857,0.12841227684283132,0.229180182554887,0.12920697448649643
0.230430063247818,0.07219203163845492,0.030755483311054224,0.047987382443165916,0.13617352157815474,0.17886370958176187,0.08703146454539656,0.07695185044353879,0.13961449321065494
0.17769087100417613,0.0034239932449414063,0.03790456670418439,0.06102635604562067,0.06626271448796887,0.43608400838102135,0.06339966972944723,0.08391441877029036,0.07029340163234961
0.22265554877860594,0.01043693229398634,0.0431580321356558,0.0395961712039785,0.08199772472668126,0.31031057594913053,0.12264040216357312,0.0559336370990454,0.11327097564934317
0.2605772543124661,0.09476065954221398,0.06436700794953781,0.09809684566837974,0.1168751733021195,0.09571983571627628,0.045651040459651265,0.046278984925696355,0.17767319812365892
0.06909540982050554,0.03505081432726232,0.14091309011006892,0.1481703323185062,0.09184036774986094,0.13723390600071914,0.08220762781936304,0.18907439846934962,0.10641405338436412
0.11221051765284572,0.016193816880381694,0.05656717885251223,0.05227704255964064,0.06261881580722141,0.27847822718855453,0.21137835886618758,0.11763471602834037,0.0926413261643159
0.07406717304506552,0.029700470370452817,0.06070966768336069,0.14189970073352073,0.08827902698586843,0.28451852303554404,0.056879499820235935,0.1355774283716383,0.12836850995431356
0.22255295659856533,0.02851904170142951,0.04385903697476986,0.21507092851773355,0.08100465153824714,0.06878037582051665,0.11146795861738949,0.09877788967768686,0.12996716055366161
0.19315454219670944,0.006343181008979772,0.05419147701952972,0.050927480249220974,0.0451332935187248,0.3987633095130323,0.0948924607755942,0.05239076028795111,0.10420349543025774
0.019526239201444407,0.04454440306803222,0.3630918447943101,0.04227743170539516,0.12043256716519286,0.12331610780775913,0.03344173986595309,0.207782396059231,0.045587270332681944
0.06499195331768932,0.18784946588605356,0.37870621754885386,0.028699839296584834,0.09278533477293367,0.016484418654033505,0.05015051433405556,0.10785160268334858,0.0724806535064471
0.17798288281620103,0.012711251217582134,0.07744519678503627,0.1814853995182629,0.14089656361439773,0.06667431411159981,0.07532707018394115,0.08683838372739865,0.18063893802558037
0.10481669543480586,0.27690011018326194,0.13412152824703671,0.07464568220891145,0.1250933353419771,0.01718000336646824,0.08692404035578644,0.07593701817261286,0.10438158668913938
0.24000190792278567,0.0030560999974224012,0.021052900908914682,0.025601229325903873,0.06620844847974004,0.362871418257719,0.10545588776688986,0.10398405613046452,0.07176805121016011
0.0936730980108354,0.16787804736756962,0.03763332476288662,0.23112882716514838,0.09289461820881435,0.02528206477338944,0.16624750642944283,0.07676011477162285,0.10850239851029055
0.11446965065598996,0.042277504581243186,0.09304542650222852,0.09898248477675409,0.0814029905836071,0.21021109051311337,0.14427433423003475,0.09263714513555044,0.1226993730214786
0.06630528509031082,0.09973759875964254,0.13417892555161076,0.08983631802234902,0.10312244081202436,0.2693938289129441,0.06726499358106657,0.06907856590280324,0.10108204336724858
0.15702522449763223,0.12430625602128868,0.04202148370312331,0.049668277829788644,0.07464258474229074,0.23927591830479275,0.11707099935409182,0.061706745483981106,0.13428251006301076
0.14988692483636404,0.07086700374549383,0.07051656394202739,0.0457070589234189,0.08363704231741914,0.2913314667105932,0.07319645500176729,0.05034988590655352,0.1645075986163628
0.154827333850082,0.013426473846534956,0.024964067471290225,0.02933735815910748,0.049710731372725796,0.3057706997744832,0.08537498610897391,0.23444867211419682,0.1021396773026056
0.08553774910440787,0.08471244118239292,0.08750240674634342,0.193977759871489,0.1327871186535572,0.02943730970258819,0.13640811924541088,0.11103121397028419,0.1386058815235264
0.11701367134299644,0.08673360922323915,0.10385770916492014,0.14589020458646698,0.13482051353379176,0.06894477213760918,0.12691849641887093,0.056135756097446095,0.15968526749465936
0.03145110269627268,0.04263996992956224,0.24479218111230305,0.19271336787544227,0.09730759088319008,0.11328201898182522,0.034356821839097336,0.16390603546981933,0.07955091121248788
0.10194610073109354,0.23301211672234334,0.054480311316642854,0.10873807991373767,0.15285511404106492,0.025721856482904176,0.0827017493392612,0.11117964352621028,0.129365027926742
0.26199836901954326,0.0011885458267113461,0.02068957342403917,0.0917159049968747,0.07825485906725299,0.06082489753811817,0.16367940489143082,0.24827895045569048,0.07336949478033909
0.14896214299309654,0.0718531209279596,0.05511321192685551,0.035486255262061395,0.08219355920736564,0.34704104382712675,0.079121533769782,0.1018419973697549,0.07838713471599763
