0.02967924154860364,0.09046031619512727,0.12397059216591455,0.13380341613654403,0.13794140421580267,0.11965997997719374,0.10814703402108217,0.10946981926162963,0.14686819647810231
0.006035314438668274,0.07003889134224973,0.09242275268183693,0.12822653285479665,0.1868177495858081,0.1394437188063458,0.13122695650204,0.11428236510386465,0.1315057186843899
0.09103927729135149,0.04325283922544907,0.1805689947084135,0.16055777594861798,0.14425076321055874,0.06721961167138758,0.07192723707119782,0.14415389275892723,0.09702960811409662
0.012651158931458748,0.0461620537121628,0.0907252791329332,0.12853573243333652,0.18707954605391655,0.07454484639480868,0.18196422109255903,0.13892806738810673,0.13940909486071787
0.0023658223510955785,0.04767210712333086,0.04304570845880216,0.2083698010694877,0.1745855403075649,0.15585549667890522,0.17532848965708978,0.07636716748246299,0.11640986687126081
0.01780837779233685,0.26489311378577357,0.07685672963223683,0.09774624392797486,0.15549552483701448,0.0715124879538336,0.1037395934376522,0.12995232539591425,0.0819956032372633
0.037450376525541444,0.11965570567728316,0.06289448737447002,0.10549836303928005,0.2551157889956536,0.0836761043415203,0.12868347926722448,0.1407790597034466,0.06624663507558036
0.038723860618903455,0.15397207127224133,0.1278688417887378,0.1220705765934853,0.17018291842115496,0.051797822575577405,0.1214950700707667,0.1231022917321033,0.09078654692702988
0.07415833122588199,0.13239453816102906,0.09888060061881798,0.11655434961732984,0.14959675207547893,0.07392783809517284,0.12055662569617426,0.13330744936023317,0.10062351514988205
0.032907782062049584,0.06550246054578245,0.12931064816539636,0.12703255673056812,0.17092478702413225,0.08130560417104297,0.13205890973441428,0.11705392783203139,0.14390332373458256
0.05004334788684111,0.07074541891922213,0.10285591241120406,0.10530761835374575,0.18210315483050513,0.057704673302990006,0.17586936598270328,0.15897830040233252,0.096392207910456
0.02939606284839576,0.08232026161334359,0.13774897843767528,0.13351901634256322,0.15194359648614078,0.08079382057914414,0.12658685009408377,0.15231004358889,0.10538137000976351
0.05876425593636577,0.20141529326317234,0.13255998982680764,0.15665289714718011,0.14123778155103028,0.042988072324542326,0.08443839656307332,0.08351040411101134,0.0984329092768168
0.027545036285401264,0.1328505016022504,0.09642345400955721,0.12660782299848303,0.22284998992382946,0.10849612578071638,0.09550630347539822,0.11709098390061073,0.07262978202375349
0.030501111431139098,0.1451150198165961,0.11326791446240568,0.11399906053567438,0.1329812325462052,0.0772561188118754,0.1317818914837657,0.16475407653256724,0.0903435743797711
0.05228545830315639,0.27113188503191293,0.08306584731986544,0.12204204401366074,0.07757339570274259,0.0677599816977676,0.08290189107802592,0.16675304443387473,0.07648645241899359
0.055030271192017734,0.08328755324561966,0.13665691569231672,0.1046971903455561,0.21153425194623474,0.06775021719588008,0.1232300786711229,0.12807256681684828,0.08974095489440381
0.04155494316982134,0.05335904581367549,0.12039279551370156,0.10599257453773508,0.16708547866861245,0.11757171499365222,0.1464460643541461,0.12311185298581008,0.12448552996284563
0.05405694976908315,0.04377048143675682,0.10375041540816145,0.08921376644471275,0.10183449192215462,0.29567168932749105,0.11448362538076491,0.09617345563391694,0.10104512467695835
0.06161413267480081,0.045482447957788025,0.12271319635845433,0.1309984234192588,0.12244654977027254,0.11755227967300308,0.13343023108500984,0.142991983447638,0.1227707556137746
0.03276023823562254,0.07888022844375321,0.1108328205231384,0.11887578704329554,0.09168485496675453,0.10693449950734102,0.12531978452382206,0.18162715401482174,0.153084632741451
0.023551504780064823,0.05077912137889893,0.1088395400161037,0.10555598878419514,0.1283621331136684,0.2843847419965593,0.12112397788609965,0.09647521158795835,0.08092778045645184
0.07028910341938881,0.09989274662270538,0.07538615731366836,0.1021791309199553,0.15647006467618887,0.10875197506926959,0.13771238455740042,0.14167339351644948,0.10764504390497383
0.025304438697954432,0.057011455589285914,0.08757624782739075,0.10472983930492595,0.22536591254513402,0.1079567411672367,0.17738937879657887,0.10999586186426302,0.10467012420723043
0.024529976955366,0.15983453435680176,0.11754157965824268,0.09126076426425356,0.14915368280571326,0.10889695012499295,0.1181083136696337,0.11549481852887968,0.11517937963611631
0.09134586826218383,0.12909482607936937,0.11244088081208492,0.11175615710624691,0.14943293780456332,0.1387651780556918,0.09586766400731746,0.08339762848888704,0.08789885938365534
0.23075400598779097,0.054135375006269436,0.13390172381664187,0.0916887714998582,0.09692437265498383,0.04032039152150191,0.11932973856303893,0.13860026207671994,0.09434535887319491
0.08103510826673276,0.09659762170539014,0.08347013141355332,0.12184892551470539,0.13027879271449536,0.08429568826107696,0.12477300983551332,0.18300907960200155,0.09469164268653119
0.00711316468393654,0.119103772213301,0.09530594205039773,0.0976668032071316,0.2620657856141428,0.06695956667498082,0.1512022066536055,0.098905581498634,0.10167717740386999
0.026640936545470135,0.1507878504364208,0.11088729098783778,0.12890289464218485,0.18030735904906395,0.07775769346006713,0.11370110542096179,0.10402740814112615,0.10698746131686737
0.01417916170123235,0.05764628005217728,0.08512403235353048,0.09982446136801627,0.15127284770988542,0.16487016950303882,0.14874651781527012,0.16768112103595453,0.11065540846089472
0.03375847104426136,0.29956527679775186,0.06227647211103435,0.06788742437675645,0.13791454591493293,0.06912775047153923,0.10675735346669507,0.12951588253955315,0.0931968232774757
0.046205670768897235,0.04776757397423533,0.15983361868873283,0.1116531347778942,0.12576078782001898,0.13386023281991435,0.16697372133878305,0.09196272869633998,0.11598253111518396
0.018628757259545076,0.2148195756112757,0.09794941318870404,0.10215031464189843,0.10029282971964726,0.10416723888759426,0.12232820819293104,0.13092921940373223,0.10873444309467196
0.021895024858820878,0.20650272838407802,0.10821563893653341,0.10407729160848107,0.09280228307365973,0.08336608249510062,0.1358331674237006,0.14211987551027513,0.10518790770935049
0.09085777558568138,0.045777667110545595,0.13987674317288099,0.11223025718444381,0.18109878913365143,0.10149305021395838,0.0945812901600585,0.1367982609747338,0.09728616646404603
0.1066736880552125,0.07239772961721325,0.11864773531877489,0.12874274187807436,0.105715516563903,0.08029454335864256,0.14891255118959454,0.1394396091062726,0.09917588491231227
0.003256680871857048,0.11833934928014661,0.07850879632715958,0.13050133103673087,0.1365334206807872,0.13404461754975897,0.2027322133852684,0.10900498580456697,0.08707860506372432
0.06279144363224153,0.052221840207251964,0.17595129345208557,0.13633752774369576,0.23278432309948868,0.10118525952459895,0.0896430561389815,0.06028859617173327,0.08879666002992277
0.11772170555164822,0.029365644673804186,0.103598828537824,0.1032106551868442,0.11936700311766857,0.06396452581731484,0.1620941853312948,0.18319983009183835,0.11747762169176286
0.10990967797165423,0.14065712918211082,0.13615777316355374,0.08093491463792724,0.1980078118276609,0.06602878107779554,0.12598226971579388,0.0759030235477438,0.06641861887575985
0.02443698068816645,0.069365778051449,0.09964773900911474,0.11624241946898368,0.21469724757800265,0.09804809831316504,0.18413668568822703,0.09595742513847022,0.09746762606442122
0.01638646176457832,0.04460606331676884,0.10438298514684341,0.13521465439491778,0.14658974412916212,0.11823699770762115,0.12130055580291925,0.1800385734107011,0.13324396432648808
0.07046550110466829,0.0856844200743115,0.12026127715317976,0.10359242083780541,0.14061193602383618,0.07824117314000588,0.14887103521003184,0.11998745618497192,0.1322847802711892
0.042561262651058675,0.03956451406297188,0.11091191876547746,0.12255277566908439,0.12145904859682088,0.19615217179155722,0.1424288594656983,0.1082447406362851,0.11612470836104614
0.03401568924188844,0.20145253648418937,0.09329358412010175,0.08674965398421824,0.18791230531883607,0.08279918941354553,0.1670102702368117,0.08111352343233318,0.0656532477680757
0.030464743978612624,0.0986233085879241,0.09939293651057868,0.1146372015242076,0.08258925403180774,0.22889046179799466,0.1325937570440289,0.12267940031807202,0.09012893620677365
0.019406365287289413,0.12304006359771102,0.0926733153448895,0.10347150124274286,0.1745901902036441,0.12253609100240935,0.13272827426197056,0.14283500281879088,0.08871919624055229
0.04320330607389694,0.025324156411519586,0.14696215863976617,0.15731331780568017,0.1314233197063666,0.12076795894429741,0.10368555972370097,0.16178372387865295,0.10953649881611925
0.07379524296885687,0.08606510234074972,0.12947118175489045,0.1041407032312136,0.15761986771217443,0.043601645513182796,0.15399359008469768,0.14081814798650674,0.11049451840772766
0.06355826443740585,0.2071863992892682,0.08606929630856164,0.10202602504962437,0.18015672333470056,0.03964622653824359,0.11318100689696424,0.12347037624446978,0.08470568190076176
0.016636933216562,0.20267936874848033,0.0969226362529176,0.09995967806904732,0.14573536273073348,0.07266961021016675,0.18264528055994952,0.10079647894868715,0.08195465126345595
0.018759054294228597,0.23457088248010313,0.1096490095071394,0.11386544952655964,0.16273139669906134,0.04654083559657211,0.08811950840766165,0.15642015195553874,0.06934371153313539
0.15088197882121618,0.022140145181750726,0.11180935414517153,0.11552336665795705,0.09799710127828194,0.0829603638254592,0.15650752341303525,0.15006011605447558,0.1121200506226525
0.042793732211985604,0.03526859512651339,0.15119067170488318,0.15211412170276892,0.18248242747696208,0.1014044698140043,0.1279077984664678,0.10079929359844314,0.10603888989797156
0.1214898934865725,0.06540174362068839,0.14996230439674155,0.12078417695958242,0.12653506188698063,0.06913884359542935,0.11974309904075368,0.11817329221129046,0.1087715848019611
0.05490849009090983,0.10203573457801322,0.10034584806865743,0.09689744572212756,0.22273702214860291,0.058221234960134725,0.13219123001681654,0.1147702140903782,0.11789278032435957
0.07293097004763151,0.11079956649766576,0.11178703323512018,0.10718917737894751,0.17417593643786208,0.05165380184828858,0.12645939076012205,0.1261896779927172,0.11881444580164525
0.03587558891091159,0.03457878849775974,0.1211867453541527,0.1403538789894001,0.1338633842161517,0.17434051646769788,0.13178246901895618,0.10113400348703745,0.12688462505793266
0.18155671121039416,0.08359066008950784,0.11251732093967715,0.07587636361531018,0.13958400728185913,0.077766754715182,0.10355907943310096,0.12387883081084965,0.10167027190411898
0.03299519497175199,0.05755226288538018,0.12958291774862626,0.1374618136555692,0.06779748600035439,0.16807983516323666,0.16345001376406326,0.10390309391218382,0.13917738189883433
0.037654977712427644,0.057835650660701364,0.07313107998255415,0.10254389379713923,0.16081540726743307,0.20522387277346166,0.1652902948492082,0.11459806164960723,0.08290676130746741
0.041106985476736656,0.04915177811668362,0.1604763620609675,0.10842872976455482,0.09880996802094205,0.212890807122977,0.07206780361887878,0.14009642787955892,0.11697113793870058
0.03568700844262143,0.11486335709440217,0.12616228536132487,0.12285585267011682,0.16224465827787268,0.08936077242302387,0.1532140807832615,0.08546720250675117,0.11014478244062542
0.05463997401461509,0.12420844810507171,0.12594761861036222,0.13112001990242853,0.10860990005580144,0.10397500429386813,0.14534433098485494,0.11621564870114387,0.0899390553318541
0.04626246831385298,0.06740020218797328,0.10424377548856778,0.15211157226539887,0.15251576562483982,0.08836028763117842,0.15657433568175205,0.11184574794453013,0.12068584486190663
0.1349819244430905,0.07950752197987543,0.0904726227844919,0.08497138936339611,0.25126981562851247,0.04376924358359809,0.0991892293864521,0.13028491402817796,0.08555333880240545
0.014040735213627946,0.08351498344003344,0.10939934750332951,0.10550427958057824,0.1447252232609223,0.16163074104192363,0.14816042089598033,0.11639373416674172,0.1166305348968628
0.033436069082285365,0.07121929319832991,0.10537529646327676,0.13757167899335393,0.19218241431803443,0.10519420764691724,0.1504734440364649,0.11358632833763287,0.09096126792370457
0.158661497280195,0.058087608020337356,0.1318935438821621,0.08041141248750984,0.14629553664435443,0.11729999787315887,0.09630278831010965,0.125342402881684,0.08570521262048887
0.029052187993073183,0.01934451114479827,0.12382932877095804,0.12510178845070716,0.0715720316076179,0.2666545416716879,0.07725712988949386,0.17763507701303705,0.1095534034586267
0.03830927063986398,0.1648625001291442,0.1310866804839461,0.11184806859836545,0.09691945177561935,0.08403284572122958,0.11823889934905345,0.12309690539172435,0.13160537791105356
0.055542530337933695,0.021881111214951093,0.11783585982799438,0.10204571584768966,0.2832600786383947,0.0905391447525115,0.10427594767059471,0.09196090846767262,0.13265870324225765
0.009503828141697786,0.0609383806676552,0.12721406063692214,0.12155157218552053,0.1096781242911082,0.1841154923190523,0.12389218805146368,0.13640834857865491,0.1266980051279252
0.0833234106475483,0.19344435180015862,0.1384900106833312,0.08325851607130365,0.17169714137940761,0.05850749133098485,0.06805107861235486,0.11059051114767016,0.09263748832724082
0.03190805626740429,0.27616691881938943,0.08897960707171342,0.08461931319096,0.16082326426108481,0.04683329913149096,0.07499146181192899,0.1532482531725024,0.08242982627352573
0.021748174316936136,0.062394980966078206,0.1088158363189045,0.1360744544893823,0.20371533369080005,0.08944890001005878,0.10102483995044131,0.16493359933880866,0.1118438809185901
0.01950311333238041,0.053915668235634075,0.11967915470516954,0.10528581811700598,0.18329934820537216,0.15848781189354053,0.1519714863914153,0.11802965627560547,0.08982794284387657
0.01837149412432157,0.07850762739351669,0.09306785781960991,0.1148871229012226,0.17315642426723077,0.06396813065608559,0.1686885912506637,0.1631133067036401,0.12623944488370908
0.048987318364482085,0.04872233786343866,0.12310425123545914,0.1230291009880435,0.1735055145794199,0.07024451572526354,0.12027540354831619,0.18837177957507686,0.10375977812050015
0.112218113915444,0.08672476894890735,0.13234988175233742,0.1349491228581503,0.1538896250365036,0.07522870247571485,0.10287329529620808,0.11636097659056577,0.08540551312616869
0.02382871315711971,0.044574017338565745,0.10336868040626952,0.11451210364240404,0.14746180951700064,0.16402251016893923,0.11644594081003813,0.144915109984118,0.14087111497554503
0.01045616484870005,0.11981646399972083,0.07080249538042942,0.0968490096912649,0.13980509762054838,0.10972937818592798,0.10527401554389226,0.17044293844989533,0.17682443627962086
0.024359757919745356,0.02228711677073349,0.14052723036042608,0.12123379035402881,0.35501773432504996,0.08835251490986744,0.09380932676328395,0.07523783829527987,0.07917469030158514
0.025084315828783472,0.01114708859210071,0.10424579535160144,0.12929701967290766,0.11065560154707255,0.23199137789182878,0.10745446270803603,0.1836232167724281,0.0965011216352412
0.004041906900195646,0.09572072407050847,0.07495705608478041,0.11641077086532482,0.21545660104705414,0.10627226192115691,0.13941547960208953,0.12354023635600724,0.12418496315288291
0.061386695287939906,0.21043348424704164,0.1225763376250949,0.12432875654753976,0.13056884379403477,0.06383188376452752,0.11938385803766645,0.07849435171080896,0.08899578898534614
0.04448902873493596,0.04165273746018236,0.1049559527648651,0.09374987545178946,0.2169820058028892,0.10297169550293528,0.17072726142497127,0.12627340489163316,0.09819803796579835
0.059500310004562934,0.19595184786211764,0.11779630985291156,0.09429603017833232,0.08155676478948219,0.09688557875496977,0.10441064714310794,0.11872533043243112,0.1308771809820845
0.029107774249829268,0.12317634792651211,0.07354720017095327,0.11130205510237727,0.15511679908093545,0.07786991707182149,0.12473767310936174,0.22723097855291383,0.07791125473529552
0.013589941301589975,0.18761025440817938,0.055334273638173975,0.0937892814001761,0.16061406753448818,0.06496051687388388,0.14407902194579894,0.1518119428377751,0.1282107000599344
0.02502072846378699,0.05407872815489507,0.08114695026212755,0.15148820067278942,0.0993658578661264,0.16933359084254704,0.11346208005194447,0.20175326762931478,0.1043505960564683
0.15146763030396593,0.027739335061361507,0.08155021796928238,0.07780246457941128,0.1537363229245209,0.055168398894676195,0.06798627965272132,0.17314904423411873,0.2114003063799417
0.02495124212088876,0.17901656561588794,0.12911774160749986,0.1260958216904756,0.18880528183485548,0.04301283830984617,0.08567770319052619,0.09943016992064223,0.12389263570937788
0.04426331374975765,0.14544057906474867,0.0926450259063401,0.08885576344483344,0.1523235582094781,0.09401652353462604,0.11969415292567831,0.12408126272864146,0.13867982043589613
0.01904645270984616,0.05334545632335008,0.08150749428016313,0.10550226797428701,0.22377612096984192,0.10682027270792473,0.15655742684874566,0.13461318843893408,0.1188313197469072
0.025825658490582742,0.17350981152122236,0.120055105544197,0.10874596269856278,0.12584307572752107,0.08626648574679403,0.1530406159734691,0.10007003678159226,0.10664324751605865
0.03931234915135174,0.04136833267959754,0.09854646395880468,0.1053780988863115,0.24120749618085213,0.0888994450278852,0.10731369092245228,0.14546103196006693,0.132513091232678
0.03436118060119889,0.06153412464586616,0.1517089344936515,0.13760643903938377,0.13319927531721687,0.09073729881635285,0.10838963701801436,0.1513109603734882,0.13115214969482744
0.03102626300437621,0.06405209800212633,0.11947843520611791,0.14345587273257132,0.09994372766578503,0.16028691428266614,0.15372602342566136,0.12439762213051708,0.10363304355017851
0.010464240646334852,0.14912691115132062,0.11297935933666196,0.10971069291997743,0.19429464823609952,0.07874792678639662,0.14202889324627974,0.11982828507295633,0.08281904260397303
0.01804746184612662,0.29059777788516244,0.08835914597540535,0.09863112575669741,0.08195492155238206,0.08167115253163332,0.11715140631455608,0.12101774265923049,0.10256926547880614
0.06767407476894871,0.04778123514792576,0.16631149991424898,0.12011035498211005,0.15665166017576002,0.08688755437447676,0.06721840642574337,0.16337485581614866,0.12399035839463764
0.05411191392642206,0.06373944457147755,0.0932189770884314,0.08532968887399621,0.18025408102419713,0.14756966880268485,0.11164297037454901,0.14704648873331785,0.11708676660492397
0.12451433728926714,0.0875195441894488,0.11719068080299766,0.12128290819921529,0.20813807601070625,0.04542559716634056,0.07790438396836509,0.11784866617178309,0.10017580620187609
0.009686356368448033,0.11572820372982189,0.07411901486346738,0.11134682590927875,0.1597832929648565,0.18244779181295911,0.15212037768813788,0.08496956373979007,0.10979857292324031
0.007523386368869708,0.13492686126821712,0.058039821697629584,0.1432243100856371,0.09861823052354397,0.1667225749757821,0.10624739198784398,0.17183325292142637,0.1128641701710501
0.01925622702345581,0.05691902140520282,0.07633631237734355,0.14178902355583198,0.08329481944198362,0.22635074740377115,0.09364701870113724,0.17494486103606754,0.12746196905520635
0.062175676060493255,0.03076555642619586,0.10182181769473385,0.13803056314515796,0.11791485290856481,0.23057883445792568,0.10500968158239439,0.11090799396942218,0.10279502375511218
0.0833619387909098,0.06192904859552508,0.14873987220864757,0.11864545677096006,0.10743048278427542,0.09172840740189502,0.12772510023819147,0.12937907872405885,0.13106061448553671
0.018882818952808317,0.09559249299308277,0.13057989546693347,0.10452785208359466,0.18131338503287686,0.07237604197789935,0.15679404533429928,0.14973476953624537,0.09019869862225993
0.12828396598225925,0.024563138440871463,0.17153849428624365,0.130530140380442,0.13007582132088938,0.09713467580332834,0.07890926246148301,0.11667490249421418,0.12228959883026873
0.020910340052481057,0.03808259785368966,0.10089215173601773,0.1289838145080072,0.19623096843387713,0.12219826046055648,0.1165853379412627,0.14129597639148353,0.13482055262262452
0.010638584393498478,0.4466257823454786,0.08735727610869577,0.0822523420445474,0.07651243640712015,0.08365794794877972,0.09202775279071924,0.06296738447947131,0.05796049348168932
0.025973018288172185,0.08108356222306272,0.11367282011022266,0.12802795920763035,0.14451183746881566,0.11526987299204451,0.09380888158286127,0.1941437323592472,0.10350831576794345
0.18499154974508883,0.03384313404126902,0.13001377201811337,0.09781878571808993,0.10085510574832846,0.05993925799709778,0.1184464543316805,0.15960232638582442,0.11448961401450765
0.011576173746113472,0.04339826107730518,0.10648889954094537,0.11501868281578935,0.20779610849252916,0.11524363827913252,0.15668831345967196,0.12825985199160264,0.11553007059691038
0.004724253351721978,0.05157694507945094,0.06783146580822848,0.1135782717878414,0.28941341028072554,0.09154345096877455,0.1538536911776708,0.11953007561349664,0.10794843593208973
0.016227162245684833,0.08339807575959947,0.10169981097561213,0.10728686707918922,0.1750020872682069,0.11894339695031841,0.14243895591251732,0.14056013793426947,0.11444350587460221
0.00961544408809164,0.15397953472400952,0.08027492409299192,0.10443377458412322,0.14924894988263676,0.1386034252812608,0.10005476990151867,0.14147586559430733,0.12231331185106016
0.06635734818833931,0.085429139805616,0.09902411229872787,0.11256436489604395,0.21301497349145856,0.049986576766066514,0.13722598483243456,0.11773542498724084,0.11866207473407246
0.19867033636263218,0.027576793461138224,0.17826397757239032,0.09492583867305297,0.09264448029052026,0.0788821032519862,0.07458609771287342,0.14181787267298704,0.11263250000241935
0.004026335065696364,0.26400647834710356,0.09145749949143399,0.1263822005636321,0.1291130019068313,0.1475699779533132,0.10937144742826245,0.062141401082591176,0.06593165816113583
0.024500254570818284,0.0964230548378282,0.09625337550036504,0.13219810398778312,0.09427726226709711,0.1184225724484647,0.1741116899628238,0.140400358103035,0.12341332832178475
0.014462561062587406,0.14292998464634563,0.08052011923267931,0.10389158692428135,0.1872507302060401,0.057561004375175286,0.12742439303708572,0.14063510589140873,0.14532451462439652
0.01886671322004862,0.10817935661222498,0.1127116319424148,0.10665463339281567,0.1296129606694658,0.1816825215684472,0.13420822070378854,0.09906463870682418,0.1090193231839703
0.012722830465043555,0.10695195749801358,0.08284750304436278,0.1104703446223989,0.17756428070307625,0.12276710531412009,0.10692719825824883,0.16392606925051048,0.11582271084422557
0.23062192510233134,0.02258257833086313,0.1417104591958689,0.10338140707960901,0.08912143858533388,0.05480972973737108,0.13034878852695767,0.13408919082328685,0.09333448261837807
0.00921022189352016,0.1290800972272052,0.07691266462292141,0.10430929965480629,0.20544099574652588,0.13250938912004853,0.14661850467900828,0.1230006152942057,0.07291821176175854
0.050278247639984876,0.0991735465375609,0.07924811358379125,0.07086824454628411,0.2722675395140351,0.09785978339246676,0.1374609173879903,0.10798694091076631,0.08485666648712042
0.04486086573826678,0.09937884238407858,0.07149684350866756,0.14000716169402988,0.1453195530331676,0.08369983114409485,0.10604837075409267,0.19875113866333716,0.11043739308026489
0.08920285594111275,0.1480754635859477,0.11859401249780298,0.09855353975900545,0.20685832760087666,0.06131868651298297,0.1157674471395083,0.09165145736512041,0.0699782095976428
0.03255179441439785,0.09133109961953619,0.13108050830936455,0.10889870526364664,0.09418417412272863,0.13233533677462153,0.16283879912259927,0.144257415708299,0.10252216666480639
0.023666823488976668,0.0447929456811663,0.114600612431149,0.15476113320185153,0.1313263628314524,0.09423470774054239,0.17313140417971193,0.1346197951846906,0.1288662152604592
0.034352660640644066,0.06736627616482473,0.09138112577097045,0.10862312115678942,0.27334494803494863,0.06702415106540499,0.09880346071224844,0.14858109864460553,0.11052315780956375
0.07075055752635451,0.0853120665421066,0.16829142614657633,0.0923118856928351,0.1641262481303944,0.10672668377792806,0.09003130271758063,0.10082272396364082,0.12162710550258364
0.034185037413157364,0.07571147472706241,0.10383341643649847,0.11611140426264875,0.08121186245839587,0.11241863154990374,0.13444914693901258,0.17897626036473904,0.16310276584858177
0.009545211947629419,0.048482130070596395,0.0890871119842916,0.0973754491862228,0.08184228107524377,0.3264797979801551,0.09410161105744035,0.14427161361412597,0.10881479308429472
0.024942939829162472,0.08736580836615171,0.10294209230043712,0.17365904894888598,0.16986292167530415,0.1325193402129999,0.14970387331887175,0.06477595453304756,0.09422802081513931
0.04192146747147319,0.11484477894628688,0.09827365861582445,0.09273615251772,0.30809803975188527,0.04882263815194297,0.1140915289825452,0.10070214784632879,0.0805095877159932
0.0575165886990485,0.029010566413251598,0.10805672281858059,0.14620144063534488,0.12548220603569768,0.11764161075806849,0.13061272767071336,0.15511134900752954,0.1303667879617654
0.031068361745404883,0.08485770355011556,0.07710064370603652,0.11742693789234203,0.1447247557476299,0.12539466048230172,0.16960624679889078,0.13517639054728567,0.11464429952999294
0.00418464543172197,0.21429103372561056,0.07718724538614552,0.15746807481298883,0.12490021719434037,0.11330077068844298,0.1032810159998289,0.1214186312427807,0.08396836551814008
0.006077696756585177,0.13867260676746526,0.09161894428314221,0.12057776190104302,0.1708368790395726,0.09604188368679663,0.13989547029141322,0.11683227108315207,0.11944648619082983
0.015565478523277193,0.10489586730638865,0.10678351900882643,0.1180414977671916,0.11104067055289797,0.15218974296921567,0.1566764565396482,0.13285282729477677,0.10195394003777758
0.008401211438190915,0.07153202260372851,0.07551461069190456,0.1949636181964011,0.14472688721026206,0.08363431236108775,0.08173862314913265,0.2345987987151712,0.10488991563412135
0.09156545566638201,0.07016924265933683,0.13436632745424112,0.11515188244654041,0.15558392314207692,0.06499747178736733,0.10997980427012748,0.1388639197356816,0.1193219728382463
0.04663000336371959,0.02340413284664895,0.16452601950778392,0.16817666857527888,0.19284976324558104,0.06041121539291583,0.08649249748009863,0.10466441909040676,0.15284528049756643
0.020241647576524236,0.12008482587765583,0.11533381428740491,0.1137314581851474,0.0789502247858047,0.17959686226715252,0.12658332127300875,0.14342145821873087,0.10205638752857087
0.04987427742938372,0.09523418874534682,0.10755194840735362,0.1164644869421078,0.07762301002589554,0.11963689432137281,0.15689222292911162,0.14618042075780469,0.13054255044162344
0.0119855934460429,0.053394548897159076,0.09390967164457087,0.11540237105617379,0.23501853496714484,0.07903461252046755,0.1919310996117866,0.0975861688129196,0.1217373990437348
0.040955478401609395,0.2909110468196464,0.06864190726548393,0.11119733393461301,0.10693556166427969,0.05224616904064916,0.10772729517437037,0.10130872929379069,0.1200764784055574
0.055376464411313865,0.08068266215772603,0.08136778043743219,0.1255007762999002,0.15583516492234106,0.12732751122668814,0.12597276831884896,0.1349580678986431,0.11297880432710654
0.042681415260787,0.0609384068367835,0.1038851918795222,0.11301879514501194,0.1176911130981552,0.1731877178621584,0.13723012286562422,0.1483026064135252,0.10306463063843237
0.02670467242120869,0.20276486942921115,0.12251234291194342,0.09583198714604767,0.12178407109725187,0.14828640181062455,0.1297407243701128,0.08305756129947335,0.06931736951412644
0.0546183453589889,0.02218720405050477,0.09909632679553852,0.12372003094438867,0.13292711970304386,0.1548223857320349,0.16476985069883907,0.11582127347679205,0.1320374632398692
0.0802041288242986,0.05863213019676452,0.1314195692358657,0.12813315464475086,0.16064939513087131,0.07862818094329414,0.11951693993935554,0.13971135701956083,0.10310514406523845
0.015516499749640813,0.10148872652140982,0.08349145071110102,0.10236213038815482,0.19016238232511418,0.10871745700068626,0.14003756542582413,0.11181282573074153,0.14641096214732752
0.027431070326410508,0.09799704917197494,0.15040903873238912,0.1327115609446251,0.18299347474141492,0.084894595350494,0.10878761156074128,0.1302567148976438,0.0845188842743063
0.014978354208315095,0.30569297500849113,0.05351392447536748,0.09896408591282291,0.0852110592923147,0.1295634112680135,0.08257224735048983,0.16606780971957122,0.06343613276461423
0.0038095752112885027,0.09475902883915864,0.09180780496879698,0.12761420811610064,0.17489673660123217,0.15452797311519384,0.14584939379543974,0.10787824375548176,0.09885703559730785
0.031057968268676354,0.07567111547104227,0.13681387045707827,0.11039974405483984,0.20141953505444218,0.07990276375680953,0.13148365250268998,0.12167969925968879,0.11157165117473282
0.07560842488580073,0.03771600793509273,0.15533763518188237,0.12412852722588003,0.12352981048571803,0.08155121661306626,0.13093051652798413,0.14268121500578942,0.12851664613878636
0.03746825015293979,0.2681779531058151,0.13962188263819839,0.13075191155012067,0.08975196828384818,0.07997284925619409,0.06613731384334222,0.0556723056614557,0.13244556550808587
0.12027153022993385,0.0738707024399804,0.1264282455945687,0.12169136738096127,0.12353387160913953,0.04448657791357766,0.12097201865232156,0.1541891541255676,0.11455653205394944
0.04627891268755957,0.049208481494348755,0.10814773085474576,0.11240228250984939,0.14486079975673583,0.11102938762287469,0.15647864168792755,0.14925872945601068,0.12233503392994782
0.026288796885208007,0.08685760159899945,0.13339040912079445,0.11781915469192146,0.11584421380034897,0.10727468492763942,0.12755734624811613,0.14831034996802187,0.13665744275895028
0.03239249396458455,0.10180920398968792,0.12244881657277086,0.11334265318520322,0.17807928321173946,0.10846560360821951,0.09036357920224358,0.11294429375270422,0.14015407251284664
0.01405044193935954,0.06611606592332545,0.08650296450797794,0.09157383863575785,0.22851103848544452,0.10480508201440149,0.1040517790454273,0.14236302025160474,0.16202576919670117
0.027854284427148598,0.03557801116502106,0.11749819526593157,0.10077342292519269,0.2063787642856584,0.08908212208292905,0.14056879263853864,0.15012412769684233,0.1321422795127377
