0.09503486387667094,0.11727239902674151,0.0353126453064236,0.09369649773856432,0.15530436663672104,0.12616351413710514,0.035937824548204746,0.08875349794774035,0.25252439078182837
0.10261966253237952,0.10733846738902768,0.072911838574815,0.13161456155319132,0.3116337177347031,0.10400151635287486,0.0499922148573976,0.026867728297905222,0.09302029270770566
0.1083374454841252,0.23797356890252988,0.1328216987069923,0.03346318943094035,0.09348317639864384,0.11906223838605323,0.09578931289704928,0.08903524310550255,0.09003412668816335
0.12500773769429455,0.14381044110104377,0.06020374162095227,0.18298480886643817,0.11841547511600231,0.128417256494853,0.08306325852836055,0.0975733512023786,0.060523929375676744
0.09907659459731667,0.10449576031869562,0.07559222308923917,0.11486497854764104,0.21320567757770825,0.12800372688867348,0.07267468142533806,0.07164646958289429,0.1204398879724935
0.12450057422558058,0.08795052308059319,0.06056523343524273,0.09335976066365954,0.13604319036541415,0.12000387071404445,0.062492146015912,0.11898475503734691,0.19609994646220644
0.08608241563234816,0.18310350704669873,0.12341877058414162,0.03375576165021346,0.18858844104267633,0.10275762214641278,0.04783726419033573,0.08600891382257646,0.1484473038845968
0.10364124622705839,0.09503670993216151,0.1035499299571368,0.14084375615006697,0.05513048485838487,0.1150448443288662,0.15180772244897722,0.16754332783577452,0.06740197826157351
0.09081096816275329,0.027865783783733444,0.04643616362872055,0.11230305838736841,0.1171806059886078,0.1289659499944091,0.11133400114183069,0.15627856526945202,0.20882490364312464
0.11656246102733192,0.2253358841020845,0.09259769839427263,0.05597871162239582,0.14954263764290343,0.08917787700868429,0.05893411683788894,0.11086905307861065,0.1010015602858278
0.11481672146657239,0.0809807125626516,0.08791730302529162,0.12064351115437692,0.15601771269539813,0.11743661904554155,0.08416091911209957,0.09322169375047991,0.14480480718758837
0.1024633696225793,0.07824038731073514,0.09428715174349185,0.09456537952769678,0.2105385356221571,0.09212923302014041,0.04866951059847293,0.08153592227423766,0.19757051028048886
0.11198203749565365,0.12561685132868314,0.06223558966390356,0.06289922969681401,0.16197056024578485,0.11823280514393049,0.0541467052159409,0.18208385270950622,0.12083236849978314
0.12152787961900084,0.17105934863449754,0.07780215049513263,0.06978899834900916,0.11096088711144438,0.10840225822611053,0.10498796973332952,0.041441843774779726,0.1940286640566957
0.11521760641750646,0.24484967240516456,0.07630391656180065,0.1003865868439846,0.15230441092237104,0.08916528988357879,0.08516342682911009,0.025038715812651133,0.11157037432383261
0.10822633603571556,0.0681942945387869,0.2044934048795072,0.0732094365603533,0.07713722521485494,0.11132615939847297,0.14720088683815583,0.051966853664759664,0.15824540286939368
0.06766936342039503,0.13028360643258888,0.15003374350495613,0.03687462527419116,0.2622374368782617,0.09102774485298941,0.013668162852154336,0.08720699552747646,0.16099832125698688
0.0665170831428611,0.26153938047082237,0.25714133955267043,0.0818619214276544,0.09894135150913567,0.08787715844358557,0.052770634346757245,0.03242565439490083,0.06092547671161239
0.09699823811889834,0.22005249449829875,0.0352681090938608,0.060790078110864516,0.2678532736614521,0.10217164293148905,0.05315479210644977,0.02775142244435289,0.1359599490343338
0.10780329633774793,0.1057662950850871,0.059749932012426586,0.10616226677875273,0.09225270315208034,0.1364127415524151,0.11915787152993766,0.13870523758637696,0.13398965596517556
0.09162499937066791,0.1165302756467077,0.07254263359886008,0.13223350473214568,0.16274916732455816,0.15091539512993848,0.07565373021853304,0.12621765666225845,0.07153263731633051
0.11263428069691701,0.18076522365901457,0.10988919741752386,0.11485657741268547,0.1089766540695593,0.11775663905156641,0.15714700634637385,0.02335676843466167,0.07461765291169793
0.09634288141003967,0.04240911259539145,0.052641091363231834,0.10038181891302261,0.07317513176098528,0.115879445698714,0.1163545961541231,0.22002916567922928,0.18278675642526276
0.10996383324044894,0.08107010539171415,0.026829400276828685,0.18749999319634827,0.093618492497955,0.12562729947584964,0.12941250637679402,0.12524770027683063,0.12073066926723068
0.13970246714018078,0.18929051194866486,0.07720390455824372,0.10934844643904855,0.08024930635402606,0.12484547314382895,0.13209710851416248,0.052673963010497406,0.09458881889134725
0.07415468970685622,0.11305475230237329,0.0966689946169474,0.05030603068576423,0.27888122975276414,0.09972355015511987,0.01887739244275682,0.1779640879900617,0.09036927234735641
0.08134899300955258,0.0510244634791136,0.13656115056707477,0.12260960515553469,0.17813069020589375,0.12204491600886473,0.09851408579913035,0.045173244610945046,0.16459285116389052
0.12875059424127278,0.08108311473732022,0.07028783354144968,0.1281021898219595,0.0776022179071042,0.14346501826572414,0.09056062075213107,0.11962467357988558,0.16052373715315274
0.1188246560709771,0.10428319038787714,0.1338079515007308,0.1753052874163865,0.1301713603523217,0.13075695155289122,0.07592939875893247,0.028398606046480885,0.10252259791340206
0.09568881643288235,0.046496065299928474,0.16024080646246275,0.1512940782407075,0.10371256110023779,0.12233417736384115,0.10624090437059541,0.05671220853157847,0.1572803821977661
0.09127530387777782,0.06509783050807923,0.15596014472435865,0.114575174215416,0.231446566049772,0.10401150873322047,0.05700086863140766,0.07212532056660532,0.10850728269336285
0.1105097977888412,0.1277202172367618,0.10468604202350258,0.07156646320367431,0.1611945924256746,0.13047675201842737,0.05173336412897974,0.09951044082652609,0.1426023303476123
0.11645005713776814,0.05181921762523428,0.06628560411866405,0.1463630481520155,0.09773618640671222,0.14196324808931568,0.1155649353231966,0.14437231221416846,0.11944539093292511
0.08438024165723883,0.046378338857956114,0.07901003030966365,0.056194844873077854,0.0325361071449849,0.09033941036587179,0.35767846757889193,0.10223435046148523,0.15124820875082975
0.07745532525689071,0.08245514862662175,0.053331567287509374,0.08073904303565023,0.5187428406184597,0.08308170002174455,0.014103504404688168,0.013434678848537725,0.07665619189989796
0.0716517408774796,0.04836890859809121,0.08362174688345675,0.05332845301570562,0.19772308570473962,0.0819275951831838,0.04607721287822947,0.23976083089659408,0.17754042596251982
0.08907785525476548,0.10970635095121008,0.05868887846296772,0.0769434366656219,0.1166982817699928,0.1356982572723093,0.1528032174888298,0.08325966095235222,0.17712406118195065
0.09002661975624433,0.061516793970284624,0.06347152478257155,0.15217385995164573,0.19718098187250066,0.13144659093189423,0.03758203311814099,0.0481630288551144,0.21843856676160356
0.08007405289392024,0.15708874694931868,0.05232140804966782,0.06209417007909875,0.048183929018746,0.12144022050382235,0.3783942085611733,0.05553417635995713,0.0448690875842957
0.1050932138924859,0.10399903728147458,0.15266452939759864,0.09980010595070792,0.11872827687776755,0.10959652571753119,0.11339842020822773,0.08249138846392205,0.11422850221028445
0.11193574750688462,0.12872124166555854,0.041330249155195405,0.18271404263331137,0.09041636667529179,0.1460193003045256,0.07722081713506983,0.07870608478692619,0.14293615013723673
0.0749744090433213,0.06927049809403697,0.12607113110497822,0.12972675496542893,0.223913406610549,0.1126201795435285,0.1106016193847315,0.013828121536700927,0.13899387971672458
0.12130369132837604,0.22270107645488732,0.0780311833722033,0.07806423362670692,0.09510374276790969,0.09964433914074156,0.11477612421406992,0.07166266309990137,0.11871294599520384
0.10259966963037986,0.07190666018386804,0.14117287938968856,0.09908733625331274,0.03714612102634653,0.10758782480818511,0.2528098948209116,0.031805017129884115,0.15588459675742347
0.11043318227177419,0.07252277633351857,0.06365397701375501,0.10894160462913255,0.13716818586832766,0.13576704889035704,0.12907231652754095,0.11939350110945557,0.12304740735613841
0.10375371950092087,0.15120384679460186,0.0938373291198263,0.133797127833544,0.04991722267982163,0.1288486906541502,0.09907129825973349,0.0905137415754206,0.14905702358198114
0.11681818846143471,0.1154165176535258,0.08788998759621962,0.1256009550313189,0.07642367570708658,0.13106757435911906,0.12525591997465957,0.12847776480470127,0.09304941641193447
0.039327400371282066,0.08499627550493667,0.29402162979330954,0.06864762222845036,0.14573210804135794,0.07076253562734439,0.16843632306742062,0.024877722718307002,0.10319838264759144
0.09922723835838575,0.030576964389582392,0.06734777191426534,0.06698615117930577,0.20652978753563786,0.08719961448059348,0.059843971897222153,0.2478410861313619,0.13444741411364539
0.05461072776324505,0.03910179968932761,0.19634682379272383,0.04416110828948671,0.10386417040036704,0.07630510293663377,0.07097751433665576,0.12535017497025824,0.289282577821302
0.12123942874609067,0.10561491499796183,0.05520534274783783,0.1382292599500072,0.06473486073689409,0.1181313783433887,0.17116392018000995,0.1515248571749642,0.07415603712284553
0.11154903849615545,0.05451592911464912,0.0528297750182793,0.16989634577565746,0.10466311095901977,0.12792054180034126,0.08203916735629722,0.16382262523466873,0.1327634662449317
0.0777146637583302,0.09240878290943495,0.09170602617098604,0.10513241359965171,0.019456467834313113,0.09477786577209445,0.2730013736312042,0.13951098178112187,0.10629142454286344
0.09934263442340074,0.13472615866893936,0.04082093302191259,0.13939746703658837,0.1536630943499149,0.13515487180861005,0.06229730403680195,0.07560293606741325,0.15899460058641887
0.08854149544554286,0.08055059425277275,0.05007022886119433,0.0723121956846977,0.12564674006563892,0.12329400222568966,0.19649690946112844,0.021876884992125673,0.24121094901120962
0.08683069999125848,0.16376775662469503,0.07528824362791303,0.0723014207422311,0.06447475337133006,0.17877554521257447,0.09628913081667106,0.11482117538234637,0.1474512742309804
0.0840697976701031,0.05911963093896838,0.17481531307714568,0.029355053329105457,0.12067863810492101,0.10014778363776111,0.17521971686559565,0.1652887386451802,0.0913053277312194
0.1187113731241116,0.10449134135673577,0.08252787242455513,0.07284472015692313,0.03652408233938902,0.09843766147437764,0.284781436759665,0.15752032395863957,0.04416118840560315
0.1540822296255346,0.12910148117726858,0.07831978406990986,0.15003584890719848,0.07589924221881335,0.1167228677450472,0.055771307275013095,0.14622988054101285,0.09383735844020195
0.11935996340981857,0.17589809316824845,0.08265506407455767,0.0751920646210728,0.11811908292129787,0.12397751161303695,0.08879836215222901,0.10487338859007134,0.11112646944966731
0.09224828490285797,0.133881757382314,0.22185256805036355,0.06777433838830288,0.01804763609761683,0.10809663138472579,0.07663913698633931,0.1333398199087423,0.14811982689873732
0.11218346245653905,0.05131240039568467,0.09799913222404251,0.1316499075433313,0.20295223033399934,0.12372835205414785,0.1336659807990431,0.056295238573464336,0.09021329561974785
0.10548137592140505,0.30977058115777517,0.07629711231462903,0.08521447894772725,0.10651072961369747,0.0948293432686164,0.07401164613624987,0.022500321308405968,0.1253844113314938
0.11256980800033112,0.1533320956406652,0.09757855441919673,0.13972091380921556,0.07469183789079174,0.11852161646278446,0.07253915369192014,0.1246473144705123,0.10639870561458276
0.11180152025987845,0.09857378992068062,0.061698526268386907,0.11196012471965554,0.19278018704568547,0.13732383594555755,0.08047962759569548,0.07633594225120803,0.12904644599325185
0.064971550724726,0.09862431247149085,0.1696852375602731,0.03800748925295452,0.055077187731308576,0.10005153302610026,0.19027824284918893,0.06032738750202934,0.22297705888192854
0.09078386832419878,0.17063381406686054,0.0716504897077165,0.06880759170696989,0.19122542713938348,0.08441833859993327,0.023521853577580746,0.09235268344420457,0.20660593343315217
0.08194134009824881,0.30297245822924207,0.04679875966795772,0.07649835881866061,0.1061807773323691,0.11565914715713098,0.037075339914438406,0.07101453350610593,0.16185928527584642
0.11180316506358741,0.12596043531305579,0.04870694783775731,0.07027167541344059,0.1279871963983226,0.10978231236847502,0.05375129786303149,0.25666821983311544,0.09506874990921439
0.08908286595917518,0.07753735948864032,0.07475308756530256,0.09705617064615991,0.2211700239934192,0.12335720800799467,0.08051629626825338,0.09960925657253707,0.13691773149851771
0.06618927525956171,0.08022652756176842,0.24751441644205266,0.04111766637437788,0.01274766188924036,0.08169084815376308,0.14613260833970051,0.2032770600742332,0.12110393590530216
0.09250705277944637,0.036421033645812534,0.1706632130110206,0.18721874029910954,0.03789829506480837,0.09843466833294084,0.11329805235009184,0.1182610515898909,0.145297892926879
0.11989944672603396,0.12347952426021247,0.12685546799697203,0.11970524995965419,0.11427190509650066,0.09575174866455342,0.0641559515896721,0.020574776783516418,0.21530592892288478
0.08022990824866527,0.06784127467830688,0.10089526819411497,0.06112672273802108,0.037220131212139664,0.0885867565956621,0.30148172313032834,0.15061953361824065,0.11199868158452109
0.1267442584751837,0.16465029374640572,0.04049667010004988,0.1374588967663936,0.11363628208086642,0.14456613573726304,0.11869614839956334,0.0698338442646983,0.083917470429576
0.09766720952156786,0.07032526317003196,0.14183999024921287,0.08185343606399496,0.06925670469639598,0.11782091236079384,0.047065576611288774,0.20645599460597866,0.16771491272073502
0.09424584389955436,0.09788090029353018,0.07912920987226259,0.055355815041521206,0.18855558925447743,0.11338204686028099,0.03783631102039853,0.16042075035366785,0.173193533404307
0.12347730575302839,0.11583447460771563,0.0347660144873141,0.180005388040731,0.09528252599951359,0.1389661391405661,0.09324369498247785,0.06892468675561791,0.14949977023303543
0.12446445250027394,0.059404734950819084,0.3235448181323439,0.05505664337186945,0.10754831495025885,0.07951551219384494,0.04114670621826467,0.09424988689596579,0.11506893078635937
0.0906433202451458,0.21142848155344765,0.07410286079152124,0.08413549391909358,0.266282534106514,0.10082200554209958,0.06409306403658326,0.020120533195118636,0.08837170661047626
0.09937057661776966,0.24836009108430893,0.08810545701518364,0.08914301884649607,0.05089384147304382,0.10537666426893803,0.18170085670309186,0.041283713731505946,0.09576578025966213
0.10714312196109828,0.11987956158567703,0.06755420958255064,0.039461690279293415,0.1486052513039075,0.1046453749805868,0.1160089653927594,0.20890881147013676,0.08779301344399008
0.10354810040305483,0.17171449383652115,0.04060646849546653,0.1312846039179046,0.24462742705879492,0.12860094389409396,0.047526904897439486,0.05383432184715833,0.07825673564956616
0.12349977681356498,0.22649809803596385,0.12427627294978082,0.10679767769084945,0.07473733140750426,0.10679652895589271,0.10669238289116435,0.07083531600917536,0.059866615246104225
0.05732392470218772,0.12002752910630832,0.11524612139503972,0.08495110297305451,0.03743084694677882,0.1316370368957657,0.1043910194577216,0.16340209555201254,0.185590322971131
0.1114507297485557,0.1297934925435025,0.06811943442358902,0.06304492876768998,0.04987298365656668,0.10887220978206154,0.11435465862949022,0.3171656312737074,0.037325931174836936
0.09710986116905097,0.12200793106520852,0.0754583764244303,0.11657780275965385,0.15087499966184237,0.12688239400241055,0.09587394455351712,0.061454245357001225,0.1537604450068851
0.08663284367990855,0.07412311850507904,0.1010347670005281,0.12233878623226313,0.3103886528522164,0.08922447639003794,0.030851030583678492,0.04210065060935755,0.14330567414693077
0.09908375943193837,0.09589739530539071,0.06306182262981604,0.141246199324467,0.10486959980765788,0.13852301505120587,0.0764867526326969,0.08571235609454127,0.19511909972228592
0.1416842518688626,0.19998328501249962,0.07678039193156116,0.10978983264909804,0.09631692775108396,0.11136127899173333,0.14381409870390796,0.034787856727911785,0.0854820763633416
0.1106489698395244,0.10732527477356658,0.03478835862335208,0.14723537720438584,0.20778657713118373,0.12034846772506602,0.08999956263067699,0.06467326763025039,0.11719414444199398
0.12027765550287955,0.0735044068927095,0.08212011915857803,0.21848120528701945,0.07406766843371342,0.13206462960817875,0.15674657273574577,0.06141499344050764,0.08132274894066781
0.07266094562178756,0.06502682639563336,0.10894512829947238,0.12666578816351226,0.02748020999638579,0.127761668254691,0.15694067848273177,0.0740863067206089,0.24043244806517694
0.1251611145278069,0.23785562453207176,0.0729013419840966,0.08451946080400413,0.15222514340148732,0.09476734948416654,0.05548229683154839,0.06318679853035379,0.11390086990446453
0.07720042770193315,0.16827928070023315,0.08372582581892268,0.06768552140342356,0.3659718373399823,0.09654681330745941,0.034410095706164295,0.023021907677445812,0.08315829034443556
0.08575273882844374,0.10637976187901788,0.0937523038097966,0.06340669341029402,0.22229641341981488,0.09295863349340873,0.025301228549221,0.12301888960814315,0.18713333700185994
0.08316438423217316,0.19359963331611574,0.21032626228855192,0.06657305879551328,0.18233432910368255,0.08145145043021972,0.06534974957707577,0.014755770022983306,0.1024453622336846
0.10067838414660414,0.24321416427571038,0.12502303577722917,0.0545347652373712,0.19606605221153386,0.1086634584824882,0.07373601069846045,0.03945383351337125,0.05863029565723136
0.12060320684703385,0.08378652394550286,0.06127764581780062,0.2412151430826929,0.09766998912100826,0.12606282074125882,0.1304829930622274,0.06395427857055928,0.07494739881191603
0.0905361832662528,0.05043437016981848,0.10872222093815813,0.09104615296734149,0.0554558192576775,0.12082705866271759,0.0927215359145761,0.2139948152274221,0.17626184359603583
0.11881026997027393,0.15393581070994364,0.021828052699690664,0.06156623290235833,0.04802746992010376,0.09472917377261802,0.303904563053172,0.1609630872712485,0.03623533970059131
0.11294625074025959,0.1209045053284689,0.09559276038144303,0.07508598168258701,0.0896827735337034,0.14462275268281763,0.10300577404830798,0.07843473906717162,0.1797244625352408
0.12312830202975635,0.050729642629063106,0.06832450558950101,0.14680748850212255,0.0466856059947594,0.12371352301356542,0.09974372942090794,0.2364050639473145,0.1044621388730097
0.05586285765408424,0.10894914898971746,0.2847003652480981,0.1304304256175908,0.050289603687947826,0.12395177179928706,0.07477858821564194,0.07079045023848435,0.1002467885491483
0.07858038155129422,0.042349312992360826,0.18167892271933364,0.07174339556989835,0.0996580459176547,0.09121730496847459,0.10708775480206038,0.08453353604191333,0.24315134543700986
0.10081297074396804,0.06994254238654601,0.04101985215485334,0.2043433590985084,0.08062887049330741,0.1493228717817591,0.1212287805322843,0.11201977400783868,0.12068097880093481
0.09082458217757766,0.257687348518776,0.19978516487922668,0.03296255094522162,0.2324823063705824,0.06521180224989571,0.06978943458732276,0.013552539078385108,0.03770427119301213
0.12112001196096911,0.08214024733877899,0.06451677201600159,0.14430054849037108,0.12935188961122882,0.11361206879347274,0.06006759954433138,0.10636786517713381,0.17852299706771246
0.09456947254572164,0.26609706210742873,0.08197264687419172,0.07045917342044526,0.08080421026309874,0.12789920374873578,0.09985532982973629,0.05988987211885655,0.1184530290917853
0.09558852193006795,0.057930087509960426,0.11682527227535411,0.09618279478487947,0.04182284424046728,0.11324618646441985,0.2988236973393935,0.03467183420396261,0.1449087612514948
0.06556518304518176,0.1715431679187831,0.1106711276712366,0.12263935053541908,0.15370239579412562,0.12464901767451501,0.11063577275593217,0.039521071676727144,0.10107291292807956
0.13857122459614749,0.09924289276717406,0.0835273416637229,0.14621375133474582,0.07330690790109852,0.11985768242354793,0.1531459177118425,0.11871854221538604,0.06741573938633479
0.10950103327717688,0.07124324472350461,0.07309402895514365,0.1220896863142038,0.21216246375704081,0.09791942683228856,0.10214409798159013,0.035569043047501164,0.17627697511155038
0.07976460697409134,0.06951534703900353,0.17580990070063715,0.11064055628438384,0.11241033211826794,0.09223133531924384,0.045185319959824145,0.14896375568557116,0.16547884591897707
0.094194446095601,0.24563351734417313,0.10166412913207924,0.07973126023092847,0.2786908977528237,0.0994425341266571,0.03083066905680096,0.031839517856313615,0.037973028404622765
0.0895945291740561,0.12259357898452487,0.08398889171913121,0.08981166720741775,0.32806403203061857,0.09441735109242248,0.0344714225588665,0.05211669686556603,0.10494183036739645
