0.1291687798273463,0.065314482664428,0.06401839261798759,0.11802862759049815,0.09417550248023758,0.17042806435468702,0.12509416965795758,0.10695734206081046,0.12681463874604734
0.12895990794612924,0.06840052339473814,0.08296398506985381,0.11311601786493237,0.09373727743013582,0.1413852706452244,0.13438207918469777,0.10443156098294226,0.1326233774813462
0.1314299619931219,0.06400954159663343,0.09836669734080457,0.13103377710298836,0.1042164552018127,0.10288545983566345,0.13650764003824667,0.10304819309602152,0.12850227379470747
0.11043582456430097,0.06763403112428838,0.07503265158383245,0.11073329715496445,0.08825035921954016,0.28329730304636996,0.07785247596901895,0.09365282551329072,0.09311123182439407
0.11478558916386383,0.06127923074840356,0.04812251207555473,0.10161966298334396,0.2781629287406816,0.06620310995512739,0.10878884788981456,0.10504014211244073,0.11599797633076965
0.12629391907833143,0.07375893493699194,0.06224903473081549,0.10951441677919592,0.09177369605031994,0.13708533210150042,0.11902271555519757,0.14626220561440248,0.1340397451532449
0.12735906538274988,0.0675286341474746,0.06296542985734106,0.12276792836479093,0.09666990806089104,0.18322833211457537,0.11658016723426878,0.09838308650929554,0.12451744832861285
0.13391532968699107,0.07532325795333795,0.07186025451708587,0.12476058878334906,0.0901957635101534,0.1333897245849528,0.11580464125478591,0.1249663360623388,0.12978410364700513
0.1291687798273463,0.065314482664428,0.06401839261798759,0.11802862759049815,0.09417550248023758,0.17042806435468702,0.12509416965795758,0.10695734206081046,0.12681463874604734
0.10737218442285719,0.12294365753713665,0.05807281577843285,0.10251791173541118,0.06684923723748763,0.24499048377155588,0.09521101937730382,0.08825249458077666,0.11379019555903809
0.1257638061346743,0.07350557498796302,0.08635771028062117,0.1312180147198099,0.09779070959460205,0.1264791839923192,0.1294084127945946,0.0981592749579132,0.13131731253750253
0.128424662953759,0.06651493869850814,0.06851933479598198,0.1177572042678544,0.09379301277853742,0.16871438338536984,0.12443980098705905,0.10557967775081815,0.12625698438211203
0.11432832991640922,0.04389703440795071,0.11098240906678065,0.1386178438102811,0.07051014102194285,0.07051760884467108,0.10143768104890342,0.23002243153803126,0.11968652034502973
0.11904387288447697,0.05389049095957547,0.04556448819693928,0.1520312959193875,0.12582255498419567,0.10225701882004616,0.11835228873246963,0.16739584461508375,0.11564214488782563
0.13333928315367352,0.06147269251612911,0.07369734067004219,0.1262900264934591,0.11101011872663762,0.1173219732333846,0.1018470232328348,0.14609270812604183,0.12892883384779716
0.12543031523789194,0.07059836913227095,0.06436883303023727,0.1182024029097435,0.09092156944044245,0.1597402893105011,0.1295943405950382,0.1157876907040693,0.12535618963980527
0.08090239392734444,0.5127240285426478,0.037089264637386495,0.0924743506883844,0.04314971838125006,0.054806225717762926,0.050463626409800545,0.048366420398964466,0.08002397129645888
0.1291687798273463,0.065314482664428,0.06401839261798759,0.11802862759049815,0.09417550248023758,0.17042806435468702,0.12509416965795758,0.10695734206081046,0.12681463874604734
0.11709414465267332,0.0672553687238656,0.06365729981665255,0.11317301829245337,0.14941867963162278,0.06676106775460601,0.09201600674739953,0.20273086158158324,0.12789355279914358
0.12236598658273463,0.10294297379370171,0.052279659951499795,0.12063586353537092,0.08978080733349557,0.17936674771410469,0.11503287580415127,0.09767714759138035,0.11991793769356103
0.1053741437039411,0.12032435446937917,0.23366752939612415,0.10589451576457838,0.06868939814735524,0.07523017204507516,0.08311675447667692,0.08747893989745172,0.12022419209941815
0.13048134061986674,0.06384984484168638,0.08676004248870266,0.11520922945868849,0.09027995289941128,0.1433530214461375,0.13343227607210295,0.10759072137491354,0.12904357079849038
0.1040913179567372,0.05105210172188632,0.04613495517806407,0.14203015332948318,0.19159971257637873,0.13379120998793712,0.10060859546008134,0.12473865459810929,0.10595329919132275
0.1291687798273463,0.065314482664428,0.06401839261798759,0.11802862759049815,0.09417550248023758,0.17042806435468702,0.12509416965795758,0.10695734206081046,0.12681463874604734
0.11598252589596707,0.062217779618337965,0.05230567024041873,0.11745560831661012,0.15102671596072081,0.1263971147630413,0.17926954513402102,0.0768379693381598,0.11850707073272311
0.12679514855072396,0.06266588532513645,0.06335914548366538,0.11833408883094088,0.1010109883609961,0.16471187632515086,0.12025178096848328,0.11728141349606085,0.12558967265884227
0.12534299890554057,0.08519880763575395,0.10847829332916441,0.09358856785185682,0.08499949695195978,0.06497233419415398,0.06235255850744448,0.24329001464121858,0.13177692798290755
0.07925628501699818,0.08115485399256463,0.39024163101968257,0.08778477791047075,0.040206391150349456,0.07791513503428936,0.06605261949613954,0.07965236498609261,0.09773594139341285
0.10555528114943737,0.04592638215174518,0.058938825441350755,0.10302763700174226,0.21396014060692323,0.17495527298396832,0.13842871969197731,0.05264331817908424,0.10656442279377132
0.12586530082852435,0.08248613109077904,0.09098726586257172,0.1220602345229208,0.09079815892484404,0.1294522650563927,0.12280566256079324,0.10978980223875728,0.12575517891441687
0.1291687798273463,0.065314482664428,0.06401839261798759,0.11802862759049815,0.09417550248023758,0.17042806435468702,0.12509416965795758,0.10695734206081046,0.12681463874604734
0.12299600641629715,0.05732409861584708,0.05649476414097552,0.10341413731310557,0.2701912017724118,0.06822522396445639,0.12019353443730481,0.0840718295134409,0.1170892038261608
0.11440550344672507,0.0805887117910054,0.09157184624313901,0.1467845702293011,0.1055605045431443,0.08198937617403541,0.11697633623414927,0.14590166480936148,0.11622148652913895
0.1207947354491567,0.0669276623773347,0.09934466138178126,0.12435978095242083,0.08161157805401228,0.18396093112299058,0.10604254637011161,0.0966438360555217,0.12031426823667031
0.12667442451860114,0.06983284498375913,0.06961637854763444,0.11475226892283386,0.10790562626196432,0.1773192334293193,0.11677126409305821,0.09169500630700089,0.12543295293582876
0.12848700997697812,0.0644396905219136,0.0689617039184424,0.10402394700213892,0.08207233941672008,0.1558351195339822,0.17636030259580707,0.08970705574686098,0.13011283128715653
0.14013286658005086,0.07729697431097766,0.0693419591029672,0.10206147041663588,0.14878719505571233,0.10069526236277437,0.10905652710907615,0.1107687278020746,0.14185901725973082
0.12842745077908704,0.0665093258801975,0.06850157265538874,0.11775847718262657,0.09379426937990791,0.16872325001477953,0.12444247531168016,0.10558415899939566,0.12625901979693682
0.1291687798273463,0.065314482664428,0.06401839261798759,0.11802862759049815,0.09417550248023758,0.17042806435468702,0.12509416965795758,0.10695734206081046,0.12681463874604734
0.12874201373164948,0.0720176793307601,0.06575437714676839,0.11950449425505523,0.09098924954082677,0.16317280287475117,0.12627356359180233,0.1058997014328588,0.1276461180955277
0.12037194385538268,0.0504286562890065,0.10168152282229416,0.14293746007655958,0.0978296369715189,0.07169433104815519,0.15736160804853552,0.1323245282648601,0.12537031262368736
0.12063082259969264,0.06610280281560225,0.08825942511856749,0.13387078062231442,0.0940532767977154,0.08042125432907099,0.07929539265263778,0.21762047865094836,0.1197457664134507
0.09592656266644896,0.3916772538283218,0.05364552849445706,0.08901347569100143,0.05003678184604198,0.052977520127285516,0.07898541133176369,0.10504027511415254,0.08269719090052699
0.13745044380898563,0.06254131825395337,0.07532617164489368,0.11695963054412167,0.09382541146993535,0.15648389383178277,0.11280255553067209,0.10921344933319406,0.1353971255824614
0.11551739727869671,0.07425163355791006,0.22154525618588258,0.09390312940802432,0.07505741701569067,0.08726630706920534,0.10592070276757669,0.10693887500211834,0.11959928171489526
0.1291687798273463,0.065314482664428,0.06401839261798759,0.11802862759049815,0.09417550248023758,0.17042806435468702,0.12509416965795758,0.10695734206081046,0.12681463874604734
0.13409007903922734,0.07133128790250139,0.06837564591203778,0.09275124854015361,0.1794639800483208,0.11061815469545551,0.11104419710078346,0.096848702160671,0.13547670460084907
0.1377534068748686,0.07983881400151292,0.06588112326631931,0.1293387627835836,0.09232338743099504,0.12872551842390303,0.11688868125142003,0.12100670650645122,0.12824359946094624
0.12668231499841187,0.05392515212732657,0.09146516193684634,0.10644165993618045,0.09526604882449519,0.12070526069674732,0.16898176546934698,0.10710239321640858,0.1294302427942366
0.13767630010037,0.0692379115971683,0.08352866228431476,0.13657875772027997,0.09289387143451616,0.10926489896417586,0.12907238698741616,0.12830541152566247,0.11344179938609632
0.1291687798273463,0.065314482664428,0.06401839261798759,0.11802862759049815,0.09417550248023758,0.17042806435468702,0.12509416965795758,0.10695734206081046,0.12681463874604734
0.12338359231474971,0.09643173661275073,0.05780435748440205,0.10027759655764167,0.08140872958924518,0.19481565325865158,0.10907656397585462,0.10703135396458648,0.12977041624211796
0.08956394143837332,0.3427167158117171,0.04858765160341719,0.09131547052864619,0.06561307057918567,0.10951453204059952,0.08867807711091814,0.06058431622142794,0.10342622466571483
0.11631014506622712,0.09237802882506514,0.05237389498685996,0.1122395952754464,0.08769949557971686,0.17347140773488104,0.10003464077267037,0.14021283510054314,0.12527995665858996
0.09600231760566895,0.18896837749354375,0.12226979454179436,0.1239760104754437,0.0681612763827401,0.07342262335150883,0.06933540725103347,0.1692499387205255,0.08861425417774134
0.1291687798273463,0.065314482664428,0.06401839261798759,0.11802862759049815,0.09417550248023758,0.17042806435468702,0.12509416965795758,0.10695734206081046,0.12681463874604734
0.06959284441814285,0.3859034218053639,0.21459421766396822,0.05880938396539596,0.03499514760920063,0.035423656144970596,0.05236110403803073,0.06594459124546798,0.08237563310945915
0.07064578168181791,0.24828018210906314,0.27881764989473884,0.08437228249098189,0.04163596414717386,0.05867332449896032,0.06463563185899711,0.06676119564463794,0.08617798767362893
0.12867815393260104,0.05395955437749783,0.0721663204453286,0.12414608263448869,0.1364749654468445,0.05315630535912996,0.16932920966687334,0.133114232939774,0.12897517519746202
0.13156194953508973,0.09499758571799799,0.110711944576525,0.1003314830367964,0.09774875652861913,0.14010111227862684,0.11125572748772249,0.0832579318966275,0.130033508941995
0.14871847932461563,0.09673851543688038,0.09018315354721075,0.0977668276928102,0.09108910846946587,0.12069097654190879,0.11393473262700414,0.09952684321790227,0.141351363142202
0.11482278251358173,0.05350795517129658,0.1595619189019359,0.12034382507659465,0.0868454621354976,0.10463139760186196,0.1470816950116304,0.10419980675143248,0.10900515683616874
0.12589537011267057,0.07570174292654634,0.07715070207993764,0.12073755137796756,0.10907513207856569,0.12872573801733067,0.11002446928699007,0.12480846197171536,0.12788083214827609
0.10617768380311936,0.0546339105254026,0.07379123985228127,0.11556345405694296,0.3010032608074651,0.07032010210739098,0.10197652989711731,0.06962744634766171,0.10690637260261866
0.10813985607283179,0.0715846453764588,0.2534878390758691,0.10013590301118751,0.0637512429245547,0.10700873287538847,0.093688721942966,0.08744051090481116,0.11476254781593247
0.11732248317837239,0.053006888195419065,0.09973650468411742,0.12256218245056015,0.060195534540547706,0.1341647040603414,0.1661507025761973,0.12271025098974046,0.1241507493247042
0.126834354890026,0.0954978624285775,0.0957568266830725,0.12270813069915616,0.09433413689395485,0.11973127734099963,0.11566983455449882,0.10194679761807,0.12752077889164448
0.11340525492260313,0.06993987358965432,0.1955771202268212,0.11329073751667369,0.07246990457716394,0.10152669389578763,0.1093824809362735,0.10712731593790865,0.11728061839711394
0.11853354014546856,0.05280175080926092,0.08939994926421506,0.11573138604471338,0.05667949568029815,0.1162073501084288,0.13709340708772372,0.18895677693405558,0.124596343925836
0.1291687798273463,0.065314482664428,0.06401839261798759,0.11802862759049815,0.09417550248023758,0.17042806435468702,0.12509416965795758,0.10695734206081046,0.12681463874604734
0.10709243077533163,0.053505445041301114,0.20094215119161615,0.09077053130516237,0.053386278579732514,0.14996263295996798,0.13296377309658228,0.08948284597268859,0.12189391107761738
0.11756544697597926,0.09444710630397483,0.050517116569221275,0.12229654004560249,0.09792653476098877,0.17612478145361268,0.12292489995992413,0.09769196205995938,0.12050561187073722
0.1291687798273463,0.065314482664428,0.06401839261798759,0.11802862759049815,0.09417550248023758,0.17042806435468702,0.12509416965795758,0.10695734206081046,0.12681463874604734
0.13450491782861237,0.07511559551450549,0.07033877373831655,0.12426463840392415,0.10348714572822933,0.1466044337581709,0.11525799095262367,0.10204349278514897,0.12838301129046858
0.1291687798273463,0.065314482664428,0.06401839261798759,0.11802862759049815,0.09417550248023758,0.17042806435468702,0.12509416965795758,0.10695734206081046,0.12681463874604734
0.1189108921057261,0.06169557071330239,0.059197290260718495,0.11244351917564786,0.13996886886396734,0.1489863086153022,0.15032150906859615,0.08762066692826848,0.12085537426847102
0.09781228181224348,0.08393315041012761,0.06306576484992647,0.06484642112780424,0.39456788675833576,0.025958331493269763,0.07376520254444577,0.1035656011627864,0.09248535984106047
0.1327244728980254,0.111405003090136,0.061918863065536615,0.11946130286060684,0.08848118282060226,0.12266484022498932,0.11908119728716549,0.11603767587331898,0.12822546187961914
0.09613983111011432,0.20660040271829525,0.1928116647589073,0.10376525328379353,0.06325576949056869,0.07607843153446557,0.07892548989685812,0.06260769235316438,0.11981546485383288
0.1291687798273463,0.065314482664428,0.06401839261798759,0.11802862759049815,0.09417550248023758,0.17042806435468702,0.12509416965795758,0.10695734206081046,0.12681463874604734
0.12265656470648677,0.06720040784051227,0.06266246459401342,0.08041718502166618,0.243710683892985,0.0776779722533833,0.10633208924270487,0.1168994726547406,0.12244315979350757
0.13418933599354643,0.07995682510263162,0.10169422953216183,0.10269090629852452,0.0949241398094615,0.12292092645632802,0.13227539677511055,0.10788950473818136,0.12345873529405417
0.12304305304665995,0.1449154838072268,0.07367248494088868,0.11217115623949608,0.08644182397237264,0.12941170506766644,0.10216121603282106,0.10499442096857432,0.12318865592429395
0.11120373354068903,0.047932423075873094,0.06167998984146043,0.0926579526744324,0.29220551770241143,0.04530422587908566,0.12013013878850658,0.10813346902436664,0.1207525494731747
0.11849490661311261,0.11887624014564784,0.047950822289048095,0.11957827024244476,0.08630157551344692,0.15175940909797167,0.13590838591095847,0.0982357541814418,0.12289463600592787
0.12455796979707463,0.07181945750883147,0.0712172114598447,0.08104334777303022,0.16661070640124986,0.1057078103604851,0.14606797469052538,0.11193896080804865,0.12103656120091001
0.12741759831792945,0.092912719509461,0.06655428875714128,0.10581115573665978,0.08710982158250476,0.14533989080375728,0.11748331617335127,0.12718502236540938,0.1301861867537858
0.10719437989539538,0.051659896860051624,0.17429141735963963,0.10791599217025827,0.08034860352273708,0.08553130726299511,0.12870134456867868,0.14165542825424624,0.12270163010599795
0.11849490661311261,0.11887624014564784,0.047950822289048095,0.11957827024244476,0.08630157551344692,0.15175940909797167,0.13590838591095847,0.0982357541814418,0.12289463600592787
0.12356568896422959,0.08651599142601878,0.08577004099520968,0.15846422563361698,0.09558553655620454,0.07740843280214448,0.1019449659524289,0.16147820141578687,0.10926691625436019
0.11140099004627962,0.07426472132007814,0.04853315819502973,0.16071008276004903,0.09342434552523014,0.15645080317303822,0.09268673975983009,0.15752025372655407,0.105008905493911
0.1408434433464634,0.10748794326864923,0.06372213192786082,0.11014962321968395,0.0992118479220902,0.13452062937056622,0.11185498103012659,0.09457291943684704,0.13763648047771257
0.11821020861118448,0.08017265996334656,0.07594408442246213,0.1281989759611891,0.08088192233537923,0.21469068287866108,0.10016705523840586,0.10200310456199657,0.09973130602737497
0.1291687798273463,0.065314482664428,0.06401839261798759,0.11802862759049815,0.09417550248023758,0.17042806435468702,0.12509416965795758,0.10695734206081046,0.12681463874604734
0.07507859980529201,0.331186945473066,0.16917316853181016,0.0873231822887313,0.0465670146586076,0.0578237189924972,0.07001959875481062,0.07404668288660644,0.0887810886085787
0.12166340424854864,0.06885057548634078,0.0641334772888038,0.10657245717010501,0.08618284234629375,0.23267588996055358,0.10201116712657908,0.10070598875558241,0.11720419761719292
0.09848265423108998,0.03014917136219425,0.11168983317971369,0.06921401060332637,0.2144330381221725,0.030676087802645063,0.057601414135419055,0.2830440541077704,0.10470973645566871
0.12558023054091963,0.06980073766792282,0.09732791649575294,0.11522816458546403,0.08834831508763734,0.13887266450387004,0.11927020154857161,0.1209332621535751,0.12463850741628642
0.12078163726974002,0.056629277776308905,0.07104952560168086,0.12014406500731023,0.12761782684675274,0.15566215836448005,0.08668944235126895,0.1417801763159298,0.11964589046652847
0.12151641646593775,0.08013751664488218,0.12466231105617316,0.11969739817681657,0.08661492822556381,0.14290036712045315,0.1084627098581482,0.09426902534328702,0.12173932710873818
0.1335085352506291,0.0671912406842035,0.05964128930270831,0.09018670935735858,0.1745170912965626,0.10162570343139515,0.1327713922661519,0.11205575297601868,0.12850228543497214
0.11764479564623585,0.05926613935780861,0.05408719265390588,0.13718930796939133,0.16942711178764783,0.074651999139446,0.1208174512704191,0.14259608991324577,0.12431991226189959
0.1331342809344854,0.08158605117532469,0.0611852455738515,0.0985668118519216,0.140441602578183,0.11506905908346511,0.12743640530085765,0.1135968986147143,0.12898364488719677
0.12891307956000994,0.06843924306604128,0.07901999042770526,0.1415094056915795,0.08587171681638422,0.11168951291866201,0.15271959968597884,0.1111281750517018,0.12070927678193706
0.16239218605007222,0.0774206111140452,0.0828387549813404,0.09473454868687965,0.09448126266231545,0.12602188774234765,0.11743913009653306,0.09683501831511232,0.14783660035135396
0.13615901163499228,0.0647300728978676,0.08798117388074035,0.1273811092523036,0.09191473994446776,0.13368067506143957,0.11682790177497704,0.11493623447823893,0.1263890810749728
0.11504682385912891,0.07258279026284799,0.07243561450360957,0.16041943286800883,0.15229483086695725,0.08379471386069198,0.09653345352590936,0.12764841027520957,0.11924392997763657
0.12942456652350534,0.054775315797356394,0.09028049278473911,0.11876588773486424,0.09303830363637487,0.1621456962559916,0.12217682496733706,0.10454170472682534,0.12485120757300598
0.12608110326468683,0.07419120804851191,0.062178659938680964,0.10910268703671999,0.09161366888713042,0.13560839260231708,0.11866631935017398,0.14826858062227735,0.13428938024950146
0.11757580609701623,0.05758861817284542,0.06716571813203923,0.09083571215474502,0.21461679688959714,0.11685350144817085,0.08095916471930972,0.14073954097775823,0.11366514140851815
0.12671075512056615,0.05397167268729149,0.09129754921013744,0.10651070102723924,0.09527202739634598,0.12095103793752611,0.16874381789348314,0.10711020073098855,0.12943223799642195
0.12004711573835843,0.08213883617340023,0.1212321756306481,0.11534259054701794,0.0839481691315588,0.14992567622527733,0.10280739756250434,0.10441729901878756,0.12014073997244729
0.12770596814369345,0.05836835256548658,0.08593861584422023,0.11672558984979721,0.09195274854291503,0.14359320544109733,0.133176194428475,0.11249284789938656,0.13004647728492855
0.11937243837129291,0.06466766623424346,0.14176445570691598,0.09687155595845715,0.06962798091236198,0.08644475451850549,0.15836526925078084,0.1346509258898668,0.1282349531575754
0.1243567189396058,0.059396356020739914,0.0654663708893191,0.11197150820477679,0.07135760033124293,0.1533217386189447,0.1038234759368899,0.18409260087673632,0.12621363018174458
0.12399340176180966,0.08759038607065535,0.08479668352674975,0.12002212529377732,0.11436833567444592,0.09260968341661312,0.16904095857603316,0.079527858604455,0.1280505670754607
0.08600089950171423,0.47699243789733625,0.06653378265254296,0.0588624823827964,0.04524199431834427,0.046896909182220725,0.05442480302151481,0.07812963831336517,0.08691705273016515
0.09838366068651239,0.14062663706302647,0.17108855725912106,0.13000215245085778,0.0783961644700332,0.11845791497501275,0.0665974054436429,0.10361733232274993,0.09283017532904358
0.13664685747791672,0.06749251184300262,0.06752798375701867,0.08348765600448783,0.1553132775374316,0.1068961049062519,0.14880379011579314,0.09078605250855615,0.14304576584954135
0.12244661611170034,0.31752533478903716,0.08058078073570347,0.11371759457731483,0.0718186271541402,0.06451937751851765,0.0698927420474086,0.06673424534585791,0.09276468172031987
0.13381019737735522,0.07837358582391461,0.07504004091704138,0.12116740565521249,0.09013410110903541,0.13509135409546266,0.11454673625340082,0.12203552303637928,0.12980105573219813
0.1136299534438271,0.05669802839630275,0.046275672672727586,0.12252890984090932,0.21642725353466877,0.06200043013790668,0.11647063494136856,0.15505754846735806,0.11091156856493121
0.1172686154391616,0.2758992306515279,0.057219669561282015,0.10864909732961092,0.06881913242868286,0.082383006582929,0.07584288710238302,0.10831773137932188,0.10560062952510081
0.13174608116730835,0.07050082495526293,0.06789059028802415,0.08811473611162564,0.2054431682469282,0.10149396697504227,0.10697134404314619,0.09383000670220827,0.13400928151045396
0.12182122445338821,0.07737070443857846,0.07744780970261451,0.1407845370993559,0.10568140640674485,0.13135579300084177,0.10477193830187792,0.12777889754662689,0.11298768904997147
0.11380888183494715,0.08283395252738858,0.063817908501456,0.10069492738612908,0.09834449643262311,0.25769608869519794,0.09456355011229445,0.0709882545622713,0.11725193994769245
0.1351805037063665,0.07197498900524384,0.10214276255037232,0.10594180060604952,0.10349896751099556,0.13096750874818108,0.1161325469474191,0.11141120987122483,0.12274971105414727
0.1291687798273463,0.065314482664428,0.06401839261798759,0.11802862759049815,0.09417550248023758,0.17042806435468702,0.12509416965795758,0.10695734206081046,0.12681463874604734
0.1291687798273463,0.065314482664428,0.06401839261798759,0.11802862759049815,0.09417550248023758,0.17042806435468702,0.12509416965795758,0.10695734206081046,0.12681463874604734
0.128240599094097,0.05422739357819841,0.11219833602680022,0.1193429009451779,0.09088927876561365,0.14133799187294716,0.12024394115640387,0.1076812552582032,0.12583830330255855
0.1138920075985607,0.08225315057354897,0.0813422874500289,0.0939828497070695,0.09481179238387784,0.15524901789895376,0.15003084893915783,0.09975721948057481,0.1286808259682276
0.12394128943008657,0.08266062418997062,0.12821415613669562,0.105643150023652,0.07925062772574598,0.14988914407060935,0.10278971350996413,0.09670634868576329,0.13090494622751245
0.10104119388603405,0.3816364499320666,0.048379664442053445,0.09056467895392495,0.0605264614886519,0.06895686476959621,0.0784921921461434,0.08447670518272954,0.08592578919879997
0.1291687798273463,0.065314482664428,0.06401839261798759,0.11802862759049815,0.09417550248023758,0.17042806435468702,0.12509416965795758,0.10695734206081046,0.12681463874604734
0.1291687798273463,0.065314482664428,0.06401839261798759,0.11802862759049815,0.09417550248023758,0.17042806435468702,0.12509416965795758,0.10695734206081046,0.12681463874604734
0.12569248866409236,0.07596852081176217,0.053742867368142204,0.1400235032494458,0.13803545038376852,0.0745782421266077,0.11114026598400654,0.15380053168124377,0.12701812973093096
0.1175797776725808,0.1186418892983644,0.09413458029645143,0.13814866961536515,0.09488738377357901,0.10885349411227858,0.09367922625073134,0.12607496631049855,0.10800001267015069
0.1235206142021766,0.06137977990189917,0.06581295585418477,0.11584160951550175,0.08854203966107459,0.18916837322158556,0.11601919702280426,0.11511795172439508,0.12459747889637833
0.11266882490245289,0.08137285440676512,0.21697766331318194,0.11347752093513386,0.08402566934469756,0.07768910646630471,0.11056911517319816,0.08889473608191001,0.11432450937635587
0.1291687798273463,0.065314482664428,0.06401839261798759,0.11802862759049815,0.09417550248023758,0.17042806435468702,0.12509416965795758,0.10695734206081046,0.12681463874604734
0.12699889866021533,0.06284788767421425,0.06339104658723944,0.11832669450404511,0.10044429261067071,0.16524457538706075,0.12065140792526445,0.11639477888008283,0.1257004177712072
0.1285783985664369,0.06707816271793614,0.06240925932627497,0.10031740565734622,0.125286020407352,0.14998777200676236,0.1352351671053799,0.10469959229205521,0.12640822192045637
0.12941907754043497,0.054695808318537376,0.09055193678707524,0.11876424175761184,0.09302431793206793,0.16205538629813504,0.12214439799123972,0.10451740324788161,0.12482743012701632
0.08376998439113759,0.31226535634574554,0.17083500488963077,0.07190212599556274,0.05107781216211509,0.04100812344628559,0.0704002406934751,0.09547929515497772,0.10326205692106984
0.1073867687206528,0.048937755172519685,0.08444540257063175,0.12179680587072376,0.15813814047087302,0.0363070569452725,0.059848418656765746,0.27615784088608064,0.10698181070648015
0.13217797405693765,0.06862444073458344,0.06397026300830609,0.11517804028993144,0.1044939302811491,0.14830482336007764,0.11885461469801357,0.11827665675722539,0.13011925681377576
0.1291687798273463,0.065314482664428,0.06401839261798759,0.11802862759049815,0.09417550248023758,0.17042806435468702,0.12509416965795758,0.10695734206081046,0.12681463874604734
0.1291687798273463,0.065314482664428,0.06401839261798759,0.11802862759049815,0.09417550248023758,0.17042806435468702,0.12509416965795758,0.10695734206081046,0.12681463874604734
0.12724087232194553,0.057603289998817996,0.0871615897780003,0.11688491807947173,0.09313506996424754,0.16434287778603093,0.12356334626233612,0.10485673976942596,0.12521129603972395
0.12664796271423914,0.07301073903617267,0.0623737833476456,0.11023123829190433,0.09204141803482117,0.13969379283174385,0.11963171265965018,0.14278684833875352,0.1335825047450695
0.1291687798273463,0.065314482664428,0.06401839261798759,0.11802862759049815,0.09417550248023758,0.17042806435468702,0.12509416965795758,0.10695734206081046,0.12681463874604734
0.1180606991000394,0.05593973487903875,0.06487831009259083,0.1024276327240932,0.07405764861696819,0.23558184336125035,0.10118999884336684,0.12587280890131028,0.12199132348134216
0.1291687798273463,0.065314482664428,0.06401839261798759,0.11802862759049815,0.09417550248023758,0.17042806435468702,0.12509416965795758,0.10695734206081046,0.12681463874604734
0.125036551368677,0.0776411914739928,0.05860704055657704,0.1201741738360617,0.09178356815104906,0.18690984226376273,0.12055303817253905,0.09448441904565545,0.12481017513168513
0.13211907134490053,0.06974994678633012,0.06739109870120405,0.091238485798721,0.19318052354206264,0.10807705157780834,0.10938611455929742,0.09511451582640744,0.13374319186326847
0.13642643164747134,0.10167975527088709,0.07202723591213657,0.1307782440164542,0.08660511484257045,0.13905206115440838,0.10160847792388372,0.11208447236942032,0.11973820686276793
0.12295286886314867,0.06429704159856711,0.04457553244058915,0.18664139108546463,0.11805696734193354,0.09344004596759999,0.0989675666965492,0.16435565380224193,0.10671293220390575
0.11199403645626627,0.04316382618952857,0.06358694326289695,0.12802153162258403,0.17392516139301972,0.08970679252498309,0.13158938047106994,0.1425047922306184,0.11550753584903302
0.11099396940124495,0.04717103977201822,0.0894092535576048,0.10655963778680548,0.05177227960111327,0.2025013958077538,0.14625259661408732,0.12863268800715033,0.11670713945222182
0.12693529772942133,0.06638889809055627,0.06816585726835053,0.09897873078730189,0.12088970187422284,0.14769584135233674,0.13252674442948123,0.11014893136858935,0.12826999709973974
0.12917676125275937,0.04550419501543288,0.12015161191611301,0.11453372120651806,0.07369238815799124,0.2016536768473336,0.0931444638120346,0.10545027914831871,0.11669290264349857
0.10495603383320713,0.0442134106418601,0.12010350571914517,0.10786919183423709,0.17667798792771874,0.17690327239008782,0.10413357584457383,0.05770795351206378,0.10743506829710643
0.12262878222115436,0.05320829060918932,0.07621611972009328,0.12138718594651803,0.11611485209116655,0.07281820475236063,0.07509389802764971,0.24005901550773154,0.12247365112413666
0.1251135618962541,0.1440253889276294,0.06813951665384466,0.11272747616446382,0.08106731361522694,0.1422671130953986,0.09953380582414122,0.1018299257373908,0.12529589808565042
0.14063635539760466,0.07209511131094813,0.09719564199096487,0.10265577005662281,0.10324424246770397,0.13443557265956022,0.12448731885889992,0.10022252216142295,0.12502746509627247
0.11111252603500828,0.0816812093422013,0.055133754685056074,0.06808678299854122,0.38092998923309085,0.04451641522301073,0.0998671794039226,0.05486743831528246,0.10380470476388654
0.10995064212879556,0.055906227688703125,0.046709442397512735,0.13323765169995153,0.25323967074377896,0.05888860138651842,0.10922528557421314,0.11804363855073068,0.1147988398297959
0.10632499240540581,0.04651261381049202,0.052297895901878534,0.11924587242718869,0.1797418989794457,0.15780200131734737,0.1170045686866179,0.1103919289970157,0.11067822747460826
0.13475736312969952,0.055227627859457694,0.10788887542644725,0.13853284170067676,0.09447082009048897,0.11037589777937495,0.1357135234322178,0.12854150055431854,0.09449155002731857
0.12467876284779716,0.06843300867714493,0.06582325925778564,0.09673137686060877,0.10241867302737878,0.15384881904600745,0.16962066923016503,0.09063644566312856,0.12780898538998373
0.12760742769882785,0.09834790054086755,0.04757928565345485,0.13987511298900643,0.15976748470074062,0.06860088362767391,0.09556528063948726,0.13664406397049872,0.12601256017944276
0.11472257030487375,0.04282757227259185,0.0622552309123629,0.10672125062645593,0.09209062270867657,0.22896745976257105,0.13329470909201085,0.1048931204395464,0.11422746388091061
0.13775010855715517,0.0533804344709581,0.06501280243753586,0.08125024861169879,0.06529809612003114,0.10661099362647082,0.0974000766317313,0.2501960735484711,0.14310116599594766
0.1115309279791763,0.09900825236423483,0.09655576611991296,0.10869171676933582,0.08161187068496938,0.12031827580475096,0.09156392986239459,0.18508755776397665,0.10563170265124855
0.1291687798273463,0.065314482664428,0.06401839261798759,0.11802862759049815,0.09417550248023758,0.17042806435468702,0.12509416965795758,0.10695734206081046,0.12681463874604734
0.11304056475057679,0.04708546089551885,0.04412661212298185,0.14659698547077954,0.12861871283668672,0.0591830553632798,0.08449840244255562,0.2588728108600625,0.11797739525755835
0.11008350557421036,0.04184081882091731,0.10608378603325348,0.09666290790210208,0.05495435406362426,0.18496148423355444,0.1786875377217515,0.1057154097469137,0.12101019590367283
0.1291687798273463,0.065314482664428,0.06401839261798759,0.11802862759049815,0.09417550248023758,0.17042806435468702,0.12509416965795758,0.10695734206081046,0.12681463874604734
0.14640657300702956,0.06067664115186399,0.07248716287382882,0.0853951261782551,0.0867222566772023,0.11992707595712186,0.12307473471502232,0.15309217198263672,0.15221825745703932
0.10885530389305287,0.13820897348700878,0.049148663830561067,0.12266501008958502,0.0832561674312356,0.10062737709512844,0.1350538656198587,0.13609805298380015,0.12608658556976937
0.12716473219719276,0.07835874419809234,0.08125629375391225,0.122127603788016,0.08641682411556806,0.10930562855972732,0.11478681346580534,0.15063497766182857,0.12994838225985741
0.12519296267520777,0.08275808686409376,0.07064476738704835,0.13125332082185556,0.09774960991278114,0.14494681903260911,0.11915405253216038,0.09830380734241434,0.12999657343182947
0.14596926422486836,0.054410888980681825,0.06296009968647885,0.09315632624394991,0.10566308872642956,0.11370340126437055,0.15449396326965445,0.12642865400190753,0.14321431360165898
0.09076204250563817,0.12468780044456466,0.2945218988185851,0.08149850532848411,0.04759524192667796,0.060143522476894244,0.09410038895651109,0.07878387481640023,0.1279067247262446
0.07523625800132112,0.22401308725977,0.20011174343621638,0.10786026976023104,0.053118979115681635,0.042094828965670544,0.12154819514365402,0.07770469250322365,0.09831194581423171
0.14131008900551187,0.05509023165164367,0.06730486697672276,0.11361925735238441,0.0870035292676294,0.20524274679540108,0.10518035634268064,0.09448570757229084,0.13076321503573532
0.13569328614907253,0.07821341722767837,0.08877573203019302,0.09757637927838499,0.1001651779094677,0.11726717448239436,0.1182035546427414,0.13339157150379058,0.1307137067762771
0.12891307956000994,0.06843924306604128,0.07901999042770526,0.1415094056915795,0.08587171681638422,0.11168951291866201,0.15271959968597884,0.1111281750517018,0.12070927678193706
0.11895987249998397,0.05611256455930822,0.08378369298549622,0.15215763478058883,0.11927169939526709,0.0438452615535371,0.0691753593985013,0.24276816771336898,0.11392574711394833
0.10280828964024147,0.2131587677396877,0.061313099192434606,0.10640815274746189,0.07974532748354651,0.16416817332631983,0.0767738349990818,0.09299658849672528,0.10262776637450093
0.11610956716751904,0.08377668138985055,0.08229712936286915,0.11859335718763724,0.10114717637737743,0.20154274000428107,0.10769725963622036,0.07281847758733652,0.11601761128690868
0.11407566387758329,0.05150505030293196,0.06216950188381662,0.1436181996332894,0.11944416745079718,0.1006068661961491,0.08812859865633042,0.20470930481398594,0.11574264718511607
0.129488839809149,0.06560152748111898,0.06241113598514152,0.11281018861094168,0.11245437304483707,0.16092290580160565,0.11935698411430067,0.11007552501894996,0.12687852013395548
0.11673009859497353,0.05419150490810786,0.0746958395227203,0.11661023765424573,0.15036640712094482,0.1594249392480845,0.08063411460707404,0.12974337421855478,0.11760348412529438
0.1276426228259747,0.06085828446273219,0.05710442732354542,0.09403668783714414,0.19698612105097124,0.10903354118342605,0.1255782256530552,0.10454985306568189,0.12421023659746916
0.1292980114312028,0.07668760190426603,0.05826654702823336,0.11945413573838566,0.09344178608889238,0.1648431989661129,0.12039236559949935,0.11124330388098676,0.12637304936242075
0.1291687798273463,0.065314482664428,0.06401839261798759,0.11802862759049815,0.09417550248023758,0.17042806435468702,0.12509416965795758,0.10695734206081046,0.12681463874604734
0.10421272529169147,0.21819861108527985,0.1418044377035246,0.0650200660899784,0.11970458403438562,0.04519278788180933,0.09503017421815492,0.08228951397050338,0.12854709972467243
0.1291687798273463,0.065314482664428,0.06401839261798759,0.11802862759049815,0.09417550248023758,0.17042806435468702,0.12509416965795758,0.10695734206081046,0.12681463874604734
0.12578562263682316,0.058361488393962054,0.07011705902081809,0.12188733991346057,0.15189488887717897,0.10252982461120952,0.1111661812869784,0.1339455721130968,0.1243120231464725
0.13526750641816485,0.06108066490761449,0.12402161650965084,0.15631159102743863,0.08505101854836243,0.054634436180931,0.16663355852765613,0.12831008308101988,0.08868952479916177
0.12601533421339317,0.08783535599256742,0.07453257683285487,0.11841309282322594,0.08586013770761847,0.157118934596827,0.11615625307285593,0.11029762988636782,0.1237706848742894
0.1291687798273463,0.065314482664428,0.06401839261798759,0.11802862759049815,0.09417550248023758,0.17042806435468702,0.12509416965795758,0.10695734206081046,0.12681463874604734
0.12945386259161773,0.06607146824966768,0.061898194289701634,0.11021211521736533,0.12194311453768071,0.15557149851393604,0.11657014823478563,0.11155997579131811,0.12671962257392713
0.1291687798273463,0.065314482664428,0.06401839261798759,0.11802862759049815,0.09417550248023758,0.17042806435468702,0.12509416965795758,0.10695734206081046,0.12681463874604734
0.0678376480535742,0.38112090596641285,0.20474350188816856,0.06242596736619157,0.03282132009085921,0.04490814873828156,0.04765853899618854,0.08164640648479916,0.07683756241552439
0.13150767432655996,0.0690277096486356,0.06429524463725783,0.09754884564457818,0.22879318674787805,0.06677182779500838,0.1056663319685482,0.10132603169716074,0.13506314753437307
0.13544193896527387,0.06410471614247694,0.0728783679775074,0.10923099560064686,0.08570935847083928,0.1505885288666929,0.16368566467624426,0.09501380968269912,0.1233466196176193
0.11026710675111345,0.058813581854251486,0.056191795908326146,0.08707223381363344,0.30571726651324804,0.11480907289401822,0.09388673263554377,0.06603049824654629,0.10721171138331913
0.0892137084007709,0.27076796247759916,0.15014320154650282,0.10587326388553857,0.051840797945232664,0.07154172965230397,0.07336885680185067,0.08310742629669027,0.10414305299351105
0.12371735579701211,0.05284026503077673,0.06957574450162918,0.09654458382942988,0.10157962441127287,0.17188177021251616,0.16570833024384,0.09197935054474254,0.12617297542878045
0.12773311772118573,0.06969633767192294,0.06948959739327952,0.11831274674130927,0.08910544905589106,0.16228599749466063,0.12900860459842514,0.10639493323816655,0.12797321608515924
0.13598791013326164,0.07279703502566576,0.0692722940525734,0.09513569179974117,0.1633247853411702,0.11455339953871564,0.1131326990081664,0.09882109090441415,0.1369750941962916
0.12631550090621316,0.09484432924968626,0.07901717806861847,0.12735846420806762,0.11602280276046817,0.12939427916707733,0.12386213392029712,0.07917273028830905,0.12401258143126266
0.12011237677419483,0.06786219069844403,0.06410570390317373,0.11727458093879695,0.08466907817123953,0.2286914246328378,0.10381455243061556,0.09862826446895497,0.11484182798174264
0.11173188462959865,0.05466311962888385,0.056629028962863655,0.12096711120693841,0.19253593605290367,0.07424202007147991,0.06815633395282585,0.2050363686832224,0.11603819681128345
0.12151390640132491,0.08570557051143864,0.06567031780043055,0.11862461638193982,0.09597799022405114,0.20427200616894947,0.10361074258731674,0.08779606662254862,0.11682878330200008
0.10512796183612048,0.04559893360693231,0.06241356510489556,0.09766132973310072,0.07274215480361501,0.21271374963615175,0.09954557448848855,0.19071009016109045,0.11348664062960516
0.1220668575181167,0.09696160962028894,0.08225188516372194,0.12493903702497966,0.07984266084485768,0.16186384423221037,0.10650492843023866,0.10350208460239363,0.12206709256319243
0.08930764433263812,0.07491086137692504,0.2710790440442538,0.07589092937301904,0.05428122174954097,0.06337665199414666,0.16647130485267791,0.08384521036171781,0.12083713191508054
0.1291687798273463,0.065314482664428,0.06401839261798759,0.11802862759049815,0.09417550248023758,0.17042806435468702,0.12509416965795758,0.10695734206081046,0.12681463874604734
0.07160831250187151,0.3669663158911242,0.0849874868850149,0.11577058726105632,0.04623312096469706,0.09022195542938834,0.0692351786166918,0.07689157864930508,0.07808546380085073
0.12292471215644324,0.06612692730897081,0.10160768132820823,0.11751344903949616,0.0874315221445189,0.1334760434420599,0.12781350688685708,0.1186504841176879,0.12445567357575775
