0.13161721375388694,0.08841877151953755,0.07738200830975958,0.12047642796502545,0.08958278428606108,0.12565662977279543,0.10487867162053112,0.12412271016542291,0.13786478260697999
0.13161721375388694,0.08841877151953755,0.07738200830975958,0.12047642796502545,0.08958278428606108,0.12565662977279543,0.10487867162053112,0.12412271016542291,0.13786478260697999
0.08353668391535414,0.10179801577025589,0.09600925683235349,0.12267917373327679,0.07647925377449763,0.1175461437665175,0.13732795270563788,0.1312854526118372,0.1333380668902695
0.13161721375388694,0.08841877151953755,0.07738200830975958,0.12047642796502545,0.08958278428606108,0.12565662977279543,0.10487867162053112,0.12412271016542291,0.13786478260697999
0.1267661803082435,0.05641783367381725,0.07979966576685887,0.1276696586467889,0.1394205440279609,0.12294159068395667,0.08988946537091756,0.1321335356375709,0.1249615258838855
0.14945881012301107,0.0884024901904434,0.09879484245892815,0.10882153212640545,0.16932376490332512,0.11614266097523002,0.05600360461580056,0.11623640539338659,0.09681588921346962
0.09550971452826758,0.07100738373829941,0.12222186632290677,0.1345502980773777,0.06942062717556162,0.10843723809317264,0.16593267673240575,0.12565681307638743,0.10726338225562104
0.11005235243356616,0.1622124674141631,0.09600829209950797,0.1291534305239539,0.09458871311097368,0.10818536151887503,0.07979112672409201,0.10476689415485047,0.11524136202001765
0.09884722836727126,0.17312608736879467,0.10760041213239883,0.11940704234556666,0.13091015648920756,0.09135197997900378,0.06934076549132827,0.09550277630676958,0.11391355151965936
0.11793650943327912,0.10027358996529591,0.16750437117994713,0.10342286351589984,0.07991496815796494,0.11148807769660636,0.07934255186533538,0.1219324008654629,0.1181846673202085
0.13761215752614828,0.04081225942206169,0.08763337946041981,0.08921182992312367,0.1798474629595774,0.1303573935582699,0.0650296695917613,0.1276293885979066,0.14186645896073138
0.10300724616690109,0.07078672843993268,0.1317163848014001,0.11456158259254497,0.11194140718155494,0.10116086807186093,0.06845022293247503,0.11092733599911557,0.1874482238142147
0.07976883707001996,0.0658292362080359,0.1697852988215838,0.1621431692878995,0.0844982958603297,0.09864936468165975,0.12594590493914995,0.11108669796499392,0.10229319516632741
0.10394687178545466,0.11687992424849586,0.10435238229918718,0.12179080813165728,0.0886475609032376,0.115577390939012,0.08950172216967382,0.1135235885586191,0.14577975096466259
0.091948205363384,0.11809368395204663,0.061651054208914334,0.13034796967214093,0.06592898781873688,0.10084290340389301,0.19287052724241213,0.11328465837301162,0.12503200996546052
0.12148241750929278,0.11504629087274576,0.07471890810000954,0.0998565722820887,0.10833496072960114,0.11717193509478092,0.10846884152272596,0.12733139033242144,0.12758868355633377
0.12738496677778863,0.09650308719372878,0.07116144256734473,0.13176092053659513,0.08143273521152657,0.11563203132884502,0.13380849404677608,0.12417686748197776,0.11813945485541726
0.14701257318630204,0.037437355659468464,0.10642541072685346,0.1290329300215524,0.06455393091830547,0.1371002521126143,0.10069861381934964,0.1325749753570555,0.14516395819849864
0.11504967198989335,0.08746782600527629,0.07503182468842341,0.11627010365407486,0.09812532693601454,0.1186865916805178,0.09556053122697672,0.11629840741839718,0.17750971640042587
0.12096679014421315,0.12527969827856023,0.08365938961655252,0.098040768453045,0.09135440004060986,0.11923206339551391,0.09430240272660385,0.11852179924271673,0.14864268810218476
0.13161721375388694,0.08841877151953755,0.07738200830975958,0.12047642796502545,0.08958278428606108,0.12565662977279543,0.10487867162053112,0.12412271016542291,0.13786478260697999
0.1321170517054542,0.09928624365731213,0.07958167414694549,0.10760733553873934,0.09097244526416777,0.12982221940487593,0.09008628247896948,0.1448634611242416,0.12566328667929405
0.12279493787114644,0.0842103231986913,0.06689705099928424,0.1208640640807744,0.08731136855470917,0.116050706533442,0.11951707665422362,0.11835394602067811,0.16400052608705074
0.13161721375388694,0.08841877151953755,0.07738200830975958,0.12047642796502545,0.08958278428606108,0.12565662977279543,0.10487867162053112,0.12412271016542291,0.13786478260697999
0.09166489868921847,0.08898038701481252,0.09764532845992797,0.1258489017948074,0.08637524041135847,0.11524601616294768,0.10466505598878532,0.13840285465415847,0.15117131682398374
0.11896740017734793,0.1316325930173234,0.08485648887809301,0.09452881986839995,0.09175925372100013,0.11804575763636695,0.09278172138891023,0.1174457538109805,0.1499822115015778
0.134999810970337,0.16588314008420754,0.09280351683194325,0.05512207315849233,0.15271170888856686,0.10820231778299912,0.07335443241881746,0.11105140246744694,0.10587159739718949
0.09767499982915406,0.16012928700358267,0.1234124138468905,0.07680758202991247,0.12431251471516082,0.09897990332225261,0.04117858820796,0.09888944725833715,0.17861526378674966
0.13161721375388694,0.08841877151953755,0.07738200830975958,0.12047642796502545,0.08958278428606108,0.12565662977279543,0.10487867162053112,0.12412271016542291,0.13786478260697999
0.11482317740684313,0.0976110116748324,0.08132957856047156,0.10528640774401476,0.0873573043607438,0.12613328817862154,0.11874689039882168,0.13925338881207558,0.12945895286357545
0.12206478017024791,0.0914228967523536,0.07752983178135407,0.09794069715941733,0.12390460096128338,0.13620198738092085,0.13008831049257327,0.11624598931375511,0.1046009059880945
0.12103295017687425,0.09416716174124147,0.0721269428841604,0.11246916584942986,0.09893008449141934,0.10821083575663748,0.15493649818522875,0.11193301732424028,0.12619334359076817
0.08975716893221974,0.20700640673208107,0.06776816903010226,0.062287498767002264,0.18765678228104457,0.09702772494940122,0.06243094379831495,0.09565081144079164,0.1304144940690423
0.12715213195362632,0.07376754863307962,0.10130971444565669,0.14055453469454654,0.06814856992466099,0.1296921564011487,0.12696348589684261,0.1158087597453973,0.11660309830504113
0.1228024783249849,0.06073102540173093,0.09460837660437144,0.1147010153159591,0.11475460254304747,0.14345427415623566,0.12758873806748308,0.12071679625096428,0.10064269333522319
0.13161721375388694,0.08841877151953755,0.07738200830975958,0.12047642796502545,0.08958278428606108,0.12565662977279543,0.10487867162053112,0.12412271016542291,0.13786478260697999
0.08148882793013021,0.19977281958453505,0.09574368788844839,0.071428605303077,0.0953830347118807,0.1056934073218106,0.06612005563715201,0.11526724548737176,0.16910231613559432
0.1282601297456438,0.08364177519293477,0.07232923565436138,0.12250824218873985,0.07999186074514478,0.11939708979300336,0.13617605797269314,0.12228970939251516,0.13540589931496386
0.09271947934194737,0.15100563263648162,0.07273634188225855,0.09911460426669612,0.1105966369742986,0.1282905596780304,0.09456883454114172,0.12804673644007294,0.12292117423907277
0.13161721375388694,0.08841877151953755,0.07738200830975958,0.12047642796502545,0.08958278428606108,0.12565662977279543,0.10487867162053112,0.12412271016542291,0.13786478260697999
0.11185380564765013,0.14572414834638195,0.08507861431968429,0.09338070898623883,0.07024974147193229,0.11260314185066335,0.0888527497970265,0.11664993096445381,0.17560715861596887
0.1343816772175374,0.09318275515972613,0.08127030394839838,0.10886104847127982,0.08705293707574968,0.13075096339065453,0.0980755958323114,0.12657739495022227,0.1398473239541203
0.1353856741688104,0.05442312976748224,0.08129334349599436,0.12630500586223817,0.12005057346047388,0.12748643011906158,0.1070267206553381,0.12821772304811158,0.11981139942248968
0.1266721899318292,0.05044937705619693,0.05994758020113373,0.08254282212822399,0.22454210092477966,0.12056090956027099,0.09856550935807366,0.12418444139667496,0.11253506944281687
0.17198999914921378,0.0783448516702571,0.06319948414294997,0.11756882081827662,0.09817510601078246,0.13179365355235312,0.10799450611426575,0.10751778622941865,0.12341579231248245
0.12358358516327757,0.050115789848716834,0.07040820279819429,0.1299651651974558,0.16336092141300526,0.12022672782727338,0.10052124657912781,0.13073580754679873,0.1110825536261504
0.13161721375388694,0.08841877151953755,0.07738200830975958,0.12047642796502545,0.08958278428606108,0.12565662977279543,0.10487867162053112,0.12412271016542291,0.13786478260697999
0.13161721375388694,0.08841877151953755,0.07738200830975958,0.12047642796502545,0.08958278428606108,0.12565662977279543,0.10487867162053112,0.12412271016542291,0.13786478260697999
0.10992574289931145,0.11680734750003785,0.08565089650818668,0.15769022844321964,0.11486579543089549,0.10410531797431644,0.08214747892420887,0.1046101902320688,0.1241970020877549
0.13161721375388694,0.08841877151953755,0.07738200830975958,0.12047642796502545,0.08958278428606108,0.12565662977279543,0.10487867162053112,0.12412271016542291,0.13786478260697999
0.07579711311462568,0.16555667701145804,0.14581750184409603,0.125586687922736,0.17749218713250905,0.08684529325396838,0.04290533621776386,0.08217933140857889,0.09781987209426407
0.1184498314263313,0.09935017568366598,0.10665232538493495,0.10957495242135613,0.0667943534888241,0.11461135218884068,0.127797737040284,0.11418322624023451,0.14258604612552842
0.11941608965439297,0.07840767166000862,0.12988646047596222,0.12734891379208316,0.10344877801451617,0.12229942664841331,0.0665071676176882,0.11969366529061877,0.13299182684631658
0.10053554747363908,0.041026213580061165,0.11029796783834672,0.14053814482915203,0.1711812455574554,0.10623910567267188,0.102438077935614,0.12429428993596359,0.1034494071770961
0.11753443912301714,0.08093957322831047,0.06454657977139953,0.13996901624010796,0.09417868028637788,0.11297265636105631,0.13644282767334426,0.13072842269615995,0.12268780462022644
0.10864549052791539,0.08475719137341475,0.06614426998804325,0.12189913181245011,0.15574693818654803,0.11166436928326547,0.059031657732628647,0.10590705860269319,0.18620389249304112
0.05019956267297401,0.09845986491723051,0.09364288560180066,0.11053617632709233,0.07365106532919154,0.0944920797446816,0.26172846270437056,0.11597803603321351,0.10131186666944524
0.09829451047211012,0.1809395906045981,0.07616988642772708,0.05105637594198164,0.17686363641755767,0.0987356445189288,0.08406484644897279,0.11272853444250046,0.12114697472562334
0.12606027396884023,0.11721784773695794,0.10873151664170315,0.08621789378365856,0.09174230615784494,0.11930131171633702,0.11397842794305006,0.1171382743856993,0.11961214766590877
0.11564909552085863,0.0525814831647922,0.30734478635046086,0.05235240628203583,0.17472822129366117,0.08318177553006227,0.039297329301974056,0.10170221011174235,0.07316269244441259
0.13436293459900908,0.08503685727002978,0.07792235184619668,0.12196633561672877,0.08990963015909607,0.12778152081826502,0.09952183664129495,0.12295392413813816,0.14054460891124157
0.0961174818943954,0.2254624974901646,0.20561729403535642,0.03671436779380816,0.10879319529599106,0.08212349788078517,0.04995826365246461,0.10057118509229453,0.09464221686474017
0.12334085142532057,0.057479530617032426,0.07969562957672846,0.12690836220071786,0.13381648436501506,0.12340918390875105,0.07911313226019505,0.13417054109231477,0.14206628455392475
0.13161721375388694,0.08841877151953755,0.07738200830975958,0.12047642796502545,0.08958278428606108,0.12565662977279543,0.10487867162053112,0.12412271016542291,0.13786478260697999
0.10273468323683373,0.13386044830475627,0.08053145163931881,0.05117565326798498,0.25793158466551075,0.1280134330893672,0.059705905825710746,0.10505085515784095,0.08099598481267656
0.07480153482389415,0.1713569704287257,0.06086253281497381,0.07587663439526803,0.2734126202868674,0.07589512107129921,0.05793758362706255,0.08280321569295693,0.12705378685895216
0.11163353277434158,0.09100753807421895,0.06829207309777356,0.12110646882313252,0.13576018395263598,0.13572391991311714,0.09439923073644928,0.11785845076472175,0.12421860186360921
0.14222219921630505,0.045809381739597664,0.09967678486202004,0.1273607963615541,0.06802927552094663,0.13342251185079723,0.10820965232355877,0.1333894874075436,0.14187991071767703
0.11147958741469079,0.08640510916731746,0.11472459417943133,0.05113559709090237,0.14484140677162607,0.12081723429196367,0.05973205488302143,0.12038323657750212,0.19048117962354474
0.13161721375388694,0.08841877151953755,0.07738200830975958,0.12047642796502545,0.08958278428606108,0.12565662977279543,0.10487867162053112,0.12412271016542291,0.13786478260697999
0.13161721375388694,0.08841877151953755,0.07738200830975958,0.12047642796502545,0.08958278428606108,0.12565662977279543,0.10487867162053112,0.12412271016542291,0.13786478260697999
0.14064457602747132,0.10599714629573108,0.07139456753884467,0.11926974806813023,0.0859520524012306,0.13523183217649012,0.0977986836387414,0.11695122408868447,0.12676016976467605
0.12662568695662874,0.08739862911254409,0.0773908697805793,0.12567250113260214,0.11083406623773277,0.11971020615127485,0.1012626646290458,0.11993557706919773,0.13116979893039452
0.13745419645983734,0.1370184620170856,0.09076406562127219,0.07722258000457884,0.12182805452961455,0.11451487285703293,0.08612107901223182,0.11768736276628418,0.11738932673206255
0.11852270391675347,0.1344692140840191,0.09744428817641253,0.0952106636573757,0.07418329071458878,0.11516504138400957,0.09666042782151953,0.11640999674223157,0.1519343735030898
0.1289258422049275,0.09989667942950958,0.09269577478450125,0.09479557664627913,0.09940861028055757,0.12694296164737043,0.11597869947277117,0.11935456428026119,0.12200129125382213
0.11680931917172559,0.047097055171759,0.04658761469028707,0.161547826394717,0.0616280428728204,0.09543567561747342,0.2968336770315872,0.09700325474843519,0.07705753430119516
0.10894013405069604,0.055709616928066134,0.08176819972510982,0.13335623534630447,0.12229820176474265,0.12603147594844472,0.12195978293689332,0.1408316898440121,0.10910466345573082
0.11688314493648853,0.08366748022138344,0.11110372379389362,0.12990056219169868,0.10111835090278683,0.11475674885353886,0.08328094648349936,0.12551279347615704,0.13377624914055372
0.13136882873294223,0.113118937847019,0.08115509480404916,0.10321910545857856,0.09885078345085063,0.13318320065962663,0.11286551752940498,0.11286152632488378,0.113377005192645
0.0753603093882963,0.11685136352877569,0.11162677242756903,0.11595883026986342,0.0740502502064217,0.10907779303891567,0.1128129269191855,0.1295591542277067,0.15470259999326605
0.13161721375388694,0.08841877151953755,0.07738200830975958,0.12047642796502545,0.08958278428606108,0.12565662977279543,0.10487867162053112,0.12412271016542291,0.13786478260697999
0.1280783327277835,0.09302283280276728,0.07678092392557942,0.11899837084993414,0.08440833516765646,0.1257634969556435,0.09087076622935751,0.12574236573053724,0.1563345756107409
0.10073000689366716,0.142076281348168,0.11819585801633353,0.10547708491888881,0.06497461387762761,0.10257412285881334,0.10287321388230947,0.10963698393475578,0.15346183426943638
0.11384410431503555,0.14104083506780077,0.08647492773138486,0.07025863973428224,0.1870202028463229,0.09437229675755741,0.09543456754345601,0.11034509682543409,0.10120932917872628
0.14449064995287156,0.0783412624363143,0.07354808028336737,0.1155991082976548,0.10218999192638377,0.13474844284785278,0.07358679731483371,0.12578995563488457,0.1517057113058371
0.13161721375388694,0.08841877151953755,0.07738200830975958,0.12047642796502545,0.08958278428606108,0.12565662977279543,0.10487867162053112,0.12412271016542291,0.13786478260697999
0.11519955962467744,0.06926260213915802,0.08099579699740368,0.11562628087452483,0.1929319972979681,0.10975033707425741,0.06467202791336432,0.12380543731996681,0.12775596075867926
0.07577384649048541,0.10578902933625094,0.08911499353299401,0.10850455163868221,0.10397408104656325,0.09877985215975425,0.15605877415847688,0.10794419726087152,0.15406067437592152
0.12723464158946682,0.1289269474708811,0.1420564678783659,0.07796731245820508,0.04850084963465246,0.1297977354763722,0.11392296221509705,0.1201483407970416,0.11144474247991777
0.11414608715716144,0.13067575043524132,0.06645927924932056,0.11181986547082184,0.09365579461850339,0.1012057742920545,0.17674190124340097,0.09600859601164506,0.10928695152185088
0.13727465210341883,0.0759242288753671,0.0868592516210887,0.1192499656739507,0.07808544225529204,0.1273549415122538,0.1061525817489672,0.1278651949046048,0.14123374130505686
0.10470638984418452,0.17424262484574984,0.15287865477861493,0.06285052452395491,0.10335655162636546,0.09123940853603874,0.05439733612326947,0.10503228467640752,0.15129622504541465
0.142862646221007,0.09294444458852162,0.06841849392800257,0.12814927562404668,0.08739720225566144,0.12164994720486681,0.11395865600578776,0.1155679577927224,0.12905137637938371
0.13161721375388694,0.08841877151953755,0.07738200830975958,0.12047642796502545,0.08958278428606108,0.12565662977279543,0.10487867162053112,0.12412271016542291,0.13786478260697999
0.11534028770351885,0.1183619762520048,0.07836710814135639,0.0940492333738168,0.09649320053671324,0.1327532909682804,0.1013225694995294,0.11484598813668641,0.1484663453880936
0.1239011513104128,0.12295286233814144,0.1450815547523915,0.10689405770758104,0.1485966722038143,0.11410509698878318,0.05198341106776252,0.10677103297248423,0.07971416065862902
0.09037705366261002,0.09364107229323841,0.09363601135151828,0.10292327678695845,0.11208243173316823,0.12871136432543626,0.14764037288936147,0.12439272144272968,0.10659569551497915
0.11180324039225031,0.08601468021361451,0.07646346660260532,0.12801316786270986,0.11948004297020363,0.13041867265468543,0.0843892144727094,0.1409865852486184,0.12243092958260315
0.12754461614800183,0.11526767748162363,0.0866855954903875,0.120668754261655,0.06449583468722613,0.10419671863343817,0.13795308570302964,0.1180535894678769,0.12513412812676125
0.12417456451150921,0.06355086246593135,0.07496914080535828,0.1360438277461633,0.12124553375628759,0.1190137533632632,0.11498248747702418,0.1251910337948301,0.1208287960796327
0.13161721375388694,0.08841877151953755,0.07738200830975958,0.12047642796502545,0.08958278428606108,0.12565662977279543,0.10487867162053112,0.12412271016542291,0.13786478260697999
0.12452697865943536,0.08931016523800771,0.08977371600949957,0.12975706470739704,0.09466348409895037,0.14010054658993296,0.0856725528711589,0.12751206005109195,0.11868343177452605
0.1391786863445876,0.061794601177876766,0.14582463806308452,0.12168477370836729,0.06809997214743709,0.12496259216472727,0.09030165737865055,0.1287384326416322,0.1194146463736367
0.13161721375388694,0.08841877151953755,0.07738200830975958,0.12047642796502545,0.08958278428606108,0.12565662977279543,0.10487867162053112,0.12412271016542291,0.13786478260697999
0.08756963301505656,0.06111520040581616,0.05706179528595933,0.15594358753698487,0.10796361201290659,0.10993727563533366,0.19752710853978453,0.12327232109668491,0.09960946647147335
0.08143453380364446,0.12004750667898749,0.11076434994669325,0.1032588315255989,0.061107826545931145,0.08962425117607604,0.18580002891642788,0.11269920309550228,0.13526346831113858
0.10964181122315055,0.08916749262912765,0.07831265885205317,0.12733991886559823,0.0912996466130327,0.12395009670819429,0.11848778060493907,0.13622446772609184,0.12557612677781255
0.12649997708255498,0.09265235442025503,0.11084151294279264,0.0681335110913907,0.06473243016208015,0.13388638667794595,0.09308910002991722,0.13572127621371569,0.1744434513793476
0.10769722657132942,0.11554732481650325,0.108933652553237,0.08955212702669975,0.14011811009523292,0.11720969686315137,0.09051526903663747,0.13004850351603767,0.10037808952117128
0.13161721375388694,0.08841877151953755,0.07738200830975958,0.12047642796502545,0.08958278428606108,0.12565662977279543,0.10487867162053112,0.12412271016542291,0.13786478260697999
0.13645674223379314,0.09713064180820206,0.0808733882028242,0.09762181666393172,0.08573910124485239,0.12814108164090415,0.10515415773150905,0.12735594713759382,0.14152712333638953
