0.29031784745455114,0.10751507106298676,0.1204151234134933,0.08050542326249915,0.06249598379789048,0.05766692338999335,0.11765884808943057,0.09809556037906468,0.06532921915009061
0.08556353524469817,0.10953144829261512,0.1133051064152334,0.08878033634604343,0.15951582285464375,0.07833288538118265,0.09456671032282417,0.16986361927202456,0.1005405358707347
0.09336141281128195,0.11634918696678066,0.12804213412121837,0.1048336898224002,0.06376979530919767,0.1355275666268121,0.11812255129055654,0.17277835517315177,0.0672153078786007
0.10971691736414034,0.10749055961162284,0.11508544456672487,0.11796965843254432,0.0695591792471117,0.0983842510422109,0.09146010357502465,0.2109345029801559,0.07939938318046462
0.07180452914771308,0.09013034258467341,0.10084120704296963,0.07879508989866015,0.16053157483145364,0.06714312655467801,0.10364228234990024,0.2419230743743556,0.08518877321559619
0.23609166387575173,0.10697700401069661,0.11874528357854086,0.08756662362648449,0.06016206781693819,0.06202404267080863,0.11242803904677258,0.12113471809822189,0.09487055727578501
0.09940098140266114,0.10434278008726339,0.10900771387648654,0.10243392449678312,0.20115936275572208,0.0799741060254557,0.1381442580228245,0.05116892375151202,0.11436794958129148
0.15744442124456937,0.14542967021834988,0.10741374757506639,0.13404369049822537,0.06018152094901228,0.13259751840564987,0.12922186920017253,0.05186388478986892,0.08180367711908532
0.2099055561871127,0.1165239287477375,0.11758334496079377,0.08014241651159441,0.06637997004150782,0.06936285613662962,0.1082240585350619,0.13162261035502854,0.10025525852453375
0.07051382369333586,0.10620368794036206,0.112683130686706,0.09708313822639965,0.04353910268445873,0.10238468135590202,0.09500410722191581,0.24514288117779762,0.12744544701312222
0.0999603233119013,0.11514697448688628,0.12455361722853558,0.14646610214309383,0.07653281585598354,0.09321708626971516,0.1175181043496853,0.1045091908756592,0.12209578547853976
0.11044744072851975,0.10402221271093164,0.10926620870227337,0.10268244788068086,0.053586029890429175,0.06574068250317289,0.09666923817303415,0.25946564537066014,0.09812009404029813
0.09542459410925246,0.15405918379375874,0.12185252091869377,0.09992232317065246,0.05363092304366496,0.08760985334319182,0.16865612028409535,0.12804771239733684,0.09079676893935351
0.19073523249161806,0.13476548662198387,0.11571852976530873,0.06930509072925232,0.06631844796058685,0.07548758967612183,0.11752098143236382,0.1296955785633228,0.10045306275944166
0.15805703200604015,0.11702368502528622,0.13207198643583778,0.10372509820877694,0.05901842931139287,0.10711439000930079,0.12919203064847562,0.1298773336406897,0.06392001471419992
0.06271072783838022,0.11803586363368018,0.14340299877422102,0.1423281831112743,0.06543394963970446,0.13347098258769555,0.17028520054763638,0.12010721456631464,0.04422487930109323
0.09506473812807235,0.1127077092799424,0.12409136124770441,0.10575737609005043,0.06303871655443863,0.08650751162594729,0.11932349858430857,0.1938255239214602,0.09968356456807574
0.10503276478284396,0.09553558114455017,0.10141991924597944,0.0772754697875852,0.05220336814022641,0.0730291842598102,0.0934683174671776,0.3106442167886101,0.09139117838321688
0.09208769404515477,0.10776125610848009,0.12834828067300494,0.10346645905149178,0.06932518860233745,0.1348559917263292,0.1169144607762152,0.16944109831178011,0.07779957070520656
0.12320494007504157,0.11289494984285735,0.12748656725511756,0.11756432586734827,0.06848089983432686,0.09250108106574222,0.12384041649771245,0.14577004497227242,0.08825677458958137
0.09436434898805691,0.11189763947156557,0.12533453501027444,0.10463910275947441,0.06752522620392017,0.08562799238567691,0.11753677079767866,0.19431606775240537,0.09875831663094754
0.0905041390339314,0.11540361227286851,0.12485347001454546,0.10349542314271065,0.0688750865111668,0.09506724737119793,0.13706434275341725,0.13969487648283932,0.12504180241732266
0.07406750747384334,0.0936661551167135,0.10481829816485562,0.1043760106171181,0.09914318839322127,0.08552894157253998,0.12992232521687822,0.23398905804797857,0.07448851539685143
0.1392246878753839,0.12605096403571647,0.127344378451323,0.10576489667958218,0.08709540314784288,0.08884695305419972,0.11268354664603959,0.10293717336343344,0.1100519967464788
0.11115548575757728,0.0954236377249168,0.11235504713729531,0.09382193254697269,0.0750113299599482,0.08613776033953392,0.1458737972390947,0.175831049902149,0.10438995939251212
0.24904989847029588,0.10276789015611047,0.1122430102135867,0.07125904476927118,0.059338744288199796,0.06320981442478973,0.10029288923719966,0.11074807654657909,0.13109063189396752
0.17458929235321788,0.18021363093691745,0.10852722711358515,0.08118951891979297,0.03614931905750166,0.14640398093030743,0.19031845024652913,0.053516826650566895,0.029091753791581482
0.09436434898805691,0.11189763947156557,0.12533453501027444,0.10463910275947441,0.06752522620392017,0.08562799238567691,0.11753677079767866,0.19431606775240537,0.09875831663094754
0.12124407234768414,0.11186817718467368,0.11530865304980607,0.07868140945348033,0.06243598244979964,0.14606080394102028,0.11836694493389265,0.09471314543383706,0.15132081120580618
0.13705851316015893,0.13049176960293712,0.14492776081987616,0.09299366982078565,0.06577539692297563,0.11068150175487734,0.1633014032480896,0.08931858837724382,0.06545139629305571
0.08235010113253076,0.11605126860747943,0.13443694946035378,0.09046926392050732,0.08339293498029748,0.08447324267201571,0.14300326798815163,0.18446647914748873,0.08135649209117501
0.12623892741534662,0.15074983479490447,0.13345402266091386,0.12006593267603495,0.07680589645789422,0.099308367885799,0.10656617269427916,0.12645487929720223,0.06035596611762545
0.05790506632902146,0.10810845283055692,0.12180305530759654,0.24101172680108415,0.11924921378413626,0.12097693539660985,0.11820098456941297,0.07636172370050315,0.03638284128107864
0.14701161095049167,0.11593206260800985,0.12648800412030473,0.11303456441793447,0.0676008759914403,0.09726662809690985,0.12975361026424512,0.1201080216358973,0.08280462191476659
0.0915747887095293,0.1187760829241656,0.13220366033958117,0.12620271913597125,0.07253259722559495,0.07750100719689339,0.10655379450134765,0.15799323572244384,0.11666211424447281
0.09198258236665917,0.11225974300363728,0.12213565199944769,0.09993983493267382,0.06274995860495629,0.0838004477173072,0.11793380835619892,0.22654104304580436,0.0826569299733154
0.08223539485821955,0.10995971867911991,0.12668304026842367,0.15706207465559227,0.06508020222694642,0.08538945163432736,0.11132321023551472,0.15653403493799545,0.10573287250386072
0.18391273434758562,0.1468348376140142,0.1128164274946462,0.06822915824899789,0.06074536961102935,0.07392341206605328,0.11245882384704313,0.12291259050901392,0.11816664626161655
0.12171592838996918,0.0957591436309148,0.11132228995035111,0.10669746676198777,0.05520530791614564,0.06879629232445676,0.09478912527124898,0.24783844214594627,0.09787600360897948
0.09764573694110938,0.10633218747057242,0.12431157120722931,0.10599330905497455,0.10732713334263165,0.08284905343877809,0.13084674453855827,0.1378624390396167,0.10683182496652964
0.09789295736905544,0.12015761468339037,0.123409515763372,0.14623308498256707,0.08710369658423332,0.0916752778563223,0.11483890332376846,0.09864570174142455,0.12004324769586651
0.09436434898805691,0.11189763947156557,0.12533453501027444,0.10463910275947441,0.06752522620392017,0.08562799238567691,0.11753677079767866,0.19431606775240537,0.09875831663094754
0.15256253980923387,0.10609543716986865,0.12646624435503726,0.0910869814512788,0.07102295784954683,0.08215402279047523,0.11768197693582416,0.1324824845449328,0.12044735509380239
0.11830899509341135,0.1114728452859159,0.12122187140644214,0.11154604926663136,0.06319749959081457,0.1472147861017539,0.12416053715330087,0.12105221156621142,0.08182520453551853
0.13736221123578748,0.08845190838073824,0.11386006594975295,0.10975057835829609,0.06791147378364264,0.10484233239453654,0.13396449546193992,0.10498309946317678,0.13887383497212938
0.09436434898805691,0.11189763947156557,0.12533453501027444,0.10463910275947441,0.06752522620392017,0.08562799238567691,0.11753677079767866,0.19431606775240537,0.09875831663094754
0.1250729950762425,0.13078525234808844,0.13255860763711028,0.10913195991765819,0.07170068343937618,0.14898266472412278,0.17885508715822054,0.0734992887718771,0.02941346092730403
0.13617380888570454,0.14272677268689016,0.11353565432716596,0.06402681677328065,0.07215176876852379,0.08967218874660375,0.11782223943885377,0.07140002800083974,0.19249072237213763
0.09441132101405643,0.11193499704120193,0.12393037141276682,0.10514999908763457,0.06805920757925302,0.08604043730861205,0.12038650694237885,0.1909385759689726,0.09914858364512363
0.09934191261925236,0.10706868628253059,0.10740702201397694,0.08975848991711806,0.14366622103818522,0.08330551343901987,0.10406232993731136,0.12184149800264736,0.1435483267499583
0.08615811815581183,0.10495689683311825,0.11304180378082156,0.12063035036561202,0.05553248831845511,0.08588048869874616,0.07520910491835733,0.25619497614911835,0.10239577277995943
0.10352135902252703,0.1142300189754631,0.11579783957437069,0.13398043234736523,0.07876578211943457,0.19084743564751558,0.1876138710528503,0.05154311482806345,0.02370014643241006
0.10873056006350472,0.11542737648888428,0.12390210389746888,0.1001204713739597,0.06759654633521582,0.08629924215270819,0.11960398024860487,0.178676688931353,0.0996430305083006
0.0878128112522384,0.09715870574619821,0.110878054225097,0.09742648819122535,0.07326848257232939,0.08699590590301602,0.10351228897650933,0.24510249564009537,0.09784476749329096
0.10338639089940428,0.09509572628606526,0.11238545878266913,0.07991734001213253,0.0850913022959444,0.1132528429398505,0.1262458794246478,0.24102183138839553,0.043603227970890536
0.1313561242644927,0.11853218186543829,0.12850948387873964,0.10758339564604347,0.06175818677500281,0.092509648200369,0.13316286597412128,0.16056478647296027,0.06602332692283248
0.146841488803349,0.15700280521133103,0.12004084358800508,0.07850709436864334,0.05220867168811652,0.0990879656574931,0.14070231281328013,0.09267450328650806,0.11293431458327373
0.06298112053692692,0.06904622514767768,0.0730926982444336,0.05934388449125466,0.33429266676824304,0.0547559446738198,0.11647627809196219,0.14392494884380894,0.08608623320187325
0.10017878692391856,0.1000384615812564,0.10301153415320023,0.13051394995957488,0.12099223374711082,0.05517428580194003,0.10093317742138024,0.18680835325964526,0.1023492171519736
0.071024094455468,0.13224194706817546,0.13313607357818127,0.1382633233093299,0.05722500641355082,0.0909642503259142,0.15288211535027116,0.14391347985181333,0.08034970964729583
0.09436434898805691,0.11189763947156557,0.12533453501027444,0.10463910275947441,0.06752522620392017,0.08562799238567691,0.11753677079767866,0.19431606775240537,0.09875831663094754
0.13705851316015893,0.13049176960293712,0.14492776081987616,0.09299366982078565,0.06577539692297563,0.11068150175487734,0.1633014032480896,0.08931858837724382,0.06545139629305571
0.10303057606848766,0.09800615079371794,0.12599937881755696,0.10707612660750566,0.08540476825431424,0.08333440715072793,0.14750980597780708,0.13716198623387496,0.11247680009600747
0.09840806886268323,0.1190073233279983,0.12222111610726931,0.103872293436986,0.16302985393531488,0.08991183903784905,0.11126325420368638,0.08404323811403758,0.10824301297417528
0.09907278835815646,0.10418732493192527,0.1324619716935931,0.10247632672207407,0.07017496586579876,0.12685565549548924,0.12314011802833913,0.17308240699513208,0.06854844190949184
0.13015429054106756,0.11526071575353515,0.12915910075987583,0.0943323784933493,0.06573213149537693,0.0756478987190668,0.11911649319950286,0.18078393205157406,0.08981305898665143
0.07304336382987546,0.1295576547585939,0.10643239086347833,0.08084694840760491,0.046307933494532875,0.16276133607352103,0.15210971403027243,0.08197769686551303,0.16696296167660807
0.10251102009879776,0.08983571291219505,0.11386333463139509,0.10558772650325714,0.07941141445411176,0.06774499638655158,0.13246850795048387,0.1291089619157361,0.1794683251474717
0.08796698812869785,0.1303390400038961,0.1288345302055085,0.09793209758254053,0.10841838410601312,0.10419380944522265,0.10858098344747348,0.15022392431126944,0.0835102427693783
0.10159529000695555,0.10185244836369807,0.1120479281624059,0.16267216615846836,0.0665137306361426,0.08883351695845897,0.10822371215422076,0.1848122110676744,0.07344899649197544
0.09436434898805691,0.11189763947156557,0.12533453501027444,0.10463910275947441,0.06752522620392017,0.08562799238567691,0.11753677079767866,0.19431606775240537,0.09875831663094754
0.09836645147853189,0.10222813809925085,0.1273051883675139,0.10400559678047798,0.1106227195621467,0.08166424455724804,0.13588818334307162,0.13409414799034663,0.10582532982141242
0.07136238684299329,0.09185801432497546,0.09900384133029123,0.07651171075958463,0.1844116765103945,0.06723131655385986,0.09985462309752981,0.2228315530613416,0.08693487751902956
0.07137100200815263,0.09015212441588223,0.0990022760097925,0.0769819286628796,0.19170478390014237,0.06655162861782958,0.09761962741610684,0.220631129829462,0.08598549913975219
0.1061160843710504,0.1026013641838099,0.11490078526575091,0.18853153642990228,0.071105604263703,0.06465916562009547,0.10053993297315651,0.19648199096196572,0.05506353593056588
0.10163014085399254,0.12600262149080627,0.10788048455708076,0.08737166127684093,0.062282264439338826,0.0835275309500181,0.16775782704241404,0.0675006413830838,0.1960468280064248
0.09436434898805691,0.11189763947156557,0.12533453501027444,0.10463910275947441,0.06752522620392017,0.08562799238567691,0.11753677079767866,0.19431606775240537,0.09875831663094754
0.17346241598198486,0.07706417438054279,0.10118380547917889,0.06903721482176912,0.09140058537718931,0.08319590166731204,0.10804374867268911,0.18822824189204615,0.10838391172728777
0.27079016036747894,0.16469430044951483,0.10188724797882338,0.07854833520925177,0.07779857154236398,0.06187247017508981,0.10851869417304782,0.07103595027420632,0.0648542698302232
0.18509272299885707,0.14271853345163385,0.11379501327688218,0.10233705236516251,0.06233409342888605,0.13674887056347837,0.1475005920284828,0.06997431359421914,0.0394988082923979
0.08695166848535502,0.13140145166284833,0.1398885843685059,0.20843770739056,0.05630812536493688,0.07365381452368792,0.10427482943541581,0.10024982866359661,0.09883399010509351
0.068423524355136,0.13326571482069874,0.13004151335569406,0.12836201815807943,0.061810343283849406,0.09864014269775973,0.16309519352839463,0.10653755030040246,0.10982399949998561
0.13386312960124458,0.1005082763750802,0.10552981789347299,0.0832697771957883,0.04936958458930255,0.0709456362112663,0.10002145372878578,0.2641741061528396,0.09231821825221974
0.1559406721585301,0.10225926208608993,0.1305288185393037,0.15158753472047948,0.09604009088456217,0.08805053965926253,0.12774095124265242,0.06511178116251166,0.08274034954660806
0.09436434898805691,0.11189763947156557,0.12533453501027444,0.10463910275947441,0.06752522620392017,0.08562799238567691,0.11753677079767866,0.19431606775240537,0.09875831663094754
0.09436434898805691,0.11189763947156557,0.12533453501027444,0.10463910275947441,0.06752522620392017,0.08562799238567691,0.11753677079767866,0.19431606775240537,0.09875831663094754
0.08717893182113438,0.10682441364586116,0.1029274401575267,0.08610188661549989,0.3163453583084564,0.07728069229370015,0.084933606584858,0.03748310559939599,0.10092456497356737
0.12853035004736366,0.11432118539166329,0.12316631634853749,0.12855289876212847,0.06276872376448747,0.07301992591785063,0.12572526984727692,0.1608303786608353,0.08308495125985672
0.15518296053603506,0.12492531708240105,0.10687135312404228,0.083898900420232,0.05453535761993677,0.07217944126757563,0.10669857444871089,0.17702729173212384,0.11868080376894256
0.07129832921594285,0.11373709900811042,0.13529480784828427,0.07790247159185303,0.09075568911834903,0.10752488209425792,0.14959754743620257,0.11681354409628353,0.13707562959071642
0.10206736154426738,0.10652960841508079,0.11337737353054861,0.14111667542630613,0.05006329450409194,0.18982995517154722,0.18087608325597315,0.08666041842215322,0.029479229730031597
0.16070316619583172,0.1611238085475605,0.11903799165231817,0.10780690589827996,0.046967838575566474,0.0715619032163162,0.14642511740270972,0.11186423012321427,0.07450903838820289
0.1048096329711915,0.1160370198357913,0.12340675076279799,0.11914771494678421,0.06316498499551122,0.09240828068739865,0.11652792676753497,0.1832790312514937,0.08121865778149652
0.08232131816531844,0.0767562158599595,0.0947203010131759,0.07727305595477173,0.2572596630195962,0.06905999633104176,0.15665374245882321,0.0903654698914216,0.09559023730589163
0.07938257914665459,0.09972904117876402,0.11108732265902144,0.159127013250368,0.06563536648569901,0.09374607155171316,0.11896955898849032,0.1309514279824506,0.14137161875683887
0.10823469034440052,0.1224292158077782,0.128046284660935,0.09670703190409953,0.06710848003495067,0.09685931720683211,0.13168350926869363,0.11543460539435207,0.13349686537795827
0.0774970169132885,0.12552057384777943,0.12672405784769966,0.09727265140842085,0.0692972959785015,0.10328591213389594,0.1270039016560129,0.11954210597103766,0.15385648424336348
0.08962087655035307,0.11351036022678829,0.1139617857206167,0.11787460167903441,0.07838116169354888,0.0788440209378198,0.15337545877056438,0.1880118729134599,0.06641986150781458
0.0635228136010801,0.11034556004667766,0.11849735211252677,0.1447996664510691,0.06129571982552783,0.2092721294233564,0.17553434192393338,0.07809325997752663,0.0386391566383021
0.07709512385173665,0.0999831651281781,0.10928302318287693,0.09394577241947465,0.04944431039747347,0.08416261558467864,0.0985154679801196,0.23719031607438046,0.15038020538108152
0.09931574090759422,0.11662879533003397,0.1299219454034167,0.12723347465553425,0.07845916604006899,0.1314020433451665,0.10237537881436963,0.12055012398709915,0.09411333151671664
0.0862690702868556,0.11309560352925002,0.13507960681265316,0.136115499379555,0.09288543966064218,0.08147039100702748,0.1423751990304626,0.16036807047915627,0.05234111981439773
0.06302037951837582,0.10874764951076281,0.11250254545363587,0.10261545733941062,0.047792649615526116,0.10685918609452054,0.0929455398857094,0.24622486086926662,0.11929173171279217
0.17633149530646805,0.18363118492341102,0.09923523969466926,0.09148865824947709,0.042645540753648244,0.13291708891923532,0.16328428127799055,0.04703351131441951,0.06343299956068099
0.089574213106645,0.10837337716133111,0.12083608875250477,0.10150139603264141,0.05775311989688087,0.11818770057134716,0.11353440574345088,0.19578377918110476,0.09445591955409398
0.12173387764076042,0.12715065313217674,0.12082788592897926,0.12495361039562243,0.06334496588445708,0.06729628473857861,0.13436712764010492,0.1738365729760288,0.06648902166329168
0.07411179993708109,0.12044050391328025,0.10643229702532919,0.14940734058898433,0.04758204457586149,0.0728419896698282,0.1258244084046595,0.17698325999741912,0.12637635588755683
0.10508843072236561,0.09030762100598526,0.10631996700419567,0.08260488094113055,0.25734740394397576,0.07567704039600175,0.11473431782733408,0.033119265680742783,0.1348010724782686
0.11030625298115306,0.12799573620200652,0.12462289957411726,0.11245012122999316,0.06229623334123316,0.11211929521621138,0.0934862839522681,0.14898070744091382,0.10774247006210358
0.08293257252167728,0.09005363341827022,0.11361373976497036,0.08918952566665134,0.08033139334596236,0.07823607594369202,0.12244880978733545,0.25066696716544906,0.09252728238599196
0.11785076547113915,0.16098051759243778,0.11364777395375118,0.12002577320108843,0.07061539175651275,0.1056640203242014,0.14868224507963326,0.05718752400223378,0.10534598861900224
0.09436434898805691,0.11189763947156557,0.12533453501027444,0.10463910275947441,0.06752522620392017,0.08562799238567691,0.11753677079767866,0.19431606775240537,0.09875831663094754
0.1502202504212905,0.13341128210571015,0.1267027471815452,0.08972529531165975,0.06165886033512714,0.07664446718556844,0.13785944041690748,0.15470548271761528,0.06907217432457599
0.11804798751213057,0.13146029922915572,0.10757696339601924,0.09905862742465588,0.04739533109045182,0.06942084261021225,0.10174343433996491,0.16138174293121774,0.16391477146619182
0.09436434898805691,0.11189763947156557,0.12533453501027444,0.10463910275947441,0.06752522620392017,0.08562799238567691,0.11753677079767866,0.19431606775240537,0.09875831663094754
0.07991631592518733,0.12368690107486757,0.13384115852664832,0.11135837997305091,0.06666643771654952,0.160709185306241,0.13344563833210119,0.14409151906544737,0.04628446407990669
0.07411179993708109,0.12044050391328025,0.10643229702532919,0.14940734058898433,0.04758204457586149,0.0728419896698282,0.1258244084046595,0.17698325999741912,0.12637635588755683
0.10936417693918737,0.16257910028413788,0.12328470187086508,0.11754531092851728,0.04173175403130081,0.1279411230853734,0.18389073279588317,0.07413758031129168,0.059525519753443314
0.14288304211849037,0.11220487084607284,0.12951627857163872,0.10404759478486436,0.06547069095946488,0.1465712614240973,0.12841528170821956,0.10262415987767902,0.068266819709473
0.09436434898805691,0.11189763947156557,0.12533453501027444,0.10463910275947441,0.06752522620392017,0.08562799238567691,0.11753677079767866,0.19431606775240537,0.09875831663094754
0.10575065753826556,0.12579012223283512,0.13745118040837692,0.11103918850236967,0.07443830715785381,0.1504582766655932,0.11346593899730727,0.10439438776849186,0.0772119407289066
0.09894194048263905,0.10625169554618626,0.12562868471478297,0.10524004300574526,0.09340563728947952,0.08650647581185589,0.14470885267369402,0.13132621692060195,0.10799045355501502
0.09436434898805691,0.11189763947156557,0.12533453501027444,0.10463910275947441,0.06752522620392017,0.08562799238567691,0.11753677079767866,0.19431606775240537,0.09875831663094754
0.09320414735915472,0.10510167156556609,0.1337185267253649,0.10214655456269472,0.07084061802432924,0.09277587193579896,0.12369869975129055,0.20236877806491435,0.07614513201088641
0.13173418114874794,0.10340757457127103,0.11597019483540562,0.10557177795605698,0.05199464440425767,0.251370735309084,0.14991565765395784,0.04274203412531972,0.047293199995899295
0.08897703330120232,0.12712064698996434,0.10237415241312049,0.1407603981578481,0.03709580092821196,0.1059831970566732,0.15887868689634313,0.15481008910524383,0.08399999515139263
0.11302788554748937,0.100879624379777,0.12155551687009165,0.09629056501394045,0.06928137584262063,0.07059510586953661,0.13826899085191927,0.1710569996219584,0.1190439360026666
0.11415820325927357,0.12971310984092776,0.1380500154830145,0.10376045812108281,0.07077030308903731,0.10171422304594636,0.10416128145842707,0.15405800888546087,0.08361439681682974
0.09436434898805691,0.11189763947156557,0.12533453501027444,0.10463910275947441,0.06752522620392017,0.08562799238567691,0.11753677079767866,0.19431606775240537,0.09875831663094754
0.08804255037746689,0.13610847368539591,0.13923326724296833,0.09890461483664836,0.07125841405345305,0.11235401488077638,0.11080954719141121,0.16377146198723602,0.07951765574464374
0.09436434898805691,0.11189763947156557,0.12533453501027444,0.10463910275947441,0.06752522620392017,0.08562799238567691,0.11753677079767866,0.19431606775240537,0.09875831663094754
0.09436434898805691,0.11189763947156557,0.12533453501027444,0.10463910275947441,0.06752522620392017,0.08562799238567691,0.11753677079767866,0.19431606775240537,0.09875831663094754
0.06977615092636745,0.141116958340431,0.1494641344597681,0.13357355867576562,0.08172779593378764,0.1062245176620946,0.13927356580235337,0.12060204667870945,0.05824127152072276
0.09023321955698062,0.12746155269590942,0.13795712889119274,0.1679025964009525,0.059659589377121104,0.09763053256155656,0.09285832000699303,0.0937198768345724,0.13257718367472168
0.08208024311812047,0.15178963242177146,0.1153426443459703,0.15652595178710188,0.044716048706089216,0.15162824483235854,0.1507465094358743,0.0981798244814215,0.04899090087129226
0.07384058911412907,0.09483918120046701,0.09893461359787792,0.06879336343168911,0.2921283071476711,0.06651160395930165,0.08446444229512313,0.1313156592417037,0.08917224001203738
0.15451036060600964,0.10622297502157975,0.12752088174087337,0.09094564438537782,0.06721520931636821,0.10194612577277788,0.1406421133593136,0.11666485383569385,0.09433183596200584
