0.11951056427118927,0.07902867171705881,0.2918058263950412,0.07754761366002877,0.1186969521049535,0.12031804545663843,0.07702938901781246,0.09583004472027463,0.020232892657003013
0.17212302120953757,0.12253919087750326,0.05620805070879662,0.11004909397546399,0.1318162408834168,0.08645037823086216,0.1596736787364019,0.13159283393695478,0.029547511441062952
0.10287329843011728,0.09106049417429103,0.33393119465851767,0.10831653486458981,0.1140414554900746,0.06808455800441866,0.07165846178737727,0.08001174876105958,0.03002225382955412
0.11110377675521828,0.11359087679357183,0.09417507130796916,0.11048864045848161,0.10046283428223644,0.1912814726287793,0.12704173782404185,0.12267600531001645,0.029179584639685178
0.10482330814243844,0.11364040437204868,0.05123293872656883,0.08830667992541635,0.0890099299904995,0.3003197051971156,0.08302694514510206,0.09728086423329933,0.0723592242675111
0.11716916192963171,0.10372044142144095,0.07395295545374868,0.07629793042218397,0.11231332410654438,0.19962283585410356,0.11549670337372508,0.11773668992054805,0.08368995751807351
0.08432937569809967,0.10908664599303512,0.2613916931405796,0.09286815261736152,0.11704989901413175,0.12054671276218511,0.08850958263405655,0.08705221924759987,0.03916571889295084
0.09913650689401872,0.13867303196969358,0.09011324386830759,0.15657448214347755,0.12774509956163796,0.06031162229304906,0.12613386751596187,0.12630937006898144,0.07500277568487224
0.2757835918607318,0.09430636632675786,0.14394246135814323,0.07904204767360695,0.07008478516005125,0.1324903557489531,0.0810593054282699,0.08696514171539388,0.03632594472809205
0.08164786527246044,0.08590106025707452,0.2896936088395261,0.05049712341344718,0.05592512495607224,0.1074054324926907,0.09305654724154618,0.05039578240777028,0.18547745511941235
0.13231946047030702,0.11102484501672588,0.06976387212727446,0.10979578237342176,0.11770450292895052,0.21452181270283702,0.11359758689551254,0.08608266543147068,0.04518947205350015
0.05493374511866575,0.09793791443474438,0.22702512102825037,0.08137588774803206,0.09057118969654143,0.16522237512326535,0.12243137167375769,0.11942965775887383,0.04107273741786915
0.09319628302822724,0.12651485433703236,0.1285276483662766,0.19953669411456967,0.165974141706188,0.057979613038719964,0.08665259734596581,0.1088748816984259,0.032743286364594504
0.15243082842660594,0.11745495865559259,0.08127715100349757,0.07659744181889751,0.10353874908393096,0.06711921093339206,0.11188214887163206,0.11511768591588084,0.1745818252905705
0.1520530561651308,0.1122635719147929,0.15702797056273313,0.08037623876053313,0.11694811027992198,0.1667763981156509,0.08631898915279045,0.09215275345637615,0.03608291159207062
0.1283832396968491,0.1278310238635011,0.09758516556545722,0.11325985496625912,0.09882596429590636,0.16965257895329522,0.10887376498196571,0.11085151177139131,0.044736895905374864
0.08986225319092789,0.13904811912266607,0.09919017048900958,0.1332325617608113,0.16133661824648624,0.09166465043574991,0.13668454481437395,0.12008883242790247,0.028892249512072695
0.08954302129026898,0.13803665671379278,0.08937430785019813,0.1463892694453379,0.14172638447572272,0.05517006519288193,0.1547718091723046,0.14210815220254233,0.04288033365695074
0.12061319407341987,0.11307750548584644,0.05476139893084108,0.12656397914278925,0.11718696978491505,0.047598773611486955,0.10166457691254159,0.1240899434144559,0.19444365864370386
0.12690968719448312,0.12012949457888507,0.1554053873145749,0.07490099731164955,0.08759358334600402,0.2185711567529959,0.10856806335620899,0.05800252784114223,0.04991910230405625
0.11327999435729881,0.12751885639914662,0.07064585140088023,0.17085016479545825,0.11096890291430894,0.07674158147196176,0.12166422511982004,0.14054159830623264,0.06778882523489269
0.0852211533901543,0.11306570049229754,0.08567358558207765,0.12634103504112779,0.11602566427906287,0.05899238272190394,0.22762154017856082,0.13940904422339093,0.0476498940914242
0.1869656426353514,0.13202621663851255,0.08668199710896651,0.12769598942560548,0.13093621125643598,0.05619791175662592,0.12754648628374626,0.11542283121187628,0.036526713682879665
0.1427642745336023,0.12148078419722934,0.0680373118830776,0.11169476761819415,0.11936348404918924,0.061967785801782464,0.16273170616075575,0.15105961498198647,0.06090027077418275
0.10238274556552825,0.10471969971672113,0.1779685253810709,0.1930887853858961,0.10753665475523401,0.08777855206764117,0.10413395744116198,0.08625270478975126,0.03613837489699507
0.11922506353850522,0.10398437484388995,0.07168299313839023,0.12634079881515803,0.08974012117503212,0.055961695362979236,0.1324581241967302,0.1268038353653129,0.1738029935640022
0.17070214196296116,0.11497310649690191,0.07187294411270176,0.07559360494333722,0.09515606078923694,0.10288713789972226,0.1399563200948053,0.1079207097820537,0.12093797391827976
0.11619492690544003,0.13156882245925638,0.07094053508194237,0.17017306399370735,0.14908855109285452,0.0440112134618554,0.1466895149507629,0.13828076471629872,0.03305260733788236
0.05961149655163292,0.10237193457140137,0.19064034577231634,0.13843643633640176,0.1064796029298692,0.1661892367147427,0.11596063612080752,0.10055107863148076,0.019759232371347513
0.1378681734553439,0.1390863774169749,0.07795451105884904,0.10266830184988235,0.13792549302280446,0.039702071582292935,0.1731747396333326,0.1408539494072216,0.05076638257329825
0.1299614560631674,0.07906977016189265,0.21160880299979704,0.05952266827363206,0.0821401944662651,0.2310348171227831,0.09685062861529987,0.07154054954296711,0.03827111275419565
0.1980254977414357,0.08431007789126577,0.03255550043575587,0.08318207578724893,0.06350949031602507,0.07546879632450847,0.0554817320338802,0.12532636613721249,0.28214046333266746
0.05942225109343515,0.07402993358802624,0.3760422037540832,0.10284675885897998,0.07812082823249951,0.1455525979580135,0.05694310634421751,0.08197923964099622,0.025063080529748715
0.08577638434941955,0.10383823405573805,0.04687967953246001,0.07634384010560787,0.08549118287416364,0.040763364445699515,0.11938026484953214,0.11135007195144302,0.3301769778359362
0.14538895914574598,0.08304329347636628,0.08563789743586876,0.06426055666976567,0.06771252590088399,0.033658056229265605,0.08345105474245706,0.0776855466934515,0.35916210970619517
0.08337644977391029,0.12740462749738699,0.05945007633287978,0.13122687853280904,0.18567325883348942,0.0402162061086186,0.13085464890448392,0.1229896082004809,0.11880824581594103
0.0999120848194514,0.09367032863234419,0.0679345740776177,0.1201270161025697,0.09383807387873618,0.0735610936566979,0.06301814697754085,0.09713766494257214,0.29080101691246996
0.08739586596079298,0.13400119792813225,0.10282984406482343,0.13430977649485715,0.11494171284070247,0.08361689335365592,0.15102413428260963,0.12847547417462304,0.06340510089980307
0.08695453047069467,0.11074048921871422,0.13522498798704136,0.06780216679544161,0.1127223766263759,0.32470844177826846,0.0825046684595764,0.060111996831366914,0.019230341832520446
0.12098853068438375,0.14587255344870065,0.07759768194991984,0.15222211986188275,0.12915010109231082,0.05919161849230686,0.14139786917469532,0.12392194124123224,0.049657584054567716
0.07007990171080304,0.14513536820400394,0.11155099679664009,0.09105626571970232,0.13879346927701733,0.17713260632760242,0.11518252577342143,0.09397464631330525,0.05709421987750418
0.11483554195186796,0.1321504226437272,0.09395291164096554,0.1533199788108454,0.13466084551164767,0.05464949162668353,0.13686050253846624,0.12372827464793205,0.05584203062786441
0.09081120734115666,0.14010336648640465,0.08281680554359837,0.1555529604298635,0.13654472938595158,0.05533605060032442,0.16080775906156042,0.13792426680526718,0.040102854345873254
0.07920050392521281,0.1364781317700789,0.08244686719278872,0.1502822309096412,0.1429016840420758,0.054877865598264484,0.1640550352163378,0.1442933068092016,0.0454643745363987
0.08005636573550838,0.12878670471402806,0.07999556798678474,0.1309102146090372,0.12024791457606865,0.07626331232196948,0.19753899287447332,0.12230119240789665,0.06389973477423347
0.145988240113215,0.10431585611580117,0.2374092924265129,0.08855911959548063,0.11987913129099885,0.05051896205285226,0.11088438986049726,0.0979501633177533,0.04449484522688855
0.11657873602882197,0.13373548851871245,0.07625106788625903,0.08095170529797996,0.09795207284400824,0.10516865038121281,0.13403456148501203,0.12445143730832092,0.1308762802496726
0.11742866668823569,0.11209811149238903,0.12883972750046266,0.08781840510925343,0.12265586658384912,0.17463491129393519,0.12302861235398377,0.09289894695848784,0.040596752019403215
0.07670830493692002,0.12883198210450822,0.06924388647776053,0.18238634511750162,0.1290952616947294,0.05066854706426529,0.1502997770342667,0.1394769299474392,0.07328896562260905
0.13257682277999763,0.12464109213561296,0.04664717284300465,0.14714155402371262,0.10148231689052416,0.11071535202760223,0.12001422767209485,0.08055431308829974,0.13622714853915122
0.12236388927342952,0.12038777366409936,0.11735482146586522,0.16040222998190215,0.12758612172348627,0.03478016201813349,0.145463202556972,0.12308872113792245,0.04857307817818953
0.0857897610132996,0.13433046177636498,0.07677955215459292,0.1997374763502673,0.11924840279911454,0.04919656304094592,0.10666698641948391,0.13327718615804982,0.09497361028788094
0.09180092011721491,0.150854319358383,0.07118899522441474,0.1255358230625595,0.14686446852987314,0.07746391474372975,0.1745730561122633,0.10332443705583272,0.05839406579572882
0.11187095757270367,0.10895599599689937,0.10411816479353216,0.0907850153525302,0.12393602494260862,0.1366424711719732,0.11330904571644577,0.1221315168335279,0.08825080761977903
0.09390205333897288,0.12463955377522447,0.0887735449258789,0.14039800972276414,0.12549507981678135,0.044762258383232896,0.1224329977531457,0.14152711335947712,0.11806938892452258
0.14000289030474092,0.1386415321384007,0.06587863969451141,0.11024922843509348,0.10448801983245569,0.06788191605633098,0.14660090000342155,0.11169127116579795,0.11456560236924734
0.13342595961456805,0.13836588494783972,0.16019031569109826,0.08073256661469398,0.1255138773705682,0.042313705452432744,0.14337449440915725,0.09333080618054146,0.0827523897191003
0.0907771948766319,0.14007096398087376,0.08278806557512321,0.1555199917940924,0.13653781035611134,0.05532792546109094,0.16096929645308758,0.13794193783703226,0.04006681366595661
0.15665897312337104,0.1240434809494757,0.07021174295029596,0.12295103572556282,0.10296237164424442,0.05036477162574706,0.1592216763766652,0.12843525567662545,0.08515069192801226
0.11350116835237505,0.10677701238563143,0.05017853562154336,0.14243906184333469,0.08614087784456358,0.05354449648975499,0.09806407325913807,0.0772608287227267,0.2720939454809322
0.10450691380646605,0.13428774752918468,0.07624742818486091,0.147869460808229,0.1267237992703987,0.0550361839273521,0.19069238322675228,0.1288259396467735,0.03581014359998272
0.06826694841064294,0.12157765448426729,0.14703495490270424,0.12238313246269662,0.11506861953187453,0.10533596656074305,0.11355145517538863,0.08071759852383492,0.1260636699478478
0.056143810140160816,0.10692437407548398,0.11043142182186909,0.07535787083538349,0.12504007505114625,0.18121117773639442,0.12214730596539913,0.09543008765047085,0.12731387672369188
0.14849515531877425,0.1053351654194905,0.0874702678436512,0.10795579799350691,0.1041898148774519,0.08674603041977129,0.09278422336635246,0.1392499265575387,0.1277736182034627
0.12533052241575696,0.1470913757684694,0.08016053669198181,0.15024182954345763,0.1322369400885076,0.06248405677525714,0.13302947705911727,0.12968693586271066,0.03973832579474162
0.12773496799103964,0.11695015588899356,0.186892439385306,0.07781552909585007,0.09527758353322448,0.06682305714710211,0.1329528710416192,0.10127127084458167,0.09428212507228319
0.08066656541933492,0.13365433326214418,0.08378565223960532,0.1397520188039473,0.1318413205825185,0.04574429773857833,0.14799786934574688,0.1406872330930655,0.09587070951505901
0.051042830520933176,0.0906109901555213,0.25944583903373675,0.06589554298997705,0.1360938897881937,0.10722821685399826,0.08628690034462076,0.1086512242861175,0.09474456602690161
0.10773561634512452,0.1293412822140068,0.07328727056624207,0.09585196443432747,0.11847620389791358,0.041607013631270326,0.1634546222561688,0.1278372612119487,0.14240876544299783
0.12315305295568761,0.1294257016414423,0.08186848519251323,0.11634050666412686,0.10946132123022397,0.09978878288982877,0.10524487030553077,0.10530651360790128,0.1294107655127452
0.10481859572400272,0.14603278613719442,0.08598852713519022,0.13114029779414263,0.13730993401409936,0.06746829279615828,0.15149678392122154,0.12344860354201888,0.05229617893597193
0.2380562396235089,0.10830940233923082,0.04689478007671561,0.10278256060592018,0.08979200879143136,0.17142461215763335,0.0715907220091331,0.13021723581653313,0.04093243857989349
0.12692843715618224,0.10657150568713238,0.028211218683841747,0.09146904672347782,0.10205216089812764,0.19250651902043667,0.1810757029704079,0.13346740275642457,0.03771800610396902
0.2400807681799435,0.11221645215960581,0.09151699218304177,0.08562714189400351,0.11632086323346547,0.12976422713344726,0.10019491872124187,0.09641480144796515,0.027863835047285748
0.07745181101534661,0.08554949025521867,0.30449388154879814,0.10272187047821868,0.11935388497742484,0.0853349950612128,0.08242269500038135,0.10254540373857736,0.04012596792482156
0.07111216649280047,0.1026057813526063,0.05981863779403368,0.08377433604153589,0.10639058688743276,0.10685866053743842,0.12967065733886052,0.11817852186148729,0.22159065169380465
0.09741074327186815,0.09658215851589341,0.10920576670751603,0.05130151797211221,0.13591575297357159,0.17427031621692413,0.08502335471679458,0.07893749943773448,0.1713528901875855
0.09628124242610299,0.13318475125240228,0.07737675622853557,0.1437827574577991,0.1414296404124663,0.087754040294157,0.13254907846645875,0.14697537492694393,0.04066635853513403
0.17430852761575566,0.09977757654447543,0.09443012660500776,0.14458787324689704,0.09839645162501019,0.20487244870685775,0.0660701791634862,0.07525130253161225,0.04230551396089766
0.20558587497379902,0.11349408984485158,0.09251040706922446,0.1230675485549893,0.1343861690947512,0.056429170968770904,0.13216571920368683,0.12452928516227857,0.017831735127648112
0.08578249743265615,0.12693800630878435,0.21081197487377223,0.1000064414725873,0.12263236156042534,0.09305009801024826,0.10459204794284804,0.11079007498017486,0.045396497418503434
0.0852348425707094,0.10687693635003065,0.10532312862030795,0.10248394808548648,0.09906801537631733,0.19878165736635708,0.0882020605640713,0.12531449677418952,0.08871491429253027
0.11698272989778023,0.11059002507691358,0.056123110233578195,0.10667698019759943,0.07630110924358516,0.10515220460204548,0.09340240360747881,0.10855590886427875,0.22621552827674032
0.123073935381684,0.1474092814276001,0.08469223448651343,0.09819656835237937,0.11192210255769265,0.061551469916528344,0.14232847230561266,0.11116172171202192,0.11966421385996755
0.20598316906006756,0.11572769814462414,0.04252015376207957,0.09911166651430718,0.11808730129707623,0.10865588694980172,0.12450790118327927,0.11394210158692201,0.0714641215018422
0.08395739480514862,0.07665072557221893,0.3135765861313416,0.07673513762657314,0.08436595316101846,0.16844136986789512,0.06549587850869229,0.10373113049503803,0.027045823832073813
0.1490023026866439,0.14621493013877887,0.08503087058004966,0.10316252071837347,0.12628674579354682,0.06620035003941849,0.14245805340633222,0.14178526745103462,0.039858959185821975
0.1260952331592366,0.09585627733093148,0.08012541171707833,0.07164862565561018,0.09161030790738615,0.295075229153857,0.11060666969341955,0.11208309195443315,0.016899153428047525
0.10954836164123065,0.12369645831443081,0.08690875938774052,0.14914121121536775,0.11130507548480383,0.058930384842429746,0.1847012171451322,0.14649190282238328,0.029276629146481204
0.08675275983386604,0.12356100786737402,0.17919311607765934,0.060795994327329496,0.13185482917059613,0.19701221143931688,0.09505261203312736,0.06948812649059799,0.0562893427601328
0.1303432681049764,0.0932910119815381,0.05786296639185303,0.06148324398364157,0.10353276602804085,0.12509229478538944,0.16940045583148647,0.1250400015046523,0.13395399138842182
0.13895626314469645,0.11862808090261012,0.0984541231521775,0.09239224132383554,0.12243077344053539,0.056091874028829126,0.14376098391098832,0.13855175117726334,0.09073390891906424
0.0988834237579282,0.14283008055486843,0.07570898592146516,0.1362304352815905,0.1380260271938679,0.0591825824217763,0.1779380482325356,0.1342420155392552,0.03695840109671281
0.15644542389609944,0.12994644116370022,0.10923103686080467,0.14839840401575685,0.11251839366426662,0.041795004926248845,0.09885762324132008,0.12874633022320311,0.07406134200860014
0.27827906416608633,0.10834544074076458,0.046716516208893534,0.07109370293550561,0.09053831591707712,0.14761901582402073,0.0875493836115469,0.12177957405048634,0.0480789865456189
0.1310244170808129,0.1194126784250261,0.09482686843162835,0.08407495962952172,0.09295657075309692,0.1584914565028204,0.12045978477697832,0.08121254187115046,0.11754072252896486
0.13115438067942517,0.11938625133270288,0.1528795787421465,0.09538265419582641,0.11358674706848503,0.13333490287017266,0.10946391060571387,0.10762763054858955,0.03718394395693795
0.09288079317424765,0.09660935642220327,0.09461453120177528,0.08075642270420828,0.11407467398783659,0.12361686442284107,0.08912493559878343,0.08238727985791221,0.22593514263019218
0.10654220732693731,0.12415577218425784,0.07253619673596778,0.14836442411131798,0.11775031197862644,0.040621995487378,0.1336669511276357,0.13075331025545006,0.12560883079242893
0.10700782584462194,0.1364642225518395,0.1166087004183649,0.1116983973045778,0.12328447176536694,0.10466544546543494,0.13982468457360916,0.10785827293623941,0.052587979139945416
0.08760987257728166,0.09298702944890358,0.0679728540603813,0.08489678684075792,0.09448584933273775,0.0790210502779773,0.08219132893339486,0.07183768071059005,0.3389975478179756
0.09308190742473758,0.14341838872895538,0.09725985799792612,0.1400385179455587,0.14006314287523916,0.07799261039574416,0.12880584041667353,0.133386281859171,0.04595345235599443
0.12109197906064735,0.11204554170266211,0.06298384515751197,0.0808977472380195,0.08530217675963216,0.12687975737449939,0.18326199960306366,0.11528226628789966,0.11225468681606426
0.08760791791348765,0.1405108145105551,0.08789353076758706,0.176700247573677,0.13069725139994232,0.06125040090433539,0.12904562141905807,0.13238651266055768,0.05390770285079969
0.10314082667230813,0.12700916365621095,0.06052310389656638,0.13339490865155687,0.12071629216438984,0.05503090278628577,0.12466528810868112,0.12548336809860042,0.15003614596540046
0.0843129909754356,0.12201734106281688,0.18896369866561305,0.11840847059794146,0.13703105941533508,0.11407111535507679,0.09981130068494577,0.1038521754755623,0.03153184776727302
0.18065557422737663,0.07820194189295018,0.06349753335912013,0.06842518120542912,0.06948148325528061,0.29250714117781423,0.06896459589989067,0.08529117369658351,0.09297537528555488
0.14707000605649231,0.1382883595378058,0.07202983797578207,0.11652594083398866,0.14128154343311847,0.053719792522721466,0.11264510768666065,0.13861761190002117,0.07982180005340934
0.16021089540042113,0.12904823067763685,0.08593916464750216,0.1018135432302338,0.11123495983287868,0.06455010020837791,0.1492567123214528,0.1371594208238228,0.06078697285767388
0.06252908832130054,0.07341516091786765,0.04375353891604288,0.09682310527952126,0.07727339295881919,0.18611832391388036,0.06580300248920257,0.09958665479821253,0.29469773240515307
0.1412738676742432,0.11469174354554956,0.10638301276857287,0.09691055230142308,0.11792099823684198,0.14562468458889521,0.1309424771568796,0.10234348565394506,0.043909178073649434
0.10360834846302765,0.1091607129598387,0.19359755618793062,0.09799506256025453,0.10650136935617138,0.05351176248211117,0.1303252520378034,0.11874696246135398,0.08655297349150859
0.10214144831618693,0.14068144928938778,0.09683728079198119,0.14897850676929958,0.134135789272223,0.05951978984431507,0.14314969128434482,0.13531257211175216,0.03924347232050946
0.08168325187273155,0.11309542027697166,0.06765403867507346,0.14866222405790452,0.1062359569156976,0.035004356773796555,0.15030416305424435,0.13497831069972382,0.1623822776738565
0.09168332718331139,0.1141827681782202,0.18189557741944995,0.10125849980673134,0.12705403151128875,0.09749157285296246,0.10325345368815471,0.1341330992258879,0.04904767013399317
0.1384479610717138,0.11221324154152636,0.1216443498094934,0.07562348009651416,0.10098861104061428,0.20706468427621286,0.08596692323230153,0.08503158823915724,0.0730191606924665
0.09741140487876214,0.13215619973439696,0.07647146626812014,0.1892521224855931,0.11736031110590023,0.07019463780295183,0.1052195992571638,0.12224357307100707,0.08969068539610474
0.16353448028844994,0.09801970342442684,0.038999869151164886,0.06652443176022177,0.06399630346065814,0.0736612239837074,0.07891458781430834,0.08352457005957788,0.33282483005748476
0.08571952731208128,0.131607819578339,0.0898168840533325,0.13780770493076158,0.14048842944451048,0.04907881812910191,0.17417166184554148,0.14364509832473404,0.04766405638159774
0.09265853864418734,0.13977336847060864,0.12921568430947805,0.16426872044852028,0.12500835213159187,0.04631940947093294,0.1299463129147166,0.11472826863733925,0.05808134497262507
0.09774864384623744,0.14589792894475198,0.0889021969319961,0.16019965396151797,0.1369941577680952,0.05721364455163708,0.13125921451009134,0.1333290852108548,0.048455474274818104
0.09491401387936994,0.13176881294998108,0.07466844132513101,0.1350777342847749,0.14063057981824564,0.08677143490547046,0.17246680552662552,0.13034108756125182,0.033361089749149676
0.10750519004633162,0.14330567395382232,0.09740480950914256,0.14744448214145076,0.13130150281622674,0.061141540427279394,0.14220313415970298,0.1317413498094724,0.03795231713657119
0.13395963477668335,0.14804900269527957,0.0799715041641782,0.08871360980653875,0.12368080296438551,0.13543531144775414,0.12656122123055155,0.1020690344901371,0.06155987842449184
0.09774864384623744,0.14589792894475198,0.0889021969319961,0.16019965396151797,0.1369941577680952,0.05721364455163708,0.13125921451009134,0.1333290852108548,0.048455474274818104
0.14797236299963307,0.13438307731905783,0.08074521211076395,0.1538350142337961,0.14689459549236392,0.05557917864621703,0.13074601490054713,0.1180910985884247,0.03175344570919635
0.09995807621200475,0.13242385752779742,0.09146813937805746,0.08441636956088226,0.1195754029638696,0.08805940938608181,0.17016737670649995,0.1246090189919646,0.08932234927284217
0.09526762523285104,0.08653067358603073,0.2289261083041084,0.06169124460443958,0.09946956865874952,0.21355966518558334,0.08762390095439691,0.07537762396828278,0.05155358950555777
0.08179397999204384,0.09860864668705939,0.05731782324351148,0.0639371147783305,0.09474435014373839,0.05379210928346353,0.0910910425675499,0.09509733953151366,0.3636175937727893
0.0912093580572191,0.12856511599020073,0.061950097542229764,0.0809234530113262,0.11276697945676849,0.10192152204036524,0.14473110361140026,0.13337551588432825,0.14455685440616195
0.09774864384623744,0.14589792894475198,0.0889021969319961,0.16019965396151797,0.1369941577680952,0.05721364455163708,0.13125921451009134,0.1333290852108548,0.048455474274818104
0.07200903808172536,0.12448679438154675,0.19126020393752804,0.12685205806858466,0.11144573804093207,0.10950958323080122,0.1238524624627589,0.09624756841081156,0.044336553385311415
0.12210654978564578,0.07318183625876613,0.11247969093262493,0.054468787813867325,0.08203795334939663,0.281461484997384,0.06813200438388546,0.06853419441095862,0.1375974980674711
0.1642485285597026,0.11378317446316079,0.11424063994943041,0.07726417515879866,0.10390943849718297,0.11563472721417645,0.10543161915854153,0.1002155608138159,0.10527213618519067
0.24216836170398945,0.11785933549671335,0.04591716993088633,0.08001307915956503,0.10721768975942907,0.08134411695723402,0.15192185010133777,0.13547445026561034,0.03808394662523465
0.07034372695331846,0.07450690137610842,0.31102370055843714,0.0735926353052755,0.08936532493592614,0.20546575783044618,0.06975978868345435,0.08132671376910806,0.024615450587925632
0.1615409181544135,0.10806741254017284,0.10387199995923836,0.10651336241140635,0.08782671323096819,0.1806397213633051,0.11224834380156216,0.10916771077155296,0.030123817767380517
0.10668196472267517,0.13775054407885476,0.16655145665211452,0.10432619730077446,0.13659324413887,0.03979845049297389,0.143076300485296,0.11684378627634866,0.04837805585209252
0.10087560691584473,0.1287796106472716,0.0643674528098469,0.180302951977948,0.10560062898288225,0.05725012124780804,0.1346682372479235,0.14287300464436806,0.08528238552610697
0.08348691028337968,0.1074540832239655,0.06509715005075209,0.19075381827624419,0.10227699960388763,0.21361831790474808,0.0989520548852661,0.093377721822952,0.04498294394880467
0.10574246296683865,0.1338578211458352,0.0997674584910168,0.1096437480739992,0.12479312043515234,0.10433416271880298,0.1383884009265317,0.11436302687789827,0.06910979836392485
0.1068923964206923,0.13607555510968222,0.09821477858662443,0.12347461271699067,0.14688741596783697,0.07900221052866681,0.13508702419729185,0.1312345075711979,0.04313149890101676
0.10952757259316696,0.11509978660343133,0.14705251024877464,0.07855354059742457,0.12274641500013721,0.15527403551945626,0.0931986517174463,0.13189784145306346,0.046649646267099214
0.08613400362349283,0.10393917042108751,0.3055190837376045,0.09224168562187951,0.1173713297196916,0.078378744873226,0.08935095000276962,0.09758917015200136,0.029475861848247038
0.13395963477668335,0.14804900269527957,0.0799715041641782,0.08871360980653875,0.12368080296438551,0.13543531144775414,0.12656122123055155,0.1020690344901371,0.06155987842449184
0.24459084487913954,0.10860532485281817,0.061213799760522415,0.09178345635230595,0.09252578165301763,0.06348488259645689,0.13274916642242782,0.1111060140838321,0.09394072939947944
0.12670735076146813,0.1161165354559885,0.060011427838820595,0.08834441352001843,0.15189373475702575,0.08911172652493331,0.17946391598703867,0.1437048780285103,0.04464601712619622
0.10704699017513054,0.12892695794176223,0.1974350534269372,0.13120366955383161,0.10852775434937452,0.048756450591563444,0.1093035016811316,0.07331850019299661,0.09548112208727226
0.12607207221521727,0.1285942540610573,0.07382335372296973,0.11013204694518826,0.1305282372596129,0.0827434502266925,0.13930857922453002,0.14430136526605267,0.06449664107867928
0.1310244170808129,0.1194126784250261,0.09482686843162835,0.08407495962952172,0.09295657075309692,0.1584914565028204,0.12045978477697832,0.08121254187115046,0.11754072252896486
0.09234041990096954,0.09711573789367119,0.1950626268813809,0.13904153909534667,0.10317966314759386,0.12490867235940406,0.080715768502148,0.11135472004956441,0.05628085216992135
0.08779654237393182,0.13876911342814055,0.07750960973994306,0.14243958946472599,0.13062065557546396,0.058920302490121784,0.12910829483463718,0.1297823221095663,0.1050535699834693
0.15353546820341124,0.1176696764691103,0.1196495489249707,0.10520611932295638,0.14981787355332143,0.06091324817520569,0.12613252164057634,0.1389551870166367,0.02812035669381127
0.11863854297064408,0.12785050099849285,0.07387444419714938,0.10975389282236951,0.11866886096240742,0.11252896291637442,0.1456573019887619,0.09025505045957982,0.10277244268422066
0.12227929730167114,0.10379484627157927,0.13067132853186272,0.06310892920842008,0.08809140218627798,0.06663598785561459,0.08378003275791988,0.09378971508675667,0.24784846079989772
0.20488188100162796,0.1166352705074037,0.05070245459855762,0.14893371454881665,0.11119195379891582,0.14702830853881674,0.09295424151366728,0.09617426422155416,0.03149791127064012
0.09154412015923497,0.12641187903372123,0.0698956323767968,0.08401769551163855,0.10342906533398932,0.1317470621388616,0.21180420424163984,0.09457565611300782,0.08657468509110992
0.12530498382646016,0.1218280971422595,0.060527447798543466,0.12619463818215018,0.12235137295737301,0.06693042415819028,0.1592942708063422,0.13437009611264114,0.08319866901604006
0.13854112941663363,0.13726345165323994,0.05880057261955823,0.11208359027665961,0.1373354912111938,0.08638410928637352,0.1208796383986694,0.12358677071444303,0.08512524642322877
0.05552070683466887,0.08586198210280489,0.23175397126378186,0.1620528862019129,0.162385402881383,0.07947731356382108,0.07606019992940155,0.12228950886294704,0.024598028359278722
0.15636353907997028,0.08462563810877576,0.05457256737396123,0.0649018312914036,0.08362297607594758,0.03496394237096077,0.07815547562240023,0.1005461260017756,0.34224790407480493
0.14111558332417626,0.10074623104514695,0.07024181693206409,0.062153387336922494,0.07867016389518937,0.041638853732222494,0.09677519316011558,0.09375992062516418,0.3148988499489986
0.09013354453120463,0.13045527836558668,0.08008631168097537,0.15609764800849948,0.12535160512486324,0.059003643852849307,0.1164806778800721,0.14093247646966997,0.10145881408627927
0.11172499376747223,0.12162567912423987,0.07860561930079389,0.11433744008100206,0.10885997272085442,0.11218508500314285,0.14426210515745372,0.14705568079812223,0.06134342404691873
0.16282356188975952,0.1010609023563107,0.1954719335720859,0.0916649341658222,0.10207906717915873,0.06486435466006911,0.1391577946078715,0.11929850416574495,0.023578947403177442
0.08510189552960414,0.1274863998494675,0.05995014240033716,0.0995958316490762,0.1225994363747374,0.07814083956610034,0.1521038083442716,0.12932186564429696,0.14569978064210867
0.15708825323199502,0.08697788352522645,0.07180030612276116,0.07243920465267872,0.056641789808566635,0.13544570485050453,0.051076063151185895,0.09619647730884147,0.27233431734824004
0.17256910698785047,0.12259440826856897,0.07136819790259648,0.1252691908011863,0.10673900435977446,0.050448241636572716,0.1419897451330058,0.1278958426812775,0.08112626222916729
0.11538886748569079,0.12464971736396442,0.08172206231970101,0.10255633349450431,0.11234870580323619,0.04421045087971339,0.14002999304545447,0.12526755427524086,0.1538263153324945
0.2117048637904221,0.10404445282381519,0.10111896478764183,0.09698496754204455,0.10713427749530534,0.04703721831601393,0.16369200425173056,0.12103288209122894,0.04725036890179752
0.08966178826020726,0.10197099611855125,0.06114235239721002,0.1094071246861994,0.08967112785787658,0.04309733557566817,0.07651629693673735,0.10474407704517047,0.3237889011223794
0.1445833341460838,0.12969077977675456,0.1266642298480747,0.10070689214199045,0.10892206020036983,0.059328867762552834,0.11621527861816787,0.11566122608824765,0.09822733141775829
0.15629905998185664,0.08687474745158963,0.03727134013753978,0.09939853541784864,0.0637035252366304,0.08217689703296696,0.06516280440648431,0.12062955351211435,0.2884835368229693
0.21668522662088718,0.11845905739844913,0.10321087684347237,0.09529407732818318,0.10261738006406379,0.04657086002715294,0.16628052998959475,0.11693645267323603,0.03394553905496058
0.10788847939217694,0.09740205827807946,0.1565644027169675,0.09341747343668778,0.08230403421289369,0.14981833388001112,0.08522708022922287,0.11380984849356522,0.11356828936039541
0.14097664408968716,0.1302623279738925,0.08608932644473614,0.13080391846879869,0.11867070250174784,0.043274552814439926,0.13343862800812414,0.12702073418500523,0.08946316551356835
0.10743564102526215,0.07595448674311125,0.38544024896877244,0.08369042089828967,0.08953689024049089,0.058393587344129215,0.07848176743317897,0.09983812267673027,0.021228834670035095
0.056304307091522454,0.09894095612641722,0.094076018289037,0.2171105415864115,0.13388021440282522,0.1343078789946914,0.1251476074389016,0.12065745710263627,0.019575018967557374
0.15937147405400262,0.13282127445025452,0.06023062812061488,0.1424428672378208,0.1260887402766129,0.06572934612418846,0.12348057671843081,0.132875869296157,0.056959223721918084
0.06271598768456488,0.09329062902007657,0.3507325590932766,0.08967167049484619,0.09260394101204439,0.12801771720421837,0.0862357198993154,0.06924262593603495,0.02748914965562275
0.0916098907611106,0.14022821400799812,0.09212215501963571,0.2004889089472864,0.12898239238623735,0.07098303060600207,0.1276247643231051,0.10919000214934128,0.03877064179928338
0.08896413043393864,0.10318114705880738,0.09943184141309301,0.1670592089930025,0.08101503058604798,0.12069143337371772,0.07906855690626836,0.10456524370076603,0.15602340753435842
0.1277965180020827,0.12679809748858847,0.07408455046050001,0.14593796241712317,0.1257694540501633,0.10445316213342128,0.12081871239941468,0.09991104259674055,0.07443050045196581
0.09936423718141589,0.12577972502117263,0.08431414281789161,0.12303694017334849,0.12365149264330622,0.09142092776489157,0.13451080455311684,0.12466728472197879,0.09325444512287806
0.09174583088476518,0.09947388739980507,0.23457677741978,0.06694959530613963,0.11626547815758093,0.08046609316291276,0.148926400417301,0.07576124946044202,0.08583468779127346
0.11176717935570864,0.0811078208902859,0.05679303251893653,0.13294861667140442,0.07579267141949456,0.04783824060511168,0.08386786907233638,0.08324169708070121,0.32664287238602063
0.09097930765631486,0.14026296322936185,0.08295902675344367,0.15571438230999524,0.13657827991799276,0.05537637364603765,0.16001182542714562,0.13783627360136821,0.04028156745834016
0.053714046303346606,0.08245122107806628,0.23246800871160442,0.16135547744947232,0.0922714977402442,0.09557228095781983,0.07973629770786715,0.08890875657613383,0.11352241347544534
0.07978898014996505,0.1076683010960805,0.06676954988103513,0.12366550839412488,0.15317225897022146,0.09710117274228314,0.14640015366759504,0.14813784410767464,0.07729623099102025
0.06421192107480952,0.12341684810505005,0.1908904855966039,0.13683341897594775,0.10453007247901291,0.12257476471618195,0.12525837444324453,0.10596057266963331,0.026323541939516124
0.08806475521467605,0.07528330796336075,0.08841734089574153,0.07474743681616754,0.0720505973191214,0.40826022235135123,0.0685966054528474,0.08970315138384231,0.03487658260289184
0.10505584290080754,0.10730846989762256,0.10216123194468825,0.1867496696948793,0.14273814596230072,0.13291424039625,0.08154657653760071,0.09750105307396162,0.04402476959188925
0.12809743669980603,0.12593581622770897,0.10225883799593305,0.08760648747968112,0.10766581528371089,0.19409063057527898,0.11491423667143491,0.0775476692081221,0.06188306985832407
0.14457241015770073,0.1337785472321499,0.08153923469684628,0.10266658089689873,0.11452865921610483,0.04252505459017922,0.1379980280069625,0.11861377008867373,0.1237777151144841
0.14169877598701108,0.08482967462961892,0.042390846400128475,0.06654038389283931,0.057148938529932865,0.031889871555700465,0.09509536681739937,0.09748073258624389,0.38292540960112564
0.0985872809920041,0.1503273795043659,0.1051516028009279,0.08599648822945694,0.1474943905240069,0.1489130211430995,0.11672899081161507,0.08118614309142928,0.06561470290309436
0.04929198014532249,0.10558801231761328,0.11804807968869241,0.24679408588229926,0.14050207605355594,0.1305016082714942,0.062358960298751535,0.08701264247532353,0.0599025548669474
0.11764240609631867,0.10981056521028316,0.08376873969563355,0.0980379670949395,0.10483592151154691,0.249800304787318,0.11126284226885658,0.08869086857724034,0.036150384757863245
0.1432828700744684,0.12569967181066075,0.08700807407550178,0.09491829729274355,0.1231254637906977,0.03689277358794421,0.13480014869040188,0.12779222125743436,0.1264804794201473
0.09200226104592756,0.14054214972990672,0.08270430350699558,0.15374266045105356,0.13698704679911888,0.05539234364873058,0.16068561986625754,0.13772453746013272,0.040219077491876795
0.09983699911523626,0.14881382099990356,0.08871946899451603,0.1183937830956418,0.1290161321167229,0.09080270505163006,0.1454633051723461,0.12490499401454212,0.05404879143946117
0.16756621690956308,0.13188039088275416,0.0940620434455061,0.150783785901996,0.10554355985805253,0.07792935854411187,0.139029736167278,0.10798939538184991,0.025215512908888318
0.13390002025335976,0.11553951433766747,0.0800277038778678,0.07381416146236429,0.12897344424349508,0.14282505586666974,0.1276226261542319,0.11220846007174762,0.08508901373259632
0.20857743652353386,0.11430188098328926,0.047058400981447236,0.1062999090155498,0.09593276781062458,0.06191299831104884,0.12339108768363834,0.15899183151672536,0.08353368717414263
0.07617853824576261,0.08366745863404394,0.048470747283457565,0.10499091228383733,0.07826006138568979,0.03454415075525271,0.10588118756362715,0.09614565015736244,0.37186129369096643
0.09913650689401872,0.13867303196969358,0.09011324386830759,0.15657448214347755,0.12774509956163796,0.06031162229304906,0.12613386751596187,0.12630937006898144,0.07500277568487224
0.04657482514347943,0.0891966886849578,0.12224984881444828,0.07540466608009555,0.07842444211781084,0.04969581413322081,0.07763413218715608,0.09893816740374899,0.36188141543508223
0.1609471856147301,0.10601341623529574,0.06780183272856842,0.08519383509401597,0.09218446276929153,0.07095577243383322,0.090221984827707,0.13297391417834697,0.193707596118211
0.13217787512705195,0.111654850977338,0.058405749691990826,0.21255812843707514,0.13762443168290703,0.04704004396109949,0.11480696269753345,0.14487807431654443,0.040853883108459714
0.25608848558315783,0.08785155434031273,0.0912226248636633,0.07527842435186512,0.11936343191923617,0.0790712772194229,0.10913970087380213,0.11504838453910841,0.06693611630943136
0.09298109308474956,0.12562331523052353,0.07814385528197139,0.11992352744799828,0.11150515395371075,0.11931727959567773,0.13731265453900934,0.12805948668837622,0.08713363417798321
0.10078692886387668,0.12057833061933247,0.06075979332984945,0.12461417895014053,0.1293414707519939,0.11553273794110003,0.12752865436523442,0.14430022110917465,0.0765576840692979
0.07324701498997425,0.11738664134257315,0.06620806805806058,0.08209893003033356,0.10557736629497705,0.1406372379041989,0.09707666928271434,0.11365177322050872,0.20411629887665947
0.115045009218731,0.1078345816505562,0.05121758646171637,0.17460330284207656,0.12817014946488356,0.07415094598626852,0.15307821412672087,0.1581786390815213,0.03772157116752562
0.05082889333641119,0.12227791553468442,0.2063527454799805,0.12548590646666954,0.1185647894398537,0.12318903577323702,0.10350662788947258,0.11393453790447446,0.03585954817521656
0.1580508697788623,0.1232188412166109,0.05971175972920265,0.1565554178900764,0.11522795114542866,0.0411628536189722,0.11693332809187423,0.14488372196765362,0.08425525656131894
0.14974616897880674,0.09228032763639356,0.0811624164701025,0.07713967345378418,0.10844128136571973,0.13571686110639622,0.09579805974157046,0.09939509834098581,0.16032011290624085
0.13968881640801403,0.1174341874402252,0.10514179598119235,0.09819795883953636,0.11096206397272856,0.10611194135015183,0.1634957445955648,0.12545508881952375,0.03351240259306304
0.12852154187071232,0.1375787527469907,0.07785281709020653,0.10132073965217132,0.14660314450933176,0.0474882491099195,0.16404141247103016,0.1439006807293001,0.05269266182033768
0.11477545092341113,0.11739379929327613,0.21989937956271413,0.08305148788418322,0.10113524768762537,0.0735764699120376,0.09752892159484379,0.10631936501496601,0.08631987812694263
0.09909093077150766,0.1089353064375478,0.05493977356810562,0.16338571603434485,0.14146021797450378,0.06173059592845508,0.2116862416577265,0.1158661329817674,0.04290508464604132
0.08850879925841891,0.12256229517411497,0.16073834400499978,0.07014755358760914,0.09164813813134753,0.12612883281892465,0.1582619125218606,0.10512815689912873,0.07687596760359568
