0.06908417514677034,0.11821812331254287,0.09375165870223028,0.11543841988176427,0.12894902980409864,0.13348209453950347,0.14029885786278098,0.10985035682383258,0.09092728392647657
0.12231100504765245,0.11970890534405614,0.10794401836862257,0.11540520208301719,0.12047229744888459,0.12506817007766902,0.09913339298376793,0.10530827865062316,0.08464872999570704
0.24766586669358456,0.11154148586136846,0.0825055220666282,0.1031338375756526,0.1016660978455592,0.09318184463542745,0.07798342841727007,0.08506261373125912,0.09725930317325031
0.19278882024160285,0.10945025454058128,0.08993265539020721,0.10286727313817468,0.1060962379223902,0.10663210768969499,0.08062413846574835,0.11151550859637689,0.10009300401522357
0.16147945982624598,0.09585032657438841,0.1056719064517158,0.10146754944178733,0.11115090029265558,0.08655979534735908,0.09953617045622465,0.10880635706052076,0.12947753454910238
0.05981143359185658,0.09542037651924312,0.06833841715059062,0.11192964314374454,0.10054834803245416,0.15110676253332336,0.1278813507090736,0.12826781749150784,0.15669585082820606
0.11578741425438967,0.11919578192468483,0.10310176951631518,0.11084169149205968,0.12624512348365877,0.12525716510981225,0.10552648534334956,0.10472146421782229,0.0893231046579079
0.06767820256949823,0.13052024660462305,0.12031406261819748,0.10802559948972025,0.12500270459686236,0.15674841083978866,0.09692992534532922,0.10817631659899211,0.08660453133698864
0.10176440513335651,0.11797516251207445,0.0995980490035594,0.11715615567965705,0.12999304956890673,0.1611438983796641,0.09318561462401075,0.0956598657969223,0.08352379930184872
0.13345454834720286,0.12238099076488655,0.11250186552700041,0.11465614450744109,0.12227750293532479,0.1131399720018738,0.09216529407480235,0.09605120762069091,0.09337247422077725
0.3159923909499049,0.09363513512360844,0.07803446372420633,0.1000839545468085,0.09895600199627287,0.08014114187737281,0.08600339281043101,0.06129688869763328,0.08585663027376177
0.17544886467786083,0.10914671611662757,0.11845290171196854,0.10280689129971056,0.11538815885489583,0.09680477295081776,0.07739722722604185,0.09319945643241125,0.11135501072966587
0.10073696434887858,0.11331408516659512,0.11760251263422934,0.11133241560636327,0.12445037084015227,0.11447377398291263,0.11587823194896459,0.09467177477905742,0.10753987069284669
0.1116872675879539,0.1193934446043992,0.1070462265544571,0.11073955551598604,0.12383852742655933,0.12624458419698747,0.10248558858722506,0.10802282991531557,0.09054197561111636
0.09602424120971642,0.12229178696463272,0.10457657570909662,0.11208784974624915,0.1255070565109099,0.13225265723600096,0.10390842655946723,0.11074593242868987,0.09260547363523723
0.09036175561678648,0.11830989659455303,0.10638347525700566,0.12020153833583597,0.12834601530319326,0.13156084933612142,0.10474285721643965,0.09744787931144461,0.10264573302861985
0.24963471273251928,0.09308971112186064,0.11022255783221163,0.10388866505315242,0.09936875308532105,0.06754956333765129,0.09502427541906722,0.09411529673783448,0.08710646468038197
0.09123389764203953,0.12052926091671101,0.10576795699790086,0.11087986366594714,0.12145437612224884,0.15116162831770483,0.09866241088975018,0.11000515260551609,0.09030545284218154
0.07758975523988722,0.1118484231613303,0.1211977648730294,0.11286464464784605,0.10549830650463086,0.1095835551419043,0.10343914821949492,0.11562828337898214,0.1423501188328949
0.13785684124236172,0.11610241762050626,0.0777507247718759,0.11365889561059046,0.1117710480653889,0.10120530829524044,0.17559035514061758,0.11150798065689893,0.05455642859651988
0.10987281590606507,0.13017937499213184,0.10926380384290002,0.12108544097293818,0.12612023362833838,0.10065153019866035,0.09867107762367026,0.09485415338733172,0.10930156944796421
0.06098210844864268,0.10867061232620841,0.08341044430131715,0.12370828415579148,0.11189654674059811,0.07356976932727126,0.12362844097144328,0.16999309179733238,0.1441407019313953
0.10362653456104186,0.120153707434972,0.10964714737317782,0.10942653858093399,0.12378403780168863,0.13821369217946503,0.10459402983177268,0.10258271323956654,0.0879715989973815
0.12581091334588643,0.11845130678374706,0.10343679865988914,0.11076622190415956,0.11181293611271692,0.10776877330685086,0.14600377582090365,0.0967963339694901,0.07915294009635633
0.18233199250990287,0.11072611987188861,0.09897807737036386,0.10438198968462283,0.10971560886851701,0.1147715675993331,0.10886109803044113,0.07858698158657473,0.09164656447835583
0.058441834681565046,0.12299684857303606,0.11846944236337209,0.11069894125817192,0.1199189272192051,0.09356612029768546,0.13968030540774878,0.12316662085169595,0.11306095934751947
0.11092491539306908,0.10250850010367239,0.08949024990044108,0.11542244242469753,0.09951675250992136,0.0847065978546297,0.1190945247694599,0.14268917543162626,0.1356468416124826
0.047652482583933155,0.12408102664214976,0.11079658698116375,0.11751964961906569,0.11205600474323978,0.08215155818699017,0.16357852356556316,0.15729873949747106,0.08486542818042343
0.09602424120971642,0.12229178696463272,0.10457657570909662,0.11208784974624915,0.1255070565109099,0.13225265723600096,0.10390842655946723,0.11074593242868987,0.09260547363523723
0.17188258247130697,0.13436727395012252,0.0830228686025397,0.10327413118197437,0.10825042291181486,0.10256336501024584,0.12098448605001584,0.08766880212676026,0.0879860676952197
0.0937179772184175,0.11657470827206917,0.1118648492244641,0.11888204475618175,0.10856345379573684,0.13168418814398655,0.1164310375684035,0.13738194168836856,0.06489979933237207
0.09863780739335981,0.12383114335585904,0.1226948043656056,0.11789360667447228,0.12398897976969099,0.11157904875983353,0.09671725268964615,0.10214238131701968,0.1025149756745128
0.21940422043271615,0.10903263110544703,0.07965335076113644,0.10272561159272474,0.11661233215300926,0.09559803718214392,0.09514978704850673,0.10064993688465833,0.08117409283965733
0.09602424120971642,0.12229178696463272,0.10457657570909662,0.11208784974624915,0.1255070565109099,0.13225265723600096,0.10390842655946723,0.11074593242868987,0.09260547363523723
0.07109348568922676,0.11229626708859138,0.08777526856283412,0.11802762346678557,0.1356414610460186,0.14647152623082935,0.10848402618236652,0.11358967773306329,0.10662066400028429
0.08449927347111715,0.12114063928167436,0.10929063620041674,0.12517062642444832,0.12828822935534948,0.14967284977435288,0.10152566342514818,0.08782466704586017,0.09258741502163269
0.0730188651679369,0.12381183222848863,0.14013235387029335,0.11528244217740154,0.1427517869153597,0.12210428101080284,0.11857819466804771,0.0853617003781348,0.07895854358353455
0.10414263961180548,0.11863037348924706,0.09826612076335199,0.10642730205333073,0.11605731102859133,0.1356284897494406,0.09146407763340929,0.0966719918989933,0.13271169377183015
0.18303373724236052,0.10288362374493008,0.10652888797987559,0.11294844090952155,0.10781333864549565,0.09089569060999542,0.10617559646520651,0.08706214139624019,0.1026585430063744
0.1104715089986626,0.12763972758696837,0.10801415674503041,0.10794411964491085,0.12239921636785649,0.12322614058578596,0.1141979876944857,0.0920230013259077,0.09408414105039194
0.09529206676161761,0.12392615326185569,0.10226739621378456,0.1115835407651875,0.1247459848547673,0.13177832329644282,0.10536952086877326,0.11275607132209405,0.09228094265547732
0.17687168012043242,0.12480296697211539,0.08848287026993089,0.10937957664972747,0.12491146815522929,0.07547958686571557,0.09478762539884548,0.115857718629654,0.08942650693834957
0.2794014320518081,0.08772387058174315,0.08001385941013796,0.08811322360938667,0.1136078653671652,0.0689633999106663,0.14849652090590285,0.06709916208866702,0.06658066607452279
0.11809918073049665,0.12407060466298254,0.10008406523433838,0.111083416401607,0.12054477479610937,0.1217236186839004,0.1073992782005691,0.11209330964293107,0.08490175164706552
0.09221629043604912,0.1216817621757086,0.09463542560001276,0.11057523701076595,0.12574437086656456,0.14849114900330754,0.1038638188754652,0.10478892705147809,0.09800301898064807
0.09602424120971642,0.12229178696463272,0.10457657570909662,0.11208784974624915,0.1255070565109099,0.13225265723600096,0.10390842655946723,0.11074593242868987,0.09260547363523723
0.07982323074004138,0.1227326157809464,0.10726642163490525,0.11248981950112603,0.12044677962123823,0.15700031765495717,0.10019797551836573,0.09571239822392393,0.10433044132449588
0.07496774927628716,0.11706247182348695,0.1325867186860691,0.10968818962898774,0.12045022424494582,0.1303654465662409,0.0926238615616856,0.12572203974479798,0.09653329846749865
0.14160297357530305,0.11963757139693583,0.10212396012065993,0.11313687707566998,0.11313001535843993,0.1306045917835002,0.09359304845428651,0.09094544071442895,0.09522552152077557
0.14217777159061432,0.10536222987658699,0.06585296982491386,0.09990280812926995,0.08785644134070791,0.08565290873779714,0.14739258648682715,0.11362714860684632,0.15217513540643637
0.08210810466191447,0.12659378172035998,0.11043214468779512,0.10714750540481895,0.1174702587593583,0.10514446120930347,0.11306026098110206,0.12582664346619213,0.11221683910915549
0.08435582910402528,0.11873563382247565,0.1104669428526453,0.11073123390525474,0.12906206100748316,0.14070747996122554,0.10569624285799055,0.10954272665856757,0.09070184983033218
0.053913463288732866,0.10199074657050371,0.11009636831627423,0.1049487467799286,0.10665778966628021,0.09811531508819112,0.11993749649777703,0.14171500438331833,0.16262506940899382
0.11606846995358178,0.11621971297616189,0.10712370795914344,0.11430013328609778,0.12940441117619753,0.09763775335548375,0.11484793098411124,0.08854521215990897,0.11585266814931362
0.06920263810685301,0.12151941950081165,0.09585057596796605,0.11344307515911785,0.12487234826262462,0.12168167897237701,0.09534744636136445,0.12163957484207188,0.13644324282681344
0.10368277302237411,0.1192549331428626,0.10281525104749166,0.11053337872715614,0.12056355456251033,0.15172024198922782,0.10366893864885862,0.10015799295885815,0.08760293590066048
0.15143209132900692,0.1151313965866843,0.09636678257981669,0.10346656997401427,0.12093525054254652,0.10915988903439851,0.09978334916003802,0.11471758272095918,0.08900708807253555
0.1562459611313112,0.11195565094698008,0.10014872151148298,0.10690786083633878,0.11342427620241302,0.11487392547615709,0.10005388791312309,0.1010509130016105,0.09533880298058332
0.24406913172276593,0.1022342519321963,0.10646668376788697,0.09157132436440317,0.09742043065030624,0.09064148664255299,0.0801423033506277,0.0907251901090177,0.09672919746024299
0.08324583772752903,0.1205315992891931,0.12270829199431625,0.1088639389868803,0.1225510473872267,0.12287239226412787,0.11273734100637815,0.11954970623762547,0.08693984510672305
0.10016068402803997,0.11931193129855346,0.09695737699108394,0.10837888612604928,0.11237811729716211,0.149001354460114,0.1110852171728145,0.08588840166096447,0.11683803096521822
0.09602424120971642,0.12229178696463272,0.10457657570909662,0.11208784974624915,0.1255070565109099,0.13225265723600096,0.10390842655946723,0.11074593242868987,0.09260547363523723
0.1059229483688977,0.12030810842564271,0.10947800267112757,0.10898147210942861,0.12399233678530908,0.14310898068850197,0.1012963358716094,0.09997373312392077,0.08693808195556219
0.10879055975007786,0.12409455438646162,0.09880219268342216,0.10695204499226313,0.11987043291581896,0.10824282971944832,0.11689242419698793,0.09081723491783407,0.12553772643768593
0.0791163021972189,0.11303574567289015,0.10922855814959541,0.10744916953499473,0.11908391872749724,0.12635861856549044,0.09856003953301128,0.15510959393485055,0.09205805368445137
0.1188584037583673,0.10668708380119135,0.09576861169433658,0.11850912790993147,0.10637054758771243,0.10092307320971311,0.14516283240693922,0.10544756395078503,0.10227275568102351
0.2489422790112248,0.08770543166388874,0.08702073876394727,0.0963689168398531,0.08184289593209614,0.0815179620260016,0.06663170675403106,0.14784322949199283,0.10212683951696437
0.11499795114187407,0.13112014972200173,0.09591883564712807,0.11703079074443586,0.13274638094253666,0.09065864796984069,0.10009549947643444,0.0999691040118274,0.117462640343921
0.09602424120971642,0.12229178696463272,0.10457657570909662,0.11208784974624915,0.1255070565109099,0.13225265723600096,0.10390842655946723,0.11074593242868987,0.09260547363523723
0.07953490285923542,0.11704833021472187,0.10256460740828958,0.10771912834428322,0.11927337181703106,0.1536064882527583,0.10475653085006316,0.10060896897645566,0.11488767127716178
0.09916226915346989,0.10619163105000551,0.16645215544145142,0.11029761986422926,0.10738512995414877,0.09537377625404551,0.08891193747455799,0.10908930219912388,0.11713617860896779
0.10756519957508591,0.10917561254638253,0.08151847441861586,0.10070451488446759,0.11321066930615142,0.10502411939527784,0.1366901520821094,0.12474459200444682,0.12136666578746258
0.09713772646270502,0.11973363684464929,0.10149235066832325,0.11191203971183329,0.12356161696150081,0.1301191765946694,0.12270487754147992,0.105471508895641,0.087867066319198
0.09889261013613854,0.1218050544227043,0.10335534776405347,0.11125930630365488,0.1243940676491964,0.13054200522785978,0.10228881531833182,0.11490145131890737,0.09256134185915348
0.20416532400864776,0.11345796017438585,0.091613250379465,0.10816997305473175,0.10719681783621487,0.09670473160808578,0.08195418183122283,0.10058537501741721,0.09615238608982883
0.09428792809968652,0.12123816418126387,0.10747533938223304,0.11078119352859926,0.1236254053796968,0.1311179049774886,0.10871211317454621,0.11055810846558745,0.09220384281089829
0.1768472979196077,0.13387855625111825,0.09745795416816183,0.11755511953544144,0.10596666587729558,0.08678396846821201,0.1377503114171965,0.07230411618572603,0.07145601017724064
0.28394879592338756,0.09707584279608124,0.062237850249887726,0.08422951223808317,0.09211854033616862,0.09257675544951506,0.12816394069933984,0.07060929284856586,0.08903946945897101
0.054924251590672546,0.12255301363413713,0.15279978649817463,0.10479700667770318,0.10617448871142039,0.09236050923760165,0.10652112071385393,0.13161412070896253,0.12825570222747398
0.06259460409523265,0.12017566259838618,0.14830303963663796,0.10810941215842146,0.13623853101738126,0.10946385346797143,0.13891279345783283,0.09008526437504638,0.08611683919308984
0.05260600306612149,0.12195082535861697,0.07223763049918222,0.13360754592298996,0.09420636387110737,0.0982515961600701,0.12852031872170677,0.1365581798514043,0.1620615365488008
0.09602424120971642,0.12229178696463272,0.10457657570909662,0.11208784974624915,0.1255070565109099,0.13225265723600096,0.10390842655946723,0.11074593242868987,0.09260547363523723
0.12464881135537376,0.1262426428538311,0.1008168178124678,0.12156066602601862,0.12135541160548714,0.11010292357086955,0.09325552192530194,0.111570108137377,0.09044709671327311
0.09514957010965079,0.11279961580158578,0.12225057754505325,0.11186971938794553,0.11944285731583122,0.10518060564180977,0.13113384211229998,0.10317161584409078,0.09900159624173284
0.07984942524568496,0.11543132724343426,0.09857465415539911,0.12719135224613534,0.14790096206997339,0.0857504234667852,0.09691340562355932,0.10552859139648108,0.14285985855254735
0.025838504593327243,0.0920881074487142,0.1391447179003036,0.09881637730080861,0.1059321230652925,0.11038722215657831,0.17562085179260326,0.13903415587477286,0.11313793986759946
0.11126859896364612,0.11719136488522229,0.10136546739228776,0.10835959743108874,0.11302304799691854,0.1245411458916859,0.10077621588393999,0.13363652968709663,0.08983803186811402
0.15571421587978174,0.1111634888083446,0.10210943196708029,0.11001604129616467,0.11545889397713006,0.10952254623796705,0.10728974134740969,0.10283508268789815,0.08589055779822367
0.1420337233446726,0.12371021775283564,0.08996137387373826,0.10709924475577504,0.11763881745401321,0.11070044249379522,0.08622684301408519,0.12248876349826765,0.10014057381281721
0.0728880060118543,0.11403197801093044,0.15153780804038564,0.10556431566877521,0.11027670919628407,0.09249184900611535,0.12323292329465468,0.1082789120529502,0.12169749871805007
0.16983204766753313,0.09785550275791276,0.07760844622866393,0.08808228096720568,0.12027361547919879,0.07397445712176325,0.0981082571054574,0.061989579472411606,0.21227581319985345
0.10178626086779895,0.11550184046842189,0.1593025010613787,0.11055404375263202,0.11168479554559445,0.0741258672683036,0.09566610330385443,0.08525173157315395,0.14612685615886198
0.057290732755596034,0.11408908813374485,0.12681675434914097,0.10826712820543745,0.11487268770136505,0.11518601454516342,0.1003974789453798,0.13034380643175317,0.1327363089324193
0.07795570380326401,0.11317632176528424,0.1186585406104213,0.11536426631511844,0.1238691844900441,0.09728920069093162,0.13193928780936978,0.10214738006572649,0.11960011444983998
0.11873084608360641,0.11977133044569754,0.10075277283020011,0.11162520560463025,0.12122511231757076,0.12836343765497674,0.09911293780859783,0.10682575411146593,0.09359260314325435
0.13027048519517728,0.10216035520149126,0.07976885992531725,0.12190955415366522,0.10512936170512639,0.0724117174665095,0.10172034104893923,0.1469423167445804,0.13968700855919342
0.0727365280197598,0.11990335609617338,0.10616584767136052,0.1093450897505898,0.12244749676992785,0.12712211230712056,0.10273879378872146,0.10166729778456522,0.13787347781178141
0.07131758357091607,0.13476768273130404,0.10820065571783567,0.1224508745049029,0.13756714426136366,0.11397273773470458,0.10763438169178514,0.10030804151025381,0.10378089827693404
0.1208446964552941,0.11583154543154157,0.11524480829231232,0.11187477561474769,0.12660103316008828,0.11125386166684348,0.10378469606126084,0.11081391747032454,0.08375066584758717
0.07615062394198525,0.10198675689095732,0.11044757223660558,0.12078492369193831,0.12055611296844611,0.07377679938290592,0.2267124343322372,0.08274065471934945,0.08684412183557483
0.09236796815059035,0.10586392998299604,0.08811736140055108,0.098385208526399,0.10377729357965632,0.1887471508096847,0.08602155494480135,0.11038316553144807,0.126336367073873
0.05096932308324368,0.11401439215714058,0.21673981425971178,0.10073961060591029,0.1058937902197498,0.11728822937805432,0.1005871884859643,0.11930938951253629,0.07445826229768891
0.08937169320163314,0.12076438348684014,0.10773052054634193,0.1116226345452505,0.12771190862382917,0.13580333330740282,0.10504114683367134,0.11030367136115944,0.09165070809387148
0.2230074922672701,0.11095227065379253,0.0852821028584027,0.1033565832356869,0.1114030144337715,0.08185082128435507,0.10836511745181154,0.08562776346239125,0.09015483435251835
0.09602424120971642,0.12229178696463272,0.10457657570909662,0.11208784974624915,0.1255070565109099,0.13225265723600096,0.10390842655946723,0.11074593242868987,0.09260547363523723
0.08494920836454405,0.13021643374340575,0.10009251276026147,0.10945180855307562,0.13534331660728297,0.1424674962473499,0.09479933939346315,0.1141721250954678,0.08850775923514931
0.12153843481192757,0.11096852149599483,0.14206586928377737,0.10791521716262083,0.11463984697492141,0.10300620662719522,0.08459724256992823,0.11989986097865453,0.09536880009497999
0.21100243228063553,0.11271753579014814,0.09735732989510099,0.10079151439225437,0.118850098767451,0.09947435619007293,0.07879805701529871,0.0756271440540247,0.10538153161501367
0.07488351961773794,0.10678193539446161,0.06439874958566276,0.14866566304111525,0.09027054522122187,0.13683148197815875,0.09108209990736986,0.14608855528150508,0.14099744997276684
0.14769233578373886,0.09655124426435648,0.06391926522275455,0.09544777725139392,0.10041128836372902,0.09176560356982179,0.1019268084210596,0.10076975344377638,0.2015159236793694
0.11575630415708062,0.11862529882217117,0.11057017689317385,0.10906600176694155,0.11954034205742248,0.1188835551171863,0.12320959251137355,0.09839756480286498,0.0859511638717854
0.11391499361518236,0.11891356784990599,0.10574083342217312,0.10609323151476176,0.12607993407092702,0.09516751520061219,0.14324028057554475,0.07853141814655246,0.11231822560434025
0.06331730376041429,0.12191111038772329,0.10140937836550408,0.11532603476413676,0.11866482322155349,0.1048171064575945,0.11625426609717293,0.1065586571726294,0.1517413197732713
0.07437152823630544,0.12538404924180477,0.10321290926572857,0.12150502373716195,0.13053832899864917,0.09987461920659196,0.12344126502722419,0.10042157091928988,0.12125070536724407
0.05949135137884836,0.12149800885004951,0.06663526870267265,0.1451866632900913,0.11231514164769883,0.07532358723403237,0.12116036078969046,0.13898929122652737,0.1594003268803891
0.1347669570582758,0.1292614062678296,0.09734096316080192,0.11266951727694742,0.11766872111251674,0.09672598671576378,0.13510876009160364,0.07870291742203588,0.09775477089422517
0.07728137896620436,0.1260680893310222,0.10979939304468267,0.13392480415079466,0.12559611723517697,0.0874859805803508,0.09492090047462744,0.15191646551012053,0.0930068707070203
0.10336243431345767,0.12280876847792244,0.12060796826071407,0.12031941334337902,0.12363112319400688,0.12133759678409793,0.11454450055630266,0.09433897498279208,0.07904922008732722
0.14716608579785662,0.11116155205489421,0.10289060956210701,0.10368266224127017,0.11477079768592112,0.11131956342199412,0.11843971024982129,0.10130213220247714,0.08926688678365828
0.08651480423946467,0.10469985527504945,0.10051795773324236,0.10458571993746583,0.10681008753459371,0.12466887584089081,0.12115228977861207,0.11546290128115673,0.13558750837952435
0.0790354572576945,0.12225340101045683,0.10074593070064898,0.11602335844127525,0.12850632185581842,0.13094601869554715,0.09762098374971802,0.12000156612994868,0.10486696215889217
0.1002617139204402,0.11928113820141366,0.10128169882678545,0.11164857802029145,0.12289673416830782,0.12998601545131835,0.12102886424414387,0.10562571221477679,0.08798954495252247
0.07531255012035878,0.11245936254009392,0.08633290279320878,0.1230142547604084,0.11632853606460962,0.08986595687691999,0.0740989313797079,0.14608708815823443,0.17650041730645818
0.09602424120971642,0.12229178696463272,0.10457657570909662,0.11208784974624915,0.1255070565109099,0.13225265723600096,0.10390842655946723,0.11074593242868987,0.09260547363523723
0.06743765323469145,0.1079439598898208,0.08175679498042705,0.10212538168598338,0.11858160363332815,0.09965741388304561,0.09476692355291409,0.0879434026851041,0.23978686645468542
0.13750154008422205,0.10185649979006446,0.10885711366210231,0.1058314807731912,0.11630234506098387,0.12215733676834332,0.11869358732257272,0.09502209974670602,0.09377799679181403
0.0671760845680562,0.10552665846546909,0.11031616403324261,0.11014410733492226,0.12359343188688425,0.14528036754117055,0.1293831010317578,0.13648035726904253,0.07209972786945473
0.17929981033658338,0.12353485099936333,0.0573261705706992,0.13138146696735942,0.0850651633864421,0.13096336851074447,0.11080718592121241,0.06583413549798112,0.11578784780961458
0.1431779111479534,0.12813991957032844,0.09853951185311405,0.10521719473293549,0.11128830121258747,0.09887291259384325,0.08331862038278148,0.09838427475943169,0.1330613537470248
0.07565078225086273,0.12316856150079908,0.10175229419194355,0.10716061323715535,0.12389545259917444,0.17782714827377977,0.10337687098737487,0.09103560352759497,0.09613267343131522
0.09752437589635955,0.10576377267171537,0.1036259701856,0.1205273964290146,0.1383889962428404,0.11593208219925388,0.1148884239049514,0.10497243293797127,0.09837654953229347
0.11269370196401533,0.10898309416066558,0.0898735967956294,0.11239777805263196,0.12018552775248185,0.09279471020003434,0.0897666779263826,0.09636293353235104,0.1769419796158079
0.09602424120971642,0.12229178696463272,0.10457657570909662,0.11208784974624915,0.1255070565109099,0.13225265723600096,0.10390842655946723,0.11074593242868987,0.09260547363523723
0.15956751081172382,0.11575248356574408,0.10908058510255043,0.11612776332092295,0.11592092061231916,0.1063644913108925,0.09323061690823907,0.10090811426429418,0.08304751410331386
0.09648091061809945,0.12395260770051615,0.11265806973134179,0.11367334678024844,0.12485047587210818,0.1258310959824962,0.10038677010455956,0.10711589226701707,0.09505083094361315
0.08807738322917781,0.1091453861743722,0.10325476528382672,0.1183056828395565,0.12236678062338989,0.15048017892868867,0.08380402128881953,0.08992165495683387,0.13464414667533486
0.1595212528599883,0.10256936714633154,0.089110167870752,0.09913487049588866,0.10273077701205997,0.20307481667526298,0.08766186359493844,0.07489204452876967,0.08130483981600843
0.07919827172174607,0.11866017485959224,0.1064922616282122,0.1127448421047117,0.12275760811371579,0.1109197216163361,0.1320462417520664,0.11190657635077704,0.10527430185284252
0.07768173127769668,0.14901248458693991,0.11615188312845844,0.12631405982313174,0.12415315005718008,0.10384816474335963,0.08678441192302531,0.10845160945989418,0.10760250500031403
0.06423300015083683,0.126999333213852,0.12397897716456587,0.1031125364521369,0.14058093204425817,0.11002152854454555,0.1216235505310389,0.11550517679943456,0.09394496509933119
0.13257015395704996,0.11139391424592693,0.0865423173543845,0.11131956023267664,0.1259766534257721,0.1034162545890645,0.11037157939206348,0.11387797411938756,0.10453159268367428
0.16680030972437096,0.10967951986367734,0.13041888360740364,0.09996036918011429,0.102404911526028,0.09476804274055979,0.09343636871165246,0.08772315388611308,0.1148084407600804
0.09180644126718367,0.12066503558893323,0.10367349015863943,0.11065912383086661,0.12325929405761388,0.1301541516815639,0.10201004850510126,0.11148103803491079,0.10629137687518724
0.14781654960319024,0.12146596599509978,0.08325619134812902,0.10268538768286428,0.10007664441001228,0.1276889104940648,0.0898779423301111,0.07952151692496388,0.1476108912115647
0.09643812281661791,0.10871585401838824,0.0958748233868425,0.09068604984221362,0.1009332973899116,0.08360595210283996,0.15821044504897572,0.1014871774558768,0.16404827793833376
0.16355235466150508,0.1142149757665188,0.09125256902681904,0.10306997448543591,0.11204692411789881,0.10999134035821716,0.10316928886813981,0.09394318039666906,0.10875939231879629
0.0859012290811955,0.1261025720503061,0.1161342668674329,0.11562578783164729,0.13299110220818663,0.1253036056027155,0.12556555986719767,0.09643886860511297,0.07593700788620547
0.10092020837976357,0.13534824026363723,0.10169389839150418,0.1235893719977564,0.13639038731703698,0.1065815807234249,0.10839830679878036,0.12117136172256393,0.06590664440553244
0.09602424120971642,0.12229178696463272,0.10457657570909662,0.11208784974624915,0.1255070565109099,0.13225265723600096,0.10390842655946723,0.11074593242868987,0.09260547363523723
0.10716351381045348,0.12025274065732616,0.11203583147685403,0.11165959164318957,0.12796333723247788,0.12210136214561366,0.10399776015312041,0.10584441093577335,0.08898145194519151
0.07047043998825654,0.1127394374114387,0.09078648038409555,0.11102348701529742,0.12005815293450685,0.15142622737511588,0.1065185239924998,0.15297737665700037,0.08399987424178883
0.12623018622633395,0.11224081407822788,0.12835407630327936,0.1316277486881007,0.10685711943827536,0.10745513225013198,0.12530781789827647,0.0909840702042191,0.07094303491315516
0.09602424120971642,0.12229178696463272,0.10457657570909662,0.11208784974624915,0.1255070565109099,0.13225265723600096,0.10390842655946723,0.11074593242868987,0.09260547363523723
0.1417175781000862,0.12234911706737915,0.12171202790187001,0.10793216864166993,0.1180792852353804,0.10856139086884248,0.1078888912484222,0.08912142877392921,0.08263811216242034
0.12678733193186123,0.11885178379523165,0.09022673479961023,0.10821725864879395,0.11421912985409417,0.12699533801044877,0.09317899223696353,0.10641437676460432,0.11510905395839222
0.3049703035738805,0.08441123109549668,0.09531074838428666,0.08770869677223221,0.09239423129043582,0.08066105601283953,0.10100382780632283,0.08956189043288866,0.06397801463161716
0.1450951840177054,0.11593594135854446,0.09844526000316933,0.11168201041003352,0.12215991817217149,0.11410204289042876,0.09963001083563246,0.09690210016893686,0.09604753214337769
0.09362984923526844,0.1264741514892986,0.10676741423727955,0.11502465417598517,0.1386263670550579,0.1019612976071283,0.10711355630894721,0.10533848613812981,0.10506422375290499
0.12921400528497992,0.10834511128112545,0.08449436339115331,0.1367101906909191,0.10787475791171337,0.1412553601991218,0.09139175341270879,0.1073033311444876,0.09341112668379072
0.08775638408676532,0.12586824150668466,0.10433862928671266,0.11396528375902772,0.12713199521227303,0.14261672049745505,0.1048034416314766,0.1020346230380607,0.0914846809815442
0.10147556650553032,0.1232722071419214,0.10309024559291313,0.12090394787755578,0.1226218434774032,0.1083534885535949,0.09275412353314427,0.1263925024325749,0.10113607488536197
0.14336582272061127,0.11856455398786929,0.0928610013068365,0.11186684479867237,0.11379671562822373,0.10420483512423724,0.11099739097047683,0.1034241137883987,0.10091872167467413
0.09400639559144652,0.11898649205890566,0.08720920346936827,0.11429587020449712,0.11839534726872462,0.09755728071436809,0.10269070705621357,0.12283018458676553,0.14402851904971062
0.07658656011266514,0.12281824517219804,0.08367575260095637,0.10682684971681423,0.1360127240649407,0.18187924678122572,0.0880094188626142,0.09786835194082749,0.10632285074775805
