0.16185119338645146,0.02822636549235959,0.06438230216538939,0.14540501301541023,0.07878815234613122,0.1678428505427273,0.1138043489871593,0.13823067673783934,0.1014690973265322
0.13832754210907736,0.050386657053164106,0.08957116619776566,0.11525099899281142,0.12640431619158288,0.10740615854972067,0.11175649646840947,0.13251880393362617,0.12837786050384226
0.19211747535219625,0.03855226629632534,0.08386819787017079,0.09593338587888983,0.06980856727554263,0.1147704989206345,0.1587035352056925,0.15138894787557725,0.09485712532497104
0.13402127965634233,0.09971637700913767,0.06821512983711765,0.10630070486817829,0.10789607615239782,0.08858274038757401,0.15256652835311116,0.113104170530214,0.12959699320592707
0.13475762796419824,0.03887296455227454,0.10601243127360326,0.08425039819172171,0.16246780739553235,0.11604884865248814,0.0904748278186684,0.12785631153521795,0.1392587826162954
0.12661661338871258,0.07266966360088639,0.08041856871070224,0.12158616233165966,0.11498303456205787,0.09854985300926299,0.11817320575218819,0.13554440773672896,0.1314584909078011
0.1382759833197481,0.04809399577122068,0.13537344302407775,0.11388029611925098,0.09351657931196423,0.10884698730086882,0.11000026820884641,0.12893110565901983,0.12308134128500318
0.12913627745406522,0.030980434688037045,0.07882070903342231,0.13229995051896073,0.10438300027488223,0.13416010006603646,0.10556190197037123,0.1546366266857246,0.1300209993085003
0.1114548622180771,0.012016457728110606,0.1706531848171027,0.09275121657451417,0.09658218241843568,0.1691794367369963,0.12839544064144046,0.12603156101012794,0.09293565785519496
0.14022771752695962,0.0692558000104181,0.09339095810491184,0.10466354630055312,0.10016817179712605,0.10001155842255997,0.15321108978547662,0.1161760757629529,0.12289508228904172
0.11786928036889278,0.04471075807905637,0.16752007002017824,0.10917582550100631,0.10071910249867666,0.08936234892931268,0.13922583199556213,0.12685989423459207,0.10455688837272277
0.1525617750108453,0.03462052473804197,0.12305701122401473,0.1182462279692693,0.10788778664040992,0.10081166072271343,0.13044934941263264,0.12104901407060394,0.11131665021146882
0.20185694089239092,0.025665108457112687,0.20997949664171064,0.07837029747362917,0.12177858760716014,0.09857547949802052,0.07664048446560084,0.10145406965115089,0.08567953531322414
0.10054398369278646,0.02428855128427142,0.149938117223787,0.13046582878000368,0.1200643161250917,0.15017114450971594,0.10897803144263152,0.1081099563259351,0.10744007061577725
0.13477338374252565,0.047542061150779906,0.07852046549308145,0.12117297237184586,0.12171116186327896,0.10047752597681921,0.12021895934207529,0.14360672762251264,0.13197674243708116
0.12847831989136124,0.0669063007524784,0.0881936626582306,0.11723055484867706,0.128123295757528,0.09887686142841767,0.12425192450467959,0.12528842433106965,0.12265065582755778
0.11908851058584473,0.3331374458643099,0.07184435434798224,0.07942701245152534,0.07346692601457074,0.06104201832281453,0.07849154726043843,0.08102451938457521,0.10247766576793889
0.13974145300237564,0.11195656252176343,0.1111524765039081,0.09978190042102919,0.1121940028756338,0.1002995828750366,0.09299810091338512,0.11180372319301686,0.1200721976938512
0.09684017047214055,0.04521650224789584,0.08956205380068068,0.11830467028748531,0.18013589431266944,0.10578311263747953,0.10958235970121023,0.14250500905818494,0.11207022748225347
0.1538641752996792,0.04198261311856128,0.09013992155508203,0.11326399555246895,0.10989007633876964,0.0974772871482169,0.16287363080836068,0.1139988559218248,0.11650944425703663
0.10161374005722008,0.36311077297964295,0.08188495107913084,0.07990502798218457,0.07400348334347476,0.07784605757699402,0.06276469065136776,0.07914550319473361,0.07972577313525137
0.12756790674499988,0.06364783634794478,0.10108158384237471,0.11457463047878895,0.11006378940659145,0.10421895242806013,0.13127703165287855,0.11791281233045973,0.12965545676790183
0.13094575078428428,0.050001959848578546,0.08378965430063169,0.12155433563100433,0.12052247379572911,0.10562279607024795,0.10497749864870821,0.14748199796717162,0.13510353295364427
0.11458999695909634,0.12357077054215536,0.10645539288429519,0.11305436717214302,0.11034672489073934,0.09805762374409847,0.10089656840379867,0.11477811361377109,0.11825044178990247
0.17474903752861817,0.04854822910878024,0.08878336272571219,0.12358205199018434,0.08716996272393991,0.1030439128373996,0.13197242040511248,0.11304205203760805,0.129108970642645
0.10081153054059762,0.034246938265288594,0.10253344916328562,0.12302484836048912,0.11776744857904375,0.10697006566291005,0.18122993548349078,0.1127913792794432,0.12062440466545125
0.13629340445398092,0.0835887487479267,0.13868197025266388,0.1068174141679825,0.09990294237611623,0.10021011261420659,0.13248946241707468,0.09838421898362538,0.10363172598642308
0.11459926359245347,0.25302521720318244,0.14058200739244633,0.08761468368010165,0.09731523391636225,0.07969318791469275,0.06416762987222323,0.07427834134558704,0.08872443508295097
0.12034843542089768,0.06904285809418591,0.0809547827873781,0.14101532351356086,0.10592766522927437,0.10650705263356097,0.12172468402293961,0.1130699294053813,0.14140926889282115
0.12853786858266333,0.04332397004351085,0.10448332848605184,0.11693996546791453,0.09704746160511901,0.11379815163093075,0.1585383991267502,0.12002390144646631,0.11730695361059316
0.10473723463222888,0.028023929985806884,0.12520650919852824,0.10822288537420661,0.14179741455825332,0.11775512156563207,0.08584339916036636,0.140433827070546,0.1479796784544316
0.14037235878042906,0.05156102257601671,0.07440334324502403,0.11921902492439373,0.12958530492422682,0.10343100633539577,0.11231185720146002,0.137566997497884,0.1315490845151699
0.12309588183860125,0.07174743636465515,0.20797377423797436,0.09032986241188645,0.09423009817001642,0.12420953832175641,0.05993979154193795,0.11171069899507115,0.11676291811810084
0.12799011474097544,0.1468870863172953,0.06688154754529502,0.09520971491826243,0.13302640127034507,0.09699620689648958,0.09825051366680498,0.11874309567248563,0.11601531897204653
0.09974790929400325,0.06999283662870934,0.17367049458652128,0.11593829192404444,0.09614451190831245,0.12970115100923696,0.10755159283211031,0.11139496541991621,0.09585824639714574
0.13175642640481044,0.04920788901833248,0.07606150009305117,0.11071668200456646,0.10766711170252341,0.10091082136503161,0.16167729884209495,0.11868394506877948,0.14331832550081003
0.12340319706186782,0.08133487405104056,0.08405735774337171,0.09652974320120401,0.14059901150163512,0.111259951993672,0.08345717239878973,0.13444184264659384,0.14491684940182523
0.136646166196005,0.09956896682530274,0.09658134584588629,0.10364125615930135,0.10532662304975955,0.08671998463064755,0.16418615650757154,0.09526766396326265,0.11206183682226327
0.13302743981909607,0.055862432192897334,0.07940134364166566,0.12215427278435326,0.12244163974792681,0.10030500845428819,0.11720443874812742,0.13551766893375758,0.1340857556778877
0.13738258935174189,0.06419466734080402,0.10198316832696062,0.11636886854066357,0.11395813514335502,0.10279719868481062,0.10894380009215414,0.1252653100925657,0.12910626242694445
0.20417118761148897,0.023656750918989087,0.14508412130286807,0.0920019498821147,0.11776422113875529,0.11201992029394137,0.08355687622679465,0.11305289168631343,0.10869208093873439
0.12333304543378006,0.11848062588219326,0.10677482358160983,0.10240172938268262,0.10434550607350344,0.09771985959394465,0.11125432442156431,0.11770698003929321,0.11798310559142865
0.13698158182242412,0.254741890412627,0.1017246775601953,0.08425786556730115,0.0728860101894946,0.0877990436403785,0.0910665749519063,0.08311186908715361,0.08743048676851937
0.09323341060306123,0.17507851787344597,0.10254208377218978,0.07310428960257187,0.12148428663353118,0.10999355641217101,0.167871522914263,0.07487336336566891,0.08181896882309707
0.12774969099022446,0.09761381864550606,0.08133066234680947,0.10401445461629459,0.1052597186912347,0.10143373773048198,0.12994717310599943,0.12015541653997519,0.13249532733347413
0.1420296922198423,0.08743615905387525,0.07565098490454637,0.13210007095721188,0.10670127037968091,0.11281179111432517,0.11345680162643763,0.1170400286302673,0.11277320111381321
0.12914484866669065,0.04451462739724026,0.08347335390332915,0.12625325159808878,0.1378313502158708,0.09775095861309986,0.10034743467572761,0.1486312630760107,0.1320529118539421
0.17825840302351725,0.031920202123482434,0.1499772268314883,0.11694669538972065,0.1127917088851745,0.09610428286747008,0.07091582397260708,0.1157552167312423,0.12733044017529746
0.17286244216333146,0.019004566419223542,0.14151258996147212,0.10945670151589643,0.08899763381425586,0.12625380514988746,0.11148823077754925,0.10316406473416949,0.12725996546421445
0.18013190200592646,0.0651929945549857,0.14473841326730907,0.11593510093652126,0.08154097768901479,0.11127378530733632,0.0935728977326663,0.09868360450747175,0.1089303239987683
0.14316845744939286,0.13314272761455415,0.08247636584205599,0.11862595786409437,0.09008717277081602,0.09577208476741413,0.12332433520463677,0.12156562265513637,0.09183727583189942
0.10172679918367096,0.3356762683517121,0.0912382887133909,0.08614257489625532,0.052367397706257146,0.11014585634835942,0.07443761062265541,0.06627521552815248,0.08198998864954628
0.09451490190752988,0.2059274200384539,0.11461536715490252,0.10333379419779376,0.0894814917980336,0.08461370590234644,0.08109911706759004,0.1274062724758157,0.09900792945753407
0.13299662308724539,0.09177912478014998,0.08448817732329383,0.11897776014656912,0.12371713221526655,0.10310937325780108,0.09692661684896413,0.1305284543076455,0.1174767380330644
0.13361496703390005,0.17110001255216808,0.09045572154259078,0.11934024003505173,0.09586489762309536,0.08736367750557318,0.08487617659181719,0.10854081071182353,0.1088434964039801
0.1080412550992413,0.08977956634043549,0.06580813256783004,0.08912091841422363,0.08119557402209901,0.10882590562091175,0.21809462703387802,0.14413377807785577,0.09500024282352494
0.12156377390804858,0.23978932259581043,0.094031072967445,0.10080649170678906,0.08651194047932176,0.07018255736600475,0.07531772590084783,0.12128171945723805,0.09051539561849449
0.05992206944591431,0.38994026261671094,0.11326675358084885,0.07009280364095295,0.06017810243851682,0.11202033108618437,0.045264489812563896,0.08993304383549437,0.05938214354281346
0.11416939411475391,0.04880886425931238,0.07232674713809548,0.10845963663348972,0.12099972985608974,0.10449462492262145,0.17495044456341627,0.13206334097455671,0.1237272175376644
0.11408221841985511,0.08298649668949033,0.07593657581609603,0.13231191049781502,0.09160781751571911,0.09668441219305361,0.10768611956319775,0.17807027256441157,0.12063417674036153
0.13515929058899998,0.09365678811462168,0.1298274904392735,0.10489776647893456,0.10566431495134525,0.0942435908571869,0.11099522256888474,0.10365351273980351,0.1219020232609499
0.10789153671033619,0.234370042265608,0.0705934474148439,0.07909202023260943,0.10033694538228279,0.1104778013606081,0.08415291096729101,0.11024081421385556,0.10284448145256497
0.11981777100637665,0.016422472704747147,0.1021372129591855,0.09588257482524748,0.11074093444423368,0.15654758607133248,0.08952557870072068,0.2002449208222505,0.10868094846590592
0.10592316440920647,0.02638572895244114,0.08521063071935768,0.22814122221141767,0.11217067230460646,0.11357001617426643,0.07436097517153194,0.13272826689656567,0.12150932316060657
0.07425823817749784,0.407001070003012,0.0660313087475618,0.09013568671508797,0.06499030250409311,0.07958313628067444,0.08273204323382702,0.06974685180132868,0.06552136253691715
0.11683084062372218,0.02654756724885332,0.0876435176152786,0.08423431006953568,0.12268754329617775,0.10175530889634153,0.193679157583625,0.16767532657362452,0.09894642809284143
0.12162725711362847,0.19561594507898503,0.0705798708667746,0.1354382912665384,0.09190302486381306,0.08615402885737598,0.0907241499075895,0.11433529925916781,0.09362213278612715
0.12073364182231727,0.1399257797076783,0.10803647998257064,0.09617521849296572,0.11781433667190984,0.1003303751824715,0.09879932303712584,0.1240840205715471,0.09410082453141379
0.11984851163609378,0.08173919446447879,0.07303330242033934,0.1621490483041656,0.1226936215383046,0.09839167360003759,0.106091582117452,0.12089689454143004,0.11515617137769828
0.15253019735572776,0.1426582819032104,0.08072309667433827,0.12176899973120299,0.08567278310518334,0.10385484540709074,0.09813894238783948,0.1010244257874437,0.11362842764796333
0.11918038272468438,0.09173915545009144,0.17263652767392126,0.07321439084681697,0.10535264333874657,0.09679976972297717,0.09249306226710335,0.1371202252394159,0.11146384273624303
0.11899534226634878,0.060737248610100915,0.07582546132489472,0.1532433556664561,0.1309733819897393,0.10990221335453816,0.10666029422324315,0.1259542720063896,0.11770843055828921
0.12989641294164836,0.035492969208071934,0.08955871430702933,0.11997829291366502,0.0860408552324397,0.11778323231454896,0.1820035673747015,0.11892384707825913,0.12032210862963606
0.09849193312672916,0.03588218352744434,0.15851720994449042,0.07435170703379022,0.11586278647478016,0.14626285294734556,0.10569290040145359,0.16511542354546718,0.09982300299849939
0.13085083191588728,0.07558824120472042,0.09410971137242612,0.11790077522579114,0.10887255436005623,0.11124531825562123,0.1059357176464704,0.11865086371770765,0.13684598630131953
0.13085314022444525,0.033124735113944336,0.15523981867526812,0.10708652616340593,0.1381436728722384,0.08734867678888247,0.11805161553252856,0.12589418955292145,0.10425762507636549
0.11287941093091247,0.03271535918615454,0.08358195300241038,0.11610548248809793,0.13810283339625357,0.11685855766408555,0.14168788576675187,0.12097639223044661,0.1370921253348871
0.09321079768514466,0.06799491240763465,0.09109356626032485,0.09424289937010326,0.08588757123386799,0.11710710056067664,0.2068850664562314,0.1305185904019749,0.11305949562404176
0.10436567453779645,0.2349216216955142,0.13426533179159797,0.08013152899623478,0.09046545415985126,0.0901788720852595,0.08530812477344972,0.08674130396635667,0.09362208799393956
0.13512673917438922,0.05258138386381723,0.07478269579793433,0.10799732404024835,0.13789897486490663,0.10045833497774535,0.11919743248479125,0.14381936609511303,0.12813774870105463
0.11514820134600849,0.025264230066385104,0.08384349167624533,0.1653838020795438,0.11818095648259726,0.12438019652193245,0.11019394013690743,0.1313609644845168,0.1262442172058634
0.14249505290294398,0.10258748318252242,0.08659304841976694,0.11215378448869595,0.10112636271698976,0.10332690909452302,0.08327685506816734,0.14380239718865065,0.12463810693774001
0.12095944019670059,0.11650083932863987,0.11121937650258833,0.10600373815534975,0.08686816391504704,0.11094964524217571,0.12738164909113345,0.11021600163273655,0.1099011459356287
0.12308690952915251,0.029814579078530978,0.09096020055385527,0.12004963830339384,0.10994629266379896,0.11260479401168257,0.13717402850624788,0.1458304663104118,0.13053309104292618
0.08620877015506205,0.3481908196662507,0.07552800085403609,0.07066814380657431,0.07626810827604735,0.08495667690382709,0.10944858563093367,0.06771792313844438,0.08101297156882424
0.1339070704656575,0.05915291318323048,0.07715278016453601,0.12043871151085546,0.11525670661733511,0.10336755077681574,0.12400627642485677,0.13519532286571564,0.13152266799099724
0.10722192167392329,0.02963485476987307,0.21194430410046375,0.09095816795329816,0.09716600927286041,0.08215828138688226,0.19335201521429457,0.09345293061949388,0.09411151500891057
0.12660753979737327,0.08572232894437322,0.09702946953083406,0.11915047908401794,0.10581946896005874,0.10603873097138788,0.11635600270070547,0.1148215710345653,0.12845440897668423
0.08620877015506205,0.3481908196662507,0.07552800085403609,0.07066814380657431,0.07626810827604735,0.08495667690382709,0.10944858563093367,0.06771792313844438,0.08101297156882424
0.13391291675921074,0.06340302192507118,0.07964984328396636,0.12037851258761066,0.11845057333315805,0.10175253524471488,0.11904330358952549,0.13270751732835118,0.1307017759483914
0.09811138578259941,0.14475430196844064,0.0763157117206294,0.1347725965358853,0.10066511413529616,0.11658093693204685,0.09455418732397985,0.12036482345397966,0.11388094214714274
0.17977105186169254,0.06855599158811983,0.08241227449159105,0.16912482847138602,0.07364532285915798,0.12342569467198806,0.09625741572779871,0.11179006151162224,0.0950173588166436
0.10551591101517636,0.039332242975437685,0.108501169305572,0.09716684419701303,0.1500246505727999,0.09832017089198651,0.12557122775859708,0.15096759317053407,0.12460019011288333
0.1280684608074987,0.044099454951918936,0.08776362829431887,0.12129958344855662,0.13427061155427603,0.09661880280344753,0.10414301871952215,0.14437793006844118,0.13935850935201993
0.1546867653513528,0.2652313063877643,0.08951123611875132,0.07583102073695343,0.0660360553407228,0.07849998666761408,0.09908127252377141,0.08031281149613018,0.09080954537693964
0.13556269390136969,0.04923105917562584,0.0991998447827565,0.08850458422448854,0.1376851654051264,0.09949690507159448,0.12282899200463687,0.12139602320866423,0.1460947322257374
0.11450329485362647,0.033967601219330235,0.11236032480114415,0.10123120604694918,0.11070656247626666,0.11164484954579673,0.1261618301935398,0.16364035852036218,0.12578397234298463
0.13109353413128833,0.1849012029781947,0.11773046569257188,0.08946038042625608,0.07923664164504547,0.08771185579570877,0.13765061489439065,0.08114038277592311,0.09107492166062099
0.16705206293179678,0.04312756498809797,0.07624018195269132,0.1407018918618543,0.09827633047437632,0.11803381786935067,0.10220308656789347,0.13471070537810836,0.1196543579758309
0.12668008874386283,0.034770849261421384,0.07341981218519515,0.18977028230332102,0.07504891287896466,0.11286320264012406,0.1161065359872702,0.1643815591107535,0.10695875688908718
0.13116810450395963,0.03860737526314838,0.08899100016425383,0.12324119960883069,0.10939903291780828,0.11676787403678679,0.12610980203635114,0.13968789600102818,0.126027715467833
0.10511781682681369,0.04305537306614144,0.08145592208562973,0.15872867284217798,0.1168380106908372,0.10716024754522785,0.12087510872808595,0.14030931026116714,0.126459537953919
0.13646084335947198,0.0418114796753784,0.08148728411402738,0.12252850553491557,0.12180926700901122,0.10041909436183277,0.12748827197700716,0.13423961786656888,0.13375563610178656
0.12965843550617331,0.05696410703090177,0.08027717644573872,0.12085758260933539,0.12145267581714096,0.10127729358777839,0.1254150507962165,0.13255730837584082,0.13154036983087414
0.139156527456793,0.10579221510558136,0.10415123294075361,0.11003519075364177,0.10651268351539876,0.10126352643285151,0.09643403320960448,0.11950480714976791,0.11714978343560768
0.11585390797915614,0.12238651060917889,0.10817080398013044,0.09303237485999155,0.09814413329377786,0.1138147315030587,0.1214417674097369,0.10348194870772254,0.12367382165724693
0.10303152470386338,0.032069880325739174,0.1763282475974254,0.1364133261422291,0.07739270353270122,0.10758666091989903,0.1498719215493988,0.0920922272593863,0.12521350796935762
0.17736367562359137,0.05544585791633131,0.08631066213511009,0.12470417213766226,0.10573251121646592,0.10506346488442965,0.09977008514932435,0.12602426664624147,0.1195853042908435
0.11185475825290521,0.14272372424752847,0.05257216401551137,0.11196367569619366,0.09719472175311883,0.0965229738333444,0.17082891624320662,0.10812519614439382,0.1082138698137976
0.15321683624277113,0.10312340116068801,0.08131394317582347,0.1338584845668251,0.11540557312524774,0.08572543406150022,0.13945812878980987,0.08247761692956193,0.1054205819477725
0.10084006478538249,0.030959634703305178,0.07495113721230046,0.12987223622331168,0.12215753685541209,0.10474555196891593,0.14647377383432245,0.1662350074379989,0.12376505697905082
0.12477667423539378,0.07283440316643204,0.09525604560649636,0.11558426500315888,0.11790428859167201,0.09939941613060949,0.11454424669758762,0.13055983624004908,0.12914082432860072
0.11998785673929686,0.1971400633454611,0.061845263584572326,0.16007710122328192,0.11793239778938792,0.07063090686033113,0.09883194841671343,0.08114458865252482,0.09240987338843044
0.1634107701567974,0.1483606769292267,0.158718757565816,0.09459906482225022,0.0741848836260141,0.09212694232552399,0.09727688839044486,0.08217093212366891,0.08915108406025786
0.14079114441123705,0.041930882079234864,0.07580601223598044,0.12412874755781937,0.11960420185271205,0.1047042756848968,0.12149602477917311,0.1372816215500572,0.13425708984888915
0.1664015279875545,0.1775179544127288,0.07622392155497325,0.10915430445411735,0.09219942332694607,0.08205215639874329,0.08234283752344958,0.11140553369500598,0.10270234064648115
0.10407599561646995,0.36314256709207493,0.10435002820135802,0.08576702788163258,0.061440646355437945,0.07366634287826378,0.0712397524451779,0.0649588556732924,0.07135878385629255
0.11400483606158451,0.36182968977602276,0.06790260232789667,0.07064080798363494,0.07972212675121089,0.0973361657204649,0.0685246039879074,0.06969912026645558,0.0703400471248223
0.13154322888375133,0.05011144939513776,0.10120010426968286,0.1350767980416366,0.1327287754530517,0.10500864488987034,0.07572640296456232,0.14253881564789725,0.1260657804544098
0.09419522226980694,0.09829026275099186,0.09855766795502068,0.12593455184989835,0.11587626140042456,0.1225992171601073,0.12780191814514272,0.1061214776652888,0.11062342080331873
0.11163725747267943,0.1535467784467426,0.07994222997299127,0.10310783002945118,0.09734467656448213,0.12530300069944145,0.09733176427566685,0.12743650510707,0.10434995743147513
0.11487624373812555,0.040357690517516455,0.08333857956300865,0.1242369812985477,0.13288192722001974,0.1070287109997568,0.14906208685890762,0.12711928642314496,0.12109849338097246
0.17408390513191427,0.23800399757487245,0.18231754828834276,0.0689257652680604,0.05626163566884126,0.06410715326272307,0.0871513410198425,0.05622268701053849,0.0729259667748648
0.14736478451964505,0.02721874536550818,0.08822949738256597,0.0977046303695503,0.13255568254728092,0.14415380478271733,0.1008479368006796,0.13439587875904757,0.127529039473005
0.09744295248059347,0.04067152814430136,0.10706214563721965,0.15386422928758625,0.1380581082819676,0.16552693824740602,0.08021632989520734,0.10165609752905164,0.11550167049666664
0.09094513885039442,0.10117716977074231,0.07337295732058616,0.14308211777699373,0.11761737401759816,0.09215364430713918,0.16241001391355844,0.12031781862580652,0.0989237654171811
0.07264677625370995,0.008467865883479307,0.22463315104397172,0.14255375092184683,0.11351151659625806,0.1781931819349807,0.050972748944992374,0.11938453699325029,0.08963647142751074
0.10320802398935196,0.08859513438788157,0.06738834430554715,0.09499148816094556,0.09804925473233818,0.1121886744405254,0.18026466903828411,0.13353182527633925,0.12178258566878679
0.1333549731361181,0.0347797995251049,0.08574644266365082,0.10562790102798575,0.10304410345459929,0.11096760843338795,0.16730639633474265,0.12121346389379484,0.13795931153061577
0.12742113914065248,0.11213024330244131,0.12435355833241062,0.10181777452638362,0.08606083701936301,0.10650170763666862,0.11350115397679615,0.11226713451848364,0.11594645154680057
0.14109907189336457,0.06829414259536946,0.08179010544290259,0.10181792802454188,0.1227988583123411,0.10431829141507089,0.11443014108549142,0.13875009169997052,0.12670136953094752
0.1148960015157932,0.018693980594468727,0.17048803003167046,0.11119986888299775,0.09186505289926572,0.14107377871982382,0.13188939870748975,0.14036167622335116,0.07953221242513935
0.1653414274710124,0.24176020559539294,0.12156719984726572,0.06483174944695826,0.07614511669231229,0.062042589108367845,0.07312792982770049,0.11281570902636175,0.08236807298462834
0.13856036405232772,0.05494678560138314,0.09871899759447068,0.1035447103818496,0.13195052117020747,0.11207419226253396,0.08955675257692242,0.14476896058185326,0.12587871577845178
0.16756366016125068,0.06094459856908632,0.09044442226885603,0.11109650555266669,0.11124371687043966,0.11564713187147309,0.13526571193575784,0.09352481792700824,0.11426943484346153
0.13540710255141117,0.03913240760723962,0.10550970895055405,0.12288613899595004,0.09909763105774522,0.12455461447654076,0.11946136345936746,0.12778818121352573,0.126162851687666
0.1323826558863542,0.12678730195272492,0.10558645643272278,0.1072718500111069,0.09706397742826257,0.11311609924002569,0.09401338233487382,0.11363315792920543,0.11014511878472366
0.13094948627582226,0.0348347539768333,0.08167940581472687,0.11904288027647152,0.11422891502539695,0.10032815150086975,0.15715450362204172,0.1303184209825098,0.13146348252532783
0.0845917393420045,0.2798651423919393,0.12255792410441564,0.058001585853270476,0.11158403870470879,0.10353239412352626,0.09708070946170183,0.07443594948641245,0.06835051653202073
0.13520042747636282,0.17653628623853446,0.10926305033331352,0.09990962054921622,0.10462445713838094,0.08326715808264566,0.0796582351369912,0.10637048073029283,0.10517028431426234
0.06395327532220796,0.01579998861707908,0.23538019961693188,0.11504799897077744,0.14179531026031508,0.15232344221507085,0.07266131849358869,0.10510869578483158,0.09792977071919749
0.09822485734286442,0.025106972435941583,0.10362936765479402,0.13967439059707146,0.11261479418054822,0.09285636399264001,0.1369305100898406,0.17649116024225253,0.11447158346404714
0.12416954394745328,0.09960830378068652,0.1104317724172385,0.1291802631459676,0.10114923610866466,0.0980087815165725,0.10552693724870776,0.10838925974395226,0.12353590209075689
0.1641372794826659,0.2926383456434889,0.11081635679340375,0.0729220138390703,0.07053491636054154,0.06007628194392742,0.08556593795982681,0.06680982801456,0.07649903996251543
0.11590292903438709,0.02662556443362489,0.1035140226481367,0.09419778227705677,0.15840963070599481,0.10100561544309043,0.11353180944844136,0.15935199916450263,0.12746064684476524
0.12289235715661494,0.04740491031445332,0.1216463347080723,0.12453349607642504,0.09118976079346452,0.13900806822116785,0.100368284919978,0.11962615937558212,0.13333062843424195
0.1101807172476645,0.020788058721600538,0.06815270165074759,0.10079522551421628,0.1396847452135767,0.12625669971545375,0.13832190652932685,0.19220518090370972,0.10361476450370403
0.1217094807397512,0.13986540055678895,0.0834355857091937,0.11057403468130615,0.101041227492164,0.09471291527556912,0.11223934800168534,0.11364087524013185,0.1227811323034097
0.13293037299647426,0.17551686805242617,0.08688239842746533,0.09579223650414397,0.0834317568921607,0.09751972321824197,0.08267672348853365,0.12419538235503984,0.12105453806551408
0.13032950983022304,0.019589820417177675,0.10613729732988175,0.11041008206091606,0.08996414306575229,0.12953441366306087,0.12990123435534973,0.17809400979390022,0.10603948948373836
0.11180016851559009,0.053222990647409686,0.07077686246940601,0.10522794732746078,0.16124844136537086,0.10656578827867862,0.10198077162509421,0.14844657139172862,0.1407304583792611
0.12710361616805008,0.04011377779104366,0.0652233118086265,0.11748869309627914,0.13268214036623663,0.10090190343208501,0.11885618361881645,0.16323432672900637,0.13439604698985605
0.12316039869793634,0.03582551684453799,0.08251508118272016,0.17513588829868235,0.14215749120409102,0.10346103009675679,0.09164528747817678,0.11853909043605614,0.12756021576104234
0.13741428767362474,0.06481620166457308,0.07333072819729712,0.12226119373808686,0.11710504589778242,0.1046002329067172,0.13013571161106388,0.12979520242597722,0.12054139588487746
0.133417329421501,0.049490740702519936,0.08435691498425202,0.08463997910726363,0.16020996720315658,0.11612281230936179,0.10029113386207866,0.13402657635923512,0.13744454605063125
0.16739909407548614,0.0328075758570597,0.11909724008405122,0.10723461559995795,0.13024619891114156,0.1481306001738352,0.07586351758266295,0.11197401729823524,0.10724714041756998
0.11551179453711548,0.06712809259847428,0.07559105244011427,0.14445397237228683,0.12344924817086685,0.10749045374860378,0.11527785051651597,0.13198141478414466,0.1191161208318778
0.14064479969057211,0.03723674101421507,0.1053665519121113,0.0649453468697516,0.1375850678238086,0.1578484640898242,0.10835971839004155,0.1183713541806853,0.12964195602899029
0.16155224511963814,0.031218877831567113,0.0883314978723397,0.12607487269800344,0.08796017555961982,0.10066572430648445,0.14428246907785117,0.14075923428039952,0.11915490325409663
0.20175384781651573,0.025780791686999403,0.10720269937720578,0.09402820244119427,0.10742067038596574,0.12943273457319904,0.11693808406924634,0.12211496023105177,0.09532800941862189
0.11037379442472932,0.12243003053858714,0.07587668133672194,0.15679790051915873,0.09688782181703866,0.10262578825465592,0.10039726810909555,0.11408630714907801,0.12052440785093473
0.12397256736639202,0.019464213300885425,0.12455316651558986,0.10851293861630813,0.08585844400425298,0.13189235925777434,0.13729480517281314,0.16786142414264918,0.1005900816233349
0.09239388934486333,0.12552206919798883,0.08848905424286109,0.09391485567887196,0.15325682282343567,0.1136723260742527,0.09760112126157716,0.12851706440777613,0.10663279696837308
0.16065672136195094,0.09611615263072355,0.08453081260561324,0.11483191440174388,0.10026843933782624,0.10561599357941015,0.09760116153076985,0.11627007908291621,0.12410872546904601
0.10599156650054213,0.038475086342680875,0.08564204084829109,0.1052187353523204,0.13378136591896309,0.11716474121824914,0.17501033414428405,0.11273424385662793,0.1259818858180414
0.12479230926491097,0.03504683711467086,0.10206971552592277,0.11029216326234594,0.13661288032606148,0.10122294414772832,0.07075130989351325,0.2002989486839364,0.11891289178090993
0.1313852762733411,0.03615830601054947,0.08383876309719662,0.10745394561740401,0.12627257183368673,0.12592282745588998,0.11786387440398145,0.13817221297000695,0.13293222233794366
0.11877290472454262,0.07866665912617099,0.08990599299234603,0.11151648572087008,0.12239765643372118,0.11045234349220882,0.11969230133666864,0.11318728601050261,0.13540837016296906
0.09815169034418608,0.2070224311748284,0.09104869044140403,0.14243289143018276,0.09592200416030389,0.10071538107654254,0.07056697089233983,0.09946145774993158,0.09467848273028094
0.11080565632824675,0.037184776694114775,0.12863344742310576,0.11138937165499613,0.12397891133747803,0.08691252870206399,0.18919872523097628,0.11050709869087894,0.10138948393813939
0.1509135721812101,0.037973047102645034,0.07664670454284571,0.11669526838220241,0.11293580139196757,0.10604110163582964,0.12612583588278517,0.13605055724589407,0.13661811163462034
0.14255052002700616,0.015152406474145813,0.06957853989957512,0.14306923691756615,0.09057722809820357,0.14525928265645602,0.10198011811777104,0.18538969904344804,0.1064429687658282
0.11549338628056653,0.03951977634655451,0.09547695416528641,0.08375920640748286,0.17372121609563326,0.11620195321128303,0.11811690600843655,0.12816467442489513,0.12954592705986176
0.11265535117639362,0.017522089912211464,0.10473616140187093,0.15677399916971305,0.1302254523802083,0.13672525097691648,0.09713698380478901,0.11519701936669728,0.12902769181119986
0.13520042747636282,0.17653628623853446,0.10926305033331352,0.09990962054921622,0.10462445713838094,0.08326715808264566,0.0796582351369912,0.10637048073029283,0.10517028431426234
0.12663475992169945,0.05183390060772686,0.08585317096511276,0.12247428928445682,0.12118608871988142,0.1008471651237594,0.12585808832333958,0.13209002302167935,0.13322251403234428
0.13391633412197493,0.05150077963322408,0.1403726152558743,0.10901281095421522,0.11921690660214916,0.11419588312052065,0.07281343904778524,0.15280009320619767,0.10617113805805874
0.1617640759175954,0.046696760604711895,0.08860874656712854,0.1153121936917974,0.10753793264912086,0.10708501165647201,0.11701007157885446,0.12039568372945504,0.1355895236048643
0.11492119134526375,0.0883311650185753,0.08362973422976407,0.1251520458540679,0.0893883911084163,0.13470565419302918,0.12481354565648699,0.10860327737871778,0.1304549952156788
0.10511859316509255,0.19612299965088567,0.08179451673935843,0.09588490362908586,0.08943370356463458,0.0882114706172743,0.12005362650343404,0.10972722424558612,0.11365296188464845
0.1973701486633688,0.09571699757445869,0.09345901966351572,0.11265754202958685,0.1338741246171577,0.09430645898725441,0.07056047723527102,0.09980027377125039,0.10225495745813634
0.15120015767610084,0.0561685408814242,0.11634422410222973,0.11490994289555906,0.10296684165152216,0.1068279862659021,0.14502337681257063,0.09933378247638487,0.1072251472383065
0.11944030768070689,0.04121179679085579,0.13673112198107928,0.0994379326428096,0.12031981594150636,0.12403383007001238,0.07174420557895729,0.12869134155409703,0.15838964775997535
0.07691347999814703,0.21819365324515505,0.23701882754115755,0.09082331850143975,0.07009368857597188,0.07563750522389513,0.061971990259224514,0.08198953786849279,0.08735799878651629
0.09429771610015497,0.18976267283398296,0.18250730320160846,0.10349081923006649,0.07079333228533614,0.09774234921102772,0.07384633479797059,0.09184228666363181,0.09571718567622074
0.11742154887115898,0.04427132211634829,0.07583937971135508,0.09077545304455716,0.12261704295927815,0.12081468035529334,0.15989905117613482,0.1256460770478017,0.14271544471807254
0.13258846791685117,0.0544869869033896,0.07729266539831406,0.1173820138481525,0.12321889854432692,0.10151596006103965,0.12676528369724105,0.1338563886906905,0.13289333493999453
0.12965843550617331,0.05696410703090177,0.08027717644573872,0.12085758260933539,0.12145267581714096,0.10127729358777839,0.1254150507962165,0.13255730837584082,0.13154036983087414
0.19404056496141808,0.07652790862708007,0.11313942925935651,0.09121285206055874,0.11002170944899092,0.0859931386403766,0.09218267444647806,0.12482016297356206,0.11206155958217894
0.10838706996909887,0.214340486433277,0.07071731081710082,0.08326129837885678,0.1282340583292353,0.0921375524057353,0.054417163444680616,0.140798405766747,0.10770665445526839
0.08682579521742188,0.06188190236695246,0.12886658815056737,0.12003150527418498,0.12422650213047808,0.11757066946319154,0.13875956877963083,0.11966355688624798,0.10217391173132483
0.1342406977118018,0.047964332777838424,0.07781934779552173,0.1224271966386896,0.12222185369498746,0.10198983212989504,0.12362942455176827,0.13605715006742777,0.13365016463206988
0.08079930587995456,0.010738952738783128,0.1408928915663617,0.1357260837007214,0.12712025298731044,0.14379790849976923,0.12599215037749992,0.13184775853864378,0.10308469571095576
0.10115282885864114,0.017346490156965322,0.11435989381554651,0.14138476881453163,0.11316659616757362,0.11421274924520097,0.12386954216000447,0.16314437483867697,0.11136275594285927
0.10421149475916353,0.031202753322989035,0.08030556109992719,0.12169802964742604,0.18904681447980629,0.12491051689080625,0.1275053755123261,0.09835447196962634,0.12276498231792926
0.17433994136734046,0.07558908967035921,0.15343802445198315,0.08855536770468359,0.08131041366873921,0.0909950939843262,0.11837780613526268,0.11390507525608155,0.10348918776122397
0.12401529634150439,0.04291526477351262,0.0778744245221487,0.10640248446136226,0.17582678321753653,0.09899954250193388,0.12189241882297969,0.12096340988653091,0.13111037547249108
0.09627120807948113,0.19795615019000035,0.0938182855194556,0.07554594662186531,0.11104492403425407,0.1190356143747406,0.09987781330211006,0.10759271716275991,0.09885734071533303
0.10575576567244,0.018321372098689392,0.12754614419341603,0.13254569326991936,0.11868360880784244,0.16921619312626493,0.09432094105408162,0.11466770519214331,0.11894257658520291
0.10179531510247923,0.021843342317329876,0.09077688724681778,0.1322288131667323,0.1726868865700577,0.11769392270235196,0.12912701430033813,0.12356953211745558,0.11027828647643743
0.1203349842948881,0.28733829374246406,0.05461107784702022,0.07977460322105091,0.07893389797074679,0.08607816054576233,0.12946648706037514,0.07271952852660733,0.09074296679108514
0.14949155046770493,0.04892899598776231,0.0835175367882664,0.11304255304079323,0.10796204893572758,0.10630470859863266,0.13979076866859522,0.11409827040759835,0.13686356710491931
0.12232688234847948,0.028333699285653522,0.11259755010438803,0.16793893805716262,0.13051440255974525,0.11035361465679462,0.09171761883208836,0.13197768133129906,0.104239612824389
0.10647911360505764,0.018494706528288923,0.08920117621185619,0.14534533016816317,0.11498417220743441,0.2106500811365247,0.0751002315643966,0.11482964586593432,0.12491554271234402
0.1342406977118018,0.047964332777838424,0.07781934779552173,0.1224271966386896,0.12222185369498746,0.10198983212989504,0.12362942455176827,0.13605715006742777,0.13365016463206988
0.07277962428797173,0.3962639973855128,0.12068559473566944,0.06678569249457506,0.05631158423954902,0.06151132058075739,0.08183358565813775,0.06521354749941778,0.078615053118409
0.13294437451759883,0.059395549497536566,0.08404856936657705,0.11451735716397259,0.12123177973635955,0.10377457576028677,0.11241182736452227,0.14024180033530995,0.13143416625783647
0.12388266519703628,0.03874677263088854,0.0776191574364445,0.11932196375333627,0.12121266444000649,0.09468326615430593,0.14122332213910124,0.1528067366083386,0.1305034516405421
0.12871077859273883,0.05057443612356909,0.07775508207875476,0.1272779810796698,0.11469031072244722,0.10205274195858562,0.13511895327230158,0.12996481177784144,0.13385490439409167
0.17366996114809796,0.06208645996183378,0.20125283460752993,0.08457588525205349,0.10489048399036627,0.09728676509613093,0.10713231915385302,0.07476727202344008,0.0943380187666945
0.1044174655562225,0.01645005293399877,0.18689173204554035,0.11038273813862491,0.09225580223346923,0.1744201013149398,0.08208558901736397,0.11812520497406376,0.11497131378577674
0.11654535401116466,0.06771619233421605,0.12517429592734788,0.11849507556894899,0.11046585823410893,0.09454370821006858,0.10147595425880664,0.13576165246613955,0.12982190898919868
0.1632680673801064,0.033439151125539544,0.10170580752751572,0.10939775635796424,0.11263858440710288,0.09995707592257964,0.12991832209454413,0.1220061421712753,0.1276690930133721
0.11660765161666709,0.04479842243696031,0.09398594364824471,0.12453882666153686,0.12190411992292272,0.1115517190857795,0.11891203714239924,0.1342094732794619,0.1334918062060277
0.12568425240657735,0.08992459962001888,0.07673265587170512,0.11265466783947542,0.11397230096613775,0.10300625069299953,0.12473552740599585,0.1286950347316124,0.12459471046547772
0.1468218460820787,0.0771985847495444,0.15694430730970263,0.10459578387997502,0.09419887160888041,0.10468518419065657,0.09719630307086309,0.10421411370489046,0.11414500540340866
0.1331942292706028,0.04156854716722048,0.08651317757095543,0.13904296306220829,0.14615107804143104,0.10044362951138071,0.09803998365223936,0.12308771633717615,0.13195867538678585
0.10375967565614534,0.020047683853420914,0.09366827309063108,0.15147607078820077,0.1552102740021241,0.13179697516833208,0.11393971429779515,0.11244443788558107,0.11765689525776958
0.11328680383074913,0.13544846330470006,0.09252641077743633,0.11206557719885564,0.09110648315546065,0.10275965844337442,0.1295350618993126,0.08931938124721432,0.13395216014289682
0.11291179149297255,0.19119954736765446,0.15007164419046745,0.09343888993234746,0.10241332179335234,0.08885430023099694,0.08646059085427993,0.08266417219699819,0.09198574194093063
0.16900672678262332,0.0481012415069751,0.09072859334884953,0.15418245913114012,0.09302281614505552,0.1273620534057399,0.09075142470589999,0.10200168924844481,0.12484299572527174
0.10313872252657101,0.41482214126262235,0.06400243373873454,0.0764488107724822,0.06611975606549696,0.06844625189102183,0.05712127062945549,0.07550067158807834,0.07439994152553737
