0.1176159726290773,0.09889491852189013,0.11811746804781037,0.11186068808805566,0.09742117139706241,0.0853965416906453,0.10459609022503584,0.17126740844738741,0.0948297409530356
0.11973073038393617,0.09946907779920595,0.11677588781173422,0.04106276325686073,0.16861789227593302,0.12032340189918411,0.15347436406053525,0.08930571576082709,0.0912401667517835
0.08439143325542797,0.07608444604647614,0.05164376796527106,0.14521550552117007,0.10648335374002482,0.11029548065935979,0.04639802543606806,0.1548020589299167,0.22468592844628535
0.10186413933207393,0.12097632225913608,0.09887722634192385,0.05450908334106838,0.11132322978248038,0.13758362009574618,0.08352477955651362,0.10154652794147574,0.18979507134958193
0.10815065518683602,0.10065153309190072,0.10020561790969806,0.0981574683317654,0.12527333877342064,0.1058077201693382,0.07243238164515808,0.13584135869762962,0.1534799261942532
0.08991204513430008,0.09073969077245791,0.10238007084581728,0.20439080905838525,0.13328468889390388,0.08816452574768364,0.07784157171672823,0.12348059912637409,0.08980599870434962
0.09980899245056425,0.10890082180548398,0.13306454925904024,0.08878217483661936,0.10931981363101721,0.10258728536871807,0.12314088432452353,0.13910867711127936,0.09528680121275397
0.0960105982339481,0.10013553536568136,0.08977880202834958,0.13313690290069927,0.1425412629741263,0.1188121394823765,0.0960825030805288,0.12836257095648773,0.09513968497780224
0.0908231773667293,0.10305127139905827,0.09339317458674479,0.042735531060418684,0.08854555103179045,0.10652713948748065,0.2617462301389278,0.13928643787322356,0.07389148705562648
0.10661022802440644,0.11760917890269972,0.12229229176865426,0.10283564725487422,0.14112146814579887,0.10030349515579211,0.0926730845271293,0.09615669335302564,0.12039791286761947
0.13801275928667497,0.12209641083118154,0.09026138738204549,0.07906136779074223,0.16012695128896648,0.11364315656919666,0.0656132114965103,0.09263906206366683,0.1385456932910155
0.07982049061025014,0.08662154401152423,0.15131645447950035,0.07709861701515093,0.10281108732551993,0.0804238928100051,0.10799827452314277,0.14471448033210285,0.16919515889280376
0.11632305022966345,0.11934717561357555,0.12429864813208173,0.08321864919066983,0.14285475547841534,0.11273585930366048,0.0888745072420435,0.10877137164398339,0.10357598316590673
0.10728831354555411,0.08995591207532165,0.12958061282069802,0.13371086959219194,0.13875610014780146,0.09088217977699625,0.04586021243318681,0.14906177495381015,0.11490402465443957
0.13231312163312092,0.1313892105250578,0.10614011307926063,0.05374488900859977,0.09876990589341016,0.1307506784751943,0.10947673030633918,0.1514481319900749,0.08596721908894238
0.103661246693593,0.10550250342163354,0.09022412711542095,0.06252570589848562,0.12827041945457932,0.10818518037704945,0.1717463151968939,0.15152186910865598,0.07836263273368817
0.10460920378925533,0.11395668097382312,0.12362049337826751,0.10072976321934746,0.12552405190688806,0.09898086733250716,0.10524617753623859,0.1410169180174782,0.08631584384619462
0.11531672905417706,0.10386841041390042,0.10528967058967187,0.1519621778165322,0.11633509343612754,0.10346095050375541,0.10360617231896198,0.11825870887191697,0.08190208699495659
0.07807265791795602,0.09879901852621015,0.05457195284724947,0.11821923768285784,0.13172769970861545,0.12127257740158622,0.057793841063785927,0.0577090955704526,0.2818339192812862
0.08652081965633218,0.10090069328166333,0.07848308966119609,0.2058434804325838,0.12252700363383312,0.11177734232636012,0.045106135482121036,0.08794968924279278,0.1608917462831176
0.10705856606138857,0.09284506396472793,0.10947637955089155,0.06430904297733957,0.09352661841217601,0.09446486609139138,0.23914811100703046,0.1297831374626723,0.06938821447238229
0.12338807386953125,0.10953345107787944,0.11151204689196181,0.04403141429877411,0.09531183704080182,0.09230160390666149,0.2033840047963655,0.08013204701167036,0.14040552110635418
0.09121727439842885,0.06482499035943572,0.09797861617113039,0.03792255134972039,0.11255865096675789,0.07467519973326826,0.07966039518111427,0.14412321860819868,0.2970391032319456
0.0979736813212461,0.1294733426426685,0.1315746331185844,0.06603730480569048,0.07375055357288433,0.09745457801175039,0.18144085768154147,0.12397963457555732,0.0983154142700771
0.12099208015060753,0.09827167172943586,0.09046295702701702,0.06725100978555522,0.1275001055744198,0.10017842386616982,0.07312739313319065,0.13514822767828505,0.18706813105531908
0.09550700433005994,0.11222570136003844,0.11931565900311636,0.09259507892046957,0.10144165320571209,0.11591115828732745,0.15163156063258817,0.11608388397690557,0.09528830028378238
0.06827880492290163,0.0844025006601043,0.07760201182968912,0.09759280902393619,0.0706046508229392,0.08104070944232193,0.3273229031835752,0.0701753464387218,0.12298026367581062
0.10541238712933561,0.11409277548184348,0.1332771674994445,0.08339722380388935,0.12987472131406583,0.09969940268557899,0.09415251709665573,0.13405293881706443,0.10604086617212212
0.15069398646460422,0.11518292610393226,0.09999076013948481,0.04114112858275068,0.16718444578179772,0.12438320120424856,0.08155623229621464,0.11440964445422691,0.10545767497274013
0.11613897988635331,0.12564877805150618,0.126377234442456,0.08511697371686244,0.11143576632835982,0.10973507263928804,0.0954010458922908,0.13757744813280337,0.09256870091008007
0.09671969064598197,0.09414684617201412,0.08882516450772364,0.10849755366080223,0.11876199350351709,0.11073267711539901,0.13011171777714553,0.12275797060575418,0.12944638601166228
0.09056442627248168,0.08896323592788806,0.09653726365425379,0.04795787548606878,0.08878760149560062,0.13166602820789827,0.29372694841705344,0.11740407342454366,0.04439254711421172
0.11498253370094617,0.11084172824175237,0.10799173178330372,0.0833991556164377,0.1447581219083983,0.10556431907197437,0.09008757876247471,0.1292415382776129,0.11313329263709966
0.11825775378780327,0.11630190024954923,0.08757116468100429,0.03803811678097704,0.17993309928915516,0.12270843760580226,0.0993883250288783,0.054259437574157986,0.1835417650026726
0.0906254413609406,0.10014315124816808,0.07651687293660603,0.22586740493273635,0.10776212977617401,0.09345664141789982,0.1535791576190853,0.10681849171785761,0.0452307089905321
0.1115401567490988,0.11620254479253382,0.1224471500607532,0.09233942105950282,0.14289356701595277,0.10589576124400925,0.09690687892287343,0.12350495651283046,0.08826956364244547
0.13872956477083195,0.12206581780433728,0.12860778901330724,0.0702606754595045,0.1572450843990372,0.10108896906192084,0.09131312313641148,0.08731778309749406,0.10337119325715555
0.1186092264980176,0.1337573130835121,0.11043739920241319,0.05516914813753596,0.0848230140193274,0.12114249219924363,0.17869341844925243,0.1271664996477879,0.07020148876290978
0.09790030540605103,0.10411111176638532,0.10251591457429103,0.1350098918218716,0.12590084652318015,0.10963356362996107,0.12330395305544746,0.09881511485535348,0.10280929836745889
0.12634525210373954,0.12604102928170907,0.12122973075747812,0.0938997643874348,0.1250878428483206,0.12017098295241153,0.10590010820929878,0.09052869812158153,0.0907965913380261
0.0960638021924914,0.11005483757603719,0.10498071049783879,0.09203729525571296,0.13223434166089243,0.10727362960502522,0.07952921947337825,0.125676105823766,0.15215005791485767
0.11299456174557365,0.11068102120726435,0.15571496892152262,0.08774081814022287,0.11979692345165233,0.10286496015515752,0.10563966574756108,0.10624106931699766,0.0983260113140479
0.12227691626420989,0.12564276277981137,0.0989650559390066,0.058379921639592026,0.09931959958377605,0.12928211812021626,0.1212147690787576,0.11632568130862501,0.12859317528600517
0.09485813592814178,0.10087209953931281,0.0857501651590125,0.06855519444533283,0.10328622391267521,0.15140054143375248,0.21047526825722662,0.12851680857341544,0.05628556275113044
0.10145693532166539,0.10538025519158441,0.07462021189029215,0.06022193989891265,0.08403003623776417,0.10472444534439118,0.280143135462668,0.12821177732220412,0.06121126333051802
0.1181121618879472,0.1260057717028874,0.1313502854328047,0.09209384438443481,0.11149828601776722,0.11200767952552214,0.09936811877451356,0.12469124240702435,0.08487260986709862
0.10445800859681975,0.11280867786555093,0.10739781693648305,0.03479530359340222,0.08821371843088689,0.1275458535318622,0.2714419264842692,0.09310592275171448,0.060232771809011175
0.10210568521287787,0.11077467923021146,0.13647678875296887,0.07558766025974473,0.13206227269468776,0.09451824451202762,0.09652647074847082,0.1444263843626373,0.1075218142263736
0.10932171899982125,0.12740453947447455,0.10306704882509939,0.04993020399130369,0.06731644101264832,0.13329317657296647,0.25509438446264643,0.0725024430246345,0.08207004363640548
0.11686214281696398,0.11713347154574354,0.17305310350155842,0.04488636190506313,0.0973602730226455,0.09845128700857975,0.08024586629867021,0.14186804872039824,0.13013944518037712
0.09708332477088438,0.10483251006664351,0.07571013211806167,0.04280397180106953,0.08646216882763168,0.09748011482685108,0.2619887160387083,0.12203812231549445,0.11160093923465537
0.1020679579902967,0.10951800027448348,0.08022573832821714,0.09102951933504165,0.11568519634509576,0.10648345554109818,0.08775437885687266,0.1380857942169351,0.16914995911195932
0.09720081428210108,0.10278666806008029,0.11066135635401941,0.039880441056283265,0.12919754306575124,0.10761994673295239,0.22970822658885856,0.10988708853426987,0.07305791532568394
0.09183006052185876,0.10507256838707925,0.092442123846586,0.12395120230366846,0.1202193889172517,0.08844431006776764,0.0938264614436639,0.12784920886976495,0.1563646756423594
0.10218883131995016,0.1162577572498143,0.09273740938070203,0.08485460998938647,0.1256644542937677,0.11128928513392511,0.14641309482363102,0.12444439174595075,0.09615016606287234
0.09163270120961532,0.09714208034865023,0.1323486249406412,0.034218493687442335,0.11662658232557903,0.08762087884170072,0.20747074222400574,0.11036476177003779,0.12257513465232761
0.08504015158397767,0.09740409267639205,0.07682739617073178,0.16251456482384607,0.12194745523633886,0.10629630556666832,0.09095030950460652,0.10152408898506682,0.15749563545237197
0.09517010772079972,0.1142813544281313,0.11849560566283222,0.060336300653816455,0.11959475801849347,0.11660096842377336,0.16642899221362514,0.1139686420134155,0.09512327086511287
0.13054105623776552,0.13297593916798178,0.11772198146008868,0.043043716826441945,0.12613074908602093,0.12364912511417343,0.10540793457707409,0.13782239010106873,0.08270710742938486
0.0990750327077606,0.1173197230987212,0.10986802037913594,0.047847881865574544,0.08256949372019044,0.10448727413737002,0.2517935225746764,0.11295694239882487,0.07408210911774604
0.1115401567490988,0.11620254479253382,0.1224471500607532,0.09233942105950282,0.14289356701595277,0.10589576124400925,0.09690687892287343,0.12350495651283046,0.08826956364244547
0.10599258888538697,0.11055222108773011,0.11760067682319085,0.05676532449146465,0.1037355139432234,0.13006363034553658,0.15467283807464552,0.1500121137271184,0.07060509262170354
0.10551137836951559,0.11296122646842559,0.14239753132615604,0.044694393086315565,0.17106005518882364,0.1003662957845366,0.1097434580740237,0.09766833420546915,0.11559732749673406
0.09189670031795943,0.0857921440512369,0.09485722057630624,0.12291956094504365,0.14116363932508477,0.1035480779277147,0.057159488076735786,0.11565263080284809,0.18701053797707043
0.10682035234663982,0.09764387677710851,0.10891930510895453,0.13183881765282898,0.11257280870310099,0.10837640555175099,0.08815495669287225,0.13779802181536682,0.1078754553513772
0.09705987173548329,0.09767575790373895,0.187695456192881,0.0779709711761831,0.07342800149222148,0.08653769859922722,0.13409323407647347,0.11658653966497716,0.1289524691588144
0.12691563374409687,0.12451649514663177,0.10372451351529315,0.07294604695359423,0.1262353562382444,0.10728713700564167,0.15152970372664978,0.10492567320432437,0.0819194404655238
0.15777837856355523,0.12929043056240894,0.14833895065355357,0.027529670121607366,0.13654386588664746,0.14804247762328468,0.12067628628159666,0.07909276976932364,0.05270717053802243
0.09222229166199232,0.09230903716814044,0.08736047646144464,0.0783935315207493,0.11767720816187288,0.09071292210347244,0.23620694386945776,0.10663144321079998,0.0984861458420702
0.09652713468624564,0.10711176650424055,0.1607851277882698,0.06061639519462523,0.10030684650663224,0.0881918554119862,0.14265810669744786,0.1380121113827221,0.10579065582783037
0.0877816195629914,0.0941285503495572,0.09232945462407105,0.23086802062668155,0.13157235559123293,0.09482864525452435,0.07160917559693587,0.11018134589288342,0.08670083250112233
0.09929668701961851,0.1149556943642767,0.11572219577127862,0.09362492808598384,0.14238298362677823,0.12005541940027205,0.09811164640478072,0.12019206961584887,0.09565837571116244
0.10484744309157497,0.10875873843799022,0.13528220698856774,0.06946794063800346,0.15518634253828564,0.09769982561214335,0.08657349694867017,0.09578390666493407,0.1464000990798304
0.11259874107317402,0.11667698783461256,0.11771010689406271,0.08919715888318398,0.14761154132765408,0.10974771358276346,0.09553464139938202,0.12447681314009999,0.08644629586506718
0.10830326355145263,0.11015932978998007,0.11603460008871928,0.05268166636852776,0.12646112440114898,0.1086195743755819,0.13683519973466618,0.1487295715503927,0.09217567013953047
0.11870340988434831,0.14198396755130452,0.12141326462270875,0.08413091350440605,0.09601999892753554,0.12184246669293464,0.1386512514673197,0.10863618006305013,0.0686185472863923
0.12335922169481293,0.11017674687401313,0.11481496669032358,0.10276625905746832,0.14388581697552547,0.11208301763360558,0.09289407496034736,0.1278586107015053,0.07216128541239826
0.08082864141095819,0.08874859752083908,0.15243968927150534,0.04247679578786694,0.16342211864899256,0.07289750246522302,0.2003020861194628,0.07907123666194367,0.11981333211320838
0.10329408355192964,0.11927268430022993,0.11557215809961842,0.0954090780107919,0.1837470452322588,0.0989041954535146,0.11806237834374615,0.09928159415344441,0.06645678285446617
0.08702632168915991,0.09759736030702953,0.10591353760792478,0.04322080754420934,0.11409725070436148,0.11433109421939003,0.2290857161845092,0.10023653048793985,0.10849138125547582
0.07666345089660964,0.1003082516097693,0.1101984648729764,0.05997270815106079,0.08182852784186186,0.14678753687867277,0.29459663403397235,0.07372377716482696,0.05592064855025001
0.09360464719068384,0.09794918348125625,0.15885124505087284,0.07525019018381372,0.09379417256148902,0.08131754359157917,0.21129126703973045,0.11905300954240088,0.06888874135817387
0.08415834274548563,0.10392107818738232,0.07624218150416028,0.2895615211063253,0.11841762912055807,0.1018310836616923,0.08134785795288269,0.07320046744828636,0.07131983827322703
0.09532160943678948,0.11265568897214812,0.0937365966158941,0.14590444599721117,0.14178983970179063,0.10400002669106763,0.14417271871485826,0.10343206879073373,0.05898700507950685
0.09514612261874018,0.1133149339401548,0.09297214026100531,0.11844840912065809,0.13256803308044618,0.11582885376963399,0.13562100611255642,0.07317872293612417,0.1229217781606808
0.10189948558224726,0.10053930776275699,0.09396104037874338,0.05361896519703822,0.08548233866076616,0.08464899230875252,0.21813657631450722,0.14659587181567002,0.1151174219795182
0.09804816702206441,0.11761015821814419,0.11825027453914204,0.06572281325841486,0.08479222968365646,0.10108706374208389,0.20809475430999114,0.13979844162497168,0.06659609760153128
0.10516099837364783,0.11462317813868356,0.1039097155186179,0.08038719231073099,0.1487607964500204,0.10474464686504441,0.12151383088220384,0.11842428297616824,0.10247535848488283
0.11016161636922367,0.11372467303616057,0.08808695124439819,0.07803669163180482,0.10162352861703088,0.13020921595949542,0.20350884389766746,0.1215800965896033,0.05306838265461574
0.11069404204049156,0.12046590380691276,0.13216285939577177,0.07887224683029535,0.13041357033530573,0.11548396990527517,0.13731969170912714,0.07307681646041722,0.10151089951640314
0.122412706932701,0.12047791034948058,0.1715787697545922,0.04994977537984855,0.07437856494540855,0.10853418497787136,0.1646187197854853,0.11469639674172039,0.07335297113289217
0.10082415436881387,0.11314064417621172,0.12131543014444628,0.07248630242597932,0.08273419685715183,0.09628754749399732,0.22910516287917393,0.10990526687140496,0.07420129478282074
0.08451849010490946,0.0871162537408011,0.06380972732468583,0.32942770165164,0.08929391361631416,0.06868884284323924,0.06936493402862808,0.09577390840200188,0.11200622828778027
0.09803413218730611,0.10623135846162746,0.12313590243502537,0.1746800249943118,0.1360855626690621,0.10227297080265868,0.08383183990061356,0.06645522544975378,0.10927298309964117
0.113120373628339,0.12779422577418595,0.10448633293706831,0.06914725838019097,0.1360157547814103,0.09204468474889498,0.08660940487648217,0.12344011936267973,0.14734184551074855
0.0924867514342686,0.11992456649312533,0.10634276861465371,0.08624269312316728,0.08595269978411103,0.1165040114076064,0.17519473346578593,0.1636918268987376,0.053659948778544214
0.13460625030837836,0.1378878390889038,0.14509616208136572,0.08773879103183903,0.14668079633260914,0.1018295701040262,0.08766425000953974,0.07966527300767595,0.07883106803566199
0.08447183438715554,0.08697344235491268,0.07538560833168947,0.2839289001308513,0.11361094651677016,0.07987754474882683,0.058871538567729864,0.08809745671026553,0.1287827282517986
0.08843448716019575,0.0816776330420324,0.08665445365306383,0.21262807014531213,0.13105766237065475,0.10631283433461129,0.07424992738296969,0.13223131181687736,0.08675362009428278
0.12200244638604017,0.11718480819261103,0.10611156685685086,0.05365815230512772,0.0938159105530292,0.11779237952803218,0.22474653343455464,0.09577375251926712,0.06891445022448707
0.12033823795166047,0.11518670248318824,0.12281481064177453,0.08557846078349977,0.10116193893683563,0.10439895768797243,0.11504048197743706,0.14223447761119026,0.09324593192644158
0.09984682773087822,0.10780502936132279,0.08001333111115637,0.13699503084442946,0.11268134109568358,0.10329716437843896,0.1485654176434623,0.15015870314491095,0.060637154689717365
0.09874513838127301,0.08002990185678593,0.06590595887782934,0.1465934732492759,0.05848978438700416,0.11485511888767219,0.046094245815835246,0.06904143842205882,0.3202449401222654
0.08785027077834308,0.1001216812406903,0.10330262149541479,0.03318907616494828,0.1361982595267624,0.09451175177512534,0.24469480528158663,0.13279177555711896,0.06733975818001015
0.1067165262768562,0.10880254030643606,0.10631047128950534,0.08086713215010483,0.12014166300319286,0.11946452858898887,0.1376562081684041,0.1198761546057691,0.10016477561074266
0.09813908927303382,0.10178949293854761,0.056007968185272955,0.040976833944367,0.05200024888321736,0.1326401201779032,0.38377348171621084,0.09183693115887404,0.04283583372257319
0.1051277463093221,0.09741745456950128,0.09521915531557805,0.11384653086489398,0.1329699663575955,0.10561491234776173,0.07781704087225272,0.07673112515123015,0.1952560682118645
0.08483314083721678,0.08508436811138853,0.07528986824277767,0.17973153580333276,0.10377770002237564,0.10456592884156528,0.05993237124667256,0.13275862615592973,0.17402646073874103
0.10442572304551208,0.11022501524258516,0.1662452685781216,0.053272817763856006,0.12681661349127332,0.09685670405423198,0.09650567886916733,0.12614577242254968,0.1195064065327029
0.12461998508976657,0.10708574625840424,0.10086967395145581,0.06663522830570162,0.14952552374960407,0.11520746904366952,0.09746482113380416,0.11608442767410758,0.12250712479348645
0.0978000938691602,0.10419609739469411,0.16300161494334495,0.1271520313971713,0.0936656547894996,0.09272842624234234,0.15847719950194591,0.0898194735768482,0.07315940828499344
0.10864149183297851,0.11198286842073425,0.10140539449857107,0.03710942219537262,0.12861680858453348,0.10715226404443033,0.16189164659022612,0.15028696172113756,0.09291314211201601
0.07885462822437594,0.09819804346606442,0.0717597903912225,0.3162300900085279,0.08583699205524936,0.09588467147648227,0.07347981681710893,0.07074906871877613,0.10900689884219261
0.08718086673391205,0.09427883173562412,0.10229591825862577,0.059336663564304115,0.11825829491270878,0.11740483586295229,0.20730320952380388,0.16900679531789856,0.04493458409017048
0.10141082640647121,0.12310163826366856,0.12037975316901091,0.061502604596737946,0.18418024410212194,0.10621272219405338,0.1287526036226516,0.08490715473276399,0.08955245291252045
0.09795142649227045,0.10272463417408843,0.11569586106427437,0.09708919896524039,0.14401416010669307,0.09255111085929069,0.11409933867195061,0.13562230171540787,0.10025196795078416
0.1115401567490988,0.11620254479253382,0.1224471500607532,0.09233942105950282,0.14289356701595277,0.10589576124400925,0.09690687892287343,0.12350495651283046,0.08826956364244547
0.11021006583074017,0.11528998978207312,0.11985677230825353,0.12906776498661773,0.08798130183961282,0.08927704089205342,0.1313916591687,0.1523073032906098,0.06461810190133951
0.11178914424496378,0.09664795168760193,0.12371760248261932,0.07572943796228697,0.10270837655914326,0.10698237822640481,0.09336113197294077,0.1420766205646834,0.1469873562993557
0.1051436910628721,0.10880310702136843,0.10042136746554146,0.03668586066814831,0.10639429467737273,0.14921526506571978,0.19746123329809206,0.1414780503373392,0.0543971304035459
0.09140629729368692,0.10552022826246558,0.14831476521472492,0.057616128311894076,0.19007351652450322,0.08907198093959982,0.12267156185502019,0.11694286260059288,0.07838265899751247
