0.10779536481691336,0.10815421075893987,0.14155034536223288,0.1247820004862441,0.05537663598447178,0.12039468991180576,0.11846308927225208,0.10671736362987154,0.11676629977726875
0.03309624368961251,0.04287570568547561,0.05910459825472281,0.37608239533500015,0.09078739643876249,0.13141370499261049,0.13792370450306904,0.0899754376441436,0.03874081345660325
0.07884344125398199,0.1027019369080484,0.1495981540013783,0.17906427711507997,0.09582295640574749,0.09764553120772919,0.10543061488326914,0.09555078043594543,0.09534230778882015
0.061775585334430665,0.0899429638511227,0.12930531014404653,0.2679853372560825,0.08156602019947168,0.09331335686300202,0.1012564215262544,0.09465311101137386,0.0802018938142157
0.2083752024012684,0.1397366066288601,0.1329221284337204,0.026054411303842225,0.022772973594930024,0.11736718516850335,0.1189096120095411,0.10793101839396381,0.12593086206537066
0.03673421620418251,0.03777452609238636,0.06433573320347945,0.2824085280601158,0.07344536465711117,0.19055972798906864,0.16643679277167478,0.10479930437281719,0.043505806649164126
0.10589563999476793,0.08934601104509228,0.11482046822918539,0.14059256995447067,0.055496216275999675,0.11254067636440783,0.15588176294104966,0.10084723880604886,0.12457941638897763
0.18669522244954964,0.12101420464282775,0.1563624414615015,0.03444498024060765,0.026332956729730902,0.11135130892722434,0.11922116342769473,0.10813643788586176,0.1364412842350017
0.18071875275930796,0.07387790254188241,0.10191141505013442,0.007861745046500597,0.02699162808903664,0.14759495016803217,0.12986882180500595,0.1328885652339268,0.19828621930617304
0.17825028006234375,0.10644989092587487,0.17703399819287666,0.04472348350832304,0.04322568259022822,0.09868471157173826,0.11366029066550332,0.09974168722199613,0.13822997526111583
0.14716831217720525,0.10346618551142901,0.1737919362682088,0.07227559228427387,0.05663667041950654,0.09831149286584678,0.11333600095130718,0.09789938359191684,0.13711442593030573
0.08309674713001448,0.10903550232071374,0.13465399158784308,0.17040762326393158,0.09867514200404348,0.10551767284734263,0.1072214162794307,0.09787395091626638,0.09351795365041397
0.14946568291491744,0.11052301694619364,0.1634489302485309,0.06153747114958976,0.036269037016217254,0.11275414281447353,0.11988924495215492,0.10681401951435589,0.13929845444356667
0.2310151738813618,0.14540967014257236,0.1229035600637866,0.019336291940586853,0.01924224297364602,0.11589875307400006,0.11831509437471399,0.10897506826710464,0.1189041452822277
0.19974017623972964,0.10566254482056059,0.09688888617103758,0.006414314972610256,0.026932997790837566,0.17614992192575563,0.13736398089661403,0.12777504415195487,0.12307213303089992
0.06052634691565778,0.040569437267122775,0.06973330575366928,0.0042697232829794944,0.15137676485514412,0.3198862996067095,0.1288905204590598,0.16276454548496658,0.061983056374690704
0.11349428559291995,0.08292097657102412,0.19213606282367976,0.1071797238749576,0.04753778330490343,0.09839219768713114,0.11656104143428424,0.10479810789462717,0.13697982081647264
0.13859430919327761,0.08304314788591814,0.19256926590408444,0.07490331703421758,0.039149533535226676,0.09931744300808669,0.11844574540327317,0.10696014103866926,0.1470170969972464
0.06801206503225331,0.084233464356933,0.07641532857317562,0.027291301655095163,0.18800402547146536,0.15405976327776924,0.11217884138993889,0.10807121926806211,0.18173399097530732
0.06932019254411959,0.10284992885047067,0.13832879392250244,0.14724423646244317,0.13815086111180438,0.10262770716508318,0.10957236056465001,0.09838452048125079,0.0935213988976758
0.11292390417334221,0.10935458837440899,0.149553840549943,0.10901238433553888,0.051437735063311875,0.1205329662262401,0.119280723065273,0.10752995676711936,0.1203739014448225
0.10003947907739276,0.08276967702146465,0.142481156141502,0.03966371864522636,0.07425576472019475,0.15347196009127095,0.13785562263993653,0.12232763623908698,0.1471349854239251
0.11374252525258262,0.10999397301850612,0.14507373939019044,0.11157239128860467,0.052002529236307805,0.12076880034224931,0.1192202098799278,0.10711065339572255,0.12051517819590866
0.0586115671346334,0.090199001170852,0.1177705648733608,0.29090208003425133,0.08563701091853947,0.09068732258893193,0.09839541483920163,0.09241058901334474,0.07538644942688469
0.14899338580938146,0.1252715099775978,0.15097174322829507,0.06455975094541438,0.05758144047827966,0.11177900559401932,0.11460000642278578,0.10019758530812761,0.12604557223609889
0.16896019937554954,0.12804724596846298,0.14786644260562512,0.04435463666324709,0.030857034788176016,0.11922050364511298,0.11981914811737722,0.10738651368365859,0.1334882751527904
0.1063820508178036,0.10855548899570755,0.1276298075753488,0.1406341743943854,0.05894114488200819,0.1203022046026278,0.11737885070706076,0.10507185549398589,0.11510442253107202
0.12986661448835116,0.10042996656529857,0.17906026904155373,0.08848100597404146,0.06468830787695498,0.09609027032838953,0.1118286490492883,0.09693463902114581,0.13262027765497642
0.05896041178342439,0.09075597739839321,0.10479572827958035,0.28058016454051493,0.089486705236111,0.10603325699173076,0.10077543235952291,0.09888234509594175,0.06972997831478071
0.21186852091780325,0.11075393819328543,0.12828540585842038,0.014227349086706526,0.03852059638708705,0.12157858073984366,0.12132217928428184,0.10749388563623474,0.14594954389633719
0.09393398579424268,0.08679773948937873,0.1449999534998733,0.046605949823758396,0.08366683584239652,0.1606274425506701,0.13989143465669787,0.12402285371950937,0.11945380462347309
0.094651825570012,0.10492776584285574,0.11693763460081887,0.17513873926882076,0.06668094686678251,0.1185685991209799,0.11460649989146732,0.10351742780554722,0.10497056103271578
0.060766570229620655,0.10143087661930861,0.10594720101742289,0.25311690336249987,0.12215832745538346,0.0969411675503667,0.096900512659377,0.09262862131843225,0.07010981978758862
0.11308245786267308,0.09374234288628412,0.15287153329675948,0.06052838574563336,0.059035917993740056,0.1297837853021865,0.12990920268243808,0.1141798792119633,0.14686649501832208
0.0775850623159511,0.09605345962531782,0.13531425056987453,0.1355707395544453,0.09303767606065695,0.1290051152203295,0.12326994978000179,0.11223357028622845,0.09793017658719465
0.08115479057062457,0.10388831934931682,0.08455965504428421,0.2480047071609424,0.11457314744064138,0.08382052640548536,0.10729466691395166,0.1087513993001357,0.0679527878146179
0.08185275671659276,0.0953490020978122,0.13820939550106404,0.19434319156353044,0.06904537952638001,0.10734454543289912,0.11144749232818561,0.10149295679926969,0.10091528003426609
0.0582337686385724,0.016667359166161334,0.062454420716970716,0.20249146135162466,0.058672100594370946,0.28223581781192997,0.12737909048411228,0.15528199506727944,0.03658398616897837
0.2663093154415305,0.10172931016518415,0.08520926506646709,0.011561714097161132,0.02301687345650365,0.12424394077124433,0.1445907768475541,0.12270037218068641,0.12063843197366868
0.1019698134303893,0.10562751536443031,0.14735046294541276,0.1298956599244865,0.056858214103471055,0.11962411496056365,0.1179650834196986,0.10720333715741233,0.11350579869413546
0.04074202015961162,0.07888796112111612,0.06877781122298665,0.3843091160556633,0.11653736280476512,0.09044790583535263,0.08263844334580857,0.09167532848101399,0.04598405097368196
0.15474272792722701,0.10110699978251016,0.18284714306611172,0.08590528742099639,0.04744989615755248,0.08042812608172671,0.10995461496225756,0.10555059505550761,0.13201460954611036
0.16327263588981902,0.08926647383695407,0.20062066424637345,0.054508141799452715,0.04813590992359299,0.09198473408205533,0.1122630978343302,0.09932148514790956,0.1406268572395127
0.28731413732923716,0.10747127802666738,0.11245421835367315,0.00824666567896272,0.02005525588575998,0.10576005492288991,0.1134200669738441,0.11967715864281026,0.1256011641861553
0.1954133296678675,0.0939938709278148,0.18505887315877753,0.06556792824310853,0.049111246684935606,0.06252682488728695,0.1016096806334344,0.11706466245245734,0.12965358334431729
0.15349184559031115,0.11187885409435923,0.14349824962073846,0.028389373670217325,0.038486792620601215,0.1381919715518615,0.1302333707049256,0.11551550586178315,0.1403140362852023
0.0546616514763086,0.05782451535460389,0.08212347573250667,0.01765968974669882,0.2130810065946136,0.26547156532272637,0.12862099616564018,0.12557458872324845,0.054982510883653406
0.25583893530793855,0.09463424869286681,0.19459224918250917,0.027180372776629252,0.048478060373358854,0.06414661301289738,0.09656003725852964,0.10006833822295046,0.1185011451723199
0.16338110471295722,0.09683756976737505,0.10972788005545174,0.015734886104876007,0.0680357824069588,0.15923439648111323,0.1325200284130329,0.11328444085477635,0.14124391120345867
0.146359721335901,0.12488372239053169,0.14973490325113067,0.06776844675533836,0.05946289599443875,0.11171644131601544,0.11448217920522263,0.10000616191438276,0.12558552783703866
0.07453961324818732,0.0457617968467102,0.05789810894277525,0.12600808588823567,0.3178259629487648,0.09517201582013936,0.12806154934227212,0.0987177429587513,0.05601512400416397
0.21679140655875093,0.14183086607937248,0.13031054199127554,0.02290285045922601,0.021203003999444508,0.11649328718143898,0.11852076117198769,0.1083634047980897,0.12358387776041413
0.13708142382864905,0.11760727146085585,0.1506405598292471,0.07431571189427469,0.041331986807744435,0.12098133204297053,0.12046096267172308,0.10759290044801591,0.1299878510165193
0.0812552288854184,0.0839089102362839,0.16968003122090716,0.11136902084229218,0.07455017018905298,0.09912157731968256,0.11873111110822189,0.10756183821587119,0.15382211198226972
0.09835837733629234,0.11492674440617888,0.1339884151223734,0.19243984434752784,0.08482933763463722,0.08749118457851764,0.09783544284644473,0.10536591978305214,0.08476473394497579
0.29208288883670097,0.15387646964981352,0.09776902943190695,0.00753210196517201,0.0116044690783452,0.1110117865600289,0.11812369126532311,0.12211922659035339,0.08588033662235602
0.09575504814727753,0.09293198522587261,0.1621173524007528,0.14860723063041922,0.05833357543392113,0.10496279946133907,0.11478884622901915,0.10291414880391835,0.11958901366748015
0.2380077182594181,0.06207886641960118,0.21431865858849142,0.02348344564121284,0.02532872533242647,0.04971076712861225,0.09751731600165366,0.13329505476126377,0.15625944786732035
0.12190735525920872,0.10339112299610316,0.16179832562412613,0.09662315161612896,0.04665622321676131,0.11276711560360486,0.11910142845499716,0.10598654742000063,0.13176872980906912
0.1494600380928114,0.11486713353851781,0.16177028089917558,0.06770231134880984,0.05708546078842716,0.10422958288266033,0.11379914674816823,0.09845908708737434,0.13262695861405535
0.18951043813495824,0.12150307881040268,0.15960943439309158,0.038177972544193986,0.04125359106580961,0.10395699809996106,0.11379854947739787,0.09958558684788417,0.13260435062630088
0.10300756639871754,0.10679773950467332,0.1366298091833425,0.13810895286369512,0.05859198044269314,0.11996238198139575,0.11758261783795598,0.10613319435924096,0.11318575742828568
0.12196213775803343,0.09690116144356581,0.12179021316456647,0.036842156234726364,0.20089919773294415,0.11045077405483565,0.10950294539970555,0.09474708321722114,0.10690433099440148
0.16053591682128812,0.08803104913105757,0.18517965154069904,0.05506160464068074,0.033252369803221625,0.10095247641310284,0.11924569995036444,0.10830678806890788,0.14943444363067768
0.16304735861615136,0.10199581542651144,0.17999674800695564,0.04696106322589625,0.03100830392265316,0.10621742299304765,0.1191862975113635,0.10832174267880162,0.14326524761861936
0.12178481528538014,0.08587399807737783,0.16600864579787827,0.04761736679900741,0.049216568214717926,0.12115797959994097,0.12788978539060983,0.11408667419805557,0.16636416663703205
0.3859380966940962,0.05665005171441986,0.05925583690079852,0.006683769950263901,0.01075974650289842,0.07007694220154997,0.12467466264935538,0.2008758396199447,0.08508505376667308
0.06101368190846499,0.09197840387230742,0.10150998641946508,0.27788139785256566,0.08861374703621576,0.10700749068939885,0.10153606261981758,0.09867641239738752,0.07178281720437708
0.228156630897515,0.11016846541286325,0.11427309866025266,0.016007862464080796,0.10020505705951498,0.11312389600309503,0.11043540099442826,0.09617977158258,0.11144981692567003
0.10298561039975819,0.09955151478838499,0.14664285056255952,0.14198842383401997,0.05754615703344238,0.11105545098285052,0.11655830764384367,0.10376460689789269,0.11990707785724813
0.23998783740437682,0.13014497568965674,0.14488102138332218,0.019186987191232567,0.027813023051440348,0.10283786192041632,0.11329212836148035,0.10313094011058173,0.11872522488749289
0.18707916301463035,0.1000407464299861,0.129441692788889,0.01943126579030276,0.029137776848507917,0.12411253866647558,0.12709005682685678,0.11578838968245468,0.1678783699518969
0.11484946180866316,0.021920606573780112,0.027581847917588654,0.03394453344184808,0.5361415379616608,0.07100319134984807,0.058395362742854194,0.12087587805133974,0.0152875801524172
0.11027794639206474,0.08334278470310659,0.18268674951785946,0.12136294920893677,0.05046809891740667,0.09761762550089803,0.11618032951882723,0.10374462068370338,0.134318895557197
0.15737009825738088,0.12815561987180377,0.14357544759532598,0.061192918669759906,0.05565016577110631,0.11214195515718761,0.11463379568507333,0.09945005596019312,0.1278299430321691
0.11604248863202231,0.09113336203914667,0.12036235929497978,0.0345972195283046,0.0710764396459159,0.16895993697445202,0.14156439538283846,0.12263326900543577,0.1336305294969046
0.10146852124903721,0.1060722378458061,0.1393457531469305,0.1382662865053003,0.058736491115354526,0.11954274744280245,0.1173639050026437,0.10625884146540966,0.11294521622671559
0.06569952787475179,0.10371713547624377,0.11594313221476195,0.2283429050649568,0.11741554769560182,0.09910879275384038,0.09986074450879008,0.09418416641542958,0.07572804799562395
0.05047229904242568,0.08777109311533908,0.09242184085164577,0.3345304950923726,0.09798023234910881,0.09213074975593856,0.09228850245521213,0.09145712031688379,0.06094766702107357
0.1985158095102483,0.058402514069280764,0.07151831857692721,0.003756066475924248,0.024525575160748884,0.19841414081662703,0.1669846143334318,0.15269714996900954,0.12518581108780225
0.19283982914264666,0.07572474607048015,0.09568947168185793,0.006603989461789973,0.024567723139608543,0.1488641644987032,0.12946885513151518,0.13577110776734344,0.19047011310605497
0.08950612402891538,0.07574328722250345,0.14833061311801884,0.04807003359721503,0.07525166928938141,0.13065428838954116,0.1301914754797963,0.11845414231076078,0.18379836656386758
0.15486460817734474,0.09924068014671432,0.17769595838682975,0.05639968218165168,0.03405519318396698,0.10603693669066976,0.11941502128619391,0.1073938050274487,0.14489811491918017
0.23242526650304474,0.07802855265973348,0.2012024036595521,0.028086258486116636,0.030682981460308543,0.051870092442537846,0.09515327707114206,0.1288511229826252,0.15370004473493945
0.053073704340889705,0.08760923592157377,0.09925983514682302,0.3063071214488235,0.09527497612892626,0.10226068823435831,0.09656535704102666,0.09736860432191502,0.06228047741566382
0.09051095417671116,0.08421708779848491,0.14627414556163884,0.051043796124972264,0.08456221850699096,0.1494287280150052,0.13657337325801341,0.12146538602337013,0.13592431053481302
0.11151364346491736,0.1090250271240779,0.1474447368330096,0.11314533181593271,0.052493216926060814,0.12052037420855026,0.11908712845478549,0.10732458819947721,0.11944595297318861
0.15052449793530948,0.09817493815884111,0.18222986346941314,0.05777581253702405,0.03461949394449564,0.10593638376622232,0.11923100844937269,0.10756401326054428,0.14394398847877726
0.10303812780221744,0.08104911421747497,0.09158054810588745,0.051750511451617236,0.10879018411768765,0.15098906583535746,0.1724826038826548,0.10249670192821504,0.13782314265888793
0.11704228612871685,0.10251088973043422,0.15646824510217455,0.10847610063053631,0.04965213442943014,0.11261133785191597,0.1186528469110227,0.10535905217897563,0.1292271070367937
0.10284656033568096,0.10678257286542474,0.13631910856953447,0.13853633834454546,0.05872034069915568,0.11965947555047825,0.11732166961988155,0.10589491066146979,0.11391902335382907
0.09558215583327567,0.10370970906930133,0.15274374625539552,0.08368349972113313,0.10215615948567029,0.12106606122849424,0.12088237986106003,0.10642630775072708,0.11374998079494271
0.1958872382182734,0.08837129025928721,0.17077520349425743,0.025603561777609685,0.03868824068540352,0.08616236119288763,0.10978394323697156,0.11630091794030595,0.1684272431950035
0.12863057394642952,0.08081144298809957,0.2130961299950929,0.09077458195659822,0.06287708419340289,0.0842750573754492,0.10888044482072384,0.09615828777500239,0.13449639694920143
0.09957063603362405,0.1052069973587545,0.1418075834900883,0.13952007797204627,0.059122837617180755,0.11925866678790731,0.11720753488995232,0.10647502784879952,0.11183063800164705
0.11913372633386099,0.10550581236110836,0.15716000153568468,0.05153202415616146,0.08182984885621093,0.124990302451857,0.12348261468535937,0.10737869882932577,0.12898697079043145
0.14739623635716023,0.1100338857570295,0.1391301085195162,0.03288073194588154,0.042719258641946666,0.14027846459197088,0.1313016128878813,0.11534861651219515,0.14091108478641856
0.13552581750828246,0.10440928958030665,0.18135193439389638,0.12115669691699575,0.059038320311908886,0.07596646109127994,0.10045632660858379,0.10296466355117662,0.11913049003756955
0.14033390718185557,0.10310218419535705,0.16617407851696775,0.074765247992254,0.040285161422287274,0.1088919490809646,0.11943316367176503,0.10618094402294886,0.14083336391559995
0.11595417610350685,0.06976447567707243,0.11894444224518641,0.10593033229649519,0.044673361476604945,0.13338089957996951,0.18749971990687317,0.1075525068076953,0.11630008590659606
0.11914776124011299,0.07658722247118298,0.16746248314247603,0.049181162263366725,0.04960146653285089,0.11385512398677623,0.12645750548261583,0.11413369164095581,0.18357358323966247
0.1433053085181553,0.1238032445203907,0.15220334929663906,0.06925683680825785,0.05985808242392169,0.11170258982125751,0.11453493260734016,0.10034374086724192,0.12499191513679575
0.07701778752634608,0.009022439378943987,0.05697926649111751,0.19758401604449857,0.09573196104064707,0.31020726000354676,0.08268493521116203,0.14582042706291015,0.02495190724082784
0.10567232009307503,0.09938209411399472,0.15977140474560728,0.12434732983046788,0.053794648202587336,0.11161415814176423,0.11745859886002441,0.10526012634429048,0.12269931966818863
0.051485416772631326,0.04944137903354107,0.08349854579299353,0.26631775944748776,0.05865818659768085,0.17158100329999196,0.17882741248107129,0.0846338147109661,0.05555648186363602
0.2679337848458408,0.1401022974911694,0.11747771069376882,0.011395199748825515,0.014492718627734673,0.10738162481028835,0.11803072120403052,0.11724899808441906,0.10593694449392281
0.05766676946685917,0.08980172047465662,0.123802882839253,0.29310218716436404,0.08477606409378875,0.08642887855003434,0.09732926185315756,0.09104401133024709,0.07604822422763947
0.22762178772241803,0.12209362043129977,0.14919321047116219,0.026048896876841986,0.057316717480452306,0.0969353643984958,0.1083526477728944,0.09649550814958403,0.11594224669685145
0.12563844438510943,0.0761019016563967,0.13168473495966704,0.021465402969492443,0.04979859508361204,0.14975341386106497,0.13515751266020956,0.12328283575516752,0.18711715866928033
0.14103736328372196,0.0783643736624119,0.22565671089663683,0.06776928622879154,0.05281911372889445,0.08695749366498405,0.11019736719730115,0.09916651304874274,0.13803177828851523
0.30868409256996904,0.08402945209041836,0.06553898797536366,0.0030961408179052546,0.03215549608758839,0.14026194277726078,0.1157191916078532,0.11790344684586833,0.13261124922777293
0.07810810622975223,0.09790456539307969,0.130813807279696,0.1978014942573124,0.07230114159901675,0.11495261284134502,0.11167744232037098,0.10438769890500581,0.0920531311744212
0.26198581711606805,0.10384670794712358,0.1453725070199228,0.012640619059074256,0.01596165298278682,0.10000111995228206,0.11865292699319367,0.12706531187786915,0.11447333705167966
0.09446781423696649,0.07208839122579966,0.09878606778448173,0.04456878089564059,0.11958110697297046,0.15550802863104754,0.17919135267846,0.10475699603394652,0.131051461540687
0.21937872542939738,0.04268009598757088,0.04306078557587225,0.004232992565164584,0.07163666275121261,0.10937633970728448,0.09624444561966328,0.19545352917538258,0.21793642318845188
0.05684724964375303,0.09204445590712633,0.11748239652996884,0.22048065249904444,0.11775552275397431,0.11333335684055042,0.10824111958051626,0.105703483373139,0.06811176287192731
0.06383138903533246,0.0938674518523599,0.12822675842081802,0.1541894997030076,0.1222882068575923,0.127035842813023,0.11918758383222051,0.1120187121176381,0.0793545553680081
0.13446105375187545,0.11210568200404382,0.16262638327481946,0.08280334402472278,0.06457276693707513,0.10337665108804088,0.11310200161690957,0.09806048593350557,0.12889163136900736
0.10373320884032979,0.11031691476140389,0.14072360584306073,0.1574948758154986,0.06843428724383717,0.09346887943286285,0.11620167401811159,0.10303911294454,0.10658744110035535
0.12259266560907722,0.11303283053965833,0.14580071403155637,0.09730114973901073,0.04807865442225462,0.12118161979036929,0.11989895563258891,0.10718821906892617,0.12492519116655836
0.18040267523988804,0.13304411288936632,0.14217220954313375,0.044186151720791426,0.04640295433761411,0.11166945112341103,0.11444569440349144,0.09945233404335041,0.12822441669895351
0.15329550891333996,0.08484265416758364,0.12210119626121994,0.014955058047001153,0.06640528271236726,0.1500629674370305,0.13037094618873157,0.11447652090736005,0.16348986536536603
0.10110656511661188,0.09089731306221242,0.1749936287672862,0.1298408037942294,0.05392793951041277,0.1039708863987137,0.11582497638910982,0.10395821129550535,0.12547967566591842
0.13637600676183095,0.09530354460656752,0.17944291883842942,0.07526582881230608,0.03983546026133048,0.10583633273937819,0.11909928870303321,0.10644766147131358,0.14239295780581065
0.0915129602613254,0.09643275375792827,0.15126482710088127,0.09195478704432863,0.07596089946745563,0.13432661568536,0.12864518133767092,0.11527755450808864,0.11462442083696127
0.190500629609021,0.0496016001571871,0.0803386386576075,0.006044267555247671,0.05383821544292311,0.11091517781515275,0.10484312273336371,0.12945818408802798,0.2744601639414692
0.045275321139748935,0.08295690640993374,0.07251596624394309,0.3637992504508735,0.10901688526587444,0.0947587509525092,0.0872352219285696,0.09218243502454915,0.052259262583998316
0.30079974540171334,0.14358174993102532,0.10806041749198303,0.010475930432995021,0.030730554690006098,0.10405170323515962,0.10977201219509318,0.10324796544693458,0.08927992117508983
0.13117555240369072,0.10044085802470566,0.15319333827272916,0.1548977987357,0.0766459888557804,0.06097204301328649,0.10313107886114338,0.10947436621545871,0.11006897561750546
0.12482779410069052,0.08367372976583926,0.1950738810742485,0.0880566298503444,0.04289304707256384,0.09964524602183095,0.11765801908559391,0.10609172457832727,0.1420799284505614
0.1806130847935057,0.13305154158165866,0.14122741920017737,0.04529774011562334,0.0534079074620453,0.10941504640440496,0.11276430004434462,0.09757049145121044,0.12665246894702956
0.08114547102135046,0.09938833005165659,0.1266899041418207,0.19477166990230865,0.0714759858090101,0.11570068345027167,0.11221567890709083,0.10408455788689364,0.09452771882959753
0.17998661034883898,0.11641825347935232,0.13572628877238624,0.021086684057752436,0.05058489584342315,0.12891298271702703,0.1234128360432154,0.10693049476536799,0.13694095397263642
0.13950230626442894,0.09243530513452076,0.1259212519174438,0.01707925251986925,0.048137056767338766,0.17279020702794146,0.1415049526928355,0.1257201236935083,0.1369095439821132
0.1077783779915082,0.09194115632424023,0.16279727945597847,0.13115363307583608,0.05357269507964821,0.10382869811018001,0.11659013851776039,0.10322886361063471,0.12910915783421364
0.14605015784328307,0.1076135700889318,0.13875762404506764,0.12581667439036784,0.10359235554035351,0.06982550348176977,0.09876620611584787,0.11181414662672666,0.09776376186765183
0.12191129179357783,0.10334641327587124,0.16218074377747974,0.09632717759416214,0.04658373323373624,0.11274200293187535,0.11910209343804738,0.1060167195012524,0.13178982445399776
0.0668538359783722,0.11169293440479854,0.11496650795677872,0.26683877363521735,0.11158580731869346,0.07701820487398676,0.08683568015700449,0.10339764087593427,0.0608106147992142
0.08189708615233111,0.07481345704710803,0.08950324001940065,0.06453166277044926,0.10913321623548773,0.10669342563072592,0.1541261199185668,0.10368143881292395,0.21562035341300656
0.04453009022088855,0.0821957018161715,0.07767112775067471,0.36076709525484363,0.10871982600295109,0.0945742809003678,0.08739622011681673,0.09320165811914416,0.05094399981814183
0.13365869092793273,0.0557677943292787,0.08089620268121565,0.011235932419528761,0.04896147479812966,0.13583198179886175,0.11471554665759094,0.13594309992564,0.28298927646182176
0.12723561381610418,0.12125294899395211,0.14370344810346497,0.09233431982862043,0.07179589526873639,0.11095699476889766,0.11342726198982989,0.09925882164874761,0.12003469558164676
0.10780463018274951,0.10004722411849805,0.1581886444194083,0.12208534196077198,0.053180206899050154,0.11184153412118951,0.11769212682457143,0.10519899650521371,0.12396129496854724
0.17379509442561814,0.09725594553484006,0.1703454332366839,0.03734971928405395,0.05130940419926486,0.09301682736790647,0.1115798742810135,0.11647704448406472,0.14887065718655443
0.08066900329273084,0.09880291830378772,0.13255232836100797,0.18964680346668497,0.07057433456698912,0.11554667259508382,0.1124729367582173,0.10466493704981868,0.09507006560567942
0.07402797897779341,0.08930975912710924,0.16360602720997677,0.13110378472070494,0.08450521703281681,0.10253392687286954,0.11759963859461307,0.1062214518800968,0.13109221558401937
0.18952767876484186,0.12378036885631503,0.149326311761561,0.05727451972135204,0.040100112663193986,0.09435203487426037,0.11292848270381835,0.10859756775974859,0.12411292289490879
0.10981143406542511,0.10386553850920188,0.11778206778722018,0.1434564334092964,0.06188020636625985,0.10590134246449658,0.1381099955367938,0.10276725974854195,0.1164257221127643
0.10823065330332488,0.10046316228516898,0.1546052593910053,0.1245797469132199,0.05368995081333903,0.1119400176091954,0.11765170084031533,0.10488653419299372,0.12395297465143751
0.10309931716134273,0.07712383314274601,0.14726398336298688,0.035017660584084766,0.09459997945557043,0.11988352659885682,0.12252411378575513,0.10860761342047835,0.1918799724881789
0.2680781163799297,0.13697466256658827,0.13971171603201363,0.02336223785229651,0.038238427867565455,0.08838471629511013,0.10162751125232916,0.09905201706362265,0.10457059469054446
0.12033485788592334,0.09463378359609721,0.15670322735470402,0.051105431782830585,0.05299652624466891,0.12959170741282114,0.1297256761351386,0.11445594420258053,0.15045284538523565
0.2135801357898689,0.1284599623981064,0.14001431082869972,0.025606766322966715,0.022197506042146053,0.11011775021373278,0.11864847241360583,0.10833902020979658,0.13303607578107712
0.07094352244428527,0.08616482670104268,0.16258501916636367,0.22815458221170926,0.07022277742551394,0.08459410614669587,0.10414896561108895,0.09480571077253441,0.09838048952076596
0.1186870674420546,0.10114679508790035,0.1783352078743298,0.08240820150590146,0.07705300543080677,0.08412201751712574,0.10801599324584965,0.11217935828278675,0.1380523536132449
0.18031154048229295,0.10395615237653051,0.16713154649177953,0.04140354652531508,0.02863910385864586,0.10539371432835615,0.11950635969540646,0.10823785850685419,0.14542017773481924
0.08437751819504576,0.11057682122500721,0.1334755837502187,0.1667934923438098,0.1029240112262365,0.10428292152534109,0.1064974946480079,0.09685951756790141,0.09421263951843172
0.303886149407198,0.06413160509701342,0.07585734753966629,0.005652639006006814,0.09510886514470007,0.10004336758157788,0.10640431149629453,0.11180208084241779,0.1371136338851252
0.1033178381279626,0.09171222429568066,0.16771839188941806,0.13305173553041086,0.05437378151195419,0.1041423010353761,0.11613154728785785,0.10355079847987518,0.12600138184146445
0.05730341117481904,0.09546297637080715,0.10726398910289763,0.16451215618901302,0.16014016481211688,0.12562768249695538,0.11358193666890735,0.11025077764994799,0.06585690553453565
0.06519136759625728,0.0934755852461711,0.1657058555048954,0.16684041556988408,0.08716533093960928,0.08191261344136641,0.10786355789807152,0.10147927633968756,0.1303659974640573
0.09657274543642551,0.08845014514306039,0.17187590502925534,0.1458439056223483,0.05678995790554098,0.10049170218244585,0.11439852042180056,0.10243088237682518,0.12314623588229788
0.09403593260884552,0.0964016712779286,0.12948800675089414,0.059491606167892806,0.10830766477924579,0.13313090894030996,0.14076277346488672,0.1259765357212961,0.11240490028870026
0.09088360835475486,0.10226688912373176,0.13844697326033836,0.16047806061282774,0.06404979940034257,0.11805798108134662,0.11555562436872278,0.10597205319935182,0.10428901059858359
0.08341779049002929,0.0997779178586299,0.13386877671602973,0.18179484480379515,0.06881770152999421,0.11641897316136468,0.11345543327686292,0.10509253751771662,0.09735602464557742
0.16124400798147787,0.06724770644511248,0.2313573654549734,0.0588653382518515,0.05001464027895375,0.08256120475891228,0.10855571526099635,0.1004766622283468,0.13967735933937556
0.09173327223816115,0.09733335372467074,0.14558747146875528,0.16433040708837632,0.06280768173669217,0.10988670285519363,0.1144875073293382,0.10320557705952937,0.11062802649928312
0.22945172573621408,0.10691833035005043,0.13703801973399812,0.012466075541191718,0.05143491738185151,0.11373338376913093,0.11581154093075578,0.10361991097965995,0.12952609557714748
0.060885755374227406,0.0952442205492587,0.12655932119183777,0.2025729798306725,0.11040727874324997,0.1091058578340623,0.11066142124931393,0.10382292384325932,0.080740241384118
0.1972733229595837,0.12438099294348687,0.1379914637093975,0.05434935790238224,0.09480977376826615,0.08182547533082803,0.1032196737885724,0.09778708163703,0.10836285796045309
0.1489999154251651,0.11612314257424745,0.1426248619943301,0.0940088238696965,0.07791470126576708,0.08614985289030595,0.11480083898418175,0.0991811662228425,0.12019669677346356
0.15207736784158485,0.12279477719348197,0.1477440821324041,0.05973614967640171,0.03645215338167187,0.12070490847766346,0.1204747964490346,0.10730994695935903,0.13270581788839853
0.2362873713323473,0.08762304428938177,0.12110778765439545,0.019336233595839986,0.0982363808788201,0.08169886179699865,0.10734375880837106,0.10390848412719611,0.14445807751664952
0.11544728005209064,0.10684201232352375,0.16345542449143566,0.0909316069884782,0.08732431735088492,0.09066023811254585,0.10939926688631091,0.11444582410439645,0.1214940296903337
0.09493106371704912,0.10381878971358893,0.1376101292164999,0.1528920790054632,0.062222397135407594,0.11877724254952221,0.11630228143317729,0.10602794475600658,0.10741807247328522
0.07412495636398723,0.09030654434546741,0.1445867190877013,0.08642476230937397,0.10907714592094876,0.13798634846454635,0.130130328718021,0.1173850726452068,0.10997812214474716
0.0785101119479704,0.09637213854500076,0.14076233465264068,0.11358915308585887,0.1033064419048418,0.12692182065737448,0.12381217257959742,0.11202693543566204,0.10469889119105358
0.11177311209261781,0.09744784109949223,0.11670516737817811,0.15787329897338673,0.07033078385521851,0.0932105530594819,0.1343145113157828,0.10725784204379124,0.11108689018205069
0.1607955099989928,0.11392944825275654,0.15572571694768048,0.055188974410974034,0.03393920921839582,0.11248424133365846,0.119817822339485,0.10620077249544753,0.14191830500260938
0.19455091604896646,0.1225572342504729,0.12497168930469717,0.014706480859298493,0.026874935607894126,0.13869704190629165,0.12884812252354907,0.11673670628641204,0.13205687321241805
0.09802033999517996,0.04892520392781107,0.08299867097528324,0.0147357879646089,0.0799593083096986,0.13319158080862795,0.111715139716144,0.11912563943928263,0.31132832886336365
0.08257523707074722,0.07561513416919972,0.12318756424462751,0.03149162259980679,0.10622673518159718,0.1849793236919508,0.14257894000846744,0.12853193730213933,0.1248135057314639
0.09307167142115058,0.10055507277079405,0.14666762508828904,0.15401481779303589,0.06227333363052495,0.11335306377769712,0.1152682086747141,0.10500242701218244,0.10979377983161177
0.11799197382128528,0.07728861678835734,0.16959394199482705,0.050755328460355804,0.049954124224927926,0.11364975295500607,0.12626716876476587,0.11383424440645214,0.18066484858402246
0.1090880061321587,0.10812965556968758,0.1478984267204615,0.11680704263446406,0.053481192497141096,0.12031417588913933,0.1188560000547962,0.10734936852046946,0.11807613198168199
0.18310022482351007,0.1055314281815662,0.18502833911337188,0.03841149698896281,0.03992843217001538,0.09819951294290602,0.11330332394406377,0.10099527787862943,0.13550196395697442
0.20063715809296187,0.11441540151516912,0.1789704414961163,0.04810197719701914,0.054098231970034376,0.07631042552078844,0.09963712672536844,0.10095301810489858,0.1268762193776437
0.22001892764812725,0.06108252420972623,0.1060736614900024,0.0063139309783762166,0.056667781427711506,0.12883179537498693,0.11525727320804824,0.11258709065687765,0.19316701500614364
0.09611440984011367,0.0915754800539872,0.16054339337109413,0.15303470260399185,0.058691176174052034,0.10297208862005415,0.11449847423535896,0.10219154575403883,0.12037872934730914
0.13097456114580597,0.10050184234447368,0.15416614366285142,0.04480323354540585,0.11611910385426433,0.10675950263655443,0.11421093431018765,0.09757120663861069,0.13489347186184594
0.12288329520107742,0.06734826413188678,0.09490471697054798,0.015953429446921227,0.09625569543884978,0.10713281642986557,0.11478484878346969,0.12134940009371785,0.2593875335036637
0.11236885216299015,0.08307001568108224,0.13278024850244494,0.030977173724333496,0.06511769160262028,0.15814055047108935,0.1388914539321566,0.1228534209002532,0.15580059302302976
0.1019698134303893,0.10562751536443031,0.14735046294541276,0.1298956599244865,0.056858214103471055,0.11962411496056365,0.1179650834196986,0.10720333715741233,0.11350579869413546
0.1154360996781613,0.11596853511425227,0.1436342463455019,0.14253713646243485,0.06887375845296427,0.09569678006242138,0.1102763781265859,0.10699842160112776,0.10057864415655048
0.060361765442465846,0.09768344743579244,0.14653441230712339,0.20100781154369707,0.09952286439214775,0.08870971753072136,0.10671700041272471,0.09828285103103059,0.10118012990429694
0.09425032185664121,0.09436188776595572,0.14642443380139492,0.09675040991578872,0.07457410007843848,0.12576540443137443,0.12677782927196612,0.1118676531194814,0.12922795975895898
0.16414817302045823,0.12840637350133374,0.1495594159629394,0.04525664576749889,0.03549984510456298,0.11646236709414148,0.11892972335869706,0.10648629564616195,0.1352511605442062
0.1746391636576077,0.09089065685634597,0.12060495859616766,0.11198404148907358,0.13831908035382115,0.06039253602524856,0.09214530778291748,0.1290073870942664,0.08201686814455149
0.0578572592288929,0.09007531551569088,0.10641073605656697,0.28226561076965756,0.08990251785394764,0.1056844432231856,0.10047133220623124,0.0990944619024275,0.06823832324339983
0.07576824266162319,0.09476674275944685,0.14960088001869135,0.07362721386294414,0.13539096379888352,0.10747074038083948,0.11641269879207727,0.10306986623809007,0.14389265148740404
0.09356231654470089,0.10290671432617683,0.14304411510026105,0.1503358543765317,0.061780682016749265,0.11851227028489612,0.1163753269296538,0.10655909670193615,0.10692362371909404
0.05206359287916427,0.0881996981498871,0.09934696500165724,0.32133428280695964,0.09514510327049436,0.09371724833984642,0.09422299554750548,0.09275797086453229,0.0632121431399532
0.16342812951674118,0.08020800214124205,0.17646959915498583,0.024540935116929733,0.047595646781195856,0.10602787483915625,0.11894915536177558,0.10744764119221928,0.17533301589575415
0.1043066984575356,0.09216351943945562,0.17105823155184008,0.06771494210785343,0.09000988611084428,0.10629088485072376,0.11828297941538861,0.10251044069026953,0.14766241737608912
0.09211103499242577,0.10295451580211597,0.1352249819803574,0.16112982126358658,0.06409752766764919,0.11828584036712873,0.11559079237388968,0.10566416410526315,0.10494132144758343
0.13158132362014027,0.0874675552481838,0.18856045881533864,0.10085141962922543,0.07382071633940622,0.08357302099944391,0.10797887531707835,0.09271112743428443,0.133455502596899
0.03264318154525106,0.09171394196002691,0.046768526843640405,0.42272080398777273,0.1341326772883272,0.07328342156752965,0.08107058274057533,0.07815637779620367,0.039510486270673
0.12563844438510943,0.0761019016563967,0.13168473495966704,0.021465402969492443,0.04979859508361204,0.14975341386106497,0.13515751266020956,0.12328283575516752,0.18711715866928033
0.2141028042709573,0.13781696309986738,0.1405832451580966,0.027300818892652474,0.039236757942465256,0.10859182251360462,0.11255100947005285,0.09933350602554512,0.12048307262675846
0.23538971651416288,0.10835075609647225,0.12143434222235622,0.013371724844897862,0.05631332212211446,0.11376563543515124,0.11519905127002876,0.10047322461660259,0.1357022268782137
0.1185839553323222,0.063423272826671,0.09631751777974866,0.011342692905273241,0.05470994446121357,0.19431649694524544,0.1381856403006024,0.13058698575525604,0.19253349369366743
0.1163754892706994,0.11028466664735664,0.1529880486154326,0.10069592952261965,0.049235912521287256,0.12056580622247888,0.11963873588150381,0.10785486026152631,0.12236055105709542
0.10938575706087357,0.10593325984495333,0.14455414805928724,0.06636949640839246,0.09742699359678149,0.12439343117279329,0.12268700073691548,0.10610469669611515,0.12314521642388794
0.19407531133283698,0.13247444058283322,0.13981150672168516,0.039606445953394076,0.06970000283964332,0.10451115797465732,0.10894677011771825,0.09472910684206907,0.11614525763516259
0.05801831882390627,0.09985540418034285,0.12562708614542553,0.22582219866087447,0.11000343899059552,0.09178123685240495,0.10467774813583423,0.09675011021990898,0.08746445799070719
0.17502523668738154,0.05149720702862456,0.20620469251467086,0.016258347214342304,0.036705099311309795,0.09497604028769703,0.11139556216131404,0.11822576411756715,0.18971205067709274
0.2611442944062779,0.09840227332582197,0.15544225902524458,0.01817088472938075,0.01721426548586152,0.07832558434993818,0.11339807832262239,0.12269525915816183,0.13520710119669097
0.14662135822125574,0.06937577211055734,0.13785290878257025,0.01551959480460245,0.056570462625081974,0.128826856708268,0.12427970276846352,0.11434284342050972,0.206610500558691
0.19521160022136988,0.12446699458106288,0.14823543106642903,0.05352008011281428,0.038584085024596836,0.09381013376239966,0.11284005669706121,0.1087468583785936,0.12458476015567266
0.09826979582418437,0.06878668849510174,0.1418341948726749,0.032719546824847255,0.06400819028046643,0.13631695762837617,0.13098846309843434,0.12124903116256529,0.20582713181334952
0.13269775489437072,0.1042646242289433,0.17334539953000286,0.08754431284286696,0.10159656541551487,0.0874422541357218,0.1049758773485757,0.09015360860965745,0.11797960299434633
0.0684140881587295,0.09570519097009651,0.12092682342298648,0.1666568853790886,0.10965148556811,0.12496730552014591,0.11835133436929912,0.10971395950220479,0.08561292710933906
