0.12362967941211667,0.12683010569751887,0.0715501636467808,0.11347839230592001,0.16824385838379516,0.13522938479483904,0.04876427884066716,0.11212404376478219,0.10015009315358007
0.10650310533961682,0.05690129325323972,0.10296833701653892,0.1088376003018731,0.11639208522413402,0.19983731946671704,0.06361794170251338,0.11026851844185613,0.13467379925351095
0.10930382061005554,0.10481633305444728,0.08509473607788388,0.11943282455732877,0.182541349931415,0.12934776082580404,0.035158627133118174,0.10460430086620803,0.12970024694373924
0.10795572658543699,0.024720127221356043,0.09595746583906621,0.11112273892199769,0.020144804268810757,0.02840923466387178,0.4727668555172242,0.12207842749274307,0.016844619489493385
0.1471147967243146,0.12311240117959939,0.09094423778303189,0.12464493203639904,0.13362656404903955,0.10716320876529058,0.09995257769352021,0.12109925118419268,0.05234203058461201
0.10851899853763967,0.08156951300197497,0.1327950900629864,0.1384458542557029,0.13839701695582962,0.12502129887789235,0.10316598510673348,0.10992583546946622,0.06216040773177447
0.08476649818025929,0.10677795406979222,0.10187472167726068,0.09920423502267278,0.04951842406421129,0.11232932699748306,0.26316543169010226,0.11764558417346445,0.06471782412475385
0.1430570959345672,0.1269393491118307,0.08813519652960157,0.12316710089469929,0.14346243280295523,0.11032105407886467,0.08942985431942091,0.11965263450531909,0.05583528182274139
0.11500539567235797,0.11002537014417162,0.08617812029616535,0.1188951930916166,0.1245134807120915,0.14797759665288268,0.11473359876455907,0.11386317285336876,0.0688080718127864
0.12212672175463583,0.1414579126175033,0.0732983900629934,0.11626035620775514,0.18137903197494828,0.1186410110021866,0.046703052895824874,0.11128818461653349,0.08884533886761915
0.11447794547393231,0.14154791310381212,0.06606965118064557,0.10963902746351734,0.17705840836033435,0.11763849830567963,0.030870817466824237,0.10721378226435485,0.13548395638089955
0.11059573032233194,0.11851166072580355,0.1293600646598426,0.11346544551098132,0.07690815662471767,0.10057712537190806,0.17486768718042825,0.12040852541006264,0.05530560419392397
0.14148647659773236,0.1273129004855076,0.08760139877083373,0.12655526448959623,0.14553514347235272,0.10766859560372978,0.08858686138205808,0.11914566002069055,0.05610769917749888
0.12589669471323045,0.12578488959003462,0.10950287173475586,0.10921860677603899,0.14495489075172208,0.12065525318458085,0.04645865033402633,0.11574812945720502,0.10178001345840587
0.12057283725547559,0.08630965161764804,0.16496179369026198,0.12489668585575059,0.09233700313131994,0.09851669901844412,0.1452121739632487,0.11745952728603752,0.049733628181813504
0.13252409669173007,0.12132303310818827,0.07760397873792814,0.1187500233875435,0.16060796096189997,0.12994094497846737,0.06778061148810592,0.11555338737101517,0.07591596327512162
0.10363956316225381,0.08469290725411112,0.1290978920444981,0.110430834134918,0.1240878387966707,0.1284405375461993,0.0482159981792536,0.09847818225844211,0.17291624662365324
0.11722747131913552,0.12959715710884503,0.08077302872434083,0.13611833986524982,0.0847149028153477,0.08327326153386723,0.2017843462874487,0.12470906126388225,0.04180243108188289
0.1162716662613527,0.11831009934564223,0.09479389461078547,0.12338476340631366,0.15690267058970586,0.13286459122661726,0.07764786295206653,0.1125132197698278,0.0673112318376885
0.12098812836250365,0.12654810464637697,0.07686187300136166,0.12539852830656267,0.08820102867075374,0.09567315540425607,0.19918334804770008,0.12191649996796322,0.045229333592521966
0.11905363569961035,0.1539394598646038,0.06366499029363494,0.11443626425495114,0.16348784130931923,0.12610905314803714,0.04818556934073983,0.10827527019042855,0.10284791589867508
0.11858420998286619,0.16563622545825343,0.06672249050479687,0.118342289263406,0.173729381343243,0.11259495348622295,0.0520751051916906,0.10946251721857364,0.08285282755094733
0.1112059508527592,0.08586637773364393,0.12666540447093336,0.12687093720138914,0.1417264187519216,0.13837734934290985,0.0930921870539449,0.1104321273559648,0.06576324723653322
0.10441498595944552,0.24216320529652893,0.05947237217612103,0.11103960280149201,0.10841430250141025,0.09938863844188296,0.0867002552535262,0.11400867431686762,0.07439796325272545
0.12699915457945676,0.1411481953951849,0.07148246064059836,0.12365173559968988,0.15756185893875077,0.11944012150546622,0.07567339867772835,0.11336917557533481,0.07067389908779
0.1133526972290536,0.20688738472914361,0.05464548503858835,0.10396814083202587,0.1470327771002121,0.10595322629995524,0.03342304828910937,0.10230330477189764,0.13243393571001427
0.14956119064384532,0.10967551656125536,0.0873870610395003,0.11680785209962152,0.13004916610948034,0.12475118294742445,0.10366629146784956,0.12150522772959416,0.05659651140142898
0.17259866010718508,0.08764838716417632,0.09944937805100697,0.12046072936094399,0.08504019930256947,0.09593308294169682,0.17375003664031907,0.12536617170297168,0.039753354729130615
0.0980783278960106,0.016850973421717826,0.08413115856589419,0.08316315543943155,0.01585070471395984,0.02725167284176604,0.5410960413305987,0.11293459965612096,0.020643366134500258
0.12048415710177048,0.15081284955061025,0.0657891120554222,0.11945464729296836,0.16596694550130667,0.12233878463830615,0.05506733705728609,0.10952412921642218,0.09056203758590763
0.11775348986497303,0.14255993347959817,0.06999155983296286,0.11758239043056103,0.18615787255747973,0.11487520904803539,0.039714331886562794,0.1089011671298429,0.10246404576998402
0.11135383784963253,0.138323396762486,0.06299337535421524,0.10940852001726492,0.16743843065871478,0.1106776746669097,0.025336849995364893,0.10516349573409219,0.16930441896131976
0.11057763301326567,0.108663164088896,0.08551841925621058,0.12237584228291919,0.1858476458526487,0.12798530929326435,0.03897543797402415,0.10583129124330432,0.11422525699546708
0.15988840039579058,0.0902927677635439,0.09060962891211839,0.12133511787754934,0.10733520146054897,0.11527654774858948,0.14138294624815456,0.1239550619877185,0.049924327605986314
0.11127318821111708,0.07557189204289101,0.1416088365129164,0.13058264581329815,0.12124907786814026,0.12966239528535753,0.12245665463309381,0.11164564653609932,0.05594966309708647
0.16986794644787204,0.07660860928838,0.1421563368316049,0.10883901260186175,0.06195741401559866,0.08087708400575695,0.19328984544547312,0.12713245010743524,0.03927130125601733
0.1498415446172757,0.10952046622998213,0.08796557134851202,0.12178300775125905,0.1305217362407108,0.11777101702508476,0.10659904966978673,0.12103709392705002,0.05496051319033868
0.116184237556175,0.15582227744634455,0.05583551919755708,0.10007820096183156,0.12448676049260395,0.12102812674396013,0.02654181694577833,0.10295373245071272,0.19706932820503673
0.13799244626881293,0.12936184102246942,0.08561651818047629,0.12913790696784583,0.15259793051495005,0.10643042000943508,0.08276728030467355,0.11779145304324141,0.05830420368809546
0.09533221294338133,0.10696555492251043,0.12084815539680079,0.11739604317266387,0.04757472018914447,0.06229805734713595,0.2854356300370856,0.12502517253770287,0.039124453453574716
0.12853172760690396,0.11162600972492458,0.07358044244422753,0.11315642194983211,0.15054306137809595,0.1494724430758078,0.06201474211236463,0.11582628270027732,0.09524886900756614
0.11203701479904545,0.14030371260737753,0.06420627376393627,0.11199424340995151,0.17505354766063494,0.11136476033358068,0.02774180265401069,0.10569859953995135,0.15160004523151152
0.11357435435099905,0.16824081472067953,0.05541756165363906,0.10230140993178655,0.13894222289446354,0.10215757410099356,0.022659489240702522,0.10134539228544652,0.1953611808212898
0.11343602765987337,0.17075609781531875,0.05603550071478012,0.10335629016735381,0.14543319452104012,0.10434198069551825,0.024289496784361746,0.10183996989837145,0.18051144174338227
0.04864623437946625,0.05210440900469435,0.425227147099916,0.08805249915916413,0.014389256787212005,0.02090557400462324,0.17784627893603167,0.12177108380823433,0.051057516820658046
0.12172537457097503,0.09832703047039885,0.09838616857966064,0.12863527351400925,0.13627558470756587,0.133647102949498,0.10927810667461611,0.11440456327522693,0.059320795258049376
0.1412315288777086,0.1293937707686512,0.08650874463544977,0.11857900103835824,0.14784088774054338,0.11581187109911999,0.08276573773578554,0.11918361165468638,0.058684846449696855
0.12971918520272493,0.13618531282464913,0.07523064934146613,0.12292695605302294,0.11848662059558797,0.11138709432498466,0.134217899350925,0.11890462427751236,0.052941658029126926
0.0862456558137632,0.06522045183812877,0.3365636616128498,0.11123737216365692,0.043426856808511605,0.046531926514359195,0.15661283541729085,0.1117211442017431,0.04244009562969662
0.15405684274684003,0.09769310483964457,0.1473383295942238,0.11497693365670514,0.08525309018747564,0.09027035330403411,0.14003674195071988,0.1251049147111727,0.04526968900918407
0.16302374042641962,0.06410321502900916,0.08962419745436707,0.1102940811395643,0.06312843786436206,0.09194701751960033,0.2575388621336557,0.12406332616096043,0.03627712227206129
0.11783000860207694,0.18184057642224583,0.06608284123158652,0.1170515784716054,0.1506365727257812,0.11194535959160819,0.07237719986536074,0.11272823990067227,0.06950762318906291
0.1181184927403386,0.17351972332103063,0.06587985697231687,0.11983925596473433,0.16686768895059112,0.11002911505727893,0.059155220647245266,0.1100528569024659,0.07653778944399829
0.11629406974960593,0.14270364903419985,0.06842544163984259,0.11407426562658307,0.18342747473380974,0.116716295773211,0.035976147881567784,0.10833793604337834,0.11404471951780171
0.1157173492058393,0.10440072228879048,0.0966576026226813,0.13004767194367742,0.17945541801074216,0.1270986386917335,0.05688638866026197,0.10918955006082919,0.08054665851544479
0.11876500356298596,0.10731724806577113,0.09125854078648755,0.12233445449205511,0.15039698957185835,0.14340130839071388,0.08352045044387181,0.11226955481927987,0.07073644986697632
0.11407417929167361,0.11701371412225416,0.09959591259886484,0.12496805058693723,0.11681083634708755,0.12342890592593096,0.13320781387308292,0.11934007109595986,0.05156051615820887
0.11669544097309598,0.07025825652714171,0.14290638678657885,0.1485315685226778,0.1352352871303726,0.11545050915020298,0.10410977196320385,0.10948861369189093,0.05732416525483532
0.10067890967031728,0.04939491305260038,0.1643638503087653,0.1318608612081699,0.1522367005203559,0.12674916913075765,0.057132592454853644,0.09649300403962435,0.12108999961455569
0.110921435058087,0.12985414835179898,0.08195180268997769,0.11753186756400491,0.17326093459391698,0.13252798787097217,0.047041726662904716,0.10660797510076271,0.10030212210757476
0.11072386492096299,0.13824815938917825,0.06274458896001815,0.11094773257443036,0.16806470211849986,0.10863251051156518,0.025065710805913827,0.104855653212923,0.17071707750650833
0.12246443442459426,0.14146247129801792,0.07234249426945273,0.10892550953790396,0.17826392796545973,0.12657608119461639,0.04357395764455427,0.11111973137030319,0.09527139229509761
0.11525438547199875,0.1732115224825765,0.05563584370653111,0.09878523196888221,0.13951256493244427,0.10878727486526614,0.02420031179796962,0.10187513576011265,0.18273772901421872
0.12101491299518591,0.15299368660791388,0.0645402523712436,0.11185153084264661,0.1595601412524932,0.13142545392734142,0.052819073158281236,0.10937954899309094,0.09641539985180318
0.10958268792565634,0.07744076501928622,0.12497686459201313,0.1396590875597802,0.16930509026549703,0.12736640783400657,0.06543098626305177,0.105576013096754,0.0806620974439547
0.1151415954947248,0.17177678535016386,0.06249572791857901,0.11349539494716393,0.17368328373265873,0.11260370641621231,0.04043738958668783,0.10658262200567226,0.10378349454813733
0.1596780047461035,0.0759941670527006,0.09051201378813589,0.12180565771018415,0.07278897632987204,0.08835939771561606,0.23130182570636604,0.12268650878081672,0.03687344817020498
0.11409146304577618,0.11176486449095842,0.22227274255954146,0.11193266201930396,0.07882769920261913,0.07639388470571644,0.06711788955937883,0.12156326553456048,0.09603552888214499
0.1342870081434654,0.11014922243344165,0.07678822266223961,0.11114264438947412,0.14624437168791604,0.1498620401278717,0.07194931542750792,0.11760712207022521,0.08197005305785841
0.13615635874075416,0.13275105564978237,0.08353308330569877,0.12045085235425212,0.15769606852477205,0.11509067106667474,0.0740255558571946,0.11736860181825359,0.0629277526826176
0.11021346968466046,0.09895921227150843,0.09606966176297678,0.13049983894864012,0.18633428109176278,0.12733773487357125,0.04673923376890186,0.105781043947465,0.09806552365051331
0.10767163001460332,0.12811817129117306,0.08780550305152306,0.1185168960828993,0.10768145770483539,0.13137629116271718,0.14207220296784595,0.118146156543059,0.058611691181343746
0.10779833301011084,0.021687151778574148,0.09447446372807462,0.0787210494709667,0.016204161979487517,0.0890559671660283,0.36908090017566497,0.1589134317461681,0.06406454094492482
0.13592787705427434,0.08676288602315448,0.12197043076536485,0.13502285707808345,0.1183519244856029,0.11318792025816356,0.12353141919044759,0.11743761840515461,0.04780706673975415
0.12204980119344606,0.15135958512018857,0.06557446836945177,0.11527098262695777,0.15954136252641116,0.12857911308663642,0.058782137509361336,0.11010706900182184,0.08873548056572494
0.1644898056751025,0.08554143669841922,0.09256971023204662,0.12190524575090282,0.09855943357791978,0.10918768950611198,0.1566153954721088,0.12457254553230268,0.04655873755508566
0.1703456051847556,0.09105598002960624,0.0978562479744624,0.11591729871647649,0.09109741797254482,0.1049468083718351,0.16083609668842522,0.12572720862889286,0.04221733643300126
0.11007491506980495,0.13304741394765476,0.06078925552344455,0.10604275664300795,0.15014609161196973,0.10667279513220361,0.021355354862845486,0.1040234970172022,0.2078479201918668
0.08770571244303405,0.03376164169710639,0.17764194884339113,0.10803301867341779,0.06384278552331409,0.1524667623400011,0.17619711826760096,0.10246210556120476,0.09788890665092974
0.1306762270526984,0.14478781133159338,0.07832704108747997,0.1278711496434096,0.14652252996355045,0.10582374779918557,0.09230517494772522,0.11706628470830928,0.056620033466048124
0.08153361111942752,0.06199835770925217,0.1340017224987858,0.12648690607347413,0.053959795798233796,0.07429378525194423,0.3142398621669093,0.11867453227465186,0.0348114271073212
0.1419113005495419,0.11036340147611706,0.12903059168276515,0.11891968784973254,0.08458959982174447,0.08669062902894499,0.15908951353628856,0.12384767705225468,0.04555759900261073
0.12072623201702158,0.1665259063676259,0.06507846361103514,0.11756721475619901,0.14335789554693212,0.12056830797360978,0.08115650401542367,0.11208626491020246,0.0729332108019504
0.1337097232699871,0.03391164555868848,0.09165186549302091,0.08982068194135222,0.03131890775140123,0.1097006228127097,0.3034226320626353,0.14740440720063946,0.059059513909565604
0.12187601261615903,0.1509910234250076,0.06574407652576969,0.11252453879829553,0.1611072378565274,0.13091744145489087,0.05462651456276415,0.11000356848971776,0.09220958627086794
0.12417308512005594,0.1564799935729402,0.06856001583798621,0.11709222606772529,0.13526568891670407,0.1216419571611455,0.09721609186014145,0.11486303200779296,0.06470790945550826
0.12492515826268534,0.12700638642055193,0.07344589470337189,0.12157450613857634,0.17189568957786258,0.12542555282666287,0.05461414071883248,0.11255265616368632,0.0885600151877703
0.12008020178066924,0.05734630065425384,0.110552193740947,0.11734632423489277,0.06051710982731243,0.09512828718494676,0.29137685914808475,0.11360879361419977,0.034043929814693376
0.09588518692765706,0.12883929646375317,0.09409329403378257,0.12882338765512114,0.08167280253855329,0.09882747648572839,0.19809921724412516,0.1261790550200428,0.04758028363123648
0.11941015903970915,0.1543947413495948,0.09370295773795306,0.11645955818439023,0.14604115775425705,0.10813471149716292,0.04665994786142386,0.1113940969748718,0.10380266960063707
0.17298606783047668,0.032565309284485665,0.0913953886491557,0.09108846175923874,0.03181609818230249,0.058891570752385915,0.37167158176371945,0.1244897954766868,0.025095726301548483
0.1198991780523576,0.1571941747410598,0.062239306314095307,0.10999720086178531,0.15455343984337452,0.13288186927508636,0.05009292299969705,0.10814443261806798,0.104997475294476
0.1116652017064943,0.13874814933966728,0.06331012726342035,0.1090580217094736,0.16806495620234216,0.11187131577570146,0.025829537791475718,0.10548331506779446,0.16596937514363067
0.12088723528630674,0.14154005196145047,0.062350300633774385,0.10667128744723013,0.14167843994771726,0.14725676645972904,0.04917014678448592,0.10919173840702927,0.12125403307227689
0.12199102279986208,0.14117336422583435,0.0736822100157853,0.11995237743890556,0.1826679410674883,0.11508519817915248,0.048172248766069514,0.1112328806230483,0.0860427568838541
0.0958098734722046,0.03130235665397701,0.18009052512964152,0.12062670147407151,0.12369470607551132,0.12161232999029759,0.0497427152811419,0.08833833625103776,0.18878245567211685
0.11386775720051236,0.14160101949200724,0.06582923697038218,0.11117178632154474,0.17803969265697747,0.11557527975570471,0.030591791428411574,0.10692703095566415,0.13639640521879545
0.11184112810603315,0.11829020577474357,0.07828884087238014,0.11339397302427212,0.1571611328015353,0.14772994217266056,0.04569265681197867,0.1058888800037241,0.12171324043267244
0.1198558945250748,0.14217409174921122,0.0717412210570874,0.1173862281966855,0.18411145029819823,0.11653146406882925,0.04339987058827074,0.1101929948493804,0.09460678466726236
0.10714761312942349,0.06810358927939471,0.11682262147745152,0.12960731888778734,0.16240667387360608,0.1479103548830142,0.05663795227816148,0.1041393765860071,0.10722449960515412
0.12320408004211662,0.16126452782174372,0.0699978314332053,0.11396868695924882,0.16457397869045795,0.11952437587037217,0.06133484560110011,0.11231475486057475,0.07381691872118057
0.10946586075920868,0.13051277260387958,0.0598887342990195,0.10603227200100755,0.14391198272376438,0.10328295719980561,0.019959547900763923,0.10323696068642339,0.22370891182612754
0.11336214711009747,0.1708729286474291,0.055822571152800336,0.10344016461304822,0.14429479497138883,0.10342034977791388,0.023974178915620318,0.10166393457107158,0.1831489302406303
0.11749519831503528,0.1465994642720281,0.17552743488632763,0.11368172051510346,0.10451046840325144,0.07976141089798351,0.07571045851036244,0.11959981278333102,0.0671140314165771
0.1122730860225355,0.13477716275158014,0.062020047429899104,0.10228836744064544,0.15311291218899462,0.11494981473828425,0.023029164881223602,0.10522712206979314,0.1923223224770441
0.16533509098848953,0.07563837925547158,0.0910686649862034,0.11252913762679957,0.09009335124922098,0.12157239147884008,0.16793805803691544,0.1270339188346577,0.04879100754340176
0.14779026310263277,0.07957654416589699,0.08180954228906838,0.11447832950791108,0.0875313480898271,0.12143335990750016,0.19156814352802234,0.12395745286827764,0.05185501654086344
0.11935209271011042,0.10330731427065186,0.10030374334475702,0.13071796093874624,0.1712025192441133,0.12643878917671936,0.06587767347749886,0.11109414695178205,0.07170575988562089
0.1763754422297796,0.0847682224231156,0.09882010872236709,0.10539922385736133,0.08235654695327192,0.11268523941375541,0.17138782971236713,0.12731996501339207,0.040887421674589856
0.11924461210918769,0.17698720754465036,0.05818997005794848,0.10091871649536133,0.10482153215207697,0.14606523061619517,0.08073911230879299,0.10847788529695034,0.10455573341883663
0.12196210540599373,0.09097484784101156,0.09429315991045789,0.12845726764688395,0.13292708223500588,0.1404362344433364,0.11266886325616961,0.11418220250309119,0.06409823675804976
0.1258934587096542,0.13986696709723287,0.07572175641408603,0.11453699541848807,0.1762866087411922,0.12150051547765445,0.05211170327812553,0.11288816959207648,0.08119382527149009
0.14742092116961092,0.10808022629560472,0.13675947813708986,0.1206947779717376,0.10355951009187646,0.09363249139174186,0.11459458414458872,0.12290700024918673,0.05235101054856314
0.1247385783979618,0.12624020501042385,0.07212424443517311,0.11145481926495278,0.16585928881416442,0.13851010845771863,0.05008641680382551,0.11276279508315819,0.09822354373262165
0.1143542655893089,0.141856074263249,0.06626727424669278,0.11120526232955498,0.1788930205944266,0.11635937267641962,0.03141917635464931,0.10720410856097647,0.13244144538472227
0.16420689356115462,0.06326378243570284,0.0983315414424683,0.11890823805127985,0.05074606946149485,0.06674561818394205,0.2862618834156621,0.1231038328877872,0.02843214056050829
0.12348648592798006,0.14903884025615902,0.06700521093555693,0.11285443988648887,0.15920087836616442,0.13168811844199024,0.059641922486879835,0.11102633106682132,0.0860577726319592
0.1165308704640682,0.11912861222771942,0.09394390259636985,0.12300798140152931,0.15795980795017084,0.13288381852683231,0.07628461998493713,0.11241898852990417,0.06784139831846868
0.14159583208311735,0.06226716133656559,0.09327075033620337,0.12005092701379146,0.04770863420190469,0.06318656382617016,0.3220875445183484,0.12195183070504985,0.027880755978849047
0.12977938932836675,0.12412925091919284,0.07569357626891131,0.11439261722782858,0.16318342060391203,0.1349809767517287,0.060434453196318516,0.11465866036605217,0.08274765533768898
0.11492634676967671,0.09179426936805733,0.09040026618374518,0.11481719815260118,0.16439483854633333,0.15764696580535045,0.049802094286100995,0.10868347295404789,0.10753454793408691
0.11716456397411036,0.08530398536268143,0.07017490143995486,0.1049989991351159,0.08737764535854568,0.18632679757232617,0.06496616560891125,0.12278779713349049,0.1608991444148639
0.11190368681675493,0.09376608589136631,0.0867944557055524,0.119696923664757,0.1687485565901733,0.14742676686134099,0.044059343453725926,0.10715126689769526,0.12045291411863392
0.10844413780667717,0.052463919673601894,0.08623995594391347,0.12233603336397851,0.03737736716391057,0.04975353390221843,0.3987923534191162,0.11860935945233203,0.025983339274251744
0.13101190188368292,0.1497403818374319,0.07763083065191441,0.1162671317615363,0.12938272345729276,0.11544459879455442,0.10692520381461647,0.11962642368170417,0.053970804117266596
0.12153203061974686,0.12672900090997755,0.06966268840985339,0.11122801661111094,0.16687461815928817,0.13725854535584284,0.043904922308272504,0.11107536433456733,0.1117348132913404
0.10560877253517979,0.10230644444931235,0.09088519183272281,0.11650353877398363,0.08705675634070957,0.1279147666991617,0.19883635579118955,0.11699004297276883,0.05389813060497176
0.1315873793718917,0.09238926816700044,0.11464483239083585,0.14436385058051013,0.13113927942818807,0.10835414180893392,0.1111902516579605,0.11584107656863352,0.05048992002604593
0.17912765200431716,0.06253479408345512,0.09564484021928417,0.10535303695208835,0.06765991353992097,0.10583340481232957,0.2153971916611045,0.1286912775395185,0.039757889187981725
0.13800072901527277,0.10532257996219395,0.16170469381102306,0.11599270946293254,0.10423934249132678,0.09421054110797576,0.09192943417868223,0.12318984913517288,0.06541012083542007
0.1175202192293054,0.1570877771493383,0.06053326893701888,0.10704964344108005,0.15391122639884247,0.12987120470907026,0.038841014006163986,0.10634715359900526,0.1288384925301754
0.13037030273523023,0.1376785938451405,0.07850516641226347,0.1118541464254672,0.16843467188374373,0.12532289384907777,0.0585431767914302,0.11487435409690626,0.07441669396074066
0.12237740710828215,0.04200868701057664,0.12114899558934433,0.10932923017735162,0.07004053087733825,0.14668477074010303,0.22746044259037315,0.1121748460807327,0.048775089825898205
0.1801718295138707,0.05210873393831155,0.09513217477049152,0.10587067905499148,0.057468857279026044,0.09438779483739553,0.2477975254926926,0.1294882072201916,0.03757419789302895
0.13497270731312683,0.11988882683997137,0.07874866118972758,0.11568751013461576,0.15608762524809552,0.13348890740493105,0.07109075295271132,0.11652152093134387,0.07351348798547667
0.14234300885466408,0.12635501761647996,0.08823579287729007,0.127516263220204,0.14342499302348935,0.10648984810388462,0.09107408053364437,0.11939576838812083,0.05516522738222268
0.16806780446106026,0.05350205330311001,0.09196787855080679,0.10816516967259043,0.06303939355224004,0.10727459061944904,0.2314707347835108,0.1315279693542261,0.04498440570300647
0.12400930583417918,0.16061116591396826,0.07035678405224098,0.11271432303394952,0.1632673377924326,0.12117404942264037,0.062284786372340833,0.112573750109541,0.07300849746870727
0.11121786457078957,0.1355601045647841,0.06192774049239325,0.10564567964642065,0.15697400278304488,0.1110215792455817,0.02316724293595507,0.10486227246612224,0.18962351329490854
