0.02994520964050025,0.1088974167055828,0.27507783299723104,0.13603651438654227,0.020347418372146833,0.1253718733891461,0.13923394033957562,0.07790985007078956,0.08717994409848556
0.16448101583480926,0.09790166917275954,0.10976289440158206,0.18392694901452603,0.1160080648238393,0.09519058609598742,0.02993717492839663,0.0957842391877934,0.10700740654030637
0.17759076008595986,0.11122541208765806,0.11712468981320463,0.1170593326657382,0.057780301760956776,0.10528474479193106,0.06548486159147254,0.13097379670690165,0.11747610049617725
0.12041266216748019,0.09959820627254508,0.07460909870535225,0.16407210637035743,0.22355388360588865,0.09235337780742385,0.01180468230911956,0.11199120183076167,0.10160478093107127
0.11677889297282602,0.11425287585941774,0.0843852879827774,0.15032888496572164,0.16443732484889473,0.10644013462640563,0.020563128886731407,0.13254002359396252,0.1102734462632629
0.046649738483246946,0.09743822575688266,0.06257163001968875,0.039559928902857734,0.019087614279811236,0.1056702264445658,0.44772474264690615,0.07457425508143202,0.1067236383846087
0.01611555462262366,0.1231627367493743,0.1613272376221289,0.11113956513129876,0.024637393495110394,0.119476148801973,0.2924386406900848,0.04860830234186924,0.10309442054553698
0.037579542326646447,0.10459329347455909,0.15091779203498573,0.15387923786977767,0.2517358749781217,0.12454578566959894,0.013293504167436835,0.08287476501301837,0.08058020446585525
0.042409443283189185,0.10825322688977894,0.17265977245211095,0.3005045212188668,0.09155812736550221,0.11777163240820765,0.015912279023411784,0.07046103797853065,0.08046995938040181
0.13674056457675463,0.1284211115395075,0.10102147232903312,0.06077408054899425,0.03935611094840389,0.1082959563946388,0.16977941308417654,0.1330316893422463,0.1225796012362449
0.07632679995625054,0.13842547302141836,0.09359232047202394,0.05912339252475004,0.023498421485949054,0.1103196458845559,0.27368862651827647,0.1141578526516716,0.11086746748510412
0.031478318277824324,0.10119945533725493,0.07040391238846971,0.09787867664903482,0.031402743007938445,0.11993473725172792,0.37862857605778144,0.06111265719472577,0.10796092383524263
0.09167614159315833,0.12383453761849543,0.13466342891110678,0.06901774610933813,0.024723996015835765,0.11829704516292149,0.20488297566710809,0.12861301626251465,0.10429111265952136
0.03090955876217134,0.09522177492614685,0.20634540309734697,0.08320227019469885,0.015217653308348018,0.12945337059309825,0.2708317040663964,0.0798726428256002,0.08894562222619297
0.019425925155796202,0.1122957849216643,0.21897559720943593,0.09433674907362595,0.26564686595651055,0.07922497199460073,0.02699502197041814,0.05135079851206897,0.13174828520587914
0.054967246534706506,0.10493314353627353,0.06597576807748755,0.02967423230906685,0.015828826130979665,0.10213056059626828,0.4287072158659761,0.08672595585289529,0.11105705109634627
0.10148234877271105,0.13500991927020092,0.09111707623167407,0.04476201114311593,0.03225747290363947,0.10999141063714085,0.2423816695990255,0.13147912967325018,0.11151896176924202
0.08025657105619671,0.11272122030429814,0.12225225304043223,0.06341396355640995,0.020350533457469493,0.11147190212456216,0.2715932047308982,0.10795203396707746,0.10998831776265565
0.15078861364872437,0.12195604294161544,0.09298991744658058,0.13350017181589563,0.10598042292604086,0.10797415429572266,0.028818903799490977,0.14183590925878012,0.11615586386714934
0.15104296521926994,0.12335650705452544,0.12686735007963634,0.10913500169948538,0.05296560539715663,0.11042317429873531,0.06613530388336519,0.1420293925333733,0.11804469983445241
0.0932231384152003,0.16371082349860847,0.11764356073939645,0.0580709489194415,0.098857080983224,0.11559854869275471,0.06788612547128232,0.15829020075341482,0.12671957252667743
0.0445991195132808,0.11083031599974974,0.1343219852231247,0.058799802711718675,0.012511594683186569,0.11133448052867284,0.3273442607468183,0.09719281599354938,0.10306562459989899
0.13326768929138036,0.11542374045907043,0.08681332902017087,0.14915863715795014,0.146677055210957,0.10451937000545648,0.01822968184246214,0.13422350928673987,0.11168698772581272
0.0008196647485632031,0.1258524829246747,0.36679134846524714,0.14692764695157756,0.013160569435895086,0.11627455012924044,0.14677915098369718,0.03264641331697644,0.05074817304412833
0.07838174843230963,0.10930139843727965,0.07949855500758898,0.03605023695040605,0.020273120700660174,0.10584316320226524,0.36265583182296773,0.10479059427341304,0.10320535117310951
0.019653878571559875,0.11032808206487899,0.14156628122246523,0.08936579876867601,0.0254372599130615,0.12686475404101738,0.3149788256594352,0.05300359212218461,0.1188015276367213
0.005410908973687995,0.10878984676417525,0.2765550741231532,0.09233897342778291,0.009244326851260165,0.10791670188647862,0.28765077464680683,0.039884045665342545,0.0722093476613125
0.09447493587949944,0.13229157260013422,0.1276245610323467,0.1895246427748464,0.07427483191445294,0.10215319451101845,0.060303288712322045,0.10007308730475849,0.11927988527062135
0.06476490663420381,0.11666863078884948,0.11159241158260204,0.04995991100644139,0.015398977547200895,0.10852041840294241,0.3134009814706753,0.11121316158596144,0.10848060098112315
0.08372369950047721,0.09067114585862761,0.07387334669628214,0.037002113898446515,0.027580038640101726,0.1024744597661601,0.38701452780494267,0.08384520700115299,0.11381546083380893
0.12531504968239232,0.117083275591088,0.12761078147018098,0.0750838229632018,0.026716029870000883,0.10939564144310156,0.1886683723702286,0.11750742085374506,0.11261960575606078
0.12598177292703835,0.11639688729921527,0.09717347479339151,0.0794557514616611,0.1960325315523771,0.0987907610135358,0.024535614718768476,0.13738526846154417,0.12424793777246824
0.036709780237939575,0.12415146864401294,0.21535232412542757,0.049788280980867905,0.1767307674052231,0.17153115316990208,0.043802610735495316,0.09804924361389884,0.08388437108723268
0.005299179491404443,0.11343871567191934,0.26310960693085844,0.09584626476396983,0.011360074801819608,0.10841022275418088,0.2937767222350894,0.036756293028642764,0.07200292032211525
0.05557713646655796,0.12168610096316612,0.07752244073685284,0.036649909024107793,0.012759755899850282,0.10495850602420635,0.37835515212753473,0.10367844319588877,0.10881255556183518
0.004653647285765616,0.12130395955835126,0.325681028032321,0.15024100355265377,0.014699221099140998,0.12204492230425683,0.15471099918171263,0.04181901173165342,0.06484620725414443
0.012553504725148464,0.08384012104625128,0.20647299432240862,0.09737515268122054,0.014525360275007325,0.1669220492992954,0.2805132901146293,0.05706636919056365,0.08073115834547544
0.08810751565113532,0.13749567753734038,0.08091275891664683,0.040930142343155555,0.0219687079380666,0.10471468340959816,0.2851178541926261,0.1254656247303858,0.11528703528104521
0.14618892815058612,0.1271356623684234,0.1010669848756674,0.04924735263836647,0.08841844289657469,0.10423517654159482,0.1116551403670124,0.1380400702975854,0.13401224186418928
0.050345728753303585,0.12852140496983697,0.06300478317501423,0.02899178461395711,0.012282483879248853,0.1023784487890567,0.4065148881367428,0.09821606056468735,0.10974441711815253
0.1308163459706722,0.10872327783586143,0.1619932893104047,0.1265627749632823,0.037413364344826804,0.11282669101153293,0.1096716554702402,0.10182833762495469,0.11016426346822468
0.007728540285879169,0.11194467841759964,0.2500747570981023,0.10168524648295685,0.012791394190286083,0.11164097255652576,0.28689773041109806,0.040717634588054226,0.07651904596949788
0.10144260814270316,0.09413243867125375,0.0747108414126262,0.05248891485058974,0.019772180284838937,0.09826923683005333,0.3500662265470247,0.09716469591194536,0.11195285734896497
0.00729937034852567,0.11802013466027887,0.29831420680024584,0.13590197606085028,0.015059312808258991,0.11929472852423018,0.19056557462260915,0.04365214933413783,0.07189254684086317
0.10163374844941082,0.13675901543770452,0.12129613848876088,0.07451352322495376,0.034712666233911095,0.1224481648171915,0.15639424774928143,0.141991504146384,0.11025099145240201
0.049876576706098436,0.1065344892776986,0.14986482173399576,0.07554162431390839,0.01645356285420667,0.11483551216660604,0.2971716743449829,0.0870894746220688,0.10263226398043442
0.1174709880060439,0.1394492122644201,0.09992825068227751,0.07414405058470892,0.14319838589679337,0.10898774270844978,0.03357212211852323,0.15242450151176248,0.13082474622702078
0.08704315092198385,0.11233899423218718,0.15774658518644719,0.09269944572186539,0.024738362211366636,0.11670269594304267,0.19570353308229724,0.10445359345352075,0.10857363924728909
0.08889265367562232,0.12589506350252175,0.08387774938866632,0.04112558290435521,0.02461307688113309,0.1055159265029872,0.29561968792332555,0.11759791144620542,0.11686234777518316
0.10938422258036268,0.10792951920069609,0.10208951234097224,0.05706063450685927,0.026111716142271226,0.10718111288631942,0.2709214769523291,0.10566723656059392,0.11365456882959597
0.03699067926259668,0.10528251805038323,0.10032614001802397,0.046932826614262506,0.010491729841228217,0.11351951153992028,0.3990711312975896,0.08898960296878174,0.09839586040721388
0.09587232243350684,0.16614877547121076,0.08381868248908682,0.04236055920165804,0.049092737342512606,0.11137779244992074,0.17313474037856258,0.1460180482487736,0.13217634198476805
0.14537246273660162,0.11932480044643627,0.09551318853699127,0.15061477893269495,0.10504740852036655,0.10780197663095704,0.025453157973385737,0.13720906321040985,0.11366316301215673
0.1294915364074595,0.11012758502078901,0.08379351603020467,0.04678533541644849,0.02196965439438658,0.09962259472349232,0.2964327657032424,0.10152328383629651,0.11025372846768054
0.13619666285934703,0.14558478783983184,0.09913872064181162,0.07654273687922943,0.07846283726471656,0.11258680018510232,0.06490553709669578,0.1552645869122509,0.1313173303210145
0.05799687265914496,0.12826832431964216,0.06427275576606224,0.027641719221374705,0.018801176061926307,0.10179627624430164,0.3872584003631059,0.10027794441446473,0.11368653094997738
0.041302645785097014,0.1329339917979219,0.06841140656415218,0.03717482572350992,0.027628687631055544,0.14987968209568428,0.3451644003905836,0.10561984872827151,0.09188451128372405
0.09423257677801151,0.11968362790617475,0.1427547970579355,0.07171654730779096,0.02158721369167142,0.1108909818089351,0.20921034097788146,0.12048883102425334,0.10943508344734598
0.031347326444466604,0.10747680119118101,0.1074815185650384,0.04098173574445369,0.007978923690748712,0.10551019526652139,0.4173273556495389,0.07975428310446646,0.10214186034358479
0.15700156710922922,0.10331624859951877,0.11990094477590685,0.18644405778977577,0.0857736516060011,0.10162735002666527,0.027287409163636322,0.1139795077106966,0.10466926321857023
0.02050448471478354,0.10797321321367419,0.24903269041229484,0.1048980243017625,0.015707732365868584,0.11528895372286825,0.2445388745558579,0.05636152013850151,0.08569450657438876
0.03700210568973524,0.10333979301591323,0.12048681197599347,0.05293502768867738,0.011143721830824694,0.10912520771096029,0.3849237891118497,0.07984718590222334,0.10119635707382273
0.002232967673544855,0.15143961141266432,0.0877836263661657,0.12093988154125591,0.34973349189833547,0.1049386625399284,0.07500251838608203,0.031954963007218846,0.07597427717480452
0.11352685879954849,0.13482000401884742,0.0972430509767032,0.07835266864565454,0.16417137923161587,0.10711155377077956,0.02712309339780262,0.14910328763176994,0.12854810352727836
0.07872618965760748,0.12132072126310982,0.17438880171310925,0.11550685902123303,0.027448398118255442,0.12364634910432308,0.1332530839602531,0.11754987823641476,0.10815971892569405
0.1896234403447299,0.10580065122023519,0.10639262555151667,0.1328602695627009,0.095783705634861,0.09741158989361816,0.03420945273316169,0.12573269107959822,0.11218557397957829
0.07948342368368788,0.13565001528544943,0.08496900570563515,0.03977807583084323,0.021649113432659708,0.10607476091405904,0.29273843929261695,0.12369692350109333,0.11596024235395537
0.13416900991652214,0.1232691321806066,0.10930572255409232,0.12273670117955722,0.05412400834998305,0.11533156393889928,0.08925308364320722,0.13878610012257528,0.11302467811455695
0.0038544306396816174,0.12712672121655963,0.10270168843504429,0.17183806288670797,0.30683689047084595,0.06435895408343079,0.028982715704528633,0.04225003093123012,0.15205050563197103
0.08080200803820294,0.09877488245116456,0.1221869070013095,0.08373074156821507,0.02649138282865343,0.1135063513843876,0.28945634455091324,0.07628821153961003,0.10876317063754369
0.11956657754356183,0.1102928192561148,0.1481532551373311,0.1960497199565304,0.05758647711926754,0.11335513373090005,0.03475246608076121,0.11736083838785975,0.10288271278767337
0.1399299982363659,0.12605820745276655,0.11547967471955645,0.08534202202833642,0.07342158456871495,0.10943182119197932,0.10473961070298822,0.12697027082804763,0.11862681027124455
0.11245356522377152,0.10486608513473267,0.17438416525840525,0.20895010007932724,0.05857079619421848,0.11058686754381324,0.04061511515402804,0.08802452169008441,0.10154878372161912
0.16939732125266252,0.10602204378574868,0.10524310191434037,0.15508455383918243,0.10471799847004286,0.09938657864390343,0.026442415243271206,0.1241685558459904,0.10953743100485804
0.1052301671754514,0.10070503098034994,0.09844692658988723,0.05887800278420058,0.022407230848725757,0.10537115539903419,0.3135047312125245,0.0864464361210302,0.10901031888879616
0.17295705416628251,0.11957581248379552,0.11225049394692348,0.09545477611637888,0.05177172994930041,0.10690571659306469,0.09355198339962305,0.12803014151687242,0.11950229182775901
0.13717130108226147,0.11969777324035134,0.09540627576970162,0.09917369965136758,0.1632966073925747,0.1037473845714596,0.022673069323760897,0.1391250903451969,0.11970879862332588
0.007961678220043818,0.10389224477637488,0.249521249988351,0.07388232825166546,0.007783795621419836,0.10644900546014606,0.3217797084409621,0.047571057313168234,0.08115893192786854
0.04574664502259995,0.16056372207561045,0.07842200113131338,0.11571767432941371,0.10575599866455938,0.09126813909622951,0.16587751608393222,0.07419643796260088,0.1624518656337405
0.1448551575701137,0.13810544875808686,0.10763533410278847,0.08090953211457745,0.06543652409614056,0.11087939257768835,0.0723148980995496,0.1520519610557954,0.1278117516252595
0.080067464777341,0.12171373922058178,0.07755873321950171,0.09001852870154581,0.2827513264187162,0.0969483885103165,0.011398696503319414,0.12637960377488366,0.1131635188737939
0.047048696616556175,0.10544911893330573,0.13323398249980045,0.061498088726903766,0.013894826088160823,0.11136635951347407,0.33634580829094646,0.08840625254863739,0.10275686678221523
0.0741260108076766,0.1378043437728878,0.0795094296800701,0.03889313359330965,0.020580921772087982,0.10618796019050485,0.30621176570713793,0.12138780788556025,0.11529862659076484
0.10650961932217871,0.111664275317364,0.10070546353998866,0.23810111378262114,0.1003595919259902,0.11263647697629488,0.018217130059501426,0.11297394464535619,0.09883238443070481
0.026675858002115176,0.10473400604744408,0.21561744793547857,0.09409544317266287,0.014145245356560669,0.11672612316414943,0.26568658982532706,0.0707699133178738,0.09154937317838834
0.13879123695339474,0.0995863814061187,0.0874120372223296,0.16403949962762696,0.20222142835465506,0.09087516529133256,0.017141552724608457,0.09931059687125245,0.10062210154868155
0.0030198716282731765,0.12796407289064393,0.13377077031129916,0.13283004470274867,0.2742909410837065,0.058394386695285426,0.08216722172301971,0.039057122848859066,0.14850556811616447
0.010435252219241402,0.12394748012772135,0.2794803360451712,0.14315699020269526,0.020623550301144846,0.12169918836259648,0.17515897841730113,0.04495769109794645,0.0805405332261818
0.026675858002115176,0.10473400604744408,0.21561744793547857,0.09409544317266287,0.014145245356560669,0.11672612316414943,0.26568658982532706,0.0707699133178738,0.09154937317838834
0.1575960752975298,0.10260149446981925,0.09399650549717463,0.1747676455030883,0.12889348646115073,0.09807103058796136,0.020600948630610048,0.11830032897693173,0.10517248457573407
0.000597955053096528,0.11768540161357809,0.34726148134693474,0.0953460021408173,0.00924483958024461,0.10461713994818937,0.2404358574891016,0.029303729671565772,0.0555075931564721
0.13695875670634403,0.10882002793256952,0.1583045649825788,0.16046186492688663,0.048485833961769094,0.11126235030994958,0.06800699484598625,0.09865838350931644,0.10904122282459965
0.012967564442343295,0.1153756815814227,0.3073020947033748,0.2328424493162132,0.0364529440670107,0.13669970132481565,0.03409353214690685,0.056458920757993754,0.06780711165991907
0.10296605390622116,0.10122978244915297,0.10879711673437915,0.06658182801084044,0.025805574082953503,0.10906848633044304,0.28175709931328635,0.09254779262040125,0.11124626655232206
0.0054888723949893595,0.09498855737128765,0.07092848073409382,0.05482056175193093,0.01650311547330482,0.14283264315874392,0.47719614318027254,0.03987727904658421,0.09736434688879274
0.0016969624360125472,0.11611879821327982,0.3300698142460384,0.10978997104982285,0.009308521878530296,0.10837431185076196,0.23098025278249654,0.03352353304631812,0.06013783449673952
0.15595772246257125,0.13182441559463773,0.10404107536563284,0.06385478225252327,0.06763080552318106,0.10652954678768654,0.09678099965847371,0.14408347246221062,0.12929717989308304
0.0034316192674196323,0.11808141922361587,0.33304106097437386,0.12677425075111862,0.012419643539263336,0.11320965076354922,0.19232852955540833,0.0383154463382882,0.06239837958696299
0.15078168552279803,0.11928168390965321,0.11162486775334635,0.14783889944696357,0.07515195686522391,0.10939281185321414,0.03555239615376604,0.1366910547606396,0.11368464373439513
0.12409024162764944,0.15450563007804896,0.09475413994622052,0.06487724998854255,0.06604671695223269,0.11426983571974574,0.09255116136577583,0.15546326754374876,0.13344175677803552
0.12203715725506921,0.08666803232838405,0.08510882669955927,0.04149843653491241,0.05540533137783771,0.10019851225803778,0.29581256617356966,0.09183399597514548,0.12143714139748436
0.17625382138265358,0.09942075682469616,0.10075078496079398,0.16112603478135332,0.12312825499559606,0.09417910645124498,0.025655806477748667,0.11191315867380154,0.10757227545211172
0.13134639891218172,0.12620367199642962,0.09275369775305113,0.10574940054011837,0.14663631633523663,0.10638842397972219,0.02416900345457747,0.1451758854524206,0.12157720157626221
0.13066990929402061,0.12613845140643173,0.10840025642318106,0.08168825489055774,0.140299828104641,0.10603125133064,0.04821598881035249,0.13989465889089292,0.11866140084928241
0.009197772408493591,0.10697748663943196,0.11052327369869867,0.05052514341345562,0.009660191688898144,0.10679850684531535,0.47532414531072353,0.04303484078744546,0.08795863920753773
0.19220444152165883,0.11350847098012691,0.10924385063019591,0.08357228337723659,0.0709784573648343,0.1006902746615043,0.07835334341064719,0.1299073970368602,0.1215414810169357
0.14622891064365873,0.11275268068354326,0.09434241272474776,0.07885183295771571,0.15923430070787906,0.09942658969010175,0.0369281005527925,0.1411647712387832,0.13107040080077806
0.010279044884956642,0.10621943002088974,0.2673967442799981,0.10407910624574883,0.011402002402534353,0.11356746850776113,0.25969586415582413,0.049342591855232494,0.07801774764705459
0.035422503878252055,0.09556165243333525,0.15879024496897898,0.08352305373842543,0.014108337032131652,0.11082665101360739,0.33031910414837773,0.07356221993478783,0.09788623285210374
0.03457652873740254,0.1014287302950977,0.10563319223545072,0.04012694371038944,0.009367085655565875,0.10096138454701153,0.4370957751147278,0.07312475173677364,0.09768560796758079
0.19287590996097845,0.11457790035831028,0.10423263819264862,0.0887709540032647,0.07393020104320437,0.10130635822177404,0.07513282555665335,0.12781722658641073,0.1213559860767554
0.0629754260981114,0.118491542154459,0.13922391512565715,0.22588245095012036,0.08766144898586294,0.1096788682077028,0.06683307617853014,0.0792637777808332,0.10998949451872299
0.08484431895063715,0.12467936449818706,0.12965475496863374,0.07109059577280476,0.023175851557016052,0.11522370309301211,0.2129625472048389,0.125273023322608,0.11309584063226215
0.10426240829964219,0.09145897229382378,0.07280005204663195,0.029294025596332013,0.06355928433787132,0.09780291349861597,0.32514572942310394,0.09178521264842282,0.12389140185555603
0.11276239596059527,0.13313311080122156,0.09735809245646333,0.07942296946980751,0.17058042884174748,0.10638986955980022,0.025470046016596287,0.14775406952445824,0.12712901736931015
0.03651078879368883,0.10697836616663094,0.22055030715492444,0.0975844046999203,0.016126174779209534,0.11941548601241929,0.21763795512457232,0.08930738060685599,0.0958891366617783
0.005424048200517742,0.1131842925827078,0.2512854373391185,0.07302498071461817,0.012001276419903407,0.10149960752886737,0.3313310115644678,0.03595511750039545,0.07629422814940374
0.09492683616987445,0.13359211040824473,0.1454111853416435,0.11738786469658168,0.09661714981289328,0.11629020033360837,0.06065207048994951,0.12569004192000255,0.109432540827202
0.11850003037913599,0.11123012968970702,0.1278483491694897,0.20670991917011786,0.0802102255187687,0.09947925082491081,0.06040435752254134,0.08580605646521038,0.10981168126011825
0.062012497464176884,0.1100026939343524,0.23837380976045067,0.18049564513405117,0.03378775435611442,0.1251718844538525,0.07135008956866738,0.08495296936257028,0.09385265596576435
0.016127123338337292,0.12284357982381017,0.3058800627522479,0.18949619209700794,0.029177393629967557,0.13284039591372512,0.0718552593584777,0.05467592114182798,0.07710407194459835
0.11353944328653769,0.11817681249452543,0.08331595775151639,0.1180597544642062,0.2002802871172457,0.10201905683164558,0.015402902842537593,0.1347127037819307,0.1144930814298547
0.10515155982633824,0.13425498045529352,0.1199728048632223,0.09326727538950635,0.03638802075339608,0.1210840567310865,0.1455766754581214,0.13596151296602785,0.10834311355700776
0.12983668711446353,0.10066054310579238,0.09825255687208855,0.05532547037871937,0.022500243438473844,0.10062360363254508,0.2946752209856334,0.08843550756569114,0.10969016690659276
0.10433066389169465,0.13754388998933603,0.12639900511945806,0.06450536533323328,0.1439844058692157,0.10686696755954661,0.04599637010549008,0.14804515474335228,0.12232817738867335
0.02461984601123871,0.11411278426496596,0.2342929183720445,0.13022483810391242,0.020725828935113388,0.12294684490893622,0.20501269314822979,0.057997463683877704,0.0900667825716814
0.07005534653605883,0.15242176234479501,0.10996522771873322,0.0964780428211214,0.11700344827811178,0.11177780221589477,0.08287734403360153,0.12858065304156327,0.1308403730101202
0.0666988966725169,0.12390116089577674,0.14956913409977682,0.07435437731603098,0.22695622415140873,0.10413141435865936,0.022156069920426708,0.12785047236503833,0.10438225022036536
0.07137154839499825,0.11387853721796759,0.21137358112090646,0.16050923709075668,0.032219898582984206,0.12565301690942648,0.07950507282752893,0.10548124264185443,0.10000786521357702
0.04666919595597615,0.10129212123655014,0.11993352490649989,0.061602138016310364,0.014842656623939127,0.11134090182285561,0.36208550674437895,0.07917587663550095,0.10305807805798889
0.00042095205652704936,0.1238308113439273,0.3747163320659479,0.11950633339921406,0.017663886434711396,0.11446067788788705,0.16906235082154097,0.02886082917771099,0.05147782681253323
0.1259848160726671,0.12163915488275016,0.0892228940981849,0.11049491536410243,0.16686682533693145,0.10499970353495491,0.020943413830418603,0.14142576492145179,0.11842251195853858
0.09137550401971684,0.14835411949208818,0.08626776232803042,0.043100055941439036,0.030881110395036503,0.10849607995094888,0.23319995570262889,0.135376136472638,0.12294927569747321
0.026050058331381326,0.11923337201491728,0.21860388909299486,0.09668730811831332,0.2686033498370242,0.08084891919937269,0.015306463321982466,0.06303729587735091,0.11162934420666287
0.12775072626311146,0.1404553789576811,0.11362279973305844,0.0653856416789001,0.07623351600960575,0.111334450944177,0.09529732445977833,0.1484617763018915,0.1214583856517963
0.16544415521315745,0.10635714934367115,0.09463072147958292,0.13416636151554487,0.1375102062854561,0.09782245553417324,0.02361247275684636,0.12850888746973557,0.11194759040183237
0.09130118063796212,0.12236157526089775,0.06947804984022442,0.03415425166884573,0.018931594370697344,0.09821474613727586,0.34755439439184516,0.10773638945549922,0.11026781823675254
0.1817513912174269,0.11067407421620236,0.1174468959840615,0.11819106007897195,0.05408794727083394,0.10460847401015676,0.0940181300221883,0.10108807174173427,0.11813395545842392
0.028152934600119413,0.1331646559441044,0.10828692275393081,0.05800222530079328,0.06826155629610177,0.2250347312841161,0.19932089445583748,0.09065512958145615,0.08912094978354068
0.04837889888073462,0.11320550885109514,0.09814115520375909,0.044307817458959675,0.011384594195155895,0.1072535629937555,0.3732290462602171,0.09819409902639165,0.10590531712993138
0.11415682318721382,0.12110572613783595,0.08409479917253508,0.11426167078811271,0.18479781908348744,0.10554797713168174,0.019882889429210404,0.13889454876305343,0.11725774630686937
0.16163896243711012,0.10072148329897745,0.10838604573531341,0.1892417915714688,0.10674570185761538,0.09772006346147204,0.025962464834960425,0.10448083255944225,0.10510265424364017
0.06611084247645622,0.10501250633107646,0.06552853481644379,0.03524823885391507,0.015911433154231266,0.10200020054578766,0.4092477441870433,0.09990357452138661,0.10103692511365969
0.020769820869738106,0.10094981356572598,0.07656822603838552,0.09091554169403655,0.016216958312032365,0.1089678477447537,0.4269539814874473,0.05323570482860735,0.10542210545927307
0.17568254403470684,0.09918244518057207,0.0996704515398007,0.10253903211164356,0.16417885851684744,0.09091466610446515,0.028624479108493958,0.12299933635707262,0.11620818704639774
0.02033441847274062,0.09979257488392683,0.2036084184862684,0.06323810990563118,0.008915426213111545,0.10770272268659141,0.33635065260508673,0.06814454669318111,0.09191313005346224
0.10676810354245624,0.11179638910807295,0.08799676321431611,0.08536192225958932,0.25174864958415305,0.09399339436576835,0.016175732477605474,0.12801806990239042,0.118140975545648
0.03021893056213752,0.09381290902514128,0.1081436609407958,0.07236567962191094,0.019902818137400097,0.14152233423633248,0.36426973518805544,0.07158864612229514,0.09817528616593141
0.011334166946678268,0.10739341427191418,0.28814104167635346,0.1261017850257157,0.013112025628279908,0.1206546659103982,0.1988386415926999,0.05639026212765949,0.07803399682030084
0.13512125670045141,0.12498676635575622,0.10101791909000013,0.07212906175051916,0.15656057575310156,0.1024172856068824,0.03496934853375615,0.14357517527849825,0.12922261093103474
0.00677047286587387,0.11810521235469379,0.3136667533125685,0.1482569485382994,0.015281090353401751,0.12320037303909608,0.15964967781670542,0.04569538414881575,0.06937408757054551
0.11854860167631458,0.15185731757252333,0.10211366200605732,0.06193863263371995,0.09825995235045704,0.1125131460832558,0.06165866702299131,0.15714415771695878,0.13596586293772192
0.19115467108548576,0.12057135823824351,0.09978087826019959,0.09500819741481965,0.07132546789748344,0.10312230040099313,0.06132859392693154,0.13718907879417708,0.12051945398166625
0.16870878983103613,0.12253599514740961,0.09840399057009121,0.08102054378206601,0.13621776819320866,0.1011150449984352,0.03571057531041147,0.13499319556102854,0.12129409660631309
0.09506110512254333,0.127439735048806,0.08523238469298706,0.0859236874834287,0.22528695342531793,0.10354575370982398,0.01763754179272617,0.13883214044138312,0.1210406982829837
0.004313520967178667,0.11087703756647264,0.031648875105632204,0.22279227338766092,0.17580370314767965,0.07916114348432572,0.2022599239064706,0.04158887833644003,0.1315546440981396
0.04670974260739317,0.09323686399645016,0.08559940659080795,0.2745125155987008,0.2474753215465096,0.07623972207261139,0.010653157529940139,0.06423538961814822,0.10133788043943855
0.1553795717005348,0.13522986076908905,0.09773478490485395,0.06754167720527493,0.07273302871297056,0.10797120942806114,0.08859364606924665,0.14485350635602387,0.12996271485394506
0.14671284763420586,0.10812587730235874,0.09711015656904524,0.06253241678830583,0.04096520951952729,0.10775316342818521,0.21584418011584316,0.1033362042068575,0.11761994443567114
0.1465246608801165,0.11828392530708703,0.141078437816825,0.12567239204312794,0.043121203026498404,0.11096131689427591,0.07023702437783516,0.13236072354140258,0.11176031611283144
0.002967766908852924,0.10459131086636031,0.13177215743406895,0.19822872434188446,0.02189907909013189,0.14802395516326225,0.2828636163998198,0.04155028422466351,0.06810310557095595
0.15514323942006944,0.12680571922564254,0.10873549274569566,0.10858166251074103,0.07931709880226366,0.10888570856871604,0.04433517682398777,0.14703474963131616,0.12116115227156765
0.1490000450765647,0.1228106522059641,0.09812580140915655,0.1283823843381299,0.10428691695419949,0.10773261222517844,0.029245870895668283,0.14271258635004888,0.11770313054508973
0.07163854583822422,0.09733493346854637,0.1101716692009404,0.08437818350485497,0.029722540954621568,0.11451914632374528,0.3139295643021078,0.06923772398723432,0.10906769241972515
0.05615639563127615,0.11441901496859845,0.09352593115210356,0.041596666036436476,0.011566774666818628,0.10215455304130762,0.3781028793943757,0.09936061741657844,0.10311716769250497
0.05904642440288626,0.11642873527760794,0.1162383831429205,0.14979725265259022,0.20870307428816784,0.12386544189023746,0.017406709409365187,0.117956929412807,0.09055704952341763
0.0864734609429081,0.12238633077280926,0.08155076712256204,0.08917635063287112,0.26334489210903206,0.0985178825071904,0.012847410289809387,0.13023048028913173,0.11547242533368592
0.17971065839453923,0.1231571717356208,0.09445985022615198,0.05732970209546837,0.06657695751849259,0.10228602548514577,0.11540327742070787,0.13383598977089028,0.12724036735298314
0.03272004021653551,0.10480452967599724,0.16001302778749205,0.06002177510650919,0.010501284371401902,0.10998839434771317,0.3390074793769495,0.0844904317953521,0.09845303732204924
0.14845001914787767,0.11268998763293364,0.09406955915845343,0.10486978767911752,0.16485936734394166,0.09848422334322139,0.023522117878886455,0.13452989096954124,0.11852504684602704
0.11494982294926241,0.13002470222603826,0.1386225194583548,0.12375218617288647,0.05762672655334957,0.11748903591557279,0.06975327338576558,0.13643038147698036,0.11135135186178984
0.0643994327407094,0.11084235420318496,0.16277583335569357,0.18282264909526758,0.07065660494117572,0.14928294919843527,0.05965935182992377,0.10516787391018806,0.09439295072542159
0.006806332075589707,0.10450263164983559,0.24150235753114435,0.05677409533424119,0.007551864956829797,0.10053297314615722,0.3621577736258959,0.041813990709907045,0.07835798097039907
0.19196629964286058,0.10541336611359903,0.09821909705857983,0.1443298135817014,0.07499913203520837,0.09956229204781473,0.04660966334600042,0.12320595550488216,0.11569438066935356
0.04837889888073462,0.11320550885109514,0.09814115520375909,0.044307817458959675,0.011384594195155895,0.1072535629937555,0.3732290462602171,0.09819409902639165,0.10590531712993138
0.06413237500866754,0.11177458681796736,0.1516650926814344,0.08148977629262277,0.019560008091991567,0.11658138086554044,0.24991050127266856,0.09897468369958727,0.10591159526952006
0.1283032456879011,0.10564550996591669,0.10435116425694273,0.21130679643263192,0.10675087576533976,0.10560383997344218,0.018067112106083198,0.11896297653127748,0.10100847928046501
0.12221034647257133,0.11190393304771468,0.12472235156802043,0.08487754521453868,0.030322219613108242,0.11205831219458545,0.1938438226998115,0.10648763701698642,0.11357383217266324
0.03664988336503646,0.11509365708556418,0.2663026204527971,0.1321249187243894,0.023191146346040508,0.11909377342974882,0.15491561298443202,0.06284965426304959,0.08977873334894189
0.11630382671624064,0.1459041245578787,0.0971665795244205,0.07096352660520237,0.13018934998734744,0.11135432391254269,0.039831193457665524,0.1551003757415297,0.13318669949717235
0.05763481915504611,0.11766918658144794,0.11946970202279535,0.08745023916957,0.025271955083002593,0.12870197929073893,0.2683521083738336,0.09295963787603956,0.10249037244752583
0.024491596772752363,0.09963849963808508,0.13682687841014607,0.05730538855596695,0.010604526885662248,0.10890111605229345,0.4044544513093493,0.06208984906942766,0.09568769330631684
0.005855966160453439,0.12262115930694474,0.32209074625863254,0.14096396060091765,0.0163581311539746,0.11870139306125183,0.1628111779839455,0.04201581191470651,0.06858165355917328
0.17343104693349956,0.11767272057283806,0.12009726246383762,0.10316800936547865,0.05629425692389598,0.10593449542783816,0.07193236702285567,0.13344615799940923,0.11802368329034701
0.09879616141117899,0.14809673234579188,0.10406821077575558,0.05931638054543505,0.03599595713813857,0.11180743767523423,0.18974615476046428,0.13585434793071063,0.11631861741729084
0.013265282098838184,0.1040577918809163,0.2246874965143216,0.0862475852622784,0.011451160072878977,0.11106134907914371,0.3160702215782303,0.04980002500745403,0.08335908850593855
0.07547162177944707,0.1294646418464225,0.07142159257269146,0.0872238293461763,0.27164845311636215,0.10215442326232409,0.01359205744744242,0.13193996717511905,0.1170834134540149
0.13066990929402061,0.12613845140643173,0.10840025642318106,0.08168825489055774,0.140299828104641,0.10603125133064,0.04821598881035249,0.13989465889089292,0.11866140084928241
0.014388041182768166,0.10598199142623238,0.26742377529073297,0.11525148111369403,0.012825236659325168,0.1197327734105711,0.21999231038969078,0.06176353337692362,0.08264085715006177
0.02962101533526189,0.10749915428845719,0.22612188156672275,0.10064535480453392,0.014972281106271093,0.11994225826951338,0.22519224539934268,0.08277748373290478,0.09322832549699224
0.18909064727636812,0.09817684261179464,0.09585515187652771,0.1188044720677865,0.14456031214596993,0.09154026381473697,0.03504397817476347,0.1132127828301358,0.11371554920191691
0.11209217446693302,0.1067571150062447,0.07791156380327983,0.16588425275004923,0.2014707861901918,0.09911736922246617,0.011666961133019535,0.12178829478229558,0.10331148264552024
0.16958663879225402,0.10575992817682156,0.10303205321316287,0.13085965922477064,0.12662581614642834,0.09707109398191172,0.02503296759665832,0.12925443678717496,0.11277740608081754
0.17918450396618146,0.11509836845432171,0.10146545074536327,0.10775358399895675,0.12424821298434884,0.09937916358417791,0.030369094677843406,0.12800490244289842,0.11449671914590827
0.1514445234387575,0.09404663873915982,0.08560624026478163,0.1491907595887679,0.19872334969766714,0.08857014579516315,0.01642832916335941,0.11094699945221909,0.10504301386012423
0.1555492558464523,0.10507061414958842,0.12586602001697222,0.09383243895480602,0.04000869132369009,0.10733663429720303,0.15498417576986684,0.10210829814446591,0.11524387149695518
0.09172000026346737,0.1169927510049803,0.0823265212719928,0.03814110133325287,0.0444538934359017,0.10495220823395485,0.28092700321120595,0.12282640113597594,0.11766012010926825
0.09583698394856173,0.1289495451500078,0.13684803096676798,0.1010534052044515,0.03153232819734134,0.1207079141605389,0.153905856056313,0.1239383300387471,0.10722760627727067
0.12441951143343673,0.09155863813033494,0.1161338332154185,0.09559739277742903,0.22912889133740777,0.08810617180416769,0.028553619094721695,0.11673538184734807,0.1097665603597356
0.10702363924185805,0.09705848013303496,0.0776349927695029,0.035977929597459636,0.04244687844286207,0.10100730568938214,0.322292711236462,0.09604666375524944,0.1205113991341888
0.094442554135882,0.09778223689945242,0.0992424201243089,0.041137545245477775,0.016331038145860136,0.09810351166883446,0.3552456360920844,0.0922930287730487,0.10542202891505104
0.028256822767815732,0.09074606715000906,0.11990247587694562,0.05164118023068892,0.011827192659151354,0.13581741065643496,0.3907378923021931,0.08244148171836325,0.08862947663839811
0.035993544716916126,0.10296034935486324,0.1663052509265838,0.08198790505657366,0.015446976586151557,0.11507501950724197,0.31335935494344486,0.07127496662139833,0.09759663228682632
0.1480574164712624,0.09591494457577658,0.09654195259179883,0.062314866396433945,0.21058981056532247,0.0901225373548667,0.04982342436684689,0.11865390067358422,0.127981147004108
0.01686502631766797,0.11411082360180587,0.08121547534339828,0.19418960593363743,0.2481829522706761,0.07546224363750288,0.05321869681474251,0.056880852693067335,0.15987432338750157
0.11973201481891345,0.14677152727567466,0.09946939414853216,0.059666565796069215,0.044132661967144514,0.11207430790695644,0.1421837581130495,0.14794979395681335,0.1280199760168467
0.18378738171187217,0.11842138372098672,0.09844766411488737,0.11685942182341358,0.07555130196386817,0.10494539159630001,0.05967191176685591,0.12357672559321142,0.11873881770860462
0.10263750172499143,0.11792238461119785,0.12190889403161448,0.07385059571250158,0.0642162466194541,0.12422425341929695,0.163647341392236,0.11937909572189748,0.11221368676681008
0.030040431577935723,0.10804667897516362,0.19749165945616434,0.1440716987016566,0.2536227131302654,0.08116881777483802,0.015256609089169542,0.06186947944625427,0.10843191184855246
0.15324914625567673,0.12983841808217586,0.10752317607401596,0.10264026705022537,0.07699987645912337,0.10961558231062009,0.048546652676649114,0.1486036711364688,0.12298320995504462
0.1172272290989988,0.13845925050962984,0.09995500230982324,0.07482449761973378,0.1462800531921209,0.10861100370099491,0.03241010617529696,0.15187229429463603,0.13036056309876562
0.09650258772569598,0.10447794981153298,0.10292713672730931,0.045113644056557496,0.024221324745385537,0.10837448039019153,0.3049283501038143,0.10073815523364067,0.11271637120587209
0.049496341789939134,0.12182677734367224,0.1425087183354987,0.05953886990174669,0.03490486827847445,0.1829872581572349,0.1982135779334507,0.12145692824276066,0.08906666001722252
0.01650577908082189,0.10602248712078745,0.18019544878458757,0.09839213956664601,0.017594097912328112,0.1097299088833119,0.32837061160236325,0.04805676169348006,0.09513276535567379
0.054263794975064804,0.10657265224130891,0.1467857035041634,0.06915442006547314,0.016093250301066966,0.11300410711582269,0.2977366656624449,0.09286627181501668,0.10352313431963849
0.12830110779911577,0.11806027507296685,0.08948762956347701,0.05128308774419408,0.03501114925807839,0.10555684660275362,0.23577039754824583,0.1170790458732764,0.11945046053789193
0.12882259736524562,0.09670583990893371,0.11069966542858806,0.1425757626940992,0.19323302519296578,0.09116322071175231,0.025302648856409236,0.10723435938230963,0.10426288045969652
0.1970501918410831,0.11235029051704415,0.11221881910875144,0.08802305438428419,0.049460440681309836,0.10161138446085398,0.10041524533446816,0.12139135846017977,0.11747921521202542
0.05572492327949139,0.12156257505594259,0.07852191300379031,0.03732068798338865,0.012836217384826834,0.10522150763442388,0.37600143744083137,0.10403654439891896,0.10877419381838598
0.13203133081108143,0.10763402020665279,0.10643153954326452,0.2036511435646453,0.0992946672426301,0.10647086128853211,0.020050867647088886,0.12146606705014866,0.10296950264595617
0.1731617483240836,0.10798657115818892,0.13304552384449456,0.13215605132303734,0.05458626619639115,0.10491486390942029,0.069835578684886,0.11140286719127253,0.11291052936822564
