0.12682498502095735,0.08648428391381634,0.05436719915001115,0.09454654604678896,0.08438951849333776,0.09004620058863703,0.3307424347197101,0.08770239401617348,0.04489643805056783
0.027499238397704687,0.13652948421287123,0.12626505279663655,0.1067981194885802,0.09431031061955612,0.10210768323097452,0.16746580577539205,0.13843349586922335,0.1005908096090613
0.11992716744932026,0.10883461696180934,0.05000809602684758,0.09621381857835591,0.09933586401005938,0.12323176298459111,0.19481276232013564,0.1115711899978214,0.0960647216710594
0.03526712305488868,0.1306455202060606,0.06829464268914369,0.11253897620708286,0.1507892746428319,0.15687921964700735,0.07437822788983789,0.1482209913968248,0.12298602426632226
0.01133869301811881,0.09061398167765199,0.06233260597647883,0.12343514295172303,0.3336112830635504,0.11218421468600198,0.005857463796172324,0.13025281780828066,0.13037379702202195
0.047114601474171326,0.1305222648195578,0.0912332123900188,0.12484306675334671,0.1288284056243513,0.1801568551681071,0.05476253637843929,0.13487246197464406,0.10766659541736366
0.01148692958403504,0.01747914366786522,0.42891739438438786,0.1443007106308335,0.09181254291103925,0.015628367438219458,2.2360188644586368e-05,0.10364588959956829,0.18670666159540675
0.11194681367636095,0.10418161581717562,0.05507265321388687,0.1008942994378252,0.09883729869256751,0.13328033172686124,0.15649782948377375,0.12974814101572205,0.10954101693582684
0.28157721970995353,0.08415266314588661,0.05950282931156342,0.10575799199556239,0.08113812494708514,0.10634144130943862,0.12383283432777215,0.07765475197698633,0.08004214327575185
0.07852168899146153,0.1258164587879369,0.07527575210864378,0.12014368078865152,0.1241379558813877,0.1671476933657905,0.08379748945493555,0.12400610971686153,0.10115317090433101
0.036609877732225606,0.12855170581493777,0.07428771184558222,0.10770701345534357,0.14986507859686785,0.11195719979939185,0.08833180822558574,0.15340776600689957,0.14928183852316576
0.04941298925677432,0.11800470595803177,0.08959451710934084,0.11881751203172791,0.10392899157845019,0.13147828959657643,0.08884021377412972,0.15772778840457874,0.14219499229039012
0.28838838258298644,0.0823768444324921,0.05907561661687579,0.10396347554032685,0.08259706296466442,0.09841118361520405,0.12916647006978246,0.07536806261766034,0.08065290156000754
0.04672998697265879,0.13014455064862931,0.09080025056441043,0.12516533061715143,0.12873835664480604,0.18274018987793453,0.053132039088060384,0.13513159250682807,0.10741770307952107
0.1234656589589952,0.11097128504350239,0.05496612428334129,0.09419382245189767,0.08291278190898305,0.12131239625139477,0.20237069221042003,0.11203870727393911,0.09776853161752659
0.031145355152710955,0.13774336607624163,0.0897417826352117,0.11353238256957567,0.11605142575750427,0.15248828009952478,0.08608234545128464,0.14916211478198635,0.12405294747595998
0.0034552744064512905,0.04516442294811352,0.062338499780373535,0.12203932268595574,0.44849899799494314,0.0456635563996152,0.0002636081423032139,0.09156833965779211,0.1810079779844522
0.121114547855162,0.09207192459621433,0.08597593803245891,0.08526499683026136,0.05315464585844624,0.08489622101253042,0.33543260465863195,0.08471593493893292,0.05737318621736187
0.03530638429222512,0.13055173262188527,0.07128119522909755,0.1178258624300343,0.161781720331058,0.16394432166047312,0.05715534291071856,0.14388234774345346,0.11827109278105452
0.18447934772529193,0.07490927474367787,0.10756424896056782,0.10474141045807782,0.03530684322161515,0.10311554984280363,0.17840200318922692,0.11170533646043272,0.09977598539830608
0.1985901315952622,0.025418687574953792,0.10787084607256066,0.2530415357720826,0.19607050637068865,0.0572321736919238,4.3475773697890944e-05,0.047518140944098675,0.11421450220473167
0.109027268380957,0.11043594782334087,0.06430426768343361,0.09360628728118185,0.06925456081262035,0.12568730590620358,0.22492156059445423,0.1100518146397995,0.09271098687800898
0.07543031303878868,0.11280806737721406,0.08340134882758805,0.08839657237175332,0.05506829919922918,0.11078740443780284,0.25761284992197464,0.11662366793958356,0.09987147688606564
0.03358709124446529,0.11987083737937794,0.06521167013837154,0.12412098285699696,0.21527548526579468,0.15909261996925655,0.030365573019300183,0.13705582782754108,0.11541991229889571
0.03492072661586771,0.12844282989263428,0.0907592596240644,0.1271923568912806,0.1516477979752696,0.17652880586978006,0.03803660458921608,0.13928874246465073,0.11318287607723647
0.26431905572888065,0.0875582986478393,0.05966235635463141,0.10669761875669165,0.08374280809411198,0.11115261053894544,0.12524010431611224,0.0807229929500669,0.08090415461272035
0.23683861025208605,0.09227608245451185,0.07123328116937691,0.10713772231784142,0.0723854401531311,0.12319588043416783,0.13226103203474457,0.08431479110158517,0.08035716008255518
0.010846518097582353,0.09073779273276522,0.07081495559651955,0.12386535211161558,0.3284871827510577,0.0971028411988053,0.004882377170170414,0.12929677471994339,0.14396620562154056
0.040134473628941035,0.1264813913780835,0.06169605118754499,0.11604132311702835,0.17636399570726904,0.16438772376401078,0.0579308143642309,0.1412610790287606,0.11570314782413077
0.3336064442550002,0.06849961337797075,0.05061145830599172,0.09343637976924064,0.0663533914751855,0.07839650521639029,0.16439349922779053,0.06745230376515117,0.07725040460727911
0.018669250724787697,0.12250699032995715,0.11075874894817482,0.12936919652462317,0.1913268693827058,0.13701242251036136,0.020322620724481755,0.14138515000627663,0.12864875084863167
0.015344846122552028,0.12019231390601348,0.08471221372577369,0.12286887535061614,0.22007428534967785,0.13135208838402654,0.02019179947947786,0.14700121146916043,0.13826236621270202
0.17156119163889327,0.10615566888691806,0.06126317865037598,0.11316285074260646,0.10266455547324942,0.14007988044114222,0.11677687381257167,0.10002779847352895,0.08830800188071393
0.12647915520657949,0.1233663948288461,0.06693991735289412,0.11163387888957625,0.11468989322149091,0.13403410564985258,0.09310391750317693,0.11695760688401878,0.11279513046356476
0.21358925437163143,0.09231292500078725,0.051157368353114026,0.09797861667746897,0.08011474370504527,0.11128289621179514,0.18145580354138371,0.08913057060704888,0.0829778215317253
0.04236125511823379,0.13429559347827116,0.1097820019190847,0.1233309536097863,0.12014051127809788,0.1637079437416704,0.06102271955679778,0.13475642366387228,0.11060259763418573
0.05127579199375317,0.127122988168366,0.07686871015633018,0.12477848390028452,0.14464693651174093,0.1830788945676097,0.051663968110348735,0.13390872669100803,0.10665549990055874
0.0668000445164361,0.129125801604826,0.07776929017036345,0.11023362798796181,0.09686352381901679,0.16046729589625294,0.12764461066244678,0.12832700915446463,0.10276879618823144
0.05361639471879753,0.12234720810109563,0.05853278719579339,0.10620268920985872,0.13945130017115112,0.14987409214232753,0.10693956773134504,0.1437026627437795,0.11933329798585157
0.015931239484781746,0.07487718841647595,0.1663577443925344,0.155865955665108,0.2267854293133279,0.049405352277272656,0.0006696390491337244,0.08761327570941307,0.2224941756919526
0.08518878785395563,0.12246534315214908,0.06396839527632396,0.11973241627371273,0.1428118401764483,0.16283270152760543,0.07983169124095059,0.12224661254018933,0.10092221195866496
0.05224734924552002,0.1250026177243341,0.06310574364167959,0.10282377617804411,0.1248251361732801,0.1330946060853335,0.1362141662570593,0.14146154842408695,0.12122505627066242
0.060987316628078915,0.13341592725615575,0.08882389830470278,0.11996692430385025,0.12683986912655007,0.1542631367230414,0.07135183731085767,0.13135597842044489,0.11299511192631823
0.03637674174237041,0.13096225049418866,0.06791038422190442,0.11184331967473848,0.14926285129757008,0.15559700399216178,0.07856463561600384,0.14724198672625075,0.12224082623481154
0.3242284543526934,0.07515886594691067,0.05904015929732075,0.10202715223862108,0.07835415845100478,0.08831854793676285,0.1238423891380267,0.06920834609135203,0.0798219265473079
0.02446416848628725,0.1300390935777449,0.12483340995751117,0.1252707386305341,0.16842644715841085,0.1181676850496844,0.023968827543124044,0.14081034330171172,0.1440192862949915
0.3938476661110842,0.060854262987744025,0.05989914854330667,0.09938923504492292,0.07243630905062427,0.06975271474987965,0.10387365491337479,0.058496206936768026,0.08145080166229547
0.06544896232438663,0.11929042686250503,0.0567616332941967,0.10350845128155628,0.12694695943459913,0.14428487432124984,0.12899230508022705,0.13901377546707128,0.11575261193420795
0.009133441011230111,0.10573843482588281,0.23730698642912465,0.13120723097747275,0.14985488575486663,0.08787624042762471,0.008203831441080585,0.12681332893470634,0.14386562019801138
0.019226448153272055,0.12577233181393666,0.08177647371547327,0.11933060454446925,0.2146759143929103,0.12354652150538459,0.025204841068467296,0.14693031056700415,0.1435365542390824
0.09772518197395631,0.10329800044007464,0.07795473282261607,0.10795877120979415,0.10215645612801476,0.10213139240623192,0.25168577320342106,0.099195185319164,0.057894506496727026
0.2436166310319564,0.09187127042208156,0.060489195773546035,0.10907755414557892,0.08474061881385186,0.1236266969410205,0.12009359914442856,0.08529514419729041,0.08118928953024579
0.03363280599645443,0.13385732720610402,0.16118438989927747,0.10157046193419332,0.05010374489726479,0.13052769051053792,0.1547050485762995,0.12948539896213213,0.10493313201773642
0.03804256507288931,0.13498189416490447,0.07573104199114002,0.10833994110012816,0.12541663520850505,0.14134866314803407,0.11004927383298545,0.14424282993930693,0.12184715554210652
0.04743287278218466,0.12395405999464433,0.06514868576263583,0.12304123265561384,0.18548150596709642,0.1649136269438107,0.045923034058966965,0.13370751039908554,0.11039747143596178
0.14117920792521965,0.1122833524926452,0.062106861331243095,0.11532289354192732,0.1127333139281776,0.1488686038802752,0.10849006638014665,0.10712774202563842,0.09188795849472686
0.053289536643995244,0.12660968581105028,0.09855233060438369,0.12169708648691276,0.126584690117435,0.13788553325433167,0.12810930945825352,0.12669880480750473,0.08057302281613299
0.0033578630337038717,0.051544641273509995,0.05360936441119138,0.11586945134534876,0.44382545730274564,0.05752197487838542,0.0005283793256833689,0.10102455220509031,0.1727183162243413
0.07460479381278216,0.12960567755270205,0.08871929492846613,0.10168735645489746,0.07960298972546466,0.12868602479905245,0.16986258402532975,0.12159411579519608,0.10563716290610915
0.12567954905965176,0.11196895973189142,0.05422537422077761,0.10401756562394797,0.10376060718623002,0.1365958931809291,0.15927140275593651,0.11054500579427401,0.09393564244636161
0.052204484467991676,0.13126353657894543,0.08196034184410017,0.10393921418783338,0.08694397400498723,0.14492488515265645,0.15579524265024974,0.13387507142188956,0.10909324969134643
0.3336064442550002,0.06849961337797075,0.05061145830599172,0.09343637976924064,0.0663533914751855,0.07839650521639029,0.16439349922779053,0.06745230376515117,0.07725040460727911
0.030236273125879305,0.13008435464633308,0.13491913126187935,0.11011407186699668,0.07164638324135461,0.1101870255530951,0.12662519643070191,0.14875584917733078,0.1374317146964292
0.005245512659777902,0.06566517140483498,0.05240963836202608,0.11022757152607794,0.414915755892366,0.06491311083713465,0.0013574887313005655,0.11173201355959735,0.17353373702688443
0.033978684364541135,0.1329205311627769,0.10334091045237674,0.11685496111687284,0.11958444508454986,0.1333571054210916,0.13312938960906626,0.13825331803962848,0.08858065474909617
0.0024678872325086584,0.06036340559306089,0.1274603740313082,0.12334577905733113,0.3310062027704012,0.03743785230389412,0.000356594943138062,0.0877801981678543,0.2297817059005033
0.16860417417541665,0.10912240144341147,0.06876360058966184,0.1066579537955701,0.09466605053860401,0.11731861694639052,0.1411222273174331,0.09860221370735606,0.09514276148615615
0.13962011240280855,0.10476492559315358,0.05085156329971904,0.09840430043948413,0.08625241687774747,0.13673144640951274,0.18237210367743817,0.10953087379147303,0.09147225750866324
0.01166425761480007,0.12312357164551402,0.1403274139412729,0.1291118792606006,0.2066629688118071,0.09028687954833144,0.031138561039615428,0.14341667338574712,0.12426779475231137
0.07858292615479429,0.12062526142343266,0.06791082728801533,0.09838742175878891,0.08059719369519908,0.1380199068176519,0.19251803959538968,0.12260013913014506,0.10075828413658307
0.034890453485132984,0.1372020984711032,0.07918978860752372,0.1149021880894958,0.16635065562565443,0.13034424158378624,0.05151225962739512,0.14655789222143614,0.1390504222884723
0.03997677353761586,0.12649443291449192,0.07886063143924295,0.10096974728220988,0.1094425608597947,0.10796907560671626,0.22307829551777592,0.1323258573237194,0.08088262551843323
0.03752835412129945,0.10029341037220017,0.12015434338438517,0.14317914890787078,0.13586094495381773,0.09238655442601039,0.02253042921272204,0.15697598309795754,0.19109083152373663
0.011952885927182277,0.11328600536426792,0.18622211431795074,0.13453338864195433,0.19473140004292544,0.06259950300258367,0.03532699273610575,0.13731456961981123,0.1240331403472187
0.09158616519168554,0.1261787600884394,0.07274384194078799,0.11725907279903898,0.12269886180962813,0.15316153139879354,0.08888085298048642,0.1222359674593233,0.10525494633181665
0.051449872184640914,0.13808672757261814,0.076686050439978,0.11191513714400009,0.13317366434170488,0.13872596211416396,0.08266258596040219,0.1406773242350667,0.12662267600742502
0.01442742575900762,0.10294174561918573,0.0777141321989337,0.1297318296244041,0.2609093881615318,0.14023916579460372,0.009066535383180658,0.13776733106233388,0.12720244639681877
0.026991923382741572,0.1079718055775347,0.1294320942701385,0.13988642383472513,0.12550118588936252,0.10252749462136203,0.028145860704149452,0.15995525547985653,0.1795879562401296
0.35329808213297514,0.06701906841141188,0.07148711002994203,0.09784104018242523,0.06402160118881313,0.0764279013875485,0.1276229677726893,0.06204883731555208,0.08023339157864269
0.30135248446163115,0.08008145228604711,0.05940531871829424,0.10411790724165977,0.07938751346665525,0.09866208837148205,0.1237654907981403,0.07368732026115306,0.0795404243949371
0.26295668214369566,0.08372324428085276,0.08282545939764584,0.09939721114691563,0.062110319572906136,0.0965912079364281,0.1581000051767759,0.07437709226412699,0.07991877808065294
0.1375302866393212,0.08354808378702964,0.051458108131014146,0.08345833756295874,0.06821170381006299,0.08964734890154984,0.3214270426633908,0.10067812146400983,0.06404096704066281
0.061753010162336586,0.1306993447264508,0.07828320874284146,0.11104899584866977,0.10160718202669938,0.16074454529496196,0.12064957741203408,0.1305114794196611,0.10470265636634486
0.03403306862518409,0.12386089197618728,0.0629256913268949,0.11854918270403525,0.18334982724432144,0.1740143704701604,0.04290293469384281,0.1436790881006512,0.11668494485872268
0.03720065548575266,0.13906925047561328,0.13182522785449097,0.11949753190932276,0.12412582930447462,0.12684554390487265,0.06090930976237113,0.13515578361628702,0.12537086768681494
0.02691233364036717,0.13276188289397625,0.0930322286071786,0.1085300915606512,0.13008316406293638,0.10943756120308312,0.16226235544544818,0.14075264018463698,0.09622774240172212
0.009666987285555664,0.10700218658571421,0.07494726802332428,0.11170628093798333,0.29000835735712965,0.08332336825404553,0.01083652647293734,0.13820022619612868,0.1743087988871812
0.044039011441575016,0.1278894912967817,0.07123744673336561,0.10312721408312416,0.12802493918271698,0.1088261808704738,0.19998899508746248,0.13565447239225006,0.08121224891225015
0.2203007593162082,0.09556772781844708,0.07140612797619551,0.107433450561917,0.075912829299861,0.12397723359322595,0.1362626293690791,0.08706452474515458,0.08207471731991155
0.09497758972938157,0.11650164340039477,0.059628461545239125,0.10119832823752689,0.08745408078849631,0.14972573990686458,0.17129000393290308,0.1212396597347913,0.0979844927244024
0.20917304552571817,0.09880353288317607,0.08184189009568871,0.10337905643920046,0.06631862069509563,0.11789123111327783,0.14759746058140097,0.0882551481374119,0.08674001452903024
0.365197187736565,0.06823437724220711,0.055849126298617796,0.0970812137325479,0.07499605020977064,0.07201731497443,0.11764618205189455,0.06309936897024292,0.08587917878372398
0.04000294633505714,0.13954511406690728,0.08531877588893938,0.10665376393934305,0.10972285914246489,0.13018469667965493,0.11735766196549818,0.14413537448430258,0.1270788074978327
0.00654437462038963,0.09166484746471885,0.0961711986134569,0.1257725104670108,0.29721352849056965,0.08521001351965511,0.004465307914585132,0.13121846411359225,0.16173975479602182
0.11205787643550985,0.12150743848234992,0.10129716083166294,0.11007958757437886,0.07589761154779474,0.14201372585660452,0.1299702051787574,0.11018391139712769,0.0969924826958141
0.03916418437056942,0.13135815201226753,0.06683476460079331,0.10933841914306246,0.14612540337516716,0.14675519615347735,0.09376994872474427,0.14489758463968636,0.12175634698023213
0.010792368185062004,0.11480326347688423,0.09994526086341277,0.12122853284544673,0.21166383159206026,0.09447498921008646,0.01671870951620363,0.15038300824988504,0.17999003606095887
0.05968363096327009,0.13160524519651232,0.09139626207342334,0.11023003731626825,0.085815482480871,0.1608696478741292,0.1284942210672609,0.12915607991334396,0.10274939311492087
0.07329893884101263,0.1227652037724098,0.06503647283025815,0.1225437656001586,0.14425166224279462,0.180115392873163,0.0636902065730188,0.1268580789052184,0.1014402783619659
0.02980837491886089,0.13246151216732308,0.10067918305753394,0.11056644343117127,0.1393732794301579,0.10248812829755584,0.1572578455438927,0.1337332395661018,0.09363199358740261
0.04601104352557652,0.1310400594824702,0.09191283854662875,0.12463100479074236,0.13152496667355543,0.17589009005589676,0.055133089090582184,0.13510953939364453,0.10874736844090327
0.015259637904477768,0.11484263244741012,0.10967015454272071,0.1318596833662094,0.20725937247825935,0.136270807945613,0.013347109303771166,0.14075339130916395,0.13073721070237457
0.060750562476825774,0.11738933945597152,0.0672839303326182,0.10327514565029028,0.11724425666365766,0.1128655193824553,0.2290208810124973,0.11836901604602623,0.07380134897965784
0.22853214921911244,0.0838091507606903,0.06964247992714062,0.09852606398920984,0.07015923275459944,0.0884026260248623,0.22241537502920358,0.07632455038717244,0.06218837190800905
0.021721200335882495,0.11588502402377565,0.07363946891784769,0.11677320292206461,0.20301759479649364,0.12384424727558689,0.033448015499779445,0.1570138549515082,0.15465739127706143
0.08463931090207584,0.1214105459254281,0.06471970074890591,0.12178385190752154,0.13429495880834122,0.17979458602014334,0.07090842910966806,0.12359243132939746,0.09885618524851848
0.1452067037072869,0.0971306505754198,0.04751553101047684,0.09019967604575786,0.08771394582565996,0.10799878997875316,0.21957252453285828,0.10834041517452632,0.09632176314926087
0.012958935742093733,0.10631686314000681,0.06832639682809737,0.11733994951486194,0.2882838009654602,0.1076452320428448,0.010942567527068245,0.1393903701514321,0.14879588408813485
0.03844432920898303,0.13540989209557786,0.10871567937154296,0.12386348258207601,0.13525226712012284,0.15099135790656962,0.04716759594742978,0.13866562838502036,0.12148976738267754
0.018895431843310845,0.1129853332583259,0.07706306842238979,0.12709529327720895,0.24180424127158093,0.14255442789420958,0.015584262973711004,0.1391609233977974,0.12485701766146563
0.051662121677448304,0.10918508668466659,0.09598422959705898,0.12965868079663975,0.12713323912482724,0.11069708204375946,0.04871758447385846,0.16121926898821995,0.16574270661352122
0.11502623904560837,0.11496032558376623,0.05615523280233414,0.10756944746332357,0.10567864281495563,0.15122701765449392,0.1393161358114631,0.11516599780709359,0.09490096101696145
0.04758204375474076,0.13217478224755994,0.07375502825897552,0.10759963315424796,0.10817410882141254,0.15290088801286528,0.12386806651113043,0.13998928848396855,0.11395616075509908
0.2202303246432444,0.07599228513848608,0.07463672779333434,0.08696402497531693,0.04706862739370462,0.08045177767755134,0.290499072146642,0.07177607976096372,0.05238108047075655
0.09829417833812608,0.12066405073757758,0.06223815883329894,0.11640069850348793,0.1426055818278995,0.1430182109566891,0.09871459216160104,0.1172614543957994,0.10080307424552047
0.05782614609361714,0.12741494638968856,0.0633436614105123,0.10517891712316789,0.11684179609662416,0.14845716563059974,0.13392803377773177,0.13571067764934566,0.1112986558287128
0.1452067037072869,0.0971306505754198,0.04751553101047684,0.09019967604575786,0.08771394582565996,0.10799878997875316,0.21957252453285828,0.10834041517452632,0.09632176314926087
0.2856630926673665,0.0692647253636763,0.08796623034896489,0.08996829928634063,0.04953718048367108,0.06644137156706255,0.22736115558881634,0.06225484467973718,0.0615431000143645
0.019494470974536517,0.12661503624271217,0.08047314811379123,0.11675848912396654,0.18057065176521483,0.1321395888527496,0.03996572067790137,0.15678383850127506,0.14719905574785283
0.038925588586542735,0.13504472347609536,0.08211013740607415,0.11679307165800085,0.13044099110896626,0.1631001719895677,0.07562343073666909,0.1422300273345086,0.11573185770357526
0.02064346271364756,0.13863978915649164,0.09401496053363782,0.10547141767974416,0.16181943620513642,0.08980651602157545,0.07780205876430928,0.14872100461532498,0.16308135431013268
0.014363785252051758,0.11024056159065387,0.09153526909810887,0.12852649336930722,0.24900396872307462,0.1226119189336889,0.012036257567200254,0.13854732618538937,0.1331344192805252
0.04927204121419479,0.1114865373917338,0.08843664863538164,0.10692180493636778,0.10729050022177844,0.09696491562315794,0.19359727121287973,0.1440067781646659,0.10202350259984
0.07639040136595437,0.12081853696599286,0.06731776301381791,0.09683114664097947,0.08310717296681831,0.12944561183622466,0.2018692376902853,0.12207422966523579,0.10214589985469136
0.15432656476441875,0.10898888227214414,0.08516174487871157,0.11216426998558034,0.07258440270370947,0.1547390624905731,0.12608592662420198,0.10081314656354363,0.08513599971711712
0.22911644939886813,0.0890637155663805,0.051093934044620315,0.09725326214160473,0.07744455927530862,0.1067888035372427,0.18171288841535835,0.08586923023910624,0.08165715738151041
0.024331462026751408,0.14387915905868615,0.14625325359739685,0.1048684978019153,0.0852327794008867,0.09328770913476735,0.11256094062325316,0.14338692955636842,0.14619926879997472
0.08320187622682046,0.11909883316763226,0.05881481960429238,0.09834513046972572,0.097656771752286,0.13228893120050214,0.18543312185639005,0.12247576012640042,0.10268475559595057
0.037308569494046755,0.12978713689387314,0.10115936604941739,0.10947221229456942,0.10955877147181091,0.11735551582690114,0.1814515492539653,0.13006747058669407,0.08383940812872191
0.03708023962901296,0.12955026868443756,0.0910042768602687,0.12642843039230459,0.14855232800958199,0.17405711828065007,0.04214325831703424,0.13846285992683718,0.11272121989987272
0.03159284999357831,0.13266196375507203,0.06608279281559921,0.10748804415174136,0.18402938309760056,0.12115877140029746,0.0700436551421912,0.1479098639197947,0.13903267572412514
0.032703264825133214,0.10486600762891023,0.08009906741884039,0.12494371695000443,0.1899539254866558,0.11287968456198134,0.03176451379183109,0.15795726157370513,0.1648325577629383
0.07502053925029807,0.12215944848738063,0.08495038824363128,0.11905894220575529,0.12203702694900335,0.1305831544461559,0.15224591419653888,0.11998612815974753,0.07395845806148905
0.11464600613003266,0.11470429668381471,0.05483753451433673,0.10501002482125799,0.10960551396365,0.13857646463015064,0.15301722697829323,0.11358049640534262,0.0960224358731215
0.24483762497731057,0.09145503342857197,0.06001666897249667,0.10794964543112272,0.08668025864457907,0.11753332802268052,0.12524365428425166,0.08436681591510396,0.08191697032388286
0.049608523426359935,0.12413054928567607,0.0639863899521368,0.12243992266965809,0.18689752115945693,0.16304644483657896,0.04017572927228882,0.13507025224888383,0.11464466714896059
0.06708800291239835,0.12339782646764054,0.06515217471395542,0.12282381080934839,0.15147198839264944,0.17849385050762975,0.0597764678651812,0.1286068491021873,0.10318902922900962
