0.1090038509729691,0.1087359255637363,0.0055725709738278645,0.45198117125868315,0.013358534535330957,0.05893514498690298,0.04379787682954803,0.17056181431465892,0.03805311056434275
0.25791306051738816,0.21294075264761558,0.07871423771627975,0.0697102738961823,0.13556919287390798,0.08095717722530836,0.017904346074364877,0.11330336922843232,0.03298758982052071
0.09642919349661656,0.1727091990015499,0.0067525977921965115,0.011307375023588718,0.054480750183534925,0.14236176960145333,0.44796620817253324,0.06035573576230543,0.007637170966221375
0.1701225878130661,0.10712056056675578,0.05242698685851307,0.1440261750861088,0.3336971337613283,0.07645744307163656,0.029063911579439758,0.03517880092891844,0.05190640033423321
0.07223430111667051,0.08923290280453361,0.26538839262951985,0.042239285115758474,0.06669163029735235,0.15760632712509262,0.07406964771913649,0.0478744947501935,0.1846630184417426
0.09885954124948065,0.11320690749988867,0.10661767164738856,0.024966529144084638,0.07770142604590109,0.13251262102847464,0.03929736880409663,0.08233974587548142,0.3244981887052037
0.14967301055305082,0.11626563384664279,0.07325144361197881,0.027442803965013765,0.15280360500120327,0.15646317499099832,0.04886221241488439,0.19513437705591863,0.08010373856030928
0.015674723284440605,0.1387215749271722,0.48986772806731027,0.013569763911815039,0.07399789094145619,0.09840288974346684,0.049539678205856454,0.03678068594485172,0.08344506497363079
0.07951098613986037,0.12657518655208513,0.03293854998686954,0.03162722216677003,0.25924242762888466,0.11037287389403905,0.0721056076792706,0.14811102293508763,0.13951612301713304
0.291553431409079,0.08216977127214596,0.013884670036292185,0.1810477788528386,0.051586521950333614,0.0631636560929713,0.04176139951505934,0.26111308495672464,0.01371968591455551
0.09728576444106805,0.07002766092940635,0.045897583664718765,0.030165346756436322,0.4803802823784991,0.07101898821145074,0.1243192863643598,0.04236805177547918,0.038537035478581644
0.2735650527648044,0.1014915857304612,0.026163160047265183,0.2523501711483607,0.0603306009224804,0.07514685516206185,0.029557836953651048,0.13663069785744944,0.04476403941346572
0.07999296940408306,0.1275135299166967,0.16383124522110468,0.13515895727088065,0.07401094385619704,0.11363732729009597,0.0569647299736701,0.04902728457146361,0.19986301249580818
0.06693006661386154,0.07040027453028236,0.035266793932122446,0.077837719067843,0.05330921718206636,0.12031793141738967,0.07701844840406218,0.4184327829735585,0.08048676587881394
0.35842855407957436,0.17903875089579638,0.04755600696764573,0.0052114809760690425,0.024803006380277114,0.1417850791095606,0.0856019011186216,0.06959900351634077,0.0879762169561145
0.11931595855817534,0.08433655321625687,0.07171160146912106,0.010612833396171889,0.07518157484377963,0.16119987005121575,0.2615001754682039,0.1633946126576157,0.052746820339459884
0.25471758618069423,0.1078771220181614,0.05909844136583158,0.1679719108971968,0.07925918168193143,0.13579267381674412,0.07306815177999319,0.042139821100461224,0.08007511115898598
0.20057216918036339,0.1789810519715209,0.026822235641957418,0.07603590243645779,0.04709935150728269,0.12567290517124022,0.06030415532052824,0.07669063968803619,0.20782158908261325
0.03869843410174779,0.14386473884844947,0.033411737716610115,0.3253143031049834,0.11018437649026075,0.13706484731087656,0.03687809000820721,0.09686517694913477,0.07771829546973001
0.1249621923159821,0.11780081777364519,0.07215319159475402,0.016072889076766923,0.11959119747113371,0.17364827002251348,0.33643958885057396,0.02090455247551561,0.018427300419115004
0.09836925447239737,0.10990393961172323,0.11214790817647402,0.058673053923188355,0.15249190628918327,0.16292109422378634,0.06252047106588303,0.11538271179953115,0.12758966043783318
0.2709847470387922,0.1977199051284022,0.07430101987289768,0.03668568557616916,0.022046354134859576,0.15365761794083962,0.05126456889976481,0.1674178313310085,0.025922270077266316
0.09424003219421001,0.21305875629152196,0.033174890742274275,0.312063332484909,0.028774792638607882,0.12623113354546117,0.04636835062595879,0.14267818974057214,0.0034105217364847743
0.20134697246838285,0.087266857977025,0.033361008635344046,0.14364915798422254,0.2730285512687664,0.12218119518231897,0.07627591629283122,0.034353411842524655,0.02853692834858439
0.04718931593129718,0.12193446983201084,0.05443187841867871,0.1286241855507515,0.33487983953669936,0.12360140885383038,0.06865456095425877,0.07010242090432327,0.05058192001815003
0.02864271241907143,0.12884114023037896,0.06259351918277296,0.13061443178922436,0.03426497054729726,0.08648470699032396,0.0681859118495976,0.1880585287009634,0.27231407829037
0.13211003056630297,0.13159062317765938,0.008382773452150266,0.10613944674575464,0.03925219960497509,0.07622390205908974,0.03251174655147878,0.43539689909312823,0.03839237874946095
0.041366720462037036,0.12119805802852635,0.02210151739140709,0.028789967101798028,0.05747916338711915,0.13844114529314808,0.1276034761884325,0.02908248414858419,0.43393746799894756
0.28542439436605777,0.28633679368942905,0.03022165113474871,0.10583614765677322,0.11272867411434245,0.08754748345302515,0.02811566319423389,0.05930960509198758,0.0044795872994021855
0.08680541202647372,0.1464805627039518,0.035177746402293354,0.2150235787508412,0.04328263911380458,0.15342064128254837,0.04200223925638447,0.06988955344390058,0.2079176270198019
0.04224862906199179,0.08693801375698636,0.1428483031749093,0.03091992118721747,0.0554257983161541,0.11459439826858259,0.1115445142594171,0.24871379863099916,0.16676662334374215
0.030996922964174254,0.0777090600473353,0.039392659651465246,0.06595964343360451,0.18714692910591316,0.1363923717935518,0.28244887140008174,0.07543509417733545,0.10451844742653855
0.05282222412265236,0.07517021442968465,0.22126549631980305,0.05952656583588443,0.2924123234238815,0.0922372799882694,0.027337452133972522,0.12100082454153975,0.05822761920431224
0.18126777819066142,0.062184080142681404,0.17791501386380437,0.15853363366369835,0.04232567985744722,0.09549301762462413,0.03260400433017639,0.13572571709737535,0.1139510752295313
0.15067580187056187,0.16994450637491595,0.06302535166755242,0.017914430692641575,0.04575751908462428,0.21591340521803928,0.22929673621498523,0.06709896543368625,0.04037328344299304
0.08756652883231475,0.10841928236663968,0.06372886487435307,0.12224569422653098,0.017214616537018307,0.10102288597012554,0.11471530300981743,0.3064619233427434,0.0786249008404568
0.11259928940713863,0.15677144904762572,0.2556236433876639,0.11853370826340888,0.06385981859787812,0.08672926022610139,0.08611931523340392,0.07246279866510112,0.04730071717167825
0.08123181572432107,0.16372242488906133,0.1397851629175388,0.058048761219082395,0.08038620281144046,0.14888765213579422,0.07098906507595709,0.08292813387914422,0.1740207813476604
0.14670926689076172,0.09531804093615737,0.10385533367862011,0.09705273930240571,0.09620664804283267,0.08065937072223005,0.15462822292084732,0.14189187991332317,0.08367849759282188
0.1825559738928846,0.22555584988937216,0.14772875691576492,0.1323582899673781,0.01741379017334603,0.10850396274368161,0.08780387848052833,0.06707338568599537,0.03100611225104884
0.028577828501140597,0.1089470955000902,0.07626136954246497,0.03442635135266427,0.26107343977342923,0.10728720731726045,0.10835220727718296,0.12108477701830121,0.1539897237174661
0.08427450897420102,0.11922434041164026,0.020309711198791547,0.3176525990259016,0.01741621632562805,0.08463277494316974,0.043989313007344044,0.2944721772567634,0.018028358856560435
0.15064100202409433,0.09049909138804857,0.10521886255238704,0.106408266003224,0.05537070774162708,0.12486654201399146,0.12661624457373374,0.08663139289358009,0.15374789080931384
0.14128787135067236,0.07267225195636771,0.04512396284788502,0.07349727700771617,0.25262896007627034,0.12093494433111678,0.0348183971853904,0.18951073247495195,0.06952560276962928
0.1522922231614113,0.15304837608302946,0.1568457803880492,0.04482070206579724,0.09824945708985984,0.14475236346478773,0.10877150354309129,0.09149896738998403,0.0497206268139899
0.05156443370341846,0.11977599853625688,0.1307432252886128,0.0699410822711601,0.23688438637609655,0.11756622419999634,0.03727484607695304,0.16844735565586308,0.06780244789164276
0.05627588401161463,0.0901734921320989,0.06795673475779135,0.05869743331152106,0.0801456956918325,0.1455919358460405,0.20508129173896697,0.06111404989088055,0.23496348261925357
0.1222218663747034,0.16340823552794553,0.1604708313176713,0.048279860561799,0.11974672667184566,0.12496304003410492,0.05092580760661066,0.08925826223415094,0.12072536967116854
0.1024791198834425,0.08810346051625424,0.11603274092742265,0.09877464327914377,0.0524788943687193,0.09737952873697946,0.03136000423012583,0.31346413388832617,0.09992747416958607
0.27364788008654445,0.10696735440483036,0.02624022569345862,0.22976470682210434,0.04224980735910871,0.07728742852673247,0.01758881836802617,0.12026866351251657,0.1059851152266783
0.031171667838765908,0.10460705034204881,0.1994099310911409,0.042981605871094924,0.19700698073275882,0.10780916805900786,0.050400862563473696,0.04900821125505409,0.21760452224665494
0.06697635987154416,0.23060125420672736,0.18209006635382788,0.09636118565459173,0.053911553030142896,0.16308446023993706,0.07249169740750412,0.09033191485637633,0.04415150837934845
0.1853232362962951,0.12274426782473417,0.16522635063667157,0.04236079963796555,0.06568063823203549,0.13240821854169413,0.040770086270872495,0.14936370750901343,0.09612269505071819
0.06031546393163951,0.09351900788505059,0.08036179918012946,0.12763459906807897,0.2507121313926228,0.14748886773984113,0.05086078997281337,0.09975447916635216,0.089352861663472
0.08386335757201863,0.14642267596448635,0.015068231188301513,0.38895490208982714,0.08315643349869813,0.06667498175616633,0.022041010717984765,0.18029366236875435,0.0135247448437628
0.05521193790185296,0.09333830764628938,0.4225874894983274,0.02289810453525823,0.12406790831721885,0.10041711582618289,0.05985173824780549,0.09066913382744977,0.030958264199615084
0.10919046058605401,0.0653276853745463,0.038048674095015916,0.16281734141933887,0.03584629461350114,0.12239389984872177,0.38782909867412146,0.062245699221391275,0.016300846167309233
0.15631711371898172,0.15915310926713713,0.03825408862430377,0.18244533041252706,0.11189420072942942,0.0860011122404248,0.05926623213145641,0.1740475416506877,0.03262127122505195
0.0744936423465675,0.16099150069854587,0.05026272045177014,0.011350874893996247,0.0335058694235776,0.13701946785946256,0.03845424730299109,0.4647696275950534,0.02915204942803572
0.07042015377267835,0.1939551743658606,0.12546716408246944,0.021571007231309048,0.21058690296431803,0.11270033192232577,0.12197471047373916,0.024504351070500807,0.11882020411679876
0.04608866390166638,0.1308618547685222,0.009686628585833834,0.3856023300719507,0.08018039387655589,0.0707593354991764,0.03801211194208824,0.19439621249334973,0.044412468860856556
0.1440731085338739,0.07045035448451525,0.03356556666242371,0.027036969465770156,0.36490944328985275,0.1053898829056552,0.0296501935119337,0.14678371125211573,0.07814076989385953
0.14515772878410746,0.09238015880371991,0.026301166680167447,0.09837222277318868,0.11315076526820507,0.16997914930520966,0.298797695583098,0.020737307529958688,0.0351238052723451
0.10212678705423144,0.18444571700528603,0.09941382936466321,0.08049905810092461,0.07829522666499793,0.14593947331505433,0.06950489986859547,0.08486883316855968,0.15490617545768737
0.06477773060103638,0.16954704261175316,0.07664247696615425,0.3611633273997268,0.02348293196782818,0.057042688460929886,0.015969969033884195,0.13171159827075374,0.09966223468793338
0.2940539829716397,0.09414867804435216,0.03234174204478322,0.09127682445441805,0.03484732386407683,0.1463762360026957,0.15639395126152972,0.023647536993283046,0.1269137243632216
0.12285921545362823,0.06616238184384232,0.4285705944362011,0.020082716556322443,0.14402409147935433,0.08810003704756171,0.06575747905026143,0.02890698166828974,0.03553650246453862
0.11840206435931455,0.2188617006982901,0.17166195093150302,0.08374643172558821,0.05864731302175158,0.13464146153407505,0.15094602021898518,0.045294592984750526,0.017798464525741745
0.19705706627391348,0.20911484979903835,0.07859738351932712,0.04009124180043707,0.04615385194577499,0.12013066495545217,0.0643585110327797,0.20994497968201445,0.03455145099126271
0.2253732967756098,0.10024769290654377,0.062462736077742644,0.030990351668342547,0.07580963459375972,0.09939271578049365,0.03912137610395742,0.021901882690728777,0.34470031340282165
0.13623942637947214,0.10944740443077335,0.05434677397997123,0.1530629696144182,0.1498776834910829,0.1307375280713519,0.12226959821758825,0.08338667112077469,0.060631944694567334
0.046297273458761286,0.09833735315047613,0.05522403149929078,0.05316850285345783,0.036976120865595714,0.18519611123039556,0.06519864561987825,0.08831936031442202,0.37128260100772237
0.061087371201582676,0.18710136586007287,0.03303201118430075,0.20049270793248522,0.019936911497642675,0.08830904673401814,0.04457351927606218,0.31173046841415064,0.05373659789968488
0.039430387752365965,0.09271417480935673,0.022281436269191175,0.37548267018217757,0.09500735814752548,0.08744007422596711,0.033614919576374636,0.20704483944380858,0.04698413959323285
0.14179093859976802,0.17965221867440426,0.06602847144286779,0.03064472350089591,0.03754701928449496,0.20347311110685593,0.08392773238160402,0.1796233391269475,0.07731244588216159
0.15573537323016426,0.17633380246403862,0.05352999022469082,0.14457022182150395,0.1291663297514231,0.07734657694522877,0.04273791334280078,0.2126826254590907,0.007897166761059045
0.13638295052199081,0.14811122164613746,0.022873856511268487,0.02740697807938632,0.04809434151203892,0.09439266944669866,0.0967593739210173,0.4111175211340714,0.01486108722739063
0.11270312514604032,0.13460084686448126,0.03789748033345875,0.005412479146052876,0.07405605242855721,0.12212920662916037,0.4318347044617026,0.04077951048410686,0.04058659450643975
0.12416514324421146,0.09658069470286314,0.044740159526566105,0.06382232811532242,0.138500073126456,0.1583366152644772,0.10746119448780451,0.12728764200654788,0.1391061495257512
0.04469808690610339,0.12845210000943366,0.023098911227556588,0.15959680451592198,0.33296485585782915,0.10186942984509295,0.12281160665838009,0.07526879857470273,0.011239406404979418
0.05284684570601902,0.18903221789633307,0.041081439259214786,0.020522337866799186,0.1156311354966278,0.11092352055219186,0.11990716577027093,0.21883794086928318,0.13121739658326023
0.22490991401938235,0.10496095463610362,0.06077638229054314,0.10591520257626097,0.03864500501332758,0.08238277747645167,0.026804426660672055,0.28458629536341906,0.07101904196383949
0.3575934322327972,0.11580869154976331,0.1714271096523713,0.04128060779061587,0.05893745811049137,0.08459320836978074,0.030110245158740917,0.08276123615782795,0.05748801097761125
0.11210415322531679,0.13561236979445204,0.027423897042680154,0.02564413212973506,0.2548463533504041,0.15993032283405437,0.19931513941112042,0.04240685031710486,0.04271678189513231
0.04849811286283993,0.12923738296009465,0.016774381220485038,0.005190040791018258,0.05139590892650203,0.13840621038985448,0.34744342190918154,0.2324665189125016,0.030588022027522362
0.04652909982579808,0.15323654023236746,0.12948221939985544,0.053148860469268804,0.11673350595105897,0.14214235660734142,0.03323580111539404,0.2619616183364718,0.06352999806244396
0.04226824948212865,0.15787423036877554,0.07895383712814512,0.046219846199177406,0.1751126049294733,0.15142447822293223,0.15661482917591438,0.0903339267137115,0.10119799777974188
0.37496860971098284,0.287273826259646,0.02343506699954019,0.14199389949451244,0.020218690108113346,0.0773372641981623,0.03156134483716764,0.03394162533882758,0.009269673053047578
0.20365454842301908,0.10911497771273444,0.08123871404868892,0.07692314321569203,0.03739270995715246,0.16217951781250672,0.06409255321312674,0.19155637392249328,0.07384746169458634
0.09343513164456663,0.07077453429239546,0.13175808885938814,0.05745846672174299,0.06307522055157745,0.1378429844715318,0.08854365045111572,0.10717403017113987,0.24993789283654197
0.0779603288565231,0.15233078147781007,0.07609067996859627,0.04006335651204503,0.019743797997582885,0.25124207373096985,0.20400290239820282,0.0321553030379774,0.1464107760202925
0.06586208316903802,0.055003990926788655,0.01667956393995362,0.46320244464634097,0.11019462507570066,0.06777377636449962,0.02063730413949295,0.11718558784876636,0.08346062388941917
0.17259413056230818,0.10244841246008256,0.02488499640125036,0.014911293059032495,0.08373206979708925,0.15255398128068845,0.32311029722098356,0.11884061474593705,0.006924204472628183
0.021854951611113938,0.07388162821132692,0.10144203733164915,0.05709627175273163,0.211248166282373,0.12905370125634866,0.15100225587753915,0.13077411681080206,0.12364687086611559
0.09285357210339369,0.16709525867885278,0.08091397225212842,0.056434083298128185,0.17858851451472335,0.12739303002715888,0.07117923052988182,0.11019069465843111,0.11535164393730178
0.06705959035558244,0.14915284616987387,0.27258065879959914,0.009392149078468373,0.15114850018452175,0.11801028379805086,0.045412721603233515,0.06298278770142213,0.12426046230924792
0.18829248357022613,0.12441415046611005,0.1891201441555828,0.06897008806432132,0.0384258287391011,0.11359796134092347,0.038645527328821414,0.2046348021240826,0.033899014210831045
0.0546778932429833,0.07331471738710034,0.051690701723509654,0.1267552629533193,0.30461268914930617,0.09591363841368254,0.06109860796324861,0.11381810324949386,0.11811838591735613
0.09201021350187592,0.08691204598453726,0.25145923934312087,0.06938493647257064,0.1345505963350184,0.11651322280757781,0.03112274002222369,0.04875002224360214,0.1692969832894732
0.07924888704316946,0.1342615658558057,0.03411260864716061,0.04538552794282933,0.02172005130821146,0.21607743428089773,0.33170529722150593,0.03833642321285218,0.09915220448756756
0.11545199847444675,0.08309398709707587,0.06639407119116063,0.07952668655725763,0.2548959821343915,0.1201754167302294,0.11252422138093271,0.05116572092181839,0.11677191551268717
0.2582411851317546,0.15849915004790832,0.051572489970388956,0.0583331250884202,0.16326901545142336,0.09497568081675095,0.06701078722783531,0.10511527893068782,0.04298328733483043
0.038277474393942294,0.16526681466632137,0.1151162534374079,0.12661607898974683,0.1337716744153001,0.12766196135943655,0.07950136045737559,0.15231824343057915,0.061470138849890193
0.046428587183133474,0.07830919136848824,0.10007722844717375,0.0181285469255756,0.1473539931200637,0.12123625437772301,0.1031316659205394,0.09202740501407129,0.2933071276432316
0.33792866580779246,0.09206396255524267,0.03166340544444136,0.0524431279439015,0.133301583090567,0.11386185163687239,0.08361140540706387,0.07349507159369852,0.08163092652042031
0.04754238225233731,0.09321024381632344,0.4361122034358604,0.01571177095668731,0.13561699120626264,0.10512456214538927,0.0672374357553348,0.038485958457492635,0.060958451974312176
0.034879805679723604,0.09074923186646548,0.01998704947055163,0.3633167204920893,0.10027151860115875,0.06491083666809919,0.029150257967984306,0.21408889608001505,0.08264568317391269
0.041764121563472895,0.23871483426270332,0.04754893630475715,0.1875685738945363,0.04765008485583106,0.12278719604219941,0.07478710910144434,0.22769347524314043,0.011485668731915121
0.05950396172144632,0.10449741708527882,0.055603227826546676,0.02283580842132805,0.05562744760341038,0.17433759209696886,0.3299627699778866,0.1385307421005921,0.059101033166542194
0.037759299143169035,0.14736992673116886,0.017698071510181473,0.05822350477294896,0.40376907983324456,0.12886063154140517,0.09637302353624189,0.0511272374006323,0.05881922553100774
0.13482772460094725,0.1031206205876732,0.1565910181203776,0.07498496968953065,0.16905419145200407,0.10647041269346863,0.14279170967082463,0.09280313431228421,0.01935621887288975
0.1348849227105402,0.09972342573006564,0.0724053554194332,0.37713746693440725,0.08866953174608343,0.09812288044511026,0.04440199996861959,0.06344402116599807,0.02121039587974244
0.08736057055797682,0.0744536684124461,0.061626951226686065,0.03373254365737525,0.2954237832091075,0.11841019884607468,0.06720416262287443,0.17988191104887866,0.08190621041858046
0.1890504130090478,0.14421355226972501,0.12470852190787148,0.060751607295559784,0.06665726928260421,0.12011181380515724,0.1183024316052013,0.05467725927646541,0.12152713154836765
0.06583635293530209,0.0936968429017449,0.35010641212594784,0.11767303187031729,0.03385876294021609,0.09214014258774132,0.03445445365332066,0.11799093731086464,0.09424306367454525
0.2511620261495495,0.09900423273566583,0.011187916800267922,0.09535216649796208,0.13592325868540345,0.06217647982832883,0.044723099474938834,0.27217400715566437,0.02829681267221913
0.15066424433830186,0.15951452599906948,0.10029863937534533,0.03123967385316627,0.11334176499962519,0.17855509088129806,0.0926241615394972,0.07107345474854886,0.10268844426514771
0.09667694189996372,0.16328007206375625,0.011080807753661917,0.03914519174552506,0.22017942853231579,0.13198294128747526,0.05374627312766986,0.27638252495015303,0.007525818639479099
0.11622296385607926,0.08411601556297034,0.04233778148294578,0.11779157981345183,0.08645942537322839,0.16688165595487045,0.19516923575338804,0.0807963135906721,0.1102250286123939
0.030677897999050383,0.10072527299758212,0.05880975927432965,0.3926592119060686,0.07690580762727295,0.07356225255737338,0.03008518716579074,0.1781479965045232,0.05842661396800903
0.14226574725691168,0.10492474117840246,0.04110906662739469,0.06402446904847543,0.2382918279177095,0.12930739678588554,0.040659065443513616,0.06568879367029319,0.17372889207141376
0.10924310108371954,0.2519531804068711,0.0309147302705807,0.124507142491665,0.04924606212497908,0.12865225537724354,0.0509333067895657,0.030579631062565116,0.22397059039281028
0.014898847566884971,0.12007384998463076,0.3271402551062965,0.05857503034277878,0.13060733730634203,0.13568912720531745,0.07223472733976787,0.09518559964597591,0.04559522550200571
0.1437271313797137,0.14885936779696293,0.059579303878244554,0.020662171877083222,0.15428430847108118,0.16213352569077707,0.10491653486260233,0.11522779932025534,0.09060985672327963
0.13145523543336743,0.1611645936562321,0.14249785997669542,0.03347767490726954,0.03223736961655624,0.15482234215753318,0.07282410765506243,0.14224802701639772,0.12927278958088595
0.028921111053015345,0.10887565015642976,0.017532071460740397,0.4384460003730675,0.08237836910810158,0.08420813381823306,0.08192411229258798,0.08961453869954539,0.0681000130382789
0.06516029748284029,0.0559346016159534,0.1271840001219902,0.18421997714263472,0.08800417664011805,0.11299104172044987,0.059811965646180826,0.10448044704224684,0.20221349258758592
0.053110834109839,0.17218023131898086,0.18125204554234964,0.022440213792062538,0.0441610717517199,0.14401187943328844,0.05256959280254087,0.14433465403538664,0.18593947721383208
0.24654720631424584,0.11112386600873984,0.23686191008118218,0.004456746455470499,0.08086653269901274,0.09189420861261471,0.056805840324948086,0.11753064320509503,0.053913046298691016
0.1733483358779849,0.15790613462300726,0.23128176636171724,0.11177130708813603,0.040811564662978084,0.10668395563578985,0.06187621924609096,0.07334492244858799,0.04297579405570767
0.14316468384061914,0.14065589116580712,0.20126495149889148,0.09223655277091991,0.11637202137202877,0.12789508201665276,0.052617925583619544,0.0536909086496464,0.0721019831018148
0.03857223098394456,0.07662177753091172,0.08136580229785195,0.048640467850097575,0.15494492655213074,0.11246069647186936,0.09133700937500373,0.17390820935363202,0.2221488795845583
0.23372462242510947,0.14411698330880474,0.07755417832121307,0.024401574076310634,0.14785883952915116,0.12411883515930705,0.04527976982901497,0.13703706861384676,0.06590812873724217
0.09825653803122385,0.15265421034558332,0.17382762640077368,0.03253624542812123,0.03493507677412479,0.18337415361172046,0.1061561672109458,0.08486890945137504,0.13339107274613185
0.16017866273800951,0.13041205016467305,0.043946015591607046,0.043060487738181434,0.07580190447614961,0.13188845806709623,0.13425238987275515,0.22016235542002338,0.06029767593150457
0.03519755397724184,0.14853613732667023,0.3887860831751335,0.050398549679759964,0.09550295029327809,0.12950841028100388,0.04833953569796847,0.050097211314614455,0.05363356825432956
0.08278811874012824,0.06383723749956328,0.2336590070459489,0.04999416294726162,0.01539990335328871,0.16702051058941692,0.03588233517171395,0.12132875549096798,0.23008996916171034
0.046312893584290214,0.07226277426189623,0.012451638042950741,0.12073860968010497,0.06207097916939649,0.06763638876422164,0.05194818269433036,0.5217621440636827,0.04481638973912653
0.05725634464470009,0.09760408327497766,0.33823162338779283,0.013214910388892295,0.07372647053100848,0.11208911440724385,0.0838343952692658,0.06124187204722647,0.1628011860488925
0.11112749640970233,0.14922740925997793,0.04276934103415897,0.08861143071494777,0.03928150472445554,0.24214862066987944,0.23955068964920426,0.026605748548944846,0.06067775898872885
0.10762305342593943,0.20497312110229626,0.03583013248244086,0.08129049544321745,0.03454984168413739,0.12649328849498886,0.17161769713544547,0.09030313128249053,0.14731923894904372
0.06314131835290744,0.1305373892984283,0.16025057897961156,0.23511602871469905,0.028477018647180483,0.13038313947439972,0.03977587240597293,0.026993545576929415,0.18532510854987114
0.21907576314590238,0.13715110103213413,0.05354337456706759,0.1110016295519508,0.038719048542205,0.21853933372285783,0.0707256159068926,0.0289417503176439,0.12230238321334579
0.16848141011072637,0.09978289960617215,0.06053921810848084,0.4429539552667991,0.010716634343931676,0.05156429224119815,0.044222883954507186,0.019871534139798395,0.10186717222838604
0.01047245537708679,0.09737169067286068,0.08276412063924228,0.03851995548112568,0.10710491481986484,0.09341640357135679,0.08001141434191757,0.0899754830546861,0.40036356204185924
0.03148027477622333,0.14898041223419248,0.04073974705090161,0.004621004973985924,0.3946509276028947,0.1142463295056893,0.08224230812721504,0.046189427623307945,0.13684956810558965
0.07340313709767661,0.10869821277964657,0.025066154743026453,0.3399922756755395,0.024616918712874813,0.07633073113454376,0.030429667104492287,0.2886578090062081,0.03280509374599195
0.06464642378726802,0.23067438626896028,0.07418095191370991,0.02479641026024214,0.13411258623647998,0.15026453881000912,0.05647346617928247,0.14421844205153364,0.12063279449251445
0.0655164652058929,0.13193997494095547,0.263818234593278,0.06363136810934043,0.16683704249527676,0.11668691028220564,0.027500129734155082,0.11072772308332719,0.05334215155556845
0.05336856457820096,0.07726658391044046,0.07608359986730297,0.2529985689154984,0.06979909081815872,0.1236526227316017,0.06895891932715971,0.16974355246224157,0.10812849738939552
0.09157102239272931,0.08942414996336999,0.03742689318993004,0.13229064805331267,0.015984509521502068,0.0940245732309561,0.04774159034886613,0.435268992457915,0.05626762084141873
0.18071133228071848,0.19453773179595682,0.03338615567676645,0.28377872052118297,0.014470393896484196,0.13946177576688765,0.05263875342287455,0.04635653478595705,0.05465860185317195
0.037533411415751526,0.09840108579634958,0.025907350951821433,0.4750224894297019,0.053380897536318854,0.09062709746578868,0.03764760877330925,0.15839920181683784,0.023080856814121073
0.11811661931612327,0.1745526864697388,0.03888454140592551,0.03400330014828488,0.059155934331115496,0.15913309665788664,0.15762576256540153,0.2056043544256404,0.05292370467988342
0.04861556996551878,0.1891291250257644,0.089579819220936,0.23183990155753617,0.02306277225545289,0.15203910621170194,0.12280612159857075,0.04751081021663015,0.0954167739478889
0.07604877389695765,0.055172541811984575,0.03929241688671108,0.03338255972835449,0.3455730840892514,0.15234916158935688,0.07372414990315833,0.1023697699000653,0.12208754219416033
0.2231472319091099,0.13642576293912853,0.044514525681531004,0.05126686321913874,0.024115467379813956,0.13683153902519274,0.2211599347579686,0.13081105046646835,0.03172762462164825
0.16114015944356383,0.13648261070362286,0.14650202346439292,0.07479790632719209,0.08668041656321257,0.1311626385748483,0.14031962005191076,0.05278148874649243,0.07013313612476427
0.061962250406728,0.1590180196275036,0.05506371391715847,0.09442084028710385,0.05170428863010853,0.1302132319552872,0.22329569742022592,0.18549606726456694,0.038825890491317495
0.10433299799622102,0.05058949140656573,0.03627284404115587,0.11511515036984599,0.22052601303784428,0.139551094169841,0.12195134226559108,0.06814987203623092,0.14351119467670412
0.010113470717797612,0.11430629776040413,0.18207092538702416,0.19671732134931919,0.0536104100534795,0.08955000232714277,0.06172127443343552,0.18352471787087954,0.10838558010051765
0.28978282234834535,0.049903451423537505,0.0795054872137977,0.19826448275363637,0.035306498906053384,0.0942890706868832,0.02934401237108609,0.1844426534347512,0.039161520861909216
0.02371043568689989,0.0873895034759866,0.5018444434321213,0.01423845495078236,0.04053646040995827,0.12689226530451594,0.059775210636395466,0.04279979325270503,0.10281343285063504
0.08542062407934997,0.07871119790898788,0.09494043094198766,0.009080598528449583,0.2056403574394259,0.13316919027864108,0.06732711812481625,0.11226255800570979,0.21344792469263188
0.04552678440018437,0.049404745575701736,0.0362839215151071,0.049809411842652175,0.1614972136795858,0.10736474686420343,0.28516592114720074,0.09188946396809265,0.17305779100727192
0.09087848002457062,0.1548913082171815,0.11363928960532939,0.06779441486011278,0.1259118358206992,0.17095021713424755,0.06783924190848518,0.07867386578356528,0.12942134664580854
0.09635403370221775,0.06876352183079497,0.034632291818829035,0.018622109512614806,0.16694014425017586,0.09886410670888794,0.11918838245886991,0.20223402474292082,0.19440138497468898
0.10269702901067697,0.08167188879183619,0.20127613573631006,0.0658001495585956,0.09414050881236428,0.11824593044977065,0.13972792017421315,0.1027955511133292,0.0936448863529039
0.04398336513153622,0.17954904331415653,0.10342013539680907,0.03855139782597391,0.16155568995468128,0.1493554397114041,0.1258820530936261,0.06649802315752353,0.13120485241428934
0.22083104555292854,0.05542279760523829,0.10264067269320298,0.12283326170419435,0.0486414997188597,0.08785100118956181,0.01773638894440816,0.16835415408210008,0.17568917850950613
0.08608431127484935,0.15180852995760444,0.05437466322363003,0.01505589160982077,0.03726737558043385,0.2265162152448004,0.16885019411345029,0.12182270792587617,0.1382201110695347
0.08060784851678186,0.07179212809081828,0.08887939553558884,0.13012666144460552,0.07640901730793147,0.12106805732414455,0.09453932705676889,0.11466727770592074,0.22191028701743987
0.05524263351634493,0.19742277018537369,0.06710921201334101,0.08109355373175586,0.04354783109150481,0.1478163953438373,0.16547761643230993,0.2366409561872328,0.005649031498299646
0.07068676108742182,0.11329613053056194,0.2375779626980937,0.04844989434596169,0.14273480298629987,0.13416459813536072,0.0766585902925442,0.06989298865300259,0.10653827127075355
0.1120956113183214,0.138460195206535,0.12907345718280364,0.008333152383782823,0.08965646482758445,0.1703873349826639,0.12497138975435844,0.02558505526351738,0.20143733908043307
0.03495612643510019,0.1746140559029722,0.049859875787066445,0.15052609811407608,0.058812212448003574,0.11510782752441245,0.05617724756209011,0.2843141497896547,0.07563240643662426
0.0739403556158562,0.18935865158116702,0.014476250175842016,0.15146430921922494,0.029744495193898147,0.09836945731468612,0.20106845728921074,0.23664574906852043,0.004932274541594498
0.15770556420564147,0.12100509178848856,0.06281045725017924,0.03526406487092375,0.22249300496527039,0.12137441413306811,0.05295547407306322,0.12159141373068305,0.10480051498268221
0.038471461360819754,0.10149545290611066,0.014817191346085903,0.19229639303860882,0.2857340167434263,0.09205449943144216,0.12041019818062448,0.02168756413258705,0.13303322286029487
0.1052171846060495,0.1546104656610163,0.01931323293568007,0.30072635898243605,0.07685138319582395,0.07186485413283562,0.030865473748160396,0.23482165909938826,0.005729387638609803
0.286295716006879,0.11436550159794305,0.08088230591215266,0.07832231354715775,0.0510019686625921,0.11677903924330946,0.04514732165904949,0.1160643329243517,0.11114150044656479
0.14595171336298154,0.10526646164654112,0.008112033657870192,0.38286655548828835,0.0346787787353858,0.04734274162473312,0.04058071343537891,0.22000041161149844,0.01520059043732245
0.3169593956289225,0.08772897792836983,0.1459410477511031,0.010523867291165454,0.03206827914474061,0.11558270042570173,0.06934019653135932,0.19555623082359777,0.026299304475039583
0.043014757063392785,0.07101507947868724,0.0158214655687038,0.4547154976086827,0.014604684295344473,0.05873476690656323,0.06435570193305622,0.22930034665300744,0.04843770049256211
0.1746338389715926,0.10142889915943921,0.04605437768422611,0.0327748980257438,0.01921177140454011,0.14804563182260075,0.09639498869224446,0.3031788623943043,0.0782767318453087
0.08777610195202384,0.16318862776553045,0.15841052134696734,0.04620222889412426,0.21785760977732338,0.12626678775050137,0.1365296365860579,0.011797504357393193,0.05197098157007817
0.03574358343789969,0.12171454829276744,0.01630626200728444,0.41848008972280715,0.02714555265844598,0.08179220717087098,0.021240706051135597,0.26267773579614245,0.01489931486264627
0.169729909076452,0.10115314631715722,0.04625005526058535,0.11524003051905746,0.02789024183111737,0.1916830799384136,0.1888636875347924,0.12300879694325827,0.036181052579166394
0.08455584289606632,0.13895628771004234,0.03424754152312737,0.013835124416344732,0.16531926804044436,0.20058014604209565,0.22377443985545334,0.09199125474145202,0.04674009477497378
0.13871099872874756,0.1355867616207588,0.25493755938902957,0.01559481560904033,0.04052151996030995,0.15433068920209533,0.040762950471547564,0.18888484890131071,0.030669856117160152
0.11208321970113318,0.1134340857804983,0.018153559685282126,0.032218899288505735,0.11592937529605081,0.15571566459128414,0.3875300792760408,0.041047851590134486,0.02388726479107044
0.06488445227313086,0.09480110293105441,0.12975122994981506,0.03201828819982399,0.40159528362730734,0.1046556133951881,0.08152021675792491,0.04841786089793037,0.04235595196782504
0.03149427106008382,0.07845428748147602,0.01778962722734147,0.006263373087985647,0.31354133045867333,0.12740246296889735,0.18440726280621403,0.013839149978741824,0.22680823493058647
0.06341140321355485,0.14143162110796417,0.0647258910931087,0.11212531222781741,0.051724887806866154,0.11578900820400484,0.04562973397388939,0.1675932735928819,0.2375688687799126
0.09998112970239109,0.17050992113081517,0.028749895189501693,0.23665331448204383,0.0365249423630257,0.07837787306919915,0.06160399307252836,0.27648997307237133,0.011108957918123696
0.26561398051684165,0.15154087207453812,0.03046396770652876,0.02043480363256592,0.03306593706550585,0.18636720040267485,0.1587045027679844,0.04830720912225086,0.10550152671110957
0.05511945773843278,0.0942627043473726,0.06734078629107572,0.10162552969059964,0.09139010150325304,0.15528642828528852,0.03960774891606818,0.321221025426043,0.07414621780186656
0.10961027211217524,0.2992674481245255,0.13792965594631945,0.06262660017296197,0.040526175361090176,0.17079211101317993,0.059591842810951236,0.04900066808929945,0.07065522636949711
0.04703403838257736,0.10414448408387884,0.21865769712597327,0.04831057952305784,0.13757242127437644,0.09227770674891829,0.06232311175316072,0.16700216534549064,0.12267779576256661
0.027921118521976734,0.09261544833806849,0.46439008299165807,0.05366186631073678,0.15289078073105455,0.07124628946927421,0.06487068624810827,0.03841438504120572,0.033989342347917194
0.12490294229152389,0.07589569172259412,0.24482840725455926,0.03991026962589022,0.06537649000807923,0.11919269417943786,0.07058610398951433,0.03518714569466382,0.22412025523373721
0.04686456182130003,0.1779748792135242,0.056490858934924525,0.022560870069975734,0.08826735733136204,0.20436125485966175,0.03547784548100384,0.07140708473205282,0.2965952875561951
0.041255195149953426,0.09853607234658328,0.009116401037104246,0.43555799807101675,0.06160602970124573,0.08890422129781435,0.040183245942923794,0.17800229280382732,0.0468385436495311
0.070531924782927,0.11375685931507552,0.0786277481093401,0.017300837379398144,0.3873389339202964,0.14146241802977375,0.04239231727838507,0.09005999579150993,0.05852896539329409
0.03661933283743757,0.09021986950324416,0.08765277520036986,0.1014030032977753,0.12593962995003435,0.11863452477383163,0.05367781679434519,0.19864491679852492,0.18720813084443697
0.08707334563261265,0.21794894200183057,0.1801650475865927,0.04661377821751545,0.09340032503119057,0.10372319035284783,0.08590263017998372,0.13950331634226545,0.04566942465516103
0.1268562403040379,0.11715817450746036,0.38572142559759176,0.009114368968008485,0.050915634087336376,0.1504686676773269,0.0485716843262643,0.08008926098952421,0.03110454354244968
0.05212025211024814,0.22891201381979598,0.07219495532232544,0.29534237612531655,0.030286088864509078,0.09514017009205557,0.059609724162379286,0.1499613573294902,0.0164330621738797
0.08463160888781505,0.08195798429809298,0.07542422560186392,0.04752384225121542,0.13742463684409853,0.17744388908485606,0.18801507117650162,0.050586106859904674,0.15699263499565172
0.024141075525796682,0.0968710136077738,0.25114659972646663,0.049375926096249044,0.06092650864688679,0.1251939072180092,0.05127480692637359,0.2703360718937322,0.070734090358712
0.023077020175322063,0.11008598191267815,0.018022092069789043,0.5390229958117868,0.017404246261152844,0.07775517613010009,0.11197873623912936,0.07693122543757734,0.025722525962464233
