0.0668661587558312,0.08689287619322805,0.08851217598734173,0.10825527816441131,0.1754789876142191,0.1638553002371597,0.1417796702650647,0.08006030703537263,0.08829924574737158
0.05778331815764467,0.13779017486929102,0.08637964653221193,0.20427368188122141,0.09329247752524024,0.13122015070314716,0.17392612687553824,0.0619544130089634,0.05338001044674195
0.23319264634469747,0.03823151399994087,0.18133575882942587,0.02531460311181664,0.097407783388241,0.054852919530517845,0.08151471002385215,0.07992843223929567,0.2082216325322125
0.05587953604773413,0.08706359231791559,0.07321136527723131,0.18126342047312563,0.10127110913779729,0.1497402439626666,0.23626288309048857,0.025028955149775902,0.09027889454326495
0.0130209793439211,0.027658796840853053,0.09907412702692132,0.311064714460058,0.05722226353925347,0.0827815460796119,0.313140181040047,0.05954971941285009,0.03648767225648412
0.11831526188065082,0.06194904746915054,0.06502174963500627,0.04183850059623845,0.18289306046946419,0.011236994897779557,0.011204478167339956,0.02735891683625416,0.48018199004811607
0.01132711645643278,0.044729670212118516,0.04307916867353006,0.27387941772631624,0.19392065120680532,0.11385004219230481,0.14899076320496638,0.0897266512827332,0.0804965190447927
0.05035579374668759,0.04883264003462962,0.0144750273532124,0.16219753712308257,0.05550576151566908,0.014533768900132034,0.06305252468648694,0.07830700946601167,0.5127399371740881
0.05321506345376831,0.08813415466613134,0.06031541260521558,0.11372682392441326,0.10530763131626898,0.3647695466508627,0.07578278967156256,0.0497704832582469,0.0889780944535305
0.08506685815114114,0.12345068592035331,0.1803529123811666,0.2552295599779637,0.07516522425275525,0.20366341477635644,0.03833242330779152,0.019443809167337893,0.019295112065134054
0.10164328904386216,0.07872285904262703,0.03252202090863561,0.020168663960530787,0.17231015531046398,0.021543886474768115,0.05791328951171678,0.14117279644284983,0.3740030393045457
0.36095606380593254,0.060707825191933566,0.030127720933077612,0.10945154111467077,0.05870845088630636,0.02919670407692784,0.030515828747759054,0.04651277997877661,0.2738230852646156
0.06808862905489903,0.09713420906211806,0.020678909708219013,0.19842149840104914,0.07027035510794828,0.00786040367450328,0.20192717072560137,0.06918284035550454,0.2664359839101573
0.13689031333358367,0.02959541893855254,0.1956769873439049,0.17372602757375247,0.08468134174348992,0.11298165140745116,0.12002861818398745,0.13466303683327874,0.01175660464199923
0.05449203545325563,0.07791079254884306,0.0848349139320204,0.12918113682249757,0.13906336464159405,0.2211531500121278,0.08811782422487859,0.14825388709542367,0.056992895269359224
0.09578828894706536,0.14844850147467178,0.017713729702331264,0.17719086000614367,0.13878753767753857,0.022547958413337222,0.05221297758302259,0.04335157000941839,0.3039585761864712
0.1430924376717087,0.08268747160173064,0.12753949108364637,0.023313848039694884,0.07631796902658894,0.06169553722210466,0.17642311087621645,0.24643670365694972,0.06249343082135972
0.1388412363186747,0.15269095808480745,0.053266697061949954,0.03502710181107139,0.14574067846427988,0.019980248657955262,0.015590015261580902,0.1326103441628136,0.3062527201768669
0.08333796822268437,0.07651458585633654,0.059628998431165765,0.048371907114498756,0.09199858269860313,0.09340620127646222,0.011823335769989009,0.36695466358876544,0.1679637570414948
0.05013777508337796,0.0864350869610308,0.0727355346327438,0.17986004253568785,0.09199200604911406,0.1764191742427997,0.07018359505276522,0.2223286642569823,0.049908121185498235
0.10505282046598437,0.04515960140277862,0.013033978628202283,0.2443044876654621,0.07419043404723441,0.014332397546119119,0.07500384807717492,0.0297932363003095,0.3991291958667347
0.029655122323725896,0.1146995959679844,0.03734766440436594,0.27032354589103963,0.08242301473959217,0.20029850695624,0.11529228173288364,0.08283970579765736,0.06712056218651098
0.04273715567697032,0.06315352945633522,0.04013456466152643,0.02005703536508925,0.12907009054218951,0.03219733560844246,0.01841583910549222,0.6269146445217967,0.027319805062157903
0.15171599072624545,0.055441390166587716,0.12171351761800449,0.10670418807534189,0.14049548370575807,0.1519145188684833,0.15496297416721214,0.05116290166286277,0.06588903500950409
0.02717037258928036,0.08190167829879087,0.13597423100201256,0.04843422276759659,0.151253618333128,0.20607286247212594,0.10955553512018923,0.18836264852933163,0.051274830887544726
0.08735459166326313,0.05128830588797293,0.016526368362380386,0.16058386588893084,0.05779804524187256,0.16118707977119806,0.03794110048890916,0.3935601110042903,0.033760531691182684
0.036056553775598466,0.07871863350986817,0.20071904313391023,0.09596469547088875,0.13675632020955875,0.16680785860867506,0.12968558062661573,0.12541870616740733,0.029872608497477526
0.07229912412535527,0.07348605709252247,0.08352567436416215,0.11242630943978309,0.19144026934251554,0.11543556116754668,0.17198043728074663,0.1679527133889039,0.011453853798464135
0.00724127472937836,0.041190677562203896,0.15986411577331958,0.22048440043735373,0.11802708038664088,0.09246462056757145,0.27274803151897525,0.07296295460736255,0.015016844417194197
0.03519392265892065,0.16830817457723968,0.07877963339161108,0.12642255252182802,0.09788393770635224,0.1719949497092156,0.1433913906345675,0.13519975617915805,0.04282568262110714
0.0867417665097983,0.04673112236079872,0.07387592033288924,0.1234241686804387,0.18338031103657468,0.01291289854838599,0.11739294380325875,0.12053815452220051,0.23500271420565513
0.018052824647698168,0.08739929401160347,0.10526151663394696,0.02959172341666097,0.111422181532418,0.06624784458897244,0.15105617307831995,0.3847545648834059,0.04621387720697396
0.026162550117366123,0.051803111918165466,0.21618901550910094,0.24223116543328885,0.037701627337798284,0.29535584086773553,0.042187599078183036,0.059139832677654665,0.029229257060707153
0.07822086979758065,0.03174489880048723,0.03252840553188208,0.14044675771507698,0.054095775777549315,0.19767565579230884,0.04707909956421411,0.33354082189077033,0.08466771513013031
0.014287207843553931,0.019569679804631156,0.30986694927821984,0.08981104754783398,0.12846651582992089,0.2227339002670432,0.111423624030354,0.07702538987567702,0.026815685522765975
0.06205488922201293,0.10051311564286138,0.05997444216625817,0.2607037397149788,0.09881720608528986,0.2203273276839909,0.08130642863514677,0.08134030581378963,0.03496254503567157
0.010714649301005347,0.02412496803049351,0.058338763854927866,0.1118909310249066,0.07885853829572635,0.4826949036551021,0.029984451838668408,0.18694534809935304,0.016447445899816757
0.03492007028144394,0.11535665010100386,0.15830934334256533,0.08502999932936946,0.09004839341439315,0.1281453467482229,0.10552912844235025,0.2084470984908393,0.07421396984981178
0.05269034359579964,0.03746093500146982,0.05500336239189404,0.36035382819165784,0.07816605674935513,0.10240191173006595,0.1790193045787408,0.11603637541583173,0.018867882345185057
0.18464159937990432,0.14819151486733365,0.042497469268192645,0.14061150071803893,0.14080977326672237,0.016533454721397885,0.019140061184408974,0.010900630296745309,0.296673996297256
0.10213901931064372,0.08395985279149515,0.05502991931020973,0.05313962249471892,0.07740019427890292,0.044231398467836754,0.07031570938324885,0.4213276442733525,0.09245663968959143
0.019966965926578314,0.13719018059590046,0.23316774795236087,0.0429620061810943,0.030452917569325735,0.07743963521784032,0.24020049490281128,0.20536746749523124,0.013252584158857413
0.20885932384673203,0.09451256792027868,0.018728455193169454,0.10447547620148447,0.10849523310432191,0.020538516916946734,0.07353683239301428,0.19299194930057753,0.1778616451234749
0.02870875854919884,0.06037163269251213,0.2000275414325373,0.20019749562714315,0.09843309598501683,0.18101857473283367,0.04922609001145208,0.09472682837114955,0.08728998259815653
0.058126817623052246,0.03438268602753187,0.1537370236463764,0.18050442907726283,0.08311323792453375,0.2063468453624766,0.09076967184883115,0.18132724342972617,0.011692045060208984
0.10436332580131895,0.1193992165690821,0.030980913827469467,0.20479717300503344,0.1498968294907034,0.10729550097875741,0.03124227609846149,0.2391075792377064,0.012917184991467379
0.33729082453532894,0.08078881362741323,0.03516744078136277,0.06467639551569125,0.18667955069524056,0.00790560901272921,0.025844204816851846,0.00560587055518489,0.25604129046019736
0.0705134613905138,0.06993627427634065,0.09340985438378195,0.1892506248626782,0.06857220440081642,0.3071991038459052,0.0313711171875713,0.11037509763364717,0.05937226201874527
0.03537278329468365,0.05665426793555529,0.13152756626148912,0.28561047659012423,0.0598423586916656,0.2258171743952333,0.09654662177084711,0.10318399904999603,0.005444752010405611
0.02454427754603816,0.053901929742722406,0.03308083171572344,0.11493242145191647,0.08289086298432106,0.2786642081346539,0.2279939785142706,0.06307603697771251,0.12091545293264154
0.06969638956257801,0.03119963975966854,0.026848447364057986,0.28689310736690826,0.0826937497109353,0.19612921986813606,0.062231870685880396,0.2257477300208056,0.018559845661029892
0.08562785216722062,0.16431004802351418,0.04389831892577264,0.08819579904006082,0.07657655832483119,0.23169261128866184,0.041354002305104644,0.2157943603944261,0.052550449530408
0.17413781202201417,0.06416987719650556,0.16650259951273652,0.1789623172200917,0.13190787026435724,0.08033444639201624,0.106113390689761,0.0842637668064873,0.013607919896030225
0.08235852229482413,0.0614374696604593,0.038911302243096454,0.22157268913236025,0.054168760020564755,0.03651616503093939,0.19185017508025357,0.28129679168887955,0.03188812484862267
0.08215494242447956,0.10479381937712205,0.06353196000888382,0.1846269341280176,0.08624963115254557,0.1567097934764084,0.2572695865333332,0.03850645936677318,0.026156873532436686
0.1490184905227009,0.0702917006187802,0.015439078512614961,0.15451133804547812,0.1286503062959833,0.033691300720633456,0.21495421394305045,0.08259515763247527,0.15084841370828334
0.13203999757369325,0.36160462718196323,0.022100736225450567,0.03849295609021747,0.17441610298709673,0.01784538934354415,0.020003060965557706,0.10453689202650518,0.12896023760597178
0.07072231181397583,0.04363276376781025,0.07430648163897957,0.06983346343715549,0.11802170366925047,0.25422329253418824,0.09248659327100428,0.23857303864590607,0.038200351221729746
0.16534437437510596,0.04312700327914016,0.08602422979740261,0.15010747831677682,0.1566304763489913,0.054795392714623414,0.23795856461614373,0.08371788692601433,0.022294593625801728
0.07593806675712843,0.04299044729808118,0.09099651744606287,0.1627922168410529,0.08890884991169144,0.2997040066306023,0.16190050920560012,0.06705161758409033,0.009717768325690417
0.021800158007679284,0.10411579804442224,0.03499389345906406,0.028631367261804153,0.09449346396841547,0.009724563688144311,0.0151678946841588,0.24226777761205198,0.4488050832742598
0.28656006066714584,0.04394289314625993,0.054836559366515124,0.1643952188106973,0.05392608766190802,0.06260974916669605,0.030986983836420564,0.10566960416941949,0.19707284317493778
0.09707040078939506,0.05910474654320092,0.07582501183983685,0.0944474618747122,0.060161669696657795,0.2876398758403442,0.15510956227782538,0.148584010712818,0.022057260425209665
0.07804477617520762,0.13489848771731663,0.10228844510600565,0.3078523909873678,0.05051603384293035,0.20985931891733234,0.05620390890347204,0.040456772648961595,0.019879865701406065
0.160786768812237,0.04543414539186139,0.11505835942948432,0.14079157565756864,0.0645018500345286,0.09389001372028867,0.12236657702368774,0.24209701739169742,0.01507369253864621
0.05925117080252773,0.15776984927955162,0.11091832293275965,0.0552588256017941,0.15629915625268703,0.055851402389297346,0.0476721397930856,0.08912528973788915,0.26785384321040784
0.029487444943944615,0.1793303090284096,0.22210211930227977,0.03439553218113114,0.0693458264972095,0.02828425968035565,0.3346196694731094,0.06637761263666973,0.036057226256890736
0.010523513749541835,0.5282303952211005,0.06083233917970939,0.14900099034764003,0.11017417729042052,0.06148740497234189,0.01629350415191928,0.05576491662893915,0.0076927584583873845
0.04752154217961399,0.1639688397286922,0.03694119383871392,0.12287502825838785,0.14370261148396168,0.04191850041962052,0.28239117860667334,0.1223189236222783,0.03836218186205826
0.2942537417165087,0.09718931020853964,0.024636050525933876,0.15934153414385802,0.09177921033663212,0.004160392063085731,0.016056124919918553,0.0359040407164236,0.27667959536909975
0.05154709175022897,0.07048065271865876,0.05550508923436801,0.1702243718573523,0.12258652481293845,0.13942921680168543,0.23813175428101885,0.11986288365660298,0.032232414887146225
0.03736388952766521,0.10933267268778908,0.09554343591951935,0.2883068534791467,0.05996931521069165,0.03193360592633603,0.3284525345018839,0.021777968722758414,0.027319724024209565
0.04721473214220054,0.10117022572617244,0.10577911403191341,0.42445845365401375,0.055554106507597234,0.10620227254021275,0.1043518802882412,0.0404976432175753,0.014771571892073425
0.04544792415512521,0.0874312475579348,0.10298165874814802,0.3275268887808459,0.07222679140940075,0.11465526537728178,0.15678537405956297,0.0702681595847574,0.022676690326943204
0.01856628803199314,0.0779692732323523,0.15185235770183977,0.07202138368844851,0.07154017793188854,0.09570101616318805,0.3591647455545551,0.1203243445921142,0.0328604131036204
0.035215083015235175,0.057306512582594,0.06883707273950676,0.1597718631191399,0.09172119441717737,0.2898436719218043,0.11575688649447984,0.12014594030730898,0.06140177540275358
0.038309031686312084,0.044503098356039716,0.045998967759949945,0.28191595460118957,0.11253627451004004,0.24191542855419315,0.03997606334527403,0.18633573001117018,0.008509451175831342
0.21291774954544565,0.1070497347261579,0.09898709235249968,0.12347904374070849,0.1529054075654061,0.1737392187545149,0.04877882419215169,0.03154758507714941,0.05059534404596614
0.057743264962732015,0.34522655698398336,0.06684307618619006,0.21218603764080582,0.11198909494678011,0.027172055776565358,0.09420086867301831,0.043023397702441436,0.0416156471274835
0.0688477349161354,0.08349058725186835,0.19331676298180103,0.12113309381057664,0.14473940858002463,0.19793564539077282,0.08226680430026535,0.08531280570403753,0.022957157064518115
0.045350225902762054,0.056089198686996744,0.09224509032695534,0.42170718478152686,0.06700169215052529,0.11122800460534389,0.10380179801321031,0.07774425595942948,0.024832549573249967
0.03275882080533008,0.030093547692533463,0.22637206281109323,0.16787159597862167,0.12056489115881742,0.1533337686579147,0.04830912217164494,0.15315991845748014,0.06753627226656449
0.08635373945365615,0.06645681173437624,0.08310933208401948,0.13885479583482654,0.11453626219837904,0.19549774192991562,0.12476719538383513,0.07382719843957057,0.11659692294142128
0.06272162167756866,0.17623717724167628,0.09240959053073121,0.19312091091218775,0.10144267414454483,0.0597087641188539,0.21063366663103067,0.06730059512682225,0.036424999616584325
0.04680038903120315,0.020319439893988208,0.07209238971618277,0.08986616236877476,0.12912242891874245,0.22986530832656352,0.21532489403512944,0.14772811348408363,0.048880874225332105
0.09599522743172194,0.05157884085747724,0.10859371670631686,0.07114461209121242,0.09313316125288239,0.053566534711148105,0.021475761609857563,0.3053105877872811,0.19920155755210237
0.045864348314578134,0.04857272368060391,0.07353979364988401,0.2977421294225463,0.1665989568911011,0.11846825399931066,0.1850313074557566,0.04981435622415897,0.014368130362060262
0.016801806762231284,0.08712294215082896,0.0743606881961319,0.16901512421074616,0.0806116477697395,0.09433839591488587,0.2932886626693938,0.12799503974082702,0.05646569258521542
0.029191683336005397,0.031084865084630747,0.16444358745723078,0.19603191497160535,0.05214619061188264,0.1368607772361625,0.09702171556932428,0.20107379315861,0.09214547257454825
0.3013704038363975,0.062400160510617836,0.020869251649472394,0.11551443644289984,0.10091252277935979,0.10516229957896898,0.03885237784808476,0.17155796714360041,0.08336058021059849
0.04075320287524206,0.057387153096424115,0.29883209379606046,0.13966649351078408,0.15996776631287155,0.01978128735626952,0.2229012147499024,0.05116502024109856,0.00954576806134729
0.049234062159231366,0.042729306897702185,0.028929521386300023,0.1276488206974141,0.16755152613326693,0.39207793501939814,0.038934095967344866,0.05422648483455362,0.09866824690478883
0.05833967653967387,0.1483762687122161,0.06458966048676558,0.07391404190314314,0.20029060933603837,0.026687924539707933,0.17412307012169068,0.20177820735429094,0.05190054100647334
0.15675003675998095,0.03118959274418052,0.010317834213567021,0.38716228673985026,0.04607631708384167,0.03896527569899306,0.035896720625707174,0.1961861900304039,0.09745574610347552
0.04180176690911258,0.07899589752579783,0.09612240760777156,0.22951970624568538,0.07862554213472671,0.1307693689503411,0.030036374959944906,0.2793122846291965,0.03481665103742345
0.021142683553575178,0.034373141081723235,0.184008080802693,0.32300813481376994,0.059833053039820804,0.06257883423094004,0.20170227514239483,0.05489118456939368,0.05846261276568935
0.021958533101828676,0.08257814219434745,0.07296653644182576,0.204637251181316,0.028955320743645985,0.18407659113198302,0.09739420533872568,0.2959370326659372,0.011496387200390276
0.10234357908579154,0.07619172446669871,0.14869429746291826,0.03088629844452488,0.07429383319197362,0.1535126244209827,0.15037207948068096,0.20145246124069557,0.062253102205733796
0.15165246430245152,0.0783556922911134,0.030335523279825586,0.06433817725815555,0.10155846580257218,0.10858086907318998,0.0563004084437208,0.31935161625992275,0.08952678328904816
0.0921676901487482,0.15284194324556796,0.02841888765099868,0.031910631346958235,0.10181020609878792,0.010572022557946535,0.02069276925799766,0.019172411413700345,0.5424134382792944
0.12355718880451898,0.0826844103728186,0.0403435643067461,0.16457586570888194,0.09160248221665608,0.173109923433019,0.01595452408220233,0.22153961393844868,0.08663242713670827
0.09531360539932437,0.038598583679458724,0.036012890736918234,0.043533674088062024,0.05261518148145087,0.07917978937264086,0.32736511021066655,0.26408457806226376,0.06329658696921457
0.17372247483212566,0.05138822913791032,0.16862974877167705,0.20893288254585995,0.07530525083388061,0.20791762611572415,0.03526811841154457,0.05685594435705101,0.02197972499422679
0.1501773338926639,0.09316510501591609,0.09538172936682639,0.0921099751813501,0.06390896503142059,0.2958766766316387,0.04128955604260456,0.11951444778581129,0.04857621105176837
0.03362525098610452,0.04647367399259416,0.09904317945026092,0.035094947816655196,0.07459081933126156,0.18763013146508153,0.07086741142349014,0.3912090032982419,0.061465582236310067
0.10293607645800151,0.06383457450921912,0.20999010020342146,0.08021263566602183,0.10773798324189772,0.11316073678804012,0.22860198228572548,0.07297246002876152,0.020553450818911276
0.04381630603423966,0.18929960080924993,0.12057337368582471,0.06228078657920538,0.13707098488843636,0.2253001386718265,0.0984809836718004,0.08350183754649569,0.03967598811292136
0.01745579735796804,0.06549145713039162,0.0806128027373146,0.31312774696747403,0.06369821255308808,0.08779759039738118,0.08600445437758991,0.2477209722935756,0.038090966185216964
0.07617161172502,0.027205121091074175,0.04354845616085237,0.17010546634224233,0.09732665996587263,0.14479852701998333,0.062113091224430615,0.3285719502639462,0.05015911620657828
0.009739070188576322,0.03828706502867127,0.07150972342363625,0.318230398126001,0.08223056014179825,0.10261748714105161,0.31147070424794804,0.04410344617479736,0.02181154552751992
0.01132711645643278,0.044729670212118516,0.04307916867353006,0.27387941772631624,0.19392065120680532,0.11385004219230481,0.14899076320496638,0.0897266512827332,0.0804965190447927
0.0787779284717719,0.13228969121494175,0.1832742431070059,0.06521121050280841,0.08477546358511127,0.05203746440277706,0.14768043393751096,0.23269844403118964,0.0232551207468831
0.2665852997718845,0.04068836350078827,0.03026078015634903,0.24846395118953923,0.08215778480635579,0.05914436899716933,0.0749750884821505,0.0889930791185345,0.10873128397722882
0.05451689181316278,0.15694316186777926,0.08140480180409733,0.12326545404057494,0.08299977835639182,0.06492825674196943,0.274160608410046,0.1333888957336339,0.028392151232344565
0.009733510016519514,0.3157626913216221,0.0654492730104473,0.023597898584909655,0.12648078839856128,0.052466385083784955,0.18104927135602802,0.13203824216789137,0.09342194006023574
0.03881963831924441,0.03895991618895855,0.07847486024018034,0.15453740561160786,0.10501120983869257,0.3774268357917305,0.07972423839127632,0.10036277260243642,0.026683123015873122
0.11129504594382367,0.04486740861674499,0.15184098319610512,0.06053769556208453,0.08988028049937609,0.12223779509942151,0.06334247399841292,0.17786789864721006,0.17813041843682106
0.026629202673538382,0.06581009203515992,0.12917328332410652,0.14243603902874682,0.1046375690923511,0.2624048320046489,0.23762137763356103,0.01660964935108655,0.01467795485680084
0.06680471347902943,0.09288966316887574,0.2062837900189729,0.04582116350589843,0.05788338619527602,0.15529072692534976,0.14683850173436153,0.1672235283080151,0.06096452666422112
0.025375719789110268,0.055376397457732755,0.013010201141034189,0.4138384510899857,0.06792270513406691,0.1997761174479804,0.024994614242293284,0.16812429505207593,0.031581498645720636
0.4799191400007441,0.058602121343654334,0.058192688581863876,0.10295545343474934,0.056761237316558695,0.02499840648063764,0.041067606584551886,0.11084422559744479,0.0666591206597954
0.5036670975141209,0.04258433566122947,0.02431078766511466,0.098567858346831,0.08408190440369838,0.005929124103813105,0.012308346855839399,0.0033348004319756464,0.22521574501737743
0.2444118899701693,0.055574244770770755,0.026175477944683112,0.028674783663676623,0.09176582751613427,0.05259053079407031,0.018960791530476948,0.40647278236797124,0.07537367144204746
0.060647930710169586,0.07767435233335873,0.14963445869944236,0.07828502858504839,0.08146270574619445,0.33962885319160324,0.12264457856049626,0.061062349497754874,0.028959742675932137
0.024499777416739282,0.042312145769714204,0.11932159210335767,0.06877478652736373,0.08139453875488468,0.1319503773770563,0.09038232902037745,0.38331515464543187,0.05804929838507475
0.02929964363394591,0.16948860438251503,0.04855064767830151,0.13045326770884635,0.09294624021899141,0.22657694958514474,0.13139542205277996,0.02615989412546044,0.14512933061401453
0.21641551697000014,0.15192441380206143,0.0353107890713835,0.04349148831805886,0.08409720404757931,0.026774671040777093,0.23960202258740063,0.03028173649534793,0.1721021576673912
0.12740038715353091,0.2040159114393282,0.033505855207087404,0.1434049962548101,0.1397629294715139,0.006725835955159018,0.04629819394895471,0.0698169900138248,0.22906890055579088
0.0262125654490321,0.08895347077352955,0.11157660381180136,0.03464941217894251,0.1774811263246433,0.02267853808268824,0.12652854816925954,0.19516221726358274,0.2167575179465205
0.0190016244477467,0.04536364953938766,0.07052916029567553,0.33577720074308,0.08708819381356729,0.21315490376019208,0.06690088149187277,0.1439817705159817,0.01820261539249629
0.050843612133670425,0.08045797570732668,0.04082522888707471,0.04814805445063647,0.057928108503853354,0.3069344598641078,0.0740709186191832,0.2531638653979851,0.08762777643616228
0.1515686902203172,0.05059357060559685,0.06288224461795171,0.03833712218898349,0.051111120327015265,0.008083836299202899,0.013961175460632129,0.39602940573354656,0.22743283454675386
0.1587931810423262,0.020612671298637433,0.0203712071396245,0.029413344698031935,0.0875724503804461,0.021224043576373332,0.13296141883080131,0.3742611199817491,0.15479056305201
0.17383645481901197,0.03825521455899047,0.022068669709057864,0.1335010525184623,0.05395745560701831,0.059768799219236134,0.05892163503272494,0.4049328728631307,0.054757845672367356
0.03734235753016249,0.04860350883560093,0.1918904715923945,0.1063942598784348,0.1011036839110639,0.06923110283230077,0.18984885397092735,0.16954335062968273,0.08604241081943254
0.20560849723774222,0.06399204282903063,0.017358974034057752,0.05325075830922327,0.09820025715823294,0.04684490151751405,0.04042254045521564,0.4590837282804013,0.015238300178582201
0.17343878099791799,0.14397875993329062,0.07746590460318978,0.08886697186437803,0.1294491057064787,0.01821417483705938,0.05095127742915578,0.031636065199880055,0.28599895942864967
0.13177270884565376,0.10190828812372106,0.06698702651882095,0.21829979214919426,0.13621862719581593,0.05416111366146858,0.20153779786116577,0.058191937871583,0.03092270777257666
0.03144400124913147,0.13315369491901305,0.17635183712878097,0.07604323507678504,0.21279479379466784,0.054956296884166644,0.21785013089210215,0.0786225523347583,0.01878345772059453
0.027387057063418666,0.05679590778865306,0.07750698413539585,0.22564257448599487,0.12186441976009661,0.04221032254699949,0.35134325940336164,0.022918993276242656,0.07433048153983719
0.07208071196583464,0.036437831785787585,0.0765966740814395,0.3121661254272254,0.07219750998704276,0.2843600278616218,0.07364388433918231,0.05052661831700126,0.021990616234864844
0.09707600904488305,0.12880097835372611,0.15228114842004237,0.17343113730795937,0.1134571617857239,0.09266321500819474,0.12049475521621789,0.061310227593568974,0.06048536726968359
0.04120753440360895,0.24049012174693388,0.04487237564587879,0.10535775866455051,0.10723332733813347,0.11020007041347486,0.2697425298363489,0.05518897633264774,0.025707305618422962
0.021530845033159718,0.0856105834730766,0.06170780455759767,0.1732766183339756,0.15724127890908243,0.29907615015149785,0.10206785147563831,0.05793844909236159,0.04155041897361022
0.01677091649281797,0.08272874987039174,0.25450097396508087,0.13464947967429283,0.1559574693357706,0.014584980798273793,0.1726742338464314,0.06776093702797735,0.10037225898896339
0.07948740149583756,0.06543558017041469,0.061579238367416834,0.03239028561933322,0.07926366840339719,0.14459219407079235,0.11231937950920207,0.27763420083752777,0.14729805152607833
0.25357296455235984,0.09729626348972147,0.044056582378381316,0.07048115733860993,0.12504758185671624,0.035718170041465866,0.20427260865329033,0.05818153914757621,0.11137313254187879
0.09068055087969477,0.08667046784570247,0.11171616415158307,0.10744725048983621,0.10576047108442461,0.21043771043441625,0.1432435129014312,0.11418270397966666,0.02986116823324476
0.3375498528312224,0.11709216111046922,0.019025020252619457,0.10295611628083878,0.1351366620886566,0.006524088032667089,0.005952917796217708,0.015078206288853932,0.26068497531845475
0.08576537783780329,0.13726433612772215,0.11231901496011891,0.026696336657297093,0.08331378203385455,0.07980156007880441,0.08721830512415006,0.2367463236766345,0.15087496350361504
0.09831259731013263,0.10189000439274672,0.028361185545475637,0.06772860482756558,0.07796954685915125,0.019416346431610245,0.009908190645941601,0.3812419559311522,0.21517156805622428
0.24285816937154414,0.05123340465207221,0.046977879578307645,0.10805352117643742,0.11845936647280271,0.10928352454312612,0.08651178295734034,0.1891954240456261,0.047426927202743434
0.012290417000825662,0.08694906202279579,0.22713356028473378,0.13140105584788006,0.06279649697947237,0.10586892792353324,0.11830243083963027,0.2461520692257727,0.009105979875356123
0.05154709175022897,0.07048065271865876,0.05550508923436801,0.1702243718573523,0.12258652481293845,0.13942921680168543,0.23813175428101885,0.11986288365660298,0.032232414887146225
0.036376824803521536,0.09970560523536313,0.0637031566636209,0.11912916280913599,0.06937378236030316,0.2579097595759409,0.06092881937761502,0.2837260442467869,0.0091468449277125
0.18430476930771056,0.07117909420524297,0.04855990629173262,0.1221025142212507,0.17699822419985412,0.030160427176348304,0.0203863309089792,0.25296370348020997,0.09334503020867153
0.04658684950947158,0.10837691024161915,0.06881654636984307,0.20392882774720233,0.08876809443299581,0.12526553646078312,0.29216001987389534,0.04327508941218286,0.022822125952006705
0.055165250056072264,0.049540314324787865,0.052245149863636625,0.2921817349591995,0.11909756533142828,0.14806280218854825,0.14889048942153557,0.12175806666501908,0.013058627189772574
0.034620837027342914,0.06522767492303634,0.05143043638790997,0.051516324054306985,0.06745138751709485,0.34305777982944563,0.13483186906684574,0.22282457179063506,0.02903911940338248
0.07451564866666543,0.05311010652680693,0.1127540225439571,0.15571394759912136,0.057954466009566004,0.02024844416846729,0.3245236997573285,0.16834096657554573,0.0328386981525416
0.025087804882314126,0.1617075510968008,0.04378706792128767,0.27916541477796936,0.13930924923490504,0.03633022821798792,0.28032545265330416,0.018968213568044442,0.015319017647386537
0.05135780393066194,0.14382073177358246,0.056224654278658526,0.03713687787609441,0.08679213794260963,0.15013712098184767,0.026423176514935576,0.3118695464323545,0.1362379502692553
0.034536519096288264,0.026418080932225026,0.0789064786280798,0.1391218492221591,0.038332948487939146,0.2988371815030309,0.03435537830954234,0.3113938244800302,0.03809773934070514
0.06122889792065408,0.09051782915931822,0.10055825729273889,0.08010940735573598,0.15532869813270186,0.3803290601530032,0.022277520041933133,0.06424595187228545,0.045404378071629246
0.1302716277251507,0.06188065529885722,0.11945867913637394,0.14040018074491653,0.06521014696489248,0.13715139165430704,0.08117572495753238,0.21846951843032417,0.045982075087645576
0.09375421707286907,0.05768467217180753,0.10846749369187102,0.15671281793251737,0.080204721551312,0.08214607704737976,0.14638457181178052,0.16058306742286835,0.11406236129759434
0.059384445906024465,0.19253602868442646,0.034990474746091474,0.07260823101134668,0.08442803891081752,0.011610977397258653,0.03378985245880778,0.026732328707178666,0.4839196221780484
0.05666469098334468,0.051572033389212485,0.06639924004065542,0.10043725436067018,0.12532348659120843,0.09511421837753979,0.4069815055056203,0.09137793017866898,0.006129640573079818
0.018547388443101033,0.11385615707420478,0.07038929220846997,0.07834393289650139,0.11640461635880363,0.049277455562835644,0.36457396623650135,0.05789035368306746,0.13071683753651472
0.03547223670062735,0.05353445836630149,0.024139059185259007,0.3458574121785433,0.04781064893932548,0.28087032046192445,0.11642044217697817,0.06970711255745142,0.026188309433589296
0.0742102529896374,0.03898479207963755,0.03327401205306683,0.2796020705261226,0.034395565243231487,0.2988033396590403,0.07049869004829391,0.14019753055389403,0.030033746847075934
0.0775025121996238,0.10028633003599262,0.07362713630941696,0.023809008011201685,0.07594916452021816,0.035121695378137564,0.13171365959315506,0.32289243804469864,0.1590980559075554
0.05896400013928075,0.06314376889490912,0.06399277834578421,0.1328986527551265,0.06441655090462803,0.09997066888064148,0.15984249016481447,0.20294378901589294,0.15382730089892252
0.06985083548596682,0.06133974047256383,0.21686757545587607,0.22145101064368355,0.0639778548349511,0.07206621182070415,0.1419574598272916,0.13788508992151413,0.014604221537448772
0.04010461781207194,0.051410023872885846,0.06583799441073433,0.338796867315513,0.0671140169017241,0.20934255462793472,0.13837780489597748,0.06669004405754031,0.02232607610561822
0.03589105520616529,0.06917009530581018,0.06402768795282042,0.1264007579819355,0.09484004002932418,0.21628942532621065,0.04941298954294652,0.3045721036352322,0.039395845019555065
0.029963454876740726,0.11216548455735276,0.025794457041236844,0.15668386323806108,0.07949631972359635,0.023049909294677807,0.05677712148926015,0.20261156741039454,0.31345782236867975
0.02102462447371252,0.2191543440360021,0.10559128554747864,0.08758473955143638,0.05803429590730231,0.17084040445960338,0.026905993895495903,0.23137019351067378,0.07949411861829496
0.10759907259111577,0.19824076375194788,0.07751834913248427,0.0925303557613625,0.13499636132066659,0.06147629574776816,0.04077969547794508,0.2535899591198714,0.033269147096838377
0.05914049035647303,0.0536380993860091,0.24048021566606173,0.1448661134174074,0.13814325495287863,0.16291277589683617,0.10221493296191121,0.05520736388087651,0.04339675348154618
0.10369770232155619,0.03663720380304233,0.16899393398847307,0.18283506321813384,0.06308239726942468,0.1357800171828835,0.0977914080034717,0.1799827263813225,0.03119954783169221
0.08216733254825927,0.10926958769087076,0.12838313248497157,0.21559609374252334,0.0844263355414034,0.11687154006678875,0.13653622637642884,0.11574582222811292,0.011003929320641101
0.15335206300134477,0.13640563213110474,0.1606968003367074,0.2569542495677423,0.08016624287219087,0.025831165943333956,0.03846596373997722,0.036058861777091965,0.11206902063050672
0.21583731334127507,0.07848831108361173,0.05086266812456571,0.04000172628345864,0.1776839073135631,0.018831747258261183,0.06974096022596886,0.0561050044353561,0.2924483619339397
0.043986153887887264,0.024556204998914463,0.18440116093587286,0.20489413290697392,0.04394175065671113,0.28161569705084216,0.13204213263570622,0.07805900268195008,0.006503764245141908
0.022587015337527286,0.1357462093919705,0.10941072619685988,0.39103514507438836,0.1032151066842294,0.05233287892534444,0.1277886276881712,0.028112687079395557,0.029771603622113355
0.005045311355671639,0.03654841582546633,0.035024506156656525,0.04249155613773845,0.08645702268293715,0.07655433459909565,0.4990607669544706,0.1253829197937019,0.0934351664942618
0.05587408783006768,0.030173264392836904,0.05705358914036132,0.08337906411022326,0.05701072638106466,0.3806529701163499,0.08587873782416765,0.22640150858226812,0.02357605162266055
0.06014425638042315,0.15080941640895404,0.017066403583490482,0.08676658550455002,0.10608164273514102,0.008223105327406258,0.02451226330943522,0.015152330226139795,0.5312439965244599
0.0266345710413179,0.06731178790250138,0.04839007379776237,0.2056532109121021,0.17373000228603808,0.4100152526150616,0.030283741660568343,0.023850769598632502,0.014130590186015729
0.32288374515938373,0.0991310978011651,0.08051580964115947,0.07193474075557406,0.055124160019311065,0.09603517094549092,0.08959643434757725,0.16740461607214266,0.01737422525819575
0.15251746758419157,0.12506674231366513,0.025290164174046992,0.03359167441906378,0.13165789926653362,0.01746488519226069,0.009846548830693679,0.05315847029813459,0.45140614792140993
0.0303575235327109,0.07314682068006251,0.08028396991211545,0.11802455649021855,0.06505160480557723,0.3815500447212125,0.09657988657391285,0.08487761115395796,0.070127982130232
0.05753365333151255,0.09380006380655904,0.15854045912994733,0.05827890415949102,0.06589950019137354,0.11586468964646474,0.24338732592831835,0.13635450535633534,0.07034089844999816
0.11965252517149842,0.059490060923074774,0.02134035014740282,0.13682198782340227,0.06584947197238057,0.2823820660080502,0.16793125560887426,0.10828137587320673,0.0382509064721099
0.04358866482108021,0.1373212819947031,0.08257910964548247,0.10994591770364455,0.06949176507562443,0.42282465538940794,0.06393141630252157,0.05056257227539281,0.01975461679214281
0.061211640358520815,0.02431255887365948,0.04191866072406645,0.24072270623238765,0.04758013495151945,0.12641916041602067,0.0955907104015058,0.3453724199962082,0.016872008046111532
0.03519392265892065,0.16830817457723968,0.07877963339161108,0.12642255252182802,0.09788393770635224,0.1719949497092156,0.1433913906345675,0.13519975617915805,0.04282568262110714
0.03195791533226657,0.16248651419938906,0.068269992785431,0.04126863722162977,0.12346799179375616,0.05638493801474293,0.4056937567530894,0.06145344541000314,0.04901680848969203
0.051122234674494886,0.08274569050876457,0.1299537618185815,0.07326887240710936,0.03698281627223705,0.2146578385511242,0.10351156962151158,0.13846474556434582,0.16929247058183103
0.05810158827056292,0.016311372934214436,0.03479920238742277,0.15386844330038055,0.11078138496670416,0.25693587341329865,0.06106080330937643,0.29046523018468756,0.017676101233352535
0.0727777334021015,0.06433158644170767,0.18781494653948502,0.1545102827270697,0.10204217924023114,0.04416878734905672,0.06391887576809847,0.08941444080276817,0.22102116772948155
0.11512162355672588,0.08962611728597802,0.06187586487425357,0.08785095636572508,0.14640788362847704,0.24362393751066128,0.15361583532838943,0.08740981305080837,0.014467968398981198
0.014535931508808895,0.0698579396747417,0.04187012267358081,0.22494105545752827,0.12177533366754688,0.2759868486824435,0.13975124051131213,0.044612879227174995,0.06666864859686288
0.08285212927103629,0.07973601813085916,0.15234774716774954,0.08924967950667305,0.05155940493282177,0.23450857769291714,0.08144718547671649,0.170398257545795,0.05790100027543162
0.06137408060184411,0.06335438467771896,0.08582047479825106,0.025772543293687184,0.06760044296301947,0.02761143791541347,0.49647188172382356,0.047360804647089916,0.12463394937915225
0.08008154239674899,0.17330093552042378,0.05628850095741548,0.23035492566787832,0.05953901015192283,0.036875568944273136,0.1650858369907954,0.05995168651183521,0.13852199285870684
0.01656981785018619,0.3168827931763433,0.08774691047246576,0.187771057513664,0.11595687345905446,0.0985596803873513,0.13237401193320034,0.013706417105476765,0.03043243810225772
0.06797612052268426,0.11463251538059242,0.12115189339076819,0.1897117849806815,0.08700734795976289,0.09380920943341427,0.033940058325899705,0.19591127113398535,0.09585979887221141
0.03150668768534154,0.06173557063509266,0.04180065283995096,0.13177407910496783,0.10644126918871898,0.0963989183658774,0.39369147694791673,0.014902911663079528,0.12174843356905442
0.053304715569950735,0.09650852812017234,0.11739783634055152,0.1526110205849285,0.05439553430537613,0.2846016411232877,0.06103310971856549,0.13392394443556746,0.046223669801600135
0.1471943270049124,0.0549917969734998,0.15909166447479714,0.05547870810832889,0.0682455677995555,0.25662073334046714,0.11075936079587789,0.10746403368570918,0.04015380781685208
0.04049744528257244,0.08623941695569644,0.16260350510374202,0.07508765761575989,0.05836617254742283,0.34701491951396846,0.028686339204380032,0.1688784602240134,0.032626083552444445
0.045498649645855836,0.1949688985340193,0.0508969729663484,0.04033243835212046,0.07782636025401209,0.07141451638412875,0.1924556991753766,0.28835769996265004,0.03824876472548865
0.10127010367243172,0.047810697482944364,0.03739047956624815,0.06574125469668757,0.08902219934842882,0.21811177416539643,0.1125736754552135,0.313695381861365,0.014384433751284405
0.081564485709276,0.11819040531479057,0.03613621939417444,0.011071902419176832,0.11055490074075314,0.01934367627157935,0.19122684464962145,0.3248359099097467,0.10707565559088156
0.018313752902826497,0.10363246191821555,0.08387985065964944,0.09925270590481543,0.07879812352330914,0.09954579312187806,0.1048317056335522,0.37176580003430487,0.03997980630144885
0.03705287488985048,0.12107906937832709,0.13928179464381887,0.17694476269522233,0.10350699870633932,0.1971864470773289,0.061622247419672205,0.12845665486810276,0.03486915032133792
0.031628140658075954,0.04278124869213551,0.08983883274692923,0.2852143089384859,0.06106269630685952,0.02839489430355026,0.26723101971701796,0.13430491108223905,0.05954394755470669
0.28342759070568535,0.09704555451443675,0.14527967980586956,0.21919034646769534,0.06431338474689084,0.05834597630527103,0.07471376029657205,0.049757987710083385,0.007925719447495731
0.043978530587342496,0.06103251580539624,0.09408465372940927,0.3904075963635212,0.07275712757400864,0.09241107446641222,0.12016924015765824,0.04794678350532967,0.07721247781092204
