0.08435341394001927,0.19905900836427834,0.07457315768417676,0.1724069276250254,0.01011591179251335,0.3100481691425307,0.028098574430193552,0.01928249192868559,0.10206234509257704
0.018120925015046255,0.014600841654178617,0.0165165286233216,0.025420991308681768,0.22703522748107363,0.049416224602775026,0.009408880293363947,0.0289937267153829,0.6104866543061762
0.027823205870288924,0.08051244717579864,0.05103301356316164,0.08797521285652089,0.004557757687121159,0.5428861020621981,0.036721090163088055,0.009568648955126447,0.15892252166669613
0.22305688979993077,0.253101983305766,0.18111539382922826,0.053341582560920774,0.046799382065034645,0.11651148895498577,0.046228358930775905,0.06014802222202209,0.01969689833133578
0.22741446472448443,0.12460614707830404,0.07203179340931982,0.07702912244347292,0.27384473645377305,0.04837635354798825,0.11236574718744108,0.04712766973497937,0.01720396542023714
0.13452158712963244,0.03716910647156791,0.2107703533237344,0.04673783010252049,0.09061857464485086,0.09630128120356063,0.043138985081683255,0.16679506112349307,0.17394722091895695
0.092249320290072,0.1278619983575896,0.06851536426290959,0.19358241260603667,0.021632072437646758,0.2624772390358004,0.19696335209050822,0.020443662532235254,0.016274578387201546
0.03331213364822035,0.013917827476353372,0.0036853953353746063,0.06424146654739747,0.15199014255589724,0.04039465450885541,0.031553087722264096,0.06481431631188583,0.5960909758937515
0.26303712336081214,0.06628765685681916,0.01794993919202158,0.17238733731553293,0.18190948402372523,0.09469198752968473,0.017703589539838315,0.04003364971595524,0.14599923246561064
0.3483527257394477,0.023892666147908886,0.034236193510521394,0.17521518465757466,0.07387113677509145,0.051368891930608875,0.023467135919977747,0.04802926470593059,0.22156680061293868
0.17422173670536792,0.00326589702806741,0.01252090562028761,0.051510449912225496,0.23554469363188357,0.05065600922443899,0.006071934545582053,0.06902342565462032,0.39718494767752666
0.38504057947169,0.011175632791555623,0.10933918485826001,0.08277254234896682,0.08465394322567492,0.14385973056108892,0.04921540371709402,0.0638201626925981,0.07012282033307159
0.09902251871029018,0.06253839040115379,0.12990400570107055,0.017758400185306725,0.10619389105926196,0.09657837854334095,0.20282002859547985,0.08928005754242756,0.19590432926166837
0.5235911389917032,0.028495633283483156,0.0671442033644566,0.03081743972254217,0.017200620466101265,0.06552782862389071,0.03709221670178021,0.1977384524531716,0.03239246639287103
0.024488027260770234,0.23980828957560027,0.04062415463397067,0.06833451336535619,0.031202104439833858,0.4653580602187941,0.038232570706520724,0.024808559148086,0.06714372065106809
0.11652553067362877,0.05467444335932899,0.17233942617686107,0.2639269465277584,0.07947573606731133,0.1438647912212441,0.05039434871169087,0.024387998027359647,0.09441077923481685
0.07574017267958935,0.09857936666424805,0.11382174809819783,0.173691385764889,0.0221867397772878,0.3624597985727957,0.03566732738717012,0.0999219463103439,0.01793151474547827
0.031218654016903286,0.20085841082766845,0.032756395540664535,0.12082227630574251,0.18895664273702595,0.0761206206075583,0.182518581637367,0.02427744654411308,0.14247097178295698
0.6418707585395526,0.020049558865255224,0.07387153587458269,0.023721508125916304,0.050540247907580826,0.031115849324089197,0.07252995444371386,0.04868123171179451,0.0376193552075148
0.35734491573157373,0.05072355095485035,0.07567675423731347,0.05982335242656653,0.005235992840877279,0.39749251742403163,0.017038833919742494,0.012044325199754671,0.024619757265289855
0.0501168805501011,0.05400708373603998,0.1363911718359859,0.018358302570278692,0.10494324139835677,0.24957996425561468,0.03545120781718417,0.053233918959824544,0.29791822887661423
0.176113672850177,0.038971051777665654,0.08425223874901973,0.06727010856207745,0.02182848289232775,0.235125449612681,0.08656539925571882,0.03769764267758748,0.2521759536227451
0.07780965210506958,0.08529766039467827,0.04464655568455119,0.31026899818262793,0.02178151493648556,0.23470178689617413,0.073269379914971,0.03191593529539099,0.12030851659005139
0.06118468371710237,0.05644487904115202,0.041617382108801504,0.037489596514564995,0.1687217354199736,0.133022112438836,0.1659813550270707,0.06304311999235411,0.2724951357401448
0.021026011133569684,0.023081504236669093,0.0509882598439382,0.4472732667067721,0.024032431046934186,0.16506468422200887,0.17223831752884888,0.026385420531725576,0.06991010474953341
0.13458868324418388,0.06477753228368112,0.19225674988053312,0.025264628277185185,0.10726803186149442,0.22740119515742804,0.02346911720948044,0.03788397773523864,0.18709008435077515
0.06217343419934266,0.047453274914618405,0.04620489938795045,0.03304685986128201,0.18899359604279042,0.05324512335904663,0.1115855271204763,0.05173680715530516,0.40556047795918787
0.5268454320383559,0.04236684240875684,0.0934577204144144,0.04662081832006281,0.09130379964446911,0.015778134289186462,0.10045331512122208,0.06076634506133214,0.022407592702200246
0.01113601429854201,0.03518215212926426,0.1567612421868486,0.10727472084012428,0.09430085779203305,0.2571315524794289,0.22223791596396247,0.08263775197865086,0.03333779233114551
0.25673873117724516,0.10740472486999753,0.047129851878389584,0.21793481934729728,0.058500108022123576,0.08345580706689043,0.053318117558873786,0.15414234124644635,0.02137549883273632
0.07807803229465628,0.06502398717201861,0.10506447818006659,0.04284060939980896,0.27833287943891133,0.08464536697203238,0.1073383277411623,0.08766362022500969,0.15101269857633395
0.34533452004545473,0.06967670051785083,0.08188640678956642,0.027660467294889513,0.11864758320737635,0.09047823759325276,0.04407567725630599,0.11676351960543481,0.10547688768986864
0.05076400267011714,0.02647593477063599,0.22046239668358517,0.06872670014345181,0.11539240230410651,0.3418679899705146,0.11134718569261903,0.027799062599608418,0.03716432516536131
0.35267600887367817,0.05325219711779636,0.22028875873736417,0.04264987806119543,0.04142626684329626,0.0981706543445822,0.09334572036034583,0.023161821186156225,0.07502869447558529
0.04273727682977185,0.40080896508161734,0.0625470249078497,0.16928694061118588,0.044047425067279565,0.07804689188413368,0.09256108971603465,0.08916806237208208,0.02079632353004532
0.19759601595295126,0.04275715156188664,0.08055795978658188,0.06024027118891481,0.08116448846065777,0.08531673809793223,0.1401140738493436,0.13809882957120148,0.1741544715305303
0.0443738663224753,0.13433423720775847,0.22628897180565957,0.12769683224342918,0.03497866022674456,0.3257940246200681,0.04859024877913417,0.010717956948345377,0.04722520184638521
0.12071261840825098,0.03600253633282429,0.04271815889978379,0.069501977751643,0.08107545848609814,0.12734006388645833,0.09938636445140493,0.14155273545144487,0.28171008633209166
0.2149452021508872,0.02452325202484358,0.06408987661377392,0.02635796766471297,0.07801635771401544,0.03341278341837322,0.15320182469342672,0.11877457745370183,0.2866781582662651
0.12084008642943127,0.24655240114566448,0.011493777183660181,0.053599472471174976,0.09954941942114152,0.0828399157631652,0.1743823296525485,0.1442323179698551,0.06651027996335875
0.23401462567072617,0.04620279973218988,0.03517965973831801,0.0517473853696827,0.03677052282788443,0.0550237376864362,0.13252452657120642,0.3321189965259858,0.0764177458775704
0.3033756239817957,0.055413032588150085,0.08022340010282698,0.08778271970237105,0.04011803487379373,0.19722713515699733,0.09784578822336117,0.11465834603570445,0.0233559193349995
0.022452077979895447,0.10067200606757237,0.003947333912837231,0.04204638979640687,0.08803648332875684,0.019658682032407764,0.006011535830797287,0.038796017036114606,0.6783794740152116
0.0699772952735689,0.06453505116823745,0.01125710659720276,0.03560646666313815,0.2711921120739646,0.11589444519479915,0.005809402678633678,0.061040046403807946,0.3646880739466473
0.36388071098435576,0.15016564281020503,0.007516294531314051,0.10171284501109905,0.19174085025936485,0.037716848086101463,0.006531406544904448,0.04635044726023966,0.09438495451241569
0.15438417125535142,0.23884459390645585,0.030692877925641387,0.05708498505075018,0.07143569568213554,0.19929039743924504,0.03945692138909903,0.04335066707929056,0.16545969027203097
0.035086984290612966,0.24678519280141345,0.16378866743091733,0.022607394273910713,0.19804946870359894,0.17892383809283655,0.10014800664942887,0.02340709043791403,0.031203357319367197
0.3414391734420592,0.008386887894537022,0.14124823666507982,0.022351707482038876,0.06772515443564564,0.12425856641543659,0.06316787973357564,0.05813836737463105,0.17328402655699612
0.32527626127040793,0.1544074860313443,0.008849892493104609,0.13961804639334738,0.10269737676678438,0.009445375801003535,0.1712896432164164,0.028574927003710643,0.05984099102388082
0.43584070804162733,0.18128347987847296,0.03234510962068267,0.12765569476283697,0.09035731439116344,0.01343452485204051,0.03636193259279415,0.021557466899433192,0.06116376896094893
0.11115403776486656,0.057978215772986,0.25946703719534997,0.12379821379222984,0.01474401218737785,0.16898087367606998,0.1492619984279073,0.05038510480830327,0.06423050637490921
0.07740927218075953,0.012671204008060105,0.0172326574301299,0.06830408000589762,0.1685033997423274,0.11410409122932286,0.03341041394257184,0.05741514866605359,0.4509497327948772
0.612996448111636,0.04633714436370848,0.02941946954473015,0.04818604813928603,0.07091517481164543,0.013130286613733508,0.021925593128202272,0.06914306145091349,0.08794677383614467
0.0510396338552024,0.029041948188277617,0.013433089941784824,0.04834171938526568,0.16301483797783553,0.040176225251913895,0.036296033985259296,0.08387343529415574,0.534783076120305
0.06478872617473165,0.24130490450890582,0.0378244196072262,0.24022939755200653,0.04764548650469261,0.06088259358151626,0.16644353949040167,0.042062394553347204,0.09881853802717205
0.5998334668309101,0.02681592277884742,0.036144168153205224,0.02138097350111548,0.13872625101277083,0.03910325041851569,0.08567855683191922,0.03343532525383077,0.01888208521888524
0.09229996724802636,0.0771305948085499,0.09767164053787725,0.08249030503527983,0.014355686483459034,0.4691726330366957,0.05725832762252905,0.04448714338392042,0.0651337018436623
0.0340194881507607,0.07178339573354652,0.009866159051051617,0.17356305015159892,0.13283257499027998,0.30509441800098835,0.02832673449325228,0.005473660495425363,0.23904051893309639
0.21411874194117653,0.05599196196511075,0.2708252688124926,0.06518666980837504,0.03476704181651737,0.2644809442953538,0.02531081968933786,0.061601418115216,0.007717133556420071
0.1470643498952927,0.04349385523288183,0.010667876781600298,0.017779116149637356,0.13726000752660944,0.08445609145526035,0.04192468009509149,0.10459758203520024,0.4127564408284263
0.07754872104553856,0.011452773326227064,0.011032258619275552,0.036723020015145734,0.2575006739826053,0.1722219711686487,0.04417878039945533,0.05716890632554316,0.3321728951175606
0.07714488393351461,0.033828110567499535,0.019142155228043106,0.18645929619692078,0.11083775814967041,0.3390112770967541,0.13217178134960542,0.03601431891392299,0.065390418564069
0.1731689939703233,0.230496623752931,0.07709821976445325,0.07940698536763008,0.08579577799380611,0.16657522963005839,0.09644530182337115,0.04902863670365561,0.041984230993771104
0.012025950427087338,0.1023098111738881,0.08495870480636641,0.26474810582453806,0.022771797942532115,0.18280578238035586,0.09845548995560009,0.02680836415327771,0.2051159933363543
0.4355673273464042,0.051863910542910306,0.020286406149676164,0.09814753285005055,0.12841319886656125,0.005036680696401748,0.06656198549977482,0.0778704487220491,0.11625250932617186
0.17197740920852486,0.033004087481577175,0.04315398679754042,0.03639245688236741,0.13771489389526337,0.12263815018452166,0.2101097098308231,0.1625528765124126,0.08245642920696943
0.07941421581397667,0.007466934630319743,0.013636568785104499,0.02075591695632219,0.13821133409382091,0.010934908145893563,0.0033321732390538595,0.0824093506436444,0.6438385976918641
0.17866930937692702,0.22783521480453364,0.1116363447783671,0.1784539395491376,0.06150959788524143,0.07473659427231304,0.13022680463872358,0.016721110755533664,0.02021108393922292
0.04325920884603334,0.04577933553858674,0.07701593218571125,0.08565761473384265,0.037614487011640024,0.24007648382683863,0.11875701255423483,0.09519013381558793,0.25664979148752454
0.5377826227521644,0.07086593073167415,0.034350013421337616,0.05252200632342093,0.027670250117597214,0.05787115851011121,0.03170487121536958,0.13602605113098273,0.05120709579734226
0.038705305622674775,0.19205107849879077,0.15549257388486665,0.16450185512888038,0.05774499727857504,0.2996195407410797,0.032486823264985,0.039669616014927155,0.019728209565220457
0.3050595889315589,0.06669723684683541,0.01969544085937769,0.05078229822791314,0.028626015524451945,0.06729702002461267,0.10489639943830627,0.1293994713077803,0.2275465288391637
0.14491556880575965,0.07720395755920714,0.11441453640454956,0.0307672215332146,0.061586033913705346,0.43323230915162186,0.05904066178205642,0.034318560090234033,0.0445211507596514
0.07498453221340078,0.006773151619549088,0.03494512224346125,0.0689313716088736,0.06624900772862918,0.0790275064768341,0.38145513134789005,0.04112894862042563,0.2465052281409362
0.12522649371844544,0.0540394146267767,0.11709334059257309,0.1381103475429949,0.03464145678210259,0.274677824098158,0.06734956158677188,0.11224534542695482,0.07661621562522251
0.5469638622692418,0.08393980534006922,0.06939227845412661,0.04765578904673148,0.007207311658819608,0.16031695813638616,0.01771730275820456,0.050145220932384243,0.01666147140403629
0.009309419297785839,0.10323279476306713,0.22190825374857592,0.1694559412016863,0.013938621659402338,0.161033843015286,0.23894420960855464,0.023742746525655594,0.05843417017998625
0.005475510112460061,0.24321224698471514,0.0232481261353637,0.1343671862636611,0.058134404679039554,0.34824111085880566,0.02589394546256536,0.023498088423905092,0.1379293810794843
0.12360932584764693,0.28052952679035437,0.05494662399658815,0.1742571392648815,0.08981021349722872,0.17338692682209575,0.01078957119685305,0.033204234921219405,0.05946643766313212
0.5332468742251938,0.059625224209491345,0.016552467902875494,0.07376978038996397,0.11838757745134215,0.032397338863210605,0.01719875359897674,0.06330604111474697,0.08551594224419883
0.10223423528144433,0.31508821721006836,0.07904372954540888,0.05413902285735501,0.05975951927139961,0.29951042634853314,0.0359656588554866,0.02419759858284662,0.03006159204745742
0.04694841901279198,0.029757905513864962,0.3036227152518819,0.07494807762159382,0.030380452257866453,0.2871647135883986,0.14558177859474886,0.038956108173569426,0.042639829985283983
0.2852537970712847,0.0269138333421761,0.03910617222295152,0.03600098967072508,0.11552375187120174,0.1388694549959368,0.08272905845580258,0.24055054725392092,0.035052395116000556
0.029541465943505346,0.01594552599968901,0.00875925174976056,0.09005581186429985,0.05468744104590578,0.1714083142448937,0.01370505886218225,0.0678365898843537,0.5480605404054097
0.26115174456342916,0.17943954479694843,0.06832545010612719,0.13157689930788427,0.03944364758319536,0.0938902247062612,0.09581214134795106,0.02507363003578682,0.10528671755241654
0.022120184237791652,0.2430065780641214,0.14581905998740674,0.20175051083970166,0.0912089803373554,0.08305244016793352,0.05036645257870107,0.09074273567943346,0.07193305810755506
0.3497609298327366,0.07504360645264259,0.16854888939629806,0.05512298657917302,0.04938058733545216,0.11566545031758241,0.08786216981139422,0.07185969863058811,0.026755681644132973
0.2142133341588305,0.1363673622496052,0.0835994079074806,0.07892646275106947,0.13620254884683877,0.10607797898293121,0.05410804001106754,0.08065723914203833,0.10984762595013853
0.079955594007291,0.09070496925500814,0.06525930091504784,0.015993487605204054,0.17580143213539676,0.12205671630223908,0.02184987156168953,0.06452814950225914,0.36385047871586446
0.04870583505713811,0.2794260677519371,0.2779970156184474,0.06802837172604699,0.02280127697493377,0.21491445074610624,0.03397838993555214,0.019824599929127818,0.03432399226071033
0.48255087985349415,0.03014222179073418,0.10732841929285704,0.030215454451028263,0.03536007419226127,0.0950933395786678,0.05463134385738882,0.1138121726241631,0.050866094359405346
0.03377825781940471,0.23398710251146881,0.16096846085831976,0.18239862225422043,0.04234916736407283,0.1785094660566123,0.03378399727393103,0.0358125549548973,0.09841237090707278
0.01590205489178002,0.010868773657300644,0.005259069647242029,0.0288431498767534,0.3404238295927984,0.019844238812806985,0.004118777496672103,0.013528380688217455,0.5612117253364289
0.13425746046182283,0.1215978099344761,0.022067916798194465,0.024645687811264638,0.16988514065499982,0.12793496123652756,0.11093797229070623,0.04236571492518198,0.2463073358868264
0.3578005921563703,0.2161105409891566,0.05037158961403599,0.15097847477457696,0.06714301113689566,0.03532969299523144,0.07955148476341882,0.020512071798480663,0.02220254177183359
0.5721664959811704,0.05855314339159412,0.05029282750999878,0.029196171076629945,0.06371327467412026,0.0663067190392052,0.04737409208214582,0.0399530329784984,0.07244424326663702
0.048216674929731446,0.20628167204381143,0.28002604928740277,0.0976670845601851,0.021323696744482073,0.2787381805382655,0.02274860345424154,0.026322206093270194,0.01867583234860995
0.22753916361567006,0.05012215507879932,0.1427250482973886,0.11420105628871198,0.04992091711194654,0.31595078980095287,0.017130141615410367,0.01845707697106003,0.06395365122006026
0.01009842019186549,0.0314618311010592,0.005044687275671676,0.014725946608042216,0.25900533678224197,0.030037646357120765,0.016984164138376154,0.04949269926735141,0.5831492682782712
0.11169258389917587,0.15116495537870747,0.06831451198130899,0.36414843808288405,0.03746084009280804,0.047867597750249256,0.11044418495543658,0.044649457646626194,0.06425743021280352
0.28890765771999827,0.10214955981512554,0.07875083238498765,0.049165475164894036,0.0387936213595014,0.05411388491802612,0.2407760702031657,0.11294381500880595,0.03439908342549535
0.18562108232964972,0.03221825720853078,0.03872644439363073,0.05531771251546094,0.07884487379724894,0.17936845868623286,0.198720337875556,0.14085192577890895,0.09033090741478104
0.09432745422001272,0.16691281098410804,0.18347466615132837,0.15554195886073827,0.07578665306887301,0.2410481625676264,0.02446393961984541,0.010832528373852056,0.04761182615361583
0.0489258947752764,0.06808582040868023,0.07634879592131393,0.13839402058507652,0.02083773901110519,0.430651628679237,0.05629544349508498,0.06274198550768066,0.09771867161654509
0.19600653080420774,0.38686972736072844,0.0786231042400583,0.08408242548995676,0.04776049765002638,0.04423946471539902,0.06470505985617425,0.049780914358984685,0.047932275524464364
0.01713593351402806,0.3132530805689648,0.13700781197164877,0.09016943313047526,0.047885759174911106,0.22960335857320505,0.06788653470030065,0.07048995065700915,0.026568137709457124
0.008759808499455679,0.18731030757430756,0.027734479800239114,0.044909952370142135,0.042150645173601516,0.5703290710603763,0.04878583540743118,0.029687750814458198,0.04033214929998826
0.15310445810581907,0.03866998390173645,0.11818832009381976,0.1809073870825164,0.04630051660639629,0.12166556644286312,0.21394174660716384,0.048411487770586605,0.07881053338909848
0.05151640344051877,0.009900561482098265,0.008847307224625936,0.03243650309381899,0.1701573655221702,0.0397828851391886,0.015617253198956384,0.05296869249021011,0.6187730284084126
0.5218809435696244,0.012824388497824279,0.022872196273033968,0.015000314977890646,0.08126105625101998,0.06334875796234407,0.03511553089911195,0.06449957373916901,0.18319723782998168
0.42176061073589927,0.13813591987253282,0.03119737326912576,0.07426266276238325,0.12809142354485828,0.038363830705604236,0.0291694224249521,0.12352120587880984,0.015497550805834351
0.3204232204691257,0.038928601039664515,0.15342618481273743,0.05135023226163763,0.1644077474091635,0.07952595707180311,0.030975074207714014,0.08343559790620063,0.0775273848219535
0.010573456385840235,0.31375752543733765,0.0443503132934872,0.11804791204373107,0.028280982243886088,0.08447920911172846,0.20462092029208126,0.05101921185494654,0.1448704693369615
0.05836228145508939,0.007368226522559018,0.020751363911866022,0.07366119724090471,0.06823181881927995,0.11123825969853696,0.024284244209935968,0.05098218361869236,0.5851204245231356
0.06686023777825649,0.07667018273083663,0.021266441421531737,0.14115678368994777,0.07524997933244783,0.3793697551201558,0.028800252221731604,0.024054780679343923,0.1865715870257482
0.4899453873530198,0.07589848451329817,0.044505760747970274,0.11363679109316571,0.07114016795691545,0.021378863492206062,0.03577695334626383,0.06657908262499725,0.08113850887216346
0.3418066444319125,0.019220704290171916,0.06331028123297075,0.09129745055706649,0.31162559613692825,0.01588974681287281,0.029939731009966757,0.03204549716853058,0.09486434835957996
0.024760589431579272,0.06172790304036269,0.1323317526050272,0.1944765688808557,0.02349017947388146,0.4227891628666307,0.08546967366820823,0.030005456578735518,0.02494871345471938
0.08941063248570054,0.03991054503025442,0.024035664328160452,0.16038695435004952,0.04398356755891374,0.15527328133700946,0.014280141248205968,0.056202872128958546,0.41651634153274736
0.06033303376692592,0.07672575787451623,0.09477769938386817,0.0575875732385173,0.07632853541689977,0.14982232272788484,0.20162756200864684,0.10607482158712783,0.17672269399561305
0.07401376489584977,0.21092061734495257,0.12212030300084724,0.19231219801059474,0.0749066896918405,0.12559097496648383,0.016744266476095587,0.05656012214804762,0.1268310634652882
0.44427748140077555,0.039233955810780756,0.06462484464828434,0.04656149129740885,0.022554051073024665,0.013481261207592127,0.20474523696648553,0.1341857820166871,0.030335895578961113
0.03897533708232829,0.005826074394451455,0.004561716870782318,0.06900705129244533,0.13632797274663164,0.025019571166959662,0.02246486572427397,0.03925819215404779,0.6585592185680796
0.3843898578950735,0.048426019707251446,0.05222351466040798,0.10990007838003835,0.022806924555151365,0.07769663378233566,0.1019395079153931,0.14500009068408357,0.05761737242026501
0.10934715993814126,0.0063998910996291986,0.00801424132056674,0.016168925093543934,0.357926714943025,0.06584213305658286,0.022990424656477507,0.041276111766410495,0.37203439812562306
0.11230053656749865,0.11683561939700919,0.029174977981971537,0.2475346201594086,0.07342214673044979,0.18748075568278047,0.13466604782395117,0.029600143827763537,0.06898515182916713
0.27663397471321166,0.1688902732851719,0.22060365476763003,0.10133540588693674,0.017867037114889132,0.08443925020516126,0.077991621568144,0.04402139497276175,0.008217387486093573
0.04130604913400905,0.08901677037562529,0.011206329016482164,0.27589721411792373,0.15984193914250733,0.35303359076598756,0.017490328139368138,0.024481429686765824,0.027726349621331036
0.17309300856188317,0.09345404943200193,0.07286707918772671,0.0343430979001745,0.1751449818218326,0.13797615764720347,0.0646375680110932,0.18364058893363824,0.06484346850444613
0.4618587186440996,0.05264364575048536,0.062287794274738635,0.041170561985084335,0.17715170959413407,0.03768626978897491,0.03134105028157239,0.06306333955900047,0.07279691012191027
0.06374937798143783,0.021356110379198188,0.009172028370266627,0.05046471629301324,0.1960680855213751,0.013820695631261606,0.024177990830893243,0.04834607642770555,0.5728449185648486
0.10800883584987374,0.06288824525696624,0.17426025907481232,0.25989846859432497,0.02618989319409984,0.2346202883518528,0.04862602130598983,0.025112894942369467,0.06039509342971078
0.4561287965169938,0.08595581284173097,0.060567593447654756,0.04066594049597621,0.11168213495527712,0.030481259535394798,0.07287940811264539,0.1186041537403318,0.02303490035399515
0.10211488007095985,0.03266419883769126,0.06940577451796905,0.04873893494678442,0.13913839795384247,0.05259567120095699,0.19463095593440047,0.09086628900389904,0.26984489753349644
0.07633284121073086,0.22284300216047323,0.3577518075288835,0.10377844682641828,0.02286161422360343,0.12987030283935583,0.020183997156942874,0.05590124844495035,0.010476739608641615
0.08283826468701673,0.02285197374380754,0.27084054328167834,0.19382606457557983,0.048057154348570004,0.11250563058867857,0.25038106226421153,0.012341947869227312,0.00635735864123001
0.035196754764873474,0.11031032024137495,0.03737586469991167,0.26518689922871447,0.31913561900518933,0.05417463701478323,0.09055790781859964,0.03766944130195604,0.05039255592459727
0.22256148855954816,0.1324423767535955,0.09899292085310336,0.12869669679773243,0.0914317143624629,0.08266049243129453,0.05722108367353612,0.12540833206939545,0.06058489449933153
0.08934748156672438,0.03336141016148927,0.044339472043367495,0.03062327437032682,0.025345716447568573,0.17054374296984684,0.03871606535372005,0.060939274746468354,0.5067835623404883
0.0687630843166036,0.1505397500477409,0.24629638937911214,0.057474959185170975,0.059057100343365136,0.06830113581419812,0.12163112083197435,0.03607943966534702,0.19185702041648778
0.5382078175648412,0.038693268037555295,0.03727951258143756,0.024983359555444368,0.136842467262347,0.03270930140253891,0.03975139455217605,0.12800884293916517,0.023524036104494574
0.06338205159431311,0.029852912750427636,0.025605411727388876,0.05632687900584018,0.24096511070959611,0.3175927535767072,0.01872775707513401,0.08203281915739807,0.16551430440319492
0.1612762925315957,0.0696831257404827,0.16920354473002516,0.06266003924204515,0.13678919022844635,0.09025489664763704,0.03549153126120106,0.1471353064918279,0.127506073126739
0.10426014920588,0.06586339158095456,0.18889049324202642,0.18604110446487895,0.04458601114398488,0.2775319989923888,0.06364452873856216,0.033728059156240435,0.035454263475083805
0.3843898578950735,0.048426019707251446,0.05222351466040798,0.10990007838003835,0.022806924555151365,0.07769663378233566,0.1019395079153931,0.14500009068408357,0.05761737242026501
0.5946914948579277,0.013315431116024934,0.04802186164129305,0.035313512051425335,0.05699453994208795,0.06810496054240839,0.029557162278088578,0.032884421438223545,0.12111661613252041
0.08550452931696127,0.034861489478437875,0.08670765317342632,0.25798430093676566,0.028628092599430416,0.3110495778515722,0.09828062321932429,0.047115784265482186,0.04986794915859976
0.3111944226184424,0.05166963805822882,0.046318417490146487,0.06816226059700801,0.1981365928304585,0.03517634964375282,0.09143066568170416,0.06858490733565385,0.12932674574460498
0.04135410821425709,0.2138677642521668,0.029217032490049196,0.25278384252825137,0.04008545025550214,0.3322155646449669,0.016836442726995526,0.01571496734199823,0.05792482754581276
0.5721664959811704,0.05855314339159412,0.05029282750999878,0.029196171076629945,0.06371327467412026,0.0663067190392052,0.04737409208214582,0.0399530329784984,0.07244424326663702
0.045283983708609164,0.12744808662090398,0.10136690943354487,0.29738235891746573,0.05751748663419931,0.13060272983953838,0.16190212763574513,0.044222068330584285,0.0342742488794092
0.2881888879469618,0.020180167562701565,0.042644755304592045,0.06061082939245142,0.0631448497630761,0.1472695072126173,0.10352194814674949,0.06573204691580997,0.20870700775504034
0.05786404967466229,0.05279411772477547,0.12991210561578334,0.11331873490361992,0.18806864170566032,0.05904240942550132,0.10909015978607596,0.08019769532914643,0.209712085834775
0.21718731448201975,0.012293020135465715,0.12091459564846929,0.07107771259867011,0.13428018236975348,0.17297775700443419,0.07198977924540499,0.1451106862217106,0.054168952294071836
0.37564145147125644,0.15323659974875778,0.15098293551387196,0.10435555635193274,0.01303328780516709,0.12613023357331773,0.04437864958151314,0.012920666152259465,0.019320619801923778
0.22825717567050888,0.055621047675891135,0.14547434889115093,0.24220525090189823,0.01930340533036798,0.13942232603462434,0.05760586451911126,0.021906887928154904,0.09020369304829239
0.04902504850974567,0.04062145832473707,0.023430678501508526,0.053727816827488374,0.3375168848300902,0.015927750960328977,0.040439196754622674,0.039680024916319105,0.39963114037515934
0.7004024505796407,0.03382398718815025,0.03195555493909726,0.019641541873480745,0.045856809834727626,0.04346018010261321,0.04291889470200803,0.04328618578560761,0.03865439499467463
0.044806568095561605,0.16706302912137339,0.10150607347258983,0.10811772946436933,0.37606809723738793,0.06716100681652058,0.020884342812195585,0.07948943674958876,0.03490371623041303
0.026871762477753053,0.0648425195151395,0.016877484942501342,0.1774629198951576,0.07099733563510725,0.4032856047141044,0.021064015052971622,0.019284264171725168,0.1993140935955401
0.1929907973165488,0.06280883155236193,0.13020543359347309,0.037465328713828364,0.1681234445429118,0.02682580934171976,0.26452938470711906,0.07646241592091874,0.04058855431111833
0.335239636848331,0.09557691419536851,0.03880487892976924,0.11378889991027112,0.025797888205140406,0.1399979450471471,0.08179425656538951,0.13188866863148374,0.03711091166709945
0.21530735673463572,0.1301811175538274,0.03299307317657859,0.024752327141861815,0.024776392020709036,0.11687205368497626,0.3182710996240345,0.027128110481339104,0.10971846958203768
0.010461163144059099,0.008802526577599026,0.008285301285193865,0.018599657483237653,0.13487150340844403,0.15629996986141828,0.015788876449906463,0.057804074201628614,0.589086927588513
0.33033794029181657,0.03362100495813424,0.04996029634508392,0.01956683284730257,0.35998958040317475,0.05080260460945905,0.021034944948820657,0.08852819587253775,0.04615859972367054
0.1267131235146833,0.09430575207184615,0.0458014468393517,0.04379803611290284,0.09159886600724014,0.1346420815159272,0.06330949091541004,0.11081934203570835,0.28901186098693027
0.6768606913040908,0.017467290256064246,0.021183797559894687,0.02789759392215875,0.03213584409357229,0.036198255401730085,0.007776652599526811,0.06737020232460898,0.11310967253835347
0.27321441884875997,0.07650647327182715,0.19819521773975926,0.15267736728601702,0.011131764465338034,0.12601945018013835,0.04689592640659639,0.06071453461427726,0.05464484718728654
0.03215260861150323,0.0685448715189774,0.20830087990981636,0.04236004376311966,0.11187021979132945,0.2672657275277593,0.0341414654375255,0.042664758606291965,0.19269942483367716
0.4328706280752635,0.01302995159980675,0.06013465473893451,0.15130980486258247,0.05536035705723006,0.07632534135277054,0.09342783700751124,0.03605198017995969,0.08148944512594122
0.0517418180016501,0.14299635787749176,0.056587354143986524,0.11426436556549031,0.032356148448647794,0.42812140041838004,0.07544151255323875,0.042573515445729286,0.0559175275453854
0.1048779095647336,0.046546835766877216,0.03364664143302285,0.03814424898141618,0.0582567286369911,0.034624325108969393,0.5496129935123307,0.0492322515950979,0.08505806540056106
0.5255718881740474,0.042215886649421386,0.06209336465060139,0.05403002405361793,0.06963780920844974,0.04667702023282075,0.05112136734034472,0.08044558781686637,0.06820705187383033
0.04034624662417251,0.1609792119963692,0.2162523207964658,0.11073992753232319,0.016027014481665512,0.38051584872189476,0.02177849321137522,0.0158032866660732,0.03755764996966065
0.4961151928161233,0.061528646847522496,0.04010183354428675,0.0812318581759305,0.06935687170285045,0.07685881485529951,0.03566335043995634,0.03678022891556191,0.10236320270246879
0.11113257179765655,0.017009026534921385,0.08987775481624997,0.155819746433447,0.2787279879013043,0.11269015352205632,0.10162910276458055,0.09462071988432141,0.03849293634546247
0.02414669904476881,0.1931139449115822,0.06280967452319274,0.17178918982452096,0.02101257481461838,0.38375421061659215,0.11650138682107225,0.018150183615690058,0.008722135827962533
0.3599971974695428,0.03303427615570565,0.01823639269223249,0.024852202272140907,0.01344008035241412,0.011773775092807748,0.10911955805396507,0.395029026378565,0.03451749153262614
0.07071744507671009,0.0116965312360955,0.014575688234930329,0.013469189789203891,0.16640829597705645,0.02269917996682584,0.015860124280659804,0.024893421027199908,0.6596801244113183
0.1384766060650649,0.3141033500628362,0.05050829378177437,0.14517147679804715,0.008840840068722433,0.1335784171417019,0.04863205158823131,0.02138954133826085,0.13929942315536095
0.12761682812186828,0.24034671194658416,0.05419049539493096,0.19000164451628931,0.1143279548167725,0.1261571906901667,0.04750987048478489,0.047298726289882576,0.05255057773872061
0.3249900052999109,0.004981300644503522,0.027479452695982762,0.04798935897282372,0.021912366991317257,0.08587057896370918,0.19824103550437752,0.2185036667576298,0.07003223416974545
0.1866190751001294,0.03467039347404324,0.21911813521470058,0.03334303980998765,0.1633427596885492,0.011678609070060395,0.16122990870540777,0.06172360171443512,0.12827447722268673
0.04584196207821628,0.10597085407436262,0.11123701640352228,0.28491094510496234,0.05953843890470333,0.17670689525239927,0.14239013321417285,0.04282701372975395,0.030576741237907032
0.011588506297097045,0.32480287045476613,0.07144310393792501,0.05220772652719425,0.025206301211804182,0.30228600850606807,0.16269359410406753,0.016708551891523492,0.033063337069554284
0.02586201599904978,0.0726838661713894,0.24145240825145167,0.10627827258809396,0.060484337120299485,0.3682365357866628,0.04022328517484258,0.03438857812060051,0.05039070078760974
0.02459687516481295,0.3401303613706585,0.020318722010639435,0.027484647496753955,0.07078840392570414,0.1286140946630487,0.2991679349453791,0.07161989970271689,0.017279060720286357
0.049384146486391965,0.29438963054593065,0.0796234107496522,0.11630257140901619,0.003854898752672413,0.2308730245903141,0.05911693255705006,0.06430834614658316,0.10214703876238924
0.12648846106181877,0.18643730952578555,0.13690339562102505,0.27402804422514443,0.032299724982835405,0.1570277342378632,0.015623312568865655,0.029274965153593485,0.041917052623068406
0.02924338198573835,0.18045496248580764,0.0748926723154731,0.0824440115203444,0.03019435141923325,0.31853811940287696,0.15053615826971695,0.057989842536205545,0.07570650006460374
0.052532871286524785,0.03070338845521015,0.2877696628905614,0.07631922354338821,0.10659898839806616,0.02897757336991109,0.20242741324995991,0.1311768973747038,0.08349398143167452
0.06229108606973773,0.03526094826582827,0.043337010814799064,0.0754405769473553,0.02348975165326525,0.5884906457014993,0.04917028965452713,0.054087704755149076,0.06843198613783874
0.23144818157465552,0.1276261202683007,0.07254459712817607,0.10618643469116955,0.09383912938546746,0.27210318556612983,0.017659782184124822,0.05711304562830927,0.021479523573666837
0.04490633227136328,0.22249233550790315,0.13181386223588223,0.21053169939082714,0.041619397603135044,0.2869539488208995,0.004204874718009304,0.03965204842212757,0.017825501029852694
0.01748611545393322,0.016019994211702863,0.008394330116121878,0.028351347416800687,0.17561337064751534,0.05949663369567798,0.0026026193923541995,0.032360529570141516,0.6596750594957523
0.036753636923619104,0.13769954988060715,0.19800331284015385,0.12205021652512531,0.035451775507257914,0.26708920593877833,0.04826955702227916,0.03260545999180315,0.12207728537037603
0.1416948241239175,0.15124471260035902,0.14050274742650218,0.029371451449713207,0.04472310073408264,0.024136088999608663,0.19041014239421997,0.08155564277008798,0.19636128950150886
0.6562813782106033,0.0046628063219012325,0.016547185125186735,0.03362853185462633,0.15221693489216911,0.02361396429597683,0.013150954446821074,0.022517637428902875,0.0773806074238124
0.5916585307118263,0.021496438960559677,0.02833709749591169,0.02399780507401715,0.08613066092602857,0.015010592899015815,0.021064533044787514,0.02891110483651275,0.18339323605134064
0.014795784879202323,0.3823433695479898,0.044852308390795015,0.15120404673887886,0.16521066216643962,0.11190120474926085,0.03159648528688889,0.04364049575970078,0.05445564248084389
0.32436668101929994,0.014321859800080187,0.07350435819987886,0.04887036212031578,0.30553472192300163,0.11654577571978136,0.057966259057192944,0.032054820865112736,0.026835161295336626
0.32180407595467386,0.11984454060760837,0.027745492976801813,0.03165285824474595,0.11072538450766023,0.04551790367825625,0.08040807630486563,0.23269120453479528,0.02961046319059259
0.10451834985325414,0.17476976031077504,0.06857780598435052,0.12686036372581203,0.06537968537984555,0.3273503984269386,0.04894235045226336,0.03991081227246097,0.04369047359429972
0.05364969649128628,0.03200818174559553,0.010895982727417416,0.03857501539809913,0.21900953055847464,0.10109699291921892,0.04599584907391108,0.061870365601391364,0.43689838548460563
0.5904121958033731,0.017556977773933013,0.03243704077540795,0.08028591613336745,0.08203288279139886,0.04284123296366397,0.01607309447127953,0.061458201755771456,0.07690245753180465
0.03331213364822035,0.013917827476353372,0.0036853953353746063,0.06424146654739747,0.15199014255589724,0.04039465450885541,0.031553087722264096,0.06481431631188583,0.5960909758937515
0.09270360153720414,0.03440024049796162,0.18443310413105998,0.06572359982500346,0.04715963207015955,0.08932637527407046,0.1824478134542711,0.06341216880605516,0.24039346440421452
0.08632537975079353,0.23249748465986317,0.14136785748330552,0.0854522385286764,0.15106726547705207,0.03701629034709902,0.17428262771352818,0.0723713438403764,0.019619512199305713
0.019589574016053126,0.05540823480397123,0.06789067910831131,0.048327078885782755,0.13768792793946297,0.14353622214406653,0.02391113584938141,0.05034582850926964,0.453303318743701
0.4001768068306779,0.020374060896460197,0.06632379944210173,0.12077492267751404,0.07833456419764322,0.07149538010633492,0.11010544575192865,0.07262290558331412,0.05979211451402516
0.1178890245827217,0.05868967921200813,0.03475859224569961,0.02356899299801296,0.46199593980786796,0.026028050753595027,0.020609005649032657,0.09410227620800059,0.16235843854306128
0.04409795150554407,0.04654691840810993,0.12240930873632767,0.11258684598870349,0.029418824402617266,0.5349216335799442,0.04238617367988725,0.04022489395706002,0.02740744974180621
0.1581906916777213,0.19300015808048024,0.08687341329543936,0.19464388236078276,0.065330160561268,0.20512221771992767,0.01520808824031021,0.0570460882599464,0.02458529980412409
0.12817553965101755,0.05664855138317718,0.046846197360312376,0.11020014429366902,0.06676379673067612,0.22183456670903512,0.21999125141127118,0.03570727236599019,0.11383268009485133
0.18785635487644126,0.06346258532899111,0.24949349156288606,0.18101803701696403,0.04600344778094192,0.14048341760517022,0.03634352869802638,0.057366503900924314,0.037972633229654766
0.010205008838772367,0.13217000261094244,0.020460238469708583,0.14113846923682635,0.0851267458453534,0.3105181547408818,0.037628385830581916,0.04943138786090436,0.2133216065660288
0.3497805082714797,0.030715688455095817,0.09371061383288924,0.031673058242428824,0.15409064241784115,0.09557448529241543,0.10057052243344729,0.05574061923200182,0.08814386182240071
0.10439574552304892,0.08664632799533677,0.11223854430166347,0.06455205535512888,0.03334055376806109,0.16858474290131498,0.24572165745124894,0.07267831051830825,0.11184206218588873
0.06315915222834315,0.005089154378419931,0.015843987528291983,0.023109036759118576,0.20438375676862588,0.05623085397380865,0.003946010103432121,0.04473038897331965,0.5835076592866401
0.02441588189915819,0.15341221407047015,0.07466782216420863,0.1340605430341926,0.01703546742963773,0.3703223438294773,0.11725394128637011,0.04497702359385377,0.06385476269263153
