0.04767239769115572,0.21490786170058432,0.09925229499556204,0.05837381122593218,0.1401271632631169,0.14006645566768372,0.027928073458105985,0.05691258461506849,0.2147593573827907
0.18093693772359498,0.15254649642233073,0.15791225180706106,0.06761513907852977,0.06715474920021204,0.0680547595784372,0.08058540143676308,0.09281187073624142,0.1323823940168298
0.03592210478998697,0.21811309599957526,0.12584297283416904,0.2062495936654508,0.018866741260841813,0.024070226508058196,0.1678903263548536,0.062319584423903375,0.14072535416316093
0.0077001348003006564,0.19648005584902842,0.0946737236889446,0.2240221874344279,0.028362833733744555,0.006809813418199857,0.14787189143944313,0.09659341232891892,0.19748594730699195
0.1167754644487642,0.09985872345673914,0.11221679216213964,0.15202989821713306,0.03732286607864027,0.13879665473876182,0.22281653577280439,0.04864022724905644,0.07154283787596101
0.0704849508975824,0.07367543411227573,0.11314033605705127,0.10919474329505963,0.01890347063646572,0.07059032110382957,0.31607051422449645,0.16244466415106437,0.06549556552217485
0.0732762221307783,0.05480745303961377,0.09599830229242294,0.10974796484531302,0.07842555541104661,0.011120143422787979,0.4373799737567463,0.02734846995522931,0.11189591514606174
0.08483547889015845,0.13733616624703393,0.10764936838543776,0.044456727644678486,0.07431654907041077,0.16308637914840882,0.07650073021169373,0.060326397435662926,0.25149220296651503
0.043965756824626834,0.1047068596272258,0.12852636441175583,0.13761820711149447,0.011153565487548566,0.2274669550561386,0.1368984973218701,0.06653089502175497,0.14313289913758476
0.10480456670760581,0.04758485373639981,0.10641112054796735,0.05757779429231597,0.3036651797045022,0.01215331139993836,0.020306294427030278,0.25141733111274783,0.0960795480714924
0.10881193847831894,0.09539799505862619,0.11167871821621993,0.07653359811241633,0.04427213455775835,0.1363922512220527,0.06419031470040457,0.1931583488711923,0.1695647007830107
0.06841790660123316,0.0724592224256911,0.09837589196939038,0.24601921359956613,0.04558527623495068,0.21950606868907396,0.0989366577172427,0.017940092360563122,0.13275967040228878
0.029969398942151854,0.11461155675687411,0.08820593408865214,0.26993914550634107,0.03259088270414278,0.09984132819630183,0.1927938137737626,0.11753537408406488,0.054512565947708896
0.1573187191735036,0.05814756987845915,0.08279232207732592,0.2429452115136099,0.03804348648864884,0.017858996115947687,0.09419309667275778,0.10028877327498509,0.20841182480476206
0.0512624421983153,0.3269125432291057,0.12783098098773393,0.05415048408233419,0.12423994697675651,0.058053499139621025,0.0908268872531895,0.06226115293210575,0.10446206320083812
0.025154536873916167,0.1488598568483033,0.12749629735057808,0.050697247273765365,0.09479145975379777,0.038964063024071634,0.22094503531220352,0.16770626447945744,0.12538523908390678
0.1721561505673652,0.09914908712973015,0.13304465641268237,0.07721632458697493,0.04252539151196264,0.24608529811820423,0.030051920494425607,0.05123693996781197,0.14853423121084297
0.0797653173352287,0.11968083723313187,0.0981619683629555,0.06997302245030619,0.0782813031048039,0.13623440279734358,0.04574457593331607,0.15382695456443365,0.21833161821848054
0.08973598714242557,0.23912876560769114,0.1497395982757715,0.09812367785458302,0.0673375390973001,0.034119358526369,0.18431122886403625,0.06409940859150488,0.0734044360403185
0.14191946311796896,0.07365050132013622,0.14562809702871093,0.10099487431229241,0.16999380907598236,0.06839605236985219,0.02090855125322395,0.1397585910419537,0.13875006047987923
0.04105060165213791,0.3605785181560461,0.0969847922095834,0.01870272748964211,0.09140628793158907,0.06595100590529095,0.014275071575912493,0.147970008776484,0.1630809863033141
0.16608872202561178,0.09459028815469665,0.08543503198103015,0.16635953454024707,0.009426738392741038,0.027307221580018873,0.3468748501595853,0.029435299396885498,0.0744823137691837
0.08326778891473587,0.14197989525997592,0.10212431307911764,0.2698415661213049,0.2805320456034068,0.012314851808392256,0.027691020126100047,0.019518542286784294,0.06272997680018232
0.035375098868150975,0.32660920290070183,0.0869660594407382,0.1698051209967276,0.09470606523382925,0.1394620178849233,0.018170129395873775,0.05319990289304651,0.07570640238600855
0.13496166102162876,0.13813919577915948,0.1433490436451255,0.1805014259020723,0.05049879549564775,0.04246481651336326,0.024407795368548427,0.19171629714700889,0.09396096912744573
0.07113486491635822,0.05313174330573061,0.1182152238310286,0.04971294086812068,0.3144122658340691,0.0877128313064195,0.01382841702264888,0.2425728143806347,0.0492788985349896
0.027442136046044854,0.07999247390474584,0.08210623267080612,0.09869616370942497,0.017250890968749794,0.49114852566051553,0.07150187137278748,0.031114283953833016,0.10074742171309237
0.017078766014372974,0.2565089115705012,0.13404535231507927,0.19072033342137587,0.048427620471261555,0.14549326209119728,0.07057157217191996,0.036946611679577294,0.10020757026471454
0.07894652501502104,0.04990917892532006,0.124947162887377,0.07186268770359626,0.04986352535229988,0.19078329684792564,0.18249462112775142,0.20094585921219088,0.05024714292851775
0.22023427468097234,0.052333465272457684,0.12601744047286834,0.10502970886831924,0.020182492816094258,0.23542017132277046,0.058037742802825996,0.07579915947933667,0.1069455442843551
0.1249711295909836,0.08405791025250141,0.12820654995333614,0.17132763061785597,0.11742756561145018,0.022940693686584652,0.10456113143523016,0.10919735196318558,0.13731003688887225
0.2872911204196475,0.0477175946173655,0.09794506545597953,0.145784423722884,0.022263472302539018,0.10697606660793746,0.07042353313748845,0.05116715694596693,0.17043156679019167
0.06528921645980768,0.08929184502493319,0.14201180732788468,0.0906726394097061,0.21358591112268324,0.018189432094015034,0.07287588091355003,0.19157670923662654,0.11650655841079349
0.07860950190661141,0.07280072902722017,0.11760773975615268,0.11428625695860543,0.040738633850520733,0.046200950085412716,0.3077506837952413,0.06853219458594445,0.15347331003429115
0.05275220629109834,0.08574828358836517,0.10061100976475823,0.22519482340330396,0.052417783520901574,0.32566846830299395,0.0281211641112494,0.05796964791729748,0.07151661310003192
0.11437764216325773,0.1263619604427821,0.10050735066912243,0.06136836407556364,0.057158259861580525,0.23205113758237259,0.04285606219897905,0.09590814912989848,0.16941107387644339
0.0374850613965479,0.109904810262263,0.14481544845563124,0.07808113652523448,0.17544014114576453,0.05562922447974381,0.03746864703311373,0.037254231504590195,0.32392129919711116
0.15503062490413333,0.0595135961266508,0.12081124032098323,0.12372238181418023,0.1361330657404107,0.04954960264650244,0.05328100081316763,0.20681474186549328,0.09514374576847838
0.09865250329468611,0.3324102540347507,0.102198497616161,0.13691827902392792,0.024596162797142065,0.1149185967277072,0.03403435611974439,0.06881070693972886,0.08746064344615172
0.057065195393186184,0.17903004447876936,0.09300258717278385,0.12635527777441696,0.07883116139981033,0.19536275713123766,0.011510114628904139,0.06768230742615032,0.19116055459474113
0.32484970663571716,0.04865738463059508,0.12525373300338774,0.04967116951867872,0.05682599928281667,0.05863125447852241,0.08950961779145605,0.09875677245352073,0.14784436220530536
0.03604536943126862,0.03512642790960389,0.08496127106095552,0.31650547584479966,0.04025613352671614,0.15124968687704113,0.18609789550655512,0.05002762053509849,0.09973011930796138
0.04661283527698892,0.03938150154944824,0.12924237852380874,0.16965260112654282,0.13699640264801588,0.012084137975017008,0.18422456180426475,0.1774387491387801,0.10436683195713344
0.06700425637637192,0.08196082828059463,0.11766993907606421,0.33297276977373613,0.1633789106666051,0.01794563948578552,0.02277525784982368,0.05152712778354098,0.14476527070747788
0.2147054203948587,0.048597560299412285,0.09645287815521499,0.24103398409530344,0.025704908764710824,0.21006817676956802,0.04219620655329793,0.05130049343745965,0.06994037153017413
0.14245795313553344,0.0676967856598341,0.10096775493083898,0.20546405619572083,0.15098125877453197,0.12950959928357975,0.03725107966376361,0.07241731605602507,0.09325419630017223
0.23325317837685686,0.11181118526764898,0.08294268684705225,0.17711475966081394,0.014687665831729015,0.23408371036236839,0.0565971517639397,0.02015332960246829,0.06935633228712251
0.17388884206267194,0.10171620471840674,0.09442362766498741,0.13144006831980215,0.04974253530912442,0.04991720975774916,0.12268064613170081,0.17344120130012897,0.1027496647354283
0.11649237520524501,0.06973931438723276,0.0955176454921432,0.04882087707569054,0.05115789693286973,0.28788043581523426,0.12418776666749347,0.06203629784000058,0.14416739058409048
0.022734746935018587,0.268191712299576,0.1416669002405103,0.11903567462822523,0.003658516965050186,0.08325690686558161,0.08099894207762032,0.07487920241405009,0.20557739757436763
0.03040579417194091,0.14836822036380934,0.10642501698222101,0.06246373113381115,0.19492073682693103,0.12709521484277106,0.12803063688914904,0.06627257899985792,0.13601806978950845
0.23298367768085773,0.171003948679856,0.1482289015492344,0.06939217355033071,0.05962380633717549,0.03727275568616694,0.08415661018228333,0.1226905116902053,0.07464761464389004
0.0640219146135134,0.12697155707238214,0.11939767966937176,0.125274054640335,0.04538399520778322,0.08143551787156454,0.13636779824946835,0.19732997508152464,0.10381750759405695
0.1738733594740335,0.027546282700995645,0.10493740892777596,0.06107380346967134,0.12989619825714716,0.06952511135619283,0.32367296680061836,0.06946070739639297,0.04001416161717226
0.06378475588312936,0.12430655562919428,0.10827713433229662,0.21309985212834612,0.0340697187821156,0.016960747635542364,0.06177858537871339,0.12684916364454724,0.250873486586115
0.07134454044204923,0.04935935534437982,0.07942123540923442,0.07589037675029209,0.48134526531811206,0.08143337048693239,0.032606625354157766,0.03368966279168443,0.0949095681031578
0.11495335718235951,0.23156162325522298,0.08074911314328721,0.13453937947372563,0.16353283817878814,0.022864572500637583,0.05823378421044618,0.09059019046952499,0.10297514158600778
0.02382545257024753,0.2220868651179652,0.14315850853371528,0.19171918022642656,0.06437196130501578,0.06215519905323341,0.0804706016984487,0.11446368822731244,0.09774854326763514
0.10503693242170402,0.10861295534204167,0.1524092710396888,0.20281513778821858,0.05624452424830658,0.14880316753911052,0.08416702719268253,0.028081579549789376,0.11382940487845798
0.33509475442352343,0.04573950977395793,0.08880000530110434,0.12029211653606679,0.10627065583040307,0.03408586168962517,0.013496699289503117,0.09979059777045551,0.1564297993853607
0.14745782763709997,0.08725316826801037,0.10149230615789845,0.1650154307992884,0.14829295823330665,0.002089892365969311,0.07293277279103753,0.12801308439339462,0.14745255935399462
0.045609771439429896,0.07084859147999602,0.0811531054714142,0.031682290007827,0.3653584389524267,0.002688904981063122,0.01750513372053023,0.21484571140640565,0.17030805254090728
0.14941603121703537,0.15321653873131016,0.08647498715989793,0.2543317846476079,0.11133067513852575,0.014975208808682208,0.08625515750451246,0.03785591680593796,0.10614369998649013
0.11594850129309642,0.05487628153282923,0.10931265539453765,0.05476595507172651,0.0686310592573806,0.09082150120181633,0.3766708285002533,0.042162407160442096,0.08681081058791794
0.028103793055027398,0.1460738851643275,0.1511996720115266,0.05437247770152039,0.048258226413726964,0.26815163921010526,0.12961128904623054,0.044284962491882414,0.129944054905653
0.12753153519256036,0.08829112172624896,0.14800164582158995,0.0352557702661471,0.10720641830952855,0.19855987847330922,0.052648903627842886,0.08151662313018947,0.16098810345258352
0.0915425057700151,0.14212291886725661,0.12618939251907554,0.10510998306162748,0.23996121589147046,0.04421091514293287,0.041078102603330606,0.11183802928415158,0.09794693686013982
0.3015094883486336,0.023913933759112927,0.10220736498990979,0.19124606065077218,0.03910453267211143,0.01661697802966344,0.0500831991138404,0.15396006788910369,0.12135837454685254
0.14266854922954705,0.04488819322003259,0.10660379270499769,0.14258487057477595,0.010745056169587883,0.0724306013896262,0.3425292863995448,0.04990721029357814,0.08764244001830972
0.156612763077239,0.029378094281436385,0.10877448740596164,0.08938979661765724,0.014214139464101999,0.37037026788564287,0.08424594131778247,0.05104343197025494,0.09597107797992349
0.02949641784480832,0.3889096503886487,0.13376644539503488,0.020945460004783912,0.07820572705754016,0.06511142256653521,0.06440192779805487,0.08028047897359968,0.1388824699709943
0.14239627364622465,0.0729016956710986,0.12194088293367829,0.12916589035566348,0.1207524114458781,0.07050615383185661,0.05215443108692793,0.08316470795494717,0.20701755307372519
0.10029059458236302,0.08695275350044475,0.10074742744992254,0.27479197488915713,0.05038761261718037,0.011914137479868497,0.15711260842720423,0.07553152088151295,0.14227137017234645
0.03134841557076807,0.07747583591490759,0.10832466303042611,0.11123325267871997,0.17617086169753216,0.2712319148089864,0.019853829069274003,0.1287672875564075,0.07559393967297813
0.11334486760345526,0.08893336662860447,0.09023535884753897,0.40885359149668216,0.036892919683988994,0.09908980431276698,0.01253849380158068,0.019366600519549183,0.13074499710583332
0.030163321401800825,0.03636370383086764,0.06231018621517329,0.16590971276021974,0.4163847342364831,0.009669677715763514,0.02950875694290155,0.15834887300666325,0.09134103389012695
0.1600738365686271,0.06754344161281191,0.13574261796756648,0.17138405661140588,0.023543556089104287,0.08058973599173758,0.10892705308441795,0.12795618817650306,0.12423951389782573
0.029240604400352876,0.05034588839851865,0.08964513339244502,0.23930207790188426,0.24662507437284484,0.09804606274626608,0.06432413741401068,0.10363933306846325,0.0788316883052143
0.07493331425155332,0.0493655016762532,0.17280915385866358,0.07056513360554799,0.10776410293288548,0.07664785212949694,0.0901136009952541,0.17226407620709197,0.18553726434325338
0.08299225865851052,0.15940212354307645,0.12190805267437839,0.012289454261513186,0.04400893165002759,0.006216071800052116,0.08606803124133487,0.37909961580116064,0.10801546036994614
0.20783670236908422,0.0577495045835417,0.09011200945805635,0.29105173243249954,0.053801848689904765,0.022071917041948597,0.07228320321080935,0.08595636877918535,0.11913671343497018
0.09472292574649906,0.17586219959243776,0.1268492221691481,0.23613081749982115,0.03482912626346669,0.07498145219304884,0.0534810321836085,0.08263611359700555,0.12050711075496434
0.09154182862158496,0.1387446141902712,0.12714772833853602,0.142816493854533,0.2469375045011919,0.07521200061681807,0.05161326943678679,0.09238013914956673,0.033606421290711265
0.12669504286578936,0.07979732035816249,0.10880337448758144,0.06890996552307431,0.01050770990982995,0.11393144271529243,0.15687984371808092,0.13456065862833305,0.19991464179385612
0.052979132532826066,0.1890820430547343,0.11205157151620475,0.24610041838080465,0.15156036747904061,0.013181487436181355,0.044141151262572835,0.08145754431525666,0.1094462840223787
0.11570159648050539,0.07378987698762358,0.14522716203354555,0.059145528345689924,0.06942259079893667,0.238792083180279,0.098380671787816,0.05158689150532588,0.147953598880278
0.05314953357879857,0.282762628407529,0.11935092773028412,0.05317315625290392,0.05566822609509589,0.11507614420854366,0.043208496301319975,0.07458384543181713,0.20302704199370777
0.2626433561082473,0.13205113901118629,0.10483259452417214,0.20496004889641414,0.031181015418121048,0.02583909307757865,0.06257159807402439,0.1050008475928967,0.07092030729735939
0.04821459158429498,0.10154147903202686,0.07969911289847005,0.48517285273174465,0.024165642394101888,0.04870555901180662,0.051005401155022605,0.023988885546254293,0.13750647564627805
0.2018679171776159,0.11070232470762764,0.08204864548977071,0.07178566434356472,0.012670886816868293,0.22094463239387563,0.08101022896393434,0.06696150181440012,0.15200819829234258
0.07864157136233328,0.1635022375754771,0.12267982897406786,0.017756909295650006,0.024530435219662944,0.0723611661288484,0.3521729193018479,0.10781357665061082,0.060541355491501685
0.19153054431612992,0.052111243000141784,0.15137603991109058,0.12812354398882914,0.08987453354146169,0.08587762415900078,0.0825856250149502,0.12136784162175175,0.09715300444664411
0.020774159500471526,0.056727920203380904,0.11733698470152763,0.16313744009184422,0.0621132887962522,0.017029913923584206,0.27655518704733734,0.14137882046696915,0.14494628526863287
0.23718140395894324,0.08302334128537235,0.11606446869268017,0.03985972896102502,0.1347462348244987,0.040249350011414026,0.02606266540726884,0.21834864941294083,0.10446415744585685
0.25273992194813427,0.06607231037225132,0.16310585134103991,0.10915157747675909,0.04123490636940405,0.10825530066147108,0.1425609647855399,0.03380789218794623,0.0830712748574542
0.04252134359108228,0.03622774774716883,0.08721362726343858,0.10968263186557313,0.145214124690291,0.016706800164462337,0.12357612559464952,0.37464212205132874,0.0642154770320056
0.16778477519741872,0.12825901657133632,0.08886196121553247,0.028199322809402943,0.005861600646363498,0.29043804209554797,0.054582282616039285,0.12599512324060247,0.11001787560775629
0.379676665423151,0.03149748819789633,0.11983986325111735,0.04103752554657835,0.009867926300426608,0.09572970092889045,0.09868189829750325,0.13946394727434744,0.08420498478008927
0.019055490514013767,0.07512115621850952,0.11034307247026916,0.06198941453237675,0.06839942174115692,0.010176164242248924,0.3230758408580976,0.26970062577245607,0.06213881365087123
0.1086555083172867,0.1389733833432191,0.12569906100263567,0.1793398915387695,0.1009764544152489,0.06133434098029623,0.059636002846282656,0.11771856137934715,0.10766679617691412
0.24783561840584878,0.04208385767715885,0.1302897873877869,0.13166637019690725,0.07246849603339083,0.08265546012706748,0.04731670599006094,0.07160802622644437,0.1740756779553346
0.22368228377212973,0.04691230319528939,0.10279600526953751,0.06791492254146131,0.16094631125380382,0.03527356755564648,0.07544489532906644,0.14180714204954195,0.1452225690335234
0.18030388465920408,0.19957651494360942,0.11996946917005502,0.17175737032173252,0.04134586251569756,0.008756015467768836,0.10792470125635222,0.07109261659622725,0.09927356506935313
0.2641433529448972,0.039487968366861914,0.11468755785258437,0.19256536359755683,0.21563771361540782,0.016060173624466698,0.06760959281189699,0.040607949751712245,0.04920032743461594
0.17664553179554834,0.03150779626746281,0.09981308126881183,0.17166193434198737,0.0940445663319427,0.0097374819275157,0.11288639832392162,0.08804943580890418,0.2156537739339054
0.16826076807757803,0.06618809164207345,0.10366980020328155,0.1715020740333941,0.260785852195162,0.053942278113140486,0.07919455130493903,0.040046379934712016,0.05641020449571943
0.25068494587504286,0.21017023736227058,0.09606093286602195,0.1655890088282005,0.019341852820192126,0.02795515255561397,0.06873081941368753,0.016918105770139195,0.14454894450883124
0.0944035788932704,0.1916307177458354,0.08690320064503328,0.15118227631343603,0.011520955866791485,0.2780714583835852,0.07928007727162963,0.06044466615153506,0.04656306872888344
0.0876493209569801,0.07083582995636904,0.1466138310452186,0.2549930179989025,0.04836657661326634,0.028526250014857434,0.18774071391582273,0.12358618924828986,0.0516882702502934
0.024421449163581715,0.038879728054572245,0.07270795344595359,0.08641409823940539,0.25880771142130077,0.30734634228796137,0.11216506294970364,0.01633397764247312,0.08292367679504821
0.09370423772169405,0.22477096714412895,0.10992888033856936,0.23210706592625505,0.022751518797970088,0.0011588016289619633,0.11221711124101708,0.05667661700051673,0.1466848002008867
0.11509599223569363,0.13423686495359716,0.14574990771666477,0.14083445385214496,0.016681722176830175,0.11432543886333742,0.051535091117320464,0.04972937225933075,0.23181115682508058
0.31571700346480436,0.17482387065733537,0.10659433852796095,0.04572875913605572,0.023481355231478037,0.019091385151561797,0.13971457715395733,0.06419434084158211,0.11065436983526428
0.1349215513177308,0.08080994328200108,0.12073805604341932,0.06338789835274738,0.10363643724231808,0.034928471200798054,0.10853182039482441,0.083042978709793,0.27000284345636794
0.12277481097262212,0.13499051250221564,0.1352330440712037,0.12026651972694084,0.04878431797591395,0.08615985710433975,0.1817729915832547,0.06479353790704649,0.10522440815646283
0.1811711036251007,0.1905144042437298,0.13915808422201306,0.12132243786448323,0.09773129045582944,0.02328869925914387,0.05136914161564832,0.1048164917462201,0.09062834696783141
0.2374159791973327,0.2772499271112509,0.11835228136693145,0.020092179981019736,0.09920353713785947,0.03949243775476548,0.06104386250813145,0.06861505233202986,0.07853474261067893
0.20792535180718097,0.09628222792186146,0.06576007934308721,0.20140312292890683,0.0966952088997159,0.11504245394617225,0.053510988414618293,0.07070263691105065,0.09267792982740643
0.16741953185117628,0.13810160509304711,0.14257800895884057,0.08315773151074878,0.09679288460027036,0.11264724424910626,0.03722817465639954,0.0803443260462038,0.14173049303420734
0.047208498555044776,0.20079980985296428,0.10640392478407755,0.35274524648322486,0.07510586458999699,0.08851862284601064,0.026596304801532827,0.017080365525254358,0.08554136256189372
0.0680140057365677,0.047138276946306824,0.13800313140551512,0.19901096014031383,0.17421973668820312,0.019517375471281555,0.10612474430587567,0.07901680875776593,0.16895496054817027
0.13947816015897543,0.2602480009517097,0.09276366916581404,0.17833441613289555,0.005297864855800821,0.10464070182150813,0.040895734014680725,0.10538060733831844,0.07296084556029712
0.1882053939309032,0.05212804070249712,0.1213790330496013,0.015674606295562717,0.019967103546355145,0.11159883992485102,0.15471282797424538,0.2504650421935522,0.08586911238243182
0.05904392101322869,0.4710932605624676,0.12889395239291843,0.06673741263950046,0.09797565009844346,0.02853483505661496,0.04088484921616753,0.03169992116037169,0.0751361978602872
0.2307012087150301,0.025835535451402405,0.1176770296794477,0.14015432359279723,0.18352427693877985,0.013150884933259418,0.08875793858370078,0.14988504886604886,0.05031375323953365
0.04275271441357035,0.036035642881388656,0.10986743851517351,0.05477166593898316,0.09347902442870777,0.3018501462135035,0.10005832231358118,0.1288571236358186,0.1323279216592733
0.009303326614112711,0.2246548451805668,0.08772459226653047,0.06724899700396425,0.05770436657305116,0.10810074721097564,0.2632795655674938,0.10844412652455669,0.07353943305874844
0.03157452509514836,0.17744143407269855,0.1430556291603937,0.12634307765222633,0.20827950929686853,0.054193855098877565,0.014957976994995051,0.06937946332982257,0.1747745292989694
0.04220400785184054,0.11972313054481216,0.13201395273520855,0.08608476981835207,0.08950135930521219,0.1584421095889593,0.03741229126178792,0.2180337325834485,0.11658464631037878
0.04200619257367042,0.2440476204444745,0.163430629256669,0.07097164117970385,0.06335519507950023,0.023356613898609435,0.14596097212084222,0.05609281227840188,0.1907783231681284
0.02546469910168041,0.21366505913097944,0.08533495595050021,0.020687749624382926,0.03748524792191954,0.283644138925691,0.1542827241296002,0.10929793862968994,0.0701374865855563
0.17912338941344222,0.05300703926386797,0.10067297198412394,0.39569888083153737,0.03207980597188153,0.009964766504974762,0.06818001507721226,0.07216422064268675,0.08910891031027318
0.03494300394795607,0.18476066350607,0.1255152734687133,0.12241337944645785,0.061000636645733346,0.09385782002741076,0.12333115554085321,0.16406700537001648,0.09011106204678905
0.10468531516179175,0.07578407085032783,0.09622894193598895,0.14946811578718042,0.04694088651623852,0.018521057094539977,0.1427402731873706,0.1776335149744409,0.18799782449212102
0.1303918549708633,0.07040499542477208,0.11361796194443423,0.06428687647715135,0.1712290311776621,0.20628698951073798,0.02782036940807291,0.1325314924538379,0.08343042863246812
0.24317801674632636,0.11578806646822033,0.12220264406645219,0.16926470063685875,0.0359859702730379,0.1534266977034418,0.05208699899472163,0.015577913413534357,0.09248899169740664
0.057161481344960054,0.048248935794446945,0.10312088874557694,0.09702769238067789,0.24901596869430762,0.029581499646900957,0.16763028928681165,0.19720861919630253,0.05100462491001534
0.06218387613655246,0.11515433523124759,0.13191397148669526,0.33711548428350796,0.015777430927366064,0.057409200154768414,0.15946687493224396,0.03617880119431301,0.0848000256533053
0.04771607762925791,0.09297583828266637,0.15756820025023852,0.05041690015115526,0.050702445483602955,0.21897308149493802,0.155427455147815,0.049625971779704216,0.17659402978062175
0.18802208477297355,0.27261887188033307,0.16040113916730084,0.07973351606068547,0.05001958536130707,0.023707008595191276,0.10027240012129562,0.05233584761262244,0.07288954642829053
0.04081610429080374,0.14854023003808106,0.10906779529249204,0.36691815738504646,0.06521870811589729,0.021786983600834697,0.027806828823022847,0.05330894301642695,0.16653624943739476
0.02606666661491346,0.17421903106239434,0.10997612496212457,0.07148479592981781,0.03235976354607602,0.0036599171635979554,0.3925932927174958,0.05283349209562099,0.13680691590795901
0.16888322394323238,0.048822557772569,0.08245550530589398,0.037170487923183566,0.07291831710021361,0.3083387624473497,0.07793123833523279,0.06410434201516631,0.13937556515715865
0.06763279597336709,0.23205928496658293,0.07746869681144408,0.28612834167121887,0.01882456545815483,0.1430869842643834,0.031182072441049258,0.026819350588601704,0.11679790782519779
0.016520571334006227,0.2678877889952957,0.10601385553584268,0.1551463913840159,0.02046672139651455,0.05191553950849545,0.19730119494709297,0.062381298740069535,0.12236663815866707
0.03942467154440413,0.31790277911278375,0.10779085677562561,0.04832205988945831,0.09622237454371423,0.07244227649928418,0.04064247243215371,0.07716729100442911,0.20008521819814695
0.28998024156262997,0.2476497635224382,0.07933215053488919,0.13412542918172354,0.006643049860632883,0.12020769310883565,0.01854983638907001,0.029857569032124467,0.07365426680765612
0.08668016034503516,0.14030221454800582,0.12150496233225598,0.22354138570503443,0.016085404647326256,0.18133557240766054,0.05877077928957621,0.08364072231860735,0.08813879840649823
0.11441718060886247,0.06226499692540111,0.1310654962005638,0.16221348165268795,0.07903153514321183,0.07564078920790572,0.08881713370944455,0.054004539007871825,0.23254484754405078
0.05606625279149476,0.09760445749094687,0.084844429132811,0.2502552263187611,0.04333466608491454,0.3498310379437776,0.011175874467114015,0.05128258681878147,0.05560546895139865
0.014180970333775541,0.07933956910825292,0.08440358288857598,0.11284444766125713,0.10223734947170116,0.4099316869373819,0.022142458953705757,0.07832149023932627,0.09659844440602329
0.31473394676342586,0.1537268532830727,0.10375325232118822,0.02065915517573204,0.07155254936087864,0.04118700585321528,0.036171876003594165,0.1081712286761406,0.15004413256275254
0.036859346992051324,0.10298140043661586,0.1103931332824788,0.4041910277331558,0.00804749332800741,0.017970843194884577,0.11659519287938307,0.032166349462842,0.17079521269058118
0.1372259434943857,0.1501977947344808,0.10856014534384016,0.1285102004633465,0.07793559339003876,0.08529994342250986,0.13647422499285497,0.058289322042049986,0.11750683211649328
0.20002543694508867,0.025443060057630595,0.07717391508213624,0.19651601291504905,0.05052785707972271,0.20205065997433333,0.026168709148477284,0.015046693286909057,0.20704765551065307
0.06738454548557324,0.17258377750026857,0.1453338984295169,0.0971662439527929,0.11303188592703932,0.10280834304829278,0.06486199275603723,0.0813386923347459,0.15549062056573323
0.057124160072573225,0.04424956269630135,0.10798307610629909,0.12071666072330023,0.15890726645770498,0.3018576964962971,0.018432115248312675,0.06339790855945635,0.12733155363975504
0.23662864083911153,0.06632854945497957,0.11297554154343004,0.15956307086144772,0.03169148251939002,0.028312451187733928,0.0863023805654316,0.07760456839374456,0.20059331463473115
0.15471195180533923,0.032408931812041984,0.10847353689940648,0.29808059799446013,0.040824556914048515,0.07446364154986092,0.07096768485807181,0.06330394776647978,0.15676515040029126
0.04935953870655346,0.13153928087776803,0.12243117693933797,0.08336485046453397,0.1844947001363821,0.12491827734881515,0.04142245831151779,0.12402332679148416,0.1384463904236074
0.06130670294442154,0.22614691574233803,0.10454409347797909,0.09098998093796344,0.16507143299979865,0.0486660260188877,0.005610841062645092,0.18316499803687872,0.11449900877908777
0.02142563243203721,0.027480141394019966,0.10218210864605343,0.03035055805033583,0.16707859957790716,0.0957120698053142,0.007812580049391475,0.3618347090438596,0.1861236010010812
0.3829562739180219,0.03694387363518344,0.1313729635903809,0.06424709448664749,0.061085429196659,0.016369698909782838,0.09024811832115964,0.13202798491906861,0.08474856302309623
0.19695153210812247,0.12769528801295207,0.05066878618369888,0.1370544348754654,0.0710713082886031,0.24665679723435377,0.014667593557232858,0.034048958848741935,0.12118530089082953
0.03392678662395682,0.178496490521888,0.13470919245670368,0.23109053493501772,0.040223831849491194,0.08631691913094185,0.10041917751192547,0.07776038456917837,0.11705668240089688
0.07890604183669149,0.1495184868879455,0.11541654078468074,0.1847052652247181,0.01878396490128175,0.1971661234228049,0.12241695308887925,0.04673953257603367,0.08634709127696465
0.05522684608313252,0.13593999942046167,0.1388142412209556,0.06884511988470465,0.13788963197283793,0.06197894292745501,0.03645196556246879,0.10729541195398236,0.25755784097400153
0.05294631571137673,0.10876900906438387,0.12617006128746414,0.03501420225861799,0.09351310652484253,0.06454575404170938,0.2487035415565614,0.15953575695973868,0.1108022525953053
0.09340166174844255,0.07283317322974148,0.11577808477463314,0.1553278834457314,0.07409103145188511,0.1603041399491787,0.03273206265242624,0.20654698911372096,0.08898497363424039
0.09593731391073633,0.1183971557888613,0.13670399459215168,0.05686415456043334,0.04299197161484871,0.07732756959305907,0.24799694517597637,0.0822794289506128,0.14150146581332043
0.17933637027535357,0.12069994206510248,0.11577284363885242,0.10747613767687392,0.13538269325874736,0.15295138763620988,0.06276406798878555,0.04817919927056738,0.07743735818950746
0.06216069854344389,0.15064970332341085,0.12911777981703293,0.0640343367137431,0.1470600362281031,0.07138737768125712,0.013738893559791729,0.1610378970986752,0.20081327703454213
0.07529199792063056,0.3093463048849749,0.07907969678457684,0.06874943823961335,0.038808828958443065,0.22631929942860532,0.0622824406932131,0.04461353556688996,0.09550845752305288
0.0828954152429896,0.12187090673481267,0.11193078933123,0.11071106164853894,0.02764090968477113,0.06623122024255947,0.27937100437709006,0.06251559441734415,0.13683309832066395
0.036238576353820134,0.22720279866586016,0.14439480603493132,0.2121313921182709,0.021223502845135873,0.2149751698512519,0.05173695153941118,0.04908504906966386,0.043011753521654754
0.03127629995827777,0.11361272042039779,0.12824514958152394,0.04106125711426852,0.21241894045379808,0.17912741359586035,0.03523018172022018,0.1284489872654537,0.13057904989019972
0.3626407270087994,0.015678757460358777,0.0659408178143757,0.04410131941267328,0.0745020832712152,0.03058942809960352,0.07143936646363204,0.074733870547874,0.26037362992146823
0.04097654591411542,0.1622163469606218,0.15109484346084215,0.18859445712135595,0.02036555259649252,0.0035452082666332704,0.049894000723881726,0.07966136925059898,0.3036516757054582
0.24829611155941841,0.06897414859443919,0.10511675424267047,0.12045415196595044,0.04309790460374711,0.05040852597650366,0.09318200399768316,0.12420062963542165,0.14626976942416592
0.02106637831858163,0.1730201966167337,0.09266725499344051,0.2808571265883405,0.038039460592335046,0.13948842729422495,0.06297763915068104,0.10564585964118188,0.0862376568044808
0.056354951725261206,0.06275789370058087,0.0767279231472972,0.32647634150617433,0.10158684757611464,0.19062234894379962,0.0848551196762859,0.04478796547217755,0.05583060825230871
0.05919259165707042,0.09734977258340666,0.10504758361325585,0.1678290855123653,0.034098057455924445,0.22434546178019646,0.06243023338861847,0.11300998005488504,0.13669723395427733
0.13946255719471512,0.13885179910436637,0.1323828821548892,0.12631634629991456,0.05760223226168468,0.14425750572702264,0.0890870348518647,0.05927330764603669,0.11276633475950605
0.09333187611919351,0.13805786379734242,0.1453989278704281,0.15280896487324916,0.07217457009434032,0.11405278614283491,0.1454211740750717,0.06934675503875519,0.06940708198878473
0.1758141072889391,0.050454544968958674,0.09000785162050218,0.031168990016754772,0.06456027507451635,0.13793963689592156,0.29436839392974007,0.047267680496825996,0.10841851970784129
0.020479517902727982,0.32820931141418824,0.0708071362382404,0.029020655761718212,0.1866796564191955,0.1739401971367758,0.08196866532515512,0.04434296200794733,0.06455189779405125
0.021748673960244925,0.044042268486050445,0.08964917680487006,0.2722595317281282,0.15214066206818302,0.03218698612330511,0.05052728812279017,0.19876313057344366,0.1386822821329843
0.07386655640285007,0.08708793344891785,0.11274498959632785,0.25020537553451905,0.12522153646046824,0.207586384955739,0.0713135910003672,0.02754934822322752,0.044424284377583244
0.037560571212837346,0.07837847493874152,0.08665106495015633,0.07535948123917242,0.15080224542632764,0.42262660347396963,0.03526879278785069,0.028006438211638885,0.08534632775930555
0.022940962668347293,0.20000532387497283,0.1155671690202318,0.16291039188642645,0.01631773632918169,0.10559235676515831,0.19447470745800252,0.10539847220896593,0.0767928797887132
0.08508306687827773,0.2175765983691703,0.11523435391065935,0.15343699255952978,0.048475013347325346,0.08742196918403806,0.07454831291672402,0.08140050873164932,0.13682318410262614
0.142317181895651,0.07887012887602722,0.1442278374765211,0.22703957983303769,0.07192968701871166,0.01842640298319329,0.09496789607802704,0.11105324227250261,0.11116804356632837
0.14779134879508296,0.17875506517893588,0.11791230814560437,0.04487300349335759,0.06902508671679887,0.15754792782978003,0.055375761692355474,0.09771602533543165,0.1310034728126532
0.07815694376472611,0.09287799356927606,0.099059850896374,0.0742334070435396,0.3106282003258651,0.013122585994661894,0.23303421194546367,0.05624760077788374,0.04263920568220988
0.08954946366225429,0.1301287798125342,0.11647521298036669,0.03645351896853986,0.06489273697761354,0.35013077934865344,0.02515466108025242,0.05958422721398176,0.12763061995580385
0.01410927590693369,0.06525215054452944,0.07007857429282581,0.04273345317923188,0.5493967106587633,0.04836626626270899,0.023736526954307263,0.058864539867926,0.12746250233277365
0.20559666764203946,0.21388456718806795,0.12876952719532128,0.04446271199511698,0.015323579754787186,0.07749741896765572,0.09529125114743316,0.08874312029899427,0.13043115581058395
0.10247898829962891,0.057792905004940776,0.1195965373733036,0.057942884376805115,0.19032485681662503,0.2627672040427214,0.019652734001207935,0.08125717882656867,0.1081867112581985
0.2542414053931999,0.048637966140252904,0.10510967567679051,0.06327229462453375,0.18289970955875545,0.04172111643822768,0.030175926153557072,0.09362646498386228,0.1803154410308205
0.11679419592424305,0.10843770869236911,0.09967051129392178,0.0226058390305152,0.11798218103082964,0.1513786595761197,0.0959043705616246,0.2127028560944474,0.07452367779592951
0.33672818176356284,0.11851891139842335,0.10685776585462033,0.16234728314406519,0.10651012742147059,0.011159437868234251,0.04451358764029809,0.028971485263699415,0.08439321964562589
0.1238232960648019,0.19597616518703118,0.1354611820162781,0.09865327878076961,0.042198349609322616,0.14648776209661563,0.0613242002714684,0.0498296256489404,0.14624614032477226
0.12608437298743347,0.04460796026706737,0.11243920435639976,0.13930263317674993,0.34657892115651107,0.037686808349245766,0.019482451874173464,0.10761568483311229,0.0662019629993068
0.438580605670372,0.0801872085740858,0.10837014393347182,0.11562056931675047,0.06245342412452837,0.07827377520210345,0.00868270270937277,0.03405117516869894,0.07378039530061642
0.01654572983548279,0.21377887555741146,0.09042961154331179,0.0809525132176986,0.01716258472340895,0.10547788502419071,0.3935556057490712,0.018370620895079934,0.06372657345434454
0.06305510318488378,0.07141852030742007,0.1250263935276046,0.11612998268451212,0.10943474400258496,0.0659562233624404,0.05809307868181435,0.20705973656097731,0.18382621768776242
0.1415024349727412,0.1634919503542387,0.13864530316072846,0.02694515992913243,0.09023316431059185,0.18110963652583764,0.07402102120252266,0.07096486549926952,0.11308646404493766
0.18477163003631566,0.08772274563882493,0.10728723930693612,0.24482486440403525,0.04429761970310973,0.098434455874023,0.10427130491888592,0.04301652392545923,0.08537361619241009
0.19690840006752686,0.10157289786706479,0.1466145596419875,0.16757564529566404,0.01166902088931344,0.06956179054307159,0.11302066797512483,0.027181116745166784,0.16589590097508025
0.03873094388054453,0.14607835635808372,0.0906923529555026,0.08268077240680045,0.2872633475891835,0.0083544584307547,0.012628414686254067,0.2106301632271134,0.12294119046576313
0.035514168057930416,0.11884292303416512,0.11800838776289517,0.02304611024429175,0.13410390381458417,0.19017432416269656,0.05569593037364645,0.11336977156605584,0.21124448098373452
0.04913955628635556,0.03225092001764351,0.1228155076386674,0.14105924392765515,0.23279817431805463,0.09358457454872426,0.15731746132081248,0.06428716884388957,0.1067473930981974
0.17991822185740367,0.08080386700209212,0.07616588105308485,0.16187954483877545,0.003742974124707837,0.20760306165649553,0.00991490642387489,0.11405481042502182,0.1659167326185438
0.21545765547404572,0.048985012260127636,0.05817472483388197,0.042750549000333586,0.06256624270657003,0.00029508345460333286,0.45777133627694466,0.05051336337463109,0.06348603261886185
0.03990737433420206,0.0699432227107707,0.09948500471357945,0.09119183002698007,0.12550105086190247,0.08791939799180498,0.1310511680341361,0.15465660529407477,0.20034434603254936
0.11417493131131688,0.18235404533381014,0.1129890745498197,0.21010747482650602,0.11063752251517435,0.06267888394910168,0.026866382480111677,0.05569104210318345,0.12450064293097612
0.08602747377987645,0.194411099268485,0.10238840917837859,0.03194204023748781,0.02754271044807373,0.10956793236903972,0.29962368871336187,0.04683177817530224,0.10166486782999452
0.22596683120999692,0.07101570217814744,0.12159880855456962,0.09818971206058158,0.08313774677474901,0.0563968613386892,0.058710385841244626,0.09649921070572241,0.1884847413362992
0.17223386359541856,0.04630261626764907,0.1260371565438926,0.04785638890553989,0.08099512866335255,0.06459920860037656,0.22947822323755454,0.08693002239997111,0.14556739178624511
0.0641416931020563,0.10885007026976286,0.14748213070902363,0.08881938555670221,0.03640128706806988,0.06033278307975859,0.06620198164283445,0.082376275166997,0.345394393404795
0.009888578541094784,0.1581390337477804,0.08822455906719286,0.16395364341414628,0.257110914343037,0.12070980429880486,0.022622103530810105,0.08232626073569523,0.09702510232143852
