0.2138685458596359,0.07391706179645269,0.05818649206381437,0.2065218852282055,0.03981697568847825,0.014869176313053038,0.08419265791331117,0.18450467910692372,0.12412252603012525
0.2293077583710937,0.08048044357290272,0.030870778333778225,0.04275223641843837,0.40103687572923863,0.04077448781205819,0.029880044564628023,0.0408284206274376,0.10406895457042442
0.059759041781945514,0.02111196656575128,0.6179505702858955,0.0038384482468531967,0.016826877844715742,0.031925229682563255,0.043886589509389486,0.18117587514351916,0.023525400939366895
0.041232631299382934,0.013763136490777409,0.043339709551626936,0.25762310632891705,0.21852277406144438,0.041466141268093636,0.15555894288434777,0.0954958295839607,0.13299772853144912
0.17435416363859244,0.16484852708212472,0.09912405198369321,0.0769203988319645,0.033669712921678675,0.18257264169229173,0.07773871928608073,0.08104476510907023,0.10972701945450376
0.0902967672779183,0.19215623702084536,0.06969688339846286,0.28446873907920145,0.029265407804465144,0.25768122967636986,0.007742503170089132,0.014271949522072206,0.054420283050575745
0.1899295194128512,0.05855218706514867,0.07184618669272107,0.09650926382801435,0.09618413042948064,0.044491310009165695,0.12106984305771755,0.19761093756792827,0.12380662193697256
0.07394036357228974,0.08640978345742219,0.040636948324643235,0.17262917439970096,0.13549629639542118,0.0890742397065799,0.10100995567904984,0.04159771575883147,0.25920552270606145
0.06239231178190926,0.041926087377799605,0.07035596322767207,0.07609808696844324,0.16438350102487648,0.059173391257262765,0.03023604179140223,0.1664645857761328,0.3289700307945016
0.07985384365088051,0.06291963221857283,0.020012947426106337,0.488780352189313,0.06514721598657629,0.06176961987574753,0.042630869105287024,0.01804246658278606,0.16084305296473053
0.4603329732825408,0.048682081921483565,0.09348303435422944,0.09971804393467205,0.0424282013813346,0.05524022423110551,0.05332282609410576,0.05090781821756648,0.09588479658296174
0.08408253569426312,0.0545923674731425,0.09314326218536602,0.28161488515751326,0.11091543555287971,0.10921867391277444,0.045821551247941454,0.04298690889086119,0.17762437988525837
0.051544013173829055,0.19372933942875634,0.0741028118820267,0.3856355296051724,0.12510557996279745,0.01368853104098322,0.019488878116488445,0.028912418545686647,0.10779289824425982
0.12744385340778844,0.1379314748887505,0.08866509862717571,0.04512493871291325,0.09838277554330883,0.10987258144776858,0.22192258375257135,0.06516692058636968,0.10548977303335368
0.12641103252842456,0.05271493940750683,0.03634215316835371,0.16591986073671752,0.3993284560244014,0.012244563188820673,0.011138316454586994,0.14942627915070672,0.04647439934048155
0.03848958662821183,0.10594728682517777,0.23144600987358596,0.0671862023991332,0.005195186639733672,0.1868981559944435,0.1421536281653234,0.19413059172572003,0.028553351748670606
0.049994657492541145,0.07935342189790641,0.050626881672438034,0.14793788272021346,0.46296870604444856,0.013709478542737713,0.055306287369842444,0.02785166674305106,0.11225101751682114
0.08446695020142152,0.02141023951822556,0.041385106091607615,0.03796814569707432,0.5576375354705951,0.09847229338919751,0.04215519500211443,0.022715848036261213,0.0937886865935027
0.06615164088860638,0.14952195938144372,0.06068044107971515,0.08586622728264519,0.08976377524993322,0.013676417772246869,0.162434199933395,0.08282291065837606,0.28908242775363846
0.071842602467121,0.05351506284004063,0.10631395560315471,0.2613994761116098,0.1732849052141964,0.0349405333939983,0.06196280677740831,0.03684064625050432,0.19990001134196644
0.13139158780683277,0.01979100792261112,0.0419222904362145,0.1974657205835915,0.10348925201919495,0.028108141134682973,0.06960962629066321,0.08814745573239714,0.32007491807381183
0.3762432251608577,0.049134219805978395,0.07326319069895372,0.10372957302066353,0.02279278031464238,0.02423890247713197,0.034576959024340784,0.05925016697045383,0.2567709825269779
0.16304795904721617,0.06833406693820172,0.04684724187873931,0.39805247806643423,0.07285942531607731,0.017819451854840237,0.015185182937089446,0.04529681387347609,0.17255738008792545
0.3846537681791889,0.06361144536830847,0.07330166269640868,0.04286369562274659,0.1751858939626548,0.03763803920418527,0.043110778865884346,0.06492083402998926,0.11471388207063367
0.11652821802622244,0.08216458390231463,0.08024328340535085,0.05805918138170426,0.29665120399653183,0.020610666698918697,0.03653221519315231,0.04425438034704466,0.26495626704876035
0.11070628865763155,0.0565693418467903,0.054660098757136864,0.0814147262518808,0.060618409579391554,0.06123609799814821,0.031140232113787154,0.4716357527021364,0.07201905209309713
0.24246550520713797,0.10423245859024789,0.17169491513690746,0.046894384360513526,0.14457372226154994,0.06971859441563429,0.1195866533709376,0.033809743841558715,0.06702402281551258
0.1094143032378773,0.11269312361688004,0.04022815656340134,0.12959746135929762,0.09542117374849475,0.3075115613251771,0.011688147924612773,0.018369334340268415,0.1750767378839907
0.11431943775777637,0.04850538782351077,0.05137224266536955,0.06282467940375384,0.08374817160694255,0.1520126761325852,0.3227445810418658,0.07976724464535213,0.08470557892284374
0.052190523912800706,0.038369842867500316,0.03156915895710127,0.37442902763462954,0.28923485696291995,0.022794480216422747,0.053128202987115326,0.026032998086061816,0.11225090837544834
0.13195248326138373,0.060666820638742035,0.04537922832606737,0.1827843720176037,0.16271883363032905,0.05547133142917084,0.0658406761245448,0.05456450883138849,0.24062174574077
0.07231492504918542,0.24393282553183301,0.41299029289921646,0.007169591238098891,0.08994025042017835,0.026758369377374996,0.06490550243970947,0.03602277921942585,0.0459654638249776
0.10708713604721921,0.06867189357299755,0.02614800482651085,0.13356765281107952,0.2836895464456041,0.13676664241278205,0.09301138492661239,0.03242595459128949,0.11863178436590487
0.051700858312591434,0.06701695104324777,0.028804605122175125,0.11372504948886435,0.10604327007365166,0.12066769726605935,0.1421933482253865,0.05372096413880397,0.3161272563292199
0.057438799740991836,0.13656574744443672,0.030074423771375786,0.2699809556898987,0.037316598104232664,0.36407585117250085,0.023351482892718583,0.006274714155335249,0.07492142702850961
0.1218220464528139,0.02467763511259365,0.058692489332696746,0.03790236921340362,0.19386660798773483,0.03682005601558699,0.4412466492681682,0.026754736442548038,0.05821741017445403
0.2713068813927307,0.13266415949845728,0.017952928745223067,0.1309104763307364,0.0694757470471588,0.05538573284046463,0.04799294099546647,0.019643976609934458,0.2546671565398282
0.08482673806966166,0.07055929656619984,0.02541877890693639,0.03618302443427518,0.5331536720791012,0.023958953372958128,0.0400969645851585,0.03315210460925735,0.1526504673764517
0.045517239907884345,0.16499290142967535,0.01075476929918471,0.11968945216125859,0.22953317365737716,0.10022775163492803,0.06734267204027894,0.06440881270369207,0.19753322716572072
0.03387910728264055,0.10014476022661144,0.05039793540800536,0.25493901720650725,0.3158739514069042,0.013949490323741364,0.09397171113149172,0.031195209759701192,0.10564881725439691
0.19405395743330733,0.07580739847850028,0.0770615528906786,0.23634631665205386,0.03794333202954955,0.05069120524252501,0.05956950511517006,0.17551655798115373,0.09301017417706163
0.019619290715505864,0.15531794377888955,0.09368335970725854,0.11151202734194487,0.20992856227287957,0.17789416540663025,0.029725720600096223,0.057920468039111,0.14439846213768412
0.0421760133042709,0.13687480883649908,0.02422775849845282,0.20407381396574675,0.11306352878969901,0.12068725366502764,0.10680126861636745,0.15897183726859712,0.0931237170553393
0.09764114324929918,0.026575558013724253,0.5684313122634226,0.0439330598359521,0.02188021370048655,0.0354277884762253,0.08648352779977325,0.10714944621775481,0.012477950443361993
0.028041396100769594,0.21235189678097285,0.07707188119948168,0.27853107437560587,0.024552028006307607,0.03397421255945806,0.01569485996158961,0.24423641709211763,0.08554623392369719
0.07157388338632056,0.12086063410567367,0.027006835608299733,0.22844026651451987,0.08379608466229667,0.1663826259482641,0.11364467847378486,0.02762044272568435,0.1606745485751561
0.07688882652813978,0.13237006373240792,0.04472262177247081,0.018526763742457195,0.06531467173953083,0.057985915256724335,0.07950444544207949,0.49081956235175755,0.033867129434432125
0.04519142613485022,0.12144350094574574,0.12324484606266449,0.08587881190545309,0.024634710349819067,0.1314438989344322,0.20164135142761072,0.20679472119081463,0.05972673304860978
0.010797296404683743,0.12052576446872187,0.09888527199811419,0.005880956965387513,0.0025571766900148924,0.3866571191503791,0.19439388513496406,0.13544881776328235,0.04485371142445233
0.24361454089175616,0.06658433157961598,0.06094419852393387,0.3593316597370295,0.09130947475987604,0.019374752294785,0.03137810941350491,0.02576623769563799,0.10169669510386052
0.06939704392518427,0.11149099209578224,0.05907181513045876,0.05060152611743816,0.21104655931799135,0.13484574994737394,0.11780680223359317,0.09646256133597232,0.14927694989620574
0.09514709233498654,0.11523139719308394,0.11934895188986448,0.2410377098429444,0.1801927986403449,0.14849087852284118,0.020470425672395886,0.01581900409688629,0.06426174180665233
0.046308137918906866,0.08306538542471273,0.14516924687567093,0.2720653462551062,0.06389934431008722,0.0234334724754031,0.0825101044722824,0.14564869555868662,0.13790026670914388
0.038048481157804674,0.4110925515678627,0.12954374423424528,0.11510185931710133,0.08757150412616843,0.07628774786924747,0.09259600997970514,0.03320645212094805,0.01655164962691692
