0.26894106613278645,0.037363005093524033,0.16188864248556603,0.031232983577933592,0.14133502871730544,0.09052174061701128,0.07202983168523644,0.10064668674365422,0.09604101494698253
0.09773718389620338,0.042149268755712975,0.06816448722919595,0.07351203898058305,0.2956696387844258,0.20271409537682875,0.08673856830934105,0.10626733659512433,0.027047382072584707
0.07761099516458798,0.23690467989085726,0.18917492733123029,0.058828697805601717,0.05334702088577329,0.029758197262179913,0.158162944894472,0.1033732945904401,0.09283924217485744
0.06042102454462916,0.2156669131935095,0.06138941608600937,0.011990757139049,0.18193721417772288,0.29416829291583096,0.06222583983196698,0.02348232674605812,0.08871821536522399
0.09927637501370251,0.04615778665597878,0.1568820938467392,0.029167010286086106,0.3324156220376863,0.09822870456442333,0.11277108578238947,0.07924290286735552,0.045858418945638885
0.07171865256694947,0.26452092529730414,0.15189563005930531,0.0035888547835350912,0.09214780623830227,0.07809085012324686,0.2693354176522432,0.0374832392493541,0.031218624029759667
0.17854169081031002,0.0569597805608886,0.17771321803616527,0.10308800802654083,0.05391445520296962,0.05796631891386186,0.12470673294798178,0.2302994883523766,0.01681030714890545
0.04628465168325414,0.1425859749291594,0.2516593681904493,0.01586918870517245,0.11346452884286144,0.27824585015014347,0.04951832859487504,0.013522518528722521,0.08884959037536215
0.046332805430821876,0.15624565343650818,0.05657550711558421,0.021695178083692104,0.15021136508298116,0.012087490614785071,0.2884744997194227,0.2366883705251054,0.031689129991099206
0.17160957826803316,0.09841464993204267,0.19241394212874877,0.0987269048225045,0.05862707989941202,0.16717425503507677,0.02222901797366882,0.03344774292080061,0.15735682901971276
0.12043975703094227,0.14067784018085586,0.04211980186972822,0.07342449659529303,0.2135485851796338,0.012792467219633938,0.17422717087990267,0.07392282828248377,0.14884705276152643
0.07429951759402618,0.3090127131860048,0.02692320455818431,0.05789353605996413,0.07763629378577296,0.05033008375922848,0.25383457543407834,0.027109105987060716,0.12296096963568015
0.11276491564938744,0.33321039727127383,0.125077821211629,0.007807167305882126,0.11525349294784289,0.10601282689658735,0.09421218117538545,0.011646631754869907,0.09401456578714205
0.05049820149652471,0.09629730255899858,0.09674108424881554,0.03695844982263,0.08428070121713908,0.1615318151113416,0.09294409667370924,0.35392009780469874,0.026828251066142648
0.031060706806136627,0.2242740883684504,0.059975526372296584,0.016574833549584663,0.04937278168172793,0.03617355561685511,0.15464892886819662,0.3207244254127612,0.10719515332399092
0.03038634921040763,0.04346427606251151,0.31557291672819937,0.005519530377801504,0.20590839235809297,0.17332392429915652,0.05691497735128417,0.08397841226023638,0.08493122135231002
0.1016605321818886,0.15530046253894472,0.43731315519188674,0.00873544877047966,0.04866615024951194,0.047276753593057275,0.02730645380812684,0.15685410202031275,0.016886941645791437
0.039061212533686246,0.2623941384815154,0.07983606507067159,0.018324405755410354,0.04845424605758238,0.06915534907101491,0.17247228962453756,0.07707875745717814,0.2332235359484035
0.07376081094828117,0.213235495072453,0.0658595707944602,0.007583808819802894,0.12383659614758295,0.03220620153614671,0.2320038332423061,0.10694913033756281,0.14456455310140406
0.47541058975203015,0.052504390752357584,0.048564831951150654,0.013264718124168786,0.0791845601057717,0.12087299532650454,0.028988923171502843,0.1297039503309024,0.05150504048561144
0.02987543190692855,0.08228050762683371,0.3053867552907002,0.06152547469555708,0.04047587225312407,0.03728553695084807,0.032893030143660885,0.26996889214123493,0.14030849899111258
0.03790306988187655,0.44880631460815223,0.01578278518187271,0.03618112257052034,0.018308405135529438,0.02516228341037457,0.2271160346853788,0.11513566229926896,0.07560432222702644
0.06296146936862897,0.20343881615216017,0.1382912902800565,0.24955073676880382,0.10256811435573925,0.0387989675018817,0.03214415810905907,0.14133370968090644,0.030912737782764255
0.31998946399356304,0.07004058585765965,0.10610746812531302,0.05197001218058161,0.11123992694112071,0.08963779943176632,0.051724852299146105,0.06449161329754426,0.1347982778733053
0.043306481322115654,0.20150182305668432,0.18012707218819593,0.025623119674616,0.05779925837365443,0.00704701929018445,0.18339549489742432,0.2680502433399605,0.0331494878571642
0.45356538891992315,0.05442265334007466,0.07794365765225324,0.031215895052018078,0.07785786728121091,0.09272122481232382,0.0354417311517364,0.012365230629108012,0.16446635116135172
0.4255649085149191,0.06689219967557201,0.020709916945120126,0.03087529111393585,0.16250765378781787,0.12538639326666604,0.022560532120558502,0.10993917487323547,0.03556392970217488
0.05641080017505773,0.05553082246506269,0.09263975754416894,0.06395160665043842,0.2508964318691596,0.18751658404636884,0.07924732256434845,0.11106910880789696,0.10273756587749833
0.040191667108197805,0.3314051573962103,0.03406562658046695,0.17407488154010198,0.07484610543279464,0.23505437551748387,0.0469222011151923,0.032742253594446595,0.03069773171510563
0.09963082448144102,0.13438137063309627,0.08510545662304413,0.019507391488108736,0.16858411434512158,0.08343800259080898,0.187818295423717,0.19212049024361422,0.02941405417104806
0.05378843763040159,0.09641425043820796,0.10788021206980379,0.3617308312909591,0.1796558851905378,0.08432663997161956,0.03438308240619855,0.027244541756137695,0.054576119246134
0.044120362266486746,0.05011637838377855,0.3242515118308588,0.010530275343675205,0.15783647875368711,0.05340679016767962,0.08413022602327565,0.2666858597972747,0.008922117433283543
0.32807947541215804,0.02142018902241533,0.12647694752020947,0.030416741974110487,0.05622185473774898,0.16614147653825997,0.06797288497497801,0.12897649553686,0.07429393428325969
0.07161666918072997,0.05929498836652423,0.32429396682376094,0.022651830735847398,0.14845858704533443,0.22187515185541662,0.08009180853763254,0.011382580304237744,0.06033441715051624
0.015790409352235142,0.486614536530998,0.0030727155663903614,0.03071356827162536,0.11367345764576875,0.06169013297462794,0.13581060942268167,0.042038635798186945,0.11059593443748579
0.03340851146345815,0.10219403222535599,0.032032803046010784,0.07938328298536977,0.1387374670455581,0.02102172615441067,0.394820090421514,0.10649998533208388,0.0919021013262387
0.09271794077009347,0.11276634830353562,0.16490070503720183,0.03778510422975513,0.027098489624531624,0.05875444973536062,0.10244791423503409,0.2573237666700506,0.14620528139443703
0.322489336271512,0.19783741028946236,0.022904601269322283,0.005657733822370663,0.08997617511844909,0.04668070980314822,0.11291607253719593,0.11281422208669255,0.08872373880184692
0.1399239552620984,0.06562707650081782,0.15664080803292693,0.016489099839785578,0.10144517383367317,0.261920267474955,0.048912713819534014,0.12449619779597097,0.08454470744023808
0.078144654473268,0.13115983943580634,0.038756030726577205,0.04248564712628828,0.1253728896164791,0.04619389120115571,0.2144571375724953,0.29390173410701564,0.029528175740914448
0.06921014862262108,0.11506518464228026,0.03207281802816569,0.010098886021396598,0.4164494038946455,0.18917078884827354,0.12911705400429346,0.023448199701192402,0.015367516237131491
0.0940277093238631,0.07823854586440455,0.07727967979888475,0.010637270597081708,0.1424932206424,0.03555163872755162,0.03284105578854324,0.4763101168055421,0.0526207624517289
0.07409143039044015,0.07945135512698029,0.468765489308583,0.027477056024881524,0.17095162790226534,0.04310394727058808,0.019482146073292194,0.009184827500123026,0.10749212040284635
0.04487117932690665,0.3420576893051266,0.02553015953911955,0.008870151518054412,0.20473677592338166,0.05503447750611115,0.16122216689024027,0.10000206954793765,0.0576753304431221
0.006876811013931981,0.29812190490653284,0.07931895130658688,0.07377426173073838,0.056416058830848076,0.06005978021379046,0.2691936883153327,0.1365029269078544,0.019735616774384346
0.1130521868892757,0.13856252440558312,0.12501519921827312,0.08254529133619751,0.08840284127048026,0.21358633355419934,0.07532088482088557,0.060989080693474834,0.10252565781163055
0.25454050905026887,0.26969077311656336,0.13060392401080775,0.11751844160492127,0.008727843114710485,0.16853296677051244,0.018764982992913837,0.019456005623634764,0.012164553715667251
0.5368624962337544,0.06719878161108182,0.06370027565794263,0.010077054289506678,0.22936971485778335,0.03141837182502761,0.03823747605470934,0.003366063233964624,0.019769766236229558
0.15253239097226967,0.07605177856433327,0.3963765913376229,0.05390206035941845,0.0824672300530224,0.04631428577387103,0.08930546432052307,0.05635148771536475,0.046698710903574546
0.06203050219703581,0.03845116109251143,0.09023770654432861,0.021338198143384196,0.4171429041644445,0.10047757754261816,0.10141358481678886,0.1014708476460991,0.06743751785278934
0.09444939224725524,0.13080246998656608,0.15536195529003127,0.1000720497249326,0.11513470986168155,0.19928191042218876,0.024679636112945505,0.04558671900786424,0.13463115734653486
0.4172465713988333,0.0467753527164023,0.015924334015784487,0.05256630171352111,0.08937319774836842,0.05228627065811856,0.06551630218003555,0.04070050853526321,0.2196111610336731
0.038127263016735656,0.060294378150921646,0.38479534593284814,0.009354791231563008,0.12228012244829306,0.10824280905859662,0.09682701804507428,0.11893674338230298,0.06114152873366463
0.030296982323068645,0.13331885438520144,0.07436252540853679,0.011347166909996232,0.23514657261228922,0.047399155809540384,0.1661667760730183,0.23710985601443327,0.06485211046391566
0.03679710193786851,0.22083202958853962,0.13701338421048576,0.035901081713524734,0.06678040472783191,0.03300339629640858,0.0724238391641949,0.12706464814071752,0.27018411422042843
0.21062238593664281,0.05319726038003808,0.14903878490448452,0.023081266996049277,0.06494706991900388,0.3123986574887267,0.012356475053412164,0.1287475268288659,0.04561057249277664
0.05070311417210056,0.23883713297238843,0.01086421586668896,0.04752967090795684,0.16904365993714032,0.030639758036274656,0.32261218563968286,0.0598109720802591,0.06995929038750831
0.051766618321239445,0.04452313590541266,0.20848721306338436,0.053842139482128896,0.13601747242197373,0.030550144535859265,0.03575963449505414,0.14729788303082544,0.291755758744122
0.10468021816615981,0.1351376937218627,0.10702564033216655,0.05624166535769973,0.19335628676005112,0.05727817089893746,0.21717911065187515,0.08874209929123848,0.04035911482000904
0.03849628700815025,0.452980188181177,0.0026588712854556267,0.01918139126223096,0.047017898078326174,0.054562577258001045,0.33563937423201845,0.019706136937607154,0.02975727575703331
0.013373856328428883,0.10013602423436986,0.056611921857813156,0.06432212524001087,0.03768095258177027,0.07369224361969816,0.3058166024171363,0.19938155000914706,0.14898472371162544
0.09963082448144102,0.13438137063309627,0.08510545662304413,0.019507391488108736,0.16858411434512158,0.08343800259080898,0.187818295423717,0.19212049024361422,0.02941405417104806
0.017687843677956058,0.28062021625422745,0.08683871119238318,0.0332784107545574,0.1145010698361228,0.021082695844775262,0.2274116292483971,0.11803171556718177,0.10054770762439898
0.1762367435043746,0.018000515522789678,0.17392149207920338,0.096709893220212,0.3189793008296106,0.0872974625074572,0.03428239421555735,0.039269776072678335,0.05530242204811687
0.04611443493065213,0.02727517170716576,0.04414591170273547,0.3743541266829738,0.29416163558187913,0.11645278470433866,0.020892122593850038,0.011301184247536622,0.06530262784886832
0.09156781375436977,0.048970945436056096,0.08211997797408248,0.03165170722513891,0.33332505578662325,0.20707473823626188,0.07015875939021032,0.06609093334175205,0.06904006885550522
0.056728235879311924,0.10538152222721868,0.06718161206284669,0.015291665304150206,0.2627907513001833,0.061794285472116996,0.1376749171806566,0.22850321282226818,0.0646537977512474
0.053734117695223176,0.0233406700973277,0.09412592611767005,0.04627381005674297,0.26951173034932857,0.05207434170549468,0.045027234635256964,0.235418869418167,0.1804932999247889
0.04088396843672107,0.11110975164638505,0.17856789050443908,0.012256604729353457,0.1633365423235843,0.04573022864073611,0.08863823388038992,0.32082555139413754,0.03865122844425352
0.08964491295858419,0.2914387286363645,0.06292127189020504,0.011016428560902255,0.2751038656475229,0.09634000378801579,0.07967023381496588,0.017743416268958635,0.07612113843448066
0.04442325503704758,0.0797982484129993,0.09720464383557331,0.333817324061455,0.08753884989271028,0.040748255412211866,0.0466727498099879,0.23330031122181438,0.03649636231620037
0.031110082843047504,0.13652766510638153,0.16032169899662005,0.017948715002255453,0.1729441795093368,0.03113648621399885,0.19446240607170204,0.18332157624972714,0.07222719000693066
0.06613968901321671,0.0648208918962801,0.11005849496099655,0.2613967929347595,0.10479737825060188,0.18214023036307034,0.043672733534095114,0.1030525379338505,0.06392125111312942
0.036397442090904654,0.3216466983229129,0.08360791179966438,0.02614850444394076,0.14024252395075254,0.02936703797254887,0.1568372306954474,0.1547792738833148,0.05097337684051371
0.05080162753444643,0.10648914056652103,0.22715319214303234,0.03666768077124094,0.20952011436913096,0.22742401893503805,0.02047868412173082,0.06385344778465536,0.05761209377420407
0.14412010150805266,0.3251487998745156,0.052176169944324835,0.04397262124228729,0.06334690274837146,0.11099037444993048,0.13751791626149923,0.029498076261947014,0.09322903770907137
0.11373724206856374,0.020992821595875955,0.32592304663945515,0.018816020308771605,0.239838922107075,0.1131597088398279,0.03554223539057123,0.1255675758953214,0.006422427154538082
0.0685379609331576,0.03314404969769946,0.28626561333652883,0.08193488288518953,0.21189989481763805,0.026178763278882567,0.05712674496898187,0.032581289675150234,0.20233080040677187
0.09207646495327887,0.14406296679577188,0.2011517975493936,0.1684919625565027,0.0860018007938644,0.1843926775102056,0.0980908484046213,0.015710733044364395,0.010020748391997222
0.42120177055352936,0.205654573638529,0.0548007705008926,0.060695358628147074,0.07321106491483566,0.03083149195429206,0.05220805079329416,0.05275182678524293,0.04864509223123712
0.12904027989438485,0.07149720173969087,0.15158212598750598,0.04040597305494792,0.36696545358989735,0.026475049725165876,0.13768484118398774,0.01338375827033571,0.06296531655408373
0.09213971784110297,0.06862903978986795,0.20707021182298682,0.04630242464291447,0.2036296980109451,0.08052621107691983,0.15018024528170568,0.0731110894188681,0.07841136211468913
0.10262387434884467,0.09842281875426989,0.07817850359653407,0.0146495964682924,0.19258188768113707,0.3861255014898424,0.03160686229647428,0.07658122683872076,0.019229728525884334
0.05384409864392809,0.0663948437644632,0.09017699159556881,0.029266871035362255,0.3250912824780214,0.33634356453059105,0.0175051526393601,0.06993382988638797,0.011443365426317109
0.04777494834272732,0.15268852361600116,0.03355109487079625,0.025937387632079523,0.183133487060664,0.04175018269845763,0.15387148016249166,0.29886149256710853,0.06243140304967392
0.0323351407497569,0.031069017341991512,0.4399434920727277,0.03143251941634373,0.06723264432316582,0.17411796657873915,0.1417644816705896,0.009718899314795398,0.07238583853189012
0.043742710458880764,0.035868825493798405,0.19686339077230994,0.015791380224177223,0.4191338581129922,0.10248428515522355,0.08983387318108076,0.03863178935085021,0.05764988725068698
0.052449497064473806,0.21795795419552855,0.0603477567052293,0.24307725391627158,0.215185268809679,0.05562329753905412,0.04299094284779443,0.06299009593423512,0.04937793298773402
0.5095790316085363,0.1633927003744763,0.03692416615949786,0.01642730729510708,0.07418049854766723,0.07771206030696252,0.035227047229428654,0.05170221498253091,0.03485497349579302
0.08461656699165487,0.08607587226452719,0.032195618506981966,0.06369997390393763,0.07908396953739678,0.2132913145006293,0.12167940545290461,0.0899845333610379,0.22937274548092978
0.4974705246942244,0.06210137777842726,0.08194346499496652,0.030174106312636687,0.049159356991455905,0.13714538801874232,0.02485532167262693,0.08586055189410353,0.03128990764281638
0.029842842315533424,0.10894553537970884,0.27580129061608544,0.05354392991574445,0.08828615111391534,0.08447890290394762,0.11296552894383942,0.18851654039072363,0.05761927842050183
0.06123758548254112,0.11896558828823034,0.24437183583696076,0.016973981919724386,0.08188076810102778,0.02430136596822957,0.1265723713383626,0.22725826085928602,0.09843824220563731
0.06378669765889768,0.04812411243001415,0.13041290621468352,0.10566653350545326,0.38627702416483983,0.09876084628098598,0.05284958719387541,0.0838087512111063,0.03031354134014384
0.10441887953918409,0.026127780956999747,0.20525801674891297,0.08474964854311685,0.045935289578867146,0.2883345586327653,0.07272313722050756,0.06215178096964166,0.11030090781000458
0.042160341778510135,0.13246348315525472,0.15012468088991685,0.00579375414412531,0.19316264111330286,0.09861386460736714,0.08741382681663613,0.26423793226567244,0.026029475229214397
0.026689147196470645,0.08434476099217969,0.09597669411448999,0.0824738425742174,0.15883613702802046,0.42107934747901554,0.028151573045066127,0.08800941427552501,0.01443908329501522
0.126303756205783,0.026029588054092407,0.1318023384236053,0.004668585716122495,0.0671705104256412,0.3046477411651427,0.03723292186044005,0.19651178817326273,0.10563276997591008
0.10970436422476415,0.18168063322284744,0.16364003898647286,0.041989086320725226,0.1739507858908631,0.11627126572774864,0.04673628738822098,0.11801249942893159,0.04801503880942606
0.13901276445879918,0.07253134620611457,0.058401618504253454,0.05340347559371972,0.04582192042246943,0.022636560841244085,0.19303370537666217,0.3254929237398383,0.08966568485689913
0.06988982435709604,0.37558002448048405,0.10525094184691537,0.001859617129354964,0.16048494096306876,0.058685151661452245,0.11548972262323924,0.09683973981839351,0.01592003711999575
0.06498448366339864,0.03885156318975589,0.28996762039039087,0.03770289932627583,0.2134343914271939,0.14026703142786615,0.05563137136118437,0.13891905717848285,0.020241582035451577
0.07816721745072981,0.16675739563728142,0.05750682783370135,0.017096910687691466,0.14416523426383887,0.18018327639412357,0.09089383446773275,0.16827563734820586,0.0969536659166949
0.4657049152667123,0.11230949488044677,0.11131641905134691,0.10344689832717772,0.03918653954823902,0.032838514107599755,0.05379847514579001,0.048977089006720716,0.0324216546659668
0.06340999384818763,0.4146850877723933,0.010729462714036261,0.011146792013164835,0.1560056411642349,0.14932632631216503,0.0817699806311171,0.08607205323537188,0.02685466230932894
0.3440333026171329,0.3392326293942362,0.031709141912423584,0.017330668502888974,0.1036619825323169,0.055493962692583755,0.075225765593946,0.006464286525166586,0.026848260229305115
0.04718949775955966,0.17403082817339102,0.02226387485565925,0.15005855559559703,0.20063318150364548,0.0957505272110296,0.2036242789953362,0.05939474947205855,0.04705450643372321
0.06723870924629116,0.05588335863598581,0.10679181150837436,0.04810123244455391,0.21563239067856824,0.2958566758690792,0.03952063918507732,0.05702930512336435,0.11394587730870569
0.01802309997614068,0.377549912723763,0.02533930900417805,0.13540652023477498,0.04427584588809627,0.032363709025881704,0.20734247342204157,0.12722675714576423,0.032472372579359504
0.0415565945314111,0.42119215474560406,0.057697266616750946,0.12862757414770445,0.0898549027692983,0.011454715774803564,0.20075395628046985,0.007371491932478523,0.041491343201479215
0.1159239082781806,0.024497035359169927,0.12796000273896144,0.018075790045898293,0.2752323189492925,0.2573729348012888,0.05487664614452783,0.06184684988834812,0.06421451379433242
0.08240097687328853,0.03490914263821279,0.12361526922651694,0.11617025868195713,0.09059554097663186,0.2751608432539047,0.05151845398258483,0.18866467739297565,0.036964836973927474
0.05661408941040782,0.2925725930488828,0.06362633575430157,0.006364996374574016,0.24550379775856132,0.09540260197968413,0.08578761458961688,0.13206585001535176,0.022062121068619735
0.5625189828090515,0.04286531863346052,0.08289143351207569,0.013104007247006335,0.07172371837182677,0.15093660728365182,0.041444606088182144,0.02061867639765046,0.013896649657094634
0.026738442381513194,0.04423929608814522,0.124011886043637,0.14642817831301355,0.2565861983019531,0.07464154758953133,0.17118035515137167,0.07989596950056771,0.07627812663026719
0.019138593447477533,0.025457522899338485,0.18834452101166863,0.0654688023303019,0.24830590946108763,0.07776112986519193,0.015236667457309954,0.3401808759629153,0.020105977564708628
0.04718949775955966,0.17403082817339102,0.02226387485565925,0.15005855559559703,0.20063318150364548,0.0957505272110296,0.2036242789953362,0.05939474947205855,0.04705450643372321
0.02680336779545794,0.1360820763429501,0.23706217811851893,0.05726678368989727,0.05232217725870744,0.04112157897547764,0.24999663138339187,0.13905399271719066,0.06029121371840814
0.05177249770260602,0.03220763032601331,0.10031927417875981,0.07611823052801747,0.18092022427788482,0.11263337900812333,0.0644719032341354,0.3141260661494906,0.0674307945949692
0.03894469170441564,0.256692355644879,0.0790936296330699,0.09005603885667679,0.06479289760600963,0.03156872782661352,0.219559434422097,0.16543834260290477,0.05385388170333369
0.08138208056898553,0.06436744658614002,0.4060887294339448,0.02861149350471226,0.16365775728091259,0.04667355373692963,0.018673389018036116,0.05090092455077385,0.13964462531956517
0.147750604123113,0.039731338952530885,0.1968001133463372,0.0721449051130735,0.3157222501183594,0.04679031890514098,0.036509477151079044,0.12039624051038729,0.024154751779978546
0.02166765983243742,0.10037635076458033,0.06899356177093056,0.028891350497112823,0.1824295319232451,0.014458289119428284,0.21993436286983717,0.30075756969181305,0.06249132353061524
0.13771472573499136,0.1534924900553235,0.12148448034404113,0.042276579678878795,0.11400739522945787,0.047166188264957665,0.08590140113307461,0.23098836846017953,0.06696837109909558
0.010391542129076996,0.037041255015557516,0.14989093484535734,0.12867091696009128,0.08820708702648021,0.013296149679305994,0.02415560916179012,0.4100595040570005,0.13828700112534012
0.23933417032349855,0.24901475503310366,0.16606725985502177,0.23395866324313164,0.03059126589383351,0.025702970741471067,0.01689369577456192,0.010134169679946558,0.02830304945543144
0.14374447370786722,0.05673950380325115,0.3124500288631997,0.08179295242586913,0.1374003342571829,0.022439137279087543,0.05797410693332181,0.01989389426481688,0.1675655684654036
0.012991311146014406,0.3721513650526192,0.053695850804750166,0.11042275994492094,0.11010309562754872,0.07358727186176732,0.08823507522487449,0.09332403398762866,0.08548923634987614
0.02364767782570082,0.12759438893540076,0.031088375636885202,0.015250832868068205,0.18447525234515658,0.08389564207331864,0.2107575872686351,0.18725198700428605,0.13603825604254863
0.12301730539101902,0.24241280468280824,0.1733747351920187,0.007772505625674273,0.1874246311245146,0.14025320515527315,0.027359201256460103,0.04855207959385186,0.04983353197838002
0.01621164178650531,0.034566890132822846,0.14091449009242665,0.05347460450557653,0.11004093863657487,0.2350557869237878,0.22180191266153737,0.1238265416572417,0.06410719360352697
0.03297169670510753,0.16362727353538672,0.15232529622520347,0.023697467735948025,0.19753616621093326,0.03943697819910996,0.16432039508145102,0.08386923410561421,0.14221549220124577
0.020155200964935723,0.18197756874508608,0.09174865964919508,0.0071884568327683146,0.20419539493361438,0.0796379115985057,0.10880288678708927,0.2180956679164878,0.08819825257231768
0.07036733174020098,0.19101609632477423,0.05876035115931786,0.2694900264560145,0.06497787137325071,0.0781360809531625,0.06818047506420807,0.1607009227694095,0.03837084415966161
0.5725858738177818,0.03639351525416981,0.13120482310401707,0.05314700785004992,0.0520995970592625,0.045797324857981415,0.02960987763827737,0.034494437808301755,0.044667542610158296
0.03674294176400106,0.08651936155549371,0.023999990793523218,0.2455352251539021,0.20676573485246127,0.19023203314038836,0.0705173541111147,0.016989172595184107,0.12269818603393161
0.011015640816940559,0.047567034183494096,0.06015495103630505,0.02582693049715436,0.02935661192868404,0.3780788083475264,0.015441008912946788,0.19952011566199043,0.23303889861495822
