0.12020614103835224,0.13694677493683124,0.12375006121611136,0.062286464152364475,0.09866185018939237,0.13115077725038296,0.0969284728181865,0.09369385996749231,0.1363755984308865
0.1947106340670106,0.11968407681901395,0.07698925012767606,0.12921520081317203,0.07085160005684045,0.11490503942027619,0.08275338280466134,0.09885774171050227,0.11203307418084714
0.19723818241344346,0.0853833291771555,0.14084712550144066,0.05635351319148366,0.09376470812450477,0.0875662726658037,0.11718803734420158,0.12200534443366566,0.09965348714830106
0.08469932109692356,0.12840107823691443,0.090302466016819,0.09649997291939343,0.12718631178309125,0.10338596665919335,0.10203409042177775,0.13716008480975853,0.13033070805612865
0.14440555341170058,0.1128285191597228,0.10086170099212662,0.054383461226619904,0.13613654672583855,0.1280688782187001,0.12790807071572038,0.08101620173849053,0.11439106781108055
0.10273890618787607,0.11144062247042726,0.07744306465802932,0.0882496167720992,0.1236832683962058,0.10011731264809969,0.13975319896499402,0.14679864510750087,0.10977536479476757
0.06164134196122437,0.1010764611181319,0.09546975519465715,0.19167230811032568,0.10487828636986134,0.10618251079838241,0.06278724029566314,0.1768692689302412,0.09942282722151279
0.12299883680565464,0.08679924488815395,0.14190166635242332,0.1546897431864855,0.05127132982107862,0.100387446270206,0.168266957054976,0.08732275503974048,0.08636202058128144
0.09278937908125577,0.09472721571195715,0.13680622181972005,0.083401940692502,0.10375503780939162,0.12080881767452793,0.12427133598176758,0.15863211330062568,0.08480793792825224
0.08332958432267239,0.09458058119041833,0.12017505272534218,0.06843032015313183,0.16414228135587533,0.12026023893009634,0.15944685957241977,0.09910720939154305,0.0905278723585008
0.10776723703093759,0.12188864643134643,0.08586893336460404,0.07668644777322435,0.15211475556092222,0.10296291828755878,0.09556779445672565,0.12845994399626923,0.12868332309841177
0.18479836672043537,0.11713269367060873,0.09984603118908673,0.05688880111102821,0.10728959832883793,0.12186250048399434,0.10329996559157216,0.09672667206347842,0.112155370840958
0.05453689876373418,0.120036608427237,0.10620480209761902,0.14462998927374654,0.13971786521085097,0.10557062192717098,0.10854748877913832,0.12215327749678262,0.09860244802372035
0.28982084277747555,0.09019256887541137,0.10460588229172124,0.06501597923031725,0.06580110451057761,0.09903308089606945,0.12208017577434278,0.0670537220385648,0.09639664360551999
0.07283380014189876,0.10439355554143097,0.09306588075360661,0.10259753648959406,0.1376047163373254,0.11860010517736352,0.14462548585475204,0.122076894043189,0.10420202566083969
0.08418476877339225,0.13036197405791886,0.12889159357275903,0.06694807859302118,0.17327261682075132,0.10111820211868094,0.09267051387775943,0.09023058815064235,0.1323216640350747
0.08920062611751921,0.12588183365928032,0.13980847463629476,0.10221742710823754,0.13417900041025516,0.10896518392268346,0.11613822326988311,0.06798421512505609,0.11562501575079027
0.1270565309523475,0.1176657376344639,0.08382854943483492,0.06517626013553733,0.13295015799261423,0.1272167931377617,0.14133343568076928,0.08920455815095939,0.1155679768807118
0.06171619884716015,0.11381601686479458,0.12988370096203994,0.04998846338990002,0.12470224824231067,0.12078953429584315,0.1759458747875097,0.11937873018462582,0.10377923242581595
0.1199549750523428,0.10764570291569457,0.09647290640754554,0.07029743408002809,0.09348144164325049,0.16042143430451972,0.1401078120185702,0.1102842219565265,0.10133407162152208
0.12997387539844094,0.11880515101262346,0.09423925047918853,0.06226151157209198,0.15600257614038548,0.1361431614773759,0.10926356723244239,0.06457548186266296,0.12873542482478842
0.08120632020005286,0.13118447731999397,0.10256513779279658,0.06979157366940564,0.16531982131350595,0.11432395466485441,0.09720512280675653,0.106960074542641,0.13144351768999307
0.09643972180827302,0.10771309337139062,0.08816466668413316,0.07171226429618936,0.11792784180620051,0.13320356662251362,0.14831187244547267,0.13396208517080455,0.10256488779502244
0.1399191441305415,0.12786343835977698,0.09131652945202641,0.15863749325799084,0.07482982510746987,0.12483821399279754,0.08985484811703998,0.08471791511969873,0.1080225924626581
0.09063721375701722,0.12453484532152331,0.10310048210272593,0.0725706792725538,0.16524153582286458,0.12867667387260814,0.0947429612358802,0.0944925674600759,0.1260030411547509
0.09619706846422738,0.09921193066808791,0.1124967077984846,0.16504394551107116,0.0997469946910181,0.10494311514347564,0.082071844073992,0.13727739670764005,0.10301099694200311
0.26969348339869464,0.09678479872054818,0.05609995498400131,0.12430987578043262,0.06514229441268354,0.11704076840231174,0.07520247700744742,0.08581353666721543,0.10991281062666498
0.07447418846494447,0.12064933485037445,0.10774985494818866,0.06750720583621554,0.12535927579671421,0.12403101804701784,0.12817976673581205,0.1372826523525241,0.11476670296820868
0.1903240259656537,0.10257102762415325,0.1165871910055956,0.05826582255895784,0.06670236675447085,0.09667984385973548,0.19417037982831598,0.07910656490498753,0.09559277749812978
0.043531239492467406,0.09032139979030068,0.11287696605284965,0.30174524834595157,0.0687743769697483,0.08602236373579418,0.02986132869114065,0.18662271708574849,0.08024435983599915
0.08154122291994668,0.1153234625040787,0.15978262271763502,0.25345073745243113,0.07069961432972802,0.0876493984579423,0.03801060396679786,0.0898727742257171,0.10366956342572327
0.1215746223213881,0.10746936194832897,0.09831318695415665,0.1317917107535808,0.1134248643322756,0.1251471339847414,0.0662252697589795,0.1051584748437604,0.13089537510278854
0.060644023632417894,0.0897261063966069,0.123799174945167,0.23962318734511712,0.0697833903256993,0.0853653155191586,0.05732483016768649,0.17931354766538754,0.09442042400275912
0.08655139174089706,0.1294693906903,0.15079360985451953,0.08161548947741107,0.09552840279944143,0.12636423514398268,0.14747006578772176,0.07521851827377875,0.10698889623194775
0.10399537093590294,0.11172493890751452,0.11355787477172215,0.05280256718779482,0.10344374511287764,0.13001604995105503,0.1465499939626889,0.13552372179149044,0.10238573737895358
0.12162279093279382,0.12206656856566207,0.10671985705283497,0.0933246862809926,0.1258981830120913,0.09284940906941223,0.13275920883498246,0.0895159540670911,0.1152433421841395
0.0866954569566626,0.12697262495148667,0.09998461998226481,0.09425646160608397,0.10315583138028865,0.1517034249790814,0.1169390847737541,0.11552789378970052,0.10476460158067731
0.09137859036862837,0.12169500688308121,0.08047734641488596,0.07380472055448377,0.1098835587883859,0.12368059626358069,0.18464203857123565,0.10386499501786961,0.11057314713784887
0.07517737412643204,0.11156739055542886,0.1328927918279653,0.06538472784001548,0.16480906545768637,0.10459728442678777,0.12372431315103372,0.11666915535422522,0.10517789726042526
0.2584863287180342,0.10320721859832561,0.13196336863824706,0.054991938566276245,0.06920912886230467,0.09517208724141979,0.12868675390152617,0.04536920724423051,0.11291396822963588
0.06890901564533061,0.11520597677068456,0.112996775659713,0.15926701796002743,0.13068006315941313,0.11088007558516431,0.09250847176385375,0.10348572075400181,0.10606688270181132
0.0726966012588439,0.0895861960728526,0.1391905683457935,0.26033504953404496,0.081385751186347,0.09356899120722173,0.03901994448840861,0.13533275677287115,0.08888414113361665
0.045174516540505534,0.09988371822938195,0.11990869945722964,0.2637037656809941,0.08350672658152819,0.08762950833613124,0.04493471802189842,0.1600703914104287,0.09518795574190227
0.06224386328458692,0.10913026755877664,0.08517105225607297,0.07285739882920712,0.13470397060041608,0.13702959512651103,0.12827795121811716,0.16286819622912227,0.1077177048971898
0.05326082915638603,0.12239017244531276,0.08986386281181453,0.07876962504158407,0.1541431759895783,0.13012233380543947,0.107100889777318,0.15529814416996893,0.10905096680259786
0.19722633876813714,0.10838409629766048,0.09439244441914875,0.11071294620143372,0.0657518871892544,0.0879981756086426,0.09239132923533698,0.1306735667320885,0.11246921554829747
0.19564995099322116,0.10365297626472192,0.06376818800279377,0.09348413620470362,0.07468279102910365,0.10963299905087148,0.14660835578250023,0.10798849956389252,0.10453210310819167
0.11093735439548802,0.1060907887299047,0.07705584315254795,0.05770332642951548,0.1300322903068389,0.1289869207471153,0.13209116729715306,0.15090885913051869,0.1061934498109179
0.07331236232938186,0.09500128211572677,0.13545453726889314,0.052780137593981834,0.136531872794696,0.13894754304252416,0.16882030190277122,0.10759130290114843,0.0915606600508766
0.1825613670392893,0.10734214656402152,0.07518431875367963,0.12460660047827686,0.06404382394654348,0.08585726379951863,0.14018981832847158,0.1216261681607922,0.09858849292940676
0.0839345595274007,0.08754032752031089,0.10384216443559204,0.16780204773795346,0.06161194637676921,0.11113603789875326,0.10511791846021838,0.19071354382700798,0.08830145421599411
0.14548687299790392,0.11043170165293613,0.09601525773523618,0.06668135990818076,0.1320211050878114,0.11556433993172444,0.09621661745446132,0.11440641006863546,0.12317633516311031
0.13585482414448682,0.12399559199451354,0.09693092092046685,0.08466275794695839,0.12100944689460326,0.11737581890419017,0.06999498151313337,0.10167296800429793,0.14850268967734961
0.07143620264494692,0.10761940809736188,0.102078614872867,0.3041778886340544,0.05790031805801469,0.09219130153687023,0.05150356402650217,0.11383906577459696,0.09925363635478572
0.17998283571091114,0.10133531242946976,0.179646301738427,0.06789348179898624,0.08571343983778529,0.10255189671013014,0.11574826188541114,0.06563151436666664,0.10149695552221272
0.15627025510176198,0.12435401048866997,0.07215067771973446,0.08293359446977233,0.15501312470668607,0.11604842906247627,0.07848906738231733,0.07744141246357848,0.1372994286050031
0.19885891782287227,0.09781987217533916,0.08096450758777812,0.09493367725670077,0.07231740568185359,0.1484505888904292,0.14814222574756156,0.0622402068562285,0.09627259798123677
0.1469710725989889,0.08457361828401107,0.17009862026375802,0.1508099699472296,0.0672235379890068,0.09152401867825148,0.06118407889668165,0.1403913542184594,0.08722372912361313
0.0965695730121735,0.12189148541839977,0.07851332737141718,0.10095849348866681,0.1421845335279358,0.1081994694606055,0.10257865239527951,0.12427725266264399,0.12482721266287787
0.13483673508939797,0.10305932395155831,0.16551976809539726,0.05415021840803247,0.1370916895917845,0.09275562198049055,0.10277372384513685,0.10388508712008322,0.10592783191811883
0.06869586174708635,0.11055419545303917,0.1321000988556198,0.09305878354951665,0.1850106128917991,0.13092708410436216,0.0857370740693321,0.08301737190367527,0.1108989174255694
0.1317565190620529,0.09433922787628828,0.11397309643271152,0.056115600748307216,0.15280227933920434,0.0919582363250075,0.1764510287435753,0.07877488914006535,0.10382912233278763
0.11957354966092615,0.10832581770799449,0.10670456610654366,0.12086837461044192,0.08308549332314046,0.10901636493789364,0.13270685524377293,0.12226287993100882,0.09745609847827802
0.11535570954000474,0.09664447862339935,0.08520753482336764,0.1487034735962145,0.0823867284180733,0.10003234890172401,0.10833172040919309,0.1586407148293397,0.10469729085868357
0.14756290860089746,0.09655493529321833,0.11523811324038225,0.07460227680329079,0.1784586125662014,0.11479926049831907,0.08303714061497298,0.08911829079256957,0.10062846159014804
0.12034259440255352,0.11186257668409465,0.09350824843044762,0.05699375230135339,0.12707425539316447,0.11461003595695131,0.11338114724701737,0.14295182139996154,0.11927556818445628
0.08077663858590163,0.11362796577287615,0.11421315310872882,0.06823890016349371,0.13154533788486888,0.1120083060816905,0.13944986565168516,0.14052235750451225,0.09961747524624298
0.1455862075441702,0.1063178021859957,0.08987937380506368,0.08976459737988911,0.11432773276763397,0.09804304287636904,0.13355366921620063,0.10025954611945832,0.12226802810521935
0.13343060566970286,0.12985077182941007,0.08633364021628391,0.06544638884191166,0.12354281290425335,0.12238010194063154,0.08643324197244728,0.11950856315420877,0.13307387347115057
0.10851481453510055,0.12423541030070041,0.07830650933806385,0.0998299364015953,0.10631981620178142,0.12890814234500045,0.08313478452691704,0.14226191261572477,0.12848867373511616
0.2738811372285572,0.0946271701732298,0.16588881940724012,0.06476412618388065,0.07015610986593,0.1059167244008248,0.05915898618759019,0.059544124955153065,0.10606280159759396
0.09033428197235545,0.13422763361347748,0.09098720078155509,0.07344110164323568,0.17248916452133714,0.10402586349737301,0.07535769502927187,0.1312459852574689,0.12789107368392535
0.11774686897275106,0.08340653334925911,0.11001059010487678,0.052327661922527656,0.13757219273059795,0.13094596215696078,0.17013834467006164,0.10640961193775578,0.09144223415520926
0.1268906566261595,0.10209397240860645,0.0861755286997851,0.06852840544018908,0.07784670264891098,0.14978368900515368,0.15609881676183812,0.1386970083498857,0.09388522005947149
0.16346845117771833,0.07549552803908947,0.129618536786451,0.08344716776077253,0.10344603564432649,0.11896278550440344,0.13665511266753355,0.10345519608069588,0.08545118633900937
0.12906890608792654,0.11414625545024733,0.13590837591797233,0.0692682037226381,0.12448403725872953,0.11236151870838083,0.11158680475260148,0.09062772503650496,0.11254817306499892
0.2033391040608091,0.10647414798048697,0.08321434673591115,0.06560727074252982,0.07592699057226787,0.11500827493285946,0.1748324214234742,0.07214733788631786,0.10345010566534367
0.08716907497935722,0.10053411462216355,0.14337722495129232,0.15756333138152914,0.133101349323174,0.10380451420194713,0.04741220769960667,0.13000266908458524,0.09703551375634474
0.10374286595275535,0.11991542443445635,0.15789907511307485,0.07751987020558145,0.11803045771000749,0.1340117321824988,0.10966172609197511,0.0635548432515909,0.11566400505805964
0.15207184490587905,0.10092725226648747,0.12202159630602405,0.10084865713822472,0.0695566277898926,0.11303246212050598,0.11379775168253448,0.14003634781200466,0.08770745997844703
0.17132124102182555,0.09124843728328332,0.10473511706112049,0.1120907848465768,0.06865059380327561,0.09797951854922138,0.1767420856298607,0.0883060317314855,0.08892619007335069
0.07270991655044547,0.10107585887716668,0.09141613084376014,0.22345967551053184,0.10506514115998893,0.0869076445520796,0.048723265226910804,0.17153529519840247,0.09910707208071401
0.17904392903736324,0.10154443748361551,0.11031495584119207,0.11323772243478569,0.06332639439430396,0.09054854456074163,0.11540457196939775,0.11098157376521611,0.11559787051338404
0.12722384269430156,0.10782290045701902,0.12306095864740828,0.06506039014757464,0.15275286619672432,0.11865839220217028,0.08528062818832244,0.10502296544099453,0.11511705602548498
0.1918511595511264,0.11051391567108115,0.11858973516495692,0.07049282273578777,0.11116404176195038,0.11264919454106957,0.09110899374929098,0.06425182592575128,0.12937831089898563
0.0950110525116765,0.1077428087736151,0.1506776142606204,0.12218632571400344,0.07745151831954364,0.10511772688093723,0.15537453126786036,0.0892318608776167,0.09720656139412674
0.14680889103590364,0.0963726152848479,0.1393483919445083,0.12081693694058476,0.07683484108644233,0.09617669944091688,0.06885651888110829,0.15564381450511391,0.09914129088057398
0.07492858220558961,0.11159040039513185,0.1365981922981564,0.05207343144248911,0.13280053333041744,0.11667290272434788,0.20211469193366863,0.06891902084008943,0.1043022448301096
0.19998349692117934,0.11074057341595755,0.12313790101812157,0.08577967064799497,0.10730756145154381,0.11554786546790542,0.10208872684038596,0.040773103837107104,0.1146411003998043
0.08025803446343786,0.11037792633675626,0.16464304885123368,0.07294107431194963,0.15519346032079853,0.12381081160424116,0.11380648154759863,0.0766395924665092,0.1023295700974751
0.2201312036051001,0.09083830944498479,0.07118965442781126,0.05122765743852889,0.08028953297719953,0.13505126392662958,0.14207102399558988,0.10997044660028206,0.09923090758387383
0.07107943350913225,0.11650982308404084,0.09749334555206517,0.07467502619543886,0.1259958764642127,0.11016670536449046,0.1477512147239403,0.16038983755626238,0.095938737550417
0.11231735777774111,0.09319546690576223,0.16895941781501933,0.18301221644089816,0.09552548769641413,0.08711307039704763,0.07700803529781579,0.09621805509158114,0.08665089257772045
0.0842296113038052,0.11965771279309799,0.15768321377628294,0.07877924741913667,0.13345826170852262,0.10698665720498357,0.09908621738723729,0.10319238127398571,0.11692669713294808
0.08038382162332071,0.09406009926870329,0.11718830491642608,0.30300005383098866,0.031181595051258434,0.08091301295737317,0.02742829902579713,0.1709017652264089,0.0949430480997236
0.19630786738392647,0.11801556338382037,0.09155133639799629,0.07019744178524158,0.08982321743809311,0.11557128286877923,0.10498909837332589,0.09222263796496048,0.12132155440385661
0.08918562001702302,0.13243341435155973,0.09233825858409851,0.07493042784319441,0.16842893511405266,0.1392423759219009,0.08001177361339086,0.07772414714671148,0.14570504740806844
0.09239979537755628,0.1385055257248954,0.08508870221228611,0.09905202382487638,0.12160185845415339,0.13862087715032556,0.08739492500026202,0.11687118188065275,0.12046511037499207
0.10067407237231314,0.12649999639640983,0.0727129175669181,0.0859437685004381,0.13330060760193108,0.1266484470671458,0.0994771480942908,0.141417423572531,0.11332561882802217
0.10593054878416348,0.12169504090382954,0.08723863397458194,0.16088133244590733,0.08816591304319599,0.10741703638218776,0.06134501062001218,0.15590829132386708,0.11141819252225481
0.13356954432790763,0.11771575040018102,0.10356020257840116,0.07493816627367576,0.11106103261915157,0.10646047124120912,0.10246440955800216,0.13631336487807869,0.11391705812339292
0.18827692240399874,0.0940519379252644,0.11581322235685916,0.2133783922915999,0.06273303737554671,0.09666571666456085,0.04858525310670131,0.0787928287806726,0.10170268909479635
0.0570886950228666,0.1206834157977938,0.07599686031312645,0.09930188422414428,0.16521277042007904,0.11121597295881047,0.11425709827233439,0.1414045814740144,0.11483872151683054
0.13233099830562753,0.131211666004298,0.1343501117295367,0.07183816249234899,0.11825157721948203,0.10309742035709214,0.0859540229972528,0.10683269747121525,0.11613334342314663
0.09109654111269876,0.07735709722328568,0.14393179792521563,0.1242069561221998,0.04551860183224047,0.10622153322726713,0.13428866705528356,0.20233053228347497,0.07504827321833402
0.1546317770586908,0.10142792051755789,0.09809201908638232,0.06803587159862513,0.08979497615880645,0.10622890591017758,0.1595968163817376,0.1279862975356229,0.09420541575239927
0.1229754394231679,0.11890415792487069,0.0837628662287252,0.20724120496037812,0.0779610838336957,0.0950605782101882,0.04885286650229015,0.12113044133693517,0.12411136157974889
0.12552290516108855,0.0716075026485819,0.10703173448241599,0.21960386523178396,0.046272575647137604,0.0939281129490212,0.0836881202622936,0.17791912715460803,0.07442605646306928
0.19031182920345643,0.10951165184347002,0.06710840162216478,0.13888766163060953,0.050972278935863057,0.1369215138498225,0.08989728858106273,0.11963313374324387,0.096756240590307
0.1732945164645101,0.09709129675939147,0.11573158539135618,0.17683171070804315,0.06684486181454276,0.08538514543765972,0.056160768058848544,0.1280188412907027,0.1006412740749454
0.08717961406239248,0.09986227554604499,0.15289869510136275,0.10553172188476251,0.1370416081182376,0.10987479955464026,0.07781338077298858,0.13596706246227178,0.09383084249729905
0.12809765099661954,0.11974824636987419,0.12867544269836137,0.07694978587890855,0.11514682776844958,0.10431319080933875,0.08524638359179175,0.12514914608873298,0.11667332579792333
0.04886232888581935,0.12844008709954302,0.11277819611836833,0.07641573531132595,0.17099746799737817,0.11064563458135722,0.10007385405328766,0.147755707381524,0.10403098857139635
0.1945358435543764,0.10407825001282017,0.12150940960821564,0.07891198577382927,0.09315890919801827,0.10271987809152265,0.146578387199821,0.05814935408472543,0.10035798247667112
0.1094493796996402,0.10756390876568515,0.11728240392001282,0.06296435647765256,0.12392277326370214,0.1216651925449785,0.1498984801256931,0.10065588139879679,0.10659762380383869
0.14393022174036674,0.10622720725393771,0.11867903305311493,0.047906847243435136,0.08081643373144219,0.1312781090150233,0.14452962476603678,0.12727885997767177,0.09935366321897138
0.13653602247750748,0.12169949009623664,0.1049648562147964,0.08307178561245043,0.12010170167939917,0.13240744112678973,0.09934912660527799,0.09299972841314263,0.10886984777439956
0.08144189375375505,0.1175887174985235,0.07220528145599912,0.07076206970656722,0.14587055762919868,0.12096843553492044,0.16303944624807268,0.1120140575637989,0.11610954060916434
0.14865739741379125,0.08970199387706058,0.13268400737102723,0.06463166226141973,0.1091102595809811,0.1209225374455024,0.16807875403968356,0.07660292545627914,0.08961046255425503
0.15451281190910446,0.12154297636307271,0.09271184494110019,0.06879712604898583,0.12716004585756102,0.11526918139206423,0.11256612254637821,0.09495923094620436,0.11248065999552898
0.16983974005326852,0.11776565633006854,0.07385821106218232,0.057439884010912386,0.1256505886963602,0.1184024458514716,0.11406539634040275,0.09667364146275581,0.1263044361925779
0.11508707375228817,0.11221851194328542,0.20421527161114095,0.1278995054719763,0.07887662155212646,0.0897364409218258,0.06431354310313829,0.0961115246583037,0.11154150698591485
0.09226750246633562,0.1106969785410656,0.06919312202529637,0.07140077475386267,0.10523919898320477,0.15175430756289873,0.14802891459430156,0.1499553196503986,0.10146388142263606
0.12391694434037036,0.10413549672656026,0.08951730834221616,0.08171082434724056,0.09123583555104497,0.11000600634813669,0.13564608322646268,0.16228495988824637,0.10154654122972188
0.14593973742240512,0.1166218995642316,0.14588406204292195,0.06906583886579863,0.086265943332115,0.10281491041837992,0.1242372638656808,0.11117996336015495,0.097990381128312
0.08302823755104717,0.09342830314747869,0.0915828971680105,0.06739294924035537,0.1313672997828611,0.15140150622711765,0.1474417870674829,0.13270054942557954,0.10165647039006702
0.18760603572946274,0.11301612501187304,0.07178858926431163,0.06984525433891693,0.09845812437124694,0.13574239130729043,0.11413233405781054,0.09609995496399054,0.11331119095509716
0.08259356474377956,0.1115069284300494,0.12559204657443515,0.05761419861793638,0.19130072309396365,0.13764643532300544,0.08374040729292231,0.08896598984475346,0.12103970607915464
0.28765159672305046,0.09463770416959287,0.13159714023614408,0.07396138094745612,0.05372398231417278,0.09268332693321357,0.10747569088588589,0.06430004807010475,0.09396912972037945
0.16660589663115238,0.09384423699028582,0.17387562492023909,0.0602265412282108,0.08003959394096662,0.10090061602349935,0.15327903081973035,0.08714501196104742,0.08408344748486823
0.1367528478656088,0.11181649228229334,0.0948906555240055,0.05068489441381439,0.14310182185712764,0.10436965778385983,0.14066926941420105,0.09319806095263518,0.1245162999064543
0.13828422430756293,0.11254369948413105,0.08281021674154598,0.10271345046242804,0.11026604413068124,0.12728107256257912,0.12918006151953565,0.07986692053952044,0.11705431025201558
0.24220069461990282,0.0850545626354982,0.09359910647439024,0.08016815515777581,0.04313437903847813,0.09924371605303983,0.20151012225668022,0.07582972411535797,0.07925953964887676
0.11978675438974172,0.10508745841730387,0.10586580745191487,0.0907192197722435,0.12132553829797972,0.11370204780812254,0.18802605464179764,0.04997773472759381,0.10550938449330238
0.12136727550660552,0.10909533920935433,0.0982521881858975,0.07109386718768855,0.10028232094672519,0.11142600476104346,0.16630033140276676,0.11696772106288574,0.10521495173703305
0.059383401128571815,0.12427230672957364,0.06929113401462117,0.056371496734255976,0.20565464744656228,0.1174240615533493,0.115049789710716,0.12133380762785,0.13121935505449986
0.1036133749305747,0.1362661337047539,0.13202725143620375,0.0917857568681521,0.11581081314709367,0.12287835424712064,0.1008350131236655,0.0663946042114126,0.13038869833102318
0.1987186593528362,0.09070511611539968,0.12783706564899575,0.04998016413122164,0.10943749941210967,0.1067627996535937,0.15123815334871457,0.06374042711627544,0.10158011522085336
0.11783452957610241,0.0951297891525467,0.136732571093081,0.21215522756981242,0.05919364046865307,0.08057054990431765,0.05059874314909677,0.14500322219544143,0.10278172689094844
