0.11860330010711262,0.14253211323602935,0.09887581478533798,0.0761286176067553,0.08147261398137245,0.0693240132788351,0.13362539722968922,0.10670118985684911,0.17273693991801886
0.10112771546274872,0.10873197552176624,0.1392956557832681,0.1457433921962885,0.09281850883437358,0.1025900646480117,0.08811982507635802,0.12364553747401567,0.09792732500316946
0.08438302585796313,0.1522184537682358,0.09658263683896588,0.09991273541980411,0.1368342829685696,0.12443856933858877,0.0982986804357065,0.11956836360684993,0.08776325176531624
0.1388474125680189,0.08994908707295331,0.11372387773092008,0.09910558124402236,0.07940749208176197,0.0847728861408233,0.137416431443623,0.09293190228689042,0.1638453294309866
0.1291488712438594,0.10020322464508367,0.1295839581385284,0.11674963545077781,0.1354715801790116,0.09092767063925027,0.09289714101717687,0.09427026783630497,0.11074765085000704
0.11553373458872916,0.14196611249603897,0.08901588102962388,0.11375562730294929,0.09767595531209683,0.10376547159612186,0.12159848937383078,0.11734919252611235,0.0993395357744969
0.08261359566541532,0.09308468427697643,0.1776783098628841,0.10840264953742024,0.13041575016235216,0.1208350702976223,0.07581585126268053,0.12073483165220276,0.09041925728244622
0.12280821706680169,0.23856425855694416,0.08874494341687411,0.05607247767813504,0.09237030601418406,0.1082286695644431,0.09022376114368952,0.07993338063179765,0.12305398592713061
0.1159744309263457,0.11730868015890934,0.09102446148217418,0.06178415067611132,0.13547346157858411,0.10444857145071161,0.13128544736933695,0.09020233539770395,0.15249846096012276
0.13570694593424407,0.17763228577614318,0.07424008768791134,0.1117100097455677,0.09330602959001151,0.0881641351367468,0.10105100700452731,0.07602096391168815,0.14216853521316
0.0839072021495197,0.13395553321062473,0.08712067163610239,0.11667133863396421,0.14947878449228175,0.13182059810436406,0.0902443625187866,0.10993781432973078,0.09686369492462577
0.14220979101698475,0.05202640431867428,0.11478221585045739,0.09358176766278119,0.07964540568642355,0.08615795466524612,0.13473102332560358,0.11872167038658088,0.17814376708724824
0.12346744476713638,0.0926179478928501,0.07994319948646116,0.14451828404144398,0.08922724184357002,0.11016467644899978,0.14457167759662984,0.10088543058864308,0.11460409733426573
0.08326956583621946,0.14972260183472033,0.10147518674310672,0.16082541363231087,0.09301122491163738,0.1168350339122995,0.08595032600821469,0.1293096757437089,0.07960097137778216
0.13629824594684306,0.056046688821570635,0.1233235097380823,0.10121780220581045,0.08223828841545705,0.07998576313738186,0.13451452985910334,0.11585503476857406,0.17052013710717726
0.10702226081532401,0.08443665597295058,0.14763292571610978,0.139830324591201,0.08696242764008373,0.1047496856623417,0.09335003788741762,0.13564909835575598,0.10036658335881556
0.11367287838368505,0.12363523163460359,0.10738089342855912,0.07206196068002056,0.15997097951806816,0.14532690069715393,0.07091284627341847,0.11477904075136496,0.09225926863312615
0.10995148162951666,0.09764341324135219,0.10102222748250211,0.08263280219082719,0.16688236046398222,0.13026587469467307,0.10371358008597209,0.09582956574002462,0.11205869447114984
0.10397902724957546,0.07329062597713522,0.15613487117738736,0.1237657245232794,0.0873595365596788,0.0908624389093348,0.09586417305617644,0.11830424980575045,0.1504393527416821
0.11590091998834363,0.11134543731850889,0.0953782585563629,0.1465853332355207,0.1110483075009117,0.09545544969971154,0.11235441203377511,0.09596884807823831,0.11596303358862714
0.08675789390339882,0.12032057847114618,0.11529703714625263,0.10727338221155035,0.1074428575551194,0.1321607976830413,0.0989754023329243,0.13610080937493116,0.09567124132163585
0.11788067920189173,0.13739237738035284,0.12143260464916049,0.1025221672841367,0.12867321013359911,0.10437023430078607,0.09580853151846819,0.10246556980903483,0.08945462572257008
0.08821810109533941,0.09731094420187647,0.18785503549139645,0.08516393290909562,0.12883790507492118,0.11097379479507603,0.10380444256160226,0.09893617561504887,0.09889966825564357
0.07764224996718441,0.17595377590892172,0.123015809126008,0.12674187843131263,0.12361110921490832,0.10212599673783103,0.07569832358156453,0.10886701933001723,0.08634383770225207
0.09749121331463641,0.09778484386274224,0.13577905338216448,0.10942082040964184,0.09673617564702743,0.09354240884780275,0.10356146059691611,0.11373269776855177,0.15195132617051696
0.11249996889130985,0.08938384964835659,0.1147943050887843,0.11979554735473548,0.08906726726587542,0.10732319265540398,0.1258759297678408,0.11270282746209541,0.12855711186559815
0.09540511086234431,0.08296263915655137,0.17775779394898472,0.1067847826738106,0.13292318391262664,0.09970718739184581,0.10861961150357662,0.09093610021962147,0.10490359033063851
0.12319106955185666,0.06138585860794282,0.13251971397410875,0.09218220011844173,0.10662588662742833,0.09516570138833241,0.1378682414121409,0.0994408137515767,0.1516205145681716
0.13830881964103423,0.09318573322242414,0.09306714006965304,0.08811693099391242,0.12068095767651077,0.09293086706383953,0.13505500891552524,0.09460027125906356,0.14405427115803707
0.08981735455472868,0.11917929974559839,0.08259864990309662,0.12932384359657942,0.11554852642516637,0.12566425977073256,0.0906234760584259,0.0958590104448646,0.15138557950080753
0.12264384952029932,0.130716595750586,0.07378590293231495,0.1370413477845466,0.0923211096193739,0.09939545439975173,0.12293287947399018,0.11575242473229957,0.10541043578683786
0.12854355042772253,0.09049064228690999,0.0822106891463829,0.0862082465336844,0.13137950062683368,0.12544108481149926,0.1440717161271169,0.09365232518347599,0.11800224485637432
0.10550691174598414,0.14621806941707025,0.07879287840599077,0.10194736256562625,0.14226317002508412,0.12418078728648711,0.10827317138513133,0.09735438163407484,0.09546326753455124
0.12301353876263639,0.099611922968724,0.10898457466672677,0.0904537090003475,0.06952425400600422,0.09498970870594685,0.14068649261943633,0.14251583034921375,0.13021996892096424
0.10655005989640193,0.11488140687815036,0.1074831358670842,0.06715466940091602,0.08687419675774975,0.13841106773015008,0.11115349770251419,0.13793105677306938,0.12956090899396408
0.09403301991445064,0.10050957374380032,0.12956419343554595,0.11119953548359861,0.10252254582011684,0.10550128569238842,0.11585891042575554,0.11844842179335154,0.1223625136909922
0.08653570393005243,0.1147662583064043,0.08715290554575461,0.15640589082788323,0.13707262077657145,0.13178182487046533,0.09072770411746227,0.09968218225261584,0.09587490937279057
0.11386346805326876,0.1334964077110791,0.04708712963370706,0.17958920204838827,0.09360476805905275,0.1110659812999892,0.1244219465252105,0.09590098907589921,0.10097010759340523
0.09410632748396479,0.11111087060568803,0.1668187052307368,0.0756835317927372,0.0743927585207975,0.13014433935969924,0.07033188490510563,0.18030149554609576,0.09711008655517511
0.137100969932507,0.07118222679277808,0.11293115878264474,0.09690926334286241,0.13980688718403128,0.11492871247331554,0.12499301420204612,0.0913345703746613,0.11081319691515353
0.10096270541544766,0.09821834278971964,0.1234929597867922,0.0840836032615972,0.17205941289731977,0.12883434478097203,0.0926126779851032,0.09477992312287403,0.1049560299601743
0.1000847374667327,0.11837970615314751,0.08338640232800205,0.16152606829755667,0.09145565447849362,0.10159147726747053,0.11116275545473375,0.12210428954870352,0.11030890900515956
0.10758745856373698,0.12337382048575658,0.09831994365678935,0.10854791492597389,0.130038134208484,0.11841008064683851,0.08757253572911267,0.12461397533717145,0.10153613644613647
0.13447389786836256,0.08276525933589177,0.0802024602700667,0.11810720008061686,0.10250235211002658,0.09259299701967412,0.15436648738505757,0.09249371263044816,0.14249563329985568
0.11078465215152102,0.09094035247787179,0.11784461113962186,0.10440719069181603,0.11290383922383397,0.102418724593348,0.13350641311570793,0.10095569716265995,0.12623851944361952
0.08445569863935742,0.20033572019861176,0.09603271553521313,0.11463391976370929,0.08612814463734257,0.12335875916538086,0.0938752523345972,0.12239365243602429,0.07878613728976354
0.10134423703773014,0.1560102745559819,0.1372457235326313,0.09555516804614685,0.08401322640571456,0.10067704278661176,0.08664023388333524,0.0997890436152618,0.13872505013658645
0.1086380302251984,0.09825322468518949,0.10889043099722638,0.1226085247300366,0.10410900928248751,0.11074315090942523,0.11428947166003665,0.11212742684977532,0.12034073066062444
0.08936004919927336,0.10858286413822156,0.12081744229814097,0.12147583037889019,0.12057827375769048,0.1052830317058623,0.09554155051370639,0.11350497395371263,0.12485598405450204
0.09652580562416407,0.08852554353033056,0.12459731359068078,0.16780261838519217,0.11173050345860992,0.1157093393825291,0.08721019728181412,0.11172915981960756,0.09616951892707172
0.10094670168335292,0.08254823673529817,0.09987135552720727,0.13022488326223436,0.1283893853626558,0.12053255186511241,0.1046912770002127,0.11812438278474317,0.11467122577918319
0.11724975004086113,0.07419146997613131,0.17432545443037753,0.09308966843478639,0.11672576454676176,0.07741455013610193,0.09520358833659864,0.09083702630041553,0.16096272779796575
0.09618899435250934,0.13958285937071443,0.08697309124724743,0.17662525689443453,0.0911879296229912,0.10712247147677412,0.10468797726038688,0.10250443590778335,0.09512698386715866
0.10351863849392585,0.09779844917692791,0.14696440303420596,0.16669875620684185,0.08187843768243719,0.10081294755905958,0.10213297432664643,0.1098617886422899,0.09033360487766547
0.12516260800913578,0.07674676968430247,0.13200128913581802,0.08683846496482366,0.14198743849219678,0.120611075473067,0.10905100878539259,0.10068566466826105,0.10691568078700268
0.10910778681545348,0.06976636366197021,0.09618334917076099,0.09579584954841736,0.13481455432309053,0.11489670812885343,0.12379610473976421,0.10239197874938628,0.15324730486230356
0.09487287921800976,0.1013685508726631,0.13415963072648304,0.08133396059232327,0.09974115228462362,0.0957619221524918,0.11788187310469596,0.1252979894385926,0.1495820416101168
0.11724456857206884,0.09388410100082654,0.13783250781238607,0.08660682110674806,0.13059640026383,0.12868589607537848,0.10284851745363059,0.1062350743057825,0.09606611340934891
0.12368412013866285,0.06674843239353019,0.126317540914566,0.10769390473468508,0.1289083560372788,0.12534339452338727,0.12267679309334578,0.08751887263103035,0.11110858553351373
0.11195157083190556,0.15207410413325195,0.09765467663882466,0.09704967361280621,0.14050485061590456,0.1162208528962934,0.09436192262975078,0.10011646616491916,0.09006588247634373
0.08671326066763492,0.09176343250043965,0.1644955021508079,0.16967125333969513,0.08070527598907884,0.09915692643773207,0.09367102078199611,0.10470055876439055,0.10912276936822489
0.08981735455472868,0.11917929974559839,0.08259864990309662,0.12932384359657942,0.11554852642516637,0.12566425977073256,0.0906234760584259,0.0958590104448646,0.15138557950080753
0.06799540372148466,0.19258860340578157,0.12344071787331361,0.11332307489798042,0.17069800117977904,0.10354562560273795,0.07365414957452976,0.07259322602024176,0.08216119772415122
0.10719519045424436,0.0948477940756222,0.0861615982229595,0.1337302936279051,0.10789534496351323,0.10778568947780302,0.13907408440679334,0.1145155285754804,0.10879447619567884
0.09773651007798624,0.1050952151862969,0.1645399495243297,0.08197559478658155,0.13053699157134305,0.10232107765209748,0.11461072910427401,0.08622626391169462,0.1169576681853965
0.11690341255944685,0.07317114659013355,0.09453572093185535,0.11517404674574054,0.09616596685464342,0.10920068727100984,0.1373392235514088,0.11922350138071147,0.1382862941150503
0.11608471211441469,0.07145257550216273,0.08874556876528512,0.11682326688015209,0.16027443360918844,0.12369480543888611,0.10199932545759893,0.09938849818242229,0.12153681404988959
0.13141603129432847,0.0713625586901281,0.11200737332725909,0.1714354968995665,0.0885060313785912,0.08356389332326236,0.1235963557261562,0.10293184156836431,0.11518041779234378
0.11584123916112893,0.12438388734718571,0.08766163366921086,0.10311015331490957,0.12933635618830844,0.13798075156771872,0.11431562933534012,0.10226846796534067,0.085101881450857
0.11611866059472815,0.07086727207994746,0.13645465251519692,0.07555372366367384,0.10194210461435699,0.1051228861814441,0.1278758720447669,0.12340201592884921,0.14266281237703643
0.11651172930515134,0.12296032283915419,0.10204839452502416,0.14017315172780448,0.10393840841158906,0.09943368041745078,0.10543492632860973,0.11248433484521718,0.09701505159999917
0.07242137634374814,0.2224280183213442,0.08610619161097517,0.0971942765625076,0.1347210334058159,0.12150716373333363,0.08710280198861192,0.09463993198763125,0.0838792060460321
0.11615743513304129,0.1413303666039369,0.0863101356671221,0.11562048939631638,0.11727366167500386,0.11825772492012972,0.10416001007932023,0.11287447195312265,0.0880157045720069
0.09772449536344197,0.10063637673454724,0.15066279181118936,0.15052935422652872,0.11191372892492125,0.11051042887287947,0.08218024101522929,0.10946411856071157,0.08637846449055109
0.10031060156455214,0.09824420319117218,0.10906910663675291,0.1395586043819205,0.13027916844572193,0.12517657507600574,0.08891534990205262,0.10571085645159965,0.10273553435022231
0.1207850878414155,0.08678320892092377,0.10825950763978238,0.13154819741395976,0.09261630703665019,0.12019616555296991,0.12024551758280948,0.1225064596123756,0.09705954839911336
0.10032440130577698,0.08654963172594954,0.15336211655081503,0.07688638331212638,0.12557252486974857,0.13120183401803373,0.11930416849670582,0.10215234259995835,0.10464659712088553
0.09186156951347668,0.10520763976921377,0.1194137876207773,0.11250123361553559,0.1819589308930308,0.11881132962934826,0.08604863706175458,0.0901128140089096,0.09408405788795342
0.14150149097454243,0.10190050633354925,0.09253869667393821,0.10245014409550589,0.09217692225854272,0.08253679499089571,0.1423269325462538,0.0971537459375511,0.14741476618922092
0.10368330894891381,0.1695450624713215,0.0832206208511335,0.09467919828314676,0.1030627754213176,0.10288713298039487,0.11444105240607845,0.10686686419893876,0.12161398443875475
0.09873159182011922,0.12348767938914305,0.1038076618285938,0.18928339803041375,0.09667671929529653,0.08560068565926422,0.10149075377590595,0.08521556863417268,0.11570594156709078
0.10289881084761608,0.09503231259115652,0.09685426710529325,0.14510672114399792,0.07570770769113074,0.10421709126581045,0.12240475589684767,0.13981177096089287,0.11796656249725451
0.10935169061454027,0.13518085667545476,0.10282559364875793,0.15121535668053662,0.09732936607652581,0.10876059467423209,0.08400445129672195,0.10224477235485474,0.10908731797837584
0.11352580922760507,0.15685370933984097,0.09130462996330524,0.1546465548792281,0.08022057236117641,0.07329401572945521,0.08250512363720248,0.0838162315746902,0.1638333532874963
0.10284501958162019,0.15322299946824156,0.09559400437963422,0.15100742412426185,0.10527135728627346,0.11550493839711828,0.10304976595306659,0.1022493580736411,0.07125513273614283
0.11321184393342465,0.09676357504614114,0.12337076605054137,0.09055115597036191,0.12325298001734249,0.10220247305396994,0.10738835394005647,0.10733508541115684,0.13592376657700525
0.11275330222697977,0.12386647762746732,0.08952367846893751,0.09718776873730471,0.1574919056295828,0.12557836855540602,0.10942920623242819,0.09216778517065556,0.09200150735123831
0.10657792838092918,0.06801579309935324,0.12870163567569584,0.09827321959211328,0.14014335762983732,0.1185083721288388,0.11048950711257548,0.10443512629525098,0.12485506008540587
0.0876829784577922,0.17374894869216692,0.1307067147000923,0.08479917317278189,0.09008961960022673,0.11423828432558901,0.09994485808918936,0.11626618605321386,0.10252323690894778
0.10382918179863365,0.23295951305265727,0.08097317235150615,0.06147669086254135,0.06512294361791121,0.12268316138745639,0.07710937149529691,0.14707382394145532,0.1087721414925417
0.10422225215601832,0.1120323825843098,0.1290107274440904,0.10786661039001721,0.11382891058673202,0.11586023979007143,0.11024114491627134,0.10169373353462552,0.1052439985978641
0.11972127406357981,0.07778826020003499,0.1348806272954613,0.10580473486201657,0.10038272922877557,0.09065610563525417,0.1187020652124851,0.10155629278447585,0.15050791071791667
0.10876403522447935,0.09647718705439783,0.14792358850042311,0.0836927211546481,0.10682213775980261,0.10022105485202987,0.10540430061948018,0.11939338165728475,0.13130159317745424
0.0947310902018275,0.12638458194662636,0.09194149264636646,0.1427528898847855,0.16225663922086217,0.11780318255111533,0.0806421285500256,0.09643861550960446,0.08704937948878665
0.12507431584895337,0.19488273317356264,0.07872228814957653,0.12976640953476967,0.09923541207002905,0.08891442030195736,0.07709387072109522,0.10298072763055731,0.10332982256949881
0.10900501585383926,0.09610547573575257,0.1140816761757852,0.12874007453867878,0.11927107753839598,0.10043347296097295,0.10816280816007827,0.11446179784914985,0.1097386011873472
0.1313245403984943,0.11943018270838907,0.05872364099086197,0.11583705768566259,0.14146605834794926,0.15377273573729267,0.08477097454560606,0.12753574852082752,0.0671390610649165
0.11156902135347856,0.23860556669470137,0.05022095255659668,0.1510029587020211,0.08935597279358631,0.0965503305423742,0.0825116086664399,0.09307508606716042,0.08710850262364145
0.10614893711876368,0.18844291200702226,0.08120280053931549,0.1647282773611337,0.07778427396413479,0.10076125031876132,0.08153080977756152,0.10163932719692831,0.09776141171637898
0.100072204077774,0.15934724917466622,0.07557357509956363,0.09915256686081125,0.1387405768335387,0.14565705124029507,0.09863724722452506,0.09667955561644355,0.08613997387238252
0.12045117785122217,0.09283361545911846,0.12039308491381988,0.13981032194182688,0.07863780991232248,0.1009024296556762,0.1036719320756332,0.12513974224971727,0.11815988594066341
0.07851052862308396,0.22189535552680106,0.07945983255407996,0.15384888961856133,0.11479514083065938,0.10974908179489111,0.08405490995967284,0.09099702521581883,0.06668923587643148
0.10205842531672014,0.11295994152702256,0.10482630890130891,0.10876980767676873,0.112302501386337,0.13049419778475274,0.1164490887268153,0.1179850358686566,0.094154692811618
0.09018772692654332,0.1251682528579116,0.16756667054579896,0.1219534471267731,0.088013107375912,0.08754805811900301,0.10906602341191567,0.09561290673805506,0.11488380689808725
0.093328745496483,0.0811383349867935,0.15784074769891246,0.08001262324669098,0.1128562017524261,0.11156188822023481,0.10605608507751374,0.14148946905451518,0.11571590446643026
0.12351687127066856,0.14483462440587855,0.06574779240965266,0.12774120847930057,0.09380100953226027,0.12399399578715926,0.12298631517154585,0.10368309935373937,0.0936950835897949
0.10706141976544155,0.13584154867303133,0.10225275653184562,0.12261427820413719,0.1055347925675549,0.0958536444746136,0.11872190101088169,0.10791402820613212,0.10420563056636205
0.1074718972946541,0.09647602715625836,0.2014715308585532,0.14759553957935492,0.06729186808468356,0.0699057949391249,0.10174288387723279,0.10299436779752064,0.10505009041261754
0.12658573919560498,0.0545509336888055,0.10338363423534824,0.11049375642979033,0.13375898622119767,0.0992815660109178,0.11802550925105106,0.10171445430379195,0.15220542066349246
0.11172060460475579,0.07064967420455236,0.1423822698402546,0.09684554882243818,0.12900083131121573,0.11838346293165897,0.08512234274275544,0.10899460744702232,0.13690065809534663
0.11885486424962477,0.05619320104840018,0.1603100263593113,0.0898412281276967,0.08225554418928661,0.09394159084666415,0.14019675280205748,0.11933302271826862,0.13907376965869012
0.11565906875913672,0.0797054348811576,0.13055721105116994,0.13125688086773604,0.06912922254109588,0.07462296063383206,0.11794723647067236,0.11606607155136985,0.1650559132438295
0.09562959401554887,0.10405899853534435,0.11130333588966594,0.11357933163309623,0.1254474451270022,0.13573547835734745,0.09115186961763581,0.1281456027699831,0.09494834405437606
0.11867926602468697,0.1489846959075264,0.0938282250801407,0.11041384176860003,0.08387608188742975,0.10681951006936459,0.10111187737915024,0.14003908938841436,0.09624741249468695
0.11186776692794109,0.10555403660341256,0.08096905462195496,0.07325786240731418,0.16806163775380792,0.15623403170126912,0.09410499582352394,0.10784943289132815,0.10210118126944812
0.08897637715101729,0.15495996438520068,0.12820494778212652,0.11995084208136651,0.0893974235178978,0.10250973593453849,0.10350035798334749,0.12850537591525335,0.08399497524925188
0.10706141976544155,0.13584154867303133,0.10225275653184562,0.12261427820413719,0.1055347925675549,0.0958536444746136,0.11872190101088169,0.10791402820613212,0.10420563056636205
0.11453284472616106,0.10643346713665018,0.10078286451601377,0.09246222515984927,0.12314376108772618,0.10522842403132165,0.09157384888473236,0.11681565198613447,0.149026912471411
0.12077251749448287,0.0722626401628631,0.15090636983314468,0.1082838692364919,0.1080767069448636,0.10563072151269172,0.12243190675161242,0.10796063662478846,0.10367463143906118
0.09143307999836743,0.08783889011092604,0.1288631117322349,0.10032783411771085,0.12772577465189183,0.12441748406582931,0.0948548179551847,0.12188846444627521,0.12265054292157973
0.1099478413998839,0.07955162240225075,0.10815751978337455,0.11903940599260221,0.1372960061502779,0.12259621045537476,0.09432171987755195,0.11601682680359005,0.11307284713509397
0.09095043444277258,0.11662288625328476,0.11844380104390029,0.13104014378266504,0.1093523922526126,0.115735090085422,0.09996409035885882,0.12944153096971944,0.08844963081076446
0.1362011498867755,0.08554373226731397,0.113370624609668,0.10043573106426347,0.10561535075880672,0.08808719232533875,0.12492876919586858,0.10251713068493791,0.143300319207027
0.13811585342907406,0.17855768411784068,0.05838539363693518,0.09019114011675611,0.12816453578986628,0.10381764749143334,0.10635160899481899,0.11141710529804615,0.0849990311252292
0.0994049376691994,0.12426896996493297,0.17598482091070852,0.09266815314930986,0.07924913532767792,0.10194061730239688,0.07441715720321007,0.14253318148399594,0.10953302698856843
0.11126541233087926,0.09848349864230528,0.09935543238033467,0.10727396321189515,0.12498055368630384,0.13286363284445482,0.1235217594001665,0.10421632860219776,0.09803941890146267
0.11396221787006934,0.12032070755723877,0.106847381431407,0.06910138178889445,0.1615481017802117,0.12694245818207084,0.10197076963321787,0.09959656690425629,0.09971041485263377
0.11901418869472746,0.07034254108450512,0.11077706959922025,0.1195134438349739,0.12379512524802534,0.11247215425019723,0.11883328264580256,0.10518132479271834,0.12007086984982994
0.10273438196450037,0.11484378941991737,0.11100175044961731,0.10690288737760618,0.16367719225320723,0.12327386531761632,0.08541821619691466,0.10192213497599496,0.0902257820446255
0.09228335878803169,0.10316208138231431,0.224803088159653,0.07163373685371725,0.10472417034891156,0.08442781316862362,0.08610933650442969,0.10681890628451807,0.1260375085098009
0.11353901985741283,0.09498071099011607,0.08956242904822347,0.08171465152121808,0.1615440137303714,0.14166011567349698,0.10390335030407229,0.10483440325035653,0.10826130562473237
0.1161921976233955,0.09458903592538748,0.09018573968842387,0.0866555540208776,0.1052204914653619,0.12224631634361922,0.1436891563059043,0.1037024619164294,0.1375190467106008
0.09087492292478146,0.16405823452455195,0.09616442209294469,0.08822988430936562,0.13763498460234305,0.12889102585424284,0.09783466619740395,0.11535929885189372,0.08095256064247261
0.13097641732804247,0.07992788731647328,0.11401360200349854,0.1435840330378977,0.11470010663557544,0.1093403806000542,0.11452381970578707,0.0897394169912834,0.10319433638138793
0.10106802121139419,0.11729101999738822,0.10515591802722372,0.10588635996838835,0.12292903751313226,0.1184858179533091,0.11446701902089389,0.11068039455861578,0.10403641174965449
0.063242714813465,0.19576270415677044,0.14519901931057513,0.11770143139202204,0.13657387358360826,0.10020564179099939,0.0815765772687234,0.08057754355511287,0.07916049412872352
0.10393986315718573,0.08455823646652555,0.1896884989211963,0.09056725246809956,0.07393796364450574,0.09797545695321452,0.09929466263804095,0.12687433874226928,0.1331637270089624
