0.12053884525532578,0.08981627055916441,0.13546310009800513,0.10793263144263626,0.09887834918979414,0.10468279991599992,0.11010745041698555,0.12264186944714957,0.10993868367493913
0.10953789182426632,0.10757820359459613,0.15249710608138,0.09152550081070375,0.08574852075277711,0.12329302340797943,0.08499803257244355,0.11821937388890814,0.12660234706694548
0.09611940151817726,0.06821408609145525,0.14424343790069213,0.09671569871086115,0.13040564125966939,0.10739055116228481,0.18855216236017794,0.0778874888424326,0.09047153215424941
0.11097616951647826,0.07240148701315302,0.1738838381548001,0.0907621740250794,0.12679420905211533,0.0912703898765948,0.10161262011468898,0.10956579700046253,0.1227333152466276
0.14227815995748297,0.10823443371406678,0.11734636611379094,0.08643893464960278,0.09900785238266772,0.12858774314979463,0.07668509021345037,0.12081119594038148,0.1206102238787624
0.10166543610875715,0.06669909712040545,0.190800140289749,0.08847468761078185,0.08387006194905088,0.07317669221262084,0.1947938099716747,0.1051597646142387,0.0953603101227215
0.15235912457620052,0.11589903836584238,0.1259564867330264,0.07297558445474306,0.08588667095504011,0.08520793876272982,0.17245309795039745,0.1026149707197081,0.08664708748231215
0.12675342261603464,0.15380471188565514,0.047137911114352886,0.13847637734989143,0.09986954161199056,0.11310785562325744,0.10254388323246216,0.09244671050378915,0.12585958606256653
0.1176678750106438,0.08681002805934074,0.1398083615393711,0.13197075803909555,0.08690360261966128,0.1292368889299284,0.08658359149061899,0.11140825572502056,0.10961063858631942
0.10120561208482627,0.09228347827368734,0.14010744895848315,0.10416930865110767,0.09954814142826957,0.11065475703484018,0.11482001356670124,0.12621655900129095,0.11099468100079368
0.10053897643930708,0.10836916667354823,0.06611005651217843,0.12725014220127204,0.16194246527340692,0.13085963226367317,0.08511997391861313,0.08563043494381044,0.1341791517741906
0.10616331824807128,0.10078904116123945,0.1804814740961491,0.0757249072490417,0.09374040692494491,0.07364806981620875,0.14841627396311882,0.13441720193258602,0.08661930660863992
0.09971372728700617,0.0872913747434393,0.14609207770104538,0.11593428765284335,0.12252598100427813,0.09439121295229347,0.14583494519677684,0.09503584351632292,0.09318054994599449
0.13455017837439345,0.07962982388524625,0.16864991063470272,0.10558577520991379,0.07421282302437583,0.11332244994821332,0.11612603009929218,0.10027664249603607,0.10764636632782638
0.11203150417729313,0.06763169659138422,0.07171957777788428,0.10351825490917088,0.13509469112547526,0.11795636115476167,0.1738131041151927,0.11883946325005763,0.0993953468987802
0.11840818815315883,0.0733560201660579,0.13416205565494665,0.12504331938371713,0.09892026937678826,0.11743796917520333,0.12899852618957375,0.10355267671514856,0.10012097518540565
0.11809270123475564,0.08524487627977244,0.08164527811098059,0.08767555926207961,0.10194863138531862,0.09925491205796373,0.1986304035787563,0.11641381282649854,0.11109382526387457
0.12043883352363745,0.17358970405621413,0.028287095041962616,0.1842829250530399,0.07322423589848834,0.11571299267205659,0.08889590796733322,0.09901473316420843,0.11655357262305939
0.11659100513320331,0.11784174656385958,0.11673666692196194,0.09586607529040216,0.0733994290714123,0.09600895445415793,0.16547522853198968,0.11690518456976738,0.10117570946324568
0.14151656332626758,0.10039943670996125,0.06834331522084917,0.10555067480097068,0.13677758319945876,0.09894726644326013,0.0893899071828277,0.13045396863916728,0.12862128447723742
0.12222575882004812,0.07462281516755366,0.13046375240276278,0.11627195706613419,0.12003429487901475,0.10964786807663023,0.09938760095826564,0.10518918625172284,0.1221567663778678
0.12561685453024804,0.08281516504862108,0.19597949955311753,0.10144614298827616,0.08305537960456377,0.10700831455475546,0.10897780851947142,0.10883683572067847,0.08626399948026808
0.1130802050556816,0.1552547669172496,0.09083283188879372,0.11000165258941334,0.07519090440030614,0.1188422459615767,0.07916902361412613,0.1526461628423949,0.10498220673045788
0.098620619171788,0.09424445796120523,0.15010582631562502,0.09900016681636942,0.09457534742150335,0.14959772009316455,0.08246390421500785,0.11353003369426647,0.11786192431107016
0.13250508937859098,0.1374837105762485,0.1441665638481802,0.06821126782492352,0.07689264756597529,0.09123998281918651,0.12040243205637287,0.1443873330828592,0.08471097284766298
0.10251516183139213,0.0811570378853718,0.20140627212650727,0.08258763347920746,0.10073832897729824,0.08946517458223698,0.1512252709829401,0.09567041190469201,0.09523470823035396
0.08603322291065334,0.09635000279462687,0.178235274976718,0.08222440489268375,0.15042047210780882,0.07292198185432819,0.12046244944705631,0.12600919284718046,0.0873429981689443
0.08459568557604458,0.08719397720484294,0.15314479194166333,0.1128126705190503,0.07168507932054581,0.1076380667760048,0.1736687110160444,0.11644667732858403,0.09281434031721973
0.12425387273765724,0.09790103967418506,0.1078696377465722,0.12795066430729482,0.09941155878479774,0.09754542165393211,0.09564113444210016,0.13845574206910163,0.11097092858435904
0.14403030367544054,0.1965127186816464,0.04062196431316547,0.10095328568043298,0.11916712362004249,0.09078387322386756,0.09921642535904251,0.09260741549069058,0.11610688995567152
0.105078817576579,0.10211320907443322,0.21352070277040305,0.08951485828214967,0.0620224482417272,0.1132896427243249,0.09992124437209499,0.12221018700783365,0.09232888995045437
0.13662501592196874,0.07431632942996301,0.07989256517929465,0.12522734338119304,0.11181865815196242,0.0755201114128809,0.19305245865963935,0.10464234553296155,0.09890517233013646
0.10853469963688846,0.07460819649132132,0.16974510509695284,0.09529833894169175,0.10014344820365458,0.09234196783300924,0.1349357940107123,0.12442491859452265,0.0999675311912469
0.11020754609903055,0.07600724321343987,0.09186980614040408,0.10829705872674095,0.1315768873045057,0.09974591355088609,0.14835684211911856,0.12993326362072935,0.10400543922514482
0.09737497234540858,0.07587193170738853,0.02883059499382255,0.1288774222094086,0.21690028499250866,0.0902553212358153,0.196468451648292,0.062129877259258226,0.1032911436080976
0.10610588504078945,0.06460280530397026,0.20596537372207357,0.1008744352163673,0.12827571498681814,0.06597932635633226,0.11835451471412549,0.11507066055331876,0.09477128410620476
0.13677749072028042,0.07671122312112941,0.09603160938096167,0.11862758121060905,0.12856534082466695,0.10035685452643577,0.09734045512234435,0.13260093604804143,0.11298850904553091
0.09062116856675234,0.06318710892753163,0.16487530479868032,0.09836333518851563,0.10661738865514904,0.08407663512811754,0.18138161155514107,0.10081542510603148,0.11006202207408093
0.1150361279072653,0.06979469408084826,0.1411166591309091,0.11750945324713952,0.09903128313637284,0.08329830512458353,0.16051894124630275,0.10739918811761305,0.10629534800896563
0.11501798474639585,0.10903252060067671,0.06807707158126522,0.10678201687472579,0.10238585324056744,0.10301967176106015,0.16043989096179287,0.11347353905313928,0.12177145118037669
0.10536914823770266,0.06924480870578209,0.14019790864605355,0.09356327690945787,0.1090523105025953,0.11635096894596288,0.15126529648153017,0.11424342891699174,0.1007128526539237
0.15400547388740551,0.09908355491560322,0.06907904548507356,0.12808734645414743,0.1204074452345687,0.11588491542208973,0.08628181844358294,0.1121688805425209,0.115001519615008
0.07924593713487342,0.12623190564221776,0.07274631225591953,0.13583136796036263,0.15759455327667105,0.1212800330592022,0.08595232784893082,0.08610272544034729,0.13501483738147535
0.1333632292861833,0.11254971184766997,0.09583645063375223,0.10582183284886816,0.11316986374606859,0.10741332877390956,0.08746716818662635,0.10882867731100221,0.1355497373659196
0.10915384710753613,0.13828346156444268,0.047262090951883634,0.12484915414248632,0.14598625190297732,0.11061919517447887,0.08214219686328245,0.09295914946157217,0.14874465283134042
0.10752775896606981,0.0868782252175792,0.12112007737871278,0.1410611392595722,0.10226984320378385,0.11775413917525013,0.10322089837930931,0.11401231804034091,0.10615560037938189
0.14328903257712486,0.0872174258814804,0.14042685608807656,0.11226228155974112,0.10658604773036066,0.10217302190144284,0.08541644618459994,0.12221582910906237,0.1004130589681113
0.09570618009980873,0.06985845358464689,0.1941676841904061,0.10519828021819018,0.10196886857719827,0.11673792439266685,0.10454699249125744,0.11091436198373979,0.1009012544620858
0.12772932366061887,0.1002300088860749,0.12319757589681957,0.09901880591391325,0.07470934611042199,0.11560558972626055,0.10747746137886934,0.14626202289184184,0.10576986553517974
0.10978086652821613,0.08273216863865997,0.062262857090171396,0.128915512173691,0.15145902430599248,0.1023956843203901,0.14516076380496135,0.09939803200560245,0.11789509113231499
0.12652262269412326,0.08717093863401715,0.13804039804910387,0.10423667796811968,0.08719065240295769,0.09595689775132556,0.1411905165720109,0.11962689039071765,0.10006440553762434
0.10095285000776304,0.16422209304276789,0.06114155898465686,0.0901343965652107,0.11378596935140613,0.11323921116903617,0.10297772950904786,0.12598775112996685,0.12755844024014454
0.12370959637866696,0.09555200637997742,0.08504141241802034,0.10631277003773028,0.11926604103130985,0.12924484237405517,0.11119766509481792,0.11167885946816387,0.11799680681725826
0.11036380019532954,0.1073264641966386,0.08785908368137084,0.13888998856993026,0.10829908019702757,0.10459628596011707,0.09596721940738782,0.11523159220248254,0.13146648558971577
0.12351067886636698,0.07642555164193517,0.19448956051851152,0.10842367060159903,0.08387485073403296,0.1063513756925969,0.09277313757050476,0.10718031581603228,0.10697085855842038
0.07254927398809886,0.13071296107068955,0.15039441242563628,0.11753442052489982,0.13863282788909756,0.0974651198111522,0.09499134435114075,0.10101801266095271,0.09670162727833226
0.09535553780322308,0.11660204962689029,0.12738241209586001,0.11022863387513565,0.08361739202021211,0.12129942395118203,0.11323454028986185,0.11904734738938404,0.11323266294825103
0.150810228470543,0.12379429806804469,0.05245661633200038,0.16736908764909544,0.08823384740622696,0.07122764522373541,0.12580198547446333,0.10919985166907865,0.11110643970681217
0.11087764718953176,0.08221274692072157,0.1519216696049205,0.09963907820663433,0.09382747368226539,0.12400563978827618,0.12284727722182931,0.10246163375675787,0.11220683362906302
0.09723302346636896,0.09105478706950647,0.11665846882914892,0.12578002331411256,0.09885910995412976,0.13796119979363028,0.08582485457037693,0.14147980780501632,0.10514872519770983
0.08000213805420268,0.07835250317713749,0.09555256504364869,0.10409732376676477,0.18981840923031787,0.11710026833217559,0.08723518466414076,0.14116572421899706,0.10667588351261513
0.09486263296209678,0.10647741024825759,0.13433134162654284,0.11056047622976099,0.10648713338989858,0.11052758395586025,0.08708832446834432,0.15022566739470325,0.09943942972453534
0.13522650203139353,0.1077197923463612,0.0993743584571463,0.09877155744566589,0.12834696607998028,0.11275172633324147,0.09078597509746562,0.1272956384915586,0.09972748371718715
0.11934564967256998,0.13411994119627382,0.11323939815327067,0.10536178321441687,0.0690460418908791,0.13405836324486592,0.10650806216775854,0.11146657205943922,0.10685418840052592
0.10696208442232957,0.13267043722173444,0.0891267500972694,0.09422827595105453,0.12327454680083157,0.10838922834465077,0.13681990121608226,0.08943634405307273,0.11909243189297465
0.10613903829590353,0.09060509142627193,0.182947382810935,0.07104208568154435,0.12144331295175852,0.06420842517628912,0.19716294999372308,0.0941749085994188,0.07227680506415565
0.12461793982270215,0.13246604571935916,0.07469212859776095,0.14379654031817163,0.10249264703888672,0.10634497976553771,0.09008622103159353,0.09251941599914483,0.1329840817068433
0.13870971511163913,0.11116435477609354,0.09578362184226481,0.08377089982182721,0.07895288481947947,0.1004569474997959,0.19588629516661912,0.0995330050173261,0.09574227594495464
0.12390121251933735,0.2016468443608035,0.05876503098458443,0.09038448881901599,0.10621051833435602,0.10840654789288405,0.09866259405238938,0.11279435115703436,0.0992284118795949
0.10604443356944367,0.1002743932298447,0.1798198690436621,0.11501622480541973,0.06504944893921212,0.09493803216653607,0.09660416598063411,0.13979371292509715,0.10245971934015032
0.07807654107954527,0.07805967713989549,0.12049264727998776,0.11471710518940458,0.13422640335643085,0.12916140208174398,0.07874557198706195,0.1427742824604019,0.12374636942552808
0.10212310660494502,0.10064323126915405,0.17425569162707152,0.09144445183050585,0.06637697391851058,0.12428440510521177,0.10000939855092832,0.13706815309023565,0.10379458800343731
0.17759674911040238,0.0771695758121343,0.10985008574511322,0.1168188058074738,0.1230633912271301,0.07853437874905599,0.09105345318306683,0.11703927742137753,0.10887428294424573
0.09472450119580428,0.07416098388382458,0.18149649536304177,0.11943991696779034,0.10205980571907493,0.10104497465763407,0.09883433305263335,0.11386914788593523,0.11436984127426142
0.11189245054961376,0.07258198348971606,0.14173520332257464,0.08072852298960885,0.09509399699720655,0.08762472256607345,0.193529274754396,0.11397967579342648,0.10283416953738421
0.1409087641775539,0.077565603029948,0.11398087565738989,0.09996544285883208,0.10461311636179181,0.11607439951170452,0.11376137566644173,0.11924547436708917,0.11388494836924885
0.12304886842026526,0.08572475246092028,0.1616727478417562,0.11204103824358425,0.0882780440367354,0.1115546760071966,0.09293327936208955,0.11899166004956419,0.10575493357788836
0.10913471575593864,0.07391463849961709,0.13318066333214815,0.094673995826688,0.1482473912856539,0.07269788655686414,0.21608978833864104,0.08491421450707393,0.06714670589737513
0.10726029778876733,0.08291571678374625,0.14390434010706057,0.09196925646349867,0.09357342575863574,0.07993755715007116,0.17679691746127998,0.12505629883120864,0.0985861896557317
0.1168029837462272,0.1430046031152414,0.12788664118173435,0.1155704979946604,0.08877520852190124,0.0753796171056269,0.15363253368222374,0.10453119263894801,0.07441672201343667
0.13257652805045841,0.1839324329938422,0.07418338283831062,0.10911074435514916,0.08956090714443617,0.0955572724530384,0.09236660082006103,0.1093839747402478,0.11332815660445623
0.13784636039623852,0.11559391829664324,0.08472803243109633,0.11948739849780908,0.10738551944746026,0.10895280022061392,0.0941682725350797,0.12018783809159894,0.11164986008346005
0.10604903361859287,0.06426001592937118,0.11470349778432648,0.08733511711453507,0.1291202413632149,0.12701117563559974,0.15396118207302648,0.1002516569957106,0.1173080794856227
0.0958355090472145,0.09339670384852942,0.09174397833440696,0.11320039364636282,0.1344532041919679,0.13904055378698957,0.08326691007778307,0.12727791314311904,0.12178483392362671
0.14379913627994564,0.11068179909845934,0.07861301915541408,0.13170365578157536,0.10428626484465399,0.10581285567300386,0.0864981344103835,0.10923507345364769,0.12937006130291653
0.09205692886066298,0.06027362160415343,0.16851059896157228,0.11628476742439825,0.11906173797693198,0.09319462564549069,0.14782449557976265,0.09454640547637443,0.10824681847065337
0.15412693244766415,0.07718472579723855,0.13410086594803602,0.10066594017512374,0.10600376726619935,0.10164165089384564,0.12142066657815136,0.1057620253010898,0.09909342559265145
0.12602687766763554,0.10714372410991091,0.0664487925640606,0.10819249815786607,0.12897152067173828,0.10139233590081244,0.11044583936145146,0.12984209936765684,0.12153631219886783
0.12361094068144159,0.0863810555677977,0.08139660256343932,0.11801925088193954,0.12701093742398872,0.11787874494716927,0.12825938115832416,0.11454992497491327,0.1028931618009865
0.10073506513923526,0.10252969918967565,0.11944996228431443,0.10016905157111274,0.09231965607228826,0.1224975844110759,0.1264971460602411,0.11475448283016186,0.1210473524418948
0.07591768099330094,0.07334830077994982,0.12527950695293724,0.1224481377948093,0.14136511044706224,0.13811181142243045,0.10797224643191065,0.09252159812627926,0.12303560705132005
0.09782952382328937,0.07216513854236577,0.17394944671850346,0.1005950046173339,0.08671334394564605,0.09195487380914562,0.16272241223216963,0.09576039947106103,0.11830985684048513
0.10902988144726604,0.1185999704428824,0.10115819658733216,0.12214586626641222,0.09125395235743394,0.10258818812742343,0.10182049203958543,0.1464831650491172,0.10692028768254713
0.13544143158662578,0.09844031266472836,0.10249342022257275,0.09361256966443761,0.13970296553845268,0.11843750788469831,0.09229661829896339,0.12557543365260376,0.09399974048691721
0.1280236601643787,0.09019409543130057,0.13082399163724845,0.1098352339646036,0.09531861139559106,0.12933505909560242,0.09185344919687012,0.09776307779166825,0.1268528213227369
0.10311030379085777,0.08875108311203135,0.16507681414868317,0.09352338597679118,0.10882017328167508,0.10046371770466556,0.12591896079697876,0.12527257660315141,0.08906298458516572
0.11157272252249656,0.07675123674231019,0.13852035514783262,0.09619603134062739,0.12078639858723168,0.09475363289853171,0.13297129031158475,0.12578739241737127,0.10266094003201386
0.12492778222693639,0.08565267608434975,0.13109691068866322,0.09692840837452765,0.10571326137776012,0.1147394979368825,0.11674423326157508,0.11329634741938506,0.11090088262992016
0.10733101016171769,0.17113489521428163,0.14095687508220034,0.0873395242094926,0.05379070463369263,0.10429346291740488,0.11057070972842088,0.11843889756139225,0.10614392049139713
0.15809342855946243,0.17030934850557078,0.05335087100775299,0.10976556108124856,0.08526154544197562,0.0920329114769685,0.11876562073164805,0.10462134439047333,0.10779936880489971
0.206048105197961,0.1551440744063031,0.030105114826517804,0.12845860136111595,0.11343345740308798,0.07770581756304999,0.07454514935908763,0.10437475484614672,0.11018492503672983
0.1441681107981914,0.09417796357452857,0.15984517935870426,0.10641329739807225,0.06738926361981845,0.11278295262624978,0.10061286422129234,0.1181458690447516,0.09646449935839131
0.15557632470301896,0.13383823462517364,0.12917918489128213,0.09616554832110769,0.0693770699751569,0.09025089216109942,0.09750463559084299,0.14813619389234345,0.07997191583997486
0.14266169946877436,0.10560705563885897,0.1285499400172713,0.09856410182970743,0.08558856191924313,0.07633553732588601,0.14835455691907096,0.11562024789683151,0.09871829898435631
0.12874273488651075,0.09463377806566152,0.14306086027443743,0.09427923802631237,0.16470860224046416,0.06412215515862084,0.1267831628457495,0.10453748622182785,0.07913198228041558
0.11645037048307726,0.11784823332711737,0.14435381618434517,0.08708785354469202,0.07721529154654293,0.09895997619919487,0.12179780494229801,0.15571192150654656,0.0805747322661858
0.11009875886022269,0.14470962920786057,0.09324535882507962,0.10797190034080346,0.08209346694183135,0.14554787636232533,0.07744589240644471,0.1261599879248055,0.11272712913062681
0.11732514127710653,0.08530335396589905,0.0926752312209187,0.10039675081440447,0.14299337798250683,0.09532870607837417,0.16560582569337204,0.08985127116209801,0.11052034180532018
0.09850010514655821,0.10897560727075899,0.13966568566587223,0.11570096697182077,0.08309863976338869,0.0944757786973342,0.10801200687819991,0.13302753920078722,0.1185436704052798
0.13315292335526085,0.06893024305906915,0.14772773887120524,0.10331907898034037,0.10039535824955305,0.10483023308623336,0.11745383111548403,0.11763992573922451,0.1065506675436294
0.13529446403522746,0.07155883094803736,0.08596594412461417,0.12587213865248756,0.14745544263597554,0.11589153022336958,0.1189715783716014,0.09663104798206985,0.10235902302661702
0.08409944716355049,0.05836052354976159,0.19191442593093833,0.09979085901599143,0.11177107990658675,0.09389720467305585,0.171017932224252,0.08861184671652807,0.10053668081933557
0.15247239801537368,0.09625133428808434,0.11878001478111384,0.11451912055888831,0.0912844714996973,0.10890385758821251,0.08345276800592609,0.12496966725740377,0.10936636800530015
0.1196942688513379,0.08998771554042538,0.10686945755986117,0.1442503625411461,0.10576240399114777,0.09790776592722646,0.10943311857734221,0.11664482781312474,0.10945007919838828
0.1544310947369881,0.10189670076319546,0.062003235145507735,0.12873537791020143,0.1172520468704245,0.11333234402468158,0.09163483351951617,0.11301900938432637,0.11769535764515872
0.09141289915891744,0.05336765306636085,0.20748506728614383,0.10542653757450705,0.11321764119947027,0.05707120013814654,0.18072172340588932,0.10428250335688073,0.08701477481368396
0.11223379122962686,0.1466064940282132,0.06893614975385771,0.09083791891064254,0.10443886944279841,0.09552702133354452,0.08761695681873134,0.1846221214685272,0.1091806770140582
0.12340574891687255,0.09364756097616216,0.14131815412148888,0.12142181183545227,0.0868534540034384,0.10775129924130504,0.0918631768773182,0.12331533601850875,0.11042345800945369
0.07613663654778358,0.0873160058327337,0.16063447015763793,0.09205198315478995,0.17005312845897405,0.1037920261555408,0.0785191673158337,0.1375274763699266,0.09396910600677971
0.11230792522466886,0.0668419742858817,0.12374403147974018,0.10664831751134106,0.16172428004758096,0.08818803563151455,0.1411817958620135,0.10343880177115683,0.09592483818610248
0.11008717486183384,0.10512236232908556,0.05442012574373508,0.1160885657007984,0.13720008655485802,0.11054300948160005,0.11937916470253614,0.12665084694097717,0.12050866368457573
0.09373697482319977,0.17981761644438818,0.059915019174312634,0.09119810186518686,0.13041381819382017,0.1185694637196358,0.08797980608224654,0.10594111277992081,0.13242808691728927
0.0958769538173792,0.12326367297955394,0.17385282875927197,0.09944729623028233,0.11675553203452331,0.09842503517065156,0.08046877260207998,0.1075350720212807,0.10437483638497691
0.13833815428425553,0.10322103805041243,0.13173294329224697,0.09100482859994803,0.08133537439335953,0.10732307842237691,0.11029391843099874,0.12690049679066717,0.10985016773573465
0.12165017903263751,0.08802899504322986,0.16393721077666532,0.11321935195732445,0.07832667784560289,0.11875346684577369,0.1000817110299903,0.11760338977615696,0.09839901769261904
0.0908952187103337,0.08645790936131666,0.13821275303516806,0.10868837518334828,0.09624839334522445,0.13938191993439106,0.10188370715704971,0.12192656465089302,0.11630515862227507
0.1377687913522847,0.07479601304575766,0.13942278184458476,0.08179478048403797,0.0867749215387867,0.09406021460465132,0.16945885376244127,0.11803081076782872,0.09789283259962689
0.12316785001692411,0.07152324569172822,0.16843690599722502,0.08050149121922599,0.08329609065216827,0.0789816010050013,0.1968473660154063,0.10162973106699276,0.09561571833532805
0.11807316647745464,0.13082957042510143,0.08664420558823592,0.08984755388531622,0.1242374136718208,0.10866922530521368,0.08349416392515975,0.12318798350541658,0.13501671721628097
0.08150180550163044,0.09362564404053757,0.16117496132620662,0.11823811505851733,0.12273276241717297,0.09886079569935506,0.10444871125429457,0.1257961950005129,0.09362100970177246
0.11547427035399456,0.176116126071966,0.04295429453825426,0.14405289061286075,0.07496407949650058,0.08963151012933429,0.1457301063022139,0.10426506132021786,0.10681166117465783
0.12251573439427928,0.08603220662401106,0.13895075129410106,0.11428350142753367,0.09128504462153259,0.11396642070721807,0.11219176179771662,0.11268010885198732,0.10809447028162032
0.10357601317530685,0.09145375830041126,0.13246140440570833,0.10417763961554294,0.09289532473849531,0.14056662327225636,0.12200104382413106,0.09651876114906942,0.1163494315190785
0.11010244478042386,0.06056620176513574,0.18894454861306534,0.10406928124509769,0.09503293379688622,0.09429154969623703,0.16058317349371734,0.11003158450861157,0.07637828210082513
0.13621822064847924,0.08774872959080643,0.12176871703656411,0.10900390245959041,0.11450799583289545,0.0975401578333082,0.09167640906601987,0.10894731116943297,0.13258855636290331
0.1307135581395602,0.0705600513710992,0.1700130588485043,0.10576279416336498,0.08896039087753806,0.09680604351382967,0.12473962725557342,0.1106331265608969,0.10181134926963326
0.11460276196817999,0.1329912618517982,0.09963113720353006,0.11801301124241059,0.06038716515205861,0.14867383995967515,0.10296744116006201,0.11025615702343407,0.11247722443885133
0.11370385244944421,0.07879195501624393,0.13189193577184435,0.13966118897868415,0.11663577629060203,0.10708643001377834,0.08974492382192657,0.1089617426912463,0.11352219496623006
0.12743072043171297,0.07643489256660703,0.16952897818987864,0.1064254565837829,0.1180067962886341,0.08623949866200704,0.11315178710840557,0.11367106778363804,0.08911080238533375
0.11634241023597247,0.0732660146008899,0.07664463680710576,0.09192095638492992,0.1552379409301802,0.11874846251456939,0.1396940852589951,0.11141562332362986,0.11672986994372732
0.10105704086489058,0.08255952912861578,0.08992895770260657,0.10198808219075917,0.10997606370843378,0.10618873373787059,0.17784462695825717,0.11569357222147254,0.11476339348709381
0.1295593981688069,0.11284818078594207,0.11267348026759993,0.08984531946810581,0.10930196984399591,0.09903211627461361,0.10366069556325552,0.119116021026257,0.12396281860142312
0.09627965363105732,0.07711696934432288,0.14691128002543097,0.10105046620777547,0.1270048886570655,0.1021180984966177,0.10349932570263572,0.12752106319989745,0.11849825473519703
0.16744206291726904,0.09097411215143103,0.09434874862185598,0.10164386722095498,0.10321559843167637,0.09929767379974201,0.12016124968332402,0.11744830552895814,0.10546838164478843
0.13833815428425553,0.10322103805041243,0.13173294329224697,0.09100482859994803,0.08133537439335953,0.10732307842237691,0.11029391843099874,0.12690049679066717,0.10985016773573465
0.09811511507356128,0.1079420251778007,0.141041220733624,0.09756957182164468,0.08056417148696511,0.11039884994667197,0.14188732540318824,0.12584410919175323,0.09663761116479076
0.11536861573516144,0.126688518366454,0.14151296352811155,0.09982134587938275,0.06711344824511366,0.13452169482096793,0.09146019543468359,0.11081876220505438,0.11269445578507069
0.10269560105407198,0.08721942291491898,0.13528586574934867,0.08507233194630644,0.09766978563223605,0.0980057134588201,0.18521634907210494,0.10333691555403024,0.10549801461816265
0.12403205690662285,0.09432257358457362,0.11182074832700079,0.1122243951945903,0.10805446648417372,0.13160699521361705,0.08258789734501475,0.1076466899918212,0.12770417695258576
0.10311030379085777,0.08875108311203135,0.16507681414868317,0.09352338597679118,0.10882017328167508,0.10046371770466556,0.12591896079697876,0.12527257660315141,0.08906298458516572
0.11496910576269666,0.10822598571176922,0.11754645156629401,0.09906540085963482,0.09016524791178598,0.11705849696908104,0.13063206844825562,0.09726897700683194,0.12506826576365074
0.1421782143671463,0.10396801287495004,0.11156183133362846,0.11025183576470231,0.05753317864365246,0.08020880549165213,0.17496025889145309,0.134091797951511,0.08524606468130425
0.12914248715078827,0.07192594965166037,0.1456574278597207,0.08968230196759834,0.10428522450840542,0.0919165691512522,0.14710983521911547,0.11724215846078861,0.10303804603067061
0.07228834145555979,0.13565664383020226,0.15109139723606355,0.07481862273801092,0.1462981762383125,0.08510088728998134,0.1825944251139591,0.08057680691005414,0.0715746991878564
0.10531785433016268,0.08484451350047671,0.1849920752142482,0.10265137309957921,0.07865040332202704,0.1262575074172634,0.09672336889021989,0.11328883462903115,0.10727406959699172
0.14243814370623856,0.11340455065588935,0.12532269756177664,0.0936737219993864,0.06828829064654662,0.11341070241709782,0.10490290673163283,0.13326897252687148,0.1052900137545603
0.13223732891053794,0.09833409741260431,0.12171716327517686,0.09221798234196821,0.08696705726100457,0.10362753550962417,0.1461672035383327,0.1180076625014652,0.1007239692492861
0.09065908000615797,0.12482792307670637,0.11869479709788594,0.09369925261482281,0.16654630752734356,0.06558932657186,0.18834211340015383,0.07900760527278052,0.07263359443228905
0.14182092156211443,0.14116006041794624,0.02734234919992075,0.11571710052675227,0.1240820011056889,0.07960269131706259,0.17345730540633605,0.09609315453676975,0.100724415927409
0.08654996361014367,0.06365516214027649,0.2161482785075066,0.10399031333422067,0.0764562475143196,0.09832007980739828,0.1538292207016647,0.10890266748748478,0.09214806689698522
0.11225641091327643,0.13050570454619967,0.09378637865905931,0.10273374481566032,0.11260546106695563,0.10785229204416218,0.10424042538685714,0.11185036958347677,0.12416921298435267
0.09706207562692189,0.08699509403219406,0.14217884559896696,0.1053575189185441,0.07904994724199572,0.11719011214505837,0.1491265940730839,0.11946007428262052,0.10357973808061444
0.10666197484532934,0.07778390383566092,0.2065938133376093,0.09560061675165198,0.09752339321260119,0.11882266395230479,0.09090215779611666,0.0901019525055215,0.11600952376320438
0.13395547646957406,0.08762172985751471,0.09151046969438291,0.10656609255250403,0.13409561347174792,0.11629279943878583,0.08712453422592065,0.12444302698401159,0.11839025730555831
0.10146827454359886,0.08847360108898476,0.1121782716225539,0.14599570356838196,0.12131787966688629,0.10326256749550938,0.08878978077971465,0.11419697373955529,0.12431694749481494
0.07700684610974044,0.08490489546894907,0.12223437185825521,0.1468094568962088,0.13530025755274191,0.13337446743709672,0.08422890654719478,0.10141364672905201,0.11472715140076108
0.10032103816773004,0.054275067830507895,0.15163647424296553,0.08652541037636345,0.15932468713472228,0.11725001632565729,0.14143223439200833,0.10424738449148317,0.08498768703856195
0.1028674085077006,0.07723209801574739,0.11852510255487979,0.09305948578945385,0.12856130238230754,0.12034014347268705,0.09303579189403204,0.14644777879950796,0.11993088858368385
0.11473622213974051,0.07769362420612806,0.1514905734160381,0.09677498421002632,0.1167343895707957,0.08366857669935308,0.1684777182257715,0.10063099490394457,0.08979291662820212
0.15484536496719192,0.11117287230470634,0.08014900813535239,0.1183184343231245,0.09254894101674858,0.07275819176978296,0.14058815529808424,0.12489137186696601,0.10472766031804305
0.15861663382972438,0.14873965114031892,0.07571531231653147,0.10174814246202653,0.10677047132624462,0.11916768881912558,0.07399847918662564,0.11350687388499932,0.1017367470344036
0.11653136210711379,0.10856151134789259,0.05842946829665624,0.11534100002535463,0.15449879988834941,0.10427292855998183,0.14126836467646395,0.09465528387336732,0.10644128122482018
0.11171462037710445,0.07337118656346184,0.1565804785716652,0.09041814827443269,0.08910248056085575,0.10289800500625819,0.16405202480010553,0.10262833576987317,0.10923472007624326
0.10094604186227989,0.06701451885429631,0.18731413991845422,0.09928928802258484,0.09360342788847188,0.09791214933477797,0.15048350389047704,0.1001801002677035,0.10325682996095435
0.11266540682505276,0.06811889837232273,0.1382780170959589,0.09869533828992853,0.1083983401801689,0.09355275440391703,0.165377606312163,0.1072790475649733,0.10763459095551481
0.1123679718364547,0.08669858842439353,0.1414020696846008,0.10189656988214098,0.11059715520497142,0.08670968417878483,0.10866293560538941,0.11826637524605604,0.13339864993720837
0.12299104682074895,0.07349801923651532,0.14476901520048818,0.09418450872145208,0.09681774880285789,0.08563771824462096,0.17216132198740328,0.10239115311577879,0.10754946787013468
0.10925375595651575,0.06959812210059606,0.17170130229209055,0.09908836698510466,0.09248169645944893,0.08558834820211782,0.189653882369929,0.10863514230343536,0.07399938333076188
0.12200194882216793,0.13754390925887763,0.07043701432443017,0.13705283491965495,0.09824984949182303,0.07423571458106037,0.13872335840067498,0.10488157593409843,0.1168737942672125
0.1278983165585612,0.11766532490497177,0.09991732729254359,0.10425636646593277,0.08867740301772513,0.13331460241347037,0.09545928638416017,0.11787679523193391,0.11493457773070119
0.13658966221501725,0.10029531154026557,0.10430383846002707,0.0975567054152141,0.10915649668603276,0.10225640126906842,0.11564771027299738,0.11530376117610559,0.1188901129652719
0.12105935885865048,0.10078549758624239,0.16801896426758242,0.08220125810738667,0.07348412295037599,0.07243465940279158,0.19756675675051202,0.11321281429262615,0.07123656778383226
0.1402973330666463,0.07826196315610744,0.17154922696496663,0.09057049984162847,0.09849699299821453,0.11497641618032313,0.08851354224083514,0.10734004893070322,0.10999397662057507
0.09983386223776514,0.12430079294387837,0.08228006215585629,0.12995120867239143,0.11671428113001363,0.12812977212355894,0.08692485395077408,0.09530550772547593,0.13655965906028614
0.12416186634527589,0.06862569143715512,0.11271857775981192,0.14362025586441532,0.13554856362327908,0.11509896074440111,0.08006094219041177,0.11332170778064425,0.10684343425460548
0.12337173608965894,0.08892887822237007,0.12074740881422276,0.12822068164354505,0.0912892359636801,0.12238049116792284,0.10951407630139454,0.10878810681555552,0.1067593849816502
0.1416590151237047,0.07895773322692877,0.033767416519866034,0.1169593166537013,0.19035401710195488,0.08737433774719906,0.11265219649516538,0.10072730925878783,0.13754865787269213
0.11304966858460501,0.15502143735297963,0.11170585743157069,0.09956122409088576,0.0814941994162358,0.08097400544350312,0.18146715799188784,0.09663322646750472,0.08009322322082742
0.10121330038934866,0.07197104639969647,0.19069457227912653,0.10274607800419296,0.10241937278630087,0.0889323047647843,0.1542010620207843,0.09858831384076773,0.0892339495149982
0.15125072529126185,0.11155372403069029,0.08020063913813648,0.12145383291848878,0.099639682190653,0.12972296226713614,0.08459073737700545,0.10448561186620707,0.11710208492042092
0.12326809237456908,0.09006634259514212,0.08168747840274006,0.08977357102051849,0.1340858562480975,0.12563411891066492,0.11814408124243664,0.11833277310201162,0.11900768610381955
0.10245527837817799,0.10637206143395812,0.1314057599925841,0.12261414345417194,0.08298308525307284,0.11000626203506005,0.08929680957436886,0.13812513711102672,0.11674146276757934
0.1365820678106636,0.09336456164821806,0.11035954040892054,0.11648006057040235,0.10528031723380443,0.1015785785373091,0.09028436201452765,0.1406740128810697,0.10539649889508458
0.1027705743315973,0.09781233398850409,0.09158331608773566,0.10122587490703085,0.17029859942252898,0.08769602605567983,0.11088449881245006,0.12435777096143946,0.11337100543303387
0.1139555045349875,0.15421239694999458,0.04011853381085822,0.13522028613335055,0.10235826378959811,0.09594858295383597,0.14634445421313988,0.10083769452948242,0.1110042830847529
0.09044648937596307,0.09139721189804147,0.14658886869191448,0.12325210383411049,0.0987417246453587,0.1326310951320819,0.08841264917676288,0.106096875889731,0.12243298135603597
0.11410984358931313,0.06467134251100388,0.09433099694998924,0.09578990865827297,0.14651727536516282,0.09068836003356096,0.17406698021168443,0.10733757524925464,0.11248771743175796
0.10218124831624031,0.14754553606930768,0.08898970922878131,0.1058406755634153,0.10675424033230523,0.10228239233235453,0.11176220224506499,0.12074258090220868,0.11390141501032199
0.09566326550060421,0.11298009408324672,0.152573335432178,0.07526758668874187,0.14161699457739313,0.11217506041756609,0.11571436431308167,0.09957912789993427,0.0944301710872541
0.09004657533156057,0.22067835834607638,0.031174915207180038,0.10485324014818749,0.09737585630722057,0.07965437119443369,0.16548628271393281,0.07520263893557251,0.135527761815836
0.13856319620447977,0.05769913803619386,0.10974757192083369,0.1197793258083577,0.13796926593157363,0.08262452664229876,0.1564728444108822,0.08879200491571908,0.10835212612966137
0.11732487270090376,0.14312700479009186,0.08254428059610074,0.0700052830368274,0.08721970821629411,0.09769647437189632,0.21976431055986423,0.09407030963514575,0.08824775609287581
0.1568371001033637,0.07730750594656591,0.08297493218752776,0.12328757919833494,0.14123901414315107,0.10010042680029595,0.0881094560698062,0.10907636865590596,0.12106761689504847
0.10068295194186067,0.14323825507646404,0.11642951980848515,0.08407755579227204,0.11168504547250951,0.11873331573047223,0.08177342453369915,0.11911536389735723,0.12426456774687995
0.08795749671913418,0.11381530806508754,0.20024790311806004,0.08905945648892406,0.0720942950152347,0.10453175978527891,0.09791718835001346,0.14601930823731027,0.08835728422095675
0.12675342261603464,0.15380471188565514,0.047137911114352886,0.13847637734989143,0.09986954161199056,0.11310785562325744,0.10254388323246216,0.09244671050378915,0.12585958606256653
0.09347712635719384,0.062093795228240684,0.16774668189576414,0.08259214265902469,0.101410317644198,0.11203101590701618,0.17934757688001404,0.10599863498096644,0.09530270844758194
0.09940465019973099,0.13201105081546305,0.07511745511926997,0.10249842443584249,0.10722696358943334,0.1167762553359309,0.0915932906937268,0.14727665227619166,0.12809525753441087
0.12970228597113084,0.1189234398464193,0.1494023193618358,0.08886717204072121,0.10233482578351448,0.09883527428206007,0.09701404151672662,0.11265382960236732,0.10226681159522431
0.11106158537600226,0.09979326501652723,0.12324284412913693,0.10134919469558958,0.08270624750189741,0.12592129877200794,0.12589092144011826,0.10105892331908704,0.12897571974963343
0.12876154305751905,0.13815308195998777,0.07707654725885989,0.08365185648820944,0.14577415017619072,0.10894553274432306,0.07988106228488728,0.1005841723899517,0.13717205364007104
0.098227760103612,0.09480458016968556,0.15594419807315243,0.09691973360525162,0.11845740373936453,0.12497000728771353,0.12049777603269647,0.09589607968448043,0.09428246130404346
0.10679671587654495,0.08093284591676851,0.14401226252047983,0.12796399458645977,0.10784545691040122,0.09547621695540746,0.09304776126322889,0.1312935365821093,0.11263120938860006
0.1103419594052069,0.10680271787689018,0.11768773933830778,0.11094326458521837,0.10680649647629788,0.11338589700989699,0.09809622806304556,0.11957518351807972,0.11636051372705664
0.1369778386318848,0.083105285742278,0.11520803072561354,0.13318089128992283,0.10614549411020942,0.09994639037989371,0.09509956015314004,0.11714958261189708,0.1131869263551606
0.1440689385413488,0.11801410628749569,0.10522790780153794,0.10493090947701626,0.07033565663904374,0.13380386574551517,0.08649446992392341,0.1260947992476003,0.11102934633651869
0.11299697479232866,0.0850352524948108,0.0603626291698297,0.11880787255699436,0.16586101792763144,0.11260154505956994,0.11445367354933134,0.10371614342802608,0.12616489102147765
0.12021827003564567,0.13493543299122004,0.10317550512582128,0.10280383188309239,0.08214732759426428,0.09737013236031733,0.08210439166287978,0.16237085916523006,0.11487424918152912
0.10372179414107559,0.062445267518140696,0.11277056052626544,0.1081631424959084,0.16437257120006843,0.10624965226692462,0.12714543857465907,0.11685500249108127,0.09827657078587648
0.13657424773400592,0.08104857158343556,0.12308063212723948,0.10547314058353408,0.1284278433648685,0.10212624646591943,0.09569863907871233,0.10777701322341486,0.11979366583886981
0.10581121930982125,0.10635875490214963,0.13476810856433818,0.08405127516049515,0.07554988627737995,0.09645366862245565,0.19407354143845265,0.11998316441493166,0.08295038130997591
0.10999470936966875,0.0893953122848286,0.14768512121685393,0.0944497797063198,0.10774645955244293,0.11646898577482173,0.1156049035838805,0.0994623155116688,0.11919241299951495
