0.09921189534176265,0.11060590039619728,0.13137916050608775,0.10314367166512826,0.13086042884846025,0.09244563058567938,0.10684168882537481,0.1344015709012132,0.09111005293009637
0.18740506261349868,0.11090111696412808,0.12326188154195146,0.10088295046480807,0.05629806220512363,0.08547521946063574,0.10859748161282974,0.10447636850109039,0.12270185663593425
0.13373276902084272,0.09914435327627401,0.10392859535480331,0.10832836716635809,0.1757735055301397,0.13457218789621364,0.08360638958979899,0.09227251401608623,0.0686413181494833
0.10955482826640639,0.10525674883247575,0.1215522822662407,0.09499542309748339,0.20397128292988154,0.08341832153499218,0.09253276553960717,0.10308845878304579,0.08562988874986714
0.0927167232006572,0.1119928944351925,0.10643053945439,0.1394983221079035,0.11470494887895781,0.09541039584011463,0.10856155192084772,0.11884827507996865,0.11183634908196798
0.11509471755866026,0.11187378677401966,0.10543189879838168,0.12496880915269165,0.14890548976431747,0.09823431657403932,0.10658594794774177,0.10529152413249053,0.08361350929765755
0.09822359305779514,0.11094005217478335,0.10633892080161204,0.10896879036439083,0.1622722903184827,0.11784957492282633,0.10457516792871226,0.10536582986560615,0.08546578056579124
0.16434573896512866,0.10027339774468029,0.09467711941163666,0.12252302133508976,0.11864499627296171,0.1129315567665116,0.09786543132633962,0.09953682285724604,0.08920191532040567
0.09579747443290776,0.10307260455073614,0.08279537129845467,0.11115878850004661,0.09820272963852926,0.19758160232350755,0.09716390522782987,0.09714493429536532,0.11708258973262277
0.09047501659979322,0.10347531451939389,0.13537378083615517,0.09105213329623212,0.12720148229382833,0.12008043869742607,0.10780239420323229,0.10590322256908713,0.11863621698485179
0.13236204983319325,0.10785030781872573,0.12041173938362555,0.13683549806483228,0.08680132485641373,0.11762536982090528,0.10428055592143486,0.10351746566796338,0.09031568863290602
0.1629065824809078,0.10821667826692516,0.14118326766824227,0.09289920151951671,0.06455440019272335,0.12700922654278102,0.11345656630710055,0.10212531302631324,0.08764876399548993
0.15948547200052596,0.11429049945095714,0.10156485581994336,0.08909786447663377,0.11312409511964194,0.0926196178332796,0.10290281226277581,0.1080184760673354,0.11889630696890703
0.09034722102713381,0.09630090036271843,0.12967110859298567,0.07688407711393279,0.18436099090327365,0.14373545647629546,0.09638161784481425,0.10005064139567987,0.08226798628316599
0.08182791030673313,0.1078359026997213,0.12110837517346701,0.09593802684978985,0.19520885219307096,0.13371881687882806,0.08675199334831156,0.10401771000758081,0.07359241254249727
0.14682855076198187,0.10485648349709131,0.0952634840525513,0.13243277014736235,0.08911912309164734,0.10735324652007976,0.0992265066618933,0.10261978712659926,0.12230004814079354
0.06630228228015958,0.10669627803683758,0.1032918941803146,0.12479932416189611,0.13859128372974253,0.12815336696886281,0.09583165395778932,0.1028614336173606,0.1334724830670368
0.0726488742367815,0.1217520913700098,0.09670551739128823,0.11674458777268559,0.09401534732168193,0.10062650525832968,0.12430031307784141,0.12007031273965175,0.15313645083173014
0.06880512436570663,0.10568995199695301,0.10901249369043085,0.10550120888127394,0.12732356770000972,0.1335664515181109,0.10982836415808078,0.11063588221802667,0.12963695547140744
0.06894585486780731,0.13496011405479758,0.10586763850536123,0.11705732212660065,0.1273846891109534,0.0903069348043433,0.13250737893987088,0.1257553065500727,0.09721476104019293
0.12930363698957903,0.11076646967703269,0.10356660418434811,0.12860396777896113,0.1045540156098997,0.09958286184386199,0.10157277327310354,0.11320211694755816,0.10884755369565564
0.08351676736767939,0.115579330962363,0.11654194268587587,0.11028272156072261,0.11952356732980461,0.1170602846176995,0.11972997205928759,0.11919258107699127,0.09857283233957624
0.10547276377749215,0.10734827084457556,0.0868564588096229,0.08951016832741931,0.11183646755396985,0.0907169535243942,0.11080751391529237,0.11479453208472135,0.1826568711625123
0.13357663962453806,0.12122977124350305,0.10940795962705645,0.10608008416100993,0.09911100646584081,0.08910750698059085,0.12169240649587874,0.12316466643298496,0.09662995896859716
0.11300608032603982,0.12707251222634827,0.10421405813917178,0.11071921555421889,0.07515808357164798,0.08380518875375538,0.11274990745266784,0.12092703758962255,0.15234791638652745
0.11939965791583773,0.09804033455828261,0.08381201812812117,0.14770258075332074,0.1327917520635021,0.1561563614297263,0.09117542618845491,0.09532797711681514,0.07559389184593926
0.17540893839201166,0.10141078794699625,0.09131725221642928,0.125273594410649,0.09661853882943905,0.12305777044223516,0.10108428068005036,0.0971351433772674,0.08869369370492179
0.05519412647946015,0.1093330835888175,0.11726058812871916,0.13586470066433332,0.14166829801681832,0.11447725478152981,0.11502275536629962,0.11177522559466148,0.0994039673793607
0.09858425273453202,0.11129730912543552,0.12202055320348586,0.1395740189825405,0.10972249420537321,0.10317749038171176,0.10924453112314032,0.10593437028144319,0.10044497996233764
0.11628865871868171,0.09950173435773303,0.12842975140227697,0.09536644261770601,0.1133613963862627,0.11599721073008333,0.11056400047893045,0.11877163266628865,0.10171917264203705
0.053976021782906475,0.12928280916969526,0.09480893532229027,0.12912572617044724,0.16275413544241357,0.08096351125089944,0.1323863267401772,0.12831734246708829,0.08838519165408225
0.06936574962965363,0.1126005709469214,0.12882349046953567,0.12121848023083487,0.09719675415185425,0.10715907465869719,0.13042885715115396,0.11388239258834776,0.11932463017300128
0.09730889342080924,0.11022832244638592,0.11732160842166324,0.09943617456857086,0.09775721255006915,0.13415725416996502,0.11073984306302104,0.10947178765845332,0.12357890370106218
0.10490354659907608,0.1031850715045141,0.1364056670925521,0.09119543878216091,0.15339278413579235,0.12653408530479726,0.09227813270389958,0.10375068225017371,0.08835459162703392
0.08703668980575667,0.11412552474294646,0.10388850922767541,0.12236481671385864,0.07821717824985967,0.12039330140990867,0.11637783860151378,0.10947866262095694,0.1481174786275238
0.08277294330165406,0.12016849138409515,0.10609044349911351,0.11100179102901188,0.12775634486469256,0.11934166032488547,0.12221560606048294,0.11327849536085317,0.09737422417521124
0.25271348029418644,0.09608095686298422,0.09270061564125555,0.09058438554527365,0.06526677102682352,0.08630780937509995,0.09929314938658203,0.1006710591022022,0.11638177276559243
0.1092368886961133,0.10884525309379955,0.10046357764738369,0.10758599925469862,0.09303859948206254,0.08335114925829525,0.11362761120734514,0.12030289175646101,0.16354802960384093
0.15828082396236906,0.11133415227845324,0.09446922206208054,0.11423191934546657,0.06611510022384867,0.10497353062561325,0.1173778732281261,0.11193503730476524,0.12128234096927733
0.12314534192095457,0.11176094064263163,0.1094737264484086,0.10629415179363673,0.12449362752599587,0.09350098410936991,0.11533184888995078,0.11749225483608715,0.09850712383296477
0.08237899725073168,0.10314855621268354,0.11761506416304317,0.08156318840044428,0.1440102431273432,0.14391614103058248,0.10588828837869196,0.10657127118119736,0.11490825025528238
0.19395880492380368,0.10214240299864662,0.10723556195146272,0.12181595404466068,0.06255656570557823,0.09712067682813898,0.10996853961131314,0.10186835178230591,0.10333314215409
0.08785167190688055,0.10766744322744236,0.12786403470305993,0.09024607412507442,0.13783583356809118,0.1331823832192483,0.11180881068754418,0.11287619386965503,0.09066755469300398
0.0798395977365899,0.11242742615193992,0.0996868548130491,0.09299942134736332,0.0920385703237162,0.1466213691673226,0.11463959330889557,0.11719009884366179,0.14455706830746162
0.1838548865733539,0.10196084178860143,0.09096893637015353,0.11278721374447419,0.06781905261161018,0.0820850729200942,0.11380210547741532,0.1103642744770164,0.1363576160372808
0.2525672853007022,0.10601040580340139,0.08160753897045565,0.10349151817367913,0.06549147767745855,0.10156177691299573,0.09335225531368697,0.09961686246206114,0.09630087938555913
0.05390149172315408,0.10888382903189321,0.13033486942572695,0.09777072567349608,0.15417451320876022,0.12203076795778155,0.12127774590321222,0.11625106439833144,0.0953749926776442
0.1263289157377849,0.10566040468214492,0.11210508180682736,0.08381840841728537,0.1158836705757265,0.10478501752423143,0.10564577681484366,0.11569659817988776,0.1300761262612682
0.11596743660207853,0.10797438092716188,0.14964101313443062,0.08338428727031866,0.09186441187313478,0.10815245445545296,0.11781355831555289,0.10453569324541756,0.12066676417645213
0.07737557970735083,0.10069373365958308,0.10433248364415276,0.12222856057801938,0.13237102040510038,0.1804813438749844,0.09788802627418298,0.10130061290586018,0.08332863895076599
0.1459379967995411,0.10884867111609381,0.11886221120102018,0.14599900704303614,0.07951563045415333,0.1033664206733171,0.11158308149488387,0.10079257392227348,0.08509440729568106
0.09584889206894866,0.10514128965284875,0.07975354246444763,0.10613105276635702,0.17160972817512113,0.13265899895494485,0.09455108771153009,0.10928876888132662,0.10501663932447518
0.08597435712703115,0.11665194944904468,0.08933064475042234,0.09346867651230926,0.09039607297212902,0.11652565879745856,0.11151082641905911,0.12126908551893227,0.17487272845361368
0.16799330154216466,0.109065802404451,0.11507602189017609,0.10193682385620885,0.07335444662486945,0.09152983091725432,0.11278946717058706,0.10688842750373034,0.12136587809055832
0.12067329822115229,0.11142960065323088,0.14143420798449144,0.09885603948184107,0.09790084768861389,0.10097685080288121,0.11958740942346247,0.10710917338035665,0.10203257236397016
0.14119070269244824,0.10354674670433923,0.10110101238697916,0.11026464579361904,0.07422713684965541,0.08584106204256697,0.112360314690176,0.1126781546821906,0.15879022415802527
0.1283570637237267,0.10205132876944749,0.12469291060324249,0.11874944388772878,0.09916254402926748,0.08853812380407174,0.10964044112579079,0.12172675942565808,0.10708138463106646
0.07305045893639231,0.11775010143962301,0.1262209117711388,0.11219399131295167,0.10595885911840758,0.11433456646656903,0.12393081483549813,0.11985495722689095,0.10670533889252853
0.1170667317169488,0.10616366778313419,0.12469390511586143,0.09202409174793623,0.17290048478440348,0.08879218702103008,0.11018633705527757,0.10423904090003493,0.08393355387537325
0.12598963435395463,0.10520302678319064,0.1075925849780276,0.09709818271813227,0.11468619079967605,0.11314707218822088,0.10650177128300518,0.11496343800403759,0.11481809889175516
0.16426323416333746,0.0987616482948556,0.12223668632951502,0.0853680964128815,0.05979843743678683,0.1653546146626157,0.09255153945162771,0.09914926293574583,0.11251648031263428
0.09877793020205909,0.10994642047403869,0.10486204716538083,0.11952633048257866,0.15438472043631554,0.0929347625887486,0.09940416001561558,0.12164570869720485,0.09851791993805824
0.11280116389867582,0.11261050604535001,0.11512406628409318,0.09981838062511313,0.09727629872355202,0.11367352510511092,0.10839924505758188,0.12363984601548413,0.11665696824503886
0.10169304707109138,0.1015867868587327,0.11047729407404801,0.12784720730364166,0.1301848565754371,0.0888231985687623,0.10473088029371325,0.11062907443990562,0.12402765481466799
0.07064045577092316,0.1213900963316182,0.14327964843404806,0.1099707501090484,0.11571100883436247,0.08477609124041834,0.11988372225982054,0.11851955034400573,0.11582867667575507
0.07332981001693335,0.10707352360065554,0.11453218297450922,0.0954983107519793,0.1669170989725179,0.12629851455981114,0.1088577392405171,0.11133761694299721,0.09615520294007922
0.05128757198421305,0.1155586260400665,0.1204299234078442,0.11700211647087831,0.14392782051804456,0.1379397815048333,0.11681025842071062,0.10620138773196323,0.09084251392144632
0.1037172085434161,0.11702666879337896,0.11773222488410878,0.11857879559134192,0.08133851812034788,0.08399391813591155,0.12065650024357222,0.11710434077954786,0.13985182490837478
0.09468818645334988,0.10643534576595627,0.10975150797286798,0.11137183146666751,0.061769360278973486,0.1236630989888113,0.10633566136454353,0.11162102867653674,0.17436397903229328
0.14454616796788597,0.11879163262946339,0.11640918664224532,0.10449824987407275,0.10415787719826936,0.09447514203496132,0.11215389563652833,0.10264799615085633,0.1023198518657172
0.08518701249640066,0.10218876071086651,0.11570400983158191,0.11296405782819147,0.11676970961065254,0.09245359530574937,0.11164866868620192,0.11128444982892578,0.15179973570142977
0.11892394878847899,0.11158226489751055,0.09048091615309105,0.18214914957651462,0.09537086177395133,0.07823040295823343,0.10987414519112455,0.10214452286480498,0.11124378779629047
0.13382431900016423,0.09890866665294917,0.07753156662992207,0.10172628173476554,0.13408187754665943,0.15039616896319816,0.09722963487299985,0.09792491891329243,0.10837656568604918
0.11797491216338374,0.12659432918362148,0.09036293832840454,0.12820324250296508,0.12242800682784379,0.11318690829403094,0.09893576608331572,0.103878486866345,0.09843540975008973
0.09196608656432527,0.10544114671711198,0.13479689029003758,0.1409915566338164,0.10047646721952985,0.11562946164481007,0.11323875278435158,0.10617930823160608,0.09128032991441128
0.12922689505908655,0.11732868369949519,0.09188912034882979,0.09343843919227063,0.13019580286968202,0.13536899214828693,0.10259448378425153,0.10594833425828314,0.09400924863981423
0.12259590809037056,0.10891974310840352,0.13796107273903843,0.09879840705019786,0.10979882892091515,0.09372026236228205,0.11514784808312861,0.11338761427629078,0.09967031536937306
0.07620372033361068,0.14194159986701196,0.12616130895973246,0.133824692814452,0.0795841569693825,0.08408700838909577,0.13116999050706143,0.13869147766016085,0.08833604449949232
0.07821232276274132,0.11906656401726122,0.1313306268486855,0.09555948251309954,0.15326553452767658,0.09836537605355879,0.11147503586240176,0.11590189550126706,0.0968231619133082
0.07433005648731149,0.11430557402768492,0.12997680194822303,0.1073559614809672,0.1227843809675316,0.10962624221040525,0.12044470476434337,0.11105850802966825,0.11011777008386492
0.08506179769747528,0.1033992161371979,0.11823397167907464,0.12408179925307788,0.09383683396624425,0.13015848983171793,0.11381343978351384,0.10461873995386899,0.12679571169782924
0.10895630199560107,0.11346488324052645,0.10410368222463184,0.09759660045523173,0.11613434212482211,0.10292982182652423,0.09973168401077764,0.11340321999785268,0.14367946412403232
0.1641560907067556,0.10474715869421057,0.09682507089909838,0.10227760172649063,0.12898496247063065,0.08975953685862043,0.10347972149717104,0.10257054008377947,0.10719931706324326
0.07820079516422403,0.1185223502366301,0.10246347820611561,0.10289454680609211,0.17249032087157004,0.11775055173941913,0.10658479543348638,0.12046926910538065,0.08062389243708186
0.09945307239829154,0.09387998370652223,0.07653190317481638,0.09686592587305472,0.2236637178249541,0.19219246459516137,0.06696336362194438,0.08500428721946506,0.06544528158579017
0.0712674157452662,0.10183164377594561,0.09143223180704961,0.13930631229812632,0.15848258086462888,0.12262086942931567,0.097181663053213,0.10734694218474732,0.11053034084170742
0.06347222646192356,0.10335268725862463,0.14800051660841892,0.105582212771002,0.12001659090657997,0.12620047702759127,0.12193655638936655,0.11775233240845191,0.09368640016804107
0.08335854208155317,0.11476345358601063,0.08569875805349653,0.1033700111368628,0.06827857594914187,0.11109024080671599,0.1129356312985136,0.11791482323345615,0.20258996385424924
0.07666293781774948,0.10068754329234737,0.06937544113870432,0.14952325736254135,0.14669014945806036,0.14815059850009418,0.08718355819458594,0.10204517764956371,0.1196813365863534
0.07627795673172143,0.10204263500707593,0.12981331611759997,0.08220651580827337,0.08595827099173214,0.14509793788799707,0.09687201916849747,0.0991347419498313,0.18259660633727118
0.12129261460809515,0.10256552136641318,0.14022548508211427,0.09990758328354261,0.07507331998150103,0.12518503171854484,0.10756493997481198,0.10507244951065582,0.12311305447432108
0.11286030386740509,0.1165578705786278,0.1355773293762371,0.09719239768725922,0.08631020965730767,0.11727388273774376,0.11195485294185298,0.10758992056464389,0.11468323258892239
0.12484613608657068,0.11655563585595834,0.13473655450586727,0.10128232225285429,0.0803979766176665,0.10708424265174175,0.12353034720247828,0.11326639834118268,0.09830038648568022
0.11497280283883345,0.10562678523513387,0.07536648282789869,0.11600308523436231,0.14970484644169302,0.12001812161500335,0.09223679417102582,0.10307420144976327,0.12299688018628617
0.11505833280762134,0.1149842241521249,0.12754106137348697,0.10476086506039843,0.09209630024546585,0.09339028977075632,0.11879211348707751,0.11437881088176154,0.11899800222130717
0.08369854255306113,0.11870915768825867,0.11239811545652051,0.10000830758717223,0.1417503929146194,0.10940289582117352,0.11279780600543506,0.1119750883650783,0.10925969360868121
0.08208857055307005,0.10733541443715462,0.1091845812329907,0.09527106531629409,0.13832566051602324,0.13449857809349544,0.10713247993554093,0.11194547067712014,0.11421817923831075
0.09920508332345741,0.1290426887502145,0.08528278016846476,0.13377298816032124,0.1362010870072445,0.0921919863069555,0.1176962553819965,0.11653876983098337,0.09006836107036219
0.06411035670600053,0.11144617071277191,0.10576495745296344,0.10471046649876353,0.13314704748786693,0.14273849705428351,0.11191395511116936,0.11482720504550288,0.1113413439306779
0.11463726671002662,0.10623775045741596,0.11410885286520749,0.18136225058087505,0.1086501762456638,0.08557431085852331,0.09729772074633554,0.105227962138749,0.08690370939720332
0.11227805154453936,0.1129880168705762,0.08592737942596441,0.08419483436886593,0.07914386775394151,0.15517344399126054,0.09817944745548869,0.10251801744117518,0.16959694114818802
0.12060252048934668,0.10343572369952454,0.12391112261385669,0.09306696064385649,0.12250530933297288,0.1319235420799401,0.11159210176258327,0.1063499614395788,0.08661275793834049
0.06313586725034996,0.09584191893242879,0.11178974577167744,0.08315667054416441,0.1927872535148837,0.17031705477803002,0.09783004601442553,0.10165034731745692,0.08349109587658317
0.07612743827326209,0.09148399254468394,0.1410953498799468,0.14745668703128648,0.05764990007320991,0.13855365306617418,0.11383967144862261,0.10383450099501246,0.12995880668780163
0.10459065684334627,0.1283614480562123,0.12143963793330854,0.09819129015372846,0.09841754504969531,0.09858745181484092,0.11229366027337305,0.11841456589554372,0.11970374397995147
0.10681655074332853,0.13601165923465014,0.08249270988605197,0.1140052365365936,0.09796590236484493,0.09512649576143506,0.12380332638002423,0.12335737853570783,0.12042074055736372
0.15491068770356187,0.09895165206236732,0.15533809027006204,0.09592209675919161,0.12076178042178624,0.07448615953051475,0.10189217859682165,0.10514226684292016,0.09259508781277435
0.0701008651861532,0.11715396439364545,0.08201581270620621,0.18332516379158478,0.12198926022840755,0.08932718718783296,0.10836984673194781,0.10618467771683553,0.12153322205738647
0.08518007291778444,0.10618624841248214,0.1568137395329687,0.07715208472144315,0.10788948144796635,0.13725938994001965,0.1143020043791661,0.10009160349723735,0.11512537515093217
0.08752183104102708,0.11217391167012258,0.12902535329060374,0.09034090806202259,0.10547279748706913,0.1400082947451339,0.11295385957978936,0.10211455172833217,0.12038849239589944
0.1055691223347115,0.10221387089243632,0.10844351563162442,0.10481415089872549,0.12997665464980176,0.0987588390314844,0.11161560059324427,0.11336867176392333,0.1252395742040485
0.052960403575111226,0.11675096437436981,0.14714750086723066,0.08962068709025715,0.1496811245693932,0.11117937058176115,0.115627445776277,0.10832486376056995,0.10870763940502977
0.10163695334939438,0.1233935106652555,0.11918419255929863,0.13023513431683323,0.07323794520155873,0.09510827533142918,0.1294432367665781,0.12067043083878953,0.10709032097086275
0.14211759858838094,0.1109312942981839,0.09991109044027525,0.1066096400306538,0.11981159975678668,0.1148469387055394,0.09899054261196046,0.1046949455977557,0.10208634997046379
0.10719090666429343,0.11801018984716076,0.09468502030832733,0.1195286220240979,0.14361890804676153,0.09250836634772548,0.11612847756836496,0.11366956106986464,0.09465994812340389
0.08244720587832734,0.10632154887975136,0.11168044917129187,0.10370903571697258,0.10501996618332744,0.08759752902313933,0.12053134784815521,0.12389530513811113,0.15879761216092378
0.049101751356145,0.11283865872844122,0.1368798581487722,0.09137185703864059,0.13420860008542332,0.14775529802862428,0.11053487235754329,0.10466366256397981,0.1126454416924303
0.2324109834861848,0.09109495986380871,0.12109845394461943,0.08686211462139516,0.07859552857135489,0.14630483537509212,0.08234510994780096,0.08747906122044992,0.07380895296929402
0.18555848992158985,0.10839063955113375,0.11808367203108482,0.07857847636457276,0.0898091870804605,0.10546392351917773,0.11088483563953618,0.10348760126346666,0.09974317462897764
0.08159439897716653,0.10807841996959544,0.1301102304260998,0.1471652952050406,0.09664601435481973,0.09705772444564674,0.12456889318358855,0.11392781784099386,0.10085120559704881
0.11410349016801807,0.10959244694486846,0.10270828423204788,0.1458154729583199,0.06354978911151186,0.13252086537843558,0.12261044907875591,0.10634575018237317,0.10275345194566915
0.07250666025193978,0.1328956863935683,0.1054790196258294,0.11690846966729883,0.09684507577063678,0.10114636300425672,0.11534504316806465,0.12956060747097975,0.12931307464742584
0.05810987390412406,0.11839951145966869,0.1125954961702182,0.12868097498122558,0.0805076288318544,0.11672051009247204,0.11563951319604887,0.11124293838935406,0.15810355297503412
0.13870293361507813,0.12930191085279688,0.08675258356498795,0.12355781771510689,0.09213812325895128,0.11812143156900974,0.08893124361608258,0.10165529469626362,0.12083866111172288
0.05984644451799314,0.13285013837632406,0.12754373302779096,0.11427982250396386,0.1340066107336824,0.08068637322043475,0.138262708455375,0.12693521502005436,0.08558895414438152
0.09205592374232156,0.11071918573433777,0.135944451984492,0.10114376963115469,0.08289950429883601,0.10207130771311757,0.11676740327065349,0.12202613747961048,0.1363723161454764
0.1404071252285299,0.10620103303852618,0.1318566580036916,0.09991956426844428,0.0918503241984242,0.09547358518527004,0.11112901610217352,0.10992508318747245,0.1132376107874679
0.07503270930830037,0.1212941635580058,0.13151380278576935,0.12341280986068738,0.08419847956656606,0.08891557882051566,0.11658272015528182,0.11678854886977015,0.14226118707510335
0.13241716625220198,0.10739662230468554,0.14989482116562294,0.08808745535925978,0.09939500554864267,0.08709610876284546,0.10981986204387273,0.10702160384291486,0.11887135471995398
0.06291794748130856,0.12446921436982579,0.11241245455647486,0.10295816834956761,0.10786306027125865,0.09964556242148466,0.11979495331995783,0.12011022744210924,0.14982841178801273
0.14812485122328622,0.10053417769185269,0.10233533004337597,0.09519450837798692,0.09121756106407246,0.08821368845604334,0.10787318667051299,0.11299231888684165,0.1535143775860278
0.15318142748865224,0.11116443359986855,0.10232146240501734,0.09186215042994549,0.07541971054262132,0.11787540408480274,0.10671963932327089,0.10943292695346081,0.13202284517236065
0.1690290529957288,0.09355191400655967,0.11918185561600671,0.07823282818317627,0.14451435290373357,0.11967137455354904,0.09499176214459633,0.0977613761061577,0.08306548349049193
0.1506187074223073,0.10858867296504215,0.09658544053596746,0.12473693413471894,0.08250454884261907,0.10416685692254012,0.10658320941525244,0.10735520349944956,0.11886042626210302
0.10713886176437194,0.12417758142301581,0.11135724898340814,0.11184518414544481,0.10240507718340293,0.11546640521714753,0.11808818549745322,0.11949605856680749,0.09002539721894821
0.1658771712195115,0.10200589464627985,0.0891845163830921,0.08735987836478122,0.16519341947477437,0.08891781619172,0.0895777683677615,0.09948420552216451,0.11239932982991492
0.09473609274093635,0.08788613942891066,0.1467380728608144,0.07735346345030408,0.14679107344996148,0.13851032474161562,0.10710277603550324,0.11009858951794899,0.09078346777400519
0.12110579970090539,0.10916948539786507,0.11472766166409025,0.10643615739220215,0.10850647465143687,0.10333524862459424,0.11049697059457032,0.10867213280279404,0.11755006917154165
0.09293619206204855,0.10039838371893572,0.1410898221390546,0.098713589025291,0.12755853263896044,0.13772177070284197,0.10671515439818809,0.10363900813366729,0.09122754718101223
0.09821368967037625,0.12077495819025859,0.09777682584587137,0.144916589662324,0.08826993364708362,0.12638765295059273,0.1086605693086133,0.10831135007973092,0.10668843064514931
0.1635912457167307,0.11187145353188958,0.1062880896115238,0.08956694112366718,0.09528119669183817,0.12075372356102267,0.1115831274966091,0.10064604270038961,0.1004181795663291
0.12415208881758971,0.11139759247827173,0.09126664652336978,0.16909901388594847,0.10933468643254936,0.09612794413826514,0.10720384341884119,0.10766969450341453,0.08374848980175004
0.14999320062348812,0.11215697415637005,0.1007745268946041,0.10799192684493959,0.08632593681240584,0.08405931150601431,0.11264822088657861,0.1138398360700003,0.13221006620559908
0.09686085048548783,0.1085626410421139,0.1035237538586613,0.11783603440798318,0.13233460140110806,0.13957333053712248,0.09717030725719206,0.10907677730000757,0.09506170371032367
0.0782748928827899,0.11236738282759424,0.1310640305133153,0.08753100698019133,0.1139219817817518,0.11144065225588497,0.11277769767706848,0.12009902967924174,0.13252332540216216
0.11915066318036854,0.11019930785129001,0.15023440332049023,0.09145159108494007,0.08501576912718051,0.10795902410209633,0.1203186300384631,0.11680038225189344,0.0988702290432778
0.18554072573649813,0.10384895077714425,0.1131825719036965,0.11074267692206413,0.08030682407043868,0.09538818266692828,0.11017377350368908,0.10066645746832815,0.10014983695121278
0.1357869868387013,0.09648603177559284,0.1300389796696891,0.08911724752926536,0.09613413853736393,0.1393812459343162,0.10199762129305863,0.10447020211464424,0.10658754630736848
0.13243509707908838,0.11111193895044093,0.12685026180696035,0.10304619019298171,0.09646058419172603,0.10967830401726943,0.10720000491905524,0.11917151745796813,0.09404610138450982
0.08670482607669722,0.11188981147264142,0.09470869963139168,0.1381962090584403,0.14435509274344474,0.11618577140817542,0.1035726358459425,0.10744542146055676,0.09694153230271006
0.15176542033343396,0.10079193885171196,0.1089201911606071,0.08948153670273945,0.11407675204525981,0.10022882603142087,0.1081979879654984,0.10091940555927205,0.12561794135005644
0.1578784950598849,0.11581905138392869,0.10236066782302168,0.1188683803060042,0.09571293352270928,0.09451300175778014,0.11362738753328626,0.10528734189039975,0.09593274072298512
0.049069841331177456,0.11523510710253736,0.096867162993117,0.0988820486446374,0.21537228464137556,0.10383627525902067,0.11146821388707362,0.12012177928344696,0.08914728685761399
0.11650752538666077,0.11366654156341166,0.12728262612361327,0.09311952134347778,0.11589511906642562,0.10100779133430277,0.10683013924547435,0.11485274803662432,0.11083798790000939
0.12273023870189938,0.10628386705719418,0.12107452607848157,0.10987156322438202,0.09599126500190257,0.09561895924784121,0.11323366060315417,0.11953232470816355,0.11566359537698138
0.04469333064172201,0.10975701375655418,0.13093740841786605,0.09760978681380661,0.11313337348707926,0.157086248729264,0.1166834315326224,0.109631086270353,0.12046832035073242
0.15423933896456954,0.11002723049131756,0.13626123522660064,0.08690948956192811,0.09644157782663919,0.10421450741408671,0.10466241471126392,0.09866735625336502,0.10857684955022932
0.09815808804440128,0.11187993203222195,0.0856209648122951,0.102527617346393,0.0779597825926117,0.15439601013767998,0.09352587819970777,0.09922282044326093,0.17670890639142836
0.08032607554737108,0.11116020658161595,0.13399790259734887,0.10047230847968015,0.08987575808938153,0.08836172922993557,0.12849085368863836,0.12469817372856988,0.14261699205745856
0.08507427350261831,0.10520154778995587,0.12232384647865525,0.1371361943647286,0.10304047001551142,0.12353236602351654,0.11486324140153466,0.10833638967198748,0.10049167075149179
0.12163157492585874,0.10292121988908243,0.10816932207543944,0.15597578702266765,0.06362606342570169,0.10293992794798928,0.10621851056141789,0.114625702944733,0.12389189120710993
0.07882095054770795,0.10228783191716904,0.12138974106940124,0.10658502076716386,0.1375219531460741,0.1383828095640027,0.1036474157244726,0.10692622834179144,0.10443804892221703
0.11603951488888518,0.10868295301667846,0.13014583383379,0.10237326344010038,0.06512788569860448,0.12013473057178048,0.12823467439500444,0.11213647298870755,0.11712467116644898
0.17650552280254325,0.09990945105628006,0.14611427355063608,0.09304037578484653,0.09951196613794766,0.08967890986843242,0.10902150155881717,0.09962151919804153,0.08659648004245533
