0.038219917858944866,0.007153083975340802,0.07473083000218793,0.24360200576557323,0.19274570267818011,0.13841031105509352,0.11120040982640873,0.05587259853692311,0.13806514030134776
0.013846235262614458,0.01023902194653357,0.0512353875493024,0.20292052361323853,0.10595414477286881,0.2030404037672114,0.04667153157107049,0.0827527829827605,0.2833399685343998
0.01649726650321111,0.011813410584356913,0.09139901419313502,0.3733523639967249,0.16862712397347593,0.1401879385227547,0.06153704476558201,0.07706587456199497,0.05951996289876449
0.009272733602468313,0.0067471310599116876,0.1001047365518181,0.1934534530493344,0.19484812520341974,0.12925690038838633,0.18120086759767182,0.05214935947073259,0.1329666930762571
0.017029460497044114,0.012607731111365579,0.0636127038969143,0.3586214092245286,0.14245135756287008,0.12601095238309099,0.06440556225863385,0.07272569575880544,0.14253512730674692
0.015996253154515187,0.011797836240141567,0.10803505438786952,0.35454413471810087,0.06369197098579397,0.10285079725116336,0.07493485129622023,0.08918638639641467,0.1789627155697806
0.015740441103776936,0.01192288769971537,0.08296936979883607,0.31782350962733913,0.20196585796709168,0.0831679831385752,0.06003847329577457,0.06974236999673329,0.15662910737215763
0.017029460497044114,0.012607731111365579,0.0636127038969143,0.3586214092245286,0.14245135756287008,0.12601095238309099,0.06440556225863385,0.07272569575880544,0.14253512730674692
0.018387082729071684,0.014340198416505795,0.07827822570916944,0.3682661858733862,0.15723526420989356,0.0706344699246106,0.059923827820776966,0.0756876737916315,0.15724707152495418
0.01545006418518053,0.01018366363633321,0.059019819436063846,0.3714418175168852,0.16389363026216755,0.13938085584426124,0.04680767761799789,0.06187059939838314,0.13195187210272735
0.01839845640746832,0.01431851624150828,0.08021694824299978,0.367939604157505,0.15565180413952315,0.07056481539239433,0.05982786785788514,0.07564279622398801,0.15743919133672804
0.015136783514511615,0.01152293532127671,0.040120414412324217,0.32465088544410553,0.16912275226136872,0.1436901190066663,0.05363139615199217,0.07207938906049621,0.1700453248272585
0.01569478815624604,0.010198166738022818,0.06542898760468814,0.32869744419446806,0.19411855295396138,0.15222537510935663,0.0506905144823168,0.06664962417079735,0.11629654659014273
0.010570274684150636,0.007369492940447278,0.17719661192453004,0.1784768459781505,0.24548424411839406,0.16791488230194726,0.09683765872908877,0.06488920602068421,0.051260783302607325
0.016947936487403507,0.012009757190153172,0.07820221576452731,0.37093439588118454,0.05523333551130855,0.1626254656681363,0.06819672567986343,0.08175314681776992,0.1540970209996533
0.015952275805121974,0.011942908377236489,0.07253792204209814,0.3239364802437904,0.17263885592591074,0.12841658909954584,0.05789061393307399,0.06711962676379513,0.14956472780942728
0.016441863472183384,0.011367163804194743,0.03950050218064958,0.34533670104876085,0.1744510746686395,0.14455339463854597,0.057502446240139116,0.07012401159902173,0.14072284234786514
0.017029460497044114,0.012607731111365579,0.0636127038969143,0.3586214092245286,0.14245135756287008,0.12601095238309099,0.06440556225863385,0.07272569575880544,0.14253512730674692
0.0268238444435626,0.011053180603146492,0.08158867245334402,0.3473761020206915,0.16430916994254166,0.12705780999767746,0.045958534260948376,0.05819060103089737,0.13764208524719057
0.016954054360720828,0.01203087800281997,0.07809719529977532,0.37115895787146874,0.055504081813402,0.16210463307008974,0.0683001355315857,0.08176238370909825,0.1540876803410394
0.016401227814173833,0.011451314068037996,0.06451221362912923,0.3459735469109362,0.16713229958456444,0.13807825399631038,0.05781862662037371,0.07022846906127134,0.12840404831520288
0.01606122677323087,0.047547721596556215,0.05997269391428203,0.33528806498141966,0.153154658373256,0.13163698261629234,0.054249465987607326,0.06619610361601273,0.13589308214134285
0.016959071200517945,0.011601523411190237,0.03856767047727058,0.3791683825654491,0.21789594532214615,0.1477502157238352,0.06128558236681788,0.07834348381903168,0.04842812511374126
0.01614752957105132,0.01122321867266849,0.06281500946435416,0.3393927236568373,0.16787034839456674,0.13996428134927277,0.05552268101518234,0.06824865046080823,0.1388155574152587
0.016023031635091507,0.04022293702021811,0.060989056849548494,0.3368330705764428,0.1537580024984492,0.1324505653028996,0.05562497998128189,0.06706042289912706,0.13703793323694133
0.12907368963445323,0.011021284876465512,0.09719812892930886,0.33777734985761004,0.2434390770362085,0.03246244752905982,0.04204403020851328,0.06745480231584514,0.03952918961253557
0.014977402835652418,0.009203058238985722,0.06544540805169452,0.301218535370738,0.21353646574207955,0.16850385095157716,0.043698011983590516,0.061825015344801254,0.12159225148088086
0.01501007303983992,0.01069880209926872,0.10837735071705641,0.30956933041855245,0.15872645791937776,0.10881451149998529,0.05188537808518376,0.07072326893598536,0.1661948272847503
0.0163772631026306,0.010978733980509565,0.0841423983081273,0.36081975414029593,0.0557512097398753,0.1860580650330584,0.0656225433855297,0.08230009842100726,0.1379499338889659
0.017029460497044114,0.012607731111365579,0.0636127038969143,0.3586214092245286,0.14245135756287008,0.12601095238309099,0.06440556225863385,0.07272569575880544,0.14253512730674692
0.017029460497044114,0.012607731111365579,0.0636127038969143,0.3586214092245286,0.14245135756287008,0.12601095238309099,0.06440556225863385,0.07272569575880544,0.14253512730674692
0.015253210131424671,0.13329725768364456,0.059588841601182906,0.2931771560619983,0.14608391829836218,0.11921081283127434,0.05301190987396864,0.061116489955133364,0.11926040356301114
0.016749606020223504,0.01258972747938407,0.09138049579225861,0.367638127335493,0.02928269697817525,0.14979544961573601,0.07212854658248796,0.0822740678480212,0.17816128234822035
0.017029460497044114,0.012607731111365579,0.0636127038969143,0.3586214092245286,0.14245135756287008,0.12601095238309099,0.06440556225863385,0.07272569575880544,0.14253512730674692
0.017029460497044114,0.012607731111365579,0.0636127038969143,0.3586214092245286,0.14245135756287008,0.12601095238309099,0.06440556225863385,0.07272569575880544,0.14253512730674692
0.017029460497044114,0.012607731111365579,0.0636127038969143,0.3586214092245286,0.14245135756287008,0.12601095238309099,0.06440556225863385,0.07272569575880544,0.14253512730674692
0.015366415467161346,0.011712347866585744,0.07156233171639749,0.3655476116871231,0.16137032627579417,0.12366148501073511,0.05112581407460207,0.060459921308942344,0.13919374659265862
0.013197065416268089,0.01010904609701113,0.07708596496350675,0.2984377085251079,0.1445572325497199,0.11890210758947554,0.12622094302231768,0.0662949829439571,0.14519494889263587
0.013046439886160048,0.1118743581035122,0.06264516517570104,0.312156009146688,0.1565343203170476,0.13697355712426829,0.038378395237256446,0.054813404438331326,0.11357835057103509
0.011977957240594276,0.008158667205403609,0.07854430125235683,0.2705128005991469,0.2119073997919092,0.07633463081521051,0.13489492222896118,0.061420536902646594,0.14624878396377097
0.011960491690858407,0.04068203592863897,0.03470365720117152,0.2668044583605972,0.1660747171377146,0.12869687904885382,0.13675130407243524,0.060816169292155435,0.15351028726757474
0.01355525661432322,0.0075978245379631,0.06321588415303121,0.3541846304965519,0.18955383194347172,0.16846058943865325,0.0356836161840744,0.05436137197200503,0.11338699465992617
0.015622167538269465,0.011231057516506633,0.052791024285119996,0.3351667258038695,0.07844646342327595,0.18361830145893973,0.06110747959011901,0.07990107574466408,0.18211570463923565
0.017029460497044114,0.012607731111365579,0.0636127038969143,0.3586214092245286,0.14245135756287008,0.12601095238309099,0.06440556225863385,0.07272569575880544,0.14253512730674692
0.017029460497044114,0.012607731111365579,0.0636127038969143,0.3586214092245286,0.14245135756287008,0.12601095238309099,0.06440556225863385,0.07272569575880544,0.14253512730674692
0.012726820104406554,0.009552726101088399,0.07184460046294759,0.2907652305810625,0.1402637613478437,0.11379740227929698,0.15445765883890863,0.06505096316403959,0.14154083712040608
0.022607660898245476,0.01226323518556991,0.06747631151216005,0.34674620169993425,0.14448658419610574,0.12764775030761663,0.06151547439781013,0.07154691217038926,0.14570986963216853
0.017029460497044114,0.012607731111365579,0.0636127038969143,0.3586214092245286,0.14245135756287008,0.12601095238309099,0.06440556225863385,0.07272569575880544,0.14253512730674692
0.01704568268692243,0.10735380753322955,0.08299596959258447,0.16508218336455902,0.19613337132564557,0.13528079876442556,0.13736665739770668,0.044723328598322704,0.11401820073660408
0.017029460497044114,0.012607731111365579,0.0636127038969143,0.3586214092245286,0.14245135756287008,0.12601095238309099,0.06440556225863385,0.07272569575880544,0.14253512730674692
0.017029460497044114,0.012607731111365579,0.0636127038969143,0.3586214092245286,0.14245135756287008,0.12601095238309099,0.06440556225863385,0.07272569575880544,0.14253512730674692
0.014782478616016946,0.010723517261405842,0.07992899345997845,0.3139737448453956,0.17836632098226649,0.14507548356502528,0.05099699205568916,0.06799690603904933,0.13815556317517289
0.012012416608351494,0.009186601092398463,0.08468868153717819,0.2839724479845079,0.20862533601110186,0.15941158091672072,0.04865760390671179,0.05778583028741241,0.13565950165561716
0.012992515455474167,0.008285751533619127,0.06022736782522528,0.29703082482930565,0.16660636976816237,0.1250796136577079,0.13468716626425306,0.062205527959139716,0.13288486270711272
0.03097206523610208,0.011838917067613383,0.09406165423966721,0.33123232744972925,0.08965357625873314,0.14301680309390438,0.05582081768448821,0.07243439122957218,0.17096944774019016
0.017029460497044114,0.012607731111365579,0.0636127038969143,0.3586214092245286,0.14245135756287008,0.12601095238309099,0.06440556225863385,0.07272569575880544,0.14253512730674692
0.010985367370703098,0.008072677227293374,0.11593282423064881,0.2452478037134214,0.19270346786805162,0.12378501837661883,0.20008182677217015,0.06277649577101234,0.040414518670080286
0.017029460497044114,0.012607731111365579,0.0636127038969143,0.3586214092245286,0.14245135756287008,0.12601095238309099,0.06440556225863385,0.07272569575880544,0.14253512730674692
0.015316285363547536,0.011761473056802084,0.11414547949881786,0.33224200266076626,0.03192430833451857,0.15894955401243197,0.06429897704778885,0.08045326466313231,0.1909086553621945
0.012445452958322932,0.245538277474968,0.055708104162675944,0.23988657914207143,0.13375842903035082,0.1250860483700088,0.03312276899121253,0.048662166993445326,0.10579217287694431
0.015348355099281267,0.011830822413236124,0.07972057509728857,0.3264784190244621,0.15416813922227124,0.1336624851198196,0.05584627681522597,0.0704245462461659,0.1525203809622492
0.014868162397504985,0.011591862626710374,0.10218935083923981,0.2784387288914163,0.2360957237752488,0.08140247160754333,0.05390371000498354,0.06434985972050979,0.15716013013684318
0.017029460497044114,0.012607731111365579,0.0636127038969143,0.3586214092245286,0.14245135756287008,0.12601095238309099,0.06440556225863385,0.07272569575880544,0.14253512730674692
0.032486911020583056,0.011696960184062659,0.07883575722465012,0.3195314813142024,0.1508833521293765,0.13199939449319736,0.05510512222195199,0.06926746693811364,0.15019355447386226
0.017029460497044114,0.012607731111365579,0.0636127038969143,0.3586214092245286,0.14245135756287008,0.12601095238309099,0.06440556225863385,0.07272569575880544,0.14253512730674692
0.017029460497044114,0.012607731111365579,0.0636127038969143,0.3586214092245286,0.14245135756287008,0.12601095238309099,0.06440556225863385,0.07272569575880544,0.14253512730674692
0.017029460497044114,0.012607731111365579,0.0636127038969143,0.3586214092245286,0.14245135756287008,0.12601095238309099,0.06440556225863385,0.07272569575880544,0.14253512730674692
0.014743508227333816,0.010463292918042476,0.03595606051436056,0.31062446521172743,0.19427701738266437,0.15809542626707282,0.048962166699538935,0.06993879625837755,0.156939266520882
0.014802004561502699,0.010679987354110224,0.03250245085657829,0.27191043203736326,0.14200065490759908,0.1658886160114854,0.04902612896335427,0.07335072277548005,0.23983900253252674
0.01604171431813307,0.011226979987950287,0.08295142920576798,0.3428628831470819,0.11432205863250029,0.15238926687080334,0.05449505816948258,0.07191037445839588,0.15380023520988473
0.017029460497044114,0.012607731111365579,0.0636127038969143,0.3586214092245286,0.14245135756287008,0.12601095238309099,0.06440556225863385,0.07272569575880544,0.14253512730674692
0.015926021086165712,0.010762057987010016,0.07168574590372276,0.35689642683998607,0.1981922090523068,0.158656842802154,0.0554586425323112,0.07457018398783648,0.05785186980850699
0.014992495241471811,0.010903651299534078,0.07137549044086335,0.304670912850056,0.19177253333450642,0.14155850527729621,0.06890101812123296,0.06334853454712686,0.1324768588879123
0.017029460497044114,0.012607731111365579,0.0636127038969143,0.3586214092245286,0.14245135756287008,0.12601095238309099,0.06440556225863385,0.07272569575880544,0.14253512730674692
0.017029460497044114,0.012607731111365579,0.0636127038969143,0.3586214092245286,0.14245135756287008,0.12601095238309099,0.06440556225863385,0.07272569575880544,0.14253512730674692
0.017029460497044114,0.012607731111365579,0.0636127038969143,0.3586214092245286,0.14245135756287008,0.12601095238309099,0.06440556225863385,0.07272569575880544,0.14253512730674692
0.01694191597101694,0.01198881977115983,0.07830614532815199,0.3707064384600535,0.054972838465482704,0.16314256043233757,0.06809351605691588,0.08174303489538313,0.15410473061949848
0.01419007290044498,0.010884210921626414,0.10917229872852026,0.3148469152023145,0.08867393430311808,0.21439509205361063,0.13170026080346056,0.06267903105697345,0.05345818402993116
0.017029460497044114,0.012607731111365579,0.0636127038969143,0.3586214092245286,0.14245135756287008,0.12601095238309099,0.06440556225863385,0.07272569575880544,0.14253512730674692
0.017029460497044114,0.012607731111365579,0.0636127038969143,0.3586214092245286,0.14245135756287008,0.12601095238309099,0.06440556225863385,0.07272569575880544,0.14253512730674692
0.017029460497044114,0.012607731111365579,0.0636127038969143,0.3586214092245286,0.14245135756287008,0.12601095238309099,0.06440556225863385,0.07272569575880544,0.14253512730674692
0.01590762683069065,0.011920407517534426,0.0731817474241697,0.3219682460726583,0.17430010810577132,0.12853975431215503,0.057548111896073756,0.06682182978002331,0.14981216806092354
0.01623722863416207,0.011279932062686729,0.0635603637508584,0.34176853701918475,0.17095466711555543,0.13946341616362382,0.0564749539772062,0.0689899352453701,0.13127096603135247
0.031600769515403915,0.013802893568563972,0.08917160140388301,0.34522705298124556,0.16144786994427587,0.07055471326080179,0.055459065435789025,0.07396332185736637,0.15877271203267043
0.028731220987928557,0.01041162495935226,0.10853070380891132,0.2977970374078831,0.1521403305633145,0.10799503281906804,0.048890346837949815,0.06790057798464592,0.17760312463094655
0.01768713909943425,0.013910514965331243,0.03552140453282251,0.2754286617081543,0.2613149254357325,0.07167144380775337,0.0460095327186375,0.07629564528239048,0.202160732449744
0.016818702293121175,0.012040202035182317,0.07734662213444675,0.3696236048817189,0.05618674673948129,0.16476661316700422,0.06803295764245147,0.0813523820616034,0.15383216904499045
0.017029460497044114,0.012607731111365579,0.0636127038969143,0.3586214092245286,0.14245135756287008,0.12601095238309099,0.06440556225863385,0.07272569575880544,0.14253512730674692
0.014612345971272908,0.010998085951851684,0.10919399868374831,0.35772883692154994,0.19640136515143616,0.14271170467911587,0.05238597066064116,0.0693849812974508,0.046582710682933105
0.012758385534249477,0.12921798861483808,0.12962707503136753,0.22383886628829397,0.21218369910418153,0.150102333312082,0.04249647634405688,0.06256322996097705,0.03721194580995358
0.03176913255364134,0.011719169709054818,0.07832811517401157,0.3207822708162581,0.15069179510843514,0.1318399715629134,0.05533733975815704,0.06936590342985573,0.1501663018876728
0.016472152241945363,0.01156221162606245,0.04559815272209234,0.34621227163440227,0.17044488892255252,0.1414092748099399,0.05746352918766642,0.06998665818030489,0.14085086067503386
0.014605426267248986,0.010994493126833945,0.10932595181163401,0.3575908876572577,0.19651298381745486,0.1427451261617122,0.05234922185253658,0.06936436500929206,0.04651154429602977
0.016748194214309897,0.012806470884518485,0.10493353328901496,0.31669016005923684,0.23356957846870582,0.030701482939984936,0.050319566543721585,0.07153612887986421,0.16269488472064342
0.01534324563761786,0.01076571801490935,0.03621649741390209,0.32537520904138806,0.18472085436024419,0.1492965950372286,0.0506515839285435,0.06850543054293733,0.159124866023229
0.017029460497044114,0.012607731111365579,0.0636127038969143,0.3586214092245286,0.14245135756287008,0.12601095238309099,0.06440556225863385,0.07272569575880544,0.14253512730674692
0.017029460497044114,0.012607731111365579,0.0636127038969143,0.3586214092245286,0.14245135756287008,0.12601095238309099,0.06440556225863385,0.07272569575880544,0.14253512730674692
0.026685285411585283,0.1138515095523922,0.06533118297742181,0.27951801500196555,0.15439604971364157,0.13345298376500922,0.04676485889701016,0.061076306233960924,0.1189238084470133
0.02875978750131848,0.011219164286385338,0.06194882628812893,0.3400445417930209,0.16223337460931317,0.13372091017011148,0.0560155457318152,0.0681107504061494,0.137947099213757
0.017029460497044114,0.012607731111365579,0.0636127038969143,0.3586214092245286,0.14245135756287008,0.12601095238309099,0.06440556225863385,0.07272569575880544,0.14253512730674692
0.011795643534294208,0.008968928272545352,0.18862426689350112,0.17225161759648,0.25884606095928325,0.17704538414585572,0.06304271599647855,0.06570055100809186,0.05372483159346996
0.02820424881806988,0.011033907690336955,0.06213617881852043,0.3376484654905259,0.16272304592854767,0.13842701969009655,0.05455614315072895,0.06747197952082616,0.1377990108923475
0.014781800878101624,0.011533532605579338,0.1789099586336862,0.2229253292726019,0.33287480816891163,0.0802195998179767,0.051365688461019944,0.06645674603066988,0.040932536131452785
0.01397841412710747,0.06309604941257232,0.07948935421431862,0.28655733553343365,0.16649243253184032,0.13953660133933202,0.04392164270210603,0.061397017297598507,0.14553115284169102
0.017029460497044114,0.012607731111365579,0.0636127038969143,0.3586214092245286,0.14245135756287008,0.12601095238309099,0.06440556225863385,0.07272569575880544,0.14253512730674692
0.015424791369249109,0.03273261202699094,0.06515823873564598,0.3422046583142806,0.20659552491025832,0.1630035624788481,0.050408809350569884,0.07023686192425173,0.05423494088990535
0.01679066227514299,0.012555252694993487,0.08934530714388329,0.3676609575821981,0.029029865926221615,0.14982775223247122,0.07199333492327242,0.08197481669817884,0.18082205052363806
0.013429538638569603,0.010469915495584499,0.10649369213337088,0.31380718045774175,0.23730892090857267,0.0848575182541413,0.04048685465967377,0.055120547727252577,0.1380258317250929
0.013913505264317864,0.00962753800595483,0.10347087205688099,0.2902144004575931,0.12075029988501335,0.08274837994580703,0.14025005979070718,0.06680159268987694,0.17222335190384877
0.017029460497044114,0.012607731111365579,0.0636127038969143,0.3586214092245286,0.14245135756287008,0.12601095238309099,0.06440556225863385,0.07272569575880544,0.14253512730674692
0.016674803556413997,0.011711115421362583,0.1453512266777793,0.39234330036272286,0.03205836017116801,0.16892635583148743,0.07096559530927403,0.0901799964927656,0.07178924617702613
0.017029460497044114,0.012607731111365579,0.0636127038969143,0.3586214092245286,0.14245135756287008,0.12601095238309099,0.06440556225863385,0.07272569575880544,0.14253512730674692
0.017029460497044114,0.012607731111365579,0.0636127038969143,0.3586214092245286,0.14245135756287008,0.12601095238309099,0.06440556225863385,0.07272569575880544,0.14253512730674692
0.01646281286518937,0.01154574738780645,0.045373695434742824,0.3459742781304343,0.1708906200229813,0.14165286685769637,0.0573525391103028,0.06993575142999968,0.1408116887608469
0.01624667356325565,0.012050457286707407,0.025379491024741078,0.3342909908108513,0.18570942450490358,0.13210855463972893,0.06048745251101977,0.07035872200201605,0.1633682336567763
0.013140251394262017,0.010071309871001756,0.0773304115780165,0.2974568686136418,0.14457146779252994,0.11875378376660699,0.12730212672112623,0.06619512288766978,0.14517865737514493
