0.02715218862674507,0.14602373177580882,0.12085522121607561,0.06213141184612509,0.030478599176985467,0.049169834029297144,0.02181416972427838,0.021147458070290986,0.5212273855343934
0.03561672599336705,0.21818458856698594,0.03680772220132028,0.1405328531385617,0.16211197535850705,0.058587735063296086,0.17671738144305296,0.09600635213033078,0.07543466610457812
0.04581058857495688,0.08741724833929909,0.18754546901322458,0.081900418484661,0.11326264341753632,0.11912396929180225,0.12398940578503193,0.16500197668587413,0.07594828040761387
0.09243597346671129,0.09703949094417201,0.022450778043562825,0.021319887039008296,0.5503004326820693,0.07559780234703813,0.08092468403893412,0.0365021348673124,0.02342881657119164
0.1592021204601316,0.34799718261130336,0.019675550032111123,0.18511156961381772,0.06757842220520396,0.12020161805328884,0.02617874881811398,0.016207987990040057,0.057846800215989334
0.06963933368303306,0.169633750204404,0.024763630466833924,0.058713220646154356,0.3905501284351645,0.06568156082907804,0.05290847370076374,0.0537170906522795,0.11439281138228885
0.052091612993642934,0.3678173491631265,0.17365377543900543,0.04864310478121455,0.24264261389490951,0.06063888505195276,0.0064582510006913575,0.019671467818763305,0.02838293985669373
0.02760030473749576,0.06646931044924384,0.18955629014319597,0.05721462876130005,0.05145313435747917,0.04254657675981092,0.03239628522819071,0.034340207617873285,0.49842326194541015
0.02522499490429084,0.13638812556905888,0.009854471030918134,0.062015616954625215,0.38086823024644517,0.04772345945626022,0.07185934816422886,0.20504842423583822,0.061017329438334565
0.008073803776417122,0.31329976436208457,0.2624634363481482,0.08560814668362117,0.1873596628167117,0.041887285083714525,0.045021655538612065,0.02782525995694493,0.028460985433745773
0.07300062149400773,0.1275090051629653,0.04047528799660781,0.01147409740276756,0.4411737900348982,0.07929822422935524,0.06235003191796695,0.13028920872147143,0.03442973303995974
0.033063449660886535,0.1334678012957069,0.01187357254064883,0.026193181127848218,0.08859063506319342,0.04134115947107342,0.04491969727654652,0.01887890666364724,0.6016715969004489
0.021280698635034772,0.09684152401190434,0.07074096638270619,0.06068435126179672,0.0711739576619891,0.14311270437882118,0.0354853583667216,0.06885732671452777,0.43182311258649825
0.1055112242403266,0.22640603895028125,0.008622808009359393,0.07525630224928125,0.4521577608656638,0.07124115531533327,0.029768853204883514,0.02431781764045556,0.006718039524415349
0.013858566790299768,0.3154367924848063,0.3512572508668174,0.024374877613423274,0.12110489283740039,0.06565709128594376,0.037524425880247604,0.032549641707302436,0.03823646053375904
0.14323425514663415,0.005253774244598368,0.02279920262161048,0.008667385974984114,0.07014712000220101,0.2336119241930464,0.011051040223127024,0.46782516101420174,0.037410136579596694
0.15706382926634174,0.09759857696128327,0.03442392484230506,0.03434960135295209,0.08821318405903844,0.05852238041991722,0.46928365829870705,0.030027016987010647,0.030517827812444498
0.09789722305053412,0.1568536530016059,0.08211829610633094,0.10799746946338663,0.1175343061264887,0.0834611431571514,0.29642285500850735,0.012478706555461905,0.04523634753053311
0.0024054279174784564,0.17806184372733636,0.12689080379760118,0.08509014631214469,0.04566370525117547,0.03556280484497423,0.05174672393870485,0.023085417861917933,0.45149312634866684
0.0034775776562992167,0.32468707403628566,0.4315849389770514,0.046016393164034476,0.012213777396390811,0.02700900284986391,0.010300433615363059,0.0796537818819221,0.06505702042278938
0.08923531264148975,0.12225855615799976,0.023697653040735095,0.14886034088655573,0.4318569487314525,0.112783493417413,0.023554120232606706,0.021866506824433612,0.025887068067313956
0.08100608126061598,0.12751155938445016,0.013117313050578672,0.03856773184224344,0.5183583089299,0.05801487347764478,0.03777367154555448,0.023169769865323556,0.10248069064368907
0.0328277976173901,0.49891561144691193,0.1980204592579188,0.06064664565731387,0.006946096580330521,0.06292322978160077,0.006081563961858136,0.03045281112057827,0.1031857845760976
0.024097378710056735,0.09080163113168928,0.013580506694601055,0.026992665678331747,0.3221713507329858,0.03689145159408361,0.06681235844607937,0.04441308186910067,0.3742395751430718
0.034816461559789826,0.04892699757623944,0.0595541015353529,0.18007106163994804,0.447307005964895,0.14355924101836293,0.023161326449600155,0.046745998682408245,0.015857805573403484
0.10164293775330381,0.3243454363892068,0.010259631711449545,0.048641515814274894,0.05744589940110798,0.06926368042374349,0.33078504779492257,0.017473135129587054,0.04014271558240381
0.22593724150619765,0.0956299245268898,0.01389690109111683,0.04022420680476967,0.3418837353664368,0.052916395909446634,0.07128930626375009,0.06081392909130517,0.09740835944008737
0.26488283087526815,0.2914678466458393,0.01873343417478146,0.011024182529299301,0.23475222983892075,0.05701128622034566,0.029396260604848495,0.06398570826853078,0.028746220842166128
0.07369620514304269,0.013959461017462878,0.023257477511960677,0.16870045850183182,0.3898834471633184,0.050705074768656024,0.12461926041680293,0.13170771474105922,0.023470900735865403
0.03935492760960841,0.03058789967289933,0.05565389880940463,0.08342616554174768,0.1008968806868402,0.26491861682545037,0.01916887571348117,0.36940872879998493,0.03658400634058332
0.10063340397138615,0.5761437916901708,0.03604419624948121,0.05464402152369761,0.013895715482125719,0.0705557000330194,0.048839746093542996,0.051924179100700886,0.04731924585587533
0.11584532057543463,0.07557323876963373,0.025934217237148696,0.0895167376011663,0.1517616663160828,0.10713101608539131,0.3803224812543897,0.022620984128904936,0.03129433803184785
0.10670041442593019,0.2391367127193252,0.018563145444889236,0.0409095579910858,0.272978500345969,0.0684801195753349,0.03916688737489539,0.13437790494931698,0.0796867571732534
0.03327489229625807,0.11054110367830684,0.010330948100357161,0.060169087266963954,0.4873675558378068,0.16122430847122352,0.019265681766296252,0.04527070855149646,0.07255571403129095
0.042973653250990444,0.08747162164300272,0.3098792822326917,0.020824216741035878,0.010093406997899517,0.1658533636308789,0.020524999050377548,0.3278864261877809,0.014493030265342455
0.03745073921821012,0.07110670564644166,0.026578394186745333,0.14867948441396814,0.3616205109823231,0.13157630501603687,0.06185329859155527,0.06895918967829909,0.09217537226642047
0.07333130103196041,0.13497496738499845,0.0490491313718755,0.08514961390733145,0.23526151650705418,0.12230214885318101,0.09623151922514829,0.1303766829911426,0.07332311872730808
0.03237875427075616,0.4583351471166963,0.12600073157358171,0.024430685030161308,0.17034622289828336,0.07912410603631011,0.05103533263300539,0.018054495157460812,0.04029452528374494
0.012357204139056438,0.10594667854789826,0.02696289435456159,0.08521575050277723,0.06785210419579818,0.046758296409029176,0.04872041189239484,0.02610414395163313,0.5800825160068511
0.1342930298560406,0.2409278072353018,0.02774456208130241,0.23240208948039656,0.1191074017793156,0.08691483317522226,0.10819082195686475,0.034419718558060156,0.01599973587749584
0.05807778671083804,0.0734635191458637,0.029654452534671662,0.06503415855183457,0.5720342513214045,0.047345991174715635,0.019714167416005565,0.07684365579914515,0.057832017345521035
0.006672632773654302,0.24651984276317707,0.023442317110841993,0.022286530419376536,0.16914961274150817,0.03174738572941952,0.02611208425772152,0.03439974691868719,0.43966984728561376
0.046702302157460684,0.160980596251304,0.03946586976668192,0.04496974634220277,0.04177331047962485,0.06853982888244176,0.06825041567924177,0.018915282001767383,0.510402648439275
0.023943454647972002,0.16422868592971235,0.03261878147088989,0.21587538330876743,0.08607577920100941,0.24259476923279358,0.04415065441163746,0.16141711087762597,0.029095380919591962
0.10691503369605204,0.2044401352471904,0.09345906421418715,0.09383708674146103,0.14212166163864356,0.12339961168927908,0.03862388177491274,0.15093513814647164,0.04626838685180226
0.002252190281934825,0.13306240745040052,0.023825009592860418,0.10755068122027134,0.0319111961102359,0.03966503256689813,0.06921958413992149,0.009744091724228257,0.5827698069132492
0.10092416853816098,0.13518996300921124,0.01702140971973162,0.0809568083146769,0.48073798169539067,0.09355003698381713,0.016223355579596324,0.06111702674355788,0.01427924941585725
0.015741196463441885,0.08219749828918325,0.025066047525090923,0.13358934215268456,0.5589211992034159,0.04183511780816496,0.05232355128579506,0.0605636817146886,0.02976236555753489
0.29220810986967644,0.0953732267009386,0.025798287104303094,0.04933791409860053,0.3493948473254258,0.10987537444605007,0.018377696204934752,0.046437636517167175,0.013196907732903579
0.09425095609903211,0.40062776715855614,0.18600520606848733,0.049200463127793866,0.04651256928201448,0.07221264176248283,0.10827975987585862,0.01111599284454475,0.0317946437812298
0.03135762298392786,0.2941803729526982,0.19741596935890557,0.04628186556669314,0.2402713387477375,0.04685006558568767,0.05408708806228631,0.03399399197681988,0.055561684765243924
0.04135200967866178,0.16702746819024475,0.018181601443660805,0.020853314600613095,0.01508345176860265,0.054813885933647534,0.023933339665849488,0.029145442042299186,0.6296094866764207
0.039028366071366095,0.1772676953143136,0.03318865314306493,0.09887377556807138,0.3798188112138443,0.139025743299794,0.055701350881427664,0.059967671619136485,0.017127932888981495
0.08332002381491259,0.10310892696438699,0.02175123833250307,0.05429636701648411,0.19013858225105618,0.15638326662344904,0.2763267583393518,0.08307230440697248,0.03160253225088384
0.14214011329946635,0.18442804185077222,0.034680563028301165,0.36226600021641536,0.032920816183203604,0.11639031725589834,0.0428917170288931,0.04466835573154604,0.0396140754055038
0.30800020332522693,0.24823107369037425,0.015304632937028875,0.06641199502756423,0.18471510402311822,0.07587331129192547,0.025659221501772578,0.04009682439871677,0.03570763380427259
0.2582984178674231,0.18281619465710341,0.0312295535554403,0.10665810829251006,0.22255616930396682,0.042516448007677975,0.04966534886474273,0.054738083966677675,0.05152167548445796
0.14446878965808893,0.22512259240196386,0.04953314608817205,0.12463442713219937,0.13935175579162795,0.07981832361563646,0.08145229685984878,0.11122814198041907,0.044390526472043466
0.13299858155545952,0.1586927693861688,0.22536189684197758,0.019878617760886313,0.34256830618395945,0.06953947283133867,0.007800318702900331,0.023670030238215994,0.01949000649909332
0.21791983581277977,0.13140177639461692,0.042518426723365234,0.20914617499528612,0.05670938231981466,0.15327489448790518,0.08543716599154887,0.050595673557787574,0.0529966697168957
0.055526562660551844,0.06180449913577409,0.025487697201310573,0.15203525110598318,0.39540540459737655,0.036434377464810784,0.24581893788137274,0.015317380015812232,0.012169889937007955
0.13697061668523916,0.11465330154106496,0.032012991980832496,0.0991601692214511,0.22069766374472008,0.15618539733924686,0.13496624733548807,0.09486178465042393,0.010491827501533402
0.013845917368662601,0.23265316656439985,0.025964936891878065,0.009917849769404102,0.4455863929741068,0.08643798175721855,0.13728368404314664,0.018210701513421357,0.030099369117762027
0.15173091022827545,0.1497607905665258,0.017500047192652104,0.07787124743866036,0.3562862266914257,0.09394854593065684,0.0975600886750223,0.03760841976663828,0.017733723510143237
0.024191103380080053,0.07410818629571257,0.08463988690942885,0.198220398819947,0.009247368789547664,0.4284409682554717,0.06363697374482,0.07837524325638341,0.03913987054860882
0.13016570457898088,0.22578194358515513,0.006686831803421226,0.2846674738691367,0.18148553929452582,0.059048718309830404,0.005234002862116646,0.06368162089302093,0.04324816480381231
0.010478309299533986,0.151460828351237,0.5623801851075981,0.02739065136316508,0.0272430056634079,0.09487166796205775,0.037230121388540226,0.05200590008475344,0.036939330779706535
0.03424715294947795,0.49976747905138746,0.022986900853056796,0.15341060960156855,0.09278757316011081,0.04744867329011515,0.07225034887590859,0.024038479408960176,0.05306278280941456
0.03978015601938107,0.11184367342412332,0.0622972412923733,0.18746159674127993,0.012045934686144648,0.06752327226050348,0.45461993172748566,0.03760320005676824,0.02682499379194031
0.11681171638534449,0.09734014707007303,0.14838878401709604,0.024201856100474633,0.034365746778268196,0.15055635653760382,0.024727789540336234,0.38142576953265345,0.022181834038150165
0.1008180713270113,0.25181440953748624,0.24910814085817604,0.032643199230656054,0.25445353584086017,0.04812201320132473,0.025677089384468554,0.023834407423382248,0.01352913319663459
0.0520290726834143,0.04096971234110219,0.02204470212329024,0.10974117532025045,0.5800796897097978,0.06531920099640981,0.022369534542201714,0.07110712210116445,0.03633979018236889
0.1117249657411924,0.2500971832050975,0.10276089055194167,0.18765599420316512,0.08022409659425851,0.15301895794067497,0.03147988979337481,0.04162247747649892,0.04141554449379608
0.015793605107611304,0.06326839497226955,0.23151814347509406,0.060976609735182284,0.052551383401731884,0.04478005125310009,0.05953980544850077,0.019207815335678932,0.4523641912708312
0.013119897066630267,0.26589322310497016,0.512497178002331,0.028162682633833255,0.03789685806716054,0.042600303588881006,0.0634926447735308,0.019235360445272718,0.017101852317390347
0.019048255111522985,0.4295214054266326,0.17738835840926112,0.1057993160364078,0.14068152212531387,0.045830447556737285,0.003413767757650924,0.05043652022179179,0.027880407354681683
0.06060919851598757,0.2871848159883553,0.14127321304019436,0.178890277421112,0.13527891399445355,0.10524514648876455,0.04716503711175541,0.019015907205981692,0.025337490233395456
0.14564499045720758,0.09648994761137253,0.03557157028570565,0.1370850148801099,0.10748997197840952,0.2156523531556855,0.054286942201393774,0.19039943094571146,0.017379778484404102
0.012405003725134566,0.11204398309926143,0.5479058630503196,0.05225897766442412,0.035858957690354784,0.06039906626444621,0.06896896375332474,0.05979514476726836,0.05036403998546631
0.06105671728856493,0.4610282346246121,0.03807581024531981,0.03307252476509467,0.01666075047471245,0.1935559320799233,0.033255485007440876,0.14719986922035863,0.016094676293973337
0.11023645744191753,0.2921986717186552,0.015325392836230753,0.06969602144446073,0.22679373774228653,0.031911498329313205,0.14558821251679868,0.05139003448815982,0.056859973482177494
0.05985118280196822,0.09120589559951912,0.02645845466152827,0.07021055492870056,0.6325759335607293,0.035157431038255325,0.037814748261019264,0.014759897930489638,0.03196590121779038
0.01940147224900292,0.09972276452415084,0.04086448688480491,0.04584254986058173,0.04375881451952205,0.029218870851260664,0.03751230851322751,0.02943524609578052,0.654243486501669
0.09558619363270031,0.1676901289745331,0.5107314825753974,0.04325626928676798,0.06719189216120475,0.03186627849217346,0.0097714449230439,0.03147280688696983,0.04243350306720933
0.02423732489576921,0.17238085225440755,0.05745820190561,0.035720736243744576,0.2975192891665975,0.0865982749077689,0.19633605318465375,0.09945036077714431,0.030298906664304247
0.10346912144709475,0.28712558959692763,0.026726202278742717,0.23820452016852964,0.026096160474732618,0.191406605456966,0.04478364734972302,0.024251292462990338,0.05793686076429333
0.23705820933720279,0.10149573045412867,0.18792294774952348,0.04227363450656597,0.12236014558230435,0.11339926149553854,0.05678464368033734,0.11222753277691923,0.02647789441747962
0.06017662952526263,0.3850854504658683,0.013030935535303973,0.210546825776566,0.10269327843819194,0.022932485916493574,0.1089703764613729,0.028202780126205255,0.06836123775473542
0.13153498873323474,0.03797910754282286,0.04603360936543475,0.07492583245046368,0.5208764805801304,0.04116264462315846,0.036713762068249396,0.024928465556644876,0.08584510907986086
0.013114880993292465,0.24922495811148873,0.10338778785492397,0.05627804186670062,0.04523532000550365,0.1098257374441169,0.024638417307103883,0.031199938801904397,0.3670949176149654
0.05846095575708506,0.12106422326072404,0.09565892581747588,0.021022767094382885,0.512391710189927,0.058735429466410076,0.1019265721038833,0.02448342460123409,0.006255991708877559
0.03227731472052169,0.26677890433647233,0.1292196528337273,0.035751112231829786,0.03529874112258697,0.05302298520956728,0.023659634522209913,0.020297077898965444,0.4036945771241192
