0.01339743530614145,0.04474939395901914,0.09437527160998412,0.03923283198134334,0.09848900798312177,0.3211710596878475,0.0823177079429629,0.24837516473075452,0.05789212679882527
0.010916009296015168,0.09087872768856953,0.23581524175207438,0.29517491548756253,0.1749986097409925,0.018499170129825857,0.029166778804075536,0.10480873979353218,0.039741807307352224
0.11705931658097697,0.08505164497375188,0.34138785801233706,0.08759373345003395,0.07739787597983146,0.010001137071129968,0.25392765554262453,0.012429603017614239,0.015151175371699917
0.010423241604887508,0.04590878667988512,0.4131145180516529,0.2798529604187327,0.039044444837939306,0.02534303190303894,0.12886252967628525,0.02834510832856016,0.029105378499018092
0.02689265521625814,0.022110443712942757,0.6464908642110427,0.04908906902579718,0.07873717180815291,0.06106848574242405,0.08860524022031051,0.011559170380388702,0.015446899682683085
0.05549662430942167,0.10791127965182888,0.2642883456999415,0.19738526252925093,0.055634458461615965,0.05565299845115348,0.12668357861845925,0.026231652395227803,0.11071579988310058
0.1241622661003308,0.05529898065995342,0.14560474267675405,0.2802192417274589,0.023171609245188435,0.026215190035010803,0.16243865982567549,0.04032487171317144,0.14256443801645677
0.029428485621364273,0.03530533370886523,0.5428059198641723,0.1750631047896449,0.012918727115507149,0.015449073322999246,0.15774289738774935,0.022156984197916882,0.009129473991780665
0.07779315122302742,0.47439837009253916,0.06648889327978123,0.027733195100912267,0.04876310197242755,0.03714527591129588,0.0758889348579978,0.12444086301261244,0.06734821454940632
0.05236516069072308,0.03349808979052322,0.28493630186072433,0.0926084309689481,0.06213427744953709,0.09574890108217902,0.3173344827951803,0.03136388306725355,0.03001047229493138
0.10597538631337289,0.07393625596236343,0.43053141814893986,0.05303341757511645,0.02340926392988027,0.029980358413879776,0.24143017216172946,0.023931731459051638,0.017771996035666142
0.007101092013112045,0.028269937066128317,0.08020914600073913,0.17228768086228197,0.28065932849879666,0.21778640531981294,0.032056619940972336,0.12632965288590603,0.05530013741225067
0.018609152971832573,0.11383023764538325,0.21742372932764542,0.13220823672398688,0.029869590826294534,0.03418142529202297,0.1310837875532908,0.20737093519832528,0.11542290446121824
0.036123503355834696,0.10875649231174912,0.12839962270050442,0.08130982535814868,0.049256225039866625,0.07810492631094311,0.029281216853113343,0.38850075870422973,0.10026742936561028
0.04843326016577845,0.07105346597532795,0.3022403076218863,0.06597372120626005,0.014620160651202216,0.07303220884409674,0.22010828812888064,0.03282383096660522,0.17171475643996237
0.1352755410863443,0.11755896617386051,0.3756549420849318,0.04370144562221764,0.07654521941703524,0.13413180954374018,0.06652138552524735,0.03464166172160922,0.015969028825013925
0.09137209747381647,0.07187612661816739,0.23652932729846501,0.23063043822770446,0.08328150619862583,0.016512006406363775,0.1735924930573797,0.05003023197286016,0.046175772746617154
0.04526808670489372,0.0484255663120976,0.5777260421895889,0.027598734820473272,0.055857495463897955,0.04101459070223157,0.06400889170236,0.0730612186924992,0.06703937341195787
0.2809446833794888,0.07155033758781833,0.1172249012408209,0.1677455057821766,0.04533586143365164,0.06438859597179303,0.05578502736866089,0.10492999368788249,0.09209509354770733
0.02641569999244647,0.024430143815793743,0.6214831585513741,0.12933218073469396,0.02830627176799,0.05927491726877468,0.0604910883696164,0.03031726369990423,0.01994927579940637
0.061922929295529755,0.03231874523465365,0.4615748171172165,0.05296620610263019,0.04394816066047006,0.031555319005422335,0.23717471737498508,0.028427671683945874,0.050111433525146604
0.029256378030707807,0.052573420495287494,0.13237418378200808,0.035347501791849985,0.4979978949447614,0.08312713845714294,0.028929775927435297,0.11065762735977001,0.02973607921103701
0.0343601371546176,0.13366039442781816,0.14559342416227952,0.258503424924301,0.08930112354678037,0.04279236627735425,0.06795776649244913,0.1698059866624402,0.05802537635195978
0.36161290127356693,0.05156739813952596,0.027177413304378385,0.10894892798848871,0.010158589665597397,0.14281244940852075,0.1862316438329337,0.08550323384423515,0.02598744254275297
0.038784574628890255,0.015543642573459143,0.5646974453125209,0.1511866954406871,0.029581927767513127,0.07922677178825505,0.07206315851822973,0.035819358906724934,0.013096425063719786
0.03358143127367052,0.07605087419271885,0.415971221146825,0.19427023303440372,0.015351195074880442,0.09176394773975294,0.13309521940926375,0.007507873111671125,0.03240800501681363
0.045641060084136875,0.09489951058047023,0.04452952230741843,0.17528179219572182,0.20088226635533624,0.05397335304245323,0.13354874640241074,0.12674744513534017,0.12449630389671225
0.10321678904263117,0.050861413410317226,0.44678672670364566,0.0532176349084856,0.03216431313685002,0.11143694350211508,0.08388725859162784,0.017013764667522524,0.10141515603680488
0.007811313308126047,0.041647147613513465,0.4267446258441174,0.13365453065390606,0.1450220945767049,0.02597472060717911,0.0711135664568843,0.10986552018622954,0.038166480753339234
0.10700741823306405,0.17006813329586287,0.15974018144522834,0.06361984766611614,0.05210663982286909,0.07247724667123652,0.020221011989127992,0.2892632977903377,0.06549622308615728
0.02553077683845167,0.12917179149560454,0.5093176879342778,0.07940292395836789,0.04149762632411818,0.0275242505717604,0.10841545909565674,0.03404546267038933,0.045094021111373506
0.053521421550864486,0.05108658359659857,0.0383038204006585,0.047167208307251345,0.3425915227069359,0.03321575825781504,0.1405185509345167,0.19642429989172153,0.09717083435363784
0.03661363605346441,0.07288758920939471,0.2516186653686177,0.21336032148490158,0.11429547577153003,0.009404455550094048,0.2433184298391009,0.033326731811301476,0.025174694911594988
0.031125542947400348,0.05610740091990631,0.3550143021091147,0.20948253839450115,0.08238712740611175,0.13770480203961952,0.07534401441943461,0.030078429548878054,0.0227558422150337
0.1162851678101063,0.22138919277086502,0.053235791730330745,0.16614947082177814,0.019554334409328515,0.015481768435899606,0.2567076240502376,0.03792871567861783,0.1132679342928361
0.027091153871549017,0.023417856601739978,0.04107793227805642,0.03282256982110498,0.3199790750087126,0.06191895060331984,0.02866915435830511,0.11423213924118096,0.350791168216031
0.08022948474429982,0.010902210169338846,0.2685519067894047,0.22903983859862895,0.08943386823543709,0.02733939828799113,0.245030975631636,0.03500474193482254,0.014467575608441011
0.24739197124366977,0.1708898966696072,0.1466405558536222,0.22687732526285398,0.007089779860529679,0.044322485915914,0.08711089940011295,0.033111765196207434,0.03656532059748281
0.06575486708131484,0.013403895786166542,0.5414799738937001,0.04316322492335609,0.027612835530982347,0.09031796338518623,0.04842493233631878,0.030418471810227898,0.13942383525274724
0.04664248319276282,0.019232542827020836,0.5242309756480469,0.05103220209372766,0.031060925913050697,0.031748481105050214,0.24449138820354055,0.03361450352285953,0.017946497493940852
0.028288332000799127,0.023533813337848323,0.11473183564077093,0.3552594003860527,0.017994001325237378,0.09206394496453874,0.2123749589632339,0.13331494934905166,0.022438764032467376
0.017689291840175272,0.04451215785694954,0.21520242048541008,0.38091316874941555,0.0614080556858413,0.047684950034971946,0.15947112636388536,0.04676798469866431,0.026350844284686672
0.06065869843770169,0.021366668964187607,0.1836807805363079,0.18190875542108834,0.1613200671609374,0.0030226072265307573,0.22595965166649865,0.12922462143785443,0.0328581491488932
0.1592938108666544,0.11672331380794189,0.10051483900976405,0.10361689301810802,0.0297944971630663,0.0674720889645052,0.32663489952669494,0.01933688294440716,0.07661277469885808
0.03060077241076364,0.06980867962474434,0.130195446102775,0.1576308727291784,0.07001834051933692,0.07313712199191713,0.28552006385250756,0.10457384545721804,0.07851485731155901
0.11321408037377793,0.03163068495393467,0.6520560828815282,0.05975064309101552,0.004439567826680514,0.02634916644614146,0.06710006464527592,0.014018814689907797,0.03144089509173792
0.08962896383471543,0.007065520249918161,0.32811152826138407,0.025601801508603483,0.08040016225507189,0.024356719340870515,0.3534383943521155,0.023017611378279845,0.0683792988190411
0.4769546343159386,0.06676900703382568,0.1365220883097892,0.057781309168103624,0.04120699808895477,0.008038221719753507,0.10133337531211617,0.05836746243302652,0.053026903618491904
0.1413024044511286,0.05749799457875149,0.11620566039965481,0.2790452837699118,0.033075070741235175,0.14400083085765086,0.0391103933518845,0.13759852601534242,0.052163835834440335
0.09686700086108545,0.0314396276762229,0.10647149184263442,0.2725179155109821,0.15507206336881432,0.099639749258008,0.1808490028763453,0.029761856450063948,0.027381292155843468
0.08709957552749026,0.09138135250051459,0.14320484721392576,0.2611589301003884,0.02187517141864871,0.26241070112049897,0.06763275891668395,0.045531120067438036,0.019705543134411366
0.03971300915212598,0.24884591558587674,0.12502547606112255,0.07148552554600547,0.2095796998707294,0.1810948886002147,0.0461883609961824,0.05002859285322509,0.028038531334517617
0.042032745263270783,0.040414253628045516,0.1580764819253935,0.18327210634903515,0.14946486003931275,0.051056276254818046,0.2772425517523856,0.07221477290174011,0.026225951885998477
0.029395804072334997,0.032940465564842696,0.031459372977408626,0.0888879015028143,0.1781149462777003,0.051283128017302,0.09961784928859542,0.32165350443991947,0.16664702785908214
0.027799114987878338,0.025950120077230913,0.07783602359287538,0.2704513096393691,0.18638192202572879,0.09826563044107973,0.1212304599983552,0.14999804081357748,0.042087378423905
0.04909727754002411,0.0187624279774431,0.42116375241982024,0.22140631846711614,0.061895653554714124,0.09349121214050966,0.0980594344959171,0.02071848656773823,0.015405436836717154
0.012409580182393987,0.06511735829879715,0.055069480881225895,0.06102700186550658,0.18053250209445715,0.14714420057107278,0.05832135422319501,0.18471519723233312,0.23566332465101825
0.04397972216053375,0.05137492111518189,0.6278616361475334,0.08486614513419556,0.016015739796902555,0.05682004975926059,0.052164142937309504,0.015512947007084976,0.05140469594199779
0.012307737902094934,0.1076706498245189,0.133210710745135,0.47294597536454736,0.017910900067021878,0.0368904994796871,0.06577973207619817,0.12928779384044678,0.02399600070034982
0.15635712539127414,0.01142378435294151,0.2355468965869576,0.07500762765726356,0.011828871521255597,0.0260532391400454,0.3879197617937617,0.04425197405911447,0.05161071949738602
0.015360461969580597,0.03770973527237058,0.09524694433421255,0.17982405259379416,0.24501457795648332,0.1906185476891118,0.030613362172471126,0.14763517110168276,0.057977146910293126
0.08123980632124801,0.10151613323657034,0.22291627324936028,0.24031661422692716,0.050507049652741755,0.10800995635325496,0.0897156143776152,0.07040860153103239,0.0353699510512499
0.02708200762616349,0.015568811171320649,0.11176323930971295,0.06067348625181442,0.09015192718706579,0.18160420263468682,0.02677062393141925,0.44504008008763457,0.041345621800182086
0.09875569391141222,0.04835933886410889,0.6424846245155582,0.014571156027179922,0.007693213733241712,0.02993864765428095,0.11125019886495957,0.012648987953898202,0.03429813847536029
0.0740155995439478,0.023942769182396784,0.3067391514769761,0.15412982764914335,0.05277221548307277,0.14377467706657962,0.14932627699067882,0.05444235361727848,0.04085712898992624
0.023975070755082997,0.022785107161229636,0.6545050710139997,0.085527585829156,0.018866807170736674,0.029851586200083508,0.11470638381249715,0.008420179404747324,0.041362208652467154
0.044645850621105244,0.03893642068726246,0.4252149603110867,0.06776519345899816,0.04100601765035743,0.21250365849247932,0.09857623191126379,0.048104909982738996,0.023246756884707922
0.015067439803337829,0.013845803737412296,0.17190015629096023,0.3145392215498444,0.06281235528918981,0.14232863087216838,0.14002299619067637,0.09764980717659129,0.04183358908981941
0.06313562339649942,0.09807890632439666,0.10529784731088991,0.39647219945448947,0.009355242338564626,0.02655012666350846,0.1658526202279541,0.03395696265956535,0.10130047162413193
0.052982606038806744,0.30209568656608027,0.05721177721366875,0.12787429656601348,0.06698368981354881,0.11041560333163718,0.06272885281271882,0.050591202167337625,0.16911628549018828
0.09304700007261034,0.04642218569542412,0.6265667847648304,0.0642284138074473,0.023520540597431295,0.01809232507863832,0.1048611432322313,0.011612133161607594,0.01164947358977924
0.08836389393693171,0.12380565710193996,0.3883617623792716,0.1166944695613048,0.06625539535979426,0.03367412867985597,0.04800169798278273,0.05274885517506381,0.08209413982305519
0.12308943388579568,0.14146789423597755,0.12464970363561821,0.09196949115370691,0.018503413130870373,0.18649056502584838,0.053069521137075165,0.05599690186862272,0.2047630759264849
0.07039656991289273,0.025409639612076693,0.11885315370257539,0.03779031175618257,0.008929818139755087,0.10092235544103496,0.0571136565389693,0.0814113030772306,0.4991731918192827
0.0801736805043427,0.03718270615808965,0.3465694752422212,0.29859800280244353,0.024911945007541417,0.05528320773527171,0.04956229498629535,0.042753914289750054,0.06496477327404436
0.09107349652099062,0.027622618898977894,0.14984908227673996,0.18820860825283436,0.014230064148915844,0.0827091835025115,0.26828708827155595,0.06765310577165769,0.11036675235581624
0.11482190814454989,0.05916350707063897,0.14059319253432656,0.15695418880693485,0.08415335889360791,0.0350862569432169,0.06534515563096042,0.310006680207491,0.03387575176827357
0.015781898041944672,0.06986730328565297,0.569424344176701,0.14552441041660874,0.047081715888464735,0.008561327517901363,0.08904637791305499,0.035271638968806036,0.019440983790865545
0.007699823463719482,0.03362014192110883,0.09407400854782215,0.35011445681634895,0.1616023036272952,0.08116296225675562,0.136112251435807,0.11537812241411909,0.020235929517023788
0.024645134679824172,0.045031346210350154,0.3900816768875088,0.08352930994155235,0.13205741956226827,0.05183416892992606,0.22203461449319248,0.01706687873151183,0.03371945056386608
0.07449132571828328,0.4627594424861126,0.07363389229406304,0.030081909052214695,0.04199688905574561,0.039086274341569575,0.08207357406062232,0.13517313176825466,0.06070356122313423
0.027180977917456692,0.04791750796931607,0.5301926682806207,0.08410885389882193,0.009594128162496435,0.04882600872497342,0.1278425866937065,0.09852355931138783,0.025813709041220236
0.013542357934292664,0.06525350343854665,0.1314375296864797,0.0709801194242678,0.49889950239952774,0.027963495043733192,0.13651594201055703,0.018706381623365093,0.036701168439230214
0.10906230168642805,0.4658500088170747,0.05095248005354349,0.039264622019698235,0.06988298333678417,0.09065560551305608,0.03205649067100822,0.08550496514624943,0.05677054275615758
0.005003078404052654,0.023964281260062305,0.5883278269808758,0.11268142567365587,0.08082992590932524,0.008790475253128061,0.1273576081273882,0.017801091085035522,0.03524428730647638
0.04944674596438198,0.2029440864231943,0.48250805898731297,0.07894922058291225,0.027319169132922733,0.028260357181624802,0.07709340911956691,0.026838855131043393,0.026640097477040676
0.4635412657402325,0.026459938629072987,0.04610010910030102,0.14594604873152436,0.09624222341330207,0.040995960915596596,0.06215974787993081,0.07500161658469702,0.04355308900534265
0.0314989284852783,0.021659511315066937,0.4684267776156444,0.1615110698633403,0.036599820376540804,0.021719323122753372,0.16659094669301136,0.036495563852778544,0.05549805867558603
0.03199389599405774,0.04530988095094935,0.622365647170868,0.08270755139435762,0.03498309235109661,0.05262782629209425,0.0523845449333108,0.0366515353529716,0.040976025560293984
0.06549602539825755,0.07827184934359173,0.36458761675646656,0.26106850415520483,0.0026505754297713956,0.04634054252195056,0.13084848848510655,0.026859173937402708,0.023877223972248163
0.01519880368292531,0.04139838323778371,0.5703355989433693,0.13438218356563744,0.01936561919244377,0.06076591996731021,0.08710415863905811,0.02604170617484915,0.04540762659662298
0.05039475917615449,0.0779057798225506,0.287905353074493,0.06176683847622249,0.0633278766355773,0.015470246545817828,0.34159221522701183,0.062364718473613294,0.039272212568559194
0.041167435605913454,0.05477496391482369,0.6671011600125399,0.06251463577496909,0.05372026164814026,0.060655193189445934,0.031803903511229775,0.01724821081264891,0.011014235530288812
0.5157087750394523,0.08625459995314178,0.10409643709623662,0.061269255693585,0.057090360671546624,0.03485362132263667,0.02321526583798166,0.07299062192162757,0.0445210624637919
0.029179966282178522,0.02287131935663897,0.06009055827846169,0.42298506022945864,0.04735807416373713,0.014771847235729907,0.32247394506364224,0.06480617248490013,0.015463056905252806
0.020164442317302828,0.10459793688714614,0.26761246664688043,0.35133871754439316,0.020833541845477987,0.019639221871679338,0.16673512808440924,0.027719424556144668,0.02135912024656624
0.04787136981746829,0.04915358152300703,0.06353389629857896,0.06085109709393124,0.14490436225868802,0.05374835076307396,0.050597640270605,0.41178541581508094,0.11755428615956653
0.011855375286337492,0.00537216821975055,0.06361375156539655,0.18306893713876307,0.5065749425511874,0.0345093346883583,0.13487076573786042,0.030824866175280494,0.029309858637065787
0.07343214161992205,0.14963203097897823,0.118679555028456,0.09470766822123357,0.050670862882787014,0.14381676260778764,0.12946906976990655,0.11425237848687499,0.12533953040405404
0.03140049433433603,0.089290093152616,0.3561047634665327,0.12746362933413566,0.0027546122123220385,0.06788923743171826,0.276777411120302,0.02102020839859954,0.027299550549437637
0.015507278665074556,0.2008045320875059,0.12620997130403644,0.22076679820057787,0.1546105598584531,0.0637879574739573,0.03002165263807539,0.0759106494521583,0.1123806003201611
0.11682153868771161,0.05232399471260163,0.17579368001907225,0.07210520858208613,0.2473561141296919,0.13382512629412766,0.06305663714660681,0.08009046010455874,0.058627240323543335
0.036286991667309226,0.07263220889047965,0.6107403424842117,0.06705448741372774,0.05138737694991455,0.05137836245549996,0.022246838110173695,0.028537449039504892,0.05973594298917862
0.07084565916114073,0.10290474058658461,0.18298255762052604,0.242417478736379,0.11508259085861687,0.04663111434025321,0.13310697872425234,0.04634210047020063,0.05968677950204659
0.010736750123385286,0.09026366733182527,0.2632367683899585,0.20481421116372353,0.20871300628722086,0.04342553628953389,0.062437845169325275,0.10109029692400213,0.015281918321025318
0.03445652813784699,0.041031722628554035,0.5643073585335072,0.014450221430050023,0.005274685351168315,0.025164415923685072,0.10437688360997138,0.0042957319760346365,0.20664245240918236
0.00867085865671899,0.11967679945028058,0.38106655363140685,0.09416988535744948,0.04560151595283498,0.017043226275693307,0.23860571402667852,0.08013439470779281,0.01503105194114445
0.026969975039579264,0.2505234840906314,0.12475645288911404,0.19641592380970638,0.09931603050782667,0.05687645727032672,0.08744693166143393,0.0921981886013145,0.0654965561300671
0.010812468239766775,0.18122023743642854,0.3711844078309287,0.018401521331655662,0.07857054900220195,0.08271324386823357,0.03514189266440865,0.03563742660895104,0.18631825301742513
0.02136350543038684,0.07205658928938148,0.5951037947910386,0.04871909547690528,0.14487249815290282,0.0395317963744687,0.028499285693347573,0.02210207790471759,0.02775135688685117
0.04200032603626779,0.04732378296259695,0.5855586433782772,0.07844146670543022,0.013584286178424892,0.04271101817718528,0.14100981537255367,0.03216971679110892,0.01720094439815503
0.02319013864423497,0.009037168383107967,0.13430721994892494,0.46868693145975304,0.07600622535369773,0.05376736061128782,0.08443473455126586,0.12712828345421645,0.023441937593511108
0.12326686984600017,0.009692730494787362,0.6324202369578574,0.035471468937685165,0.0034636869178859275,0.04957926110696395,0.06378941527139174,0.01600176951236983,0.0663145609550584
0.06797614078953873,0.09425500998593785,0.16104015298406513,0.14289087892206082,0.02108590595417208,0.08029510193170138,0.21299491713155436,0.10555171219782468,0.11391018010314491
0.164139879577047,0.06463556174032183,0.5272664925837213,0.044268781094265706,0.00947357678606815,0.06653573308067978,0.06692251272477845,0.03640402674691813,0.02035343566619965
0.009266722165852573,0.006946236952350897,0.4691511804370805,0.21427389256532595,0.03353490868736005,0.022517322567235997,0.2150867187206741,0.02096974330724707,0.008253274596872895
0.06328086720243394,0.039641440399085764,0.5580758665443226,0.05406480041622911,0.0571935583013895,0.026389656405507972,0.1124168482940422,0.047029925905397015,0.04190703653159197
0.5029428841093849,0.03030098616026412,0.02949059503282463,0.10942667538308125,0.021461349011287167,0.02379593739066128,0.14964008953529676,0.06686382310393228,0.06607766027326749
0.012428574501819625,0.034867837108182254,0.20016363003720294,0.24020933030422598,0.3466885903569162,0.06857590997121892,0.042484745498211296,0.030936325836645195,0.023645056385577568
0.024578168084306334,0.06648054736159435,0.257801792280236,0.2493270697508018,0.015460905833814,0.06958809679149967,0.17590184407638343,0.10161262957541395,0.039248946245950524
0.10111618971792335,0.04554646231880719,0.027380148557867617,0.022091055742980106,0.09112161262332419,0.10391713904441667,0.055536967609330835,0.5066791964410914,0.04661122794425864
0.10534026221816843,0.01979666009618702,0.12270764501617774,0.028539150202073055,0.13100654151199612,0.2602683090389645,0.0782447191763691,0.2018214647418527,0.05227524799821138
0.03202650529579813,0.04564787663904938,0.17396833478768683,0.23407072643162077,0.17217205737638117,0.015064646203366625,0.22566431057774763,0.026886548441803573,0.07449899424654594
0.06138334961452672,0.09283733947502676,0.621628432162526,0.03174913105924024,0.031204918612615342,0.05386248316899469,0.06927932952628818,0.01461826206013272,0.0234367543206494
0.016039577644749007,0.025372330951573655,0.12121772262948065,0.06948658169152289,0.144904844540578,0.32286972625406224,0.09349537001610124,0.1457889914254745,0.06082485484645785
0.39355697980643617,0.031827074389765585,0.15267837036681764,0.07729935389453478,0.008711149479443183,0.05812407448340832,0.04855116843835211,0.04621361010578911,0.18303821903545306
0.22037509622703608,0.12328743665208243,0.32168807733918275,0.09262897862710344,0.01594252433421807,0.017389433941391082,0.12346032928419139,0.018810722771272447,0.06641740082352236
0.09294347795680481,0.007377713210307224,0.6461025625226893,0.09219206165366599,0.03058382553618467,0.03720089199969762,0.04123142361697733,0.013097953548359091,0.03927008995531401
0.0824158454505331,0.026319717491674083,0.3058376736799137,0.1645375850894665,0.028932375637804514,0.03365679633376451,0.2853442663316127,0.044712536498414,0.028243203486816918
0.07510088076281723,0.012926765979218132,0.4933041067872344,0.06252984343982672,0.056148292320788884,0.010574701726634403,0.236322324827971,0.027322519904628518,0.025770564250880607
0.03608252546553529,0.028752300471771394,0.5298848928565458,0.12452492966103906,0.022352330681090993,0.12257982841409398,0.08010827355613692,0.03224438845212444,0.023470530441662012
0.03954524161104499,0.11315581096585382,0.335913256193681,0.07553818659944818,0.06018937558078025,0.25424506407003616,0.02689073546350493,0.031861211120600925,0.06266111839504974
0.025879215819262516,0.08441771609305665,0.5230101882672459,0.0478368254668023,0.06335807902829692,0.027107942335948598,0.045068755695476255,0.11936994320909222,0.06395133408481869
0.04288624374019781,0.012418207649311036,0.5410582499052493,0.09250903246221003,0.016652071006889948,0.03406462285256624,0.20436522321829398,0.01751955157854956,0.03852679758673208
0.21778975739877401,0.05402115746053337,0.35433154993122634,0.05935500784393722,0.012098087114903613,0.08585540736344127,0.053046286284413074,0.07046930768280014,0.09303343891997089
0.12080178623987488,0.0846378525475517,0.11248873401576043,0.3902002791361984,0.07087156148819868,0.026763428898094938,0.06627578720337952,0.061445488759326594,0.06651508171161484
0.012274008367616641,0.10759135740181176,0.13321105927714247,0.4731376618440855,0.01790744327310931,0.036826858895206406,0.06575477715148494,0.12932028767696993,0.023976546112573095
0.006306792498476377,0.1019329723178634,0.471012294620688,0.10199341042722908,0.042868817261164927,0.04129305489928418,0.15053681054852372,0.050672470271887586,0.03338337715488287
0.060158130542389526,0.031281873001959455,0.09974713900322425,0.08044729878792249,0.24248176170967287,0.148416466455604,0.10600802926768255,0.15743292313564386,0.07402637809590097
0.03542016794801761,0.01874115113765595,0.3164193251751324,0.28308811219402213,0.09076359920179765,0.029421954075689757,0.1360677899631997,0.0602937406036436,0.029784159700841153
0.04757607188497118,0.21920817071143092,0.28038142941339217,0.11086008300196287,0.01968369037705196,0.04824992827448584,0.10630648720682406,0.11262845431844686,0.05510568481143421
0.03218200002368372,0.04856328013755771,0.06863594707147763,0.13949717279027032,0.04155948483496493,0.027348152438472686,0.015495586923545477,0.1641556216743391,0.4625627541056884
0.01313078167156038,0.1090477926321818,0.4405108595200275,0.0752718452915953,0.04558191978727749,0.06531261438490167,0.12605164292520962,0.09987380410954527,0.02521873967770093
0.1137609918962767,0.1695098564694677,0.2576178907282156,0.27306151740012535,0.024937934611553293,0.036954728838402374,0.03567508131491451,0.06050301877581715,0.027978979965227347
0.060587992156586355,0.01277896416440307,0.42441560286247504,0.26011025900747514,0.015381176049133962,0.03368456964004746,0.10747983873297301,0.0569493109298324,0.028612286457073588
0.010452769545637364,0.04809683457268918,0.4860441805820737,0.22061162489247807,0.011274964454388895,0.0239460194530495,0.11272267286309544,0.03779918993610127,0.04905174370048665
0.1280333231712352,0.0068397752140946155,0.045248467507505274,0.12393875065154786,0.2396108984748088,0.025866048535286804,0.32927097216117235,0.052602059961605475,0.04858970432274365
0.02135190510283867,0.045141172409268106,0.06665603948042495,0.018999532695329995,0.11523204625673567,0.22108999986558764,0.06903876006798168,0.3917225002072569,0.05076804391457632
0.050304693195821655,0.020480301750995182,0.47624085688785817,0.04337457815490541,0.02374373227576358,0.06102270445018141,0.26463161817481035,0.02066037713955515,0.039541137970109046
0.23911300215156964,0.028109810684011166,0.34721027362704726,0.0771012157941713,0.022119680169786052,0.04152080858130057,0.1355942967560597,0.04175362524735347,0.06747728698870077
0.028157409497284732,0.16753564107162464,0.3360461814451632,0.05003286349699887,0.1842271096022848,0.06772727440454045,0.07181016742183062,0.047616301862445275,0.04684705119782747
0.02021226531547431,0.019075400853890995,0.5190771236520085,0.12113944572943429,0.021074329405958783,0.01037938931100795,0.220781157832167,0.023966790267073674,0.04429409763298442
0.15627495642183634,0.05790071955025866,0.5706060304365922,0.034474499605540866,0.0023577833476226035,0.055264577563830915,0.0676591366916488,0.014781405683357812,0.0406808906993117
0.03756879411228529,0.05906138037574826,0.14871446193407392,0.09938509684017689,0.1127201564967385,0.4407900316340709,0.027209892123354788,0.03843480605622013,0.036115380427331326
0.4775387902196204,0.02074752164316471,0.23907777869790015,0.05366929039275514,0.011427581804291603,0.019829478368440335,0.13487003158225608,0.02179872044807929,0.021040806843492077
0.11911594557955607,0.3279401249093081,0.003932935634430169,0.10382595045161129,0.04451912164869476,0.13544853538202756,0.0975186197212185,0.14094083477719196,0.026757931895961522
0.0667702641937356,0.09019885497369745,0.21724618679266272,0.4685686733430739,0.028252699274454864,0.042888415138290614,0.05844458317736473,0.018136454470018656,0.009493868636701494
0.02807020124281795,0.08627887949539825,0.12496471146657807,0.09989632175499469,0.2022477077858754,0.2607803092563494,0.05828357445897725,0.0456179110102112,0.09386038352879787
0.005647865310697202,0.25130262190923314,0.07070106800937616,0.29212000227413776,0.0330169216020574,0.044974331204441775,0.07172506777247532,0.16088370137174654,0.06962842054583468
0.10514328965846,0.036394086416595216,0.0963220093222389,0.10935186267003742,0.12175755956881912,0.22290149901008896,0.10176809449613955,0.12019879281070038,0.08616280604692052
0.04484073984440793,0.07378279778263215,0.04397720909506727,0.04169563197902124,0.025627085457337728,0.23046940156057616,0.024750305525007416,0.03299441757704974,0.4818624111789003
0.022159847869735433,0.3315798074127582,0.0794780460665407,0.07739010674177549,0.14286050880054654,0.11648309485752772,0.06274361902037505,0.1573393987924583,0.009965570438282516
0.12545323188564972,0.0503170637761898,0.37855607977703065,0.04136841522955773,0.030900201692509677,0.22310786667432522,0.10176237269904147,0.013600542483596443,0.03493422578209933
0.03859252237607477,0.10301204110866143,0.104113745108759,0.16100232504904471,0.03523005333775741,0.29739969688506923,0.07062630832712942,0.1794251790100785,0.010598128797425513
0.005034987743540678,0.027030688315328347,0.23468869343224794,0.5076138395329881,0.028551833459821985,0.030077912769127118,0.12597994232897447,0.016492102721831492,0.024529999696139834
0.046791619088864055,0.5679107392292623,0.051375717137027904,0.15322291186191314,0.019030655056790673,0.04255382610600378,0.025066758588450987,0.05207272029521034,0.04197505263647677
0.015975093455224982,0.11685947453128032,0.16476294763645036,0.06309562565569614,0.19624637017049587,0.16139157031110593,0.07271410975827373,0.044936074885218426,0.1640187335962542
0.028190681864255922,0.03984468209515157,0.44366355057020823,0.13686295161262635,0.041106438159682505,0.083162424647248,0.15685048983971064,0.040825365665259065,0.029493415545857746
0.1048325933220066,0.14552439828836253,0.39163523113020976,0.052739442034789204,0.025559112830327916,0.0338651759832413,0.13431065313903312,0.0406887605326938,0.07084463273933571
0.016684893205805035,0.11163703824394611,0.25313210693291394,0.2658992464800001,0.09272581964103332,0.0319005404743733,0.1644263947213096,0.02617176122595549,0.03742219907466302
0.04438840397985034,0.08135515481106702,0.21274837326935472,0.3783144290763058,0.013167579587932812,0.03213033131289292,0.1972579835854726,0.014079831656371798,0.026557912720752006
0.044783805326977365,0.09772188197282748,0.6493003053877294,0.029188906595270295,0.017973907103186904,0.03444936825135365,0.06918401525496391,0.01722119277171955,0.040176617335971374
0.5144980691908707,0.0718913452427671,0.09453446995776126,0.07344331718599793,0.02907530076882536,0.021572312088807513,0.04305278072709199,0.03583116062579533,0.11610124421208273
0.0767057601252818,0.05740734650946602,0.07896551067734069,0.042231042799133124,0.1567602886582657,0.09680814902444089,0.07252557793097861,0.07658361417365317,0.34201271010144
0.011811045496145622,0.04850623255944261,0.5140256123832543,0.05281951395618741,0.0758529286754612,0.019269927073476783,0.17131024843616596,0.07976647115230273,0.02663802026756346
0.15316195475293345,0.03529642546791983,0.2603280602197157,0.13754894824992195,0.06153712846924799,0.02113667151228242,0.2761742976594893,0.026750084591236206,0.028066429077253003
0.04201755742447269,0.24909311710924864,0.12819278619158145,0.2961078006926506,0.05900008336216115,0.07453654802653657,0.058492067438119105,0.033234860491048394,0.05932517926418129
0.04049045742268231,0.007508993155325858,0.30414418722103137,0.1348966844453529,0.0234768775098456,0.02876891768447853,0.3645663815276426,0.05436959111513564,0.04177790991850513
0.025687352075072053,0.0038349155246365247,0.4508831038837798,0.038839775571072606,0.06304234775207265,0.033303458683063086,0.1261527252035212,0.022408261441921495,0.2358480598648606
0.07684151001222704,0.04692763500398759,0.6725372025175324,0.07249419952555267,0.0099928521194433,0.03176838353493338,0.036777641796828194,0.009097504211868817,0.043563071277626673
0.1859395158785079,0.031439973538236646,0.10250528245429857,0.0515679201514784,0.002910307831016802,0.01443120887331169,0.05614828391858292,0.03088451923428338,0.5241729881202837
0.010928663010879159,0.45235278208277213,0.14092330286464858,0.09934183693584031,0.027164810301538403,0.1534195905902123,0.014673036831753125,0.06657622647699159,0.03461975090536435
0.01160686681907952,0.0765310990681795,0.5132359562845861,0.0736768333531167,0.12419638823926964,0.058929924058104814,0.05838943560109088,0.06168023418614996,0.021753262390422884
0.10058648634654972,0.040446576167560915,0.07700450413578226,0.20256972855449973,0.014032733408872025,0.028546750290110487,0.06920378364951522,0.025656509865056926,0.4419529275820527
0.04006474907709908,0.007539223024108736,0.22827729624068602,0.14371495884090868,0.0787325465962923,0.02816155564111204,0.28493621842064387,0.03655271090512616,0.15202074125402323
0.028717298328622604,0.01157109693338055,0.2870569486088505,0.12043398588558601,0.17267124383014867,0.17431989155410296,0.14218733530882752,0.051884922696235895,0.011157276854245378
0.1380409877802413,0.04787641049022259,0.42469355686513727,0.1674232991383613,0.03162166170704933,0.042621502387253256,0.09008765613574088,0.02659797074239459,0.031036954753599442
0.10946081264382818,0.06341327027816354,0.17247146780054853,0.05703486665900742,0.0736667812884332,0.09118218557116321,0.013099607444764037,0.09887150663090216,0.32079950168318977
0.04343126550140309,0.08936072418457731,0.0538551375156223,0.1473691039351893,0.26154780771325237,0.07371383704330599,0.1348603991745162,0.12088456253133235,0.07497716240080107
0.40959974980246655,0.10398615377920935,0.030576253787525237,0.06766260827537401,0.06312479168984832,0.046433520618997526,0.0849188722727896,0.05454759887709915,0.13915045089669034
0.2786486818484026,0.20011761680735315,0.2868592651056899,0.04636625530950548,0.023807448314030314,0.05524857587129694,0.06359622487331014,0.02053360654636868,0.024822325324042837
0.032679441472885616,0.1726087250000297,0.03835145106152223,0.027691710261156657,0.15631866799593933,0.26459971417350353,0.08190158527189197,0.11294476872640541,0.1129039360366656
0.04664248319276282,0.019232542827020836,0.5242309756480469,0.05103220209372766,0.031060925913050697,0.031748481105050214,0.24449138820354055,0.03361450352285953,0.017946497493940852
0.006769303435881335,0.010475692692295027,0.39363343982239135,0.42993814633421823,0.04669322138755038,0.016310355070994324,0.07661128331109716,0.010597176598492615,0.008971381347079612
0.05750533377995298,0.018834368163563497,0.5950668857624187,0.031886698389424185,0.027209595297738098,0.006716828714964244,0.21168154170662587,0.039316977585740494,0.011781770599571901
0.08159128442719826,0.034211905548737674,0.2072220997162265,0.13010987517091774,0.03516725712749672,0.23177214270391647,0.1249084653218799,0.09455059164843722,0.06046637833518947
0.10229551360353113,0.03824682875311478,0.3981737561776813,0.052644829115217194,0.021545479684779562,0.016118120245960346,0.2905527404388226,0.02608643031188421,0.05433630166900882
0.004078152465437276,0.015744500657859904,0.5263683305337578,0.1169557199744146,0.23012315420134719,0.02139979469798131,0.04635613283025076,0.024185695707960513,0.014788518930990695
0.014721617684467761,0.026676642656440916,0.23473500264574487,0.24061746304299433,0.13210788189333525,0.02195190273855514,0.17234879495921474,0.14534207067390773,0.011498623705339358
0.018269966384698796,0.30586534572379626,0.15741770295128885,0.17618731676104385,0.05649651405934105,0.04365610415124904,0.14085188694859527,0.06081952516680278,0.04043563785318417
0.06684980181055444,0.018783303893419246,0.4441484989599742,0.25509740968316214,0.030620166337791497,0.028584066497443005,0.1085909446179228,0.04160026255141167,0.005725545648320961
0.034498098139966155,0.02340347981340024,0.09747940215164086,0.4384818089602456,0.10105395107581976,0.08762044408423435,0.12189380432424508,0.06759727440492154,0.02797173704552638
0.05365118017351675,0.06298236945464732,0.19958511808834797,0.24881116768341216,0.04123013278078335,0.043442187474855704,0.056565038340874306,0.16515866314080851,0.12857414286275395
0.021428948427601364,0.10675324200918958,0.41361331086145087,0.08785351250750988,0.1846818383312252,0.03437524737994114,0.0892905061564796,0.03714400074673765,0.02485939357986468
0.053863182522688124,0.1470779564808237,0.10677271587638774,0.4274192739253184,0.04595488242313153,0.06508211104545196,0.056339089118297166,0.06380328756946341,0.03368750103843789
0.03632375073121117,0.039508844756665086,0.18048769386195831,0.09564271100047002,0.015024257591139135,0.07627897094209814,0.27605469245618747,0.05969670030499227,0.22098237835527837
0.10300778511394626,0.12218056595988021,0.2747224637739379,0.17471454961372854,0.048940515108427375,0.07781299431244697,0.12939823625072847,0.02509282045365406,0.04413006941325023
0.010812468239766775,0.18122023743642854,0.3711844078309287,0.018401521331655662,0.07857054900220195,0.08271324386823357,0.03514189266440865,0.03563742660895104,0.18631825301742513
0.15573811668968188,0.05879927344959294,0.12458090236941849,0.10434767240613664,0.01714318110900821,0.022506298373260694,0.12229359230699745,0.19459636482119583,0.19999459847470794
0.24011437998764776,0.041582808793401226,0.12565964108752084,0.06462526695755154,0.09724357781798391,0.08674445339893921,0.05598294146467237,0.14819974585911477,0.13984718463316834
0.31835453486182425,0.015078575218844046,0.29493963603410284,0.05028763502495418,0.0036454839740486683,0.02125646353303326,0.021796480110137916,0.01825778937570669,0.25638340186734815
0.0808119951318247,0.02240771415561225,0.35969881875058207,0.2251965643778753,0.021972660936531607,0.03371132578676945,0.13784465699251366,0.025378007333097783,0.09297825653519316
0.10727878740735593,0.030715243020816102,0.17679634735663996,0.10882952863863227,0.04363662130106449,0.002767637146934759,0.3967388157497394,0.08702634420304332,0.04621067517577371
0.07572105671638646,0.021151936570134866,0.49036858113435494,0.03995735396491443,0.0523753956289282,0.02053941759723159,0.15662028681736398,0.025700760095166947,0.11756521147551853
0.02829492427803182,0.2646743384881401,0.030644451594479708,0.12060575232170108,0.16213629458107917,0.02531288306685141,0.12161420869636848,0.11136780607183867,0.13534934090150955
0.12963628882909436,0.04039544475786542,0.32633220999536067,0.1645827007815663,0.011463734009086466,0.020262669825827816,0.24379093382370565,0.013248302914933077,0.05028771506256038
0.1060041958403682,0.06545881711324536,0.12910900155732236,0.09545915253447117,0.08051643901629438,0.31458607586509474,0.1014933922756766,0.06672006593722862,0.040652859860298624
0.14549408679996667,0.012468146503367026,0.600966842667122,0.03174900958568533,0.0025779305205447223,0.05178680947224009,0.08650890771755314,0.007616010990142158,0.060832255743378916
0.03330527428847319,0.04908823744294074,0.04359854244905984,0.11772876232750991,0.1124872602553008,0.4557095078873334,0.023082546550389004,0.11242395537693584,0.05257591342205726
0.03805881051436461,0.42444741419146603,0.1957240880888147,0.09339484827850102,0.05917998584228945,0.08243294257193255,0.04054117564711978,0.0418502326970323,0.024370502168479483
