0.04742539789736629,0.21522081705883134,0.14345483671174017,0.06898957563362824,0.1584222726862258,0.049296674522868074,0.06286093212003352,0.20446614539832397,0.049863347970982595
0.14595599486906152,0.039951760152254,0.07401156855099535,0.20697244617036561,0.0843182153705574,0.21141751709552428,0.08188413782918162,0.12327054431891744,0.03221781564314267
0.1832382120691131,0.05413292874691771,0.2119072600603885,0.019383118639098165,0.12404972904228277,0.037299559467266985,0.07975154942072998,0.09533991483462134,0.19489772771958144
0.11960409220063938,0.07899051380386873,0.039075891255794665,0.24056593776013901,0.06452443584353708,0.2098750767513602,0.05259012581879852,0.11521266889151359,0.07956125767434881
0.02585275833736185,0.025846096886007548,0.2150108543563238,0.06704212124569854,0.05815954999068703,0.01722933342936014,0.537693569586004,0.029079368578912135,0.024086347589644883
0.06101993203219031,0.03745214515413996,0.047886909087884656,0.025365693694455304,0.27801390007896626,0.006206176423414093,0.024191300408895736,0.009139854543476107,0.5107240885765775
0.055886779113269426,0.013089118038002417,0.09792940633708586,0.46724245926054114,0.06207953274976152,0.17072261010958312,0.05458423795578451,0.04243378346056031,0.036032072975411604
0.17762910534593412,0.03776205083221009,0.036587265440768534,0.04241249961727572,0.05070222783337943,0.012584446641310594,0.09298984150124683,0.09361920073150189,0.45571336205637286
0.11362903263358089,0.03280941409543805,0.030636798750848324,0.16110691932992183,0.19047298287920408,0.2906871580900192,0.04482773912610813,0.0900420013748619,0.0457879537200176
0.06006707908793355,0.07772140420702518,0.1848008003163446,0.06844953737502758,0.0822088225421841,0.11206068618346454,0.3460505048748385,0.05758946317490016,0.01105170223828183
0.08177115081337893,0.05406134655423625,0.025301589570306687,0.025523194196016757,0.14404283406990412,0.02714478204612181,0.03642266264970682,0.07580151562542999,0.5299309244748985
0.22343892826724235,0.07957853619572007,0.09234504697254003,0.054989214901681814,0.07440628132957391,0.04293745503994296,0.02195042975334417,0.06016761794611949,0.35018648959383514
0.07825376599602411,0.04529369658047455,0.06467351286748013,0.054294253903727364,0.18653875303682452,0.0071047194636309876,0.2669983655757908,0.06304352877313286,0.2337994038029146
0.09039762080511189,0.01761741590739409,0.15620113959390136,0.36070155804174203,0.03374877597494617,0.11994948631415044,0.035395449306049355,0.16036285078859186,0.025625703268112903
0.11808484057383288,0.03747142693449341,0.02941952657227211,0.18489809576545854,0.08263345425853233,0.3609376750966766,0.0463881608919805,0.10266004295172655,0.037506776955027
0.03656179303412944,0.1050782781267552,0.051008996119271656,0.14929639725007626,0.12074471604325306,0.04634323687315919,0.04352459423810826,0.03564963383536925,0.4117923544798776
0.06132762325918347,0.07245247135816309,0.07852934088113633,0.04148550932553751,0.08681573292042805,0.10325129775593887,0.08644619679098597,0.4108982300259245,0.05879359768270218
0.1326232943475423,0.07944502051998284,0.01128721440889685,0.03982925449334518,0.1178349039361346,0.01411345311498117,0.035278940326116004,0.0798256315051817,0.4897622873478194
0.10070517311184535,0.12311306077238875,0.02536323886787843,0.03813213378387329,0.24253449204451383,0.020831110602440413,0.015607155508509558,0.29557067152464683,0.1381429637839036
0.09119286490747273,0.056491806001398574,0.17724602986903956,0.1608591002593882,0.17457873631229495,0.11065711507621705,0.03600318885034601,0.1515778523659527,0.04139330635789017
0.1365536498864974,0.027014587422628217,0.014009901894617127,0.20720379575361425,0.15892259200512224,0.05469940984659486,0.023019054535703493,0.010150997980728646,0.3684260106744937
0.04216876968808142,0.04305787376261635,0.035387042108688566,0.24265433778888731,0.058408896966181824,0.47761468390779777,0.03842266365312718,0.020114204686319664,0.042171527438299765
0.08409062538727331,0.0720241058031504,0.20590767539853397,0.033169418870605226,0.1387946749149164,0.025209637216533003,0.024303136487586006,0.35197082204973223,0.06452990387166946
0.11303277447937987,0.041104066776760075,0.2532287089189108,0.0409971219093847,0.05907058181136695,0.04260658070117249,0.1531896655433103,0.2771588667320201,0.019611633127694653
0.028037770715429688,0.0613146569171924,0.03678129796150451,0.024170651558650957,0.14790036749073918,0.09035917018326307,0.3625898893729372,0.22989098862649873,0.018955207173784284
0.16311287158684143,0.11308372652444783,0.10853873290658154,0.12386434097049226,0.03899060581344173,0.21793717582991246,0.031299060391598764,0.18317715142173965,0.019996334554944303
0.16638135812248084,0.07819569727865082,0.02084017308450968,0.42785686528839834,0.07429347668999775,0.1333959472381079,0.05980989134501915,0.012067172902146863,0.02715941805068861
0.04133847193406732,0.011020292178825145,0.068504965542338,0.5036013499816455,0.05644343071561262,0.16179354775584734,0.07210740127053676,0.056150965923008535,0.02903957469811874
0.03712799426885449,0.014175819189242244,0.09341025743402266,0.25763778884483496,0.09381555929431114,0.22517546936384178,0.1311477753782527,0.09623747400241918,0.05127186222422095
0.10190112473511566,0.07905068716293778,0.07433654282169055,0.1367013287505824,0.033837543540441474,0.40866446956298436,0.02753755518859755,0.125181410175269,0.012789338062381207
0.07537825720514335,0.033027390894249616,0.21270040035698332,0.12936687345438572,0.12715634609355767,0.006659981834941798,0.16931354598061044,0.05017955243027289,0.1962176517498552
0.0688742745846749,0.1466231110555751,0.10926024560364363,0.06351851296753692,0.09711690072310948,0.029630949806152662,0.0515599122640226,0.3714125056029838,0.06200358739230092
0.08363573669916584,0.02971533018387273,0.03861904122431379,0.2433517501586322,0.027916300439817476,0.4674197177847268,0.03755065201592059,0.047069614076315436,0.02472185741723504
0.05594331323618968,0.028459404161343738,0.1281941855290147,0.13088933239471728,0.05597110807677375,0.14320349655296888,0.03756387186708412,0.30180347272669716,0.11797181545521064
0.05763686236965784,0.007716293913828253,0.062293729311535755,0.40503666179514486,0.0674038709070358,0.29528118773575035,0.02783052002580098,0.04846412310149493,0.028336750839751308
0.11080904009245068,0.029400898156363237,0.03798309820625497,0.36270175941444843,0.08666584066502718,0.19139430025978696,0.0674313151412516,0.06246043365676738,0.05115331440764962
0.008739165896685398,0.013317350868200259,0.021807337094768713,0.3042565249928164,0.16267645982470183,0.34515366652166035,0.05536544014236314,0.05876309008321382,0.02992096457559008
0.07102719362361275,0.18798402717041388,0.0518031516924873,0.009050668310939586,0.02339764016635198,0.06157023239900076,0.14336118324752853,0.37588531463923064,0.07592058875043446
0.03961649721218364,0.0074353362773766805,0.04345689123165227,0.34466643132481795,0.05128117492954509,0.34921219092638883,0.040164483746601844,0.11338716618637022,0.010779828165063456
0.06485274010501778,0.11762322198956239,0.10669396237353206,0.05962812061093493,0.11035771814249866,0.0035671950866427746,0.04571046274069096,0.013609791581912984,0.47795678736920744
0.19491758392941083,0.04266772890500677,0.10665357770645469,0.012039113722767827,0.06449508215869647,0.028848372775489194,0.03404723989864524,0.4163510809656253,0.09998021993790361
0.030473149891726576,0.24968827922459,0.18412997737434544,0.20966205981734953,0.05360782687002841,0.03990865950224451,0.104837801003564,0.05271739400221306,0.07497485231393851
0.13707157154821445,0.07744120641965402,0.11777898437673433,0.030504625399476928,0.09035154633208482,0.010448964417220694,0.1459900517766989,0.18805480131492644,0.20235824841498942
0.09561627230230896,0.03346803418120515,0.05979483974031017,0.27062184488739766,0.09700494352454447,0.2809007503884165,0.027277128082659124,0.1070243061227198,0.028291880770438167
0.03282610185602227,0.02446470346638847,0.0481738623565251,0.36252855794899635,0.1523240626276831,0.19231354657159475,0.06269667034874833,0.11735603249251408,0.007316462331527554
0.10962859592052827,0.03242646561256921,0.07944248159830608,0.34610105845583833,0.06839324331823325,0.15908591512679515,0.04369628785996537,0.15055591310753863,0.010670039000225636
0.16443689133058603,0.1309935460446874,0.010113431985296984,0.04009666467916406,0.20163220390592318,0.004790916061373134,0.06076163418955843,0.014638703778196349,0.3725360080252143
0.05524615106058001,0.046542490406006644,0.1139210139389466,0.4082803690109585,0.0937468868688384,0.18713410507851683,0.01574023882392683,0.048835867515257446,0.03055287729696876
0.047095078780457246,0.04155270945886268,0.15447693377297633,0.43222136283591966,0.03849347466216824,0.1512411228275593,0.04977819267953199,0.05772121630224073,0.027419908680283853
0.051854403545760534,0.03973066403004923,0.03149883923542566,0.35984236108252016,0.06533358501353005,0.2908821169022065,0.0659003886641862,0.07141860825710127,0.023539033269220352
0.06503664581131273,0.03156252233866335,0.03893479029251301,0.25014906584684954,0.09324308325804881,0.4341878318266375,0.03523850103210995,0.03042038608980266,0.021227173504062474
0.02219508701767145,0.08968152976425281,0.014101822015406483,0.032330644395856374,0.08832263020816788,0.11211052803677053,0.28402594501435,0.33655074164152615,0.02068107190599825
0.2983527523567518,0.04694083744619686,0.15310522913317617,0.07561980338421877,0.12027114997548043,0.10804932874235877,0.04091949145554968,0.08008510022774457,0.07665630727852289
0.1904259769071641,0.11749487293438717,0.10452475113541025,0.08225410022530522,0.0665380897794129,0.02773811104390399,0.040683331023881546,0.30447686338275765,0.06586390356777715
0.0770691637825907,0.061279678196631195,0.05792051312538462,0.16439352042993036,0.13867428704515053,0.33072928220039355,0.06738297090468989,0.06306045222606457,0.03949013208916465
0.14362313580812042,0.09001290826150637,0.09410227157878386,0.07090323469220736,0.17183971815851296,0.03985000264491968,0.15009664726816013,0.16165117103972118,0.07792091054806803
0.1442998591496181,0.15117987626255866,0.0354518607005223,0.009461268531342907,0.15085843089423093,0.018260920044947487,0.026428844079769115,0.04297764684555219,0.42108129349145845
0.09923824665155646,0.08323528878911891,0.08218140012254048,0.20254853000238104,0.17658928839852214,0.16246028634721002,0.053592000118993045,0.0702560975260272,0.06989886204365074
0.05988702157836268,0.08690249820107054,0.13842564833916607,0.12041045314786229,0.0944310741943784,0.05423421218225776,0.06856164444756113,0.26102252160759626,0.11612492630174488
0.10997818513143126,0.028474191499229615,0.07215733786365801,0.2143305812120282,0.11294775272092601,0.34958181179761866,0.04825942969848427,0.038868726337153194,0.025401983739470797
0.10227587140399612,0.0998635092828883,0.11044384198307551,0.014025542120731578,0.15174800701071842,0.01912703982429106,0.05731125440775952,0.09504623548705464,0.35015869847948494
0.1507184688046561,0.048227399266668615,0.026560006621491983,0.32038317438365665,0.06657517662069011,0.046942122154411535,0.04844883543495084,0.03131823879052998,0.2608265779229441
0.0716987613778377,0.10882109634183602,0.13692253562392245,0.041642081782473694,0.0807071674433722,0.11824830029302387,0.08160211297188034,0.28407736363161273,0.07628058053404096
0.11073050150151743,0.06158149863665582,0.026853345686862633,0.3387226454916803,0.027726708560044375,0.32656203383175075,0.04883807893566574,0.0462935710958696,0.01269161625995327
0.10032367106711836,0.06460294413355017,0.19145158798333792,0.10868872029150045,0.06277948391340604,0.04763824026963078,0.2120904136025048,0.1634951385684907,0.04892980017046077
0.11610794635822737,0.04384062313070499,0.08904880561523244,0.09577934910893786,0.18924744147975223,0.07553134322370401,0.06687077162039046,0.130567016548122,0.19300670291492864
0.057554147321388194,0.26859032878308525,0.1590643071816404,0.04524855305136432,0.15548612916334617,0.06192452604618442,0.0814789797105192,0.11406104255424217,0.05659198618822977
0.0203584263628593,0.5547925421127285,0.07395892273489146,0.09556303342265593,0.12442136966254629,0.06633755890508825,0.03300933747751386,0.012040846910974616,0.019517962410741652
0.10229415914505724,0.2594895492808125,0.07519102395138438,0.12420306733977672,0.162270429825462,0.06193241897771722,0.08536221387402354,0.06005794019574001,0.06919919741002632
0.17043606891356142,0.17307700598576645,0.015678122918902224,0.21161031482389173,0.1326184275457737,0.008656398579388368,0.03305111420211994,0.019396343012457944,0.23547620401813832
0.05766395534134285,0.03488201870075641,0.057843081730267885,0.25581601738531223,0.04519912432291214,0.25622272361425336,0.0838138752160147,0.07821991632902807,0.13033928736011233
0.023580169938800105,0.11282819644196852,0.11807180059359207,0.39555166015935045,0.11842872178251374,0.03819350052472973,0.09155925108078278,0.053548635579238835,0.04823806389902377
0.0452438057867365,0.08056263645130955,0.12594497450456846,0.4845576396003468,0.07258779017766652,0.1128824606649683,0.030651579514166336,0.02545883596445653,0.022110277335780956
0.06944397338805398,0.1284220549043875,0.07948497240847059,0.05405930983326888,0.12878340991514475,0.062029834730557176,0.2363848313009416,0.21966025786847843,0.021731355650697042
0.054514447919932506,0.16365856202103016,0.07846090914111846,0.024341113326525263,0.14944488478108622,0.0402890244162401,0.26460810376403726,0.1754106727605164,0.04927228186951361
0.045707338770374674,0.03438983794553666,0.06388414078183069,0.26032663515172727,0.10629756903026817,0.29781560964542725,0.05010830593144907,0.11185021096305148,0.029620351780334748
0.04864412082931885,0.030292852808832774,0.07386982370442237,0.27741762431097,0.10988370442568463,0.31904302044480887,0.02444846480549669,0.09976904364012638,0.016631345030339403
0.02691675679323019,0.031064785455122385,0.10551889917472439,0.22136098644655933,0.14253059480899685,0.045877066920536606,0.3249945883679575,0.08815082120096128,0.013585500831911464
0.05791874409085098,0.2975536865744454,0.03820807311928706,0.28275236845175566,0.12545836833135007,0.04632506365677952,0.08279250496864243,0.011875558216924846,0.05711563258996411
0.14148144810130658,0.06045685308015688,0.12429100859625584,0.04126710121863764,0.04214963532256542,0.12017725644714555,0.13411047087835817,0.30773251576968413,0.02833371058588985
0.06663782247259614,0.16121892714056743,0.0907922259294695,0.26670979525274524,0.1513469696604686,0.07564453999265226,0.09478765449460302,0.05675796481596165,0.03610410024093621
0.05423134336161589,0.02216925161893303,0.18276178701033508,0.15631530116304163,0.1376241369698201,0.07406064860545496,0.0883334300995106,0.25712897334373536,0.027375127827553414
0.2052913021603917,0.0562361374653447,0.05849179426245979,0.2638019440758779,0.08945107550525351,0.1775563434229752,0.04668125954491237,0.015433788130863652,0.08705635543192114
0.06047698347043496,0.4054118023226734,0.11660762488429637,0.05722409167980371,0.12908221544479795,0.056722530016001305,0.05968586308308888,0.07339153912973194,0.04139734996917152
0.1552641843992394,0.018157784213477513,0.043813490368824475,0.22619288722669814,0.08720667151670587,0.2413651950275327,0.052931662414344965,0.14965884757987233,0.025409277253304618
0.22126234057479818,0.10442506478180731,0.09144092106305779,0.009468717951741347,0.05004213199061656,0.02446983044877347,0.04148502596273977,0.35114755436573325,0.10625841286073227
0.08185203424221205,0.016272313607199756,0.026672412253068923,0.42696003268517996,0.034903313684031774,0.2648348674527012,0.04262532672532778,0.08453195401445464,0.02134774533582387
0.0483084430780954,0.1907902527352787,0.13153008420475368,0.13477801717360346,0.06123114365957646,0.05376694829693867,0.22888116192675811,0.08916851992167496,0.061545429003320606
0.03207707417767595,0.04392689506005972,0.22000228054541174,0.32149676885538686,0.06398989623773642,0.1657577639849035,0.03650026336657151,0.07162062063429935,0.04462843713795501
0.336696470664743,0.02779632277528042,0.015685156926835753,0.18801862103168823,0.08827073221388422,0.05100167952401466,0.03144146520850345,0.02664125714154746,0.23444829451350277
0.02376364480594068,0.05215839757044122,0.5839928075298837,0.01942822742654141,0.13825526542581004,0.013131464348154903,0.053015518602111476,0.05774443587132134,0.058510238419795184
0.020209334344194477,0.02220866934471613,0.01469145572688022,0.24315416193809755,0.18832180765656725,0.3707630338127394,0.023241495837567544,0.04224310297215219,0.07516693836708528
0.11684658709762279,0.12902416756090904,0.1310242560683191,0.020776563084947335,0.21887470793652328,0.015806433656264947,0.1627839828377256,0.10769195986317188,0.097171341894516
0.23261996723780545,0.03663274393101677,0.022821087579466156,0.27447895522031357,0.13301830560149863,0.11161714910341909,0.043992271942962104,0.0341310878003843,0.11068843158313402
0.16918064182484235,0.036167011109488556,0.04896784895240344,0.2931279402831701,0.09165915051774048,0.2337317611598925,0.04775913604316102,0.05554078102649463,0.02386572908280693
0.02994211682479662,0.02034875300854444,0.0324382768401131,0.39375434318306907,0.06192629467807425,0.23924789356892737,0.02594400089826297,0.1604859476833154,0.03591237331489681
0.04244015180835451,0.04237453766029528,0.05523301808461614,0.15869068382025012,0.08680445764189589,0.4214776754086127,0.05826240089349249,0.10075186587445402,0.03396520880802898
0.10659073522994904,0.018641889735699805,0.10586299442550355,0.21968950449525118,0.12599391971836407,0.25053055196780244,0.03897695546180053,0.10354399340333875,0.030169455562290587
0.07929720378405537,0.10294862723315734,0.1232679893281477,0.04888272584414072,0.05135490996142362,0.04665519036700879,0.09733872423168766,0.372538930974364,0.07771569827601478
0.032816368753447185,0.08957820776794871,0.03221090769796373,0.03439097642093182,0.16558378940109605,0.007724213096186392,0.03670091301175431,0.005675023445610216,0.5953196004050616
0.13003349148507456,0.02701912107956327,0.039642946119285094,0.27921878639693426,0.06232419949365723,0.27795267212895,0.034222602433987066,0.05420051760906209,0.09538566325348648
0.19126363399956378,0.04576044409174803,0.05640036231102375,0.21937236985476805,0.07170463884667472,0.1421134695449179,0.07995274607285525,0.15453265552209225,0.03889967975635627
0.08323226715998158,0.04343846234254159,0.06798695436687541,0.24648902174691686,0.15065789399212703,0.21503780186769958,0.051806664086865496,0.1153092179505471,0.026041716486445435
0.05375617293588721,0.0223216362320868,0.056028809103988136,0.40542283980232535,0.02372123038219566,0.3518852643579045,0.023076273453941722,0.04730295843632984,0.016484815295340738
0.09401474514198198,0.06654134333952154,0.27167818939103977,0.036662255775703013,0.040840840686664846,0.04718338880188522,0.06217452207918674,0.3543385875673686,0.026566127216648222
0.10801392162514434,0.032756134883541614,0.0524715370213485,0.4006850735866873,0.06933070281896757,0.16272464461895056,0.052738967248593005,0.0896914362359892,0.03158758196077796
0.16197821417828595,0.13133437065202455,0.06886261160407571,0.08925060258221355,0.09677611332508851,0.10910264535405144,0.15719789529030592,0.047498384375026216,0.13799916263892822
0.04506217618543043,0.05926658670660506,0.026841577230696256,0.3891914560731615,0.02535507643822497,0.1972125460971005,0.05357437548495281,0.15743903098727005,0.04605717479655836
0.11721860898092136,0.019989133432947562,0.025682399041918224,0.4266209339362293,0.04491270060162806,0.24044231888739453,0.012289049532355012,0.07707931259386978,0.0357655429927362
0.017182146438679914,0.04101686303363739,0.09821491170620172,0.3807453992288215,0.07903722708135351,0.29312020329364924,0.06321656830771102,0.014138556836154823,0.013328124073790902
0.055886779113269426,0.013089118038002417,0.09792940633708586,0.46724245926054114,0.06207953274976152,0.17072261010958312,0.05458423795578451,0.04243378346056031,0.036032072975411604
0.08313073731809031,0.19755315836109474,0.16589716359248938,0.057750442214355296,0.08425169996972022,0.011553759491578152,0.05003555582551433,0.310239121100564,0.03958836212659354
0.43339511869467495,0.062220904751601136,0.057460547851421184,0.10863476401655697,0.09389001917708689,0.07763695208495598,0.029900820475561366,0.06402126790558933,0.07283960504255217
0.08474184223173288,0.09337163045395123,0.03390929434895414,0.3556088574887489,0.03546367069719131,0.1962276966197809,0.07551850289776703,0.0645505181933559,0.06060798706851763
0.04138475574503108,0.2941613043430478,0.09053865779390785,0.010501608288534303,0.16123872336045073,0.01845497261564007,0.08027699517571897,0.05249581011516415,0.25094717256250504
0.08701395955350771,0.028094672096963008,0.0633532454461301,0.36286259886354805,0.05979262830223863,0.19429997255571888,0.048458102869591436,0.11689024015710575,0.03923458015519643
0.07883170740080554,0.05612000612272618,0.04776231314812179,0.34875579313772714,0.18667432506122492,0.083929091896357,0.04202587837282765,0.04725141656591936,0.10864946829429034
0.04728671350486008,0.0748573441040451,0.05991674753126785,0.24984269286011088,0.05970256423882392,0.22746479450791243,0.10809336790841888,0.12856309574539695,0.044272679599164005
0.18887447604098404,0.13215282471935189,0.13965930725818465,0.020844935039523126,0.15731928658115002,0.044758919579925505,0.11837325328560999,0.12502377820699875,0.07299321928827196
0.05473711750247573,0.02050161109890702,0.032011466584678294,0.20853230274808507,0.19877794040997254,0.37575695978609813,0.028631914702488163,0.060131143048743396,0.02091954411855162
0.5488983100888076,0.03818635194191248,0.026015916701213688,0.11362883673738643,0.03311999516963844,0.07961788330426298,0.037467447415911605,0.04564523586711991,0.07742002277374689
0.1806186516782404,0.022220640404945077,0.12146852500586904,0.027155550327509975,0.07187476913613082,0.01021570307677781,0.10617380587257035,0.012977274229938966,0.4472950802680176
0.17356416478235667,0.060359575440951,0.04997844113261354,0.032427962711135135,0.080244409045132,0.0497237019893693,0.07503640077628042,0.17578335483103003,0.30288198929113197
0.010359589086682497,0.03776724449148353,0.08688013061417904,0.3996503711598239,0.12070905291458049,0.1360373028886324,0.04995343892895282,0.07460216447952454,0.08404070543614083
0.1072545978495494,0.03045731090025122,0.030047205303931762,0.2971273185621979,0.09925292085785846,0.23027408926861279,0.06190868665488255,0.07400092528727799,0.06967694531543796
0.063692274316895,0.05834381683464699,0.06946712104794496,0.13299669608694212,0.09702808556546688,0.38087243438361323,0.05608440525343844,0.08960407113544892,0.05191109537560342
0.04562653948350568,0.29100424666855634,0.0499325420598647,0.17615937253535954,0.16378953285481632,0.01434810778378332,0.08708902163106041,0.042176283527328114,0.1298743534557255
0.03931025497198645,0.12261589212322348,0.09347000670727423,0.15394835957313474,0.12217641334339475,0.009341749021100488,0.08358154117557698,0.018068613606168498,0.35748716947814035
0.03998262908109434,0.19498406199309984,0.12261710995478294,0.0743611504535775,0.10819066493580498,0.02435389051861499,0.046390974969179544,0.1461579500343525,0.2429615680594933
0.04427310540753048,0.08945492061825429,0.049804513668816434,0.40976611653720113,0.1319875876090776,0.10957934816902876,0.10027475615008181,0.048980418354743954,0.01587923348526543
0.058387607038544474,0.020927685396377783,0.03896142175196305,0.2056121609211374,0.09497663731138907,0.4011267051807823,0.04845146057818755,0.0672628191340564,0.06429350268756204
0.15605781744186079,0.1628634406723308,0.13914776853629193,0.022978360797496863,0.12682495105561556,0.015879850574471787,0.016743286985507796,0.21070151498001677,0.14880300895640772
0.18208692682095143,0.03359667645573265,0.10806726615322353,0.012055035680471607,0.040431631544457884,0.02309070271960444,0.08187189899715518,0.2651409558303337,0.2536589057980696
0.11275979954430736,0.029123137716161263,0.10925008725941188,0.07472278446060314,0.03785243385109693,0.027917955016578223,0.013955799652668077,0.4870279876926631,0.10739001480651007
0.03268172841508742,0.06332918817817627,0.06019295324022337,0.23168248349334675,0.0609686623857863,0.1060586140220454,0.3413500850303466,0.06489053925241446,0.03884574598257345
0.058219062742971624,0.055143613097784684,0.049467022495380514,0.13540508838747542,0.06110417878293809,0.17304920980133146,0.041075199710407954,0.39257877014157594,0.03395785484013432
0.1061788322176011,0.10394744147214972,0.08049880629320874,0.06072008447498761,0.15650820123458306,0.005397004636980078,0.08534295344405252,0.032767196819614236,0.3686394794068229
0.0743269720720552,0.11918333617561831,0.14573841870768076,0.1516242474354749,0.09720579512190762,0.04359867983215263,0.09537773489341149,0.1689427689772861,0.10400204678441304
0.025148715572004796,0.11674672689502386,0.2023196710185913,0.14044444515886112,0.27852154540882373,0.05232104845354682,0.06378477134540501,0.06031374489089619,0.06039933125684712
0.03911608587452864,0.12532497504840312,0.04365065674238508,0.39379658017534674,0.06476587140731858,0.18826079074897925,0.0880296570151685,0.04074838614222645,0.01630699684564359
0.0662733572878005,0.013160142036948793,0.08857589493355385,0.3786545325410102,0.06444694995383986,0.2645843453830896,0.04309838110084229,0.06623441901787962,0.014971977745035244
0.050770509951432154,0.0708053747661632,0.16474187153965322,0.03920841247693892,0.09802398647985744,0.09117257818035544,0.21793592506914816,0.23099553953343907,0.0363458020030124
0.03629144120805215,0.2128445631835447,0.1369266820023668,0.030813709098308606,0.04457693158726598,0.04228592847752327,0.38687560977458846,0.07981146464620607,0.02957367002214387
0.037861333987627165,0.015216450754542907,0.016290446945589825,0.33102677965111454,0.1306465711728834,0.34263745691646924,0.024452865584834744,0.070951716815071,0.030916378171867234
0.09559946656596537,0.116890507679886,0.24520341792560188,0.07869510135121183,0.1554140757828014,0.01119061861616522,0.08568658231713867,0.054934086604303795,0.15638614315692587
0.22380400628338074,0.10539317941192779,0.07005586658647063,0.07167326345349839,0.0503495454446762,0.08599205243784692,0.029310941240758632,0.17575193563358424,0.18766920950785645
0.2357610700313967,0.08015971152836521,0.06402603799857953,0.046582169633014786,0.07163985639162639,0.036450305666425646,0.15028978989935105,0.03884186595005571,0.27624919290118494
0.1624600050392956,0.040759148685274894,0.17580616511539082,0.22964653788622966,0.043261754612593906,0.1779345350126511,0.041448114999461445,0.09830631646829983,0.03037742218080293
0.15704283472623018,0.1705512843710089,0.014493187750337191,0.06639858087611326,0.13026366477535356,0.0036037215299881964,0.016710758754620424,0.005903097771433166,0.4350328694449151
0.04786388381479914,0.10911749157697788,0.09656211559037403,0.06613933600633755,0.17470373880990012,0.026327659292287666,0.04132074313986656,0.32413618489882423,0.11382884687063279
0.27537065442036557,0.05927921347183035,0.049813855746896646,0.08017365661329516,0.1532599718961325,0.06192343597081401,0.049375702886083596,0.12406460264095882,0.14673890635362338
0.0831227920549256,0.04204603999130376,0.2403752920519638,0.14802502499774753,0.06548843564050122,0.1790270570135946,0.05015375898114016,0.15224574076228292,0.03951585850654026
0.05354651321206367,0.019614738612783858,0.08659944751631472,0.21906403291469823,0.04650069176981291,0.1841790002775429,0.07067262012559693,0.24463964637618832,0.0751833091949984
0.05766395534134285,0.03488201870075641,0.057843081730267885,0.25581601738531223,0.04519912432291214,0.25622272361425336,0.0838138752160147,0.07821991632902807,0.13033928736011233
0.016531010362353275,0.15609743318567423,0.03736051772615179,0.2500730643823442,0.04565878839417126,0.16312361884866583,0.0890798269489687,0.23766380840222998,0.004411931749440721
0.2550695996022656,0.041007055134486076,0.04508471653774706,0.08767159965015932,0.14277952454997828,0.046767134920471,0.03776229980028946,0.11190135107485288,0.23195671872975035
0.11959957928423577,0.043060794717234535,0.07186765682151784,0.31332620356502916,0.09412327683625275,0.203866875253091,0.05691623802542065,0.05200427281897022,0.045235102678248124
0.0319399008711252,0.0211919587952413,0.04571651951343514,0.3883931792326303,0.05630309212252884,0.40325114415567304,0.02731570815626438,0.012164389597643668,0.013724107555458116
0.0869131452113135,0.09542695322212784,0.293305932569921,0.11271746534617506,0.11575026476707855,0.06287020156775207,0.05043561617079908,0.14418274654924754,0.03839767459558536
0.15636463518717655,0.17561119012424406,0.02796800730607392,0.2131977587110955,0.09651057094079059,0.06961011625508522,0.13510979737880935,0.06994060007465963,0.05568732402206517
0.034970410718612836,0.17177819042021092,0.04004704407193676,0.2326292279169008,0.19326750925327385,0.07518371769937213,0.16678746102136896,0.01528868760720531,0.07004775129111841
0.3013322959282458,0.03869604436561922,0.02461919357382769,0.13166113009310706,0.09314654430019818,0.04475281255099703,0.053129805337242576,0.11170639492430005,0.20095577892646235
0.1760029040000185,0.05316333672359736,0.0659296319756819,0.04652584878812769,0.03962767950889018,0.32051040258241054,0.0337417850261686,0.21807611569604882,0.04642229569905643
0.0819027467843627,0.055675395954793296,0.03312905402618404,0.21717782928752363,0.05743884541624269,0.4346041687778051,0.028049973743025286,0.04796021077837759,0.044061775231685585
0.12801825202396314,0.03052299848858091,0.08313993547212882,0.16894372063957996,0.07992302264368835,0.266197129183901,0.08387641042539636,0.1303876560953786,0.028990875027382786
0.08444309043056226,0.10794250994441557,0.12330130008988127,0.22281212976061462,0.13176262921213985,0.08095602815832253,0.06783918121805071,0.13318610654965143,0.047757024636361806
0.06355706830061435,0.12585960825289055,0.019998617899278117,0.04069375687506172,0.08973030191594371,0.006289291190409989,0.02732776839419494,0.012038503763901474,0.6145050834077052
0.054469897539889046,0.06099148625374512,0.07169015442226524,0.2818378827454519,0.06984523332035159,0.2631203088109589,0.09557678305511112,0.06864322980450481,0.033825024047722294
0.045153810833296774,0.3044442755380139,0.047921394143059036,0.1516964793316988,0.1276020474417567,0.016963794518938397,0.12817716738538568,0.036196443070371405,0.1418445877374792
0.02307190799687291,0.06778923543184671,0.02741313884536502,0.3895605382546397,0.0591920873954881,0.28251800358293383,0.05314242669107703,0.027363256202413377,0.06994940559936326
0.04106513708688322,0.0316210729443246,0.11009751505848246,0.4089021062444414,0.0579504423288331,0.21314444583186024,0.052300551373153,0.0606675005065175,0.02425122862550454
0.14139657072422387,0.1734198157251242,0.05731268401889386,0.03570265331708205,0.03561783508556341,0.027005809526457893,0.06709772381609773,0.30675532700503877,0.1556915807815182
0.10661796883097062,0.0787794932698406,0.17144023074046053,0.20628929949950173,0.0847125047373895,0.03411736467236189,0.05353584027394057,0.11687288541784659,0.14763441255768797
0.11640643562696251,0.12695602252492205,0.16591895666262313,0.12586163730949362,0.08944547779507045,0.01714447421589628,0.11774119666325683,0.207000208750159,0.033525590451616176
0.0909117334276852,0.05149685241109784,0.02156589401998324,0.20851870971994338,0.06873757223616012,0.41872231478825483,0.08648856790667582,0.025349617071682512,0.028208738418517055
0.14914351724109168,0.04381940235785109,0.02909052307211922,0.23110563398793427,0.051584058119360454,0.23387133156063555,0.036194360520742354,0.1592269166564325,0.06596425648383292
0.04223101137344595,0.12854468013981993,0.026470918215794437,0.1448219884166658,0.053970393700983055,0.00923704159304494,0.022467980071469235,0.030559659970654674,0.5416963265181219
0.06806620688830976,0.2347416083654551,0.05061484011225246,0.2021798233579235,0.03147958145139787,0.23904326525457234,0.044268859304828774,0.07714429856492627,0.05246151670033383
0.09708970151959247,0.13954082625778852,0.1341055987730042,0.03443517713284539,0.20437190572776745,0.04332804075413801,0.09013976264574926,0.2242433161924244,0.0327456709966902
0.1158835458483856,0.03987382599620976,0.16489866877111156,0.0709947816977312,0.07715092520846771,0.04353635912348949,0.09209952207425054,0.359380033237062,0.03618233804329212
0.08265005087884499,0.018003848429964834,0.03420907296205189,0.2750461488923175,0.040291285933115255,0.21700362958517563,0.05264408545880819,0.2347957400348787,0.04535613782484297
0.11989484206333584,0.03660495832207553,0.02827027078874064,0.17019208038776812,0.07942401363542821,0.3682754672668473,0.09005579262284985,0.07643403364113843,0.030848541271816177
0.14510639630594965,0.06223970100082319,0.19424513922636,0.10370631085445119,0.04858901778826219,0.021605163526307425,0.12090395296950947,0.12473399216883278,0.17887032615950405
0.05725069832332821,0.06594933222368676,0.25990916799832015,0.02737235507157917,0.16252375702584299,0.017553640785525782,0.053342828774047925,0.12023376924686476,0.23586445055080427
0.03607415895755999,0.03252046720872948,0.09805928437524737,0.36862811198575035,0.031995346960608385,0.3221337656956007,0.074005405073902,0.013328617291942154,0.023254842450659594
0.027615735845884632,0.18495937596500825,0.14494905055698895,0.16175820688665862,0.14730689710207112,0.029079398808519997,0.2218972344660297,0.0290324520889049,0.05340164827993382
0.025363539081219296,0.058338258758254456,0.06866288000047312,0.021457509739829284,0.09630090425848632,0.036392083070070504,0.5999888140979569,0.05737337212992962,0.036122638863780566
0.10038212005705834,0.02874249570693969,0.051275948307709235,0.11900847392773577,0.05678828862740809,0.32929691824290963,0.02503690217198405,0.2450623048977066,0.0444065480605487
0.07527048645733196,0.16691033879861927,0.01353403115265093,0.02948713258816384,0.11702751632234622,0.007646058648174227,0.021542425083396665,0.018460598231160377,0.5501214127181565
0.061356437167919144,0.02557024196971247,0.02624182662412641,0.15809490580298582,0.10493676089282662,0.4886852944049355,0.05702729785545885,0.05485827609541765,0.023228959186617378
0.30894358963358665,0.061079115319376646,0.0647695671463635,0.15745865500111225,0.04143089554308148,0.13911162021592563,0.06928514110701241,0.1149346910095858,0.04298672502395565
0.10733328996260723,0.0611510742998865,0.0725016635708363,0.01854035950361332,0.11380329572191385,0.005950955874121555,0.06723130235176945,0.061672955663406,0.4918151030518458
0.042801174914609656,0.013353326224543896,0.030738974808028053,0.2611577873186479,0.051500063969269864,0.521689299357235,0.03411980756723509,0.031154567373949445,0.013484998466481131
0.07732703012024049,0.0978843306434456,0.08746278411767135,0.17907168245263563,0.1253254303079142,0.15600606968639572,0.09056078333651636,0.07428134064217394,0.1120805486930067
0.036778031359084605,0.03454422136271753,0.024041379749072028,0.22902516460273695,0.04114358703010706,0.46453528188622,0.039192858075729614,0.054462856866398325,0.07627661906793384
0.04764367177924208,0.030308345771502505,0.04389790823585046,0.23678435932639777,0.07949858129126654,0.3456371919968337,0.043780347851947364,0.1445337847245877,0.027915809022371826
0.0510966681081057,0.040154915226937815,0.16239298273744873,0.04914587813724793,0.023411602439060833,0.04849325390955735,0.295900646391313,0.30181124611991517,0.027592806930413483
0.10190112473511566,0.07905068716293778,0.07433654282169055,0.1367013287505824,0.033837543540441474,0.40866446956298436,0.02753755518859755,0.125181410175269,0.012789338062381207
0.08756976964399495,0.16991918143176896,0.10820365136265848,0.015108266295196472,0.13491693921109374,0.033085930568105666,0.14783169640144786,0.05711681361363047,0.24624775147210334
0.07032780002147636,0.06202210864435396,0.04476926084908663,0.255092071798158,0.05455082312432585,0.260645408160516,0.049350410986062986,0.06433384308553099,0.1389082733304891
0.05161490677488908,0.03473149072426645,0.15624441832444838,0.2599990169235693,0.061198781168706806,0.18602956704021192,0.04883440003498276,0.18156563961720032,0.01978177939172498
0.05909637362881007,0.06863871768883656,0.29295729181518043,0.08249646487552054,0.12173919334997706,0.02464381029303328,0.22821269778663122,0.052022434699955246,0.07019301586205556
0.019833004054017587,0.04407336325630532,0.0488192431840499,0.3846477828926826,0.0988314027781676,0.2551310211098136,0.09546117742384709,0.04079505663079986,0.012407948670316428
0.026596078440758453,0.06399753047591993,0.037525896321750525,0.17312039117564862,0.053317224391149866,0.47966130440678706,0.05245228450159071,0.04831086908031836,0.06501842120607654
0.16812610912089399,0.08487803255179367,0.09293204690829586,0.024893869411673385,0.13267807757523667,0.14699061863715648,0.06959911117991448,0.24212353539359677,0.03777859922143876
0.08080635202562743,0.10819898958762492,0.06002925342536613,0.1121834617744414,0.09515443599156131,0.13469643466714498,0.0650109927616676,0.29545992811019955,0.048460151656366655
0.05592438663498053,0.3337029562564984,0.07594266182167213,0.10090514664180576,0.06182175248219033,0.02059977734964314,0.04929575657523258,0.04226250439096296,0.2595450578470142
0.07348637481965978,0.19417031531557502,0.20860806095791107,0.05817203484487837,0.15438881748440444,0.03463954246524642,0.158311887986287,0.06283259372219115,0.05539037240384683
0.09708790391509821,0.04788865511512865,0.04000885401140567,0.2145209939123324,0.05384502644186304,0.30097441982076867,0.08321338481617567,0.08664325811654101,0.07581750385068657
0.016208092049553126,0.09994133728636141,0.09292829345537473,0.045048123766323,0.1881226268685805,0.04768979226504577,0.3929568331455917,0.09465681414295356,0.022448087020216192
0.04518962530068096,0.03784092508160906,0.11738953284172665,0.17285053532602354,0.07024005571298993,0.2078395008887899,0.091841791234067,0.22209764785775568,0.034710385756357265
0.1744641012129193,0.12843118831220696,0.0399602202458707,0.08506102422293355,0.07037137696324469,0.3406022622218909,0.05274848800650608,0.07463173371493825,0.033729605099489544
0.23742246904922815,0.030125333157058478,0.05214701279683378,0.25318596858979775,0.0639744154120757,0.2126387524313188,0.0213177729552045,0.06032626789223575,0.06886200771624712
0.11841719588006856,0.22882157642085277,0.04148479488841501,0.031248326590520046,0.07384577620758476,0.06372027061791084,0.12155328038839058,0.07602733357900374,0.24488144542725362
0.034345637952338276,0.04917541208494611,0.03586669463430032,0.1552871127962345,0.05222901281777908,0.36345148225801793,0.13897049078725923,0.13188720799455173,0.03878694867457293
0.08618589205238865,0.1849490515842953,0.04225853803222696,0.025928045715689147,0.07480431755915641,0.030625956093878182,0.10697058933282828,0.23011969167653534,0.21815791795300168
0.0444546417382872,0.11363513119693132,0.25232410061830135,0.04629913729770385,0.06042669238459417,0.10383431667912117,0.10062699837302845,0.1674384380268562,0.11096054368517623
0.019887674277031378,0.14322582047598043,0.149916080752127,0.06656819561417379,0.1364816214378202,0.07807501350739027,0.27098968507542237,0.09433697721245739,0.040518931647597144
0.030222673675519684,0.07230026786452391,0.10732382439903802,0.12540897958378003,0.11896387866465892,0.052523694009621626,0.26827562525532417,0.133095929872851,0.09188512667468267
0.10725630505492723,0.08595739002932175,0.08378162900147974,0.06837211073979824,0.07117540636106848,0.19653237968597584,0.09952883195924189,0.27835994656675567,0.009036000601431135
0.05596999188175428,0.024747975533743905,0.11270489569237968,0.451450413985377,0.05898426706563698,0.18890838590813966,0.039340954478639605,0.04160191592250881,0.02629119953182013
