0.06301722483546965,0.6457677540250781,0.025865950120273692,0.027603875649275068,0.023947938003375132,0.08027533525034956,0.06183219867516957,0.0562294218697885,0.015460301571220617
0.029486288989888854,0.013093590292383987,0.019451338351561123,0.31228585821620186,0.36031949314708883,0.02252729735766749,0.10807891100603416,0.12509499789619974,0.00966222474297392
0.030604363285731972,0.04310001856090053,0.1101545833914926,0.17275674209301375,0.033380519175572505,0.07544671053834635,0.14998846884247038,0.28369246474825455,0.10087612936421729
0.04218080186046786,0.023630763080871326,0.45914832177542686,0.13113633708059988,0.03404404604186113,0.03579817067833447,0.14981736836413162,0.0909176755951535,0.03332651552315338
0.07525118484704024,0.03929364534826175,0.5535356948876718,0.03870623495343402,0.10862842996467796,0.040274538773041824,0.07712406657362347,0.037460033686418814,0.029726170965830117
0.047921751946583775,0.06694823815629462,0.19211148307298065,0.12514454671790576,0.13453708276363366,0.0887528184913406,0.040803025174478445,0.1794277884938725,0.12435326518291
0.17851148185256163,0.018061458210678515,0.06440694397062371,0.5072825832138649,0.021139169103351462,0.0336164922161161,0.01540704687884815,0.14919350037640702,0.012381324177548494
0.019639951384489835,0.681553319940932,0.01560567715808169,0.11001205265813056,0.0681289361955092,0.00971304757829126,0.030901507619608273,0.03980092579774444,0.0246445816672126
0.04294517607299996,0.05752944733655923,0.02208508604289305,0.043720238933273425,0.02513794874475499,0.1316837844755967,0.014024708347358668,0.019320895817249623,0.6435527142293144
0.11193428898891718,0.032132301584181976,0.04329292385275752,0.11588527510982598,0.15538205372433933,0.1709340153350701,0.029788548121790697,0.1431991780683429,0.1974514152147743
0.14199924449170093,0.018799107961419013,0.1983332220022261,0.19733680848333157,0.02424941490976815,0.10141496274547439,0.1504396999873964,0.15496833865076926,0.01245920076791425
0.07122381074225485,0.04898602272077293,0.5020559198408865,0.06536552040114078,0.016353125596614903,0.06014922256490507,0.10836636701483919,0.1116144209638667,0.0158855901547191
0.008134762030890188,0.07862998454899782,0.07724840933583854,0.4561176741028099,0.05859951887387841,0.03135713023608032,0.03632067179487097,0.23954532818045238,0.014046520896181339
0.1977515505458702,0.07382118161264074,0.20393825999855839,0.06334301089691953,0.10566282511621901,0.05801817957504174,0.056703129074559766,0.2075600476444727,0.03320181553571793
0.09291256825604981,0.14989410799953926,0.0987812777881402,0.02594904295421108,0.10497778826749952,0.04380334828402397,0.2937869743027265,0.14679980638454848,0.043095085763261154
0.529063443182959,0.03636744313697323,0.08204518665828515,0.041813324785428596,0.03110826513010177,0.0557037876869634,0.054127013307032935,0.10367628996996668,0.06609524614228933
0.06883453094565423,0.09144499780037108,0.10121592423034938,0.16700641734867125,0.029721205910959576,0.05874714644249044,0.05655501961468897,0.03099706710075183,0.39547769060606336
0.022108697626555384,0.021001536884676913,0.061772418323655355,0.09393348530589345,0.11778965645339932,0.5063891630272167,0.048659737037778004,0.028543318474546196,0.09980198686627872
0.04723342170940903,0.03323209174186089,0.016309050173271132,0.02793467449787938,0.04473009272817982,0.15759599670642754,0.013493138522392492,0.046723662974532475,0.6127478709460472
0.08251290543411066,0.025057798146294982,0.08414477905553941,0.4466699610241675,0.02343351744750469,0.08689572397003416,0.04097384496956467,0.16993217432570817,0.040379295627075845
0.0996133132797266,0.04099750783131822,0.5595857493437103,0.10047527039080166,0.03839039755496528,0.05659720397089089,0.01921241747011911,0.07584100778606688,0.009287132372401157
0.021683532286334958,0.040152411269296535,0.0306012030798466,0.23511761185975896,0.0952644628892822,0.2256163321422595,0.11498248925602876,0.17299416853890373,0.06358778867828872
0.11366845653917092,0.06359436529414227,0.20004001079698522,0.031134746516644995,0.0815881722289991,0.06305457692221368,0.04696947403044275,0.34295833751814936,0.056991860153251785
0.042898838059182966,0.014658049546175425,0.04117887155181141,0.31536819682311557,0.04431215775664426,0.0440369307643983,0.011827590420227891,0.46119226289239323,0.024527102186051006
0.09289799242498654,0.6383966139410555,0.01802533981371098,0.0454914866996334,0.07648884878618643,0.014799933862023119,0.03214154329388027,0.020042094343957473,0.06171614683456623
0.05290511425534334,0.033792182410308604,0.12488727269929228,0.35987054240705835,0.04865368507987807,0.10931771944406436,0.05726727453183317,0.1564721415689404,0.05683406760328139
0.04671058611441012,0.015394013805967166,0.0676540835948559,0.38224575720547577,0.18261614304187668,0.1864928230171771,0.021391330685252823,0.050021984918982944,0.04747327761600147
0.7183814904133122,0.022830293531345688,0.07976807502664289,0.00920179701205282,0.022729761657502828,0.02824047475793905,0.023585210562802005,0.04162332464371119,0.05363957239469103
0.019753028102393887,0.7753352799218606,0.046460120712645735,0.01581255920318391,0.05579681851075469,0.023319454995983886,0.017219040405658848,0.01410328448190725,0.03220041366561107
0.026979775376263938,0.029507462397042536,0.05811941282729229,0.3453714479313719,0.12219967515201492,0.2080673785539504,0.04522438299590612,0.020721610342616017,0.14380885442354183
0.6176598578102845,0.03427371708110733,0.10382335317603758,0.009714881678294764,0.03804759853177223,0.0357547661350081,0.03068967630600397,0.11172245672636234,0.018313692555129085
0.08046758235696072,0.061507688862166544,0.025641236354330563,0.3332231534772281,0.05746198526288975,0.05194632380765841,0.07019773910632013,0.2932647865465698,0.026289504225876
0.029623613862744053,0.03476646774278389,0.18675790514764593,0.18253367739303764,0.1919269385687313,0.07817142111191235,0.09391362993210452,0.17597440704169687,0.026331939199343474
0.053203067886138544,0.039277335211127896,0.05736661507070401,0.028383669270355075,0.0409689328538809,0.10739397375176757,0.047099594264512795,0.0279197517998513,0.5983870598916619
0.05841853117323383,0.022711354479103867,0.03353723345700982,0.5749544033697284,0.04307417306756426,0.11927584664802583,0.03655742458209999,0.07658171258306377,0.034889320640170245
0.018451020904740597,0.03562719531475073,0.056772806510843675,0.3186388445632108,0.08430145117080934,0.1898785094987218,0.028783792545008995,0.18889921630827164,0.07864716318364245
0.03851826816949826,0.02544776532736212,0.02558232889826768,0.6009877791725979,0.03501836005621203,0.035722236920722544,0.03215387898620251,0.16524896082014612,0.04132042164899078
0.09105928394373647,0.15886459592696886,0.09096771653823886,0.1621113385197115,0.07416026729369303,0.03366955287124586,0.16401973267633074,0.19243854094316334,0.032708971286911345
0.5987693206435618,0.0224037405779887,0.16937745568886978,0.002123210269328876,0.014894997789931481,0.07285160788839855,0.017958290939023413,0.08489754608056417,0.01672383012233318
0.11738594118394267,0.027933646634528197,0.19105071242103602,0.41479170151138406,0.015198081778758026,0.09662436527432204,0.04621784868709523,0.0579449946107597,0.03285270789817415
0.1452277307616919,0.13080832137331644,0.032740855665922684,0.30774538896724796,0.14639728371354865,0.03951457744399108,0.12275641532233487,0.012524749989148069,0.06228467676279844
0.15190085119244526,0.024010743121235467,0.13297727008272728,0.008372076492206188,0.005250628336531677,0.1024810769588278,0.12840084419829143,0.4372071658236603,0.00939934379407457
0.07998856460948778,0.044712433711001816,0.04803780930471971,0.07092318978757196,0.34732041025559557,0.028055907662824623,0.06120641456194284,0.28440655596987036,0.03534871413698531
0.07680674172216435,0.06857711442381366,0.05317113430823503,0.24131595701333963,0.04528491163483977,0.05742307227905155,0.10624957114542799,0.26301737459500957,0.08815412287811843
0.047080185508280935,0.011943120862335038,0.037701647382039995,0.41180318128500687,0.025902831251016372,0.331646566642338,0.01778258378516724,0.045717265195786914,0.07042261808802867
0.025718076700993395,0.01851819015573485,0.024919748234856706,0.23291821350239492,0.09179072439518034,0.30129939307063985,0.01693603581010318,0.16114644125669345,0.12675317687340318
0.016716563667939298,0.039359093951391935,0.051999772537067813,0.06882984412707581,0.6335934837914231,0.03360167081885682,0.07428141402107337,0.038712628142809985,0.042905528942361916
0.06374821335811072,0.026611876268129147,0.03472211043678586,0.14994105461230547,0.29919612510220434,0.16062207086587588,0.08958840161488008,0.13752553217018623,0.0380446155715223
0.005826979242462733,0.061274274663703866,0.015971118840753907,0.4865421991507106,0.06482445837221526,0.013217981348866412,0.08613776914081293,0.18083895685402226,0.08536626238645202
0.014858588058317185,0.04219671685438164,0.02506445724689536,0.5255270396335875,0.055824629981753894,0.028305663799907576,0.08178211561150395,0.1760716854508559,0.05036910336279705
0.5201511763319512,0.04171812845805006,0.21072711372185293,0.0006818454972643616,0.028426323752503483,0.06474950861958283,0.017421086909875833,0.0884443511731642,0.027680465535755008
0.14185248231362493,0.13604795742325487,0.04004377190125632,0.06132979131325681,0.3386176019003653,0.04496691357047916,0.055799457750534597,0.147702349671227,0.033639674156001026
0.020753963563907334,0.04413280852721718,0.052410588634756776,0.25840804681758645,0.1598765821077527,0.24005560860585404,0.02596072814643609,0.05674365677893076,0.14165801681755863
0.09219570191693623,0.04309230516286777,0.06201111652933836,0.0800915581615489,0.07822316844184275,0.07042731902913722,0.0495807928530168,0.4828785192740686,0.04149951863124327
0.017474144684117836,0.016536810788496444,0.05413747483275314,0.3378224036469759,0.09180069113012801,0.3098787044464717,0.011697964115691434,0.10959600389918848,0.051055802456177045
0.10344680717220939,0.05441946424899812,0.10097874272230822,0.013999187180065112,0.06989721956985175,0.06444327970774134,0.45969678154239085,0.06628893687798122,0.06682958097845405
0.6533983323534867,0.040622900327568906,0.03716566382422711,0.0073292264551630725,0.028669219194365162,0.06015695496963683,0.0953658185468718,0.03778897083750227,0.03950291349117827
0.04992394769156592,0.022576520906434878,0.11278268375166052,0.20167519938102188,0.05352326996125206,0.18756312722287694,0.04115471648880458,0.28860101969624896,0.042199514900134155
0.07820492873844996,0.060376966557918986,0.31278598199130697,0.03563052349513453,0.015210044435467933,0.0569819033496636,0.16282112845587934,0.25698508646081936,0.02100343651535931
0.016251638639650807,0.020493354251367366,0.022264455324202088,0.4553227677027494,0.07653937348713387,0.18145199198107945,0.01580967583132029,0.16984822607724273,0.042018516705253944
0.06725285229393278,0.3795937537930338,0.025765824753405924,0.08659288949929062,0.22508319574369537,0.01659771941389146,0.050757520833879494,0.08206796769087787,0.06628827597799274
0.11036364458122117,0.013876830214374502,0.03965998389750033,0.5180098546452424,0.09742705529609362,0.07306656863023119,0.04511702466654771,0.05004605116861407,0.052432986900175095
0.7282528526944145,0.048054014013956155,0.07261471664642337,0.002183127263844431,0.032685559322590006,0.03307486032507124,0.024396857826190065,0.02949209363764037,0.029245918269869723
0.047806914471151866,0.09280991830945846,0.38502465865653157,0.10473566637765984,0.09901896243765552,0.12198311466867835,0.072532345777759,0.038443722612137715,0.0376446966889678
0.028396595179894537,0.026609562886517876,0.1617892168971595,0.17331821426910884,0.07990104581111784,0.12051334739236041,0.04116523098791828,0.35005509227678555,0.018251694299137165
0.033659180663701826,0.10441495971783903,0.0592292808458589,0.06440352415962985,0.37070948056367053,0.07844993876075494,0.13226840929534603,0.11016789053725577,0.046697335455943144
0.09582847601574333,0.030879103504183537,0.13026826419522647,0.5323754012513592,0.030267947174520523,0.018513697540295148,0.05144532628857373,0.07138871413643516,0.039033069893663015
0.028196037967871665,0.022136795263529952,0.1145821015994607,0.4904068579033476,0.08140257776939432,0.04873765791815121,0.06822383022578005,0.10833394458831298,0.03798019676415151
0.6058536003553782,0.03781659705492368,0.14892295273257772,0.0076788765335388635,0.0076028938381132215,0.02577439908122489,0.033761825551683215,0.10908472251062522,0.023504132341935022
0.03484547681372738,0.04747404563797556,0.1414161571238658,0.24772570743986658,0.06739059600019195,0.2739562106467734,0.10349782955398384,0.04732967274391101,0.03636430403970448
0.04787839793640073,0.03891208271103922,0.02188838078992343,0.11458524527450231,0.5600951057628982,0.034215955735233144,0.0672863703447104,0.08812605856694299,0.02701240287834956
0.4322124657411955,0.05508594095570531,0.14052505125999856,0.029122941520929226,0.03355118546266054,0.08468423204582805,0.05417598968152604,0.14846387606281714,0.02217831726933964
0.06004352636727722,0.009722737056071115,0.02929084357815188,0.5813209150370023,0.05795091811187675,0.061370453605014114,0.015288806503376676,0.16157420753945836,0.0234375922017715
0.06195087414368702,0.0253202515593334,0.04135529805509925,0.18589071801005186,0.12591007536619123,0.08745054870008506,0.01024425749024409,0.3786028207090995,0.08327515596620849
0.10242001798593321,0.02263908148200224,0.06082468333313962,0.024380290885501348,0.05379204766713034,0.04114678585335948,0.06888453846706692,0.5950862786256153,0.030826275700251607
0.03717321298743705,0.09484330846019652,0.07073472905621447,0.3359528967928946,0.19118359032834,0.043591205091925024,0.11350147559445954,0.065818338328211,0.04720124336032174
0.05528346594180115,0.05241922494461362,0.043096318123423294,0.6136295938238957,0.048749141157165776,0.04217979910643913,0.017763484937296518,0.04835943920125844,0.07851953276410632
0.04706321234597822,0.017352150575028587,0.07219354583181999,0.5317995314906643,0.040454399128923374,0.080261786222721,0.032297251235040354,0.15149741838314496,0.027080704786679278
0.06112991360671372,0.02330415352473871,0.09094917219668469,0.6097717818920075,0.033890902495261534,0.034662872048451907,0.03757078716066487,0.06966302453577124,0.03905739253970583
0.4342650855428756,0.04282271359707817,0.04116893966406136,0.13780746159575072,0.07099759675608236,0.026360733846327117,0.060605997422207396,0.13076577052763685,0.05520570104798056
0.4883291170956873,0.050364891102733955,0.055713175317929804,0.0471620805672337,0.01569180903006661,0.03626295798749523,0.1019468609881445,0.17758011668452603,0.026948991226182935
0.09166330403136647,0.022879756146145038,0.17560707826254815,0.3031340550649056,0.09179204868177589,0.04468765579615435,0.12266872210537043,0.10342631247135854,0.04414106744037558
0.06478579858259215,0.035132174666580085,0.03644139954331812,0.6101251307507186,0.007943077651089004,0.026777585953737037,0.06302566910443506,0.11733839412201037,0.03843076962551953
0.16407469001864064,0.019096441849672824,0.08784179762178328,0.11340680989076925,0.262265608018657,0.021055285275807356,0.24952294589169136,0.06244798784866335,0.02028843358431494
0.17746177467658608,0.5203102786980781,0.04667222681118913,0.014317538077842917,0.05851701701968028,0.01260827246008544,0.04482864935532869,0.0655922751897896,0.05969196771141966
0.08352511455410982,0.01907897958690254,0.055878094859702965,0.520798809801968,0.08224010628476637,0.04580564633881653,0.09109731705683137,0.04958225452640652,0.05199367699049572
0.03415840455500956,0.7276157340062928,0.02502198980814424,0.02143942088351258,0.042787830686881474,0.03753219158007217,0.05974346889942641,0.022135328866111473,0.029565630714549356
0.08240367096871826,0.040344087156098336,0.4803280019062266,0.035349930050587126,0.03392572340841987,0.11539313749890462,0.024723270188709356,0.13931736775545303,0.0482148110668828
0.06776789435323113,0.09593171058927728,0.1354829824374665,0.0950196852003708,0.2666127275338505,0.06473929576951697,0.09343149015285995,0.14880765128202597,0.03220656268140077
0.1000603068518335,0.013117224583303248,0.045732368896265564,0.5322608085667834,0.015282963201492875,0.008098697150319004,0.08762211435738641,0.17513860003538503,0.022686916357230923
0.018611345086490552,0.011308393639280637,0.02261428107820308,0.1849334940390681,0.05182252025949241,0.1574614596518041,0.01844875418059053,0.5081414995484835,0.02665825251658699
0.026591215062081192,0.010047893302223792,0.047982457269769185,0.1439896496200489,0.17981383580692925,0.3733273663613892,0.02517603767298365,0.044996953607939406,0.14807459129663536
0.06978159387434807,0.051536875375927216,0.044478567175882645,0.16903329150639082,0.017130378881801907,0.04870420569859422,0.013423183998361123,0.008183922091050575,0.5777279813976434
0.07735906954185338,0.030539565063408335,0.04915704377251164,0.45177551555079093,0.18936915788024858,0.1108664639291224,0.013844714052181213,0.038996695962894255,0.038091774246989334
0.017683205700092228,0.022601072055512244,0.08540440833611314,0.1320492005654723,0.11588485897110863,0.3618898797975471,0.16280629536480787,0.04168857324297131,0.05999250596637518
0.030241850275506604,0.07460266622182155,0.06042572109657066,0.13777629501558877,0.3168916625198965,0.039603570959318365,0.1497486749203956,0.1735988899303285,0.017110669060573337
0.02808620059793716,0.16190058767076954,0.15092378786113722,0.12990890145356931,0.25458652280180094,0.034185917926966077,0.09129557607284898,0.10177306764498817,0.04733943796998256
0.03684672535451145,0.07263344320021452,0.026392708625694362,0.009241088411036989,0.4827618489332451,0.10976652547578446,0.08631907442055797,0.14403781717527664,0.03200076840367846
0.02265084441234924,0.010024694345961536,0.0990871927768754,0.5430935379417762,0.047325249864923015,0.0952261519488841,0.03840885490070763,0.10658806475975297,0.03759540904877
0.06548283050332597,0.0264019705298711,0.23445922721928825,0.08641520042175004,0.052108269872934425,0.3381707853715307,0.016925960553315373,0.1110483879147438,0.06898736761324024
0.014501473927858471,0.020843631633390997,0.03329652365446166,0.4806494993276089,0.06225310840451515,0.13204176995726116,0.027908513289599046,0.18097926327579617,0.047526216529508385
0.06646523822004556,0.049309424510539816,0.147225720687945,0.2710887982562879,0.113610878877743,0.14404907822035826,0.08429376627397552,0.07869420950702548,0.04526288544607946
0.07712375379099658,0.038137358130642736,0.5203508133757054,0.050391802568723304,0.07732479588570852,0.07321326996963291,0.011994192388857587,0.10274123908538185,0.048722774804351034
0.06690809305094814,0.00581023464436865,0.3562432758959227,0.23390395182956977,0.03194734051212827,0.010563592567344258,0.06214413287135942,0.21808191343361216,0.014397465194746618
0.04445646872980771,0.04773665495215956,0.048287219293414056,0.328258196931421,0.033608360387975926,0.020319893079938808,0.11401831196387867,0.33093356313640354,0.03238133152500064
0.1701258558109244,0.02776525750561466,0.25987288277277626,0.0985769214901625,0.026859895328003484,0.12522314358203998,0.08487775498446903,0.13808723746750354,0.06861105105850614
0.0937001599844239,0.031380113164783195,0.06548321950840454,0.3217809553246485,0.1455869040856931,0.01223094665866687,0.10533638596440799,0.20361194839291477,0.02088936691605715
0.11931493380013268,0.02271606537500302,0.146130103440976,0.025357707504913913,0.02496413009587913,0.06904263793741171,0.3617933974261214,0.15879167798040705,0.07188934643915522
0.008445736118591528,0.01691016946728204,0.01116747318793076,0.3789877777433472,0.037437736525194255,0.0644856524509105,0.042619083707908845,0.38929980630080835,0.05064656449802668
0.6019751807339572,0.03683382685659382,0.19720919826905461,0.011472479188689376,0.008539950895084523,0.038323846640844816,0.04053793438423711,0.05245145693553912,0.012656126095999422
0.06692573333818409,0.0366455611865828,0.13742980092073379,0.07636436390677949,0.2383205920266932,0.15513883165263906,0.08208290525048664,0.15445310587454913,0.052639105843351734
0.029008948037241994,0.11010549088793646,0.04782786756973779,0.5245860208694445,0.14820711871407152,0.027753301615917197,0.02629639298101649,0.03871231759620614,0.04750254172842792
0.059211307103112336,0.012274310208853488,0.07099673965601934,0.45734215468789374,0.0308388450906997,0.03027017501549337,0.12070091584368065,0.19235569652173834,0.026009855872509053
0.2491755371286621,0.037163121474292675,0.14757966322347296,0.025467522270351917,0.054699802652133915,0.08981026251291929,0.28562315733239224,0.07762258365182788,0.03285834975394697
0.06618503910641454,0.06365428444852546,0.03650191851956746,0.0858918204287611,0.10578526670061333,0.127846325488118,0.05525780123070103,0.27659897191884597,0.18227857215845314
0.09771934029797147,0.05313547987081818,0.03522969493959998,0.3558519974574421,0.1144046019416799,0.10420889177111999,0.06397193642185127,0.09106654606417804,0.084411511235339
0.06827325931571647,0.07790780147693539,0.04359853826617718,0.06503467907485923,0.13418141080908452,0.017951215137206693,0.44519133627067853,0.08583887222102964,0.06202288742831233
0.044155870878829266,0.061471796106748876,0.06738541276586424,0.18064917528373048,0.23048965028438095,0.015557343442211902,0.018349545569333495,0.330783033543858,0.05115817212504283
0.053364689617527133,0.050802092129390415,0.07745371536449416,0.20413805934407034,0.3638313425893062,0.05481785983080584,0.06309989347712627,0.06961645120690457,0.06287589644037504
0.2793777927913312,0.02327933566451372,0.10729110549261965,0.4273485802487782,0.05935586025610546,0.01601551774875589,0.01750815304915507,0.051936835766244825,0.01788681898249592
0.05522169681539709,0.018293634573948885,0.07267992851235333,0.6077451147077287,0.05272614393368885,0.04720413486296552,0.040677701467036295,0.05729235529608375,0.048159289830797404
0.03902995626471567,0.6278590509128172,0.019073092793291443,0.09355198076455658,0.028803275858983235,0.032377377540161505,0.03289917529046075,0.09146804584682859,0.03493804472818491
0.08601215376270153,0.10578868827620369,0.08899597264105424,0.04060347964919979,0.28069165152170056,0.033575729224666166,0.12105432693728357,0.16877981252256333,0.0744981854646271
0.09441956575562967,0.04112884475900195,0.3968556586751924,0.0512566316457154,0.054532836593619884,0.11083533947413349,0.04140839001781071,0.17245697409863345,0.03710575898026299
0.14160078329892642,0.028239405399187983,0.023448098484635384,0.0914083402140259,0.1309721648763633,0.4153950757776565,0.06707408928594362,0.027438788964873197,0.0744232536983877
0.05526942467741778,0.07771174495661771,0.11521454611070035,0.07589926383756773,0.06752049843819749,0.04943817492129019,0.3285881526214,0.2065314306028815,0.023826763833927206
0.04080984816787308,0.02630313933734128,0.09777452322245954,0.07754345234013187,0.0787810845348496,0.022252745391223867,0.07668526887262903,0.5521476225183286,0.027702315615163193
0.043633836487288045,0.04088049685183227,0.028661871573053166,0.48496293471776736,0.09239484855302982,0.0375633020839214,0.06935045634017929,0.15537657174595113,0.04717568164697752
0.19720260435730555,0.015969188569972394,0.13545681285409286,0.4374360258736864,0.03592434744902717,0.029560870305104927,0.05275811240896086,0.07963966665972898,0.016052371522120818
0.024524703417025506,0.026805623903756532,0.03181882677062071,0.566489583586285,0.17414207735558593,0.03849683477229293,0.11219243243263237,0.008524294126729203,0.01700562363507183
0.10161283799966732,0.038157920847045564,0.06295360661178676,0.09293247546099208,0.07241756854954261,0.12626876186356584,0.32255316367653486,0.16996091194663013,0.013142753044234798
0.04408430113708369,0.05788372326658639,0.07968619891233096,0.1301925138561526,0.3003544144174766,0.06899310160562484,0.11037294102981272,0.18910578587198898,0.019327019902943124
0.015388317106682948,0.010850191026701317,0.02445228927861484,0.275543487707878,0.02261746660292449,0.18464635342838134,0.02325223130281359,0.4238547596027095,0.01939490394329391
0.02700622941122305,0.029895916666815667,0.07433690031894143,0.3499357545771342,0.03579307721035898,0.08380484343686707,0.02686863185928015,0.25404005895992904,0.11831858755945042
0.0887488077002947,0.008213048059127625,0.16115591438778412,0.3779006210339058,0.04638173932466463,0.03639346432623468,0.06725941393492336,0.19960807420175655,0.01433891703130854
0.027921682211446166,0.03045399180111125,0.08355140497086706,0.3420521358755319,0.2971420456294333,0.04123460335823046,0.02173769434190931,0.11942970110873097,0.036476740702739714
0.02651622198260803,0.03196069323584604,0.07563399966764163,0.08241694034646709,0.033343203648215185,0.057077021431311346,0.5132600424165686,0.14722623842283764,0.03256563884850449
0.042329681942659514,0.308565396462291,0.03349956441689099,0.2580093798026181,0.048394714678022255,0.0495862892395772,0.061814452795931674,0.13100183816281116,0.06679868249919818
0.061836775749004126,0.045429832459207724,0.06987863387666464,0.43248492714469194,0.15754073366833035,0.04056259522598389,0.07042203263480551,0.01704586089940301,0.10479860834190874
0.06685249996768336,0.021578202246666806,0.10881960772666949,0.46428578032583895,0.05371048885421515,0.18436715626709646,0.011667157918171495,0.05010001823666065,0.0386190884569975
0.06037248460066281,0.06286239203514453,0.08111944701142053,0.38544562460423676,0.04216612364100353,0.07191561766333868,0.15379112648749518,0.0707500770889033,0.07157710686779471
0.06308484110059054,0.5811177472237808,0.033256304585951905,0.013307213439538666,0.12082559038688956,0.017329790141971745,0.10038611563871797,0.04076699189765211,0.029925405584906705
0.030548775737468475,0.02966604326289542,0.04803320365428515,0.3060458031345337,0.14295641099360154,0.1535131527274183,0.035895279567065744,0.11939872377203849,0.1339426071506931
0.036165844181485385,0.04498732809640168,0.03820646341146563,0.15136183625175173,0.32565577845156074,0.03842255095656862,0.029949702737286293,0.2858225962147587,0.049427899698721196
0.06636350804437335,0.03139141942553864,0.10265115996981221,0.21578625303885005,0.10437255349467918,0.18580321894079885,0.11577073875222943,0.14227805682597938,0.03558309150773897
0.02699913486549275,0.03994682882614668,0.032472977239568934,0.35472317228400835,0.02327909106184813,0.030850444389761228,0.04684402170856535,0.3538765847518673,0.09100774487274121
0.03409907304432836,0.03262652651788275,0.032837875760941874,0.5035482376871078,0.06022102007599849,0.16719701866235903,0.030949709886403016,0.08444290965051755,0.054077628714461236
0.03875123186858597,0.01985482086262078,0.032876109373421135,0.6111231726693455,0.06875809927025207,0.09780816980541183,0.04966512232508155,0.023331455468310013,0.05783181835697121
0.051709764599043216,0.07138236502650512,0.06732709796022647,0.0841948414215213,0.09702241594429177,0.06863265988236246,0.375348655032716,0.14361324784295834,0.040768952290375256
0.027167240889362825,0.04354136232186475,0.03259130034722349,0.2151481639869336,0.030282515181743307,0.2132490773659773,0.13943752806277587,0.2480154846910783,0.050567327153040444
0.04937886799792505,0.041749426512298356,0.10488148511225477,0.5197723986182602,0.02895630691708338,0.0839924543335357,0.07535994006109144,0.046924409706858516,0.0489847107406926
0.025543656489198745,0.04785091133834584,0.042239572579829764,0.04154480058217971,0.059321627850343006,0.049249373242121704,0.3598463319344522,0.33446575552291957,0.039937970460609575
0.0505023538505614,0.022847562534106216,0.0286149495625412,0.19690122908342497,0.051105594676449574,0.11489954125304018,0.01812951688837824,0.0303753710897226,0.4866238810617756
0.07504134621587602,0.01802399093035927,0.055920548634568745,0.21737686859980745,0.10665985874940338,0.23327068533458964,0.028916302256306092,0.10221678631943097,0.16257361295965836
0.05667972001549156,0.022014019118729442,0.018590362989477915,0.10860090222756942,0.044165473270089815,0.08800020108195127,0.04590702912936941,0.012296073573687121,0.6037462185936341
0.06057321889905385,0.040701297336333535,0.18577221908897634,0.03150016462872408,0.04162826872554259,0.0493477446917458,0.037090942515043586,0.5050993132059686,0.04828683090861161
0.1088409127429032,0.045962034880561,0.19391181606280639,0.13774243779015297,0.06984358060880633,0.09861239985124261,0.08757723521913802,0.21586830115531638,0.04164128168907318
0.04913315610001956,0.019856882007741942,0.031068632790516398,0.589233581726276,0.04985204500429052,0.1142080327621474,0.029099001733691687,0.07978888740542651,0.03775978046988988
0.6951413552497449,0.026359414902118544,0.10579008139144126,0.020101535790137997,0.015521353560216479,0.04681813596635942,0.030010846035550053,0.040890579229478904,0.019366697874952547
0.02866552589703376,0.0131459266275875,0.028827345259350934,0.29151943386617013,0.22719520295921836,0.12605389832523536,0.015333497448765452,0.15141827965452895,0.11784088996210952
0.08267467095391651,0.03361752637418857,0.10153698289594437,0.37657958624798754,0.07112305303521331,0.07935397410771275,0.060583566111106345,0.13594575299401004,0.05858488727992058
0.18350038943705757,0.018632246895592678,0.08516762204877486,0.41768485278809137,0.04357169143314298,0.03785972862015533,0.034911524537643825,0.15022913146804898,0.028442812771492503
0.02550202864051436,0.0581446483395828,0.0480242948308664,0.2302562634084245,0.05024637132098164,0.06340070522665646,0.10020033138566854,0.3897687113212265,0.03445664552607886
0.11533924139094516,0.08792807609330666,0.11560929213292788,0.12177946370500155,0.0913540655362106,0.15359474447326543,0.10019488739723721,0.15759788572993197,0.05660234354117358
0.021337049543942277,0.05316640587035093,0.0139369760972637,0.25657029185283076,0.5689172376871463,0.023400926104130446,0.014228154326540413,0.026837702394458457,0.021605256123336653
0.07334708621856632,0.018702995183115235,0.04147752426616767,0.20623106510636213,0.11786861882035266,0.09702151115807663,0.018563989607743248,0.370823216854754,0.05596399278486217
0.04626938713160072,0.039521406494060045,0.08234488089522993,0.2523805295855666,0.022207854208027848,0.23104233764154372,0.06324540392803595,0.04176060699908283,0.22122759311685225
0.0356517073078053,0.036193738238655314,0.12708418227749568,0.4107231390232117,0.13325467243523215,0.05090716756889992,0.12626154147700658,0.02933229765269922,0.05059155401899421
0.028349866602237577,0.021564598682897628,0.09395101910625138,0.5224517469258129,0.013368237639447318,0.18804204133558686,0.034520670062394176,0.008172564654190277,0.08957925499118201
0.419552765086193,0.021850974883243512,0.0947129726346957,0.029265520903728703,0.0691718411854365,0.04034498352580728,0.12097714885193427,0.1847786055867835,0.019345187342177408
0.14844427359733123,0.026765346415824464,0.05561888400312646,0.053278979943227056,0.0746589631604977,0.3854306860774626,0.0368617123941819,0.062451124342966395,0.1564900300653821
0.02833706458574677,0.03695141346834198,0.08924999821761448,0.28296346748418927,0.1882916782368623,0.09736493765751734,0.1666441859537732,0.05582117718306743,0.05437607721288726
0.6940740756173368,0.026204131261338037,0.08025266222827597,0.008237663115261239,0.030328501151487438,0.025158166381469813,0.022925015562135918,0.08224878050030991,0.030571004182384866
0.16699038567381783,0.056266139653613274,0.19710424060030485,0.11426006883082879,0.04856285756257749,0.046426239432732996,0.2543474528238488,0.07079795911997712,0.04524465630229885
0.019425753270985537,0.08501833607272129,0.021505265221465248,0.13136370011784124,0.5981193038844861,0.03138901507031389,0.06183140240243736,0.01136765950779828,0.03997956445195098
0.14298136476929313,0.01515340827078089,0.10585658478927569,0.5516309935839309,0.04757060648301841,0.03723636292610145,0.0463556268844583,0.032845825139084815,0.020369227154056504
0.022503776418651866,0.015196720001949863,0.06561323615481865,0.2907362439555396,0.041758736619600056,0.43101602707431347,0.06910120354730448,0.01219531346498263,0.05187874276283946
0.020035524541835867,0.05848530217717209,0.050392539792320036,0.472310107938508,0.139915446315231,0.12523537711849755,0.040476578599082845,0.03930270963685171,0.05384641388050102
0.02923225011141237,0.048240783801308834,0.07148995491842354,0.16377358697898198,0.04451715887693289,0.34053033080013373,0.061032151349814406,0.12165181887995868,0.11953196428303355
0.04613089722485301,0.03817338225162755,0.01832263282129679,0.4359549655847356,0.06559502481972294,0.01639525328237583,0.0983028423461531,0.24462334424764975,0.03650165742158546
0.5987310695198791,0.051290370051942265,0.18034110001034762,0.003314828630873685,0.00829366009817597,0.08587361096575215,0.023816465264333384,0.020864106585486958,0.027474788873208974
0.056493504059923094,0.06396138555974852,0.06817442563526405,0.19824155199970636,0.2044198183503628,0.1059627581182682,0.08194964677114874,0.03931975439617022,0.181477155109408
0.14941661085299465,0.035431160236980175,0.03626789981772043,0.09601663628291411,0.44878465295108455,0.0387048156182945,0.022633179713567587,0.134292830575962,0.03845221395048196
0.015797904471899424,0.0245232577944602,0.05120336964202903,0.3501844006005774,0.10551695681818514,0.322046904406778,0.0054955394460545655,0.03497381214719738,0.09025785467281884
0.6389546002653336,0.059375668616487444,0.14737206617362347,0.003865719607199668,0.02505650668584576,0.03266599080453247,0.027036980820370832,0.02496151982514481,0.04071094720146192
0.0411455306662304,0.01455633822574487,0.020610977753275056,0.25665213002041626,0.49205334596056444,0.08940920870088724,0.02888437079179972,0.045920470143916724,0.010767627737165273
0.08258605997498081,0.05839436690818339,0.15662047198306894,0.07246447743600574,0.05191122622710057,0.04373497388596154,0.20193648907804854,0.28028798271707706,0.05206395178957348
0.01620630229094195,0.032057202875146094,0.016832389760465954,0.061896938662253494,0.04328735985295967,0.10737713042089965,0.01107727393174032,0.06275839107680657,0.6485070111287863
0.028061568196758587,0.03485959381550804,0.1311754734133523,0.4430683674388927,0.03522556313662619,0.12100605926596648,0.02334653931995594,0.11565716333492178,0.06759967207801794
0.015896885274627487,0.015398474270221216,0.035717919004603964,0.5484367025531679,0.012842315787745464,0.11793423550424213,0.07984344168472944,0.11608343425037755,0.05784659167028494
0.05358534201944375,0.03213285738366587,0.022526853030143207,0.07651248182796859,0.6403016424276343,0.0197061373021587,0.03576661916974263,0.10634230384400761,0.013125762995235235
0.03165918579273873,0.03287930729887572,0.09607276932681542,0.2189440575624592,0.22083439635317811,0.1554336313943796,0.08840393829683905,0.1021066529912751,0.05366606098343905
0.605046388102156,0.03233360751190602,0.07657085038661489,0.007009795422602923,0.019241320676231282,0.024152291519053418,0.09741937317878684,0.11623447049041852,0.021991902712230105
0.029381298775362902,0.5618884186655002,0.033084006575367746,0.11570143683607213,0.10958482780011071,0.032104759270026005,0.028215956489663626,0.03780845123743552,0.05223084435046119
0.10479996108627095,0.08365443864140487,0.14442659420119108,0.10142717595849166,0.24131280079006676,0.06817803422808212,0.12793037715102537,0.03885876810428796,0.08941184983917916
0.017302507859739354,0.07563416365847747,0.02545855016182245,0.18323089287392932,0.16618422017864098,0.3220049936229801,0.03390255728854478,0.11704825995890362,0.05923385439696194
