0.11405539881340206,0.19760010312751972,0.10377771623488741,0.07119956867380012,0.06421520257678981,0.20830654380140468,0.07817897929416505,0.030004652454644048,0.13266183502338716
0.06139191174501466,0.05863633198080168,0.03419273580783389,0.027791006469048845,0.04934705524206145,0.06203073428366457,0.5304774470699705,0.0836241134180184,0.092508663983586
0.06990433960402997,0.2807292808825245,0.15166006196195964,0.1971349886013473,0.013480521066411974,0.09728756537409981,0.09066265727354335,0.019747534658728482,0.07939305057735498
0.40952843325434213,0.019358946586333945,0.12052730123268078,0.022840283913836492,0.014041799767702387,0.07375055808623039,0.09295001432216649,0.1329266432460356,0.11407601959067178
0.2587815670045394,0.256214137900355,0.12225576807190512,0.04207008160709064,0.012513457687470612,0.025195683792551327,0.044772425521387584,0.044505638611729355,0.19369123980297095
0.11976933007421686,0.08190680802916613,0.08276202352491564,0.4532827867604083,0.05104044660917498,0.0935142399755164,0.03902659136896566,0.04713322555418071,0.03156454810345537
0.06297745134867311,0.16603172570433464,0.036542686054764156,0.06342606517210876,0.26394919897133656,0.150978891512922,0.052700470444147225,0.15405607132616056,0.049337439465552996
0.041377621328199825,0.09664951811221156,0.26027231771646714,0.019375995321098047,0.02125057056087445,0.0979062065361067,0.21032902155695396,0.23009480053342143,0.02274394833466702
0.04741827195422942,0.09303596128093171,0.03525703577512997,0.0066495966769837015,0.053473862642613924,0.10091107091164823,0.4442913240097508,0.19734110749368972,0.02162176925502246
0.4224533232684602,0.04493054428840101,0.05706360713991998,0.14482765013665824,0.0324511358934931,0.06321024614134371,0.046542964871260806,0.10655334396712796,0.08196718429333506
0.09003732977653522,0.054053136247010906,0.022743491533805078,0.4182279919225292,0.016557496952362045,0.02043524142962555,0.019010706835229974,0.03381899034621973,0.3251156149566823
0.026486014290035564,0.30931522571117176,0.03592820364208817,0.043815110782469975,0.013920216919177768,0.034575057137531486,0.3844226745058012,0.1054854816630696,0.04605201534865446
0.02486824400681198,0.09917078001294664,0.07716080678626729,0.06692027665073684,0.13268018474086282,0.11881381604882672,0.04700952812551243,0.31564860718765336,0.11772775644038196
0.17343836890760755,0.15129254427653752,0.03530749180351237,0.07686378822797967,0.06593313931157414,0.05513103203575629,0.0386055792457519,0.04433170041501899,0.3590963557762616
0.01663757615511781,0.07549798633474308,0.04169819195978001,0.03797089723625233,0.47436688661450876,0.15893921744214415,0.0896916760354942,0.08715476734864587,0.01804280087331376
0.017682416373144414,0.05536395569180966,0.041906201781081086,0.02240073491428307,0.025819664931655394,0.04268955253496939,0.6334674608577154,0.08811349196558847,0.07255652094975305
0.05061712511054814,0.21990400471812388,0.32386192699112054,0.027385674908733837,0.015300454115518234,0.10204270405169735,0.1142342067209254,0.12587721279397943,0.020776690589353188
0.021352031943823308,0.13397953107955343,0.0650619843286128,0.1013764174532431,0.2330665670075731,0.06401705898785344,0.030310011974261846,0.18340277241086866,0.1674336248142103
0.12960308583662367,0.4820262468578072,0.17542027590413922,0.03819847398340734,0.011767198854225188,0.025591050320591936,0.04046312255943738,0.0791102351831447,0.017820310500623264
0.040071162896833476,0.15047374417936246,0.07297815026562902,0.05429120957679175,0.17234881770939336,0.1502892004515761,0.10303273414092945,0.061401524357559085,0.19511345642192532
0.060253679165428065,0.04709432592645857,0.017130014138081514,0.010578347623064957,0.16808995714670513,0.22753383118023654,0.39718270297142994,0.024229689724825556,0.047907452123769706
0.08699171052426798,0.05719865787345955,0.0814525998133895,0.0257147248375446,0.030014058799411217,0.026513645204803888,0.506821670397696,0.045874514257005096,0.13941841829242224
0.02901203441811086,0.10030594211300226,0.2843061667317393,0.14693485880120916,0.05587290400790673,0.05243570452734689,0.015637113011514988,0.09408941277517972,0.22140586361399003
0.2675048869323495,0.2867939401956648,0.08121904085584009,0.0395012262551088,0.03570819402670337,0.027067976171627633,0.0319539563722494,0.02173111618638023,0.2085196630040763
0.20024559861944166,0.03415604001383119,0.3830732029145431,0.1195899239774061,0.006571010125888962,0.013155211736861206,0.018715727976288385,0.060127462566322565,0.16436582206941688
0.05950985569312613,0.07486609750555907,0.050591421242982604,0.054578793385421986,0.5045807356371942,0.10249411437009094,0.04449681583383128,0.05129177658924757,0.057590389742546266
0.052923574164981224,0.0531419559605415,0.019736217618359007,0.013205315265746547,0.04035824690815487,0.12766281417207093,0.5993692674298817,0.05202874925557496,0.041573859224689265
0.04264704573026237,0.22919704534247418,0.03426981761940232,0.10013998595145757,0.028229288690565013,0.2691019752827889,0.16616967572866087,0.08871576189984687,0.04152940375454192
0.0742863428953,0.08346616281358822,0.04030756748521511,0.5535766873524278,0.03916862454804612,0.020837577367245647,0.041567936013012764,0.03610426496025771,0.11068483656490664
0.020832665878876392,0.06731034372979262,0.06503179508130795,0.04767657537186138,0.41849632845883233,0.08901581891842703,0.06240092172539393,0.18273867739840266,0.04649687343710574
0.17816220221449408,0.10049493850602255,0.06189333719958804,0.05415203903566392,0.18631745713573586,0.045784389933599144,0.15887103461530652,0.053388971007540725,0.1609356303520491
0.047220017247700224,0.06843973610560188,0.049632959167876654,0.017235784129241042,0.05794757786657706,0.07210727331262358,0.5769638051913758,0.04562828310784326,0.06482456387116055
0.04402015309314065,0.033006306834917246,0.046667344453416394,0.06031519181289014,0.028093850106059026,0.10091379984517357,0.49193606902824,0.1661546101754031,0.02889267465075991
0.02026226210699471,0.21285197089143892,0.2555019482102036,0.07135636403307703,0.012831708180827059,0.02817620580977924,0.06334700139926613,0.08069024918612842,0.25498229018228474
0.16584897966840648,0.10286013445537673,0.06222479992455652,0.11166325249515185,0.08145750410330256,0.10282590503510945,0.183425510210406,0.16499030853884902,0.02470360556884137
0.006201236251904,0.017060032033873202,0.08204123390269366,0.010125564083379114,0.3102017221224254,0.13264747910669494,0.15053862667173248,0.28411989253567577,0.0070642132916213934
0.07739726387955934,0.1087507859159535,0.11757456178571969,0.11506460656269674,0.19631441543746184,0.11687956563238748,0.07432177214392531,0.08496178937511223,0.10873523926718397
0.11529016612237523,0.4338455899457729,0.051290310558428275,0.10154025017379875,0.011844620103786762,0.041862637876830255,0.09216822036132706,0.0692884107232856,0.0828697941343952
0.039258672899594775,0.15465254480006974,0.06289703974445736,0.14801437219824895,0.06368023067145162,0.0812119955017563,0.06618974955606753,0.1139558142353328,0.27013958039302094
0.021440601213688387,0.025665695347430014,0.038444695533423334,0.07040028461148388,0.09939786703050257,0.6138618028206709,0.09004876279562608,0.028111976857917036,0.012628313789257701
0.3926123358073174,0.13923190075858685,0.014680808838402046,0.0829911097135123,0.05010613538657558,0.030825933860524245,0.16548932839455419,0.10086549071724006,0.023196956523287276
0.03022382948493647,0.0427729338254276,0.057238840940926274,0.06779075848724685,0.045135744861552675,0.06450334662686737,0.45936037282700526,0.1667833102963346,0.06619086264970285
0.04817365642633336,0.07842052828876142,0.11955557938305661,0.022007413881099447,0.07828386930629157,0.1468374958853795,0.06762478579576847,0.4029548514648255,0.03614181956848415
0.09326894848428353,0.02849935280731854,0.04309519192364964,0.0128911980358672,0.05626313608211433,0.053519065971747014,0.5863412900381145,0.03693628619008182,0.08918553046682327
0.10419343395814253,0.03392852523795087,0.03343599046745455,0.014725824919823919,0.03984918668904064,0.07628753961068946,0.6179621492298614,0.04963670750745907,0.02998064237957757
0.2895033738295852,0.11810703837730559,0.043716280503832826,0.05473738033785223,0.02544806133274806,0.11123912934428894,0.16583441913752692,0.11862141584189055,0.07279290129496975
0.14157177191023637,0.046640995307457946,0.02681231933621388,0.011588092866615052,0.041912012878095796,0.03225968035547472,0.572313711899612,0.03734216937009441,0.0895592460761998
0.09679143662157493,0.010314112642979595,0.019227955275707056,0.01894166911682606,0.01825771932070649,0.14798141577086052,0.4267556067294152,0.2551606176924136,0.0065694668295165045
0.08847226414753535,0.08226668912015088,0.04553063089119297,0.03320812935400855,0.13826015893530233,0.07358516209650674,0.4393202948079229,0.03678915527157897,0.06256751537580135
0.09252329958856838,0.18556880050316352,0.04504846652516003,0.05018237757964705,0.06617205491668428,0.0241573028064338,0.47791002133795835,0.01633853791676947,0.04209913882561513
0.01383763575005994,0.04812563895049599,0.019160026996033735,0.018896589086323627,0.014134494951252982,0.11509982598990653,0.5103232499132325,0.2409083691127082,0.01951416924998634
0.16046858883334683,0.09768843866029803,0.2340442471502093,0.37532724550273383,0.027134524251495235,0.03112359579195863,0.018268887325711036,0.02497192025553793,0.030972552228709177
0.031425720017023054,0.028246396507588145,0.0279041321238483,0.01956772922603454,0.02427637764624005,0.051306728764757996,0.6672814679824155,0.1276761439568965,0.022315303775195933
0.03982767410765619,0.09684453377457902,0.1886220425351018,0.0462395403106847,0.013781416502929503,0.1320427982514602,0.03090194213410157,0.38140560106936455,0.07033445131412232
0.05163410482081588,0.21315010116802005,0.18528286596926322,0.14225142705907345,0.0296772537197522,0.04283399450742401,0.16981389722039045,0.02101480100537444,0.14434155452988628
0.08633084809187214,0.051987844117622084,0.03820118806303083,0.01385744304101672,0.06302130362192356,0.04579172757772216,0.547023952831363,0.10091868563014413,0.05286700702530528
0.07804903992727162,0.05174397362680574,0.5705045907234524,0.06024805652380986,0.011395012008893127,0.01291748418304856,0.050502409226878896,0.06007857940396472,0.10456085437587505
0.06392893891485214,0.053542739941231564,0.020332432860908963,0.01689057239227586,0.04390629519152053,0.08297186280332304,0.5811578696628418,0.0818318573877722,0.05543743084527391
0.02504096470923867,0.16183488334593596,0.06000831338682874,0.0916494239368408,0.4957671867714102,0.10455136270332566,0.025341842228751618,0.030051758862809978,0.00575426405485827
0.025573847593537036,0.059784692827138,0.043190950556979045,0.011931236069193343,0.03221293208785145,0.0739167488783328,0.5475939261938577,0.1808396918214148,0.0249559739716957
0.05693306100095965,0.12868466163203,0.0243484867045564,0.12899367872865,0.0720531183041457,0.2027366708058931,0.043294980375747555,0.09451177953746746,0.24844356291055014
0.33841892208074764,0.02921525757419848,0.23546895593192643,0.035240971072052756,0.035873306836850395,0.06685664684947969,0.06598211852645729,0.06422153679963054,0.12872228432865684
0.04245546346947968,0.06152347602016689,0.09968859064091294,0.07773455436162242,0.04889107552604235,0.23175945393762545,0.2988824539282942,0.12020085308070734,0.018864079035148668
0.07807188356678839,0.0938950661245026,0.07051500002290596,0.03290228052387042,0.05629410871872983,0.03773122730957416,0.48716037781722776,0.0904510094768655,0.05297904643953543
0.015387722065084153,0.2707902576359658,0.3681183134105725,0.03467007304685658,0.08118938094394934,0.08453179448877472,0.014047775589549302,0.09183025099973117,0.039434431819516495
0.017181643045070926,0.04405553834393202,0.020926391264645277,0.014787007240134478,0.10320837687384676,0.31206694430799703,0.26037726494591434,0.08223514180898941,0.14516169216946978
0.015491818840801521,0.09297309682296535,0.029004424482396107,0.05384625333753238,0.1525902327032518,0.0317706228701713,0.3360864093834453,0.08347129445055208,0.20476584710888415
0.050972558097373354,0.1961132258800524,0.3225804044058879,0.13196363130358743,0.05632499183879549,0.03897667828168116,0.041984731663099926,0.07153500118097622,0.08954877734854616
0.03581443808448256,0.04660007222534355,0.03207658751362436,0.014587582054806333,0.05458616212939133,0.1607803940786211,0.5861646749521968,0.04382951621283743,0.025560572748696626
0.027469769062637317,0.0356704108702538,0.03195919308590709,0.010652505618523905,0.38604747698398706,0.21273888517439707,0.16871700424690303,0.07710588640630714,0.049638868551083515
0.010265630733847205,0.3303090667871718,0.040006484127046556,0.02286180474701446,0.06388418667624972,0.3440257553608288,0.016264155451485452,0.14546619661588012,0.026916719500475948
0.07590028444090315,0.07846845872402136,0.03897040184464674,0.2516043525509166,0.04502748636310864,0.19151378691682372,0.07214714603206923,0.04083902331182677,0.2055290598156838
0.328994018755468,0.07997816959664429,0.019454178289908326,0.0380033375594507,0.03065458027479605,0.12476474746574433,0.047006701128178945,0.28779839476696517,0.04334587216284411
0.2009088274357617,0.043031291422375294,0.11020702660650407,0.0651889741863302,0.07643080821138944,0.13903061156901256,0.07801293477772518,0.2582457228618797,0.028943802929021864
0.08098371220687334,0.13295950428993708,0.18367537448700708,0.051092452768348,0.13550903878332865,0.04900016857697492,0.09309617348453895,0.04894444264798217,0.22473913275500967
0.09738872563478533,0.2332155528609732,0.07029510983627463,0.19245151378745592,0.02299435413512466,0.03807920368760101,0.1328194741741466,0.053319709929606246,0.1594363559540324
0.11292979635697363,0.09561485696236804,0.023379530378168045,0.5232983426327946,0.03677415295459981,0.03261718151344077,0.033887987625347164,0.07408024336428501,0.06741790821202298
0.10178490917974224,0.05260239197013739,0.014146344292555934,0.024870761825839666,0.017282188555021217,0.038832814143845436,0.5830231500636632,0.04569944447991738,0.12175799548927761
0.25763718804710073,0.04860744848897831,0.06070498748568017,0.11447806480753116,0.05223964703936657,0.13885502970187172,0.03551700476441211,0.2199546083720986,0.0720060212929606
0.05020528856532869,0.07761768540720904,0.04852059183441459,0.06322382808081367,0.05600061567280259,0.07133239910828494,0.3825143089784085,0.14912948811807245,0.10145579423466548
0.0529648406600479,0.10848217230562475,0.018377889971789414,0.051850015428335304,0.10620193946675083,0.026283638644365514,0.523956942566304,0.07565952755680982,0.036223033399972494
0.10374200358559342,0.07517263761463472,0.01848618501328185,0.01676337634823492,0.023080812018177924,0.0901680418453476,0.6010952150696736,0.05103670083216113,0.020455027672894793
0.06183689988050765,0.19602700848994928,0.4630181989253263,0.11274985742470867,0.017720189858853402,0.020672541300943068,0.019176502585768935,0.06471627925323518,0.04408252228070749
0.047122421001316896,0.05266946562975732,0.04683361238949077,0.09677733831453728,0.062353356747232434,0.4850360579995368,0.0456403763162129,0.025313749532367466,0.13825362206954814
0.02360595253763327,0.1867978746651439,0.013836190457422114,0.04844348574588212,0.2702878662864421,0.06399970423222527,0.02824464699251988,0.2913375467172739,0.07344673236545751
0.03684673264213947,0.017174211958741536,0.027945996971142695,0.021001462946371053,0.03150379591143396,0.07997970547283555,0.5580024347007798,0.2022373150945499,0.02530834430200617
0.030247886070689206,0.02372097741336432,0.02472291186360168,0.010220797497963804,0.4038537424182043,0.22825406590899433,0.04372756271499143,0.19436496183713184,0.040887094275058995
0.03228507180739456,0.0808958446398575,0.037689767475808746,0.018067299614733492,0.28403401228939035,0.3334398970941,0.06289949452458098,0.13341900407768592,0.017269608476448376
0.014486274711645852,0.016906877100873713,0.021191569169631386,0.03303760002561284,0.035408553115431535,0.08365645677215722,0.49873390290324765,0.24769550198728782,0.048883264214112015
0.12129000094308866,0.06504371418603906,0.0525658592806274,0.045292752325488767,0.06610638273964024,0.02160334649429063,0.4508252123879329,0.06466275764946282,0.1126099739934295
0.11208956459040208,0.10814723263227537,0.5448781638862795,0.016139995675752413,0.028099451514887634,0.02697906074782507,0.04493858942669745,0.052363634823715054,0.0663643067021654
0.034601085568454225,0.059494179529905815,0.21041026432517315,0.004097612437112044,0.10064077063922483,0.01879167428607584,0.21947321926274277,0.3403497876982245,0.012141406253086823
0.01648835660448111,0.2345455987880288,0.027446019351717574,0.09946082736079798,0.022191375352605985,0.2751287067064742,0.12879857265911496,0.10419968037936966,0.09174086279740974
0.017746357613173874,0.08068349504666326,0.038167858598830005,0.02737976477265282,0.2451851898922388,0.06960530463475743,0.027620626102294446,0.24599879649579792,0.24761260684359146
0.047435460561647935,0.08059379091944965,0.026444762077069018,0.06524380204365433,0.006814406191256738,0.032819438557261126,0.6030318289294997,0.06579966015394598,0.07181685056621552
0.09749011915932417,0.043229763483230745,0.04895253882606376,0.05119949143484633,0.008144457146173343,0.04885090722813082,0.6365719672019224,0.0311204893206465,0.0344402661996619
0.026186070746034847,0.13314813868462153,0.03658097137428266,0.062073789980161886,0.03584828897007502,0.21673590678087207,0.3569116686072624,0.074785745600787,0.057729419255902525
0.1648817428970669,0.43273526910291604,0.09765839229496887,0.09428019337236189,0.020552631437768826,0.06481347029716449,0.05901774107356106,0.043609942963298585,0.02245061656089334
0.013510595886729156,0.10020190024603016,0.02710217149570553,0.05523077480143895,0.07171053562330255,0.06024963842110442,0.28218850284275304,0.10498149858256027,0.284824382100376
0.04004798461489535,0.03150992811957664,0.0517663416263508,0.06486730578269276,0.03692594441394265,0.03808998696259772,0.5556905307793131,0.0684019216208696,0.11270005607976143
0.03362174621867392,0.1557485287602862,0.038040287650041575,0.11897903908384407,0.12420634982029825,0.16073883428857413,0.0934270686734362,0.17615933514937251,0.09907881035547313
0.011663967312529784,0.04596825050417914,0.47017965376828846,0.024736191564929372,0.04322626506322852,0.13364357487231635,0.11185715199269149,0.11707807605454468,0.04164686886729221
0.017582024570843433,0.040834475374830446,0.03927453299413422,0.17325059875115667,0.24850310305022458,0.19637488758708832,0.022502564097496847,0.05118306306979567,0.2104947505044298
0.1274054195000698,0.06341081538210125,0.03411381358668076,0.026426878461448405,0.03332715166057117,0.0351679112152482,0.548158046410648,0.09434545605855256,0.03764450772467973
0.013885437345062729,0.057897183637738485,0.09173614823672933,0.024374536015108406,0.0326338017774578,0.17678607106141267,0.08555991866243996,0.5092852709104271,0.00784163235362347
0.04658150597934712,0.03233341272067294,0.2082566174023733,0.0020916793911698113,0.03618583944134567,0.04797538182376646,0.3941283985430626,0.2181395014018318,0.014307663296430425
0.018731515149716955,0.049619401000281484,0.023878282584878247,0.009506749856259883,0.27044216347261113,0.3600479890090383,0.06678289183371451,0.02139460884584724,0.1795963982476522
0.10790906600660359,0.0870482635259696,0.05694858087356778,0.12021576070770645,0.0038544828116485828,0.03606710721516612,0.022531928184070165,0.04640160211001149,0.5190232085652561
0.08599188657729502,0.15269730800645112,0.052815983521454335,0.13307498778625632,0.022918494126409058,0.16361407100339692,0.07134439745052673,0.29809487989710903,0.01944799163110138
0.23807978342936212,0.0823765824026373,0.08132600565308327,0.12714233130573027,0.2012508357861412,0.05239175587963043,0.09442434338238508,0.06091977477121282,0.06208858738981756
0.03423654738897145,0.04633949554180231,0.024884521194464007,0.02355047057472477,0.0717185745479112,0.1628202811801602,0.48774306252005367,0.07003865847205083,0.07866838857986148
0.11331417854526386,0.018186456854837125,0.19871751376535773,0.00808300239053082,0.04539937557520194,0.022006804748514422,0.21434702536037684,0.3723752556178364,0.007570387142080868
0.013415812633699046,0.057608577526074754,0.05303847491786987,0.057248648727282914,0.05817199512486101,0.437406810979381,0.05086366706977067,0.22342980675171029,0.04881620626935037
0.038334703288503434,0.049001105842646074,0.05816595655835125,0.03962551154298947,0.48111858224804704,0.094786627044208,0.15551163130473497,0.07618763242629445,0.007268249744225256
0.15344736233497644,0.05120665296540716,0.02117107792209379,0.04104891863022115,0.030907958490489416,0.026670972005509386,0.4095691564995579,0.04041486616734232,0.22556303498440236
0.03301433170553023,0.052313565260450966,0.044410442577383545,0.06614949302394528,0.054338711430803675,0.4315174640388604,0.040160210999609126,0.20602863692275583,0.07206714404066095
0.2950219299500847,0.04971059637383324,0.12033869949012481,0.07444039589556603,0.03504473162245202,0.1057315702029139,0.14010957216028325,0.12079455223559875,0.058807952069143264
0.012686274452932017,0.3748471887195917,0.0579211600092114,0.11995060547190328,0.05637055765379793,0.08046028253643105,0.13228361288787083,0.01934700580326892,0.14613331246499286
0.02182918950144834,0.34649283817904647,0.12571876875098978,0.11210669489215969,0.029244640518790044,0.04866981868349743,0.06071192835611442,0.1308398590767791,0.12438626204117463
0.02120340342887653,0.03059035532884587,0.0206870869386311,0.05882454836971768,0.04644793536813561,0.07836558770779713,0.6340615514704031,0.059711059361287205,0.0501084720263057
0.0352634378630362,0.09572591595560308,0.04191045114578387,0.01651312649068268,0.06502466406526541,0.09638750762082061,0.026880119273945596,0.5526911076399625,0.06960366994490007
