0.12945984013871029,0.1432136897790329,0.030547858044200422,0.22211045186853695,0.08322823314061863,0.09450519106288635,0.09298222552408693,0.05933608026054816,0.14461643018137943
0.11682200454956837,0.1451502002623358,0.008093018154259292,0.09187690745963666,0.12821559590236464,0.0950064942921403,0.08713749049295412,0.12461921901795787,0.203079069868783
0.11561721926998157,0.14769828607982935,0.00771618929379285,0.11243369593289841,0.0922876820747291,0.11175059359677682,0.06698942073010995,0.09280895125416981,0.25269796176771225
0.24011596957594164,0.06366546235207239,0.04954666369292119,0.2206192145426172,0.09797646216577398,0.04830142527288938,0.11478744999524441,0.08672992921858565,0.07825742318395422
0.08819769041749453,0.05860975726964814,0.021914384558775063,0.07493056414963196,0.13928804566378403,0.1154133217628819,0.21377643598753493,0.2120123047586442,0.07585749543160519
0.09602867447881865,0.1878826634330689,0.016806254720977173,0.10689372774628388,0.258967608997335,0.10042854455626206,0.08185803360146991,0.07287487006097032,0.07825962240481406
0.19629186213242175,0.08941882480465481,0.027601394492314652,0.13079187188327104,0.08041329152396705,0.06604494289323544,0.10065980630461208,0.07736313806583901,0.23141486789968413
0.14999393478622391,0.13305996766632122,0.02651494947022554,0.15933845831749435,0.09549817727221677,0.107922074846642,0.0795073525912789,0.0756895079199137,0.17247557712968364
0.07489242946889703,0.15781587326543267,0.009265462334845626,0.07937278183178553,0.06596151167003474,0.0826286914729213,0.07963826341993292,0.1222605896801251,0.32816439685602505
0.10190828231794224,0.05940420610182901,0.008519857516941976,0.11682634220051985,0.11031001282478516,0.19100026970167486,0.11779165263864744,0.15655499545081078,0.1376843812468486
0.12194039486819859,0.09655273500366056,0.009103872450812978,0.05722919844646571,0.12902440989184208,0.06995117879579282,0.13870985357336588,0.1737506079575639,0.20373774901229744
0.11748689860684512,0.15110687204614903,0.011770368859581907,0.07941245521261567,0.13161450895539736,0.15303778474013816,0.06281656744981838,0.10077588285643178,0.19197866127302265
0.1332938991289768,0.12495748801228594,0.017009567555392735,0.12448641982565234,0.07918736566881493,0.12294961458092761,0.07336891778249063,0.10277692908245821,0.2219697983630009
0.2149307910166016,0.11327522671554417,0.012554956608381925,0.09974566293929225,0.06790531781781257,0.08440987959628399,0.0728456302716484,0.1399960503066943,0.19433648472774087
0.21212895305871207,0.13260511011487,0.09338207847339035,0.14729280006273138,0.091079688421093,0.08809411672463813,0.079188606521185,0.07333957825788952,0.08288906836549059
0.16625712950299218,0.08122571542456446,0.01310922861028592,0.21092381256713258,0.1234903178628326,0.0985519599069199,0.1352343906186386,0.12983706761060776,0.04137037789602607
0.11646615958223173,0.20056686099077772,0.02377506445090814,0.08131296246704833,0.07693993859622981,0.18950869366154902,0.036543996493533945,0.10962719712735064,0.16525912663037068
0.07241525940309258,0.11778570658289311,0.008805532399899046,0.11477134270540408,0.0791749581461893,0.098053249680447,0.08351729008693336,0.07869719505979304,0.3467794659353485
0.07035869166250013,0.19307918936107452,0.023186037768111525,0.10674664721143641,0.09074576964805414,0.14076626769054323,0.07438082620622621,0.07681537352642524,0.22392119692562865
0.07842032526643782,0.2608581418898072,0.014703161772231459,0.13375263631861492,0.09104877429323044,0.08218666231941536,0.08207762577282396,0.1477933965508875,0.10915927581655127
0.07425633720138475,0.2736798293254433,0.0029779704853364914,0.11233194727196731,0.11115601874323955,0.04457404119804794,0.061294056492843974,0.1052351061525606,0.21449469312917613
0.09183136400559218,0.17779811089407058,0.010288810364260373,0.09500962857733365,0.11551344631891898,0.06808246606951358,0.08376351715557363,0.08330138643666922,0.2744112701780678
0.07000363234438095,0.16917586756607386,0.24743554391050906,0.1064413737399924,0.10314364321112894,0.09079352862187694,0.08831507669969463,0.05131492268263354,0.07337641122370968
0.10579893933943468,0.0986514983224875,0.009320830839375566,0.08836203169964901,0.1553310001451023,0.14982075175123008,0.065686662291165,0.08086122205385177,0.24616706355770415
0.10265497400068711,0.19351722149255227,0.005803942187168104,0.15236983383382277,0.07155862869824141,0.04334377113464502,0.09723359708468371,0.1355324872921342,0.19798554427606532
0.12518998890997043,0.14100169102756413,0.019081291395334175,0.13740395570077954,0.11425216994630198,0.07612873037456346,0.1064395419058618,0.12187213087865234,0.15863049986097208
0.10164101932367993,0.1489522381462731,0.007677654745340603,0.07426607771973641,0.13303758657683706,0.06140436883864012,0.08810255003376438,0.10192785262388089,0.28299065199184753
0.10963308166042578,0.1371933500905395,0.015220239558498,0.09887696117803392,0.10280243226086205,0.12699006569809093,0.06302122698580777,0.07620994427421886,0.27005269829352313
0.09096237445847731,0.17696589186886294,0.1046814814216943,0.16296884888764,0.07635281266660836,0.05310849455401898,0.08550227476057264,0.07085353465047269,0.17860428673165277
0.2503316680185434,0.06257799498333037,0.011617329336675647,0.0824229627693221,0.11363597987520054,0.07460289489610289,0.13287808877587357,0.16199176155574202,0.10994131978920947
0.1706133155936579,0.15966655209250324,0.0047111353809749686,0.09167164177351383,0.12375403736149765,0.06203951657230906,0.07785317083973367,0.12597826604364024,0.18371236434216934
0.1059699950434857,0.10718242857059608,0.005461509430437605,0.0543871236994806,0.07304477237231766,0.06296540405204588,0.0576238711120308,0.13245942623621568,0.40090546948339006
0.1265919882576514,0.10681263882407492,0.017356086440169165,0.11628616280358996,0.06986176731120584,0.09450181869366799,0.08143748946428463,0.0660126093998521,0.321139438805504
0.23050194051747333,0.1158450840246903,0.010241000885576508,0.21267266955381423,0.0977624468575576,0.11064172746551289,0.07823269863287675,0.08800343079395812,0.0560990012685402
0.09830461766193443,0.23588368200362142,0.04397764427780307,0.10521631726041179,0.0694187363147018,0.03829109956812153,0.10568528617050676,0.14356052047533133,0.15966209626756792
0.21254054365526157,0.13788244176941286,0.020720587396136355,0.12721590390495383,0.17601936229019277,0.09950893009270488,0.07680137881768685,0.0710847252664507,0.07822612680720022
0.06632134381337267,0.18458299927970345,0.013499314528485776,0.13993270681291875,0.0897046767676849,0.1125008882801038,0.082803234137299,0.07642707677230577,0.23422775960812592
0.07864105189557824,0.1876814216402932,0.02198897380798501,0.06723093314044033,0.1251870063835129,0.16968857188000522,0.07692533248040759,0.08493132748063299,0.1877253812911446
0.107932383128795,0.13411463128000367,0.013210833548020417,0.09649795683777969,0.11214086717377264,0.08705907644013151,0.10333523370724484,0.12662377162000407,0.2190852462642481
0.07273148114852516,0.1509464576490553,0.02398856204816602,0.12903784996144432,0.11658682194548904,0.1442578883766158,0.08291464137152683,0.07040547932295195,0.2091308181762257
0.07471140141638756,0.14766940903644601,0.014734335435299681,0.15920460466373437,0.1100074129993925,0.07253989773815654,0.15297972250187308,0.11744333026231085,0.15070988594639936
0.12251576807653718,0.18332986000189136,0.01953780199793742,0.09337942290842884,0.08534102027713285,0.08660936926982699,0.06274330477584804,0.10812467144521794,0.2384187812471794
0.13193060911595492,0.13276213088134434,0.006464069326991628,0.09662848702383602,0.08877342277010476,0.10638638414575041,0.06408536861859247,0.11768581928124118,0.2552837088361843
0.1842127878284808,0.10888855424293374,0.01110900542964903,0.0814191516168344,0.09787492186110537,0.15737065737868908,0.06880707333884582,0.15884831051786907,0.13146953778559267
0.14667063857353815,0.0785383215665888,0.029868629140785904,0.04862084998220053,0.1176303159598358,0.13971273043285137,0.06525770305177751,0.10945600503931223,0.2642448062531097
0.12606442459614106,0.12386049998619068,0.007347491364402994,0.13791897121442845,0.07251158877279738,0.10150701245443879,0.056356916903892995,0.094095861471583,0.2803372332361246
0.08828894399579305,0.10071366622510998,0.03386368258080253,0.08561253197099516,0.07684099493189321,0.13506339482156435,0.11043237429464987,0.23876826233696194,0.13041614884222993
0.16684013973354828,0.0747839604403532,0.02013331473673879,0.14336856710171922,0.07124692739756312,0.17138369519780106,0.10280448644341493,0.14465968872157128,0.10477922022729018
0.11896471266606422,0.07823177172314964,0.01521538554322565,0.1385806449898578,0.08613316297404307,0.18611605514577553,0.09529700077554804,0.08221927838133174,0.19924198780100433
0.0857143154479344,0.13763464632538044,0.0363188886019191,0.11702874893834249,0.0984713357894015,0.11804601628869561,0.11149842739693254,0.08729887817180089,0.20798874303959294
0.10283739035654799,0.12226389627434879,0.016017347671397793,0.14163917849151314,0.09298512111786598,0.12110688185970851,0.11518543635848306,0.07647300865496863,0.21149173921516615
0.10433365276342417,0.17718268283390395,0.007708089822387398,0.08529251233678858,0.1351531270244485,0.11849049496512998,0.07928143816058753,0.11747470404236776,0.175083298050962
0.10035065719204893,0.19280330687755098,0.012274817902172318,0.11805416706592893,0.18717642909942903,0.08105674462922287,0.11187916963503003,0.10296256508953644,0.09344214250908046
0.07548302806875418,0.07987727710301486,0.015569045252915898,0.11834109595925661,0.07960800652191062,0.12702492844044577,0.09192566957137444,0.0568485361691017,0.3553224129132259
0.11168010935855462,0.09872102946549198,0.030475206994966156,0.09989858302079208,0.10677739844768015,0.13359593577649487,0.11086099013953421,0.21803352889940733,0.08995721789707861
0.09890582637193623,0.09600528550746261,0.03536616562444655,0.09885695506535357,0.16113819781997088,0.14062021647481623,0.12299069590852078,0.10469061486455623,0.14142604236293696
0.17738200655405234,0.09898305295160807,0.01167742247664289,0.06684832929865174,0.14637318970053237,0.1150938512706523,0.06954174376301658,0.10052860803152075,0.21357179595332298
0.07528146854389088,0.14502260120427032,0.03120633672476669,0.07772912293036978,0.0715554892026891,0.10070561832953624,0.09616526169997773,0.17407827827667588,0.22825582308782336
0.08204416633566682,0.08018237513110076,0.05814192921365351,0.10121233291601277,0.11989341867235402,0.1674195955227523,0.1335883278148812,0.06525964028670264,0.19225821410687602
0.11540654183036099,0.21643010736897583,0.009298142952114874,0.10153694629345207,0.14613889392856702,0.06806808286611317,0.06455703902636702,0.09497386932630826,0.1835903764077408
0.17402571868414807,0.13769839320279154,0.01872808491022759,0.13525726475964772,0.09564660208900938,0.10240372533377066,0.06816697111181651,0.09317586637040132,0.17489737353818724
0.07148003503249278,0.20043923160801333,0.021581151682468935,0.13224121223138863,0.08733071722812785,0.11889330986382744,0.07630724331696657,0.10344168232497786,0.1882854167117366
0.1784598770151783,0.16261928960841476,0.010472677920484738,0.05703512239570916,0.09459392158997608,0.05017759371293059,0.05843051209107838,0.18856503868008365,0.19964596698614442
0.05102303885268065,0.20578742684034115,0.07547128249934826,0.05060996288583982,0.09011372214430631,0.07150970385874034,0.10641982718304714,0.05700743714939772,0.29205759858629854
0.050321385339489766,0.14494670055649012,0.010609705992162585,0.06366124735345567,0.08873733810346263,0.14829365163770697,0.12605425394065908,0.18400315721915214,0.18337255985742099
0.10947172761935338,0.11002939752365198,0.02421675112352306,0.15879958822881268,0.07007476077672242,0.13178729800229008,0.12523922013776315,0.13267597087884925,0.13770528570903404
0.10081783461576994,0.09054212107982496,0.09030070248905586,0.08774716062740834,0.1537460615934571,0.11594641278681073,0.15550809894353668,0.05936733716457269,0.14602427069956367
0.15610828286806347,0.09086606648186453,0.007019013060124229,0.08675214574770046,0.1203545768735617,0.06992144337078345,0.10171548792303035,0.13899392799617025,0.22826905567870157
0.09169072245269816,0.19384348332653353,0.008184894076642886,0.10094949885206021,0.09626189136368969,0.10378471656417644,0.05690263942880785,0.08743237203233249,0.2609497819030587
0.15242550133014363,0.18048186226367136,0.07233731126617671,0.05818495015286598,0.12791157711012824,0.1252227462120713,0.09617671434269078,0.14165008252321717,0.045609254799034916
0.12288130710110845,0.17553471410791865,0.050180482694560324,0.14709789003844329,0.09865176179578113,0.18468379060798304,0.06926200747712825,0.08032838473338504,0.07137966144369179
0.0839459929616805,0.0974743146718181,0.012171265707397549,0.10516873706858931,0.12045675787770975,0.19826740095466908,0.09483423116027534,0.15194330502693665,0.13573799457092378
0.12613852472493842,0.17980328070443527,0.03718347064394262,0.062036360717347784,0.09646765092267955,0.08469636193716464,0.10014670369470931,0.10487761764641203,0.20865002900837037
0.1459419503362541,0.22164677310736747,0.022744170291226492,0.15548560080329574,0.11399801459605428,0.09488242664593687,0.08840910750774526,0.08092437287980798,0.07596758383231177
0.19710680815283876,0.20944809364299322,0.03389069099299615,0.20625293393685298,0.10110174430044545,0.10233181670444191,0.0491265440411324,0.04734629111133154,0.05339507711696754
0.1657323826778927,0.16880767490213944,0.16911638646086447,0.09273666302023359,0.09372793149557103,0.06183216975229063,0.08231688466687029,0.07130525357922922,0.09442465344490858
0.17315536658632769,0.13445070166442524,0.03799879778768367,0.05895393597563423,0.10612923742951054,0.15839785589753386,0.08296281263497922,0.1274666987700883,0.12048459325381733
0.1287831251044289,0.16690868461416364,0.058921011526927435,0.07953658827292037,0.09289684384003354,0.11040134816042908,0.09690284281695195,0.13923677625677655,0.1264127794073685
0.15469540006762475,0.13108935157383797,0.17246446675596638,0.05541506719312983,0.09897948466068647,0.12641962193132897,0.08620485918050215,0.07357677049537796,0.10115497814154545
0.1376017648518834,0.13694772487442672,0.01168010359403084,0.09205353591630872,0.062007448889250666,0.07335753925086763,0.07824774562899517,0.18265434841254238,0.2254497885816944
0.07146952531659762,0.13617476129612602,0.011271126352406497,0.06584815363426035,0.1744777075631244,0.20001770041892106,0.07380101809916038,0.10082866171198705,0.1661113456074167
0.06470992972374817,0.15514335636266208,0.008035434869812197,0.06271756711220955,0.05782803224873423,0.06585716300297059,0.05924248388826747,0.07580107539697356,0.45066495739462226
0.11323805874810555,0.16813920691525394,0.00850378608927433,0.13741872822830267,0.05830515268535421,0.0900946901510437,0.055977821902957,0.0897103747523491,0.27861218052735953
0.15457308762501862,0.15323978756297454,0.05912468285915612,0.06289869906252339,0.065066735027964,0.035698286101783376,0.15858519327480428,0.21439721918121624,0.09641630930455954
0.10298508440129069,0.12320202806431858,0.023462073071011235,0.07453189115245827,0.08613609223785228,0.07993455919789856,0.07120089684866891,0.06993000656740007,0.36861736845910137
0.12269261212511097,0.17152194021879752,0.010841595925042441,0.1281259489559812,0.10866760295118628,0.09069581734397585,0.07104386293996097,0.06466303824079916,0.23174758129914563
0.14759681944332206,0.042416823583222296,0.01709082055665041,0.09653067928384663,0.13379768149876503,0.12076881693975074,0.20028201872505746,0.20488507797448438,0.03663126199490104
0.06274719097438784,0.2031549764713235,0.006320231829847625,0.06638824361696631,0.13985753794772102,0.09962353531418504,0.06272137064338643,0.07613462117586663,0.2830522920263156
0.1118453634804873,0.12241055823858189,0.006193507692217214,0.06352759451939909,0.07491501644185947,0.042348366935523435,0.09295118986972585,0.09811179582492337,0.3876966069972824
0.09120123891424951,0.1259650852214463,0.016692474961585917,0.09365929580305626,0.10104599138293975,0.11463616710086712,0.0726190123468435,0.08815065929693926,0.2960300749720724
0.15251482182051157,0.149924280807661,0.043436555358925745,0.19095834565176917,0.10255136809260418,0.08942287203397926,0.09826055974517513,0.08026766227191336,0.09266353421746053
0.16830205610907747,0.14611167165766473,0.011200898224850472,0.043708105472256946,0.12008646850367193,0.09115505476726243,0.06306149530883402,0.07274077018167747,0.2836334797747046
