0.09703264940627053,0.10861687090447368,0.12978986340776508,0.179608020704163,0.04531533140029496,0.08927822766251971,0.03940027048537425,0.10680830708307017,0.20415045894606862
0.04997710514139178,0.11432981689527426,0.09368790791896998,0.16313644694726023,0.11017717274671744,0.1882208401483778,0.16967378978045114,0.08562825442312905,0.025168665998428364
0.37517956965085425,0.08634258821664849,0.09436386562457622,0.11209344571450054,0.035048290135050154,0.09630848728517427,0.05143547242356441,0.10086900475489251,0.0483592761947392
0.07634116225906773,0.13298530579214335,0.09445123202293675,0.10146051337150301,0.06596365400228693,0.11746749457870553,0.03756676833128763,0.10553180856302657,0.2682320610790425
0.07132122575349072,0.10294953729125866,0.09860120595165123,0.09908501345099678,0.2952471720054541,0.06409405049598897,0.1074954133263157,0.11434972793651103,0.046856653788332835
0.14191593890813367,0.13001297998413217,0.14570185552364182,0.11765003864915762,0.0315800946933763,0.17355281348006646,0.020485187392723567,0.10924659005645294,0.12985450131231555
0.13969331660041032,0.15477847758751043,0.10683515267679962,0.18267968300551105,0.15467691410207826,0.09026762156172811,0.05258626854982798,0.09000524490505606,0.02847732101107822
0.057966181869229465,0.12344699651763447,0.11204070193345173,0.10710048423166707,0.05146942875680361,0.30547461391918296,0.09256778782040688,0.1121238208689298,0.03780998408269409
0.3060416292118931,0.08498230051053063,0.136700137225188,0.08437182808443888,0.05736468291725203,0.05486912784708795,0.10645602457598997,0.0813868882328561,0.08782738139476325
0.2196674591924902,0.07942206351747134,0.07946017850333457,0.15331873288108486,0.08857068889431713,0.17132005713612553,0.01686628185154092,0.09986761653874597,0.09150692148488944
0.15566916762812433,0.10063355968848757,0.1271842847301426,0.10612184257631109,0.14830227850997396,0.10448825890376023,0.03355514761243455,0.1069437203740472,0.11710173997671852
0.04501206397856156,0.06764396164122824,0.08646460412557393,0.1343642616016029,0.12311143395267347,0.11666073312687864,0.14598659403415484,0.13907262301202827,0.14168372452729822
0.2831104512356379,0.15144351278689036,0.10480773898806688,0.08877711709455227,0.10032390693741407,0.09676014703325787,0.03259039487648276,0.09881445613419006,0.04337227491350784
0.14766174930850678,0.12191204080680733,0.13178871079320634,0.1299383718051789,0.08920381652502808,0.14103762946085205,0.04923595876697771,0.14171581470566708,0.04750590782777577
0.07762543390630121,0.0848747390861395,0.10402375365523946,0.10061001437020116,0.08035949629428221,0.15476915139147157,0.1986876671408093,0.16656083506080963,0.032488909094746055
0.19305964042526755,0.15671939656959558,0.14685318302910125,0.12417511734641522,0.08798416535483176,0.09134928120234166,0.016438705044149248,0.1243198506266423,0.059100660401655424
0.08813761776961382,0.12301703740618875,0.09692071546519583,0.0803355948617158,0.43338375222152,0.03496157887340018,0.025392131743429053,0.09216868832248572,0.02568288333645084
0.059145026587144954,0.19286739311558565,0.13102570111965772,0.12302934536075934,0.07566083968302242,0.10269383710031266,0.07792977000400382,0.15589816057750938,0.08174992645200412
0.16424077888685704,0.14305693710918577,0.09439856466465928,0.10561035625386805,0.10428121952465273,0.1416977769742058,0.051184669656099226,0.12244956212551943,0.07308013480495269
0.2010082253866393,0.10752230904631031,0.0924893001157075,0.08321303531643802,0.09586925254602845,0.1627679670381591,0.02149927485635218,0.10500890251487281,0.1306217331794924
0.1615231891485084,0.07507411845958596,0.118032557699297,0.10982510942829955,0.0996923109297493,0.146789020482724,0.02559617479152723,0.132793829338399,0.1306736897219095
0.16047946602080418,0.1457173744324729,0.1031370850091905,0.13401359957248782,0.06734273176633003,0.21073911325098735,0.05628247226583557,0.10432569719751189,0.017962460484379803
0.32409014307844647,0.1416543783748565,0.112072708404565,0.10756335262720135,0.04634747330027755,0.07373315980745453,0.05814341423238614,0.10465095870598451,0.0317444114688278
0.15877249233717536,0.11099774305354641,0.10934234448596807,0.16925445279845985,0.0671947699661818,0.059122571878867,0.06752849861945247,0.14710430019946508,0.11068282666088404
0.051025590602369886,0.1015473311801653,0.12769814430373164,0.1503991708620434,0.08714414490091625,0.1635149659307186,0.031376640960732886,0.1636122924155081,0.12368171884381389
0.187397055157098,0.11302228617573233,0.09554944933729682,0.09893393405944169,0.07562338453941492,0.13058457726156383,0.02432391654716096,0.1009874318328135,0.17357796508947787
0.16486579905099716,0.1338454484825717,0.13209012950560647,0.10267522486715919,0.04102465184042204,0.15345332363003328,0.02164974453533344,0.10063649038453025,0.1497591877033465
0.0760372895409112,0.13242312244928559,0.09219128394229266,0.1276798687225486,0.17263100686856792,0.06535345533194055,0.06376497471440322,0.14782414330020852,0.12209485512984179
0.18624158409908734,0.11961174415849335,0.10513419970269984,0.12874985212462842,0.16499517621754053,0.11605490136164616,0.022204205031551072,0.12518827427899512,0.031820063025358135
0.07647998875605462,0.11637421806013248,0.09481761956873623,0.1092974376285133,0.0640660069409703,0.17387750092734547,0.17051469650971154,0.15570694509707741,0.03886558651145866
0.08714873272573187,0.08968806795126177,0.09979435650489794,0.1162926638149857,0.07807755557654625,0.05338670905542888,0.13571288631826775,0.11976917760254135,0.2201298504503384
0.26078633611753804,0.13465117564268247,0.1112168645536169,0.06812804046845423,0.06870667049880912,0.08699839561080382,0.09813626626183818,0.10337222476937773,0.06800402607687951
0.2641064567749081,0.08360543543373927,0.10027125648036757,0.08668400944497219,0.12307140221127048,0.1274510949856222,0.008258400776193863,0.12131740122518353,0.08523454266774273
0.18630883161532438,0.1409390253982042,0.12343239983960319,0.11810122354615914,0.08349945461072701,0.13034848014757025,0.02571203921059843,0.10860720071531825,0.08305134491649524
0.2384367493208089,0.11256566868497499,0.1053967567458972,0.0843341194505815,0.023018384473578762,0.08078481210189749,0.10117488520238171,0.08816367305097432,0.1661249509689051
0.17267966942252425,0.09794981827992087,0.09725637546115269,0.12704176641918727,0.0694299576803511,0.09307948720381466,0.1425572752283545,0.10421433411457709,0.09579131619011753
0.1361997199139171,0.13260877063587603,0.12024378435355261,0.1538525496644315,0.11398125287943255,0.14755826218752488,0.05695453974137966,0.09917612276330556,0.039424997860580145
0.07768986727590485,0.10340507099153767,0.10336689988808119,0.1381574160822181,0.09940151472982994,0.10408616975703149,0.03583878758367654,0.11593699486780569,0.22211727882391452
0.12653948391010925,0.09196458799856827,0.09755475222931452,0.1306238884502754,0.0766124072123184,0.1418431171109304,0.03266768835221992,0.1342529689237335,0.16794110581253033
0.045364112752201154,0.14809236801509237,0.11090887482382933,0.15571826292271207,0.16581564497859091,0.07875163955414911,0.10073868447838417,0.131940926969463,0.06266948550557791
0.15728830166823915,0.1069159320695851,0.1046342040681671,0.10176308121980461,0.07841525544941028,0.06895380739231081,0.04475297244739184,0.14372439727535655,0.19355204840973453
0.03219342240670059,0.07345714389640291,0.0973091293337809,0.13473839271522894,0.17376770764728144,0.06693031454935663,0.02380610425593574,0.18572304811978113,0.21207473707553173
0.04607720457083344,0.14635868614245504,0.10039171722883929,0.08225728506340772,0.14921479652575476,0.2066095468669111,0.02921158948871734,0.11124810137498749,0.12863107273809377
0.07147340002127282,0.10420270163636709,0.10903636286472278,0.1132602562765621,0.09557782533969394,0.11830596073075013,0.096255529866062,0.15956566626929114,0.1323222969952779
0.2701761237141462,0.10558068962087352,0.09825707013838636,0.10840326167592902,0.09376573973015856,0.18112115167314127,0.02322271237847437,0.0882398789527805,0.03123337211611024
0.07045168667665226,0.1136307553309892,0.1150162683095764,0.1523032055059246,0.12679342594144416,0.10795559345239492,0.04828526899334784,0.08975202292456068,0.17581177286511
0.24386288102361497,0.10864378116490896,0.09487182798488357,0.11221759152395082,0.07112658543195637,0.1838655189912859,0.006820482503412886,0.1290376321875464,0.049553699188440214
0.12184465143860607,0.1301955209125051,0.12660394366803193,0.14838830216681292,0.11266349944597497,0.11861226788273956,0.08099181594911187,0.10208934877918079,0.05861064975703675
0.17164369671695778,0.10438288212392453,0.11666867893948844,0.15575226189925032,0.08950615022672154,0.04212419587252348,0.10143053867532621,0.1345161697926409,0.08397542575316681
0.16284116143280206,0.11593472272777872,0.0913007262819423,0.1059976012837562,0.167322511214991,0.08890914286644845,0.04507032124636571,0.1117023613111196,0.11092145163479596
0.18835743323719797,0.11659236948932537,0.09828591812959735,0.10246691561769178,0.07987576542985612,0.19231268429762616,0.08399556769532886,0.08421505790040858,0.05389828820296786
0.3443911852684831,0.09124591006668907,0.08327373196612556,0.12697343466148983,0.018535855597649805,0.1368722627666931,0.051165502476281856,0.08478786422337,0.06275425297321761
0.22978946304987494,0.11010218707496051,0.11820828444166753,0.11174397613647341,0.0737549438581127,0.1449579847955452,0.04254034685767055,0.10844213619494569,0.06046067759074942
0.15046752109990721,0.1343046984366196,0.1053123357220061,0.09266761743984735,0.03928864876522637,0.04886089590146677,0.17645682981979852,0.1005037374705145,0.1521377153446135
0.042780100400042376,0.13188234176373057,0.132768161544266,0.11675730980449713,0.09641151345387251,0.1138147253561838,0.06052346096869255,0.13379935483705455,0.17126303187166048
0.15960976496151746,0.14113539711630277,0.10974038182383099,0.08733707455572282,0.1282908569510681,0.13077968696274142,0.014458090615248704,0.11825002014947505,0.11039872686409273
0.1267997871342942,0.08974848777918093,0.10582765459945154,0.12344435007315391,0.1500863733332901,0.12134110177884365,0.08088550661506698,0.13684988602506046,0.06501685266165824
0.05800341543873592,0.11930381024615716,0.08387904654967761,0.08217509626785853,0.20234298264882344,0.07047402564831837,0.15598286206466827,0.11690205637308433,0.11093670476267638
0.056186713620549854,0.10589116441428474,0.11552086716378805,0.0882020413439461,0.07316685277204188,0.07566982782507786,0.2722341881805205,0.11251629105973136,0.10061205362005961
0.21402499810476008,0.16003777086667734,0.10733248655060683,0.12528855797112923,0.08427970158551949,0.13993742692384528,0.025673812575399472,0.10202771063347986,0.041397534788582484
0.049137561675185036,0.07954195988568867,0.12361010330681133,0.14398926417400867,0.040632234012956965,0.07725211790338084,0.17264524324217767,0.1311092949741288,0.18208222082566206
0.07647998875605462,0.11637421806013248,0.09481761956873623,0.1092974376285133,0.0640660069409703,0.17387750092734547,0.17051469650971154,0.15570694509707741,0.03886558651145866
0.06584991801068511,0.07801130285418768,0.08048551605990352,0.0892283011618699,0.21009777856639966,0.048794067551118946,0.24604167510929975,0.11955701739781299,0.06193442328872245
0.0596659013609832,0.1288162631479722,0.12340454490073845,0.13661393739573338,0.1413649185238958,0.04827277647072728,0.05188753568680233,0.1920514946233309,0.11792262788981654
0.17304457521567032,0.12490310474837803,0.10355848381484382,0.1260294613414091,0.09890705818614816,0.1227996930192315,0.06827284516132003,0.10456672431838758,0.0779180541946115
0.02792642682297158,0.11119394741794919,0.07306552661372287,0.08932335875769515,0.1834713813510218,0.027950073974776442,0.2668651047489176,0.1092132146773112,0.11099096563563414
0.02415966039620529,0.13733448361369174,0.12281890563253467,0.09505775973807007,0.12914571042640538,0.14977372761029317,0.11126368884503067,0.09630494888751841,0.1341411148502506
0.06912944929461869,0.1626660120243757,0.15892090149943805,0.11122245728109169,0.022209869553240863,0.1474047131487949,0.0282653355846857,0.18247224505483298,0.1177090165589214
0.05160027748317159,0.11533587213820921,0.0855884081356199,0.07636424417521016,0.22764875835964613,0.04978503745237415,0.05105266873034925,0.1039856672034591,0.23863906632196066
0.11744649951222175,0.09974015391917856,0.07928185597614716,0.10635264362663573,0.10271588035704514,0.10405047866773204,0.20069866775564613,0.11333095605146344,0.07638286413393007
0.12140512252574394,0.08978856069411006,0.11141298194432663,0.11942793156389415,0.06466812945608645,0.058352279684039034,0.23989396212121675,0.15003739428142004,0.045013637729163114
0.23705606558678094,0.1035684382597718,0.09702019409653795,0.10886202448703335,0.1294515980357091,0.06127354605686535,0.08081159762043244,0.07277879731108139,0.10917773854578776
0.14651020815788532,0.12685004373898914,0.13989819652149552,0.099057915580911,0.12854009199327485,0.11136508882857155,0.04256753404331181,0.11516924925953487,0.090041671876026
0.05198495786738746,0.10829846374024392,0.1121360979283897,0.13325112783405993,0.07595756279861705,0.04434938156766297,0.20975001512416272,0.20856895601823613,0.05570343712124009
0.069855065081815,0.1091872376671204,0.1580090486869396,0.19778522711423863,0.08816848525055203,0.09775204978541219,0.02704894078151002,0.17105707219542765,0.08113687343698446
0.09566607759276652,0.13750885956550676,0.12060028967806236,0.11879369077616848,0.11423113671783118,0.16553039818591567,0.01599891257312475,0.11367856421224952,0.11799207069837471
0.18082150511381098,0.16891722154825373,0.1355319147008667,0.11636488299165021,0.040266565587395366,0.1732402815224459,0.009828953316368712,0.11999037692055912,0.05503829829864924
0.09065800698634692,0.08779713069915786,0.1236649536750198,0.11429406511983083,0.12871643667135152,0.08609828171444363,0.14618667850408254,0.08240605334278586,0.14017839328698103
0.10387456652312509,0.14232747486422034,0.13046027270504346,0.14004990274713536,0.026431075624904873,0.1993998304749922,0.010275321820228951,0.11113301019548327,0.13604854504486646
0.2876563164246686,0.09418312542773577,0.07862317559108085,0.09666655394757255,0.03494557904979322,0.16187225911542738,0.00879638092111557,0.08809594117464596,0.1491606683479601
0.17346083756197217,0.06673679658343495,0.0836652171011495,0.08714061939146604,0.02754931450960138,0.13981655673684876,0.022989355717877625,0.09487790177128154,0.303763400626368
0.17707365699295216,0.0997937721263738,0.09971120276253909,0.1124972448271126,0.07032334819086422,0.16682304978408877,0.02829250782697369,0.10808648155357188,0.13739873593552385
0.05633305108617014,0.11067012544353139,0.1526385226709744,0.11810249362150399,0.035926977757551645,0.08064334138447805,0.1627259687746991,0.13610493112911623,0.14685458813197505
0.10767304679782563,0.06794351862483855,0.07472113624279524,0.09058228447025103,0.025414595815299073,0.2821187591188367,0.01611204728704774,0.09071450375887462,0.2447201078842314
0.023646519483726328,0.07928423208199499,0.09342795359020205,0.0893677842525435,0.27858150864356385,0.08856704063801885,0.16505333518938373,0.10018435266480573,0.08188727345576104
0.2231702230515118,0.13514073040086116,0.14412545519027117,0.14795798233865,0.052516143841075676,0.0625265929097703,0.07844411568245668,0.13975640396240127,0.016362352623001925
0.07241999232147221,0.1276962458362143,0.10256521354657318,0.13323573700285907,0.16224286072132824,0.03315310518668374,0.1809611221403826,0.12115219335225703,0.06657352989222964
0.0576723304689754,0.1354800916664418,0.11848075032703809,0.17737693931179685,0.11910339274292314,0.07784636664228176,0.09169825822823796,0.18512706722299255,0.03721480338931248
0.12246704470432374,0.09204981144068025,0.07943426001228963,0.09851147904718215,0.031797559016227835,0.30670591417118254,0.01786716636661276,0.14769667236426623,0.10347009287723484
0.12997287769587929,0.10096974516651373,0.11062311543889103,0.11673086145169298,0.046280384393889616,0.12439562598752947,0.039885143623469364,0.08619634359187939,0.24494590265025507
0.20937791489271027,0.1182192764154875,0.10710502917449054,0.11002497649271543,0.02658575464754324,0.17408912374873353,0.03097536470100577,0.13399677388880984,0.08962578603850387
0.16767337390276546,0.12309691590533055,0.10960205657687926,0.12436286749138752,0.0322038944709739,0.11772123237069793,0.1671008865113691,0.11203907983796475,0.04619969293263158
0.22068810496387223,0.15173761225376098,0.10371756414361138,0.1145337701970846,0.14641226486874914,0.08099898241917576,0.04600043101887083,0.09144477497355802,0.0444664951613171
0.08652915983380206,0.07796554353378106,0.07243238531200692,0.08073443768283921,0.3467656427171264,0.09603502583811906,0.13938217929046146,0.07120012250622819,0.02895550328563569
0.03869190852794747,0.09995448636172548,0.12050981458147579,0.1256333835067904,0.041265626946381084,0.07256322475431848,0.12862985095056964,0.0961098992432972,0.2766418051274944
0.15988876908881985,0.09812362646250622,0.08746138855426917,0.10383913874314399,0.20258666000404754,0.04345279979858161,0.12416442307338137,0.10023864366635458,0.08024455060889567
0.018412931381770654,0.11514918064288715,0.10777853088469885,0.14897297591921912,0.20923978333468155,0.08498509408114241,0.07580165156273429,0.1575725121548473,0.08208734003801865
0.2882223422988041,0.12675304534298673,0.1140338276260825,0.12141441300859512,0.05919941367376749,0.037686593313717646,0.022696604461554887,0.11367123586271814,0.11632252441177328
0.2533119952487733,0.11511852988501048,0.10559457083512734,0.09559799506383536,0.048931905716755236,0.2074191823541598,0.01680246357332187,0.09391377981453519,0.06330957750848136
0.07468420731919853,0.12021405182795296,0.13440762594788924,0.09965783697677771,0.06764044622864186,0.12416085309716211,0.14095776962984496,0.14872879348623147,0.08954841548630106
0.12485964199417439,0.15077764236315436,0.12044880696447056,0.1185068345450736,0.06470286980821309,0.06808146399208502,0.05135702667441863,0.15600159844729444,0.1452641152111159
0.24772808671824373,0.09726578728508,0.09840135681774731,0.10127455463757233,0.05691627893411743,0.07032185966990379,0.10750049909783221,0.07855517859525031,0.14203639824425288
0.11167725373863939,0.16561852031085889,0.11227112818677674,0.12442682821755491,0.19583515198147908,0.1063364698234636,0.01827018228598843,0.10126990296574612,0.06429456248949268
0.32734489706151937,0.11553250533332705,0.09446484789057737,0.08788141739328127,0.02905331356247035,0.11930882335896069,0.062164253162672066,0.1081362244776739,0.05611371775951792
0.2041858194011343,0.12225271147222005,0.07460283943450287,0.06949019524967294,0.19737770825980636,0.049183429160901994,0.07180548450351738,0.15549223549336635,0.055609577024877836
0.13503907993319014,0.12617042795525368,0.10501196098263343,0.08408219466350865,0.046328316620801724,0.09610434478933248,0.029004345654841973,0.14272585003477006,0.23553347936566782
0.1819362889725243,0.11959081472211164,0.1297940446920222,0.11232528654226985,0.11346306029526428,0.0737553488726342,0.03817481051295065,0.08148797539866119,0.14947236999156163
0.07628122653286674,0.09912070523030576,0.07670561942318092,0.14183093820335876,0.21658637055895125,0.09765687926234401,0.16547184340574458,0.09166757291315597,0.03467884447009199
0.043252949258848816,0.11904330618923513,0.11296864073775913,0.14822284565181185,0.04994644173817311,0.15892059557062038,0.011177310661392442,0.1773517368951155,0.17911617329704366
0.30913682347189536,0.11562313252395044,0.09715783434983255,0.11835227842155623,0.07551610732754993,0.10006808778276562,0.06197691164365632,0.10952462026579811,0.012644204212995364
0.11850803696918567,0.14075069245563454,0.12609796792357944,0.12997528238906245,0.05584419778426585,0.11570963605644935,0.10278337924992298,0.15551282076339037,0.05481798640850927
0.11069002827938466,0.14176902904870267,0.10214252712130094,0.10101651416282215,0.04360479913046958,0.10814701350091453,0.0866918958544577,0.09415371289791508,0.2117844800040327
0.24978833184910001,0.10526112257862409,0.08016316481231321,0.09917157556692706,0.12785764290470947,0.11921485085579664,0.027519039106516565,0.12742510660715034,0.06359916571886269
0.2573183660107561,0.09726227454442106,0.08753131635492013,0.09511518790250793,0.11411160248879808,0.12324225641357929,0.01852177800738874,0.09091767291427023,0.11597954536335851
0.15739213708033903,0.13732629005701041,0.13783380781915655,0.11160500182338856,0.14859392915903266,0.10131345510997608,0.0602370042782312,0.11629035406079719,0.029408020612068347
0.06581063266864552,0.09027270400806363,0.09709199883705372,0.10292810687120672,0.08554909711466215,0.13988232699159645,0.0330502437008698,0.10839565950245073,0.27701923030545134
0.1819362889725243,0.11959081472211164,0.1297940446920222,0.11232528654226985,0.11346306029526428,0.0737553488726342,0.03817481051295065,0.08148797539866119,0.14947236999156163
0.05340724404923497,0.1058810288424057,0.094662864376116,0.1300813692466318,0.103182037417011,0.1516094918195228,0.12452774071911275,0.0855315498675298,0.15111667366243517
0.023094234348789964,0.13465853673528916,0.11263085815593932,0.13446908979485925,0.0499642075717083,0.09084757688560036,0.1459046358437688,0.13744678822153678,0.17098407244250802
0.12675486175267656,0.1669659439329375,0.1101887785454036,0.11744299680713477,0.10800974553304006,0.10738004345887504,0.05927930676864834,0.08512840173451991,0.11884992146676417
0.1625908733708207,0.11859443105315681,0.1298275798085637,0.12220995791425122,0.12736995105042634,0.10574531102738532,0.0527656222992465,0.12021904676421834,0.0606772267119311
0.1301422659102666,0.13161897473426037,0.10943834458563641,0.1250743301955141,0.20560094751630778,0.046394098319026134,0.04294531624206823,0.11676945316165122,0.09201626933526912
0.028661678620858628,0.07930732833819192,0.08185109395253452,0.13299073093771063,0.19808769743778276,0.1290145499403431,0.09141010898777895,0.12040696627604046,0.13826984550875906
0.03680090686141038,0.08529790381573661,0.11343003007480595,0.09736673933902847,0.060632518782855103,0.08588314201957296,0.3544803553672051,0.07977576914179131,0.08633263459759406
0.13325233662961924,0.0678720567751086,0.11799973327477131,0.13626699432308945,0.028806783631936183,0.1238274275680495,0.15285671825711075,0.13251385131376422,0.10660409822655077
0.1896585223645789,0.13029373737921543,0.11973403503275988,0.10678875953592488,0.08471496099051097,0.20007170996314297,0.03234598644310988,0.11006874145588312,0.026323546834873934
0.03397308830031989,0.09153218439763276,0.11365916285896417,0.14419905469521843,0.15198693247830397,0.07772623537975192,0.14025395016898645,0.10699062576199814,0.13967876595882425
0.10875356372019,0.12525889217429054,0.11205100690821142,0.1262540385599922,0.043962258984948745,0.09160977382325552,0.134978243401979,0.10363781186589198,0.15349441056124055
0.09319358485363836,0.09143452662638996,0.1064775495085815,0.07534968504406402,0.04301770041174544,0.06750758207984357,0.3305701254888814,0.0946121695028009,0.09783707648405487
0.1429947496429624,0.12453357388990909,0.12048754410512925,0.1334359549914144,0.03897516210297699,0.22274296719483974,0.025477025758543544,0.11059592853797373,0.08075709377625089
0.13024098410727414,0.12688290709390745,0.12207264754408337,0.09323369544861702,0.14944825608989065,0.04988645734857689,0.17591772458993118,0.0984942243374952,0.05382310344022421
0.1048005810026177,0.16966296985423113,0.10014908181911542,0.06985936612293879,0.13523858081798915,0.03957497157849569,0.055016743526586476,0.15457890124514598,0.1711188040328797
0.14185913217938106,0.13571759495105976,0.13455981452776986,0.13937621984182907,0.13830332444463422,0.04954051126613285,0.04478874013797016,0.144620803025287,0.07123385962593605
0.10545929106780672,0.1279922595928499,0.08653376749539525,0.09828625027342704,0.022757323663699522,0.2688428510366702,0.024872038269480503,0.129314971089901,0.13594124751076986
0.3139247844392277,0.11523883531647429,0.0860344234999582,0.08711165207429639,0.05537408853951004,0.2098984181103083,0.021425329660125683,0.08175666028544881,0.02923580807465054
0.31550118511121705,0.08132267589434093,0.09829374009665186,0.10031935673556071,0.12124466210914527,0.07200993575927873,0.026418382525269114,0.08881912571097052,0.09607093605756584
0.09120954156150639,0.12304409840918266,0.13468420399090866,0.1921534349996805,0.02520041167831259,0.14224293076047176,0.09835711590787947,0.09898747401058439,0.09412078868147367
