0.11644555712208858,0.19231914386159654,0.031243906350947075,0.1155727829950221,0.09390609336432498,0.13707702030704347,0.06432980246469194,0.13824523885751264,0.11086045467677264
0.12009584081987612,0.12806231422409156,0.04936638537534704,0.10538728804649823,0.10990073661629729,0.10892702893535743,0.14304007225533918,0.11974646102421278,0.11547387270298036
0.10138180203583284,0.17243331661282965,0.05435915905265981,0.1878891678658509,0.05648507431932081,0.10989609258301897,0.09315008287337595,0.09599937970440153,0.1284059249527096
0.08680993813125086,0.03495581076924531,0.024344739079496035,0.10757380803636975,0.15068835596770636,0.0862709643810462,0.37478378087870273,0.04835797743712356,0.08621462531905909
0.11924123956026815,0.04234798583201473,0.06266787920062901,0.09463342539976144,0.21191068512690467,0.11834316284474927,0.10430653502943314,0.12241305686649671,0.12413603013974284
0.11480785465711611,0.0869204106342392,0.1323927787011426,0.10295250595998794,0.1011652509891942,0.12017995894017121,0.03370122332684713,0.17543219184268002,0.1324478249486216
0.1392966711674095,0.2018512414947927,0.0410494269224518,0.05958453275325514,0.16166181608923047,0.10487725816877298,0.015336631029618774,0.17079906270259024,0.1055433596718784
0.082754530790191,0.0651680585205258,0.06287779874674497,0.18833773446457627,0.22516733996973826,0.09458888289722,0.08245453552059122,0.08921958879620455,0.10943153029420787
0.137492292110212,0.11714245872515129,0.09911535158583513,0.0902929367740342,0.04801104942807169,0.1184659655788869,0.13952470440903683,0.15626309675900682,0.09369214462976518
0.11685508957257938,0.05294237751267763,0.221191511965909,0.11756562810988765,0.1259968286019535,0.1217039246402935,0.0494626208229064,0.09456605749292597,0.09971596128086695
0.10203528205745832,0.06342407510778182,0.09969338506447384,0.149615493554202,0.13093427221521392,0.10795462926689396,0.06432301205426232,0.1432138432461015,0.1388060074336123
0.12129271129981371,0.07029791813872723,0.1200099544293639,0.16639723591109234,0.0885314724489115,0.11903765006638618,0.12522181583536007,0.08760919283597181,0.10160204903437327
0.15903325986289818,0.1842308904475689,0.1486302504515998,0.0927724349820125,0.1161717292506259,0.11028388782150716,0.01147763191581469,0.09277768190583918,0.0846222333621337
0.11555784559964825,0.08527497350529434,0.1949181819463445,0.10385756758186747,0.08570858217297218,0.10166588358891367,0.09853748672536718,0.11146351608368327,0.10301596279590908
0.10286413617201268,0.06454790807116552,0.19737074821911385,0.12378745980992888,0.1012478413481022,0.10522712775401626,0.07454331589629086,0.08241498059011569,0.14799648213925407
0.11561315486681212,0.10067326746357082,0.058818604622669246,0.21273067260300194,0.07378289585044213,0.09869904113376114,0.09754814220329584,0.09323517711758449,0.14889904413886235
0.09153974536117719,0.3271635109435061,0.12975595996485198,0.053430984075576775,0.09583590037135141,0.09726939955179918,0.005576648969033995,0.10910039946166629,0.09032745130103707
0.09415454363884712,0.3582761654387447,0.08731673883234568,0.071086545028973,0.037033682967070124,0.10744353888246301,0.012634202707260872,0.14124592635099362,0.09080865615330187
0.11403111651084456,0.17756095634507485,0.16457734047161124,0.06708229645908785,0.11856415678387631,0.1235536189807782,0.06714035548281606,0.08420370231139036,0.08328645665452063
0.13345299891545176,0.05787991437741439,0.026832773345216488,0.11344237630125831,0.1373044049007338,0.11019321535871657,0.20205030802906884,0.10241561624694025,0.11642839252519958
0.1060783201423443,0.06249260062249087,0.04994760875770685,0.12946798853966163,0.0930866650949894,0.10440868343406007,0.16685773281470487,0.1655441939969575,0.12211620659708454
0.09704764991881716,0.05104886509128947,0.0492521684180973,0.1171895951943865,0.13555844670273778,0.09429821915602692,0.290343453936509,0.07872064342512403,0.0865409581570118
0.12178678514677828,0.11679027384143026,0.08698235502228681,0.07573247066789192,0.11024521007844411,0.1064662017672227,0.13996514268780028,0.11774419615346586,0.12428736463467976
0.12220156297579828,0.044256435938611775,0.055715505712565595,0.12483558021021617,0.10564979531907072,0.10670061575895277,0.22876280020458203,0.12340644260896212,0.08847126127124062
0.09601177213079215,0.093593379077764,0.023089228945544268,0.148486873934339,0.1094225648197083,0.1041901592615931,0.2366547872279411,0.06586370812588187,0.12268752647643626
0.09551465028058781,0.26281067335242486,0.06231071702914226,0.13029544952315703,0.08468056675218028,0.08849442673859859,0.01897618717895617,0.11509314405918991,0.14182418508576303
0.09775720104672665,0.12495832183689504,0.12821853394127192,0.17569950065383425,0.07266336049493709,0.10985415772973456,0.11270659167647162,0.06289708203852869,0.11524525058160019
0.14273502982017575,0.08608012438968725,0.10986918738170663,0.12123991051499579,0.19440004112016587,0.1172211093371821,0.039597949086802454,0.0826468481689067,0.10620980018037751
0.10348920931981419,0.08823660393424482,0.14677695163078197,0.1093356086856272,0.13798504791932076,0.11331614467593609,0.08118666379791611,0.07328249629031762,0.14639127374604124
0.1273195200932323,0.1521350641091069,0.09726913600202632,0.085237127760096,0.16632049619393738,0.1133079397366848,0.0374429371987911,0.12859198351685244,0.09237579538927272
0.12171652675090243,0.1395128381867672,0.0998876441556178,0.08822424929361551,0.14579511398790884,0.11847445846158576,0.03401829336351106,0.12973546389165905,0.12263541190843223
0.10943219526419291,0.13125008059172194,0.1053159558689482,0.10302644524213127,0.14218280961122892,0.10153243087557702,0.05203934279867712,0.11839623979329376,0.13682449995422885
0.10570399575139204,0.04118006348047682,0.09765939475240058,0.13517490704529406,0.14195434298487483,0.10375657433290908,0.19071880199843064,0.07815965599426651,0.10569226365995536
0.12966938770385342,0.13819143233895465,0.08138693730975595,0.10761463355108618,0.15659157501344786,0.12018733726306585,0.034221129608203886,0.11922243930008565,0.11291512791154652
0.10745133464179842,0.1744568194592948,0.10472958785730102,0.10454158564904763,0.13868489685398117,0.11553628531595277,0.027400373431986185,0.10514957478205957,0.12204954200857847
0.11662254439086174,0.17018484430515457,0.22673321006385994,0.15809197584882875,0.04469276321730677,0.11624237389105731,0.025794720281109535,0.06486196170593365,0.07677560629588777
0.10300461983167618,0.12431062227330246,0.060016777402984355,0.10614647063142628,0.15456206753595275,0.11735222314443582,0.0806762959392883,0.10651249998441757,0.14741842325651636
0.08933122372521679,0.04434028893275235,0.20714302082672945,0.10413296652507155,0.11391186617388399,0.08273211276749483,0.1553438195030738,0.06823379831930342,0.1348309032264738
0.13107112910799681,0.04905490973424927,0.060826222264839906,0.1365253319573156,0.13249457589228844,0.11671273476406623,0.1720141722467947,0.09698436070247864,0.1043165633299704
0.1755767234755654,0.12429684348103798,0.08300745978030646,0.10055999818832022,0.041235528844491574,0.13092598885671,0.03867629657953494,0.18383687967308657,0.12188428112094683
0.11417040306952868,0.0490366793484876,0.10536187701971052,0.161812191524237,0.12672783852958688,0.10875026183891172,0.14252174672661325,0.08225919787111223,0.10935980407181216
0.10578121327818302,0.10267614884292843,0.2340958059664231,0.11595517673793637,0.03139280357539751,0.09072188395150727,0.08638236076523644,0.11793328172096625,0.11506132516142165
0.0785467532371258,0.1072172651756,0.09501721030799876,0.0649960739835072,0.2953267008029203,0.09397984255186513,0.12611270388912807,0.05571137055672826,0.0830920794951265
0.10771638326636501,0.019474780970762214,0.1398132104804574,0.12312443399155902,0.19930731377285607,0.1034559016247612,0.1449854874314869,0.05820341834704909,0.10391907011470308
0.09168817724266524,0.1550445197394137,0.12273604075679445,0.09223284494757282,0.14661900451834012,0.10075357201369435,0.12850358634674175,0.0572940704280975,0.10512818400668011
0.09512146430361623,0.09847864472998791,0.06495459856950454,0.13692037096629653,0.17319288016331438,0.10515232763238498,0.10584241079247465,0.061572303452110726,0.15876499939030994
0.1119907453182102,0.09255520488189965,0.10587746663887555,0.0846726805422404,0.16063108859492795,0.09925865987139877,0.07801265193893665,0.11953016087443258,0.14747134133907816
0.15571702886087138,0.01814131611374657,0.011516813531702997,0.1537992676557213,0.08444440413387988,0.09727737160473791,0.07392418859973132,0.2870045468635229,0.11817506263608575
0.085208454376412,0.08816361747400703,0.07553618420040649,0.09849312885218582,0.2727423138501916,0.08823627088191832,0.10732398777404333,0.047904787593787496,0.13639125499704793
0.09269066816986182,0.28402680585542717,0.1032943273376976,0.05699341612271516,0.08875831613155816,0.10236913114892408,0.0068371188936841775,0.16208111989484272,0.10294909644528921
0.11664418598719983,0.10217975483516167,0.05858200035070924,0.1418124545023484,0.10828829781279509,0.10727194875348474,0.11624239477489318,0.11187141917140596,0.13710754381200185
0.11151337390525229,0.05869554671321103,0.03757287159136201,0.19286778486453593,0.09369942624732812,0.10099873925850837,0.1008028629096136,0.17800587717163022,0.1258435173385584
0.12115628621629566,0.24343762262632765,0.053631956662734716,0.09452477578820935,0.13944836399909996,0.11537560474603414,0.0375251780171104,0.07688864979349856,0.11801156215068968
0.09161152151287265,0.05419403131767001,0.15544848112816664,0.0880336719374214,0.11768412190824344,0.11120459688474593,0.1816933355497163,0.09724935035680528,0.10288088940435837
0.09546561779871747,0.11663594473160345,0.04280077649643621,0.11362855985651617,0.14313578135915725,0.11148856233364256,0.1810439517858732,0.077258498799467,0.11854230683858669
0.10307245658479386,0.09774488985611544,0.10198981954216779,0.12397400817735442,0.1095612961459747,0.12712741122403315,0.0925624579199596,0.11939967744638831,0.12456798310321272
0.1226490130085996,0.03983474144489597,0.12573679209173225,0.08787596210314652,0.19634151015169773,0.10446344794358091,0.11210412728062931,0.12051839988812894,0.0904760060875887
0.07641727656226228,0.04219952182455084,0.11469945793488663,0.10699994679733271,0.0763166871879254,0.09724744589304136,0.3277851319278973,0.06441441671505944,0.0939201151570439
0.10502813809205579,0.09904747010408547,0.03924645786115972,0.11494343733625678,0.28100237932570976,0.09108560112761022,0.0898439889303962,0.08471384886232951,0.09508867836039654
0.11809115643464896,0.10676878751230832,0.14515696447767554,0.11680408247771297,0.16489384845338184,0.11569982819319435,0.03354332933324668,0.07801267324820702,0.1210293298696243
0.09487048856149245,0.100525101941278,0.2258671417558132,0.11278820421617745,0.1312812044675962,0.12469191088503505,0.03582325813279973,0.07727513172710532,0.0968775583127025
0.09622538185212037,0.08028555026561253,0.12880480176834155,0.07102765459492533,0.13712800285560642,0.10032980821784004,0.18039415164119046,0.090654423314672,0.11515022548969127
0.121423221018878,0.1248536325990623,0.0680567707951162,0.10141972620190969,0.14466118002646988,0.1083031535013056,0.048827335283203245,0.14766696335387508,0.13478801722018008
0.12310292402487784,0.16808069349907254,0.11908434820330056,0.125121108717363,0.0633952309518412,0.1256008338584636,0.02400457786813802,0.12400453961005743,0.1276057432668858
0.14487425418293784,0.10116628997893358,0.079495312694512,0.06763468226542445,0.21866873982253396,0.10499919365350485,0.010768182430529809,0.13932904391211273,0.1330643010595108
0.10303446004111155,0.1758260623336331,0.07747994970564197,0.10754962896229653,0.14448467019584096,0.10420035964808781,0.09822880863764831,0.08155126572959896,0.10764479474614082
0.09230853886807631,0.07273544876762625,0.11966531361178623,0.10738495597056232,0.10273499044146539,0.1052339269447115,0.22428646340853145,0.08986424821185969,0.08578611377538094
0.12285112093612212,0.09673758062701793,0.3172198320605724,0.07732483713669358,0.06555452676660424,0.10870882640717892,0.07017787403956995,0.05530209809450224,0.08612330393173857
0.10614105795287009,0.1737835615117116,0.14084831985825141,0.13541947491641207,0.08684895586218964,0.10359272596251756,0.03364532708961394,0.11583891361273341,0.10388166323370025
0.12398394995257579,0.05850983603758125,0.181090920822211,0.09717862137483274,0.07765180065055677,0.11507371749616606,0.14847373622035084,0.10711279606648168,0.09092462137924386
0.11417128513510057,0.13946019978903487,0.11917223574928922,0.06917355168192603,0.1414273160298949,0.11072020550289341,0.031302259572447415,0.13893437208151282,0.13563857445790076
0.13131998170195033,0.15702806957689705,0.13331841669244543,0.09500528337983509,0.07013151832507143,0.10140771605661512,0.07606632152070501,0.12373466210770308,0.11198803063877738
0.11833662523136264,0.05611039211533855,0.04224836684689765,0.17489100339573763,0.10949956993539911,0.12817080342061432,0.15729477550635318,0.09945928052802099,0.11398918302027594
0.10176165491815166,0.19207991592348103,0.09123618855966438,0.1352897098537951,0.09212232218206041,0.12960370106777022,0.04754302705762723,0.12240622008878428,0.08795726034866563
0.14245767004475182,0.05093034175855227,0.04955860821945048,0.13912524575201238,0.12067753464581625,0.12680908254913342,0.07856854451640409,0.16703781547128704,0.12483515704259229
0.11948584783663019,0.07585414163255283,0.14183027095691542,0.12172046758081372,0.12387838280897302,0.10173227770344385,0.06423814315927785,0.1072145871419966,0.14404588117939662
0.1528326515917728,0.13252961091781412,0.07014144211770172,0.13317773994502988,0.07828445231858054,0.12786452641160903,0.05337592669713242,0.1592379555722055,0.09255569442815399
0.11411037160943589,0.05058951553507134,0.014938175298375279,0.16816917390343264,0.14588922502717158,0.11198379487305359,0.16223738964855391,0.15239582351336825,0.07968653059153759
0.136970074431994,0.17336596992443165,0.043836500538194545,0.13905435551240497,0.10866863673917511,0.1043059274313533,0.07119523527647352,0.0982550968562677,0.1243482032897052
0.13796687419800419,0.09798322948483314,0.1993262427881457,0.13651817223022852,0.035286229007144586,0.11962303278158104,0.08639713306342937,0.1019309437759504,0.08496814267068308
0.10723318686394263,0.07174656074371139,0.10827860622695751,0.08618211297646429,0.16842525417883905,0.10257494987464338,0.15173234041203798,0.10050555069150147,0.10332143803190234
0.12678290855153318,0.1180524321203147,0.12558648803544276,0.07362263919178996,0.24531884641283153,0.10232352129179224,0.025061636935256756,0.06630027639012898,0.11695125107090987
0.09157906894395247,0.038744266221793784,0.11713180410781053,0.1191482546014409,0.06536492731439585,0.11643546412362922,0.25513996895334456,0.10421409404153541,0.09224215169209726
0.1187610406311732,0.11572868559203907,0.037807216918742226,0.10314472664439511,0.14324685122199365,0.11133795329516909,0.16850082438956818,0.0981566903317208,0.10331601097519878
0.09325159886848795,0.2520224016395133,0.2281567383578412,0.0581670849584457,0.053331744361459356,0.08710535722112271,0.015321345108392767,0.08808797550812393,0.12455575397661306
0.12383178546650776,0.1144826752526112,0.20542936411709767,0.08712617992785847,0.10233816795243912,0.11388643047600522,0.051631721077815586,0.09161736518897994,0.10965631054068496
0.09979017091115927,0.06087065137755424,0.05662633120880697,0.13448141091748697,0.11823586230087613,0.1215943468949865,0.17955733115232073,0.1017354695540016,0.1271084256828075
0.1365472873669824,0.05281779054466094,0.02337607898935366,0.1155289434330846,0.24971607221082961,0.11366437239037497,0.12434740228041546,0.08815205812276498,0.09584999466153328
0.11241723582480366,0.10629090656587993,0.1056556851334614,0.0824104490689422,0.14570850003101662,0.09116389410341548,0.14383388075990886,0.11696724874170122,0.09555219977087052
0.1161458331888907,0.03479032841304957,0.11622710746017395,0.10350027513782671,0.14020255435792706,0.0943192129201983,0.19904072715216584,0.06248461851621393,0.1332893428535539
0.09904815772135678,0.06992919830573563,0.1356519955189828,0.09887607936864184,0.15049183523345594,0.10706042066171388,0.14334679033565476,0.0789199400708785,0.11667558278357983
0.12345822196133965,0.04333539032537322,0.1183808545790292,0.15924138204780572,0.10651892531887808,0.1066540585682867,0.11841372285091561,0.086480426305999,0.13751701804237285
0.10686288228474727,0.06996356444557655,0.09767792876041692,0.11352681489798294,0.1424733487146186,0.07742255975058976,0.1941816680450509,0.05598337995860592,0.14190785314241108
0.12889882941716563,0.07533602350073576,0.029000286988298738,0.1492234853558043,0.08887198378351135,0.11641035101285442,0.0831030222636065,0.2153004301188126,0.11385558755921071
0.09407341486304303,0.16538369917846085,0.19888154136465852,0.13155680438702855,0.07360008238763545,0.11764568723652706,0.019703648358474116,0.06735842741042551,0.13179669481374692
0.1508315726876874,0.1610183310802681,0.07740715976184498,0.06662457948531626,0.12930192399638968,0.1319532012876802,0.04269816988694783,0.10365039801844551,0.13651466379541996
0.11005743420221559,0.24593947456814433,0.1170052010111401,0.10159447644476853,0.09505684293583418,0.11725269545268407,0.010600438966056386,0.08820293532108113,0.11429050109807559
0.10403495564442596,0.06892906291665891,0.03911613041804519,0.13125752763495308,0.0992665446670914,0.09939247185465094,0.20884166587371156,0.14157804805246277,0.10758359293800024
0.11972995174816647,0.1621542835620258,0.01658912660925502,0.10873999023094176,0.10842133365278635,0.11272438696213587,0.1365045863289357,0.1028068952428703,0.13232944566288285
0.07743319190771657,0.06352543596935148,0.10188960065699787,0.08793781826626362,0.05295573677358397,0.08168664066029209,0.24167703596266218,0.15217653907087872,0.14071800073225338
0.09411604480699005,0.03470427415737188,0.09041046042870322,0.1702085619773338,0.16530326724317343,0.11663435419896802,0.12237072033397318,0.07717341259849002,0.12907890425499643
0.07742553447559518,0.0511210654017745,0.12599229440975263,0.0935801800166709,0.1784381079575618,0.10391807960078712,0.21058959519565112,0.0579369518027015,0.10099819113950519
0.12117000401233284,0.09803379678451228,0.34496016589571904,0.08298899910340472,0.044984190366158604,0.09577515978028926,0.020882478202176508,0.08248980625002712,0.10871539960537972
0.08916207019662525,0.1971526677201155,0.19659845790463426,0.08986685182782202,0.050617096255572834,0.12628300464246567,0.022250212679508902,0.11291038603268565,0.11515925274056986
0.12178756517281707,0.12910640314552838,0.0868419605852031,0.0882491328292518,0.1010225361883822,0.11760701848718134,0.09000150214583684,0.14782908199239597,0.11755479945340325
0.07640052181946407,0.05389466515472418,0.04649612232151391,0.12329576260845398,0.16782785473927495,0.0862169448800502,0.21749731071704673,0.1055774442411807,0.12279337351829138
0.08576201332641353,0.13647721395224255,0.04798398999677455,0.07618293471784227,0.12667028359413426,0.10303607023287191,0.17446740270535147,0.10014376366898652,0.1492763278053829
0.18011283855113777,0.045443751716139597,0.06437099691865698,0.10386321693597288,0.05805004492700322,0.11749357776359796,0.14648168966152336,0.16006108987254564,0.12412279365342262
0.11296964872393787,0.07852002102239303,0.04671869463074777,0.13943000934644978,0.2593183118609915,0.1004600072993284,0.08625537191831018,0.06750943516854144,0.10881850002930009
0.09230968060368981,0.03566282584476386,0.010822683373237834,0.11392545943569711,0.2879771194731022,0.07442316876060934,0.27908310279886694,0.031081198342373512,0.07471476136765924
0.09737096115085388,0.12832479818961798,0.1298730130421937,0.09836831644500847,0.10663078365513336,0.09729710746806204,0.10724372707974288,0.09560094991476976,0.1392903430546179
0.13075418231336822,0.06947440422862525,0.10595475194479698,0.1750507399871024,0.06996241047136506,0.1296716396337524,0.09610959015342492,0.1109819149455125,0.11204036632205228
0.12808761377035396,0.031625809077536156,0.18386367750606,0.1322587722644635,0.09312682135068236,0.12929170464077772,0.08907569763659158,0.09282512576635872,0.11984477798717598
0.12729082722919918,0.10079148920680416,0.030193702455250937,0.08416545907810184,0.11734827159027077,0.10948336413450187,0.07707168903425302,0.18551307232807604,0.16814212494354216
0.12068103062481272,0.08960636329720649,0.1616352916625586,0.13660175489016782,0.08155102203197696,0.10989415227431894,0.11076243086463294,0.07339422456834642,0.11587372978597904
0.0917992378507647,0.08006921607521589,0.17991834454799602,0.19069249905610974,0.0482384136207106,0.12408292368152489,0.07412296125544802,0.08729431543054839,0.12378208848168175
