0.13087998729165665,0.16145475715991275,0.12503126970267459,0.08528869138541252,0.03596914798987895,0.07605601709407468,0.09898516181176438,0.20783907590743989,0.07849589165718561
0.08901668973362982,0.10352172940309594,0.09690556219868784,0.10135942548625865,0.02076258367529185,0.17526420065814005,0.10219281668535012,0.21800188529411435,0.09297510686543144
0.084842928083508,0.12150138004114945,0.11707313007706503,0.10121360919729722,0.047034334011271196,0.08700658766980533,0.1616145842528444,0.21346525294065455,0.06624819372640486
0.13852533736072078,0.09725060898934369,0.09397602265887785,0.045074828097329066,0.05680575613120301,0.12237461777597242,0.10530068755885945,0.28652872573192845,0.054163415695765216
0.22013608921045036,0.12828104286707523,0.12068341299654893,0.1333228958424044,0.02785041603700385,0.09342462629885852,0.061467030524353254,0.1539793383620375,0.06085514786126792
0.12392193085591541,0.1172211535690808,0.11313215116648005,0.09252277229284872,0.10875779802171802,0.0957985040965859,0.0641992384770838,0.12129617290351656,0.16315027861677078
0.1523561715862343,0.10942786797921537,0.10041986014038363,0.04519452815209324,0.07054974000850632,0.09176095487213753,0.058722539465556216,0.30088040461775356,0.0706879331781199
0.12035467783004976,0.11308914902200308,0.10766467773183729,0.07118691981782399,0.04967146920429807,0.16407793607591223,0.1143351170372553,0.12157259162041405,0.13804746166040635
0.1561591415571091,0.11935182530285308,0.12284386741874337,0.13208197210425998,0.036291457511946665,0.10314540497280054,0.1959765265104233,0.029109062024626247,0.10504074259723768
0.11352109919312732,0.11239402086882651,0.09752741890163281,0.09416932847829318,0.15158076395449147,0.14634220840664486,0.0338459238804408,0.06271422894161482,0.18790500737492824
0.08166579367951632,0.11896557997164349,0.13134183294489155,0.12110002390653392,0.028685108758246588,0.1207649393837363,0.07798285257438609,0.2533850520892652,0.06610881669178052
0.09454483410542054,0.12412618303177707,0.11826954320505434,0.14333570106487903,0.04601633492852095,0.12793107402491852,0.05039915367780585,0.09134502103300546,0.20403215492861826
0.1255140703308624,0.11241081163971439,0.11278856694824169,0.09986054561256734,0.03684802893568923,0.2678837441826258,0.10861945851294763,0.05301656956633338,0.08305820427101819
0.09151912767440966,0.14170140415779078,0.12712065236971926,0.12162582207908694,0.02800678167207191,0.1137049783564611,0.06397119147363667,0.17110843611318657,0.14124160610363712
0.10726432032400075,0.17276679434267242,0.12601625847399892,0.13343083095591424,0.0941764560478685,0.08032445383545413,0.1250334045142498,0.09873751352866372,0.06224996797717746
0.14484465618285264,0.1351173557623605,0.16284969433433047,0.048380018231354766,0.058310346848597205,0.08186046084378047,0.15044274576865524,0.15418206648442237,0.06401265554364628
0.06741168557097411,0.09148280640428204,0.08791356259345322,0.08505749341290857,0.1569449257869967,0.09338421074177868,0.08747725217154069,0.15356676390068472,0.17676129941738125
0.0762727215319324,0.13011887523807178,0.10657544484693461,0.06717448536240654,0.10602283384703332,0.11308425040753074,0.06947225513523732,0.1948961223737389,0.13638301125711436
0.11996297400480367,0.1368175051542683,0.13087288273880546,0.05865332861541639,0.013836988804176366,0.074882868755995,0.09322593581147375,0.31183958847502313,0.05990792764003796
0.13220088503206875,0.13993691253363347,0.1243451801431094,0.07696061488461896,0.22671154976458288,0.07308964525165261,0.05237777081927288,0.02549493043788942,0.14888251113317166
0.11764140427164331,0.12257334374844749,0.11119917198498575,0.046209075659644196,0.016051311528147292,0.09742488542816696,0.2259830624661899,0.1959039244620425,0.06701382045073265
0.1337427332433163,0.11641959736594139,0.10053379849048334,0.06251273442197293,0.29179722114813134,0.014912568522454048,0.058303034968602764,0.16010210963097804,0.061676202208119923
0.10586359595307267,0.1084624370536324,0.10267854127175453,0.27052032002152615,0.057487379149003426,0.15153580562971872,0.10622053082145773,0.03440110391693014,0.0628302861829043
0.13668536773627696,0.12770971406754145,0.11676580169586925,0.20046854740352327,0.05561217985399253,0.08375213375150369,0.030935969032590646,0.15798749285670355,0.09008279360199871
0.11130385260561919,0.11210582253382018,0.10586977220484883,0.09339872424175198,0.005092088093194905,0.14051176693278894,0.20466575168064452,0.11033447180529087,0.1167177499020405
0.08926490039235331,0.16156431235390897,0.1026724886272881,0.07640404090868157,0.061146653241647565,0.10568367772754898,0.21664801986412016,0.12623558713233438,0.06038031975211706
0.06427133541886541,0.12163777291252455,0.13731718460611178,0.13999287349593814,0.021611926266555444,0.1706922975570969,0.1552893876527007,0.1064561971964681,0.08273102489373901
0.10734067781890344,0.11340316002851714,0.10108528337194862,0.13514024864193067,0.03564564299050288,0.14716060799169386,0.07590111459581798,0.14108781446126412,0.14323545009942118
0.12436348694359134,0.10173464583933513,0.11316748172718023,0.1401222222525724,0.011593594838602353,0.19588284244138823,0.13154627019390971,0.09683563774052721,0.08475381802289345
0.15261260809229613,0.12597611873074402,0.13996830643220173,0.08624041889243794,0.1845538862579128,0.06863643594562333,0.03621944542529935,0.11615999352013022,0.0896327867033545
0.09977069460326944,0.12383402377018006,0.11779448970856572,0.11386974587108874,0.054253648048516616,0.07793230962108626,0.03885717395037661,0.17899412727698616,0.19469378714993044
0.1405094149264342,0.12540977297897396,0.1100931531494984,0.08687639827318788,0.08924033235161542,0.06634478444430156,0.029130915644161526,0.1503571065730981,0.20203812165872903
0.1083739094859482,0.13478672398827493,0.08400320455297962,0.0872648283858824,0.1951476802591623,0.054520863973999835,0.06409644977156655,0.20986620627618838,0.061940133305997715
0.09735492285018044,0.13971511983008972,0.1290845714040801,0.19918426431062652,0.12461016511923474,0.07970420458385363,0.0952143741389105,0.01468961498370277,0.12044276277932142
0.23223004550429158,0.12196515265684511,0.09445444653065556,0.07706744871453104,0.032140295086773595,0.16265553574434155,0.1315337121805401,0.08016498092990927,0.0677883826521122
0.1513337469251764,0.13300464526608388,0.1326563431495206,0.07034885669686307,0.09757503849883743,0.13040140029227776,0.0772527352729998,0.12820871145346627,0.0792185224447748
0.026962281752557726,0.09400172222861364,0.08625121908194326,0.24443247628215767,0.015929765707407954,0.02988205823147136,0.4495905203080222,0.002189511833389986,0.050760444574436174
0.08893707993974757,0.12580845889486977,0.11048761653620581,0.14413354940105005,0.02846315268844821,0.1274669631752676,0.2138532055882355,0.04565490687246654,0.115195066903709
0.07662539238656317,0.13847245911738196,0.11476905332839094,0.11704917513136921,0.0631112006573815,0.08675711914079237,0.16567515560566004,0.18933341514355606,0.04820702948890478
0.208974315658036,0.09447023695025471,0.08028349501226598,0.03197374710327277,0.11759916019288075,0.07092317799040114,0.036432069618459996,0.20404228237900676,0.15530151509542187
0.06365588777742305,0.10079832368132423,0.10687516894354587,0.15016498605590567,0.03802364672050873,0.21443341038243183,0.08407414578593275,0.14725639103443897,0.0947180396184889
0.0726197669596998,0.10435711920631681,0.12484293788949402,0.1248731964166012,0.04458604307802882,0.252628727016558,0.06690906122163538,0.10598924177148102,0.10319390644018496
0.09427129641058575,0.10603773516470448,0.10798806525980813,0.03419015726472068,0.0766454458804332,0.14807505778555277,0.20371282231691604,0.12657584117129858,0.10250357874598033
0.08685806587832608,0.16684395153203305,0.1916427393331698,0.10777508801096146,0.044183519179615105,0.050948753217562585,0.12402582495178537,0.11095149152213517,0.1167705663744113
0.10491872328580343,0.16208027055479768,0.15032534609431594,0.1491259394875153,0.04402777959951452,0.08105352279376145,0.18923332245193022,0.05098102945374299,0.06825406627861846
0.17335219597174598,0.10323782551613365,0.10552344707332102,0.1295272126606399,0.08606433835468653,0.13329215407831033,0.0811008995758681,0.0428325419404653,0.1450693848288292
0.14751566840249744,0.13698436607819708,0.14022415846606165,0.10730856183057687,0.15818048441294982,0.12802104766110903,0.07084587586389958,0.035683823286951556,0.07523601399775695
0.1575847054752483,0.13722098309638575,0.12314676270743181,0.06094584124921332,0.07278686085303177,0.09228000771165194,0.16852876437905198,0.04273490340297561,0.14477117112500948
0.25104089759897336,0.15399066576696227,0.13357042622956924,0.08888368576329087,0.039807209028857725,0.0939304721152062,0.07652622430475385,0.07383198372818905,0.08841843546419742
0.096801679072036,0.16401584213702922,0.1543996936020868,0.08500050123385734,0.018414232859072042,0.1058884369099357,0.1419146007016554,0.11397546969254756,0.11958954379178
0.05876761299858899,0.10303846571412202,0.1321860540675953,0.06939161195829137,0.17440892420793053,0.23495592644691152,0.09663276239893005,0.04425297042080039,0.08636567178682993
0.07092891154274304,0.10217572338668934,0.11965593721869268,0.1890330640829312,0.08298299154295442,0.1416221552179554,0.05358705624857193,0.17893007134195013,0.06108408941751181
0.1375168604718999,0.14794054726908826,0.12225073728013112,0.125285177863074,0.04284155392768885,0.10151811193356947,0.21281587950294356,0.031590171928987006,0.0782409598226179
0.21068961237413708,0.13255425092793147,0.13018996626885262,0.0845465250455068,0.06699329986825033,0.08623877312483817,0.062192191786694356,0.11685194625536964,0.10974343434841949
0.15424279298602644,0.11834434765886787,0.13480509272335386,0.06438906695335705,0.02271440367864047,0.14039650015421234,0.07873658085526414,0.19760959748839446,0.08876161750188323
0.06723427646032558,0.11262688130754323,0.11380069032273199,0.11982056092138643,0.07851162004925352,0.208985435239737,0.1194484007032003,0.08449216433612326,0.09507997065969877
0.15134053401452108,0.13592273004558686,0.12209964064760374,0.10999304375402595,0.09178233037755451,0.15541233837361781,0.03503917267113498,0.04664432620984215,0.151765883906113
0.13375240512903963,0.16350748191663964,0.16828191406550033,0.017399211204394433,0.12695150713513792,0.041952194803045406,0.12016638047833944,0.15018487759444396,0.07780402767345923
0.11752804468634943,0.15942336643423083,0.14221820787946918,0.09357758845004371,0.17283675424496767,0.04568940827129464,0.15289598774392746,0.03840116116726512,0.07742948112245195
0.11456538837426078,0.09100246902983695,0.08829549326271281,0.06863400615552928,0.10313420195977746,0.11639227622111527,0.03006574975454401,0.3065356162627304,0.08137479897949303
0.0782014908840003,0.09385029696453788,0.10755313083924917,0.1693833985649079,0.06684245042526053,0.14206015776046466,0.11501720867350444,0.11062502065890845,0.11646684522916673
0.0900328321037468,0.0979221031177979,0.10613607379054824,0.09215375698874646,0.2198886144132631,0.1834153355269773,0.028606713036573906,0.09770629004959058,0.0841382809727557
0.1478214349322299,0.11800776293710556,0.14371883919175057,0.1213468492435376,0.02442736877226742,0.1444719539692847,0.05088743543925491,0.12981415577811353,0.11950419973645576
0.06804334435586773,0.10780828110096607,0.11167558915649263,0.12869770710399836,0.10492871111988906,0.108056055465158,0.16033894783166663,0.04441084388567007,0.16604051998029148
0.05880209993260218,0.11719672908180286,0.14045209824142893,0.054885424987350405,0.015079476321761162,0.1019130853598964,0.12062851718529936,0.29693923549214757,0.09410333339771117
0.14188979178155048,0.09815225326729642,0.1237008471337957,0.10173184829077508,0.06290288258457194,0.14319264647516636,0.05874941450981735,0.17830171626750904,0.09137859968951766
0.13404405658736487,0.10987336099602375,0.11473039479243043,0.0830472502189789,0.10867261166740362,0.13462684164109054,0.040305252076289204,0.1406938563443507,0.13400637567606813
0.16338343068582564,0.1455970284258998,0.10723345916114423,0.09337322670064997,0.11496007625639566,0.08557221649930409,0.09102216740000113,0.09037009488241592,0.10848829998836358
0.18106873142381588,0.1092869973952002,0.10126315836551036,0.12970987267903766,0.035369456175618534,0.15282587340754675,0.07213294233714683,0.136157849541828,0.08218511867429575
0.18979071918280632,0.1026701940727043,0.11553105296234745,0.27435022021725586,0.0144894386784879,0.1410713115777711,0.0375166549794282,0.02134285961554667,0.10323754871365226
0.07170649476653874,0.10516582999396933,0.10699164855403757,0.07538003908222263,0.012842264387274918,0.07810121676880884,0.2361084958138616,0.21111200045016354,0.1025920101831228
0.19269026610539805,0.12299457276262371,0.10590364526310757,0.06116376365646551,0.16314671527801416,0.06008281430308574,0.03936313024001917,0.044865080115857485,0.20979001227542868
0.1441207164541379,0.15679226426424017,0.13160776723492432,0.06141550672758831,0.0195184855603938,0.09199828508403284,0.11599387840621334,0.20163214064994872,0.07692095561852064
0.18240588134127822,0.09928629408840424,0.10226880092742908,0.10523933774119641,0.059752855190662424,0.17820245127876577,0.03342998878466662,0.17172166613849463,0.06769272450910263
0.029978132645401914,0.09912349859357243,0.12638146455206575,0.15052045660876198,0.012994003960397925,0.15120507140107298,0.32372268033853707,0.06034330900131981,0.04573138289887015
0.09608927199916328,0.13757761232761842,0.14589639828267267,0.17697067567613267,0.005708500066019931,0.1401265571044471,0.13327115810082826,0.06864666472620719,0.0957131617169104
0.21788394900044564,0.1178282094708547,0.11595766450337862,0.09120488128457309,0.024232749317306495,0.07753114285063882,0.05109983590085068,0.13974445863901772,0.16451710903293426
0.12421031738025028,0.12668264626846878,0.12027153036412279,0.06489412872172816,0.2166833952377627,0.03512687140600795,0.06170757762718415,0.07650605471775422,0.17391747827672097
0.0630029617927366,0.1103965991056955,0.10888664639913075,0.09009261022003072,0.05509091065256455,0.09376599356029187,0.1859825748006948,0.2219073362684109,0.07087436720044439
0.10157186009093633,0.1505392786286741,0.15967444371700787,0.07357225733157925,0.03269215191432445,0.048823408026474384,0.1872146585785878,0.1743703866888341,0.07154155502358163
0.11298110630604676,0.12879506506465144,0.14217027406849178,0.2103062744965042,0.062467160718290414,0.08382234975646481,0.02966868261264832,0.06265176431886975,0.16713732265803252
0.07984561090089397,0.1699707056124438,0.12240763779319598,0.10320895609360792,0.11027173717982384,0.06961561098620685,0.1760255344738909,0.07900427853748901,0.08964992842244775
0.26475597919568067,0.09829371769116375,0.08324904548981123,0.0473357908054417,0.17875892729039225,0.10058414506525525,0.022520196948916927,0.07300879768857585,0.13149339982476235
0.05183791552828279,0.11692726133286385,0.10693466794509965,0.1186594792275818,0.021718354937583447,0.08323117442731442,0.35003663358042586,0.10601190772545106,0.04464260529539718
0.13474885870280473,0.10824907948230282,0.11942715853086837,0.14663057325590853,0.02325618540849453,0.2111559844338453,0.04673226994559641,0.12400598730628352,0.08579390293389584
0.09746333714879873,0.09570927090241634,0.11802622223617787,0.09515572777174419,0.036854817650036835,0.21138250674765835,0.09874661196573702,0.1394598501858281,0.10720165539160265
0.1448099321024326,0.164219417028401,0.129964484018921,0.19084159798252506,0.03735896647118015,0.044038286923522664,0.18923890430356471,0.02645168575665893,0.07307672541279393
0.11085236102454173,0.09409456929114006,0.11763744612621337,0.13211516762965456,0.02573175801771212,0.23118925876990237,0.16575244844352852,0.05011157594662007,0.07251541475068725
0.10655306178416903,0.10125973504443896,0.1000827211131826,0.2421103667299822,0.05982558564705207,0.18282533991885017,0.08874751013561476,0.03657574471963449,0.08201993490707571
0.14164669553900985,0.10212795853664326,0.1181592430022846,0.06578798439962182,0.020884541098940678,0.22406373982037267,0.11969583661420762,0.0915646033073204,0.11606939768159913
0.04963245534406632,0.10025916599447739,0.11234815148447376,0.07645590216023185,0.014942547416653603,0.09980827584817327,0.26684942894971925,0.22858707004489295,0.051117002757311604
0.18123801013573093,0.08186366562476154,0.08181738614823293,0.0799001980000461,0.23151094141693443,0.1521615709714739,0.04119528262987613,0.08703718900095764,0.06327575607198632
0.07460356736576021,0.10752561640137252,0.09024826148525145,0.03596829822100328,0.02248820001214959,0.05133484737517579,0.13850939165767048,0.3969432408294913,0.08237857665212545
0.1232608339024297,0.09591657920844036,0.10858390266666962,0.14836713922100506,0.05709009128028809,0.16611282685022588,0.028593510291136506,0.09236283885884423,0.17971227772096054
0.09886205540962274,0.09819006096490424,0.12074481861380487,0.17274911835394943,0.02780760573526821,0.1795031405531807,0.09575359869192689,0.1144611917181761,0.09192840995916685
0.19148236650271921,0.1482755439650674,0.10948803582821938,0.11011282823942727,0.05386482882187655,0.07166338388692517,0.052752991495026824,0.05347232811377639,0.20888769314696184
0.24049011540219004,0.1079750352636233,0.1083109175419955,0.06950458801688732,0.02327894976674076,0.13439392246228035,0.05296745421672044,0.16515544027614137,0.09792357705342086
0.15533328672800364,0.09921821967503208,0.10210619848938779,0.1427476415939025,0.02131728064062488,0.12236967444433344,0.04632658493834252,0.1887473956593979,0.12183371783097525
0.16965674339777206,0.14018711006602338,0.14642548546109999,0.05294973304446123,0.010145961799521638,0.12946558459656374,0.13918012415673217,0.1332856909121742,0.07870356656565151
0.11152408363062327,0.11181706042927331,0.09928847441699862,0.07903587748230771,0.01214804984732147,0.08837782505639309,0.20412869491175753,0.1408881019909397,0.1527918322343854
0.19018069282118621,0.10172340222787064,0.07471754776007693,0.05028726426220401,0.25720573082388637,0.06416196088743877,0.0692089899683865,0.03520932426931126,0.15730508697963927
0.24619625986807003,0.09386962042207438,0.0878073545959554,0.08540824533963544,0.18886636461038378,0.07921183435536057,0.1034444993174732,0.020909451069714157,0.09428637042133299
0.1406526830239276,0.159679109585425,0.15494427903255206,0.07122264443341154,0.01602314355048391,0.054863651105251494,0.16885573454928157,0.04888467052888649,0.18487408419078033
0.12037616953400065,0.0995906800507013,0.08821290693213175,0.06936309087497249,0.275044874209492,0.1441280769717538,0.04086684320947774,0.07607226089479285,0.08634509732267735
0.12543593184243482,0.10806915511304245,0.11128044392028469,0.1897063954353778,0.026416394125176587,0.11953767463711829,0.03782827533574904,0.15280728947751795,0.12891844011329837
0.24969127810200367,0.12286124287645518,0.1312796841255277,0.09101920869099467,0.04032406417486874,0.11186895279164592,0.061672894775427645,0.11801162519944236,0.07327104926363406
0.19756612421076802,0.12461692291758626,0.10397731613037375,0.14740716644133955,0.10288705542946412,0.10904698575351106,0.13762863564698904,0.027905870764487545,0.048963922705480556
0.0949421569773638,0.10157213945715443,0.11424292807355214,0.17816984629185273,0.027698826936183283,0.11175715523678065,0.05249945794264474,0.20418007157838036,0.11493741750608795
0.10011268767596426,0.14006289658698653,0.09526631244831875,0.2598044590066075,0.04123688942689161,0.07148625814989976,0.23705481729536002,0.006363883402226413,0.048611796007745234
0.14580416048891628,0.12735591006596506,0.12777251503359374,0.11034948446383702,0.05520578476892914,0.1818848600683329,0.07513707429818321,0.037536992124179866,0.13895321868806276
0.10058349540161038,0.1316059852262137,0.0982349899161662,0.31476440077220563,0.010929224468476854,0.07489856822213882,0.20660727276831725,0.02434204014496211,0.038034023079909066
0.17095961529411122,0.12919041438691667,0.1403088138908281,0.07449113065165604,0.05611587502260177,0.06514225373100997,0.047251249342565,0.2120583475582889,0.10448230012202231
0.09754280580705581,0.2350303891562466,0.1767789793442156,0.06877162740711391,0.022774526167036485,0.011687695458821404,0.1996741706840035,0.044175176831442335,0.1435646291440644
0.13966486385822954,0.14723676033393165,0.09552522446489446,0.06488175274601328,0.13687236568970998,0.05714738964696372,0.11300847275787429,0.07391291084884045,0.17175025965354251
0.0962245609074902,0.10801643326802375,0.1142140941751274,0.1577557987936774,0.11392450461071046,0.12999770123094231,0.06886647226034674,0.10985777416558547,0.10114266058809633
0.07898359208453166,0.12700313881104097,0.1034352251881247,0.045080252829407835,0.1256211641852569,0.05379737867483644,0.12041532443077523,0.2404195838622669,0.10524433993375944
0.10812067194751429,0.14392612839122712,0.13486780431931292,0.09132299524783997,0.0489697487550369,0.0833916348401958,0.19916297626018795,0.11841305276107998,0.07182498747760503
0.20050578273351904,0.10511366052917699,0.10544495911307587,0.1603078144025992,0.01819891389578297,0.1595267365013248,0.13447947073756664,0.024290217036364543,0.09213244505058987
0.17382816778258034,0.10000296169998064,0.09561323857555415,0.09542365868531094,0.10817523426655702,0.12016896605462941,0.025513114119360247,0.11708486858296134,0.16418979023306596
0.06127644753431535,0.09078144151558509,0.09660355880906558,0.277587342104977,0.07908479601028627,0.214384953038301,0.10125123561926475,0.006041698747611489,0.07298852662059348
0.11041679372098277,0.07993918451783566,0.07827537754297269,0.1079947351462192,0.2828888762152076,0.10199714441034259,0.025280639162656503,0.0922127410391579,0.12099450824462525
0.07433959834112852,0.13962512802359636,0.13647593515776804,0.1557851814828949,0.06217294892697852,0.08300723495188711,0.19777385572323217,0.05752630831289951,0.09329380907961489
0.13445108704017553,0.10836099004325613,0.11293307954342385,0.1170695394009173,0.10600468480562449,0.14563802397140677,0.05833243678252048,0.14483256123828656,0.07237759717438887
0.10824986170876244,0.15295701446594656,0.1275681892164286,0.1556150048998244,0.04543393706078288,0.1416638088999959,0.15968368379971562,0.036616220781628434,0.0722122791669152
0.1927123466225135,0.09623770789165971,0.0983914489485691,0.049762808714702095,0.16383828843899376,0.12185672732887419,0.05786754759984952,0.07936272619199514,0.13997039826284305
0.11070405202519813,0.1285798601311597,0.12349193653144386,0.19945931345703802,0.04965002840777146,0.14971435597960622,0.10275640876349794,0.05924214108801144,0.07640190361627329
0.0723534317739887,0.09854089768682267,0.10379857780669834,0.08779545923061871,0.024569925347455227,0.17347115767837004,0.18744094283810178,0.11407228462405794,0.13795732301388652
0.12881901581893573,0.121546795054066,0.1316610913130728,0.09323879442735476,0.09037408180116542,0.08129190353193615,0.023608321451673558,0.09608715530272238,0.2333728412990732
0.11080662891917024,0.12305868641065591,0.11219335148375707,0.08056692092348706,0.04000967584433854,0.06174067721609283,0.06794134891509886,0.33973020652890445,0.06395250375849515
0.14042153639179525,0.11543198214744728,0.09362559779977749,0.09134931542747023,0.13962768524008587,0.08823631021017364,0.11020609351438311,0.14606088451992194,0.07504059474894507
0.056871062912938176,0.10728062737870588,0.08593096681714174,0.04032674449488204,0.08363631698360251,0.04658438934424241,0.0658159915296247,0.42616393451347734,0.08738996602538529
0.10481858041752058,0.12318742855175335,0.10843271413403878,0.2255793189534326,0.09404906728195034,0.12833752481363553,0.060094568305693846,0.08184569545371358,0.07365510208826138
0.10363772654714531,0.1376565350153357,0.1060105067712462,0.18579886837443393,0.0864514789796826,0.08618692305037419,0.13209669101923968,0.09825343796374376,0.06390783227879863
0.0749427167168722,0.11167616078560605,0.10561245194510811,0.08987671799991137,0.06095441304409068,0.11006696228765582,0.08332259594825553,0.10341822732941684,0.26012975394308335
0.1672942188656392,0.10152525712383348,0.10339569835325287,0.0692867531683835,0.05765929762351493,0.16992692574952994,0.1106106348647727,0.16595461363465144,0.054346600616422
0.1020088565221534,0.12369283656830315,0.13613657693735642,0.25359203314291007,0.02127644841249782,0.1402445648375198,0.12953099051170322,0.016385350858418215,0.07713234220913796
0.10269642684826781,0.11271095966593868,0.1331188368103493,0.12352056362181824,0.113586995210676,0.07414096372781219,0.05515220850693292,0.21194608226102232,0.0731269633471824
0.15058670936151083,0.15662901299259535,0.1281570057229975,0.11105524207497204,0.0996690097804484,0.08275922532661435,0.122500482611279,0.09750339937254715,0.051139912757035284
0.19621531070963327,0.07765585603405889,0.07368545436071798,0.1434308568279058,0.00885588512141927,0.2676071376766245,0.1572903923704638,0.012489850808693019,0.06276925609048348
0.2051362187146802,0.15379783485497733,0.15388692300365042,0.08217229195885993,0.07479457380441502,0.05992893561913715,0.11761136797006627,0.060933138613819444,0.09173871546039421
0.12276480022873033,0.13884477769308737,0.11541726637556358,0.12069120978209062,0.06833049016456251,0.15161587118093914,0.09920720663381255,0.06262873914841176,0.12049963879280212
0.15900712849571466,0.14088265814250886,0.08372128056533483,0.06949441323886028,0.16351213732090275,0.022525786105010225,0.12941907342498185,0.1878384246370249,0.04359909806966164
0.09016541861751136,0.10997055825358883,0.12180758069523516,0.07991801258220627,0.11967263213841972,0.06708080012068375,0.07446495348601047,0.18829674128042515,0.14862330282591932
0.17667447616306006,0.1195056681974338,0.12388954249079658,0.13864096499791778,0.03291051558002578,0.1644932629522895,0.04692820831473556,0.11941351708232843,0.07754384422141246
0.09044423211593809,0.10355675361409288,0.12020141444458939,0.13099802853683673,0.09444189818785542,0.08635759468150224,0.10821967285141904,0.1154230462160396,0.1503573593517266
0.17881761865222015,0.11418623915533345,0.1186807155492446,0.14152551949603367,0.08707777248711097,0.1597993526720334,0.041633143835307064,0.05066963243400666,0.10761000571870989
0.09460701772633891,0.13144757562852227,0.10602875806847349,0.10655261605791044,0.13988029031227378,0.12353747952539536,0.04914591336599178,0.12614946147507647,0.12265088784001749
0.09259707248287863,0.10224015339268443,0.1346940144135499,0.17035777712974154,0.04968347434490968,0.15467020962493683,0.08799680126868019,0.0921674042922298,0.11559309305038902
0.09001063651893136,0.09176397113261404,0.10725887661227834,0.064483627678725,0.25824299785109733,0.08076460020323178,0.048264099004120625,0.15528260737243,0.10392858362657154
0.1182819577021349,0.11504511111362441,0.11358195637686268,0.0719581129922645,0.0988476342923727,0.12930271932957074,0.16461517889805752,0.11563805775235282,0.07272927154275975
0.08724597553047554,0.11230121058889803,0.1331699102344129,0.06126892844693816,0.058017385207525064,0.1256377128094138,0.07630021861447024,0.17533146934583663,0.17072718922202967
0.16556076589603966,0.1080973728491842,0.09251609399117762,0.06390592454665212,0.22915319578994564,0.12396919992025117,0.07290601258904801,0.043783689554706594,0.10010774486299497
0.12169924404198616,0.18989576871766614,0.18187469549730828,0.1604733801513294,0.08115799055298395,0.044702178501297214,0.059458574440263666,0.04003314677157687,0.12070502132558836
0.22824433465687555,0.13939593190106317,0.11632209552970711,0.04310899295734327,0.06878801282065766,0.11145395129317515,0.13246098282559193,0.060036983057957315,0.10018871495762889
0.13383117932381247,0.10947285706324801,0.12034750334162085,0.11090286775559223,0.024504633674846944,0.08526848563945129,0.03654128134430402,0.26924102282007356,0.10989016903705072
0.13211740119691942,0.10078385039297727,0.1124741008184846,0.13211478131570287,0.063705330780272,0.18577378638175426,0.056932067577730984,0.11336503450177822,0.10273364703438037
0.12509864409715338,0.11770996557869147,0.10688451889265965,0.1484943576508988,0.17934464512302437,0.09975479168145433,0.05442262815800707,0.016517441594008156,0.15177300722410275
0.12267370684408659,0.0985557512488139,0.09064463179705047,0.11186719803718102,0.08148873445217093,0.10135351560622034,0.047717856478354304,0.15700671594194984,0.18869188959417257
0.14041554878357795,0.08957467672718754,0.10149568391376342,0.14233000212880614,0.11805968071821726,0.09195110939065872,0.02591646939466259,0.09305442078442568,0.19720240815870071
0.1577647452288823,0.13423402238373708,0.12322100550831205,0.09787474348991616,0.10368432405280752,0.16577792865909946,0.09463702596982985,0.04408853867504198,0.0787176660323736
0.22092291788558907,0.13865740043094668,0.12287173614378617,0.0662515980739828,0.09496895516061377,0.09271810040580453,0.06272717807077272,0.06754803228772986,0.13333408154077428
0.07511586291273038,0.12935305942910616,0.13594418373602943,0.1452465047879182,0.018038322157105463,0.08133344753341328,0.07393921575390837,0.13668706167169442,0.20434234201809431
0.17666294408532393,0.11630535593123792,0.09104683926079393,0.05640842203123884,0.1627028197666582,0.09202107936029617,0.06090006211284321,0.18332521312908034,0.060627264322527484
0.1314230563542558,0.11160093841355555,0.10129530927444357,0.09619170076870236,0.03219030296211219,0.14992838372666586,0.10524685016511692,0.19413458244495996,0.07798887589018778
0.16925473950627226,0.13116632527797065,0.10922547288813032,0.0862701492003836,0.05949671843107413,0.04929551197205823,0.1808561480020662,0.08008603914649103,0.13434889557555355
0.16071131891350335,0.11079861220965954,0.13198376254409702,0.09197806031171589,0.026626338833629363,0.1521620501468436,0.13265672527293343,0.1359868791137647,0.05709625265385307
0.13635555196593407,0.13943632903034092,0.12802251810751702,0.09131613922927569,0.0321782255843836,0.08673611287804661,0.12865615262090271,0.1439996056737213,0.11329936490987808
0.14952047705836027,0.13078823841706522,0.12160708061314413,0.03275222367728778,0.11142460551671823,0.13036341449220454,0.11731007024822371,0.15237171869061658,0.05386217128637957
0.1674079963669696,0.09683876206022779,0.07461184921858278,0.031429802596126384,0.3818692881792158,0.029157602933990518,0.021146227275208856,0.061891146777935446,0.1356473245917429
0.08547843919412572,0.12481726696567723,0.12331414649967692,0.048845579331273835,0.018892408129804705,0.08216716793731293,0.120104186935325,0.3281728514853007,0.06820795352150304
0.1295120022161775,0.11132248080225078,0.11328789795898707,0.11158916063295843,0.04113892358533667,0.1720197109097749,0.03948995082279232,0.14209841414792249,0.13954145892379988
0.07643874308101312,0.10013694574413651,0.11023136350606655,0.182744993360461,0.1509613555179731,0.16597980416270539,0.02281271069718416,0.07536137505816586,0.11533270887229437
0.15414898013549286,0.11861793052607095,0.09490167140487937,0.06075665344167399,0.06471643651851856,0.09550606704814053,0.05858247403862273,0.19935471542965608,0.15341507145694486
0.1669724536754594,0.13073279978460273,0.12660010497540422,0.1006121149805974,0.060570576319416924,0.060379160486189215,0.10994838838087129,0.07891685560412341,0.1652675457933354
0.12525833812417247,0.11374269482811226,0.11875181884057207,0.08357081877432739,0.08134432990820273,0.12007652247693645,0.07772559544594916,0.18331243966222266,0.09621744193950486
0.09673048363235,0.1176158321154301,0.12488870184282898,0.08731941122154158,0.06816212736846135,0.07106795496798228,0.10239800555065387,0.2693882938546907,0.06242918944606102
0.17530493236859876,0.12958707225155972,0.12140370779754413,0.07073089414911159,0.10455018094468616,0.066675315682588,0.06474546632234712,0.1723727827453826,0.09462964773818199
0.09221544251879558,0.09736610652278353,0.0694395826198081,0.1384371405620017,0.34716385366079217,0.03196398155159572,0.042415965482183404,0.1459677587441898,0.0350301683378501
0.07905107089829093,0.14438755508034254,0.11836680446321086,0.0756804854880447,0.06790775758128247,0.04521720974264587,0.10436053730150797,0.19943242056163413,0.1655961588830405
0.22300117543365774,0.16757895707619067,0.12374241593190895,0.1121841949727377,0.03291005612884712,0.0655002480859844,0.0772336071526067,0.14271832429406325,0.05513102092400347
0.16955484132714047,0.12336541473830764,0.1258576275716525,0.1508764335954063,0.009935516922021971,0.11897359399188899,0.07818484811705953,0.1556165496089358,0.06763517412758675
0.0860499883152067,0.11757484066206125,0.11851870675293326,0.12122054667582133,0.05818717757794539,0.1856463881375354,0.06773733722963117,0.14413294947051505,0.10093206517835045
0.1735509385393816,0.1478951305493311,0.11679220718240875,0.08034693304722444,0.08211517461584085,0.09464882871513443,0.08455260172101912,0.04562024586862839,0.17447793976103135
0.11739181491894728,0.11062269156975822,0.12859232046517893,0.10116126611244132,0.05416643517503567,0.20117768033438313,0.13205542238515025,0.048373010023534856,0.10645935901557035
0.09903569482468717,0.11340088154278956,0.12256456084913826,0.05372925527944388,0.012532422802865166,0.06616183721288124,0.049174598946714006,0.419533938070432,0.06386681047104875
0.07352175191589906,0.10669619330869844,0.0890954478230563,0.09321996353401575,0.07525362351841892,0.09545984727378831,0.09471977748604064,0.1826319954518091,0.1894013996882735
0.09408248710116092,0.12199625405591197,0.11023456787391918,0.07032267521078,0.0752228400338764,0.06396563610945721,0.11559488819305347,0.15667563036166804,0.19190502106017274
0.08854525299920944,0.11080084357750634,0.10517421468138266,0.16460636079712337,0.041167370962988385,0.21340893824818222,0.09843122187691718,0.11098338336869536,0.06688241348799494
0.06247650551012391,0.08574288316600005,0.1087464843750841,0.1735981789299806,0.039861109857249,0.10529191893146513,0.04962160498056223,0.21101436790589986,0.16364694634363516
0.08155017164152321,0.11086622908619374,0.11110444523157903,0.16128889254277096,0.03384856172956649,0.09845641796029614,0.09171356072609864,0.19152461903899795,0.11964710204297378
0.07739773728935742,0.11025310707710632,0.16121291395014384,0.1469648362773073,0.15945291501668396,0.03007829455472162,0.25655339209499767,0.009611017007171251,0.048475786732510705
0.18827742029335148,0.12762175173943327,0.1351624220552843,0.1260992971700716,0.024622898221210204,0.1321615563166991,0.09518228887217606,0.07595145728935865,0.09492090804241533
0.07494911047316455,0.1310097251943456,0.11626257107204613,0.06476757282157018,0.0519074895751773,0.15535231766916982,0.10516401669901014,0.23831287899779488,0.062274317497721304
0.09139016749324679,0.0953677263256791,0.10216268975142846,0.06934634595187489,0.16790375597368176,0.16207922342672562,0.03897363486554257,0.03610692430431501,0.23666953190750586
0.08535397037286759,0.14014706407617025,0.153709107513864,0.06732866511080125,0.03234774136524538,0.14544479190240725,0.0945443002199573,0.1828153319082054,0.09830902753048154
0.11292448985812081,0.12164083974026539,0.11916119695287979,0.12348829696157144,0.17322006249234834,0.13665667378660687,0.037401054275977126,0.09489869480943673,0.0806086911227935
0.12469071063870717,0.14256635016992825,0.117189100961753,0.06074110194141274,0.11586792343304632,0.07610777486300645,0.19433942394433176,0.06526488100879495,0.10323273303901946
0.09860866093150755,0.10623162582266436,0.12142983199527564,0.11439055091664825,0.027424959683725044,0.25859087276996656,0.08692821060129297,0.07615651546972646,0.11023877180919323
0.1566774770819321,0.09436022815726657,0.07020736781483354,0.06051922064221915,0.2618417869588621,0.06395743690653534,0.0376120599110104,0.1283280106420239,0.12649641188531685
0.09205719996711159,0.1290197921691593,0.11196999751282398,0.19374876956430856,0.05262224682688329,0.05017625666360964,0.1198705796963029,0.17425430926723054,0.07628084833257026
0.11384306635358214,0.11028279283976976,0.11669504857477553,0.10200433281784373,0.08947637663095327,0.09837257337130713,0.03684320092756115,0.18734267503576488,0.14513993344844245
0.117629467239046,0.13559485797071386,0.12610529650791605,0.12279995151890928,0.021287751287902196,0.12638331755027166,0.10982432783855474,0.07550480330146521,0.164870226785221
0.08405005973989384,0.07507947392395993,0.07063753464634771,0.052630316660029465,0.3719293690273186,0.07173213189873807,0.025605637996423708,0.05956989759131375,0.18876557851597486
0.10071930427274096,0.10331369676051745,0.11731713422396527,0.12527204608037498,0.105147876750618,0.17355137584127064,0.05653387440887481,0.06069362776648377,0.15745106389515415
0.08016341166882326,0.11744300964438081,0.11349174547374323,0.06997530838539001,0.029621013564800847,0.10741431565230704,0.09964475314431674,0.11276010296847662,0.2694863394977614
0.12496441743154474,0.10770738020820947,0.08680937226470463,0.07288861056440983,0.04754598795308618,0.06620081829569803,0.14685439722059815,0.1274048297398743,0.21962418632187466
0.09637965148611871,0.11840489255365459,0.10872257170904893,0.08267160663321287,0.03359409402451135,0.0748553074393289,0.1689761193352691,0.19267926587043158,0.12371649094842398
0.08873833751264588,0.0998327706711196,0.10976210137927499,0.09308416883390501,0.06589686291149224,0.14287430444587815,0.19649374381972898,0.14653415557343638,0.056783554852518875
0.16013984536872128,0.1420055846520629,0.12967194701001816,0.14111147804852298,0.027657649586473237,0.11540992847616909,0.08304240809076474,0.0954812852767412,0.10547987349052636
0.12020998447228091,0.10686572986664422,0.10774249335611374,0.0485246604291877,0.3061060250255714,0.07011315160417718,0.02906563618386442,0.10219286144751853,0.10917945761464189
0.06874766014973326,0.08766206216316776,0.10189267058362117,0.136270261207625,0.06169237678883072,0.1271157372839569,0.02962995496346973,0.23640895778037052,0.15058031907922495
0.06475760390546072,0.10975801663768286,0.1104989610702588,0.08473328314896732,0.04998851317048684,0.1350998019806882,0.0782541744607828,0.1796961410406268,0.18721350458504568
0.1703648446212435,0.11864379172592804,0.1101216791810674,0.10460618471202138,0.1020552178417391,0.07699189644683743,0.04554237917344106,0.21596794242938977,0.05570606386833221
0.1770241435660247,0.09932217953167483,0.10423474541821252,0.03552477176350508,0.04561029243100168,0.1351552262586093,0.2599910653919541,0.09176167979137928,0.05137589584763852
0.08955714572609179,0.10234505561170883,0.10782628943854895,0.1321127134630434,0.08846627212428716,0.21359659552884014,0.11555684704425422,0.03677262683661493,0.11376645422661058
0.1819006697842179,0.14881289272538123,0.1333264209720457,0.10183931667103224,0.06949581092871256,0.10379100880460017,0.0317767221655146,0.030514375377150113,0.1985427825713455
0.07974225294376412,0.10716170434265404,0.1305701288495674,0.10308117669617349,0.026436590092355956,0.16047970201309686,0.1754651369938143,0.1331634287475101,0.0838998793210638
0.10553903358473793,0.11522860305584215,0.11345759523419781,0.14520794578400462,0.023528050436928964,0.14810521399617663,0.08244319349212689,0.06512058500226896,0.20136977941371614
0.12121903675709049,0.10556326209940547,0.11732962956796354,0.09054050602359658,0.21472501877753222,0.05077808199351554,0.056934392811574336,0.1751581246178681,0.06775194735145375
0.09536341951714307,0.1040220244832723,0.09762054073633976,0.0586922257018587,0.1363613919860642,0.12505541492959046,0.07990686664513663,0.18722813318808193,0.1157499828125129
0.08685015996990224,0.09744409105917738,0.10062740976199254,0.16041545748828862,0.13089777875077976,0.15038966026966397,0.04535914504887225,0.029997786419336425,0.1980185112319868
0.18948702433375056,0.11724961506485325,0.10605785330753396,0.07337015779963468,0.010916968128150526,0.0918134221413035,0.05874663056529562,0.2282542060312572,0.12410412262822068
