0.10253136352934433,0.09034320319675955,0.11147416897306704,0.1637552871675456,0.07018473538722965,0.11977178133613275,0.12155309244149133,0.11429334398716295,0.10609302398126684
0.06832650068268753,0.15404037798966128,0.0894986994667429,0.09755811688703055,0.10815128678995667,0.14901588752954872,0.11542758363544074,0.09813286474513892,0.11984868227379264
0.09472372233354397,0.10352288202445858,0.10826721504922822,0.16918557831330824,0.060260909012609276,0.1315370660919147,0.12027561998803032,0.10076995596817791,0.11145705121872877
0.18740987077117696,0.048866047685377834,0.34355809461011577,0.05857060971064953,0.04351380973630952,0.05280694707040747,0.06980416426911033,0.054394907959276005,0.1410755481875766
0.07017489848377866,0.15400504357500203,0.09175406743199228,0.16905448504667966,0.04246490594053246,0.16828635932949973,0.11216752749838628,0.06881443733706956,0.12327827535705937
0.13487157573105357,0.07685061830424307,0.15451142501773305,0.15144673323729085,0.057805849930638,0.0948583569548287,0.11466891112703026,0.10413220573661246,0.1108543239605701
0.18138053120390576,0.05668711250114459,0.3077956263943395,0.07162365745521039,0.04581998590099531,0.05846578115345813,0.07898568491078857,0.0644000710016977,0.13484154947845997
0.07838832414535464,0.1361099858721521,0.09233567121174198,0.05646592545416585,0.19131455286352447,0.11233271803453009,0.10697129769223106,0.11050272072600374,0.11557880400029609
0.10948449466859743,0.07302121955345386,0.1072056190606211,0.14120484299467984,0.10693605813662603,0.1014020560851635,0.12137995121769814,0.14408405064325006,0.09528170763990995
0.1356779353078252,0.035518234109899176,0.10050926113757601,0.07771203103833622,0.2319262117705592,0.049331918801842845,0.10296219113544221,0.20287270315013903,0.06348951354838007
0.10541098768898188,0.0641818052845562,0.09327065282570078,0.07050243310945481,0.23229755184437892,0.07405836755882379,0.10637615254840095,0.16786900799269336,0.08603304114700931
0.09479521696022965,0.11000601086503951,0.1113424162210569,0.17356724937720747,0.05149834443488282,0.13437424399107334,0.118156918289636,0.09013601979791475,0.11612358006295949
0.09814240744943448,0.10272963274734376,0.11258789890078595,0.171407936787745,0.05625124204803796,0.12912282669730205,0.11943625971393779,0.09734256059401379,0.11297923506139927
0.1275499412912559,0.11127151436862391,0.18688332838568675,0.1325262003498755,0.035815471559462304,0.09882785813607105,0.10209855132090247,0.06228094174187049,0.14274619284625156
0.10505412969484874,0.14751626598516712,0.15527747388603366,0.1436274330318458,0.028229831052206212,0.11866624119056109,0.09983307881609359,0.04864008541572066,0.15315546092752316
0.09788057602042068,0.10363723619825316,0.11268314014954443,0.1718015422827431,0.055400510581894685,0.1296879295112822,0.11923201227592271,0.0961880138830352,0.11348903909690385
0.13606848136559402,0.09707390265735573,0.19285363083603083,0.13091096803543614,0.040432418515574726,0.0929074833631544,0.10363571197207176,0.07102506822560721,0.13509233502917517
0.06393175414089673,0.20867659650593554,0.09860426428235643,0.013602904483430947,0.27973424612966497,0.07983722332211629,0.0811492220001609,0.06295057133260093,0.11151321780283718
0.18358609789306338,0.039430569758455776,0.17517301460640508,0.1086022518801842,0.1013557210128546,0.058326806638700074,0.10381640296403556,0.14729749365193598,0.0824116415943653
0.08138119728683947,0.12686678107033555,0.09960236880989581,0.17076607844515865,0.05133254039291937,0.1505995086894172,0.11728761977550663,0.08461899192907972,0.11754491360084761
0.20688030926293746,0.02053447925167584,0.15259028786581783,0.07219574303042318,0.18106465407451225,0.03582961938328147,0.0899021766972599,0.18849369715204842,0.05250903328204363
0.061018959648307745,0.1745402210958822,0.0848287160394877,0.15602979627263844,0.04403124359582397,0.18072403483335706,0.11004332306949945,0.06500964331568833,0.12377406212931508
0.07255350150651678,0.14334223836517226,0.09079274399300626,0.08922115628464601,0.12708094481627788,0.13804283920442292,0.11500877597953929,0.1059175549318467,0.11804024491857175
0.07499460027609536,0.12958629772887684,0.09296326204759021,0.14408851653235866,0.07479807092824217,0.15096322004810683,0.11956690952802007,0.09876510906568368,0.11427401384502618
0.1231674842522279,0.10444199200382547,0.16343952582584423,0.14941075481835142,0.04035368024554866,0.10569399946528013,0.10857566646962212,0.07318609156697947,0.13173080535232065
0.11655113179380437,0.07990813245497959,0.12391615184121647,0.1619604611092242,0.0688063305996102,0.10697734820199974,0.12029675355693514,0.11728491593815916,0.10429877450407112
0.09204459388204307,0.09324791212582556,0.09826085733015312,0.13142276945407472,0.10998214889180281,0.1187453057061505,0.12139222546712429,0.1316474674417717,0.10325671970105428
0.15310052902280571,0.061926520890528185,0.1687469538391162,0.1362632897416806,0.06804330717977783,0.08014291508708205,0.11175025233253362,0.11735750333603727,0.10266872857043857
0.14112506198195873,0.09444130037091465,0.20727113831769017,0.12208638212045926,0.04015741141367852,0.08793033400462957,0.10076829280544468,0.06906297246502195,0.13715710652020247
0.03740796971105723,0.3187401528199427,0.07620382279057543,0.048876415446883335,0.07057674599511968,0.17996631304851818,0.08946106927742885,0.0462858988028309,0.1324816121076437
0.11457116845228325,0.06518888548903473,0.10646076421470112,0.13078050798361743,0.12560617665463403,0.09157282451825972,0.11961979711042188,0.15599608648934485,0.0902037890877031
0.1533058200854114,0.06511725091587378,0.17726698626156692,0.13420924643174575,0.06255022631796993,0.08084231382364163,0.11018274260064399,0.10929392510081638,0.10723148846233022
0.14138916891996156,0.08316952417506651,0.18307224575957812,0.13694024296378027,0.04819801181520832,0.09020153730495005,0.10798906244098745,0.08637200476190915,0.1226682018585586
0.1047303140299578,0.08679347985805835,0.11208266366921778,0.16166454756291246,0.07367815476753425,0.1163824132885498,0.12175336608079224,0.11849806949005864,0.10441699125291863
0.06609345769498548,0.1890472549538763,0.0910380458072478,0.04583305771587068,0.16836047379346974,0.12585457520379553,0.10252599046520568,0.08608864372056356,0.12515850064498527
0.09003336815524136,0.09651472356932789,0.09738889808516395,0.12961411810456816,0.11012162780762506,0.12109256050960789,0.12123022380319741,0.12957147043759473,0.10443300952767365
0.08200607691593054,0.1160156014829858,0.09716512916613086,0.15432585078158978,0.07199440296136102,0.1426775603207173,0.12075802450312334,0.10346752748919086,0.11158982637897048
0.16296632598466365,0.0511813283020127,0.1644768608504577,0.12798839252048463,0.08398250732930103,0.07128987564610147,0.11065777030668926,0.13519894856672066,0.09225799049356886
0.20100678635161728,0.03770120723596489,0.35124800515892446,0.05480560531982486,0.050386131580178344,0.04789717515185498,0.06702262897025639,0.060748318661236866,0.1291841415701419
0.12185679707154003,0.05393901185129631,0.10418880916772555,0.11215082067049087,0.1615723292433366,0.07612406071989884,0.11501077429538893,0.17369397721105587,0.081463419769267
0.09992510692213423,0.11304270858879899,0.12069462369621486,0.17334053230998916,0.04448712242516046,0.13041305963012953,0.11529068937137114,0.08083829179946113,0.12196786525674046
0.02475443654064886,0.40122512121374276,0.06496530581383632,0.03752202723689917,0.042078272454817274,0.19431645752649282,0.07208286221822939,0.028733261225035375,0.13432225577029802
0.08921530746444385,0.09854437816730921,0.0931391337229156,0.07866426812030153,0.18358637601336525,0.10353537464035385,0.11237843194851131,0.13659561520193716,0.10434111472086227
0.14045136188534377,0.038081339956823806,0.10715770991428553,0.09493038791763792,0.1948162428270662,0.05569562195733386,0.10753313364693014,0.1940201340605273,0.06731406783405154
0.10247665782944608,0.07167855811209874,0.09378780206816599,0.03266902878289323,0.3130503979215879,0.06165032145994582,0.09159627980650543,0.1463360207386454,0.08675493328071145
0.10574219260931204,0.08047711414450047,0.10859831825394693,0.15161367966117886,0.08969708370871038,0.11017687785816517,0.12216561789868459,0.13164791186285352,0.09988120400264788
0.028863000528526545,0.32877694690535136,0.05885849095791563,0.09334428076638568,0.02183994301881834,0.22772850645389572,0.07744145863432463,0.02639961395877959,0.13674775877600254
0.15624669127161397,0.03795819294752662,0.12363305629872724,0.10925008320980062,0.15306425255758904,0.058127706120882416,0.1092215168957225,0.1819687681059908,0.07052973259214675
0.11127535065565114,0.09014229470059158,0.12441953207143613,0.16750349678628076,0.05837564385747871,0.11505466435719185,0.11914504358163507,0.10344580903842555,0.1106381649513092
0.12622043472635794,0.05212035421429149,0.10727493782149118,0.11628821361795745,0.15365272527408935,0.0749628416524236,0.11531025744018109,0.17350754391989956,0.08066269133330838
0.2222210945105629,0.004425767244845887,0.4759396697483019,0.015285835251287879,0.05180696626162062,0.022872545072172044,0.02746835573675009,0.019084120818534705,0.16089564535592402
0.08322023403020422,0.1111011221937479,0.09331200103244436,0.09985525959781283,0.13818930128162318,0.12209313948633,0.11741695199675535,0.1254850376427,0.10932695273838215
0.11591126109088674,0.06048515047489029,0.10352767235747207,0.1181375460643363,0.14867238672997693,0.08423858576174638,0.11720841293754707,0.16553153951294344,0.0862874450702007
0.13039258450713231,0.057019998224187816,0.11824521586486002,0.1365145157054204,0.11282725788375292,0.08302040224403216,0.11842547926700804,0.15644389155606492,0.08711065474754141
0.06039762861649178,0.1816440060717278,0.08637488387066138,0.09682780587279571,0.09062537767278994,0.16421500054560237,0.11257237004004939,0.08355751946010669,0.12378540784977494
0.07301643682910437,0.13616795589861996,0.09241531857635225,0.15261614825287106,0.06384516432808923,0.15731894686989753,0.11822095623451667,0.09024106429769678,0.1161580087128522
0.06700220003962827,0.19657566616246794,0.09304854229337906,0.16615632626264856,0.023455367635521408,0.17145832568447897,0.09698216809115674,0.04045223456213771,0.14486916926858137
0.09407146474709405,0.09562265975958895,0.09830252901859175,0.02057901861235389,0.3375293069749672,0.06364473691188201,0.08594982764636006,0.11116970183739446,0.09313075449176766
0.07797812693899205,0.1610531333058252,0.10275543719355396,0.1735261259419333,0.03060358906285318,0.15846834076140395,0.10572732797392353,0.05402572358295365,0.13586219523856116
0.10696998014451646,0.06053537037439841,0.09206090648810461,0.04788195237343292,0.2825977486509657,0.06222633745094847,0.09754296272454967,0.1679871216834702,0.0821976201096135
0.07855408811175195,0.13094242412670723,0.09203607555984762,0.0696050505975544,0.1694574154469449,0.11886866897154806,0.11100466352832017,0.11457454434455944,0.11495706931276624
0.19993930473537155,0.03334036991260432,0.19253950988097931,0.09372775291313579,0.10748947070922758,0.05114813311677565,0.09677571610039126,0.14638329751057053,0.07865644512094401
0.054158226032095136,0.19806304496692695,0.08179639868982698,0.11935034534405464,0.060197437065407915,0.18406702762274998,0.10953674882292876,0.0683333387649346,0.1244974326910751
0.06583506472843714,0.15541260949867955,0.08822036984098496,0.1466777548738949,0.05950622649923065,0.16872877260193206,0.11545269571735457,0.08077175916220539,0.11939474707728075
0.0902913643772521,0.09524230400598625,0.09632385063478506,0.11951497121542441,0.12392562843170175,0.11703940432954467,0.12014324636592001,0.13375735922414775,0.10376187141523809
0.15848002256760116,0.08112204627074043,0.2613357134782874,0.09253612290719765,0.04008277041456431,0.07223348303420861,0.08926130701630912,0.062408892736594036,0.1425396415744973
0.08604395231099844,0.11146828367765294,0.0928274922316835,0.05334978862592413,0.22274296140703653,0.09710066861806832,0.10490012027387817,0.12401528201006466,0.1075514508446934
0.11184453871653899,0.07895019644027694,0.11593721854937034,0.1583897909473172,0.07846242530751116,0.1080554728165008,0.12154062972525055,0.1255745890832371,0.10124513841399692
0.03820397461455834,0.2926656229624957,0.07345847671654598,0.07231904441485638,0.05468343389246424,0.19772486921108703,0.09341203583457476,0.04645183789057275,0.13108070446284473
0.07917828136644538,0.12348833711493971,0.09622316244556024,0.1587140825490272,0.06433667798571792,0.1489361129541257,0.11956821403702995,0.09562494780061521,0.11393018374653861
0.048426034540710934,0.23336295692871092,0.07336927290310692,0.15214745642011554,0.02372861601984182,0.2019295212782076,0.09277297814146952,0.03731473381426883,0.1369484299535679
0.13985981630929467,0.05154717150512838,0.12369425159198633,0.13211776561357438,0.11587168296860921,0.07609749942104439,0.1164338204728375,0.16052062891806262,0.0838573631994625
0.05628107838044317,0.2005050528111395,0.08467627028086244,0.08978888435858416,0.08679705987351877,0.16969350743487188,0.1098041865199597,0.07642287736016469,0.12603108298045568
0.10175829731845992,0.08550592440519518,0.10699970198626553,0.1536369488375581,0.08564438657821301,0.11543758532405912,0.12231487087612782,0.12664886890347002,0.10205341577065123
0.12072857282448247,0.10009974413445429,0.15214953077194057,0.15693782492014177,0.0437273672865656,0.10864759948198117,0.11177857740947338,0.08025079892567334,0.12567998424528745
0.1418966456429445,0.04794485326099141,0.121075047233408,0.12534033892881966,0.12902409070843376,0.07143407514324054,0.11497369821964974,0.16823895055961013,0.0800723003029023
0.11950313849865186,0.06431611323927323,0.11211524052204741,0.1394757970480324,0.11052227404707683,0.09174746236148963,0.12018217213888073,0.15116157253963597,0.09097622960491186
0.0831093875763069,0.1243086034151513,0.09354309089272639,0.04102543505205731,0.2422231477230851,0.09395418402045853,0.10011625382018378,0.11186518363341785,0.10985471386661287
0.1186742797410591,0.08905403751233502,0.13639010257550077,0.1639032211528815,0.05386543873831537,0.10937851052193641,0.11692805609915612,0.09788592946463331,0.11392042419418245
0.10253224106558646,0.0869299625495686,0.1091162674038998,0.15838747880329637,0.07869580000947322,0.1169147241459626,0.12212274924697515,0.12182331450387963,0.10347746227135816
0.09457107305571105,0.11061487572772204,0.1112947710907423,0.1737309454084699,0.05108483758571738,0.13475719529010174,0.11802630299412735,0.08951154888837891,0.11640844995902937
0.12720436360709572,0.09362967926348686,0.1602562150562452,0.15182053228339074,0.04572501644306842,0.10252762869861098,0.11132052951524311,0.08360996029203499,0.12390607484082393
0.18587358720932792,0.05127084376208765,0.26064594845685635,0.08820119796401867,0.0589530836925266,0.06035213836937292,0.09009206893705017,0.09081009235537525,0.11380103925338447
0.09603149173623905,0.08261925504825106,0.09300558977718482,0.06992072735943371,0.21591488903852785,0.0881295139284705,0.10849122799433934,0.149290904909629,0.09659640020792476
0.108365244286446,0.07214841132670409,0.10482342222844877,0.1346464632707144,0.11720104425492663,0.099489808938567,0.1207996119424956,0.14834771095220067,0.09417828279949685
0.14099657446274988,0.11493006403291361,0.3185962031003256,0.05315397048469048,0.022299195832507657,0.06353637703529239,0.06481669588168106,0.022628603562996452,0.1990423156068429
0.09017707210164949,0.1001953692138184,0.10051486915184556,0.15081412217240214,0.08325593914572763,0.1289434272887816,0.12207843040983746,0.11730382667167627,0.10671694384426143
0.1508440742776204,0.07966435025914534,0.20882050862344972,0.12129502940059629,0.04689973483734603,0.08215153855680561,0.10252471677014584,0.08133864873021758,0.1264613985446731
0.07717068288234037,0.13068062053164534,0.09179523203209744,0.08441292872466712,0.14453896830853152,0.12761726741452392,0.11450354741263054,0.11417749272431221,0.11510325996925146
0.2366645497501645,0.02174007843630997,0.2839767714188847,0.057063410425965515,0.09865567749925452,0.0390588362175804,0.07137818388193481,0.1078699102349786,0.08359258213492692
0.07664934682537876,0.15119703616383073,0.09879842169634147,0.1753684061423948,0.03621134949180691,0.16064628212761087,0.10995280051511273,0.06288388979843129,0.12829246723909235
0.06665093688080294,0.22817549219242395,0.09944789063174186,0.14809036485715565,0.017307237915148217,0.16140984626783017,0.08690672787083294,0.029124621370766962,0.1628868820132973
0.10815272255992736,0.061426629813352014,0.09475516385508691,0.08155828515694825,0.21342144113393843,0.0754392803314612,0.1092571588221594,0.17121040524718104,0.08477891307994533
0.10626986424687618,0.07030641924848939,0.10008985602467389,0.11676408205917777,0.1457266848861508,0.09379446112582479,0.11827742076667876,0.15677102386826083,0.09200018777386765
0.09440393366627235,0.0967943192395866,0.10435291142216341,0.1586241507436655,0.07567672755458714,0.12658690081239013,0.12200690081267769,0.11493933815389494,0.10661481759476228
0.18240776639414472,0.05044728168093371,0.2275142839682848,0.10114187678920822,0.06671391564152702,0.0630683554065491,0.09743763598944484,0.10644876491570193,0.1048201192142056
0.08151837891919735,0.12495484593080387,0.09928961381860536,0.16917787502539752,0.05370076018953887,0.1496229173716148,0.11794535711118635,0.08730144690318571,0.11648880473047019
0.18269119803633804,0.04921257630923309,0.2208551622098113,0.10299192159110049,0.06968353028496195,0.06289304114059054,0.09860923558484568,0.11098939403784654,0.10207394080527238
0.0976375185548148,0.07934312774359975,0.0936557944737456,0.07904358717674652,0.20162435279415822,0.08952741754021239,0.11088025696963409,0.15290539856879137,0.09538254617829729
0.07581639842561798,0.1702093940188937,0.10153245905162082,0.17149483425214188,0.02817357861240491,0.16075803052280127,0.10320369468965407,0.049516669751769105,0.1392949406750962
0.07337854390042271,0.13937650206743277,0.09100543106843606,0.09384264324781694,0.12378667503815692,0.1381282853250054,0.11587797271960519,0.10753033859140211,0.11707360804172189
0.10792681404532957,0.09535556020722036,0.12292432825254708,0.16961706936665602,0.054966107839439136,0.11933532592640766,0.11860956390583015,0.09814378644597858,0.11312144401059143
0.10632607011009976,0.07043152370970338,0.10029093037774155,0.11772338316870455,0.14413270412878557,0.09415336803226677,0.11844665789728988,0.15637471841726883,0.09212064415813981
0.21019450907557222,0.0250899544736234,0.399952168038675,0.04108867438779601,0.048142347384462075,0.04003075843290315,0.053935386355159605,0.046388034303387976,0.13517816754842063
0.05654457669277,0.20072604219017695,0.08494352503860242,0.08730773510823037,0.08949385483188975,0.16815549998546628,0.10966353809177519,0.07696402957833567,0.12620119848275338
0.15306549313173806,0.09273458882531403,0.3032937381348513,0.0690039933549106,0.030671740722546786,0.06672606250051397,0.07530430617642343,0.039431525451804936,0.1697685517018969
0.056995884851556954,0.1937095808859298,0.08461029865470222,0.09856206880464213,0.08143760544570107,0.17159439286248798,0.11099678065872143,0.07717521160452183,0.12491817623173661
0.11118738781062636,0.0631078432817913,0.10007779706358204,0.10971963322187243,0.16185272505299006,0.08498671148465929,0.11612035320288983,0.1656038072112341,0.0873437416703546
0.11628814954272687,0.052258105297568413,0.09672427347588157,0.08594797315564988,0.21191582482370305,0.06816284953180395,0.10888259185356747,0.18141412583958974,0.07840610647950896
0.20695487884458816,0.029916055967573702,0.19449478920041133,0.08724924081413515,0.11572775570932599,0.0475565200808703,0.09369949380155841,0.14969646483900123,0.07470480074253572
0.15070424033428845,0.0848784073120264,0.22505835898653617,0.11209368826282196,0.042472381109623265,0.08051371502005576,0.09799098391840477,0.07144585530078038,0.13484236975546285
0.2137747779088229,0.014403028791474799,0.44650786860114194,0.029702297327995786,0.044050206931350734,0.032326472991385496,0.041440200530226574,0.03146988962616771,0.14632525729143403
0.06976058293127486,0.14640338883754736,0.08995387747313964,0.10874640741818327,0.10027572786694189,0.14987542019857447,0.11701013615278415,0.09991992924645395,0.11805452987510053
0.09943031173709412,0.07896720888631954,0.09758247866027325,0.11213338583401672,0.14671239166368402,0.10064288973749845,0.11829496099214386,0.14985318974920955,0.09638318273976042
0.16162644740254237,0.05028017501669208,0.15897853281815078,0.12873976382176577,0.08802632699576544,0.071118102900995,0.11138595982601406,0.13956364111412667,0.09028105010394777
0.21346919239381698,0.022694325263042367,0.4043149338546732,0.03964104680583686,0.049554857757796666,0.0385582116635757,0.05231721742535453,0.04613643446440117,0.13331378037150263
0.09319795676993985,0.09360168282528276,0.10057533109802509,0.14369083511821792,0.09477614663597535,0.12184196369116758,0.12216897281096628,0.1261993125148897,0.10394779853553542
0.08545102622572658,0.10615255634953262,0.09694845313266141,0.13948220087654528,0.09260869957598265,0.13176906963279655,0.12158300987074032,0.11804977182748526,0.10795521250852945
0.05466506967775037,0.2126466521944581,0.08443760011038015,0.07955595975796076,0.09136343567281886,0.1683707329218563,0.10764325807484848,0.07371633578010846,0.12760095580981848
0.09818483103495612,0.10556568126535337,0.11410533315270699,0.17281012130177043,0.052728313789386645,0.13020732786150255,0.11850053935109377,0.0927803366358696,0.11511751560736055
0.06620717538764408,0.15698659059256093,0.08857917763619222,0.11097517213866132,0.09094025405110258,0.15743464293927678,0.11609112127154786,0.09298119793020292,0.11980466805281122
0.07594661898449641,0.1292053436756014,0.09184146739001851,0.10542578320059026,0.11643191992321784,0.13715961965902432,0.11783548987763663,0.11172213125673808,0.11443162603267659
0.0937101389808232,0.08779408188756503,0.0945937642845159,0.09466504678372174,0.16649695129151718,0.10230380992853112,0.11554797785771946,0.14474510275303598,0.10014312623257042
0.22814354863672906,0.02297722423159984,0.34584642832178547,0.04912915405862913,0.07122875574055294,0.03959001590300305,0.0625008702636094,0.0756757477747213,0.10490825506936984
0.08112774276961833,0.1146448493429884,0.09365041602290336,0.11590106177589628,0.11422526074535544,0.13111874313225858,0.11955219344759667,0.11943850969003834,0.11034122307334471
0.06377492034685146,0.16132889020408328,0.08705226651788527,0.14021575258248134,0.06178626470007137,0.1707927034748015,0.11492326855962058,0.08005298680305571,0.12007294681114948
0.06359055764653622,0.19531680501252788,0.08804938286548797,0.16778730463386968,0.025383809560501586,0.17829493138011976,0.09878261680842361,0.04325236109885674,0.13954223099367655
0.14416000564911166,0.09115672568628781,0.21228235880214477,0.1193049691136381,0.04103006836680594,0.08558936924686122,0.10013392149273981,0.07020859886851444,0.13613398277389627
0.0935105613411268,0.13326537158905408,0.11942893921496141,0.17232705498896647,0.03582425847383434,0.13853587033052506,0.11024151309408063,0.06497177822536752,0.1318946527420837
0.09816933396826731,0.0921032772806034,0.10661653804075451,0.15894336641622453,0.07675734186248853,0.12210573012268806,0.12210930151519124,0.11797492512307943,0.105220185670703
0.0705149337605614,0.15723637154540143,0.09058787644219722,0.07126047399940448,0.14355532732233903,0.13442031390701803,0.11106514541955437,0.10030482814852364,0.12105472945500047
0.1107483638737717,0.11584549289468521,0.1438189505427577,0.16080707949884368,0.038208307140510975,0.11846471664537646,0.10996580550689089,0.06980728099085624,0.1323340029063072
0.1624792051494284,0.07479235871031624,0.2548656052717402,0.09604333835277186,0.043824643293607024,0.07142997262514462,0.09169921607039784,0.06991502018127244,0.13495064034532134
0.09302594742685862,0.10829463457385706,0.10815718434876455,0.17146009066223,0.05592572616438667,0.13494468929602094,0.11933430765435647,0.09511869282866754,0.11373872704485821
0.19478601169840445,0.045403886836249165,0.29297290898916256,0.0740221220063582,0.057611625341311666,0.05471220870654992,0.08164237803062135,0.08220096818785078,0.11664789020349181
0.059311676707359755,0.21938698563032796,0.08493337544534091,0.16053043786704138,0.0203443555322309,0.1813956885195378,0.09174924542122286,0.03454735170659923,0.14780088317033915
0.09035670828756089,0.09471459447025832,0.09479025627866056,0.10298778894306208,0.14748234654465467,0.11094570416980142,0.1175998767789063,0.13779555967849008,0.10332716484860562
0.14787678487689535,0.0669475950218358,0.1671351838253172,0.1403198898580161,0.06328039803767466,0.08439379979947727,0.11235161304823904,0.1112766334412771,0.10641810209126752
0.06840252369530735,0.14797077098221892,0.08947065838693623,0.1221373854904519,0.08515447906559832,0.15652786418237527,0.11744129850868756,0.09495956623852168,0.11793545344990279
0.10696583145590775,0.09831478936665866,0.12342527753966899,0.17041814981087144,0.05249448306048893,0.12100459524096235,0.11796262567904099,0.09442489128065452,0.11498935656574631
0.19519464080991408,0.04301161681781864,0.3397815755547416,0.05904796713025936,0.048749681217957475,0.05080162393708665,0.07040623242025602,0.06166920535377268,0.13133745675819355
0.11521213401464536,0.07708932216940116,0.11917476804468168,0.15862301282098368,0.07687428291804169,0.10556971612324194,0.1211275113246248,0.12522001689258586,0.10110923569179377
0.17299101955459517,0.06544177421230443,0.29836683787730917,0.07579509253366233,0.04239798088146233,0.062353509438255635,0.0810858588495651,0.0608422841033728,0.14072564254947303
0.2297503090304324,0.023357241590900506,0.23486307415020002,0.06733168585679256,0.11574772478962936,0.040603075657544375,0.08073347927153374,0.13352520547632504,0.07408820417664197
0.22814354863672906,0.02297722423159984,0.34584642832178547,0.04912915405862913,0.07122875574055294,0.03959001590300305,0.0625008702636094,0.0756757477747213,0.10490825506936984
0.13741144800137148,0.05525101880566741,0.12575125872732046,0.1380599865205424,0.10488526191992498,0.08059251544956565,0.11756116260843351,0.15304832938154325,0.08743901858563084
0.07267691412009214,0.1363251351164827,0.09107382860075541,0.11694007999261924,0.0979269424639408,0.14684321484937865,0.11839531643764563,0.1040245510623632,0.11579401735672216
0.128488387415715,0.0637885962925514,0.12431539976033272,0.14790866106344647,0.09076805882775844,0.09068430441888937,0.11958899848205828,0.1407934953023826,0.09366409843686578
0.10054271697046328,0.08236796610957774,0.1027466801107076,0.13952262633470128,0.10573267546865649,0.11054174104871779,0.1218378858160951,0.13744816139297597,0.09925954674810482
0.18240776639414472,0.05044728168093371,0.2275142839682848,0.10114187678920822,0.06671391564152702,0.0630683554065491,0.09743763598944484,0.10644876491570193,0.1048201192142056
0.25228931972043606,0.011245837430784547,0.3697141101622506,0.03593039161736828,0.09021615697658215,0.02984403651895654,0.04845470441064335,0.0648318104331468,0.09747363272983171
0.12231211021957115,0.09643417677630368,0.15179002136768835,0.15709937844776187,0.045617296665667044,0.10713859848466183,0.11255880734096647,0.08377678959040245,0.12327282110697713
0.23286352707356794,0.02319639729103659,0.2996131283689309,0.05635318963583183,0.08860502504622653,0.040172734422013606,0.07018463247884198,0.0990328003667464,0.08997856531680426
0.09637676531842272,0.08774854430750594,0.10090594295983962,0.13852572479701175,0.10427260846122743,0.115445673495852,0.1219015141707775,0.13341097253978138,0.10141225394958163
0.09414066083894355,0.11810934469527222,0.11390149995163872,0.17520447826850305,0.04460255211870227,0.1370149088594094,0.11553462986269906,0.0800019405680895,0.12148998483674227
0.20265096110192923,0.03877084646481626,0.25483617900850236,0.08187398083808202,0.07497088680077647,0.05290735000142189,0.08791638924825285,0.1076560741510121,0.09841733238520682
0.11764268947917962,0.06462888720519017,0.10995298314792307,0.13671134359859807,0.11553874674833116,0.09182035176263963,0.12007569404034879,0.1529678700177209,0.09066143400006861
0.11461108365668408,0.05899404228907887,0.10056651382273914,0.10740379000922373,0.16827048447635692,0.08030804341090143,0.11503464859417123,0.1702789100707487,0.0845324836700959
0.26175530824608023,0.011671367472891695,0.3153701780394423,0.04056577354601182,0.11786409679292235,0.029904186909077358,0.05531435375811247,0.08950286106769682,0.07805187416776489
0.20701456807022459,0.008015358003572686,0.48861530934050673,0.018888839438688153,0.0342415265739777,0.026449479672517054,0.030954422260648276,0.016941268127813516,0.16887922851205128
0.09657042291312158,0.09431195721082082,0.10581451372356014,0.15940004454338952,0.07553108875176248,0.12424384172137522,0.12203702808780541,0.11609556385348112,0.10599553919468364
0.14272080639817739,0.10535098891607264,0.2502975762328237,0.09419284145219585,0.03266676497552704,0.07927657466728778,0.08777293655892969,0.04952860729373663,0.15819290350524925
0.07263716415516482,0.13512781918629652,0.0914035219522424,0.13118462488817828,0.08395540981328602,0.15121551581028397,0.11901854917798116,0.10014238065550086,0.11531501436106602
0.10564803192307538,0.0820518303805478,0.10975010849927762,0.15490196491908528,0.08456707860472974,0.11190128731246439,0.12215244459737255,0.1279405047225513,0.10108674904089598
0.09387210516805666,0.09127534900671157,0.09979508278208953,0.13750649813748517,0.10358775419494938,0.11845707120752463,0.12185885972780437,0.13090822585237508,0.10273905392300368
0.04895687644280181,0.24550440655021652,0.08217801871865033,0.06745497332144099,0.08673312921735928,0.1727558033492739,0.10229253695816577,0.06400086961817715,0.13012338582391425
0.19030013120154857,0.026079789479430376,0.14382083369549756,0.08655293092553945,0.16705354348249393,0.04286450462184203,0.09747934879622579,0.18639288077433638,0.059456037023085974
0.07880280466844738,0.11971318504410233,0.09344574455158672,0.12498157559357886,0.10009290371364353,0.1381187226002861,0.12008532349711094,0.11306034015295335,0.11169940017829073
0.08288756874089638,0.11173116887730083,0.09631883636421044,0.14309002837062,0.08555250464482517,0.13716276624354695,0.12132486806166236,0.11219663354341897,0.10973562515351898
0.12010819017927372,0.05155007595257572,0.10011035597863237,0.09806459731157367,0.18918175831452988,0.07051961052207166,0.11168982746969514,0.18017774436971426,0.0785978399019336
0.07366733599475543,0.1585591270065054,0.0924906252966327,0.0451671069759464,0.1974373915553722,0.11270444883297177,0.10277264898896254,0.09760743009491485,0.11959388525393859
0.04842078258733995,0.2236259827796363,0.07797501392553287,0.1133031254937364,0.05259757210984526,0.1940031037587223,0.10465551439346225,0.05866967110049309,0.12674923385123152
0.16945106041292637,0.06926936824465692,0.31553902492488684,0.06825363086603357,0.03771367724467331,0.06126997844152432,0.07597472867821374,0.050406282537973655,0.1521222486491113
0.0691504314456535,0.15604757905570107,0.09092632995809828,0.1680749011489063,0.04248864865607768,0.16970360777452934,0.11193800521846829,0.06832566888026843,0.12334482786229707
0.26223306165747856,0.010512160160213405,0.33612857766768656,0.03745858138708832,0.1115120698988528,0.028895798456199537,0.05119554863159494,0.07829801868482235,0.08376618345606364
0.1035949385215212,0.12894883737044946,0.13736792227007402,0.16236434651013779,0.034456307151722224,0.1257060836543848,0.10794632319540988,0.062424530189165404,0.13719071113713519
0.10557789263479612,0.12673744714329555,0.14034183579734213,0.1609068006550659,0.03482817442316009,0.12344453184838738,0.10794928128160482,0.06310309207067681,0.13711094414567118
0.19672521311169908,0.043584563740427816,0.27246886600758474,0.07980893961626064,0.06423149560920279,0.05502372906702772,0.08582355227281581,0.09381428667123964,0.10851935390374183
0.07353691848344666,0.1471639603006733,0.09123783496808063,0.07047367326607047,0.15342773500107829,0.12847595628226563,0.11115196649265623,0.10554903183073579,0.118982923374993
0.14005088213044234,0.04633581797354872,0.11650346767007419,0.11955602295080013,0.1425981647310051,0.06898907023697197,0.11404664362289389,0.17433771866494577,0.07758221201931781
0.06891516890008076,0.14560775941754908,0.08975708548202722,0.1304269490562517,0.07859062097123827,0.15799279918591871,0.1177745490166524,0.09356135148547419,0.11737371648480754
0.15900935631309251,0.06714236107755502,0.20174245302877927,0.12236491951816136,0.05605897440358452,0.0773028217239867,0.10486629349090863,0.09701767892801694,0.11449514151591504
0.11490009927369216,0.06660140580116004,0.10832367033073836,0.13620095905553606,0.11626477313802606,0.09390676440909661,0.12032114866730025,0.15190452871251303,0.0915766506119375
0.030109383286161,0.3615833635729275,0.0697472093166366,0.04511353514104182,0.05213018125970608,0.1916054687774659,0.0806915208405732,0.03594076776465379,0.13307857004083415
0.05657137770097783,0.18694696678233913,0.08279371416568378,0.13092543131386983,0.0565858247855101,0.1824785588684256,0.11076015897226754,0.06961075692863805,0.12332721048228822
0.08227206343517168,0.12327671224776753,0.09973583198860196,0.1690179604376297,0.05448793661605289,0.14839597305039465,0.1182329484455719,0.08854460805226076,0.11603596572654902
0.06597889435372524,0.1926514031264462,0.09147022413684157,0.041375788890260855,0.17684842708388207,0.1218851472463816,0.10061617600486156,0.08412876791949375,0.12504517123810718
0.05684746198798061,0.19244915204219845,0.08430989251316408,0.10318905995924689,0.07751848998893852,0.17350228996389885,0.11121047421781684,0.0764213220798516,0.12455185724690414
0.09503564041950825,0.09281810877065826,0.10274486197073046,0.15061717448754694,0.08684040095135542,0.1222320282358939,0.12232998856631667,0.12314157928131075,0.10424021731667933
0.06615743201163116,0.15437189192635029,0.08845321532838162,0.12580980138427042,0.07788278629646833,0.1619535417883832,0.11664845176577414,0.08978005009110339,0.11894282940763745
0.11737397314500514,0.08533208383630535,0.13044280169811417,0.16445344915674567,0.05928128156594562,0.10914620679056113,0.1186046935209154,0.10564617554385612,0.10971933474255142
0.04143004880140602,0.255395606313155,0.06906663980811407,0.13041775111928078,0.02819327902288951,0.21215255099716904,0.09233561618042135,0.03861444718418285,0.13239406057338143
0.16972908941631715,0.058347799515105346,0.2104592206177552,0.11381259076444465,0.0620670688050474,0.07041310299560705,0.1024701832611948,0.10403580528070837,0.10866513934382009
0.06998395414129784,0.14511668116656973,0.09004474044983361,0.11149177572402806,0.09807507673007683,0.15029449078044074,0.11730618201120192,0.09996711552974874,0.11771998346680253
0.0886870085208935,0.10195536768435143,0.09273131292723408,0.06209579068630292,0.21261641589612956,0.0970741877189885,0.10754068974709309,0.13250661167153602,0.10479261514747092
0.0752184821000913,0.12837703610743648,0.09247703296314257,0.13185338420169593,0.08732333218060002,0.14668764740997087,0.11971315841076906,0.10452611724913574,0.11382380937715803
0.12545211252260913,0.05529036879815141,0.10979449644005972,0.12477631471850821,0.13714032174014354,0.07986027121558899,0.11718931935521376,0.16669464947169796,0.08380214573802734
0.10029436005095844,0.07334977236948192,0.09282204257991579,0.06607789571221064,0.2327338616548821,0.07958227922464925,0.10617015565086302,0.15762226578594762,0.09134736697109119
0.08647521493548116,0.10378833095539008,0.09696744044829303,0.13625189815492209,0.09763829788430589,0.12900090586780683,0.12154415267241875,0.12122316484973535,0.10711059423164677
0.06347810453341904,0.21571975186368056,0.0943444819125027,0.02252810405486495,0.22306869300943513,0.09975047872195707,0.08927111140100676,0.07043107076621762,0.1214082037369162
0.22182016843256747,0.02294945928739775,0.3754472880509421,0.04457081304211057,0.060135509058183205,0.03919923970367486,0.05751588475132352,0.06075437000739387,0.11760726766640671
0.08406413087354801,0.12000371640473391,0.1009488203767287,0.1692399384522181,0.05543483162087986,0.14582008223813234,0.11865741017041985,0.09049918843023917,0.11533188143310003
0.07554018990931226,0.13885255265614246,0.09543279113839524,0.1693006346377096,0.04823970677755296,0.15924665298339696,0.11544798272070163,0.07814924511671868,0.11979024406007022
0.08472576542583178,0.10653888090450676,0.09548024310938676,0.12705810249339575,0.1065252888025861,0.12864363889613187,0.12083569165108732,0.12235114419349574,0.10784124452357784
0.11631782482059673,0.07735948613647049,0.12109941764385439,0.15955105611343023,0.07442228182894417,0.10539241898394931,0.12084694628331731,0.1231549031396431,0.1018556650497943
0.07838832414535464,0.1361099858721521,0.09233567121174198,0.05646592545416585,0.19131455286352447,0.11233271803453009,0.10697129769223106,0.11050272072600374,0.11557880400029609
0.23549505453995204,0.021787936960496385,0.2535636916681881,0.061743102652391996,0.11192597824835053,0.0391256481423109,0.07614430222296521,0.12413395051888616,0.07608033504645863
0.06554157485802731,0.20940512946232817,0.09303901266527152,0.16101227429006185,0.020780517824549094,0.17087000257106433,0.09309147004532144,0.03564082071074708,0.15061919757262918
0.06679504143083383,0.15291919931641365,0.08876401806892777,0.12191197470485882,0.08241586867521741,0.15956971296764552,0.11683952583223388,0.09199456944800426,0.1187900895558649
0.11903726461452217,0.1232260750058863,0.17423816094750147,0.13817749946800403,0.033115436318399846,0.10623124404596211,0.10209522351954486,0.0576690931905512,0.146210002889628
0.09580467552118105,0.08851918297418375,0.10064041505637343,0.13825572483271034,0.10419539859190297,0.11610254370485307,0.12189272209998463,0.1328857683113237,0.10170356890748712
0.09651049891541025,0.09922877403273185,0.10850623685436421,0.16688197249718137,0.06439572246268388,0.1281261135363251,0.12096347094000097,0.1059354004880227,0.10945181027327965
0.07368475992252649,0.1352906564113281,0.09122014172682896,0.10671509258896437,0.11038698784994914,0.14179239427822232,0.11765289812883044,0.1074249059705984,0.11583216312275174
0.06187535427786506,0.17131745533381673,0.08547192224362561,0.15586963801593776,0.04549054720324367,0.1790525472701695,0.11085758425925481,0.06691022385068286,0.12315472754540402
0.20604885415730148,0.012836311169691849,0.4673076076844032,0.02533049816648296,0.03648302359395146,0.03078712732690606,0.03730255717523797,0.02290236095517757,0.16100165977084732
0.14189243341685895,0.05772500479026293,0.13688008351724115,0.14236772284838173,0.08894422865301192,0.08214496012071902,0.11690804072009653,0.1411170266229053,0.09202049931052252
0.13642289719491368,0.06671967337002727,0.1418761030777765,0.1503166875684138,0.07272022371321525,0.09019191190265165,0.11724706099687247,0.12427431805266566,0.10023112412346369
0.10316143690167241,0.07461138611409764,0.0995426283398,0.11854418653101,0.14013776850786122,0.09837550401156546,0.11898146167970554,0.15223768033681653,0.09440794757747117
0.12544493358023903,0.05520406575851103,0.10969019794608688,0.124499331281659,0.13767505284004872,0.07972262592750047,0.11713734994950581,0.16691623579897072,0.08371020691747837
0.06172262722703589,0.17791386762169514,0.08517938396453127,0.16347481782138226,0.03736591309753501,0.18151460489231644,0.1074308335682056,0.0587385368784176,0.12665941492888066
0.21838724626960462,0.030467444335678138,0.2837218088655901,0.06659526263893341,0.07964590834085707,0.04589370815362275,0.07803466400972457,0.10176365911037061,0.09549029827561867
0.12910525114177948,0.06607094930443556,0.12826495464528387,0.15110619146333903,0.08300792126288102,0.092524910744005,0.11939378296702174,0.13421096006782277,0.09631507840343145
