0.1281374980383668,0.08475495606174592,0.10938418309584526,0.2773306430574313,0.11017937465341167,0.12057833733894753,0.012062035562229512,0.05832654912556864,0.09924642306645333
0.15278178688670205,0.10934543100268838,0.11886012911377643,0.12315784101189413,0.13834289668718114,0.14477194081652833,0.037132208998463756,0.06939613645775056,0.1062116290250153
0.10947893593635287,0.10086211516455468,0.11544216473951281,0.0351252290786363,0.10113300471895255,0.09296456984643282,0.20435833898420455,0.11709390517552569,0.12354173635582773
0.10881425605395328,0.15556319389521214,0.10655466878471413,0.061699422142579285,0.08867426184041033,0.07837807031593097,0.08930379001230969,0.20631644309092279,0.10469589386396742
0.13141001864612473,0.14787186891367932,0.11221211106421412,0.10410823646279449,0.10863030917445392,0.09690768389539527,0.048637899660027205,0.14559872313848166,0.10462314904482932
0.07989152858342789,0.024031751980410826,0.08566629841496726,0.47923189986219267,0.0845622487176056,0.1450857924867293,0.0015993685531280916,0.016604630493046838,0.08332648090849155
0.10409327167996392,0.0789278499760557,0.11221966872869142,0.02635973398453956,0.0974777443620356,0.09277503169679413,0.2733818313948332,0.08894127945819053,0.12582358871889596
0.12328432955813595,0.06123301860424341,0.12257994774899476,0.034532787992669366,0.14195476593791537,0.1298656003052032,0.20820219412751448,0.05272405314265303,0.12562330258267052
0.149995559168031,0.11518677402337141,0.1178061674696772,0.12932442063833813,0.13266377269983046,0.1359327586803775,0.03547557259987186,0.07784910406308455,0.10576587065741781
0.15621103037836456,0.08751916718921114,0.11642770857973365,0.15383130315920993,0.1441118314237393,0.16671749919360165,0.024775592991228695,0.04916688506499691,0.1012389820199142
0.1443976262254928,0.09074648263877373,0.11330488136596951,0.20804234958058151,0.12610039773165307,0.14154670636502772,0.017554549637006023,0.05801712215412288,0.1002898843013728
0.15544094460678706,0.10243745099950519,0.12003570638145754,0.11314095437504294,0.14527850088202882,0.15499385515704012,0.0406390225256874,0.06116723489251961,0.10686633017993134
0.1442434616480487,0.10358190733496297,0.11392014757718534,0.18875069787019316,0.1235551874277979,0.1317087109586996,0.021097396267500162,0.07146848161207603,0.10167400930353611
0.11624759420157571,0.09740726821961844,0.11941776391986693,0.03796673174800972,0.11247650771502675,0.09996469937509082,0.19173288079599057,0.09974059275259799,0.1250459612722231
0.13721452751161645,0.14028859792692192,0.114338353189239,0.11155978294247486,0.11530250896271028,0.10594372517592739,0.04482049344068933,0.1249026267560878,0.10562938409433298
0.10582832386138392,0.08030571796850051,0.11365635157850934,0.027648155664762933,0.1005441780297791,0.0941491337666255,0.2629929090467324,0.0887874851182092,0.1260877449654971
0.13927039351673395,0.12827990164563832,0.11305474831445526,0.1533958091155241,0.1153486657564902,0.11150033630424912,0.02933891630690909,0.10705108367971311,0.10276014536028684
0.13270951465117523,0.0699288652516011,0.12516679200876904,0.04282532949166885,0.14992846655938963,0.1407903027458051,0.1610806260957132,0.05385559559547237,0.1237145076004056
0.14534194014742166,0.0921600185080775,0.12566244241278424,0.062479313233951235,0.15067028695601606,0.14610321578551602,0.09755441791549552,0.06169408081036006,0.11833428423037771
0.1516295981547229,0.11321208350530652,0.11951345748605013,0.11374443434036896,0.13762757563586245,0.14069852120206924,0.0420005885857754,0.07399746043501636,0.10757628065482804
0.1399707262454718,0.1346913175107878,0.11452083356721308,0.12543008329249494,0.11763126032676204,0.11102767327629746,0.038334532528752525,0.11355472568031365,0.1048388475719067
0.14847947483409624,0.06963255022996075,0.12434387631286133,0.05837621652672779,0.16634174627577805,0.1737416909439157,0.09858823481754181,0.044949942623482474,0.11554626743563585
0.12167910614439226,0.06671464417903226,0.1068837183869708,0.31765700774776834,0.11005185429160554,0.131174569255751,0.008640987520995475,0.0402837069973829,0.09691440547610136
0.12292555055681016,0.10473820622422154,0.12153905617383791,0.04461572052895177,0.11918398739560225,0.1046588001450739,0.15877720537106957,0.09992117886834118,0.12364029473609169
0.12215125514798686,0.08271541980771645,0.12284603367118944,0.03791992098060282,0.12768700465006685,0.1128683008364132,0.19376217520014663,0.07346741029534164,0.12658247941053608
0.11381115953125892,0.15790660171420967,0.10192837033872759,0.14044956912540696,0.0866156053393096,0.07515826831755944,0.03143236761873217,0.19836644426235864,0.09433161375243698
0.132902918300834,0.14310602843864706,0.11109961650316447,0.13011714378207304,0.10809575626595963,0.09869875868436817,0.036428740581968676,0.1372269681496773,0.10232406929330773
0.15557427678738275,0.0976679669834186,0.11794753397042457,0.13675326551075997,0.14266187321446205,0.15770901867078937,0.03061734228948128,0.05725874573626564,0.10380997683701575
0.13368935453657457,0.14157901784879046,0.11598672380405643,0.08540981839383406,0.11518278765514245,0.10257361475299785,0.06427594248835032,0.1318998930901399,0.10940284743011401
0.12573462820558567,0.10625901590799465,0.1223105606818949,0.0472431466413027,0.12224808978479494,0.10733904571006465,0.1479944471831863,0.09776186011559608,0.12310920576958007
0.119239118543132,0.055717328293165926,0.12067570715815372,0.031123090850917967,0.13904694762503897,0.12682760444432914,0.23110618670326424,0.050608959704411816,0.12565505667758622
0.12579280148295793,0.12044633523736921,0.12017642550942402,0.05324607315949825,0.11684980547589359,0.10222758385104957,0.12473999420585986,0.11698309492375342,0.1195378861541941
0.12198017388913053,0.07015228992987424,0.1227461453352484,0.03520689033510702,0.1342113694493786,0.1200084277396709,0.20805022794910855,0.06097083403411476,0.12667364133836698
0.1493690153037719,0.11863302731730326,0.11944571384094849,0.1090024916039777,0.13443449057341336,0.13382459062680455,0.04526716359884275,0.08167885698392469,0.10834465015101331
0.14823616735448938,0.10150080315129652,0.12451771177390887,0.07279144954620997,0.14744034530164452,0.1442744516510344,0.07891111309531497,0.06671330455275819,0.11561465357334318
0.10034159482816468,0.06479657262427685,0.10766039937497161,0.020996207970162883,0.09279401797087146,0.09096494248676738,0.3253113941718142,0.07192905291452055,0.1252058176584505
0.14166941932035557,0.070074495740705,0.1253133183754126,0.050763479250851756,0.16010740476563037,0.15924430052946725,0.1243783896676357,0.04882079590348434,0.11962839644645741
0.13093551360388522,0.07865736261581038,0.1253011692622962,0.04332847415832663,0.1424372306341414,0.1298846236185775,0.1626606475219847,0.061994719312131664,0.1248002592728464
0.13559039131917716,0.14122104834233443,0.11570907637144644,0.0931041698980893,0.11609638553468941,0.10456190430134042,0.05722031173882345,0.12823723000544326,0.10825948248865609
0.11448675694112609,0.06965018630091377,0.11937367088630109,0.03041995787117348,0.12158938094428699,0.10801970593576589,0.24311305562030125,0.06601671323367315,0.12733057226645828
0.12450083747620856,0.10120968216923598,0.12247981274650992,0.04459378274376282,0.12270566259143041,0.10783351962894161,0.15952773780394655,0.09295397385444049,0.12419499098552365
0.12000203978238576,0.09747378397710697,0.1211257803920327,0.04034425032377548,0.11796491252874242,0.10396013683779944,0.17975701225869012,0.0942803153510147,0.12509176854845241
0.13216269234319844,0.14468895728454886,0.11466692740496869,0.08833098218288317,0.11233512469949812,0.09965116369213776,0.06102960468929216,0.13910180395588448,0.10803274374758835
0.14873616995189154,0.10015133613197842,0.1151751687676593,0.17438015264850193,0.1302035716413615,0.1421703662450555,0.022806403251356203,0.06437636042139237,0.10200047094080321
0.09940911721085388,0.017879941174329027,0.08848279355748695,0.39305189648392364,0.11296377247034976,0.19734218782382204,0.0017085816492054121,0.013761835018259116,0.07539987461177022
0.1467880030502554,0.11987445843398159,0.12124550635647442,0.08957589737926358,0.13514769267298823,0.12979411441602703,0.060146544247304146,0.08563379982515296,0.1117939836185527
0.10956918506825582,0.10819755498876804,0.1148500169229834,0.03748848859226265,0.09946415529007856,0.09132905552903121,0.18760012958597874,0.12972942114913674,0.12177199287350482
0.10073095983843466,0.09161700336036728,0.10958344199776315,0.027942686332727312,0.08835333545141193,0.08829574525107853,0.25255666364216983,0.11776635767730188,0.12315380644874534
0.1393582813044411,0.07743124399038796,0.12595457506942473,0.050389535396742756,0.15329782927844068,0.1471136558722456,0.12991628592684168,0.05509345842315663,0.12144513473831879
0.144690937285157,0.11906162914124248,0.12214619070764988,0.08053010715149346,0.13503134788629498,0.12723502724084682,0.07023841903502273,0.08722651457443531,0.1138398269778574
0.11846663868980496,0.15025199180900592,0.11101426245524704,0.06755388765992229,0.09925884964437041,0.08614978472546625,0.08375918237663214,0.1755969191059117,0.1079484835336393
0.1473353793368816,0.12305976901530308,0.11892662093174326,0.10795348423934588,0.13112510845794784,0.1281358365464438,0.04632717251495414,0.08873973550506015,0.10839689345232029
0.12242818540311724,0.09535945000570184,0.12227232336132732,0.04135485666386517,0.12230172495316201,0.10761730020105427,0.175150100772578,0.08821199876422832,0.12530405987496582
0.09637065492017428,0.029256032310667725,0.09988146359092559,0.014021187268671026,0.10556534939102036,0.09821798246830497,0.39881218860417783,0.03907442284576602,0.11880071860029222
