0.10937796537250825,0.12122666858746574,0.10232887662331754,0.11097795214753568,0.10209410128661012,0.11560700231353742,0.11151172112120743,0.1193266797823519,0.10754903276546592
0.11131584982953441,0.11278802482304147,0.04680932021447759,0.1621499825017854,0.16430892528277474,0.12122003934445354,0.062344419904256265,0.1787378714442535,0.04032556665542308
0.10534077532968271,0.12608711498409697,0.07767985251168312,0.13366736607291632,0.13633893615530304,0.12154291674497546,0.07986995415278832,0.14536961550516586,0.07410346854338827
0.1048849782397508,0.12946737224074953,0.10454016861026044,0.11846794214806927,0.12674757771475895,0.11692538173174323,0.07988589666664116,0.1264335665734105,0.092647116074616
0.10761283226820421,0.11545613268602435,0.06202432402211452,0.1391360801085367,0.11674550289609632,0.12524309885933144,0.10974820250414508,0.150472938044348,0.07356088861119951
0.11114953223054402,0.1176077593052786,0.09952372053323166,0.1085109429695721,0.09452444617875133,0.11467958421504089,0.12479070103118794,0.11765344487676495,0.11155986865962854
0.13739796487403824,0.10022746225320767,0.1835701110121292,0.06334558426337128,0.061855561210325836,0.08401643372862914,0.11208712367815345,0.06839995783154834,0.18909980114859684
0.09793933724929332,0.13894759480822308,0.12252709834282825,0.11828708383234,0.17616165345875898,0.10834454539732848,0.03780518564938914,0.1264555007622655,0.07353200049957326
0.11079567183154981,0.12305102229715303,0.13373004779989253,0.0987293950228099,0.09983486372041932,0.10888325436945755,0.09771681600371694,0.10387102128913696,0.12338790766586405
0.10176344387495927,0.13415254739749252,0.09036490680373983,0.1307956009390686,0.17002451581035194,0.11474494393819427,0.04870193395318353,0.14469996035293772,0.06475214693007234
0.1283793023152815,0.08366357692919507,0.07042276594198095,0.08534495619049128,0.05070532218299197,0.09864549931226042,0.245634857879281,0.10597695742277374,0.13122676182574403
0.10426786005202844,0.13186721439839524,0.20958234875496595,0.08832676234659315,0.14079695433350362,0.09290426000815079,0.031125761780466,0.07725554615664589,0.12387329216925091
0.1299233301293483,0.10689952801084969,0.1833873032698996,0.06955498936581626,0.07067308690788486,0.0889190768107997,0.10201413674357979,0.07283500914119279,0.17579353962062902
0.10660125687782311,0.12754893519778074,0.11549412282774307,0.11093505026788031,0.11554232263658992,0.11447429395208424,0.08755761104399336,0.1174390462667861,0.10440736092931906
0.10668937001500582,0.12073480828556422,0.06697483725698462,0.1389416780761524,0.12902240309118637,0.12399532005499808,0.09178066546569946,0.15085061854789514,0.07101029920651387
0.10790715801279449,0.08035968482328418,0.03663453508415244,0.14708891365694202,0.07648154064565826,0.12576172080214562,0.20316644550287485,0.15920513681135626,0.06339486466079197
0.10937672844073403,0.12261887491098543,0.1112532947216675,0.1077979025831277,0.10287261414781734,0.1139287696747308,0.10566207569172491,0.11519759794239319,0.11129214188681913
0.0939180987866064,0.14059685947706096,0.15562304085284648,0.10873770323213694,0.19242181331594058,0.09925461596849783,0.024198444660402146,0.10920727144624227,0.0760421522602664
0.1176917147952289,0.11830521622457597,0.17689156699041805,0.08165791469820839,0.08923577028997752,0.09736608269364262,0.08531890152525096,0.08262986349024072,0.15090296929245686
0.12356564040901047,0.11142400084639008,0.16971219909531243,0.07671094548940662,0.07673166095642041,0.09471977224716716,0.10555814565736936,0.08074693195828665,0.16083070334063673
0.10421062815279238,0.13220920810265654,0.19033401205159914,0.0919104851849266,0.13100666900806993,0.09874325784479226,0.04364436733219341,0.08642088255655456,0.1215204897664152
0.11424614089473002,0.11789951487200319,0.12966526390632319,0.09488641639603561,0.0891926221686191,0.10720739399475228,0.11492940519199839,0.10160459361674423,0.13036864895879405
0.10725102893432621,0.1258473562275581,0.10906409651735278,0.11233760736937724,0.11239886884826587,0.11552008716799357,0.09426271317337388,0.1196258313265502,0.10369241043520207
0.09620245365341501,0.13887844770382754,0.17329005848376003,0.10235255973177117,0.16999519452772047,0.09937357458534346,0.029096899909266075,0.09875407087893266,0.09205674052596356
0.10875304561713484,0.09655574668286264,0.04348713389069692,0.15050704953009733,0.09762701795470725,0.12824242126180277,0.15016411443575362,0.16107173934944824,0.06359173127749645
0.2191739507681448,0.035428913121571516,0.06443551129115938,0.1523771507638224,0.16976342056721136,0.06305079501491216,0.0005466098022857457,0.019603444568361435,0.27562020410253113
0.21334317887263762,0.06901396858489091,0.07724995174628152,0.10914817826934238,0.19171459448739234,0.059008408898551856,0.0013486049483877986,0.02479454705834598,0.2543785671341697
0.12474895158171868,0.12129070679336436,0.224959627551057,0.08177844008637457,0.15743658977160427,0.07625502819997604,0.012313632965932518,0.0520638567229992,0.1491531663269734
0.10875913270567901,0.1174301742737447,0.05328400281588486,0.15430224529381117,0.15429884099409716,0.12283351367031314,0.06961372787085059,0.16983650938560277,0.049641852990016576
0.11560153497506716,0.1006387961973483,0.07256542619176702,0.10695534751294365,0.07287228896987615,0.1129599934887789,0.18647528438731079,0.12108221807199555,0.1108491102049125
0.10356673292117745,0.13078643573796495,0.08154051240607328,0.13447613446550957,0.1585820936901168,0.11811345821043749,0.05889736224527827,0.14832120078583444,0.0657160695376078
0.11101425223631932,0.11601003127281873,0.09178847060086097,0.11145397268603792,0.09373890205590334,0.11610223987878998,0.1306973083905363,0.1213421385055754,0.1078526843731581
0.10481410055662427,0.131713928752905,0.1596677685305524,0.09888764940617022,0.12373196037286847,0.10580753830305001,0.06078465645772702,0.09920340154025958,0.11538899607984304
0.12386079467053202,0.11590566040140181,0.2096368760525805,0.07322583817187105,0.0899344687899357,0.08872216925816012,0.06175340680681809,0.06841829889818689,0.16854248695051388
0.1117040001630918,0.08443177462966094,0.04475627440763058,0.12339169504936899,0.06660425459428755,0.11788850508113276,0.22631682648685336,0.13919862192638302,0.0857080476615909
0.1070083323936571,0.129677249735287,0.18893431784712075,0.08977521048316774,0.12044177167986365,0.09898831893503567,0.05108715215110837,0.08537955309693639,0.12870809367782318
0.11432086645207336,0.11479141860963561,0.11047837386701327,0.09957590930027042,0.08606739140250065,0.11009493319722753,0.13217844369890222,0.1086325216222332,0.1238601418501436
0.10909622375622034,0.10433721275342898,0.055459665677905834,0.13412936145928997,0.09361179849951284,0.12438919927678167,0.15242846619517791,0.1458890422613972,0.08065903012028526
0.11527694272404747,0.06970777343133025,0.03809454131481106,0.11356959645428115,0.05178015703403351,0.11060565881979384,0.2796255218789441,0.13400830961278618,0.08733149872997241
0.10137872279634848,0.13550310958729164,0.13042455784763443,0.11223868103644434,0.1436756493495542,0.11116813953887983,0.055727785077238155,0.11715812553270404,0.09272522923390487
0.10812000253659837,0.1254008505191437,0.1178802472671497,0.1076110673142711,0.10853145994367297,0.11337285141515208,0.09484166757287693,0.11401764558711752,0.11022420784401761
0.11368494796997979,0.11804385532693547,0.12487175210597716,0.09687758268613894,0.09004906244321509,0.10840635311440554,0.11659546923590842,0.10399544528595633,0.12747553183148322
0.11102304608933476,0.12684261738230532,0.21474820224583455,0.08260126958524648,0.12127626333005058,0.09146214193838004,0.038461800337857156,0.0723664746040189,0.14121818448697218
0.10208693242116419,0.13470372379371628,0.13773686955181444,0.10876074020351036,0.13773335246632765,0.11011316800539288,0.05779394090558084,0.11234764203359532,0.0987236306188981
0.10998895824393344,0.10967765794869296,0.06840882207618688,0.12354816647135791,0.09269976239789864,0.12101385666942811,0.14665842466236823,0.13510655230851465,0.09289779922161927
0.10899661943741244,0.11803450277087642,0.08440516155257012,0.11916065215746834,0.10207570259758347,0.11930618622233818,0.12115419354293588,0.12912431786535197,0.09774266385346315
0.13143421824028395,0.1020879905177779,0.16029995248748183,0.06985396838729924,0.06334150559323538,0.09002744858670723,0.13261340004680808,0.07792398945194647,0.17241752668846003
0.11760902276256918,0.11657746032544104,0.15621053211216088,0.08510578955360815,0.08529352681646253,0.10066854299695834,0.10358711992125152,0.0893660430816486,0.14558196242989976
0.10789433451364223,0.11807930929473422,0.05644812485965439,0.15012635766571933,0.14356409020361696,0.12425886171814131,0.07909423272368156,0.16407266769370424,0.05646202132710582
0.09958782542207308,0.13527667984471595,0.20128697966527406,0.09320980251371318,0.15737788182203552,0.09397454189339706,0.026862553009279894,0.08282222604237034,0.10960150978714095
0.10568105282572506,0.1268343471114752,0.09301512467180995,0.12276130302833353,0.12375544581729662,0.11916683980450289,0.0877859645774939,0.13196150909577117,0.08903841306759175
0.10720693188880483,0.11872740015616334,0.06118310068673529,0.14404533014442877,0.13218572187286362,0.12481912215329523,0.09007686031438407,0.15652552647803444,0.06523000630529041
0.12505185190006027,0.11045454597860203,0.174485628465216,0.07472195875203834,0.07541077131926303,0.09312452654530523,0.10359094636494039,0.07836678166094661,0.16479298901362804
0.10763892696568701,0.11714625314752906,0.057951220497643785,0.14699254480886767,0.13318221820113743,0.12528867281323344,0.08997055638846997,0.1596447951172122,0.06218481206021939
0.10977090401000701,0.10713545050555345,0.06279580277742258,0.12694430368503476,0.09177761505330347,0.12214084982316827,0.15184197626849488,0.13878486240725255,0.08880823546976306
0.1013974773647615,0.13433075756517135,0.19617602570395354,0.09292136202771206,0.14520714060078857,0.09656292412807303,0.033851208398931264,0.08504231121339824,0.11451079299721038
0.10872306556225649,0.10730765290890158,0.04945469370843508,0.15084517193638072,0.1157672601037553,0.12781778791785234,0.11608548042966808,0.16188098322891858,0.062117904203831904
0.11076131349464242,0.12757551051995983,0.22319128635784521,0.08678188810893726,0.17439755122787137,0.07966769823630755,0.01214025161455387,0.05937262467303741,0.12611187576684504
0.11426071098640604,0.10847904331350196,0.085869215851381,0.10638443234902817,0.08100877643267036,0.1134442932828647,0.15844183387057967,0.11824104670154707,0.11387064721202105
0.11501174283281639,0.1253495104608774,0.22888032302294717,0.08084416474748164,0.13868109711644575,0.08359884276164198,0.021893631324788474,0.061389923325778195,0.14435076440722303
0.10667800648066232,0.12535257152593446,0.09700765687058584,0.11863491087281397,0.11610805029432557,0.11817570190470365,0.09519909835050384,0.12721864081056825,0.09562536288990203
0.11317832872726785,0.1227276482663238,0.1706253326469331,0.08735679637866017,0.09824418002158271,0.10085960248661903,0.07933532294565167,0.08801382889917488,0.13965895962778682
0.11748175772982779,0.12005089193548447,0.19612676617881897,0.07932676130046125,0.09529612375032359,0.09410809086938095,0.06704746993999515,0.07641992235266858,0.15414221594303923
0.13088387709035543,0.08943784617556184,0.09305279356920898,0.07857174961441098,0.05277825732521236,0.09546163459048618,0.21660659014055175,0.09667479563352427,0.1465324558606882
0.1305507809894786,0.10263479834799127,0.15792858469767987,0.07093946185467288,0.06403176130894257,0.09090600732669459,0.13367236056556073,0.07914414462836729,0.17019210028061216
0.12784075632237538,0.11412844123293348,0.2174573695514188,0.07056009259861006,0.08950751414665452,0.08549405935537192,0.05502964531212911,0.06374284331107531,0.1762392781694315
0.10845193854883543,0.08794855773623116,0.03895900811767749,0.15216317255710807,0.08818507419394973,0.12806608251576712,0.17234262871625128,0.16276029879363027,0.061123238820549465
0.15263880995203552,0.10057084408528823,0.21869471869589077,0.059317861869133154,0.07305517731912088,0.0739509300454043,0.05234139995156626,0.05146349250122475,0.21796676558033612
0.10173107770878588,0.1345620533831591,0.180109845457324,0.09638284858167719,0.13916312846255452,0.10096913171383763,0.04247674257013464,0.09246688073993498,0.11213829138259206
0.10706477205402658,0.11913426268654774,0.06834586581401998,0.13559580394016826,0.1202340984206407,0.1239920743242055,0.10231576447238604,0.14681739235415683,0.07649996593384831
0.19835817899487573,0.08852100634097286,0.14199938417393196,0.08140329044899287,0.14400052759919543,0.060003291560559224,0.005293497623537889,0.03207922977393265,0.24834159348400145
0.11292949059924512,0.12450814394760133,0.19993755675438074,0.08276157759219516,0.10716905525199383,0.09504810691216063,0.05526687899337605,0.07763283018984195,0.14474635975920513
0.11524840928885259,0.11808388831658916,0.14269903784285343,0.09059408542582785,0.08851471727279303,0.1044004115316582,0.10779494883220113,0.09596714383633818,0.13669735765288646
0.1202200819356673,0.1175219966055542,0.19632065974573468,0.07695129138011872,0.09001934079464612,0.09278597071678933,0.07159975528483427,0.07477355214896474,0.15980735138769056
0.11612816310815309,0.10600297933646156,0.08738544325784221,0.10224907433194082,0.07625882312496286,0.11115188432281609,0.16728887593915923,0.11478158231595748,0.11875317426270666
0.106531325093088,0.1251618072519,0.09360397388759077,0.12061146464499978,0.1174324816129757,0.11891452297382331,0.09507083884042854,0.12956845668613257,0.0931051290090615
0.1100402829555026,0.09574125591448664,0.05038653007063726,0.13026148204646024,0.0808275859255475,0.12231171091311026,0.18391194039898154,0.1433955300228579,0.08312368175241601
0.1044110683988324,0.13080313513117614,0.1125662427727978,0.1156118158048237,0.12819764068214012,0.11535578984918238,0.0752803819210433,0.12260357021659922,0.09517035522340495
0.09875304236889382,0.13755675939207687,0.1642394828342971,0.10319771221726297,0.15397883951580613,0.10337329717583503,0.03904756482897626,0.10206154454534866,0.09779175712150306
0.10640391197086596,0.12219608806524167,0.06700000656999508,0.14040281737168867,0.13591649445439805,0.12347222083207345,0.08393908125632281,0.15298083980341934,0.06768853967599503
0.10655411809704074,0.12245641012114783,0.07740879948574937,0.13015785391395437,0.12119233517225714,0.1222041761955594,0.0973206856404456,0.14077604310656014,0.08192957826728546
0.11400702508954678,0.1150160329975362,0.10921054050865409,0.10043602973555439,0.08674441181214644,0.1105672609837441,0.13183890512618704,0.10952315561347355,0.12265663813315737
0.11969969184235173,0.10369875867499123,0.09642014783994513,0.0939356583173155,0.07043120775030308,0.10641456135935114,0.17280908802493958,0.10691618896834053,0.1296746972224621
0.11981437212429301,0.08907598592243775,0.03456402887036143,0.18664960806910177,0.14928844700697366,0.12470791062152797,0.07607306677082297,0.19260600257713514,0.027220578037346274
0.10286936483057783,0.1329529279202859,0.2056121302839996,0.09000206672332545,0.1437875250226409,0.09396301376870152,0.031251328669888286,0.07975427544435408,0.11980736733622639
0.12331666335596732,0.10896957112935877,0.14742281149387668,0.07993738045088573,0.07290892199852747,0.09761584139497916,0.128179206036004,0.08742674919056707,0.1542228549498337
0.17021181580988343,0.10290151302546054,0.18809838908550558,0.07946799074364659,0.14891510446648568,0.0652730479876164,0.007253742144259484,0.03790433003274602,0.19997406670439624
0.11502718122374417,0.08544549473730585,0.03432711592477525,0.18111727775303735,0.12006795160536991,0.13005854932456287,0.1117019432559821,0.18625672555055597,0.035997760624666454
0.10780344290338113,0.1282484458079379,0.15718354442023294,0.09627069698084079,0.11218261669724207,0.1057171559175103,0.07211922491651225,0.09753696365168525,0.12293790870465726
0.13048658623889686,0.11530596500643177,0.22846377736898926,0.0708964565179326,0.10166765385308053,0.08151435525240146,0.036224966100935986,0.057516829239670476,0.17792341042166104
0.12795455025527971,0.10021948407540311,0.12546650736399054,0.07759039767201521,0.06207957385403142,0.09591754189362826,0.16573533621934838,0.08989807593629462,0.15513853273000877
0.12051649837756556,0.10203868451431153,0.09451442269709798,0.0929996168805789,0.06840513362070673,0.10571983716085752,0.17882696294813638,0.10658154953463883,0.1303972942661066
0.18179982130505937,0.09682330135561344,0.18426448695012376,0.07295553222435135,0.1243315178603913,0.06336634665302641,0.00980028521687397,0.03677468243489731,0.22988402599966315
0.11553752438025137,0.10886316506590582,0.09347870891936298,0.10184153169759717,0.07933690101572143,0.11115093593248855,0.1563943974778538,0.11337889093831877,0.1200179445725001
0.10809817536449012,0.12670985402005888,0.1331140040948919,0.10267550245285699,0.1093208382056906,0.11040119026271826,0.086497784940286,0.10725075527864232,0.11593189538036486
0.10718863122380823,0.1181256565728253,0.06346823545816296,0.14035958949281993,0.12445199341415748,0.12486562751516461,0.09872573644258142,0.15208301190979392,0.07073151797068618
0.1014304087544935,0.13270076735120181,0.21695223276045306,0.09043807867923988,0.1776669004226535,0.08495833812044361,0.015086535145773182,0.0697736431255993,0.11099309564014222
0.11404718521569294,0.07112858536769033,0.030934452206689944,0.18520990170725163,0.10014214377328497,0.13163212951722073,0.1442076077678571,0.1887551451267209,0.03394284931759134
0.12260153143825575,0.12167559127269761,0.23061992331095668,0.07826063796077802,0.13551852088537883,0.08011220560719033,0.01957505837434244,0.05605678805263362,0.15557974309776673
0.10729421013507186,0.1175427955759047,0.06453953095180935,0.1383125397802616,0.12019393000285307,0.1247473586734747,0.10391791798653342,0.14972379875525818,0.07372791813883316
0.10630791973855007,0.12246360539630914,0.07088437394904067,0.13648972244158586,0.12991535654771602,0.12322170811313836,0.08930854296773172,0.14820929777726374,0.07319947306866453
0.10662795092433673,0.12688177967650643,0.10894088683005615,0.11348165949721595,0.1156378651947399,0.11578102721791399,0.09039726669743646,0.12074829169784557,0.10150327226394883
0.11926365618322303,0.09016078699431111,0.06348935442576946,0.1012397283387052,0.061209383411854584,0.10853396387603519,0.2243165809835527,0.11862474805332401,0.1131617977332247
0.17981740095276585,0.09185288550968003,0.20175622650576375,0.05825236455942468,0.07824412476784964,0.06358140915719616,0.029249334014964518,0.040735503213696435,0.2565107513186589
0.10882791655639255,0.10544059855647571,0.04810088150247288,0.1514566595383298,0.1129758020302316,0.1281031970637733,0.12091055567839044,0.16228085098465725,0.06190353808927642
0.12156423815569518,0.101776705547391,0.09833754843399067,0.09062104291048462,0.06730491457362965,0.10431438283085898,0.17807346710168362,0.10414496694376374,0.13386273350250244
0.11072065970505551,0.10711819669385342,0.0670469767319918,0.12162089614616832,0.08807906462338083,0.1201373999117693,0.15669062977249806,0.13367742502810964,0.09490875138717318
0.10830160961929451,0.11133681963877623,0.060717168241797285,0.13567648799931809,0.10528177945905708,0.12488787338494721,0.1281571475270877,0.1468861498244215,0.07875496430530039
0.10586144169453099,0.13054136105888284,0.1594625522454175,0.09782424589975691,0.11953156340836608,0.10571765807793061,0.06439904081036261,0.09835282758512269,0.11830930921962986
0.11089287696569476,0.12504192382209736,0.16613349057401605,0.09071744870235743,0.10361655335037977,0.10276692707027975,0.07620695038346087,0.09142608569407012,0.13319774343764393
0.10794307006920788,0.12815572424840352,0.15938041232949574,0.09555295791318841,0.11193318079743542,0.10522592835496188,0.0713372654239395,0.0965268336879163,0.12394462717545139
0.10458416465552234,0.12900415957370884,0.09190049130854815,0.12567753514399552,0.1336493757951129,0.11911306101197401,0.07758416515555545,0.13555840246322096,0.08292864489236185
