0.10828087591865816,0.07205774739366601,0.06818538926588552,0.13451880237114253,0.12332459736707573,0.18377745205588494,0.09704126583065938,0.09725627637180277,0.11555759342522498
0.13211512677729195,0.14118202373289696,0.14042270068175974,0.11237667388957849,0.07536684205926933,0.051009655392798565,0.14836742066756883,0.09874873771830646,0.10041081908052972
0.11768440822412862,0.11953245504080663,0.15561335726168699,0.11927128011806899,0.10808592176389491,0.03466576761823088,0.09698160822076451,0.12624861460669687,0.12191658714572155
0.08912954939518362,0.14607353322567004,0.04422709582257379,0.11401718733730427,0.08770059795742514,0.08953957219642379,0.20927540464132288,0.11120086743470281,0.10883619198939369
0.10847322384751425,0.04059476604547185,0.048216131346820436,0.09028608677980128,0.08520497364328772,0.3132197519951767,0.13156526226867632,0.0792245477273884,0.10321525634586308
0.09860619158334331,0.31462833472761714,0.0553889212669346,0.09934649401972118,0.09981788841596663,0.04041542991276289,0.12513712600211221,0.0706343128428308,0.09602530122871122
0.1312837607859183,0.061965878755684135,0.04591689365656695,0.12651043304629095,0.12162945692595613,0.07079627124061051,0.19988702375847914,0.12318305379093636,0.1188272280395576
0.12222957664529514,0.153626675084193,0.08622630878612346,0.10936509883000554,0.16368653629951818,0.029062663610517018,0.0994052675219001,0.11028211329947489,0.12611575992297264
0.1072710088177226,0.05063683768648267,0.08241317123666346,0.11262823510689834,0.11742472012529269,0.2689289983318391,0.06547958097741442,0.09356791612794546,0.1016495315897412
0.10345195943560155,0.03660593872241042,0.017002521103841425,0.11329841004190876,0.10077271990587623,0.34086055857583114,0.1056332917713489,0.08027622760262697,0.10209837284055451
0.09702990172874366,0.3265714605568249,0.07290525698964466,0.10696140756021331,0.10339305987646542,0.030014212151526845,0.07116320430717171,0.0946163876674511,0.09734510916195838
0.08816641572019035,0.4254796711797191,0.05695523266972963,0.08041795435993553,0.06851472623743958,0.012547091127263757,0.08504396152636522,0.09925451388539212,0.08362043329396479
0.11602476629935897,0.19588158509191492,0.056658380356160276,0.132407999369497,0.1164041648290169,0.03942440547930032,0.10593502249186511,0.11303722839841752,0.12422644768446904
0.14993195121460698,0.03833944807238663,0.048444174722919064,0.1235046690671998,0.15297454680202982,0.07422110989913439,0.12424478121839815,0.14837287665582558,0.13996644234749955
0.11915655394859077,0.05773202473727997,0.03350077160661044,0.13009668167134206,0.1373073181504504,0.20677916648066974,0.07173065534990629,0.11620247504119206,0.12749435301395826
0.12319494851180907,0.09853233931393124,0.0499295280214063,0.12493443609778317,0.12559711471534904,0.12307134826705012,0.1315890517238735,0.09535014757735054,0.12780108577144705
0.12918920976531845,0.09003742425020528,0.06384192610481047,0.14543748586315267,0.10934351926206602,0.09431170145725408,0.10422709307347995,0.13007605972527425,0.1335355804984388
0.09595662614604046,0.2761695571480422,0.1440272563721899,0.0968879642674604,0.09252969888322886,0.0419883791415333,0.07012760511841444,0.08612137056272133,0.09619154236036905
0.12790784705636574,0.1240722620163961,0.0780430528015429,0.11965685595847053,0.09517765893560655,0.1185238313640571,0.09312748083105715,0.12691761693639383,0.1165733941001101
0.11583176446773985,0.21184861067792035,0.0782928726111189,0.14240093408474822,0.12208651499687573,0.02872885870837061,0.08716743955621215,0.09329488409597429,0.12034812080103989
0.10717586220425017,0.0865779669697937,0.018558571274922164,0.15719168375516604,0.12022518137423534,0.16713277585621875,0.1256267232338654,0.0970181073613731,0.12049312797017535
0.0987235699470192,0.025443577055524993,0.06926012880123332,0.11891021821461056,0.08645953650566386,0.28046618590850875,0.12800730843076827,0.09472649672145954,0.09800297841521151
0.095102571150023,0.09811446154616017,0.3557869186051099,0.09542490002944896,0.12137741821109792,0.009292409250955107,0.043601414412635355,0.09072449420251234,0.0905754125920573
0.09685087064579674,0.10396585760825332,0.034937511853007745,0.11033010942487827,0.09480342076884644,0.23705377622367532,0.1324681908062534,0.08016357654190974,0.10942668612737909
0.13838894789022868,0.14391307125740238,0.0213668427649187,0.1420007354626196,0.141444467060132,0.15305111944329608,0.07688722933451687,0.07340711934122761,0.10954046744565817
0.09252100260505214,0.20891260246041235,0.10312000752145319,0.10864185770795287,0.08268221971742568,0.057235227834274115,0.16521452416110796,0.08068891264013299,0.10098364535218866
0.09522180984323074,0.060182189339874036,0.10716888105503997,0.10265638095408447,0.05569553926097079,0.2906698219715978,0.13314285065117684,0.06418456227248986,0.09107796465153556
0.09034418937338784,0.02142677980771322,0.25962803641410664,0.10506119061683289,0.12454971555572251,0.14214963209261233,0.06093775920398025,0.10133013500339978,0.09457256193224457
0.108893417686258,0.09939752628879905,0.06254779541441632,0.13123236044736383,0.08466209331869527,0.12679071442678153,0.19000021210475748,0.08708957708290062,0.10938630323002792
0.09903797659419278,0.06892184642910765,0.03175226068380111,0.10571830547134138,0.08050999845694812,0.2800399631053638,0.14677598542470513,0.07965152036746936,0.10759214346707062
0.09335176658913118,0.11654725663032513,0.09965626774934733,0.12279419528369012,0.10338976865935905,0.05531763726222999,0.1811103143709549,0.10043026703918072,0.12740252641578162
0.06829483025031328,0.3227400630560345,0.09490807252287208,0.09520712988270424,0.10258952158063972,0.007034266315709186,0.11050196063385886,0.10597318863827965,0.09275096711958851
0.10978556789151069,0.02823252494436748,0.03133685546126803,0.09723733028253201,0.09503939278099809,0.31252674841861805,0.13565922428001806,0.08244849244138047,0.10773386349930712
0.11138440086294876,0.2111180898232853,0.11078633467785215,0.11208991336732166,0.12474429464825243,0.062173025618390144,0.05830020574273794,0.10713090541791027,0.10227282984130133
0.08710326303566789,0.027681880054062958,0.04826079443923307,0.1061563841397642,0.09713988072909778,0.3816937770205229,0.0632064144049661,0.08341638427995829,0.1053412218967269
0.11215742351093665,0.1321855298557677,0.06029981352367153,0.11721725668625406,0.09939594922122762,0.12283838574377291,0.1636769800963922,0.08158229768936631,0.11064636367261099
0.08997300639852805,0.05194587810158974,0.10122918348763682,0.11113052176645098,0.08549544786491174,0.2643210106424036,0.09862092851542999,0.09253377260956881,0.1047502506134803
0.10516411699760535,0.22135704024658268,0.023476965521333926,0.1109754464879046,0.11180532736966876,0.061222318973918964,0.12045382155627227,0.12507665288852834,0.12046830995818515
0.13061084553510618,0.06277749285985856,0.0209298600920222,0.13001787966295394,0.12961250838318925,0.1441851803685562,0.17437925470169544,0.09273051622972907,0.11475646216688921
0.09693146674738305,0.30809134096328566,0.10801685044995679,0.09290120347552187,0.09744944941501947,0.03576793757384891,0.09150332407928717,0.07868105502380136,0.09065737227189569
0.0703098174821654,0.2432061225705201,0.23255485670505668,0.08603753505217172,0.07629352061834681,0.02098945793317912,0.04828000840226959,0.13381088747404876,0.08851779376224185
0.12790522843312674,0.11267350712698739,0.22027763514900314,0.10980348305449666,0.09262817215736137,0.022611397705849644,0.06799254404981221,0.1349279861530126,0.11118004617035027
0.09354219156344896,0.07701708638089061,0.20615242986908525,0.12848960806011456,0.08760334656236085,0.03876341847566273,0.1531294145025947,0.12238134989066951,0.09292115469517283
0.09578053362266747,0.1163690460037539,0.07399444825375316,0.10394817095007484,0.07653804998193187,0.16244236456547412,0.1677312498105242,0.10276691184471969,0.1004292249671007
0.09237497712806926,0.18346985278155667,0.05601811804514407,0.1288385650727437,0.09832968410641307,0.10508253565023133,0.1443977734265203,0.08239932320101906,0.10908917058830266
0.11336873682953848,0.11669604373525468,0.08766636380819331,0.12802319086442335,0.13536600903165483,0.054266397039429315,0.10446792515846608,0.1238484632366278,0.13629687029641202
0.10179933846228184,0.33290253954891874,0.10831475095263364,0.09012980411121292,0.0645740219369702,0.025025737575778095,0.07300845202926344,0.1178100016223657,0.08643535376057543
0.11142957401874502,0.04627627775465621,0.1492619723011525,0.1197243044105822,0.11986151366779314,0.09651582508286316,0.14240090745418668,0.10798501975085713,0.10654460555916388
0.11163773586762182,0.1756297782070546,0.19307709625017652,0.10866605158362962,0.08093455283714547,0.07373920991099699,0.07471591020331242,0.08375835324586889,0.09784131189419372
0.10476874954905047,0.06371831271684301,0.06378238019957323,0.1390283732811603,0.11805457950378517,0.15170661774776817,0.15837371919412016,0.08589629888820159,0.1146709689194979
0.10917634043450324,0.09294066954783486,0.05560730787877157,0.13042932581079061,0.11134646292555621,0.17235099391352204,0.12696820294371378,0.08467813620557811,0.11650256033972971
0.10356107555282024,0.1572836767025633,0.03376592897165856,0.10154800664679288,0.08354959606028013,0.274536824034651,0.05164482454845281,0.09838783183749183,0.09572223564528924
0.1203042905557617,0.0831999625574058,0.1664447496675249,0.13284273971426366,0.10126159249918605,0.04487981418560658,0.07980213903547125,0.14388405778929828,0.12738065399548176
0.11091821526794972,0.1746024777077523,0.15357821363434054,0.11093389623649123,0.08095724953629811,0.056087211202056786,0.06241520182414904,0.16070467235214794,0.08980286223881434
0.10331447245169904,0.05257140965962274,0.027464038438903198,0.11759742792982757,0.13945738197767774,0.21881615463141169,0.13794222161419176,0.08533683537097098,0.11750005792569525
0.10937310158862852,0.23919576835449108,0.05579319156612298,0.10480718865218631,0.10367174209673202,0.02367304094883045,0.10228927010308335,0.1545181222452511,0.10667857444467425
0.14002594994509052,0.1258964356360733,0.01607265077320616,0.1214133263580276,0.16467057264655943,0.05755512641585392,0.06560430673245707,0.17172444605444892,0.13703718543828314
0.11163939608146033,0.05123740985807964,0.06056543584789734,0.12453971726428457,0.10675869437927515,0.17957095766596223,0.13071047156698382,0.11805183015190891,0.11692608718414799
0.11965738766573526,0.23982025781570168,0.1260694388763153,0.11325719417253031,0.08581347746253948,0.0218207167270108,0.06356283019363804,0.12261755655625235,0.1073811405302767
0.11829730437917062,0.13810415137798104,0.03263591262773486,0.12371462256931838,0.09568789608272758,0.10140400053402193,0.19031491284826788,0.0959502139583801,0.10389098562239761
0.11936421836246758,0.18820447440441568,0.08917688347645512,0.13155099457739275,0.10056094622574267,0.01228781892259175,0.11969255778083134,0.12639714602709554,0.11276496022300764
0.12024605308435954,0.23950049526716422,0.024327653428305937,0.12403272774736714,0.11541259863724235,0.0749475809379458,0.10951206737563918,0.07612270390857544,0.11589811961340042
0.12278455910034225,0.18322928939061486,0.15528368125636,0.11137596457786596,0.10860120065823625,0.03915395303122195,0.08736794475062444,0.09742156060299034,0.09478184663174398
0.08956147178315776,0.08601143128010054,0.023879550121770256,0.12332880226422133,0.07984610061779394,0.2536226475831241,0.1653512656940519,0.07959967009628761,0.09879906055949256
0.10011883153154084,0.09400919065928669,0.04334853730706875,0.12518346919981502,0.12406789946613102,0.11027576141619845,0.16722126979510735,0.11934636254882643,0.11642867807602543
0.10809522120636265,0.0744225873955669,0.11784091226478144,0.10125417807528621,0.11677597425833869,0.1362695545830562,0.14415396121038215,0.09027412764110487,0.11091348336512084
0.10099302049870983,0.22854224441951856,0.08112419328479725,0.11214622002337048,0.12594022522946727,0.015195191425535931,0.06690201692955175,0.1451826043711464,0.1239742838179025
0.11059863010411226,0.331455813653602,0.016835710780805587,0.11047860100123567,0.08882179181619604,0.03672525056684304,0.06824214263309737,0.1283848011025935,0.1084572583415145
0.13505894731064894,0.13109945138529,0.04627338278512531,0.12216335957989981,0.13844484040077162,0.0477655191824623,0.13357888450730715,0.11778116120173067,0.12783445364676416
0.10553788945150942,0.27731622980593107,0.05433782686894876,0.10905850229756513,0.08951563372534237,0.05419457499032116,0.13282227858553394,0.07913601235957597,0.09808105191527217
0.09809893014952609,0.14302694086548226,0.022268953393672703,0.09817099176595963,0.11645433613801341,0.22129952362224906,0.09843781464587771,0.09116663973024791,0.11107586968897117
0.13231433888919428,0.12464302516105763,0.08608009986596916,0.1095933573433806,0.13927006155770533,0.10923505528838046,0.10435438084418158,0.07769096238233013,0.11681871866780076
0.0908228590634234,0.1974117351778949,0.06633523993315746,0.13365608005922747,0.11044369686903371,0.04354079649112414,0.15809437386147562,0.09218856881942365,0.10750664972523967
0.1377486270924104,0.22102942728563457,0.05977480834202594,0.11671213510094132,0.09529986481311298,0.11523392729544364,0.07358660023205056,0.0771107450751039,0.10350386476327668
0.11445637774194077,0.23109534181069744,0.11109623206382414,0.12137334634414461,0.12614661504012295,0.024314560953173792,0.06742353392487414,0.10071631393425069,0.10337767818697137
0.11959622043453895,0.186133424721757,0.014572966447950439,0.1206834368948047,0.09966421727017676,0.13842942769046104,0.13011591299378433,0.08604992774121867,0.10475446580530817
0.1128838659604156,0.08288059439476497,0.04122714653191777,0.12586525343636337,0.1270911933009775,0.13865934991156326,0.11193641047048301,0.13073877143783952,0.12871741455567495
0.10137967585058046,0.14762823214165247,0.025465696211455377,0.1356027446368624,0.12439338074384972,0.1253642931132235,0.14025783955845134,0.0914369301331398,0.10847120761078498
0.10926814508774267,0.21354184641670196,0.01586204302855838,0.10357292159438723,0.08388630850344841,0.08355609542015381,0.2176537719710455,0.07773945259509922,0.09491941538286286
0.12164781942200335,0.13016929628845128,0.037791201504401795,0.14616935952584148,0.14820610176935753,0.07549098484945974,0.11117463704253094,0.10116136462280874,0.1281892349751452
0.09317906010021411,0.2657370956114962,0.09281013253797882,0.11132734747292056,0.09244190419095631,0.03494360050307628,0.09454122505192693,0.10927845699834575,0.10574117753308494
0.09211101777577063,0.01794628549316782,0.07550171383409897,0.09172221566888938,0.0675343477015924,0.2560320157758269,0.23033344807819833,0.07807692338810447,0.09074203228435102
0.11663947437931355,0.23710755660824975,0.020995498860413617,0.1398026178216362,0.12114281010723793,0.09866109575100228,0.07451252967953126,0.07810667381692425,0.11303174297569113
0.10548962738279839,0.3947511570406114,0.025158572376812738,0.10163220149800974,0.10025066538622474,0.03311709768355741,0.06977634881857339,0.07284379746897217,0.09698053234444005
0.14230708942088754,0.09453430570950035,0.08117436432175941,0.11165772946082549,0.11591881338678484,0.10397943680883522,0.09923381015156081,0.1271259332615892,0.12406851747825713
0.10442029814250658,0.28321046501274905,0.05761895912560275,0.09679624357832561,0.12501112965796654,0.01976014331338678,0.07798676607308809,0.1256814787229328,0.10951451637344184
0.09359621676682413,0.037331229446331556,0.048320590330969,0.1616685570023306,0.12213177899582718,0.17862027208912892,0.11040112004688911,0.11528360509649509,0.13264663022520448
0.1096063716239725,0.23398698892362382,0.12070963619909598,0.11734586413453647,0.10161206236380739,0.020381150152516275,0.09079835248506875,0.09752325440049374,0.10803631971688499
0.11260030019787708,0.04449155815063748,0.08252224937855236,0.13698894569729891,0.12492540984296602,0.09070188227179839,0.10814599155550625,0.16497638852538218,0.13464727437998125
0.12310713875778632,0.09682110181699712,0.0460069952902094,0.13228012486794113,0.09817883505874773,0.14647980700378146,0.1508750989232133,0.08799373143494221,0.11825716684638136
0.08012173201698637,0.1406548788930745,0.19664593260584076,0.10079092542919944,0.12441892887913804,0.011329965173531168,0.07014601752581703,0.16276546615302198,0.11312615332339072
0.09516170137362871,0.06502711392999062,0.027716198031763173,0.11095093842009097,0.07400037946932855,0.34557843517765036,0.09115965994915431,0.09329722690848063,0.09710834673991268
0.10746730934043051,0.22057604758089958,0.18456585808886108,0.10279826659710233,0.0805247932253278,0.006921169947667949,0.050777375050985896,0.14952528240394147,0.09684389776478336
0.1129577421993534,0.19130699072390142,0.07419622973291155,0.12023911489296414,0.13141180835707306,0.07245706410573634,0.08862164377191584,0.08503338577045227,0.12377602044569191
0.10131722295824246,0.05912731824423542,0.11983646936452509,0.09820129985004711,0.0831082566843444,0.19836326474862265,0.15966989264543027,0.07618949219842967,0.10418678330612297
0.0971375713161563,0.14524674660707007,0.08916558661521014,0.11138845950695364,0.09006194500816588,0.10770225684184347,0.18535374182712014,0.07472064663959983,0.09922304563788054
0.10940281519951545,0.15305383706250136,0.019331313687152837,0.11002810390891722,0.10757743037427654,0.23470066482746552,0.07645684430458463,0.08766209441295177,0.1017868962226346
0.1176262190492512,0.14312503717468864,0.026584698313820477,0.15422505352380966,0.1425148218230895,0.09404786924200324,0.10874551367484564,0.08946022904027694,0.12367055815821475
0.11621405438854415,0.14022068487648584,0.052647175745795784,0.12057849293357899,0.10277974268732414,0.07964685013036546,0.11573816095408389,0.15518732324346898,0.11698751504035276
0.10556131557190589,0.419031952024648,0.054347657243959756,0.10379769966992668,0.08239400404201881,0.029866169814022892,0.04545570995308897,0.07599390697974973,0.0835515847006793
0.0906079883804674,0.1335804348664128,0.1509594353184258,0.12308326069800483,0.0684381717655241,0.15625454763424318,0.10442553368081615,0.08288835911923358,0.08976226853687219
0.09805602722307667,0.05169608700295869,0.04669517188500532,0.1098022624293344,0.11242694649578733,0.30893854205576715,0.10686153906427977,0.06516211587422903,0.10036130796956173
0.09678781935619675,0.052140850030822805,0.19818796858935736,0.11595260956902158,0.12563476523150374,0.07898519381293966,0.10810506669140092,0.10341083921884041,0.12079488749991686
0.09756268394583989,0.09004433500746907,0.08888089340562695,0.12339341825453669,0.09972249414583177,0.11079358115199484,0.18659650608626058,0.09411102296597314,0.10889506503646702
0.13231341132763533,0.1960226596822803,0.02690224427763613,0.12927283062051573,0.11633874764193915,0.07677490098245938,0.07914456358686335,0.13042132857723823,0.11280931330343236
0.11095923294907517,0.043020394554563725,0.0451960659040217,0.12973826659981177,0.12774471256489753,0.2358951983824539,0.08541947857196874,0.10731426551921525,0.1147123849539922
0.12060502883884268,0.21410147631913945,0.020678205507522012,0.11885380106332821,0.10543255280117937,0.04004551104885519,0.13843968072072607,0.11968213919030464,0.12216160451010237
0.09198595895646332,0.21727103950744012,0.03578803629942795,0.11511581010489043,0.10345559284725563,0.18328029306274748,0.087487257344207,0.06954274352123696,0.09607326835633108
0.10084189396826675,0.09332758507893725,0.019985293906708505,0.11807275495293885,0.10256302588949084,0.2963380988848295,0.07301798097118169,0.0898698756177012,0.10598349072994552
0.11243337594672613,0.13865408950396527,0.040408340228240906,0.11630301694188172,0.07796379403473268,0.19539922694465703,0.1274897276005828,0.08846143582702644,0.10288699297218702
0.1312837607859183,0.061965878755684135,0.04591689365656695,0.12651043304629095,0.12162945692595613,0.07079627124061051,0.19988702375847914,0.12318305379093636,0.1188272280395576
0.09399244594942872,0.3515784875097268,0.0542928651474304,0.08795706770590617,0.09827737179949586,0.015618077653164392,0.07852215653433871,0.11849418257380051,0.1012673451267085
0.12703018468195526,0.1105459721970841,0.03735485745484237,0.14246792299587582,0.11622469157462129,0.16306515686271708,0.10898447735234812,0.07853962936019566,0.11578710752036037
0.11830830644501446,0.14123619785673874,0.07245610207497839,0.1088784106282324,0.09928883216318468,0.11747805753805429,0.1561242525070511,0.07616769139693715,0.1100621493898087
0.11131653803383823,0.2552237116141974,0.009139079272677132,0.11324491357569584,0.13044454430858596,0.06147901902466372,0.1285998463529958,0.08234551786192981,0.10820682995541615
0.11471209297779617,0.12755088874103285,0.014435013079000315,0.14022243419444183,0.10491968696670277,0.12843492694417077,0.10724417385286815,0.131957035294183,0.13052374794980412
0.12777149862726464,0.0560880311088868,0.09287572886226436,0.11918041599611388,0.13597017318789326,0.10856158425122374,0.10197911242894035,0.13415089326947205,0.12342256226794095
0.11215381533682782,0.09169557059654661,0.031094325530288153,0.13439128044139045,0.1064532728582573,0.19270398127007524,0.09459492017060024,0.11216615240189572,0.12474668139411847
0.08342609026554482,0.1188432720174024,0.18380134089412956,0.1389014230217417,0.12798701883316074,0.05958607567033677,0.07296167590578058,0.11201861248525476,0.10247449090664869
0.08340371937182274,0.1128218866221627,0.02911440466080252,0.11791423051764811,0.07500491046837832,0.2850189983060633,0.1096942813268227,0.08776825084604639,0.09925931788025318
0.07972555815807558,0.09385839831998251,0.01752645371093367,0.1258500094827608,0.09334178054759058,0.25928792180742816,0.11561895103819501,0.10475740250059595,0.11003352443443781
0.11089403806615424,0.34864680832172623,0.023627354723625617,0.10333917375946611,0.1004300161348131,0.03253206791618108,0.09253877870303816,0.08865666236361541,0.09933510001138002
0.0835050631641922,0.09683069450036925,0.24167245351795227,0.10026428870075123,0.0904235209737435,0.020118962999564356,0.16369088221551248,0.11078104282663503,0.09271309110127972
0.1187367878225853,0.10968381037707407,0.0647527185634446,0.14262860458807627,0.12403919431544769,0.060816625346091197,0.15940782871092893,0.09621358597807032,0.12372084429828167
0.11472808494329623,0.04693422798595872,0.02242402372699162,0.10955927429376733,0.10297519276417788,0.2819095966503931,0.1255566309798469,0.08703487536156469,0.10887809329400354
0.12855309563936626,0.09246352749971536,0.06850807511299548,0.10983391223674506,0.11419175108233992,0.1589431502902041,0.12377584904003269,0.08920913093239846,0.1145215081662027
0.11686796282661634,0.1339433889177487,0.027250920560246337,0.1051500905828942,0.09548950515287112,0.1585165728908976,0.17062814530598214,0.08124510191509488,0.11090831184764871
0.10457793813619769,0.3396524759085217,0.009941496883635577,0.09936650557991596,0.09797595603221337,0.05179380978790277,0.13348640838452572,0.06951376031402522,0.09369164897306204
0.11564074290369326,0.09592467423566087,0.2304294398039278,0.08439287840001546,0.10083602978014165,0.04222458685480036,0.07280830893644129,0.15315336981047015,0.10458996927484925
0.11607651307766349,0.14632444522323299,0.013677029244935607,0.10422759469909891,0.11063091946779141,0.16479868412282037,0.11518684920370807,0.10789262220378708,0.12118534275696209
0.10025825761865126,0.15710785451879414,0.026558956089744578,0.10320586858461367,0.10656480821765713,0.2312637729464527,0.11958017111259929,0.062199389493973335,0.093260921417514
0.10972214292843734,0.10895139995912966,0.13939664310323807,0.13035762958984828,0.1450971363731245,0.01671497179305903,0.10614397916918901,0.12521657773531666,0.1183995193486574
0.08462300196666189,0.24977068793891785,0.15127730694284924,0.08718918372045247,0.09506029634275115,0.053630449726559205,0.05707764583723509,0.1223801450056448,0.0989912825189283
0.07399900947987344,0.20735316997432604,0.32908507223713146,0.08319986766443409,0.06436016477022533,0.0036033234684536603,0.04791907575098214,0.11419040519496726,0.07628991145960658
0.0969959662583363,0.083787916764431,0.17280119368169586,0.1396150083946838,0.09063218611045783,0.046566078966620315,0.14277445860315927,0.11266620229877443,0.11416098892184122
0.09897638934023996,0.08637081001893636,0.14210827446223884,0.12048704051933741,0.13510239295224255,0.10166244767683708,0.09869776268226638,0.09219214852517903,0.12440273382272242
0.10228917120094239,0.26579511520828863,0.13894955657401176,0.09021653313626178,0.09802295588735914,0.01904642428396896,0.0709956561285174,0.11605983156781617,0.0986247560128339
0.10531742954429835,0.2299503915311686,0.05763363762367835,0.12435660535520521,0.17001066879151416,0.023013762085702997,0.06494654145468116,0.10944648595381569,0.11532447765993543
0.12826973662149546,0.1837810787847266,0.050560057015495624,0.12122808465737167,0.1084518253961268,0.0493948403242423,0.12798759173398663,0.11241251962346943,0.11791426584308551
0.13110146758271504,0.12760385519496217,0.05839820217980405,0.11834048071211734,0.14822428608374802,0.11945317378727427,0.08323529126538799,0.09575119881904022,0.11789204437495089
0.07958705199757414,0.01784186104005801,0.06364554055731603,0.11951241405240069,0.090044522128795,0.23346614011866149,0.22614516792065317,0.07399892795314204,0.09575837423139942
0.11365826685551407,0.06925773500329062,0.09935951783329881,0.12795163622720848,0.127439125609037,0.13523533127274331,0.10752603065195308,0.09016099064792948,0.1294113658990251
0.10752208284793553,0.1881109193118652,0.023616366403838712,0.11523490310152246,0.11313794609128701,0.18462173444921393,0.0731177879964993,0.09051491236369447,0.10412334743414346
0.10463164472131753,0.034150474628933274,0.02374267316276575,0.09887551023229442,0.08114461082024259,0.40674617283958964,0.08732887019415737,0.07145546964250654,0.0919245737581929
0.11306136969557706,0.13810668374658872,0.08811512037668011,0.11897783061645767,0.14983235817355667,0.04408465290915567,0.07553162484186025,0.14752568816761613,0.12476467147250765
0.1129762149771193,0.09999488500932675,0.16017808321758717,0.11806827366465227,0.11831156766194788,0.08148454900613729,0.10149331310222214,0.09349509933536003,0.1139980140256473
0.11098847012203739,0.18126948978593208,0.1708948376012698,0.10273181985853685,0.08368101641597654,0.056641857386995474,0.08721261071512439,0.10118563133242413,0.10539426678170345
0.09775195882457786,0.16902567940591964,0.053703975311150225,0.10573290817017887,0.08201692545327492,0.20095611126447466,0.0775242647675644,0.1032910079917979,0.10999716881106147
0.09590417305435255,0.33962779065095167,0.025181774733932613,0.11129911085954036,0.11132734605664023,0.03518673166738475,0.07929834540670412,0.09466002890415749,0.10751469866633623
0.13041061076952357,0.037615464685344595,0.11434530825733193,0.10427893553083034,0.10874629080323768,0.0778761089383943,0.24299726217443804,0.08102063613184193,0.10270938270905765
0.11580671442819712,0.08644483208863517,0.046714278683002375,0.1232331608119394,0.13272669701490114,0.17511814550073826,0.07694345465662074,0.11984215614327642,0.12317056067268943
0.11152517353758952,0.23811467632280914,0.11794212961319528,0.10062655521566499,0.07794688521096427,0.04278397493147914,0.12738275771831598,0.086447680431544,0.09723016701843774
0.10438947195467717,0.05091765130812045,0.04345553822954354,0.10772907151110948,0.10366864855279885,0.2222916052505398,0.10903087866105528,0.13591854258566333,0.12259859194649207
0.09809893014952609,0.14302694086548226,0.022268953393672703,0.09817099176595963,0.11645433613801341,0.22129952362224906,0.09843781464587771,0.09116663973024791,0.11107586968897117
0.11001762023695578,0.1606030846440473,0.007086603695810438,0.11367617726536117,0.08464399508221342,0.28403763317814795,0.08307641727627581,0.06285519373611219,0.0940032748850761
0.11353476419837726,0.13447283447627223,0.0910531328530622,0.11761738538098014,0.11261540020461352,0.13482790024291347,0.0833920326199609,0.09434316346754851,0.11814338655627177
0.10489995369523682,0.06858207065992337,0.019146136871642256,0.10587489309221217,0.08626958179343262,0.2632572349561652,0.13143655735511342,0.10522415562063914,0.11530941595563489
0.0997437089213352,0.07912793791241308,0.029023116829822598,0.09207618537860895,0.09392734159173778,0.32475531141979,0.12117075380376867,0.06471924249870802,0.09545640164381562
0.08488844719180359,0.1706116719574494,0.27582546995597906,0.10834577472664308,0.10216712999874578,0.018638274240509328,0.04655451941505986,0.09987851268012109,0.09309019983368887
0.11241074382285142,0.13808890536667742,0.06346653151971926,0.11532184582273887,0.13256269110579108,0.11500412253864839,0.08707022398994767,0.11227495370311635,0.12379998213050954
0.13706384191423113,0.2105427020061723,0.039202860492191106,0.11444372801066016,0.11171189847231522,0.08394576782106766,0.09823055821369657,0.08523636529639682,0.11962227777326896
0.12339637606964293,0.2921722256147311,0.0679317254870618,0.11461480011399781,0.08071171624213586,0.09515225349337235,0.06794065400452849,0.06690676497383372,0.09117348400069596
0.08115788162196627,0.12095370142837174,0.16616391659280652,0.10023342685098918,0.0917415580481422,0.19093732843253908,0.07505467270727756,0.08091726293881156,0.09284025137909592
0.10427777820992262,0.04489177240705199,0.08075695215480734,0.11052954502307895,0.11743050787089526,0.2831964066468965,0.06550615108772323,0.08281570699660301,0.11059517960302107
0.1132234703178876,0.16065877129200143,0.018802534474590307,0.11294055951564515,0.1462707325594653,0.1692532876369772,0.09781192722770411,0.06856935104657408,0.11246936592915495
0.10774685943297262,0.1457563449391515,0.05955145744486589,0.12572919787256967,0.13689078418126477,0.05123415522417043,0.16859812923774764,0.09098904200500889,0.1135040296622486
0.10571414947667172,0.4413573896136885,0.025651447091297658,0.0890331585849377,0.0977835474594377,0.009759802223732314,0.07162911988430438,0.07518162125824424,0.08388976440768577
0.10249698153417168,0.09445190743991667,0.15294764114540113,0.10482999593088176,0.09686709439682534,0.09908057990239376,0.14144727897193088,0.09370371560789666,0.11417480507058209
0.12965551393427271,0.09541433465595088,0.05596205934449172,0.10232522470633702,0.14374944252086996,0.042965047195416446,0.20556707909931152,0.10685382102540714,0.11750747751794255
0.10779331209985944,0.053501297594084805,0.12497167117025106,0.11246795007408421,0.09140254086339329,0.19378137254499472,0.1011379459720188,0.09680948450454478,0.11813442517676885
0.10980851834250815,0.12734092851183865,0.03357408501007111,0.11975058268739365,0.0913678568385547,0.1638448505442102,0.17397881663899525,0.07310623189424315,0.10722812953218523
0.11093977410371814,0.1594956223736552,0.07376356148088388,0.11998824868673609,0.14894282805775003,0.04092597018777957,0.09770190920062923,0.11221277021910919,0.13602931568973867
0.14600304299806943,0.10986069429774559,0.12960460246783956,0.11522334972693417,0.13544573306231597,0.05660414553355433,0.08370952370264295,0.10111233756806122,0.12243657064283686
0.10699985649582039,0.09556380393455255,0.25066424967178835,0.11325828056453863,0.12682170259097644,0.018514442015537775,0.07332953199151278,0.10172205506632954,0.1131260776689435
0.10855958383026182,0.04854894736305004,0.020087819303483793,0.14380273944900937,0.10849711817436443,0.2087589585120565,0.15701617652374508,0.09032502651574431,0.11440363032828456
0.09606985547983482,0.06017243166238956,0.048926873217352035,0.12279562929159304,0.1394884764475122,0.1842348617801992,0.11174724000338558,0.10822791061057534,0.12833672150715827
0.12525144989232492,0.2038802154528121,0.025638127913195512,0.133062804585408,0.12682356173693735,0.058576060941739,0.1348783030062254,0.08153251586880832,0.1103569606025494
0.11940316364443615,0.1515116407096875,0.03729868258908161,0.1115532370418214,0.13867299334927938,0.03721574800568124,0.17291889345251274,0.11105062450924891,0.12037501669825117
0.12603834446442022,0.1379165496462679,0.08073844256189562,0.1253280698118567,0.11500592367153441,0.08727886696693599,0.0974462676927919,0.11516068693218424,0.115086848252113
0.10771476017694158,0.08532629262249541,0.26117819365167094,0.10624081039090753,0.10798365930023934,0.050921982839286555,0.07096680607953325,0.10968124956806176,0.09998624537086366
0.10543332802574994,0.14119334616855858,0.10731749920742097,0.11266354186149911,0.09217027724330264,0.08084397104212267,0.13475769628997733,0.11086192353481683,0.11475841662655183
0.10345799402262416,0.05151812506005824,0.04406764309348247,0.1087173254305877,0.11294337566708279,0.21419645773722343,0.16485121479840392,0.087967299269981,0.1122805649205564
0.09502297554587767,0.28340101714001803,0.14141381200927453,0.10091936469022911,0.07547310654811536,0.03456041689288122,0.1013439992864213,0.08230772941125039,0.08555757847593244
0.07954322653040401,0.17349481055465474,0.2617745674842323,0.08941411761975328,0.11925376131855185,0.0077907844601608905,0.08591246616677652,0.09051833659099207,0.0922979292744744
0.11879848463085363,0.07601886906128184,0.04272363196081833,0.11258302793029273,0.10298974431166553,0.19848974757767904,0.15068124297651522,0.08845140778152309,0.1092638437693705
0.11211188450793001,0.09792700829631278,0.04909406204512371,0.10597318233272367,0.10651326016323841,0.1402472929561338,0.1955201066386519,0.07716658960924348,0.11544661345064228
0.09567146066771366,0.04398018135961077,0.1324505651317231,0.13582338640373362,0.11395850476593124,0.09299113467852112,0.14911082953060947,0.11100002112612521,0.1250139163360319
0.1348388625071215,0.06751915609408768,0.09803988943841595,0.1611190350464018,0.11224850318466777,0.05420674076554246,0.1368273817129034,0.10194796535215578,0.13325246589870374
0.13389238009285628,0.31805322570234157,0.01133170788035172,0.09559800779487476,0.07734601675753644,0.13126528137267945,0.0733270644829806,0.065545129488027,0.09364118642835223
0.08862316072231434,0.1518034733830161,0.013134267710469267,0.11401188268399394,0.10499863211475065,0.2757842568044856,0.0763668160967079,0.07970340609079789,0.0955741043934643
0.10328481593351187,0.031233750430740222,0.13394570215232784,0.10167878168847527,0.12039372625258578,0.20403959845140732,0.07304224073411279,0.1177978844168834,0.11458349993995535
0.10759127622832121,0.16685828569187966,0.0855524405207969,0.1065591575666417,0.1010744627016419,0.0678408532750004,0.18068646544449093,0.08181235789218423,0.10202470067904305
0.07133956777246635,0.027002915692424745,0.0340655755778125,0.10647615665335287,0.0728629440894346,0.4562792661149104,0.08976179372722642,0.05362097986671416,0.08859080050565805
0.09775929828495829,0.1118789015356144,0.06214846178154617,0.11481467652878234,0.09070080029143723,0.10116877178523358,0.21319161479782237,0.09884435583256583,0.10949311916203974
0.10266273830115358,0.04081240534783529,0.015139767488557493,0.09284105599317984,0.09975061332248743,0.3542358476673681,0.10293254765781068,0.097809678468739,0.09381534575286854
0.12266971837385905,0.12077469558213653,0.043957108743679175,0.1320388776163045,0.11188466971299686,0.10612640959734776,0.1351742608551547,0.1084924311581461,0.11888182836037531
0.09697147823821944,0.03350584290670153,0.10128069353523406,0.13721495277815401,0.11199138747787933,0.13653694184048243,0.1871204416706196,0.08389267003823166,0.1114855915144779
0.09903797659419278,0.06892184642910765,0.03175226068380111,0.10571830547134138,0.08050999845694812,0.2800399631053638,0.14677598542470513,0.07965152036746936,0.10759214346707062
0.13330794004055746,0.13190628582272057,0.1718532710743751,0.10898951977621534,0.10024257264186971,0.03372492821767221,0.05500322134476094,0.16020337194377077,0.10476888913805786
0.12330010064235454,0.056181482198132716,0.06383116502718418,0.11775169935226144,0.08034163262399964,0.21228204189552713,0.11543846676499213,0.11842496567447801,0.11244844582107007
0.10202308869304828,0.06689751320739519,0.09133124300800581,0.1436923492800585,0.15667235911677935,0.00648804067011467,0.1036412434964552,0.20199624159769555,0.12725792093044747
0.14372204429525692,0.11746400207175445,0.04074214449514028,0.11722695774323148,0.11533312805584332,0.08248178754009172,0.14201524722078604,0.1223943607430124,0.11862032783488341
0.1076598008606549,0.14169105967674725,0.06150794847905488,0.11790053989384434,0.13463011560950336,0.1287276996618529,0.09404115495397908,0.0984212841295109,0.1154203967348525
0.11953864568505797,0.17934084255274993,0.03795560653557108,0.11775554556072339,0.08984456920234847,0.10877167181925784,0.1563012534860346,0.08617508588114335,0.1043167792771134
0.11677953591257874,0.09484829126213129,0.04966134087537655,0.11646472427994202,0.09043113982793345,0.1595610373418966,0.15112065487281942,0.11139802316119102,0.10973525246613099
0.11666002649896894,0.0413234623011528,0.050236789681020716,0.1070830911533206,0.1384080870575153,0.12153569056240593,0.17513448757098612,0.12423779651814526,0.12538056865648442
0.1574683286391702,0.10463307444986447,0.13007914606110257,0.10641754992927836,0.11617140401293242,0.13579289502810243,0.05565797409441642,0.08085962340534075,0.11292000437979227
0.12492464310749847,0.11408670976465529,0.08730617299076376,0.11149694612392426,0.08812385704088484,0.17525572437694323,0.10733774359892408,0.08523573917056122,0.1062324638258449
0.1203643027908734,0.1272986514364187,0.043544361357914195,0.12194452080716411,0.10012770812183175,0.18937868283790524,0.0651975969204368,0.10702566595123562,0.1251185097762202
0.14324220170582297,0.13777517836840666,0.05492078354871693,0.11580194653225934,0.12197858092060597,0.07281079791231822,0.12278355797229477,0.11821362699748621,0.11247332604208889
0.12667542504418963,0.17663423627497288,0.11416884975013715,0.12946679613848458,0.11463375618311784,0.03625220558045012,0.07302474358161919,0.1167104132888734,0.11243357415815519
0.10520300257596167,0.11328034441846568,0.06533167046028313,0.11906631276398448,0.11800286192404381,0.11053731128118553,0.14810725299610047,0.09960387893204765,0.12086736464792758
0.09413793855763376,0.053894924689219185,0.03126436613133898,0.10754107574851135,0.09720937382397626,0.34833434913698197,0.10040273210772903,0.06667197771343149,0.10054326209117799
0.10199052646383393,0.23629894453609404,0.014285261274516126,0.10790967415789242,0.10247678550406275,0.05104386558524038,0.17032977757522874,0.10975326040577571,0.10591190449735594
0.11941834536774014,0.17780906937319088,0.02681043979292193,0.1299433081256631,0.10614962257334998,0.14424622988646582,0.07170133944106517,0.10965638954092377,0.11426525589867925
0.11971329252641554,0.16386141142945101,0.14668995659934733,0.09600424336967862,0.10580775896947588,0.054822417164310584,0.10760670128629575,0.10297602208071477,0.1025181965743105
0.10566125165356077,0.21090809523646614,0.1282853997975247,0.10503312834420896,0.09090062118054358,0.028382017221044914,0.15332892505693493,0.08303041291651114,0.09447014859320484
0.11294364069880929,0.04936196562645282,0.0648986203139788,0.12898021018295655,0.10554638154658903,0.2662091158734192,0.07234189324742252,0.0893280600549262,0.11039011245544562
0.1292242480264416,0.2020164041311134,0.03846092660825524,0.10639759271818917,0.1043750027527226,0.06696279142773061,0.12531965824954536,0.10428099697103606,0.12296237911496592
0.11424851785979266,0.09998919328092269,0.014991917584250688,0.10694708972327914,0.08762717520454566,0.19579400749778872,0.1531472769333703,0.11892362993267369,0.10833119198337647
0.1470637845406327,0.07958670699780938,0.04721978013471791,0.14025799286940824,0.1029694130106832,0.08526339704859792,0.11868661219050587,0.15180760787472616,0.12714470533291866
0.09775929828495829,0.1118789015356144,0.06214846178154617,0.11481467652878234,0.09070080029143723,0.10116877178523358,0.21319161479782237,0.09884435583256583,0.10949311916203974
