0.08877189945832063,0.20970827279818885,0.10937831481042352,0.22035866107689164,0.03648110604541379,0.07035147833247184,0.09768373610899346,0.08568746449260341,0.0815790668766929
0.09057280288425511,0.0788931922799296,0.08512496773578034,0.13059704587804866,0.11567173786228317,0.16131384468143095,0.09768033985145348,0.10277048339249702,0.1373755854343216
0.10619921581070091,0.19908354209507717,0.08948107596315395,0.10562919142196865,0.11207208592551583,0.0754880772061353,0.09944537333189507,0.15052401639494792,0.062077421850605226
0.10675090728842936,0.09575937777832806,0.11400595520853851,0.110532338505841,0.14192219738843467,0.06920754951962317,0.10577441303044909,0.10007305919294873,0.15597420208740737
0.11138918507637806,0.07112402785806239,0.1246783261369714,0.054417169159259905,0.10175685066933239,0.14375367972210276,0.10995449709897566,0.18727398712112675,0.09565227715779069
0.1417393260081171,0.10192477741276544,0.1061314006919366,0.08758455824895912,0.08385080010627538,0.08779313158539437,0.11683627485800419,0.1515109788258018,0.12262875226274601
0.13001099301009725,0.13297696696535416,0.10710851966985552,0.06734163060570014,0.10192397308037338,0.07344099443531622,0.12990877493835137,0.1322027563901369,0.12508539090481507
0.08823982673001936,0.17185684160423728,0.08045964247023146,0.05463658127414889,0.10719534073254583,0.1713736741900503,0.09480400704196805,0.1412250922862555,0.09020899367054337
0.10291063369927221,0.0943563039068653,0.11438493194244481,0.15490474732556436,0.07460265498964157,0.15602469358417337,0.10287897659421534,0.10609485117515076,0.0938422067826723
0.07029963870519672,0.06538518177534046,0.12445110477522581,0.2928096267974987,0.11602937252843915,0.08734558212008392,0.0911700193171852,0.09126658311573795,0.06124289086529203
0.10592186452734802,0.018612347883801856,0.0931161768147496,0.1717221255301331,0.11519170776803715,0.18681003277412092,0.11534821904683945,0.09481799403738785,0.09845953161758207
0.11552023214423683,0.2800268888553105,0.09538495534228504,0.05321187803584578,0.09194599898202781,0.07152537267621745,0.13351787989649555,0.09232901859977498,0.06653777546780609
0.11165698565087549,0.05294700333324254,0.1126901041891623,0.15866400565389707,0.1339751510684031,0.10191335925322094,0.1039938940500097,0.10383434053920272,0.12032515626198609
0.12946166886502064,0.13168373245518453,0.11384985886269343,0.1164111210488435,0.06971140384412762,0.10292398837297839,0.10460391858173089,0.12536029059897036,0.10599401737045061
0.09791660860529518,0.25822187187269036,0.10411567016942647,0.13811688494370564,0.05115607912265722,0.044202287938615394,0.10646684931279043,0.08930527893555627,0.11049846909926304
0.10123778536181866,0.06421544967276914,0.11923678374547081,0.16441055370103017,0.05311041180076311,0.15184978418910533,0.09931555975715435,0.14471581639298858,0.10190785537889985
0.11149921197289125,0.15372652145799512,0.10321213187333857,0.12392195928060501,0.14912582866130816,0.06912717304182842,0.10343183631721682,0.0937766502022606,0.09217868719255595
0.11006865143087141,0.2544588190311033,0.0803618628157911,0.13265752815640042,0.09251601574547393,0.05250613075787259,0.09754933187664068,0.11614470079438503,0.06373695939146155
0.11423495640530923,0.15335256217985915,0.1000919249071911,0.08064520236337973,0.07174366401843107,0.14176779405675397,0.10558636745863981,0.12745629577221976,0.10512123283821613
0.10652577658755356,0.16409004031091548,0.09532220561774545,0.18049138594200745,0.0895434663171249,0.05180731642623155,0.10073645502904849,0.10713954464200325,0.1043438091273698
0.11265642468409448,0.14584763000284118,0.1315944956038317,0.10314843064270036,0.0626342263016341,0.11876266528119718,0.11331275697803433,0.10610386880125759,0.10593950170440915
0.1161861574825294,0.19261037114861015,0.1185606597169377,0.16983642692359116,0.03861662559054919,0.058711316685756486,0.13124320963831512,0.10182032411698815,0.07241490869672267
0.10922466479901193,0.09425531291092692,0.10742991581742191,0.13696127303431585,0.12957326330802052,0.08121058758253798,0.11750840198513839,0.11295534918931704,0.11088123137330942
0.0924923274157396,0.17063261634323923,0.10643574116312027,0.08334561423130304,0.08071387759755058,0.13991909281910733,0.10116558384257153,0.12755437691676286,0.09774076967060548
0.11935981903366455,0.21645693084246495,0.10486071481478343,0.10485283214617264,0.07120089494648685,0.09307931320802093,0.11674995303821402,0.10408711008392134,0.06935243188627128
0.1156748607228666,0.13157228587901612,0.09090591515584479,0.10650507697984946,0.09717966232071029,0.0717321567732378,0.11316784515795376,0.16174803574269966,0.11151416126782158
0.09720769683676311,0.15791126782807305,0.09087885612164748,0.1824092917271333,0.0683548142021428,0.05536840953113122,0.09817759885948195,0.1141543467966724,0.1355377180969547
0.09833275659522274,0.07858904970386053,0.09986280303943945,0.07809955635242223,0.11226184665183529,0.1276826966025585,0.11155104649124399,0.12934050185993476,0.16427974270348245
0.11471561974528925,0.19092450397454055,0.10276186934179843,0.19589232435817916,0.0697895074715939,0.05339897849296452,0.11532753119826018,0.08706820833174041,0.07012145708563357
0.09621036534637374,0.1531129425776905,0.1229214343223309,0.08275951317546598,0.12137866826165804,0.14206619381139252,0.09461919745136642,0.11062134279829633,0.07631034225542564
0.08505186001239334,0.04495852590488905,0.10945970728201554,0.07132261746475578,0.10605283827316658,0.15710397195047665,0.10171600750433128,0.10632124723627083,0.2180132243717008
0.08617386856201721,0.058950270694994596,0.10998337408062393,0.07605976999374202,0.13124576528331947,0.21765453111499086,0.10552237548160776,0.10298322122238923,0.1114268235663149
0.12661250853307246,0.06007855214067139,0.11495290722891276,0.12368104239323192,0.11718495429330389,0.10656229981839761,0.13170335525569118,0.10536967830826809,0.11385470202845072
0.11489623717204578,0.10007998473893726,0.10451659049174722,0.06767097302337581,0.10228047069241743,0.1289393282400588,0.10225897040171522,0.11263263237927396,0.16672481286042853
0.10020484929529265,0.14062351495277176,0.11211986881871831,0.2374591581150537,0.07673900688629692,0.08692104680806943,0.08720377956398773,0.07789528403658567,0.0808334915232239
0.08575583107505953,0.09864388516769795,0.10908242868513739,0.24046845112542617,0.07693171862495594,0.09736028842484083,0.09121926701648038,0.10437385768858502,0.09616427219181684
0.10743244883319945,0.12780122747519904,0.115339494208016,0.2303213467161286,0.0716673683183559,0.055308311939879194,0.09796338358277466,0.11502596855256242,0.07914045037388474
0.1012298094656191,0.06761470645566676,0.1002606054793528,0.1745819041870613,0.09988699402514434,0.19172730169525373,0.08795179551732128,0.08278623377099721,0.09396064940358358
0.09430545645238268,0.22031997255580993,0.09248785911293504,0.22333459977211886,0.08654009005392993,0.04609223932246314,0.0975301015448135,0.07534074281794599,0.06404893836760094
0.12961130650982297,0.07340582622486781,0.07244007339985092,0.10724710233931002,0.16094456352653388,0.221498919150816,0.07826082522966886,0.07718226206826936,0.07940912155086015
0.11552927075562756,0.03913089443804788,0.11475612885100044,0.06133504222888825,0.08498308274149309,0.26382499025840134,0.109675978336718,0.10320601118158333,0.10755860120824016
0.11284341879765096,0.07197761508350309,0.08923179612771108,0.08666338362910864,0.1772232646331298,0.08467590956200798,0.11057752221370924,0.18524708505379697,0.08156000489938228
0.08813855158760915,0.11039375744078313,0.11951656414001366,0.09484235544342874,0.16309663967261848,0.10674290610922572,0.08698774313323694,0.11507452756037913,0.11520695491270504
0.09811810053517629,0.27678977253641945,0.12465860157699932,0.033798946396055754,0.11244561016290727,0.08747223963058376,0.09914528213058031,0.07558429264652754,0.09198715438475026
0.0985852916689659,0.24106175180732178,0.08619529167367827,0.18136970000003103,0.07036175585346922,0.056409019584866986,0.09976468972461495,0.08960192365858867,0.0766505760284633
0.08775752965423463,0.2180057958089816,0.10424102933027074,0.16662048442142466,0.08231809021501894,0.06428757533164484,0.08639666062851122,0.09171307354134335,0.09865976106857005
0.11238097856559169,0.09657534107175804,0.0921313828271582,0.17341213669418787,0.1095551755318402,0.14280984010547032,0.10191103958582348,0.10152608273538387,0.06969802288278643
0.07935963738443945,0.14713527499437767,0.09481306331902235,0.15568216686145134,0.14664493094786424,0.14444727730298398,0.09007152389210694,0.08908683149356884,0.05275929380418517
0.09690008472750161,0.17384493946290894,0.08350784194374604,0.06744016036809462,0.12362307250413528,0.1526390324868503,0.09857614565086349,0.11375714699918427,0.08971157585671542
0.10218654043304788,0.11656671036837196,0.11607026750878258,0.22503944973947007,0.0550831096924326,0.09692797848285768,0.09503719442249042,0.1079729084852679,0.08511584086727893
0.10375525083739669,0.09870461266610002,0.1148810574921278,0.14712655104120156,0.08734495009207205,0.08457633823351941,0.0928475410518755,0.11690434754077107,0.1538593510449359
0.09926476836402391,0.22642560061135686,0.10057360260360144,0.17813961075571727,0.07876546831341408,0.04370494014658612,0.10050340274044317,0.07802760684041794,0.09459499962443922
0.10484823038530483,0.16451640178371793,0.11005021433783664,0.04769322230697962,0.10420233233416017,0.10127740939620866,0.10331294806386922,0.08971775752463995,0.17438148386728303
0.09626120470055534,0.08317094225291244,0.11146188811622047,0.23533293547324385,0.08954440920202948,0.1066890814017349,0.09851157297217916,0.08753478681767685,0.09149317906344755
0.1071776334941814,0.09608354349741764,0.08963317622485191,0.11538248508292205,0.13811600495796253,0.06853929863165265,0.12618232999558185,0.1608319112679671,0.0980536168474629
0.08637429801386291,0.1155327691828454,0.12801983153801993,0.21798069577146298,0.07169596227952092,0.10005918989930647,0.10456541090825382,0.09377066276006445,0.0820011796466631
0.0983771245779821,0.03176025582545742,0.1148767362702237,0.22269198989175987,0.13234454984984984,0.05999865404332504,0.10832384652618916,0.11787482019358426,0.11375202282162859
0.11362215855509257,0.08103461253584536,0.14130329690253468,0.09188075143289431,0.09160306216878844,0.08354888245159786,0.12272705029700633,0.12099831661396,0.1532818690422804
0.11467384111646861,0.17468146214267258,0.11121577302990843,0.16142737893550863,0.06678617269362477,0.04928499575690782,0.13346552251783197,0.09787048879362119,0.09059436501345601
0.08416135341828877,0.147062424390114,0.09636152573486188,0.1641700075756225,0.1366788901945622,0.05460852557883195,0.10606249758663551,0.10513324760179359,0.10576152791928968
0.08817695288645473,0.1579203559925962,0.09748139755834308,0.11240040838715044,0.0971622597566552,0.11870816931820526,0.09790474157956525,0.13118778703348896,0.0990579274875409
0.12465755347779993,0.08073568558636707,0.10582832330152588,0.048705958860318706,0.1027642941851813,0.19388566419020256,0.09861323912755493,0.10271967836854169,0.14208960290250794
0.08079776229730774,0.07778191064506966,0.1394997549288848,0.05469155746038196,0.11983156638916086,0.1540907932044828,0.10678256786058006,0.14492785125139226,0.12159623596273988
0.10545543833155395,0.03347106869855889,0.11898444448040318,0.16248943570191732,0.09715748048481887,0.1403795519607796,0.12085148949011777,0.10785587505612237,0.11335521579572803
0.10385169344802098,0.17146578704582027,0.08611791077239055,0.26637673136659074,0.06122109333820522,0.05267272003559329,0.10470563178245608,0.08952704396048582,0.06406138825043713
0.08919171117512019,0.03638862368484557,0.12536852612809848,0.068857507324715,0.10997498101469629,0.1675259687786204,0.09731437781685724,0.12415006869840699,0.18122823537863983
0.10863698118310389,0.08994081635669053,0.1000167685407873,0.09474099521328518,0.1315494028862292,0.11746451941841451,0.0991192703953659,0.1442516597840088,0.11427958622211466
0.09078447579036876,0.05455503063673844,0.09705496298310541,0.16370870301939658,0.21939807219214427,0.07808406945738047,0.10543928863473558,0.08827047352568623,0.10270492376044427
0.10088591868144998,0.12241677833471391,0.11562443648980436,0.07550635186733189,0.15470927623650818,0.07693940346438453,0.12103060613830684,0.09308667057637908,0.13980055821112125
0.07885734825831096,0.0583621094420766,0.1380867981233457,0.10088234302834938,0.14284340956143382,0.10844439728357547,0.10439351278238305,0.17715921438041096,0.09097086714011408
0.11601513325149106,0.044182190667777954,0.1118691879096357,0.2181978128213625,0.07940351867862101,0.13179677498149678,0.10205334930436277,0.09943386918982995,0.09704816319542221
0.09437646887490432,0.24012122540537498,0.10816377930967762,0.11275109346280017,0.08378194531644952,0.09630715478671713,0.09757242525124765,0.10031476188659298,0.06661114570623565
0.09961123366733769,0.2966055652021811,0.10230462529418771,0.07470815245246193,0.09226621484286357,0.05601356097383171,0.09839346823989459,0.0901766876190434,0.08992049170819832
0.09078696421552268,0.054359510698751536,0.09121381239633024,0.13321735922712483,0.16497854292146677,0.09969016015930661,0.09762339374508178,0.10646366527016853,0.16166659136624695
0.11946931745515961,0.103268836274981,0.11790714303039258,0.07279714031006242,0.1273005622647979,0.09908579691032282,0.1246567480924435,0.11967467305235559,0.1158397826094845
0.09689909208790969,0.12242615286506053,0.10447828688088112,0.08706619688804033,0.155067466108248,0.08851087578004362,0.11234655172323788,0.10031772714176734,0.13288765052481152
0.10070875817992271,0.13699831641210722,0.1098111274512333,0.15287011655386198,0.14307524578112366,0.040334414970402487,0.09102605356123343,0.14727751992496504,0.0778984471651502
0.10392680224357108,0.13449420792629282,0.13525796231581266,0.10770877904123229,0.07327683583615624,0.12651339854518254,0.10116094933559859,0.1090937522347286,0.1085673125214252
0.11539563446199336,0.07220150443936625,0.11933178443641583,0.128444411518476,0.10054579132659869,0.09600829054508991,0.1198986221315942,0.15463342004145328,0.09354054109901251
0.09095965425298386,0.1269194530908899,0.08685781693747834,0.23688933719753136,0.10667373839907994,0.07657183514344054,0.09783445908280698,0.0902526059833839,0.08704109991240523
0.07889691008582465,0.025472136551639993,0.09256175723338238,0.06326342724630098,0.12028562565457884,0.30876658661813977,0.09202453700285652,0.11084062896428502,0.10788839064299187
0.10458404853904017,0.28867544933981115,0.08092604763287821,0.20498142154644303,0.045048101082292895,0.056208377365614494,0.09135504846589769,0.08158813649380063,0.046633369534221765
0.09007699863270359,0.1011985739473037,0.11587112793519201,0.19859464487358616,0.07958021598351578,0.09861384796855359,0.11224618497785555,0.11127844849447006,0.09253995718681947
0.0854290548435948,0.17698011938604388,0.11262668703637761,0.1944393528619128,0.12054787461249435,0.040643024796990786,0.10618425560795815,0.08619663224946532,0.0769529986051624
0.10601139568909418,0.08232691415627066,0.08251672410538116,0.2014742205422871,0.08369481386095601,0.16482860775000155,0.07542559881602216,0.07812291254419437,0.12559881253579275
0.10179362689308301,0.09982374647216159,0.11137446318648979,0.23706124855681443,0.053258435571866956,0.12680178069393236,0.09759377427669517,0.09058896134009063,0.0817039630088661
0.13879652383177027,0.09599061472722448,0.11383158760239842,0.21322822232436878,0.07202088404693836,0.06289869750260164,0.11975070686794682,0.09566036711565613,0.08782239598109519
0.103402437407344,0.1382508014014869,0.09921053257740718,0.14766377687463914,0.11685985273692191,0.07062289380318451,0.10075267659056784,0.10492612772163261,0.11831090088681588
0.09969352838545849,0.08846282664335085,0.1076584307658625,0.20127158991979321,0.05654885218539269,0.12020542838969865,0.10569474494290798,0.13143429407250884,0.08903030469502682
0.09050830603410809,0.07507223115073668,0.12161999451124929,0.17881850152755793,0.07991829525390003,0.17064349717264207,0.1034407782229732,0.09992309884323368,0.0800552972835991
0.08574423844660332,0.07461988538913143,0.13847875843492868,0.20056450029574988,0.07958680731396928,0.09709960588677184,0.09868781238393594,0.1396237157243325,0.08559467612457716
0.12351994001586636,0.10637858168711023,0.0977024038558515,0.20375438990754816,0.13014943666215076,0.08648384745855237,0.08603321731899154,0.06908631661994039,0.09689186647398874
0.09829710527325336,0.14444255043998885,0.11284288487663101,0.06908208575073983,0.0953612755348104,0.1404114423034368,0.10622598722337466,0.12805389981089987,0.10528276878686527
0.09296223080586415,0.02783154895676686,0.1263672170481655,0.09451734995294177,0.20635098952628375,0.14443146928885764,0.08170705468181216,0.08126347064653287,0.1445686690927753
0.10758738939439473,0.09018368067908707,0.12368931001741756,0.18356155022683418,0.09194957670887531,0.10728059825746773,0.0958873448794153,0.09433246251721779,0.10552808731929021
0.10272135308639783,0.09625896521475552,0.09671870720105025,0.03709800507327212,0.2083132857310833,0.12691049460796724,0.10043941634774133,0.1184703065351711,0.11306946620256135
0.08444277851148198,0.07594040961576246,0.11602372095712114,0.07596489121333118,0.11617771558335205,0.16856072033882075,0.108587748965704,0.13145331913772226,0.12284869567670424
0.11059310392184929,0.12445590192894394,0.101266711392044,0.15383973282913677,0.10182450482496008,0.09130144657427412,0.12710636334568867,0.09900697058911369,0.0906052645939895
0.08986546450058173,0.0536958482107344,0.09523312505928407,0.13092734897733502,0.1253633238372551,0.19479065817636174,0.10061365826231054,0.11599957000095984,0.09351100297517762
0.12691163123728766,0.10055948992215842,0.12288603629830576,0.0747458344194753,0.05050629404260093,0.18014246401226897,0.11712028362440519,0.13178302712260664,0.09534493932089105
0.09112863250292318,0.04319915638078958,0.07046478301385999,0.06271660184724033,0.23347994993167354,0.24306807914748396,0.07524269623058243,0.11419011954249958,0.06650998140294731
0.09040910331601952,0.049980121779164104,0.10587447294477971,0.09066487635998983,0.07451319247494964,0.23668731358473302,0.11867682951497736,0.10386401261333798,0.1293300774120488
0.1191521011785205,0.05858868053936759,0.12742647238207458,0.07760420939988326,0.12330211367498191,0.10639332793317709,0.12419905841109657,0.12461291337544793,0.1387211231054506
0.11934128176732119,0.09989341740382755,0.12037360718195543,0.22222619796912468,0.09531677045194654,0.04967520850322563,0.1129187582818595,0.08954491639389765,0.09070984204684174
0.08914750095245307,0.042745481838958814,0.09977988986128676,0.14816753220031154,0.15808836624193548,0.13444073235026435,0.08715229585748119,0.08636236311724843,0.1541158375800604
0.11248237976184272,0.10135633687984973,0.09097610072933054,0.25446670382219877,0.08054195736094642,0.07153317928598163,0.11628400092945175,0.10270352762620426,0.06965581360419425
0.128771431199749,0.1012471592259312,0.11323473175226824,0.11029273724790693,0.12881126147466063,0.06296384006417656,0.11545687999296235,0.10902685096417793,0.13019510807816717
0.102471994129681,0.0916671102729431,0.09792877925711423,0.09144854457590786,0.10640030048956121,0.13305042591148997,0.12161507244214527,0.10190443902727449,0.15351333389388286
0.09890413711545402,0.07980074236529426,0.08809003023107749,0.11845307110240484,0.1323805388930922,0.19432988665820825,0.1008521119418027,0.09623718175855611,0.0909522999341101
0.11589347874477375,0.14311448350805192,0.10160899943682505,0.11222720035167573,0.15750189050572064,0.09901077215561314,0.10080837994063696,0.08130366036699276,0.08853113498971006
0.12948660383337,0.1792992898464619,0.10347359263999596,0.08296949770572014,0.07366579054272834,0.07070503984563455,0.11209435989017806,0.11254550107295162,0.13576032462295942
0.11878028521570784,0.05825592816261121,0.148288903448593,0.1364790639332569,0.10763845540677686,0.06429146812586299,0.10537365955155358,0.1062017290432497,0.15469050711238796
0.11284485916410687,0.29141126969862946,0.13689857498997768,0.06153593336897303,0.07130268104065189,0.07619377264988512,0.08662832889831128,0.07002191446187588,0.09316266572758869
0.11239028423791834,0.1822964085189526,0.10142355980692723,0.07452533821912531,0.11513827074119724,0.07750450141493939,0.11332079250648712,0.11819026073236183,0.10521058382209098
0.10765434992816121,0.09233642639013447,0.11246692620441827,0.11742552799684303,0.11675527085305887,0.08526374209216164,0.10969176457612713,0.12487625654883057,0.13352973541026478
0.08601691542777223,0.2097799366795432,0.08223622308905,0.1259494206922808,0.11399622826509465,0.07531840795120807,0.08375368129716217,0.1448183676075869,0.07813081899030205
0.10099211884055741,0.22047877007355074,0.09530526512839388,0.046855313397790234,0.10880342778905049,0.07594623998245213,0.11081165188175846,0.1257101524890534,0.11509706041739319
0.09939817744559198,0.09908278234058811,0.10349682869628163,0.12229694262880365,0.13892281348490362,0.1329367587434295,0.09065946478571707,0.08066978751123026,0.1325364443634541
0.10443730342229755,0.03635978005139386,0.135688968940992,0.04458204118535012,0.15679396259902187,0.12736511375207873,0.10581752121068326,0.14312805203694337,0.14582725680123923
0.09365839781868707,0.06788178887623621,0.10236521360033544,0.041836282670685225,0.09958547479038087,0.19324724915503036,0.09453832242296796,0.10878742416990868,0.19809984649576817
0.0975717641740619,0.04711296677349799,0.08270552138669306,0.051678657129024884,0.18683850608904926,0.20125311351200925,0.09253526335545072,0.09197739356504979,0.14832681401516312
0.10812709846374885,0.15870847995945017,0.09355988001900484,0.17560990272823365,0.06801669422957866,0.09851007672918659,0.11196406020704867,0.09110576446582463,0.09439804319792393
0.12165804269668756,0.049123943091953615,0.11373129183259957,0.09119552761167271,0.12514431771921974,0.13808240430520055,0.09517369945223682,0.13853617700960894,0.12735459628082044
0.1175753557884759,0.19900559111366134,0.1002971649330604,0.12708312259700494,0.06033934523525028,0.08070484898506684,0.11827600666451189,0.12838990684274673,0.06832865784022173
0.08836471498338057,0.1964376447273417,0.11280793435379406,0.06352746063815312,0.1776290867014563,0.0880204196246121,0.09823028757939856,0.08979162959054722,0.08519082180131639
0.10980778612414595,0.13814790988013223,0.08674027488732572,0.06001060712137359,0.14343672938450033,0.17342211440073432,0.09282707687903834,0.0922947934417747,0.1033127078809749
0.09804980878130108,0.1842811358294829,0.08520668782416269,0.26647634400588655,0.10126221317615063,0.021999602192748467,0.08920706482204017,0.09123241620889656,0.0622847271593309
0.10691562425164762,0.04100183421449665,0.11226708295669428,0.24269675446733618,0.11132436877310593,0.06728697590648129,0.11063296652357811,0.09392433344066982,0.11395005946599011
0.10332635447417288,0.13561240533002056,0.1420908675562915,0.0631506955028812,0.1326308028871547,0.14739291182349687,0.1061857099723001,0.08329072883163345,0.08631952362204875
0.08092300449251828,0.03967799172178934,0.08553211067253615,0.16153759541459553,0.17154931442455343,0.1062375043397593,0.09955244502279692,0.10981813803104501,0.14517189588040602
0.11065415355144374,0.1618341577562544,0.11110067806291772,0.11447482916575591,0.12149606401812545,0.038541013306463374,0.1265779880056546,0.09751751111568813,0.11780360501769671
0.10877849852186579,0.18076277932714724,0.09614696212528522,0.1111973838986815,0.08573729151181562,0.0454466483890918,0.10976608118672243,0.1272489969911694,0.13491535804822102
0.13233452953353197,0.076448046368048,0.10619024596979891,0.17638624299790281,0.10305399421135804,0.06934095241810799,0.12458569548187481,0.10850976572563535,0.10315052729374212
0.09604959403007485,0.04667600744860655,0.11145652866794532,0.07544310192284943,0.14840032504769596,0.16078744206704934,0.10549277854249768,0.10187285319591703,0.15382136907736388
0.10062807070789981,0.029246666275567587,0.11617055355095442,0.12723329626363233,0.19025167355879477,0.09216547763244182,0.13764337024306575,0.10160089121541808,0.10506000055222542
0.0881758983102513,0.19978569103364685,0.10784886252703181,0.10196024991293591,0.07246697321052999,0.07697049574921057,0.09464421300382342,0.13167981607623577,0.12646780017633433
0.10005592059102568,0.06112091050118401,0.10354645829334375,0.20454682409771854,0.10226297774197297,0.13096379564855323,0.1080949604606083,0.11498064550097031,0.07442750716462325
0.09638250720618953,0.20338961795946586,0.11326229747025125,0.1513685422068851,0.0567299544129482,0.07330887084817546,0.12136116171594218,0.09368328376818785,0.09051376441195454
0.11577547325691773,0.0618522836059702,0.11446358113835715,0.15789737987334074,0.12090500860181586,0.07855640594659147,0.12975851254040618,0.12721208465233255,0.09357927038426817
0.11073492346183084,0.08983729691564503,0.12371007234958102,0.149413959829953,0.08664402224115453,0.10003024952965994,0.10189829266148881,0.13151273753335044,0.10621844547733637
0.10216119911346681,0.08446713327521733,0.12537781399283823,0.1796576155973825,0.07349209355682623,0.10682031493282207,0.13847523684124632,0.11701646839645112,0.07253212429374939
0.10610850735521397,0.12777987881954592,0.1046862810946252,0.09819562671425408,0.23217424179076765,0.029137667632832733,0.10504216036925947,0.11556744153860583,0.0813081946848951
0.09615077656743515,0.055086446954152456,0.11577582920486289,0.15893162185062512,0.1339907956796719,0.11006170002389211,0.10434144859513517,0.09551597368530951,0.1301454074389157
0.09610528170658701,0.14305398931945992,0.10391690668704386,0.05277156063983799,0.10474915740663772,0.08597014114857036,0.10429517492424273,0.14278919832210682,0.16634858984551346
0.11348885156135709,0.08155349551930396,0.09885031306516569,0.14196223459736793,0.05481134673975415,0.17507628597167954,0.10115894998827368,0.1244446324160438,0.10865389014105421
0.09301262853756975,0.06468271734773594,0.1079844800079202,0.051583279987136375,0.18190430090827484,0.12292244306445489,0.11893562733602103,0.12253399316836198,0.13644052964252498
0.09431997816781601,0.09832605043856225,0.12439689592485005,0.22298448790799189,0.08329593945760778,0.09916650050826459,0.10885613162104962,0.09134983166373678,0.07730418431012104
0.10905538061164062,0.31032912189767664,0.0906259631203456,0.09288827872695059,0.07127692076317411,0.03679464478666761,0.11660061972486298,0.08768702637518999,0.08474204399349178
0.10542925827158206,0.050329425135724803,0.10098035037466034,0.22676049376034388,0.08915245218730482,0.11274146055213002,0.10704213112759452,0.10878424288472312,0.0987801857059365
0.09743736230829092,0.05392818756682288,0.10704729257034389,0.13681583431788036,0.1496872109842072,0.1296932803399119,0.1081824102953493,0.12265244113393974,0.09455598048325382
0.10791626274131112,0.046920192430321105,0.09206792489506775,0.13260285918205347,0.15336399046276714,0.12890846993351326,0.11642027422672642,0.10622276870223973,0.11557725742600002
0.13997893074763854,0.08131155278707779,0.12071131700190652,0.15671313348413038,0.06663635099631952,0.09121027750428103,0.14383818951469435,0.10348802066773743,0.09611222729621445
0.10525822117110284,0.16461037075900697,0.09908438536474547,0.19126772557014715,0.08239367503223531,0.05998029638464574,0.11325720239987219,0.09977070971400216,0.08437741360424215
0.09158097592972732,0.1251127125668365,0.12000705171145466,0.043442759527534104,0.23503210265099353,0.10174794702233574,0.09896831122720755,0.10220349962104185,0.08190463974286875
0.1004061173975575,0.19242376873696618,0.1013637147274199,0.048016228912725556,0.19093453733054758,0.07176693267699798,0.10896197285613542,0.11463396362107185,0.07149276374057793
0.10188286539954992,0.10336665564260096,0.11516792011790433,0.11859624786287713,0.14406429879067525,0.05923501586282923,0.13914032687564568,0.11299216110244344,0.10555450834547404
0.08647865404825383,0.1577763720969571,0.0940386513291218,0.10460922488024714,0.09258965575928592,0.07622745969123647,0.08477477958897878,0.14834733701123184,0.15515786559468714
0.10237591718088872,0.14145724987513353,0.10168299323676015,0.15226021111636043,0.08769145316371206,0.15384437404964266,0.09723778118945826,0.10873979267564084,0.054710227512403335
0.08393278317989006,0.04628198323226241,0.13955984427971668,0.12863245433108408,0.15645692241197337,0.10482769038407957,0.098501930572649,0.1249551396844492,0.11685125192389567
0.11462726892640207,0.04965375455669857,0.108812020264402,0.07912543274925778,0.12939273742654736,0.11013204040970424,0.1268217438628196,0.1267215801873037,0.15471342161686466
0.0991144825190831,0.2767117352596853,0.10282892021578471,0.08778095430667705,0.0635254506923847,0.0688980610573432,0.10634749952460372,0.11867091846619832,0.07612197795823988
0.12406599350458304,0.10041139328296189,0.0903209888658071,0.04579269020500537,0.17936193814208168,0.10607256364201241,0.11319735626283123,0.1572785173820404,0.08349855871267681
0.11844777007471392,0.09401803613767441,0.10284526193474923,0.16766369047109198,0.0779189173654682,0.1490357071610527,0.09896409453127096,0.10302351110783046,0.08808301121614819
0.10219960585597693,0.1796898570527469,0.11331659738902715,0.06212395887184872,0.1489743957262403,0.08252456672834356,0.11788871484563766,0.0782606803780716,0.11502162315210711
0.09725806601632818,0.14574452684118802,0.10830583768565344,0.13669093748669214,0.09770852949214874,0.057824313980042126,0.11724183722513888,0.12991868902802858,0.10930726224477987
0.08649926066608815,0.09204026223840116,0.09533915291805702,0.1478659357758502,0.1263022315361748,0.11328280960492697,0.10694543211621536,0.10185552559819243,0.12986938954609395
0.10899638070343493,0.17411368875832542,0.1039381057424042,0.049927194940204395,0.13527193061552892,0.07008288449793133,0.10557803710081215,0.12017659541788724,0.13191518222347132
0.08559102072818803,0.16795309099670264,0.09227975525151338,0.11535830472332269,0.12679786388228298,0.14934623495356467,0.0898248453753732,0.11724417781334799,0.05560470627570439
0.10029908808954129,0.10057534237237041,0.12337504882829158,0.1199888344379023,0.08415721729057479,0.10221248115789981,0.11510521980217288,0.1333787259997731,0.12090804202147383
0.09813233659092019,0.20232848901117306,0.11134229368029808,0.16666877787834153,0.06491456979063916,0.05008589414108233,0.10768288316116752,0.09081453631338726,0.108030219432991
0.11561788130345696,0.0555479945404039,0.11689093048618776,0.1809466830111424,0.11307504608246655,0.07018964742697006,0.0874787581201112,0.11277859644365011,0.14747446258561098
0.09916789248237591,0.09131985028156371,0.10672827571199521,0.07344973491884309,0.09303534215976356,0.2087792908791389,0.08183147840992767,0.13174458452409957,0.11394355063229232
0.11105102751939329,0.1885279531234588,0.11199248671978242,0.16073267353960494,0.09954948477201674,0.046255700596926554,0.10557658380374822,0.09447411708222475,0.08183997284284426
0.11077308074963503,0.11923387725946376,0.09750767636018892,0.1304677745598014,0.10502586202230403,0.09439150157144381,0.11408771392847557,0.11800095455127195,0.1105115589974156
0.11169744405479538,0.18254384651227695,0.10612845527881869,0.19555513953472137,0.06863784096569941,0.057853816452037445,0.1261374003580632,0.09655354616623853,0.05489251067734904
0.10589861196613487,0.160839675598624,0.0961591879632865,0.12059352324642436,0.10062699920094635,0.10449379904577684,0.09908384898155254,0.12908416195051398,0.08322019204674062
0.08893592202084234,0.20928354892647225,0.10005306422568343,0.06084842564014386,0.12256169272284674,0.11204179061810872,0.09169058879024312,0.09670527859134721,0.11787968846431231
0.11330390422321661,0.26533470084214755,0.1434442663056953,0.10161634459440584,0.025393513293122477,0.06041998074639434,0.09933795979873433,0.10461386455252904,0.08653546564375449
0.10053167618360327,0.14763239695206185,0.09660924922881524,0.03613809383783017,0.17074115353825392,0.05360576966305952,0.11744923418892377,0.11415942597534808,0.16313300043210419
0.09085712220501574,0.2312033473116111,0.10277806449698744,0.2053315595089992,0.04752976182884925,0.06150905379897873,0.10115227748689352,0.07799532160887933,0.08164349175378567
0.07920765133269893,0.03212434984886141,0.12345888004727744,0.07669041459168535,0.06885571515927169,0.22615001882006944,0.0888945400524455,0.10738628379378155,0.1972321463539087
0.10350854132292668,0.1693209073068448,0.11929632435835762,0.06388277408889068,0.09151746619585155,0.11607866421644424,0.0956201294906653,0.09723624357550925,0.1435389494445099
0.11122417079033675,0.2081208801659895,0.09770705350264848,0.13175728964730685,0.04881411084928463,0.0699958785618794,0.09556862974659175,0.1425123233060908,0.0942996634298718
0.12549858580891401,0.07329863818860098,0.13498496896473425,0.15654173622636858,0.08294764256960717,0.0715075095505245,0.1011878929731347,0.13146256791437919,0.12257045780373654
0.09111641839933332,0.23477939033828285,0.11085015870134601,0.11127703949273504,0.04967766698851869,0.05488786325876537,0.10874288189919686,0.12488641811100405,0.11378216281081772
0.11573388886126501,0.13267671939074835,0.0998490467957479,0.14598453133320843,0.07004807872083842,0.1630639981695309,0.1042912407059734,0.08521510053472355,0.08313739548796409
0.11338537776670576,0.06326342351126159,0.10349203312020905,0.08026077928056431,0.12582658049452977,0.10741676679538037,0.09652458869566767,0.1051691813075621,0.20466126902811924
0.09683284336445647,0.1470132201551199,0.09170910737164602,0.1972953935089687,0.10188798024707613,0.07028768694692965,0.10775315517469114,0.10640292716984194,0.08081768606127009
0.09353052468059923,0.08196830065777418,0.10539583286630333,0.10245404924252621,0.14773196581515902,0.1648421253409926,0.09817828601512735,0.10441375033713164,0.1014851650443865
0.10646124777708599,0.0815340901896041,0.13779409210498342,0.13672466739050784,0.18029088705468047,0.10963971429482212,0.08881797035230056,0.08836935529657337,0.07036797553944209
0.1080073465829387,0.20190016912770845,0.12195070196822883,0.15740508112747584,0.0762550983757134,0.04119623090301321,0.10710009501493961,0.1326704220786942,0.05351485482128776
0.12173244497396803,0.13547386012926504,0.10963113125964506,0.07466388515982147,0.13171456099282897,0.08097641560616002,0.11146599230072889,0.11540250863664205,0.11893920094094051
0.09778221331928172,0.04136037871563726,0.1055131460128881,0.07141594781298183,0.14670640669007037,0.1487820749556486,0.10439977172924773,0.1288011742720625,0.15523888649218187
0.1095251770183452,0.07711776273539295,0.10383126074853595,0.06451669727748703,0.11071730250199062,0.19367291587820287,0.11728909248874926,0.09680162730491589,0.12652816404638018
0.09619186107592521,0.046178294562100174,0.1210661558712383,0.21703963992997743,0.10198746219492111,0.07538939718169861,0.10872881721585444,0.08957775327183964,0.14384061869644504
0.10890831604196805,0.10480419601915435,0.09472782616142078,0.053291840017261456,0.2006723409575409,0.054280771208274396,0.10441578195094303,0.15401914183762846,0.1248797858058086
0.09631049537504921,0.14719243732365672,0.10242221249462552,0.15038258681484074,0.12161343094768438,0.06904716396978879,0.09964443220178609,0.11065479732163781,0.10273244355093065
0.08729669832837085,0.13348006341706417,0.10220237522267879,0.03387239312803114,0.09348432042873368,0.21169200718800016,0.08841383551002069,0.12945613965913896,0.12010216711796155
0.07986241376871121,0.048330165725898384,0.11834603219916219,0.20771437005225488,0.1677885532714849,0.07881141888241726,0.09510259936295958,0.0950047552452528,0.10903969149185884
0.10840771754161699,0.15280292452981278,0.092928471841584,0.05580641857105781,0.11489887538012239,0.062307997888667914,0.12701133662739747,0.17529288961789277,0.11054336800184787
0.08415546390037305,0.038292521978574336,0.10913667270727771,0.07456493194093965,0.08332548001336083,0.26134572859027594,0.09551832650414126,0.09623352787923783,0.15742734648581938
0.11968724145905889,0.19336169575579532,0.14448058464022528,0.0618457181624165,0.07867142340776666,0.09307349773765565,0.13081167914806988,0.1029057928670145,0.07516236682199728
0.08998779605015918,0.022196890536650193,0.10425356567927789,0.18147574221461713,0.11747064145325321,0.10501068781845302,0.10491790301658031,0.1291347377599968,0.1455520354710124
0.09951322998063701,0.07190387270716998,0.11955646669836022,0.17959784943690024,0.14846373460045745,0.06182736345221293,0.12041671829406182,0.103738881960378,0.09498188286982236
0.10017539257443958,0.0632213853438666,0.11702669907273645,0.06851649919800662,0.09108928630507779,0.20874143996926972,0.09276660514933487,0.13597711761761588,0.12248557476965254
0.11349495478584644,0.11455270371771731,0.10786398368055285,0.1179334772058307,0.14259746871637022,0.08957353028818045,0.10657861116166946,0.10148765459242248,0.10591761585140995
0.11271769841786194,0.0619640897506577,0.10158182532828837,0.10259736302256121,0.10283575787898158,0.22081006533444944,0.09577047151449236,0.1178087253777952,0.08391400337491221
0.09674937839218152,0.1387296213848178,0.1213046109330757,0.22698591697312007,0.07650959949220482,0.044414772082693295,0.1107616735403706,0.10516255322009987,0.07938187398143637
0.10025466050464792,0.04235489750377005,0.09876980013400623,0.1290660592055062,0.19957765757669402,0.11089930245872287,0.09726010827131538,0.08898618641086953,0.1328313279344678
0.0998343761864612,0.0786538154008633,0.10032728192125744,0.036056233356765444,0.23860212636787823,0.13157139199000842,0.08794486806078912,0.12168275972570596,0.10532714699027086
0.09023933569972598,0.13885417837988864,0.09845402283631315,0.0637053834502598,0.14447979933736935,0.13108520347547722,0.09390221271440709,0.10035571546107336,0.13892414864548538
0.11088930621592497,0.1665442352038949,0.10367021407997667,0.12231620881865209,0.08384435328847689,0.07562623225008108,0.11803621832532012,0.12418385996206327,0.09488937185561004
0.10179303333715499,0.11392391032457348,0.10189292829266507,0.12179377614406346,0.12540368252055845,0.07267064058317044,0.11379254240822938,0.111212040211847,0.13751744617773773
0.11402449127756076,0.07165681139846843,0.09961976775567594,0.11445049291859744,0.0944621208392098,0.13058990918939864,0.12033913080374302,0.1656820024147904,0.08917527340255553
0.12296126465953376,0.08285779157108904,0.12336186053689228,0.09262913646931366,0.12262657858361774,0.0827196671609605,0.12244061588532014,0.13158549632861902,0.1188175888046538
0.09783190527652852,0.1761267959016299,0.09042762943003184,0.1535728908684292,0.09159043881486033,0.07227818576325315,0.11016118082035627,0.10804166234633773,0.099969310778573
0.10047905505145834,0.048412260946885645,0.09224155977415555,0.2532525468596605,0.141979894208037,0.06023939561342593,0.08690748964667823,0.0855371610774302,0.13095063682226862
0.1276791717356482,0.12840896154039128,0.09547124844326439,0.09811769255509979,0.14197983884777574,0.08558460728211827,0.09830256738310918,0.09920475305198662,0.12525115916060658
0.10306755182148804,0.1684160402030683,0.10013241334249078,0.11049105643860964,0.09310211679579156,0.08298317181033314,0.12284137267150885,0.10497053703943693,0.11399573987727284
0.08954354541487114,0.04654564189990934,0.13491090318616597,0.1641288749519275,0.1258527157196221,0.0884355281722259,0.0984093923825573,0.11133752366725251,0.1408358746054683
0.12155684756926,0.09755927065557929,0.09876128750047379,0.10323735417002089,0.11382790546148536,0.11459366748628158,0.10597355345458574,0.1422572149605807,0.10223289874173276
0.08030437608518476,0.05190622424232178,0.10528343447557802,0.07873404803411367,0.11831550468549645,0.16978588739281644,0.10371433729612711,0.11375770455773486,0.1781984832306269
