0.003188760721028384,0.11617653735711801,0.3094637562230234,0.08665345857686903,0.3006874155925136,0.0019861722769571894,0.06230656519598162,0.11775904988327705,0.0017782841732317297
0.0035609671642824053,0.10956481871659358,0.3001076950756472,0.10865882615158036,0.09969136968052983,0.0018584600441533383,0.2871300697768571,0.08054417363579351,0.008883619754562613
0.0002781727528699563,0.09181550457489114,0.331316732816686,0.07225031567380542,0.26698266922014,0.0015664513253724735,0.13957382166208263,0.09471337738304016,0.0015029545911123005
0.0013966349804729477,0.1144222415607576,0.2473096374793464,0.1325780636059482,0.17013776705881303,0.16640815748485163,0.07561821652812047,0.0894676618970822,0.0026616194046075923
0.0007410612067994294,0.15191165374569568,0.288312698722401,0.10603000258093266,0.17073426424158708,0.0033391974490841283,0.1715417497631222,0.10027818710169233,0.007111185188685559
0.0008667477164337561,0.1680405553351656,0.22751772628291642,0.11147231840872479,0.17691195270602064,0.004022974468944778,0.1996930050608279,0.1037345801391087,0.007740139881857444
0.0009455279696430665,0.16329510425571162,0.2302506825958779,0.11394393580287672,0.17326335828693273,0.014302813235502742,0.19361505427243442,0.10270981634929548,0.007673707231725342
0.0007492541404846985,0.11485178646291598,0.18645344950315434,0.09409779627128707,0.1261597941816673,0.010020869332750268,0.3498247822660809,0.09022306798912429,0.02761919985253515
0.0009585268281715806,0.1643441713901866,0.2295700271634282,0.11126228979641717,0.17688121096033949,0.004321444552618443,0.20420355098106602,0.10000839436573998,0.008450383962032541
0.00036953628707986206,0.14112339753015254,0.2502579303507631,0.15157265586030258,0.11918244479100892,0.11628376784857913,0.12376063779255686,0.08838523385762831,0.009064395681928596
0.0007586470665431017,0.20835829479527326,0.21666944343438166,0.10411362916032468,0.19234674278901265,0.009937781041173528,0.15593563255135168,0.10478087278336379,0.007098956378575588
0.000919938782736886,0.17897780668876986,0.20100429523579255,0.10170127262706896,0.14177728231933653,0.0040144373389618595,0.27571467302253705,0.0904790601076552,0.005411233877141095
0.012490386320753603,0.22303686650698964,0.21722502169748836,0.11177648734478467,0.1618172644248611,0.007010047048961011,0.14001832673480155,0.1089452291823292,0.01768037073903093
0.0018698000888108287,0.1460197676423323,0.25276664919740793,0.1358698486138817,0.1863161666676003,0.0026953842407815135,0.13223820299887146,0.10884200595198269,0.03338217459833135
0.0009585268281715806,0.1643441713901866,0.2295700271634282,0.11126228979641717,0.17688121096033949,0.004321444552618443,0.20420355098106602,0.10000839436573998,0.008450383962032541
0.0020605154031370166,0.21167614829442108,0.22166168230289304,0.1095754007757538,0.1714411751937566,0.003843756744380517,0.17058481060600217,0.10230504108869325,0.006851469590962456
0.0034674246665831816,0.15790433922749975,0.22772951028493446,0.10956750500368766,0.20674839329456238,0.0037881883755711064,0.17590128371803612,0.1071464323222537,0.007746923106871673
0.0007802100489175742,0.1651498341869136,0.22323739299168896,0.10774335460426519,0.17455994908929237,0.0112055923865197,0.18725433786228787,0.10436772225681828,0.025701606573296554
0.0007757465176690395,0.1543312776480115,0.2791702544673789,0.10297740475061644,0.1727170115080532,0.0035611119442016856,0.1817275842429664,0.09677357455375711,0.007966034367345715
0.0007520333263501946,0.15295844212945212,0.2762966165247183,0.12425470412777105,0.1960848140679131,0.003485141837219934,0.12105264761536105,0.12104566809200619,0.0040699322792080855
0.0006782578427857823,0.20209365099743262,0.253868057541287,0.10689108947366437,0.19782013133418,0.0031012155737434144,0.11599352967028546,0.11034285458097014,0.009211212985651118
0.0008387293697115695,0.2252211883345303,0.20486066760209543,0.10528795742350479,0.21738394078064213,0.0037153274820320476,0.13259444291136224,0.09777536823636772,0.012322377859753722
0.009627816125752715,0.13901467827835348,0.19649803756656728,0.09732594983529501,0.32436849237837356,0.0031031002105876555,0.12339821561806179,0.1024090469999126,0.004254662987095866
0.0003643262853539444,0.14350987335080131,0.26181961655994196,0.0836080660559894,0.11944109856049674,0.0019717090769969213,0.2911107200365817,0.09135305931200421,0.006821530761833765
0.0009284930402820817,0.1402687957692074,0.20836343652281852,0.10285896536167423,0.14947150581351346,0.004125642823643128,0.2959684725187233,0.09161915167005702,0.006395536480080903
0.0024596104479224805,0.137716534154481,0.18533418481616212,0.15758127786119328,0.16156965517572403,0.0023740345965393614,0.25250563617939265,0.09441717816366492,0.006041888604920314
0.009944966348728922,0.16635628159710017,0.2483068724802727,0.10503777660009055,0.19579960897276674,0.0029110626175929324,0.15526407043953983,0.11162755193035183,0.00475180901355622
0.002444253486311463,0.16437823534034302,0.23196704555012307,0.11461869244515137,0.17647629491456032,0.004234800556458203,0.19485589948288648,0.10338401430529255,0.007640763918873525
0.0009585268281715806,0.1643441713901866,0.2295700271634282,0.11126228979641717,0.17688121096033949,0.004321444552618443,0.20420355098106602,0.10000839436573998,0.008450383962032541
0.002379151362994936,0.14035875768685213,0.20558739011521765,0.09882288514109612,0.1677289298490503,0.0033561186834317456,0.2786680830404024,0.09592008800599901,0.007178596114955714
0.00039526848515443626,0.15747768115780678,0.24692169832068353,0.169114167521513,0.15624229302555795,0.015701387436096326,0.14787754441030568,0.10089297622919151,0.00537698341369075
0.008342239972910814,0.15135724562047065,0.2522873536140873,0.10133926316048843,0.1562473354924496,0.08321972011946081,0.13261890241221624,0.1092788560826713,0.005309083525244801
0.0013326165534500885,0.160587635380239,0.284234898723507,0.10202989535958414,0.16176430940558076,0.010769439686568278,0.17353121602574198,0.09940728887003132,0.006342699995297457
0.0006380090684257987,0.25627823698751173,0.19925957060046415,0.10870274607742886,0.19001539264912706,0.008681930028191474,0.09642252989494449,0.11298159405205259,0.027019990641853828
0.002095188467734047,0.16450909673238487,0.23180208230969623,0.11478864200754745,0.17584874784988858,0.004244576837144042,0.1953938895443871,0.10355054668297022,0.00776722956824747
0.0008346971461650425,0.15319898455210312,0.22499751529381873,0.10820651629109213,0.22223723234125736,0.0038399069790051965,0.17427591338845552,0.10487511615285415,0.007534117855248788
0.0008706641113341728,0.16766978520250206,0.22834944844284033,0.11083543994474603,0.17749681171878948,0.003989144513151287,0.1995682033895775,0.10337077771912324,0.007849724957935914
0.0015262526599934935,0.21229242490266187,0.2196669161841961,0.11344866195250207,0.16264613314409523,0.003753255459115184,0.14128833119192105,0.10587704179210333,0.03950098271341162
0.001639460504192949,0.15739689811413005,0.21597344693867213,0.14700926830786284,0.19392708907654868,0.0033552629057716638,0.17016384905771917,0.10385191056117743,0.006682814533925173
0.0005460820435205272,0.1929381203032113,0.24452474463009888,0.08601189088616185,0.1429817058890756,0.002556089255639701,0.2378901088676205,0.08687082218444393,0.0056804359402278
0.0015497933413068526,0.2153651971391284,0.21966190821485895,0.11070728030116665,0.19022643600604006,0.0033566392243559264,0.13446058735642738,0.11208159549241288,0.012590562924302965
0.0008706946389128301,0.16238323556829368,0.2287108555638402,0.1102044731297843,0.17832719483576365,0.003991013736797621,0.19386810149478415,0.10279502320382779,0.0188494078279959
0.001773504154238933,0.13910432638090817,0.17235650806148806,0.08511790478106673,0.19424745547453037,0.0022984981503261152,0.3089317678251932,0.09169335553049911,0.0044766796417492535
0.0006441304267122001,0.20112847377846924,0.1884029739326337,0.09270544883707788,0.13990963421479538,0.0030567295454613057,0.22357943979984454,0.09327434552311535,0.057298823941890335
0.0009146703211887233,0.20777945912251308,0.2605826610789969,0.11237155535672792,0.15629023018737412,0.004017524067735063,0.15128912290350535,0.10114568989369055,0.00560908706826826
0.003019227682820188,0.1650488113176591,0.2300002409280548,0.11054398769085956,0.17912382084651746,0.004053753175519142,0.1969597055215925,0.10304091914010455,0.008209533696872818
0.18840127668968423,0.10592453752027835,0.15940798917571034,0.08013458213418599,0.14883870186582832,0.0025664603588585375,0.22905486271171926,0.08286947426275788,0.002802115280977027
0.002793519212131116,0.1325037702692485,0.1866332091909002,0.13864779366469204,0.1453267864845819,0.009279691448196936,0.28157135850221837,0.09890987038802479,0.0043340008400061655
0.0007450488168219243,0.13187144550404792,0.2418349091094645,0.09861304279187764,0.15442229849139685,0.0034050579368211683,0.27033722658297604,0.09257237961471249,0.006198591151881452
0.0007642059220836274,0.15250289873987696,0.28206422659484537,0.10205122337964123,0.1718426046106455,0.0034659933150894846,0.18327410535991015,0.09611636726112154,0.007918374816786141
0.0006067152808268269,0.12437198407090516,0.17772591398677917,0.13039084081397154,0.19356738482382477,0.008909444443460075,0.2594511337195137,0.09022725695832197,0.014749325902396837
0.0010490299104991415,0.09621909966215464,0.171828771264411,0.15557517532167447,0.1868128064687794,0.0017458242851445024,0.29188517806415637,0.0903280262434083,0.004556088779772202
0.0009585268281715806,0.1643441713901866,0.2295700271634282,0.11126228979641717,0.17688121096033949,0.004321444552618443,0.20420355098106602,0.10000839436573998,0.008450383962032541
0.0007720334149845695,0.15569236561520197,0.20357147561074015,0.098231494456037,0.15320026147750074,0.003573879662873241,0.2865713114324289,0.09139874663164094,0.006988431698592438
0.0018474278591845037,0.16014527732041448,0.2302296952466912,0.11663080260703641,0.16953325861535265,0.004159291928396292,0.17784236542879986,0.10541448275697339,0.03419739823715121
0.0009325111250015924,0.15268817119013553,0.21853882383518455,0.10790585463281754,0.23190384282419677,0.004176473098921327,0.1802004371091077,0.09666482099871081,0.006989065185924226
0.02270919591549315,0.12850843284933766,0.24381963329078804,0.08911662189656883,0.15946553981357386,0.0020978119720396348,0.2507661037265864,0.09811638715650324,0.0054002733791091604
0.0007119251620081112,0.16891265418629253,0.2141648626174305,0.14071889029437565,0.12538040793147032,0.0031384840813511,0.25750662299550237,0.08543963126273772,0.004026521468831641
0.0009314447083564587,0.15179221551315766,0.2177411169519561,0.10766507484730296,0.23593330899647627,0.004168907016548804,0.17844747546899567,0.09642602153086534,0.006894434966340675
0.0020331801152586606,0.16362410109288622,0.23120865711399619,0.11431247467496734,0.17807386804665334,0.011961367507636794,0.18454028439573156,0.10672146142213342,0.007524605630736439
0.0005967024510134226,0.1196406099942056,0.22209426070077845,0.08105076004667607,0.11048231355666327,0.0027796068855328623,0.3815403554813976,0.0778922766921773,0.003923114191555496
0.002379151362994936,0.14035875768685213,0.20558739011521765,0.09882288514109612,0.1677289298490503,0.0033561186834317456,0.2786680830404024,0.09592008800599901,0.007178596114955714
0.0009409270724763955,0.16104151357936694,0.2284042878582305,0.11308577272732039,0.17029080393533383,0.0042152241701437915,0.1876701917033942,0.10184854606890432,0.03250273288482967
0.0009585268281715806,0.1643441713901866,0.2295700271634282,0.11126228979641717,0.17688121096033949,0.004321444552618443,0.20420355098106602,0.10000839436573998,0.008450383962032541
0.0002309230477192995,0.2251557231943366,0.16090391028345083,0.27604123472092357,0.13578158822831468,0.0023124129869210057,0.08612175297748803,0.11017758816099571,0.003274866399850239
0.0006424733599026618,0.15586614187893566,0.2097778612050644,0.1753786229179198,0.1760332689372355,0.003057090722114376,0.17160019243246447,0.09974171768768127,0.007902630858681746
0.0006986486618366346,0.12827018486919672,0.19258414779337485,0.12728054012329146,0.1457495692198417,0.0032241236996383405,0.29733782956345234,0.09174585234507308,0.013109103724294786
0.0009445128466533058,0.16477906604389023,0.23237485540286207,0.1149522962593131,0.17666975363607249,0.004236273281967182,0.1945656821654206,0.10371299141284773,0.007764568950973207
0.002592546526413987,0.16436605452609088,0.23202334163294636,0.1147223745584089,0.17643045750601585,0.004233215346506632,0.19452612698981553,0.10348894518818941,0.007616937725612502
0.0009585268281715806,0.1643441713901866,0.2295700271634282,0.11126228979641717,0.17688121096033949,0.004321444552618443,0.20420355098106602,0.10000839436573998,0.008450383962032541
0.002660538471077077,0.21965808851809396,0.21665690973889262,0.11054843003725301,0.16415308349313582,0.003531833027974201,0.14770632979308454,0.10692271100023158,0.028162075920257237
0.000759671546505331,0.14717896225767071,0.2648490260868155,0.14350334797239678,0.15842509418475736,0.003466210732610969,0.14735138529464592,0.1022811186962916,0.03218518322830588
0.0007651901367855892,0.14717548887575344,0.2136608370297227,0.10468723080547832,0.24538350117933416,0.012159583301444439,0.15419495669704594,0.10269580172928268,0.019277410245152785
0.001306696790027259,0.2657978194913263,0.21826357749952285,0.12209696537241381,0.15320301354699706,0.003962444054449807,0.12016816222689199,0.1109305010509767,0.004270819967394168
0.0018386962561059985,0.15294911724969654,0.2632704177446877,0.10026090085229895,0.2213893700815056,0.019248220525197916,0.1261255246119531,0.11059833833848019,0.0043194143400739895
0.0017797463765271831,0.15125766913576405,0.330510658432754,0.09443318568474772,0.16134123763460664,0.0024698106445646155,0.15488134391746308,0.09698409969729173,0.006342248476280875
0.0007315959937632992,0.1488094954003133,0.20046370617121148,0.14670318913080946,0.23471647002437948,0.0033913734610397507,0.16512055240141263,0.09385077308747257,0.006212844329597909
0.0009272988683049365,0.1391839193033679,0.20719458054840337,0.1023912357133988,0.14773337116156401,0.004117625078466279,0.30101634921180104,0.0911536337381969,0.006281986376496652
0.000944283555064286,0.1647972524037404,0.23250233371763104,0.1151271814405082,0.1766580713326236,0.004233936199701026,0.19411002577124795,0.10388920441847362,0.007737711161009894
0.0015562473878157404,0.16373258788177894,0.29499744704408665,0.09130226747179426,0.26503130353366394,0.0018819457820039764,0.07644474741904105,0.10226896665028758,0.0027844868295278935
0.0004739910951077774,0.09368317932973101,0.23988134162768127,0.14457175562889352,0.35668266628748774,0.0010224508564634263,0.035655219299576144,0.11327602119362588,0.014753374681433333
0.0006887497461920395,0.20258315198401675,0.2684372333998918,0.09805099267900862,0.1692303293837275,0.0031788236532815464,0.1531978184521803,0.09746681880941739,0.007166081892284115
0.0023179576199199867,0.15104606958127875,0.2766960208662002,0.10138442170074274,0.19272374734518558,0.0030380401751595085,0.16445667576797682,0.10135003322275933,0.006987033720777071
0.0026808603293674367,0.21769745192188084,0.22092215572398555,0.10865219429863986,0.17278055341452106,0.003639641996506292,0.16169757565474294,0.10514264329993839,0.006786923360417599
0.0004791365123585837,0.13762766586182804,0.2808318536451098,0.09535601331268191,0.21689638640954037,0.002373637884089315,0.12612649674551915,0.10548377046178715,0.03482503916708555
0.0019027247628257658,0.16161805503883192,0.19684049128568049,0.13245738952050237,0.22807304535306439,0.003011761589524178,0.17298732944508766,0.09734612260869824,0.005763080395784996
0.0003890369656644841,0.103532356640193,0.29780603884208146,0.1383731554344924,0.28902153890979454,0.0020876348804581306,0.05840820419112832,0.10855245649093835,0.001829577645249232
0.0006980000242661127,0.16122715618435837,0.2169318785703578,0.15943786266591178,0.18809745202073555,0.0032729577094693083,0.15461722980641046,0.1103744048106189,0.005343058207871721
0.007488448054681151,0.13127468477749069,0.17390762763008852,0.09000535092209556,0.23999222877927753,0.01637211274556116,0.23363008345382122,0.10426233077185824,0.0030671328651258704
0.0019689837121550486,0.15476078603084495,0.26613172714091027,0.09753629323209667,0.2042605968268458,0.0030112461182128375,0.16867133793662195,0.09727006144936488,0.006388967552947564
0.008108752237033272,0.13893043492906415,0.21750841843216048,0.1071403423113535,0.25234074644886784,0.0031337544731342734,0.12950307586716878,0.11475032057774757,0.028584154723470187
0.003072101411124177,0.16508931218468847,0.22973627539147431,0.11080106439370759,0.17923000730212713,0.004064333447475207,0.19638383171413185,0.10341549646442665,0.008207577690844597
0.0009585268281715806,0.1643441713901866,0.2295700271634282,0.11126228979641717,0.17688121096033949,0.004321444552618443,0.20420355098106602,0.10000839436573998,0.008450383962032541
0.000592465265136193,0.12159484202775779,0.18304615879219918,0.09093126037278544,0.17246323183074383,0.002834160736167641,0.2494911855976091,0.09591868779867536,0.08312800757892543
0.013360588435659454,0.13102665793662913,0.20261356563120403,0.10429288772550523,0.15422059620912837,0.0033573102422386892,0.26914659155400855,0.09815518953449338,0.023826612731133092
0.0005431285930541932,0.1913207650727354,0.20247493493265975,0.09868379569049579,0.2528981528260507,0.0025656323231922525,0.11013440649142377,0.11574310749308254,0.025636076577305586
0.0007359206437437482,0.16208414253939787,0.21157251599886603,0.15494620438213852,0.17186352990280498,0.0034422976881484523,0.1899447513193769,0.09780081081480557,0.007609826710717848
0.1460093952774306,0.11104596856044746,0.21325669720617443,0.07388007589534502,0.23433243513176868,0.0015081440577353227,0.11034468959443287,0.0982610768511661,0.011361517425499438
0.0009042828904700803,0.17927536924256374,0.23739153455159037,0.20738436012582326,0.20322686335728912,0.0015775911834886311,0.06420837068149689,0.10027747872300219,0.005754149244275683
0.009428658134302348,0.14985894997634241,0.317266028195367,0.10067950715121436,0.15871088134015804,0.00284775608505038,0.1550594627435756,0.1003190806564876,0.0058296757175023695
0.0006729735939106237,0.15737848122355003,0.2624154844326965,0.10957207327011294,0.16218388205564252,0.026483428436163876,0.14964765624237256,0.10967004691694453,0.021975973828606454
0.0009585268281715806,0.1643441713901866,0.2295700271634282,0.11126228979641717,0.17688121096033949,0.004321444552618443,0.20420355098106602,0.10000839436573998,0.008450383962032541
0.0007676882300309212,0.15903305037228874,0.2156810820890078,0.15169256154080232,0.17466442245624428,0.0035596699649584184,0.18849409469917178,0.09798814946036573,0.008119281187130024
0.0130733328271241,0.14065972221589332,0.1965494007352709,0.10102855404679549,0.15022756367352072,0.008331343975229851,0.2786739325973621,0.107233573516589,0.004222576412214462
0.0013090197013907688,0.2466957164562823,0.20619027117902697,0.13600464022583572,0.16428858913430563,0.0031061842560649333,0.13338352345557145,0.10343020527512585,0.005591850316396398
0.024632398320842522,0.14041767581103964,0.2388843592909047,0.09095661820887739,0.22210564763131568,0.006124346189101167,0.16796987317083423,0.09693744459725241,0.011971636779832207
0.0009585268281715806,0.1643441713901866,0.2295700271634282,0.11126228979641717,0.17688121096033949,0.004321444552618443,0.20420355098106602,0.10000839436573998,0.008450383962032541
0.0023431960904054102,0.16438614791122258,0.23192390811013933,0.11454168280171363,0.17650751596443437,0.004236010609313807,0.1950970791487037,0.10330610981480726,0.007658349549259885
0.0007655914592194284,0.16360180994980453,0.26773375278485995,0.10937081150612632,0.16572278762021644,0.003545676143262759,0.17657556233263372,0.10647059648740159,0.006213411716475357
0.0010115695455807023,0.16165763390769494,0.1944879284110951,0.13531830424421792,0.23808528336062706,0.0028541622576376637,0.1607380655913898,0.10080253212733187,0.00504452055442492
0.0009024474206810973,0.1103719936980031,0.2148565910565805,0.09577143259688026,0.1624027302819645,0.003915948276078714,0.3235461336983716,0.08457446001947581,0.0036582629519643743
0.0007104637369432181,0.16487704424646807,0.21247224469177195,0.14241958030896543,0.17211914419434052,0.011610599097688516,0.18793886906808432,0.10060784392801127,0.007244210727726704
0.0008418924945611245,0.14337461134959265,0.20576280804988167,0.10279606811495155,0.1488677022657737,0.0038452195914414917,0.2936930395457771,0.09508220156978013,0.005736457018240516
0.008614851683945516,0.11013542458447849,0.1810724763544759,0.09370102496223832,0.26006672995942764,0.002853969188587692,0.2354523284305421,0.0939009013113316,0.014202293524972695
0.0009585268281715806,0.1643441713901866,0.2295700271634282,0.11126228979641717,0.17688121096033949,0.004321444552618443,0.20420355098106602,0.10000839436573998,0.008450383962032541
0.0008522776190286116,0.161709253454989,0.22064544981798237,0.10826691987722407,0.20715694506174484,0.009490688924771886,0.18432763124335816,0.1008940632283301,0.006656770772571007
0.0009585268281715806,0.1643441713901866,0.2295700271634282,0.11126228979641717,0.17688121096033949,0.004321444552618443,0.20420355098106602,0.10000839436573998,0.008450383962032541
0.0009585268281715806,0.1643441713901866,0.2295700271634282,0.11126228979641717,0.17688121096033949,0.004321444552618443,0.20420355098106602,0.10000839436573998,0.008450383962032541
0.001975390400283239,0.15341815355602748,0.2825451680078618,0.10596169874381615,0.17201979870742135,0.003428643388370631,0.17372503943765097,0.09975668334054305,0.007169424418025307
0.0010802699059113173,0.16492041324456883,0.2184940990638777,0.0977896626976167,0.18028138603744903,0.0033433787533499603,0.2318181042540859,0.0938527479597161,0.00841993808342451
0.0002319880830180865,0.10905891002462707,0.3015746237510743,0.11073304337994383,0.19967237332081667,0.0013652112452010791,0.1994541280441392,0.07458283406402745,0.003326888087152336
0.000585198480840327,0.140384820633791,0.26917618678079985,0.13622852786057688,0.19319545096883342,0.0027127430245317513,0.15320401517201485,0.09728916458847832,0.007223892490133585
0.0009585268281715806,0.1643441713901866,0.2295700271634282,0.11126228979641717,0.17688121096033949,0.004321444552618443,0.20420355098106602,0.10000839436573998,0.008450383962032541
0.0008592951572936927,0.16155868439106305,0.2300025452583544,0.1133302101884673,0.1737190667316577,0.003966737144629054,0.17884110968639153,0.1062642933782393,0.03145805806390407
0.0010967992894965748,0.11718912321226856,0.16901683511778884,0.09008306182334093,0.41958832286511455,0.002692761891773688,0.06754206131749839,0.11738470213606793,0.015406332346650578
0.0774987932702313,0.13789143925705333,0.31786358961210426,0.09173192789166269,0.1493507817518188,0.002179749465087025,0.12116617122258379,0.09716036991034793,0.005157177619110877
0.0021201000988743195,0.15817519637790892,0.20029516104719677,0.1510576331767355,0.21543793025735591,0.0030982124012015814,0.16600720147281903,0.0982014992490563,0.005607065918851663
0.0007735307217281801,0.1592282894732709,0.2161590315643298,0.1502630998482373,0.17475314683104726,0.0035835593486446267,0.1890465588593003,0.09806474240861775,0.00812804094482386
0.000722557991835157,0.1357476927944239,0.203161426134606,0.09794854638212425,0.1828151937347546,0.003338737079690231,0.27366897321886346,0.09560014377136355,0.00699672889233876
0.0006481775060704322,0.23461270232489198,0.20129419893172895,0.14330467918511205,0.16594451784160646,0.007414445165630546,0.13906768699450936,0.1017383473077736,0.00597524474267655
0.0006306613092712552,0.14412685857879484,0.21866115806519257,0.10459427151789609,0.23285287708777505,0.0030157431048827856,0.14198329322134887,0.1131214259775734,0.041013711137265124
0.0009585268281715806,0.1643441713901866,0.2295700271634282,0.11126228979641717,0.17688121096033949,0.004321444552618443,0.20420355098106602,0.10000839436573998,0.008450383962032541
0.0005946349103138311,0.16352692445641812,0.2806243041797643,0.09853831031071532,0.15940292699209554,0.0029433200622133947,0.17603664765628627,0.0993064322787817,0.019026499153411564
0.0019844923014492753,0.15958959383067114,0.2055408365448319,0.14290445321555187,0.2024063310712497,0.003073607448884437,0.15642721459291986,0.10459523550376315,0.023478235490678623
0.0010881371607795872,0.2483525974476486,0.19869798802116626,0.13229118760885586,0.17501026205839376,0.012095787633212798,0.10473829906958089,0.11101029563830396,0.01671544536205825
0.001720156650521635,0.1622641571111065,0.21575612451350276,0.15314731642108598,0.17249775391912203,0.003483657409616994,0.18301175768430009,0.10107673656865251,0.007042339722091555
0.0020771301814476277,0.13092591970396317,0.2002177976678626,0.09653862537915435,0.18373688775656816,0.008286092292930168,0.271692395552425,0.09990222488782873,0.006622926577820091
