0.08230945944716475,0.06513686777878173,0.029283933336695652,0.3938720384283109,0.08640022613128506,0.12520467005754055,0.051313165590655074,0.0003211948678154832,0.16615844436175067
0.09457295799192698,0.06472297532806802,0.030571738239330074,0.46323758267384063,0.09613137238864038,0.1396210729804799,0.05989152717374144,0.0010564179283380371,0.05019435529563441
0.0964788871546663,0.06359550131402941,0.031102173991590557,0.46751116673753196,0.0950000371875806,0.13398095283977485,0.061374127619390366,0.00037854156622017576,0.05057861158921579
0.09383179954039876,0.06644109416102716,0.030298041547244716,0.4639914100912585,0.09835500004925447,0.13727641721856276,0.0581670019694226,0.0011756730046840471,0.050463562418146986
0.21456686151496948,0.061502869821171376,0.025690861778339607,0.44460799346557117,0.07476307182707324,0.0922436226368823,0.0345764681504696,0.0001377093464710925,0.05191054145905208
0.2794267736009302,0.057743070658236716,0.025483915534872132,0.34901924341481805,0.08158554153400499,0.12600881437056918,0.04249045284362285,0.00022543211541666548,0.03801675592752927
0.0964788871546663,0.06359550131402941,0.031102173991590557,0.46751116673753196,0.0950000371875806,0.13398095283977485,0.061374127619390366,0.00037854156622017576,0.05057861158921579
0.08226471839239285,0.07481402542124721,0.03149402304054571,0.43109369214520193,0.10234132486122165,0.12424728962517557,0.05316013823074519,0.0002439101708074887,0.10034087811266246
0.07837227023769182,0.05955213973893144,0.029081951171404562,0.5315831807773831,0.08302198339357512,0.12193902005068458,0.050919708110000926,0.00030096221575807265,0.04522878430457033
0.0964788871546663,0.06359550131402941,0.031102173991590557,0.46751116673753196,0.0950000371875806,0.13398095283977485,0.061374127619390366,0.00037854156622017576,0.05057861158921579
0.09896638344665899,0.05734940463811585,0.0272785404505393,0.4973456518338432,0.08876239440810492,0.13695641879430367,0.052041635114794864,0.0002595009398323829,0.04104007037380685
0.08286409231640383,0.08129128601783701,0.032929404052182344,0.44393760068274046,0.1098505855748539,0.10064519919523766,0.09691622274658601,0.0002581305674651915,0.05130747884669359
0.08382590593649909,0.06346894492318063,0.08448239156055214,0.4356015133081484,0.09449007145483486,0.13818302472374014,0.05342938476027742,0.00028532663299359696,0.04623343669977382
0.08395676863673297,0.07033250786318689,0.028820885106750894,0.4213036570971073,0.09820269832920013,0.1508476936316134,0.09897817207189312,0.0005999563311309465,0.04695766093238429
0.08908095836761869,0.06645411588478756,0.05347394990759082,0.4478607794471395,0.09750402582384586,0.1407637562669745,0.0555606803631806,0.0003148319636760162,0.04898690197518649
0.04453281331753802,0.1092706791366443,0.02972383006713412,0.24102856990865332,0.14075871210009064,0.3089367582489204,0.04615835201773072,0.00011984294800215462,0.07947044225528621
0.4098808198020974,0.053556103753476546,0.02038648162761978,0.25911547714425565,0.0705994637830245,0.12283920625384008,0.03177628851528703,0.00016317527945962913,0.03168298384093949
0.09371685057758923,0.06657131780012387,0.030267414076368158,0.4637869950102689,0.09850030850793236,0.13741658845102736,0.05803796536398983,0.0012379747355580632,0.05046458547714219
0.0964788871546663,0.06359550131402941,0.031102173991590557,0.46751116673753196,0.0950000371875806,0.13398095283977485,0.061374127619390366,0.00037854156622017576,0.05057861158921579
0.0964788871546663,0.06359550131402941,0.031102173991590557,0.46751116673753196,0.0950000371875806,0.13398095283977485,0.061374127619390366,0.00037854156622017576,0.05057861158921579
0.0964788871546663,0.06359550131402941,0.031102173991590557,0.46751116673753196,0.0950000371875806,0.13398095283977485,0.061374127619390366,0.00037854156622017576,0.05057861158921579
0.08913443349652268,0.06283970743074925,0.056966004029163075,0.4517914714988813,0.09425322276509536,0.13928637520777257,0.0577512567686963,0.00032255615647131165,0.04765497264664804
0.09034439359550467,0.06792606244437377,0.029626244130448554,0.45200090211960564,0.1004642424787967,0.15490992138408263,0.05643937120503532,0.0007172593898287486,0.04757160325232399
0.08677886313638657,0.0586641133714518,0.02965275746152482,0.41950392903165407,0.09555145933855712,0.14896585440278817,0.11453470151964733,0.0010831650945222814,0.04526515664346781
0.07898518503701533,0.06474633145363003,0.028737294775604102,0.39580715940691963,0.08853897932326364,0.1273786742076893,0.12965408123675026,0.0002854346233649792,0.08586685993576272
0.07680454335719757,0.05323518023855708,0.025891317192790225,0.439961329484651,0.09081873579205886,0.13524589806586007,0.04633233157115388,0.00027694090568008615,0.13143372339205114
0.0945729452460705,0.06466997913821805,0.030492157641119257,0.46383000091950394,0.09607802049884769,0.13992100309772623,0.05986354920291553,0.0003533824568144543,0.050218961798784434
0.09552918654536914,0.06782642838857626,0.03342897242695693,0.48263631993211065,0.09923457632853006,0.1066197527989392,0.06268240155814157,0.00035130777947871907,0.05169105424189757
0.0731295147049604,0.0763248413131019,0.032195733556493154,0.32392768577301256,0.09064987596706436,0.15329798717143317,0.04413689684868093,0.11579588215485137,0.09054158251040219
0.0772119486995554,0.06345117811377597,0.03158311237625094,0.5484650946952482,0.08691569618835064,0.093374929787252,0.052603275799818834,0.00027822419109530764,0.04611654014865265
0.06798068952243219,0.06265772674301726,0.0629485696082055,0.34269090326761625,0.08168154848366532,0.14452171810916833,0.1833086816270337,0.00024196932632502657,0.05396819331253642
0.0964788871546663,0.06359550131402941,0.031102173991590557,0.46751116673753196,0.0950000371875806,0.13398095283977485,0.061374127619390366,0.00037854156622017576,0.05057861158921579
0.08239013223167213,0.0695003666009709,0.02894364107096044,0.4194654806300617,0.10110007847703052,0.15342052901256967,0.07754737106691866,0.024087306820120155,0.04354509408969576
0.06744110312460226,0.06211666841321164,0.02786842234578991,0.33385444212648346,0.07841377203926446,0.14132188116808145,0.24794668691131608,0.001143881711699044,0.039893142159551684
0.08283561339355798,0.06174500505751349,0.04828064360103762,0.4811469416520353,0.09294792283862863,0.1347354447784273,0.052866927505214704,0.00028802066724432153,0.045153480506340604
0.0880960327985137,0.06371764612873676,0.030344478864978083,0.42149026080530366,0.0890751618771201,0.132839210935256,0.1271024437587475,0.0003650617685412507,0.04696970306280298
0.06397574813328534,0.06356174288017759,0.027040733309592443,0.547083192396165,0.0838368058904917,0.12926872404133405,0.04238247266737643,0.00021176901949376844,0.042638811662083644
0.08363651021427483,0.06372115494488646,0.031445514794121915,0.5239020121498186,0.09513602795003255,0.09844062074038717,0.05762848822094597,0.000278052483339072,0.0458116185021936
0.17163805754674763,0.05344642282459947,0.026725768034481862,0.46295204913308535,0.07712448278302368,0.12529718121594416,0.043635366193985455,0.00028779964829606244,0.03889287261983627
0.09468332657948349,0.06572946895957735,0.030775658930854762,0.46173089777169607,0.09776064416037729,0.14149007964268603,0.058893537091133145,0.0007385577732665919,0.048197829090925286
0.09115082575673046,0.06485811784996122,0.03208596039567833,0.4765765528637728,0.10884266248712916,0.11622932301472055,0.05669960969771962,0.0011276203555675632,0.05242932757872015
0.1277224564566041,0.06727256355151202,0.03181198014336289,0.45680505848028535,0.09968264996427795,0.1137315563392522,0.05688816122768623,0.00029727198093725855,0.045788301856082125
0.07514293126872226,0.0745747300590275,0.030444008507891713,0.5251174884706432,0.09646476782443247,0.10167788224208839,0.048156923192549245,0.00024898275820935237,0.04817228567643591
0.14151644866618188,0.08059009738803337,0.03180015025163475,0.4177815216200871,0.1110533624765861,0.11886587258795882,0.05008107857141506,0.0007468511098102067,0.04756461732829273
0.07795952819527342,0.07054159670518637,0.027870600453131406,0.4087501943150533,0.09882063839317774,0.15075084093826838,0.07069699568269514,0.002233799751151942,0.0923758055660623
0.14861909053389175,0.06274965894302362,0.029091243245800275,0.396412410798974,0.08750335567268375,0.13117043521127716,0.09969695969951997,0.0003113453543854078,0.04444550054044402
