0.15523690971930798,0.13445850421404948,0.0955067434848015,0.12562257982346245,0.07116884720246798,0.06871368202465818,0.013048641121368268,0.2293171786182948,0.10692691379158936
0.14078361334932218,0.09298659491385752,0.11923014909035123,0.08341294634456194,0.07359025158333905,0.0938757367877205,0.08696724048883926,0.19220380773302972,0.11694965970897857
0.07543104062764872,0.1190110917035934,0.14939423855350856,0.10561433520372217,0.16982235792226097,0.12158711609681254,0.07567848437003818,0.052123891049414534,0.13133744447300089
0.08042485748721652,0.09078909857982205,0.1505092713177598,0.05178162618918833,0.12624365540947302,0.155490032707234,0.14211635219802107,0.0642439159935514,0.13840119011773375
0.14930968703375527,0.10955636188748809,0.12013805581039472,0.10720635123868545,0.09199069741740483,0.09188932719015229,0.022389863780386498,0.1859412542337868,0.12157840140794614
0.12958058565914596,0.14836022032111082,0.08883726498334503,0.19305840297752508,0.07644653768439268,0.061072194791545444,0.025985493407167114,0.17376342823676597,0.10289587193900186
0.09241569294430167,0.0829281969253648,0.139323085338422,0.07578345798229001,0.12871834590660966,0.1430238537538684,0.122266672501601,0.08465999952670437,0.1308806951208381
0.12754552936679706,0.09072773757835473,0.14110934774645403,0.08125107751565581,0.09239117615729746,0.11173125749784578,0.11627296109625722,0.10942635595692059,0.12954455708441737
0.11670340819430068,0.11701554551822191,0.12342148772461285,0.07532537687253847,0.10613191891263407,0.13408211597439,0.011377133431640563,0.19091649567861635,0.12502651769304515
0.10449371488102804,0.11972072032380493,0.13867350906084056,0.12132819745406924,0.1398822002865572,0.1137249287274702,0.028643662030967645,0.10530208147691877,0.12823098575834344
0.14606970776558112,0.13261932764017836,0.08629928186329326,0.08677216255450719,0.06325329263086187,0.10121521542459848,0.003970671879772798,0.2820803296844446,0.09772001055676238
0.14752564918471434,0.12647856214541267,0.11278029208017604,0.13407144667816392,0.07628498349716169,0.06535065133943428,0.06126538153410473,0.15756328682946996,0.1186797467113624
0.13834324212540916,0.12231293955412809,0.09362013872664615,0.1745057744492078,0.09256066110961587,0.07977539029261459,0.009358372113297762,0.1873484921259887,0.10217498950309194
0.06890391950567938,0.09580967875421902,0.1329819405985724,0.09485303239197955,0.20212755318944628,0.14412525763594555,0.06602971751067864,0.06445977557780076,0.13070912483567848
0.12116210446897523,0.11291576456478229,0.11822040843222077,0.0891785572685845,0.10938154977605824,0.12033680957546122,0.011468734207894881,0.19513777396555887,0.12219829774046397
0.06462502262887167,0.10889489188315894,0.12281078714295046,0.08242788551476375,0.21315065170200473,0.1673088843180354,0.02463662113817246,0.08733298819681425,0.12881226747522834
0.1557726180251389,0.10499707963244105,0.11710552374064019,0.10364336046444177,0.07543327356544527,0.07489477045700327,0.057893405381441415,0.19136118387535764,0.11889878485809047
0.057255315491105414,0.13524361163601373,0.1435542208350532,0.05528395392091263,0.20309653436223274,0.16324698000272378,0.05849869987095377,0.048248253021234755,0.13557243085977003
0.11290159652825987,0.12881093510279454,0.12346103394444789,0.17842878093724743,0.09702302601509173,0.09792655359819398,0.06647118157813983,0.08107208524930985,0.11390480704651479
0.04961919254253289,0.13149014801003808,0.10886837240809129,0.04473229901848744,0.23123864921329731,0.23037630365617182,0.017445391427382235,0.0688204448378804,0.11740919888611856
0.08287815615769213,0.09395184365748728,0.1064427807237116,0.08958456983298442,0.1588726888763892,0.158098914026784,0.016781941962816568,0.17510799192322002,0.1182811128389148
0.12979036417261403,0.09364793907145585,0.12613962809423493,0.06760113274057954,0.095067562322234,0.12136544498786385,0.03509609365753229,0.20254243915862924,0.12874939579485625
0.11053361320529333,0.16950674562277257,0.06146470107767613,0.1430598769740632,0.06005176355984421,0.15564717676838483,0.001363826072088164,0.22333670675002704,0.07503558996985048
0.07431553927652168,0.11353463440748919,0.14487005309008175,0.064926948438756,0.17573192617109434,0.1562969849555127,0.041458496092428486,0.08663426543360771,0.14223115213450818
0.09636466231420565,0.09761537519463187,0.14170619981597785,0.06372503988794624,0.13661809475507006,0.14951824586657098,0.04488272240768724,0.12795113905097097,0.14161852070693912
0.1023075739324365,0.11494976239194861,0.14364702281671993,0.10629559762536402,0.14196524424016604,0.11865107535117599,0.037004680002060954,0.10178609338736189,0.133392950252766
0.11975464205398774,0.1094801744276351,0.1016257722825414,0.10217474260387975,0.10579368961265602,0.11339082207453416,0.007660386509162045,0.2287294849878003,0.11139028544780345
0.06316693854285232,0.17487205983676038,0.149512979185869,0.08182791433100693,0.11168925087700105,0.13914927611973402,0.1628773234678291,0.018434474984899824,0.09846978265404732
0.09977429932599724,0.09209961130429876,0.12896577233781603,0.07048957859424916,0.1329015343703047,0.145905546968478,0.03657824420267445,0.15974851375860616,0.13353689913757563
0.12109148741698171,0.0784549655647821,0.12379019491878285,0.0724848748839851,0.06994339898178797,0.09683793328873758,0.2172519733624411,0.10615445931925127,0.1139907122632503
0.10770409626818506,0.08503889841031147,0.14086780432112678,0.05913686232202395,0.10823639814884518,0.15006662110220223,0.08945886295550302,0.12405542224296683,0.1354350342288356
0.10231848005992335,0.09448478198452102,0.14023297115410474,0.07222789005113374,0.1327776022370161,0.14046574239484744,0.051879525578664064,0.12700250343377292,0.13861050310601666
0.12210021746205361,0.08029292242732355,0.13049792205227784,0.07917471692743977,0.08541537548167688,0.11532384667702976,0.14892133696341012,0.11691888299968557,0.12135477900910285
0.1394468117391593,0.12434036626373418,0.10475651424122019,0.07604348111546753,0.06390623603192573,0.07595184773660692,0.03839150120786331,0.2688791331162283,0.10828410854779452
0.11065490449035346,0.07768590681229978,0.1323070936025371,0.0660071291147236,0.09455548718043334,0.14263648576571733,0.1297063620400917,0.1218511116639404,0.12459551932990326
0.07593458855943024,0.06404231796344283,0.1229751437117607,0.05261178725131199,0.10372873784569736,0.18935581071708987,0.20126397450491962,0.07598948818807615,0.11409815125827126
0.14518229447192668,0.09946721242710267,0.12232094692109845,0.10247231314670231,0.07391748447947499,0.07447250851857304,0.11687164763323683,0.14550747631839464,0.11978811608349038
0.05697216185553342,0.11003957779180952,0.13656202079064125,0.052145981232366044,0.2127663581281015,0.17530134522897492,0.06379612949488457,0.055106712921056816,0.13730971255663202
0.07999188981328048,0.07214608466374886,0.09062566549976477,0.09460892531547842,0.05616410232538374,0.08790295123476816,0.36460986248466837,0.06787048007399604,0.08608003858891122
0.09456493709045018,0.08200777228381333,0.1409452771780014,0.07019414842477321,0.11003418463715897,0.13553345610081,0.16573442275267722,0.07293542510277894,0.12805037642953676
0.09042919848020976,0.08331753784656573,0.13368201991248185,0.07881307948056905,0.14374787498808914,0.15017725767059048,0.08373281832708168,0.1050706393953575,0.13102957389905467
0.04526804079055451,0.0792923172237288,0.11965482540252066,0.03127396573793741,0.17698168370886455,0.19363854920238197,0.20567881218610898,0.029662576599490554,0.11854922914841255
0.10194808928274422,0.10684572403817731,0.14215228853875875,0.09830696842517399,0.14402979874067642,0.12223055980954173,0.04166851605010507,0.10735255739609538,0.13546549771872715
0.14037980225221,0.11952273129116808,0.09971299630976738,0.18761415700766293,0.0853947580205691,0.06070089815434334,0.03118800816930935,0.1677916919304524,0.10769495686451742
0.09743159877323702,0.2105261417884058,0.07149391062183617,0.16508045780996294,0.06783338281621734,0.14234106651026518,0.008601803423993394,0.1461280537436199,0.09056358451246212
0.13579535758450265,0.08757931666487924,0.1234354006934596,0.0898945432999509,0.07368232414358507,0.08771233180121767,0.14773244006788144,0.13663764380168064,0.11753064194284278
0.06664622389251176,0.06720772799087202,0.11738114322397662,0.08958787441947352,0.1264827090736423,0.14124648722142044,0.24245512546177017,0.04243477811302201,0.1065579306033112
0.07656616757780639,0.07301252407007795,0.1276980779670264,0.05876115857063238,0.13797058239613222,0.189021495805151,0.11768602407436908,0.09471433447989298,0.12456963505891161
0.06974129705986297,0.06310191454288754,0.10915117399775985,0.0784831839874172,0.07833476763844714,0.10722743644398913,0.3648222526540503,0.03442212171647497,0.09471585195911086
0.14463624253711452,0.10276500604069767,0.11880944139989615,0.07196097646883186,0.06353784652026805,0.07502848547605737,0.1312593303348157,0.1746463522586843,0.11735631896363435
0.14665710405368818,0.10627429872003985,0.11069455747095114,0.15221308263130862,0.0868544540166652,0.06785543911620194,0.043119950726708656,0.17232052225795616,0.11401059100648021
0.12046601205335529,0.18904057539321592,0.07953579619926046,0.1378762529754085,0.061930140727294136,0.06520572846299182,0.013235881916793276,0.23965151092977202,0.09305810134190866
0.0700050872868739,0.07381698316252962,0.12863405668335207,0.03941959205626503,0.13521064794279433,0.21922311907984884,0.09712967398413534,0.10720868961926111,0.12935215018493987
0.05116436232114446,0.0924347425689046,0.1272987125203123,0.05354831132809726,0.2156068763599054,0.17548124154217018,0.1210998030458611,0.03694010052495356,0.12642584978865126
