0.1875425099824246,0.0692086136235171,0.09937309368336074,0.12395477646569432,0.15932858608897218,0.08068289343499528,0.1195069294015438,0.07473113223968632,0.08567146507980565
0.1311962652603844,0.07441837660573047,0.07290656371384846,0.11230120641652293,0.08773162790091765,0.10916614481791083,0.10957607093370163,0.10802995475155563,0.19467378959942805
0.10699467223480195,0.09189378507745906,0.16221032270396293,0.11643939042623208,0.1409134763772288,0.09710852590416942,0.1238855597771323,0.08649682716849282,0.07405744033052059
0.13934686422456502,0.08607688785050914,0.041357589199498584,0.11336715168531641,0.10563443874271745,0.1130721182217363,0.08643662638876608,0.14306944345409348,0.1716388802327975
0.08527194004127396,0.10977608411375783,0.08406252573242773,0.06955260669940566,0.2829991648501669,0.1244687573994339,0.10811312834185068,0.11057238324073333,0.025183409580949983
0.12814903385226648,0.07084376727576973,0.14296979149855407,0.12621164764185266,0.09148160515786763,0.09996188680128415,0.1256679165634597,0.08246040900167796,0.1322539422072677
0.16404568151174512,0.05319502257891956,0.1100910384587049,0.13781147831375695,0.10432080009655602,0.08841264776323517,0.11185760772709286,0.0897719196388626,0.14049380391112692
0.1268926040826909,0.07244625029197294,0.111205353240742,0.12228896746408228,0.08317253088973058,0.10401012525800864,0.11713860693767576,0.09427909315155554,0.16856646868354133
0.16264177565834656,0.054176082659925205,0.0901065568737156,0.126717404455826,0.09743239433559302,0.093755713428145,0.11655471198331353,0.09345254762058759,0.16516281298454752
0.15229498522692178,0.07740214034538963,0.0332267597989638,0.10495363415696347,0.13591311957322913,0.10978857762353599,0.07153602741710142,0.1605027254209677,0.15438203043692708
0.19292705544886876,0.047047275434294274,0.059258256741740616,0.15360565173040797,0.13575875518140748,0.08911811710231489,0.0828394773580046,0.11754267862819749,0.12190273237476394
0.18774952229797445,0.04405034555115677,0.08035288840862298,0.13877718085293322,0.11782265830490433,0.0860734052235117,0.10092688024582179,0.10053724137430652,0.14370987774076815
0.11499968140546883,0.0943298427525208,0.09690612100389806,0.09735466692945105,0.24553760481827022,0.09384328809844285,0.11652392834130643,0.09668146012586687,0.04382340652477489
0.06986460591680507,0.2706374897203037,0.05342403460338033,0.07913229138845192,0.08610488657372002,0.11910651110645364,0.07910599166535139,0.12463371930645005,0.11799046971908383
0.12697315945553747,0.07212857713314881,0.14496307371257763,0.132226414424355,0.09482479250641103,0.09934547628233648,0.12589833487860388,0.08341376232609143,0.1202264092809383
0.07185126639268759,0.2505784649984445,0.03907247754774142,0.06704270754846695,0.08903042635124751,0.13270172397188876,0.0687979954467448,0.1276706954443457,0.15325424229843282
0.20867425135553144,0.034534153965279875,0.05270107464277218,0.11149263125171227,0.1399570191047905,0.07793263485317466,0.10631836350264613,0.09627124011221865,0.17211863121187435
0.07668474875249942,0.2093135811491705,0.07327339502202222,0.09009303063493024,0.1307482655651924,0.10526582575219083,0.11204789901853081,0.12451312405949246,0.07806013004597108
0.07963074419180802,0.1535824925601144,0.10784131417121014,0.09307714878332939,0.06268840443353356,0.12392128057025649,0.10394969012527872,0.10087306154693437,0.17443586361753485
0.14700596273002117,0.03383384042289513,0.005593791415357342,0.07513775988667387,0.35593552696682834,0.0681788905142957,0.015320078467700038,0.2572355535846525,0.04175859601157585
0.11015578480238138,0.09700159364328097,0.1346096218995517,0.1213588312696159,0.14546216006045054,0.09714930154568717,0.1243905299984831,0.09479204760879278,0.07508012917175654
0.21121328525609126,0.03376161403335836,0.017141630510237937,0.10996723016169047,0.2589927745927783,0.07877832513477263,0.03451654359747872,0.19668128303263877,0.058947313680953656
0.17831735996179598,0.04728271739881401,0.07677534693312878,0.12539201498342914,0.10637029952786774,0.09006370949417615,0.11126266227646714,0.0975487193832459,0.16698717004107522
0.20422571908953643,0.05863892171724647,0.08355310990419663,0.12986588271605168,0.24717341527060896,0.05139067715715201,0.0846358334179715,0.0731530356842466,0.06736340504298972
0.1901051597882325,0.045383006865139484,0.07181341937695904,0.1329659195232164,0.10530825892758439,0.08692991868845706,0.1133437411592872,0.09621336462407067,0.15793721104705324
0.19037892750348695,0.04854882803147429,0.03169520375832598,0.1136800810994152,0.18909955238975348,0.09439767400139683,0.05799627406257396,0.16256042084086697,0.11164303831270632
0.18496265814295768,0.05152085601812898,0.1088475727797747,0.15502167246904375,0.13620884207609002,0.07550289763702782,0.10288979585697881,0.08419433214664411,0.1008513728733542
0.09097569278040313,0.12864028823233592,0.14507021809293608,0.11995907416300262,0.09052784839461751,0.10503914073738578,0.11664149221741282,0.09897401664572558,0.10417222873618064
0.16710158750267726,0.05380981548533461,0.12128121679452734,0.13604850126295964,0.10952470937135983,0.08476772566326518,0.11459284531820148,0.08369534648483136,0.12917825211684322
0.1752638602647508,0.04726728340748527,0.05929303339732766,0.1185360402726799,0.11392709534051272,0.09476567487318745,0.10090664902877533,0.11278237775820799,0.17725798565707296
0.1911957706578764,0.03501458543510292,0.015003388375265108,0.09913846533695843,0.28467848887286396,0.07764364657358255,0.03065911773075782,0.20758996148096495,0.05907657553662782
0.1028267402899361,0.11077441727575672,0.13353363865524392,0.13057595333527974,0.09418264044589557,0.10310103655459864,0.11605818132393614,0.10006519373289181,0.10888219838646136
0.066042504835728,0.1590941209795779,0.18747532437221434,0.09801777561963727,0.07440143397809545,0.11531934353524448,0.11920581739734575,0.08903261378639075,0.0914110654957661
0.09778420959148344,0.11191243898513419,0.12371879840324547,0.10923450933643776,0.16097357626281458,0.1047360091444532,0.128645075887879,0.10061868644002071,0.06237669594853166
0.10505329716701839,0.10291741283054512,0.12540100877140667,0.11092305710363275,0.1712929092321902,0.09937347845322701,0.125913011442401,0.0967085748855903,0.0624172501139886
0.15796274553170545,0.05650335676528162,0.08576104364100072,0.12590985477286468,0.09311139250069367,0.09675540364038639,0.11804985397291234,0.09522014143812856,0.17072620773702654
0.2001116599766181,0.04645674077549298,0.06999768658611454,0.12271153099369948,0.11858474360348197,0.08291651202199442,0.11825466271218261,0.08756474228682536,0.15340172104359048
0.17002552408979268,0.05162646001865776,0.07374744079482855,0.1351770853812365,0.0989976050518681,0.09419123269081103,0.10997611194096778,0.10328568327254306,0.16297285675929454
0.15512332544423846,0.05628071131925044,0.05286856502622352,0.1054287234849602,0.11195032105494773,0.10227117870631121,0.09872340087518133,0.1183538770544073,0.19899989703447987
0.16400345984092268,0.05741904655781205,0.08940200111780584,0.15130505435135408,0.11320458050974523,0.09165097604929574,0.09842514272097853,0.10339200918256714,0.13119772966951868
0.20024037792565372,0.043927035565746064,0.03973223164679731,0.14065327777950262,0.13344752279847102,0.09242659746717831,0.07845903593997118,0.14149818003177203,0.1296157408449077
0.22146251626850622,0.033807389921398624,0.06211935725218687,0.15606580364379696,0.15010201428283662,0.07790994261103755,0.07957053195064377,0.10812619478976965,0.11083624927982379
0.09042404381490321,0.11086284476689395,0.15567114830442955,0.11349766023529335,0.12387917823593553,0.1128132276473134,0.13064209684435243,0.09232317316519967,0.06988662698567884
0.19553461879559378,0.04528123507809018,0.050554085100481296,0.15265673723674378,0.123901284298372,0.09067043909353241,0.08611498862536421,0.12454394638747635,0.13074266538434592
0.08066179272156443,0.12113792587580781,0.18866379110861375,0.10657274463152344,0.10077363307027247,0.10632488386394978,0.12311971877467968,0.08786325414681741,0.08488225580677122
0.1993147523423856,0.06354134979622776,0.10017315398132033,0.13071841437011844,0.16335044641030358,0.0721035084927577,0.11281218340799837,0.07377741473150749,0.0842087764673808
0.09756826338929021,0.0933012057468935,0.1918346106120715,0.10851348262702491,0.12810558706769354,0.09702804542664868,0.12115114630925673,0.08276956631088,0.07972809251024096
0.19750864105862234,0.04372295055651667,0.05236372532350222,0.14526332056552088,0.13294528878298303,0.09019635374330458,0.08406361389253719,0.12313068660742925,0.13080541946958388
0.06890129430302717,0.18609423101615966,0.1406575143733523,0.09728672882809976,0.08999573037769514,0.11217217534322486,0.1195476947355759,0.10359925513396157,0.08174537588890356
0.1257566297820906,0.08914839420668204,0.07764959797588694,0.13406394153872467,0.08768223527999981,0.10839341975770213,0.10434238842131403,0.11447908889110275,0.15848430414649703
0.19002378061481842,0.03671083210763702,0.02512504554864198,0.10216706596266939,0.20803369967691468,0.086966827647322,0.05472044150517546,0.17454149033593844,0.12171081660088257
0.1005291256442455,0.10730684977547633,0.11006310741231773,0.10442246331840861,0.18511817294715457,0.12077864773552445,0.1272762149855277,0.09761439091542512,0.04689102726591998
0.17424768877243804,0.029712938223711946,0.009425716329624452,0.0872630103922921,0.3236893151830485,0.06944623852509257,0.022378966618384625,0.23536957846266396,0.04846654749274382
0.0779558064672703,0.24275344313967176,0.04050757378342727,0.08010458345130493,0.15095674454011324,0.10025369083873444,0.08783857492072415,0.13864891951329278,0.08098066334546115
0.15277643682036932,0.05997052094937658,0.07232652912724367,0.12306084796023824,0.09874816175845998,0.10078496959734438,0.10689328236575198,0.10820417557115286,0.17723507585006296
0.13723447622394366,0.07291646163741346,0.11424562294598771,0.12706292470504632,0.093397148069063,0.10577789885641355,0.1316327712878314,0.08559920996036137,0.13213348631393942
0.18827718207636876,0.02972843634241985,0.01219613739452396,0.08972324475724508,0.2760521318232097,0.075207025489121,0.032488729011791784,0.22296999390674532,0.07335711919857461
0.20517350014402083,0.04513648972948504,0.08945450071079414,0.12195048833130591,0.1302610110000228,0.07555972066670713,0.11333754886320972,0.08181202578562619,0.13731471476882814
0.11566703037784741,0.08508635124934151,0.13190231825643645,0.12599450780354146,0.08896295473912147,0.1147676696889534,0.1331174373103686,0.08813325935682326,0.1163684712175665
0.14086207860792097,0.06236622339449608,0.13033050161464382,0.12339986760202461,0.09432299385327243,0.09477202193016983,0.11952188160990652,0.08492545908028527,0.14949897230728043
0.06762735903020894,0.28672063390721436,0.03416624668389395,0.06267492951886401,0.09591978502490861,0.1313773960763286,0.06235961006649393,0.13135430570979567,0.12779973398229186
0.11844459895307925,0.06939541266657649,0.2101289760469676,0.10748350185101156,0.12197897200929557,0.0807763175723691,0.09984020553322769,0.08564347171617093,0.10630854365130181
0.09793584367082886,0.09516037901740908,0.1530279706384057,0.11885319060247708,0.07378779373916479,0.11543018205440743,0.12758788861671552,0.08783977132070765,0.1303769803398839
0.08003039432719823,0.13061228525262913,0.1768436969125997,0.1107490751338283,0.07903317331449194,0.10784053730296377,0.11761865926876336,0.09004807258883836,0.10722410589868725
0.14050261909591577,0.05921628224629965,0.042937170112192925,0.09154286095841253,0.11318359902157636,0.10660299902786559,0.0997307927908967,0.11589942931687514,0.23038424742996536
0.18528366893329343,0.02740436424158223,0.01114337186240731,0.08911489586650433,0.29237551361497616,0.07157754901879652,0.02929462314393036,0.22698329450063218,0.06682271881787746
0.23287130747339177,0.026114628932326,0.03465074919595959,0.1258052846580787,0.17378428170698967,0.07827957364207762,0.06773819185842617,0.14444586236884635,0.11631012016390409
0.08839635416942425,0.10565993245033099,0.1730230450226251,0.10725102824250038,0.07273013574279197,0.1083886817022031,0.11559435753503557,0.08484789056415547,0.14410857457093326
0.13021914767178674,0.07181850421475422,0.14083429259009175,0.14015150985987754,0.10258557868170144,0.09629346543452792,0.12405916867375481,0.08558154527472146,0.10845678759878413
0.056859449154507025,0.2279373685923294,0.14782433177655044,0.07930437915080499,0.05673918414497572,0.11866502180723722,0.09639497384317865,0.09292220070283341,0.1233530908275831
0.16521229511195987,0.04527442279138982,0.03204201275633705,0.094908970878941,0.16017623732898204,0.0956371658942403,0.07465196361798701,0.14691797822282968,0.18517895339733326
0.18872048452215065,0.04660074353490631,0.10424899085939794,0.15583541387355807,0.12901983240846587,0.07763838238152675,0.09836168044834577,0.08877546712876748,0.11079900484288109
0.18333482698030154,0.06694485424150547,0.07520155147294855,0.12316072162357268,0.13546298524983705,0.09509947405452758,0.12746728623702205,0.08395281423745449,0.10937548590283062
0.22689484078123767,0.03685305000105748,0.07411054171336433,0.1603368130592992,0.1321684719381361,0.07066035295412336,0.09604960546705321,0.09014589855133724,0.11278042553439145
0.12586752173013807,0.10070530458367777,0.09854080397526334,0.13780433243699208,0.11531800247395012,0.09696088742432331,0.10054286334454754,0.10931985763074735,0.11494042640036045
0.1988900449006831,0.04043427132711482,0.08002401348422324,0.14271237950983937,0.12475759310542306,0.08197346854099062,0.09766769939209047,0.0989991203531869,0.1345414093864484
0.11659168546989936,0.08317649496776346,0.12067270968654202,0.11782096901391359,0.07976932415090202,0.11582099358805753,0.1307609664618714,0.08818630844391699,0.14720054821713371
0.06473808652655572,0.18608782851508532,0.16247454550094917,0.09623564590702118,0.0746098965637126,0.11366501669592159,0.1160064090212622,0.096818061323948,0.08936450994554428
0.19450869973786541,0.034010350354532475,0.02814834072723052,0.10390878275627145,0.18653679528251302,0.08638074497036051,0.06371480371375011,0.16256250764518707,0.14022897481228946
0.13005533323352567,0.0674298242776586,0.13828152644412117,0.12584964475075974,0.08948815524673104,0.0977052293373785,0.11937651787179376,0.08574951777195904,0.1460642510660725
0.11042736128774881,0.11844497767248857,0.06114806461132169,0.1035917357794003,0.09399795075560259,0.11669231520683827,0.09267072220344187,0.12385153340633781,0.17917533907682012
0.1474164500096147,0.06446568190691686,0.0677534653334697,0.12336603818941012,0.09418356377077973,0.10393182719109305,0.10700190975061998,0.11153224501762489,0.1803488188304709
0.12305723509134074,0.08100593068439339,0.09809699769546947,0.11581467946730935,0.08085728398495694,0.11824703037746975,0.13087022165640555,0.09212303342355999,0.15992758761909487
0.14567075898246365,0.07407773229313641,0.09992295791896529,0.14635590560021583,0.11298431253400737,0.10114013440669367,0.13124611782326684,0.09264731602162285,0.0959547644196281
0.0855911171993244,0.10700945286816792,0.18856836563029233,0.11198177886806378,0.09130067495121925,0.1107573571441654,0.12600771130940738,0.08373967695547672,0.0950438650738827
0.0774950906048263,0.1655114683069504,0.13662161901496503,0.10095535902785341,0.10621841089958772,0.10635598988157564,0.11988616843270161,0.1042138714623569,0.08274202236918303
0.09840585187815931,0.08404026727920767,0.04524087294134687,0.0627763862498374,0.3202709814837897,0.15019735442743123,0.08198780661644499,0.14426883087543185,0.012811648248351107
0.05290230958183031,0.22406871404484796,0.1649467844848373,0.08151028619576127,0.05559873455376833,0.12689571009994358,0.10463342748175301,0.09495817324466342,0.09448586031259482
0.12911765556731578,0.06733509938193856,0.151047107431298,0.12289329937613509,0.09319454978100312,0.09594872576038667,0.12048235461506333,0.0820402255277799,0.13794098255907958
0.1620067860770112,0.09347416774165591,0.0242337653093522,0.11435673857315377,0.17669792015626387,0.10263879303979888,0.048950548142747276,0.18452860045399425,0.09311268050602266
0.1040517010198516,0.08953493770557602,0.16128721208199945,0.12191793012451331,0.09334337784649706,0.11120829742623929,0.13022256371952062,0.08417370611048608,0.10426027396531656
0.10901309451520319,0.07834156843273758,0.18882037064108256,0.11514034916849362,0.10044189050457891,0.0974146605383942,0.12136070369538464,0.07782993743637166,0.11163742506775365
0.21282103932913635,0.03665052551809516,0.053614795724553604,0.1278280124173566,0.1172660066160242,0.08119157614881443,0.10633838257344792,0.10428897583420849,0.16000068583836324
0.209849368064455,0.037278186974031645,0.03705411344121468,0.12413023129971497,0.18756606107405402,0.08728472315103512,0.06153909170586556,0.1474282587832112,0.10786996550641788
0.2144613443993715,0.031551025640700094,0.0490034974976008,0.12375756322702096,0.15091982254116773,0.08254713941037962,0.08280631675797938,0.12251731245205855,0.1424359780737214
0.19783890069903057,0.07297197242010055,0.07074393724047505,0.12122080356751126,0.18643308284214252,0.08606483225333582,0.11619457880079741,0.08112597622874644,0.06740591594786045
0.08026029586604401,0.13784708140234905,0.17629156934501297,0.1060169112626227,0.08417820889600658,0.10296361165275224,0.11096861007597016,0.09195718157704909,0.10951652992219311
0.14324275923423405,0.0677183749987229,0.08553264207501539,0.1371683767921522,0.09430086265070908,0.10110812241510231,0.10714974287915024,0.10620630670831759,0.15757281224659625
0.10462478101016222,0.08933211257988354,0.1424899360740687,0.11805008086529623,0.07481952713166844,0.11491412117290963,0.12817100437295023,0.08733240153252253,0.14026603526053852
0.09546909620082716,0.12075757477179773,0.09964396071100028,0.0963892220743262,0.15952575510817274,0.154461483793191,0.12265626040602984,0.10157202745043599,0.04952461948421912
0.17737137756089572,0.049694983929883,0.07570118861984187,0.14703988604952878,0.11051486972437541,0.09083502915614527,0.10079624105449593,0.1053249817269224,0.1427214421779117
0.1859342732784188,0.049663693785134834,0.03484407595931036,0.11223663077846924,0.18822816594552927,0.09476422933975175,0.059999430481448346,0.1568801164150719,0.11744938401686555
0.14836381521239214,0.06461256616623,0.1296437739834506,0.13051497314575525,0.10394793505897015,0.09303576793317347,0.12468427773902553,0.08106291699242019,0.1241339737685827
0.13341435414738237,0.0702188384629036,0.10562801914601266,0.12226438817129302,0.0824001249482169,0.10601863326140763,0.12680366671092555,0.08980572598497259,0.16344624916688566
0.08737790705930985,0.11956078812588881,0.11073136023630913,0.08981228603782138,0.20178850562730855,0.1283491556966015,0.12305722564414046,0.09960900315171221,0.039713768420908034
0.1366318976010699,0.10437404752465186,0.029354615436200774,0.09712480870179062,0.13620787561550687,0.11567810558764835,0.0641858947389831,0.17025311761479525,0.14618963717935332
0.09390759547062105,0.08858100646796581,0.2039677287762356,0.10527182985147648,0.08794517593149925,0.09950621839355524,0.11636550004904017,0.07818592610257703,0.12626901895702933
0.20048648181186265,0.05459198706457321,0.02782797039730053,0.14168136658951422,0.2242515356344504,0.08263703597883636,0.04509670521354897,0.14867182351377742,0.07475509379613625
0.0564801666155901,0.2183061755717909,0.15092173638384848,0.08172043776462017,0.052864690634642615,0.12647877307564087,0.10080119599052347,0.09497966792905303,0.11744715603429035
0.13661307022852362,0.08587351251642311,0.0639619191406779,0.12709008160273805,0.10725272405812025,0.1070261694419385,0.09290616921962873,0.12337157957567722,0.15590477421627258
0.13379910286758753,0.0755538301452015,0.039143100938671356,0.09343976831964686,0.11087493536872194,0.11283921382982605,0.08859199296488253,0.13437157740236474,0.2113864781630975
0.1705161716030468,0.055514559905404076,0.08824854646889953,0.1419769796558958,0.09603373381777874,0.09151981233751832,0.12201104152019882,0.09124265622102516,0.14293649847023274
0.08810098304663518,0.12421303770621739,0.16361774998217302,0.1092965616983453,0.11257174539455188,0.10128888248127127,0.120364539649007,0.09535975616651104,0.085186743875288
0.0919749708720251,0.1085977265777262,0.16154914223125158,0.10335327841171839,0.09865416767950519,0.128039861224965,0.12885440060082845,0.08302266090794834,0.09595379149403167
0.19801991406759303,0.04535267443426064,0.02762408783172647,0.11495557923548672,0.1999219972833773,0.0918136231448517,0.05273086096246499,0.1711603428633172,0.09842092017692194
0.17091986988277827,0.04406379531253774,0.03692483426467242,0.1007450783249912,0.12920407437687406,0.09609245312326438,0.09043040043591428,0.13220863777826272,0.1994108565007049
0.07957362570143516,0.14149492932997473,0.17375238259439962,0.10418073631827891,0.08180064245171868,0.10290205031778392,0.10785561755905938,0.09253126467329291,0.11590875105405674
0.15491527757608872,0.06312890433017247,0.13895585540721778,0.13492140075263662,0.12293652801110609,0.08481385909935633,0.11834517849022053,0.07917298145019104,0.10281001488301038
0.06867401818681274,0.1634433072390519,0.17392703658643707,0.09761174847135638,0.06478364903969686,0.11220329994785179,0.11013627156090829,0.08943711583998415,0.11978355312790095
0.2013730017367136,0.03784514089353041,0.03647452661031906,0.11771868166576693,0.14939198431682754,0.09043876542238312,0.07649260197826842,0.1455345212307876,0.1447307761454033
0.07342164941389699,0.13355691804621964,0.19416313288792578,0.10180594140886197,0.07256612702456648,0.11041536836669358,0.11685825555642874,0.0838780705076121,0.11333453678779476
0.14154716335606318,0.06736099567878079,0.13874476779250902,0.14016996038745397,0.11316730739041707,0.09081875465956528,0.12138303664499021,0.08293043962778994,0.10387757446243055
0.10684007447904072,0.10094301729349786,0.0776075982172949,0.10101339289249066,0.07648427465314027,0.11896011593096396,0.10860586800871598,0.1066071742144556,0.20293848431039999
0.06360714310454864,0.17736130999529512,0.13898133869002344,0.09094240721296555,0.1074107200592082,0.1310728171083365,0.12647485577398518,0.10737640434609726,0.05677300370954016
0.1173650424842208,0.08391046222575434,0.1270577179398561,0.12607962271344178,0.09019495896111505,0.10186567864279931,0.10794376451918151,0.09724069564055636,0.1483420568730748
0.09720150073641105,0.10325602094123532,0.13229013558795547,0.11267801386414773,0.0741187068448083,0.1283575026938598,0.12989304314597572,0.09250484995815224,0.1297002262274544
0.0882712429698761,0.11566185504106719,0.1734762034078522,0.11148484676706782,0.08149989329601803,0.1032490875892199,0.1102679267044502,0.08964956794527212,0.1264393762791766
0.10810484123689712,0.11965329057817516,0.11533915363963111,0.11739665998422193,0.1347927144723938,0.09417534440852506,0.10970113215303472,0.10664322779426998,0.09419363573285112
0.057456390587363564,0.20577030310017175,0.1266809961888603,0.08396845559520294,0.10106837726519043,0.13502103115028308,0.1223671476119471,0.11358230157393971,0.05408499692704111
0.08651678442195306,0.21788068745130504,0.04360960107017608,0.08626631311011591,0.09539424549254505,0.12123392347432722,0.07453223453877901,0.13510419166586538,0.13946201877493328
0.08682543213358389,0.09323789346743312,0.0398567521003017,0.05683942782832422,0.30211970570565067,0.17461734798218984,0.074477944649554,0.16143861604761306,0.010586880085349505
0.04519090588851136,0.2925375288092069,0.08437175899856499,0.05950284078958573,0.11416649129718491,0.12779211344714922,0.10602045176518314,0.1190638502677011,0.0513540587369126
0.08508520821804355,0.12146487344617514,0.16023555772857884,0.10671547619615031,0.1260283041555912,0.1084021899463969,0.12781239945536735,0.09422124574542212,0.07003474510827472
0.10506901501871924,0.12402822849905236,0.10338875990574038,0.12398284775290092,0.09213507746917403,0.10606274911359459,0.10029894547480472,0.10999407131058607,0.13504030545542764
0.2036511902099688,0.060954253766322665,0.08835100846484369,0.1167751435740706,0.1547964457316837,0.07744101347624076,0.11941841551844444,0.07333111077594938,0.10528141848247596
0.17143362945761054,0.05403793142104991,0.03653321181704309,0.10785946163054101,0.1429405461889584,0.10100513693554598,0.07634711024501077,0.14939134535640575,0.16045162694783457
0.17422682989412194,0.04625856338110081,0.02604337607752689,0.09711988652851632,0.16009438472982504,0.09663666373725018,0.0682621498305059,0.1695460579810587,0.16181208784009427
0.10518036981544232,0.17143684742403556,0.03935129844456057,0.0897525862746918,0.12293221435134864,0.11625769035919557,0.06711393366758425,0.14771355221922078,0.14026150744392044
0.07546194759813661,0.19038383926103838,0.12200238892890795,0.10116605816329183,0.08889468851394804,0.10711357362751543,0.1100708628007702,0.10706527337841922,0.09784136772797232
0.16775615412428166,0.07536905315171862,0.04079338563661567,0.1369191879341877,0.14436808546743204,0.10113802521350318,0.0700804585951682,0.14549132651049443,0.11808432336659846
0.11462939700378076,0.09626845835611918,0.10805304509358478,0.1111678354433785,0.19577717854269738,0.10408717871388358,0.12510062831763452,0.09395560251652467,0.05096067601239659
0.14611669461756785,0.06336724513175242,0.11250494580586846,0.12525862631359105,0.09199155612010534,0.09787488160410295,0.12485333810780079,0.0857899447589674,0.15224276754024366
0.1607373332440941,0.05239614060042428,0.015414999489908427,0.08642893933152145,0.25765243299858936,0.08988919864643753,0.035641084808028356,0.21190692697029848,0.08993294391069791
0.1926746646667478,0.072776220929733,0.06334830177428047,0.11500713752219786,0.18861988869170576,0.09549832273010606,0.11724988044181128,0.08566697215806895,0.06915861108534886
0.15269475676387073,0.059092965304754164,0.0628096585961484,0.11403346316253177,0.10056695115365495,0.10246449935870765,0.10567934683616405,0.11146153516858191,0.1911968236555864
0.10109495580323892,0.09490894116326264,0.1730890523339408,0.12323857178778651,0.09661560057484327,0.0992872037114298,0.11720226640492515,0.0880744839379225,0.10648892428265049
0.14650553046052003,0.06304304933840334,0.13488111302389513,0.14502808845548074,0.11300902190708832,0.087727826464844,0.1085596898702353,0.08864929387138328,0.1125963866081499
0.17088417848496748,0.05268348849262785,0.10627334880025674,0.15169609188828265,0.10841568980766554,0.08553852387646599,0.11043406646070957,0.08939704962150517,0.124677562567519
0.05717267650476582,0.19156336709568422,0.1787514859700958,0.08810658840396578,0.06315841712658056,0.1279540315719186,0.1136463182891315,0.09240873445274596,0.08723838058511178
0.06108594764095363,0.17813456265639424,0.16165910924835947,0.08924513932723942,0.07955240156982417,0.14356406394743976,0.11721952141994808,0.09933704541889106,0.07020220877095014
0.21596041738891522,0.02690880739002179,0.017280605845369966,0.10622392656201697,0.2509012993956152,0.07524717616711245,0.038428072355628,0.19839370497057165,0.07065598992474871
0.09986253654210686,0.10088921407941522,0.12637680094978498,0.11511324845884542,0.07102211340288654,0.11233104337114092,0.11505651179507374,0.09564168014074348,0.16370685126000284
0.08457609048620202,0.17850731628637675,0.1038869891383681,0.10985120562939439,0.09079224576814153,0.10698366971831182,0.10680571971564838,0.11168927760620277,0.10690748565135423
0.09483653707221207,0.0953439409930563,0.1833511721127653,0.11062269087857758,0.09580887076457138,0.11148459769247687,0.12741238813262304,0.07988050573106685,0.10125929662265058
0.06767251903585471,0.21938564283889697,0.11261355571202947,0.09052280357673924,0.06724269658535582,0.1155868068228023,0.09645392348070199,0.10499074533287293,0.12553130661474657
0.10034990250389526,0.09038120761276881,0.16375541364033383,0.1116069511774175,0.07957878861973068,0.11268203282869836,0.1268703407842453,0.08161902774419084,0.13315633508871946
0.08881818416232069,0.1599191009144977,0.09040811537079134,0.09747635922998295,0.08623196880718004,0.11314523093168456,0.0922419868136245,0.11468497739377474,0.15707407637614357
0.07418967406430008,0.2239747631193548,0.08272818453976631,0.09995307078720421,0.07918654447586665,0.11437226441887376,0.10185291033071338,0.11774765907091779,0.105994929193003
0.09141299726120389,0.12968685244834663,0.1468505870416518,0.11591557205392293,0.10041257980788794,0.1023397946346928,0.11627218158743075,0.09929607101483183,0.09781336415003139
0.15706059401780173,0.06992885041344117,0.04058681905961286,0.10882635635181921,0.1406468045700305,0.10593376838396591,0.07531755180017806,0.14693745770752784,0.15476179769562262
0.12333435414489136,0.15554071261928737,0.03618178784454743,0.1106337609286215,0.13754602353602738,0.10768097829503515,0.06503168820931413,0.15136170888510683,0.11268898553716879
0.09393608257812515,0.11123956490966203,0.14800833150601575,0.09920790673832759,0.14354819708551883,0.12751738993726108,0.12665151283146656,0.08518129655420119,0.06470971785942187
0.09836919927652532,0.16896132109328502,0.06110569981574838,0.10358510941765077,0.09932251031751589,0.11323990728094031,0.08430476889049658,0.12880394585516816,0.14230753805266963
0.07299259309726464,0.15796741652567134,0.16030047052578003,0.10501594209694558,0.08474846089553324,0.11243019640920839,0.12184130401280112,0.09768713739187994,0.08701647904491572
0.07252173820759102,0.14159841735450238,0.17929345835350327,0.10008505825701065,0.10187537821680585,0.11294206948070719,0.12513343661866383,0.09191117127355224,0.07463927223766352
0.08555488515498237,0.12696561163292622,0.12186071519903446,0.10018430763552778,0.16043601811258187,0.11593744751362507,0.1306603502117116,0.10433517073649641,0.0540654938031141
0.12122067817946795,0.08658966656109546,0.13876171529142056,0.12024358767920768,0.16361970300750853,0.09100834688661474,0.12120399888931545,0.08771795968817031,0.06963434381719937
0.1012408443293847,0.08303732196526269,0.19020885995014347,0.11108214253835541,0.08778986594382827,0.0991155205635349,0.11675833819061605,0.07993902603585212,0.13082808048302239
0.12711084293594863,0.07550713510346205,0.1266502487316269,0.13404481225531947,0.09595163951120637,0.09806867565741957,0.1075103162565122,0.09620760945519746,0.1389487200933074
0.08130589112179439,0.12878715544191485,0.13826021076569356,0.0985567824453531,0.13918906988653143,0.13566459337201217,0.127741939090342,0.09597730468479233,0.054517053191566196
0.1630096430492464,0.056847482678201555,0.06905542992945456,0.1264563297795602,0.11811311300222599,0.09743841048115277,0.09525096994938502,0.11534523115448665,0.15848338997628678
0.08607575050402043,0.11280188203559843,0.16920002750092633,0.1002353335816547,0.13916001133494857,0.1159509199151449,0.12649239574777618,0.08620665732792314,0.06387702205200725
0.09987557643474983,0.13744523715991544,0.10815813720333883,0.12364141100907557,0.09901212289557813,0.10348501837428568,0.10858286166940996,0.10940364679324438,0.11039598846040222
0.18169598209216245,0.045585042801608765,0.08261243085779836,0.13361538370353734,0.12273325779951398,0.08750516965111706,0.09768218836167201,0.10365038389410741,0.14492016083848258
0.1225186258823493,0.07173978124037582,0.15395908767043315,0.12702658053901225,0.09074146221100406,0.09856150718490285,0.12217198832344171,0.08285509891196342,0.13042586803651748
0.09125173211250047,0.18563405348088113,0.06615795581097003,0.10199077191519786,0.09276304909083255,0.11326039412374315,0.08669111487756753,0.12502190976380292,0.1372290188245043
0.09641088340116827,0.10326099693710471,0.15703704408650687,0.10892077809322313,0.13852187933653642,0.11381017179495125,0.12876929017519442,0.08627286281601636,0.06699609335929861
0.0508086035862624,0.22926707224369716,0.1672085317333825,0.07933786284384199,0.058059436728001186,0.1295606926248297,0.1048749087569037,0.09576861926591211,0.08511427221716933
0.08992053742322703,0.15035391078084628,0.11297693161731244,0.10845848487573569,0.08456639982467291,0.10830956697290724,0.09825782437923332,0.10797363760533114,0.13918270652073403
0.18448612553486243,0.05148702383384068,0.01969045357438712,0.10175383668114647,0.23457636998075918,0.09131479254047488,0.040059540120637165,0.19699859574116466,0.07963326199272731
0.18393505737590146,0.06596856042969158,0.09139212766462408,0.1418431632694093,0.14495349573972702,0.08250780438450939,0.12024670692229482,0.08135492492681572,0.08779815928702663
0.12920040245767464,0.08335014385417229,0.09596192868532295,0.10934826106379188,0.10248660216267795,0.12206297401645305,0.1330769745692555,0.08659133850309782,0.13792137468755392
0.17034556442176715,0.05621931227925699,0.05857518454685926,0.1334190680336648,0.12153620955729394,0.09788308316470858,0.0904908273997247,0.1221054405290959,0.14942531006762869
0.11867985611550509,0.09316691787893751,0.1246997922786557,0.1147001583027218,0.16809536395385147,0.10688034630491028,0.1271673178758033,0.08604077168598782,0.060569475603626986
0.07078793727331628,0.25497940900401356,0.05519956290012745,0.08158900413003321,0.07529581532684444,0.12647743370038342,0.08214919790415583,0.12242731568494873,0.1310943240761772
0.13376808420410236,0.08258242756836097,0.1131648762462481,0.11337920164042481,0.21325169189500534,0.07864731407774474,0.1107185728305271,0.08999812499902758,0.06448970653855894
0.10317913937305893,0.09553923869335386,0.16364978052129997,0.12514394061237152,0.09213651770557592,0.0997437835175173,0.11357899662592254,0.09046468833356318,0.11656391461733685
0.15659674247567126,0.05752052235487889,0.058966199430173116,0.11529927796731716,0.1030241479328133,0.10192905160606208,0.10343508639309551,0.11466494331198511,0.18856402852800355
0.08411568807183463,0.11361937616408536,0.18899254077797245,0.11191198224652725,0.08626909862704829,0.10575601117277987,0.12026287999136709,0.08576760721203129,0.10330481573635376
0.24232726388165607,0.025438642011016088,0.02552433153445374,0.13251732846513176,0.19935556172832458,0.07592490036053774,0.0515569342511813,0.1650201316770058,0.08233490609069292
0.1838521926185174,0.043912262646577334,0.04051061086032906,0.1085917245275199,0.18766219923613806,0.09150250486409399,0.06457402791742096,0.14697375025842188,0.1324207270709814
0.0748915862223994,0.18333553949539894,0.12070942359397896,0.09839968611231471,0.10463779202384564,0.10828845879199128,0.11897911314266646,0.10875848404899378,0.08199991656841082
0.1254399626468374,0.0756200340306268,0.09224144941154404,0.10225448749158085,0.08815425221265827,0.11353458117852851,0.12567863213757938,0.08802660774624055,0.18904999314440418
0.07304151749821243,0.26510512445397244,0.05379281206719121,0.08548409544619956,0.09654640599157678,0.11202271274450748,0.0850045816247751,0.12658986664145278,0.1024128835321121
0.17255742458377865,0.05248643627515181,0.10165678447933664,0.15679897791424127,0.11061007812387297,0.08522018291784432,0.10748012612600216,0.09167578032117023,0.1215142092586019
0.0823114375552959,0.11121898244608101,0.19039852619235145,0.10851780039895965,0.0774657186136915,0.1116904559562375,0.12261022306378377,0.08245601705329318,0.11333083872030607
0.18389087012884944,0.04978620474844728,0.07827787271972449,0.16738212904028757,0.11731635623019676,0.08495739220138787,0.09703693976664014,0.10180422716802578,0.11954800799644065
0.20072774728038287,0.041023066712104324,0.04027258642348635,0.12619035311350849,0.14793943580810398,0.09178747925589359,0.07621678717743609,0.1407701239409953,0.1350724202880891
0.1849076138655337,0.058736115697849256,0.03265143929824559,0.11915822637619654,0.18944443853580742,0.09669278171517787,0.055739679941638066,0.16065373500203195,0.10201596956751963
0.2358255426910861,0.027250436668580447,0.051748214548318905,0.14604549325625435,0.18069137206371622,0.07463752380609893,0.0673014441472604,0.11783192692124252,0.09866804589744216
0.23608188652514714,0.03014116637001131,0.058087150330742764,0.15603874299071843,0.13985382750563122,0.07337945464081745,0.08556231268403926,0.10476776224348916,0.11608769670940333
0.13385174441124226,0.08874171931918744,0.07268987534323855,0.09272950975516593,0.2716007565602209,0.11164859466326515,0.10552107376752584,0.09434406269820513,0.02887266348194877
0.07526329251563742,0.13029151381776788,0.17884132838149736,0.10273170179206254,0.08158028210696718,0.1274898429785239,0.12589397608960545,0.08774404329651615,0.09016401902142206
0.1568525009196997,0.05829607576468288,0.0744077642857179,0.1373905484710488,0.0888965735726065,0.09893160397600402,0.11398745673369366,0.10510032615743119,0.16613715011911534
0.07845380956620607,0.125823071274173,0.16841207587020238,0.10195625214587156,0.11687087362106674,0.12360750014188572,0.1283454620109907,0.09027455729249323,0.06625639807711066
0.20346908447690612,0.045841172260056656,0.09361136598185625,0.14713541059541416,0.12351416381162689,0.07556753893597346,0.10854009970259722,0.08386650326724478,0.11845466096832451
0.09443972126833021,0.09850721576498732,0.16018170751667615,0.11321743831598508,0.07416057584966951,0.11713666156097734,0.12717460754544097,0.0853468705296062,0.1298352016483272
0.15575635257233858,0.05790580448172852,0.11647665430833447,0.14371295820678168,0.10003323502952877,0.09033219856922754,0.11647637770075514,0.0878672838213199,0.13143913530998544
0.09486890447969132,0.21064182568820897,0.018433066775084262,0.060899379449247885,0.1694841923054957,0.12384720508237312,0.03729286052165559,0.17450163808103894,0.11003092761720412
0.09896208427163483,0.11410157537636904,0.14912289441134352,0.12221819820429895,0.0991667528367534,0.1003889417499453,0.11363045797824184,0.09721141800646634,0.10519767716494667
0.07501029145654801,0.22708092976335292,0.07339292317719737,0.10060926990488976,0.07691036832763827,0.11689076210251974,0.09997080055676281,0.12178310336883673,0.1083515513422544
0.09876419793141067,0.10732082909470524,0.11047346721619566,0.09638699034096472,0.211201566426189,0.11208258870940042,0.12362842587053859,0.09685579186101632,0.04328614254957925
0.06008055667248551,0.17207852171297489,0.18249579776127753,0.08649669262516269,0.08377429864279795,0.13556862907956888,0.1174010498528016,0.08964287409786542,0.07246157955506553
0.13250553759515682,0.07282898900719038,0.13148183392988458,0.14303341256870475,0.10260520557366454,0.09414213100992792,0.10929470546204288,0.09356535144627388,0.1205428334071542
0.13197446119040582,0.08366638426327537,0.04513540679630384,0.09738432397676106,0.113319245529954,0.11282849932967255,0.08699543338446185,0.13337223033603846,0.195324015193127
0.1692881274242861,0.05136014360070202,0.08391777410581426,0.13429736527027225,0.10213681991831525,0.0922108257175116,0.11002705214042423,0.09871386487436129,0.1580480269483129
0.11494434029949596,0.09484401073016668,0.11103011715716467,0.10122564254144628,0.22611827404411436,0.09088091784238818,0.11800562475392096,0.09284146212395818,0.05010961050734475
0.20734306633574998,0.03649318723672778,0.03488880553668151,0.11935566773309579,0.16828507182537342,0.08866189541702048,0.06818277112197256,0.15058521927150206,0.12620431552187641
0.20531792134731353,0.04259959977923319,0.025939407637472215,0.11863326999774255,0.18961755711657555,0.09074112458963546,0.05376404940117801,0.1760104891014718,0.09737658102937767
0.047858413036799,0.32149841241321453,0.06151988514381069,0.06292751928150497,0.080084144820744,0.1409128928087729,0.08935788325082267,0.12896748162408742,0.06687336762024386
0.16182224804204298,0.05837716307068371,0.08353564372504364,0.12152806732661516,0.0960501961385926,0.09742105713658922,0.12519085925124665,0.08956524020785539,0.16650952510133063
0.11727925796422085,0.12685042107351227,0.04029271391938908,0.10733604408766116,0.09673326545220838,0.1200684182548168,0.08266699134719123,0.14502154652056023,0.16375134138043998
