0.07929411404677986,0.11168337139368623,0.09030133708226677,0.11991266377564301,0.11171801776014671,0.13377080311950218,0.10967865632567297,0.13625758521560227,0.10738345128070008
0.12965778113426132,0.11236146601840408,0.10719801324401013,0.12358154227351396,0.10787111013242794,0.12596932032497954,0.09078298138679523,0.09795416717830097,0.10462361830730686
0.17021157770342465,0.11672690682289642,0.09968967626489117,0.09412349587752883,0.1161497441744072,0.11743985953143887,0.1032196774505116,0.0984687759534773,0.08397028622142388
0.09541403223574203,0.14314083650970685,0.11926563413919379,0.11850250772481659,0.11126102044692432,0.11983096320046556,0.11547161479204258,0.0839841269518458,0.09312926399926254
0.09151845279596788,0.13147438863149527,0.13796034693001794,0.13213150005067725,0.11682949576426742,0.07418793851661563,0.12303993005421172,0.08950246246415454,0.10335548479259238
0.146251242907206,0.10636402326997758,0.1014564088986874,0.11261281217972209,0.10668629982221202,0.13268212435558102,0.08470158412178203,0.10710323346272144,0.10214227098211026
0.14887741952172226,0.14927869849407083,0.19178760367801181,0.09591044372011792,0.12770784005486682,0.03952923369864635,0.06910400074051277,0.08616714953148474,0.09163761056056648
0.09683067042964871,0.1297733735640891,0.11187403661103239,0.11254197014177236,0.11316684346047616,0.13631517799847084,0.10649478765747873,0.1012582534359604,0.09174488670107134
0.1352921333572206,0.12460934681175566,0.096055626028051,0.09775580712299448,0.09146945883509366,0.1455988177510659,0.07465059842637793,0.0983763151809141,0.13619189648652671
0.1761374744383338,0.14179063490585822,0.12289081219124641,0.10484053840142883,0.1219311916519333,0.09159356572494226,0.08282720707635653,0.06507870513375519,0.09290987047614553
0.17184275154915166,0.12174144165255062,0.11363702018928862,0.08131392933540192,0.12172457811815056,0.08085294470913504,0.13115047546139214,0.10301924114389067,0.07471761784103886
0.06000046641927768,0.09595551501113647,0.08641656513811323,0.11670803684900154,0.10784328723678292,0.12611896513179796,0.14612155027384865,0.15035295148421926,0.11048266245582235
0.254081181035917,0.12917182931684465,0.13745266280109478,0.08630231575104204,0.12608276852386716,0.04928757257580316,0.059546561852069996,0.07126203374642505,0.08681307439693621
0.17986997765088822,0.12712473490848175,0.10713385726849313,0.09084359578519159,0.12563350550879873,0.11345666853468096,0.09497008081724795,0.08121581717578542,0.07975176235043228
0.09657135022953227,0.11778343379975047,0.10091148277747532,0.10680363367390677,0.11135106147703766,0.12166131142224472,0.14226376093895135,0.11694691429880251,0.08570705138229896
0.2288038024015099,0.1377717885057255,0.13472595563774578,0.09307886825840415,0.1253625880162055,0.054796738619770406,0.06880983134381036,0.06803244402972151,0.08861798318710683
0.11865191647673308,0.19202206123550583,0.2101960032580087,0.06886584058800502,0.14535760588058214,0.02490776341301477,0.05672239936113973,0.10253604868849904,0.08074036109851171
0.1236018338233586,0.11085481305729976,0.1293799931445246,0.10034084200123093,0.11013897658225773,0.09711108703939525,0.0846115371651087,0.14080101999002484,0.10315989719679963
0.16283078338981505,0.15672688197015955,0.12808344918562364,0.10449526496999795,0.12002296780049333,0.08211538578076084,0.09358431808543133,0.06292952662809274,0.08921142218962556
0.10458830179205596,0.09506186334263521,0.09036116544004126,0.12302248549383522,0.0969956113538774,0.1723308989722311,0.08229730473344689,0.12872368601282155,0.10661868285905535
0.09232762741590801,0.09855161961753782,0.08453539418522127,0.11525207123302993,0.09744685647101904,0.16605780479979612,0.09813364728419316,0.1388113668166043,0.10888361217669046
0.14254856005654556,0.10336745903229543,0.1022599560412899,0.1109236671014604,0.10274559315291663,0.13537914559799452,0.07880225883157488,0.11696905263230062,0.10700430755362202
0.21171991047245667,0.11389984321664742,0.13336330986087686,0.10737237832533734,0.10720058980065178,0.08333256887799845,0.044959147312276515,0.06891111193916351,0.1292411401945914
0.09293966375419349,0.12328409290180072,0.12370796623652215,0.1163716844086191,0.11855590156127398,0.08404189710016972,0.1464755438024519,0.10213286408844545,0.09249038614652354
0.05816173649749188,0.11371966352710607,0.08918890407335396,0.10694303774156044,0.12170800891597709,0.09451720999417941,0.17200295050587502,0.14412673747175458,0.09963175127270157
0.1897248465413707,0.11078297263619664,0.1064254989799676,0.10465703783280016,0.11183356411557754,0.1195795017970498,0.06896140509828913,0.0845157429721452,0.10351943002660324
0.12368541751168786,0.10633684376888347,0.09125849124011054,0.10620493212567271,0.10715421040212247,0.16033209065639634,0.08575064196765474,0.11980089128856859,0.09947648103890327
0.0672101378741132,0.11537510774028416,0.1313108852824135,0.13153451370810104,0.11538426045402096,0.0824277226954841,0.13929843110796755,0.11303997478560451,0.10441896635201087
0.17368162431878953,0.12206217342903299,0.13301553274513764,0.12208317695498554,0.11419601006221274,0.07986673890233131,0.06595863457583352,0.07436032087434986,0.11477578813732692
0.08286967521726958,0.10420617303147221,0.08846326015015338,0.11163326524133865,0.10951604504921676,0.14575873383888865,0.11506329884816065,0.1488804997652389,0.0936090488582612
0.07078986043805367,0.13455902295512262,0.11981040429958882,0.12083729475855011,0.11527000502571465,0.08570074079538341,0.17366230913630853,0.08910780303453775,0.09026255955674038
0.148029522593174,0.12026262662540686,0.1309355328483627,0.10418096557459063,0.12041968801969731,0.07856736512633235,0.10386943794307528,0.10183110482724284,0.091903756442118
0.24126843199975112,0.11580326532452745,0.11590451624850812,0.09017017292530784,0.11595002698734554,0.08969965307521895,0.05497529313698906,0.07317668100144449,0.10305195930090742
0.1484024862220445,0.13017450313284037,0.11515065113072964,0.11489130936056254,0.1154267907832734,0.11096981671252433,0.09216126799500679,0.07577177849005398,0.09705139617296443
0.09136072186248984,0.10012122689881799,0.0897152123107638,0.11746833625282475,0.10494916653345572,0.17094876088598968,0.08709171906662568,0.13798341258702995,0.10036144360200255
0.15370403853635142,0.10962545203267897,0.10661171039279164,0.10471667481579583,0.10980834701701926,0.11469347993694175,0.09170850068803772,0.11158994781897581,0.09754184876140763
0.08767862627505048,0.10424007699520223,0.08967313262444813,0.10936584671844342,0.109047715336539,0.14939527972192088,0.11293604014201553,0.14691482665990774,0.09074845552647264
0.12833076617344913,0.13769322607592185,0.11509690411728964,0.1083564906520935,0.11657562481949435,0.11748147464783504,0.10859168084141524,0.08008038026306503,0.0877934524094362
0.08251294178331381,0.10753075240874603,0.09881128650668496,0.12044070176086824,0.10573956603943165,0.16370918724241237,0.09074656193903095,0.1296943993584806,0.1008146029610314
0.10395642427800657,0.14804272700679585,0.1684633117785297,0.1042520141160438,0.1327346384802868,0.048834453793783705,0.12311105968182229,0.08465760047240935,0.08594777039232186
0.12240810084079613,0.10396257018838034,0.1046827848876667,0.11048703187563462,0.1062400883118152,0.12286467085937147,0.09743419257956319,0.130440198589986,0.10148036186678633
0.056292723347798314,0.09836746931574251,0.10084300501637815,0.10395396812377918,0.11802921298984399,0.09711010542212012,0.18258883348435648,0.148328502097035,0.09448618020294637
0.07853564616840508,0.1002972248463736,0.11142804140713342,0.12026161237353866,0.10877942339132272,0.11010575461996813,0.12266121204356879,0.1439782134297563,0.10395287171993338
0.10402336789317916,0.1046414082089716,0.0972520135557734,0.12439917836983803,0.10215199929402081,0.15545819039174177,0.09277903091191751,0.11634129959214617,0.10295351178241148
0.15420123667282512,0.10495383354235373,0.1045864939310293,0.1096692854997322,0.1033080232966258,0.1319042976677116,0.07350781559247055,0.1093805099729195,0.10848850382433224
0.08896052480310616,0.08831192545705585,0.08781057645272257,0.1283320233751404,0.09154391835092135,0.17771704037516697,0.08095712831378597,0.14269755749700871,0.11366930537509194
0.20844689712297904,0.11522015240345994,0.11054911611513844,0.09881018536313364,0.12283008248702487,0.11365327371697527,0.05904055113710636,0.06863002622931237,0.10281971542487005
0.1359371144778243,0.13660971876952743,0.1255430758115065,0.12384281264167467,0.11485535643200921,0.086337181640612,0.10207781013286914,0.074128302367393,0.10066862772658375
0.07361015713724355,0.09046768677720218,0.09704408330533816,0.11859223477643127,0.0990895086472419,0.14459286642592056,0.10249332386186161,0.15887375313977672,0.11523638592898411
0.13296020932792824,0.15652243208074668,0.12792285434350328,0.11770340524603014,0.11431891474102233,0.08762535018517763,0.10416412958636033,0.06407829518521817,0.09470440930401318
0.15817114711840422,0.10854003505655098,0.11337880209354849,0.11654441732953512,0.10772556159393391,0.11451459921580764,0.0724855739169149,0.09790076230414584,0.11073910137115893
0.23131997041527852,0.11988602352844087,0.11268023369107234,0.08940875070895289,0.13001038171373472,0.0951439257017106,0.06072788087915567,0.06789582486608114,0.09292700849557323
0.1498046710821859,0.11218945367863505,0.09220354022588621,0.09296734790825097,0.11218786018139681,0.13644224648709283,0.1029080135347107,0.1155953698585767,0.08570149704326475
0.09073524681383875,0.09670323895823969,0.09215622311968781,0.11286209409366883,0.10179394875267943,0.14064752198366576,0.11535304068657153,0.14934358274950565,0.10040510284214255
0.07055847002317527,0.10308529388937959,0.13131744908108164,0.10779646719288412,0.11900649656619222,0.08525706999366543,0.13286841180620637,0.15228895744584883,0.0978213840015666
0.21622747664158348,0.11430684976049861,0.11982779416681688,0.09743652506345897,0.10964921675768889,0.09597401586284239,0.05690124441468893,0.08001234812567214,0.10966452920674964
0.10164210684026788,0.09565792832533888,0.09163010009088823,0.11766353041527766,0.0985902574474032,0.15427823266491944,0.09564705753374454,0.14034531258978308,0.10454547409237701
0.06273271297255494,0.10665714669507649,0.15760605843691192,0.11005758853160957,0.12248857757907734,0.0698930518402036,0.11519040438573551,0.15400002557015066,0.10137443398867983
0.1100848544354342,0.10116331922275991,0.10709383030054326,0.10944089126745649,0.09974249283773677,0.13523916343546305,0.0810636464488599,0.1427856188578872,0.11338618319385924
0.22119544759471096,0.13839974333032182,0.16942287411606727,0.09244584227120893,0.11973844630130148,0.03617623008517305,0.05238633299799292,0.0739332593784741,0.09630182392474947
0.04055026704575362,0.12015134463129895,0.0957256602911708,0.11248019914603784,0.13619616446287322,0.06585326009370894,0.1873715590408187,0.14012064713300246,0.10155089815533552
0.08286967521726958,0.10420617303147221,0.08846326015015338,0.11163326524133865,0.10951604504921676,0.14575873383888865,0.11506329884816065,0.1488804997652389,0.0936090488582612
0.0635170546165612,0.09277393758011664,0.09870042149617658,0.13235947913454812,0.10102967575781407,0.13176234715382876,0.12228711608043404,0.14597023248479735,0.11159973569572323
0.08678039632216043,0.11112851292804506,0.1352924741935196,0.1129729585510549,0.11904169306925087,0.08183042016001098,0.12191078374030816,0.1331312287024585,0.09791153233319139
0.06375874400204856,0.09209584942398095,0.08573319239880056,0.12472212155076556,0.1001335831514829,0.14999402049821736,0.1219192435017424,0.15546121142710015,0.10618203404586153
0.05663799146007092,0.14544722162436863,0.1737152347018799,0.12360238990202299,0.12813784797470273,0.04676290596249324,0.14103007926274955,0.08600659384784837,0.09865973526386367
0.09013856386219045,0.1074752764598913,0.11921780968531041,0.11186028915920866,0.11497470415224564,0.09522160148341703,0.1289518563639163,0.13543130411315626,0.09672859472066396
0.129136534481368,0.10920583632394221,0.09223067082873106,0.1052724687927999,0.10608797695479212,0.15750809672209046,0.0826854150814079,0.11295919794373639,0.1049138028711319
0.06303832027552929,0.10640449002066683,0.15917986899235168,0.1126701562792219,0.1202921546454392,0.07128238304975504,0.1069123935800319,0.1552141615717604,0.10500607158524373
0.07538991044049644,0.10634056427166033,0.10541658518835928,0.11848439266177573,0.11004239836900982,0.10903375216644016,0.1475912902281685,0.13083290948114332,0.09686819719294633
0.07983671978805146,0.09238593422941739,0.09320378855104548,0.1292483786390158,0.09694855376211244,0.1524237274305594,0.10126077132459377,0.14508434589010102,0.10960778038510322
0.09867303614275287,0.10967021994408811,0.12925994031197488,0.10422791789652046,0.11831012063133599,0.08611758132678193,0.11999661502834567,0.13951299469232203,0.0942315740258781
0.1212934798096217,0.12546937199692665,0.11894583154655787,0.12449397245042688,0.11309846599737204,0.09751954457152724,0.11052666525025917,0.08837555783561395,0.10027711054169448
0.043051672400403106,0.09616912968654297,0.14103409605731224,0.11720046019558607,0.12985903492702963,0.06699646862905119,0.16511879390887976,0.13458298560104945,0.10598735859414554
0.10446449544509882,0.0985745152590285,0.09640821346186779,0.11785000574951127,0.10154079256468933,0.14153634573253504,0.099481008119705,0.1365228122079731,0.10362181145959125
0.12814520114940095,0.1053226958678082,0.10745620032587638,0.107847831749379,0.10703174142110143,0.11859861633955372,0.09458845847103925,0.12958167840811774,0.1014275762677234
0.2100482158336808,0.12025999186825588,0.12160611735862563,0.10213898866581396,0.1192771352949889,0.08281056156145607,0.07045656375285762,0.07458234902509125,0.09882007663922983
0.09026250754326974,0.09647187671393793,0.09950009053951685,0.11612277615438475,0.10263119309891816,0.13310922878577328,0.10726638963235365,0.14945999012473898,0.10517594740710667
0.20110430389087208,0.11714822144353276,0.11448720413416542,0.10589732553607334,0.1180491031206955,0.10170219803456437,0.06569349904825424,0.0720659568226163,0.1038521879692259
0.17435752284931663,0.108968466362862,0.1036689921181491,0.10922837707113138,0.1111259917897819,0.13488342671506068,0.06791053807443918,0.08437021843540633,0.10548646658385279
0.16955548094487324,0.1408470563506242,0.11567573209574526,0.08374383197212311,0.13373279237926206,0.1093416632305463,0.0989374660073617,0.07709399715702966,0.07107197986243446
0.11038588734178334,0.1009821720537203,0.08929851217967166,0.10729742032652138,0.10274377844524228,0.14842686927960827,0.10806564555763694,0.1378809644039923,0.09491875041182361
0.11031045236583735,0.12589645299064775,0.10818357261851529,0.11406432117331515,0.11166812351474042,0.12448685328246394,0.11838638642681627,0.09613491625131072,0.09086892137635315
0.09177204313009883,0.13960190308793363,0.12135611552293042,0.11401941321537508,0.11464644113449252,0.13573045712788062,0.09222000364379775,0.0935444886640699,0.09710913447342125
0.07581522154359026,0.10155311354119774,0.10564564838089602,0.09984496875431609,0.1146666972105682,0.10164305119998784,0.15577381569968407,0.15304086312428894,0.09201662054547084
0.10473296849796425,0.1031540795280641,0.10502218557351077,0.1064412789778002,0.10839124931799665,0.11600026189578262,0.11518420368302396,0.1432760974779069,0.09779767504795056
0.09037591224764159,0.1448419855669153,0.16533257059493878,0.11362625060196636,0.1294422764675875,0.051756678661855425,0.12598239820523197,0.08638058545724975,0.0922613421966133
0.08052458452788643,0.11622825737332794,0.14375744711042063,0.1338489560541026,0.11427212805287064,0.07943012171521306,0.10349665204401844,0.11655689104712867,0.11188496207503168
0.14635550144018397,0.10204033520879348,0.09503154164990435,0.11101412191541778,0.10398847536189826,0.16223322464172305,0.0709871087999074,0.10296504566167676,0.10538464532049495
0.13026925619115753,0.11989782027579639,0.10399655752590825,0.10340732004108953,0.11717546637376491,0.1413004503177058,0.09643390548180476,0.10039012384369524,0.08712909994907748
0.1694735553049522,0.10611243606393399,0.10324629331546431,0.11173203367358464,0.1068925171240585,0.13619443311966695,0.06706360790569256,0.09013499461389164,0.10915012887875512
0.1750849585911194,0.10477669008244954,0.10057216162740575,0.10783900640250511,0.10657248120460967,0.14873292323926054,0.06029751816806018,0.08463047882391639,0.11149378186067348
0.08577988478497656,0.09230324570846031,0.08846220532782467,0.11707728684231189,0.09715422568572844,0.15653705160934736,0.10348082742263214,0.1524169042441421,0.10678836837457652
0.1135547860596633,0.13597172422176942,0.13040980728144816,0.12743016444993838,0.11571799049494348,0.07925517213859828,0.11723069509652613,0.08011632788354052,0.10031333237357241
0.07024602137766439,0.0970722659224641,0.08495163894190345,0.11682406169287914,0.10414512977898553,0.1451930337614461,0.126645386048961,0.15524803697524853,0.0996744255004478
0.09269712691687615,0.12925051701485812,0.12389992526599682,0.11417709053244222,0.1195944040541087,0.0809666441757892,0.15622489931726155,0.09389411667748941,0.08929527604517777
0.05843552176513911,0.10020468860843464,0.11085981163259857,0.130358644836679,0.10928118697678557,0.10393576316212105,0.14575072186078064,0.13329161428329106,0.1078820468741704
0.14999825979177597,0.1275299516080293,0.11118854442459285,0.10328639753724489,0.1209522913620701,0.13013578085109842,0.08646384490208664,0.08059557411244929,0.08984935541065259
0.1462152878238389,0.14870299391989172,0.1254470864581532,0.09762270281428558,0.12718141805194602,0.11716272558824799,0.08339694423329003,0.06872627618092352,0.08554456492942299
0.08443526591980742,0.10783281301508807,0.11825414977149362,0.08800456165390917,0.12241323712090352,0.08426058987174072,0.16145892020431915,0.14976103101026914,0.08357943143246911
0.1604782878248566,0.1265940773772992,0.12205675762541378,0.11644268368510285,0.11652551341486049,0.0892988776099528,0.09032379616455176,0.07816930646719468,0.10011069983076781
0.0684122788842261,0.09511948004546496,0.08911424989536083,0.11924417853347853,0.10226084900144901,0.13914090229584203,0.1332432220602577,0.15238790250947648,0.10107693677444424
0.15165827781996036,0.1549325851138079,0.17742848956525203,0.10519473369940656,0.1252587660730281,0.03929332816027775,0.07658551804193241,0.07494711366447353,0.09470118786186127
0.1919030016805939,0.11264675096149568,0.10602896227440367,0.10191461263167578,0.1182414941652631,0.12774689494089664,0.06387861545942244,0.07544175031473467,0.10219791757151402
0.20165621128579528,0.12984502005041046,0.13767266590619698,0.10451645244727299,0.12132114129074817,0.062377673455919824,0.07362861649651782,0.0720340275221451,0.09694819154499329
0.15202060928671404,0.12211151744914521,0.1066402373510269,0.10474073012970653,0.11744046065740756,0.12806801541606427,0.09218597299856039,0.08658516480283958,0.09020729190853544
0.1691295603259533,0.10881918556433141,0.11046543436098775,0.10438031656088598,0.10426222271263778,0.12103214999612749,0.0688023366212361,0.10407953857074877,0.1090292552870914
0.13044961028116822,0.17511512096703039,0.13788958339250368,0.10596431211870554,0.11729532256619886,0.055086729414945045,0.13061978303512642,0.06241582574170316,0.08516371248261882
0.08326524191162891,0.09479290206501582,0.09897385943242724,0.11608262864711531,0.10248718921104728,0.13340899948114646,0.11056400816567068,0.15413759961475323,0.106287571471195
0.23110428944007355,0.13526220015078474,0.17136470559397077,0.09098099458395552,0.11664081205000763,0.03327735206396409,0.044706594690312795,0.07394724667315129,0.10271580475377957
0.1268586263005127,0.12397118461953889,0.11804744194594109,0.11264963259909466,0.11686712962847313,0.0915236886383784,0.12361954770188281,0.0943085385580819,0.09215421000809641
0.12665488394571953,0.11622260672351027,0.09982324908951419,0.10229192803067515,0.11510082367053577,0.1410997969972756,0.10366380735614439,0.10964635114897299,0.08549655303765209
0.14592602833033755,0.1308680081773106,0.11480448111462345,0.11283200636816619,0.1158247538698574,0.1059838952447383,0.10168357871258403,0.07839513030291756,0.09368211787946491
0.14595670655122317,0.10931822071571069,0.09976625757183666,0.11065831295059843,0.109292215351158,0.13907062884714516,0.08692115458505811,0.10131753679600868,0.09769896663126115
0.1451777083684144,0.1462666267004621,0.1911190387287305,0.08392418990485123,0.09963166998033667,0.05443965830982831,0.04590060230273007,0.12150874340701427,0.11203176229763236
0.0954396747007328,0.09347197276747582,0.0870459719265985,0.12109953524804763,0.09639748915130535,0.17482484022683187,0.08841031565574388,0.13901330141801752,0.10429689890524672
0.1691295603259533,0.10881918556433141,0.11046543436098775,0.10438031656088598,0.10426222271263778,0.12103214999612749,0.0688023366212361,0.10407953857074877,0.1090292552870914
0.08323425341905034,0.09604287059029593,0.090367353009558,0.10857556909412536,0.10116354998020316,0.1422789876725514,0.11761038125454447,0.15513877747763938,0.1055882575020319
0.055981282931485986,0.09467958424712913,0.08611713607462913,0.12355642674797392,0.10820969133232212,0.12547098620519942,0.14444116605448595,0.15000728486904805,0.1115364415377262
0.14321592772404804,0.11041780649314048,0.11314662976580081,0.10902356416761795,0.11139587783369694,0.10606471778645422,0.09424120898514292,0.11319814165330777,0.09929612559079089
0.14494066452987311,0.11975126140234181,0.10944494814591064,0.07276163198948869,0.1222888670447601,0.08050822216141539,0.16291271668774185,0.11733010772399134,0.07006158031447701
0.15175071882724753,0.1624134684065757,0.1591646467763852,0.11451837026832568,0.11945087989175274,0.04240933404220915,0.08386753688484853,0.06732909649252651,0.09909594841012909
0.04730787417636915,0.09190583111202244,0.10217077743229382,0.12569817134017675,0.11551806730260017,0.09842929877429389,0.16481837883325742,0.1393730399351403,0.11477856109384614
0.05818874024975493,0.09710026860956067,0.09404731224344524,0.10803460350902448,0.11318649985699503,0.10829898420972757,0.17260300552470845,0.15106311617322876,0.09747746962355484
0.07694249534452763,0.12959031606360497,0.10696270035975323,0.10350051161915032,0.1368595706284376,0.1013457920203124,0.1125446764011568,0.1454958067936353,0.08675813076942178
0.16897653335195964,0.11660611374387819,0.12423334213867802,0.10177017014659773,0.09529637481484741,0.11890117907729875,0.05099113938627872,0.09674748612208262,0.126477661218379
0.06320580878764874,0.13131756088835114,0.18343288379239306,0.08565427506350722,0.14641255072357762,0.04663624169736316,0.1458386028968304,0.12481378567815836,0.0726882904721703
0.1212071583187549,0.10453764778119236,0.11301225082060562,0.11132381756302284,0.106596517091341,0.11564849183501082,0.08900111655926578,0.132897675749791,0.10577532428101566
0.07806001290567598,0.09166400059541284,0.08803081134045075,0.12214430677548742,0.0975296844401226,0.15548409458968013,0.10961688037351264,0.15229594565241045,0.10517426332724723
0.12686240737101143,0.11444284038201134,0.10693348327847978,0.11093001050831318,0.11588727490782434,0.16333016962119823,0.06932074002612866,0.0911373070890102,0.10115576681602283
0.13692066317231524,0.1345283142017177,0.19076016575720803,0.08264488054538269,0.12455256753791248,0.04884509003318501,0.0721538520755573,0.1279352287226384,0.08165923795408313
0.127335482127904,0.1242208527833285,0.14089559762349527,0.11195164169759214,0.12186143178951496,0.0719543323161892,0.10651934843071446,0.09978286498645668,0.09547844824480478
0.15265708326535676,0.1297601711141536,0.1507714736029423,0.09946668975459379,0.12660807727780118,0.06058812737576449,0.10113343622224354,0.09226501061499164,0.0867499307721527
0.11511247540348125,0.09394054913567847,0.09705711190916654,0.12538690883791895,0.09392335538758413,0.16294507420520454,0.06812331593665924,0.1243199534926137,0.11919125569169316
0.1373962843215851,0.1029289571051476,0.09562573086330706,0.10639446710126087,0.1018058071490423,0.1441625690983164,0.08636415679452396,0.1229498860184478,0.10237214154836893
0.16770094908902244,0.13574568345287374,0.12068927188037899,0.10709825186050474,0.11955869275156024,0.0861570484259296,0.0998201192015614,0.07242561756327098,0.09080436577489785
0.07295100981161723,0.09297470151663999,0.08379692504958508,0.1221144567296837,0.09893742393020914,0.1625557268765121,0.10890198575459564,0.15389780568070197,0.10386996465045517
