0.05567140176201916,0.17449001769841876,0.17206602362188442,0.09971873746277952,0.25802246988362787,0.024071072613907424,0.11176573542176682,0.08051760338686544,0.023676938148730637
0.0030248988213460917,0.029781763173612242,0.34699349284395337,0.011641253528279633,0.39351037901558866,0.067324966958181,0.10489400273130212,0.03134419038165639,0.01148505254608053
0.0503943850646942,0.19782695324596056,0.1339717072340105,0.22256413976602374,0.10213373233834945,0.05443083941030557,0.1130346462392271,0.09883697298284706,0.026806623718581835
0.007668903578378248,0.05473779191671996,0.309411242763587,0.017040744238457386,0.2655640924398896,0.023409971121551323,0.11806092468093832,0.09703389597729162,0.1070724332831866
0.007560969826280371,0.048472263692466995,0.35297122572796086,0.04661990053618061,0.18266132826204098,0.017750339159271537,0.14079992777176667,0.035389957885870904,0.167774087138161
0.013837272265951099,0.0910084947498313,0.35843264230350536,0.041064125528894414,0.3218051537151798,0.031204581131691538,0.09289025736638275,0.04799858094478556,0.0017588919937782052
0.05078908192297754,0.019764837778810992,0.1568609014631777,0.03375760737948335,0.20964982640390253,0.016581883778469413,0.15499262001455064,0.04127549580413479,0.316327745454493
0.11800910300262908,0.022271681503120047,0.2664671260390963,0.03544639533536556,0.4311999276655844,0.043194526447108916,0.06499189780425545,0.017160302867772172,0.00125903933506814
0.1257759291088258,0.08983757983802765,0.12520425094847293,0.03913282285629884,0.08005189290895647,0.10577942867594492,0.14211479361129647,0.264445971469261,0.027657330582915852
0.015182803043916657,0.08306364067482379,0.05208366113368559,0.05101320792781076,0.3130876146279163,0.019617616795338935,0.08572648424624095,0.08121280554382589,0.29901216600644115
0.032551525060225024,0.07800941641667061,0.2691836948029556,0.13796548378831577,0.0812043732231796,0.136071521137753,0.1291683448663642,0.08300805051660534,0.052837590187930765
0.047736778891832164,0.06894873741036227,0.2983349699292352,0.0314031207728093,0.24063595702290588,0.13112034772728684,0.1255651840755606,0.04895450778814763,0.007300396381860065
0.018858788778118557,0.21082563305698213,0.2192889746967771,0.07936803066219567,0.24479815755079015,0.10037737692035194,0.08843828638508415,0.03654848319893301,0.001496268750767302
0.04273676881439497,0.03131720638066652,0.12454209481280598,0.04912807512973047,0.43448251661192705,0.01886356079170837,0.14245892429375806,0.12745537996415288,0.029015473200855634
0.048415237760924525,0.10948122808978918,0.3935937220872449,0.11064939110812326,0.08178877087740362,0.032608111668257,0.09842438264293996,0.07343424074316617,0.051604915022151275
0.13459190007091423,0.010522452820070997,0.213312159317559,0.060723235105240185,0.08123603389026704,0.04814977849623222,0.13596231821100363,0.03765268034504332,0.27784944174366943
0.08626774425178259,0.1368927853580517,0.12193792243383468,0.08717750186970803,0.22247095593138286,0.08016916498141345,0.129657616943018,0.08102399747993695,0.05440231075087173
0.005677111148503028,0.03747599193612088,0.11732353731374941,0.22341501105983683,0.2058448935686464,0.055295960340764734,0.10646895389775306,0.21797571394211865,0.030522826792507035
0.009254382215718898,0.35057792494450984,0.07134383218480195,0.08170391604444466,0.05166692291250428,0.10824427952768527,0.08009435588342197,0.17541637531764112,0.07169801096927207
0.006560915737516889,0.08203683237432506,0.15209401242937073,0.05897572609486531,0.046192983349252516,0.15548621069855037,0.10582799745230592,0.2033216087815486,0.18950371308226463
0.005811440481943343,0.023092314046703883,0.12240454775695157,0.05008794814429515,0.3445166794123298,0.03730545397185195,0.11636107753917517,0.044239095090531776,0.25618144355621747
0.02133654455676988,0.053943320112165016,0.42746042325618633,0.012983104573392761,0.26344139267607586,0.05694234838416116,0.09628502903063034,0.04798566481052871,0.019622172600090065
0.016533714879921838,0.18189343805078684,0.3133449926860166,0.026758754915445437,0.1412976699285803,0.10749351200709789,0.10014313365009658,0.054007194425228944,0.05852758945682557
0.001564146737422508,0.024253921610261134,0.35689603472813686,0.022752385328436524,0.3004095678665533,0.028250852872060916,0.09787391085494945,0.02876405763355001,0.13923512236862923
0.0076706008195119935,0.2481835136004189,0.3145395353631139,0.04160773145418574,0.19844856860866175,0.02881317609084358,0.09103842936746111,0.0572379045008267,0.012460540194976425
0.04972663582380952,0.056008930118889015,0.1860212641582599,0.04254822144515946,0.17423991166954944,0.19274490637145836,0.11962308688497558,0.16785713924739196,0.011229904280506749
0.027985231902220156,0.0815841267191982,0.1787157956636175,0.06442862661325716,0.27674369451797426,0.11426732232027274,0.12772520317537642,0.04324272642937071,0.08530727265871287
0.010183850195846366,0.059496023179466596,0.14565216393421124,0.10381536635176548,0.15056029667702883,0.2269221525668819,0.1350015552964927,0.08985887638124886,0.07850971541705794
0.022301107390092365,0.12465144751853853,0.11134161864949531,0.012729625929624533,0.3708360510120085,0.08149719599421879,0.09425278542503718,0.15252653470790897,0.029863633373075918
0.04080987664222057,0.047944733764217116,0.31011155097599147,0.055048193009321476,0.3877670805979035,0.03877947089442474,0.08763736699465902,0.02556613256435501,0.006335594556907124
0.013539260335064578,0.019345798724409138,0.4195105622337396,0.014876472307920214,0.3181294069947052,0.049497549901771076,0.11704511687071446,0.044837339061313736,0.0032184935703620083
0.010398431729621606,0.10788608585853736,0.42636554317578607,0.021294342681373635,0.29295814314551244,0.03699767864574202,0.07805402940416338,0.01809191898727238,0.007953826371991126
0.036378386904441784,0.10114593765618068,0.11332156502178865,0.017510432966197382,0.1256062222511441,0.22991043425955884,0.17108098780219883,0.15568516124290277,0.04936087189558707
0.01476262385556639,0.29136847651030967,0.04047395550418129,0.022559422585954614,0.14429531413144242,0.14038444732199576,0.1347167795387748,0.12758067323296518,0.08385830731880983
0.06479636574371335,0.057003622895627444,0.25646991389394524,0.043202353165619344,0.20584307875374885,0.02142909235265104,0.09941880016629845,0.034878939335161334,0.21695783369323507
0.12930581284062126,0.07199501455430636,0.15591183859396246,0.09012899908221499,0.08645928564343526,0.04609870018803027,0.11913865422926306,0.08676601876649086,0.21419567610167545
0.021239301088920026,0.05979605625778728,0.3078162831662497,0.028530202704140473,0.11641189861975842,0.14964732296186115,0.1083158982830138,0.05261976050786151,0.1556232764104077
0.011239369593554613,0.024889088995725075,0.08592530704440211,0.07937301112926008,0.16035055540804855,0.12765630373079906,0.10510544246632868,0.09266660912394721,0.31279431250793455
0.020939891069289247,0.02941886477080209,0.20232859009870655,0.056724696134133695,0.4068658897820138,0.04383007722654084,0.13286164426523042,0.06543869616295168,0.04159165049033173
0.0040417907397055095,0.20889968142645254,0.14350503824559277,0.054162590409854015,0.1625786679482132,0.07171080664179776,0.1032055380821248,0.06497043726770876,0.18692544923855067
0.04298554852072615,0.1415229531068384,0.09673623688639162,0.05452526172806127,0.2343671920497006,0.06855865853452259,0.11628659195529852,0.2176914768854871,0.027326080332973735
0.02966334652469926,0.09380600685031243,0.22269791967958816,0.010502392916620952,0.182946171147039,0.10193490554452618,0.1926939491183032,0.07780681356554338,0.08794849465336733
0.03145439821786614,0.031822305279575566,0.44924432942921366,0.08379879261373398,0.16027244730785797,0.010307151567510428,0.11434972248802959,0.024785555693417505,0.0939652974027952
0.38210161950287375,0.12204990009078183,0.059754314634881935,0.032216453007750785,0.23298220763875924,0.007216082641614631,0.09645968356777174,0.03619031325877583,0.031029425656790195
0.01064760435146562,0.025124856809984875,0.252979364391061,0.01152684242696528,0.16263996826969587,0.1878893957225057,0.10709034253717357,0.19059745566537864,0.051504169825769476
0.015007797213034869,0.04892422678912975,0.24219887508307467,0.03609538552009316,0.4740496941887713,0.043563519513345306,0.1045363200909123,0.019249365076692327,0.016374816524946344
0.01772193277201647,0.030290090126474167,0.44050998307045447,0.04721433844158882,0.06546076935726523,0.1516388903662722,0.10837504797634667,0.11727605176646004,0.021512896123121936
0.016825605757845405,0.1676514167227375,0.18533228756585896,0.057022273250442436,0.29149306632759375,0.07213914716420228,0.0900331189396938,0.10416259973105647,0.015340484540569363
0.13064284050346414,0.04682248028325644,0.22004862705252512,0.09482209385131753,0.21692377239130559,0.03025867912029363,0.15182838855575,0.10215605463557,0.006497063606517409
0.10537323544749144,0.2039832415984034,0.16125919317510373,0.10979872543145565,0.09691419160094543,0.09140857144305947,0.13612293567708963,0.07655471495220721,0.018585190674244047
0.0173940820410145,0.06522572251031024,0.16298124720838666,0.02933312869006215,0.40218546114501263,0.02236209793927692,0.08731426234866685,0.03513174658799937,0.17807225152927064
0.05986978501874829,0.08199814110190172,0.4225297669272445,0.057838547721718175,0.15449274224434253,0.034188814834801774,0.13190150252795105,0.0409917960569306,0.016188903566361417
0.006314522713075789,0.3067295721159113,0.049373709942017896,0.09822176162568708,0.02300315078868048,0.05421095340523625,0.09863994920394405,0.050146261139550195,0.313360119065897
0.49080724891882976,0.1308238594051435,0.028779682935298378,0.02319103867768747,0.07889367267459231,0.09594376543102061,0.10009389541788571,0.04406885629606755,0.007397980243474753
0.02505674742248649,0.039410565856977255,0.14641760545594526,0.15674824588633973,0.25284693119178137,0.022729884292703548,0.11934074687745345,0.08324569099468161,0.15420358202163129
0.036282632335022554,0.3188632681325854,0.052185685787475254,0.2885325582707567,0.04943330578037249,0.021096908886105433,0.08995629649130932,0.1176210645828528,0.02602827973352008
0.27574152584613704,0.013724335304490208,0.21287210837005488,0.005901910805186045,0.31908399540577753,0.01716807492658757,0.10734575937643161,0.026954820559132935,0.021207469406202214
0.3400435550426269,0.0207466265240603,0.20130419011437517,0.01681257266825423,0.16216140850323524,0.016858907176586477,0.14908282186950086,0.04606760292533862,0.04692231517602216
0.0028099614300648736,0.05417951876173696,0.14391055732570676,0.03231227159531235,0.48055150821927856,0.01819240241874215,0.11110252236766562,0.12482887233207163,0.03211238554942113
0.03545319715126725,0.4009635621618006,0.05381094838789239,0.03259358797418671,0.13433960248285748,0.05005883784328036,0.11571698636713353,0.164762975609413,0.012300302022168669
0.001145583404925845,0.11202564407135059,0.08796067264134266,0.043156328409134324,0.046412408074694995,0.35308082078809666,0.09288839665384269,0.15493015775504598,0.10839998820156622
0.04101719737773126,0.2080607458622802,0.10973226739066032,0.04003555552707061,0.0883050870084104,0.053548335546705274,0.14483972774832354,0.1042437492367324,0.21021733430208597
0.038112882080929715,0.0991833962672462,0.1263828551702465,0.05446050955652498,0.08621292292020581,0.07831329184462006,0.1250805269808056,0.34250159772738636,0.04975201745203475
0.020669944670210456,0.044323172823190045,0.31461071083066955,0.050501053378421645,0.16774114964452883,0.09188544879019528,0.16374233069502492,0.08156489567280506,0.06496129349495416
0.038241444745563936,0.03108054470615604,0.18922946028117446,0.03428903871861407,0.31938378211004853,0.09326381028545218,0.10480687027635749,0.10505706584255751,0.08464798303407574
0.002422127540121001,0.04066379640867213,0.11631171084139895,0.05628031174460559,0.2885628539004608,0.02707493097153965,0.09643848730310511,0.03223252828001922,0.3400132530100775
0.08456333130032884,0.054146821951299114,0.2973133453446151,0.041420160245838625,0.33890263361341494,0.02822767371406217,0.107298300072639,0.03824370575979311,0.00988402799800896
0.00579088212164251,0.011848927147883359,0.3364382508009101,0.01708496261707018,0.3037164304799986,0.06704663961017136,0.08545121037047894,0.1408560872695114,0.03176660958233362
0.01635604712413991,0.05042522627482927,0.2627279175080277,0.020901849081650825,0.2578335630538665,0.0884374629100616,0.17030635371373837,0.08089156642343899,0.05212001391024682
0.5050798618139768,0.025801883277859816,0.0843167821103069,0.006908629149743685,0.027260743245553488,0.026338790557077284,0.10403677248026048,0.08104627364862439,0.13921026371659714
0.14336458217179396,0.06291369204752474,0.146064088496033,0.05812782014799828,0.08454616565498523,0.20179109763069059,0.1434294717017988,0.11412862295678332,0.04563445919239215
0.04044372397305208,0.0752994709873789,0.19222051735788107,0.07650148750624843,0.20336501855915487,0.05642024488328543,0.15672914387189474,0.17571873840910865,0.023301654451995765
0.02333405457817547,0.07340423646196925,0.3392136597259719,0.04727537059332317,0.330096307343483,0.032759143531179404,0.08588634813665484,0.06262621430355798,0.005404665325684891
0.00353701263047732,0.11638442848946877,0.30885822925953593,0.022204538409210203,0.07226778925409168,0.24113458418105801,0.09831881036314272,0.04305919159323072,0.09423541581978469
0.06901023225686562,0.2367273722420243,0.13511192947823084,0.047841123605259495,0.1455228901137703,0.03472332228483068,0.11885775607572707,0.1987503176842875,0.01345505625900422
0.050839758223403426,0.01953934739213585,0.2462513331745161,0.0202877249404894,0.4412893415410622,0.043794687943396804,0.10280413627142848,0.03965454910135143,0.035539121412216344
0.016720663970420276,0.04049271618795012,0.26918369684687493,0.020454968979033806,0.449612078257408,0.03260732296975125,0.12333307546897394,0.03553445858795525,0.01206101873163245
0.05093742015134672,0.008613081761706007,0.26933036109403036,0.02220194928820408,0.40876442271502444,0.020428711652189114,0.08365385755667494,0.09964833091746218,0.03642186486336208
0.010045427084763763,0.06319598448144818,0.20414698976740628,0.02946442006715741,0.12111157145384267,0.19738642454374436,0.09155293112091833,0.05899394875733568,0.22410230272338327
0.04428422253693306,0.12140751179483722,0.2362100588581646,0.08569457913587343,0.13990297941007593,0.05869536788299751,0.15054207201456593,0.12798136592999906,0.03528184243655327
0.04331432954667617,0.05931648666111821,0.2927134782155754,0.042612089387694785,0.17572954181605008,0.03035929041843485,0.1300534372248269,0.16269911879200527,0.06320222793761837
0.021383063328970626,0.02773405724522543,0.18490581524703545,0.05388771123772886,0.0782953201287709,0.06622297500601117,0.10151735229735868,0.029901960162313352,0.4361517453465855
0.13122491394627153,0.07411716129853398,0.09812052973690143,0.037448587907071854,0.18709370719924642,0.17256740741903567,0.130307096587872,0.1577889190651756,0.011331676839891515
0.03855948040511745,0.03542486960125056,0.05368395033047052,0.21877296330148502,0.2512455359272719,0.06261679799059376,0.11622867376932462,0.1745109696230328,0.048956759051453365
0.03615629172162773,0.0685818186051861,0.15821218814543006,0.06708347479140248,0.24138576343816465,0.11084417855901539,0.10682677145522552,0.18632380850988217,0.024585704774065787
0.009858342688695893,0.029940463384352908,0.2365096097750896,0.015217609346978812,0.4518746216579263,0.014692502566018029,0.1347611680700951,0.021150305188225697,0.08599537732261765
0.06252666865285857,0.04535835517023429,0.4143263229892706,0.0766369077641491,0.08736672228698804,0.032356978969860284,0.1473340289081142,0.08438184941782034,0.04971216584070463
0.009124420260483823,0.02982908572237727,0.19809983771148235,0.03506244153544279,0.21078684968543956,0.16745822317175907,0.08111064355268643,0.10308999767235409,0.16543850068797467
0.007353423019691996,0.037706515874013975,0.26498591615169415,0.026797633083759726,0.04223192249467047,0.12909084398377357,0.12466188655246146,0.11993372681958765,0.24723813202034703
0.015024115322194852,0.032663231896579124,0.4677063922983799,0.024139173352365335,0.212539593114256,0.02605148891499141,0.10665069711895203,0.0634476602829239,0.05177764769935742
0.06006287057039555,0.039349242741414076,0.38293428729810003,0.06407070687596307,0.16011131956594266,0.017367115724183896,0.17425940393248096,0.01850867284003352,0.08333638045148624
0.020518363427422047,0.028406499378603442,0.30007513227599186,0.03162011027850465,0.18383951117128938,0.07552407605708363,0.10214488038299706,0.04208234086428151,0.21578908616382642
0.033642654098592704,0.19213611903465333,0.36189400215267603,0.04643680556705262,0.16309679283927792,0.04121034963889674,0.0858245543192772,0.06340907233225561,0.012349650017317701
0.01430357642821682,0.2541287755626558,0.1505459518416301,0.05910010000736226,0.17141937092707507,0.01267411595227593,0.15238006375466173,0.09211737825579712,0.09333066727032524
0.021687414872120777,0.01718861203208025,0.24607616223080295,0.11336564172218673,0.37480221150134724,0.04675499400907274,0.09663573606437996,0.043689482430151694,0.039799745137857716
0.007647802246733973,0.07546583837332409,0.3141772545092953,0.014865325423626667,0.3193558984663845,0.038389742848158256,0.13840435258247782,0.06103961992308047,0.030654165626919017
0.025377508162427464,0.12629238914370366,0.46118596674597273,0.052804900922108565,0.08962330394866476,0.09700407341578604,0.1043525022210564,0.032168131363797446,0.011191224076482898
0.008144312439714906,0.06093588635223412,0.4190794648817617,0.011798962326203715,0.3185745839774799,0.028740977845233596,0.09016020142993418,0.04107811930706191,0.021487491440375876
0.0496082404444717,0.081810131629324,0.09776108563935064,0.09101837783117002,0.09624812914137305,0.24025703186297465,0.10163564908964835,0.20113684739324422,0.04052450696844332
0.017183447336021698,0.15533871918561262,0.17168653829684286,0.20252589055377493,0.046556867913619154,0.07202063116148479,0.11937297908282297,0.1968258873877399,0.018489039082081174
0.015695221994237327,0.2954607293751353,0.10038759711228486,0.038075841847097114,0.251563763833686,0.07978813135596312,0.1303269502996353,0.05018047537958026,0.0385212888023807
0.04893192369307837,0.2145179052860509,0.23734876566662333,0.035657492196398285,0.13059230968832908,0.04891271947567599,0.11152236363582468,0.14722421369382843,0.025292306664191022
0.026711679716618263,0.09085559293131805,0.2724960411157146,0.05813695603567371,0.18176458003509466,0.16019740667863813,0.12790341873960512,0.04717951591828597,0.03475480882905154
0.0598038981182199,0.014165079283122274,0.12791365975155433,0.10029333367467941,0.27150174850511816,0.07255949267051261,0.13855736180757058,0.07683659228856522,0.13836883390065746
0.13587005395026425,0.024390309651553827,0.11333400783186437,0.13450734888613322,0.32290581606804086,0.02033125755026981,0.14108633172810117,0.10098847350164007,0.006586400832132434
0.04414318400756523,0.04777129089492824,0.2036146374153546,0.021601743269316433,0.2295383005214547,0.06368853929664793,0.14645214408142182,0.0750704845850675,0.1681196759282435
0.032697369261204264,0.1538873647129165,0.31274510789105897,0.054729439381604385,0.19395413005694484,0.01457696420941245,0.1488873272100556,0.03412341772598595,0.05439887955081707
0.006461392411133676,0.021687841165635168,0.3953068937696196,0.015282302650049984,0.3196445295395391,0.08334884323361612,0.07414362138369868,0.01982926657388093,0.06429530927282688
0.017984171134995387,0.13196723050217984,0.060864795679758006,0.19621526515184887,0.2244701641883038,0.014256085345804208,0.10398520311809951,0.18125906143684914,0.06899802344216126
0.02292075414961657,0.07271761566204392,0.09470344172331162,0.06957426424405254,0.06264351134101472,0.04580476035206962,0.11972883739143474,0.2233924743098851,0.2885143408265712
0.015543965993433625,0.04416676691913473,0.25079942341771033,0.28462763842660727,0.032583653169855675,0.06649909779354947,0.1053979005700912,0.10362162550810068,0.09675992820151696
0.07553537135258233,0.12343211674083422,0.04510105954328425,0.17344174791013137,0.16862330377113385,0.12455369152319888,0.12004454409843235,0.10647884274250648,0.06278932231789633
0.0033620028901579606,0.0854734800614622,0.17433653808293972,0.014352282307757862,0.34626287033760245,0.10591496868820129,0.14088454926812669,0.09001278822080876,0.03940052014294312
0.014461608149751873,0.2126161432742437,0.12133214869802639,0.07426622807566327,0.25610096205169625,0.037771995927423994,0.12200647955696449,0.0389264812914308,0.12251795297479928
0.01837982020647098,0.20529821830021946,0.2769407125430799,0.08834529868755293,0.14541998428672642,0.0307719178260554,0.1331923115249389,0.03138037020290678,0.07027136642204924
0.06800431362577546,0.13009355821818486,0.06688350673636363,0.12085059128645691,0.12198315168243923,0.2908250919063668,0.12394541295512802,0.05772853962455945,0.019685833964725754
0.010879880385709131,0.01761979199246825,0.29759448178646125,0.02148670734709261,0.39933230484823284,0.04724824131155888,0.11598456120267532,0.05450126724766796,0.03535276387813381
0.0047670254729485296,0.009734884774922273,0.3695244699676919,0.008573121835526682,0.3965248362181791,0.021425230178152798,0.11195216764263888,0.029772695903735266,0.04772556800620459
0.004061000169478955,0.1693204238621513,0.27700886614393627,0.032484290425783574,0.31106132038344697,0.061092114664184856,0.08801768709049294,0.04976064006273836,0.007193657197786761
0.0036183353528898535,0.046464584229598725,0.2740012732235478,0.0184577973195678,0.5182444906426388,0.02083259288958252,0.08601117434337523,0.024531429637798325,0.007838322361001028
0.012478031238642986,0.012799846456054748,0.33152991924831454,0.0342579743959479,0.22167528252061394,0.021592368417882396,0.10347554770581828,0.12194285602568727,0.14024817399103784
0.050404159769756283,0.16614566504173867,0.2035891557727981,0.022200514896427558,0.2348281469455301,0.09635778546572638,0.11952714178601857,0.0538989746798623,0.05304845564214214
0.0416706909099289,0.24150676419717776,0.11400433003338624,0.10889321380267562,0.09387147935728134,0.045477792377632116,0.12584095632416356,0.061352630647128335,0.16738214235062618
0.00451317784223497,0.015294353913353926,0.31223370683638574,0.062434178020750276,0.14843579965801823,0.05129106712622241,0.15965794825224214,0.06579969032558663,0.1803400780252056
0.007296818099396962,0.07325006589583967,0.33591742781775275,0.07166881102600042,0.3555343593643992,0.015251347897118484,0.08795736215208698,0.028979149543944118,0.02414465820346158
0.02123282289840621,0.02643111998160928,0.11130141576899989,0.04687671786032708,0.14927964918555323,0.18520776311664885,0.13751509899291825,0.1646252690841419,0.15753014311139527
0.015993465679841,0.04991103434088177,0.1617247837590247,0.023161742269998193,0.6129830886007561,0.021731332671642924,0.07926459095965525,0.01577300286945969,0.01945695884874039
0.04135029516169631,0.2671314018519004,0.06169107526323308,0.053709119063349096,0.046593894126670116,0.1411019285175804,0.09956908788562023,0.24518488260255142,0.043668315527398936
0.0030800063810501673,0.014853389882423266,0.3860659406453825,0.01230494041252634,0.3978644328274194,0.033034693426991196,0.08945130796097213,0.022977842989157005,0.04036744547407795
0.006986464891422504,0.05490042075620011,0.3654559201369871,0.04150263586585168,0.3751055176386912,0.021287337822302802,0.0902490072697313,0.020818400617187954,0.02369429500162541
0.01654770404352173,0.04684177135369635,0.17509098891012442,0.06967381312280764,0.15715102713894505,0.10707408747977525,0.13513967370653307,0.1506095922996965,0.14187134194490003
0.031975011636339846,0.18490719271157,0.11375889062811911,0.03657888415489321,0.36434178461784733,0.031241734307984936,0.1331364867509173,0.06969420011718784,0.034365815075140485
0.04839324057718122,0.17734901027379776,0.09922481938467183,0.2923452152073136,0.04447136986518449,0.10652592303897385,0.11335651787700461,0.06419687735874931,0.05413702641712337
0.0039684988571782745,0.06572481456322478,0.2675308031739074,0.017588504767302216,0.3184284048583505,0.07985537024732543,0.08159903917091697,0.03640672182161849,0.12889784254017592
0.024116700832982407,0.07943200479699808,0.37671724628935693,0.05110430886326784,0.24865669422287806,0.03348270180084694,0.12353485971389493,0.050454372410788366,0.012501111068986437
0.0340135738569202,0.09032196235498546,0.047913669870166355,0.09050415073763135,0.06912971508817757,0.2672766840156113,0.1215945397690978,0.1762233209442915,0.10302238336311849
0.017983688493789816,0.21704838235528934,0.10557365079231873,0.22435534601023122,0.050918675382344535,0.08659553933173982,0.1326636469265704,0.11907072637451772,0.045790344333198424
0.01560128586023475,0.018437770335207482,0.3255706202068778,0.09502281684061487,0.10763813131644166,0.24063607741722084,0.06910897614555354,0.09245919781197225,0.03552512406587681
0.02494379407701554,0.12583382321670744,0.17402224358819077,0.10033692904196538,0.20389255870681144,0.024688591655887947,0.08800378549671001,0.21997080366209035,0.03830747055462116
0.057963071764571994,0.0455533808296513,0.0861611519215727,0.014559316574334152,0.4231752735289587,0.04482692701528502,0.12076580782927245,0.0587028296768241,0.14829224085952966
0.04369528854709603,0.07254316445126856,0.20879143156203805,0.04330955177489865,0.18545902677244328,0.07318531777432201,0.18679292356549784,0.147880669001481,0.038342626550954544
0.016440066445598398,0.03587371206998206,0.4770593678331528,0.024488420402261613,0.24222248035217078,0.06309342244792394,0.09063444201045186,0.030323886021329172,0.019864202417129415
0.016494374647938796,0.10574419044933232,0.35290296572249463,0.01669278578140264,0.15860621676922246,0.024956111121721608,0.09480769341321922,0.03211918088389608,0.19767648121077222
0.010369630999754194,0.012332755142415048,0.28910629920359027,0.013687167436150604,0.40382453513559097,0.03999547624252069,0.09658239488744869,0.03408750256581991,0.10001423838670964
0.012138289261526526,0.09823033261906534,0.3514254913124308,0.11474705858951773,0.06381205510570735,0.06609916072198446,0.13057439003575919,0.12470456971789214,0.03826865263611658
0.015288416921436713,0.030764372270488546,0.2837464146438767,0.22379114004750392,0.07811771826643195,0.062100508169730805,0.11130991090732589,0.07152842286699822,0.12335309590620724
0.01926677674631393,0.051971904203705864,0.2666780504289832,0.13945245512965665,0.30541408204886306,0.07360004536869791,0.11429857282901845,0.021134349115707034,0.008183764129054022
0.06908928441595787,0.01894227635632844,0.201551640187523,0.13015919084915314,0.08965312791609216,0.09344846780623643,0.1185989892419752,0.2522078844743864,0.02634913875234743
0.015990906074735262,0.38248633226727385,0.022293932713592517,0.04129171691247833,0.07178365182808981,0.0666200498418927,0.11949571841298877,0.11572460183037325,0.16431309011857545
0.007264931470878665,0.08484017235371123,0.2470120393299006,0.0483669259358693,0.09129356125661374,0.08962380513715051,0.10905399883448193,0.06607826077864988,0.25646630490274414
0.0030105960390860395,0.016352807864883096,0.27354093046736655,0.01351384309638561,0.3547311375915389,0.03488939676344635,0.11529978078400782,0.038770236559245774,0.14989127083403989
0.06897101330078316,0.08662734075816715,0.11349716638078085,0.040754974394239564,0.23950550776648338,0.031942451495910594,0.13104004153446974,0.09057696003446265,0.19708454433470293
0.006423463531606332,0.02546471016563019,0.3587387344357273,0.05859919852411499,0.34844719479548786,0.030545287289903984,0.07500811281516562,0.014442585757547111,0.0823307126848166
0.006365192515190643,0.028818748795792343,0.3915926339779492,0.04836128495441345,0.22194514326324444,0.07452779782138101,0.15479930001890127,0.048129506354670025,0.025460392298457594
0.015314534349482517,0.04881956867032796,0.28291024495697514,0.03231926601743784,0.27430279990622836,0.046937339090542096,0.14325440679274426,0.0670771616412584,0.08906467857500337
0.0685123748078942,0.04256326526580451,0.3447187704039525,0.04443889871318463,0.2338848166669608,0.037339572838504385,0.15387479671719775,0.05095524553733715,0.023712259049164148
0.09598319311344165,0.049484342080111876,0.23139403593680186,0.11739252459643522,0.12450568765014564,0.11228367325928264,0.11301873325065,0.13915831161858608,0.01677949849454505
0.0007655785190959777,0.02973584304356335,0.254334651262275,0.006559077152163389,0.4812746254776388,0.05213932159379931,0.08252238136807828,0.03905353078080063,0.05361499080258534
0.024660667298450224,0.05726822462340953,0.15277263671432184,0.11927615092758208,0.2406214347554073,0.03260259629572074,0.1693565281729235,0.16734243495913317,0.036099326253051685
0.06834645611289127,0.02006966995991998,0.4207827714923,0.019936398791370945,0.21384176684647185,0.01041731880951039,0.12340412056335825,0.027043636308021715,0.09615786111615558
0.006615953790602501,0.045135261873992756,0.30198578756597055,0.018508209861178914,0.30829478614000755,0.011715602693977907,0.12413970049609713,0.030321615414942372,0.1532830821632303
0.10823675784879483,0.20374490836782636,0.2098292949054351,0.07013806393998571,0.17675998232217172,0.024062088985175024,0.13456389628105256,0.056738852222776893,0.015926155126781805
0.005284131222047287,0.053834540379373165,0.0568270637542486,0.04392411435635194,0.055571608796751965,0.161049251545051,0.08422578764896584,0.07487402852035886,0.4644094737768514
0.015083736557295058,0.22432805201035036,0.1199065080439799,0.041747641973685606,0.05700013981344614,0.15064910812145946,0.11495055830910696,0.2385443160788354,0.03778993909184115
0.2881309177842651,0.03322507757042193,0.10794456074115392,0.055876526885151455,0.18292357052988753,0.009000888939164346,0.11828637862663129,0.17309980146817075,0.03151227745515374
0.006640258472711609,0.14132129667043533,0.12144035509213287,0.03933747911283809,0.28519971998657084,0.0781217587283663,0.11875649287076297,0.1791687148700283,0.03001392419615366
0.07412479353305139,0.1744123913115423,0.04058572535136977,0.055299792729076196,0.06612584160762842,0.1200015106286118,0.12477073510282315,0.0863403566440447,0.2583388530918522
0.01569237235168173,0.02652984289955326,0.24228620698289938,0.04584548504294045,0.46641175726629674,0.02909587915307732,0.09441920697018817,0.07548723932221994,0.004232010011142935
0.009115908107103131,0.015941177532193502,0.2411154616287463,0.0227880552923771,0.35877366990397963,0.054720617952892014,0.11170608900931304,0.04317364073835824,0.14266537983503705
0.01527882333084759,0.03845986512360885,0.2561037474289484,0.03002429593852488,0.18330594663027214,0.08547945688418417,0.11764609494626647,0.20191573844848107,0.07178603126886642
