0.031907867753538904,0.09687555246206675,0.14395503977789909,0.17766292281835264,0.13539967646884113,0.10296207542732098,0.021552290001909728,0.19687556743535625,0.09280900785471456
0.17358037905709,0.11208689348555974,0.053571630679230924,0.25059513857965715,0.1511570872185659,0.1500978582058474,0.05101441827206149,0.045663442731357494,0.012233151770630018
0.018746691255963194,0.09280021080564592,0.10182736471026797,0.10058039877773876,0.21281363469727635,0.16814022535526904,0.21374061972502426,0.010347500504700532,0.08100335416811398
0.0442688953471953,0.04948341035177922,0.17630509276555384,0.0786944682832289,0.12936030012795294,0.06860033188799586,0.0964051252017414,0.14288289066208806,0.2139994853724644
0.4254815619699089,0.20910523011743845,0.010841843144438644,0.06631380619768841,0.05137045626808734,0.08118309276121205,0.014874810490908658,0.11556598650709875,0.025263212543218765
0.4980164346328871,0.03318576023750056,0.06789440008471721,0.08150286976228717,0.0892610095841901,0.07704138780566289,0.03987855239964367,0.05555390606020263,0.0576656794329086
0.1668049829000747,0.11784447716694986,0.19289840853970075,0.09795072776418524,0.1380532320778983,0.12336703440321169,0.013278454376945125,0.04819812322909622,0.10160455954193814
0.11041656564204905,0.0653874928602971,0.047063853546734306,0.01797881043089558,0.08958364723844787,0.04862572462882573,0.09694777807909655,0.491711921481864,0.03228420609178976
0.21723320093106727,0.05539043006582992,0.07153392322045149,0.1144234893067677,0.082446208696292,0.14930880166386604,0.253996562345493,0.020314043761683404,0.03535334000854928
0.19442302155053862,0.09330207895977012,0.15073081920343706,0.05225846874201362,0.16078863876114602,0.11530334974180963,0.02860106004426102,0.16620428503327375,0.03838827796375012
0.35979736375477195,0.04740987601226241,0.008665055199334755,0.2562297432940342,0.08668489097120961,0.16873517891029075,0.029834234704022213,0.034934889770679455,0.0077087673833946685
0.15107752316503578,0.04633330159420821,0.1282207215207373,0.12135455652016729,0.16543442160485947,0.25724887493202003,0.04887595722321233,0.03590823347783063,0.045546409961928956
0.03346148522695031,0.05329812829098347,0.20277306153164099,0.21234108476436261,0.19398569561117296,0.18380781332055895,0.041016130441348386,0.0565651110180738,0.022751489794908555
0.4779155137115824,0.07918477247826793,0.03264281595772441,0.03708239076354188,0.09687486131070822,0.13716522962596184,0.056305429329522594,0.04459466314156987,0.03823432368112081
0.09656080005045563,0.09721550220524501,0.26993561005960975,0.07555656590536058,0.0751098682612414,0.12330379030561407,0.16859209453994903,0.01704422380832262,0.07668154486420194
0.05132373311038336,0.4203482608459388,0.026664371152378564,0.05961094653558436,0.10265288793993359,0.031647464316376224,0.16395579822966003,0.018286309636805668,0.12551022823293942
0.5025579473311007,0.0885374853093826,0.03408485927893753,0.0738252649334632,0.05364640235036353,0.10397468610041871,0.021766875295501736,0.0943822322092604,0.02722424719157158
0.028685917205075448,0.08704747435020839,0.08220770532451904,0.11302842322568307,0.11289913849249011,0.10699429806694512,0.25912654016448505,0.07985701100552658,0.13015349216506722
0.043060375747912084,0.07819619862160464,0.10681642174684641,0.06089208884612534,0.2635134353721827,0.11794522460664324,0.18555090606142852,0.06495956243541089,0.07906578656184621
0.007714392659861235,0.06674772856304391,0.03892603489392782,0.30987497779514384,0.20294648761881984,0.09631413968372095,0.18060541029012442,0.014006517098945842,0.08286431139641208
0.08593595441079044,0.10221224300388994,0.06391733556453376,0.16502825313738234,0.192629318529982,0.13762100144903786,0.0334464799293366,0.1689299076363501,0.050279506338697016
0.07038856183245577,0.07462157668170163,0.026005184761993566,0.25828742581094305,0.1484406311521204,0.252562557386064,0.03797250972086751,0.1060677915244025,0.025653761129451603
0.019162323953214055,0.10594714574430336,0.20293183160259165,0.035877382585602816,0.1363684477411284,0.23667822242920597,0.10051252212997368,0.019013548476906353,0.14350857533707384
0.16035283353273314,0.1874475889946526,0.20179866003084287,0.04216452531452475,0.0302728168195457,0.02614661938136727,0.10768313987674476,0.10254352653122613,0.14159028951836272
0.3514958789145262,0.19906908368732354,0.09110573308214069,0.02693649679847768,0.10298243361319363,0.05145687842443474,0.020573652828079766,0.056993001459994176,0.09938684119182961
0.16287280596388723,0.14408618707171617,0.11950453196691506,0.09725603591768368,0.10782117453456978,0.14106866205656554,0.0654445719793194,0.08465801518719274,0.07728801532215042
0.02940874388753903,0.05164775497892074,0.1541999335491565,0.15467909478433137,0.18962623461165326,0.2389890511297399,0.09653202060820633,0.04079913528490772,0.04411803116554514
0.02815181201335758,0.17542835753529062,0.05305555957103033,0.10989021945261264,0.2256669606188789,0.1211846874249155,0.06325498944729285,0.09966152359015669,0.12370589034646488
0.04342237905705102,0.049135214774770064,0.13957535674591717,0.031070499551220713,0.08371804369521758,0.02733327042267136,0.05608825284204797,0.5363819384732128,0.0332750444378914
0.08074720593532625,0.03457954803608076,0.13531125972801702,0.1453145090921563,0.10049477101020692,0.13545449448589472,0.12894714626367942,0.12334549026206565,0.1158055751865729
0.022319790424692666,0.0548506490950294,0.09183376905114819,0.09485483891502909,0.24562789163680376,0.11737721407916417,0.06708882223898059,0.20235154851058892,0.10369547604856315
0.008277735469101906,0.06055253109305903,0.09780296282981554,0.12265451093917595,0.3469468874901054,0.16225359679786627,0.028048613032132436,0.03702558218027724,0.1364375801684662
0.42897780777006805,0.06465776226389609,0.037846539923851015,0.03744436182752591,0.09339164073471247,0.035611856985555246,0.06644518375919854,0.2244173580939981,0.011207488641194622
0.2550558460998436,0.21724653002036745,0.05751868293772339,0.14282900579609828,0.043732082442681335,0.08383924513995811,0.05491417904232163,0.1365803785616069,0.008284049959399225
0.18364484654726088,0.06253586406484038,0.059606571771906036,0.16638842556539704,0.13700417679683274,0.23543329109831343,0.030698250631158663,0.07054458825784121,0.054143985266449625
0.05424009387976706,0.04994904109175876,0.08694725439628793,0.19858324291323437,0.22812942163206004,0.20269602047785204,0.09711448556161305,0.029152111938519906,0.053188328108906835
0.02652284097299885,0.10242929575683823,0.010110603913932127,0.4177591602727482,0.0514357758080499,0.051789277592794634,0.019398592245660668,0.10205426717508626,0.21850018626189116
0.25954497958780237,0.016207949433446847,0.08094661030064783,0.11910548469301739,0.07983618968703793,0.13310693526479608,0.08445723047410965,0.021835803763160026,0.20495881679598185
0.11753779788423802,0.10436682617370241,0.28580543264607305,0.11157486129910761,0.13462786490273712,0.13038007963112316,0.040214409689481,0.020927532291754883,0.0545651954817828
0.5273762864016461,0.07041556846941499,0.064056387501824,0.07775793465438473,0.07632441299708911,0.08044659317797113,0.01704621418690905,0.04855286183525814,0.03802374077550275
0.037873535303074045,0.20395914975340826,0.03367981693324607,0.02094260162105373,0.0890198599901005,0.24712989769935342,0.2220172373224325,0.09993320962073415,0.045444691756597384
0.16822868594837595,0.10759267928519652,0.03484284012160139,0.17982660022193897,0.18778522620755853,0.14759502159552043,0.024856221976371703,0.106937514572795,0.04233521007064154
0.2265876564450751,0.07537541526777763,0.1275433520113061,0.096181525910773,0.10254115404579371,0.11992251097969403,0.07535724360049245,0.041175722040925934,0.135315419698162
0.3332476030961443,0.060968936904171746,0.0320369802101429,0.2004741786840943,0.07603174743248345,0.11497224093500369,0.01165674838994453,0.13444754407761214,0.036164020270402886
0.06138513523808281,0.047936768881586204,0.15665421645835895,0.040979038092096166,0.148674760509763,0.03491013192355596,0.062102384213445765,0.4097423955563282,0.03761516912678305
0.25276644574952195,0.039438860082434524,0.0717284595531026,0.09184093164038072,0.11624152522270559,0.10587362032205079,0.05721434130939749,0.22487534986660496,0.04002046625380132
