0.23060760703950853,0.07558767245656782,0.10820970494792219,0.1114112622628391,0.05998673418070682,0.19770944286545658,0.0804740351265771,0.10759040547442116,0.028423135646000807
0.06543956864765259,0.0151137184263005,0.04362045841236927,0.03215650275047207,0.07353158714347667,0.08271673397928998,0.4355938342439792,0.19371496420367496,0.05811263219278486
0.07450131207581316,0.21182011298699363,0.16750482709791095,0.26061326844022026,0.011043468034614411,0.11651879357774352,0.013193960059527237,0.07369242901474765,0.07111182871242916
0.21839025329097325,0.008701367362098464,0.0797443650294017,0.01608123605610059,0.05975515768604625,0.09345286029247653,0.14147468478339575,0.2978787925614887,0.08452128293801879
0.1277956733976647,0.10564468702028589,0.1735593438594124,0.11320224865044404,0.033552205840285884,0.04852111777767185,0.020637487228125712,0.27735374636250654,0.09973348986360288
0.03303830883358116,0.03508918206617589,0.18818363365358196,0.40352770018902007,0.005494667799055269,0.21511550245520292,0.00622613587301412,0.03446129859776151,0.07886357053260713
0.068694127823688,0.022248357006526026,0.07966003548523577,0.1216200690134287,0.12208652314588397,0.10632399470251828,0.060759842035861385,0.33450249383006053,0.0841045569567973
0.13739963301284883,0.07426803830222552,0.15341220514065926,0.0813962495412417,0.027737368765541445,0.08642010285368334,0.19647562900686286,0.16979140989864186,0.07309936347829515
0.12607955666525617,0.028110567057544084,0.20318681063790114,0.025469285490110082,0.013120949893114511,0.19490035991354773,0.23264506273587007,0.0834830306191589,0.09300437698749729
0.1690811263646699,0.21182717276283333,0.05779516690704021,0.12376706798496673,0.0477871412657942,0.06155428188848087,0.07088910564973605,0.05311460047595829,0.20418433670052047
0.15898067070870658,0.11050544985442794,0.01580054546129115,0.40468153086551845,0.026139668104130636,0.0719946423719787,0.056445355269345264,0.07716977231712806,0.07828236504747323
0.08552736929431771,0.1279573211667433,0.1446683961197393,0.06907802123560619,0.08464490035279104,0.08926823100428384,0.17189780132246182,0.09318023400254737,0.13377772550150938
0.06026390644889785,0.24712174181275737,0.05080873090130819,0.08441484333514453,0.0766503049779906,0.12523273433728663,0.007487672405413558,0.28023744571156767,0.06778262006963368
0.036332105756431435,0.16833650312680226,0.07993084955651253,0.16104180242243676,0.021659126022800665,0.18459374859675592,0.11280130535103583,0.09153583660596172,0.14376872256126283
0.051112399644217536,0.017995604613974918,0.06502484239609012,0.08490360844025795,0.4400266764171789,0.1275491131474903,0.08849254487236942,0.08388086670776392,0.041014343760657
0.1166328645441742,0.03595813698569239,0.03653710218024014,0.08460170848109183,0.08663882703576438,0.07752691832019235,0.4078428991880456,0.08240835884621561,0.07185318441858345
0.07883486879406558,0.05129191552842204,0.3147926033298632,0.11617409519834337,0.00630962305260867,0.16479462548936372,0.07157487955753007,0.05272814630151471,0.14349924274828857
0.17370807586500223,0.21903639270760836,0.04859430796642026,0.11761642180135999,0.10257795254102685,0.06701485601057945,0.032380896372400055,0.02877179181200013,0.2102993049236027
0.15124427725641998,0.20013349389634513,0.08162760788807334,0.16226372579501394,0.03874066538964774,0.14892221666017816,0.044093410498372794,0.12003228171172435,0.052942320904224495
0.08393554669343467,0.1638436184240082,0.1714724681237292,0.18040990776889432,0.07167199637417548,0.06089365835550229,0.01970011426544786,0.06113016782308176,0.18694252217172613
0.05479564252589672,0.0025098574194835632,0.016045974959057217,0.0342162799419281,0.06109484286180914,0.05773340486840955,0.46136884591925337,0.2432652375494678,0.06896991395469465
0.10313472146699061,0.015901624706851046,0.06046493335142625,0.03306675278244877,0.19043627101339022,0.06120519590756238,0.39162290616098366,0.10974873817558484,0.03441885643476217
0.05826306413633059,0.23001809174645946,0.037336404285457724,0.11107948981421097,0.043190588849388055,0.13195780908057533,0.0075330030557054185,0.0764190661231921,0.3042024829086803
0.17743066101491278,0.08069700837499262,0.19034962911933187,0.16902508371245464,0.02799546608743647,0.06548614115996591,0.07733307566393667,0.08354178613664924,0.12814114873031981
0.1657675628048667,0.022212409032422813,0.1555081551875293,0.24528923218435902,0.027831025820651317,0.21684314310362196,0.030694627545364783,0.0610884692542814,0.07476537506690267
0.05369516531851568,0.04327197869982069,0.11320077906084319,0.024315879489838047,0.2966535199332703,0.22788094779847304,0.06617416667242175,0.07569364855472803,0.09911391447208934
0.03271883980564959,0.0085649396488995,0.03268117585722416,0.04656749648315939,0.13290138745424515,0.09766338013828475,0.3322989624944167,0.12334761580128145,0.19325620231683935
0.0915418166756679,0.36648953236639525,0.040791922684626246,0.1249689048262117,0.017636069384053193,0.1840313099649525,0.06507664325974184,0.030262842216869573,0.07920095862148185
0.09149124098856627,0.04880209171345488,0.10229673956198841,0.5104735664165004,0.01616209326497616,0.04132537929955267,0.058405496727013194,0.05494011475866963,0.0761032772692783
0.05749844977879887,0.1358586183158382,0.0718279779317328,0.030731643982404803,0.14769982644420998,0.15454594247167816,0.07139805090375854,0.2946202545834556,0.03581923558812301
0.060048221150892256,0.08299916448524151,0.1037905390389321,0.04659409090200955,0.20864101527535606,0.059732580059647454,0.2683133737888084,0.0962127083371856,0.07366830696192707
0.05620252559867132,0.04367110013322902,0.023971534925479,0.06794991632885787,0.21850010481269758,0.061482639071947176,0.42988525196022964,0.047077500733621463,0.05125942643526693
0.2108200987415919,0.03025640450792007,0.05726841636546199,0.09439023779657707,0.07034219339870934,0.07093887368157333,0.16279420841362638,0.20957760284538848,0.09361196424915147
0.1549270303518728,0.02916595773358066,0.0744313067171004,0.09869900404557896,0.07585445424066613,0.03863190269827674,0.06183339996503851,0.18746229405350978,0.2789946501943761
0.07031424020207976,0.008337830192974129,0.07604691120766292,0.042837611281477596,0.2112379059606637,0.0294420772335022,0.30848892619875906,0.22775428803623823,0.025540209686642428
0.051343443698672823,0.055225698035686756,0.06709577622922853,0.07736038671516204,0.21522152102203387,0.11296223766495117,0.2098748831029799,0.1811263982058894,0.02978965532539546
0.06427741664429598,0.07572112447708794,0.1573362532169765,0.09976102374103918,0.2689406771958942,0.10104763895708335,0.040032196488498026,0.11065787308875674,0.08222579619036811
0.11265093078259801,0.2840712680233623,0.08094297640397667,0.1528499971136789,0.03749942419256046,0.0694768947554041,0.05940946652212656,0.12603038308792794,0.07706865911836507
0.042064419717590895,0.03206392650252248,0.2602956258411618,0.1019816962507533,0.007962194943280734,0.3609073908176877,0.01526749411177404,0.05904760060358882,0.12040965121164016
0.0563098397988532,0.02392256926191778,0.0717572118168925,0.06372065112601226,0.15962072432079055,0.39166126484328484,0.09126679828651063,0.01660105059444781,0.12513988995129047
0.11374440168609767,0.06650707630369017,0.06778479054605284,0.061994610354792125,0.22003025604976653,0.056275404936179774,0.1726513550464013,0.1263184330788104,0.11469367199820919
0.14107422509224687,0.031001775092060254,0.047957820764741636,0.05101291084811307,0.02827320220095242,0.07484360896170657,0.06090335237459336,0.3684502183763163,0.19648288628926955
0.07482082820945334,0.04995214191059858,0.04911963399272621,0.010975205152151486,0.03793455064911795,0.08047064489745342,0.12196772456710374,0.5445786673377682,0.030180603283627098
0.1043796244826705,0.0377385945989295,0.0423050237827991,0.06422331250557271,0.16157525018492763,0.044254884187424494,0.4707808073363953,0.05545512848830598,0.019287374432974763
0.03913298750906008,0.009074135977069594,0.07083163928966059,0.023395951943159413,0.06461407799735795,0.1339029329621824,0.5435191243672987,0.08928285234953957,0.026246297604671776
0.09806028585661335,0.09183471499027689,0.049843439749723974,0.058405192648838755,0.2017488969509286,0.16552768948880395,0.21493363834418713,0.10397333452510475,0.01567280744552261
0.1369506357728586,0.07460215016378265,0.06965112424143997,0.07875905295236467,0.15977409918682847,0.08677174991583525,0.20890298141257935,0.14170265410375193,0.042885552250559046
0.08755154283842619,0.022993089381765208,0.029861753340048664,0.009162545812494993,0.08900415325855403,0.12773511347366867,0.2216424305532756,0.3142002548993064,0.0978491164424602
0.04821369117687029,0.11644518306570355,0.039591819609349904,0.05404349591350325,0.21133801980019196,0.07720707246953933,0.23554536556838937,0.08392035043877971,0.13369500195767264
0.09016230379158806,0.009877438578046828,0.1737825085142873,0.09915032107757042,0.07583511881721196,0.1128272547948308,0.3198831793523588,0.012853783371300909,0.10562809170280496
0.10057078215397709,0.03217497538644817,0.029446144881264767,0.063009865930232,0.0082286616975003,0.10993061602183934,0.5151391182852368,0.11586271373439543,0.02563712190910598
0.06499503523621292,0.1900493620842831,0.3095589561645435,0.24904568062143975,0.014202916073742135,0.084662492260145,0.010845887193653979,0.037501880526737454,0.03913778983924227
0.046581864226616115,0.008065840578813162,0.05388723436861887,0.029687055400781304,0.033964543111662276,0.07932991016673324,0.5577736355605527,0.155997651308226,0.03471226527799629
0.058877185543601024,0.1013012439623651,0.043842691876183136,0.10360529703579953,0.01187452484091136,0.06359089710676392,0.26474884085766415,0.3101792143575886,0.041980104419123136
0.1437835459159603,0.07968953545351862,0.03745711760085952,0.4206950334866854,0.026385552308852107,0.04039685422254901,0.044668559809196644,0.028121622122379824,0.17880217907999862
0.08955583932648477,0.048411390417389975,0.07306440951968471,0.03903229781382723,0.10692878345249189,0.09457726136774629,0.3568871521661807,0.10047005232062223,0.09107281361557214
0.11797514813128303,0.06319334061567346,0.14315641663003945,0.09706739001851074,0.01335843361662626,0.06637295367103763,0.07593699747354282,0.2383997968977615,0.18453952294552511
0.10357045485706268,0.024977753165453403,0.012595676233525172,0.03479457286486612,0.07321611445912454,0.08592605028164386,0.48312941795667025,0.05991714066982212,0.12187281951183186
0.051503176822301905,0.17154442060478467,0.07020088924195927,0.0480239399920418,0.35456145185512583,0.08315521098868667,0.01274320894506094,0.1830464895998154,0.025221211950223598
0.06921560102688917,0.018625933168714897,0.03499787894038795,0.02619843961371099,0.12888585978847486,0.04800758191703971,0.4114405332804447,0.23710897983879453,0.02551919242554317
0.2505585530358752,0.1891206968413314,0.0217056054349825,0.2199683493122849,0.03963284643565083,0.0731225005654396,0.021153680064348673,0.08563363422446335,0.09910413408562352
0.07690253755969163,0.016032209901527716,0.2710686125082686,0.04088803036502636,0.18951659311429725,0.2080230830902233,0.11628686694879452,0.015954293870889383,0.06532777264128133
0.10606767726130932,0.04688407339786699,0.10116588654817059,0.05186595279750059,0.032879618501206416,0.14230452458659623,0.3204867262792441,0.1215055388343465,0.07684000179375931
0.14179521829674688,0.02999744664132972,0.03652399451589224,0.06849574003084509,0.17855409314113593,0.09588114031486099,0.14269675869831,0.05882730972975286,0.24722829863112616
0.09723838437803449,0.19168834337180693,0.22198820277926443,0.08906665565866083,0.019627181077701936,0.11659140439257615,0.0195138446550589,0.04938564919774933,0.19490033448914698
0.05345014129736538,0.141006555612284,0.02710307815920617,0.04039928575809091,0.115039496517846,0.1662190301348089,0.18802118541101057,0.045703171638138494,0.22305805547124954
0.0573342330456277,0.019979704067503865,0.027923505391634948,0.08308873878159793,0.20519900281681136,0.03869527100367428,0.2523744271081056,0.18623131739111132,0.12917380039393306
0.2576018654712471,0.17035811002234627,0.12630497436469934,0.05002706998801487,0.11127018161643228,0.028277311506590897,0.11267854209000888,0.07712626018479327,0.0663556847558671
0.051163759103818506,0.010007811838248833,0.012826224845737635,0.02445845836471754,0.17495238354219475,0.14834369662142327,0.2945894426449663,0.18994015141697648,0.09371807162191663
0.07653838321577085,0.047826588113141666,0.06236792807722846,0.08257479585981704,0.32787473809639556,0.08699977992745045,0.20665586838687533,0.07403248663392355,0.03512943168939705
0.08441106313614138,0.031438865266760256,0.1315483995889467,0.02850693058153835,0.05932590440674884,0.40620588043452727,0.03934406875282745,0.09944558314747194,0.11977330468503773
0.14853625017932734,0.027167486427065807,0.03449784339080348,0.18658240337499488,0.05562907297843814,0.20538325889944806,0.14551140675835664,0.06323834428562315,0.1334539337059424
0.08894342753425828,0.04374324655396699,0.08848492908323313,0.0505177504686197,0.19627978049580816,0.12344141683875755,0.04393342564236071,0.2381505861328023,0.12650543725019314
0.1533464264908251,0.04957618354425044,0.1183758730890652,0.049149066286856835,0.10329906796344306,0.13399002556965925,0.06291828821028402,0.15099113187541668,0.1783539369701995
0.08969728561244583,0.04542077654986785,0.06390597010893158,0.10225213158854718,0.24922935837866098,0.07393634840922712,0.03193577366810173,0.22355780301692685,0.12006455266729081
0.12943231609751985,0.3467318036179658,0.02059794863723193,0.10622030786835697,0.011013210957499195,0.05531303124234194,0.08361234477197539,0.060383128860846534,0.18669590794626245
0.0997159055032042,0.24641970763143703,0.022671159172303976,0.17017047247848727,0.042561035367508014,0.07126087318473308,0.023997009726127182,0.13169473866151646,0.19150909827468285
0.06611463101849896,0.02151331960071547,0.010934688295838648,0.09822642259447222,0.2004573162523654,0.0274831569909338,0.4398721982996528,0.09747667997477531,0.037921586972747494
0.09284422225615664,0.13597847488261247,0.06759199159662845,0.09590706809003796,0.09086544536076767,0.10220748876694286,0.03350748462092901,0.3470940375125486,0.034003786913376445
0.08821830103525818,0.05406854709669776,0.028406357533265435,0.042900074143525375,0.08019264834145355,0.04969591761899719,0.363111844990051,0.12475769351150033,0.16864861572925113
0.09996028562999139,0.0993663400889634,0.022348020373471833,0.08065438751824455,0.1590108898944017,0.06504449092949542,0.369772916254359,0.055401441569996046,0.04844122774107671
0.0886583420193033,0.012565403670931044,0.04147637789751724,0.08774845047447187,0.12056853763748841,0.09702744700688927,0.41748495876034425,0.08281315962848486,0.0516573229045697
0.21820759090109157,0.16517683611407022,0.16967473070020614,0.13406466284613883,0.006728859719563606,0.0923503253993862,0.037163083159660534,0.05938296821642381,0.11725094294345902
0.1397831923824572,0.12290828704678325,0.03536105306362819,0.2564586108681836,0.042364011119111804,0.23626889300015472,0.046144353818935314,0.06117969984283842,0.059531898857907495
0.08424839818035547,0.16371028178015082,0.07589249351225826,0.07692183350172377,0.18897042522341947,0.14036244601377776,0.015370558325234152,0.20694782568141398,0.04757573778166641
0.13530251981680277,0.006197523133511944,0.08366883518939854,0.026809337594546952,0.07999303076455727,0.13620208015530988,0.3223846739541519,0.11235339452127004,0.09708860487045079
0.08282318102026064,0.04248782424976608,0.04207492429626322,0.025792965536064683,0.42763194990320796,0.0954951561129714,0.0806601819823729,0.13497750956026808,0.06805630733882498
0.02714373989380316,0.03224857713742483,0.05014311145969405,0.06365969654678175,0.0788936011913451,0.39967070337647675,0.045140431264586896,0.15158077643980483,0.15151936269008268
0.06929503321034386,0.03218803684369811,0.0627503725197991,0.033833501159513064,0.057631991405856876,0.15833620588591021,0.43754449080156516,0.06533935083217139,0.08308101734114216
0.09038810325609642,0.05762882863023355,0.03640211518731085,0.0638165812330872,0.030578271523570105,0.0902062296013732,0.5338356706684723,0.06675359566899057,0.030390604230865804
0.11566912466467187,0.153529510174126,0.3770723445975786,0.15037505479231458,0.012749903719313912,0.04813217095641283,0.01638311523167447,0.08300066316768488,0.04308811269622276
0.15075089977056036,0.03147121832556193,0.09367274142909464,0.01817997503492402,0.13654061107760887,0.06765892982170557,0.3694710427069978,0.1064568850020231,0.025797696831523678
0.12732658279773645,0.17051404268727463,0.17753538088384538,0.062059487147829794,0.037037885082648915,0.13664540354954258,0.039005636388712205,0.0867618770164431,0.1631137044459669
0.073788614905221,0.13744884855691766,0.0375270323247369,0.0745348704625495,0.1929058705423862,0.21719893725114883,0.008842991264957854,0.24148248392697994,0.016270350765102016
0.17381068770989874,0.1687127036278845,0.03354787932579136,0.0835870745806903,0.14522290644753247,0.0712176084786126,0.22102901992064047,0.061691949035587244,0.041180170873362315
0.09824018143839115,0.05173723135128636,0.05186594376777126,0.03463516908656703,0.013207971724480705,0.14791202178017776,0.4235386022501073,0.15606266637234145,0.022800212228876914
0.08085121385211548,0.12661741539049967,0.03698890587100841,0.02562212923070381,0.022149339654311012,0.15225015882374746,0.39708444522129294,0.12872915276207367,0.029707239194247597
0.1198018731557056,0.1398390072417699,0.09335491686315711,0.29338988915757414,0.17441878875693587,0.05356286164870722,0.043806976031020316,0.030956935809192912,0.05086875133593696
0.08098114223826798,0.05795513925126561,0.023714891611538013,0.11108173380764248,0.24967861085440468,0.13574684546900953,0.045913093983889174,0.13588579532761455,0.159042747456368
0.13996705042052782,0.03465539060119635,0.009669557623437729,0.054134108110036626,0.07305292575128682,0.05245593598661593,0.4801986657733783,0.09030615437693369,0.06556021135658678
0.025217044113601636,0.06283394664186111,0.06121143061801618,0.09486723586462052,0.2612863221898158,0.06729935416877435,0.050761626441937886,0.34436106361726804,0.032161976344104636
0.039882582282920444,0.017209380273729178,0.2369167080282321,0.014203796068240489,0.047174794390356996,0.19367245398943278,0.2596779582428093,0.15073819719242385,0.04052412953185497
0.087184152153652,0.022056323024277135,0.09388493617450143,0.26608297766398126,0.03796572879366647,0.29606318946013715,0.050359058116487755,0.03892026780729058,0.10748336680600623
0.08487719342893885,0.022519497081477085,0.062482567895755244,0.030160729850531077,0.018608917642511002,0.23230532510095173,0.389103708884027,0.07433179098397207,0.08561026913183606
0.04643106275377345,0.03240270502136578,0.21880057227322305,0.063743563199327,0.043591475753041654,0.2126787414084302,0.09749455260875296,0.16651811588807816,0.1183392110940077
0.09108068410502555,0.029703636097691517,0.08260383637984381,0.0254529844522295,0.08533420758102456,0.05640546919151432,0.4999659765651572,0.053611857002526554,0.07584134862498688
0.08037405927151554,0.12815924561420391,0.08201480152435628,0.0373211965968264,0.18372317182873552,0.281698363622585,0.10805326609213949,0.047496005133046415,0.051159890316591426
0.0937067532863604,0.08053600676364697,0.06332297037740758,0.15444282016570232,0.049129861197479203,0.054695261965484555,0.05269254735843861,0.12781973024489265,0.32365404864058767
0.08530188977989513,0.019669744726689524,0.0732577426595918,0.08108250693572962,0.03014026397622987,0.06671042070869576,0.2864933095450551,0.29748446131752154,0.05985966035059159
0.17105399898086696,0.030275285227980522,0.174146287846864,0.15123025216597538,0.2734533077940511,0.07202084850907635,0.032696625179768284,0.036155602389865114,0.058967791905552396
0.09061736308303214,0.023652346040567106,0.027284523469462762,0.04326493639235022,0.14180370709151763,0.1310581573825448,0.41549505596461317,0.028464060354412218,0.09835985022149996
0.18371707807900814,0.03549338799277914,0.10248793249614963,0.03477986807417105,0.15099771011845373,0.07975194156718639,0.06073570547385231,0.30599327175243257,0.04604310444596704
0.07444825508505941,0.07742700018677928,0.06391106633702945,0.029049655145453778,0.04871580261430213,0.40660614844917825,0.053243718113208126,0.1771737623088515,0.06942459176013811
0.05138917045113776,0.019035430976775954,0.0989862360810188,0.02027311406645405,0.23156141302660482,0.12612913935111073,0.13340375734778934,0.2599264018188899,0.0592953368802187
0.2025539840785612,0.023326641181701815,0.08202399240282347,0.06448891460214447,0.046032828545420235,0.03937907816635841,0.2950331144165223,0.08395245976460912,0.16320898684185892
0.05545771753212054,0.1295747324831549,0.0562693531848192,0.0803619511410935,0.012865883853955547,0.26751741536357515,0.08797818682231368,0.1764383714147739,0.13353638820419364
0.12118321952247535,0.06957623655581864,0.08831544227435906,0.0326306492811023,0.2620949967330411,0.08032963749057898,0.15898915028964886,0.10612586393197392,0.0807548039210018
0.05282595399255569,0.24414123067596863,0.3419909434196122,0.08527389443048712,0.07161349874076776,0.08069047594236181,0.04662519183826489,0.030684646816804034,0.046154164143177856
0.05607834729908904,0.3698531221437071,0.11106814891558536,0.09458209471693706,0.02111720822530373,0.06783235447689312,0.0974421664648396,0.06177417108991027,0.1202523866677348
0.028372453826692484,0.022108470140211556,0.020801016363278944,0.056095510722399954,0.07556359006703467,0.047466871300426754,0.4477500501253875,0.276369283525508,0.025472753929060243
0.094262938881242,0.1845105641606961,0.10379549742657113,0.037818183853718816,0.06327796177191267,0.08313675453031792,0.11791701982712893,0.2856718109211888,0.029609268627223587
