0.14040137610203354,0.12933897746955855,0.06671508200881589,0.1538393744040848,0.08492655304867541,0.08279240505343799,0.08906678404792738,0.07134067350395068,0.18157877436151573
0.12874103107319113,0.11360093454367708,0.10023462782175008,0.09620142250726782,0.1424866343937307,0.14811892014228137,0.09893139696685066,0.0771528695504458,0.09453216300080536
0.09497121065712096,0.11877791590868243,0.1040731239812853,0.071395328015591,0.11102073633116494,0.16252098949856605,0.11336580369565163,0.14792443188710488,0.07595046002483284
0.11307024142332955,0.11387126484722938,0.12042027751452754,0.12623248831017544,0.11846123304354249,0.16164010525415737,0.055674133470088906,0.08678610874309296,0.10384414739385643
0.08602485165685918,0.09472439034359233,0.155653028064826,0.10406999850302456,0.14175688613870896,0.11336917223442063,0.08674654494220019,0.06909501602409202,0.14856011209227624
0.11045600540481275,0.10366044942524773,0.1209103575732498,0.10642264121856675,0.10912813168065542,0.17263114743646582,0.06094964192224375,0.0811327648236846,0.13470886051507333
0.08913859998944186,0.08866004004655437,0.1869497377601115,0.10781732747436801,0.1132097997744305,0.08858766197704558,0.06313454596200749,0.08084199128842355,0.1816602957276171
0.096089508794169,0.11898505682036647,0.08123085547761517,0.11851416078372047,0.12223641411405183,0.17748821551156888,0.08043611150280276,0.10585800076866674,0.0991616762270387
0.14100335468775355,0.1299579826651417,0.061945290268226205,0.12092552886508301,0.12274787282870693,0.12519043091632248,0.1264008985997497,0.09312751494475768,0.07870112622425869
0.11295067412234923,0.11525076549792858,0.07639811972534173,0.08909496985078147,0.12112625130761999,0.16392601376147153,0.106980863167793,0.13098951512811705,0.0832828274385974
0.11910166413063868,0.1359654774590424,0.08642830463345924,0.12058604365959297,0.1269006284498375,0.1568424577698913,0.07569808959420013,0.09939233015423732,0.07908500414910039
0.07879259849408939,0.11691194437252794,0.10879327729028336,0.09410886227684902,0.12488284524788179,0.16011891092655975,0.08307351464074524,0.09102724406175904,0.14229080268930452
0.10486350227654699,0.10152258541801311,0.13008328752514844,0.08248231967990731,0.10316449235302246,0.14908847668300426,0.09359795138764243,0.12898800554659776,0.10620937913011723
0.10904002626231814,0.12381912497263951,0.06874311668828481,0.12735296475068317,0.0950325354462959,0.18678367833488566,0.06616738020528594,0.1270466783226075,0.09601449501699943
0.10129813132632724,0.10351673784306692,0.07500547634226275,0.09018836595841294,0.09470703018503003,0.1562856842242584,0.10780049845233493,0.14884949550533225,0.12234858016297447
0.09724702990836424,0.11357130761802697,0.17167158121999923,0.129001204604433,0.08155623369196553,0.14898295945541415,0.04000900950115751,0.11232211594858299,0.1056385580520565
0.09047010118668382,0.10512524624102519,0.17491986137312757,0.13086103576648497,0.07940998069261103,0.06091983472336741,0.03523370769549142,0.10959907205541931,0.2134611602657893
0.10243291575487105,0.10011289798824091,0.12210755794736054,0.09796046341857763,0.12966983074048,0.1298375962999739,0.1200377886951917,0.09056099424571414,0.10727995490959019
0.10582168266578434,0.11875109340742444,0.10829270532383943,0.09567293790001806,0.1348402342379462,0.15944145423269707,0.08707546073617449,0.09857782137167026,0.09152661012444567
0.15266173696796326,0.12095015390160148,0.07373488519889376,0.17297250915165005,0.1174458216878827,0.10206715131536186,0.09272758543399028,0.06073420893905742,0.10670594740359922
0.08977356737873132,0.12460348854296939,0.10366900685337987,0.1098455414334224,0.12419037785197691,0.16424266100268334,0.07259578774275653,0.09281615537201877,0.11826341382206151
0.12822372027157566,0.10158967938854942,0.13881629560820674,0.09854156584856937,0.1125586272531457,0.12982286770552998,0.0807091593257357,0.09848924809045119,0.11124883650823623
0.11547887530829527,0.11259135169902128,0.10938008914695085,0.09100682763190497,0.12342851772564152,0.08914054707705876,0.15838858677746756,0.12630799355562053,0.07427721107803927
0.07433861478502624,0.12463315365951554,0.10910031283987058,0.07077147490893483,0.14072617220635011,0.1276157625297911,0.1602830436617373,0.11758469179649733,0.07494677361227703
0.11255946467841808,0.10912520039488478,0.07675991411374054,0.15365504303910363,0.07529652220934281,0.08243966904532944,0.1074950112820467,0.09350775353760915,0.1891614216995248
0.13133888660982884,0.11182413537107651,0.12388261382886352,0.12381043019287619,0.12538823591333295,0.13531587335136927,0.07336244265214795,0.07078765884816576,0.10428972323233905
0.12232626765386923,0.12150377724070745,0.09651707917780267,0.10536231943366285,0.10871871015264634,0.16136784925646255,0.08084021037616342,0.09811783515121371,0.1052459515574717
0.08274694370041845,0.10170498589623667,0.1386535379798193,0.1070799918884493,0.14425341089647772,0.1110529303152954,0.10277298328707703,0.07583097349638784,0.13590424253983824
0.10002925021412,0.10623585574192022,0.1467205530871142,0.09578419548956785,0.10620127235772464,0.1405952710752053,0.057806458388224624,0.11631094861157608,0.13031619503454714
0.11761758978736488,0.1390079456379997,0.09642293525237537,0.09767359246524805,0.122297326498168,0.12328545794588243,0.10341691653355937,0.09505588294080804,0.10522235293859411
0.08739397956076561,0.1285404984603775,0.10178797982618411,0.08479540908038892,0.15823372379993342,0.12352243096306777,0.14481732105714235,0.08723959387767165,0.08366906337446871
0.10905691266561206,0.10560518581773896,0.1385160512048401,0.133116905421498,0.1371388779367816,0.13002274964358754,0.062051401512146304,0.06745048639337227,0.11704142940442308
0.11371627725957824,0.11816224982624497,0.12428948144251277,0.09623148757058402,0.11902258003943679,0.1399062397831654,0.09309967640423576,0.11312772544733234,0.08244428222690979
0.13798202638907633,0.12351846428843505,0.11654029126969338,0.12108810403120256,0.12660955223292292,0.1412777222198324,0.07407941674562055,0.0738325664602938,0.08507185636292298
0.130015830653999,0.11217485982471244,0.05100638447425305,0.11431046072571242,0.0906341225686524,0.10218536871690038,0.13994410273512206,0.11577587398382512,0.14395299631682312
0.09243452768305703,0.11379332556142059,0.08546112654403704,0.0988467186951919,0.12028914263654016,0.1773524056619261,0.09138363724187577,0.12191252489702438,0.09852659107892696
0.11485728666171426,0.12159277061611695,0.06169709806724925,0.1329304664793236,0.08646838257014892,0.09564333073571825,0.08908369476440264,0.08489707816349157,0.21282989194183455
0.13429632628499727,0.11474856963457782,0.1038273111998167,0.12254337431387381,0.12388459135123771,0.1509618231278631,0.0713117121414465,0.0716134344605518,0.10681285748563529
0.09786637730171903,0.11397098177237348,0.10501865314326586,0.08644646459657734,0.12350186329554207,0.17248661213025454,0.09567622061393055,0.1058467654536888,0.09918606169264826
0.10039714192648656,0.11381599846937407,0.12730938916602028,0.1159752114942858,0.16168700424271865,0.09866922361276172,0.0844787753207269,0.08109412009154515,0.1165731356760809
0.13582831560297381,0.10614731086174811,0.14028122637441973,0.11096775837028432,0.12469208884096712,0.09586398819474584,0.10862878662940352,0.0908475035327528,0.08674302159270479
0.07751706193843196,0.13363209698798437,0.10272393827405919,0.08506323662626841,0.14737144500638058,0.13335703872646257,0.11371823505732703,0.10735650373617645,0.09926044364690938
0.07285604370798109,0.09293582179265214,0.13860574210146806,0.08732723450014719,0.12139112545971154,0.16346581787232214,0.06691973310723898,0.0961797963280427,0.16031868513043615
0.10272444745670306,0.10882064713065509,0.107098744143084,0.07642930125961907,0.13013835730209045,0.16024069232876947,0.10276711717655258,0.08652316177048304,0.12525753143204324
0.13718270100878027,0.1168067882135025,0.0843108360242909,0.12694430857372618,0.1377873763807063,0.10922519567549976,0.12804941533942749,0.07663194095458739,0.08306143782947921
0.07468762339127444,0.12756264865801692,0.09592958391413042,0.07941136565567096,0.14252444845442258,0.14191746713585432,0.1340001896868854,0.12553684097015613,0.07842983213358888
0.16851115090066662,0.12926506605525453,0.0684004664052808,0.13968037987222887,0.11397415701960185,0.13994232892252415,0.07958050953054956,0.0847972862239631,0.07584865506993053
0.10543213497181105,0.09684569432759811,0.20376791044465017,0.119890907542522,0.09816631688954058,0.11312443358106335,0.051602171410110725,0.08195916866728563,0.12921126216541834
0.09444471138288452,0.11100372981914046,0.17608160447029386,0.12183007456521744,0.14139437029809498,0.09554989894929015,0.093284653856896,0.05410683649756511,0.11230412016061746
0.10292097947685408,0.10334111625872427,0.12164983025664867,0.08504914948536568,0.13582565544663372,0.1479763932733236,0.1037086253661892,0.09544656451078719,0.10408168592547351
0.1294920434855435,0.10679209614248647,0.12574897980735325,0.12669872263131168,0.13494277208294636,0.12519984526037511,0.07309323813821483,0.07084985840543288,0.10718244404633585
0.12582843684610207,0.11964673073402905,0.10472512363686139,0.1117095399525521,0.10176174472836824,0.17220317357745293,0.06659667325740065,0.10183151006627278,0.09569706720096083
0.16106487272014644,0.1260554026913438,0.07022609502099013,0.12147020075461996,0.10494451921283919,0.129936061980758,0.09945823471319569,0.08789966146978385,0.09894495143632291
0.11178562502978302,0.11819949142537739,0.11231579319425157,0.08367597079860933,0.14859813337982294,0.12290988728711157,0.14243339901062949,0.07693930825913936,0.08314239161527541
0.10677743929524934,0.097594638147191,0.10750978253612296,0.10609548750020738,0.16102860352148554,0.13662627740582897,0.0976141044768493,0.06845294799679513,0.1183007191202703
0.10710806390270049,0.11673328984248976,0.12071789388319638,0.09987672444662123,0.11903923945318329,0.161776681492336,0.07540324028186741,0.10501525261092358,0.09432961408668182
0.1023346292091138,0.10567199295962952,0.0999503136652234,0.11511212386426582,0.11963625294369633,0.16886986587719252,0.07215483566054733,0.0914540782950693,0.12481590752526205
0.09902989922925785,0.08732553908549084,0.17686199912137368,0.10604859664446964,0.1481265313821052,0.09600207952752808,0.11178529919758014,0.04771913802612824,0.12710091778606625
0.13648086728377426,0.11506369864665704,0.10525460764938056,0.13146404120589003,0.1547989820894714,0.09613979738555407,0.11244053515275575,0.0650782034460652,0.08327926714045165
0.1339760315457341,0.09210779684005621,0.17622651630260008,0.10260020107732482,0.11299409582014935,0.10581097319874429,0.06589490266504915,0.08238428791644507,0.128005194633897
0.10502025095329655,0.13496319061217052,0.10013696321916647,0.09446992128436403,0.10542940414745815,0.10802412847098429,0.1280793336170862,0.11852819260859632,0.1053486150868775
0.11761758978736488,0.1390079456379997,0.09642293525237537,0.09767359246524805,0.122297326498168,0.12328545794588243,0.10341691653355937,0.09505588294080804,0.10522235293859411
0.11329053681163255,0.09996189432282576,0.07613749463270657,0.1077458935347599,0.12527359782124223,0.12367302051911312,0.1480414366509367,0.11337057921821676,0.09250554648856647
0.11813200239894513,0.09737402001916352,0.14998351659109568,0.1199206152068774,0.14709390954261883,0.10564726261219716,0.07195674026970135,0.06562815901578617,0.12426377434361478
0.09174968816286695,0.09937635396963172,0.15869136808904225,0.1653510081988461,0.09416308451689927,0.1095806950150678,0.07417457036857451,0.06882293794445539,0.1380902937346161
0.08520134313685031,0.07828865861481367,0.18511905717858146,0.10090393655752239,0.14199705518803404,0.08924503506155927,0.08332878059229475,0.055657388895367844,0.1802587447749763
0.12588130084281177,0.11619328017425634,0.07618986435298841,0.10599828040381605,0.16376766573155788,0.12214051223327181,0.12963751361093467,0.07158332680073655,0.08860825584962645
0.09002020444859997,0.11755618621911297,0.07648957668331847,0.1016400860663233,0.08225359950778886,0.16076183234256178,0.07020191561562797,0.15092014155271183,0.15015645756395482
0.09684009440667757,0.10781408159669721,0.11479169355889489,0.09807499125549013,0.15923915451045623,0.09051907239533452,0.14451323088986776,0.08597471545543096,0.10223296593115073
0.09918351869315543,0.10124008342217662,0.1343595582507066,0.11389206056050227,0.14422825550329285,0.14800998116176933,0.06800397578565254,0.06318193970850108,0.12790062691424328
0.09947255308523328,0.10571016145597223,0.0903511736937755,0.09513352507317419,0.12485313228460987,0.13171703978706867,0.16531484062884103,0.10614510874348897,0.08130246524783633
0.09483655918420363,0.11535274866324911,0.08494636656496353,0.10175839614094813,0.16390808224146103,0.14885520399679417,0.10431377233015904,0.08736784503337496,0.09866102584484633
0.07499291173827387,0.11677051936814155,0.1355950787646335,0.08769656368585797,0.13977876170871326,0.1408544616272524,0.09477505069910395,0.10174787461099448,0.1077887777970291
0.08728382743362757,0.08645625469190799,0.223672093090702,0.12377052894241954,0.09181365442024843,0.07092619893758921,0.12897953396589854,0.0612801315778436,0.12581777693976307
0.11779897967214197,0.10437777759142775,0.08940528576422842,0.10149408925951427,0.11204858507279769,0.16462988772645315,0.07717231722747157,0.11129691435424867,0.12177616333171652
0.08762879525073426,0.11273708798093891,0.11813741960628665,0.09257169208901189,0.11671538821071485,0.18310959387126,0.06511234672866341,0.10554517191544781,0.11844250434694219
0.15211947050949007,0.11637300020818366,0.17284072233193112,0.151855064480122,0.09269343562917713,0.11931954312596875,0.045240728345913944,0.07488256168201861,0.07467547368719474
0.1255112386616503,0.11812974336501421,0.09000620802676428,0.1485510896774106,0.15743547132681596,0.1067032064678428,0.09678698764301004,0.06432283652617317,0.09255321830531871
0.133380556996922,0.1264751112765283,0.056964372602897884,0.10892439940129835,0.13755674241801139,0.13957049157938575,0.12084121056760526,0.09903808477191584,0.07724903038543528
0.13725274893913944,0.10801645618870208,0.11054039097097146,0.10280344792845235,0.10480871185997083,0.14651436012913585,0.07838097596109216,0.10319056874929063,0.1084923392732453
0.1383710326496175,0.12669495923608948,0.07865820329600665,0.10512718947490211,0.10207209748042667,0.16439155492574387,0.08599583335572575,0.1235104736928256,0.0751786558886624
0.13286024564093982,0.1257876424939977,0.060687572193851895,0.11386944965527235,0.11791352241159285,0.14060850679172365,0.10651143171453685,0.08973468837279798,0.11202694072528685
0.1303099557092843,0.12031537608394727,0.077107593747188,0.092874269699379,0.12817086750609144,0.14522522084897405,0.11191711403331271,0.08634073394478504,0.10773886842703823
0.10200254142901398,0.111711491992261,0.10471062319064527,0.10919601870436502,0.10166392861726291,0.1873089680421418,0.05797975000144761,0.09362230367479951,0.131804374348063
0.11438125003239745,0.10598819893265506,0.10167055130042264,0.10596363885582889,0.1471108554367694,0.14023684066506567,0.10570317179770684,0.07281679131913298,0.10612870166002104
0.11933624792769926,0.11266617575063713,0.07809038994243676,0.09446147341769562,0.14867375544342354,0.14460491417225946,0.1218543079960611,0.09462815523486505,0.08568458011492212
0.08616277669307931,0.10128310314838258,0.15503136739515788,0.1036808395737034,0.13515428083083356,0.08763164109009909,0.09231455738719552,0.08551531722024143,0.15322611666130717
0.10900747215585517,0.10371822594761554,0.130667536912215,0.10585273607770289,0.1606627620658785,0.08717596790514819,0.1203446301409848,0.07649060485898768,0.10608006393561224
0.10573860043554896,0.11190590718640377,0.09674211668135253,0.09759111306090294,0.10809646389651179,0.1780406643039479,0.0765611229478756,0.1002367689936094,0.1250872424938471
0.11148082696846125,0.11106942787819574,0.05827728999525313,0.11384488044244634,0.07649217177930552,0.12571232624402973,0.0702524642621119,0.0977485819204132,0.23512203050978311
0.15309982998953087,0.11172536704248877,0.12612897789833885,0.15107405451594882,0.11646714368303901,0.12633203238993101,0.05321177502116278,0.06111459148696511,0.10084622797259483
0.10676806524956627,0.12727770461693816,0.0819334857051801,0.11136599551213128,0.13678774970935545,0.1501436043355008,0.1042673298571533,0.0970655121827032,0.08439055283147147
0.1139169413163158,0.12020060572632663,0.10377058020760543,0.12556533379005616,0.1449177313336993,0.11720757876767857,0.11259986576313379,0.06497437919235936,0.09684698390282494
0.08323210719735917,0.10949780157176658,0.11886256818518053,0.10246387815555719,0.13626493398624678,0.1317935369940566,0.11633564195350787,0.09481721780360375,0.1067323141527214
0.11201888532977078,0.12353762330762112,0.061754643876451944,0.09442578368638233,0.1201467834771146,0.1274621094602048,0.15189302309212702,0.11849603129413082,0.09026511647619662
0.11096671745952062,0.09397582087925511,0.11513259012648326,0.09782479032119396,0.1351048836637562,0.1458031821151631,0.09116711111118674,0.0726219831035813,0.13740292121985961
0.07825183071829968,0.12137710936863248,0.11058747196558083,0.08460088974799355,0.1482522491482585,0.1312358421172834,0.1390283691898561,0.09581702023900955,0.09084921750508591
0.10902237257941572,0.14109223947086824,0.10370865547917703,0.08917563018247195,0.11501217227133759,0.16180253644606704,0.08040017824061389,0.11912063218947185,0.08066558314057663
0.14718908387264706,0.12536231280710183,0.13063664696733449,0.11956577313909901,0.09528669059557777,0.14703915007844762,0.05880941411222749,0.1026322391258399,0.07347868930172478
0.12823931279605308,0.11376886325720474,0.09977492925085742,0.11459749463163461,0.15664392430950178,0.1148519159052593,0.11657640901348304,0.0681917570840594,0.08735539375194663
0.14311880750548242,0.11213928558795296,0.17203036321836784,0.14628767806794774,0.10259539677202233,0.1273168761492787,0.04283827296000944,0.06930822187342556,0.08436509786551306
0.09476772574600283,0.11689231774977764,0.12648138207621806,0.09086547685006922,0.1417397115160399,0.14467062263300115,0.09071710519044081,0.06372461494394323,0.1301410432945072
0.0813880621033899,0.10093708428282892,0.1553297182399768,0.12630067857908528,0.12434396417112133,0.08765620710476195,0.08054271472377493,0.07815739133017109,0.16534417946488983
0.13240187931313502,0.11240890505810075,0.13455987861119204,0.09800233736893306,0.11598633603706743,0.10962688627993122,0.1145099454219815,0.07863331405150886,0.10387051785815014
0.10279197293492996,0.09777414870701691,0.13566713084419865,0.07105596763014953,0.12805354825223403,0.15868667904210335,0.09490203360550238,0.09415622729063948,0.11691229169322566
0.1307804384355675,0.10916224822417397,0.13120153655242806,0.08401430289506752,0.10489586884666884,0.15371879681870715,0.08318905520491524,0.11053200224785602,0.09250575077461577
0.11611102135747614,0.11233689951463088,0.0903396465933413,0.09984179625134411,0.13420271866801944,0.13787474986684514,0.12620887841269027,0.09797020660634585,0.08511408272930689
0.08007593849266292,0.10467643048337978,0.1348520366979258,0.07595444629422922,0.12346591201308403,0.1544290805918079,0.08034010619009999,0.1183279228093747,0.12787812642743568
0.10787586299514906,0.09962638020719124,0.12192225682546354,0.1251701439086105,0.1280090481497236,0.1398129957996311,0.06589222149037939,0.07328936346909302,0.13840172715475849
0.13081202177196788,0.09608240102504344,0.18455536610827625,0.13894660483741603,0.08093797211547545,0.0715171309043411,0.06349228041471087,0.1021653044611374,0.13149091836163163
0.13267796048611283,0.11940224707361903,0.12983141618000826,0.12108182808068836,0.13516118463532356,0.11393230980927165,0.08543327028053921,0.08251799267223255,0.0799617907822044
0.09811934333670896,0.12243241204015327,0.08433623184143103,0.1238826987554527,0.10386619825262906,0.14201328059836926,0.07406367961938394,0.09270684837184702,0.15857930718402477
0.10717541123555013,0.11565790933359388,0.07763173238731431,0.07876838721861366,0.13572595830060333,0.15061086801978837,0.136432736473191,0.1104244888799484,0.08757250815139693
0.15127062242212028,0.12469760448697781,0.09868805588755293,0.14125927555702342,0.1275331720507358,0.13072969235708817,0.07343942695682669,0.07109510876837245,0.08128704151330249
0.09264049545439583,0.12128261375840173,0.14377655350147464,0.14974407847720728,0.1410909293517157,0.08272417085305596,0.06047618701569548,0.08197621660462334,0.12628875498343015
0.11626282487500306,0.10801435680334877,0.06854720339869248,0.11188204146129012,0.10446998744423415,0.16068047325117932,0.09167840005047756,0.11737116164480062,0.1210935510709738
0.11611102135747614,0.11233689951463088,0.0903396465933413,0.09984179625134411,0.13420271866801944,0.13787474986684514,0.12620887841269027,0.09797020660634585,0.08511408272930689
0.12229402619986196,0.11134421770687956,0.07764877048939985,0.12522552122394212,0.1227105567328024,0.16601213365216508,0.06976081969014468,0.08403176345230708,0.12097219085249716
0.08929642153189787,0.11831789809310105,0.10320684774753813,0.09394581778103954,0.1044485165772438,0.11898863774114955,0.14625454581639377,0.12611551294885107,0.09942580176278516
0.12803215151107106,0.09999872902452417,0.13420829023913802,0.10431102855448339,0.12348099352290441,0.1357481726245812,0.07773438219160045,0.07925312624271015,0.11723312608898713
0.10296210433332124,0.12854655792877306,0.05426307165465696,0.13274049330203727,0.11944705068777371,0.13439334657144233,0.13071742548194695,0.11688097351484257,0.08004897652520596
0.0913316985349381,0.09739601776885737,0.1477461537132696,0.09692452182294253,0.12447464184908624,0.10299337716434141,0.0872980279788384,0.09848833152912406,0.15334722963860226
0.10561834464625534,0.11544447556094929,0.10166231759852878,0.08886338851319175,0.16803015636254362,0.1289111527198915,0.12422889337191234,0.06600496003570937,0.10123631119101793
0.12724973842636503,0.11099907555145921,0.10485636208683687,0.09242636786368019,0.14067835599490808,0.10831529403498746,0.15728111605527628,0.0698886367374424,0.08830505324904446
0.09529611134131692,0.12756423384535906,0.08520106602769377,0.09078380918921625,0.09109267596350584,0.15252800786058876,0.09854571057556705,0.16981673222296453,0.08917165297378783
0.15052664608157373,0.10786243006013585,0.11282302314524878,0.12084431256809525,0.13443687536237592,0.11733045914888013,0.07797863107366697,0.07905342300035227,0.09914419955967109
0.07660533923844222,0.10592006977886174,0.14676916102481322,0.12085768047449552,0.14958920920172605,0.10119177206110906,0.09001953888956125,0.06556582147512617,0.14348140785586472
0.08089020052314162,0.1148571182448344,0.09001772264224,0.08876128544637425,0.12542100498737033,0.14256321319193208,0.14674310563100676,0.13174318657883874,0.07900316275426185
0.10196928409231709,0.10446666791105419,0.11688722623491164,0.09829053749593479,0.13285293337657766,0.1490244130721706,0.10411497644145833,0.08125233409334981,0.11114162728222597
0.0804771814528868,0.12147120487799612,0.12142348708593827,0.09908004277341481,0.10594925085402462,0.15398184987843547,0.0811044571882669,0.1482717721155674,0.08824075377346963
0.11920809098301366,0.0989148092029858,0.1399847155355957,0.1198675481421352,0.15314301051211945,0.1020290604663308,0.09106029313967028,0.062038405753677243,0.11375406626447176
0.11400965648726841,0.10961160579208735,0.0973451788731103,0.1149582769363477,0.1641042543663255,0.12662405353278594,0.10574936186541639,0.06847441902018604,0.09912319312647228
0.0997660547403828,0.10803557400013226,0.12661263058880354,0.1119438760164649,0.15237752842279884,0.13524565550089496,0.0817678148389991,0.07105096419151936,0.11319990170000416
0.10495187959099224,0.10700745909292049,0.1341387809627974,0.11963585425557817,0.12585876956402056,0.11278967440531353,0.08573999498355163,0.09122284440472976,0.1186547427400962
0.14922082079071067,0.11919559149932346,0.11295267095613426,0.1313227748618244,0.11214809455337116,0.15032111103368265,0.0602921678651158,0.07605208415346643,0.08849468428637124
0.09405164414730428,0.12346783315143349,0.10514189976904818,0.07552955369689363,0.1440577537397069,0.1585859456768719,0.10748377089846455,0.10495627328439365,0.08672532563588346
0.09780935253904255,0.11428694460585276,0.087544990285495,0.10272430787719644,0.12070938152755868,0.17412197729737408,0.09313738277197593,0.11131185434676759,0.09835380874873699
