0.04534653110138259,0.007226021278030876,0.5925544620256513,0.0006294063859382629,0.28517622459500336,0.013899292835354841,0.0010868629997372787,0.030609015242646028,0.023472183536255353
0.1551290291620967,0.09939175165060277,0.04214261006943312,0.09611696906054423,0.22249138330856377,0.04771082810323792,0.115433356057839,0.054406499521035774,0.16717757306664674
0.07212763934369355,0.0071295203514304415,0.6686708765736825,0.00034245301523737315,0.18921308261051514,0.012439828397745462,0.0005492291443972445,0.022638202140477497,0.026889168422820815
0.08574054041030825,0.13981570955939696,0.10738388770467872,0.11063605572923374,0.12364436837950847,0.1369468393219436,0.09749144780778256,0.1420421465600714,0.056299004527076334
0.09932882064895932,0.09368476011853764,0.05409736101998511,0.1419331273214818,0.07280719860210988,0.13933634661975428,0.138192165193592,0.12470094027235618,0.13591928020322377
0.1022710123455323,0.07626116164502102,0.06004856338680775,0.13853017378626367,0.08741610573318381,0.13296644038424518,0.1337062284538476,0.12096279254740455,0.14783752171769418
0.0688917759271014,0.008974503917576336,0.668477008428177,0.0007593999695072485,0.17777610628091356,0.013586188084697486,0.0009715113188185587,0.025690754855211186,0.034872751217997155
0.10996803451233111,0.08025012896313427,0.031904742191370815,0.15664412138965533,0.08759222763016296,0.06338263014789196,0.17946139251638724,0.11077021811028541,0.1800265045387809
0.10380121077290076,0.11227227778078097,0.08105908479817465,0.08597838415247916,0.12139555495956973,0.19644773822228345,0.07538664339383777,0.09897334607882036,0.12468575984115317
0.26843796554546145,0.04330855569895539,0.19978237849473027,0.008079495445981905,0.2790856874771393,0.1204206538215075,0.006520683401063941,0.03289376882808087,0.041470811287079364
0.1605275899032035,0.10580502122846042,0.11232565546250121,0.051385422807438574,0.13186308801100086,0.23325160045537832,0.04489292801754402,0.07857382364141939,0.08137487047305374
0.09907578033569601,0.08084520127706053,0.07049980908081334,0.13410563234097012,0.09324465828032137,0.14331973745700413,0.12494124093973018,0.12336379269714098,0.13060414759126335
0.12359723893787028,0.08751380380021184,0.13978334391298058,0.05618603604873693,0.19351275759813133,0.19908574236060708,0.04924513579354787,0.10646930593159477,0.04460663561631936
0.1210315996094828,0.04659564167713146,0.03173629079351626,0.12956431710545951,0.11108007063575849,0.05574674201011701,0.15831959703597256,0.09013308070199862,0.25579266043056315
0.0948836007189887,0.09306575737518974,0.18182359693439834,0.07614015311619217,0.15378612639382339,0.16087814811476037,0.0616633839544471,0.11773493680003767,0.06002429659216243
0.10104718220611923,0.1250628524652643,0.07144327039199137,0.11308215535149123,0.10259884134435875,0.1768363773124708,0.10567195633320851,0.13710717848039575,0.0671501861147001
0.07838112187232585,0.1983269473055965,0.11543896574821488,0.11583197505855795,0.1542532662409609,0.06118005566640509,0.10099463744960026,0.11206547805983587,0.06352755259850268
0.1154814215463626,0.15577016745324293,0.03721121172588168,0.09514391548984953,0.2675935830659817,0.051636387516042624,0.10191393169915186,0.0835108383727224,0.09173854313076467
0.13786179824127714,0.027010108906525044,0.03334415763836979,0.10329217040149269,0.1461022832130123,0.052308225934974306,0.1281244447857048,0.07747730164597827,0.29447950923266575
0.21098811206255516,0.06451777568829942,0.1439441558699851,0.019836090678890386,0.2626959011747464,0.1758826671455892,0.016226741230966738,0.04685910079158973,0.05904945535737799
0.06651261356196553,0.16249367591927688,0.18693879565586424,0.10154946291039113,0.16434428222962144,0.054591166369001125,0.07884083966932827,0.11204510938051852,0.07268405430403287
0.12468605047284609,0.0874428510197392,0.0357778512660823,0.1430703921609813,0.11745013447793452,0.05890248053250564,0.16669982090603877,0.09191637843441876,0.17405404072945344
0.1259189810317672,0.0997105084705069,0.036040207536037296,0.14097145398568575,0.12556733777415474,0.05745511452590027,0.163662496673073,0.09065772731546055,0.16001617268741428
0.10619906311277179,0.11002092533698209,0.03643075843085187,0.16088537484063992,0.08968629721832794,0.07096315217755099,0.17559821501087416,0.11894693762151419,0.13126927625048704
0.11782709662165625,0.12021574381028062,0.08388882386249584,0.09065597511643947,0.08048221999009782,0.22072332019298913,0.08156670029682456,0.10739725286363706,0.09724286724557929
0.12158467017388441,0.059783995474353396,0.036004113815641454,0.14206408409052174,0.10342743357237331,0.06489329008453537,0.16432446917323695,0.09525956665517392,0.21265837696027945
0.12167275453452202,0.07224548941793309,0.040347945699644054,0.14633305756878479,0.10834918797617887,0.06917306598011246,0.16411161487302334,0.09634720181210964,0.18141968213769175
0.14524075202588235,0.10627344592298794,0.03790787695027493,0.11391675348071517,0.17785743316056454,0.05068939079637045,0.13661857360121502,0.06885395402088174,0.16264182004110792
0.07698426413061209,0.02519361276607038,0.5170907396351115,0.01253508570121232,0.22300620268804883,0.037020750174754195,0.01057024248694837,0.05293456812390657,0.04466453429333569
0.10743714464365439,0.11867611091527862,0.038772237959068014,0.15821483466103892,0.09741899442910934,0.07022832142415626,0.17143883438379962,0.11431847219483375,0.12349504938906113
0.17735203687886625,0.07194018812017537,0.18504279589306136,0.034205538025474914,0.14025815173967066,0.22574268227614788,0.02851190598114184,0.06763526694268106,0.06931143414278068
0.11037958299393232,0.06934000442788803,0.04408904366672622,0.14806723403197364,0.08571185429599874,0.0956478183643421,0.1559947920603256,0.11217580047876931,0.17859386968004407
0.18152825111728665,0.025263939219943632,0.5016443248173439,0.003955964616408968,0.17804940295251373,0.03609413700658947,0.003490080181908164,0.028973672563466044,0.041000227524539384
0.09805116548309045,0.10148274143025578,0.044390562733013235,0.13974348176783355,0.0739900624077219,0.129750346594343,0.14005193419332743,0.12299315685709054,0.1495465485333242
0.09966141069854086,0.08461472100976099,0.03777748691449486,0.14852924913813226,0.07774961286373139,0.09764679532659944,0.1566997893586424,0.11917356654370609,0.17814736814639173
0.10884976953264454,0.09993322910314088,0.04133693676027092,0.15821723123563877,0.09166709894884856,0.07766804341633225,0.17012514032662784,0.11128745845612247,0.14091509222037382
0.10043250773060693,0.11348096654298195,0.05731371588179729,0.12591943396094082,0.06911070923033484,0.17011833121532105,0.11961188383047361,0.12289381953193812,0.12111863207560535
0.10751799754501067,0.10131255080877423,0.03857327146660608,0.16024258711591155,0.08738745023988088,0.07525924440694372,0.1739040365910284,0.11395261844587236,0.14185024337997212
0.09527400251016092,0.07515515380205758,0.12266259228123366,0.07650587759270065,0.13482381613627906,0.1953208345864792,0.06088856123466204,0.09671863823510735,0.14265052362131955
0.10625733480584365,0.11652754858431708,0.03674651948648784,0.15930513966182566,0.09514420121750829,0.06954270616926045,0.17348788732678946,0.11958719156726431,0.12340147118070317
0.11059253627878816,0.09882343017403818,0.1290849135059967,0.08125884773373088,0.11226881002286186,0.2142626266584077,0.068271451146118,0.10793672663947884,0.07750065784057973
0.10137666574969813,0.12149584427326549,0.0345783723370875,0.10953078393110723,0.24367474462934288,0.05854966520224799,0.11908210414837551,0.1110413965592754,0.10067042316959984
0.09879875831136027,0.13220249557609792,0.038898793973520196,0.14268166180014089,0.13433070993280957,0.07280413497877318,0.15084361844534955,0.14699684922442396,0.08244297775752456
0.15226185037922668,0.13801409606303858,0.04077228382228261,0.0993730246397011,0.213142634809521,0.04739720432897829,0.11705964027386717,0.05847434195115056,0.13350492373223397
0.11882135780834298,0.10445596046613818,0.03780189334381037,0.14911350986711688,0.11336284661838862,0.06222137232491692,0.16824260986415687,0.09786636575522352,0.1481140839519057
0.2104111069272836,0.030744244995473013,0.44172004386827607,0.005185501232657937,0.1816102447710233,0.054277819262116965,0.004684013411091376,0.03264478869302088,0.03872223683905703
0.11674849567107985,0.12653081153086812,0.058600294773674955,0.1093539987862217,0.07695830660776196,0.1852254341735642,0.10524105453134358,0.12039043286347599,0.10095117106200958
0.15080490954550596,0.043260866000788496,0.30660147504120133,0.021664259004607066,0.2157757273851897,0.13809061097247735,0.017697738242235753,0.05841222670403645,0.047692187103957916
0.1446325948335352,0.06900890283015708,0.038029544955954266,0.11599547581535292,0.16585134432850737,0.052616770254947896,0.14086542053035023,0.0706525713138369,0.2023473751373582
0.11844687760311612,0.05341236959066518,0.033336664185171984,0.13847669129112844,0.10158576910218141,0.06148874893721023,0.16338482315512912,0.09543669139679334,0.23443136473860418
0.04807663148192742,0.045236821841573883,0.49325442197689795,0.022316495930856217,0.21570278158454162,0.031541907963812066,0.01796225100296278,0.07674237110083608,0.04916631711659209
0.10831969171263467,0.134399414867191,0.03616827087805458,0.14137085916571338,0.14346701166282982,0.06036164060613582,0.1548730005199608,0.11898539242527743,0.1020547181622024
0.13067942434009033,0.10054597034821446,0.040257792844613796,0.1346088233343424,0.1410461200018774,0.05785794959513494,0.15501945049919066,0.0828756186816889,0.15710885035484703
0.09794169452099644,0.10067219658583122,0.057725178186578095,0.14401048642679445,0.07794692036749147,0.13663766247935075,0.13900537955743975,0.12723545042973164,0.1188250314457862
0.136597552751909,0.11565305754335335,0.035251705515165106,0.12267677843874168,0.16358362197756185,0.05193562772606561,0.14473597882148428,0.07844292410852788,0.15112275311719117
0.1499469103173313,0.04209751462703857,0.03914284244852814,0.10927930930006795,0.17249906657921898,0.053020768772236104,0.13145887959043615,0.06891066903849546,0.23364403932664735
0.09958412421622352,0.07688323506378843,0.058980264662920334,0.12893107323574773,0.0832153601806071,0.14716407520831234,0.12289358083347424,0.11939241016718882,0.16295587643173748
0.09588385732587194,0.10211199534393574,0.0333437296459886,0.10715449360567929,0.25560750485600486,0.06229105029656504,0.11593907311531948,0.12741495418016582,0.10025334163046921
0.10797448392454699,0.1160637586529351,0.04844728046305202,0.15423686421742075,0.10435478306248969,0.07774471488492403,0.16140111303852492,0.10879805091494672,0.1209789508411598
0.11031158868374986,0.12534975204129004,0.0613223351689564,0.10871780374775795,0.07876551911485224,0.18792943221427424,0.10265473309425492,0.11625782777456388,0.1086910081603004
0.13795035343138876,0.15905694021248176,0.038090715418294945,0.11187223364545983,0.19102254761123094,0.04903013854986562,0.12753707080651996,0.07302197518248514,0.11241802514227311
0.13290092392985609,0.03323003419657098,0.39386402468117804,0.016901800113586312,0.21577066970502354,0.0916572882716475,0.013514025301992305,0.05214061768880895,0.05002061611133631
0.13389446734317037,0.08085714846670658,0.1763165681982288,0.05348567460955356,0.13258565711230452,0.22336339936417668,0.043775613552124726,0.08593996448523411,0.0697815068685007
0.10019501828449336,0.09020547398655622,0.0363930328399173,0.15603694232456297,0.07164875037200875,0.09131427072694148,0.16625817005057575,0.12229387023385463,0.16565447118108947
0.10195929368633005,0.11886903012139671,0.03442433856443615,0.10433967019721475,0.2591322063532315,0.05923974739038068,0.11296382492281565,0.10383545390982678,0.10523643485436779
0.10508675201961093,0.10189436527840558,0.09763002172413378,0.08705670314337799,0.10007365174290646,0.21106226496311553,0.07421005556432976,0.10200348311331903,0.12098270245080099
0.12343036295068881,0.1088672347997409,0.03415191393851776,0.13967611084581222,0.13409038135836723,0.05633745173235086,0.16129538130513404,0.09541043245974191,0.1467407306096462
0.16224630540270277,0.02438139274541759,0.4838801948799019,0.0044775212668919425,0.21663809627436667,0.037498528508971625,0.0043764637894571825,0.032532822612453195,0.03396867451983717
0.12609656437102645,0.061870424323214844,0.03977399273374337,0.14035374836421435,0.11444901433496622,0.06692911131466979,0.15965593359553157,0.09220426194467686,0.19866694901795656
0.10293444010105075,0.11532476645360866,0.04130468102046238,0.14600687970965562,0.0675486775970351,0.12268849874847432,0.1492137098175531,0.13659781792436962,0.11838052862779042
0.11377126358309385,0.07913319880037449,0.03972365824881968,0.1537348710369493,0.09245566098178708,0.07578833134294588,0.168857348381469,0.10579800849819547,0.17073765912636527
0.11200353187627872,0.07765092097565618,0.038298911622346964,0.15460624674725262,0.0875503279542413,0.07621665881641777,0.17025024639901376,0.10773316652455293,0.1756899890842397
0.10194201303387602,0.084255756633926,0.04335582142519068,0.14818058793209662,0.07325253035281297,0.11176106541481523,0.15226108245789285,0.12035229077138616,0.16463885197800346
0.10182072358217069,0.11578869624998282,0.06106579465165809,0.12100154327600965,0.06967013439769278,0.1795184029793697,0.11364532695894873,0.12163008198659482,0.11585929591757281
0.09999156030295951,0.02076815518090686,0.5288624940737265,0.007419369716670766,0.21905491154032072,0.03326622945561022,0.0065424849181576665,0.04042490700390659,0.043669887807741135
0.15099763034240443,0.06094754576440516,0.035344030007003154,0.1035332725380721,0.18071697494475922,0.04848296457597173,0.13070935448944312,0.06506688572789997,0.2242013416100412
0.14850274553544265,0.10782093466244275,0.10919792108834787,0.06543469295273881,0.09456171303509335,0.245801145937141,0.05844489161157196,0.09532089760999174,0.07491505756722984
0.09213447394681544,0.13980886468416012,0.043986945546530654,0.11503337017143316,0.19476669917263303,0.07163620386762658,0.11828285380442848,0.16680805726881223,0.05754253153756036
0.09600197465946786,0.10047643396506367,0.069399197685119,0.1390916742958251,0.09012654532192484,0.13844748611936,0.1302311173868785,0.12789776539525335,0.10832780517110759
0.1031288027632084,0.11594781424102692,0.042067798919901346,0.1419374246277969,0.06985680746332837,0.12752790303011458,0.1442250465104664,0.13321710016193655,0.1220913022822205
0.1516000576059249,0.050820425389646325,0.25313760707984295,0.025886632115512082,0.22515153661309553,0.16334257355690507,0.021499732596225483,0.06467284186567383,0.04388859317717383
0.18485123436841877,0.05976231717616496,0.19732734727802823,0.024348090209307727,0.19944367974970667,0.19013348123577314,0.019770275462524273,0.05602954296326209,0.06833403155681403
0.11955015254879743,0.034873777326972576,0.03846694266888915,0.11499967500085188,0.12302981787724897,0.07513559875624846,0.12901089635249294,0.09626046404145554,0.26867267542704304
0.10697825697481685,0.08238985237914544,0.0316947344615967,0.15905543010023668,0.08412057399178775,0.06563505537647006,0.18023158750775328,0.11609469438898166,0.17379981481921158
0.10786400883604219,0.11917153511632461,0.04478355895288408,0.13674722596249037,0.0696681997014915,0.1388492494830791,0.13812853469395533,0.137632272801219,0.10715541445251382
0.18370138761900712,0.03247000920279805,0.4057823488214891,0.009460176263620584,0.19407999061699013,0.07327911724658864,0.007500336660178182,0.04003081977362714,0.05369581379570099
0.0974217935326817,0.128978601021661,0.05510051913503864,0.15352773553304744,0.0937630648970277,0.0960510474872156,0.15252097440200937,0.12429437667040061,0.09834188732091804
0.14867912786421633,0.09615127682599177,0.1387759545569233,0.05438825210934715,0.10764942630467474,0.2440066178082446,0.04621795807715939,0.08345487947687204,0.08067650697657064
0.10807955383802348,0.1209469774874617,0.04720071683769698,0.15410681010930863,0.10553890399581572,0.07530313175638385,0.16208105639840797,0.10825323018216115,0.11848961939474058
0.08870700323529414,0.009196291764017832,0.659632929009999,0.0006380046692287308,0.17060330831722728,0.013086417699231299,0.0007102194098890071,0.02133816403404469,0.036087661861068064
0.10349161380775107,0.07947747278531256,0.037811128078828304,0.1526783527120365,0.07576447942132329,0.09084100963420949,0.16333940467534175,0.11689913008948216,0.1796974087957148
0.13321836067503698,0.049192584591815934,0.03921858686191887,0.12990374046297654,0.12733864206361634,0.06317192566609667,0.15062947188549702,0.08577842052507208,0.2215482672679696
0.1300237945462723,0.11474466117130193,0.03561718748922197,0.13266724620407475,0.14500620528570632,0.054305919262958434,0.15442027477195064,0.08613585880488461,0.147078852463629
0.0977453851912527,0.12925132703096354,0.05146483079199344,0.15520801899626835,0.09119196106374561,0.09484260836277396,0.15579716457565793,0.12531437368561316,0.09918433030173131
0.10019547846736938,0.09171753557542388,0.043835761422314524,0.14812066180836153,0.07019504292174422,0.11790372948288703,0.1507491471905947,0.12294593070311573,0.15433671242818892
0.09823688659821445,0.06852157868746513,0.04004547529968062,0.12905946929396098,0.10600394642290435,0.10089192289623457,0.13475994526564553,0.11167487823901699,0.21080589729687738
0.10784955347420551,0.12050800709013297,0.0673152259572195,0.10593439696962975,0.11716719832805988,0.17769905884658707,0.10118360061905285,0.14103843887579035,0.061304519839322176
0.13198400413291517,0.11409202563757258,0.1024527778841035,0.06802562675604339,0.10894316553382093,0.230449697217611,0.05931970265983455,0.0903601018139521,0.09437289836414682
0.1556313947931189,0.055426310852190935,0.03403716931777359,0.09336759865835216,0.19564146952551084,0.04567012970904983,0.12083276987811759,0.06042660866451147,0.2389665486013747
0.10173200339714518,0.11843458870092878,0.0642208561171654,0.1226213836130275,0.0696259139750436,0.18184105783098506,0.11470326110867746,0.12637486043307308,0.10044607482395392
0.11348763353556408,0.12700608260894483,0.051560637272326404,0.10708390303275434,0.11002520443701341,0.15720424972692723,0.10430730926117958,0.11302333850022418,0.11630164162506601
0.09981605576146808,0.20829267523773365,0.05159226495020477,0.11481269568915368,0.17585131307988044,0.05737990557304637,0.1154769670306659,0.12724105631033442,0.04953706636751276
0.09545075478509175,0.10007525953252654,0.036206474381036406,0.13995845729357687,0.09833833973357986,0.09815762353237034,0.14604346522214703,0.12033756765060105,0.16543205786907017
0.11514681543826642,0.2072156548842524,0.05398471271552965,0.11932934529494206,0.16893532852477197,0.05279923543530221,0.1230733479909637,0.08569629329893076,0.0738192664170409
0.10431790812679108,0.12180235984581045,0.04142983560868708,0.15920024672818223,0.09339013003184476,0.0766749699595357,0.16887171535369583,0.1178852719705387,0.11642756237491421
0.11336244508790679,0.01684981323807779,0.5830239106576882,0.003500864523412797,0.1816060767826724,0.02281679582084338,0.003313256489904179,0.031212354245221938,0.044314483154272534
0.23120154383564748,0.041951195950101376,0.1590244988182367,0.00850939066471323,0.36610524486736384,0.11191806931574573,0.006435180083358346,0.029804003678662466,0.04505087278617085
0.10027560650770835,0.12077851044257037,0.04924185370413375,0.14075376250991098,0.06580203761901902,0.14622081330143985,0.13866316232493925,0.13513127540943873,0.10313297818083961
0.10874379512430588,0.11059773887874362,0.04137277532350473,0.15761257721943797,0.09688460339411857,0.07390538973099454,0.16962248536189173,0.11052423220873102,0.1307364027582719
0.09756641570263574,0.10628793743317407,0.044719474908467394,0.13357796980098227,0.08216497028466355,0.13330659138617165,0.13301870981454353,0.12097984666258255,0.1483780840067793
0.09901252563909908,0.11783931454988052,0.047966530170332276,0.14477289947053965,0.0653361973131162,0.1390262422639086,0.14331899942097517,0.13395462290339213,0.10877266826875633
0.09921468290723713,0.1224504760571506,0.0861860616791057,0.09540249251588286,0.1475362673572748,0.16923281518425315,0.08812941591390472,0.14231161602383066,0.04953617236136041
0.11330310760309809,0.1122375472800437,0.03355337529921535,0.14058012867215522,0.1466258721682628,0.05896976817632794,0.15850235004577462,0.11039604253439154,0.12583180822073073
0.11301940711925795,0.13756066283291765,0.05366397625568505,0.14291673694133833,0.1301355888288809,0.06632645243437808,0.149753208815044,0.09485575833852072,0.11176820843397738
0.08725407872512875,0.053607634980366026,0.35274664884567847,0.0389046359547449,0.20553208344923446,0.09331570065155544,0.029938126365397572,0.08766459497506322,0.05103649605283108
0.07815008457563644,0.04844526198113049,0.04309870319750394,0.07832189951189751,0.23157450422779888,0.0869617024543518,0.08074984100880776,0.09836723209082411,0.2543307709520491
0.10081430156669224,0.12958823092223784,0.08772596478936963,0.13596985070300807,0.1415848821498027,0.0688451228717934,0.1290980910917373,0.09928275622127924,0.10709079968407949
0.08383885684841136,0.06984146632854962,0.0344549173621815,0.10737632291316872,0.18023864250218588,0.0761959184678416,0.1148464073819027,0.10280749357383462,0.23039997462192396
0.12680881431848542,0.1384748043060147,0.038392430283401786,0.13270863697972765,0.14863460256474356,0.054708044300534865,0.15025454842213135,0.08704297710909455,0.12297514171586614
0.07199081767265124,0.13539693746056777,0.21982976297093115,0.08752324019771991,0.14014185861555992,0.08464184310777674,0.0697239881351603,0.13392008622140558,0.056831465618227474
0.10107265566448385,0.11787839061368299,0.03452150673244623,0.1029490355946886,0.2630529511160145,0.059764138516454436,0.1109751237420582,0.10592755189483961,0.10385864612533151
0.1119835068781198,0.13986564331998444,0.056919162393953227,0.14154807538634284,0.13261138200442288,0.0663757919850209,0.14675383952024856,0.09429365091066393,0.10964894760124343
0.09686039708993832,0.1999905682824392,0.051584027438586776,0.11996802427819879,0.16441031739327036,0.062154209983255215,0.12028458435186799,0.13338301756811907,0.05136485361432421
0.09735128743215667,0.09904629194357994,0.042621836514514316,0.1388139142764193,0.07980976479327534,0.12310662690006567,0.14026336613962687,0.12130998263156682,0.15767692936879515
0.0982419798344379,0.14838436702706378,0.0401077050151435,0.07886742709819843,0.3140278538616113,0.05074731925552875,0.07997666946520314,0.12999972700194798,0.05964695144086529
0.09911939562001748,0.1353126670771042,0.040368148982679646,0.15479763004584957,0.10020059635070844,0.07946965011653366,0.16198862860349983,0.13686437988310687,0.09187890332050042
0.0978416434129603,0.1252691491535872,0.043675656364059796,0.15275487556352935,0.07820737954253108,0.11040154966629956,0.15520938146722332,0.14245569209255401,0.09418467273725535
0.23906645874350874,0.03452673147635848,0.2542189382977129,0.0017248350540598628,0.3827679045073735,0.04307444201533036,0.0009624251240627908,0.01332902629113789,0.030329238490455473
0.11188463634847705,0.049612192397692774,0.03508173284574598,0.13322080285955637,0.10171314046430101,0.0724653639329395,0.1508192361610524,0.10173209257657938,0.24347080241365562
0.09895322796846112,0.0952646457005686,0.038593515032097396,0.15151488508681746,0.07115571162614677,0.10402104613535408,0.15794710154704242,0.12401218881506242,0.15853767808844973
0.1104269074183331,0.11793415451733581,0.03376211386930064,0.12996455425588369,0.18001660512513443,0.057884731143542506,0.14547897165409956,0.10892688417851522,0.11560507783785506
0.19174067454597665,0.020218229784073862,0.5532426020728916,0.0013165557293703025,0.15928602682370513,0.020620870418165523,0.001425890784658106,0.020228765038934383,0.0319203848022245
0.10054592080466442,0.11493164348766283,0.07107778617399493,0.09055983984718667,0.12772346470105067,0.18276285809316395,0.08107445220592074,0.10065645900200658,0.13066757568434917
0.16881720542820858,0.0909257342836038,0.11961912504738881,0.03216836956213359,0.2377808798866302,0.18955465479532663,0.026581367656443162,0.058114025708273266,0.07643863763199192
0.11778344210401766,0.05667479041154904,0.03801409924881181,0.1424917301565852,0.0960695744013099,0.07452340179100926,0.15957721258318291,0.10122404577401917,0.2136417035295151
0.26026606201739083,0.04313800349681273,0.42038735991970017,0.0009978712324344382,0.20627752753444872,0.027361281911333624,0.000699092635840425,0.01264881627985199,0.028223984972187133
0.12928158276308285,0.11938369120132626,0.09132709810199541,0.07762334501734942,0.09227112526147425,0.22915831139242537,0.06938042957503354,0.09852534658313873,0.09304907010417413
0.0922259447404963,0.1256115536110274,0.07846736020821202,0.12493488335453551,0.09838850295984324,0.15551839433122025,0.11408086769887199,0.1361597083191217,0.07461278477667167
0.10011490808454589,0.1258459954499009,0.04024605746403323,0.15998872784741036,0.08738254608736522,0.08262559243105673,0.16786020082812372,0.13028672972820285,0.10564924207936115
0.1046333256948049,0.11740920441575686,0.0687624479153705,0.10436552066717801,0.08567351759844162,0.19314044758750762,0.0954816468793187,0.11134231363617164,0.11919157560545013
0.10602967730382518,0.07937702608372252,0.04418309116736063,0.1513680962252199,0.07861271147808474,0.101919515145163,0.1574092249857906,0.11707456980510371,0.16402608780572972
0.11313104768279847,0.09716369231286737,0.04228562544386938,0.15457339313111518,0.10109515992142942,0.07346375682027599,0.16781824564506745,0.10486520016332558,0.14560387887925116
0.13101603824177807,0.10902102850853786,0.10978634556233229,0.07412259876040818,0.09321693010625225,0.23843651883973335,0.0651915312916318,0.10139092966005026,0.07781807902927594
0.14643264865460906,0.014395836521493907,0.6115199190734714,0.0008577415120605323,0.1568865395927239,0.015996353014416664,0.0010366452066017666,0.02027100554022933,0.03260331088439351
0.09735128743215667,0.09904629194357994,0.042621836514514316,0.1388139142764193,0.07980976479327534,0.12310662690006567,0.14026336613962687,0.12130998263156682,0.15767692936879515
0.10777178321850867,0.06478466258493336,0.03508830912683635,0.14734433920690168,0.08603252999813588,0.07605390247932874,0.16403863306599084,0.10842750084809305,0.2104583394712715
0.10638774818753366,0.08426179656695658,0.03725922575784381,0.1583907987744552,0.07783222769609083,0.08106158081443766,0.1721496196978555,0.11494745001201283,0.16770955249281394
0.07556951662999618,0.08548583600283748,0.3147066389256449,0.04715753085043006,0.2003951876969252,0.08021136938724903,0.040081171229700736,0.11412389260005391,0.04226885667716254
0.12908425034028057,0.14242197049502833,0.046021595261355804,0.12742013254141976,0.15964564150686938,0.05585496463721457,0.14149533016333335,0.0783350960725395,0.11972101898195871
0.09823688659821445,0.06852157868746513,0.04004547529968062,0.12905946929396098,0.10600394642290435,0.10089192289623457,0.13475994526564553,0.11167487823901699,0.21080589729687738
0.1590262652887631,0.07250709239954989,0.1941652503294972,0.03992599447435491,0.13108487243005587,0.22609074135610963,0.03281397287450893,0.07322669118781816,0.0711591196593423
0.10289897293820598,0.11696233300867265,0.04101396744762345,0.14929081598817487,0.07747728608661002,0.1118520051284858,0.15398381233333186,0.14764010789415377,0.09888069917474168
0.0741766108292523,0.08991231860849158,0.29196465069997674,0.07175692053034012,0.14640343258654856,0.08770127628035429,0.05351332510780863,0.11996243753718035,0.06460902782004738
0.09873565647830747,0.11374205381062304,0.043201638974766816,0.153314147848765,0.06569751490860343,0.1187070730103672,0.15552580095733248,0.1337330974038247,0.11734301660740996
0.09955299421644169,0.09517096838589768,0.09588647014480328,0.10640866116046434,0.0872383010910523,0.19633100397833272,0.09181725894578861,0.11682903020848291,0.11076531186873657
0.09942932225934699,0.07182811307550424,0.16071988161679088,0.08297569108239632,0.11600254169740566,0.19476588329479286,0.06455112096300175,0.10383437731978183,0.10589306869097954
0.0993151615913494,0.09755372317806736,0.05176322984369972,0.14661555976861326,0.07241712493156226,0.13133001507106856,0.14440911666912157,0.1258707775573585,0.13072529138915948
0.10605539758111016,0.09512501898707804,0.03411130373314141,0.16201122665452775,0.08170311300712725,0.07035596530405769,0.17942544462322194,0.11877590117984864,0.1524366289298871
0.09746237003742599,0.12831816596800574,0.07373575288171452,0.11217463573016685,0.11558196048614787,0.16595626195659663,0.10468474400995502,0.141841582148838,0.06024452678114941
0.07051347861509534,0.006351721762927025,0.6607668978524431,0.0003132867195783622,0.2007347479730436,0.0119937710226004,0.000469662681680221,0.021241222573940524,0.02761521079869145
0.09680794606935468,0.10994494444149798,0.0446021706997608,0.12651427716371863,0.09745790209885535,0.13223987710761567,0.1254558097714218,0.11731870672609879,0.1496583659216764
0.12863405278586282,0.0370204495482034,0.03530469960189831,0.12122499908843416,0.12100045680725324,0.06150783566084284,0.14348655742310504,0.08799085043180425,0.26383009865259605
0.1593999928396382,0.135254125275768,0.03986119320093819,0.08784121075537998,0.23870585093512356,0.04488985572916845,0.10469732161642879,0.05096722865777705,0.1383832209897777
0.09600093989259961,0.10574874251400128,0.06497081730852237,0.14297718210296304,0.08785085113350584,0.13200007594180987,0.13573908569293408,0.12851488664623698,0.10619741876742698
0.1102057060617978,0.11415475694364803,0.0542910476101619,0.14976342158066683,0.11497992549891323,0.0760477723596933,0.15508093557254946,0.10367702629676984,0.12179940807579959
0.11560340248510527,0.10137356337606729,0.03944842293204087,0.15274017373594428,0.10613690331228397,0.06682013108691431,0.16945796900193746,0.10146473500900272,0.14695469906070377
0.08592569560926279,0.08186639385514884,0.036504365051988445,0.11410835007778819,0.16088711903348218,0.08732969396776986,0.11876226970311611,0.10594665115109103,0.2086694615503526
0.10147182264687553,0.10280075049317121,0.044585494584408046,0.15799735251679956,0.0767850872787374,0.10065687663137661,0.1626185884087761,0.1236361391790549,0.12944788826080073
0.1278035061716666,0.08279590182649059,0.03715621673445076,0.13939735276223827,0.12410487256713809,0.05904265507491313,0.1626773453188848,0.08801423051293789,0.17900791903127997
0.1499245314610151,0.05201529697794021,0.036093722445579964,0.10530864182944942,0.17639285962630158,0.049535284990116446,0.13166464807588255,0.06618499636717266,0.23288001822654217
0.09787430604912596,0.09948905442078332,0.035882568104731706,0.15005578382229143,0.07887806482228178,0.0967091733366534,0.15797982167820263,0.1259720381761749,0.1571591895897549
0.0933035243222911,0.13228960977605975,0.05992784578931498,0.13810709120277329,0.08894239508271307,0.13765465239038163,0.13210215198658745,0.13994663360657536,0.07772609584330344
0.14401210986618443,0.038641685719219915,0.03619478086506356,0.11168990711173599,0.1532308883330483,0.05350224794940662,0.13652197553483889,0.07384933267513936,0.2523570719453629
0.09842335433474479,0.11768789869042783,0.04280088988729095,0.15887143030681097,0.07474152988425678,0.10125487509100828,0.16304566508277538,0.13224567131294365,0.11092868540974131
0.09900235874903206,0.11243944421576486,0.04373863371931341,0.1503506140466321,0.06431080339957966,0.12459865851962638,0.15178983053676146,0.13232785056142563,0.12144180625186439
0.11983844874931253,0.11501097334858001,0.03988515221927308,0.14613891302435666,0.1217492316891738,0.0616790656060524,0.1634012613237927,0.09502474959120244,0.13727220444825636
0.16242229502927807,0.030049548192825033,0.43299994842521294,0.01025769859850391,0.19260276498815462,0.07083727457183091,0.008578777131940616,0.04297874156859852,0.049272951493655376
0.0911982508056486,0.09646177789116832,0.10459253181612045,0.12763060628373082,0.11347883849508943,0.1298505789450685,0.11161600264201794,0.12865381066717183,0.09651760245398415
0.1360672620170629,0.1089696965310533,0.035971394570128386,0.1262505494871536,0.15398376652012646,0.05287103583706629,0.14927659163174298,0.07953975794177033,0.15706994546389574
0.1197671702814147,0.03014764494661427,0.4215596130144874,0.014589585981620468,0.23531724676564325,0.07176485344359933,0.011894013924949404,0.05013758871465753,0.04482228292701362
0.0906250537091808,0.2101265344922357,0.06340000373956325,0.12390617633124523,0.14327291175314041,0.06882217720960802,0.1195979036441857,0.12988012440028082,0.05036911472056005
0.10406223165084987,0.08227984671952034,0.04642250648859284,0.14964243694160137,0.07672685869914997,0.11101721096106391,0.15290867402912903,0.11956070111596494,0.15737953339412783
0.10481534938432412,0.10497652389184424,0.036460322348675425,0.15372932688273105,0.0835586894995068,0.09251327985040819,0.16330809288073186,0.14744401502055304,0.1131944002412254
0.11574202838717573,0.10821414265874608,0.035081978845304194,0.1512234295847068,0.11079052175711888,0.06090098451527685,0.17097921103037717,0.10493484200760585,0.14213286121368846
0.13985693063998994,0.04675697658249361,0.29756774308274336,0.0273836137395498,0.19830830072786024,0.1503821671810497,0.02171134175507584,0.06369048751421992,0.05434243877701761
0.10492147188786655,0.08513555272206146,0.04084490180902539,0.15582397631066025,0.07556631955938882,0.09440497270026703,0.1645275529992465,0.11797293481425135,0.16080231719723265
0.13062367358860072,0.18536713232523505,0.03917390134201052,0.10447892299280302,0.21487225733084792,0.04728912100274618,0.11433332374258748,0.07972304554952553,0.0841386221256436
0.11140422452582632,0.04671720171695929,0.3226385906304708,0.031587599328294184,0.2178136163347425,0.12305100576031341,0.024556343888701346,0.07174424787904539,0.050487169935646746
0.11766977195610466,0.06375094650846269,0.03554726495058194,0.14631741592619077,0.09655038078914459,0.06660725835833303,0.16783044827983817,0.09919282182741578,0.20653369140392838
0.05192539278806526,0.019516196409648898,0.603262155559542,0.003502529599378752,0.2203128303987335,0.018117065448089102,0.00469421300263611,0.049029778193870256,0.029639838600036245
0.1262460000713742,0.1052791925022068,0.11611312557152013,0.06484629020075207,0.11700894460391192,0.2287667035694121,0.05477202632560929,0.08754861946348996,0.09941909769172351
0.08847130924555165,0.11438776025791046,0.1611265978826983,0.07593829005615715,0.17537408441440297,0.14167970720513204,0.0653596049226376,0.1334650391892703,0.044197606826239515
0.09900847088628789,0.09508116075326738,0.11900208729865869,0.09819323252772161,0.10629924396630275,0.19318904810563098,0.08232558507821502,0.11708006596604525,0.08982110541787043
0.14366657124298352,0.07685467849723102,0.03929990218113344,0.11776610221464494,0.16729564704919234,0.05326238804921568,0.1413208851685673,0.07078250191091877,0.18975132368611303
0.09233954681137886,0.08822145551061959,0.034639094554228804,0.13570929375234345,0.11303309178817252,0.08775171103452957,0.14371775633376419,0.11434190594863412,0.1902461442663289
0.14229773107336063,0.11441084366814326,0.10123578739793238,0.06145355980221163,0.12339966227373517,0.22811687333611286,0.05395700165884195,0.08525692652742613,0.089871614262236
0.11300669730494278,0.05686243592059239,0.27362743191316924,0.042436193704390716,0.18814591478734088,0.15432888964609015,0.032587553032479656,0.08047808776262431,0.058526795928369825
0.11651084265029753,0.11986205458529801,0.0823966268806887,0.09602358011188139,0.07851212184616412,0.21828521197107173,0.08736231909572745,0.11545873249834855,0.08558851036052255
0.10318314014119838,0.07259113101643629,0.0339589637673637,0.15134383398891144,0.08201905443374845,0.07660281978459042,0.16743234967148315,0.11281236254086346,0.20005634465540467
0.1107264226019924,0.13552200530437555,0.036745205395171336,0.0891897302111408,0.2920418865079503,0.05715521043297051,0.09361652297020366,0.07909841218124947,0.10590460439494588
0.10789082146770641,0.12029022209105243,0.04840516971522557,0.13214360707570483,0.08321280176279076,0.14423143623825618,0.13263535863382342,0.14717812243559905,0.08401246057984146
0.09731929259772898,0.12092689967920546,0.05463236074790434,0.13993060265823443,0.07229179596648065,0.14860094512570254,0.13532277520436373,0.13464345346042636,0.09633187455995355
0.14425100207620334,0.1129575092449292,0.10277763258682725,0.057223152919434916,0.13886546572291772,0.22324242983146322,0.049872922080771154,0.0811825146088266,0.08962737092862667
0.14722119066512382,0.06459050337644362,0.036754210628330654,0.11108203211594493,0.17096572642446037,0.05088667720664756,0.13718604986607807,0.0684899128223313,0.21282369689463967
0.10627646438580092,0.06807487855402067,0.03401805010937828,0.15021427774845597,0.0840702685438881,0.07346437742327486,0.16807619530836285,0.10951323659030691,0.20629225133651138
0.10996803451233111,0.08025012896313427,0.031904742191370815,0.15664412138965533,0.08759222763016296,0.06338263014789196,0.17946139251638724,0.11077021811028541,0.1800265045387809
0.018547221950829303,0.010041429856290142,0.6073713723262597,0.0032883917329818483,0.2612036202942129,0.018245480643301618,0.002339962591094055,0.037674635659011496,0.04128788494601902
0.09901564628245202,0.10416926748563922,0.0640477757056726,0.12309112451597941,0.07254664279988034,0.17508272605763273,0.11437522843184521,0.12113866109688988,0.12653292762400858
0.1064105476277527,0.10906886400055261,0.03646861281725144,0.16090342719381331,0.08937819445038214,0.07099197208152415,0.1757446794512033,0.11826389803592607,0.13276980434159427
0.10307030824067569,0.04886750495599477,0.032897987925805554,0.1240504360461876,0.12148945368046517,0.06877833300613656,0.1412086303195673,0.10156667531447844,0.25807067051068894
0.10471167562762725,0.1397382763823014,0.053800020325496974,0.14998673758230816,0.11256299245360264,0.07473354906097908,0.15348619308870806,0.10818792968873685,0.10279262579023958
0.09850720745328391,0.10748170453241064,0.05340735701475006,0.13830615918774472,0.06698230924629466,0.15141980448183953,0.13382662911506768,0.12707150742814685,0.12299732154046195
0.09394392713155238,0.12672608853241937,0.05692456101177984,0.14712336205229726,0.08460223056990868,0.12349269168070566,0.14254980851850066,0.13447902768016012,0.09015830282267612
0.1296241589264163,0.08074006414276706,0.043221123169865344,0.13732984858193242,0.134857684058338,0.06264857723094769,0.1555057325208006,0.08525626677740784,0.1708165445915247
0.048127559482859454,0.013186253166929493,0.6309099976659439,0.0032258383873190848,0.20190014239035114,0.017244310804679863,0.003413198297382269,0.03955832932473283,0.04243437047980203
0.13775211098222379,0.091598759996118,0.036988779863933716,0.1258791692720993,0.1508703700780971,0.05379823360603584,0.1503079904523583,0.07762432390705822,0.17518026184207577
0.1026208325799076,0.10366939710219471,0.08636583157964496,0.10166650032864277,0.08231459247299149,0.2040562449844795,0.0891047922625658,0.11175454287405973,0.11844726581551346
0.09934902531517681,0.08877256214819025,0.06543593193618769,0.14143351386585437,0.09170867660220487,0.1306334968817014,0.13468176845917493,0.12422101597521283,0.12376400881629689
0.128593974927378,0.14272954934111057,0.043649270289475774,0.12919073373340614,0.15552244129461104,0.055602514706887214,0.1442895273034123,0.08064865542208784,0.11977333298163112
0.2552942828223423,0.03819219334489702,0.2559842103506557,0.005154884377654447,0.2953266908749092,0.08033213073545294,0.0039059001651034105,0.026253920306379307,0.039555787022605676
0.13770319952704532,0.08065289803378665,0.04124001871235156,0.12652210873385944,0.15407473218615433,0.05674177476501121,0.147904883086634,0.07627377582545053,0.178886609129707
