0.11413244348889569,0.14745650805235758,0.14590723807350073,0.05862864074619911,0.06623388260065506,0.09112935688285018,0.128008946994099,0.13328830509992565,0.11521467806151704
0.13642566211410181,0.10580588479716334,0.12653383692103579,0.12550024978276697,0.12478548040388708,0.11159316003635478,0.08699075052835283,0.07028593235557963,0.11207904306075774
0.1147604268941224,0.1358348625412666,0.15078124417712802,0.06914219850131115,0.06860528668273409,0.09382462327851697,0.10124713252892108,0.14558278754876566,0.12022143784723409
0.09698017450526762,0.11263186919095032,0.15243782292833574,0.07478625165669721,0.05900467359972592,0.10277663021590282,0.06170220738959662,0.21539217754659512,0.12428819296692861
0.07875998728193313,0.11208391234324905,0.15013421285211284,0.0538381473843951,0.042176868504906644,0.0881006495789735,0.06655690553992269,0.284580378841512,0.12376893767299503
0.053338330102507124,0.10037168638728451,0.15452921736497707,0.043330717753968136,0.029913141330283166,0.07978475563024219,0.07410888093317951,0.3394064664360215,0.1252168040615367
0.04368731326658013,0.09936114617954957,0.14738291834320613,0.027124411094975848,0.02125734410593716,0.050789236292623,0.1080833750914409,0.3713477600636291,0.13096649556205817
0.13222206455511906,0.10089744563716278,0.11655043087253047,0.14634928537853384,0.13625315887294834,0.1270952538630141,0.04506144060960629,0.08251227613922811,0.1130586440718571
0.13239900833760898,0.12063675663708583,0.1333655796447267,0.1068173566775563,0.11246049885745173,0.14430933917427735,0.05125225428993693,0.09267882973605313,0.10608037664530302
0.12506531929116757,0.11625742771976993,0.09491578423507292,0.16286487420847165,0.18520315307616256,0.10647933154708751,0.06520894856492215,0.04076482896216241,0.10324033239518328
0.13369177602743298,0.10336001172707582,0.09967601104988623,0.16293444523918332,0.16627484983085017,0.1138140618653647,0.05245893789903511,0.05770444580408315,0.11008546055708852
0.12486654030261128,0.10681460620078854,0.08494852751574616,0.1572402876499279,0.15687847685276748,0.11653996454093878,0.07109906277365817,0.06819892608111786,0.11341360808244379
0.045154271845783155,0.09869058668916515,0.15406929682745782,0.03372407104596017,0.024314756660996622,0.06528112858830541,0.09193916725036612,0.35864891047304304,0.1281778106189226
0.12958767253207162,0.0998847483883975,0.10266415371219378,0.16032681287072495,0.15995545768284145,0.11369417162146223,0.07151130843228132,0.052082504811002066,0.1102931699490252
0.13043122915138683,0.09851302173595446,0.11610741564834348,0.1365854351550716,0.1442805476610078,0.12313122239740576,0.09200677328091639,0.051746077049839606,0.10719827792007423
0.03556038742383764,0.09642938830996983,0.1532914107062082,0.02413423499103329,0.019332455567549728,0.0470098700674998,0.16907082260317166,0.32177923522896573,0.13339219510176414
0.11780308040134502,0.121122333907025,0.13108848357271452,0.09279189936857785,0.09067475242980431,0.16308898068283903,0.04048179536511892,0.13806078497315746,0.10488788929941793
0.09430167508106342,0.12011053703394087,0.15888287752794203,0.06692183658092991,0.05384981390450579,0.07870830690196957,0.10925668461355675,0.18718617073321142,0.13078209762288018
0.039124863407064836,0.09438991606263897,0.15016010219702186,0.027228129747472744,0.020649129688630818,0.05591488702094998,0.10218911146996161,0.3810856208173428,0.1292582395889163
0.12429163148623841,0.09990655757900606,0.11005634641076863,0.14986914277888405,0.1651307946490771,0.12276306283537859,0.0803493631670857,0.042319313878266374,0.1053137872152951
0.05203187812079944,0.09798332263691917,0.10892180568809606,0.028883069326610764,0.02650687750295594,0.12264140564692583,0.041588183401312394,0.42321116595684627,0.09823229171953408
0.02065586831184681,0.1426894562430456,0.11639510787656594,0.008542346993116429,0.01100777267605292,0.04071268705735915,0.07390000628758348,0.4289558183112041,0.1571409362432256
0.12735146088395646,0.11513606038817374,0.09344893899656782,0.16328457323645448,0.1824375308230778,0.10669274097345167,0.06199083530571522,0.04458356896005422,0.10507429043254858
0.11450135380347311,0.11690949364725216,0.12848392594231936,0.09410757628727974,0.08943262817354125,0.16960428483380396,0.03740091133592494,0.14566479431461613,0.10389503166178936
0.061241902253909554,0.10167303011769897,0.15147428379621006,0.04439030393443538,0.032131319837623386,0.076382309043014,0.07183789986164325,0.3352966896712067,0.12557226148425868
0.1313274699716813,0.1083928995930511,0.13511229555000795,0.1202061292462777,0.10788795631246788,0.10726275833513399,0.07274332596946045,0.09779311664470258,0.1192740483772171
0.12787458351850964,0.12094345384185208,0.1400483546661124,0.09965806878023288,0.09754511632424491,0.13151320589249313,0.05546170926470859,0.11486445515759298,0.11209105255425343
0.11128394938607444,0.10645009773560694,0.13122871857129162,0.10037472481730016,0.08711588900737795,0.1588871353309695,0.03768675194064843,0.15815325035174296,0.10881948285898801
0.11465650231974985,0.15024084426246617,0.13061999070538907,0.06417568997542633,0.07594039248557193,0.16139449346995127,0.05270995654996686,0.14867561001422894,0.10158652021724952
0.12742483519001593,0.12836960290968316,0.13491935912097722,0.09245581777706836,0.09903242250959277,0.15121760728088374,0.050294164693342525,0.11084483925056454,0.10544135126787176
0.13174534338289592,0.1066556384795369,0.10239588484604388,0.16202867293572046,0.17384053118910656,0.11405745623382263,0.05706425323002765,0.04720595024716171,0.10500626945568431
0.13375339156477242,0.10792257274487609,0.10640027628663762,0.15646413149938107,0.16801929728952367,0.12338505607764601,0.04948535877254997,0.0516457163489484,0.10292419941566477
0.1343257829651621,0.11274182227482628,0.13694970713564147,0.11422835945581046,0.10987890979647796,0.11181909324860824,0.07413780938766347,0.09058426530145303,0.11533425043435697
0.12144080362520433,0.09378245290077192,0.0917491078801936,0.13100822997723402,0.11627134430074111,0.12235354616682348,0.13509594977912215,0.07871427994143432,0.10958428542847515
0.13030233597616714,0.10124813974221702,0.10709779492590393,0.15741243167277855,0.1637699345768667,0.1155710293398321,0.06882625434592687,0.04814558829630002,0.10762649112400759
0.13431757226781973,0.10153694597086373,0.12019637013796693,0.13965120650046844,0.12753827558013872,0.10890359668602279,0.07295503811855968,0.0781903822966879,0.11671061244147206
0.13558276724804555,0.12170286454121997,0.13900690774810753,0.09558622882870088,0.10473042803475568,0.11221729255170969,0.09592707649466022,0.08441653053252311,0.1108299040202775
0.12602544303709595,0.10649758465899185,0.10399139468706342,0.15876653015082964,0.17773166694366402,0.11488753475320661,0.06808958411898836,0.04049409769507132,0.10351616395508884
0.10583239463202225,0.12286167266377225,0.15235888964032543,0.07249937425810514,0.06362494697465215,0.0778999847687632,0.13479964547569775,0.14390286273186467,0.1262202288547972
0.12830927345783488,0.12710724100458612,0.11197447690997454,0.11390207109080815,0.14062131141613154,0.1862096269327789,0.037812825749643376,0.0645326559291315,0.08953051750911101
0.13276798348788907,0.10294714183487762,0.11999565895860091,0.12627344537919125,0.11748865350575315,0.10460040671845572,0.10341304085542496,0.07734828088822088,0.11516538837158648
0.13199359616701534,0.0988657495378981,0.11445998649099966,0.14325602802372053,0.14616899819275284,0.11859995799415907,0.08364389721910591,0.05406918575306566,0.10894260062128297
0.08937730312221144,0.11335077984442153,0.15690734438830164,0.06708212799228057,0.051422255828668634,0.08960699510144227,0.0739047122214217,0.229967975084691,0.1283805064165612
0.09590910120586578,0.1269983609921543,0.15578044064375093,0.06098180588048744,0.05306841100595725,0.07243724973966324,0.13636434843562617,0.1707895693212441,0.12767071277525074
0.08009493285724813,0.12673832457712553,0.15415341278729958,0.04792561723156313,0.04040542643740529,0.07126138489197999,0.10289160773935653,0.24828547230210862,0.12824382117591324
0.12432282320512023,0.09612044503807256,0.1136426257533027,0.13302191949704056,0.1444027835483788,0.13215055593227584,0.10294245824556691,0.04804975095571382,0.10534663782452862
0.09069076961051338,0.11424749603848237,0.14626034129846513,0.06433712923248745,0.052617425764458124,0.1083933054023788,0.05585834193107414,0.24854487788521248,0.11905031283692798
0.11901412475480462,0.09972647244069688,0.12167162802651371,0.12772314336219273,0.1095232821752584,0.11680189505970527,0.05994108135852155,0.118628935515026,0.12696943730728083
0.13221061275797072,0.1131072313051405,0.1270535683963749,0.1225464685741199,0.12317972440354895,0.14531527457823815,0.045000816918115166,0.08586713459605118,0.10571916847044056
0.124973585390664,0.11149512305284981,0.13699863174305912,0.10495426782597554,0.09310246060647247,0.09388954623051426,0.10729377692840701,0.10530834487973105,0.1219842633423267
0.11909748061177655,0.11465915166117548,0.14525195374461425,0.09781091345904243,0.08512546137386136,0.11898169296469163,0.056348752221404556,0.14367710353703145,0.11904749042640217
0.07312554113699331,0.11517962358934482,0.1563328910743087,0.048395621842565385,0.037490014440674485,0.07167200299016524,0.09238031523042012,0.2754908383099208,0.1299331513856071
0.036359353886645664,0.0909524200973401,0.10215696466357437,0.019787779246192936,0.018016377890020148,0.10213090059354311,0.04467533430833535,0.4815807791632018,0.1043400901511466
0.11646675516377153,0.10568843797054166,0.1392380779104326,0.10814102722444242,0.09012451535418516,0.1300072198482434,0.04658870308067995,0.1458602148106668,0.11788504863703647
0.04506066592524871,0.08848218770800674,0.1203182977580799,0.027230187471239783,0.022147370316527294,0.08552062736209315,0.051171652231168395,0.4502904409142133,0.10977857031342275
0.13582955442514963,0.10289804501197648,0.12190180424860243,0.1352326762797366,0.14027530838337052,0.11850221417456624,0.07802889607617398,0.05863588414234305,0.10869561725808102
0.13347338443262763,0.10764342766608348,0.11167744769128139,0.1501454154713037,0.16565544855307543,0.12581611305902127,0.05454801543788248,0.04912178472117473,0.10191896296754993
0.013159770498301205,0.10900502321838694,0.0961495366287874,0.010443793438421093,0.011486686443371008,0.019203442245114884,0.6124191030066382,0.0499642512674884,0.07816839325349105
0.0827623258571039,0.12140691043376124,0.15881377689696327,0.05440235965782866,0.04361251919473211,0.07189699531543406,0.11037343823474584,0.22585902109991998,0.1308726533095109
0.13486480189877295,0.10432701593408196,0.11678760701244344,0.14686173305728556,0.14383061380154413,0.12698465885519053,0.047754619014948464,0.06983184863440584,0.10875710179132714
0.1190166411127996,0.11036784233069763,0.14498887852279205,0.10472420555133405,0.08675841240505344,0.10052026683820729,0.07635697911493546,0.13126990845688763,0.12599686566729282
0.1185698981037779,0.0981994502746847,0.11469443768699823,0.1384890881390313,0.16392254578402302,0.13372286509810755,0.0908820878713379,0.03877091475003457,0.10274871229200479
0.13204675020164897,0.10324657360059819,0.09240058538901774,0.1595505400444385,0.16426716320319465,0.11396938367371424,0.054825137257287444,0.06564233168194315,0.11405153494815712
0.13233105083695382,0.09951769671460049,0.11329861925268066,0.14962945199700925,0.13925183059874813,0.12298704552076671,0.0467323999467589,0.08143260654103364,0.1148192985914485
0.08632187925722441,0.11576115431115226,0.14425171663662395,0.060598587901128424,0.05193169755989657,0.06527472162526778,0.21872395827576532,0.13319513508099043,0.12394114935195079
0.13329015388580648,0.12464337596761386,0.09557200193052597,0.13445161193249766,0.19437188148295217,0.1268614392546558,0.04128317992036115,0.05079228602380212,0.09873406960178471
0.12067736377901693,0.1171800817937867,0.13455491168016662,0.09935499775763529,0.09372690793758333,0.15049837875590455,0.04325381711276969,0.13206514200526456,0.10868839917787243
0.12661512145839696,0.1108909557155862,0.09058127669870432,0.16292574087448972,0.17171417954588844,0.109729377400085,0.06570114674595993,0.05230697452834473,0.10953522703254469
0.1346057911024351,0.10349862825997556,0.10728076987280238,0.1568999693856424,0.15791038797789803,0.12259118466104986,0.04688455480974435,0.0621954661394406,0.1081332477910118
0.11854758210532505,0.11564912967778788,0.09081224275925236,0.15992360751746104,0.16919138724814564,0.1129298848420594,0.07739832564796024,0.04780730751627,0.10774053268573837
0.06632831971390868,0.11552249812036192,0.15670012907565226,0.04462068860668298,0.03495863530239859,0.05700359564120087,0.1972238214323788,0.19706261101795555,0.13057970108946035
0.13674415007894014,0.11450518171832648,0.12913780906366812,0.109864416768224,0.14064376277659027,0.14417591564013923,0.07090794833657066,0.05482911909182195,0.09919169652571928
0.1271871678657119,0.1017412858946221,0.11163892439111978,0.11891421192745712,0.10830885424392277,0.10101887887127699,0.13416788058424955,0.08246623811596761,0.11455655810567222
0.12251396476108418,0.13201238687548392,0.0904584289870884,0.14851988783059897,0.17526091820516454,0.10844637963188457,0.06755652369572604,0.05088868668592997,0.10434282332703941
0.12479520051471497,0.09903901994647803,0.11571201834246046,0.14005984261260074,0.16109305721281644,0.12900508683021827,0.08477276664516424,0.04189277393871587,0.10363023395683091
0.1302164783874361,0.10259060959362332,0.1221811082233351,0.13079994999509834,0.11464768312508182,0.10373548235213792,0.08360769323920364,0.09150707278775598,0.12071392229632776
0.07911948060225565,0.11018904547789517,0.13662346480254497,0.05262512125979409,0.04381588328539376,0.11270357274699627,0.05013721259298548,0.30198351497254744,0.11280270425958712
0.13557339148824576,0.11716450009742707,0.12468895633487881,0.11763912152505018,0.14169602559978825,0.15104122880607834,0.05369274522315348,0.060207105587760566,0.09829692533761754
0.11036933319683224,0.11967952900016643,0.1535900462558257,0.08208276423471615,0.06947991272778511,0.0974191871859225,0.0770667673126379,0.16495914847757362,0.12535331160854035
0.04064699632792821,0.09745665231503275,0.1497999580004618,0.026079887487475337,0.020374438401104537,0.048891695708396826,0.12385729001926245,0.3606679246270564,0.13222515711328167
0.13345794922176138,0.11778900684529015,0.0940825310479504,0.1479750323997789,0.1884169871334761,0.12082650721177246,0.04350200856472063,0.05187005966372912,0.10207991791152075
0.13556158498741666,0.12048658703535813,0.13897453834808074,0.09808737639614146,0.10543836029132697,0.1120090532821043,0.09277743596886445,0.08515937404062766,0.11150568965007951
0.13008780671619158,0.1010272416327821,0.11581709284029,0.14393709524832687,0.15997621558824973,0.1237616801771347,0.07518043349406134,0.04555724945156061,0.10465518485140309
0.03783617414052088,0.08395390276130248,0.1302002505508623,0.024679918951792525,0.018872691678402043,0.06430737670588767,0.06360446814321903,0.458097495030578,0.11844772203743503
0.121513268946697,0.13142844444060087,0.1252237505973777,0.08888918363535812,0.09842306786530174,0.18015299102579382,0.03960792319927612,0.11659795376564684,0.09816341652394789
0.12511951221350417,0.09879478228764012,0.11949156300977286,0.13061188271113988,0.15601218428348476,0.1347403580023541,0.09084464647443403,0.042132223120089,0.10225284789758117
0.11410615951825322,0.09239155059813105,0.08443488021715835,0.14042266109066667,0.12275554171782917,0.13949764847067783,0.11866043587659103,0.07885252153389243,0.10887860097680017
0.10883246235560884,0.12067508388778692,0.14096933840386905,0.07979501805311537,0.07211349670002583,0.1348336786980114,0.04880481759365188,0.18095070021201776,0.11302540409591295
0.12812926829398644,0.11063227998903742,0.08932077999199545,0.16095476090133976,0.17052756377982728,0.11063481571554751,0.06262707387693926,0.056542125784853264,0.11063133166647358
0.10735767471635572,0.13400305475986732,0.1385538676859545,0.0678107705761823,0.06715681042673648,0.13674610255242794,0.052854056851861654,0.18528680200597766,0.11023086042463638
0.12093896355874145,0.10101061359874876,0.12989647908924903,0.12580365314869765,0.10471196373097107,0.11408057518831778,0.05792802707903224,0.12046515237892257,0.12516457222731942
0.12674293115753774,0.13661403862976726,0.09172126632921274,0.13607731213244698,0.1783114821670778,0.1123924964447232,0.059234760339805674,0.055668241322818245,0.10323747147661033
0.10213922479707536,0.11863611238337317,0.1569652655455924,0.07574218512070013,0.06145873931172715,0.08769737577389758,0.09008235624938521,0.17821111559865696,0.129067625219592
0.12445735716935614,0.11315544960781097,0.0915020380506316,0.16294587644717162,0.17424075846271828,0.10906031814645678,0.06855330343800338,0.04813845574720029,0.10794644293065088
0.09361047711995059,0.12645611527869935,0.14489193405993403,0.05893054181668389,0.05246139673132921,0.10727545057232064,0.06140662736493132,0.23705894821703022,0.11790850883912067
0.05540037619770851,0.11381661476704696,0.0707588614903006,0.02780524627204561,0.03756791642979603,0.2462181601495391,0.02115543482853087,0.36524627441780516,0.062031115447227225
0.11172889203363967,0.11866200561919511,0.12934953111868597,0.08816203920893978,0.0838076689028503,0.16814749417709626,0.03811666394879697,0.1579699079043835,0.1040557970864125
0.10131498413688489,0.10089945275984924,0.14211378366974417,0.09453389887519115,0.07302247920116108,0.12940190458268472,0.0455868157618802,0.1937694108371489,0.11935727017545557
0.02165552858615728,0.08667250289147115,0.13160090643403086,0.016541012561228467,0.014782826752239802,0.0329839854716969,0.4620029647388273,0.12629869016968315,0.10746158239466508
0.11766491977226819,0.10690467117626394,0.11717320801386177,0.09710182838324168,0.08926405273737074,0.0876219547670755,0.17656280728844406,0.09235647999040776,0.1153500778710664
0.13309357231905433,0.10635249295794776,0.09853272301662373,0.163591514665711,0.17280736403099353,0.11321365613315078,0.052450562823258946,0.05255725693204085,0.10740085712121905
0.12028651803875019,0.13977593310773836,0.11577245180694835,0.08477869768283132,0.10469772654783843,0.20487196588298887,0.035430375698978604,0.10422710891057257,0.09015922232335333
0.1256917577923903,0.11199091432661644,0.14210663380043023,0.10909111246184772,0.09613250006267599,0.1148463295997022,0.060413478887487514,0.12035868752655494,0.11936858554229461
0.10847021507046177,0.11437705161803341,0.08902139180207791,0.1518746160087283,0.15248412271378747,0.12876594726010102,0.09318163669984413,0.05377276877230997,0.10805225005465598
0.13609902972240914,0.1196514687404801,0.12760230679311121,0.11106975140336604,0.1340651436345431,0.15159208825891338,0.0554436621439913,0.06524652857767392,0.09923002072551167
0.03786033908016693,0.11947723215345461,0.0892231777653301,0.016214296997351687,0.01927950944899233,0.14834463108752005,0.036254624677393904,0.4425301499406024,0.090816038849188
0.13422149363878477,0.1006780158792397,0.1169297899077595,0.14355973720066367,0.1467159905759963,0.11756532260051433,0.07564542552377257,0.05569968726817165,0.10898453740509745
0.1341831557069464,0.10308440487363164,0.12357014647848315,0.12623849425037995,0.14177861333524297,0.12557110178572675,0.0878399220653781,0.05255470473605456,0.10517945676815653
0.1063036802594763,0.09474257511794713,0.09596969625770757,0.13985462961923842,0.13768136201903755,0.15031195526545993,0.11428780740625165,0.054136456469132926,0.1067118375857486
0.12895240705675268,0.10070933157559353,0.11873345226415162,0.13683205506237126,0.15832252707348768,0.12865037428487355,0.08047963472119678,0.044080064785990296,0.10324015317558259
0.1325529834746897,0.11596946163571253,0.13506486857522146,0.11260197300707504,0.11182056019535397,0.1332144821781851,0.05360219539960707,0.09513123967842864,0.11004223585572655
0.06449166377383718,0.1007505411728596,0.12804825838327713,0.040824403564252584,0.03378938382344612,0.1068215729167593,0.04803812165576712,0.36860335955674045,0.10863269515306055
0.07955257991871434,0.11387247239192806,0.14961981187926743,0.05329591592791222,0.04237693991093375,0.08819737095327589,0.06707004859194386,0.2825441277902006,0.1234707326358238
0.13202406153617469,0.12794516388652555,0.12733773178772392,0.09961238543366517,0.11834551974944875,0.1661725549369016,0.04761214974040731,0.08268149616486524,0.09826893676428781
0.1182262046009882,0.11137159311251305,0.14145569644050368,0.10177206276459756,0.08795040315747187,0.12884606735778723,0.04919222719663602,0.1445059503172382,0.11667979505226418
0.12470202284512029,0.10267106387426435,0.11856817980614831,0.12508444319382733,0.10757927252251838,0.10170109338528506,0.09571782481232168,0.10051279998257695,0.12346329957793771
0.09584048311338401,0.12308651438694625,0.15807455515715504,0.06507661460766319,0.05388773393128481,0.07914572796978063,0.10669555653001091,0.1887763027760492,0.12941651152772596
0.12844439224307955,0.13494171217123577,0.11960621610888951,0.09356949706405238,0.12030539890942932,0.1898762771286077,0.041427434408550984,0.08029700455866666,0.09153206740748804
0.13302717984072723,0.10291718782738117,0.10183494687665388,0.1630691522474559,0.16563143287625517,0.1126499547737953,0.05738330609286859,0.05411638349611436,0.10937045596874832
0.1276725484644262,0.10835921437420785,0.09804129986671757,0.1641843718603699,0.1776126480941185,0.11002786020112809,0.06431470548761102,0.04403556679631842,0.10575178485510243
0.13246105331849156,0.11045731918854118,0.11349810346953815,0.14307701724173472,0.1673744767160086,0.13350362878005834,0.05463552657648276,0.04653306207585455,0.09845981263329008
0.1329453071779053,0.10548035841267327,0.10351891528712028,0.16148357970917088,0.17013950803853142,0.11515366761596646,0.05518878975337807,0.05011090986102457,0.10597896414422979
0.11248388044577055,0.11048579581284716,0.1480590971696801,0.09616642742390114,0.07838786547415223,0.11202665683081553,0.05816369532215245,0.16106504898031548,0.12316153254036526
0.13623914224353423,0.1125542894598911,0.12555771274771912,0.12657636156346044,0.1374780644592695,0.13826663477730486,0.053193420241911,0.06656767510430617,0.1035666994026035
0.06684030299256606,0.09129138159076022,0.11677658130159374,0.047418994775065865,0.03946729399211637,0.15013648077354788,0.036309233651885243,0.35478010050693926,0.09697963041552533
0.12442762650574239,0.0953436627495033,0.09928207268566187,0.1507010938528309,0.14239157457549426,0.12200615756721424,0.09507213575107343,0.05953466118300229,0.11124101512947727
0.12765969379806383,0.1586936257577347,0.12066611610034017,0.0627228140919182,0.10243445381458771,0.1938907745454804,0.05912416142095767,0.08638759619083862,0.08842076428007863
0.1294193652088889,0.09846408162159509,0.1130258917378102,0.14537779666472153,0.15263059359781764,0.12137290891441778,0.08297523269273431,0.04925526982037576,0.10747885974163866
0.0513162196905523,0.10295446599309109,0.14153916964571467,0.030660488369106398,0.024450050082257577,0.061151218774069066,0.07898450798002117,0.38351203568982245,0.1254318437753653
0.1330182076064131,0.10632705102982205,0.09806127612194027,0.1637187266568136,0.17285769426681874,0.11285665873762936,0.05267916974081701,0.05278998851458816,0.10769122732515773
0.05327039048401674,0.11024706765942188,0.09878590099649247,0.026503760444510815,0.02787058916539695,0.15139586886921372,0.03649313221552342,0.40586910522028674,0.08956418494513735
0.10058955292333072,0.12312409220465259,0.08723239148753033,0.1403277023150108,0.13998977970349055,0.14115745641239316,0.10161505362442895,0.06067587911515739,0.10528809221400547
0.1370574979754203,0.10522902877112782,0.12507108037465198,0.13286278266273563,0.1350519369120932,0.11774503881344765,0.07212258048427875,0.06491982050748972,0.10994023349875491
0.13469023006190992,0.10114870629801109,0.10804247811150851,0.1581188016412111,0.15504950898280845,0.1148886661771904,0.056046171421982316,0.06096278337415482,0.11105265393122338
0.13262676340142465,0.1343204321465484,0.09837350386411003,0.12506438328572125,0.20067441667840394,0.12632088698832913,0.04143988622260896,0.046981805032474976,0.0941979223803787
0.03507723795840315,0.06866014006594671,0.09111540219984327,0.022931114694994172,0.019555208686460813,0.1546752098287115,0.0337114885710177,0.4884347523822008,0.0858394456124219
0.1316702085241905,0.09979164127597191,0.11384492357008306,0.14009561843623966,0.12465283485987423,0.10643766911515225,0.08203339857467368,0.08268169008882446,0.11879201555499024
0.13210077160104738,0.0985089759613304,0.11245956600106,0.1372007767506624,0.13124072280443735,0.1132427596932787,0.09852021167343601,0.06484592431982664,0.11188029119492106
0.1238951408077627,0.11531382937812358,0.0878154176807347,0.15821163815421335,0.16777149071247985,0.11215294221397233,0.06899739944265515,0.056183422217388534,0.10965871939266984
0.13044188050706432,0.10964515127434475,0.13101183868698088,0.1227675103693301,0.11516795918979705,0.1348297170348798,0.04712718254361536,0.09785345603638025,0.11115530435760755
0.13126058900383367,0.09822898251646879,0.10646521567706065,0.1550940931611226,0.15103081423777523,0.11417085796038028,0.07569268188876434,0.05659256803950824,0.11146419751508614
0.062103820232353446,0.10994902434919585,0.10797305885969961,0.043303856622953,0.04562745866549401,0.07310527958836248,0.3574047354357761,0.08612117677143538,0.11441158947473011
0.13156750772049539,0.1181121136404008,0.09078577140208793,0.15029414112561876,0.18204817560402173,0.11331774562730217,0.05156716528168507,0.05535818261486822,0.10694919698351983
0.11239384450319595,0.1133072433255351,0.09180434447193532,0.15659938624262668,0.16247238707156955,0.1207207393866848,0.08744507442820597,0.047443679219712785,0.10781330135053395
0.0858619089575085,0.10634101637084442,0.1495865955681546,0.06717847546259291,0.05080954784279631,0.10369368491839305,0.05634044996618496,0.25810987823384896,0.12207844267967631
0.11090171996812502,0.13293599055595356,0.08941507926351061,0.1456409350200344,0.15726503092386213,0.11991384788140164,0.08513585022905486,0.05402701047326746,0.10476453568479026
0.12386442277944677,0.09697002391299299,0.10095032086230178,0.15442170297932808,0.1514381712150541,0.12122220515793299,0.08793662261216191,0.052913722348670346,0.11028280813211096
0.12480309239071945,0.10547747917081786,0.12796119127157202,0.09495423564931875,0.15128995032903467,0.16402630945477817,0.10090406011889676,0.03842720029240209,0.09215648132246022
0.1165034135097268,0.09550957632342043,0.11164917361814164,0.13620370545026247,0.15267020387096877,0.1385175378787391,0.10193469250923816,0.042673922657041785,0.10433777418246092
0.12957564680657777,0.09828047794965872,0.10950894654356984,0.14550709466090173,0.13026379450969572,0.11189671549012414,0.06303436406691511,0.09035829196715789,0.12157466800539914
0.11653765029534036,0.13205667148114972,0.12767252723096104,0.08180896509698692,0.08741763173723138,0.17444190874824284,0.04062164596966672,0.13898943147920603,0.10045356796121496
0.13553012763235225,0.12436604801507313,0.13540713835539428,0.08454053838323754,0.1045335197087038,0.11363907529285994,0.12235411894335624,0.07414914618449055,0.10548028748453235
0.11060804758353393,0.09357217718107406,0.1129005573429897,0.1228472081526046,0.14455527088812167,0.15450323039397254,0.11746108720614401,0.04212425267253578,0.10142816857902369
0.10905133573643595,0.10535190829134683,0.13122233687128151,0.09831824053944914,0.08438115367789017,0.15948383029060284,0.037386796421626234,0.16600650282538712,0.10879789534598022
0.13424115658777278,0.10098254703001402,0.1186818674603007,0.13240670594362677,0.13160155918014793,0.11397791955042623,0.0944756796727738,0.06292098068220735,0.11071158389273046
0.1345236811320897,0.10614860227774324,0.1295121097384996,0.1306533935991622,0.12126829429290074,0.11513749267163731,0.06219971311492622,0.08523192984510176,0.11532478332793922
0.1298316156425965,0.0980191434504195,0.09632246916160862,0.15925821444630864,0.14903209820195515,0.11242055545231316,0.07359553780549863,0.06646503258533341,0.1150553332539664
0.11867236347569282,0.10822274031648764,0.08755779869665348,0.15888848813672604,0.15660829235368026,0.11965097840264453,0.08117337905263534,0.05835445651943844,0.11087150304604138
0.13255973712142505,0.12190413311776616,0.09412342414857368,0.15041668755006996,0.19208223115306589,0.114914918628042,0.046411407060734426,0.04749347424783689,0.10009398697248602
0.10520473108532719,0.1397568036789842,0.1195449710558502,0.06624816928678334,0.07410768655748,0.18965134259997743,0.03711372903594173,0.1733941062385486,0.09497846046110724
0.11026744047634503,0.15857965428907286,0.1365014685085558,0.05480453900949058,0.06507625507199147,0.13264066779719916,0.07272348152563708,0.16203408456304438,0.1073724087586636
0.10112741978996646,0.11856458968002342,0.14111784096036073,0.07260126607126972,0.063606981267732,0.12963612861645749,0.04907167633984685,0.21053891872249864,0.11373517855184477
0.13186585884947463,0.0983054800781884,0.11163182572213727,0.14738691896466438,0.14625367912196782,0.1163945738801182,0.08183699014531076,0.05602475860965256,0.11029991462848591
0.10186032837490218,0.12139415922648489,0.13854947878062138,0.07131074429948746,0.06447956972364378,0.1361376415781421,0.047558760906666005,0.20731622887226012,0.1113930882377921
0.13222103641226923,0.11427300642581284,0.13085485482962914,0.11785338335732976,0.11747009679853522,0.14062024050001634,0.0480662650808632,0.09096055020307292,0.10768056639247132
0.11740634325087614,0.11712179968983787,0.1466417854165728,0.09260107601861538,0.08118447938058691,0.11754771990929337,0.05806169879178615,0.15027401636186796,0.1191610811805635
0.13025387251726697,0.11113004579369308,0.13755015529356981,0.11629356772393203,0.10640363475385768,0.11990965823950828,0.057650684541417946,0.10469087861313563,0.11611750252361863
0.0735921389219751,0.1131239543579479,0.15785201174811578,0.05088008405826147,0.03851325979772862,0.07361527424518576,0.09059609039107418,0.27126688968023277,0.1305602967994784
0.13582776021836365,0.11263518704208302,0.12303891979526617,0.12781339117756466,0.14598010267449404,0.14119832894269557,0.05410700736708535,0.05867721773848533,0.10072208504396234
0.08279589215981471,0.1119198905529633,0.12804436119070356,0.054621317408852364,0.05177083878129637,0.05792977168262814,0.2936377451778306,0.10694714149813696,0.11233304154777403
0.12765616951583064,0.10919569998388447,0.0978265633701398,0.16413138488434695,0.1788764612633386,0.10973729020643908,0.06374516022519057,0.04355565933099684,0.10527561121983305
0.10701641483718793,0.10718256569968092,0.09611765549953137,0.15129202012829093,0.15862960751961508,0.13060592362744725,0.09752568270936174,0.044509823269786634,0.10712030670909815
0.13031638556477504,0.15499949936291121,0.11938215711369506,0.06251142979330783,0.1127729369328926,0.19835870016714896,0.06508468868808794,0.07118410040267717,0.0853901019745041
0.12611885116512075,0.10998031757718041,0.13241699603300902,0.10702927314869831,0.09617985486569296,0.093819720158158,0.11548588783175458,0.09860721401337813,0.12036188520700769
0.12128412779098623,0.10547712799919591,0.12795555296441105,0.09480450162854438,0.16259009536624955,0.17207512795595425,0.09170753760508159,0.03469583946789965,0.08941008922167736
0.0727628763114378,0.11317840186866679,0.1587778070542732,0.05052799419215626,0.0380766465955355,0.0721445805369887,0.09531889668525699,0.26785708851194623,0.13135570824373843
0.13233759976698692,0.1087666466054903,0.09725176312843815,0.16372294187609432,0.17718791698945777,0.11205420176196362,0.05310872232704853,0.04964570519771161,0.10592450234680878
0.12255706555813645,0.12617011411187382,0.11945298777880399,0.0571572673310547,0.14353703716076194,0.20905602480091443,0.10854911846652489,0.03638642530367449,0.07713395948825534
0.07057400212581691,0.11105851491289927,0.16286053726431748,0.05415444808187702,0.03896667639087016,0.07442070518071216,0.10445654944070626,0.249297775328047,0.13421079127475366
0.037995786842676765,0.09840722673509539,0.10865527387437039,0.019875114842603177,0.01817469056140272,0.08500469372255297,0.050471617050109274,0.47034453983413343,0.11107105653705596
0.09646861253966947,0.1171119414493625,0.12111027210021336,0.07059098850045799,0.06726607987821125,0.1814218910876482,0.03432983031894123,0.2135541060620352,0.09814627806346081
0.13381690914401026,0.1029280477800281,0.10473306744369654,0.16108314499449555,0.16363954474354445,0.1145645254685913,0.05579217964520928,0.054752683083243193,0.10868989769718136
0.029833539669525292,0.11326739795155134,0.08409915297165949,0.01298082014905183,0.016060927846074654,0.15672889715918858,0.033899691677804746,0.46147127468706356,0.09165829788808044
0.12879626842093564,0.09825977498447525,0.10033739496104122,0.15925003898953236,0.15364965220714377,0.11427056201349163,0.07659227796970332,0.05674951993913283,0.11209451051454396
0.11103236187124303,0.130552829782808,0.14504953188287867,0.07292160643862688,0.06941512487566497,0.12159798980664167,0.060254149796686994,0.17373286096838622,0.11544354457706346
0.04517915462422511,0.12791348424825374,0.09038105792280686,0.018464344752236222,0.02300594975570602,0.15828598497053495,0.03572938551995012,0.41439753177172234,0.08664310643456463
0.13705253881683646,0.10900678394606851,0.13074230357534808,0.1240466867666089,0.12395789297438191,0.11643638071857713,0.0719540673238709,0.0750206018796439,0.11178274399866411
0.11061328558252363,0.1154311465817953,0.15239503686930553,0.08764341617643027,0.07219559618142048,0.10132066621335922,0.07010016220147419,0.16481376568753475,0.12548692450615662
0.13637347476520664,0.10759212776682546,0.12335204610480739,0.13658646236175467,0.13944015092152545,0.1277491795449586,0.054396352024760376,0.06722124285742904,0.1072889636527324
0.04361624759638111,0.12278773066777716,0.09539328853154745,0.018704554256513076,0.021575357333248304,0.13590891309250053,0.039768577697965546,0.42854091749879514,0.09370441332527164
0.10201544582385937,0.11723624397327313,0.13729760370559457,0.0688769761677404,0.06429763906657418,0.06906806445831933,0.20976621099751439,0.11300238939961543,0.11843942640750926
0.05448689861928646,0.09904863633338946,0.12148232350393451,0.03149989231740506,0.026995583743462493,0.09692255873010658,0.04948890600509068,0.41211909049341394,0.10795611025391084
0.10984794135595981,0.11182536372927565,0.15073512877139847,0.09155473341056147,0.07386881916397234,0.10621445727151684,0.06310835124691476,0.16785683246480085,0.12498837258559987
0.1268681037915966,0.10070736066466728,0.11477782089099563,0.14405905580301417,0.1645191101367249,0.12557385289560122,0.07773125840367019,0.04218784226383505,0.10357559514989502
0.1281022491517084,0.11204988950621497,0.09152509026723889,0.1630281132501198,0.17577974880599778,0.1084842484121964,0.06213320571141794,0.05051922494555331,0.1083782299495525
0.1304781821337561,0.10584467401275754,0.12458805246326828,0.12111291631280247,0.1590090771483957,0.1423284567188934,0.07612299465375978,0.042641979730831385,0.09787366682553544
0.1330307336560916,0.10569566429436816,0.10295144888181029,0.1618204966000928,0.17054839262574276,0.11508211790734264,0.054465589001455796,0.05040206776245163,0.10600348927064436
0.12637326998664658,0.10016565506826437,0.11863605652691879,0.1355519267528432,0.16111060175538372,0.13136179963592987,0.08291967424213002,0.041642062196776665,0.10223895383510677
0.13350984233379226,0.10782011931999398,0.10270825512806447,0.1602297285454963,0.17191500176182337,0.11913162489975172,0.04964555506503271,0.05106943828385036,0.10397043466219476
0.07433684286628182,0.12604751094941327,0.09854251919331251,0.04094631735163495,0.046569734527599736,0.20049761192255744,0.030122737297340715,0.3001980055278354,0.08273872036402417
0.11790315485658864,0.09243849117263303,0.0877878561481581,0.13887201690085138,0.12233087094442979,0.13241581684709477,0.12174281559973833,0.07706917453302257,0.10943980299748335
0.13113680285942517,0.1452720277778471,0.13094018280862318,0.07401000223343583,0.10164593725557793,0.16444223817567843,0.06431468912629151,0.09080464068626237,0.09743347907685855
0.13344212796572893,0.11018978520027034,0.10693451749331079,0.15301441490169942,0.16722491162712874,0.129819341385675,0.046727756675072674,0.052062234400153444,0.10058491035096073
0.13453662212978626,0.10138295371118945,0.12018535631382503,0.13335893642908447,0.13777392917932307,0.11793787917178779,0.08793883592955742,0.05803436834173509,0.10885111879371147
0.06417048115570685,0.108425623236599,0.12751442545496924,0.03728149989345852,0.03241923529055888,0.10041844102254967,0.05156748696621586,0.3680919306311227,0.11011087634881929
0.133233442304287,0.09892601530028622,0.11169611766508424,0.1496876782654018,0.14632852421466738,0.11424739329702914,0.07607116639694578,0.05850533525444879,0.11130432730184976
0.08043972327114039,0.10941303341781923,0.12116167178525257,0.058727039682078624,0.05454225995694626,0.06717487377068246,0.29093047220976326,0.10273553660252695,0.11487538930379022
0.1310307138656634,0.11731129343802164,0.135292609307912,0.09358687566815756,0.09720785442373608,0.09639589005923889,0.13015307348190228,0.08589659412401336,0.11312509563135471
0.12889998945579087,0.11404798780435232,0.09103978536258613,0.16113113461267803,0.17774310822370368,0.1084215177051403,0.05965633271613444,0.05115506190696759,0.1079050822126466
0.10038314744802458,0.12263950593974986,0.11716676713805618,0.07340987138244985,0.07400264500853744,0.1962091362525327,0.03228282022031393,0.18920138265425568,0.09470472395607983
0.12768391983147862,0.11363245941779725,0.09224899385756924,0.1631658953169142,0.1786588038975597,0.10755550362566335,0.062231350326798184,0.04782192091542751,0.10700115281079196
0.07827981392768801,0.11522392143654886,0.15090776023591554,0.05151255104641761,0.04103209743572086,0.08358864577328744,0.07203625252948422,0.2825066657255629,0.12491229188937465
0.1037668385492614,0.10080614808031085,0.14232742045419156,0.1037751217368819,0.07971125417548712,0.12025292426438794,0.05222436619213228,0.17129925201606966,0.12583667453127734
0.02432735448769137,0.09982379745812786,0.15292240726026846,0.01827445720076747,0.017611828442859953,0.05730866401548947,0.15230774429762525,0.3488114489222383,0.1286122979149318
0.13668835663553844,0.12125216511641985,0.13026709663830685,0.09466662214238748,0.13442520696816015,0.15523081341968173,0.07572286641745418,0.05585754020634856,0.09588933245570268
0.12585165387733568,0.10707788602282053,0.09663123733614905,0.1643228438891464,0.1736885941694802,0.11062341575673008,0.06882503943376361,0.04546443345214011,0.10751489606243436
0.04850787642279089,0.08947330195536707,0.13720387251096205,0.03442423394074478,0.025220718531964312,0.0795509114500726,0.05821453857696864,0.4119657667262932,0.11543877988483649
0.13147975058098635,0.10913362852692345,0.09209462389554524,0.1615640954653893,0.17463211376285084,0.11084926610021777,0.05515730735462001,0.05541308564321825,0.10967612867024883
0.10780174539294542,0.10586205729613134,0.144378218923108,0.10357665664204857,0.08086754346356535,0.10464893082300307,0.07072705034566963,0.15175407732629656,0.13038371978723198
0.13096766198793758,0.1094071559304489,0.13093415407726813,0.12369823269430995,0.11611481459350857,0.13328989830638538,0.047880389537183765,0.09630651028830643,0.11140118258465131
0.10564497082498485,0.10023973675877539,0.0977658210674151,0.14574966791087285,0.14990084061845238,0.14116614299295913,0.10530005552954029,0.04715157377784298,0.10708119051915717
0.12449535034702208,0.12030383052912719,0.09123987048691273,0.1598154810553428,0.17993802086715235,0.10642769141936786,0.06614633524258011,0.04608359408188123,0.10554982597061362
