0.06514443974753825,0.041115106651366896,0.14026758903990869,0.1976246459750265,0.014066660881842505,0.3014811426619444,0.11266220061261167,0.012081522835891678,0.11555669159386946
0.050333785017410204,0.1017330250130961,0.10545351530641711,0.08073001941732035,0.33765555362671357,0.08844975950862337,0.06211322249416803,0.08098987729345417,0.0925412423227971
0.055131303402925935,0.10962606953006421,0.11523758989407466,0.21340255287332943,0.12391583112483977,0.08500051165978822,0.12677364634409116,0.05565517233287062,0.11525732283801593
0.08030292921230626,0.13595867717024138,0.1092527722230771,0.051087770310688486,0.11015579306330704,0.08939834339601065,0.10974539206962207,0.19169352109393412,0.1224048014608128
0.17657430437992097,0.11376163690530772,0.10885263090134796,0.07020917205839686,0.11013051576827819,0.09202441472788718,0.0920957456000292,0.1599373344523861,0.07641424520644588
0.08851416891352791,0.08501918143844557,0.10581028610079979,0.04404388745842227,0.26270121805254815,0.1021586269450779,0.06964570905532408,0.14492889449719057,0.09717802753866368
0.051509306340560536,0.09976485475650869,0.10942999825564702,0.23005877024755864,0.20128698858675978,0.08093885361744642,0.08547882455948812,0.05226159759419497,0.08927080604183583
0.17589864390916213,0.11243648748246256,0.10697490061609755,0.04969362284666895,0.06573347198947774,0.09648252197327184,0.09980201670355922,0.21515860704300457,0.07781972743629538
0.05245927189886476,0.07543479468538383,0.09235871598384787,0.20743491082698365,0.3397810795997311,0.0725406342459748,0.04731951096721609,0.048947942936357285,0.06372313885564058
0.06041279355559471,0.12997532472440118,0.11018068046322212,0.1366163262710235,0.18351590946134277,0.08046958857227826,0.10805982235634759,0.07950542303475329,0.11126413156103648
0.17435793776024766,0.10758129964431663,0.104668075068954,0.047598123347498265,0.13291956265459254,0.10366741138179368,0.06267419623969049,0.18858750476713537,0.07794588913577144
0.06723773340721435,0.12847464432191172,0.10975036075319396,0.13856912354431924,0.16815296418777628,0.07934798465054903,0.11627741349805382,0.08190022082177663,0.11028955481520498
0.04688624568165809,0.14990703841111244,0.11566441716319148,0.11449232185219667,0.08133880962281956,0.0848255181438548,0.15963539820535727,0.08488613251979943,0.16236411840001028
0.1430690014716058,0.12471358553259863,0.1080614634074103,0.062690224593737,0.10275257237697105,0.09010470470772765,0.10616137693296072,0.17302508842664532,0.08942198255034366
0.0496782037275132,0.1610709746891761,0.11320742339482931,0.07687445656450821,0.07784684537670104,0.0814049679940653,0.1518120529975374,0.13058985202531637,0.15751522323035308
0.17376364854358414,0.08818804184273009,0.11035195361883153,0.13223642855257997,0.073724094201317,0.0797300541073055,0.16802869229537773,0.10070388303479529,0.07327320380347883
0.07245147936221114,0.11355311333044782,0.1029638069315665,0.1447961032674333,0.2413289425407851,0.07676839638055515,0.08480849935955363,0.07648054441893604,0.08684911440851129
0.042660601575621494,0.08970179611528172,0.13243501865566198,0.12677445072313642,0.013625412029067169,0.20166731619152042,0.17522384730600118,0.03276625257022131,0.18514530483348832
0.051292952212608774,0.13119060786281114,0.11330806441451702,0.14470189102469913,0.18237243307862475,0.083461997275237,0.10451353738424031,0.07284316029553844,0.11631535645172351
0.02590295942634339,0.12550962105523716,0.1583609694404907,0.18445035132259735,0.07419449186780576,0.1785398186918229,0.06493633196857661,0.03614034704609571,0.1519651091810304
0.10074770608309973,0.11791072375149403,0.10517921822105449,0.04981011036375985,0.17843836615345432,0.09428682400451632,0.08225862438025133,0.16835144723965337,0.10301697980271653
0.08647716513145831,0.1271344633165111,0.1070807517087279,0.11741534702172901,0.17715429243836445,0.07902874504846254,0.10928516134583595,0.09678018774193158,0.09964388624697919
0.027632210324523187,0.14667089579525974,0.159481643501139,0.12399555335499794,0.02260912186479781,0.20290787693470747,0.08379321683678391,0.04490394021830285,0.1880055411694881
0.06378484300648267,0.14292579875356662,0.11175267180474337,0.05976834025572955,0.1393232680003267,0.08719182897104118,0.1086592832091009,0.15503447832771183,0.13155948767129713
0.04174947742181361,0.1069687151233572,0.11969664325867972,0.12099084908094764,0.015546341315536243,0.14306262674972184,0.21761451168926116,0.04668567778945626,0.1876851575712265
0.069450423410232,0.10946469735404381,0.10121257777947446,0.14592842107872836,0.26374813232834177,0.0764375609961648,0.07727265239685362,0.07341725786522085,0.08306827679094025
0.06097794898887876,0.14469321415876987,0.11030249364407059,0.09945245388946179,0.07477440337304402,0.079418177841257,0.17792809331665793,0.10356421608579774,0.14888899870206226
0.053732781303008126,0.05197447215593667,0.14317469464264096,0.11638791580352552,0.008585042928754047,0.3011287575099584,0.15043450372879552,0.01877820120782975,0.15580363071955103
0.508496156002107,0.010803885853847757,0.09676496962618057,0.07169367071049514,0.008864231453115799,0.10829123365166655,0.08772948833775855,0.07691559627352418,0.030440768091304433
0.0357017233026583,0.1720052322050946,0.1236527712890985,0.08442050398164042,0.0577082508042685,0.08809990381425455,0.14353835446030958,0.1203671679413791,0.17450609220129645
0.1856311218666631,0.06959937046520645,0.10687547589607581,0.14001587115150313,0.04919399642206159,0.07742813687160144,0.2157240016699077,0.08766757068158293,0.06786445497539789
0.04134795853286399,0.10899876010002625,0.12601440800598576,0.23105178709110408,0.09484657880697063,0.10650443640514423,0.11478165497983411,0.04441382230427038,0.13204059377380054
0.15025626545443363,0.11495007167834835,0.10564436689783918,0.04211877380375333,0.08987807805591247,0.10181921012570622,0.08059017894486707,0.22706311033646084,0.08767994470267888
0.23181037561415777,0.09397474180979493,0.10914511223280304,0.06116860479991399,0.059446101104218496,0.09644447278909352,0.09976188310595262,0.18402458630929328,0.0642241222347724
0.08053797076400386,0.14304512433535033,0.10819246481821938,0.06809990124066075,0.1345125817435322,0.08395609470370159,0.11620784291265718,0.14514010001294608,0.12030791946892871
0.11092551338653985,0.13136643650950666,0.10898042752699227,0.08560800960835883,0.10944902979489472,0.08230012457014003,0.1343477667250739,0.1339923640691455,0.10303032780934818
0.052927057709564795,0.050836027405016526,0.14377896333748988,0.26849599622013093,0.024264333275270097,0.2830750617425902,0.06482764285288546,0.012999783856533617,0.0987951336005186
0.04549140561154084,0.14387504166594794,0.1184619830360387,0.13620868302016959,0.11026902261994363,0.0876774134132479,0.13505173210885532,0.07396926866673982,0.14899544985751625
0.050608893258468866,0.1497553005910699,0.11445688308906271,0.0818162039247901,0.16547199722815634,0.08547768870542273,0.10715685233087757,0.11001153048413491,0.1352446503880169
0.0755111144646523,0.13366225362909848,0.11066931902782363,0.050640047057823,0.11907562899727116,0.09064453720527499,0.10582201931274064,0.18943632680282763,0.12453875350248818
0.11052518259356485,0.13181093302933952,0.10841188247216536,0.08411727875681614,0.12644014547691915,0.08299746591474466,0.12137777120647131,0.1333496316070446,0.10096970894293432
0.05814768613639204,0.15473226339921553,0.10947209598616307,0.06753797957264361,0.06360115609852557,0.07957017580741255,0.16261755588344642,0.15793322748996605,0.1463878596262351
0.0977368274743921,0.12051426622122663,0.10429512752129926,0.11399054788791023,0.20519676988558389,0.07917541315065947,0.09277701980832899,0.0982528636422438,0.08806116440835561
0.11090959437197855,0.11209884555502765,0.10434268668659297,0.047251381543265476,0.1802166818813883,0.09716187874907378,0.076654230236124,0.17316820933093124,0.09819649164561799
0.12336255347053766,0.1273350587350075,0.10657049382238687,0.05288476156421513,0.11644044678729555,0.09242424050637639,0.09606612855699538,0.1869457222012174,0.097970594355968
0.10392496674283835,0.13338750820840947,0.10630538203048168,0.06384886080173195,0.062383362362593196,0.0818843174933584,0.16354938069103322,0.1751692791466263,0.10954694252292739
