0.0361034117990763,0.09793373494489634,0.08532424521745692,0.12670374005438353,0.11027822294748717,0.12721194712854048,0.18287824265641547,0.11161097692308007,0.12195547832866376
0.09579198184782999,0.11262106790322379,0.09971273287438032,0.12489711327777375,0.12203517068907978,0.13786676481914514,0.06948104279413538,0.11971015919914357,0.11788396659528826
0.46944745024243906,0.0993417289161147,0.07251973527816015,0.07734664186695665,0.06718014116621435,0.04474692077635983,0.03412108684431848,0.06493964809893965,0.07035664681049707
0.024837099741340418,0.094859660469593,0.08677199331125897,0.12906179890707767,0.11347498392196513,0.13427868679207358,0.17945378656363395,0.11292769424429465,0.12433429604876274
0.08047285879409216,0.07604737638458257,0.16534833935473855,0.06894876916223701,0.11619245494394653,0.10947776446028974,0.24270767991619854,0.08189419214143188,0.05891056484248316
0.09630909602506023,0.10958970488191866,0.11820476680332122,0.11192889408485496,0.1341667814400968,0.1505611883428798,0.06669717019353895,0.11954505529204618,0.09299734293628326
0.030780478522406854,0.13410497854806358,0.19679525205183013,0.05574326097437532,0.14566187851649598,0.12005720541806769,0.2209020449444692,0.05112934059215357,0.04482556043213762
0.03384552234434423,0.09986486515150865,0.11980579703093382,0.13376841025806396,0.12023546234899612,0.12784767670195593,0.11850248278371811,0.12098716503851233,0.12514261834196688
0.036584522258123434,0.1470437179370571,0.15522598175548627,0.10028232211884358,0.11616029760466702,0.13162382914050372,0.09223988106821553,0.12829388569096875,0.09254556242613458
0.07430306451227651,0.11041409597348494,0.12299308284708371,0.1276731302011395,0.1168642573901203,0.12798390704135645,0.07797035376754169,0.12028415702983762,0.12151395123715936
0.24639635562189152,0.10114756754187808,0.10846620031409472,0.11142424819363987,0.09663706359801964,0.08099769776143373,0.06214299679438199,0.09769067928946133,0.09509719088519915
0.034683238281391145,0.10032957783873596,0.08935285249329171,0.13207062328318842,0.1167252453698731,0.13238354454939216,0.15098063653538918,0.11755791188556174,0.1259163697631767
0.019472220366680292,0.10940009018082626,0.1319327962171468,0.1285239708644613,0.12228638380687679,0.1313584670782957,0.09686990960016202,0.12904716649468884,0.131108995390862
0.01863962165125271,0.07601078827669856,0.178634780186386,0.06129209887742875,0.11198896359240483,0.11871840567192338,0.2978266606517847,0.08734198439546766,0.049546696696653326
0.04561561683301842,0.1436028900278725,0.14450458620890624,0.10415587754994775,0.11496838330895852,0.1396586108009815,0.07958712035898863,0.12669919893719897,0.10120771597412755
0.1908343245136507,0.13786125710012548,0.09140410032804491,0.09520308624789638,0.09080278760727106,0.1149128388087211,0.05528674721899643,0.09380957701828886,0.12988528115700512
0.044196446652440956,0.1198678499219278,0.12194109214203945,0.12869702126652793,0.12077088677432984,0.12032363264863673,0.08121875142150015,0.12533384535632883,0.1376504738162683
0.14181071620001617,0.10852884825371217,0.09312361001842674,0.12450741206827194,0.10912209831806184,0.1053912772434981,0.0897660054056949,0.11384585659589182,0.11390417589642632
0.09426043900996965,0.10581152522639937,0.09575608239388296,0.12502503118129218,0.10816155435286962,0.10492366489728078,0.14235181799196447,0.11348389920461627,0.1102259857417247
0.05190694949338218,0.15935469702932106,0.10743145246566943,0.11019068211879203,0.10742965183480685,0.11130709719073036,0.07643677074841417,0.12203997001996475,0.15390272909891914
0.06906073003165424,0.10487429984592145,0.08619538125012566,0.12751593220221813,0.11077257288951568,0.11620812564637084,0.15078422266462674,0.11510359727884911,0.1194851381907181
0.193051744660424,0.10290756681362355,0.09419471261225688,0.1088056292773507,0.10735842660879069,0.1276507145030581,0.055861591136369626,0.10541171091048525,0.10475790347764126
0.1588807910572427,0.11087406449562685,0.10095925766758829,0.1058129970608619,0.14376494283851438,0.1407044996455873,0.0553893377769163,0.10482390411856334,0.07879020533909896
0.010208105035538408,0.08976150261704692,0.11021977739070447,0.13143155037769932,0.12150245521768022,0.13177634476862846,0.15255458536981817,0.12050591179299108,0.13203976742989287
0.0555309468216701,0.10174278985710965,0.09920117121841637,0.12889994706107885,0.11248576212935302,0.1172184905099992,0.15399385733821325,0.11550910856829112,0.11541792649586853
0.0287287683182897,0.07971783872092597,0.17572967119749414,0.06645671863486809,0.12752698919946578,0.11428439695841142,0.27102837237025595,0.08471655279463514,0.05181069180565385
0.11029200505430507,0.11958809702346164,0.0802393384437965,0.12762903287225777,0.12215378171718627,0.12905487963926102,0.07209655016069812,0.11706831677593355,0.12187799831310005
0.019143365330748365,0.11804164710111183,0.11011540221518756,0.1324837521212199,0.13607489082900523,0.1394945918768842,0.09524978491575552,0.1282002630569356,0.12119630255315177
0.05152663909073063,0.14275262735405292,0.10588102628511849,0.1251892485167336,0.11970905009372602,0.10161195037370625,0.0767157936905982,0.11983881337290463,0.15677485122242915
0.022015331753516592,0.167115930698708,0.13251467316011806,0.06903841135861252,0.07371739050295838,0.08501236743427183,0.25180783174630345,0.10458590133760388,0.0941921620079073
0.060493453173146174,0.10102773318773445,0.11713771975625094,0.13063806192763117,0.1152018319199612,0.11247384497613684,0.1352295793994591,0.11523196981665638,0.11256580584302371
0.02877418589234758,0.12433160392598976,0.1457686981995975,0.11762106500245162,0.12347140626665844,0.1368520272487526,0.08171311387916826,0.12995027857618147,0.11151762100885276
0.06868404821681605,0.12979702209101998,0.12970721622688255,0.11305489037368048,0.11207843780626187,0.1376440989626356,0.07039964278268385,0.1211371678049844,0.11749747573503522
0.02322775429479733,0.12597789841117643,0.10769529391102269,0.13159076602028463,0.12726061711212108,0.1039452839995746,0.0986541663502986,0.12556904663690083,0.15607917326382384
0.024868418666426962,0.09862678490810432,0.11780018035521982,0.13374039185993622,0.12135150013926115,0.1320698026954417,0.12109507075036152,0.12225445010330349,0.12819340052194486
0.033357047155102904,0.11079865437662557,0.13329723153324732,0.12908356043766223,0.12046438528332197,0.1301156500344209,0.08790812889314321,0.12581267965202658,0.12916266263444942
0.046842339667336065,0.122207119060311,0.13744455211879059,0.11725188885545836,0.12150216725464198,0.14194886369121798,0.07521943706781882,0.12601106948844523,0.11157256279597998
0.015192201371593337,0.17143830245985603,0.12310832264818183,0.0926446885617086,0.09838461613305592,0.09470409795191621,0.15893334291676606,0.13405388508162686,0.11154054287529519
0.11809782327176792,0.11294382419912634,0.11554662967802197,0.10920170186412548,0.11549377914941845,0.14701133142957976,0.06323169816155998,0.11473204537621322,0.10374116687018699
0.4119427087485383,0.09703955679318511,0.07537693236350827,0.08703264229922236,0.07460151272360827,0.05204135480074762,0.0490388633629891,0.07812559763523208,0.0748008312729689
0.132321352113426,0.1264040238130187,0.10989452252699787,0.10969061725505258,0.10468865717020866,0.12574562010559148,0.06235318085940672,0.1097372605188374,0.11916476563746049
0.14529384073444196,0.11507830773520844,0.08200870942231307,0.11859667753725789,0.12268177672277338,0.13442267445084324,0.06019060336764775,0.11231539118845496,0.10941201884105935
0.048835776217227705,0.18459999354615522,0.1606400657734394,0.08924090349799872,0.0891902270990786,0.0848633828526419,0.07724620684426316,0.09841199196892932,0.16697145220026596
0.020242582001027177,0.11717301013044266,0.1387799911606543,0.12376985230482063,0.12422218860415878,0.13497903972458303,0.08925505362028363,0.13076266513946602,0.12081561731456388
0.030207470612466175,0.11974953661996827,0.13801485274676842,0.1217183309691517,0.12518886539210095,0.13917063300601276,0.08164817656573649,0.12913136344331239,0.11517077064448285
0.03000214442530898,0.13193717343626377,0.14353764571872168,0.11488038829106663,0.11718820120963337,0.13343972363590487,0.08136490359645,0.13028004018914874,0.11736977949750198
0.04065206253378372,0.14760450470024522,0.12149342607443035,0.11161317769384467,0.11213088997403868,0.13065697980970273,0.07880012416251926,0.12946589033477499,0.12758294471666046
0.23419598247757797,0.10956200799906786,0.07130274508515548,0.10446283766698793,0.11273654470743626,0.12480009830167837,0.04856277433530434,0.09834117129217933,0.09603583813461247
0.013744412512017823,0.08100204418432698,0.09354477308454195,0.11667879841541318,0.102676988946515,0.13257101234819302,0.25295211029017955,0.099687490528017,0.1071423696907955
0.24981469677372656,0.10236336164345627,0.08705773309572874,0.09494025667138482,0.0811395781362375,0.06223626067699281,0.14491979691065296,0.09255378661008397,0.08497452948173644
0.04540149224849327,0.122888327369185,0.13673478646704113,0.11972310218063924,0.11674274340144304,0.1352751165575952,0.07647827385118317,0.12537974434259783,0.12137641358182207
0.10480240972231882,0.11887537172033295,0.1214924812053304,0.10719212368528463,0.11459128473165751,0.14890327095224135,0.06495172806849493,0.11619242521071499,0.10299890470362433
0.019389605238244352,0.1642546651685961,0.12929258214290018,0.10848558002815956,0.10834897628081068,0.0855521819550588,0.09583477100976924,0.12344103543078626,0.16540060274567478
0.35996183485155936,0.10374291234320376,0.06372738412270573,0.09357690575835254,0.08551692109676191,0.07396555192015682,0.04366777173902356,0.0852233962314538,0.09061732193678251
0.19294676971935032,0.11673025262756183,0.10133823255660966,0.10369902412173902,0.09840239628536507,0.11883677667842592,0.056366488966553614,0.10060070084365531,0.11107935820073926
0.06509577169534425,0.13259552894600166,0.12381944996893794,0.11557628460379062,0.11211806592247038,0.1317965369877467,0.071569038273588,0.12205616248909486,0.12537316111302566
0.49083155812316753,0.10454364781105635,0.07988025312194892,0.07025692437903969,0.06216525134545519,0.0395849800648476,0.0299323425034862,0.054689678032983004,0.06811536461801554
0.3091418389810277,0.11005977498532993,0.06447707676212128,0.10029720744381516,0.09344745880367437,0.08590885326292212,0.047263796079658145,0.09181130957654639,0.09759268410490492
0.02449253369194211,0.09620084527468609,0.09084592071403585,0.131705085509629,0.11685547303108179,0.13572814593727386,0.16154700681556786,0.11646277735963506,0.1261622116661484
0.02640777872202126,0.15074621791629664,0.13728223051779934,0.10784280537310287,0.11293111247152189,0.12653229375544303,0.08816818178018493,0.13381674403467378,0.11627263542895623
0.06537347864386552,0.12880227138358488,0.13326598573379259,0.11179481903634658,0.11387831463416598,0.14149580191936853,0.07084428973836365,0.12198933823461756,0.11255570067589472
0.03207468378514883,0.10392405463332306,0.08654960055280103,0.13387406669684634,0.12024171865041144,0.13694021832572667,0.13784430370445935,0.11874422765544757,0.12980712599583571
0.02235457512373859,0.14661892324949669,0.14243575288529794,0.10896275718074389,0.11432878121764094,0.12457755627483318,0.09015781291709653,0.13496027644897743,0.11560356470217491
0.043804578753311486,0.12402370106033007,0.12378599768922492,0.12212004138853154,0.15004923565302178,0.13783882892668317,0.07641652475083276,0.12633823488227758,0.09562285689578669
0.040858476084407964,0.1059061971267468,0.09085011839622581,0.13454969809336773,0.12098933776585565,0.13527509780749145,0.12131011836796775,0.121213108744167,0.12904784761376986
0.0466713712332311,0.11254077474507236,0.10824209892803693,0.13141355979726327,0.12576158273476942,0.14134964669352723,0.08369152968246889,0.1252800595435208,0.12504937664211
0.026241205956491775,0.09132302232496521,0.0889073471082434,0.11966831077720856,0.10319110432458967,0.12817430442363345,0.22192805291685314,0.10386496125044109,0.11670169091757364
0.04986574795262629,0.16132971788749667,0.12280479443305421,0.10009272366176629,0.10735894619192993,0.13729164066881813,0.08631819106465498,0.12601649920091001,0.10892173893874353
0.0180872746659467,0.17004932014856325,0.12314731340991203,0.09826123781198946,0.10380101759382626,0.10420062730465779,0.13019351417130962,0.1363892381950507,0.11587045669874414
0.21534058506613396,0.1040495556498852,0.09341317276796803,0.1135218015782362,0.10227100755734575,0.10155747034857053,0.059360822164336635,0.10444494071940523,0.10604064414811863
0.041833467422348274,0.1215117802168086,0.1348406910903369,0.1223510022923459,0.11719826702703451,0.13136482803676328,0.07862785395592527,0.12596142145232986,0.12631068850610752
0.08447702997364465,0.10720586467112192,0.08911008856456788,0.12884311974956944,0.11248432325326384,0.11512098559552121,0.12620470917622698,0.1169521304156691,0.119601748600415
0.03229159102124073,0.17654767107750105,0.13675345181605306,0.095418893260706,0.09505935379295516,0.09220873166813968,0.09539799777527934,0.11707443199113717,0.1592478775969878
0.11387328404773996,0.107365164857659,0.08576641229508845,0.12296430464639585,0.10616198764171843,0.10224061019368265,0.13602860175160988,0.11261602054132143,0.1129836140247844
0.0441876446928097,0.17161923315634517,0.11121787358856894,0.09926701573772372,0.10234474381727465,0.126140602933599,0.09454738746898711,0.12647020547527826,0.12420529312941347
0.0718489407169905,0.14474791477706409,0.09439203944077366,0.12473908874423967,0.14881408056337855,0.13210833469150499,0.06705696453498104,0.11479108122022301,0.10150155531084452
0.011053183634508084,0.12950180308174045,0.15472068805487352,0.11347898390674005,0.12057045176671738,0.117493893952119,0.10219762987205144,0.13735369894881003,0.11362966678244002
0.16293596786715878,0.10711824609400371,0.092667763555987,0.1158585833414122,0.11260818494935705,0.12790750877828755,0.059940170840189565,0.1106435504510012,0.11032002412260287
0.13829466822389627,0.10810897196285774,0.10372749420582948,0.12412977449477235,0.11059349825826238,0.11167252333020676,0.07475898230449543,0.11397436588013682,0.11473972133954281
0.029816067432244964,0.10192532345151295,0.09177117289536514,0.13419270561393123,0.12050721945746529,0.13735155318884001,0.13524193634491014,0.12010967846967624,0.12908434314605408
0.14414322451392067,0.10725195715545727,0.09350991207335772,0.11305444024657252,0.12440329882056567,0.1447290397351536,0.059445385396823314,0.1125090453550515,0.10095369670309777
0.029122257815767216,0.10164144969833117,0.08673101505343883,0.13314389745217373,0.11907520656050412,0.13693070280244213,0.14656764014892212,0.11768135993797357,0.12910647053044724
0.07244590265005084,0.12957592621397854,0.08855980139709922,0.1283857131726832,0.13799385722944857,0.13902831801533952,0.07080134393200206,0.11947692020108065,0.11373221718831748
0.04352313500376968,0.13570232942210184,0.11035245322973529,0.12265303155200963,0.11767996773216628,0.11891923966357691,0.07885136434742492,0.12757555061626177,0.14474292843295372
0.299776247015851,0.10097913140597915,0.08185914736942469,0.10421281623738327,0.090386093484412,0.07437808997519164,0.060676795713072613,0.0948412828346971,0.09289039596398856
0.038486259611637645,0.10686729034389901,0.13116968466893628,0.13159460843790408,0.12053130935329205,0.1279492452120822,0.09205300608741018,0.12359463571843016,0.12775396056640845
0.16115335259126815,0.1227240497755009,0.10186337674794371,0.09950300717125775,0.10090809958352599,0.14192223619606592,0.05830720890259424,0.10548142684030165,0.10813724219154171
0.13120624853377946,0.10711657453983203,0.09520027313107156,0.1229184778061595,0.10622304718545372,0.09858636500030078,0.11846610360911304,0.11209505017073813,0.10818786002355174
0.04346170068949795,0.16516843113465776,0.12316562622362281,0.08956798868477989,0.09847884880691794,0.12158851451489971,0.14129500603331838,0.12049704722695927,0.09677683668534622
0.07757562246751602,0.1374322838794054,0.12939280050937832,0.0977646022480206,0.11309902554036803,0.14890122162931005,0.08294646888461354,0.12034864061209305,0.09253933422929495
0.09167297516596506,0.20438384407590274,0.1864464760026692,0.06925275306481829,0.18408362621867982,0.06825370432356083,0.1050624319991846,0.04564553320158495,0.0451986559476345
0.009999801576502189,0.08567310214510555,0.10373318098110489,0.13036081721124587,0.119017721556277,0.13353196172692613,0.1726720886842831,0.11620452235639789,0.12880680376215733
0.023517384162862257,0.1638912832162723,0.1144246354623182,0.1063892738095354,0.10830113354023126,0.11188237411426645,0.10022252910460738,0.13622968602411614,0.13514170056579056
0.011251395496931606,0.1169127167230719,0.1414848953768954,0.12192940718841365,0.12346563624073602,0.12534271002571049,0.10205264360089332,0.13424418061639992,0.12331641473094773
0.03566133806979024,0.1106208138546843,0.0939813609853359,0.13556324598667419,0.12654350003982698,0.1412390564776085,0.10223047080252064,0.12404862128484091,0.1301115924987184
0.09869491022269737,0.10531565321044424,0.0898976631435797,0.11609205480765757,0.09958561600823536,0.09522903249941232,0.18497833091563456,0.10741075985071662,0.10279597934162223
0.04126667169546716,0.14735053358795006,0.11887172965236607,0.11247247566704997,0.11228711012095664,0.12947202377078856,0.07861272092747802,0.12939651333335492,0.13027022124458862
0.06173703558746324,0.11012134086458897,0.09181759251457865,0.11915520344171425,0.10433539180474853,0.112749623273061,0.17375539785288083,0.10315714598792362,0.12317126867304086
0.07287039984130304,0.1157446448348713,0.08984280352027814,0.13174598504638058,0.1253838929222349,0.13707736161390197,0.07996469348624143,0.12208050733483317,0.12528971139995546
0.03432703090988456,0.145621555165969,0.1080625763167411,0.1182861330085118,0.11543079322147241,0.11570514586717685,0.08285670471281213,0.13087768843022937,0.1488323723672027
0.021009079331205476,0.10366485383919583,0.12730158772478892,0.13206827716295097,0.12316025472170707,0.12786105569689268,0.10425372977251696,0.12663683032901996,0.1340443314217222
0.00887559323992855,0.1550994017640325,0.12320752562807608,0.10145169596327831,0.10447424808499317,0.08742295107024196,0.13946076625276693,0.14005871853834273,0.13994909945833975
0.10130902792499759,0.11230101881081046,0.12064001796255336,0.132112449096236,0.12026966711454917,0.10217996943596452,0.0740256603402235,0.11238839633312066,0.12477379298154474
0.07115687262966834,0.1419418797405515,0.12803783230502166,0.10257624844706414,0.11102870061343355,0.14744642051604218,0.0723692815679748,0.12127811675812168,0.10416464742212206
0.05527546005074049,0.10045875429990037,0.08654801409583639,0.12117864538631708,0.10425854408244091,0.11422042407682335,0.1933827365888834,0.10863982330297516,0.11603759811608282
0.02359185015957002,0.11807822063228318,0.13896010117481783,0.12318477144506663,0.12353663453838666,0.13615961109191935,0.08632208456284755,0.1300760792266955,0.12009064716841332
0.05174528531208222,0.11477957012928759,0.16052138010375022,0.095136642372442,0.12781214536613003,0.12925998812953104,0.12465021801276215,0.12108745068924291,0.07500731988477187
0.03727058220961103,0.10516645831600314,0.10380439833397936,0.13445139116902163,0.12189140699660596,0.1362835975521104,0.10969181235870697,0.12310198625654938,0.1283383668074121
0.1779821041609082,0.10631343304668216,0.10612477946250555,0.10943866599072326,0.10498941078786077,0.1242271888549726,0.05790250127317246,0.10600609062931089,0.10701582579386415
0.03495121464549967,0.10466163542918915,0.12339577468572753,0.13280443251634377,0.12102309825054829,0.13199325310369064,0.10023290423656694,0.1235757102735811,0.1273619768588528
0.051217382225585945,0.09887853841349975,0.08845904270559383,0.1185715322963491,0.1017609385836402,0.11356991030444441,0.20726063179885001,0.10628750620104488,0.11399451747099192
0.05033345861873325,0.11116112982472921,0.13354527443603334,0.12905752143902516,0.11862803147110558,0.12584106944513904,0.08254421361570706,0.12249814583348688,0.12639115531604048
0.043510740617650485,0.13411262769991567,0.12059665055114697,0.11955533978347484,0.11568690714207262,0.12654461838690975,0.07767847761472706,0.12766802406909272,0.13464661413500997
0.03012081220489972,0.1045436949664054,0.1800047046905449,0.09550469178391674,0.15567037844873718,0.11331052772459328,0.1426540412593499,0.11444278480354764,0.06374836411800522
0.13557640423729606,0.11793801270672001,0.11823774697423502,0.11331047141673684,0.10607432414075424,0.12082605407280106,0.06274387075475456,0.10964345169223484,0.11564966400446734
0.22765154118523012,0.10256132418782793,0.10549927383727385,0.10880031245256645,0.09834737245390895,0.09976592242913516,0.05530384102165062,0.09941313086226812,0.10265728157013881
0.10310065987035329,0.11220811023340645,0.12212159805296341,0.12055944306147222,0.11287879123581734,0.1280890209304875,0.06822781580319513,0.11627898355649065,0.11653557725581402
0.038762259857728465,0.12151355016192344,0.11336594642930455,0.1312003673211769,0.12391634624755281,0.11504815818374071,0.08476772496660119,0.12618661627765912,0.14523903055431275
0.25800985644243424,0.10528820022962089,0.07798396077714813,0.10965755927668125,0.09761707098443927,0.08923331911732135,0.059053294762928976,0.10063562551438186,0.10252111289504402
0.0352100861652793,0.17855736699216349,0.16600282643964978,0.07564465257166615,0.07604997954075589,0.08802016574162397,0.1322371936100953,0.09862684332871219,0.14965088561005405
0.029973759613054114,0.18385294434685565,0.1689822883986055,0.07903561070148124,0.08020408490818302,0.08140089828789386,0.11843983164379422,0.10150465495101473,0.1566059271491177
0.05184412208919988,0.12293329510501394,0.11585530528904654,0.12307492723450264,0.14682116778219803,0.1412230334815349,0.07377598625756861,0.12522063541814735,0.09925152734278804
0.03994535145605809,0.13246314332857465,0.16330887890062284,0.10188954991936898,0.12528538585289747,0.1327544321973546,0.0913083095541804,0.127293814053508,0.08575113473743495
0.02743719083232371,0.09923121151443824,0.11418940700716855,0.13380886614824405,0.12076033226095288,0.13261740866031943,0.12294838623955273,0.12174330818890529,0.12726388914809503
0.021395632186916053,0.10412602359052255,0.10104662196350965,0.13491508213446768,0.12518919553456195,0.14148913448769276,0.11737418467144552,0.12383831102879801,0.1306258144020858
0.022672740111697478,0.12231687544179178,0.14325685294767934,0.12079717989154652,0.13573554352990702,0.133553265792671,0.08592853338527352,0.1313462266163351,0.1043927822830983
0.07629412283743023,0.10582105833120671,0.10888299234101241,0.13062824489676814,0.11475514844734713,0.11645912106119514,0.11146739399599555,0.1179944180731981,0.11769750001584656
0.4667523479772968,0.10202678491712801,0.07819468524885795,0.07756369532458794,0.06671248177245244,0.042564567094552364,0.03519260699611036,0.06463937213732719,0.06635345853168687
0.014001243010344047,0.09929140918819539,0.11891226458143576,0.1320387976573798,0.12336330285548684,0.13423399130079247,0.12053687709498405,0.12554408452386845,0.13207802978751315
0.11200747953264056,0.11219053627891257,0.10117174751502306,0.11548292479488763,0.1369538277737384,0.14699305467066276,0.06292005121649737,0.11650324910243205,0.09577712911520564
0.014739104433717723,0.07801733616910202,0.18525415937607945,0.06056365792429779,0.11913468629813001,0.12402576568715719,0.2878776346230761,0.0837114217916322,0.04667623369680757
0.1570288936176313,0.1097500169054174,0.08734604095725677,0.11934955599915259,0.11396691785949449,0.12459193133533249,0.062213766358893675,0.11217080440377714,0.11358207256304415
0.16156799207460523,0.10956144363259795,0.08201472543735466,0.12055988851671999,0.10483381152347766,0.0970202917848428,0.10164047859268094,0.11082311165589089,0.11197825678182993
0.05532822434763655,0.10175887265189819,0.09281447625329382,0.11428847743313651,0.09872841066057159,0.10493302797040638,0.22635797357675527,0.10463091957831656,0.10115961752798508
0.044884748447798994,0.119813992623631,0.13867659325505233,0.11655400948832888,0.13713868363771775,0.14141468249423192,0.0768503337167552,0.12764495176164894,0.09702200457483488
0.020493631239189045,0.0925252415783764,0.10525473906145953,0.1322793998354183,0.11855804909431462,0.13256252275572242,0.1554348904635887,0.11773676174521534,0.12515476422671568
0.10782715990319554,0.12759693000346448,0.07694870085153928,0.12768156314853943,0.1220732294000948,0.12431159255003876,0.0756227661895708,0.11449249086316322,0.12344556709039367
0.033867430545373035,0.13047341621151284,0.17227924021148996,0.09962342367568672,0.12714586914600132,0.1256401919133585,0.10278954996048628,0.12728553729694078,0.08089534103915053
0.1175126093817339,0.1267517558468286,0.10298997604188241,0.12765154050129487,0.11802419657696554,0.09656760951015304,0.06700641653282909,0.10816691348333929,0.13532898212497332
0.11439037270624645,0.1147822648684363,0.12498912514575218,0.11792428299988071,0.10959033722361382,0.12256402404384813,0.0660826077891937,0.11339029537172178,0.11628668985130695
0.05087995411740032,0.1154278348155691,0.10608893988577528,0.12978937372949959,0.12902844835238347,0.14347717415346053,0.07866430936603185,0.12538556010804677,0.12125840547183309
0.08046009690325558,0.10913863780232082,0.13278219254899803,0.1291992648735258,0.11616545778563543,0.11512543482756121,0.07940967705340984,0.11721830766826151,0.12050093053703174
0.09133967209845056,0.11502301502522093,0.0931856035470729,0.12682690304683744,0.1250946956410653,0.13868554659792393,0.07053785258270685,0.12030189904333959,0.11900481241738248
0.039030599847014256,0.11616380182804291,0.1290118147661571,0.12480419391085273,0.1241012156224497,0.14111449558854,0.07967488796733042,0.12689896328795938,0.11920002718165346
0.04882090483107607,0.09189097903881721,0.16614884692925813,0.08564216052653478,0.15049093404985048,0.11432110951393328,0.18411639428367013,0.09928557331346076,0.059283097513399136
0.13193633657138862,0.14554223480034062,0.13315657971908754,0.07343302795244976,0.07240094910386476,0.143630400685708,0.08773757267857678,0.08873372816045266,0.12342917032813122
0.10055966747157513,0.10790455841118801,0.12007306053420935,0.12793357223008528,0.11350155948588032,0.11434264825593084,0.08265972378823407,0.11641973143562849,0.11660547838726847
0.0675975078994282,0.1382982542594634,0.08494892630499791,0.1301229199667742,0.13661822407874966,0.13387206639705634,0.0740483949038165,0.11644864028099881,0.11804506590871493
0.04295352665466701,0.09360340494735031,0.16122752427667394,0.07620600908346765,0.1138566382514417,0.11186867019259678,0.23347994300877403,0.10376066161148312,0.0630436219735455
0.10943205961589836,0.11916355691579354,0.12123028042268981,0.12106396596707902,0.1112841863149487,0.11438634224144395,0.067294680655752,0.11318282938674949,0.12296209847964518
0.03981300702429975,0.09737810382923474,0.11030702867783504,0.13127050732460163,0.11611781593102284,0.12108461134518043,0.15079348210867574,0.11615361644098772,0.11708182731816201
0.028700932693865158,0.1354519598393129,0.17562960026667093,0.09668336594470488,0.12296201658914134,0.11990471625928034,0.1135337370850193,0.12737719159194763,0.07975647973005752
0.09177968613383843,0.11377831492981583,0.1183181411256395,0.11436014436470998,0.1228693247991846,0.1476903841897788,0.06680659131582785,0.11955434071489145,0.10484307242631359
0.021068469524126405,0.08922987894633994,0.10994669375628463,0.13183526147256971,0.11862695199304962,0.12695881453945534,0.16478742360082543,0.11568301105216312,0.12186349511518574
0.07541094009648024,0.11512026315034661,0.13252058043806084,0.11117696575799502,0.16096592532885792,0.13526999296849862,0.07558259641290006,0.11738824247930885,0.07656449336755188
0.033420093228141746,0.10862980603149934,0.12003676594758521,0.13529224014859928,0.12645217327246847,0.11679996288646761,0.09538871511959662,0.12457473502782268,0.1394055083378189
0.06835351317586114,0.11158017521652758,0.1323443750636559,0.12742536893574133,0.11632888799005366,0.12356576165501715,0.07780387443556168,0.11985977677947018,0.1227382667481113
0.004851637576201482,0.09584377699741721,0.1101067698317868,0.12363934574521475,0.12121922442052674,0.10521835894133373,0.17269750407654869,0.12120213769102278,0.14522124471994782
0.15886375589172988,0.11078339753885712,0.11423496934233457,0.11108209809412699,0.10496675690543378,0.12250303571062837,0.06011740359187653,0.1074866779624878,0.10996190496252506
0.0076570472785483365,0.19178902045282056,0.21935455427393924,0.037010132104837966,0.11989991709981168,0.19014602392344512,0.1750497089698914,0.027571359355726965,0.03152223654097865
0.10027850179695719,0.10576072214794115,0.10424601979527603,0.12517989702584406,0.10859113284403428,0.10211814387026337,0.13398550469931209,0.11271570256958896,0.10712437525078285
0.07222873293151595,0.1385376567108091,0.11500189774684529,0.11336219056204046,0.11032172796035661,0.1310815852822028,0.07021958950284875,0.12094918244348625,0.12829743685989484
0.020540237814751474,0.10036961968826097,0.1237968650824506,0.13377374555448382,0.12446046861100424,0.1247497219462627,0.11151727165596446,0.125340344229598,0.13545172541722375
0.02282169692778506,0.09107585001684759,0.08890932954522801,0.12106474926904338,0.10493054568736498,0.13217019281423467,0.21544701015671006,0.10352388349319686,0.12005674208958939
0.19926158217122272,0.10411873075773809,0.09838178284648269,0.11284968444618458,0.10403633647363665,0.11078789157766357,0.0580555706578399,0.10530472623030851,0.10720369483892327
0.3284985339730032,0.10620210374844548,0.06625507722550682,0.09887107326866806,0.08915530063577877,0.076924787661764,0.048733830431432056,0.09052680707606649,0.0948324859793352
0.03592794926084389,0.10091994090343831,0.0852316263203074,0.13070501439223497,0.1151672319044884,0.1314492623325672,0.15894342234026276,0.11545100061740891,0.12620455192844812
0.07245343773167241,0.1232582725357984,0.13091483626593794,0.11600815930087414,0.11322861850922371,0.13612914188523045,0.07022334862266068,0.12029858298885976,0.11748560215974248
0.019790700253655546,0.0998769623642791,0.12382626544395348,0.13291805348507357,0.12280248528794531,0.13072833722014682,0.11336688154961799,0.12484914485616101,0.1318411695391672
0.44805284547609076,0.0919340102797615,0.0627740665558276,0.07808216709435545,0.07339833545128414,0.0631196389108699,0.0356861509478646,0.06843847626192119,0.07851430902202489
