0.1141699933303404,0.13168599747373008,0.12794311090979585,0.16341245744090463,0.10049229993891227,0.11330179249434676,0.10291564332313465,0.03256129854238574,0.11351740654644965
0.1319512799879033,0.12759611947655616,0.08916296930508216,0.1731656653477139,0.08536523811409578,0.11323952672260078,0.11459347882302295,0.02622291845636382,0.1387028037666611
0.09172848729632233,0.09678545945507998,0.0717960216867816,0.07262482451688358,0.11838051818631908,0.13204797813266728,0.11780713693666939,0.19927924024600197,0.09955033354327476
0.11484592828799046,0.12666720356323288,0.11093784371311106,0.0808461591454458,0.13777529116880313,0.10994654006440403,0.1259830327053827,0.07208815093644107,0.12090985041518883
0.12251835936749837,0.12335641185696651,0.12111237867114177,0.16232965735729793,0.10534744814313717,0.09505730254509032,0.10846224955412175,0.02811749355026551,0.13369869895448064
0.12301545073200755,0.12960025879664797,0.11932512244927596,0.1669217682095571,0.09052534469562144,0.1074879404145793,0.10847049871315394,0.027656034956074948,0.1269975810330818
0.13110111557377183,0.1294849493653976,0.1070773975495669,0.12750318894793874,0.09515066157538006,0.10235699848980068,0.12572133897402596,0.031296304604450965,0.1503080449196673
0.12795466976040526,0.12740172442944955,0.11057774678725835,0.1494795958877285,0.09495115201757816,0.1006707028637046,0.11686054343521927,0.028532181333486627,0.14357168348516966
0.12834870184568442,0.1263591247423895,0.1413711257083653,0.11670153653234361,0.09380617839029566,0.12202313246138442,0.11739828817655505,0.03661059520429629,0.11738131693868588
0.12419012262387606,0.11783994487234291,0.1532344644408161,0.09216633866108707,0.10340783021152966,0.12926326959843457,0.11798747750381472,0.051704044244225665,0.11020650784387333
0.1299512258436375,0.11359407961742542,0.15284581117260457,0.0852926009715221,0.10722212186679482,0.127123006117018,0.12132672880532808,0.0488923591609309,0.11375206644473862
0.14034009264636074,0.11575088539604288,0.12527653508309575,0.10542034685552269,0.11059761221237403,0.12712096061600367,0.12203612940279272,0.03568038264798911,0.11777705513981841
0.1232922219762221,0.13035161139313742,0.1297219868076293,0.10502252340006957,0.11475509629412334,0.10311152247008847,0.12258015515328617,0.04237341283755245,0.12879146966789118
0.10668114931666299,0.08907027859884716,0.10592035032280674,0.07938956146133223,0.14649730146464449,0.15930085047623946,0.1062901671234421,0.1169039159917572,0.08994642524426762
0.09673613092183415,0.12302944105411451,0.04836712641307428,0.07180329015027337,0.172667013563551,0.0958584278854498,0.1284945767940312,0.15032919545094986,0.11271479776672184
0.07188368435168903,0.0776310049287965,0.03412244258791534,0.05914434350801361,0.13767591286798456,0.11126352262251817,0.111849256555024,0.31110430714745113,0.08532552543060767
0.08173999531742443,0.09759954869599359,0.032098765291892074,0.06522195342913206,0.14703128976741123,0.09755704294645433,0.12274793100908037,0.2597474532587684,0.0962560202838435
0.11977005509028256,0.12522183702459336,0.13738916092741404,0.08797629065625899,0.11885041248864701,0.11358166584139913,0.12214252434187138,0.056856845926628756,0.11821120770290487
0.1315155558907874,0.12946421237661665,0.11930447394471831,0.12420006382359357,0.09286815718036405,0.10593086780473089,0.12374265175829435,0.03141321110308615,0.14156080611780864
0.14681957529460468,0.11731600137854988,0.10250243659953329,0.10000424309144847,0.10141695282329218,0.11340467548445236,0.13467765921093713,0.03338684764034327,0.15047160847683874
0.12050484504407223,0.12965470631173243,0.1266901940522485,0.10329240199418237,0.12345652064830416,0.10197100164096838,0.12079340603269212,0.05064014908840687,0.12299677518739294
0.03957521871736549,0.04140326486900816,0.015174283311711258,0.046062420843572864,0.19528686721522967,0.0957695847566879,0.07800986773673207,0.43410678167032685,0.05461171087936582
0.13373272187683607,0.08727693667403467,0.14890819894689933,0.06475729124453854,0.15214295969722627,0.13629404987274873,0.1126419071862828,0.062472746830847546,0.10177318767058602
0.11232865045785696,0.12681803366750818,0.10224568267053134,0.0812647309166698,0.13852260935555497,0.10972176249686016,0.12608893233815036,0.08542409755486907,0.11758550054199905
0.1379360649798267,0.12491838111866549,0.12538685221809276,0.1101463198384318,0.09097042690061247,0.11523008417805199,0.12716839478578024,0.03310574626568985,0.13513772971484883
0.1346088699386367,0.12847299190131242,0.12004868350748621,0.12288699369026941,0.08876469630720964,0.1104929035026485,0.12446711195957183,0.031034494285900303,0.139223254906965
0.12661187295582008,0.12578827203571455,0.1004527155440295,0.17441274929158887,0.08941587319114268,0.10303774285440125,0.11207109496322872,0.026330067945772473,0.14187961121830187
0.1109291432912231,0.13129435831685324,0.055083916382309785,0.0886421492325699,0.17562942626630304,0.08408245910521134,0.13084652456474077,0.09959461393828706,0.12389740890250167
0.1254259017177307,0.12904280664532886,0.13466329429288137,0.13150951203121344,0.09876568050223815,0.10387191786446541,0.11532854216294608,0.03183570733949239,0.12955663744370371
0.13340785591168794,0.12640167004209615,0.13505758946866175,0.11480602827260307,0.09066097842243376,0.11751611490664306,0.12210681219615109,0.03376384667136869,0.12627910410835452
0.1368856558175142,0.11421806373190115,0.13670522401458632,0.08446520846617589,0.11012466347817777,0.11822111312269235,0.12825368645597693,0.04238184699307237,0.1287445379199031
0.054665913346884316,0.04815608008649105,0.026346074484138338,0.05355252287571718,0.15202078643897038,0.13170440681667153,0.08673031988080875,0.38286008622786216,0.0639638098424562
0.11988220169745523,0.12814174453407898,0.14588290367035964,0.12114988800833242,0.09765068496744884,0.12133970053184741,0.1119276430452827,0.04120523322787386,0.11282000031732096
0.12458433389477093,0.12888418680539204,0.14337319411837324,0.11253722331063203,0.10263360917271515,0.10779942767343807,0.11829909679505535,0.03744678098107723,0.12444214724854606
0.115360556089302,0.13336780144129298,0.08608132283714919,0.09137104115955182,0.14626357482027988,0.09724988488066853,0.12971977949295097,0.07495216605839938,0.12563387322040528
0.13091806265389752,0.1290442496042787,0.12815255581129822,0.11346625799902214,0.09534045025475513,0.10797610813761828,0.12473014319779008,0.033870259479790256,0.13650191286154958
0.1354274786271343,0.1284874919790312,0.10861101750128349,0.1261598894775493,0.08885982018324103,0.1077038179322572,0.12643262393684873,0.030420349243556816,0.14789751111909785
0.14671208805771377,0.11517101685661514,0.11698481735648791,0.10058510852670229,0.10455860102704913,0.12075744201397047,0.12915899567878308,0.03359460728269975,0.13247732319997843
0.12200769409362977,0.1273110164598089,0.12630221492897994,0.08762302583953041,0.12175086439074385,0.10938942608116253,0.126421189733265,0.051937911532975695,0.12725665693990387
0.10682770091666945,0.11517336847007457,0.12278707755423446,0.21299579020878823,0.1209478547910599,0.08879892616127498,0.09082298040723957,0.026526508771478052,0.11511979271918071
0.11663584880677491,0.11068716334882873,0.14044103948174988,0.07443370167869644,0.12801443644089533,0.12609439189638552,0.11882463587422408,0.07614968901631558,0.10871909345612958
0.12467864913704892,0.12690031038842484,0.14838356488232987,0.10248808348175555,0.1020617028544859,0.11357289374921442,0.11977358004265225,0.04158422343306919,0.1205569920310191
0.1057374651471471,0.11906367004980589,0.08811251703045403,0.07881362989299055,0.13149651296137546,0.11507177089367036,0.1251752767021396,0.12577414488776353,0.11075501243465345
0.12546742095383742,0.1223349252306518,0.08724711136181264,0.19088292235111207,0.08885296177250372,0.10207178263963175,0.1111506889167,0.02557005724681263,0.14642212952693792
0.14211036426948212,0.11751265231697537,0.12841107078453493,0.09860336385154052,0.09994631761824087,0.12045448518671938,0.12805986709881115,0.03544681153182781,0.12945506734186782
0.12911426219625535,0.13102713210767364,0.1036634913360085,0.11433115036554609,0.10256754855764834,0.10094702260641703,0.13046291438702676,0.0351101547678668,0.1527763236755575
0.12296964796364641,0.11706591867575496,0.15222254092651277,0.09208870095653594,0.10436942326543441,0.13127142903379319,0.11714669241928916,0.05413309476208831,0.10873255199694483
0.13486529487290277,0.1191317153006868,0.14394411073923472,0.09536540516021885,0.09875950674153962,0.12194475786912999,0.12449251730387827,0.039617898113354866,0.1218787938990542
0.12308113374487932,0.12581645707127345,0.12920313008342946,0.1321911472976837,0.11674657586229188,0.09474555722777828,0.1138216063103249,0.03435508866132484,0.13003930374101413
0.12809133765016353,0.13047693906268473,0.11068477617044799,0.12070429937195282,0.10298110169816309,0.10013151918101405,0.12610070369949855,0.03379344806842645,0.14703587509764868
0.13077390024465516,0.12306338763822318,0.14706707821215956,0.1008624084514685,0.09591746538898153,0.12052815353974944,0.12202691458415277,0.0394309662974456,0.1203297256431642
0.12304827965448588,0.130011915850206,0.12931490810969487,0.10953394901646081,0.11616891800659328,0.1010127831452307,0.12097709653045612,0.04133104730030741,0.12860110238656486
0.119759839231998,0.10044966762983981,0.14693056731413598,0.06907693829876844,0.13457511731367683,0.1317072324072696,0.11620210444007101,0.07616129826537543,0.10513723509886487
0.14600624834003406,0.12018595744194345,0.10354637185756065,0.11904805431582209,0.09833891923265008,0.1204371398879921,0.1266918362242195,0.030271684644974418,0.13547378805480356
0.14149121285467683,0.1068046851305637,0.12931780535641588,0.09240086129423845,0.12707037044883338,0.13100658843399993,0.12035119242568486,0.04007767677392828,0.11147960728165873
0.12325555774457224,0.1311585914330937,0.11898053371827695,0.16257037563755128,0.09077137332729539,0.11286674561541606,0.10909327270335756,0.028676330558937136,0.12262721926149982
0.11440997602645646,0.11825644237170636,0.11931917287324102,0.07454390135910173,0.14166948282499026,0.1154803333787906,0.12318123032424866,0.07651837235406571,0.11662108848739922
0.11589878154551787,0.1213267492141362,0.12496223583119408,0.07878242289469758,0.1323713253791789,0.11546202585520145,0.12314137447537243,0.07166081838135374,0.11639426642334778
0.11490891263856995,0.12078927130325973,0.11182018584187726,0.20534633366464014,0.10054839989130054,0.0963250674631136,0.09954493032898538,0.025247656059103982,0.1254692428091494
0.14085108355963324,0.12524996499406535,0.09721699991419804,0.14000878521164908,0.0911537266714254,0.11865878601551307,0.12202462693464418,0.02833229769801487,0.1365037290008567
0.10480731807404338,0.11372126277653954,0.09801796442388006,0.07522658192907176,0.13263260908712882,0.12135953105499304,0.12201064680595308,0.12469788589405544,0.10752619995433488
0.1043208805018635,0.10703694748115895,0.09048876965839327,0.26190734652200437,0.10801930823587312,0.08997233534544136,0.09553295788457135,0.022968249887148042,0.1197532044835461
0.12365803157848965,0.12346826635212726,0.11573632418678792,0.16139899916009026,0.10433062244298108,0.09506161125159222,0.11055741325549902,0.028070207213707454,0.1377185245587252
0.12091922724395392,0.12356590923765653,0.15025042250541476,0.0932428719634117,0.10785035406757436,0.11893558260949406,0.11884884836794075,0.05195635926296702,0.11443042474158699
0.1425551996639971,0.11372477908352159,0.1258968006357013,0.08843998775495225,0.10826497356594118,0.1172686145692196,0.13086883661581986,0.03811301462753669,0.13486779348331043
0.13268077751563134,0.10442693918984647,0.14741834648667085,0.07379151118490723,0.12583789350030583,0.12453906969576915,0.12222511450191374,0.052437227707927754,0.11664312021702765
0.12579221124701007,0.1257469107916636,0.14577171410052436,0.09640792504169031,0.10446333382071286,0.11385782951459422,0.12235619380723912,0.04324050866146353,0.12236337301510192
0.08644452841953577,0.068033334075516,0.07585492562661182,0.06058154691477948,0.15478495819861823,0.15596110916823494,0.10066048527930833,0.2169207451423908,0.08075836717500462
0.13872764813879884,0.12709801985515742,0.10165225758713765,0.1260141489541748,0.08734150038131731,0.10949638798368154,0.12826820779272483,0.030021102454949933,0.15138072685205772
0.12791052390881383,0.12933119373477744,0.12401912560545593,0.1291957867655528,0.09811700748425084,0.10257651340415024,0.1197022841383889,0.031466203728920956,0.13768136122968902
0.10740048059306369,0.061335694124197065,0.12254383393307351,0.04921054501295696,0.19513561797366794,0.14991921485012713,0.09553261877674167,0.13768787857825343,0.08123411615791858
0.1308980863387038,0.12947514944196825,0.10774004631104717,0.12797508479820832,0.0953271173081676,0.1022597737708749,0.12533871138775807,0.031243638603671835,0.14974239203960002
0.11789233821166367,0.1289083182425619,0.14336249452226632,0.14285121155420466,0.10163076333361282,0.1070713994654881,0.1065071194554131,0.03416279069014285,0.1176135645246466
0.13032065470859858,0.12181471562070062,0.14463580816871993,0.09181060220226366,0.1026042099775023,0.11710264011876155,0.12500396016578366,0.0424811829853581,0.12422622605231153
0.07117696084188975,0.06807216504623571,0.04239445652631918,0.05847815486003446,0.13202203574257906,0.13077175187833148,0.10408610004818875,0.3121550731141936,0.08084330194222798
0.11176787009236222,0.13620351770157654,0.0744753031311597,0.08790330755386927,0.15716561946968213,0.09452496502499376,0.13210944195839372,0.07563839001165373,0.13021158505630895
0.1240493972977141,0.12402228395041874,0.11561815700853022,0.15955305805558764,0.10350248288220358,0.09561191665472364,0.11124868274205697,0.028187474041068677,0.13820654736769644
0.11988044638481439,0.1295355704962694,0.12834631318788284,0.09919609157476476,0.12229576341378251,0.10467084998473197,0.12137828924475953,0.05306422692596761,0.12163244878702695
0.12224002967630199,0.1282382847636989,0.14880585244031266,0.11208990241201071,0.10282249031604361,0.11078694940343513,0.11579428629748002,0.039978630622925095,0.11924357406779185
0.12029670303706776,0.12711996306215848,0.1441231673428198,0.1276061077298924,0.11093513168562356,0.10153231825964297,0.11059556760186635,0.03694314947483751,0.12084789180609119
0.13144419223700773,0.12955232227395133,0.12039013318934351,0.14019390128766604,0.08761396996307985,0.11476353234442428,0.11729308954179106,0.029584945110231353,0.12916391405250482
0.12596205827214305,0.12650259246130477,0.1417992366008833,0.09606182709854912,0.10622058468388729,0.11197689101394544,0.12355415577852587,0.043041208265553015,0.12488144582520821
0.12058354169946696,0.13123062402035995,0.09823444635202762,0.18490712224173456,0.0963769753642247,0.11553968317479146,0.1061835045507337,0.027083629763908865,0.1198604728327521
0.1294121746310051,0.1289327322445281,0.13107310629761068,0.13080164108426182,0.09062405289308352,0.11821776004030399,0.1165569257721515,0.03223332699011384,0.12214828004694138
0.08224287423698927,0.06758635010852294,0.06907254892375993,0.05857874018156861,0.15110595871364563,0.14932142755040664,0.10150390135170245,0.2395947136867744,0.08099348524663005
0.10398986676973393,0.11833495728600156,0.07337779188952899,0.08199996542462169,0.12444672359925313,0.11134358387219256,0.12765993903388356,0.14724466572895614,0.11160250639582842
0.119203159236989,0.1261913861138402,0.14698089431187378,0.0990118606813048,0.11006696106665259,0.11445857086291489,0.11738094011681273,0.05142352249302603,0.115282705116586
0.12225767197185289,0.1297615423624521,0.13287969145750658,0.10096805476944264,0.11594397460057919,0.10521728417988747,0.12212608673203816,0.045556989274409716,0.12528870465183123
0.10307850969877164,0.1199603941190809,0.10628490045837291,0.23296061359706885,0.11176429771363834,0.0952789903267357,0.09181286032478374,0.025154604373001804,0.11370482938854615
0.12319840498062216,0.11703855674515636,0.14381607032638966,0.07998631459145426,0.11972822552427022,0.11951111489912704,0.12252789958626786,0.05693428440947471,0.11725912893723783
0.11617259955780557,0.12105802581866702,0.10436924010092263,0.20908766809996018,0.09656248144999464,0.09811322439234811,0.10128161218672461,0.024854114384538484,0.12850103400903876
0.10042155349790623,0.10269697862729732,0.09794331381589243,0.07181186819000727,0.1293055146797585,0.13181250656258522,0.11768750783597126,0.14673641492589493,0.10158434186468678
0.12189225806584227,0.12417943194916774,0.1427408698677732,0.08861160403226098,0.11425648272765793,0.11494300718374695,0.12212995330150449,0.052448592251474434,0.11879780062057198
0.1265471718410733,0.12685413153770342,0.12859668184557246,0.12926665748802338,0.10072645997167502,0.1253873727344711,0.1137349758683402,0.03553100875626501,0.11335553995687608
0.12877968074876633,0.12084765939694588,0.13765632416886842,0.11017516414268726,0.10449870973748492,0.12994283152047928,0.11647952754573626,0.040794672894517756,0.11082542984451386
0.12418367704008594,0.1313883354712757,0.11833950848627439,0.11003586943293224,0.1151212513705674,0.09966413535599382,0.12493763330782559,0.03975457126720809,0.1365750182678368
0.11809883642960824,0.12623130500260069,0.1467603763136202,0.10147962045844956,0.10967219635161968,0.11492207965543105,0.11606757572747688,0.0523992968105667,0.11436871325062688
0.11762024535108206,0.12478036289782751,0.11987580722747225,0.08073141199808624,0.13346091567008297,0.11131098496208018,0.1255729208812058,0.06412786331600497,0.12251948769615813
0.1161994089540041,0.13144267297335488,0.0784530027487424,0.09423231614440224,0.1521269397374356,0.09261771491248734,0.12959304029063626,0.0807518889132335,0.12458301532570366
0.10848232418703845,0.12345295316662164,0.05863347861297613,0.0855539566207301,0.13937181670628904,0.09643038651280382,0.13204912792217324,0.140380606534141,0.11564534973722664
0.12715950069397083,0.1234756065877101,0.1264916903997271,0.0860115291363035,0.11726354298148807,0.11080506089194524,0.1287766211121422,0.0470024325470161,0.13301401564969684
0.1263042673817397,0.12884164254815964,0.12685814852589888,0.14226216174729053,0.09504955857545627,0.10362665179590629,0.1145015552006442,0.029652432307036514,0.1329035819178681
0.12030517958923381,0.1276384535100867,0.1454041330994136,0.1248998579874167,0.1092323005041393,0.10338748389654455,0.11129055984395163,0.03764420485647171,0.12019782671274198
0.13287723446051086,0.12734478205467792,0.13417110270301844,0.11420056832619781,0.09076293923484491,0.11432009486951317,0.12305665618685467,0.033535409103949795,0.12973121306043245
0.12162948597069205,0.12842996463746217,0.13817869443131547,0.11302505670168823,0.11549107979996731,0.10192889734986067,0.11658839731458333,0.041721632263680225,0.12300679153075049
0.13972577876750933,0.12552584647603135,0.08596150100454869,0.11872621706815774,0.09140055417635369,0.10582836499514875,0.1342856309497527,0.03161725852848378,0.16692884803401398
0.11867166727322102,0.12010665813158673,0.1499161937760721,0.09488279169363667,0.1045005298643605,0.1291141211100452,0.11589307457496843,0.057992458911176555,0.1089225046649328
0.10966014749294402,0.1266561994174074,0.09183556721494762,0.07769127806425397,0.148550900648563,0.10805040925712213,0.1272872171737953,0.09159100937802732,0.11867727135293933
0.10371043907045328,0.11745472031519501,0.07968004676857066,0.0792356062897774,0.12807091801441767,0.11447188756911209,0.12600520885386446,0.14116969427460357,0.11020147884400593
0.11397887330564231,0.11002897576197473,0.139845255072821,0.07814863754221012,0.1194247306646697,0.13298762274076814,0.11679267955414256,0.08373656039955957,0.10505666495821187
0.12322950832001418,0.11437863562749406,0.14772891418346343,0.09317600829811155,0.10803509908133994,0.13609868733189845,0.11579409994683693,0.05558927105671605,0.10596977615412533
0.13485208491392398,0.08778300152874009,0.1441330741678562,0.06840039519203185,0.152904040716339,0.13999576132803035,0.1116801820008842,0.06121251636989224,0.09903894378230195
0.10628622513647755,0.10981089922380453,0.1139490510993833,0.07626144243373269,0.12502836129540099,0.12988555085600179,0.11847774978037973,0.11533812924280501,0.1049625909320145
0.11694170960729296,0.11561825294812693,0.13876572971639503,0.09824526940243002,0.10986598246058354,0.13988079214775306,0.11302290105269884,0.06375609406123488,0.10390326860348466
0.1252687845901608,0.10909994933687073,0.14900597397216211,0.07516919336214027,0.12306220547800827,0.12492146207141275,0.12072939479521022,0.05941577650922056,0.11332725988481428
0.14141459074259863,0.12076213271597301,0.12248584606678707,0.10135336579084664,0.09587930382808947,0.11615255292090425,0.13025273158141457,0.034424669231089715,0.13727480712229667
0.11468411513247646,0.12818797024767345,0.08389362144942963,0.09188054159088223,0.13728268346211747,0.09975243774576444,0.12828915066994068,0.09687556805390407,0.1191539116478116
0.12610811679376285,0.12815634119169236,0.14037290808053518,0.10218619435531162,0.10420780878639686,0.10961719168899266,0.1226617332701337,0.040096330807522486,0.12659337502565224
0.07557385043133712,0.06636480157680806,0.05431157905931578,0.058253312410101114,0.1421391950361839,0.14209686363900043,0.1016076139532327,0.2795653938295081,0.08008739006451275
0.08829325869047396,0.09485338727315125,0.06506561536082435,0.06001738990109232,0.1819597040414905,0.11356755346286203,0.11660902861507567,0.18127496178076274,0.09835910087426714
0.10733858170843506,0.12115521774310485,0.07415345987959666,0.08736038989631244,0.12308002007194373,0.10729083404059463,0.12858460438775182,0.13643726159206468,0.11459963068019612
0.12256152420179293,0.12871172205923426,0.12315057988298368,0.16425363939575974,0.09274627015194,0.10492333926050941,0.10818506481062116,0.027876284765738068,0.1275915754714208
0.11454607241515362,0.11987668068289763,0.13625008981730324,0.1725125771914767,0.11798638122243678,0.09203309837258707,0.0978320170312093,0.02998441258002023,0.11897867068691548
0.12335366760888002,0.12844559624140958,0.1462985331714069,0.10991466719582203,0.10398203520460801,0.10919407905068457,0.11759833158893228,0.039553591191960204,0.12165949874629654
0.12093743131644359,0.12193598951224023,0.10452125237197814,0.1918025637932872,0.09578117580719918,0.09804589316213946,0.10581619903760132,0.0255483904854384,0.1356111045136724
0.10769559804972302,0.10813071084809393,0.12207424736228985,0.21833873361440312,0.1295195309884893,0.08280413447483181,0.08977442603509733,0.025720961577890177,0.11594165704918151
0.08189139620790258,0.0952234415548837,0.01924052737804074,0.06965972991375009,0.13744326081240021,0.07940068433651722,0.12809486452513857,0.2943931000948367,0.09465299517653021
0.0941826431606521,0.08751874476857123,0.08824755208880725,0.07046734794085226,0.12572884109416718,0.14914217203469785,0.1109048476837955,0.18037261650037248,0.09343523472808402
0.11864637238855665,0.12573436848655642,0.13181859596520787,0.11551094708322718,0.12475703979939536,0.09972597502082244,0.11350161264471353,0.05151179141771167,0.11879329719380878
0.12516364695230606,0.13060210496850358,0.1266480194776675,0.1079723236047689,0.11019893589715413,0.1028168263057629,0.12397622638992134,0.039009633639409465,0.133612282764506
0.12357059618105189,0.12766349594096757,0.13460316824931748,0.12997673579868654,0.10848407284906197,0.099164336634457,0.11421984803265811,0.03350560804903144,0.12881213826476803
0.11799843334502358,0.1222167786052169,0.13316026426254898,0.12909310324856613,0.12963602622444503,0.09475281038533023,0.107836330316674,0.04660517725356539,0.11870107635862977
0.11021142702072277,0.11830441651276213,0.11761619045409072,0.08077079864549849,0.12502377334922432,0.12160531113091022,0.1208125585313055,0.09596280543653346,0.10969271891895234
0.10986473872704612,0.08445578688458678,0.13017022360664587,0.06276796680950962,0.15010057690677325,0.1460846415692081,0.10866349563796633,0.11508394732182799,0.09280862253643583
0.1281880440510974,0.1280206267892245,0.12807061165468314,0.09718365119770467,0.10676673956856124,0.10829260888020147,0.12789393292307003,0.0407136100545837,0.1348701748808738
0.12187815563591016,0.1281644980542003,0.14216101817066729,0.11892710693926445,0.11060250401104443,0.10265898263071854,0.11454254149548039,0.03824743723065174,0.12281775583206267
0.12115473199316651,0.1310963740186899,0.12104535802732376,0.09496932386331937,0.12250603006045364,0.10463717306102911,0.1259252171891337,0.05018328842068622,0.12848250336619785
0.12074481340324512,0.0768905821135472,0.1209265171514598,0.0671184085400643,0.1707414302408903,0.1565289629082812,0.10228901589090794,0.09849834573494119,0.0862619240166629
0.11958395324664843,0.129635815188231,0.14337547354798008,0.13014242805178888,0.09688069200840431,0.1179861703664547,0.11032071144591926,0.037807388441030154,0.11426736770354319
0.13599770527737967,0.11642597498832856,0.13594858908730564,0.10189290402645879,0.10701323105054765,0.12852231397465766,0.12068090114090733,0.0389040364830675,0.11461434397134722
0.10372435137145315,0.10837286000389657,0.10335463013444142,0.07351734019225183,0.13064476912196385,0.12735315231372785,0.11941489174876356,0.12909887273383416,0.10451913237966759
0.12829701747611508,0.12960904122534297,0.13024615832689102,0.12066509440887481,0.0974609144322563,0.10541551156598943,0.12100438483516718,0.0330381863929324,0.13426369133643087
0.12396545740472746,0.12330435378656719,0.1522672659944239,0.09506888732795145,0.10316952850442983,0.11971104042530545,0.1196359791404195,0.04696623127796934,0.11591125613820587
0.10892642545925912,0.11554217737320867,0.1016029972640786,0.23471409690895784,0.10390145450868166,0.09368923109750936,0.09598794443013847,0.023980920172384606,0.1216547527857816
0.13478745819534366,0.12269617208474455,0.13577258895634134,0.11002570962256293,0.09569263211177471,0.12315021569589528,0.12161031105260567,0.035650675146306675,0.12061423713442519
0.07839464773783433,0.08664275137514117,0.03839347602033017,0.06413634702413441,0.12585684221087257,0.11255723694897558,0.11801324068182899,0.28427962951714364,0.09172582848373928
0.11839249389181052,0.12773752976446817,0.1295738818436358,0.09078786558706432,0.12252129519150247,0.11002455941907853,0.12238968133566124,0.05969394845813625,0.11887874450864272
0.1360816685242159,0.1278796774230251,0.11826991405977005,0.12664379656500646,0.08723799663263974,0.1135758450999234,0.1234132448169692,0.030342707312120378,0.13655514956632978
0.1150309077941805,0.12044350005166306,0.14200556536187883,0.0900210932489397,0.11156276053463056,0.12507303486701435,0.11708201620469195,0.06909017256485235,0.10969094937214863
0.10527331853266787,0.11605859031037165,0.09755850555125334,0.08133103465719456,0.12190472328026121,0.12187634466995419,0.12222642742258265,0.12467845525790296,0.1090926003178115
0.12448338665061748,0.11929437436995098,0.14550051212142834,0.08348102077298729,0.11445245830059708,0.1185650408533969,0.12294618720777883,0.0526719157583801,0.11860510396486308
0.11851173485976534,0.11803650241537648,0.09042378084738163,0.21510600722737264,0.09376476659229138,0.09815641512916534,0.10458455725070322,0.02451139573224639,0.13690483994569755
0.12387044667663942,0.12487496943713994,0.14152612936090012,0.09003667059340192,0.11210867138907872,0.11356808059430996,0.12342999674003473,0.048571588322785096,0.12201344688571007
0.12963352840535688,0.1296339757830126,0.10355665590488704,0.15985892818364747,0.09300179022089362,0.11831613394759405,0.11311149555822404,0.028116963643278408,0.12477052835310587
0.09365602806964157,0.08532863753600502,0.09039400290355289,0.06294243196075743,0.14423456109694707,0.13899093175891838,0.11103614554438135,0.18097688379210716,0.09244037733768919
0.1210211793051471,0.12991739174809544,0.12124009478266497,0.09063606080831792,0.1234073096159543,0.10668002700922925,0.12672199448648885,0.051977721576402645,0.1283982206676995
0.06257868219420003,0.06202874548806764,0.02856071382456929,0.05647371985230728,0.12576162361752516,0.12078553909678728,0.1011477844470251,0.36715045299745913,0.07551273848205914
0.10021203198145591,0.09452834325801512,0.10409120176040887,0.06628092918813135,0.14049254717950174,0.13548195958543202,0.11428225118988282,0.14706510219058141,0.09756563366659077
0.12353732891091125,0.12456011079202618,0.14853682947231597,0.09363432413669136,0.10704370689567101,0.11602999332597974,0.12089596342077465,0.04737845040972923,0.11838329263590057
0.12195043027178036,0.1280494482161276,0.14224464001136936,0.13119364478490755,0.10488252105403821,0.10272755383667727,0.11157068177377327,0.03396002913819716,0.12342105091312923
0.11952430091364341,0.1260923891020498,0.15059292753049205,0.10318767883154945,0.1050428210271443,0.11704386878301122,0.11581824274618917,0.04846167655160919,0.11423609451431142
0.11918752229954803,0.12563644446795313,0.14021635924448364,0.0911255730177355,0.11638637542523467,0.11381248858457664,0.1205462956337156,0.05647075057970899,0.11661819074704378
0.0684105622620728,0.07358585665640259,0.028657271787121814,0.0597494139668667,0.12194162668566504,0.11082793776677184,0.11120883408750237,0.34268037782081656,0.08293811896678033
0.12969274725561183,0.12709555200922598,0.13837848023113083,0.10274159816617111,0.0986517236910131,0.11163017589894819,0.12460597457330058,0.037727504196334694,0.1294762439782637
0.11792130346854608,0.1256109755981273,0.13751191193351597,0.0909194468806972,0.11799444437344213,0.11390987208709615,0.12027322553893281,0.06021193025817668,0.11564688986146565
0.10216182811157333,0.11305747452971117,0.08777162828623596,0.08012364334807316,0.12017155189046008,0.12267705781527383,0.12262721750900425,0.1433966188000715,0.10801297970959674
0.11519843804856898,0.11813255276835884,0.14068879586099858,0.08434870094245639,0.11594648392629521,0.1252773959862619,0.1182439966293398,0.07289497932048593,0.10926865651723432
0.11418759847588894,0.11310520784609239,0.1408942890865634,0.08569744843911531,0.11132300525140987,0.1360024338354611,0.11559348096121186,0.07805996218413114,0.10513657392012597
0.13214974872239862,0.12948053850406496,0.1151425321589129,0.14434715043659316,0.08662219431318048,0.1135110434457169,0.11754354323575848,0.028764133289871832,0.13243911589350263
0.10966188131641437,0.10658824158963988,0.12736363690213545,0.08388551005792544,0.11480330821641804,0.1447896093581617,0.11378729842163386,0.09763949726645625,0.10148101687121495
0.1215696398917978,0.11560046916187151,0.14211557399774322,0.07782000539463226,0.12387869597441642,0.1202476552529738,0.1218859689553188,0.06114942939944134,0.11573256197180487
0.09705096855756723,0.11038038431611069,0.11605858166091158,0.21891264597876958,0.15203551028282336,0.08368835565071579,0.08225021104050577,0.03105284783195689,0.10857049468063913
0.12351647963817436,0.10916082319733456,0.15178090880651446,0.0829150509325009,0.11270265080753084,0.13602719341437647,0.11680291992466917,0.06156582726208056,0.10552814601681865
0.1209356727457569,0.10601891046605404,0.14678057146144305,0.07204272932974819,0.12963633400687782,0.12753604491844092,0.11848438127540765,0.0694981834547304,0.109067172341541
0.12447530055583987,0.12733508238439492,0.12084333848998398,0.13055110834863434,0.11345359394312009,0.09531082606202103,0.11783637844900752,0.03372792838117542,0.13646644338582284
0.08569419389455786,0.07434889525985837,0.0728297541851432,0.06277935831734686,0.13865521034937422,0.14938696971409635,0.1054712209441128,0.22527501631568345,0.08555938101982684
0.10520459712865095,0.11246329628640983,0.10513458622705303,0.07775516489817519,0.12462616822817818,0.12616599381355068,0.12024253307311224,0.1218114621175694,0.10659619822730049
0.09996900215419942,0.1044414795105751,0.09327220550986776,0.07186898146006962,0.13074071643032037,0.12853515351036485,0.11897345603609359,0.1496438732591704,0.10255513212933881
0.10465213543740108,0.11154341923313983,0.10036198161445654,0.07265463079022734,0.1377767801603653,0.12207578307111484,0.12113787448538564,0.1231547350272378,0.1066426601806716
0.11948225939296757,0.0880134976633673,0.13203806574341068,0.0718442143905642,0.14922584804871494,0.15178761323620263,0.10793376925177141,0.08738814756986123,0.0922865847031402
0.12904666087968764,0.12865904466698283,0.12664378314079439,0.10098916112664104,0.10390010268068217,0.10750740852169145,0.12783781606861794,0.03866873771609916,0.1367472851988035
0.12331105707218364,0.12947618133324826,0.13215042147292785,0.11286009142822995,0.11407951401005349,0.10092466107843596,0.11950478409646298,0.039503152648964306,0.1281901368594935
0.11882305986590345,0.12429429103274055,0.13172325516882044,0.08401403944354058,0.1242661181804872,0.11370261266893489,0.12329642676161674,0.06114750316184597,0.11873269371611016
0.11881471587894797,0.12913500188863095,0.12468867210698596,0.09121105972563405,0.12472022826714003,0.10782659513388006,0.12378052684787612,0.05839471945639076,0.12142848069451408
0.11873899282960594,0.12159993413188619,0.1082833922829734,0.11744190321431679,0.13661620764243426,0.09353793696402139,0.1152091998368847,0.06816400381991233,0.12040842927796502
0.1279401337479399,0.12926321773733251,0.13559922971849359,0.11371789992364183,0.0984747666544515,0.10748114943941589,0.12162327441397593,0.03496549106033354,0.13093483730441532
0.11840218878430281,0.12077026269293974,0.14464790165871588,0.08575591430001728,0.11533742842413718,0.12072650808008589,0.11957851215936381,0.062248638141400185,0.11253264575903725
0.12985474629234325,0.12940209103923017,0.13179087573182585,0.125569974450401,0.09099263128882736,0.11012968082499529,0.11957830843228949,0.03171046123575543,0.13097123070433217
0.12366465374414581,0.11627999621612821,0.1502446177289645,0.08204597260436138,0.11368613941249495,0.12302311324142978,0.12098072606190145,0.056015935743039515,0.11405884524753442
0.11052697437776356,0.10438354679704469,0.1301109607667247,0.07140316661491496,0.13179819502522602,0.13240082184603105,0.11643572276007659,0.09977418677166423,0.10316642504055414
0.11830078226190173,0.08171151115868291,0.1375576676627939,0.06302609138396516,0.15692300640572163,0.14889570618322354,0.10661371336345282,0.09540446168788776,0.09156705989237053
0.12087027223003166,0.1264721892202172,0.14140932268616035,0.13390187411202092,0.11093400148448757,0.09923574094106824,0.10976401269650815,0.034491556523375135,0.12292103010613074
0.12503705982632907,0.12905328672414054,0.14410433412725634,0.12287874536654786,0.09345209581643865,0.11528300114360235,0.115184262013997,0.03523904667623866,0.1197681683054495
0.12083997251732209,0.12515095510769683,0.09619770795290998,0.10746482541639307,0.14437542987855223,0.09114414051766058,0.12230096371554333,0.0702367309635308,0.12228927393039117
0.11950266074576825,0.12787754517837394,0.14933308733950088,0.11356512303267356,0.10563920787865023,0.11119094850770563,0.1134581374089907,0.04297344442803275,0.11645984548030408
0.08471938405210055,0.0826598971804649,0.06464039569165857,0.06510377640711161,0.12754036776560754,0.13724917798965788,0.11132975197265205,0.23579256517182476,0.0909646837689222
0.11881670599287676,0.13322988982386136,0.09420439524743657,0.1012756139018302,0.14102663731346043,0.09423776022835677,0.1284973287926718,0.056801343277156024,0.13191032542235
0.12721929491410114,0.11734751426947217,0.14340756764115004,0.08189404050921086,0.11532004591409147,0.11825149787953931,0.12446719549449103,0.050597205423598905,0.12149563795434508
0.08293829902034507,0.09321169570410764,0.048404712982881876,0.061392053096790196,0.16343524038441612,0.11013018442942858,0.11763517151523366,0.22756986543020086,0.09528277743659606
0.12773142516762467,0.1173776831089804,0.15329993222171265,0.09056492144690516,0.10299140645719063,0.12674998344376154,0.1201751750884369,0.04791326032979526,0.11319621273559279
0.11355150363715627,0.12981342977651997,0.11518608077798521,0.19100133217352733,0.0979049029459073,0.10700799311381205,0.10039538098243439,0.027539121337317285,0.11760025525534028
0.12309736773952935,0.1303367309541756,0.1362407410632803,0.14242759469033198,0.09299287375152011,0.11068193016536688,0.11095107026567273,0.03142516667705178,0.12184652469307126
0.09422740360353798,0.10700635064366515,0.05070331664293468,0.08055008115918964,0.10914479129932099,0.11041993787345145,0.12877787143082844,0.21133206078823608,0.10783818655883559
0.12115713866709442,0.1280095129778764,0.13568897104590658,0.09366254838272121,0.11693811182022255,0.10951747968288843,0.12250145652318295,0.050780892958688074,0.12174388794141937
0.1189088616433754,0.12685459257801798,0.14042300767396257,0.1493268315761613,0.10496015296952214,0.10103659553181621,0.10570538639379501,0.03167640689637465,0.12110816473697485
0.12757743236495764,0.1292476692550532,0.10988900369915794,0.1640576791372994,0.08708629369843601,0.10889431435866696,0.11251571351062167,0.027149540103506512,0.13358235387230055
0.126815724346195,0.1280412793132276,0.11939063454398847,0.14815810701339566,0.0949353258657938,0.10195036906938282,0.11473586246341218,0.02874223556184131,0.13723046182276313
0.12668841901807937,0.12947952461039094,0.1315251222871581,0.12241960751400156,0.10079597661168409,0.1035126918808748,0.11935151087649247,0.033332865282541584,0.13289428191877706
0.1332256085023705,0.10844488301868,0.1497646017477118,0.07906048440083192,0.115613089610429,0.12575467949076774,0.1227603657996364,0.04926936742441234,0.11610692000516028
0.07520533305904013,0.08453258919979147,0.02863556016374577,0.06573996621285616,0.11115626640418359,0.10512454688162753,0.12091844996117133,0.3179624617202859,0.09072482639729806
0.10895539662796487,0.11234427448413375,0.12364231121698954,0.07969450833300191,0.12012368147563894,0.13060755575780514,0.11787010272944136,0.1008618557402546,0.10590031363476986
0.12607887734690906,0.12899730707512083,0.14113644031745728,0.11270099342293316,0.10031158355121987,0.10818078146037818,0.11964199174765289,0.03632548103287375,0.1266265440454549
0.12024354023093214,0.12488497515643084,0.14005278882627004,0.13934988305514906,0.1142937939226522,0.09663293782000258,0.10781256667859707,0.0338776174707176,0.12285189683924845
0.100770751318827,0.10495372819217946,0.11106647477209419,0.24607998841078801,0.13224368964414523,0.0819044943611084,0.0868832761418437,0.0242362999754092,0.11186129718360487
0.12158422627047155,0.12390874345551799,0.1527210134004453,0.09872390716935375,0.10239589098830014,0.121436219789495,0.11727201435325678,0.048573916981935035,0.11338406759122448
0.12838595513987575,0.12572050535877335,0.07549643371081181,0.1959024224854883,0.08689161120076587,0.11408427674314738,0.11126978693823512,0.02524765604513272,0.13700135237776967
0.11044913887888787,0.10952531620310423,0.13114636593492546,0.08294453438739884,0.11410447542431675,0.13937637097673938,0.11518057755285083,0.0937893543644177,0.103483866277359
0.14327245331866506,0.11930718814889009,0.11991973873480467,0.1011753552460722,0.0973066548930323,0.11705688236146461,0.13054042242661065,0.034045232067923,0.13737607280253736
0.13273396430742912,0.12934442215795464,0.11364146248169249,0.11944048425861682,0.09362449334644991,0.1055387982948674,0.12706762961183762,0.03218758715737343,0.14642115838377853
0.12614526460419836,0.12984119306389855,0.1278481602239164,0.1458516264805858,0.09093456988258387,0.1079363024384868,0.11321598895651024,0.029425361607820305,0.12880153274199962
0.13694049030170588,0.12781217160429068,0.10016784191450816,0.128092552216041,0.08807822774356162,0.10733606965036717,0.1279277679862149,0.030054139106741675,0.15359073947656898
0.12652058353221218,0.1301959475597989,0.12408132598931777,0.11689088855748901,0.10569130219628674,0.10145813544691651,0.12280625592184065,0.03518614773712786,0.13716941305901031
