0.06114523589980276,0.07624862132629351,0.06807590230999143,0.16883201691930708,0.11527037146582253,0.1805760254689012,0.08025986476881336,0.16119733786380094,0.08839462397726712
0.07633848262726393,0.0845517768991582,0.13120757782016507,0.11044907996240072,0.07643341323310798,0.19600464274687965,0.10728248730390476,0.09965429917664181,0.11807824023047796
0.08703471554595044,0.0805017613878997,0.10793665548509196,0.08391056713305532,0.07631241380643096,0.2822669027122116,0.14472306188466946,0.08446386914438564,0.052850052900304804
0.12417558090449078,0.111426073296696,0.1115894458220415,0.11377493210950675,0.11768510025001643,0.10324541700914598,0.1131273540774918,0.1336171143440058,0.07135898218660496
0.13027175424251283,0.0593314121569584,0.14117026839587163,0.07871447200434485,0.12354303614169082,0.06952350847207675,0.14543684809129434,0.08056767144076203,0.17144102905448835
0.09370512628602463,0.07472071360766457,0.1383846958797314,0.12330531904444571,0.08828909318016047,0.04877573508704695,0.06220756926017192,0.09841735756743876,0.27219439008731555
0.11675452840691408,0.10480502346570121,0.13420967754838373,0.11682995101817624,0.10978908312737003,0.0958430920978937,0.12868725271863005,0.11222262342863971,0.08085876818829119
0.10207966399814396,0.08112329140839579,0.1309644592202429,0.06329863898395986,0.09943785465279177,0.11633464630821481,0.165540132461862,0.06766903968519476,0.17355227328119413
0.13642021927170347,0.16097142668091038,0.18397075065992588,0.09407724720059678,0.11239255266004244,0.08042827842107565,0.08785640457909771,0.10089937097707853,0.04298374954956918
0.08941445886553102,0.08912051012260457,0.06874206798214738,0.09313862566630632,0.08948924107062073,0.3069801061954508,0.09952929875078027,0.09502422514690412,0.06856146619965481
0.13758310567503076,0.09784362744864544,0.11545361888335666,0.0835464835122441,0.11705182707038814,0.10086867687207692,0.16205898216085354,0.08559045004888455,0.10000322832851988
0.12330947985809837,0.11064990796098066,0.11437860543945393,0.11408455912419035,0.11677195681466779,0.10227485857523222,0.11516862496857432,0.1308943164283534,0.07246769083044897
0.10700326116494886,0.061730783264489685,0.07188751130842104,0.14761566451402372,0.11231368680682947,0.05426213450133651,0.07186730449619312,0.21229397558845417,0.1610256783553035
0.12417558090449078,0.111426073296696,0.1115894458220415,0.11377493210950675,0.11768510025001643,0.10324541700914598,0.1131273540774918,0.1336171143440058,0.07135898218660496
0.1433539938223708,0.09339050736309645,0.1324774263623398,0.17436140060630426,0.09328161855716573,0.09073314108253416,0.11081891768589497,0.10846616285779327,0.05311683166250055
0.12417558090449078,0.111426073296696,0.1115894458220415,0.11377493210950675,0.11768510025001643,0.10324541700914598,0.1131273540774918,0.1336171143440058,0.07135898218660496
0.10406767395175742,0.06917816180206121,0.1169254833972853,0.09226874034839805,0.10720431535074608,0.08034795955966778,0.1966114580147598,0.10320589890902189,0.13019030866630243
0.12417558090449078,0.111426073296696,0.1115894458220415,0.11377493210950675,0.11768510025001643,0.10324541700914598,0.1131273540774918,0.1336171143440058,0.07135898218660496
0.11968165438085948,0.1074119100540623,0.12561566674020744,0.11551114210329073,0.11292210333580721,0.0985401211858946,0.12304255835869254,0.1201928784755973,0.07708196536558853
0.12320191501012852,0.11647363075073423,0.06163588356032032,0.12343880749615381,0.13484845958170813,0.10656101853342159,0.1019274879621083,0.1404095324592403,0.09150326464618486
0.1540638130512388,0.10291987892346345,0.09664414865410183,0.07905157690716048,0.12124770623844754,0.04345341667296101,0.1973327612916449,0.04944902657498124,0.15583767168600074
0.12417558090449078,0.111426073296696,0.1115894458220415,0.11377493210950675,0.11768510025001643,0.10324541700914598,0.1131273540774918,0.1336171143440058,0.07135898218660496
0.12417558090449078,0.111426073296696,0.1115894458220415,0.11377493210950675,0.11768510025001643,0.10324541700914598,0.1131273540774918,0.1336171143440058,0.07135898218660496
0.09891223581392822,0.057586002835376425,0.12329119240235091,0.11381171303151023,0.06604698255426822,0.23424924412464673,0.18752178720830567,0.07088776028224893,0.04769308174736456
0.12381066205308482,0.1164822559236658,0.06468254931366675,0.12273861222026616,0.1334835401326939,0.10680652665951136,0.10244791804322743,0.14054103212084573,0.08900690353303803
0.19914234867022107,0.06559350045987805,0.12742475485904528,0.10258975379290197,0.1309027019739555,0.11586458712961818,0.09058838978988566,0.0842977729776237,0.08359619034687048
0.0931480618773809,0.06551484846181185,0.09791738740380275,0.10134505323326261,0.06896953885274923,0.28540841358280183,0.15437138677414977,0.0673769300220678,0.0659483797919732
0.13517949410020394,0.10137301975172264,0.11315892769198983,0.07604261722806062,0.13706038920891592,0.04754951900477807,0.11756505789092396,0.09797672296145044,0.17409425216195454
0.15304352864705373,0.10027325847233048,0.14902973578411263,0.10689587329088712,0.11941936950490922,0.06391786190897612,0.13014956778352452,0.09000805839486399,0.08726274621334228
0.08356889881773744,0.0777802906222549,0.10205687787097889,0.07962177851493595,0.072111885674986,0.30582113591283705,0.14788077414955958,0.08204418649674607,0.04911417193996414
0.053575525588401056,0.09937794296825253,0.06891349688563811,0.06739567576660997,0.05898867035774413,0.348859313346211,0.18513199023650503,0.07002473308350914,0.04773265176712904
0.12417558090449078,0.111426073296696,0.1115894458220415,0.11377493210950675,0.11768510025001643,0.10324541700914598,0.1131273540774918,0.1336171143440058,0.07135898218660496
0.12583985117556895,0.0841904471939436,0.09317690672431711,0.16214459124520023,0.10063960070277006,0.16032591281653238,0.11899373172567433,0.08228763667156666,0.07240132174442664
0.09271220070327928,0.1608286871844206,0.10302060560439529,0.12457099399633416,0.12248871740305319,0.05880928947697847,0.12785058702330146,0.11977117937138304,0.08994773923685451
0.08920982764521568,0.0827498060127595,0.1032470818907989,0.08443190887059253,0.07844653251071337,0.28289702474622197,0.13853678895316987,0.08931092225841862,0.0511701071121096
0.09249210332516315,0.17125243561213407,0.06903814278890447,0.09801749472861311,0.14286687164323422,0.052367471940507136,0.12566737806138173,0.11846929269544763,0.12982880920461448
0.07229885433881682,0.08670356826859182,0.06894535626860399,0.17913775168999377,0.0929835800385981,0.25899972288085826,0.10212687772756156,0.07742470460862728,0.06137958417834851
0.08817862803386368,0.08184300042304166,0.1030123316183324,0.08356076897400448,0.07727825986448529,0.28733037136237766,0.1400707908989964,0.08797773732166596,0.05074811150323241
0.12417558090449078,0.111426073296696,0.1115894458220415,0.11377493210950675,0.11768510025001643,0.10324541700914598,0.1131273540774918,0.1336171143440058,0.07135898218660496
0.18651538648889285,0.12120353435024261,0.1310523161444757,0.09586046179680001,0.12304997113962952,0.07627516357322593,0.13414305168836882,0.07211287898714142,0.05978723583122316
0.12417558090449078,0.111426073296696,0.1115894458220415,0.11377493210950675,0.11768510025001643,0.10324541700914598,0.1131273540774918,0.1336171143440058,0.07135898218660496
0.11474304172322208,0.13836631950482306,0.03173154287389477,0.20208494036827404,0.13335355318375788,0.06692369101004259,0.10080302910109092,0.12070983898433675,0.09128404325055782
0.1383468966257956,0.1041572134831311,0.1343665220592724,0.09648576759925194,0.12359037886671158,0.0660914924579706,0.11288025107952993,0.11216287747514538,0.11191860035319147
0.11735894537652809,0.13101312276329788,0.13044579827052957,0.18224559985777924,0.0761002196524571,0.07308317069872816,0.1494519454668791,0.08187786898049115,0.058423328933309704
0.12757422834606444,0.09560944232209957,0.13063847823876878,0.07320551124660245,0.12738454259741216,0.04134350936531722,0.12709912768760015,0.08462611833854732,0.19251904185758795
0.08516580301107164,0.057958232594969794,0.11094644481956527,0.07416957337266596,0.10946118629581551,0.07336312654107185,0.10648020628218814,0.146092338618503,0.23636308846414897
0.12417558090449078,0.111426073296696,0.1115894458220415,0.11377493210950675,0.11768510025001643,0.10324541700914598,0.1131273540774918,0.1336171143440058,0.07135898218660496
0.10968134440834387,0.07983461379812398,0.1269259639227096,0.1048121701752653,0.11172855650196888,0.08860320671302592,0.1742655390597799,0.10922607664810953,0.09492252877267304
0.10100079502460631,0.08788004739642818,0.08117931486855037,0.14690694578322439,0.10350353716159112,0.2041325612319792,0.10019489217648507,0.09790447590269519,0.07729743045444014
0.05144644778227784,0.08426946794407625,0.07899222370364516,0.24642109349705807,0.10062682198006599,0.12787360936942146,0.12643111838478924,0.06991554464091126,0.11402367269775476
0.12417558090449078,0.111426073296696,0.1115894458220415,0.11377493210950675,0.11768510025001643,0.10324541700914598,0.1131273540774918,0.1336171143440058,0.07135898218660496
0.1302010535792342,0.09555820285826122,0.1158391872890861,0.13444834108525086,0.1076972579070134,0.06280842991660737,0.1280184622584035,0.09631514810371843,0.1291139170024249
0.12417558090449078,0.111426073296696,0.1115894458220415,0.11377493210950675,0.11768510025001643,0.10324541700914598,0.1131273540774918,0.1336171143440058,0.07135898218660496
0.12325626073046354,0.11060226821624553,0.11454854887332618,0.11410396933677015,0.1167157648008451,0.1022163346348125,0.11529186927054769,0.1307293782582096,0.07253560587877968
0.12417558090449078,0.111426073296696,0.1115894458220415,0.11377493210950675,0.11768510025001643,0.10324541700914598,0.1131273540774918,0.1336171143440058,0.07135898218660496
0.1056785377026948,0.15862871377216248,0.10012926608880181,0.11550753557592068,0.1021534707508142,0.08921616794956477,0.13812230321615168,0.1151948954832867,0.07536910946060299
0.10257885146445463,0.09533881630685685,0.07481034522161883,0.10895419134197637,0.13439493974986383,0.08897130353181809,0.09653328023911696,0.11424932304544166,0.18416894909885273
0.11433277444223222,0.19268073931850616,0.09563747350334499,0.11136852163852658,0.09453013606045467,0.057965172792140834,0.20520041534690062,0.06935188521492085,0.05893288168297308
0.12148800857184582,0.10902218126687084,0.12010595110297793,0.11477417539690138,0.11484375653262398,0.10033858312189703,0.11925142492665591,0.12539142824434688,0.07478449083588039
0.1341133582140647,0.07919316369089663,0.1379324901423136,0.1383013335529326,0.11801609948301385,0.1510635621186327,0.10418639682086622,0.08560102682252564,0.051592569154753985
0.12417558090449078,0.111426073296696,0.1115894458220415,0.11377493210950675,0.11768510025001643,0.10324541700914598,0.1131273540774918,0.1336171143440058,0.07135898218660496
0.10839496779755219,0.09731066283684665,0.15647172078840077,0.12170766025971085,0.10070319482263367,0.08932909239801619,0.1416375754763635,0.09179192067434273,0.09265320494613354
0.06774327650602498,0.11902530119957434,0.0718663624052533,0.17161970589433131,0.06407661731895785,0.2007660452433606,0.19703337226569329,0.050191625086355274,0.057677694080449045
0.12417558090449078,0.111426073296696,0.1115894458220415,0.11377493210950675,0.11768510025001643,0.10324541700914598,0.1131273540774918,0.1336171143440058,0.07135898218660496
0.12417558090449078,0.111426073296696,0.1115894458220415,0.11377493210950675,0.11768510025001643,0.10324541700914598,0.1131273540774918,0.1336171143440058,0.07135898218660496
0.12417558090449078,0.111426073296696,0.1115894458220415,0.11377493210950675,0.11768510025001643,0.10324541700914598,0.1131273540774918,0.1336171143440058,0.07135898218660496
0.15417690511221138,0.10132106357317729,0.05662149243737055,0.20139678448688628,0.11030175595275259,0.09796171951723454,0.09533371026005417,0.12320715708732878,0.05967941157298436
0.12417558090449078,0.111426073296696,0.1115894458220415,0.11377493210950675,0.11768510025001643,0.10324541700914598,0.1131273540774918,0.1336171143440058,0.07135898218660496
0.08339974974140103,0.053095106536666846,0.07478302852617201,0.16146795729888272,0.1047484488394468,0.03528856354808168,0.10237097076026225,0.1214984232228176,0.26334775152626916
0.18572067265169492,0.06351971960584561,0.13227077337465146,0.10330083816473123,0.09819124332333999,0.08036262042759823,0.08003011914904061,0.07301113908069273,0.1835928742224052
0.12417558090449078,0.111426073296696,0.1115894458220415,0.11377493210950675,0.11768510025001643,0.10324541700914598,0.1131273540774918,0.1336171143440058,0.07135898218660496
0.08725747746786779,0.11613598579353814,0.1404790171633392,0.0700213361636242,0.0787386344008808,0.21347664636956168,0.13912407847636313,0.06017903639992197,0.09458778776490318
0.12417558090449078,0.111426073296696,0.1115894458220415,0.11377493210950675,0.11768510025001643,0.10324541700914598,0.1131273540774918,0.1336171143440058,0.07135898218660496
0.11825400533020196,0.10625214143044585,0.10566539259860352,0.13480239947966408,0.13165853390112356,0.08083210490623102,0.08597057066922613,0.1531236207515568,0.08344123093294703
0.12417558090449078,0.111426073296696,0.1115894458220415,0.11377493210950675,0.11768510025001643,0.10324541700914598,0.1131273540774918,0.1336171143440058,0.07135898218660496
0.1058865720234905,0.07166721790191703,0.1299950427752393,0.12439783856324145,0.06319747109651351,0.24657780770376925,0.14518018664177545,0.07427597105734875,0.038821892236704715
0.09082380471369074,0.05564859913930446,0.09733678375279542,0.08131894244215185,0.12698706001440271,0.03822784608700191,0.07601305864495587,0.17171928146124504,0.26192462374445197
0.12714788954102282,0.17524471523092347,0.09358233757267602,0.07416426110021422,0.11019974955245128,0.03479557461627443,0.197547780772114,0.051677814412140644,0.13563987720218315
0.14275833194175394,0.08560592168295163,0.1309324943014658,0.08704014909558568,0.1414613248786817,0.10737682787521274,0.12152471409823688,0.11167426934244014,0.07162596678367152
0.12250994111874462,0.10993475512665084,0.11691488517950305,0.11438083576281384,0.11592680752035106,0.10140841240263854,0.11699457401204295,0.12844361787945563,0.07348617099779958
0.07857761646916228,0.2378792323983164,0.09920430249329693,0.16818020532263164,0.055564772534201445,0.03370258056804652,0.22602616638038261,0.047402506148817615,0.05346261768514465
0.15190636778823718,0.070980464718871,0.12671138165547677,0.09235704790443398,0.1261448100491786,0.11060554002640778,0.13780216382276952,0.08972501111089988,0.09376721292372532
0.12161007431586457,0.10913111006160976,0.11972768517744277,0.11472631750793845,0.11497328298551207,0.10046426821395116,0.11898624707670576,0.12575152495239728,0.07462948970857819
0.14719920082480697,0.0707445613480467,0.13255577689895942,0.09208188671442046,0.12308284956490223,0.1096902666636305,0.14180010488543526,0.0866431041129343,0.09620224898686423
0.12417558090449078,0.111426073296696,0.1115894458220415,0.11377493210950675,0.11768510025001643,0.10324541700914598,0.1131273540774918,0.1336171143440058,0.07135898218660496
0.09404607303237082,0.16554405399925964,0.09438252516567085,0.12307787640792518,0.12694102682082195,0.0628441944232792,0.11899791441038587,0.12914003433375668,0.08502630140652984
0.1322117321414813,0.09119391114660759,0.10277353172956326,0.14214266257235628,0.10878305035919222,0.10614312653722639,0.1215158271092119,0.10746443563801855,0.08777172276634253
0.10802742473872462,0.08686616920313034,0.11935491638147692,0.09934709307534058,0.10312764524147962,0.08263324774524601,0.18788806499797814,0.1018070360165087,0.11094840260011517
0.10224700923439105,0.09086408325025337,0.159891815160179,0.1318694523826801,0.09120149545696155,0.08105415114192893,0.10405876195083508,0.11104727906606243,0.12776595235670857
0.12417558090449078,0.111426073296696,0.1115894458220415,0.11377493210950675,0.11768510025001643,0.10324541700914598,0.1131273540774918,0.1336171143440058,0.07135898218660496
0.1192703923658387,0.0921945904756513,0.1275244440803477,0.07777779914474588,0.13572926382317244,0.04429478167404268,0.09938866402205286,0.09878174805730838,0.20503831635684
0.12417558090449078,0.111426073296696,0.1115894458220415,0.11377493210950675,0.11768510025001643,0.10324541700914598,0.1131273540774918,0.1336171143440058,0.07135898218660496
0.12417558090449078,0.111426073296696,0.1115894458220415,0.11377493210950675,0.11768510025001643,0.10324541700914598,0.1131273540774918,0.1336171143440058,0.07135898218660496
0.11776438822682413,0.10309603414445134,0.1029012870318358,0.13151225858279358,0.10810707252497102,0.1656346987271833,0.11249813193876317,0.10122159687065128,0.05726453195252618
0.11844565891980652,0.10631113665985814,0.12929397024921488,0.11604812124404985,0.1116020384252396,0.09737070507389622,0.12549897588495051,0.11676431361879112,0.0786650799241931
0.10366210085718656,0.0847375535758127,0.1324919997040702,0.06851159240273079,0.11558411450583839,0.09313173633157763,0.12281682353843619,0.08549390399562284,0.19357017508872473
0.12417558090449078,0.111426073296696,0.1115894458220415,0.11377493210950675,0.11768510025001643,0.10324541700914598,0.1131273540774918,0.1336171143440058,0.07135898218660496
0.11136914036875402,0.19036954814949344,0.10135328749582422,0.11227255986614659,0.0919506001812983,0.054674325200815437,0.21263752699173322,0.06444009562454438,0.06093291612139032
0.14736512739110003,0.07317501050580028,0.0992617522203411,0.11664792522484448,0.10835445540687265,0.11234794284252896,0.14571684404611351,0.09225260588715715,0.10487833647524186
0.12417558090449078,0.111426073296696,0.1115894458220415,0.11377493210950675,0.11768510025001643,0.10324541700914598,0.1131273540774918,0.1336171143440058,0.07135898218660496
0.07684274985220686,0.1299551287330484,0.1309173864739659,0.07291435180824142,0.08477424854583616,0.25450768647753197,0.12529370339715654,0.0740258930798887,0.05076885163212411
0.08721140224976942,0.08099166636509486,0.10279956640507344,0.08274028315506461,0.07618584069430984,0.29138962749189007,0.1415828950987088,0.08672884386733233,0.050369874672756526
0.106287025326308,0.09843238608917504,0.0790234356614276,0.11027775282590681,0.13404888587399788,0.09238218276610334,0.09681078565829425,0.11891801430377064,0.16381953149501638
0.10348314716632824,0.09252053375833509,0.15515693653583174,0.1323209255667185,0.0921855111327619,0.08214560815240447,0.10087897994237564,0.11534689544356629,0.12596146230167812
0.16737927039753817,0.07101198022493595,0.08716828131533488,0.09194973399440316,0.12058017139446194,0.09768999055723422,0.14012915252299538,0.09445329701463523,0.12963812257846108
0.10310010414653244,0.1682657310919119,0.09114911827737893,0.1635313917586542,0.07414605621708738,0.05054675731092887,0.22794202769351424,0.056409914261067395,0.06490889924292469
0.11015249096042624,0.06888975317644906,0.12982544300460855,0.06787399176808089,0.09538426594341713,0.0266921425424602,0.09387859158055545,0.07047971359765534,0.33682360742634726
0.12417558090449078,0.111426073296696,0.1115894458220415,0.11377493210950675,0.11768510025001643,0.10324541700914598,0.1131273540774918,0.1336171143440058,0.07135898218660496
0.12417558090449078,0.111426073296696,0.1115894458220415,0.11377493210950675,0.11768510025001643,0.10324541700914598,0.1131273540774918,0.1336171143440058,0.07135898218660496
0.12417558090449078,0.111426073296696,0.1115894458220415,0.11377493210950675,0.11768510025001643,0.10324541700914598,0.1131273540774918,0.1336171143440058,0.07135898218660496
0.12417558090449078,0.111426073296696,0.1115894458220415,0.11377493210950675,0.11768510025001643,0.10324541700914598,0.1131273540774918,0.1336171143440058,0.07135898218660496
0.09012983389701223,0.2126549817443016,0.12683847773694587,0.1442481294129972,0.0922313056835315,0.04550912925428324,0.13594130001407564,0.08861631474694791,0.06383052750990485
0.10515337410447255,0.16006284198066031,0.09976430001937793,0.1155578742614574,0.10169118481934314,0.08879704989902792,0.13889321092465307,0.11464116069498453,0.07543900329602315
0.123326385431533,0.11066504238933415,0.11432458709049131,0.11407840255817553,0.1167898048230605,0.10229347542037302,0.11512942337189735,0.13094676632486693,0.07244611259026816
0.0889730702590219,0.16898548394104176,0.15012117784417586,0.09617265201893509,0.08339031459499237,0.05352549809853847,0.10319433501099955,0.07752109031483766,0.17811637791745727
0.11747159871006536,0.10268528595990535,0.10250436521836699,0.13235046997366975,0.10765454794268774,0.16848989252647648,0.11224906894505682,0.09979413252975322,0.05680063819401824
0.10715812925786412,0.056722456793149835,0.10772165627208811,0.07781218335691815,0.08380500395853858,0.2897133077425469,0.14755629814664398,0.06389274370138288,0.06561822077086736
0.13532242872163833,0.1027683809492383,0.11303921744988295,0.0776255232740781,0.136954190708704,0.04925944569088772,0.11830219737890145,0.10074155089855098,0.16598706492811813
0.12417558090449078,0.111426073296696,0.1115894458220415,0.11377493210950675,0.11768510025001643,0.10324541700914598,0.1131273540774918,0.1336171143440058,0.07135898218660496
0.12417558090449078,0.111426073296696,0.1115894458220415,0.11377493210950675,0.11768510025001643,0.10324541700914598,0.1131273540774918,0.1336171143440058,0.07135898218660496
0.12417558090449078,0.111426073296696,0.1115894458220415,0.11377493210950675,0.11768510025001643,0.10324541700914598,0.1131273540774918,0.1336171143440058,0.07135898218660496
0.16161932471012558,0.08060828977203364,0.144516742091004,0.07974503372736035,0.13564921388400095,0.10158439328432395,0.13016715348004462,0.08666468302325185,0.07944516602785506
0.10536098118115715,0.06305442645655455,0.11479574163874202,0.11328532235603929,0.10761024636127015,0.049615988124315995,0.09513461124878897,0.18922460754215473,0.16191807509097708
0.08547194743651658,0.08692125207777907,0.06926779304820109,0.16889799933242067,0.1133091371291865,0.2792009571769073,0.05704523482245289,0.09582064671925115,0.04406503225728467
0.05464026699001617,0.09134734320761145,0.07184072725666986,0.24047236824566384,0.11247114874689952,0.13234002916916907,0.11437805850616223,0.08459940163819514,0.09791065623961269
0.0752231970535977,0.12396999815059855,0.10795833707252357,0.21663376528298686,0.0546751216998797,0.11246819546582931,0.21822544578638384,0.0475845393488701,0.04326140013933033
0.12417558090449078,0.111426073296696,0.1115894458220415,0.11377493210950675,0.11768510025001643,0.10324541700914598,0.1131273540774918,0.1336171143440058,0.07135898218660496
0.12417558090449078,0.111426073296696,0.1115894458220415,0.11377493210950675,0.11768510025001643,0.10324541700914598,0.1131273540774918,0.1336171143440058,0.07135898218660496
0.12161295596288492,0.10913368180110339,0.11971874598656045,0.11472519060488516,0.11497634024264176,0.10046724200625012,0.11897997276344302,0.12576004013248723,0.0746258304997439
0.11571662955673434,0.10385544095270484,0.11720682912863055,0.13668503662076628,0.12769317583615142,0.07695107181598924,0.09043730517733224,0.141574464776945,0.08988004613474605
0.1008032808138199,0.10645459821818531,0.11363484204631685,0.232971073047381,0.11323484467876403,0.060722524427113976,0.10321894924919107,0.09992777327063707,0.06903211424859072
0.12417558090449078,0.111426073296696,0.1115894458220415,0.11377493210950675,0.11768510025001643,0.10324541700914598,0.1131273540774918,0.1336171143440058,0.07135898218660496
0.09852512816142606,0.14484953348073767,0.13154671332577492,0.1337980555460735,0.08776652602992703,0.04824946378953351,0.19113982719692116,0.06495759507868255,0.09916715739092367
0.12417558090449078,0.111426073296696,0.1115894458220415,0.11377493210950675,0.11768510025001643,0.10324541700914598,0.1131273540774918,0.1336171143440058,0.07135898218660496
0.11821148168145786,0.10619330285291183,0.10885978262769302,0.13408447651133718,0.1302164606608555,0.08041247155632261,0.0881576579281264,0.1496723370405851,0.08419202914071061
0.1330821730938134,0.08858467655702314,0.10164167083134269,0.14678440326879524,0.10733063459043853,0.10608503200997162,0.12210993699645563,0.10390491146899457,0.09047656118316516
0.13494207230177346,0.08238004338978779,0.09888603736209439,0.1589567615021338,0.10352263201523222,0.10540043435157968,0.12286611301327104,0.09531069094354849,0.09773521512057914
0.12417558090449078,0.111426073296696,0.1115894458220415,0.11377493210950675,0.11768510025001643,0.10324541700914598,0.1131273540774918,0.1336171143440058,0.07135898218660496
0.12417558090449078,0.111426073296696,0.1115894458220415,0.11377493210950675,0.11768510025001643,0.10324541700914598,0.1131273540774918,0.1336171143440058,0.07135898218660496
0.12417558090449078,0.111426073296696,0.1115894458220415,0.11377493210950675,0.11768510025001643,0.10324541700914598,0.1131273540774918,0.1336171143440058,0.07135898218660496
0.08861869107500255,0.08223009247151386,0.10311149360540865,0.08393298119439618,0.07777640848845424,0.28545172936818813,0.13940622839693748,0.08854648252093299,0.05092589287916601
0.08650583055400418,0.23218840919638592,0.08390348174822594,0.13615769106305567,0.06830436396724833,0.064405103995191,0.22871017838070817,0.04641627670209544,0.05340866439308536
0.12417558090449078,0.111426073296696,0.1115894458220415,0.11377493210950675,0.11768510025001643,0.10324541700914598,0.1131273540774918,0.1336171143440058,0.07135898218660496
0.09341200015073207,0.13779576810496796,0.1333697705460961,0.14755601678476615,0.1032840623968565,0.06176649644255831,0.11335403359521583,0.10008365967621331,0.10937819230259378
0.07017878756009484,0.16190507229442008,0.06829890029329692,0.14535897025700448,0.1252082162088146,0.24638417354241027,0.05687124865395452,0.08240155306340592,0.04339307812659837
0.12417558090449078,0.111426073296696,0.1115894458220415,0.11377493210950675,0.11768510025001643,0.10324541700914598,0.1131273540774918,0.1336171143440058,0.07135898218660496
0.08633973543727425,0.09265964546140663,0.08186589341671571,0.1036416605515477,0.09497230936876584,0.2835296692850842,0.10916363154581749,0.09400674704150308,0.05382070789188503
0.07135934494696348,0.09413981381497762,0.07562889225552842,0.21067362579344096,0.10962314941213018,0.05048640678612532,0.16096128325404255,0.08974631815024547,0.13738116558654598
0.12417558090449078,0.111426073296696,0.1115894458220415,0.11377493210950675,0.11768510025001643,0.10324541700914598,0.1131273540774918,0.1336171143440058,0.07135898218660496
0.14557315265924808,0.09436731052615832,0.1283123558961801,0.1747083521269315,0.09409491575415324,0.09211106992670809,0.10704499613658043,0.11220384662911313,0.05158400034492705
0.12417558090449078,0.111426073296696,0.1115894458220415,0.11377493210950675,0.11768510025001643,0.10324541700914598,0.1131273540774918,0.1336171143440058,0.07135898218660496
0.05666948241418665,0.0877231477605344,0.08085269282708535,0.23202539731332283,0.10054560977444908,0.12855888707363683,0.1318357548958284,0.0748063370970246,0.10698269084393179
0.12417558090449078,0.111426073296696,0.1115894458220415,0.11377493210950675,0.11768510025001643,0.10324541700914598,0.1131273540774918,0.1336171143440058,0.07135898218660496
0.13389909226046082,0.10061730689443636,0.14590612134024014,0.09660808482222667,0.11870672136932385,0.06187591798753209,0.11971461446578924,0.10267382150850736,0.11999831935148343
0.12417558090449078,0.111426073296696,0.1115894458220415,0.11377493210950675,0.11768510025001643,0.10324541700914598,0.1131273540774918,0.1336171143440058,0.07135898218660496
0.11897546092540844,0.10678292915636994,0.1277262212250334,0.11581454318459805,0.11216838777185756,0.09786623993749481,0.12445934955145814,0.11822201864269272,0.07798484960508688
0.12417558090449078,0.111426073296696,0.1115894458220415,0.11377493210950675,0.11768510025001643,0.10324541700914598,0.1131273540774918,0.1336171143440058,0.07135898218660496
0.12417558090449078,0.111426073296696,0.1115894458220415,0.11377493210950675,0.11768510025001643,0.10324541700914598,0.1131273540774918,0.1336171143440058,0.07135898218660496
0.15549704349549867,0.0978721492104525,0.1577179055298583,0.12494838724839374,0.10251689782620522,0.09179332567238829,0.1032285481608889,0.11892061474843117,0.0475051281078832
0.09676225674807347,0.06667253819729892,0.09849443058191672,0.1397087921942203,0.10222065300113738,0.06285748397255882,0.0979201029406458,0.2309749026027149,0.10438883976143365
0.12417558090449078,0.111426073296696,0.1115894458220415,0.11377493210950675,0.11768510025001643,0.10324541700914598,0.1131273540774918,0.1336171143440058,0.07135898218660496
0.12335758560637118,0.11069297534984156,0.11422484986408911,0.11406705202204194,0.11682274186034564,0.10232786706618963,0.1150570088498132,0.13104363627042812,0.0724062831108796
0.12417558090449078,0.111426073296696,0.1115894458220415,0.11377493210950675,0.11768510025001643,0.10324541700914598,0.1131273540774918,0.1336171143440058,0.07135898218660496
0.1453188565111714,0.10056937556623868,0.09562973969675354,0.10595870005349985,0.11907016217552853,0.08654897390853943,0.11609887039481293,0.12397987931592136,0.10682544237753426
0.11314655701650671,0.08338719858707383,0.11900697958992397,0.10399118156625568,0.11566821327344871,0.09198913235144325,0.16621983529962364,0.11816830114645682,0.08842260116926741
0.09768168721789729,0.06758528920026723,0.09903523349216124,0.13888472891711812,0.10286031360627008,0.06356511917979299,0.09863318141113277,0.22854609911787974,0.10320834785748051
0.12417558090449078,0.111426073296696,0.1115894458220415,0.11377493210950675,0.11768510025001643,0.10324541700914598,0.1131273540774918,0.1336171143440058,0.07135898218660496
0.09636816920270401,0.09048912021412052,0.07599900435764621,0.19305302114211154,0.10871742620983954,0.16589979125689353,0.0915076000844174,0.10499074645198347,0.07297512108028385
0.14387409684013386,0.08989796067065066,0.08977706224561159,0.06756985915271445,0.13386478920432257,0.03842785837386948,0.11636971721903518,0.09125028135257623,0.22896837494108602
0.1266941451232911,0.1165569102317931,0.09693828356739968,0.09100290513069764,0.13852786340181292,0.06668429901599537,0.12592538985742394,0.1280955972459229,0.10957460642566337
0.10446537656354166,0.17312147625452692,0.12817356761260187,0.10061439398841517,0.1455706232655687,0.07108378115535495,0.07023822261945685,0.1313047478071464,0.07542781073338752
0.10887212027075,0.09645209219042183,0.1413232259017144,0.10463959776205616,0.12124836029239867,0.09151372578946097,0.0885403819777516,0.11548097071609324,0.13192952509935318
0.12417558090449078,0.111426073296696,0.1115894458220415,0.11377493210950675,0.11768510025001643,0.10324541700914598,0.1131273540774918,0.1336171143440058,0.07135898218660496
0.12417558090449078,0.111426073296696,0.1115894458220415,0.11377493210950675,0.11768510025001643,0.10324541700914598,0.1131273540774918,0.1336171143440058,0.07135898218660496
0.09153426486626082,0.08201927297550526,0.10156459970828123,0.09787833504886893,0.07720560266837682,0.28967091125292466,0.14129719972992502,0.07568913311091374,0.04314068063894356
0.12323126322518045,0.11057989336129255,0.11462831662489227,0.11411310178531077,0.11668936772916057,0.10218888838643576,0.11534967291723391,0.13065199684078302,0.07256749912971082
0.09771102559619722,0.09111748083618591,0.07700229507777334,0.19016587512437091,0.10897582857870242,0.1636220468844163,0.09253704198901726,0.10644024993696814,0.07242815597636848
0.12371415495197201,0.11648841243335428,0.06413971407351063,0.12285993266649188,0.13372027952243284,0.10677405452396992,0.10235237594426215,0.14053200425546933,0.08941907162853695
0.12417558090449078,0.111426073296696,0.1115894458220415,0.11377493210950675,0.11768510025001643,0.10324541700914598,0.1131273540774918,0.1336171143440058,0.07135898218660496
0.12417558090449078,0.111426073296696,0.1115894458220415,0.11377493210950675,0.11768510025001643,0.10324541700914598,0.1131273540774918,0.1336171143440058,0.07135898218660496
0.11983322010166698,0.10754693130996473,0.12515955821474936,0.11544717740780429,0.11308369052290884,0.09868680587581398,0.12273379200220091,0.12062017103549827,0.07688865352939261
0.0858849104061518,0.08197072529003951,0.07118203332941524,0.11049803109714751,0.11787067222115505,0.1330611940022249,0.15402276510755925,0.07362721667765632,0.17188245186865045
0.12417558090449078,0.111426073296696,0.1115894458220415,0.11377493210950675,0.11768510025001643,0.10324541700914598,0.1131273540774918,0.1336171143440058,0.07135898218660496
0.12333803610020404,0.11067547279228847,0.11428735012208212,0.11407416229457583,0.11680210443801346,0.10230631279085027,0.11510239256631327,0.130982928440673,0.07243124045499956
0.12417558090449078,0.111426073296696,0.1115894458220415,0.11377493210950675,0.11768510025001643,0.10324541700914598,0.1131273540774918,0.1336171143440058,0.07135898218660496
0.059210580238168296,0.19507326055428523,0.0816293832771948,0.2111387582268188,0.08388089170150552,0.03520424373048322,0.18960162801691113,0.05448236608743767,0.08977888816719531
0.15051731516723219,0.043548219924941185,0.16938998181712286,0.054635323084480374,0.14368831636130905,0.0733645703950883,0.16173798468258677,0.07655951967697693,0.12655876889026232
0.12417558090449078,0.111426073296696,0.1115894458220415,0.11377493210950675,0.11768510025001643,0.10324541700914598,0.1131273540774918,0.1336171143440058,0.07135898218660496
0.12417558090449078,0.111426073296696,0.1115894458220415,0.11377493210950675,0.11768510025001643,0.10324541700914598,0.1131273540774918,0.1336171143440058,0.07135898218660496
0.12417558090449078,0.111426073296696,0.1115894458220415,0.11377493210950675,0.11768510025001643,0.10324541700914598,0.1131273540774918,0.1336171143440058,0.07135898218660496
0.12417558090449078,0.111426073296696,0.1115894458220415,0.11377493210950675,0.11768510025001643,0.10324541700914598,0.1131273540774918,0.1336171143440058,0.07135898218660496
0.07295481615428982,0.1864057024639126,0.18149491580322694,0.10315096081158148,0.08036050088860533,0.060068394542002745,0.11360016798870498,0.07557894442316178,0.12638559692451434
0.07892967942452271,0.08355196732337322,0.0627691272438953,0.09133353812346741,0.10545598969254562,0.24391895583713588,0.08093878209896667,0.08831100569875433,0.1647909545573388
0.12417558090449078,0.111426073296696,0.1115894458220415,0.11377493210950675,0.11768510025001643,0.10324541700914598,0.1131273540774918,0.1336171143440058,0.07135898218660496
0.14176171520481043,0.08741982640587088,0.12980735913272057,0.08698932501205518,0.1400458384507635,0.10752541245876755,0.12143778541763982,0.11339538102243811,0.07161735689493387
0.12417558090449078,0.111426073296696,0.1115894458220415,0.11377493210950675,0.11768510025001643,0.10324541700914598,0.1131273540774918,0.1336171143440058,0.07135898218660496
0.09969164723232876,0.0783648841803151,0.13279006363936993,0.07378515923730962,0.08436937818020666,0.21238913989951622,0.14583789333905817,0.07499853839610542,0.09777329589579019
0.15618429529902675,0.07210090569082411,0.1206283960265679,0.09262117501014065,0.12919205700996672,0.11163191483264585,0.13308185823851515,0.09392869658400936,0.09063070130830353
0.08649663934207268,0.08018249320617608,0.10531275417202896,0.0827971010013882,0.07555055462872756,0.28926013657860866,0.14424647868376778,0.08475883449800996,0.05139500788922014
0.12417558090449078,0.111426073296696,0.1115894458220415,0.11377493210950675,0.11768510025001643,0.10324541700914598,0.1131273540774918,0.1336171143440058,0.07135898218660496
0.10036693540496955,0.11609332157119027,0.17477943314398695,0.09598945675033344,0.09451268340032469,0.0604008142100175,0.08974444930196351,0.08295203780040501,0.1851608684168091
0.15374599925561394,0.06270161573127948,0.14803289489689445,0.1199779535700377,0.13485855527042348,0.08040968207610655,0.13467892411989632,0.0949501714969604,0.07064420358278757
0.09011839730909522,0.24567849494453484,0.11780822296596836,0.08467058038372595,0.1096154857985568,0.07644365380090216,0.11401771990783476,0.09617514452148175,0.0654723003679002
0.099988269911274,0.10021478831402127,0.14519656117924185,0.09169236273784741,0.08395567072175592,0.18790802016478558,0.15590734991459565,0.05226959028953438,0.08286738676694404
0.12152114008394221,0.10905174531392753,0.12000335716187564,0.11476116193092868,0.11487891728429556,0.10037264231196212,0.119179565208914,0.12548905062104268,0.07474242008311162
0.08163694796611033,0.0899678401615191,0.16025592781376377,0.07892072841730031,0.06917239810005123,0.1902053461485355,0.11389368043465342,0.06597467311727025,0.14997245784079602
0.11173073611962743,0.09780917055844572,0.1274125797077051,0.1340453804534058,0.10150880974142762,0.14683858257768115,0.12883172007512333,0.0866133093272385,0.06520971143934527
0.11196888752858418,0.09175400245983949,0.10770293696806933,0.12236030062460873,0.12489845754962818,0.07034357869878707,0.11085969153807677,0.133946247890153,0.1261658967422533
0.08806315151748305,0.09338121186096054,0.08933861639971565,0.09389080216190758,0.1005017493656337,0.24500463067008238,0.11287926484256278,0.1113061487652688,0.06563442441638545
0.12417558090449078,0.111426073296696,0.1115894458220415,0.11377493210950675,0.11768510025001643,0.10324541700914598,0.1131273540774918,0.1336171143440058,0.07135898218660496
0.12417558090449078,0.111426073296696,0.1115894458220415,0.11377493210950675,0.11768510025001643,0.10324541700914598,0.1131273540774918,0.1336171143440058,0.07135898218660496
0.09905078385497174,0.06546719763776006,0.11806831245715303,0.07374033334822923,0.09074579866518125,0.28523889341329955,0.13976815618208166,0.07370401473946997,0.054216509701853564
0.06050249175691774,0.22568416585606185,0.06266232359503593,0.20732697793950564,0.07206165382261256,0.03759386830233668,0.2105244559421167,0.05111987861973327,0.07252418416567966
0.1436826152012222,0.068434786440932,0.13924942907303453,0.09153992135675088,0.11980855850565393,0.1090093909862359,0.14638474737269172,0.08139113456396767,0.10049941649951118
0.123290234400934,0.11063267949767717,0.11444008034754814,0.11409157325926933,0.11675163734632939,0.10225368035443287,0.1152132219679598,0.13083463971128587,0.07249225311456346
0.11763353811768072,0.13436464227767977,0.13303325861654475,0.08528218151364504,0.14237010954737225,0.09985558310240449,0.11390408443288395,0.08764793001163035,0.08590867238015859
0.10612403515989598,0.15741213636007687,0.10043768229968393,0.11546588597001543,0.10254501883505991,0.08957098748886227,0.13747195159489853,0.11566372555904418,0.07530857673246281
0.07756923261474101,0.08347700509945567,0.11845844936276083,0.08591565362089988,0.1099435529313123,0.21675007837651616,0.08106182471973901,0.0993379829788124,0.12748622029576268
0.06153822637426315,0.09690751838197093,0.07115764563925545,0.22094322796913715,0.11537119177884615,0.13375030655537473,0.11501456080981885,0.0945979742617614,0.09071934822957213
0.09135585628776795,0.0904153853038825,0.06956933640718739,0.09424565835024988,0.09126273532156681,0.2974668817278601,0.10045380378526929,0.09730296114446324,0.06792738167175273
0.06833698520034151,0.059622205235610244,0.09572150278135128,0.057270992592439916,0.07652617794975157,0.27765221972550486,0.156620509425931,0.05296931279045889,0.1552800942986107
0.10791897321386235,0.17657026797076927,0.08265878683359026,0.15877818695512672,0.078033100908859,0.05529178000056525,0.21775636538429013,0.06374300057531741,0.059249538157619554
0.12417558090449078,0.111426073296696,0.1115894458220415,0.11377493210950675,0.11768510025001643,0.10324541700914598,0.1131273540774918,0.1336171143440058,0.07135898218660496
0.12158324668743702,0.11609218447330755,0.05621258947340274,0.12486640667856612,0.13754958828716937,0.10558175623549214,0.10110834407455004,0.13946744161866362,0.0975384424714114
