0.11102850771200856,0.058934152898638105,0.1540947457234862,0.09466841398727431,0.1373174833722068,0.10591910488496196,0.11732504477977503,0.11632710403137204,0.10438544261027705
0.07931076181880738,0.23432116198334427,0.06428790549103343,0.10726826906341104,0.12030573974863651,0.07215476777999558,0.12217147363260561,0.11667092412283864,0.08350899635932756
0.10816012329049411,0.07072327865715834,0.06910654116253405,0.09417638540709071,0.14635733186669805,0.13419552949923763,0.1331419410660521,0.13948378152873922,0.10465508752199575
0.12078138218658596,0.13884151508083586,0.10223606254203299,0.09227414240772834,0.10329300958141878,0.11484409008695153,0.10595840171304549,0.11253742477305978,0.10923397162834132
0.09889094732840448,0.08186129432220515,0.15634691899425998,0.13363629665794452,0.0988495717310316,0.10511799742452954,0.1283798485344155,0.10327647072677713,0.09364065428043206
0.08562081248647581,0.13954130101932735,0.21380731462540728,0.0829609328085854,0.10804834122630629,0.06793355873730883,0.10981420643078078,0.10110075798003383,0.09117277468577452
0.1866831084046605,0.048864546988135894,0.05409641548927405,0.08894425586575357,0.14958677951658542,0.12383670956127224,0.12226978971474649,0.13921626795970402,0.08650212649986781
0.10037864364629069,0.03435637643376456,0.056969503804584175,0.12066705339789763,0.23144966489438776,0.11577268105825511,0.10465286754518043,0.11028746521412958,0.12546574400551003
0.11976001130370904,0.12917061864225976,0.06343382479858721,0.12657423444515345,0.1332841215275966,0.1056815264757776,0.11294617626380393,0.10731530988016247,0.10183417666294993
0.11204559136571694,0.11537175353866352,0.11804202582404437,0.08984119623331105,0.12363564753263655,0.10795946893184466,0.11069023609577998,0.11389186636484945,0.1085222141131535
0.17742080073756086,0.0644525619398275,0.06282149212683188,0.1131345700747871,0.10191941866321592,0.10566968392653608,0.11741245284540364,0.1129437146994922,0.14422530498634478
0.1578481756995715,0.034099496248336116,0.04558997981535473,0.10165917418094168,0.16558432136930404,0.13745655976411955,0.10798362831843811,0.12915471795538444,0.12062394664854977
0.1117391979534625,0.08568797367418608,0.050311361225083256,0.16225027817401094,0.1449174634272632,0.09697348141628896,0.10055728272868773,0.10337197449939313,0.14419098690162416
0.1523948363054228,0.06141380257529405,0.10973047385227801,0.10976169593421892,0.07072321143160207,0.12674421283112328,0.12473285440720178,0.12341589112975604,0.12108302153310303
0.20438747857000117,0.12677437645901665,0.059071967942523035,0.0972408650591338,0.0854348459906567,0.11301658106882244,0.09975258793496959,0.10471145592218611,0.10960984105269049
0.09269550333590071,0.12490323297595564,0.21580065026317966,0.09017389848495665,0.11127804156313859,0.08596107601454145,0.09465056181479525,0.09852503360229115,0.086012001945241
0.11744205479967047,0.1467680821979064,0.0940226631318869,0.09630926102473092,0.11651859012192152,0.09399313757160192,0.10767096958396614,0.11138623900065336,0.11588900256766248
0.1085483290721036,0.12207102260858715,0.11781145701832918,0.09844762393915385,0.11609831206238345,0.11102653129047842,0.10689254191655094,0.11228440740297042,0.10681977468944294
0.09399486592208366,0.22337306684490935,0.0645821322533986,0.15327200550436795,0.09076132044220504,0.07559690487977001,0.11555957082455405,0.1006279273501527,0.08223220597855861
0.11716639663933197,0.13463667011294048,0.06889017832353116,0.12458933706858816,0.11211745677371288,0.10564858817911003,0.11197272870047219,0.11368156124429328,0.11129708295801989
0.11172519823120382,0.06901040299000544,0.10217343448323236,0.11554682615872834,0.13933804135471303,0.11481719195804592,0.12181728524353508,0.11671594526394236,0.10885567431659365
0.11578637879678903,0.05052644394219825,0.05326735168001582,0.09975590227549809,0.1551521896943893,0.16053815156347634,0.11777029184938675,0.124211646153642,0.12299164404460446
0.10866969587372806,0.03825349736543441,0.03461621431143449,0.10878090404960043,0.21464382406233828,0.12060090598386748,0.12370353921940808,0.13126671218401878,0.11946470695016993
0.12731950712906545,0.07365191431813586,0.06504111679959161,0.07651859594254916,0.09395928982683999,0.1461576157515615,0.1544071632742683,0.1379057430620357,0.1250390538959524
0.1024356926612559,0.22073291852124224,0.10201877826982282,0.09593403456280891,0.08962129485412566,0.07965602004351058,0.10293842143906629,0.09938200064748814,0.10728083900067946
0.10562799819354247,0.15505033913372693,0.1640043357358027,0.09301781193004106,0.09744405474505802,0.08545093633037171,0.10407316610822998,0.09361383171505817,0.10171752610816888
0.08085656478214555,0.1835689584740715,0.148534835823204,0.12390827563981295,0.07524410296914863,0.10209156503829638,0.08514023624168217,0.10863196046425172,0.09202350056738705
0.1107392801843683,0.09787185757654053,0.13184412766315823,0.08970907850795778,0.12990789430159808,0.11445990149816816,0.10100434692546871,0.10215693606403291,0.12230657727870735
0.14854049217765994,0.026218232037302527,0.042922200844707714,0.10648502479959186,0.12534165452529258,0.17793665365193712,0.12653198164782728,0.12101064130054966,0.12501311901513132
0.09924545159844546,0.07751396019657833,0.10118187873119068,0.1948554375969795,0.0880173540168473,0.1102234944192052,0.11914566559323814,0.1118291573481132,0.09798760049940218
0.10826189128773563,0.0928297318174091,0.08537533526578138,0.13151745605650172,0.13675548157712927,0.09832286774546727,0.12538284584541018,0.11657266811268537,0.10498172229188008
0.13219228390278312,0.056328753569984846,0.05688223650326812,0.0957062920401431,0.11207383681549266,0.11952228081388672,0.152850039493601,0.1325551566825395,0.1418891201783009
0.094407831470129,0.029221481147543842,0.258121254126761,0.07150422201381564,0.1462766800551219,0.1070341600721414,0.10434605257226737,0.09511008619110277,0.09397823235111714
0.1085483290721036,0.12207102260858715,0.11781145701832918,0.09844762393915385,0.11609831206238345,0.11102653129047842,0.10689254191655094,0.11228440740297042,0.10681977468944294
0.11129338939096799,0.14483436585358936,0.12472055040774199,0.08630448358381189,0.0991718964981621,0.10467495800208067,0.10546236301063701,0.11804205496580233,0.10549593828720666
0.09717363464269324,0.11953803308477862,0.05530263076748487,0.1046770592382255,0.1692779407805731,0.1444032173976482,0.08983578047278377,0.105717057609972,0.11407464600584072
0.1261006139714053,0.07235431256202336,0.20226433366644744,0.07862928535375575,0.12209861486162758,0.08291585442693543,0.11409616128276052,0.11611478715443786,0.08542603672060668
0.10840759776668957,0.26379149899789495,0.07562423866227558,0.08931381383429483,0.0700315784805756,0.08420877994331638,0.11318152811521108,0.10099701199655048,0.09444395220319146
0.10636707424538604,0.0902273303159075,0.1310673090182463,0.10690123768340509,0.1243347834430964,0.11248393201466085,0.10085551945319798,0.11853727773410816,0.10922553609199165
0.10135038537225749,0.07631623915155668,0.1217548174187083,0.12798098236205535,0.11197147146436652,0.13654646467790194,0.10400710148685617,0.09991112000298119,0.12016141806331637
0.14956820440962285,0.04473667415472798,0.08244970068851115,0.08308377588237466,0.11569020479530116,0.146421812045989,0.12563422354484358,0.11709184661563964,0.1353235578629899
0.09707779307843571,0.08647503783063326,0.05150448679021707,0.19594563284775046,0.13755454822833563,0.11447054199827011,0.09210952710661768,0.09820165243052942,0.12666077968921063
0.09733883042322307,0.1887486695753294,0.06363884557453252,0.07227354389757493,0.15175941213023517,0.08624679500010073,0.11537155852682124,0.11100907572394869,0.11361326914823426
0.12342646263586932,0.13461742428449486,0.09814560248020876,0.12985206120292228,0.1025995088776311,0.09706459011209746,0.11566050110231592,0.11169410565470302,0.08693974364975725
0.11790108722105701,0.2483716958525183,0.08852518577232305,0.11232964999859625,0.04708053056083424,0.08229054862042319,0.1289586571559654,0.08881370243612086,0.08572894238216165
0.13260414447987715,0.1546658261120736,0.0908522423920637,0.08533828101028794,0.09296371285686768,0.1172039191944156,0.10420169696973251,0.11146253330427043,0.11070764368041149
0.1146162201567642,0.08038521478842207,0.116063372489371,0.10514020762009248,0.14158304265776586,0.12299427297522296,0.10294549790319234,0.11115159593109149,0.1051205754780775
0.1085483290721036,0.12207102260858715,0.11781145701832918,0.09844762393915385,0.11609831206238345,0.11102653129047842,0.10689254191655094,0.11228440740297042,0.10681977468944294
0.0705098753589389,0.21287754867410968,0.21687275359268188,0.07211954369298118,0.08893635568366032,0.08915285899231273,0.06933818306700695,0.10497840960037014,0.07521447133793821
0.1085483290721036,0.12207102260858715,0.11781145701832918,0.09844762393915385,0.11609831206238345,0.11102653129047842,0.10689254191655094,0.11228440740297042,0.10681977468944294
0.122002999472833,0.10501203809271904,0.09020798573070125,0.08585538454039865,0.10715891878511469,0.11735417631286164,0.13932875057163593,0.10366171823608324,0.12941802825765267
0.09354626423914819,0.08685826364444114,0.06081293456525169,0.12508634653629724,0.1767640643693832,0.11542763405991656,0.11336462448986263,0.0970340343950415,0.1311058337006578
0.17442078449689954,0.08346762457842859,0.12755855146985212,0.1067702753886131,0.07074111480969335,0.11209740989508828,0.12076525306977477,0.09538928747726583,0.10878969881438438
0.14756908783558353,0.10440252120197045,0.052189261020773425,0.07076304366740577,0.07676406602970341,0.15174984827901614,0.14856909473083876,0.1118875260530432,0.13610555118166534
0.10837390184948305,0.0480746843259755,0.0753362484827399,0.10561733758960445,0.19113317367508179,0.13783855004560855,0.10596496539423843,0.10979209918556686,0.11786903945170145
0.14295279139505057,0.09889367583678121,0.09951350401740018,0.08538092041445682,0.1058109401617127,0.09238792385796746,0.1417962913722408,0.1283960294148844,0.10486792352950584
0.15000140870964832,0.051875525693194285,0.10933054947786496,0.09042178781848716,0.11451627637590188,0.10855599525291981,0.1302226843242316,0.13002948411054757,0.11504628823720446
0.1403631379193975,0.11105893987675612,0.07649421438274003,0.09601225575418804,0.13032087311600235,0.12655937538923354,0.10872931325076778,0.10444836074049872,0.10601352957041595
0.1035914966537446,0.19019242333222866,0.08978019686566717,0.10916000003729949,0.1114413224529489,0.09569638601187913,0.09265664560191104,0.10736170746896732,0.10011982157535372
0.1085483290721036,0.12207102260858715,0.11781145701832918,0.09844762393915385,0.11609831206238345,0.11102653129047842,0.10689254191655094,0.11228440740297042,0.10681977468944294
0.1170714310545607,0.0977416595594975,0.09413686079594318,0.105050365723253,0.12171388061564377,0.11317943555500191,0.12095747597717449,0.11709443895073048,0.11305445176819502
0.11752774646980164,0.0972148650994558,0.07071001601599604,0.09041156600357665,0.12204888701091317,0.12655722755132634,0.11651369664849383,0.11207775183403064,0.14693824336640596
0.11470880523860001,0.08225788711975131,0.07974850494291102,0.1121888373648104,0.12096452983880142,0.1302340836974196,0.12625803754385326,0.11068553561206172,0.12295377864179124
0.1723322815108359,0.09522182871434136,0.06807959609950537,0.11962834411738248,0.09401311717416433,0.1084031006635341,0.11955278711767102,0.11272499173687618,0.11004395286568928
0.10901841912110982,0.02518758079152966,0.2757813381287875,0.08266148721899447,0.12099965039548165,0.10764542306809005,0.08981282186617734,0.11355426380903638,0.07533901560079313
0.117160612947361,0.033820773614663006,0.13031531810359123,0.08665553733117025,0.11776734574049957,0.12449804226677934,0.1516371282769357,0.1091024614452671,0.1290427802737328
0.11271054132347225,0.16375425664730217,0.07102481020401517,0.1044185355150442,0.08526902806215379,0.12437948469128991,0.11605740699215723,0.11194897111850584,0.11043696544605941
0.09223798797967607,0.08652000558755618,0.17054941972400306,0.10242613376687922,0.11328696676707073,0.11458093667014442,0.09977757125152369,0.1275024052034533,0.0931185730496933
0.10426523559472302,0.14390847308703208,0.09298274734835743,0.15268749272929213,0.10664065307538284,0.08995000727102569,0.09573545227274727,0.11010444857398005,0.1037254900474595
0.11995141118789854,0.02767979722604676,0.09209907171737104,0.1801584722103816,0.09539224596105082,0.1364215967116916,0.11228123511995762,0.10824791934431112,0.12776825052129093
0.10764900095384468,0.07695543268183853,0.1067707791733616,0.11212868691183035,0.15669830724802622,0.12148081067535495,0.10504996542835425,0.11104465255373537,0.10222236437365399
0.1118969665206242,0.10917432960797957,0.13969220076445024,0.08532460928930781,0.12102691482385201,0.1087697543917055,0.11285719172527019,0.10947572879217404,0.10178230408463645
0.1116537899225043,0.0950533612688635,0.12219638575911258,0.09776237196789718,0.11778400283391155,0.11737053809459308,0.10619742261073685,0.11524905935593836,0.11673306818644257
0.1471066476930658,0.09302815655379093,0.0697321663058017,0.1037454415423051,0.12278149272083605,0.09850467951523079,0.12810452245795725,0.13165521455295656,0.10534167865805576
0.09777200851879268,0.10802927930561713,0.2689653135085905,0.06817024305908533,0.09611580467128984,0.09544282364220379,0.07701258767474911,0.11704806142158715,0.07144387819808445
0.08949619539044935,0.08776125122262589,0.189707552247141,0.10886865084427184,0.12467434752808616,0.10407585773762217,0.09541514392402438,0.09448896645825378,0.10551203464752541
0.10023162316515606,0.20788143558018238,0.12153470266986627,0.10875145707190897,0.07671590859769005,0.09317661749038626,0.09953269758499778,0.10182536095610599,0.09035019688370621
0.10564313337254007,0.07837836632090987,0.12519059117308262,0.12181812581463479,0.12071457984747258,0.09658374639755342,0.1288403205517985,0.11129833676051759,0.11153279976149048
0.11717322081389103,0.08526961161433295,0.08561486797616136,0.11321495440683073,0.11242697565337363,0.11545712587915542,0.12985101957219944,0.1271397169972588,0.11385250708679658
0.15020595572405407,0.14585775893827868,0.07125785795372655,0.09275422397203688,0.10276154591332698,0.11653202080716313,0.10253293835689763,0.11053176854586645,0.10756592978864969
0.14743698191397914,0.02691847680052284,0.16081086845250744,0.08426785802832366,0.08732266872618501,0.12778880174521504,0.1263463524948284,0.10867441734069731,0.13043357449774126
0.08473072057201476,0.11723944927070869,0.2266229626160808,0.07592420026209266,0.11945879600002081,0.10171809633409135,0.08992981464860317,0.09423854932642377,0.09013741096996401
0.17603554343329983,0.07221301807800129,0.07104135578446583,0.09963518521842274,0.08670988442944776,0.14360435152081724,0.10904314933141579,0.10947272813466209,0.1322447840694674
0.12633476483460426,0.06219904756472705,0.1586214332907522,0.08254619106456441,0.0957147718172751,0.1143962411034028,0.12083692702424116,0.13006381344065673,0.10928680985977622
0.09012659514805388,0.122584095542987,0.2270117792821366,0.08983809667274488,0.11268356094709821,0.08324216180928373,0.09359713141510716,0.09712315090728009,0.08379342827530849
0.06465236586636247,0.1568155996909172,0.30669207187282715,0.06993738393355586,0.0799231357274397,0.09157238595880084,0.07135383134758874,0.08503508327103232,0.07401814233147573
0.08938230296770548,0.15074689321795298,0.09222331771272207,0.17800499213523246,0.14827311573035698,0.07323033867138941,0.09578100852802007,0.09396613056702256,0.07839190046959797
0.13436983997076585,0.127676248980493,0.07524903820035493,0.11657081186752709,0.1138037205148455,0.08620718431693693,0.11334843956255747,0.10848921867328787,0.12428549791323144
0.11042717659025392,0.1261175186871609,0.07179902210469881,0.10936010611184728,0.13211836221777842,0.09836514371864032,0.11957181815266767,0.1204436817371805,0.11179717067977217
0.07995275152418962,0.22521193886831303,0.12537511387562583,0.13056208517115953,0.08350050447643488,0.07608738725700866,0.09196196545378615,0.10268786147100385,0.08466039190247832
0.09261616974607904,0.24041193375568168,0.12975851441527936,0.07704323408728754,0.08406633901957435,0.09077299661653315,0.08705714220762202,0.09584327757203404,0.10243039257990887
0.10338808381017273,0.18154993898585223,0.13700285736632667,0.10908736087599559,0.08535790271527365,0.07306420518993532,0.09415262438297224,0.09459053261805422,0.12180649405541737
0.09850770466279624,0.32752396167797887,0.059708870187954906,0.07223257932187399,0.09068134781318088,0.05728801428213228,0.09165533864609372,0.09581196247101637,0.10659022093697258
0.10479135102201821,0.1381971748506736,0.07779776658648445,0.12251040846420923,0.1159918415159175,0.09944847204922795,0.11496779738959395,0.11475538121930322,0.11153980690257193
0.11094048527807848,0.10935462363791938,0.10899263401455851,0.09327707169358586,0.11011584882273107,0.11288778087032458,0.1051671097698053,0.11924668743324889,0.13001775847974795
0.13224234042554128,0.09246613395564186,0.1868300853332602,0.06901841016596934,0.1106799988375572,0.12455774924194847,0.09230075704156493,0.10268384795849124,0.08922067704002534
0.1085483290721036,0.12207102260858715,0.11781145701832918,0.09844762393915385,0.11609831206238345,0.11102653129047842,0.10689254191655094,0.11228440740297042,0.10681977468944294
0.15152567826491387,0.09248004295712658,0.06639898535660212,0.10072437016950166,0.07074075071241885,0.13906206184275297,0.12937373565359822,0.13492799141849368,0.11476638362459207
0.060854816162337684,0.16541348111390616,0.29880565808420195,0.0637197255320805,0.08983427056586762,0.06028698570594638,0.08400985694690989,0.08662575572453851,0.09044945016421123
0.10721655045768648,0.09531980835807491,0.17666142601156729,0.07890482112138575,0.10578399355290187,0.1073233295347783,0.10874150117135173,0.10733474852743785,0.11271382126481592
0.10039027470429933,0.10712545046857404,0.07374525267740813,0.14345131427100616,0.097500088353155,0.12244801353224795,0.1190341890105144,0.11457647304608365,0.12172894393671137
0.10353837372101947,0.07465345206595571,0.03829551434512801,0.08766096327505339,0.22582016675394812,0.13746536733281653,0.10922228825630265,0.12521270233055504,0.09813117191922115
0.13366630620088182,0.21310957914650766,0.05279863133874662,0.10305265014903255,0.05967413109860281,0.11245655268401156,0.12258749469967571,0.10585588570150171,0.09679876898103955
0.07988718397699311,0.11460385709312848,0.2510742362527368,0.07191694211527126,0.12064869140121319,0.0992508790056615,0.08612185980967939,0.09008897784319604,0.08640737250212026
0.07809288309592032,0.15348011829584127,0.2557618729117417,0.08234165944644224,0.09035801774848888,0.0873994771987614,0.08539797269664388,0.09184822989456576,0.07531976871159461
0.11721749803474842,0.13381513438326065,0.10639227329281803,0.09422302925212167,0.10682415646300313,0.11389487992190771,0.10635264815326755,0.11263488082775919,0.10864549967111366
0.10403932125085873,0.06519623549342153,0.19832464814203124,0.08625611073638133,0.12550035039871546,0.09127526781041652,0.10395616036716537,0.1209187337629466,0.10453317203806313
0.12015340206649523,0.03390342733633588,0.04517633879333677,0.22056674125396783,0.10437612690273125,0.11640600005120283,0.12094612938504168,0.09414264132365872,0.1443291928872297
0.09867279808350275,0.14044370323834698,0.14847987574075192,0.09506279123656325,0.10126344070813996,0.10275750361334884,0.10127105232407578,0.1072357445316179,0.10481309052365269
0.12436083493848671,0.08381001789706886,0.09464821647989778,0.10199814309482581,0.12752480158817806,0.1194574288964264,0.11234224170831171,0.12112292025029103,0.11473539514651354
0.1120658436614449,0.05586789247685698,0.08141132546490171,0.16111090478600293,0.14910607758829242,0.10077707247785676,0.11900886495856973,0.11526772512348733,0.10538429346258717
0.08090702073305564,0.11476272545113224,0.1748476430441648,0.13124257268007264,0.11917695212006015,0.11431586711951837,0.08367145210188641,0.0998171246108685,0.08125864213924124
0.10202752481327593,0.0451333468999097,0.08524642227014823,0.07742760662151472,0.13263191662523804,0.15817577349201586,0.14811337612719042,0.11355128733846424,0.13769274581224286
0.11604386588197753,0.17668465725049984,0.0683424584194019,0.10539334288655655,0.08590189316245987,0.12720197849247247,0.10059534911380309,0.11033185886187447,0.1095045959309543
0.09781629917727903,0.13642223086034003,0.13294704303809116,0.10829602640510828,0.09214836795428615,0.0905949076224979,0.11048829216894497,0.12675598673625962,0.10453084603719272
0.1563527280520469,0.11062471309053312,0.07073585722959427,0.09959515760201959,0.10459339535913321,0.12631270131569874,0.09597851328144946,0.10297612565931273,0.132830808410212
