0.11300059098855997,0.09441923397989171,0.0230776738100883,0.1396130255845169,0.25877416920250046,0.16421121777623335,0.0914591637574771,0.053403034214808076,0.062041890685924084
0.15835846298153053,0.14173011233562438,0.04214466759183755,0.19480118519082654,0.1259149242421185,0.07005369782026567,0.15291715143933507,0.09749558877458848,0.016584209623873216
0.04671431004012843,0.11337637901691901,0.17457363969806183,0.12043592394161488,0.22639322598864633,0.1595048081886117,0.12064364513780673,0.019243796348025522,0.01911427164018554
0.0497006730190967,0.054553329409957774,0.10964096608592948,0.09429232716836283,0.30433240212162044,0.08414137979523832,0.13244478673842858,0.07230571389541333,0.09858842176595263
0.22383946801350066,0.11287895383647695,0.029013630940160916,0.1273995501316562,0.08925186345936857,0.07708823093982987,0.07264449125071631,0.20431226058767415,0.06357155084061634
0.0452972736449088,0.12271497677013059,0.3365587984001776,0.09961720338108042,0.09717241106438483,0.0837571757170295,0.1064213235126088,0.028933676357538924,0.0795271611521405
0.12458188880908105,0.08620335390290425,0.12230672613896058,0.09306033268493409,0.12812955328145564,0.0846996230857308,0.09319581660214772,0.22293832858176468,0.04488437691302116
0.1490020435655471,0.08850546188369039,0.13491631817083416,0.10889096383811052,0.07831510903728219,0.05727078458684181,0.07287981767614594,0.27050307756000863,0.0397164236815392
0.19668405987257068,0.08481535886567886,0.053787880877156115,0.0864469105853201,0.12582938353019726,0.20216853343747865,0.14013992383429943,0.06521071657985202,0.044917232417446905
0.11243466924957533,0.10851836948798209,0.2599296235862842,0.05101276092094522,0.14176744385760112,0.12446427908857623,0.0890872309735899,0.07459646389974274,0.03818915893570312
0.19156431424561696,0.10317282685228667,0.09094338123306267,0.10370261638947591,0.14299016360808822,0.12989412120985677,0.1616733674255629,0.0577593028077075,0.018299906228342513
0.0538644129571292,0.05699646472298029,0.11917460709537915,0.13235769764669703,0.3164839626621801,0.06431896249609505,0.12572034379053337,0.0996804219575575,0.031403126671448296
0.09390928327783395,0.11941291432541444,0.039478911116499336,0.18767641793311238,0.23854974423953754,0.09918453434989548,0.14153609368198183,0.052045475466976,0.028206625608749106
0.16852425197732224,0.09716210568455567,0.02424194761267927,0.08337086727525396,0.08561561565676205,0.08370930609062273,0.14730629601074732,0.2289998713460896,0.08106973834596719
0.09678780341294872,0.07369419951772097,0.09597062650910226,0.08524217892815979,0.04022324677095376,0.06647673224436862,0.12452004749289108,0.028415171539626888,0.38866999358422794
0.126755864680745,0.13765360564606097,0.1441065229760152,0.13450157058262072,0.1091157325131068,0.05789958630136416,0.16297592558329257,0.05340802912223821,0.07358316259455637
0.09006932020300391,0.0751517940463204,0.018961673238886798,0.08951320996856205,0.19484074505817114,0.20147996729912254,0.06356001081784575,0.15510079136602328,0.11132248800206407
0.024348735480756712,0.043681116467554536,0.0965545383136487,0.07458339792477525,0.2561416812249078,0.0841781363004588,0.22767653580445402,0.031561029863502434,0.16127482861994166
0.03980471296047557,0.07439290700584528,0.17338840958377288,0.08196554717208147,0.33338896002336843,0.13518405622068305,0.11704448619758552,0.0318971110036634,0.012933809832524323
0.034224401483871576,0.0778583338851901,0.04384015853490856,0.14577409805433358,0.34820074850428623,0.17603308858746422,0.13835946707151417,0.010957755259322043,0.024751948619109513
0.1417387003086705,0.09551104229958784,0.019390350713173167,0.21658263393520624,0.14576185859024168,0.05933734728357191,0.08344559265935347,0.15772574185240698,0.0805067323577882
0.08022737785702548,0.09968431976472521,0.1662428540476202,0.1363722852288393,0.24122259738231536,0.08976272568944249,0.061542099329444856,0.10677919767363879,0.018166543026948246
0.043793474901317686,0.09114287612774752,0.09748577570916221,0.16137820497056624,0.22378315764896706,0.14931394231717507,0.13643672212595645,0.03287296507734195,0.06379288112176588
0.09868164057548819,0.13395106291470726,0.11857636152249253,0.09105999507043168,0.07530564777350007,0.11549511250583194,0.13628293820114645,0.1146299851812117,0.11601725625519009
0.09561994825234306,0.12090338225871583,0.06629701496764275,0.15447198181308958,0.12177427362074222,0.15409165009571066,0.09649818710078456,0.05673261162504851,0.13361095026592285
0.09502294407603146,0.13259355058508127,0.2713488741613555,0.09607581389688259,0.06641108264689165,0.06599794127080233,0.09713048203837989,0.05317869445504286,0.1222406168695324
0.10257642714755467,0.08139729519711586,0.18785573193408234,0.07526480475181667,0.13835335415109692,0.08911783534662221,0.1290012530708288,0.1324881157178787,0.06394518268300375
0.1388676333156598,0.10641894372137924,0.08042621859308231,0.10439593259065409,0.1821763080042211,0.11844107915998232,0.2109099746839016,0.036777178703803,0.021586731227316514
0.17141798331578792,0.09465317555408127,0.05287626935488166,0.1093296896366062,0.09796983615036543,0.05076158046422308,0.11248935325437072,0.2788714636124658,0.03163064865721798
0.07434906001882076,0.06309260647582894,0.08679037054705374,0.0673547626840552,0.23638874047678593,0.1547027443142245,0.1296444236329484,0.12664133442300188,0.061035957427280595
0.05844348183434502,0.08389942184491679,0.09081751061712919,0.09310249246587839,0.31813000080301096,0.1574601020914622,0.07128969617295002,0.10558205258010649,0.021275241590201013
0.04931392626696468,0.13183063488656058,0.05568912745508348,0.1325422668757058,0.3505160905819355,0.17372056844427805,0.05663846066878873,0.021381256353965646,0.028367668466717608
0.19926575709535146,0.16836241216612238,0.11103453835455307,0.09559084972156846,0.08446384720107712,0.0695305345997494,0.13325098365701538,0.11625904532061815,0.022242031883944597
0.19295705864541765,0.17527795045039088,0.07670081892809279,0.07074230154602633,0.04287177898106954,0.09580203642241512,0.1094262188406515,0.18123810651112568,0.05498372967481063
0.18532817491434347,0.12199572635288884,0.0979493724239343,0.09990526231141912,0.13157769214630602,0.1018651967043211,0.06937114004657052,0.12853932524787717,0.06346810985233949
0.07819291967245662,0.06360690323122585,0.11570340119968668,0.152354927254186,0.22083772506427823,0.06913618118053538,0.09944536905651495,0.16305585036991976,0.03766672297119647
0.10505569875315991,0.0881867636088467,0.014681607043740039,0.2463165099417669,0.09616536676526,0.10359361707348992,0.058309719459896936,0.08793134954224464,0.19975936781159495
0.10263485672151908,0.03297616534141973,0.13504494643309375,0.06608745356407052,0.08806366801233591,0.061555415027412526,0.17054294174923226,0.08120474484212782,0.26188980830878833
0.08059128508058234,0.07460548936394813,0.2161463656786612,0.0836896930327109,0.16591610606064708,0.08748573836110195,0.12863709155469938,0.06325197355975039,0.0996762573078987
0.11344095846696363,0.12295769651196153,0.11187836455804034,0.13569107629822175,0.11856111699755578,0.14121406688049373,0.07779939204633646,0.09891912742803766,0.07953820081238913
0.11954275238649881,0.14645853807505083,0.030375153566558805,0.09211389148084852,0.07287596523841221,0.13220723498479678,0.17204576866309082,0.11003876941088547,0.12434192619385775
0.09257850801705854,0.12661923146476178,0.05828905044931848,0.17705963188043372,0.19651359203320373,0.10417596123055861,0.09621822224905664,0.10635550143935751,0.0421903012362509
0.08409309152999082,0.050622129989586206,0.19682032747426215,0.07069218264910625,0.1451718474611475,0.06560126078974814,0.21314602483856393,0.10441457396855497,0.06943856129904001
0.29189849064596946,0.15621077094513808,0.051633137074433046,0.14713894386162862,0.053207349639640994,0.05223561476756993,0.12083593093146748,0.049840272417325936,0.07699948971682641
0.09215843539361583,0.0804991441540729,0.117693717113789,0.11848499567616799,0.112759460425444,0.051211635783463584,0.09485359057843801,0.27954938399205104,0.05278963688295763
0.08515544271116786,0.07295275971070053,0.047255266925607275,0.10912227910687992,0.2512213660461167,0.2114212048507346,0.07176176085092097,0.11459905004820496,0.03651086974966699
