0.1389824165593163,0.15640974769148866,0.10310626703599503,0.10920579808185665,0.03421073073395032,0.2336329629352496,0.10670935011623717,0.05372702005015074,0.06401570679575547
0.026308822972814647,0.014435799798203542,0.06300641467936001,0.026391121312814413,0.3259516112461169,0.2483311650572664,0.09108633034385849,0.12309246153754098,0.08139627305202465
0.0075021721382337305,0.07559357945356344,0.3050168011239549,0.15925018666821017,0.06873446176147023,0.09278298971921055,0.051645633997965755,0.0671943718460955,0.17227980329129564
0.013607768138363221,0.16271173975729383,0.13628841690669427,0.03619835560848348,0.19385672434936793,0.15384688320036918,0.12495382183840881,0.15441677697806652,0.024119513222952707
0.11595936121164284,0.2550080060049397,0.16409425581044992,0.07808900669667458,0.13170248433406956,0.030317483387684734,0.07536717431185991,0.11604043850998073,0.03342178973269799
0.033281180173610654,0.07675264339638761,0.08508801778590148,0.05031853165298092,0.3578677042886664,0.0823069288441899,0.09541517052777886,0.16159733957810288,0.057372483752381354
0.04456504123009721,0.03110865375723584,0.2523982543376059,0.0656949434439124,0.0937982188972813,0.14469850977989387,0.1070193721919175,0.2061624073510323,0.05455459901102364
0.06219834203610828,0.2668308206667791,0.08163647414568502,0.08771514818967246,0.1935833324479356,0.019657826503953854,0.11818823569395753,0.13787924292859477,0.0323105773873133
0.03465372878656864,0.07251478269041046,0.12197274050612844,0.03320130360765889,0.013122044132756,0.21377984336852732,0.07573501023622643,0.06175050899576173,0.3732700376759621
0.15923174468944676,0.01657970341194199,0.20602984787771197,0.27372443303482,0.14214451720522117,0.06329511946079673,0.06601404183440712,0.04614064993446625,0.026839942551187993
0.05967738753881833,0.029381346471848008,0.18112052916764218,0.09170973192111394,0.03782834625209524,0.15455071662828887,0.1252598968333633,0.22587995779519918,0.09459208739163096
0.22245521157756,0.10935756589473782,0.10288626028748249,0.07835043334239816,0.05895587626997718,0.012200435435126116,0.16119323624490137,0.10178129278457641,0.15281968816324046
0.009031360799832404,0.16873669256360072,0.04184788073515348,0.021691813436266822,0.15146808844641843,0.36010369663834546,0.0623171677330415,0.13020695074245334,0.05459634890488794
0.09934705316670449,0.1699982506367966,0.11363142489764427,0.10153265530339549,0.0795820643898112,0.04221366219855393,0.13527630690064532,0.18384458054790112,0.07457400195854762
0.12245308998833447,0.16260183832143307,0.04697285220247602,0.02876005887246086,0.28170703391003943,0.04647812849803681,0.17001779193165859,0.062266324497103565,0.07874288177845709
0.09888260987377066,0.05947602631097174,0.19298773266079025,0.09889870512358957,0.012749311337114813,0.09362292421346062,0.09440449619105463,0.1534403635200808,0.19553783076916695
0.07602797271457713,0.23003107091663821,0.07204797571266798,0.18997201055415544,0.04438161544415679,0.01798788190903526,0.12433915543988198,0.08480021194273331,0.160412105366154
0.05981263849802141,0.05505745226636103,0.19543740777764987,0.04713000875162307,0.1416689679946203,0.10321873954415135,0.13454809423383857,0.15960845193918513,0.10351823899454926
0.03927963806902361,0.03670675258730471,0.12849767185096347,0.15787564329298578,0.01616744626615388,0.11531651256158171,0.07598413122097182,0.05650964395259178,0.3736625601984233
0.09258792144370405,0.018938830895609552,0.09881782113373827,0.09778094877365222,0.06462796422491213,0.3492647723258388,0.13221128507961868,0.09622362418182491,0.049546831941101356
0.20726110981791812,0.18115679616935787,0.1451482346342842,0.08860901020346801,0.03500386188903476,0.03259818632698349,0.11560308697377968,0.1067402290374808,0.08787948494769325
0.2598451445843691,0.09307019526097603,0.0723756650440084,0.05915443437261827,0.04750068406702516,0.02612037076571598,0.1580688157079672,0.14745194011063278,0.13641275008668718
0.30223362549648863,0.0925061901753504,0.15783809729065443,0.025501600505146705,0.05510413749221916,0.0504672068538734,0.08496121038166644,0.1803119092706287,0.051076022533972094
0.21116109018001147,0.022313578353813267,0.08062326803952097,0.30339144250153854,0.054984283143005,0.040428094587840094,0.10778583352363237,0.1554732584728611,0.023839151197777173
0.20576425616379299,0.419399493841707,0.04353689827107202,0.06202110374900286,0.020435313916019004,0.0217131970036847,0.09891660783045549,0.041814752972318146,0.0863983762519478
0.07295798469124082,0.10536603593237887,0.21695771323601634,0.06161127164847125,0.08343449740970914,0.09329004918147958,0.10756507066395804,0.1707349723374887,0.0880824048992573
0.002139823769288306,0.01354525101946112,0.12335790061735367,0.07239460090374142,0.1632958712397423,0.37669149847490396,0.03996024815352075,0.037053275654569805,0.1715615301674187
0.20086806868462012,0.08191943073892978,0.1420390670637899,0.047630534661073066,0.21867785198042197,0.04565639449177794,0.07684749455299388,0.10864781433673494,0.07771334348965855
0.2744860626993782,0.3331402184491766,0.0632984866962902,0.04604457995981389,0.05510765471565795,0.02764883768371762,0.11442102900040875,0.054154044514632904,0.031699086280923994
0.0063653502012434105,0.00883253664349572,0.035449534264460306,0.036783074517854904,0.3841060198526749,0.12759232553152713,0.07342673261566302,0.28621072179326384,0.041233704579816864
0.24489525370436419,0.11950289497985207,0.07931958373022163,0.05070739704964917,0.008061951633564034,0.2421469823363834,0.11544362381195072,0.03608717972199499,0.10383513303201981
0.07295993789174846,0.12557569383600925,0.1069572035979895,0.03435731394952866,0.25314566105719266,0.16391034101264937,0.07899734872681953,0.0941307524097794,0.0699657475182832
0.03394727957175024,0.0715307492829964,0.13681219565539052,0.018237454866647677,0.3496592857850099,0.10372912448551629,0.11085455745454155,0.15244113157867292,0.02278822131947451
0.16357222821464998,0.10890912158932052,0.12888695416175433,0.1143836562328497,0.04235722575136047,0.08608459825174654,0.1211348769527671,0.08719526775985893,0.1474760710856924
0.03515726517650245,0.020397937960982517,0.0974855637151516,0.25535478757204516,0.04773061254259059,0.31888099778171913,0.09465882322662318,0.07932298541161019,0.051011026612775234
0.07760081992420974,0.03537180392000779,0.1727833505738672,0.04684424746448155,0.06238484224394347,0.14722070925293354,0.12648249184603164,0.22645138099887066,0.10486035377565435
0.024222001379312314,0.18051079448571672,0.10571244810940207,0.033472067264650435,0.16335139113896255,0.0983923667769495,0.08612434313197287,0.24997871105784294,0.058235876655190616
0.18139677732057527,0.12575413909989117,0.06906410969275856,0.057299888341811954,0.22947985302669296,0.01638665836580375,0.13108198752686193,0.12426256791408712,0.06527401871151735
0.28924621388527233,0.15028982874242003,0.06663908517350178,0.03770758377857181,0.019244047020305462,0.10909428646552118,0.14210424586785875,0.04957693420285833,0.13609777486369032
0.03503398984899286,0.04401778519971209,0.17342666482942462,0.06381998774143788,0.08929671657455972,0.3125295621739889,0.10993722306359426,0.12083936704561095,0.0510987035226787
0.09656191352461403,0.21760804675616555,0.08933342027684303,0.04464710185595369,0.12746141256761365,0.019311039865656274,0.10166194407275596,0.12541320209836263,0.1780019189820353
0.22443294352258047,0.12448211408904225,0.0888910087868035,0.03968605008726595,0.0021044581426117055,0.08119708092117824,0.18417969561048175,0.03344519240185348,0.22158145643818272
0.02083499538779483,0.12411076625208839,0.10618853245833877,0.09162550345232974,0.21252958871669125,0.09356549718173912,0.13128698695572502,0.10810766850917436,0.1117504610861186
0.3005990986196208,0.11518720871315817,0.10295730821513466,0.08660831395783801,0.03539521272253749,0.02511897155955598,0.14116461689331755,0.09393194897521866,0.09903732034361867
0.028372205166720357,0.03404581669848157,0.1132902808406319,0.15435379832379517,0.02959703413390463,0.27541966494786446,0.10919945980953033,0.09354897760662056,0.162172762472451
0.012880830065386753,0.03366795232265595,0.044912612706175144,0.10152061873292517,0.09058611277153306,0.3584227968181537,0.10265023070398216,0.16581436210277833,0.08954448377640978
0.04055763189544401,0.22366741781217345,0.03212031057927903,0.03566839620893374,0.479643413759947,0.012394709405475782,0.08734888716396329,0.08221402119645109,0.006385211978332574
0.012660433176706579,0.03394327520018662,0.0922853040723867,0.056734100546729734,0.08840853841580275,0.4711881760769809,0.08212935659749133,0.11486404716301657,0.047786768750698934
0.08129117754134196,0.4203082815930174,0.06379239411429699,0.04778664770658728,0.043617813257141376,0.10430157848877086,0.13306648739221846,0.07632396812333712,0.02951165178328861
0.09679214241390904,0.11256214158186088,0.07196316392674998,0.03276273671063624,0.07055889732850001,0.1315557335192514,0.16010049639191692,0.27776324933859314,0.04594143878858246
0.16491592482241393,0.13870599407060732,0.16392551984710949,0.0607828037874246,0.03312067361375107,0.04669877321940447,0.10576282777549574,0.18212272561004497,0.10396475725374832
0.07976323309732676,0.1863921456865989,0.06810267034726378,0.04517607349794034,0.2653035744480334,0.06287740710337504,0.1659049906281546,0.08172196269128706,0.04475794250002014
0.12537576004807252,0.05046434296343771,0.1258149638378914,0.05576720522870843,0.035564573553844264,0.21786484997479205,0.19125677856761916,0.13098712178860006,0.06690440403703446
0.042990193956653135,0.15594368678257123,0.12585230460780997,0.10644369204017413,0.22574541230441403,0.029292332663163934,0.08631623164679814,0.12389257065126358,0.103523575347152
0.03772848524444377,0.09021256163806991,0.2862853320423362,0.13959561989611088,0.021552038364680993,0.03973095800234588,0.1178613674969139,0.18343581939298825,0.0835978179221102
0.08461309434994314,0.0708029610686772,0.10409840305357411,0.0665331496913039,0.13729911503428058,0.11661898633127477,0.21252678543265457,0.10294907340104681,0.10455843163724492
0.2023957411210048,0.0478281948141083,0.09743441269252251,0.13661556705351,0.009913330545384777,0.022994002955708418,0.15933934571184172,0.10148487202007274,0.22199453308584668
0.09733652155159601,0.07266565923539832,0.1563949431407918,0.0985280523442505,0.06233894150747312,0.051395874514673666,0.21084101795514495,0.20216719804652916,0.048331791704142514
0.03553038235031394,0.13864312469361142,0.23617259739245466,0.05326363854002062,0.02173705069820439,0.0327493698928144,0.10035720064693919,0.2793727767739035,0.10217385901173788
0.05370045674284691,0.04781419197159332,0.12729328487715555,0.2100533136990129,0.11613729108381095,0.12441585037743728,0.13505055503844085,0.1351121531683067,0.05042290304139555
0.28495908618218285,0.29545378872287226,0.056202525342294696,0.04575457791863804,0.11899390020717138,0.010716024040017216,0.08136193189581248,0.07243808986382956,0.03412007582718155
0.34132032291302344,0.04813213984731122,0.07443224954062995,0.1705785698304638,0.051318316885591096,0.09303004975176889,0.0990207766787205,0.057962735929105474,0.06420483862338563
0.12490904484351117,0.16422950091124425,0.12138284956604473,0.051094649675136765,0.014440386237049461,0.025363292763103173,0.11715931816101811,0.14063356689632764,0.24078739094656468
0.07447360579485353,0.2622626789118755,0.08607596112196741,0.03726589383155304,0.1305599407896582,0.041188697436930294,0.1782926532988481,0.0637646909542288,0.12611587786008507
0.09317186392036654,0.06511677418175539,0.33231591996988274,0.06259278926777619,0.06769454636555944,0.11523038626120802,0.08560996858178728,0.10340526533824794,0.07486248611341646
0.1046951444119032,0.47970498694351266,0.060262726728213485,0.028513105849459375,0.09935570836672734,0.034108724889309376,0.10155665617053455,0.04459734483144303,0.04720560180889704
0.04628100352223535,0.05315938675950258,0.1391419484598626,0.1213939318594031,0.11418007690142169,0.16084959878134017,0.14160760823242227,0.13720578858495427,0.08618065689885789
0.0029655463552744313,0.014648236196737434,0.14331268342222467,0.17262737438715778,0.1446438666186347,0.2580290763620419,0.08172379844292622,0.13526399347658993,0.04678542473841298
0.14675703475955318,0.034622439983442506,0.19918654029564484,0.09152157424229013,0.03374755672013308,0.06920131815546307,0.14859721102945797,0.08343554413509142,0.19293078067892386
0.10940266236331476,0.10623176514923403,0.2051011142619159,0.16571168014635554,0.16522153878327642,0.11414176001766761,0.06389722090930179,0.04008004406170509,0.03021221430722873
0.05264713342989872,0.15524409358172533,0.09597492109101825,0.059413732216280664,0.1636646656963582,0.14169286547358287,0.16386682725387963,0.1131347559535714,0.054361005303684935
0.03357211788293719,0.10703873042796219,0.14613127704696147,0.11236242505282508,0.014495477759084613,0.053288152688140224,0.19007913528411544,0.2138569153017651,0.12917576855620871
0.007987100251047435,0.022676495981861416,0.07917311950834012,0.09125424267372495,0.030660118609644977,0.4486519654676823,0.12556508080778225,0.11179837454345339,0.08223350215646309
0.141382127898706,0.11739563485864384,0.05538946206303693,0.02673249872287275,0.08630146551840724,0.12566499486776703,0.07623968063669784,0.2191048471048459,0.15178928832902241
0.000982157358575777,0.02153704914642333,0.16280315177204374,0.21473745171203737,0.14497524026348887,0.19799252764143124,0.05017253342531122,0.08970808115888955,0.11709180752179899
0.15851594535328908,0.1308755259563539,0.04666728525184901,0.04774812748086114,0.35919899553252227,0.01464357911375718,0.10492224630159418,0.09884086813179267,0.0385874268779806
0.11510074147889916,0.10412361653278683,0.11665216257521004,0.09624769289795347,0.04095534428880402,0.08854900926829434,0.15346044451039365,0.12577082743082804,0.15914016101683048
0.010078370941006958,0.06089985555099786,0.17868309267166105,0.1859726629568567,0.060042667609200934,0.2341352459969285,0.05416998096175843,0.05405310926600593,0.1619650140455836
0.027347490839848474,0.04179155207684369,0.14326795359984987,0.020865283471137103,0.08241318483342207,0.3538462820072126,0.1262168721719605,0.16950915279446396,0.03474222820526189
0.16605669145114263,0.07461041151263469,0.06789055222155278,0.05579961625169072,0.24286011829729684,0.059524221631250464,0.13397894882423195,0.14391241864218923,0.055367021168010594
0.3462279837724602,0.05860961345771352,0.11432416215851395,0.07310603431414558,0.035934744436249506,0.040991851075516283,0.11922653949447308,0.07179247308399621,0.13978659820693162
0.016238882837107487,0.07414566142823863,0.1630632766389181,0.09486150571168243,0.17044100551003485,0.031931994576929836,0.11179873252966123,0.2901184941061849,0.047400446661242546
0.03994956202632814,0.06330036634684504,0.10021031923339253,0.0787716241807448,0.1168676974382229,0.1999761497878477,0.1646238087290577,0.19126734721729277,0.04503312504026847
0.023487593835046793,0.037603164717083026,0.05543511190586888,0.038223774650928355,0.2187823601745391,0.359719716914336,0.09367433289895251,0.1364534615161237,0.03662048338712156
0.2684988855436104,0.3599648961891093,0.031500959533242424,0.05994069784880692,0.04743479435834252,0.022383088207780916,0.07615561618621304,0.07904978706192657,0.05507127507096787
0.008081382946398692,0.00917363255390389,0.14707253207221704,0.20315567272559273,0.07158043788425557,0.32911639867618475,0.06214479808906435,0.06276757668784046,0.10690756836454253
0.14944021734787263,0.3861271564149029,0.04597963295345931,0.045828598121961495,0.027229664638869652,0.07492119542444613,0.14908080584121775,0.04693954617203761,0.07445318308523245
0.07019780014913837,0.19244324261673398,0.18975387160521637,0.04572245117605173,0.15455896871904987,0.04291958281291829,0.0771869316539629,0.13913819955698453,0.08807895170994395
0.08287599978329122,0.3444086616556073,0.05945495461051304,0.018156793763477095,0.2335595357758731,0.04450127338122267,0.09207773636860044,0.10582946421509846,0.01913558044631666
0.021635906700934293,0.028140845135905163,0.20718236306412918,0.12545890986256794,0.0540333596573133,0.16913517020410693,0.11427554848411804,0.24104088076784377,0.03909701612308138
0.0647727757696207,0.018060028805086604,0.09460381891918375,0.01555757996078444,0.04696886909976611,0.43003003349699015,0.11968854203305657,0.18582878395767619,0.024489567957835457
0.016385755007392627,0.05504598350270897,0.09766554788570496,0.02677722630931234,0.09091783014062899,0.3742799034514525,0.0967322975731758,0.17027940329287483,0.07191605283674912
0.0186244175045431,0.19126520806966174,0.15384957651545664,0.20844370673926635,0.008962648953438393,0.03534114524221189,0.05562149993459462,0.04029935157200149,0.28759244546882573
0.023977335577985797,0.20394749227338074,0.163547176070324,0.11517792573787826,0.1953995811154341,0.11234232890937362,0.05711867370835799,0.04113925922651812,0.0873502273807474
0.018164362684508193,0.013582195454166848,0.19029946124190691,0.10091834113741399,0.013981975621086462,0.3007253901895775,0.09667578711527003,0.08575652475615048,0.17989596179991954
0.054682627589802864,0.07978973010167832,0.10279079492192188,0.08642024287405864,0.09118554447657061,0.35442924564825146,0.087009669323643,0.048768394355567964,0.09492375070850527
0.016284624593371818,0.3110213013670989,0.11721641410589734,0.03302793542516962,0.2836434906227991,0.023199112255026844,0.0571655861374152,0.12959467563701796,0.02884685985620321
0.007414658798081374,0.25531319736480534,0.14498850495747453,0.12869925104359567,0.19000890321413497,0.0941757661073191,0.04890086789160806,0.030363373058452745,0.10013547756452819
0.05712424815833798,0.09095520765043243,0.2292741422044675,0.11845889660802446,0.038783152427318474,0.12539063283814608,0.16380597023651142,0.11783282403684468,0.05837492583991694
0.06225672539354928,0.05288971876613415,0.20182566377604585,0.07588846032102158,0.015516394362905821,0.16427871058380059,0.08360323363140383,0.10975970257208141,0.23398139059305745
0.03582015061250119,0.007245271903652008,0.02858723049433051,0.43689852441613314,0.11633381905048003,0.11991799053055431,0.0965268889772674,0.15068986279764077,0.007980261217440587
0.052816394245624065,0.21201390335411632,0.1265436908948204,0.04355719501239284,0.14987220303579463,0.06151508002404313,0.10369754393385706,0.1382185564421192,0.1117654330572323
0.1444003275442893,0.3737134907121458,0.10089717064092686,0.05424044272901435,0.02169922246928165,0.01613481950372563,0.1356898022256736,0.06101130346494283,0.09221342071
0.10529816717932455,0.04334547549119954,0.17108116922612623,0.04272071486565674,0.11069328991879944,0.22410799816890162,0.1247088056083225,0.07725062212135107,0.10079375742031833
0.041978124368969603,0.03208572078334892,0.1383942477298862,0.059742542117430346,0.23309713712635458,0.1270086373138005,0.09270718035862875,0.23787038895993903,0.037116021241642205
0.046175895055498184,0.028617556147812778,0.1439721535221549,0.028814067029299412,0.06864780509171566,0.33460629895573674,0.12636712024602295,0.14067836328223868,0.0821207406695208
0.04700177391788535,0.16228056466324467,0.1171365242729312,0.08841932285894268,0.07530660283670391,0.07070197772152914,0.12804387024780228,0.0994875804353616,0.21162178304559923
0.06619008218585272,0.06646423888049394,0.11379386977046385,0.04755120266693871,0.04364564236420717,0.2612754928288436,0.15489388517573682,0.1284130580085576,0.11777252811890555
0.030582339603207016,0.0024129067790667983,0.01128709846578728,0.034522900041024415,0.17888329469647357,0.5579244044560777,0.04399583253212124,0.13092247435079885,0.009468749075443051
0.18196152960456613,0.06215957695188024,0.10525083594392054,0.08383764868316519,0.021663119039827403,0.07337364933111634,0.10988785414328694,0.06049905741393368,0.30136672888830357
0.22683362285531727,0.0741654989391662,0.14037965570380342,0.12546035064080388,0.12796960695531137,0.018914419819793797,0.14284558885471013,0.09451319149375603,0.0489180647373379
0.04952031826936237,0.19086324276886588,0.0401872271573201,0.04024492454811124,0.4175859507870359,0.05433971512132285,0.08927791625393176,0.09467266681444991,0.023308038279600013
0.008954606532134198,0.024105198802624683,0.26436612586590347,0.15574212552143454,0.1099657430757313,0.2264008338016982,0.06224529265099867,0.06508693605427374,0.08313313769520118
0.1145696742286058,0.02360588153248075,0.15957609447883714,0.08168280503873097,0.040541638017040534,0.0846092054754088,0.17511250517454124,0.14224881761248584,0.17805337844186894
0.013249572241566051,0.1051847121226321,0.18558366849618843,0.19874480470092162,0.03487397411914201,0.11634750974974735,0.06467618290974526,0.06616163787781178,0.21517793778224534
0.06979653914246327,0.08702219839408805,0.08045423631827345,0.03833773926221759,0.23771490740416437,0.0979072315151977,0.1586946885093356,0.13786526055261283,0.09220719890164723
0.07562217663178122,0.22160292767562506,0.0810420544939592,0.050104083976807344,0.050341787224037815,0.0379928666236592,0.170858017443013,0.11867241731089545,0.19376366862022176
0.22150020595091147,0.1853961687067406,0.08032944085110937,0.048891176022285925,0.07417504762934184,0.04911813310668356,0.12778559972203943,0.15668117696051317,0.056123051050374705
0.022023958580348345,0.1336075624692634,0.056171859266116,0.02305791011134324,0.4489972563643272,0.08734210752022671,0.07301140216787814,0.12164602258557745,0.03414192093491949
0.04435291257487895,0.025984764513899018,0.12096147502547783,0.04686669776532034,0.07241122629459501,0.3205962302474293,0.09023452598954879,0.18131341106521262,0.09727875652363814
0.14636541789134824,0.13107317265093701,0.08315639444592877,0.15560456976384718,0.041618376736608925,0.09953569333238547,0.11700707830441785,0.18957647187453677,0.03606282499998981
0.06850100651208711,0.29648088037847253,0.10932283798858695,0.0640394339091936,0.059419225765374256,0.046424814607245846,0.09137238683399497,0.17322011857233507,0.09121929543270973
0.07788191405257783,0.256665936354127,0.09362213689211059,0.03538908852518835,0.045978145915245704,0.07005244947104751,0.1772077818286,0.10512955857184415,0.13807298838925877
0.018509237806894105,0.10560034140190068,0.26071444742471866,0.14497826296771668,0.17440357769794398,0.0899053110286994,0.06433313590792351,0.06377746390351684,0.07777822186068604
0.08451596280214387,0.06093913460566127,0.094295416692294,0.061358425055911665,0.11257059635617957,0.13768404450763613,0.1367036188603181,0.10789486603238975,0.20403793508746562
0.005128415363086564,0.1296298020808705,0.17488975852773445,0.11680942257147235,0.09431379015892118,0.1882026252525846,0.04782188871198382,0.04061593114763883,0.20258836618570775
0.026485756288244424,0.11458133131332889,0.15072601286420487,0.04468863036200596,0.10000185838598659,0.03758902823127456,0.12651799802343194,0.37154596751222546,0.027863417019297298
0.05247258126780894,0.13004205529093957,0.1491715575711464,0.09077725490133147,0.0547544257264079,0.059587648589446894,0.10813141581217778,0.2125551476938515,0.14250791314688963
0.0774919078844299,0.008775852138819875,0.20583851176357007,0.13535588085692637,0.16405225070795823,0.1379465044933195,0.08868788961686203,0.15946550085030708,0.022385701687806975
0.13877888518184658,0.19561235576280725,0.027573379054800635,0.02108436097562726,0.0010905339772517124,0.25792936749613404,0.1381159965238634,0.03290113717058959,0.18691398385707955
0.10280385401763924,0.1704222322479465,0.07767959476487593,0.06706111937939738,0.09431948611978914,0.030252097548139577,0.1847021922534566,0.15961584058111353,0.11314358308764216
0.14088219831900253,0.1756839636453058,0.08906346025890972,0.08943167430410666,0.06787294467512626,0.05441467245858569,0.2081898036098734,0.10372114170662645,0.07074014102246348
0.055599261963882984,0.015678794360271368,0.10128413814827696,0.06273768728720529,0.03746287579368681,0.32105280690768406,0.09659003834602786,0.23830007952372254,0.07129431766924221
0.020511024381983198,0.02914501209349704,0.0833335222760437,0.03751732739183725,0.16096825881062402,0.38966298461967,0.08593289658956786,0.16724776563361562,0.025681208203161252
0.03999483565090297,0.014782304765376715,0.11519438814857774,0.10264073131615055,0.009590705597069841,0.3480083405740879,0.05432768085466525,0.044240749067807617,0.27122026402536137
0.04902269627398118,0.10089562972118991,0.09793866511318618,0.04902048453207395,0.28926722358559703,0.059919417154221,0.16090388222214136,0.12823422374509472,0.0647977776525147
0.038261922829861905,0.11340991176841175,0.0626210973319924,0.08100186077076843,0.04704378497902204,0.15270568103593285,0.25798138704319956,0.16125975524589553,0.08571459899491558
0.10569882890109394,0.23080414924835865,0.10941846845702556,0.05953890474039831,0.012158637211708545,0.03055564943062854,0.150630933751871,0.19770228375062282,0.10349214450829264
0.04676755520069844,0.09122053116971796,0.054813066424279834,0.020740116803182496,0.2896726145340797,0.16246671900700224,0.19279079504362254,0.08008849020157814,0.06144011161583868
0.03367748340462303,0.025926128261569554,0.07848515414185145,0.07491649708644248,0.11567164056936834,0.42061852095250724,0.09277944965816319,0.09439824646268463,0.06352687946279023
0.07257146243110295,0.1580606508203936,0.11402743709100964,0.05379457431550542,0.08468303057397526,0.0685756178569908,0.13374514702076534,0.08734286168325171,0.2271992182070052
0.15281116574596365,0.2359006991286706,0.05330932038960168,0.14304238271786474,0.09389592569463405,0.03557876464418369,0.17793210749922564,0.08220568058784145,0.025323953592014562
0.01574886384657146,0.035914397097177336,0.20155863742447797,0.046264117796018765,0.08681542795412715,0.3067328810238779,0.06874250365999117,0.16039013753697035,0.07783303366078792
0.12154706959911293,0.1338639143473019,0.09101128083398013,0.04490859782423645,0.35261774069855045,0.02687997931314603,0.07617258070332372,0.11418419227517096,0.03881464440517741
0.05282918297779463,0.0671110287815737,0.15848247405759983,0.12699100249105508,0.19271989294177505,0.14677076503741296,0.0748987273228655,0.11855692508431316,0.06164000130561012
0.04340143646214639,0.025797868581474665,0.09114919761608986,0.03377594952246795,0.012486278537265598,0.4286437132377072,0.16022572171636582,0.08565159378708863,0.11886824053939392
0.07742337075380078,0.057439985686392546,0.17395100187817383,0.2919963839179161,0.06439724310937994,0.07865162648331624,0.0934583617925427,0.06437280107847021,0.09830922530000763
0.12845783337740782,0.09561580981021534,0.07690341065331394,0.0433925591261875,0.11714245700259439,0.19940838551632542,0.13383704062269655,0.1201136445252101,0.08512885936604896
0.005955491360317301,0.021813864831964996,0.21106309138691756,0.14825033605036955,0.17640566662752008,0.23346134105166363,0.06626722575973372,0.11169968651635302,0.02508329641516006
0.10101809650692317,0.015031269732553552,0.12394431754672651,0.2013132496388512,0.09766272333221361,0.12223119375523006,0.10229615339134439,0.15892892196677388,0.07757407412938368
0.06254074994872903,0.037824268449447494,0.19122606256856312,0.13360613208020802,0.20475870598411536,0.09218686499833917,0.1277058329708144,0.11258934546595545,0.03756203753382797
0.056611507613058054,0.06339836649261388,0.07004923664071626,0.052204620494113875,0.20821634175494175,0.10450559275324661,0.2146480035126145,0.16304772245216737,0.06731860828652776
0.1953120946201198,0.08227680858433563,0.1736000916318573,0.14161770674869176,0.03515481117915677,0.030675676484383584,0.09596950792432159,0.07892466868128113,0.16646863414585245
0.11650501911354783,0.09644302345624933,0.09689445198677349,0.04645572070777406,0.2103212297523627,0.12852812225102148,0.08685300240618087,0.10591188551724462,0.11208754480884571
0.0906032121580247,0.06776016239894615,0.10528333836517768,0.07029173730524103,0.006794644445957478,0.10379200351239587,0.09142293007659812,0.08769484106893703,0.3763571306687219
0.0365861314363178,0.3350073478188374,0.09225454856500097,0.032588993149654924,0.08936877503772833,0.07279710750412391,0.08155406445473135,0.15512774885417102,0.10471528317943422
0.01932599253518997,0.02358368682534911,0.1492979097043806,0.03638040196076459,0.05423666524153392,0.4408133428385225,0.09883949577174374,0.14887959550709906,0.028642909615416535
0.09336628967085571,0.028012741935015666,0.09356225777812599,0.10714414568188518,0.09793413442507289,0.20352483673892496,0.16212019121625865,0.13500354149469201,0.07933186105916894
0.5203029679269893,0.10765447925373162,0.06926795468819678,0.04310394939488227,0.08407863865115722,0.017110397935999628,0.07239393073859324,0.054383920945649776,0.031703760464800175
0.029719873041890638,0.016912497541443486,0.0898445116630892,0.08852102459650184,0.12238437727070191,0.3879410244467172,0.12398954939567686,0.13525334182634283,0.005433800217635984
0.0320152327690712,0.16669554749848636,0.15105713175366153,0.07461418482779476,0.08048360742773614,0.09530138302112971,0.09065719197911933,0.13207369934810767,0.17710202137489328
0.013278246359750097,0.024328258600617204,0.1415954845131824,0.3396873790075703,0.06947829251306292,0.19001348749842062,0.06097422626090319,0.06065691677844087,0.09998770846805234
0.011313580967871481,0.013875752250942891,0.20677716961575585,0.05563605958673976,0.07321966355285502,0.31597748802481296,0.07982392700903723,0.16888898924226625,0.0744873697497185
0.06327274392808177,0.11632781658902429,0.06422618969312137,0.04208939828560038,0.3570166979626812,0.1068697141465403,0.12083277052896459,0.09247193726819004,0.03689273159779618
0.015324298359053676,0.07195151638165441,0.04154023290110537,0.026331016402980967,0.5308898944466486,0.06938127841829315,0.09906959685201266,0.13543531952615986,0.010076846712091263
0.012542396433910951,0.08997154784192303,0.07068252726839667,0.07345230637176829,0.10004173070818674,0.28587735814388343,0.05055316208403258,0.07118130907039677,0.24569766207750163
0.04171343160059058,0.11980705024025141,0.09258256818991349,0.0677784992025321,0.1271791712755306,0.07931512499187593,0.09758087068766057,0.1967479805073008,0.17729530330434448
0.014473884219780802,0.041848186401209075,0.25548972022560396,0.19808987230434752,0.04581403895169973,0.1107112075272641,0.08794922665055908,0.15379493547510542,0.0918289282444303
0.05430037715301062,0.0686434115837049,0.11400840066164401,0.06601891922350807,0.04779760074398776,0.2374059022882545,0.11806148168318036,0.13331527114721087,0.16044863551549896
0.05739115799769654,0.04382031144107159,0.0779449955626857,0.11436052771532135,0.17708216485496867,0.16556656786395316,0.13837217570597446,0.13395616003206037,0.09150593882626805
0.06721890718993956,0.055245266176613406,0.07876047748922446,0.02712031744209702,0.04874514159388137,0.3116174873078721,0.16008085346307763,0.149607342691514,0.10160420664578045
0.021539356843731854,0.12203458180837733,0.06762845736912441,0.018872615400050172,0.31674585036123143,0.18548208854236858,0.09673875861732695,0.13945965397054938,0.03149863708723999
0.5559668102463773,0.09369959746439678,0.06983846948809887,0.06288750715839118,0.039282237708682194,0.020781582535187127,0.07095159451164813,0.04552121989645613,0.04107098099076229
0.013224281710172483,0.06910550510881092,0.078852627696632,0.022668318013913946,0.1113917013118562,0.4979672109251862,0.09165221937250005,0.03813410078666146,0.07700403507426683
0.05583155447788953,0.2997300156722417,0.03931715295649477,0.09998877401754397,0.2803182317542347,0.017928932270604603,0.11003848085142787,0.08103189827299821,0.015814959726564663
0.06200551037626211,0.08488593468146105,0.1862748479204511,0.1087369417304041,0.12155313988123569,0.07571306376047143,0.12484465350457193,0.1339284429176835,0.10205746522745911
0.05728602419570916,0.056576165260601774,0.1301426313476269,0.11588479340264968,0.07055571145707877,0.18551452593583093,0.12354423576768835,0.16532378420551455,0.09517212842729998
0.09059183059431491,0.08200010683001029,0.09656657653280427,0.05699463012800606,0.2080697729719938,0.11628507407219597,0.1786451418550676,0.1520154064613389,0.018831460554268206
0.015071604930560839,0.03331323222805726,0.18109844892245178,0.05873279732700933,0.011978457041594741,0.23771640546387074,0.1505364998671065,0.19980523067344638,0.11174732354590244
0.10519244058732896,0.15136379585643564,0.054626619852648495,0.058195676181549465,0.02234726575380197,0.16241616250181098,0.12438292727950744,0.11524049391487808,0.206234618072039
0.25959426091126553,0.13575633120249528,0.08723122999126719,0.04467140856022958,0.020290796142658243,0.07156723967052793,0.08935505070305612,0.10311218603345255,0.18842149678504763
0.017271473325968692,0.08624777681852906,0.16513331679884588,0.20424054976916017,0.12752543777849704,0.08691329685535394,0.06781187514816477,0.06806602742573764,0.17679024607974284
0.11770556230789782,0.23546526225125808,0.09577767395438451,0.04291839890697824,0.036179068664123286,0.10444736992877142,0.11264003939004348,0.12441997026998285,0.1304466543265603
0.12095767018644495,0.027398393483132655,0.13659584453317977,0.34587457050342657,0.11584952994568874,0.08856464094702989,0.0635401397115204,0.030954572512412747,0.0702646381771643
0.3261987678672961,0.21999517778810074,0.08834834272746685,0.05974012589512398,0.04529149663403206,0.021064328021216494,0.08125027546996054,0.0519054621932393,0.10620602340356404
0.0649851713960552,0.11992705829531818,0.07268850990362552,0.06281112386304842,0.1810807400000761,0.13535064050859638,0.16763740626061682,0.1316185609169482,0.0639007888557152
0.09724261954270397,0.12791389416020313,0.12974944644858702,0.05376588572896981,0.08755205634533564,0.08037573934090429,0.1431286027442785,0.15475935958653908,0.12551239610247858
0.11322530062458397,0.054149144115303326,0.07231668543118913,0.051216537554713636,0.00837456225631609,0.087248268516064,0.08729115577548228,0.10424482247564526,0.42193352325070227
0.09863969777477305,0.13705664453629468,0.10600133182682463,0.08388595344251147,0.03766869558449974,0.06985744376485414,0.14190924167428495,0.22037608666593334,0.1046049047300241
0.03915079676103329,0.016994607013854763,0.09774828911172408,0.06950604507115284,0.23654531588712677,0.23320901308555123,0.10058504690724064,0.14819201972484577,0.05806886643747067
0.061902006439927715,0.0961673335429138,0.05348494232954201,0.05372564611537097,0.2626393248314573,0.1448728772679164,0.1592392197548772,0.08963840546569969,0.07833024425229497
0.032738456989200096,0.08576916114900061,0.09634524183159904,0.05620027415465171,0.21674002152626667,0.182881580737596,0.12305586641411598,0.13927600846162788,0.06699338873594197
0.37314531826646125,0.13399216345944728,0.09512250685851276,0.060562467259250165,0.06093727926494096,0.01086580129750984,0.09741241925724455,0.07208463059689549,0.09587741373973764
0.09791942590269936,0.2999469542121947,0.15179606284218825,0.06403757593837305,0.04255602792255909,0.0296926238019193,0.10985658446489749,0.15799728652424064,0.04619745839092811
0.10389234802322846,0.1135397151981103,0.15157034314867635,0.08489187400828997,0.16004804320797716,0.049571569102422296,0.10739491123917039,0.19298695546513867,0.03610424060698638
0.043071421919702764,0.14594735432270903,0.13389356832982338,0.059383361982087,0.1803645943234268,0.10897841546146535,0.15185009423769022,0.12675620570021015,0.04975498372288536
