0.13566238608361217,0.22163875031285432,0.08322454323570251,0.08202517156229044,0.0707186036353795,0.12710827572372865,0.08136828694308924,0.08571430330667527,0.11253967919666795
0.07992729213778287,0.0929644664390795,0.05609836935009882,0.07966445283578523,0.31576710935130864,0.09949349873926698,0.08353261341349187,0.1060970423874895,0.08645515534569649
0.11916941094620596,0.07363972026629975,0.09114355171865818,0.07969152386690437,0.09667920120133398,0.09393009567157339,0.1531210443723573,0.17689590242827294,0.1157295495283942
0.08722010953191402,0.029106919376792644,0.044236847657621425,0.17507331858469075,0.057787976733997416,0.0938511638324635,0.24461379869243513,0.14210271151687798,0.12600715407320714
0.12928529760819327,0.168394718890675,0.08217268855319063,0.08272260839858946,0.1140599571546536,0.11034683481202097,0.06049707079561314,0.08991746968858956,0.1626033540984744
0.10317024539391484,0.1690746963315947,0.07670257924192429,0.1098920420899329,0.13302829691325394,0.11220811500866668,0.10392464990230703,0.09955149605189229,0.09244787906651329
0.1279785549261417,0.3503942623012927,0.05821188146605557,0.09628967010001144,0.033556604014424195,0.14015581261690113,0.06874465823189682,0.06270496964888937,0.06196358669438706
0.08379294897477167,0.0631586350213461,0.04855919760303395,0.2688433373530015,0.22074418942492133,0.10415797634658197,0.07856521416416239,0.05662933316598986,0.07554916794619128
0.0737783602993841,0.04815710160634749,0.046315314506872284,0.16181577671886668,0.2869471373182746,0.09981119088862124,0.14746371397397728,0.04801244943333938,0.08769895525431691
0.09934723463743093,0.07921423430770934,0.07906374826972208,0.14406433944410346,0.11398506986861452,0.12855174650067783,0.11691981186203564,0.14566281799128714,0.09319099711841906
0.06977755958892641,0.07417725833798974,0.10898535747255755,0.1712041699721337,0.13240534262581535,0.11493785331472756,0.11850998230443029,0.08933053725632728,0.12067193912709218
0.07801807774370516,0.06425448792647181,0.08639787865118327,0.20574586585514595,0.2058896704313119,0.10156112219294915,0.11761202066593007,0.06385851684809199,0.07666235968521057
0.11093226132715817,0.27783767273894827,0.10053091987539596,0.059063121519143426,0.08291139132014293,0.13168468125182184,0.06382518140731341,0.09541026598702455,0.07780450457305156
0.08386955905919787,0.07181245019532924,0.17137311097315996,0.1743586995148564,0.05965152753169983,0.09667255717496108,0.16041101055389376,0.07281481536754177,0.10903626962936004
0.13141131338383794,0.11497794955233533,0.16009202071141085,0.10761222874383325,0.059111651227312136,0.08360301304577834,0.08723991175001132,0.11586965811476557,0.14008225347071537
0.10316750167838946,0.11977505459048354,0.047831408886697825,0.22639797188558233,0.15896713137974336,0.11767951004407944,0.075571548302426,0.039141089767575986,0.11146878346502209
0.16861759393147566,0.3342234190452465,0.08526633505450841,0.04230214620150154,0.05270087946551095,0.14756569464853328,0.05273568972108043,0.04983516655223085,0.06675307537991237
0.10999970137157115,0.2897380973041677,0.15800361357862142,0.02649888257641786,0.1202713224982287,0.09590157830857866,0.04602761501723609,0.06139980157710343,0.09215938776807499
0.10177305350765788,0.0687601899066106,0.08390441108264436,0.16143846357684774,0.1844762772989731,0.13407119653832866,0.13634597686599165,0.06265949487406759,0.06657093634887834
0.1093968397133888,0.0638446078974138,0.02782484673790529,0.10799604218374557,0.27928435592620837,0.09160013423348597,0.1338962865053267,0.06964197914681648,0.11651490765570897
0.13716415070386878,0.28833771131425795,0.07828953836796605,0.10527172201097891,0.04915530081852184,0.1332233301569812,0.07114713314115091,0.05768616378873318,0.07972494969754117
0.23651017232150529,0.10349857533067014,0.06730813413700355,0.09427888152538667,0.02524296047782569,0.10766268083441706,0.12123151608403282,0.09424898484195215,0.15001809444720657
0.060692465103160474,0.08732134491695127,0.043733171662671315,0.1738276562329346,0.29014259127460984,0.12050688402632272,0.10656902717763948,0.04466788979494766,0.0725389698107627
0.06654015039466782,0.07854016061860405,0.08957644474305798,0.16457776557992917,0.2312446688007863,0.08457274261256525,0.07485717342178262,0.09577820277819211,0.11431269105041462
0.0960492052404213,0.07384273320743502,0.028313304087615884,0.11057112716492418,0.19920015476610153,0.09734970245641549,0.238347751121907,0.09360089426670594,0.06272512768847373
0.10655763366100046,0.07918158858756658,0.4076983534767278,0.0329485763152039,0.02608092604585642,0.08722413718853678,0.032790454639135935,0.07329588863951562,0.1542224414464565
0.1862670101795415,0.1381045380859076,0.08086094279386664,0.12373366681937713,0.04918476852342873,0.10710658303507666,0.09891587718555035,0.06714594198848504,0.1486806713887663
0.08007644382809447,0.13349280836709443,0.07500239910545962,0.13013293453204017,0.24532276535026376,0.1257131462315837,0.08519518721474229,0.05569096447452143,0.06937335089620016
0.08293620560177138,0.048103266608161194,0.04805017293280064,0.23381729561184428,0.26155923467398945,0.08863569650498378,0.042660453531625016,0.08637251242062845,0.10786516211419583
0.10728734652112519,0.1309502821417683,0.039815088197987965,0.1765439150659688,0.04816318289036692,0.14467555299983867,0.14183198929590068,0.12662908840380419,0.08410355448323932
0.0758145908431896,0.05771244756520932,0.12623088374367675,0.0821974746932874,0.3471803872550166,0.10150959788335906,0.042848912964051744,0.0903941783081793,0.07611152674403024
0.08145255228338617,0.10483149156311862,0.09959799725674666,0.14983302660619743,0.2542080735824952,0.09549296245911333,0.09415885589331156,0.04289395589276551,0.07753108446286551
0.0810441248839034,0.09492250947928726,0.11414489006487377,0.06773034008679167,0.038729515779507485,0.09568400272952282,0.22947610302728141,0.15908741554905084,0.1191810983997813
0.2915336507143787,0.03207652751800363,0.14521151267515184,0.12979653614119083,0.039934716860746185,0.10845451439205268,0.09324901617534063,0.03954035534493037,0.12020317017820518
0.09282418292182248,0.07251932530351267,0.06429446325254275,0.09928276093075157,0.12355940764326266,0.09222085994489453,0.059329571248113555,0.25007136798984575,0.14589806076525402
0.07025403135131847,0.18727778292217226,0.09695434889073812,0.0595800814870347,0.3132207581837319,0.10598147384179642,0.06010344434298426,0.03721242822669546,0.06941565075352836
0.11508017875823373,0.05783210786582687,0.040555352570195415,0.24581668713940397,0.07215770175287776,0.12474619987123582,0.11174293865712324,0.11132785325469081,0.12074098013041239
0.07894629566851112,0.006504323758216001,0.12573159171408047,0.03174515277496103,0.15361414218284244,0.052184640026285735,0.0588158289915536,0.3436148943501201,0.14884313053342954
0.11040090867578863,0.0925729251020746,0.0663898103025577,0.11865617663761367,0.2100601481891242,0.1278728617971218,0.1660042002678401,0.04859069230453092,0.059452276723348414
0.06204763816900294,0.1560989503130825,0.08597177622579931,0.08138198722666123,0.4433132027187623,0.08047046075713572,0.014281789652174236,0.03169853558389279,0.0447356593534891
0.08662801582779249,0.31504053951005795,0.08286793020138905,0.08305381362672623,0.04581764613972034,0.1024844742251858,0.08692725889652475,0.04821206749330687,0.14896825407929645
0.09232754801124288,0.03287437942319748,0.24331958885849822,0.24797891667562091,0.03981376742451854,0.08447972030666233,0.11252466272830497,0.037684702132593555,0.10899671443936108
0.10960566169441159,0.06697731345619166,0.07630881444590441,0.12187505602276093,0.09207035158933312,0.10796540765994873,0.22727703793431223,0.10690362973988266,0.0910167274572546
0.08802338455018732,0.04582915289037701,0.12388930140106928,0.2220239114551558,0.15543650853133692,0.09359008707662998,0.14505984329411345,0.03336040178317085,0.09278740901795934
0.08130872708540417,0.050447610985216725,0.019307059093693558,0.06258295154229021,0.29192038041456386,0.06492619773811953,0.2064763492559987,0.15454451533660765,0.06848620854810557
0.06667773150811039,0.01923639080923733,0.09668671588114773,0.06966204305106442,0.16979500719220772,0.06495795768705774,0.07371959397746018,0.30028792998070125,0.1389766299130132
0.21286412089166337,0.03925306116171811,0.0690437822218709,0.15263578972366496,0.04477843802678527,0.13249449532772858,0.12828074490565242,0.08296986197351519,0.1376797057674013
0.26190307256481116,0.007212971828992866,0.20690168282513252,0.012523272624582771,0.01445692009256891,0.0628147868729615,0.20049994732062548,0.08451561095837486,0.14917173491194982
0.18657686644611984,0.12442304188320881,0.14745853471552864,0.05285030073636243,0.02491144687393931,0.1226829816000467,0.10835587337494006,0.11332451733084103,0.11941643703901315
0.2597797985743413,0.06940734648857576,0.16679178054286295,0.06137482980565987,0.041152166998322394,0.11899969766065054,0.12350304500065139,0.05219600613161176,0.10679532879732405
0.10411529958141719,0.06601112202323166,0.04557101260930544,0.24047065063207593,0.0857488966519347,0.11506189778687533,0.13186838619789787,0.08327082878725407,0.1278819057300078
0.11075378176260237,0.06764888861684054,0.08840047446791777,0.18945184922598754,0.08683106243348587,0.1482476591077149,0.18845969698851084,0.04349445317700423,0.07671213421993596
0.0976048194585196,0.07077523739736169,0.07214607469363786,0.12351525306587041,0.09858182649406065,0.12960675658918006,0.20969473844450223,0.10417257385314378,0.09390272000372368
0.15293094707488458,0.12979708297128933,0.08187572133524003,0.06600943468554446,0.07410700858934675,0.11023885258117348,0.20168068090872435,0.07948034157836655,0.10387993027543052
0.24347677103108833,0.21032385254763994,0.06815822207019985,0.07055478234887252,0.010639642260375275,0.14150275880119223,0.13002887728401535,0.03470112355372101,0.09061397010289546
0.12955426651652033,0.14565393859227818,0.08014900669676946,0.12400453244368222,0.04391177211435109,0.11710292287065154,0.15080062556234572,0.10721688477171569,0.10160605043168573
0.20840531618687763,0.23542811890938578,0.039916339623694126,0.06631745015643987,0.04235092291991591,0.11992944111931743,0.1610093015206214,0.05979102554902033,0.06685208401472748
0.09836541554787133,0.08645688085207526,0.050448943538435875,0.14256344752377956,0.1296623524617525,0.12297782809082485,0.21881377780468877,0.0709531311454724,0.07975822303509951
0.06003228496909955,0.15581440548355477,0.1811617605311948,0.07516233788905886,0.22893458145584825,0.09926024519822431,0.060671135986319596,0.07375065175369554,0.06521259673300435
0.1043885117514022,0.19142174115056024,0.11072094615493637,0.07712925680655104,0.14456530836085055,0.12389592486491713,0.06004687689596192,0.031180075073913058,0.1566513589409075
0.11384020509223745,0.052289081290981705,0.09028776853485286,0.18363802377241548,0.017816909344981174,0.0937771487812503,0.2196838310220031,0.07936808020164225,0.1492989519596357
0.14402377871377478,0.10286488961244207,0.08542681093859568,0.10730879981873498,0.16344013795781662,0.11187015809538103,0.1707525664518087,0.03254045723670145,0.08177240117474464
0.1076942240817199,0.14803006200047877,0.1676831005639178,0.07257461045234519,0.05694472583330331,0.11838367656815778,0.1623109216157281,0.04998242522909866,0.11639625365525041
0.13693377789091796,0.31903432677768406,0.06443033794493604,0.041450983032995596,0.11296295344561554,0.11526654327604242,0.0815105545596848,0.062211975204266544,0.06619854786785698
0.15283414145690996,0.32693033582569064,0.03717142192907191,0.07827259118676673,0.01047807256750388,0.10837449283006327,0.08115658389151484,0.12368910918394176,0.08109325112853698
0.18306216799537944,0.09295642033033553,0.11228097858667345,0.1116921046228692,0.0568276112562258,0.11522032199673737,0.17127800212296948,0.056443846412515326,0.10023854667629446
0.07426345404334839,0.018747508328356807,0.08620178171093694,0.13951084513931108,0.10213193412331306,0.08761889894221746,0.14574782541366219,0.1869734576011994,0.15880429469765464
0.09798278209840479,0.28536948057714234,0.0731121678253635,0.12492937195841096,0.12953944219723945,0.09544988743857792,0.02412514084622148,0.061733624675328634,0.10775810238331086
0.13648924108074986,0.15371158427979592,0.10693638491962894,0.08863517156707408,0.039412306901829085,0.1396977620021389,0.1059117116063397,0.09844356684259083,0.13076227079985267
0.06945787911584218,0.06895977244493272,0.03173163797813532,0.17118083592197253,0.3444282742730684,0.10032750571409617,0.08830996421861441,0.057430309757599975,0.06817382057573831
0.2814935758683436,0.09980836509342549,0.20000387805146422,0.059657035365386656,0.02929303919015287,0.10419802478651985,0.09652322141385615,0.02716680394075652,0.10185605629009464
0.12349892382063425,0.21039148653044673,0.10107427835842146,0.12485006730732735,0.06585800790002978,0.13726973084624935,0.06719483913107706,0.0801347407547256,0.0897279253510883
0.16488120688351407,0.05909856273960295,0.08482501148212858,0.09502335063182395,0.03529778421468889,0.12356171628667258,0.23979573402925566,0.05274963740805302,0.14476699632426038
0.16492836452602358,0.070089414721059,0.18648443368941173,0.13483199234538656,0.031685443960484456,0.12399395159478736,0.13855151571935595,0.06456182774991696,0.08487305569357441
0.09239533259627108,0.14547807548484315,0.1385331407670867,0.09415376324243115,0.05534979483561811,0.10636418519045691,0.10107028284328469,0.14256997028988497,0.12408545475012323
0.1693627755686146,0.1457161124074058,0.13148503305991302,0.085847583191994,0.037269003929030146,0.11176685016093864,0.08466859016642947,0.07441427944057415,0.15946977207510016
0.09311155628313289,0.06181125156742783,0.08266106174358281,0.0990145786799867,0.17240673377868418,0.10238228052831083,0.059454115173727645,0.1878053841485677,0.14135303809657943
0.08697006481383764,0.0932526336995157,0.06439455106153148,0.19640142822720552,0.0988506594697709,0.09113424714272307,0.090414451675895,0.1288170170748296,0.1497649468346911
0.1743723882565444,0.2556182064598664,0.09035637337294601,0.02499947768828355,0.12034548878418731,0.07920770665481623,0.06861561997086056,0.08992794475492089,0.09655679405757465
0.11757932119701468,0.038655441985545956,0.0770279570892811,0.1702776411821382,0.0968553211061008,0.09816259355723,0.10808053160608548,0.1521265925523956,0.14123459972420824
0.13565423448352332,0.08504107902502393,0.08461658429004985,0.06553669735067472,0.15472192072936677,0.10373556925532641,0.17552718540230042,0.09434145301636705,0.10082527644736745
0.09253871228788009,0.17110574138500445,0.06503113887022005,0.14829025956971137,0.17648044787991513,0.14874879078368147,0.07128828048163414,0.05273170241725426,0.073784926324699
0.12841758742038736,0.07938543228416449,0.03621530392106047,0.15529662721045515,0.07396052181406483,0.10688989053527471,0.19557005045699852,0.11585576448756858,0.10840882187002586
0.1132693298681281,0.039613008255765136,0.07887486718324817,0.10787190925099101,0.1324003812923141,0.10915500860855554,0.2146641946757231,0.08242038216137353,0.12173091870390133
0.09503047252811438,0.4875744381789411,0.13424418312591177,0.026781059620027015,0.030033386678418223,0.08908433629150192,0.0286958788918853,0.027443739361743994,0.0811125053234563
0.12475004820825408,0.09785442401216331,0.07514080131187106,0.06360503154935572,0.017823040199887213,0.08306329590975409,0.06586755076520621,0.21276722070215634,0.2591285873413521
0.06075482704620396,0.09067578227823893,0.06070994444353665,0.07143953247016227,0.3780277192814516,0.08140473921155712,0.09328619932185002,0.06880480420147371,0.09489645174552575
0.10288502867515148,0.057404293625333926,0.10622879148318176,0.19285561401009385,0.09721339581082983,0.09214460624372156,0.10142448454687898,0.10841643810358209,0.14142734750122654
0.07622147699371691,0.28079574633376586,0.07257171919459604,0.14382264865068642,0.12216890539158803,0.11747051799982294,0.07391767475344839,0.037993970215143724,0.07503734046723166
0.15929740629175093,0.12307390788084793,0.01982009784256189,0.09477672158361555,0.09508469896696135,0.10445605698605871,0.20667651432128586,0.11930697340475867,0.07750762272215911
0.053142150975457346,0.055848790099614805,0.11244013855278658,0.2261583658474763,0.23431050862006375,0.11760519610572777,0.05902920425042704,0.058139156045501204,0.08332648950294518
0.09793688104531711,0.07653991588180598,0.040375992815631374,0.242007904797352,0.18723425683584682,0.10416245677966535,0.08480908369648242,0.07200790587707125,0.09492560227082769
0.11564250204235575,0.06887583163193321,0.06952347766375454,0.1883192173079552,0.12756429514015774,0.11303813153732874,0.11920328372582761,0.034358251914155015,0.1634750090365322
0.10392016165380424,0.10661438008607153,0.15131294229903994,0.12989984959142095,0.047435534379017985,0.11052235150024577,0.16307700856302823,0.06882023497038,0.1183975369569913
0.07750617021385768,0.13060437608935052,0.12885040367050613,0.2454863552427461,0.10932955616964485,0.11238214316578506,0.03536902929551044,0.05798322156921857,0.1024887445833806
0.08170962707920745,0.04577462540496694,0.07286396510612674,0.21490736155671505,0.1833360075338195,0.11031487134942429,0.051225029228846204,0.12927386855187564,0.11059464418901821
0.1346653666362074,0.17022302626567734,0.1402481612565123,0.08510425399535108,0.10274162632158677,0.10794788839406373,0.14436302387977615,0.05228768981120633,0.06241896343961884
0.06349746620172741,0.06291321269223114,0.07167657038867765,0.06372460073645411,0.22594690292824238,0.08509595402165575,0.16055325737814638,0.19726491578966976,0.0693271198631954
0.08075285475562978,0.08360766073987468,0.058143405940120886,0.20052422816745682,0.03918814134117757,0.13275619595797958,0.17559569893517657,0.09526309236631703,0.13416872179626713
0.33032601003210466,0.1603460131831592,0.05373834744349637,0.03517277240258699,0.013646041864777225,0.12199343807034892,0.09744951458300828,0.04715763009229462,0.14017023232822381
0.14139066071544912,0.05000486121038411,0.09009030118842916,0.1011944540853561,0.05346614792463141,0.11867187137002884,0.17805292523207972,0.14422789969819164,0.12290087857544992
0.04299443513228909,0.04543754994440364,0.09608563236110267,0.06519949019798196,0.4638066652310406,0.07421730948271488,0.06713829474222917,0.07306008510918056,0.07206053779905741
0.04304118482394573,0.20550734819130975,0.28365089187542014,0.04712473176378797,0.10873659771193145,0.07626757068426364,0.016072387870997788,0.11140850939699294,0.10819077768135073
0.15672662884295072,0.20059869866339197,0.14844245029585712,0.06961252102273666,0.057373836527624233,0.11112349295957846,0.08322584126019182,0.04652231595716114,0.1263742144705079
0.20942493393639006,0.12999903479435612,0.10830595762367597,0.052155169388494786,0.05645082723703169,0.12903467687778475,0.18287537866194195,0.04069315614485174,0.09106086533547286
0.08283586728417876,0.14756121926207524,0.04213814070527222,0.13932907875228207,0.1266993928794585,0.08989098831878654,0.1411113050580969,0.10293594738220886,0.12749806035764086
0.09364965474694514,0.08944368558321834,0.2104015304907275,0.05945891742400069,0.09722565041350523,0.08397506796787392,0.05487397998867777,0.15893957644412754,0.15203193694092387
0.07221395289742699,0.07540325440770577,0.07565374000557253,0.11659993001483866,0.30908735967726503,0.09808967248741075,0.07434482636990611,0.1010067486961273,0.07760051544374684
0.06447659546566582,0.09311566046465047,0.1391039054869614,0.04975234062590616,0.21216066565364658,0.09399729672010321,0.10805548225089463,0.11916431336727977,0.12017373996489188
0.126790232325105,0.07534425048694009,0.023679772913146175,0.13263685400422898,0.143398863775695,0.09998139667156475,0.23319405200640306,0.06925573601134685,0.0957188418055701
0.11373156256591127,0.2235843107650842,0.15743529217462007,0.09010289186780011,0.031500173239773215,0.1209662161405376,0.058588873174288264,0.04524811207889842,0.15884256799308688
0.08739714013898055,0.03995786310840791,0.0452233153227794,0.24697853162334912,0.07997647249329136,0.11480591023001714,0.11723180718762798,0.10445315016366229,0.16397580973188428
0.09832645656989752,0.12069326662337997,0.051347342805483316,0.10831302999291163,0.22049229771805479,0.11274077849800619,0.11749537492038926,0.08421823409093249,0.08637321878094482
0.14927974818744394,0.09830054004178423,0.059393618737067666,0.15857062821557336,0.05248248558132137,0.14348353671632202,0.12214651929478947,0.12234653775791916,0.09399638546777876
0.05674724130254002,0.09217145934650943,0.1787698900652356,0.044957623747234464,0.08701863597587846,0.07287739705428321,0.11163428493054832,0.19182365116518377,0.1639998164125868
0.1334365715269378,0.08700630539468102,0.14946091050240776,0.09082134583709196,0.05383049277123606,0.10271797698756568,0.15259189496362693,0.11151428541025891,0.11862021660619378
