0.15007511019302827,0.2941547239231203,0.019996859548803494,0.11648141116137183,0.2031508723002338,0.10329278921879943,0.03597565142346494,0.052845663293880456,0.02402691893729741
0.19056560573321227,0.21881357979168095,0.0323396758521965,0.11636190818796836,0.1600170117975037,0.03030583413870336,0.11383628673651962,0.09208368400716138,0.045676413755053956
0.15016703408631385,0.10453734126851177,0.032677773954872945,0.07528608777906248,0.21497665354557183,0.0032800093758069103,0.1338013423247191,0.09986766752557248,0.18540609013956863
0.07757078092269475,0.13476677897508857,0.028859529213691438,0.1531758243422248,0.2548200283394398,0.025778123205248426,0.09616695997069506,0.11296751739902362,0.11589445763189354
0.10026933453916825,0.24188973675440195,0.040199324960379375,0.07915339231634654,0.1274932803192668,0.04165055832512407,0.11049661903027087,0.18225676659154053,0.0765909871635017
0.21119322443251776,0.21291292349496493,0.1283267847987456,0.15478943976004508,0.12933493000472965,0.005195162781497794,0.0673942428220169,0.05523794186322737,0.03561535004225489
0.20116809113861012,0.1501779423210442,0.08715582579247887,0.09879294421826645,0.2529669297089754,0.027428568670443933,0.07978431457936859,0.0713645999605983,0.031160783610214193
0.2299498135842826,0.2295364934338171,0.10171415567398097,0.06990369794838074,0.05916219733069705,0.010539607697250054,0.15596805371249453,0.11413546509730121,0.029090515521795663
0.09942966666437936,0.19306539523526559,0.043487574966513266,0.15996573292559801,0.24021688739309544,0.032356368194046276,0.09137890403822273,0.08359465918571742,0.05650481139716195
0.12227352549887727,0.1598437032355068,0.10467643187358239,0.10699021815570142,0.15748601176932456,0.06166746278430598,0.08311064702076743,0.11079918470220522,0.09315281495972898
0.08329118460048682,0.11415241526922686,0.05089306447084876,0.160721343193988,0.14584364930286697,0.1102978469538367,0.07352572102820372,0.11861635972180062,0.14265841545874158
0.054529117566449986,0.07638634729746659,0.09932436205036689,0.10497928389710011,0.05272653832229666,0.1711511298597841,0.13803611263171378,0.17253592763704118,0.13033118073778074
0.10714266120297085,0.12656375239182874,0.05307896816186936,0.256371662559942,0.049094824018751475,0.10159511402880872,0.09072338619645348,0.1598978616507811,0.05553176978859425
0.15535944528763795,0.30165193401574547,0.07378287865364505,0.12003612614229116,0.10253470896805965,0.005796078448110188,0.08230627953054308,0.08066995341069595,0.07786259554327148
0.2101093352375802,0.10179953350991573,0.2840126340475164,0.07121564126626183,0.04735408440166222,0.039797938176950695,0.09223642647239015,0.1231685093076343,0.030305897580088476
0.10401620714457936,0.10526506771771771,0.031750406409646124,0.06505690525829155,0.27348067318141234,0.1506358811907065,0.08497017684501094,0.09385671855296622,0.09096796369966913
0.10960932462728457,0.15026508063666877,0.05083643919825487,0.055065072877617416,0.029639378084697438,0.15653514495224916,0.22235252719942825,0.1941507267939858,0.031546305629813795
0.15390187417111778,0.1619506935584402,0.13375855904200634,0.06747121711295301,0.14646201103867862,0.03576707975435693,0.1384819806352938,0.10007716246118763,0.062129422225965736
0.19059596739045248,0.23254746243555047,0.21850990879658094,0.06483286615865154,0.11523102199303038,0.026186661767836687,0.07068633733065346,0.04599153358326528,0.03541824054397865
0.06046269252458233,0.0971631771579494,0.08721568520610685,0.11723006779299759,0.04081722354746311,0.043462765538725634,0.22483298457152076,0.20263074581984883,0.1261846578408055
0.08835853247338815,0.14400734538364587,0.0803624768620312,0.1154350225422283,0.04550006001343964,0.2529419353541302,0.07640935421718516,0.120261062694421,0.07672421045953054
0.12256399631929628,0.15196113641973144,0.10130253201168744,0.1194157072512455,0.12897807810466647,0.1220949664728904,0.051197177512625376,0.12246306116722534,0.08002334474063183
0.12474771834902743,0.17752008679862172,0.22786949849884808,0.2072960576781601,0.06410190017014616,0.007652311518895632,0.07183256124135391,0.06166077458571584,0.05731909115923104
0.0873485395280682,0.03141861443983165,0.22407151553079863,0.04575915503900741,0.08373746731015179,0.1767728303329478,0.04570583679334813,0.0781769457020882,0.22700909532375813
0.1199542006406059,0.15632557840227285,0.07565870590852267,0.07733356807786095,0.20249805680661326,0.10576599992436671,0.0630233273622455,0.03613602429243559,0.16330453858507657
0.2690712196627351,0.252942584806739,0.05843989149330137,0.07486337520756314,0.12813504003571166,0.03767311558888852,0.06998722338380503,0.07309676922787008,0.03579078059338601
0.14585215701994803,0.10348867301085492,0.1946453887892969,0.16950369525262876,0.07333352937840609,0.01001043079409516,0.06643064051041546,0.0738492267546647,0.16288625848969
0.1993443487133951,0.12802260422602765,0.09466406513035319,0.07887598064621747,0.14078360257572783,0.09354954744131387,0.07119483710147011,0.11606171185960552,0.07750330230588937
0.16113613275542418,0.09317424405309484,0.09116890648007514,0.08760727286324477,0.2285448902981221,0.00406212384447619,0.12217741204827985,0.08072485403114031,0.13140416362614257
0.10701668905654581,0.10639116242872267,0.09129385896191956,0.19524746210881808,0.10284456723632823,0.1007729586212418,0.11053590967459866,0.10744807420757017,0.07844931770425495
0.20015970805731273,0.19572593561628804,0.0915381492030385,0.06992125575527613,0.1816815800872192,0.019786423563120496,0.11565505634372301,0.07906810111371163,0.046463790260310334
0.08634947153972516,0.21418452508035776,0.04441721443839103,0.18128598051189995,0.10086810995199745,0.03510733205509455,0.07808415760185862,0.09271298946072766,0.16699021935994776
0.11594511947146054,0.11099128056716391,0.16933032451074922,0.22105936176166704,0.1079391948970836,0.009026350755601644,0.08060242423084739,0.08967089614362539,0.09543504766180122
0.11352318941611456,0.10273953891475,0.22840143725139214,0.07173751253933684,0.09696836352801064,0.13679389621494084,0.05676848762579207,0.07056561903469549,0.12250195547496745
0.11068544908049821,0.26986000290589623,0.044140247530370526,0.08224507571259,0.1688942658083249,0.10935225333806681,0.09484752681557455,0.06499817908530321,0.0549769997233756
0.19980082129106755,0.2670219866877227,0.08185166432616536,0.06642309451303091,0.13031769679494196,0.022569365743861824,0.09027317076452458,0.0698510271100604,0.07189117276862472
0.0713745797753041,0.010067689547423889,0.10936114638717014,0.04572574591099843,0.16587905576104375,0.3426888294439327,0.07800694453379842,0.0691408399455588,0.10775516869476987
0.09542861053173757,0.0384328249418391,0.04744273530369624,0.11029288487600945,0.17540108295034632,0.02822166002250596,0.11684203193313154,0.1461127101847266,0.24182545925600718
0.20265302729462298,0.16715147961841795,0.08223320699161052,0.0712007085341599,0.12014133868921988,0.005879668191939282,0.1745254093747414,0.10956645770476763,0.0666487036005204
0.05824012458855643,0.09599800596714168,0.16248896159002052,0.21926520251869505,0.08629891594179255,0.05782908420363835,0.0900113555647647,0.1208863430153091,0.10898200661008166
0.1111720751131527,0.0866518135907454,0.08799272188357304,0.05071117507879535,0.048593925523384186,0.1832342016664974,0.2045463242082534,0.17459511673629258,0.05250264619930602
0.12731820890014256,0.08432254025771953,0.04444948568902208,0.07509477523900598,0.09263255554145583,0.014780779794173632,0.24807036559943998,0.21085132183166075,0.1024799671473796
0.1280579132163795,0.1139448806138769,0.09528564129546112,0.06107639658439575,0.15919771433867416,0.013433145325076746,0.1094118709730265,0.10649222649990268,0.21310021115320674
0.09648796730082648,0.18654352754246903,0.11098619625907764,0.221411326470766,0.06076650241527903,0.006025047788919714,0.11699042688403116,0.09706245376502114,0.10372655157360984
0.1069623376845394,0.11674812244315513,0.2851485058265128,0.11770004416119566,0.05127472972278324,0.10434095679939105,0.035292927139315276,0.1042788605741779,0.07825351564892956
0.10004123094807245,0.13087511608792277,0.03336865932073814,0.02521755698488624,0.026905492399690773,0.26874180954183063,0.2588507744074792,0.12434490831859764,0.03165445199078223
0.18714021942860534,0.23592742281012558,0.06920288553962396,0.0772664670769204,0.14712799763073184,0.037421308846670796,0.08157768247830585,0.12621937753731297,0.03811663865170332
0.10183686377551959,0.018488353273794843,0.06610119647357883,0.11324339618831013,0.1662246924785792,0.01491507052280012,0.09798509215310215,0.11391624601334153,0.3072890891209736
0.13102181518919204,0.1950444310595736,0.10783793086455844,0.04552408135900546,0.0659745501386365,0.07390368127027382,0.21609910649364758,0.10266868843328354,0.06192571519182912
0.15807815009234075,0.1825705829809534,0.08600725111196907,0.10784343031657175,0.19816852020468476,0.019264999752877845,0.08721202854151959,0.07488860809404324,0.08596642890503968
0.13126008453941515,0.2671254701842673,0.05895865221724859,0.08854924955121064,0.22198726716682934,0.021431109876487883,0.10120781527728247,0.06976936832250925,0.03971098286474931
0.17104267066025422,0.15911418784029593,0.03564354873702317,0.09780770392221243,0.12218196316876533,0.03397305308146831,0.11164286229861291,0.22241466786123412,0.04617934243013363
0.046191766094232645,0.10441150369591978,0.12569246367549777,0.22172277927802697,0.14944299958942214,0.03647217511019018,0.09843160036221095,0.11533068275975167,0.10230402943474794
0.14597831282716175,0.2475311894880543,0.11248624703954291,0.046644029632730344,0.186616307335115,0.09640869260845387,0.0375442532907428,0.046192606556592214,0.08059836122160685
0.09664337611762691,0.2760097628936448,0.025420925067361485,0.11337185356531827,0.18678749051953716,0.21965373506988595,0.033669821704757706,0.041338389197767784,0.00710464586409992
0.11062683073299706,0.19892253653299471,0.10520546742825924,0.11212107709966519,0.09733821816293649,0.07073474541849173,0.09668976381345862,0.13587503733927492,0.07248632347192212
0.11222209646826009,0.24593684236245783,0.03852550130046803,0.09061608679646614,0.18101628929700264,0.11042476002779762,0.08477192643508302,0.09334636453290557,0.04314013277955911
0.057188112506112276,0.2635686963463881,0.033069205771330774,0.09272493228352245,0.13311901844771087,0.16636066640370903,0.07136475732262532,0.13126688064394854,0.051337730274652764
0.10541869148557849,0.07623514966288504,0.10856285768192829,0.14786049575561655,0.14487730685940747,0.017476523876780538,0.07891488734905021,0.17127057088663764,0.1493835164421157
0.05313030712499092,0.08313517485645394,0.04161614519657746,0.06974108320281146,0.03249076671648252,0.33519201460897535,0.15211393420945177,0.1581600649420422,0.07442050914221436
0.13507635443854837,0.14322604365471214,0.15604847912203315,0.1775564403229194,0.05270060650995709,0.06872946647052253,0.09920681754718362,0.09459795993398458,0.07285783200013914
0.09348664715695683,0.26603565237037513,0.058042515872929336,0.05406962330658089,0.13886927401058097,0.262325930451939,0.03432310509452971,0.07652320510952072,0.016324046626587332
0.0902735362885359,0.18764407417480153,0.027915982467084686,0.09472387474061471,0.0845485856926284,0.35597070107955897,0.06128927500687623,0.07454193898303485,0.023092031566864762
0.041227206971643456,0.026738791512843894,0.13032884355955085,0.16434640649045884,0.05929517407165993,0.18432848566278234,0.0527716236305378,0.16914999471627765,0.17181347338424532
0.1655657186455384,0.2155490968397532,0.10964142533587058,0.08586972355510784,0.1747581153681519,0.03549415729691629,0.08615906852017835,0.09391882829968771,0.03304386613879571
0.16355786908199543,0.13297345226373428,0.07749545375513768,0.0943619330060762,0.11551394547953896,0.021297149717443686,0.12344575025937105,0.12564026662615355,0.14571417981054924
0.11070243302826555,0.0833662570420885,0.10086788919171082,0.2805989985083886,0.0805300933267095,0.02915534152640047,0.08729318840616507,0.12357787261048676,0.10390792635978478
0.06540502322391929,0.22992348159002432,0.033281148145417216,0.22484022482581204,0.1123676094658752,0.07988474588462345,0.07780022203763089,0.1322305849984641,0.04426695982823353
0.20895144789856665,0.049890587198362424,0.04912392857484741,0.04769274945423548,0.12207200578222362,0.04338514207523197,0.21984277894671658,0.13400509496045535,0.12503626510936053
0.1264849769546148,0.08789740602840083,0.2066162587072158,0.16737780393374055,0.14766859984698377,0.059283265783830925,0.047617875203153824,0.08968973525065589,0.0673640782914036
0.10079332536643297,0.19676449358070444,0.036164461023310536,0.1357622109757906,0.08797305689625806,0.15586412549466236,0.09047823014920849,0.09170866348669353,0.10449143302693897
0.06872500210264655,0.13726011577871813,0.10325038089798362,0.12403183367382992,0.12223361452343529,0.28003863925154865,0.04366416782263754,0.051496384118731496,0.0692998618304688
0.11812930235052481,0.15764279920896626,0.08392727494119807,0.2715001987172126,0.04629015495342767,0.012070337014507847,0.08892465751468985,0.14531997806733513,0.07619529723213782
0.1329415054251384,0.15904608560182157,0.06502454555462285,0.08847256454032704,0.303074512903648,0.0098966842037707,0.10147252823362851,0.08339319284137148,0.05667838069567135
0.09966467687932068,0.1077832561506825,0.09341817548500687,0.219539835722132,0.09708558486140062,0.03743640840793598,0.07628724274833841,0.17062579470679187,0.09815902503839093
0.05707169192784326,0.2846524152312642,0.026814932623967527,0.17185252303746498,0.1041084969602819,0.1343230101387677,0.12370764495962004,0.07323783195932726,0.024231453161463107
0.21302311926619424,0.12652311488635273,0.1058902838113422,0.10953033258664983,0.1642788241169727,0.04085740731991397,0.0627971968459682,0.12457560766765456,0.05252411349895153
0.13473174874361615,0.11691115963224345,0.21041307640899629,0.23151167158053662,0.05707904492676682,0.009994950243791252,0.095135582807592,0.07219850999942266,0.07202425565703481
0.09855347654515774,0.2356940553683365,0.12582768315526985,0.17189529934431924,0.06639596794078804,0.024944719240839987,0.12042782575901852,0.09107877096900936,0.06518220167726071
0.215839034878053,0.15168687202646836,0.10493294321362263,0.10293650387757093,0.1231995008103523,0.07136793770667607,0.08559562383602609,0.09690101028188802,0.04754057336934255
0.15177838591654283,0.2198107685318849,0.11855833733755879,0.18069691607272667,0.05908847285260527,0.04209344399733478,0.07035675391964066,0.08743893642170697,0.07017798494999922
0.09275486282882968,0.06662400300126019,0.1281566289700942,0.054441308726537706,0.12777581363100435,0.18746571799223158,0.07947363561422476,0.14128744202848825,0.12202058720732932
0.191089287035365,0.22597439806370767,0.12531965769464146,0.17952862015238016,0.07556418087516999,0.016643680295614832,0.07174683331833948,0.09032137089667695,0.023811971668104323
0.04450023307098087,0.23232383150774663,0.04255752631957945,0.1291561113382168,0.18331299912796672,0.22780016068347497,0.048075995745615045,0.057749521634924826,0.03452362057149472
0.07738345328848446,0.13474609459381595,0.047195416488076035,0.09525441751452363,0.16417846625063437,0.20830825177569387,0.08762261384509501,0.12962261416243245,0.055688672081244193
0.08054475512811254,0.051551477160891944,0.10174352739025189,0.05102393032210319,0.21593743352633044,0.10569124810928797,0.05882863614332238,0.08379356160381153,0.25088543061588814
0.10928399898120573,0.14299000558083697,0.09173266521351665,0.14581310196347322,0.09177041422671224,0.027694115726166462,0.09296796319092958,0.17861164201901644,0.11913609309814271
0.07122130241155541,0.13720945204372378,0.047420837786969004,0.06974297158903389,0.1474065246345986,0.18354970509125282,0.07315970638875381,0.08266980933379996,0.18761969072031262
0.12787316305549415,0.14345058022295187,0.1997405155172475,0.1270237999173848,0.10411646735660289,0.02413629206957324,0.09728419835153897,0.0637165746888673,0.1126584088203393
0.08628515838341795,0.19591931042050503,0.12597476502994945,0.24892348051924795,0.12223246736472763,0.03646323752908142,0.10736505381500079,0.054199681653116234,0.02263684528495354
0.017398558866299648,0.0013344341296605434,0.015636457914217753,0.009754261253575432,0.21229071455735193,0.2801208978672119,0.08727486863182692,0.06919888725421493,0.306990919525641
0.12493579818621403,0.11007369743764135,0.10249590513302526,0.09639072501128469,0.05693322843402393,0.06768032253864392,0.21519615468846434,0.15151469923930655,0.07477946933139583
0.17226788647503208,0.20804646346596276,0.12878207725643706,0.09809164511391598,0.03139478396393662,0.0072605467793900105,0.172325841229883,0.10664010349536966,0.07519065222007297
0.11128303849792893,0.12916243475764771,0.10000021053554219,0.14581607638151708,0.057582852202746525,0.11120794369846625,0.09948819053007944,0.16873574950029288,0.07672350389577899
0.20031769899533555,0.14392531434738967,0.17509161662632133,0.08810819851211725,0.10345620436273757,0.025250981414147226,0.08371337339091693,0.09386828186300071,0.08626833048803377
0.13861004728491602,0.26910879766057333,0.0340369614031446,0.16543326359311905,0.1608760339283599,0.08063628522612305,0.052056259871353865,0.05250470841766045,0.046737642614749726
0.14872138144040623,0.08439842388187964,0.12133582683193599,0.1311157282393266,0.08487019126008537,0.029743870428546444,0.1489855478994269,0.1770532784167231,0.07377575160166973
0.09302943803352988,0.04401901888049365,0.294799155219903,0.07649486253370612,0.12952984278059246,0.06656043350590145,0.10954463420718165,0.0667267386650759,0.11929587617361594
0.16874341474957297,0.09492147544077838,0.08795747625448541,0.10996619562513103,0.13585126072773704,0.01622960154602687,0.09643497145450551,0.12363557096888629,0.1662600332328765
0.12189312916092802,0.14052591402624928,0.0467614257822625,0.08458707515269619,0.050388019220248825,0.12248008335926973,0.13935336861687567,0.21510212361900827,0.07890886106246152
0.1104731408638193,0.24924460406721502,0.16021254190938752,0.16670666124535347,0.08682134122665291,0.025683768880037715,0.06229113494186007,0.09517178439147,0.04339502247420399
0.028080128919432817,0.0014605153413743636,0.02948456740891811,0.01225615777128482,0.12300690744765008,0.3050407973561409,0.10044628770225188,0.10239639671421034,0.2978282413387367
0.10448204925764855,0.23371809477014785,0.032556150879939745,0.17551704540555857,0.06480848872573462,0.04302707216035462,0.12634831815816802,0.1377341050494801,0.0818086755929679
0.11795834258158894,0.27370258977991585,0.06675253925491452,0.16389730037488714,0.07640496314301364,0.021685757321037512,0.10385427546675047,0.13901431861766836,0.03672991346022365
0.15643632241150704,0.0751980205185751,0.2238450812202746,0.14252041015294967,0.09535105456420911,0.017911345907697496,0.11169105139637593,0.06923192109755152,0.10781479273085955
0.13788633862314084,0.041563169147114824,0.170318458460166,0.026863918436655334,0.16575994636938618,0.14075715545032075,0.06912977670343157,0.0936536900995542,0.1540675467102304
0.06716310727514993,0.10449621428951321,0.299696189896955,0.11455724296122327,0.03940734023669324,0.1368423408808607,0.059855899440745576,0.10267590841380587,0.07530575660505327
0.0547757502077948,0.160315154754924,0.038974199837135126,0.13459739129934042,0.14279457888093092,0.13241538279317436,0.07295170931356415,0.16316499587903543,0.10001083703410078
0.07625398988080184,0.24504619613031,0.03778102708357383,0.05906985805455426,0.06472131566169571,0.22195925362639632,0.06154340653334417,0.1387306118729218,0.09489434115640212
0.08450233308321387,0.1686184443038876,0.06540200386225015,0.06452909977068348,0.18144797260223158,0.09800268182798198,0.07990910820147115,0.12183859500173477,0.1357497613465455
0.11167412670446804,0.06564351829019206,0.0922101590008564,0.11331440564526363,0.12216050091648502,0.062332819847947425,0.09929428876606083,0.20702022919141794,0.12634995163730853
0.06812997023469146,0.07701517011790224,0.13284865678573868,0.20428493968359407,0.06593570741354879,0.03310050986008303,0.08725519971318818,0.19939578172153075,0.13203406446972285
0.18998844093386502,0.0689124654216716,0.09795426930946559,0.1061350892492768,0.14079179493916774,0.04885463751521509,0.1548348818166314,0.08597655819612633,0.10655186261858042
0.10776314893357301,0.14851853724706446,0.07071594756503458,0.11088619023340925,0.09359621061357422,0.0648114735741227,0.13698901005437664,0.11131031186769041,0.15540916991115483
0.2039161062199848,0.26555296637676307,0.0893535219823685,0.11483778991823472,0.07014394774172027,0.01931418963038506,0.14626912479336485,0.06428229763233584,0.026330055704842828
0.3111886396019674,0.08584438614795997,0.1289642368410772,0.04621483077921815,0.14323321684457574,0.008921462089497477,0.1557517157063835,0.07336694433196343,0.046514567657357044
0.2013173371229144,0.2885697111493856,0.062496051738127834,0.071384795771736,0.18214130245662677,0.02319277471908694,0.05539252085306768,0.08452161585190865,0.030983890337146092
0.09950188565718432,0.09364545169100286,0.10813562992641722,0.04925093631486035,0.03643166534182884,0.07871852841985706,0.3438337121689083,0.15926002597686503,0.031222164503075966
0.11053140766504038,0.07711080507886364,0.0613466577615601,0.14543101813382073,0.1280063424882052,0.12457367412757832,0.10252599540001173,0.18290497945534198,0.06756911988957795
0.1410555301350446,0.16157285469712077,0.08836217896648853,0.13167219262453497,0.1622738014537074,0.04104343947770696,0.08784856099442086,0.08193050624115822,0.10424093540981767
0.20077307148142234,0.13708437985958746,0.06090790425312179,0.057790921729794276,0.2267526217996512,0.018463471231339207,0.11474010282451146,0.09776878674809923,0.08571874007247297
0.1322601631828957,0.12721412994186623,0.12772846489225775,0.07345164415855224,0.16581461683126783,0.1383091702258438,0.06345155372624751,0.08839762467424639,0.08337263236682252
0.11381202128360353,0.18269072697014307,0.05753306420458468,0.08073697343985654,0.1308374710413359,0.08696136694121669,0.11596549685023329,0.15068700177963526,0.08077587748939109
0.08820790229468174,0.01768243618317441,0.05679329824040676,0.04449771559611424,0.14958363069238412,0.18703069449258117,0.09710221374082623,0.08117896143050951,0.27792314732932183
0.14925255090631118,0.19397342921410862,0.19009390111545596,0.06168105256287123,0.16658984681666797,0.036795154150439525,0.07384451718129019,0.050598413230765714,0.07717113482208958
0.19818813499507215,0.04504403697808914,0.09582469285562538,0.07053760268302095,0.09621800139627623,0.15883939461123903,0.12704787491509717,0.11129547592927215,0.09700478563630788
0.15385273627239424,0.039927011669443506,0.20578255480464458,0.13873564635936284,0.12388363817775332,0.012510209941382555,0.05012086527881876,0.09684711810684048,0.17834021938935982
0.13873621696123814,0.16852231075793297,0.056605961504865104,0.06795407510957052,0.21194546496063474,0.018013654227255264,0.11091305795568039,0.11903655380128486,0.1082727047215381
0.15799818923363407,0.1133226551535123,0.059566764328069045,0.05411889155787005,0.0726470775310228,0.06292882506760618,0.2529083629798598,0.10994970436033379,0.11655952978809192
0.11241622984847162,0.14229154707660152,0.10137198135929602,0.20032506089422208,0.04294484953865374,0.07421204622983259,0.09897999555277022,0.13754072044750373,0.08991756905264847
0.16854306263392702,0.0857818052040809,0.14715084588210167,0.056945286045812914,0.1768903648087402,0.009541195837697731,0.06734522562748047,0.12110799511595399,0.16669421884420513
0.0705739386861482,0.052171422003414736,0.05539653989248081,0.025733805885018227,0.16556056556948692,0.3954640655250679,0.06847430338261341,0.10068155968250492,0.06594379937326486
0.13701200907753272,0.10479667710101415,0.19437284214513217,0.07053180667761781,0.12871880827368418,0.0060399613914790115,0.11837832867408749,0.047614220549324016,0.19253534611012843
0.10079946996117915,0.24950947950136892,0.018077536539969248,0.11429059600771535,0.07333132535847864,0.10545004974573553,0.1676133917121704,0.15492392036468852,0.016004230808694186
0.10295792020759663,0.20072802141466486,0.0547871681062587,0.10293575252709207,0.19020596359517292,0.14925794898459518,0.07253126459513527,0.07082075317431848,0.05577520739516586
0.08993748286265733,0.14056126694253598,0.05249690723315878,0.11020983137175266,0.09820810538328219,0.050037210403967136,0.046550849156059705,0.20562697091999352,0.20637137572659262
0.1665946000833071,0.16906879068091385,0.06449238679761495,0.031970226256560014,0.24139495645202447,0.09852776147794773,0.09309511842976874,0.050479198304974465,0.08437696151688874
0.07230146231507291,0.06976341857214369,0.11222452656017386,0.0735515521482668,0.04616216543843166,0.16475874135218002,0.18348048234169365,0.15267422938071204,0.12508342189132535
0.109147031309008,0.2732155437709675,0.13775967258174754,0.08138929241724781,0.018651569168187804,0.012534332319981578,0.21183197855094452,0.13335521214822524,0.02211536773369004
0.1359142056446457,0.10656925332284557,0.08088878007367421,0.18566787485711758,0.07123502260436004,0.026571194925807007,0.13573771595295772,0.14891592028171655,0.10850003233687561
0.13021242178087541,0.09709940801532801,0.08637119474987932,0.18749763888515666,0.09243056279333332,0.0066758591065427504,0.10569020663160604,0.15473785109763682,0.13928485693964168
0.09971449238102788,0.13751635666228493,0.10148333510535779,0.21331993100867086,0.15055495097199306,0.10995565033857103,0.10802747122100338,0.05582021403966944,0.023607598271421722
0.12530895913861004,0.17747411490138754,0.13199283825601146,0.1100925122660213,0.09344889977861708,0.11156585671153334,0.09640670073598406,0.06507159620217985,0.08863852200965532
0.05425434334473781,0.07222861323424552,0.0384928687374678,0.18738014063105327,0.06602198329977353,0.3175964455070135,0.2017021920011373,0.05132831746266194,0.010995095781909263
0.049963869335757305,0.22532368039569275,0.09130981814991972,0.2516078002083763,0.043201921004677145,0.056490525298456086,0.0626245638372293,0.13967003476923268,0.07980778700065881
0.09348672998050041,0.09079343092886571,0.33414430964090097,0.0843349527044675,0.07866570743752459,0.08884075374645117,0.04844987979128737,0.09756211765713545,0.08372211811286683
0.1804879072594362,0.1992013927398849,0.09589576833838927,0.05388323065297082,0.035830329418111796,0.01940075201982164,0.27475140590062,0.10235453112126391,0.03819468254950146
0.15700292492531487,0.14980022775726576,0.04205556075371464,0.16506555151853683,0.18988721554153057,0.03376106711654318,0.08072939060844331,0.12208314754486892,0.059614914233781825
0.1772733642670441,0.1531115208126083,0.1755899154520932,0.13188385945047917,0.08093853819378231,0.015650387456196513,0.0850604572629125,0.09233620053275016,0.0881557565721337
0.13037976479600444,0.08250211606004974,0.08304046109300994,0.15164270764703894,0.16042756807636524,0.0064807620466324,0.11386331665185058,0.10594682144811636,0.1657164821809323
0.20252818207724047,0.14814338300400057,0.04731129879338198,0.11151085458357857,0.11225732829494994,0.038107644736387565,0.07396117695610606,0.11056399539426155,0.15561613616009332
0.20853601433813837,0.15716963625508207,0.28540498766671824,0.06151134849991088,0.06900420397784997,0.07252910854885003,0.050108929821330146,0.0547689452069976,0.04096682568512264
0.2270801251847786,0.0885006510560113,0.269223855470654,0.08823665183772926,0.12559115971539203,0.005135720578395608,0.044977653267037766,0.04096155474957099,0.1102926281404304
0.08020399261553608,0.03461728275137113,0.05443300497111735,0.11961425506435695,0.15432093851679962,0.05170539374796207,0.1329177087515996,0.1881249368013157,0.18406248677994153
0.09315728332331819,0.04927028245549234,0.22384021807932583,0.06851624341186607,0.14212495700672959,0.2034757920586275,0.04875906650185516,0.07386837494132557,0.09698778222145972
0.11299550088829673,0.14681856973950447,0.13649187247133662,0.14071241446128882,0.09997677709923956,0.1385153747916493,0.09488786456036707,0.09407755932080998,0.03552406666750744
0.19984426531756316,0.12376155771378085,0.15762265686207433,0.09359278374705392,0.15023198059906787,0.029294300891518143,0.12376389824115712,0.08099191940473939,0.04089663722304528
0.14729942197925552,0.1384029155532986,0.06408476557745932,0.05309384529498904,0.07699068444151634,0.023719654183071256,0.10808109103624741,0.18889042642642992,0.19943719550773253
0.14221420979160668,0.23108469598227713,0.22577395628560926,0.16274406060656355,0.05958746213660706,0.03839209673701233,0.05849739270202697,0.0576151077695792,0.024091017988717878
0.16759850710751714,0.3268412004631651,0.0928406530754241,0.09529499335073015,0.06242893000090486,0.0111486809473325,0.09860601744395464,0.09090326972491526,0.05433774788605614
0.060847656611401985,0.1292840507939356,0.1853342448795197,0.2563696465094429,0.03688875384815815,0.05112300555444007,0.07308046701952502,0.1300088682868239,0.07706330649675278
0.08445214815620285,0.054892270868911,0.05690050412433184,0.2091665259474631,0.24575346451214333,0.026293727640224345,0.19883560163422975,0.07366647135285599,0.05003928576363776
0.18348148251265453,0.31824939327967655,0.07493376567064783,0.13021319619582114,0.11169990614909693,0.015354614744039222,0.07056551588355205,0.06256995253835383,0.032932173026157835
0.09489225063819107,0.1374454597401706,0.1030283791379392,0.05892097704797764,0.10473794274349674,0.07329008577991715,0.10058623972260354,0.1906846815453529,0.13641398364435117
0.0581207399097591,0.18095389079809546,0.014270108592452535,0.16210858228932062,0.05973670255836744,0.12236738710953343,0.07679550653914341,0.20661967875165255,0.11902740345167538
0.0748622012841707,0.12909597940207623,0.03349480185066252,0.1885386375755808,0.05345627816553102,0.03116978625604061,0.1225354835315009,0.2771682578598896,0.08967857407454762
0.07008578107160968,0.08008621986912161,0.10144302242539747,0.03906981161475032,0.11807196182365771,0.4462598538564073,0.033824559435549836,0.057496608956263094,0.05366218094724292
0.10199055377171849,0.4415823036478908,0.014033743321823736,0.11987986678338092,0.17156386609338806,0.08410801489316995,0.0314259456594443,0.032638305155550836,0.0027774006736329513
0.10752247299919622,0.1407399434643468,0.057811584560080814,0.08656335740492134,0.04698314585774593,0.03034391201423371,0.3127686773363593,0.12945231761222564,0.0878145887508902
0.08573047547993011,0.03363647040721567,0.03527029944778461,0.057408897140942626,0.2771777693267154,0.1077635545255176,0.097916793669103,0.1261315905218343,0.17896414948095665
0.06953912980955722,0.2886792342471358,0.04256091232947915,0.14885250638167155,0.03216704830425652,0.14829029686653616,0.10744232497860957,0.12952209198062695,0.03294645510212703
0.16900051375153025,0.13052021031849803,0.16530348167371875,0.11710280086444354,0.17408740728411373,0.025267042313773257,0.06704829071390954,0.055010175065710994,0.09666007801430188
0.06441865230744329,0.14786936941118808,0.11260235091261943,0.26717965242175884,0.09161168243971296,0.06042575094042738,0.06776207980969835,0.10625213886515812,0.08187832289199354
0.15135778778920103,0.033357235173539466,0.25936177347472245,0.08979846179645988,0.10953304932491735,0.015430649486329487,0.07024551562547252,0.059020537662286036,0.21189498966707185
0.18708582903490348,0.21283304928518146,0.13603681913942178,0.05520642515862898,0.051029258509152776,0.017958814278022026,0.20701015349493904,0.10540555173517878,0.027434099364571602
0.24969848077197943,0.23433757437754044,0.07123192640170446,0.10658198667418077,0.03788669111505308,0.004274667316158077,0.2136516086764998,0.06801142439883272,0.014325640268051193
0.12116603333761507,0.12113870595945431,0.1444089274383659,0.19996486414185558,0.07407709170051026,0.04465821940968193,0.08123263268968384,0.14915851091405244,0.06419501440878067
0.17395980924523582,0.1386617133157773,0.06890513136595096,0.0871157301066041,0.10275416312486552,0.1534501987038379,0.09367440328046124,0.1372119678411319,0.04426688301613521
0.15410327918063038,0.08644851335018688,0.08567782154214902,0.0680671578963594,0.13629945283847197,0.0876399321968158,0.10913107821714611,0.09876679537539496,0.1738659694028454
0.1862717612675047,0.28293772960945746,0.06167399154151268,0.09847134151098226,0.05266652818128304,0.024974317374327232,0.14329511814230209,0.11562404836490729,0.03408516400772327
0.07644390891092191,0.16063775806027178,0.05411938231670634,0.1057920136638316,0.2930246551804625,0.1497417465729792,0.04676517673313515,0.05107720486761922,0.062398153694072235
0.07354566463308125,0.12375556574091467,0.13347701846848403,0.046664458836733196,0.09324909711244433,0.26816552354253415,0.08412834002302054,0.1147208294755373,0.06229350216725051
0.08396936122519312,0.07389512233095545,0.06876271280779257,0.07938197382682138,0.26617860990035186,0.08688147917975016,0.07875061902429238,0.07877059756382288,0.18340952414102019
0.04004134180277138,0.0434053903682983,0.10941213191983419,0.060421094136040125,0.06775127705030426,0.29792469253105996,0.05903522483353255,0.09359700904609493,0.22841183831206432
0.041478610253019806,0.29661051751446954,0.011934601379341192,0.1121923307420745,0.27230385407616786,0.1962475240610628,0.0360772022323492,0.020399548001506423,0.012755811740008685
0.1601777904116751,0.165311310471829,0.06808518174451858,0.11130803490588541,0.17918534532634736,0.004619001489029248,0.1161896969656846,0.1057462718720273,0.08937736681300334
0.0830189769709203,0.08918296925945017,0.19228195482919733,0.1870783392172115,0.042578526533100104,0.1549191333304832,0.06776986263874053,0.09062914109845573,0.0925410961224411
0.05829721301517149,0.2499323904577833,0.02366109688314726,0.0921843284118909,0.08851240622679872,0.22188084696778573,0.11369569352570275,0.12895676679715304,0.02287925771456685
0.14066406192733247,0.26558473731457233,0.0273654828155773,0.2001070935357311,0.10088827775825149,0.012548069511325774,0.09207341738256931,0.12596106227783285,0.034807797476807324
0.08813224653198827,0.11488336624858626,0.10809055589183657,0.05999663435327302,0.0662650176929964,0.3296060002145611,0.06488568568146653,0.11169858319571598,0.056441910189575804
0.2046009659565876,0.1279521258764446,0.0920528383379936,0.09379381211866795,0.25213063751738113,0.04246557152800388,0.050513014405923255,0.08911717866425849,0.04737385559473949
0.14122709892887894,0.11112711417444136,0.1010229250137149,0.11377332459602672,0.0786562089740056,0.09574048276650589,0.18873354099620357,0.08595952291444604,0.08375978163577698
0.13616334531460195,0.06885900166944142,0.10142880545099951,0.05684452648519117,0.11930735973411381,0.02997165202639887,0.10570514388031267,0.17089873360276767,0.21082143183617297
0.20187309372820153,0.3027790965313453,0.11232207403418513,0.09924568996931404,0.10829393760182182,0.015764997670688577,0.051365686914620685,0.06595870297444263,0.04239672057538022
0.14652171141213607,0.029395315743480716,0.0677730704868379,0.07905096358138301,0.1981550817127057,0.0334449339249794,0.12815579082488907,0.11783483311655046,0.19966829919703755
0.03767474274625693,0.03576454372329306,0.04298090630407988,0.06002542705875167,0.08033547743055541,0.3565689784747945,0.06067188821418636,0.20428551909913073,0.1216925169489514
0.13957283971257936,0.11871839545544731,0.17648754604672012,0.09159713779069718,0.16258305173828602,0.09626937609710345,0.051913323831608967,0.06815438367357253,0.09470394565398506
0.0640857935825825,0.08375974968442262,0.20758135394313035,0.18045202668884322,0.03358566414424056,0.07200799933069975,0.0572507133227434,0.09674446451037522,0.20453223479296237
0.10800335332128419,0.08827948461370864,0.14408727323429507,0.07627127644930554,0.1707670945287992,0.08894582941468265,0.0614685088805978,0.10276624746707234,0.1594109320902546
0.1273242616600526,0.15642030569881424,0.06511497886581609,0.201155188253622,0.03457225281289884,0.020100673732256297,0.14746592744697332,0.16870359282730127,0.07914281870226535
0.12407165328443182,0.027721635284591577,0.04780518417004589,0.08156104119802669,0.1983663381298185,0.00232101503761119,0.11205475073582515,0.08357169808190619,0.322526684077743
0.06837511400744754,0.31498449790522043,0.027045877052312668,0.1378747482510766,0.14306796876051528,0.15339630620482977,0.071920322923925,0.056451420279236976,0.02688374461543573
0.08766131235541826,0.183543018025634,0.07113242795392598,0.10760707047681084,0.1514290423219201,0.0783877610270035,0.09933659002791499,0.13754136160591798,0.08336141620545427
0.11794058897391925,0.06070417160236552,0.24102636482294418,0.1635291735502503,0.071128121090361,0.014088579009763761,0.06483879022583472,0.0833714360061717,0.18337277471838953
0.06686983262035695,0.19688139345837494,0.06833154061834142,0.12309857200518655,0.03858412022267546,0.07007259361322947,0.24857787957812258,0.1359952025810015,0.051588865302711194
0.07465766278957923,0.0845392550351509,0.1564722744028426,0.16815491977236005,0.06563362221971432,0.0891395834479768,0.08053451305935892,0.15231934696181565,0.12854882231120154
0.10458113897423982,0.0276584416421205,0.17142226185064832,0.0398249286476493,0.12393071660671533,0.1702836596803531,0.1712537371413462,0.1157054016153062,0.07533971384162123
0.10842878698798541,0.033291307801463076,0.1157085126696741,0.03739646112459399,0.15304509538218253,0.23954890123351233,0.08827965112154497,0.09716433923841909,0.12713694444062454
0.217112580064303,0.13967308840594908,0.14981683615208052,0.03248825250496333,0.11499421035810414,0.07589741015168679,0.17396613080423382,0.037471516024941004,0.05857997553373822
0.040150559179420287,0.1821587504631276,0.022201306044901618,0.11797358930978395,0.20997303302950754,0.23357549361568739,0.09288101975063077,0.0464840156982585,0.05460223290868243
0.06012350032501407,0.038571813859505345,0.04876085161099831,0.043367798866556874,0.25499364794885415,0.0732717180132942,0.09647099963255125,0.09726102887946815,0.28717864086375766
0.10675793494449903,0.06810046093632953,0.08402109339586894,0.07332701148899645,0.14848726210810953,0.17341411873636772,0.1066213536673557,0.059046003344542075,0.18022476137793095
0.15045318027064528,0.09362131860985906,0.2712191783720502,0.08018436366263726,0.0883233939025715,0.0724326512922896,0.10373048320882507,0.08189253383852792,0.058142896842594105
0.06829793219977082,0.07141561681223574,0.1070815007387755,0.202861416580691,0.04615157794867295,0.0914603943832041,0.08506079540505936,0.19808002993217044,0.12959073599942017
0.13983922349847214,0.017099617680867426,0.09203598195908409,0.07525651107680341,0.3005529635324267,0.13560196775816002,0.1299461122408904,0.04947656239745834,0.060191059855837455
0.20991836516058768,0.12516125638852452,0.11817472162693615,0.08101209849591094,0.05210511390647781,0.03263753862738015,0.21308079238430885,0.1076753633065739,0.06023475010330003
0.20889968869233685,0.1698776036220124,0.1303957694557893,0.03508434943492107,0.14577464701260606,0.10708401699854266,0.05413352670738264,0.07142213307032197,0.07732826500608717
0.06331344606269906,0.32561068638296,0.02841517265685202,0.14668378739952612,0.10354484057458048,0.18765533780499685,0.0907075818766735,0.043808958922835595,0.010260188318876288
0.19409726906109417,0.13132803223004505,0.1964691894013707,0.0976770831795475,0.09736740865717064,0.053593218725061516,0.07306348861943095,0.09086259485257882,0.06554171527370066
0.08668189814269395,0.058052967847867655,0.0680983483059506,0.12961451581538708,0.06893489657863948,0.031392649304508545,0.1835038870203252,0.25218073526333046,0.12154010172129703
0.16236975525636374,0.02562149892025962,0.09556942149200455,0.060221919000395197,0.1591612004546252,0.10185323278813517,0.14287046450896432,0.10936408160185918,0.1429684259773931
0.06896967658091217,0.1068833311288081,0.09339711053266103,0.13355169502384265,0.05237530839680671,0.21024283260465407,0.06849333351415902,0.14130367274783326,0.12478303947032288
