0.21943583736812033,0.06525355500718676,0.06281622530064192,0.10026582192760525,0.13298426538212163,0.21443006876676565,0.052827122983971665,0.09004636318130659,0.0619407400822802
0.08951398317126137,0.07668523825355032,0.08316193481428655,0.12140766300133604,0.1547233632407651,0.26737059138007657,0.04029233144126523,0.1032112835291436,0.06363361116831523
0.3005861616028513,0.0847893799304988,0.03918113751845775,0.07062782047288918,0.11261901461834058,0.05040996559131485,0.036433632691424946,0.20758776495220888,0.09776512262201364
0.058095948340455304,0.04770369781871253,0.0560574509509488,0.287573160986558,0.1435989194735193,0.23049510230650305,0.01778497627453261,0.07960625192159616,0.07908449192717422
0.03492614802596233,0.008069332603914984,0.05230024712742187,0.20073720898756683,0.10704355581218332,0.14976979814277772,0.2721172955792437,0.05903713140018175,0.11599928232074741
0.01248534264921961,0.1776500341538604,0.14257423751176235,0.042515506385278325,0.0609290648522112,0.04032522036270895,0.4443138849815247,0.02636696223021463,0.052839746873219774
0.14957360731150526,0.0743740066142794,0.0870995146777986,0.1313056847390077,0.14074384972510243,0.19326461268985376,0.03244438843194919,0.10812286201248306,0.08307147379802075
0.16214116074247345,0.046949702206191796,0.07253388142375473,0.0738085457501681,0.1287202029452529,0.08332718115300013,0.14012591248920006,0.1798911967195874,0.11250221657037156
0.06560383621348172,0.019657719392260718,0.07982646661877411,0.20632719974568503,0.14415785749203175,0.2973162601094759,0.0164683240665615,0.07488494898796759,0.09575738737376172
0.041666069335576573,0.006875263237248822,0.09505268526188143,0.16817977369995818,0.1565394040014884,0.389703117326256,0.017012315745305196,0.028736999921927978,0.09623437147035731
0.1516381448464683,0.10026406462539372,0.04772777825362576,0.09826066951546986,0.127534466018971,0.043939587311056634,0.03510201103989044,0.12247322970966967,0.2730600486794546
0.13329217465497242,0.24801064781250912,0.08100590499223558,0.0783310791589955,0.11534538428874412,0.06729075730458305,0.05567079765370638,0.1321070957100742,0.08894615842417963
0.2182533964918387,0.037523054803806445,0.024027446263005046,0.09787353618456784,0.11451052491960527,0.07476632610136129,0.1989366469409608,0.08554650532308881,0.14856256297176584
0.1787610688060696,0.08554054558528874,0.08077750765458425,0.17414477040542745,0.1412706638935148,0.17086588095548438,0.02185766858899496,0.09455280404020178,0.05222909007043403
0.08524418658246906,0.04414516512976669,0.11208998235127186,0.15498039882411427,0.14427816603450408,0.22043663218466367,0.019469410656310124,0.12365531595697175,0.09570074227992853
0.09590275629338692,0.0742389456969073,0.079014197388446,0.14289287362480171,0.14188517081547772,0.14533889539016706,0.1023997502344645,0.06765349513453912,0.1506739154218097
0.03710121480498113,0.03819196259920476,0.0847160205124542,0.06778883793249617,0.12834750329490915,0.05836195927882984,0.10321051300058565,0.09704345365597188,0.3852385349205673
0.10879778979026722,0.27801978941076516,0.11985193281228823,0.025716324527625206,0.11622218814211736,0.121911157295509,0.04612666389301042,0.08112405628261103,0.10223009784580639
0.2668076763405603,0.12060493871248724,0.0269365301387527,0.12575016837908037,0.12574860786776268,0.12174957320091184,0.006320642434656951,0.12377248238625498,0.08230938053953293
0.06943181908369882,0.19447809101780347,0.10112801004499923,0.0834231996178575,0.13211312837102065,0.09525542539088422,0.01768393185092459,0.12616449112833822,0.18032190349447327
0.11570833379773564,0.059221271670666285,0.04403665784662133,0.11431247687054939,0.1465685640562244,0.20120228579748714,0.0596984070722946,0.03102025655143632,0.22823174633698493
0.1365462199176999,0.004958487066959506,0.039685225087060606,0.20242848766402707,0.14429089868819198,0.37312348348411417,0.024627113454243923,0.027381633221223393,0.04695845141647928
0.25444646818854005,0.04576229021209812,0.0668113720570281,0.12409308081015429,0.11118207573023631,0.03417607085382473,0.02709628204979915,0.262819235153735,0.07361312494458429
0.140042213266407,0.040256941555430616,0.09012328943992172,0.07504826316240477,0.1383464352970997,0.2876613249152637,0.019031691463397057,0.14919798600849343,0.060291854891582085
0.03304861920916235,0.017107972809583833,0.1600460549739218,0.08649254389399057,0.15453313784439007,0.35264880405786037,0.017529183145535452,0.0813340683054824,0.09725961576007318
0.11204856578360578,0.042810907386174706,0.19169269489819366,0.11939486095413092,0.12188487208343433,0.17481919985937236,0.009233790628511837,0.158544776075308,0.06957033233126841
0.13215856379421795,0.008627010499133411,0.03098672285055698,0.2800139804501696,0.14073414734814305,0.24333255649390403,0.04316636182960176,0.02479604629884016,0.09618461043543304
0.06717910875150414,0.035228090114410096,0.11871977903544421,0.1235600009190342,0.151271539296639,0.18477310330821065,0.01644106708182232,0.06524995807108516,0.2375773534218503
0.11345935571820863,0.04167283397800641,0.05032066759277406,0.2229586397078519,0.13349950955270296,0.17443624029933733,0.10092085896746943,0.061254804630570765,0.10147708955307849
0.12218334423033123,0.04065352282432542,0.08818718826956017,0.1385004791313078,0.12498429538816891,0.07340549315184397,0.021676669524104825,0.041643271020606186,0.34876573645975145
0.16203027525286115,0.03992217072376219,0.022514732744702975,0.11671335476923154,0.1224618793150463,0.07923619577197498,0.17048963923984042,0.13358474900263187,0.15304700317994857
0.1110602532698079,0.26108197619656137,0.06721713468936978,0.08264058632774597,0.1144863804640485,0.06475868077037995,0.019579422801719842,0.17625948215873155,0.10291608332163503
0.07115358923387559,0.022275010452408733,0.13660926485037309,0.09028264549751357,0.14847231940643424,0.4038518890022305,0.01821906278595703,0.039941751510327465,0.06919446726087981
0.11604964991360421,0.12173606661864134,0.11913216751073995,0.1639955226474029,0.14015404552873684,0.14286757399783168,0.009090200169322488,0.12144623467176274,0.06552853894195781
0.06429835058303035,0.07604716554491785,0.09473324892833901,0.10177014754600056,0.15614545927254062,0.38883748337271334,0.008225988449316893,0.037103881167802694,0.07283827513533866
0.13508803272199127,0.10510509163412529,0.10016688657098168,0.12770205463200746,0.13507334630713455,0.2302782685704464,0.01948545460817273,0.08451522258686443,0.06258564236827628
0.035787739797100905,0.014563561099640345,0.046806270229727255,0.22558492385162385,0.1427034123910613,0.3923449709489026,0.07809926323322149,0.024149626686954726,0.0399602317617676
0.1347073784118857,0.13930064537814799,0.0893817150626746,0.055965106405970876,0.13972613317931384,0.2667521217594468,0.03834849250745133,0.0842954448715549,0.05152296242355403
0.2155859459459862,0.006228484297186747,0.06483942289321541,0.12276221575100692,0.13506523770310808,0.31014264400562824,0.005892110671582633,0.08700970800012509,0.05247423073216068
0.09385643754599826,0.4183915814491968,0.04994321844206089,0.06385740898843378,0.09338896250807065,0.041071050748913235,0.016707296062235307,0.06289412627278265,0.15988991798230842
0.17253518270642665,0.04954002313334197,0.050139133967062786,0.211449713580292,0.12403432130181702,0.069202310443149,0.01242654058829105,0.18102824848298504,0.12964452579663444
0.07055521496025328,0.18413890508209638,0.15448717925028022,0.10938180233365476,0.12091037442979997,0.10947955428887408,0.07297396840365655,0.11966679688292542,0.05840620436845931
0.19224260075501418,0.03334979102048561,0.025685661761334525,0.10612686720684981,0.11462778944911751,0.07160133388924807,0.22497797131118005,0.11444591795736751,0.11694206664940271
0.08171186149611608,0.07781783016512663,0.04661670099156997,0.2038586990241441,0.1447153549691592,0.32587099065563235,0.00937628020013429,0.06618392972254665,0.04384835277557076
0.2254339292745797,0.012918848385899137,0.034637353959749484,0.1861805094034842,0.12326647119652485,0.34561358981534457,0.004224834284997927,0.04169354894770868,0.026030914731711378
0.07421980414216149,0.05491608013890342,0.1289865869568739,0.14745243656603024,0.13531850564221967,0.2836277885966288,0.022480907340888995,0.11587884512311712,0.037119045493176364
0.06156546233482052,0.14363214809547542,0.17654286093435864,0.06164706325061209,0.10926926037297946,0.08133480941275677,0.21525816167964526,0.05126691228590282,0.09948332163344908
0.08752467534507163,0.033846813118721876,0.08091350796157333,0.27086429145686236,0.1306520507369832,0.32005763113007335,0.012150243129661398,0.03869487090725456,0.02529591621379831
0.24003198502165599,0.05913634526136411,0.07768625417095569,0.07351056222631143,0.13429866197029997,0.22129234800433695,0.02091310265429633,0.11545334851523736,0.05767739217554213
0.08373238741040008,0.17086835188296814,0.05792544301717806,0.19314155125589938,0.12998208004259762,0.27443410000539803,0.016519522069794432,0.031374808760180554,0.04202175555558372
0.12136094792540925,0.023576212297166957,0.07053031327725551,0.1485675952284261,0.1419759293007902,0.1424205136126361,0.014077935355399057,0.055879157998487895,0.28161139500442894
0.022526918990568242,0.10817089358466904,0.1008287708189123,0.11682405843120051,0.1500569530944428,0.33433819716495,0.05467377084272951,0.06638665046485202,0.04619378660767551
0.15201129209669081,0.12605447194136724,0.09679948763876765,0.0715462265732679,0.13487496554297854,0.23079892758779508,0.007606379500530644,0.13411612121022343,0.04619212790837877
0.08516219294240664,0.12109728064153402,0.04589410669715571,0.12227619911444254,0.11501472037939725,0.05484180445984916,0.029922823726816677,0.1716657494852848,0.25412512255311326
0.16447590825416994,0.012269276044609966,0.10089159992561615,0.12265574316795254,0.13796747920105376,0.19908049595296787,0.04386261297651728,0.10047023026525104,0.11832665421186149
0.03834897028323545,0.22817228007253462,0.08553916826971615,0.0782311233783023,0.10545237599834902,0.05533649653427886,0.13747651140841136,0.18542321219251887,0.08601986186265331
0.10542841730259633,0.20988511687512804,0.05521543022165354,0.025484388516170253,0.09280847204509397,0.024825254033654667,0.009952538553178196,0.07081932629532954,0.40558105615719536
0.07674350985879391,0.05599782030569065,0.10935976492014887,0.04844822325151681,0.13661965545263902,0.21276484490848482,0.15804009864024468,0.09315525455157274,0.10887082811090842
0.10345247867408792,0.2471334459891982,0.07175692089122093,0.12134462684684848,0.10770041527436469,0.05547556238197926,0.03167717515918741,0.14295607914606867,0.11850329563704433
0.195501070115387,0.03841794594491815,0.04088159056195717,0.22567184757819114,0.13482327818220932,0.27368350164168526,0.015623173633834126,0.041605439471780116,0.03379215287003765
0.2231464914932606,0.1163070701400684,0.048894410315924314,0.09614252201287554,0.1268209932313367,0.048335281097853455,0.02009882723127998,0.10839255383711549,0.2118618506402856
0.1320933133696594,0.13776994081578026,0.08268455322441905,0.12850306480414703,0.12744690688620802,0.1715458728866378,0.06169016442002571,0.0933941906777918,0.06487199291533081
0.1066442308954706,0.13768283281015756,0.10775902345911335,0.038735569954220554,0.11777321116226296,0.044960974600779295,0.057817678629913716,0.12058640107644447,0.2680400774116376
0.15787716887367545,0.004989220043128038,0.09422729138237146,0.1229465049652529,0.1509107505084296,0.273203008853329,0.03934692656840947,0.06163937758252256,0.0948597512228815
0.12596902035056087,0.03182136809492166,0.08793605901140726,0.06101219386434356,0.15882675772797186,0.32218426588280874,0.011374671116559557,0.09395070565705754,0.10692495829436895
0.039479685435645374,0.06930047783502973,0.1883260312465825,0.04338942207202182,0.10088996967262026,0.10484527549141563,0.2483709356971878,0.10673677168950035,0.09866143085999668
0.13838725375361335,0.3192295871173149,0.06836258763260743,0.04811016876307222,0.11175925303085525,0.07387946120535056,0.027042028735435538,0.14507723239112102,0.06815242737062961
0.028131228795619106,0.3032755465225984,0.12416731338660005,0.0991136112381195,0.10715004090497421,0.13456723226001524,0.07797557638290938,0.04425846486801016,0.08136098564115397
0.06047258419587512,0.33542074221191887,0.1320405725029434,0.029321661985473976,0.10325478905851737,0.10255255875226978,0.06965537691039779,0.11119891868004907,0.0560827957025545
0.01826732041038036,0.11174000300444108,0.22385165418111042,0.07543250330214808,0.09226080511562645,0.07252986533302029,0.19829118057000752,0.05980375446133617,0.14782291362192967
0.05656399535955498,0.019688393471159246,0.10712513235482106,0.21351546073844482,0.14402440656691287,0.20824465629871766,0.03479325419204825,0.12081425622418085,0.09523044479416032
0.18631502257263652,0.04643593463375525,0.03785816429715138,0.15004175538981823,0.12210641261376891,0.06210848025762062,0.09097658297888771,0.11089938546788158,0.1932582617884798
0.14860698383514334,0.18222373932478544,0.06983991392204887,0.11623726859011789,0.13432410378289447,0.21337025854699887,0.0045587040338545895,0.05826892649098544,0.07257010147317114
0.03485669743468676,0.10938687513844941,0.06801261909726557,0.07107264987773933,0.14504549037879336,0.3160308932513329,0.11763097554260815,0.06791279169474293,0.07005100758438167
0.10627463176525002,0.12668660120815042,0.09987396263097943,0.05208470026829917,0.12013576135900761,0.07266990040165673,0.1675072339496755,0.1337624351462612,0.12100477327071986
0.11452894769170353,0.10532147954438971,0.10458700260931986,0.0819162621367631,0.1420983128543284,0.33812128272169845,0.004688027834010691,0.06264487409321554,0.046093810514570704
0.09536131792267162,0.023688109766310163,0.08754029924964729,0.14147600467473218,0.1610573034602324,0.2624629288394326,0.02486736262113964,0.10608268396944659,0.09746398949638753
0.05047588013727853,0.03364277336428442,0.08899109424890365,0.17112142038640166,0.14261654591915296,0.3726722466861491,0.022419172000544805,0.024249101602005423,0.09381176565527949
0.2989887320936013,0.09850835625484174,0.07057105265229881,0.05290247195968007,0.10944502565368834,0.22027906605109915,0.026302002409261935,0.08947431229507126,0.0335289806304575
0.29255966195635813,0.043590757617544516,0.0655282638437238,0.1409093735513987,0.12059887967734306,0.1816278777953322,0.006355903891010509,0.09976787607183357,0.04906140559545552
0.05567246166562282,0.11737542858875087,0.2410155592983456,0.06696957289919943,0.12405518700826007,0.1715436262148983,0.03742366011237749,0.11867568400259276,0.06726882020995263
0.04597138108588136,0.0017603121911744437,0.025537028905323278,0.3570791191494123,0.09965623091081828,0.16076679228696777,0.2452288421390456,0.017711241505277104,0.04628905182609985
0.10867849361085052,0.11206992604266386,0.09358135809845554,0.06705233332546087,0.13999508747744724,0.3658355774797801,0.004211307728496322,0.06289938479167755,0.045676531445167985
0.05630099508631867,0.27758925217364117,0.23544064571050924,0.031699646412321085,0.10023257701112642,0.13581471972700998,0.021167440531483322,0.08755699355685792,0.054197729790732285
0.2344069480632344,0.026236088191156734,0.0436916663032752,0.11690153749367911,0.13836917032846843,0.2202631185198721,0.011642132128874555,0.1425388564441488,0.0659504825272907
0.19235457418081434,0.15273353006633725,0.04551123295588816,0.09258532303654902,0.11075519976701409,0.04212085313175757,0.01418291149674798,0.22664728985243607,0.12310908551245557
0.15033441221769614,0.00851349821929597,0.03612607237275436,0.21513203757854105,0.14635460593444496,0.3464819165602715,0.007949441886239016,0.042390891769823726,0.04671712346093329
0.14729528458342214,0.30535086871433753,0.04139024031144943,0.10532312565032016,0.09778651386983774,0.09032914698590318,0.04128548623330523,0.11557303118684542,0.055666302464579154
0.12111158487301321,0.14614887943731192,0.07443588515131548,0.1745503133842765,0.12658130637979811,0.2013164023944347,0.02397636579094962,0.0990593042386163,0.032819958350284
0.14440221950192197,0.015291092057421242,0.0390063089663286,0.13177049239256095,0.13916145528691018,0.17769117725833106,0.019178738591024536,0.068034923604406,0.2654635923410955
0.1090095248615911,0.17250713666659082,0.1099697735839198,0.08847758862183024,0.10067005724334332,0.04746400739610788,0.027991555376576497,0.20322344958370564,0.14068690666633463
0.11862191227814646,0.043025351789407924,0.052614832833283054,0.06320725630995173,0.15600514481959782,0.4244444297833565,0.007918264343225737,0.02787109725405895,0.1062917105889719
0.18914658147546082,0.10302363857276868,0.04841219496944695,0.12806327926920347,0.12449524405871504,0.053844268914382994,0.04642154980569856,0.18297701416140297,0.12361622877292049
0.2050629476670707,0.04364299761974002,0.0525901829383979,0.1361971106264864,0.14047036070948862,0.172091817657698,0.02486122580920298,0.11811649585649357,0.1069668611154218
0.16047265361323207,0.03698470308015483,0.04895940152090144,0.1304959485888156,0.14378535722569905,0.37177952508406104,0.006964801924376332,0.05744612992647569,0.04311147903628395
0.18964521115263203,0.025859275874152026,0.08089077823353129,0.13628864829740314,0.13338971504172434,0.2865454209368654,0.007884048765525096,0.08369479049836294,0.05580211119980372
0.07877695896489466,0.06444464391858996,0.12332051043986643,0.07745874435132921,0.15571555388999903,0.32457729578033884,0.03111914907394805,0.055681799664006236,0.08890534391702763
0.13803390656076878,0.04175904728169716,0.07531859384840417,0.05520298441805066,0.1529331637873529,0.34255297870992246,0.026896409994486347,0.12442973196074568,0.042873183438571855
0.06328511972302182,0.03095356231975596,0.2596803611984852,0.0475394874242929,0.12172309051665686,0.28589994593114026,0.014907670551331027,0.11607729098116948,0.059933471354146485
0.07135223377597054,0.30461341986005314,0.030612938170745518,0.07032086507842468,0.10316120098714303,0.04938621316047298,0.04093745188789689,0.07046119368322164,0.25915448339607156
0.08112106793460423,0.15791726978026033,0.07233747204336904,0.06081590237365079,0.13038261799956444,0.09896168252374328,0.005596377184706968,0.05340020157965488,0.33946740858044605
0.039525572529887136,0.06882371870576162,0.06311160242672459,0.1865869099715012,0.15300915081077174,0.2876743714776989,0.05182387592787902,0.04210245933373855,0.1073423388160372
0.051510737075405565,0.05623943035167351,0.13031784282924538,0.12245275664140472,0.16395280494566708,0.20054474119182383,0.025422514110765387,0.10760898841541873,0.14195018443859583
0.09570564430506585,0.05024957755117795,0.11134600612811861,0.04977143075430865,0.14358670104788424,0.12686922132695572,0.009832694275175463,0.056831077491274785,0.3558076471200387
0.08237732309506084,0.2790140957654486,0.08546963691157339,0.09375460157596198,0.1204379542863131,0.08177396652822815,0.011197092384897724,0.1110018624489932,0.13497346700352306
0.07322187812224674,0.01241769111536708,0.05002422201681714,0.27090559152253996,0.15319564187499798,0.23187953770252712,0.04272784852627886,0.07448365933986811,0.091143929779357
0.24918380123253137,0.15354844491802905,0.07225639623387843,0.049565417792144295,0.10870159578629095,0.1086145303277744,0.040964679133443434,0.14420570184194806,0.07295943273396
0.06344416785561185,0.0690234279182473,0.14663498798435196,0.15362419433542657,0.14100983959805605,0.17684789295744216,0.04362645854471308,0.11880533698847723,0.0869836938176738
0.10175312881809533,0.057185455117346,0.05422755186506509,0.11810210634765854,0.14332651179431036,0.4203260384635788,0.011602199957602893,0.0718292322600632,0.02164777537627975
0.09029437762913169,0.09243883469584203,0.048779810725166205,0.1185470738637145,0.13951363955598686,0.42718202297473845,0.011940603733195531,0.04192589244956033,0.029377744372664442
0.14957360731150526,0.0743740066142794,0.0870995146777986,0.1313056847390077,0.14074384972510243,0.19326461268985376,0.03244438843194919,0.10812286201248306,0.08307147379802075
0.33442101084513154,0.07784729505798155,0.07492226132565959,0.02724616057461739,0.10628505459007927,0.12198577126216863,0.00351158415603584,0.21108993014974475,0.042690932038581514
0.16102703916992855,0.07341659462020905,0.05547598894459333,0.12816896445599799,0.1386340688972507,0.18010027889434757,0.007627531357438888,0.061218601803472696,0.19433093185676123
0.2943899662523057,0.033375910296639215,0.05878499522925512,0.08036890849979982,0.1116014735924435,0.14835248225265438,0.05130038728984577,0.18048490343493073,0.04134097315212582
0.030900269514214127,0.3299582286171278,0.10828299621773411,0.06066609547166648,0.11756908857319204,0.10811587376485092,0.0523037594997861,0.06351020608100323,0.1286934822604252
0.13799486605174435,0.030408736872211035,0.10289240161503298,0.16757989031793452,0.15081182233775178,0.1993974826028797,0.011106237094952334,0.09069216309176886,0.10911640001572454
0.31600012257865995,0.10228791570343047,0.024001183747934404,0.21182390649153526,0.10546043515092514,0.074460366699451,0.019970713534024843,0.05911592578748202,0.08687943030655697
0.1250341859578976,0.01652168119151838,0.09223173825551227,0.1391497861981871,0.14267669195502966,0.3030974804494122,0.03569181171706534,0.0955196074693503,0.0500770168060272
0.12146148208654578,0.10393019425035899,0.17959720285551647,0.03891759718120819,0.10963409908508855,0.0776680982486909,0.05642323046236982,0.23180133464542477,0.08056676118479643
0.12307105157543556,0.00601066825423927,0.04522154582775712,0.19491403017458078,0.1418608682127962,0.4015309490581364,0.00515571147123761,0.02841538210686043,0.053819793318956595
0.21198244573711264,0.019208384155452233,0.12036263519888109,0.05663943767721857,0.13922275396890008,0.20926576301780528,0.009032811104621572,0.12755539722456377,0.10673037191544472
0.021081528834727647,0.2944616341561233,0.12769257313722046,0.03928111071120226,0.08547032215203483,0.041534898421566886,0.10444125706058056,0.04010703616148178,0.2459296393650623
0.09889146707433132,0.11290278615779752,0.04637420450931329,0.09532219107098892,0.1191738674582844,0.0834865603722007,0.23925536989779225,0.11986009080903957,0.0847334626502521
0.07535743000659889,0.20223781909242455,0.12370472801012078,0.07948486472473738,0.13209926351616377,0.1595155032276884,0.03295183463259973,0.07680895896587674,0.11783959782378971
0.15636049442728986,0.045801639142559226,0.06695793066275747,0.09394161649062503,0.14594270669851087,0.35405829823421814,0.006177255374446973,0.07694314722553398,0.05381691174405842
0.11480486038011513,0.03879998361132242,0.10920195169458291,0.1281002895842623,0.14320631719648436,0.2808127940325868,0.02143102567528764,0.08349159087644081,0.08015118694891772
0.0890723144092307,0.2786695214677177,0.1597420580555469,0.028267775857812604,0.11691819685553902,0.19123535955069312,0.003705018020982904,0.04728788681056798,0.08510186897190908
0.018574990054133756,0.15787360408527765,0.14539807530175927,0.045941943160235005,0.0851501635938063,0.05634936463581374,0.2845255543292018,0.04533556661873639,0.16085073822103613
0.14024027313597498,0.19590979350848947,0.09512732251662087,0.07582456209498316,0.12526874319486225,0.09169056599137095,0.019853404237903972,0.1687820762307639,0.0873032590890304
0.14056118777331575,0.027006980365700522,0.09991853051700424,0.15696802201202836,0.13838726843108912,0.21465940104990996,0.028491170468642985,0.10094009835915196,0.09306734102315715
0.11321955302892889,0.06460935318030414,0.07883000014153535,0.11740736367934068,0.15410250552930957,0.22304139469657228,0.00803128535135935,0.060847090387924324,0.17991145400472544
0.15310051102588676,0.10195694877335103,0.048010972817314784,0.16401012935993506,0.12697923754781976,0.044964044053404796,0.027740308580279097,0.20998823953622514,0.12324960830578358
0.15255934373946692,0.07267142247480939,0.06966741966609606,0.030413676459078314,0.1250171550511636,0.08317599135479796,0.07227925844437938,0.2878614974513733,0.10635423535883515
0.2484971972446641,0.07344917819268297,0.054780884996766456,0.0645275588959983,0.09715597307187084,0.060528462772604374,0.012530727730001703,0.3573876984691437,0.031142318626267568
0.05414446881995738,0.3526189774182793,0.12261858426306416,0.0301713256003376,0.08465473035775212,0.10890305091924306,0.15995196426260141,0.04344967460469496,0.04348722375407008
0.06959205304576231,0.10727862461285413,0.13427016573845427,0.04775679917500722,0.12778665197552988,0.06399245821740417,0.01777267338984317,0.15033248041405972,0.2812180934310851
0.3548419390874398,0.14206036795415436,0.042973362758224866,0.07946539427385553,0.10811032387508472,0.058448753787893604,0.01736569264455848,0.09037373711766372,0.10636042850112493
0.26112009892326404,0.11824600566041654,0.04941090502198664,0.09860929423676522,0.11181623603145281,0.05512311734309521,0.013967946267088185,0.1667579805576238,0.12494841595830752
0.19373907803693846,0.31705466346077565,0.054535546099587905,0.06498771696564805,0.09945411324295328,0.0646944831066731,0.010688675204222134,0.07605600975765152,0.11878971412554984
0.11862762101358337,0.03377083355737035,0.05417499003783732,0.15939125545717261,0.14243377387825104,0.32797860971743553,0.0226245820171119,0.08534440547391343,0.05565392884732449
0.14281774907870068,0.012533046923819855,0.056763441390693115,0.11594725975192673,0.1464339390788605,0.33124543418605457,0.022720473601476207,0.06567665371094604,0.10586200227752236
0.03777312577780303,0.13770487130980702,0.05163522617046912,0.16442287656723154,0.1412457092883419,0.18749178613837061,0.057147560669690685,0.07324474575771849,0.14933409832056757
0.1025668154474086,0.027783705031315404,0.10783984516894109,0.11581441468372317,0.13148978069956307,0.16862731317768484,0.07197535159648029,0.17284626002647022,0.10105651416841333
0.08656542671432654,0.022264459109861284,0.10340571054884602,0.10723441799471,0.14503474588665521,0.3691767298765312,0.034465273858905986,0.06792906721044513,0.06392416879971859
0.10067282233010451,0.3220056636197885,0.10764860768452127,0.04235154570166649,0.10480208714218349,0.0599900112574398,0.002262104652751369,0.10517580671887262,0.15509135089267187
0.24225967625842784,0.029340514858600453,0.07188785572979776,0.07800809428735751,0.1392896793305337,0.14440584309042104,0.01491944504540021,0.15181853878322357,0.12807035261623795
0.22466045556984449,0.12759371990645543,0.060372605790358545,0.04172014688353585,0.12311984956477305,0.07026550603212581,0.02575663020001724,0.16366357697686937,0.16284750907602022
0.07971936918788107,0.08909002365884493,0.1771107815652769,0.05108842441671546,0.1277281022769556,0.33677343129806553,0.012886316059488485,0.08679298639101352,0.038810565145758515
0.02136423439375036,0.3095141471810034,0.1842562538733945,0.025717827891552258,0.06707657936683019,0.026553453510439712,0.21138504536780234,0.03512548391240347,0.11900697450282383
0.11208336113578193,0.030803456114878083,0.03142006769621637,0.12377058795436073,0.12829429678387072,0.12172581190522337,0.14280139630099825,0.1744705802380104,0.13463044187066014
0.20765881319783897,0.03391736058452316,0.04529442638867007,0.12919210416543828,0.14910718894415273,0.18963327100521232,0.026577113693976,0.10766164625542969,0.11095807576475879
0.08177733305382978,0.20501136125205086,0.21369115626328652,0.040867529914138646,0.10969659381369794,0.17098090154734424,0.03733668865254217,0.10038056386556816,0.04025787163754167
0.1805072725703388,0.019529994751076103,0.11451873768432382,0.0848395699425691,0.14716380894539036,0.25664979941330374,0.02178090393922093,0.07487997941796178,0.10012993333581538
0.05656399535955498,0.019688393471159246,0.10712513235482106,0.21351546073844482,0.14402440656691287,0.20824465629871766,0.03479325419204825,0.12081425622418085,0.09523044479416032
0.06773159064350144,0.049716126703189534,0.05887220290260875,0.148427961912543,0.15032485498205392,0.4132414443777313,0.01906238775212638,0.06027797989733837,0.03234545082890726
0.16540394637409203,0.09586590356191314,0.07548184338654305,0.04396626877020885,0.12955371597767149,0.12483349465044218,0.0584307852827877,0.167765791197013,0.1386982507993285
0.06389047318889986,0.10701791044235302,0.10257370514840992,0.1258543075718217,0.13726658823638807,0.32700972021583,0.04557609064821568,0.03359517823218459,0.05721602631589707
0.08827761758400983,0.028596641814783927,0.11222773730762799,0.1579460593772104,0.14564694391177754,0.3443681320335732,0.0066879630564829215,0.03603109831509813,0.08021780659943606
0.0752422541047608,0.35170100460453907,0.11688376129443385,0.06217486662398273,0.10131662373564605,0.09697560261779205,0.016363508327184292,0.12389371801199306,0.05544866067966808
0.14836706234548233,0.2812921631122364,0.05363938056684372,0.0988152608748847,0.11900438355133063,0.10341773203020126,0.023126380004453356,0.0800075907832156,0.09233004673135199
0.1227023026398495,0.27317334699928025,0.045708717430397956,0.14420821218342394,0.11697869894964981,0.1495981466494752,0.010187211179976658,0.04090671112460666,0.09653665284334
0.20568158697088287,0.11224183023160417,0.08867002682652607,0.014812380025567505,0.12116595599503521,0.07711587020178019,0.12014757565929161,0.11770748420469786,0.1424572898846145
0.23332163860096103,0.009078774847636332,0.039768527837697604,0.13505098272881152,0.12535669531223217,0.2645027977015146,0.010370373770456251,0.14946157138261662,0.03308863781807382
0.11192055790574873,0.010903539246859462,0.0725358220614843,0.17645434807183358,0.1512331752508717,0.35805006364203074,0.012199845078356785,0.06273147961285341,0.043971169129961296
0.1435535635772119,0.024731241287866815,0.04386759981796325,0.2032811263473058,0.1391367499912962,0.34116846821500363,0.007911953131156032,0.06517820706263407,0.031171090569562274
0.10829246767738278,0.1770135497812306,0.07092246931553646,0.13471885033879624,0.10397436089910679,0.05471177546475544,0.05446702891308098,0.13670475446046204,0.15919474314964877
0.06753094369454991,0.376094719945324,0.05834115710053792,0.039685331168220976,0.09555328160592357,0.04144737225979638,0.0068094539840614495,0.07769426103302668,0.2368434792085591
0.1926807871960711,0.02218281983210696,0.06656486894185672,0.09231433448074126,0.13099283920936058,0.16627154290236112,0.08356483247242517,0.1903151147894334,0.05511286017564369
0.19798960036492044,0.11753534321038188,0.030438296827572483,0.23122732430248205,0.11698015226469993,0.07138522325196683,0.021053021785455928,0.0762041336409996,0.13718690435152084
0.14925850313087327,0.027286637095708968,0.0835165598050502,0.0908900705412109,0.1482716073201777,0.3410437165913896,0.014043016241308067,0.09212883424571834,0.05356105502856293
0.13233497634350866,0.02973781528633933,0.058327983018549634,0.106998500918611,0.1519006818334299,0.3262012946727853,0.02211933615395482,0.10828394335282265,0.06409546841999865
0.1670571686502805,0.1288756885769292,0.05184506902630748,0.15221211714590344,0.12499450436928165,0.05568554079295878,0.02002411992700834,0.17246507831151225,0.12684071319981852
0.06781026369316447,0.1877977852306996,0.09728494312974041,0.14615539869923763,0.12188833506462715,0.07179383678869151,0.05630676312764233,0.12551709154241145,0.1254455827237854
0.07132125163532804,0.13799202198493557,0.18376478308255936,0.09121318279269956,0.1106479808942326,0.0445521541337713,0.10441373792328264,0.14492283571550368,0.11117205183768726
0.0589242804549454,0.05377135264111765,0.12176246466196512,0.09338040941134451,0.14005502336253745,0.40034168296879136,0.009635154407741944,0.04915377312769583,0.07297585896386072
0.22790218135322704,0.012997116580105078,0.08975751325900881,0.15066830691511612,0.1280275586793755,0.20874667036820815,0.007847609091521277,0.11473543262250535,0.05931761113093259
0.09719467816077916,0.3197412347454649,0.06888189829822744,0.028680024858552425,0.12185840011044263,0.12207992299450732,0.03805566402027361,0.04482696739784523,0.1586812094139074
0.049580669296452475,0.2312227751399699,0.13746861520528264,0.06473484974514992,0.1332857914038965,0.12793698656776067,0.02062598295355886,0.08838571715641753,0.14675861253151148
0.12818453417564946,0.0514614073981343,0.05375044090025031,0.10723252886774727,0.14786813165064186,0.22331076810208864,0.028162220468462784,0.16762505684459983,0.09240491159242557
0.03888741460765039,0.18359242555268043,0.36489276916145186,0.014817846921707659,0.09777182387373112,0.08817123826603884,0.007471635267320081,0.10150992290194681,0.10288492344747269
0.11572251908723363,0.03637228738863318,0.120205898147776,0.11896841943599624,0.1537191207506229,0.1800332360343947,0.009982833164809269,0.16590672651031735,0.09908895948021669
0.1177034301012609,0.01942857960470327,0.05676262128417425,0.14048951968935733,0.142312481144221,0.2866944173446933,0.04717037371487073,0.08507169412795283,0.10436688298876644
0.20197986552012367,0.11510895693410306,0.045162198969785926,0.14268951639326755,0.13263391803281244,0.09940622865036343,0.022612056182612073,0.06977493193420803,0.1706323273827238
0.09503866474291794,0.09018176744961381,0.05390389431384216,0.12426329379100598,0.12760130245608556,0.07439577266327244,0.1145419880232801,0.1413927223948526,0.1786805941651294
0.04384504261473469,0.027820399333751782,0.2064439002540054,0.09602602272954498,0.1298325739648317,0.33145144033373936,0.05983153397986377,0.049642959872969204,0.055106126916559056
0.2227498041458932,0.0973437525171386,0.05428598477227444,0.13607393908852167,0.13056836440774958,0.20640212075781572,0.019197139918378268,0.04092837516403722,0.09245051922819136
0.02549915882217763,0.02254017781094093,0.10421747891249784,0.10451506815877898,0.08402456204598398,0.08125833147259098,0.4494786576703847,0.06492132317016856,0.06354524193647641
0.19211674200241732,0.016230063128413942,0.04232948874162499,0.08880724293663872,0.14552528528890493,0.29346411290603464,0.020502990810768562,0.14491407590890795,0.05610999827628898
0.0585199840191824,0.08582634987139988,0.1782609062027454,0.03025179419564289,0.09058615901087547,0.055243965574518855,0.3180553227700123,0.10630608963399545,0.07694942872162737
0.07035555492993166,0.05411007460298776,0.08507655078085906,0.14424950720928242,0.15595301721462432,0.32715457999338904,0.019629122675967187,0.053800791488415274,0.08967080110454333
0.10910862824999569,0.012010546433586428,0.09165168509271564,0.04069534817838968,0.12941490405169678,0.11902222760535715,0.12485006815154116,0.22060768340887038,0.15263890882784711
0.03182837295098955,0.19255108081327066,0.07544726154875757,0.07202554719577016,0.10045327001756214,0.05312861115255152,0.2318289002549154,0.05371091193307317,0.18902604413310986
0.06375941993076233,0.004528143448501417,0.0986841316827643,0.12761875978265572,0.13869360463712074,0.4139926369236544,0.041724600332640006,0.0425929711796346,0.06840573208226658
0.0859955104212784,0.15696733484865544,0.06722399889116919,0.14979290717403396,0.1331957638466207,0.08760658365576236,0.02387674704146031,0.0701401769710012,0.2252009771500183
0.20356041747032605,0.015425269285336852,0.042298596250736314,0.14781251631496065,0.13557003844271784,0.33445016492324525,0.017274468390916498,0.056372288490502,0.04723624043125851
0.2112091086073482,0.0983841991331859,0.06747640071921235,0.09597529544683524,0.1446248413961413,0.22307477834471234,0.005539922486812467,0.06815794574866886,0.08555750811708336
0.10047565005263796,0.004791684581990995,0.07783099513247713,0.0586804113639904,0.13422155545321016,0.26743649605190006,0.18200411725130494,0.07930326821259193,0.0952558218998964
0.12218334423033123,0.04065352282432542,0.08818718826956017,0.1385004791313078,0.12498429538816891,0.07340549315184397,0.021676669524104825,0.041643271020606186,0.34876573645975145
0.06359637885204951,0.17142616739315486,0.11569884515972557,0.059603222626729145,0.11213642758925496,0.050662564659852805,0.12856807972107773,0.14025727928822837,0.158051034709927
0.17921122848577498,0.00954088904050627,0.06575350374545852,0.1391803559950611,0.13904894076787583,0.20396100579254084,0.021649439131297618,0.13908229224765487,0.10257234479382991
0.08475065894993455,0.14005560639340944,0.10728448747582482,0.07625020817189364,0.12265140986309668,0.22387468708508743,0.02908365469422088,0.17692800679048667,0.039121280576045796
0.05501098451979497,0.1488242860893307,0.12101857588129211,0.07561461184502853,0.12748911704237934,0.13740088195047043,0.1188902282135915,0.0893816936107753,0.1263696208473371
0.08646621083392286,0.30232012195736835,0.051684066828601126,0.15290928634712153,0.12342493260296028,0.1760894951076004,0.01653102908408734,0.046983205238688715,0.043591651999649456
0.1032604317399588,0.036810427346980985,0.08069427324383882,0.15808735144143102,0.15488994492601507,0.2816235681534623,0.019267889128714445,0.08661071912118545,0.07875539489841307
0.1934979497012146,0.04287144854627867,0.16440413395143025,0.03904730335848754,0.1293172571659205,0.26626425945119103,0.000939764087623171,0.09997174559254,0.06368613814531417
0.18297508980233781,0.10082908739773906,0.07951385112490077,0.11465314607799414,0.1268792580817063,0.09269516717851073,0.05277684204157515,0.14174618074295614,0.10793137755227977
0.10626279730214856,0.3433537462588747,0.07009222711791183,0.06497534319020797,0.10709290219922363,0.07334744372377727,0.036411472420099004,0.0797254555079955,0.11873861227976157
0.06696730618709447,0.05108594812437378,0.05672330659926745,0.2556912761758261,0.11582547096605754,0.06767317403847435,0.06465117117289577,0.11609520468023472,0.20528714205577572
0.06663408784038995,0.030390984300859614,0.1340888026054887,0.0833052836712216,0.14819231278395248,0.3856005917292055,0.029364998272525648,0.053189624921211855,0.06923331387514468
0.0748883974474134,0.20594952853097545,0.11869860084073057,0.1256030296505318,0.11026360498188427,0.12367593399982267,0.08363259202060898,0.08711618286049212,0.07017212966754081
0.14461888562946182,0.03489568258714471,0.15787890770993981,0.060116055840643244,0.1328781301719909,0.20943960441041629,0.010293334551138062,0.19194541428583975,0.057933984813425494
0.24142145318731204,0.04678052776820401,0.06447699762050313,0.08044160995104795,0.13303688148439988,0.2329186359565815,0.00805434793628643,0.1250177821394756,0.06785176395618944
0.1682647217534918,0.03334323233755567,0.0844118378144817,0.0741556298280077,0.14061875196288767,0.351681336053514,0.005063676379566428,0.05322529414462005,0.08923551972587496
0.07901425538353908,0.2622603871124776,0.09023030568703466,0.05869773774728523,0.13515673444304996,0.1092554249867494,0.0483012230850435,0.10045022643357189,0.1166337051212486
0.07375463329356825,0.11045847676075171,0.11360797948118885,0.13693148642270178,0.15158527047433992,0.23379955050446313,0.0137755112386006,0.07542639732429872,0.09066069450008707
0.26167177006896086,0.06913245605259856,0.05972426154250737,0.06317384104025185,0.1269587180622178,0.07202645945273924,0.029770080983667475,0.18754218111683243,0.13000023168022445
0.07444465205287558,0.21590926342655345,0.0690200678912163,0.10233832329344988,0.13135139076897126,0.10277068536083489,0.07534318928550189,0.1299026190185645,0.09891980890203216
0.019686672430542857,0.04504307279903052,0.18858620179269747,0.09024444625205168,0.12696850857498052,0.24532941749795234,0.05260655524711333,0.1402517388355394,0.09128338657009194
0.10093557687811112,0.07795270361448059,0.07967781948942784,0.04798369102060731,0.12615027919827174,0.17799946123501162,0.19852394207190938,0.08443359067979223,0.10634293581238814
0.08072199759580537,0.06539245311224733,0.04179915629183834,0.2275478390147516,0.1370216615441197,0.29911269576146393,0.008404316181729252,0.09074165082173291,0.049258229676311605
0.06550895065551805,0.2423613279212444,0.10905981715367254,0.11455193978534839,0.12475540863203217,0.24263204380959327,0.009501381082499297,0.04783662562691945,0.04379250533317234
