0.13782549844121514,0.12467705204170958,0.11503349661258448,0.1231123219885869,0.13601267181422583,0.08176272456370413,0.10773293746555208,0.12202833035039475,0.05181496672202712
0.03932816129772967,0.06792867875065971,0.3234338306253019,0.03992509294548525,0.04721020515499837,0.12356078796387893,0.12594293195957193,0.10054283597772422,0.13212747532465005
0.0943635953549285,0.08768320692623473,0.0806280103764979,0.08768302440369835,0.21267924231285226,0.11557373112978131,0.12727227244488923,0.1370578223689791,0.05705909468213863
0.044373926757418115,0.17898071522209247,0.08500400600924529,0.14340661787030395,0.09451418640775237,0.0927946869009225,0.12441020245826152,0.15002738771342686,0.08648827066057686
0.0267200478895048,0.031922574582157255,0.29513172619120726,0.02103853246430643,0.029591272219949064,0.22654859000942976,0.044434887516601206,0.08842166415705788,0.23619070496978636
0.029029934305227642,0.08898104694053884,0.20707776717170043,0.033693868518957934,0.048424384923921295,0.1788775398074661,0.13401973055147112,0.11215451978158557,0.1677412079991311
0.05659840798616569,0.14152720563914642,0.04641702799331763,0.2471015930545584,0.08600399305004036,0.1481551164179379,0.0961716201856888,0.1265670399629448,0.05145799571020001
0.047378863850175514,0.11152373638590711,0.16767319564628047,0.04495222872958049,0.09866800179416498,0.11581470818374694,0.12298080170956767,0.13926279669098243,0.15174566700959444
0.06077017041304548,0.09126337354017201,0.2288970425524325,0.029432454257579066,0.04175295263644954,0.1671359379493834,0.08601567336919742,0.11044690577986505,0.18428548950187554
0.03976910307773188,0.07041112709229273,0.11316447629645295,0.031060034915057707,0.05567244093014675,0.12760213225899364,0.1324240341912895,0.11356250487422216,0.3163341463638127
0.05271309969199669,0.08915621439898479,0.15653891803947745,0.03642331561617051,0.05488948924530076,0.1916296625205763,0.12477911472047339,0.09576167213243213,0.19810851363458792
0.046371414615014865,0.08779582449357308,0.17076792980128308,0.0649639357932944,0.09446501453816297,0.11728859711832303,0.11069752554638662,0.14263375977021794,0.16501599832374403
0.04815414692942791,0.12078994221814347,0.13411019156248802,0.16083426056672637,0.15693569809027463,0.06864073627141262,0.1062102682957371,0.13496769516260157,0.06935706090318829
0.08358817309371919,0.18862045457149315,0.08403349369406164,0.1149782299892645,0.08217293099393734,0.11124465426282039,0.101579350468373,0.15060198946834522,0.08318072345798554
0.05362143763479241,0.0853138783322132,0.28518311005485425,0.04130852631429353,0.05727318685687823,0.1655688292331602,0.10864937342941917,0.11263278826918777,0.09044886987520134
0.1785473342444849,0.1537015082090232,0.04879266117406955,0.10109736144506276,0.08780815737563517,0.10140612342979864,0.10783879422136594,0.1377474692335414,0.08306059066701842
0.03547130467641036,0.08948326763745117,0.1482602325250166,0.05512559048755324,0.05926040404434715,0.12409549947798977,0.1083777989794527,0.12689072251817088,0.25303517965360817
0.08665360205001475,0.11145094939006724,0.06200197331223941,0.0794806341275658,0.08792110491065747,0.21936051139150078,0.1509392960042877,0.15205327379374436,0.05013865501992252
0.0410237175981574,0.0877972112121048,0.04414184505703982,0.3367624834843654,0.12981104879808283,0.08164743640006024,0.09912573713499856,0.12167453852889698,0.058015981786294114
0.06522333676612195,0.08910757387446228,0.13411996062875564,0.18744430726592967,0.07187620601597232,0.08381123524865926,0.12238783649693125,0.12375434607587077,0.12227519762729683
0.029644422624415356,0.04504595517083455,0.12246768309744359,0.03351689587149687,0.030359570674294806,0.03392326881746362,0.09174855381299436,0.07609998611367293,0.537193663817384
0.040574025186684064,0.08541364117342942,0.16376685244609343,0.055656736409624874,0.14804835939838684,0.11168162952990829,0.09178455826830267,0.11600958300491077,0.18706461458265963
0.04509915541763182,0.08925937101738224,0.08716762448806241,0.02595634246740738,0.05534634205408462,0.3068805181518918,0.10463302385177074,0.12615473888526413,0.15950288366650484
0.026714148657797365,0.10629819285004805,0.23386306293361644,0.13546053429400748,0.07546640384565564,0.1301480346788774,0.0852085232601088,0.15357850456029765,0.05326259491959114
0.03920455088126237,0.09391725302775532,0.1980464998078241,0.030118792353407326,0.08433918705295351,0.13362984956391144,0.1298616142630519,0.10953919486378054,0.18134305818605354
0.07575238360156598,0.19121802551947345,0.07442065407909305,0.08716651931103846,0.09391787023655862,0.08228656288459471,0.1259522677077328,0.1361798967953013,0.13310581986464162
0.27798767244986466,0.1603994713722532,0.07990623290216702,0.0588752542118254,0.0894695264252628,0.0809172049433611,0.09325384774546282,0.12148269556907805,0.037708094380724914
0.04685454991011204,0.062084051196897916,0.2658615726588595,0.044324455398273864,0.08096658924122885,0.1798139632684308,0.11564703750099652,0.11366082679316643,0.09078695403203406
0.037316169205305914,0.13199539346004477,0.1550706835125363,0.053889268857246264,0.06554303655583793,0.1497365040923061,0.12920207328730107,0.1269010554077569,0.15034581562166469
0.022476046743620384,0.03776628872007936,0.14394981666021825,0.0130885402436997,0.026332760583738946,0.14353709753510618,0.07102471509381357,0.07612242825058886,0.4657023061691347
0.06692222525037671,0.08160424821114319,0.05920942398645834,0.29537804916740124,0.13144473354311695,0.07612291894749276,0.12643569093517945,0.11872907050911542,0.04415363944971603
0.021379848045207785,0.04534573387002242,0.25654875931962856,0.0191814192603682,0.03420440761805699,0.13675349761513864,0.09781020865977164,0.07972836170847479,0.309047763903331
0.021356895979884296,0.06681020663844996,0.24712192999020863,0.03696945253727623,0.03770333876873713,0.08487806201934332,0.09281227396437002,0.09028247976143992,0.32206536034029054
0.02761555097481258,0.049098031086526085,0.046775606741686626,0.3612008548075014,0.27268567712902486,0.037532240545746866,0.0935467536642276,0.0786978324836781,0.03284745256679584
0.359171287378983,0.1039425412301217,0.06861013183929303,0.05253589923839969,0.06678418142728738,0.05766860953884104,0.09634448272027692,0.11033834856024267,0.08460451806655446
0.03399679674591722,0.09625887559565316,0.16346187840048884,0.04363623772346462,0.06104572687395685,0.14022488426894897,0.10715125739102549,0.13000475267443892,0.22421959032610594
0.04201788848639421,0.14763694755296441,0.18592240658713202,0.08658716129158156,0.2378983407248544,0.06524304658411423,0.08414983085041196,0.11618519624282263,0.03435918167972448
0.025727292519583205,0.12345856183260921,0.27902753351861853,0.05563825376586496,0.04206149461554145,0.16223548460440051,0.10966386789619514,0.11583619729092047,0.08635131395626645
0.05961721162400813,0.11043902428649616,0.17529705950359994,0.08534247895050683,0.0821930370477932,0.14711348817896722,0.10355400032662247,0.1578417690495898,0.07860193103241626
0.12364522395608733,0.10285499741301578,0.05766171899023025,0.1639861913167704,0.08846494989558078,0.10587401255699606,0.1351130028248961,0.1451144190593119,0.07728548398711141
0.061054849129707246,0.08219768401751261,0.09032209837280619,0.2249010896373501,0.16730367014024694,0.09144546848030287,0.10680083027019238,0.12342491328485002,0.052549396667031595
0.026754182011671096,0.04934099176700307,0.481547725939018,0.018035167129222197,0.04550961636473586,0.07124803586405754,0.08007658799238825,0.0836863411813276,0.14380135175057626
0.040973996059487205,0.1121900621570205,0.08226898652862778,0.1059285538951892,0.052211076144479805,0.24785281647039392,0.13678763130960706,0.1323322444062139,0.08945463302898064
0.043460085612745024,0.16681962676459874,0.044032081202389994,0.10005069992741351,0.10963887265088997,0.21021910572743174,0.11883654783012275,0.14824964322836,0.058693337056048324
0.031050446269038245,0.10784677115761356,0.1937815394049398,0.041024727044122765,0.06364778049907106,0.07810497664877629,0.10296690386034474,0.12601759304828405,0.2555592620678095
0.03946965401216904,0.08652913577607425,0.22443289748367487,0.06584395666894806,0.09948918392904171,0.0847874937459779,0.11152836164045805,0.1374842764657145,0.1504350402779416
0.04755919740398964,0.15797832830019387,0.03832214718424081,0.11685469622955486,0.07289352057163072,0.18127720834266947,0.1178293684524873,0.1711912025843576,0.09609433093087578
0.03419646370825902,0.1464301482536636,0.15456298011709504,0.05881803527081556,0.06488659961720068,0.20915813766168825,0.09236550302059067,0.12538990299481975,0.1141922293558675
0.0489063486100307,0.10222574119273146,0.08800271445160306,0.13133135877510857,0.10154223662402934,0.10688220017456561,0.13608422785581534,0.13612214668594222,0.14890302563017363
0.08340812923092701,0.11593047072998287,0.08889249798896688,0.12532060365917533,0.15542210837779416,0.0938596802356013,0.11028965083517599,0.15770668839115934,0.06917017055121706
0.07064910940204439,0.10333947208786794,0.09800909290913201,0.14009459924308856,0.20975387350783267,0.08201100288867302,0.10506971131291527,0.13663657804698517,0.054436560601460925
0.023685975666450736,0.058740047960283946,0.2846768296154145,0.04578011524424455,0.039277281281490085,0.17643341363928297,0.08031934721152721,0.10965907699612538,0.18142791238518055
0.04957360853814153,0.10246461742054803,0.12416627042109075,0.09838236584338067,0.08379589978762884,0.11142398094248891,0.10518600310212317,0.14672456363528538,0.17828269030931265
0.4849061430965452,0.1621728492168206,0.08362217774169473,0.016396611062375197,0.05000626372571874,0.043022035803574325,0.05975660758198905,0.08161943364556865,0.01849787812571349
0.0328185333237677,0.04379629276248531,0.3463000893778938,0.017428312703398136,0.036092872150591516,0.07246819378662885,0.05896278370001715,0.0893851649902187,0.3027477572049988
0.04527824864699085,0.1495780054884451,0.08030999276660222,0.15995322195734943,0.14249193194576862,0.13247870255996516,0.10302157692902668,0.13759275626742198,0.049295563438429925
0.5539704816832519,0.040260285948942966,0.055789255183185484,0.03719771885807553,0.05583783488219707,0.04765441109138421,0.09680007819916629,0.08001506539335766,0.03247486876043886
0.4947676148988444,0.0588675947780325,0.04925549017463212,0.045433620023918035,0.044656475658886446,0.05230707000360784,0.11885357142798597,0.08785000442760242,0.0480085586064903
0.035396944460223415,0.08591643478412658,0.15503469215918456,0.17502609788353943,0.04879821222046989,0.14843020722865044,0.1563185334365336,0.12850399621438038,0.06657488161289168
0.025266731742819903,0.06464550451555916,0.12875481634857158,0.02751500943402982,0.03721886686701242,0.21210157350960893,0.10133906796026158,0.09632933865096567,0.306829090971171
0.04343340849343486,0.1158888014692538,0.06215174386201868,0.05725966699457621,0.06635245363980445,0.17652279845868166,0.13318568004578243,0.13970575630064638,0.20549969073580146
0.0350919945581597,0.07084056574153123,0.04319024818381458,0.23898566964888437,0.15796362418895063,0.03869125235436227,0.11156791236424168,0.09624355737621389,0.20742517558384158
0.017405410352109102,0.0723811475827597,0.3501847175210631,0.049404192883798166,0.029412267948339288,0.17294875244474353,0.07548877190504615,0.0991659967395957,0.13360874262254527
0.02287574858771423,0.1329601613750557,0.1914254892133842,0.05797554385950344,0.05320896562305468,0.2530581752929527,0.07848796565587819,0.12385407402336017,0.08615387636909659
0.0553854275908175,0.07762377534931425,0.19874556771717966,0.07780295158561434,0.07923403155611093,0.16673579924584012,0.1250042119354501,0.14433240014535093,0.07513583487432217
0.03212016242453982,0.1043851302719553,0.16674126110380513,0.044384230519322804,0.06322439076506135,0.13648959191765905,0.11987240620380459,0.11339791355792599,0.219384913235926
0.04012864254691206,0.0527033990169502,0.06095185750819577,0.20462321863840097,0.3694523239231449,0.045930788453170474,0.11287425221382487,0.0853312571793371,0.028004260520063554
0.018186102737966874,0.0575062216878623,0.3185610429938576,0.03923517343233093,0.02298669110986919,0.06800633235946742,0.08285399644796577,0.07885997154001656,0.3138044676906634
0.032869816038648504,0.04971057767389162,0.08187994213200907,0.26771526177460475,0.21831275266003022,0.02972785417281762,0.10987599665077592,0.07934923250672893,0.13055856639049337
0.5253262297424381,0.124076596405841,0.049164417944753284,0.029256510740310483,0.04061018142749464,0.0464673658763065,0.06312526744405486,0.08953593177343011,0.03243749864537095
0.05033625381628044,0.09213097486781187,0.16353454618381225,0.1241374905884664,0.11879024653741126,0.07460823010706409,0.10377367049201715,0.1298358883837704,0.1428526990233662
0.047172368310915515,0.07603839514438816,0.1623076827837858,0.18557796336624036,0.061566652878971735,0.0967596463058323,0.13970799031140088,0.12306030526859661,0.10780899562986852
0.027853938118475998,0.0664742787634216,0.052758048182874474,0.2867994242090148,0.17286886652079134,0.0515194460506093,0.1296216482954949,0.10017431940506655,0.1119300304542511
0.04949429747753268,0.08394896110285573,0.11073288641795208,0.062137062429248796,0.08167197899455257,0.28574414583162033,0.08790162754993865,0.13881105682577988,0.09955798337051919
0.02953892261830103,0.12098024314157658,0.10172067139539082,0.3296786881411206,0.06326600989167988,0.10271536115408254,0.08324626324739902,0.12649254405382218,0.0423612963566273
0.023485690473053128,0.07221218397824235,0.30498295959495697,0.042698298264675257,0.04145385583641534,0.23990766387624843,0.07128914961324556,0.09691449974233368,0.10705569862082932
0.04042771616566528,0.11217227016495228,0.070865266331092,0.14861961468479234,0.2792681238885077,0.06768509052991588,0.0845198611319193,0.11932228570242108,0.07711977140073427
0.05812508197277183,0.10216898006068431,0.07073013830687878,0.15672419007110186,0.07149459037374035,0.16983777309288028,0.12448303711050085,0.13976383238394977,0.10667237662749192
0.03770272795418325,0.09337430680475135,0.2633183930058613,0.21194446101716782,0.06240028561411735,0.08605150484620605,0.10569215553125948,0.09909241855306801,0.040423746673385365
0.04823291267307415,0.09339917401447946,0.14983329018772784,0.06071728545434146,0.19592341426040027,0.13857532889747426,0.12036487397528266,0.12031457778116082,0.07263914275605911
0.0412145419024805,0.0920854048267422,0.2789817852579664,0.03201109452100851,0.05581850922905784,0.21584904070234248,0.09464878530126543,0.1164671354126831,0.07292370284645347
0.03526667324220808,0.06258978297921856,0.1372447081753552,0.041584101523745635,0.056254039821458025,0.06374773996670084,0.09089301600721926,0.10001933673649344,0.412400601547601
0.05364380413735487,0.09599880238155334,0.12624908240606117,0.22408042069208345,0.11767367260782158,0.07283253989376233,0.1129622568160597,0.12052911121215437,0.0760303098531492
0.06426513623954055,0.12160639955377289,0.07302057185636578,0.13621320590560357,0.12924479693959093,0.15959132643950877,0.1226706526122771,0.14581357850952018,0.047574331943820235
0.11796431458026624,0.1023347090261172,0.06458023785443512,0.11517605086547876,0.09209372566239028,0.1421569642499793,0.1443406116259581,0.15602352591588411,0.0653298602194909
0.0487912516625198,0.10804128415058711,0.053605765765929424,0.14996704419684848,0.24208097576741638,0.10068701847523877,0.11578196649188228,0.1305875832845376,0.050457110205040095
0.037108945680357254,0.08008575733345352,0.08207811032077648,0.0487941825713171,0.07350589581357238,0.09709928687173376,0.06483289953381384,0.11976719482135127,0.3967277270536244
0.04231493823981655,0.12725071571331562,0.22411784541436153,0.10868643653595783,0.13643125067498965,0.08505159692364454,0.09078558254002807,0.13773999837820647,0.0476216355796798
0.027484752816057684,0.06576786819514767,0.21314136651699736,0.025219472005223956,0.07050721198732891,0.22909289523186663,0.08537955053761798,0.10794627218075666,0.1754606105290032
0.053782157639889916,0.08487359575219854,0.05981930258981812,0.1267264155436216,0.05285853822868707,0.18526054607605733,0.11253667778166364,0.13019331196663592,0.19394945442142786
0.05582113612357312,0.12434539939404372,0.05393791107504742,0.25852116741442827,0.08894288668936219,0.12245999632355131,0.10828019617976921,0.1288275657777012,0.05886374102252362
0.058160461007891635,0.10399982825477953,0.03868577798040757,0.2013791281210784,0.1676346410180017,0.11598302863354126,0.09700227161403478,0.13630379194403577,0.08085107142622927
0.02147348590129164,0.05113311474178337,0.14709378753891772,0.027113370050007673,0.0620805601751967,0.10410204870444213,0.05855382746973633,0.10479029507342835,0.4236595103451961
0.032170947910172325,0.08493245049611993,0.13898148451323863,0.026928985371662117,0.035980155162197484,0.2492249448262657,0.11452068552352103,0.09588038278955109,0.22137996340727165
0.03836001912532388,0.07714699950276994,0.15197134361826134,0.10996096319136106,0.05628118487882589,0.11953290477308326,0.10730809703893074,0.11905356475174189,0.22038492311970206
0.04641305308511188,0.04752668309283928,0.050975912464614866,0.4536563970894704,0.13836697481274277,0.04796574439222798,0.10415526162940618,0.08013207078990353,0.030807902643683136
0.02921417449788589,0.124618779220714,0.23028725404383454,0.06555054375349274,0.21173662026263693,0.06971591311690774,0.09805627133473073,0.11010315600053983,0.06071728776925763
0.038713567782218544,0.05067387146510563,0.24926769514300529,0.043194668555993514,0.04380590425226492,0.13396133151262196,0.07731195560407723,0.10080385995396829,0.26226714573074467
0.05419278918602558,0.13411013297855598,0.08246569618491133,0.13929521365815656,0.08873986650123235,0.12914889763403078,0.11097517895350133,0.15208248691359275,0.10898973798999335
0.0401514031965944,0.11581851075684245,0.08296940689148423,0.05751850317218529,0.058860933386598126,0.13284136154659565,0.11695010855372005,0.14099173563064824,0.25389803686533163
0.026328576530854242,0.036802095117112056,0.08528556726993745,0.4891803691631436,0.1409344065342796,0.03841405849110003,0.0983426511401065,0.07130042797977008,0.01341184777369628
0.05296197525922128,0.1343397988584499,0.07981926699509165,0.13281054675475393,0.11477478540586078,0.09773261803803128,0.12030196447833817,0.15891978916560864,0.10833925504464444
0.061404643179199914,0.0765516936818421,0.05112477741487931,0.16665272994627336,0.3203233184612779,0.07349526843173242,0.09157826718078478,0.12544058982977582,0.03342871187423429
0.019769043874658877,0.05429652362133954,0.16928845313367216,0.012620549050239406,0.03293285556537746,0.11977474113747599,0.06631864333416139,0.08373834897705323,0.4412608413060219
0.04458353031464753,0.04722005600016082,0.07919912890572435,0.1629753211933981,0.4204369551555586,0.045283964793350666,0.09549589984093958,0.08386591673333127,0.020939227062889147
0.025030240317484048,0.04372704881580411,0.24836304566385503,0.06033048868563776,0.03427099704616928,0.10077551948867879,0.11632074208329984,0.08712614617946533,0.2840557717196057
0.08413096929537707,0.19208603335829347,0.097236314632225,0.17573499117806915,0.10367245437663318,0.07197616502113183,0.09009317461137945,0.12342284247270478,0.061647055054186044
0.020208069674923796,0.05491106802797285,0.348899970068475,0.0263195178078061,0.05575439795489337,0.04278615042851724,0.06827170492966027,0.07087395573493611,0.3119751653728153
0.055258913970654126,0.09675011401377438,0.10086116903699889,0.15649738374937353,0.12498656213942282,0.09858578757608104,0.13701070677937274,0.13906521976753558,0.09098414296678693
0.038371422122554594,0.10437066683654013,0.12643314398669758,0.05570690631217093,0.06537752916245786,0.099321926001401,0.14934747854945674,0.11942972849846845,0.2416411985302527
0.08400564966833246,0.18794380321395787,0.07068071582907624,0.13503152409662458,0.07556163228960189,0.08614407642415074,0.1215202176837622,0.1456644964188191,0.09344788437567492
0.04841351938607499,0.11118854408660338,0.08897756140105317,0.1084871035728927,0.13533694707654395,0.13850984288177046,0.15398487577989603,0.13965095896006566,0.07545064685509971
0.022754456078253982,0.08395411566938127,0.11508657817309609,0.15264158397284597,0.03707648514459177,0.2210160937485781,0.12081256611186791,0.10638373433572162,0.14027438676566326
0.1200585085591329,0.30051155258846,0.05466728104369365,0.05422323079937288,0.11645019099776599,0.0836973508071092,0.09047849744721315,0.13960914982664055,0.04030423793061174
0.0622737303910173,0.13090597864192446,0.07256824458103366,0.21515837355144793,0.09427736834468091,0.11221117781995603,0.12117726015167786,0.13956268469173524,0.05186518182652656
0.08475778526717748,0.12214559315187724,0.11505460935633084,0.1600316059005442,0.07909662080327372,0.11373644500167764,0.1285066262867195,0.12781356152479573,0.06885715270760366
0.035427990719612966,0.06091096491633405,0.059732366503933654,0.2659697817272877,0.14292559185427212,0.05814646823009981,0.14180653715245686,0.09124638307332605,0.1438339158226768
0.052167641688724724,0.08173786226948059,0.04931208880999513,0.1936227245599015,0.2874814556226699,0.06442834598981645,0.11489431856834827,0.109871470298388,0.04648409219267539
0.06169189638058292,0.0721179932677447,0.20796803847000409,0.05435426834361624,0.09589298130005706,0.1381732165121798,0.14584364816863385,0.11221193297580029,0.111746024581381
0.041983718367051115,0.0670391733126616,0.10676991552612503,0.32037472582624926,0.17102379310394125,0.09662382105529464,0.07697730858841252,0.10034655192815713,0.018860992292107318
0.029931652789420185,0.11830433051570778,0.15318360278972096,0.02715474250034794,0.03853612816389545,0.16520773874958097,0.09883863643904019,0.09877808095064033,0.2700650871016462
0.028425424569571606,0.07102818322514326,0.11580763899598223,0.3560112705363146,0.1820338671522851,0.04786852258311335,0.08370972176486051,0.0882858704073209,0.02682950076540838
0.05064067502636135,0.2026343032178807,0.08255673310152123,0.09667996683752507,0.10138958937651765,0.14490449404297492,0.07576186244844184,0.17558133695410694,0.06985103899467025
0.04670886937953191,0.0986778479429466,0.07956520752413443,0.10151280299128713,0.05344400990222283,0.11245134550949965,0.113674749200455,0.1317765723196007,0.26218859523032173
0.047586762394065285,0.1080877273595383,0.054166544152571446,0.08799760409090514,0.08804284625562482,0.13487544319495423,0.13468157989637228,0.14505289708951977,0.1995085955664487
0.0670439956332317,0.2848781262166766,0.07039495916498374,0.05985379775698448,0.07957470608297083,0.08263848412581705,0.14177985714409458,0.1420483428224623,0.07178773105277876
0.07091684701619967,0.15217900281873112,0.06176568610843205,0.11640109917738584,0.08541723048323162,0.14847260617981486,0.12624975354852055,0.14578734761047912,0.0928104270572052
0.2661708943163215,0.0990316894801634,0.06683864154503712,0.09585932957500043,0.10570328856137874,0.07031260434669089,0.10264865734306179,0.13192138385347593,0.06151351097887021
0.041585394715381085,0.13188845211418893,0.05927249762833286,0.13935238448959478,0.27226605673962256,0.05773610759539435,0.1254247516077509,0.10711117711504341,0.06536317799469109
0.02895707678013264,0.05653208323110472,0.2177639019524704,0.016876102902241254,0.043569819077401435,0.1820263346171672,0.0684452018769311,0.09452054956671319,0.29130892999583813
0.013277697977824845,0.03237261493568198,0.33194845027285064,0.011377655921567415,0.026399986640216488,0.21103703793353237,0.06979866684960341,0.07044785781608146,0.23334003165264147
0.055629360188541144,0.07667705809038321,0.07826362147144392,0.15347368830140215,0.23596306536481712,0.12345250353867519,0.1059555213255828,0.1057428403542312,0.06484234136492326
0.06882745209993456,0.07326103594512572,0.23831703899945444,0.09373021031923713,0.09327588208624112,0.06495606610570664,0.12357336999214087,0.11399277141937725,0.1300661730327822
0.05413231377955332,0.10062328414250095,0.09404959079695703,0.18032121330153847,0.10978465865899993,0.0800818619320326,0.1270065623668817,0.14165958028884126,0.11234093473269473
0.04481805634473144,0.1234864524738069,0.1537670156958375,0.07357981201673429,0.05886597091414192,0.20452634607683398,0.09176976669908014,0.13753884251413148,0.11164773726470228
0.051840245541594415,0.1348394784655284,0.04878306329892606,0.2168142750410881,0.0787439696641289,0.11533107371608835,0.1283623940271037,0.13544730151233306,0.08983819873320896
0.05341903656220126,0.0901460684145939,0.09649517776763122,0.14954464531490594,0.11815681245140212,0.11081195829172404,0.13072812379845236,0.13358549153476662,0.11711268586432257
0.019790270933299006,0.06891093765765775,0.3129313969261961,0.019612374030531534,0.03618214048044194,0.22783701428888337,0.08124959071190767,0.10067375044111558,0.13281252452996714
0.2869165697002049,0.14389874073665157,0.09467192444752126,0.04645976005785357,0.07929133932517358,0.06664650850493593,0.10250545337046231,0.13204664737449187,0.047563056482705
0.0394778046136165,0.04647893220242592,0.043566972363736876,0.177383837486515,0.42719735660857094,0.043175301176634005,0.11234751565900992,0.07824734183769583,0.03212493805179493
0.04832954862014305,0.074082264951713,0.1410919083786809,0.06220768509339639,0.047985609853165655,0.10980955491770884,0.10227025442994205,0.12177349347358457,0.2924496802816655
0.08816311249285515,0.12049005655452956,0.07565094575058925,0.19021789245779044,0.12502008457996705,0.09023265020984987,0.10604011428119399,0.14920819336843635,0.05497695030478834
0.23062424303108361,0.17101181691046183,0.11608665387923767,0.07439988595355473,0.08322920570627608,0.06501315820905157,0.07499153000844803,0.13363095034955083,0.05101255595233569
0.037268900299543904,0.04400961743094922,0.1033864507550516,0.33872806882517775,0.2167930802392174,0.11280693011325758,0.0658845930587237,0.07493355273632234,0.006188806541756541
0.03163121795373202,0.06254689475655896,0.20952211860391223,0.03038999812071794,0.036061763513530846,0.07039910456260501,0.08743028926231512,0.08996190907878503,0.3820567041478428
0.04310121475622203,0.3367970059163108,0.03831185447864167,0.09681370290635916,0.07641197161731428,0.18117670240744996,0.04663578490740793,0.1415510101185549,0.03920075289173932
0.03822095586685398,0.050142986318618805,0.24772880359393043,0.023774162243374124,0.044445639174364275,0.08999784601585087,0.14059293159801436,0.0773517915457023,0.2877448836432908
0.05023332493119228,0.09025216086039256,0.13933508149525833,0.048142383328952425,0.06738845666962469,0.16231894655223858,0.09967055338779184,0.13452880729486236,0.208130285479687
0.06373171304663916,0.2627730455863122,0.08896154045415049,0.17213343836094883,0.0859623113950556,0.09133165884734284,0.10719037333892996,0.09948359714130854,0.028432321829312338
0.05311512070661758,0.11731640056095367,0.08047214958090025,0.061789954450710394,0.0656280199094,0.13539887178316284,0.12027473101859032,0.13405567379408617,0.23194907819557872
0.0528129156111126,0.11891091167888561,0.07417113802992302,0.16845707840851118,0.13559175360719591,0.09235093440644815,0.1258825286363631,0.145802948621898,0.08601979099966245
0.0672284589859818,0.15698110931515383,0.06760980901651541,0.2565151559730687,0.11641343308396103,0.052279218120050736,0.12277769379587067,0.11487924850755522,0.045315873201842514
0.05869548167713138,0.12197650027419739,0.055468492360458456,0.1975499047952034,0.06155901202677969,0.1341241231447929,0.12935949240100889,0.14259193866050843,0.0986750546599195
0.03614130246702054,0.06215029575752239,0.04789990105613625,0.270063667166371,0.27611940436149657,0.04727966899046258,0.11362007396767144,0.09275300988579017,0.053972676347529114
0.1203202502468358,0.30977658666145286,0.057983879537841225,0.062281404552701404,0.07394640400267677,0.07656651627577786,0.09830320547210143,0.13209810958993926,0.06872364366067328
0.05191729366245787,0.07376506777520275,0.046852828715812554,0.1429421185893524,0.3110363353900784,0.08748006897214372,0.1182814449039578,0.10655363414688164,0.06117120784411289
0.05733443101860081,0.13544677550614126,0.1179703662101264,0.0641573650345298,0.19125186963418472,0.11697740036626518,0.11086185487879006,0.16237052521315035,0.043629412138211365
0.03317030095784259,0.0714660991410364,0.038233134279553625,0.3573604218477022,0.21222691774292538,0.05319828991402401,0.10161476698364068,0.09351475402653449,0.039215315106740575
0.048178745394161414,0.13295420877269581,0.0750668109193416,0.17737735333087226,0.06566504599652141,0.09610584507606439,0.1586651812945851,0.13413697987245346,0.11184982934330447
0.07055518785932642,0.14482171629508242,0.057812030364322455,0.15803765639231393,0.10245055263038327,0.094009887842803,0.08605951852163751,0.1672229042990555,0.11903054579507548
0.05655024930042707,0.07111707225168494,0.04626631585282014,0.17104515191792913,0.3362721067818224,0.06271908185102522,0.11517225285233013,0.09919000587206289,0.041667763319898084
0.048457886047596814,0.15975089870876877,0.08657322419534204,0.08354099543684879,0.23068670372495545,0.08499538111008258,0.08853412151231328,0.12068393066074097,0.09677685860335133
0.034766371239189346,0.10447308161376177,0.11572227410320919,0.06632920582495842,0.08976584433410324,0.14228352492239207,0.0958850577095926,0.13901323617887792,0.21176140407391542
0.3801235775678194,0.20687579500326328,0.18072555153562167,0.012573543152926142,0.05435137942288006,0.019530859412192292,0.06680577289824614,0.07059432788382554,0.008419193123225496
0.24871061261042252,0.10566890251559134,0.08602758232864342,0.08497458828815307,0.06889157205840003,0.12183454909890001,0.10722573498801453,0.1411463593036418,0.03552009880823324
0.05459348637685976,0.0786551216886786,0.21000400174193498,0.048001167753385386,0.07399327355694525,0.0722085767427985,0.13441481765078842,0.11247263566972614,0.21565691881888296
0.06220002863805532,0.20092102558642064,0.07676157185807397,0.20634217356959958,0.06298561765410883,0.09275832005859556,0.0921219613869743,0.15271025460098356,0.053199046647188254
0.03887161395709066,0.06495715932473461,0.03348299570450789,0.17416432886801805,0.3874213536551989,0.048962533953183486,0.11341485768480612,0.08709687805217242,0.05162827880028781
0.03858043813281945,0.06541787092394992,0.04224680906087159,0.31845463995855267,0.21293056157347903,0.04502591700463293,0.11559196703740249,0.09146013441656307,0.07029166189172882
0.07089943823618322,0.08094464191228357,0.1478190551661929,0.04947845108543423,0.0641796968521287,0.13023196948448493,0.12177997345469972,0.12265851849038382,0.21200825531820897
