0.03644237176209228,0.21759344097610775,0.022138058878663037,0.2311494293277938,0.07506642707194225,0.17020521583801773,0.02862174186927159,0.11691734459637816,0.10186596967973342
0.07062550689699033,0.06658580072651697,0.06716210157807957,0.05903439520701562,0.10461507947516656,0.37681125152675227,0.03028676201028957,0.10911236714342898,0.11576673543576015
0.05560268525383185,0.06851073417070871,0.11748768935447229,0.06153301497756519,0.12603133829038013,0.047422873821612144,0.34793126303201527,0.11393384964922863,0.0615465514501858
0.02685901232868887,0.021221530868057493,0.023494594603275604,0.08435024457114726,0.11266729837780108,0.5154261750328554,0.03469674680611679,0.10948950817110333,0.07179488924095413
0.01824199218497993,0.06480046353856449,0.1328516225162766,0.023178040988296678,0.06672735398285574,0.02619408824834832,0.5082899172830759,0.10640931609275033,0.053307205164852066
0.01813194397000856,0.02823488855249773,0.05636381180085682,0.08974740975018179,0.10447580460440735,0.02137752273119563,0.038404029542086056,0.123889411950721,0.519375177098045
0.032654562677439304,0.021625089815162587,0.030320019249382713,0.08432115069208183,0.07906535143187367,0.30926663744896593,0.025126001207402163,0.08852169019534249,0.3290994972823492
0.05691459078108261,0.03762400045318218,0.1672648731834588,0.08651406459269134,0.1032278219858181,0.04200630583457899,0.17739863844259252,0.13493488272661233,0.1941148219999831
0.05297910847710341,0.039987984839059014,0.010282822196404364,0.11800058202655585,0.08755978167955601,0.5560359110075223,0.02929145453783304,0.08791467871528837,0.0179476765206777
0.07062432351419627,0.0741654978156865,0.08617338060841447,0.06835314797109367,0.13274558005950257,0.10277852325422358,0.2924529950547474,0.12087001172292582,0.05183653999920971
0.023636566212612568,0.14242880967987967,0.034671195663584314,0.1041781591347581,0.10863203382972957,0.04474529649831962,0.02920860317311034,0.10441318795724226,0.4080861478507635
0.09299559864959946,0.10267893443209834,0.08744245198302471,0.11951711233096363,0.1675974983119405,0.06871830346209538,0.050639953444969736,0.14942843850215562,0.1609817088831527
0.01629838545125394,0.040744541689345305,0.31393699113111584,0.028701752737583814,0.061101556977352256,0.02599314074666979,0.3829771940585956,0.09096344137762517,0.039282995830458266
0.03125125044102077,0.014713734326666096,0.04425734443688025,0.09846918086483371,0.09810041752054621,0.5275448579574655,0.04139062047193672,0.11678835471436859,0.02748423926628212
0.08340646810483802,0.027290900342780994,0.026990364083131862,0.16970084281618236,0.057398788307923755,0.4631194944889854,0.028242008729872193,0.07742193468576043,0.06642919844052504
0.02837141386011499,0.3052216219962464,0.026437559046722476,0.2059517529827125,0.09597710060198206,0.044786746501231045,0.030294682618419656,0.11436665172744316,0.14859247066512776
0.06448507210026337,0.0912641964246355,0.08066157345127369,0.0746000630493575,0.1513380444253804,0.0599814041462689,0.25872725738352614,0.14204397916871844,0.0768984098505761
0.030874518913425627,0.07415422261416536,0.032082178585312586,0.15192318579072067,0.12376786461048633,0.10685293956667007,0.037354106451773124,0.11157788912127233,0.33141309434617394
0.04073975705031644,0.2204382650879175,0.04149049913657993,0.16175904272025735,0.1506865050950081,0.043446443829333804,0.04130362205281917,0.1261482876951008,0.17398757733266687
0.06154505540324937,0.04285117896722412,0.03643216103827732,0.1251396911328476,0.10648327493635841,0.43979906209956215,0.04143465701286924,0.11054150140085445,0.03577341800875735
0.07685473384412689,0.13417639615088553,0.025686514301687533,0.16208175347695472,0.07902232267029112,0.4086782931445819,0.032485727760921845,0.06413640914780101,0.016877849502749454
0.021547364104065367,0.030237934715550193,0.03167448169948687,0.05695662914370586,0.062201851078495934,0.4272809073208457,0.031218247170203745,0.07092299546979335,0.26795958929785296
0.08993245494235093,0.09013896856659043,0.1639809651143567,0.05227797093141561,0.1611428324719417,0.144330021813697,0.06491010650509636,0.12819426256306266,0.10509241709148864
0.04348768093734329,0.10676263941165774,0.10155430295289541,0.06164290044476877,0.1311777508012387,0.06934194401450246,0.2991170877008455,0.12176591804251961,0.06514977569422849
0.0770509258135803,0.08136371760009435,0.06855412127979028,0.07105346418627244,0.12804919663556308,0.05855898677462356,0.3160663477926177,0.1347816655680999,0.06452157434935836
0.037153079439449406,0.08864268935408648,0.027735970191135596,0.05243552381036481,0.11863161939561662,0.36189428387468897,0.031223853373474813,0.09973548998368524,0.1825474905774981
0.021828859261750433,0.12581661402028388,0.016637054208591382,0.1839746511246689,0.09349431004740821,0.24211684029319988,0.030326493973629663,0.08231619217989343,0.20348898489057432
0.021400715811919966,0.016135735052928812,0.027968056837110778,0.1535462633247983,0.10710324369091968,0.4234091043810741,0.046219420686368605,0.0990683992174471,0.10514906099743264
0.057535319250561406,0.23552806031535312,0.0432385240207414,0.16814467104172803,0.23022613120624466,0.04902928274423914,0.0619278287251056,0.1331894034639671,0.021180779232059504
0.09167520084778831,0.043235868469000655,0.0390953188844142,0.07024626220682843,0.07390973682382618,0.5125870021290241,0.028798636501829147,0.11569412851801497,0.024757845619273928
0.026040610918782413,0.043205865385431946,0.16292358727587805,0.05650535660416752,0.07553934675403716,0.027947817139032816,0.48957885269562557,0.08448977811849552,0.03376878510854898
0.1375780919628846,0.1352456594306364,0.1304274157164763,0.19672653066558646,0.12723469649450547,0.037565332258498785,0.07159486823146208,0.13291011992713506,0.030717285312814896
0.10162599336198529,0.01821248903568264,0.01839746703294019,0.07651441045833941,0.06368583972094811,0.591300373298732,0.024099269850380172,0.10055582140966113,0.00560833583133098
0.034811204529481915,0.05600370257114865,0.037592199766574005,0.10671217332834526,0.09114988904050159,0.34622841854974024,0.033220755867035386,0.13026141469443422,0.16402024165273885
0.026479441402719614,0.020637930332885395,0.01239065655164775,0.17106852280833618,0.051937657201976684,0.4590402818404256,0.027796390134791,0.070478405024592,0.1601707147026257
0.024335489539218633,0.08208829536201172,0.04859719778390439,0.17446830169870065,0.0968827959600625,0.26700405308919706,0.03486519305918867,0.11944080512539539,0.152317868382321
0.046755683186419185,0.09455265147183621,0.04037373534270988,0.09764336776779177,0.078808082578333,0.46113182673366304,0.023601536971634113,0.10280374897691978,0.054329366970692995
0.07578254531803567,0.13171455885573402,0.05096668055356055,0.08485756588090411,0.12782516332228802,0.06333149771448182,0.2836425768362173,0.11791972366095486,0.06395968785782365
0.016704371064001935,0.0402729800096736,0.031507831968680344,0.06286770126065555,0.0768394979603765,0.5649967898836491,0.04025585383042207,0.09676679525153714,0.06978817877100373
0.01683026021533121,0.0458453406557476,0.27257955419972096,0.020549744783426704,0.05455732738360008,0.020870964923193666,0.2715091232005284,0.10140662713119779,0.1958510575072537
0.058520104445282516,0.04822691315489105,0.08217029130236057,0.1341646699312369,0.14251510182238233,0.0516548560919633,0.04836163065168316,0.1244954273034324,0.3098910052967677
0.07447599432942072,0.12323977045786118,0.043345337342644806,0.24050164013775244,0.1414393705072049,0.07381750763134529,0.05620290744958071,0.1322679467453434,0.11470952539884645
0.018247610853276943,0.030342636758487026,0.5420133155924193,0.03181114729182664,0.06308049512592674,0.04176498232157031,0.1139935589956466,0.07250825240652502,0.08623800065432148
0.0636806568588943,0.05463628560356388,0.021578777803086896,0.16074179094151667,0.07658935783895542,0.4354827450700362,0.02600134620012931,0.0820721676954727,0.07921687198834454
0.038337868342907346,0.03234755240103011,0.03700904859771837,0.07593241127552737,0.08949698927043544,0.4720990213715908,0.028988405352572456,0.11370785055519994,0.11208085283301823
0.023609485865771208,0.017931619364476493,0.043816884547363745,0.2052777384452046,0.08532862862108466,0.48089982822965016,0.024972049019464277,0.09371745414280395,0.024446311764180884
0.06499314142143053,0.052895731433530546,0.059122523506764224,0.16435530079780022,0.11074968259074502,0.042180904215450045,0.030956240596085358,0.16127219851629646,0.3134742769218976
0.08839308733270135,0.04819178447358738,0.013479924381338956,0.11094588382408081,0.05972501187210477,0.4881825789509315,0.02425503789696706,0.09100501263070548,0.07582167863758277
0.042635407481859955,0.08645794843673432,0.08902150429226519,0.11037282316832268,0.14960628131281373,0.2762527044798911,0.04981264079716011,0.14987699283822467,0.04596369719272825
0.06592571708560574,0.04335783592403267,0.019494588655496737,0.0775868076873673,0.09418348739397299,0.3557246026910604,0.03884728803787888,0.08254924967337963,0.22233042285120563
0.03505258002301594,0.02113322469918734,0.02615412068176126,0.16903681053587868,0.07345069954950212,0.5474581704594438,0.020840042983408535,0.08299469807796044,0.02387965298984202
0.1298982520820223,0.09001566168480896,0.08097242545171339,0.05645626687372185,0.10899837063476259,0.04189697105873267,0.3247753362636125,0.12738499320921645,0.039601722741409336
0.0932830964118742,0.21738770613313388,0.053842641239179236,0.07791362715099716,0.12912619066552114,0.06625560710125221,0.04508512770841825,0.1294785987514224,0.18762740483820153
0.09841763989429884,0.08194503633057708,0.06142436485530298,0.2305706872018085,0.1747278657931011,0.06424040120433527,0.04882301311604198,0.15072205167974215,0.08912893992479216
0.05558258072842115,0.14275416216725748,0.02888326865050846,0.09901430799594287,0.11149245783646138,0.2833771684202067,0.046182569646863354,0.10085946068153345,0.13185402387280518
0.0357228373299291,0.3931794960960189,0.09728923438561617,0.09267962925987334,0.11612682957871723,0.03735568172646401,0.06448902000426954,0.12078360369606962,0.04237366792304203
0.018039038160841476,0.22198273162155588,0.02077504228081632,0.21048660828012025,0.1700618444300321,0.10000124369827189,0.03599137432452506,0.10763595608285707,0.11502616112098
0.08040171209895945,0.06663161359708399,0.05111717309208976,0.2144644543782114,0.10444446074460856,0.3080299507489443,0.023320254984507422,0.13891918285228602,0.012671197503309065
0.05044018770389175,0.12687928360518,0.07511831069033965,0.19055309613375634,0.21279678433526414,0.04926935666346519,0.07757855300342563,0.1555610148583168,0.06180341300636052
0.05912489824523026,0.02996996027399526,0.03140706849316196,0.05828490469956308,0.08610719155369782,0.5834089185974486,0.03839358123035619,0.08742603790291187,0.02587743900363501
0.0401104430050997,0.09259631647155175,0.12717061717198933,0.0766515826408647,0.13087851532833714,0.05909374344222351,0.22701282826167865,0.15592204274129465,0.09056391093696059
0.11949867573430435,0.16616794248786673,0.09530287812792404,0.1745252281535111,0.1463480316719851,0.05714514164502991,0.05793802669261894,0.14929797308710355,0.03377610239965628
0.17835343613137847,0.11719683009531816,0.22458488365286464,0.06931345823720414,0.15001946547440756,0.035433297709721076,0.050346748566757006,0.12300187286995412,0.051750007262394905
0.06684639994340932,0.023782584907329846,0.022091181285125577,0.1570279391190301,0.07265859583178219,0.5428111303767978,0.022303463805297286,0.07895078158259433,0.013527923148633422
0.07666203931816952,0.07773322570556344,0.13036622866284867,0.06190023044410665,0.12699649972353297,0.043977212742048855,0.275037174003852,0.12832162734227667,0.07900576205760115
0.05239722999803159,0.0790281298050908,0.13102497045070438,0.20799041670590213,0.11657775919959097,0.15464683148013628,0.04734652263296346,0.12979889035392791,0.08118924937365249
0.1447033822172395,0.04563545599104857,0.07556099285550205,0.23866660552677157,0.12690492150566626,0.10706209451343592,0.056703163659581425,0.13599713962472817,0.06876624410602651
0.035507653524155025,0.43331217333418065,0.09366643213613927,0.15420084694893643,0.09000099613001433,0.04556206086650067,0.027802321444135008,0.10057750862719539,0.019370006988743232
0.11359351504903625,0.04817851861606869,0.048735526992815005,0.28083628877052097,0.1523171975706396,0.09689795920520655,0.0547512542374033,0.12657380663633414,0.07811593292197541
0.02631269775633636,0.12331721786001933,0.020032538768196325,0.21458884073893988,0.09678947331637937,0.034652379642473606,0.03256941825275093,0.13066858130176248,0.32106885236314175
0.11773463791728515,0.09025340594724957,0.04816812084072228,0.09147103161800911,0.06463524433271992,0.46009505629363084,0.02116629534901116,0.09491262931109505,0.011563578390276797
0.03091865780722682,0.08721787797896785,0.03770901578218425,0.23286232229653955,0.11201960757754337,0.05267571042396247,0.03580255682383952,0.11252922402929684,0.29826502728043924
0.1132874312524833,0.09670355264420365,0.025827970395856065,0.06375036205222764,0.1179610316204861,0.36547761098771275,0.034238566000243685,0.10380722891336576,0.07894624613342101
0.06571500028991245,0.12585702911664445,0.037554328943079605,0.07169108383056007,0.13094334044224729,0.06133991144050787,0.3245325058360799,0.1249761942556568,0.05739060584531162
0.0523299614476553,0.14292812518382805,0.06681477573225979,0.15685539247730265,0.20903944645325578,0.038006916769663376,0.08128178539800619,0.15782777498069578,0.09491582155733308
0.03782182530090831,0.05410235567021617,0.04955501355114416,0.13450078333844215,0.07557538914024041,0.4900898801266695,0.02875296444216269,0.09894009515330694,0.030661693276909652
0.04017012067015247,0.041985692804094386,0.02915942310821316,0.06847701292027392,0.071550665798502,0.4744129892928468,0.029537188996975345,0.0887333646875524,0.15597354172138947
0.03363341107553777,0.03369504616376955,0.022033803006980084,0.045077735880584356,0.0691909483155952,0.047773601541755806,0.647253618394421,0.07961625244954451,0.02172558317181165
0.08429263069434484,0.208868648252679,0.1023261114948349,0.11744469159754949,0.15587849855460187,0.05451766786145399,0.051963162411933696,0.12966440247692773,0.09504418665567449
0.07488731008365562,0.10905171709891552,0.0597192389355688,0.07449510886914117,0.1406115675048312,0.07062377055107208,0.24329834131731962,0.1419673773164204,0.08534556832307556
0.10240465534721262,0.12749716744923673,0.02314134822079023,0.3282905416456345,0.11359691705314647,0.13247968043069305,0.048564681809397804,0.10816616899424177,0.015858839049646866
0.06241684106809525,0.06490363123972327,0.15543301673622467,0.06022507175016065,0.12706986583449495,0.038642191531431364,0.16394421456184036,0.15105751182516083,0.17630765545286864
0.07319403208884742,0.027988554694330734,0.018325934806606627,0.0879694933377419,0.06276482439275297,0.584001543621442,0.02482159571726476,0.10536241733655388,0.015571604004459874
0.09933626537062351,0.20678535292687064,0.06762815631041173,0.2162110919007998,0.12831675773654858,0.11202913459805387,0.03238160897790746,0.10515441888844342,0.032157213290340915
0.06400644187923067,0.09838989582430265,0.019727931578215372,0.2214203069948979,0.17836055406261342,0.1913445807708339,0.04444971323463744,0.13063530423968445,0.05166527141558419
0.04958832886911191,0.14197930920970836,0.056894803297042364,0.18700123390789672,0.2017238318429937,0.024463367353706963,0.06554011093323005,0.1484661430256504,0.1243428715606596
0.04848178075935607,0.030989359832866905,0.02196999432157941,0.14908281374149338,0.08134932152306938,0.5086332996055819,0.04906941094600251,0.0844497526140095,0.02597426665604095
0.044904808747036846,0.06130431035236317,0.07192616183119924,0.05940789440005401,0.14500461898280148,0.060425003534547626,0.29745964447333556,0.14582285845426315,0.11374469922439884
0.026633013103890896,0.07480753424544256,0.04764252022091082,0.13888154122656152,0.12983903923729037,0.31221697585390207,0.06085053816966896,0.14806991162239966,0.06105892631993326
0.3997818429565152,0.15834767087396165,0.03444448922622772,0.12076407647074845,0.09626876554717523,0.033911344820203186,0.02943103413370445,0.07568647369636482,0.051364302275099305
0.02783575946740301,0.07278182338441604,0.29287551684054813,0.05474741410083391,0.13105801902436462,0.04877788418321899,0.20289132467449425,0.1298249223855645,0.039207335939156644
0.05233889100202952,0.015187064772483513,0.00904776718683689,0.06827688025982054,0.06816775779432507,0.5988114702866784,0.02363571606026882,0.08547163334957808,0.0790628192879793
0.057644926315615096,0.09437145996521563,0.16922191620568708,0.06159584735812462,0.14860038240951115,0.056573984160390174,0.2015370634862029,0.13239328291889954,0.07806113718035375
0.1406132286225652,0.1724386622285167,0.021485204527342785,0.44504494654675025,0.07324439860582489,0.020918664680331003,0.030952791799450503,0.08319588983841461,0.012106213150804008
0.022103237442420248,0.04254044216532324,0.05142808342117891,0.040404729380464195,0.08299523277236613,0.5618947456136243,0.030828656335764055,0.102568782331928,0.06523609053693101
0.05503684434024442,0.03940949729901716,0.0321251337116098,0.15733366123626455,0.09923458155115962,0.38799040962961895,0.031200756328266816,0.10346315804249791,0.09420595786132067
0.06582116755856292,0.07752640334343676,0.03112164017891921,0.04822068235440769,0.060865965832845405,0.46789639547921746,0.023481988374984875,0.09492631021771715,0.1301394466599086
0.022393593776109517,0.14663399402014066,0.025192813151742155,0.07715711998899576,0.07498364239732527,0.5273406030156798,0.02464014678077046,0.0780362789944624,0.02362180787477403
0.022434021602836317,0.02757626951672973,0.43748038334083855,0.017399559850092745,0.04440124504914882,0.03732874286486025,0.02494742704445113,0.08035472719367827,0.3080776235373642
0.020634033870593337,0.052899732189257365,0.022249906408936936,0.1305986922475009,0.1561056510446972,0.04201320586992798,0.03661714045604251,0.12067971680266103,0.41820192111038273
0.04367550911513057,0.05767629152420126,0.030169340569258896,0.1299256302646237,0.09194360912024595,0.4958824897798715,0.034451881611288405,0.08841767375545455,0.0278575742599252
0.023850877579050727,0.033527752619113796,0.026071822471531295,0.13277585452818516,0.08356128245569401,0.5278036215797862,0.05093079677523147,0.09092639020245889,0.030551601788948248
0.02992032948100004,0.02170379881948037,0.04151557724906304,0.09276116270059198,0.07463069390788145,0.5831914260798173,0.053832693485865224,0.09075484863072884,0.011689469645571908
0.031628643674093605,0.04489371032558137,0.028391064612836293,0.08288962189194236,0.05677266501549202,0.574037786092436,0.02269442007327681,0.12358464907746396,0.035107439236877605
0.0561608566780199,0.06951953268551114,0.05979302288846916,0.10604945549908883,0.12583328366576152,0.04834933748574627,0.3601194310552686,0.12508160055670228,0.04909347948543228
0.03850408604109381,0.03624867657092807,0.026612663087244217,0.07994594768007904,0.08379825844455725,0.5362280115143657,0.031525616881419756,0.08904073237052419,0.07809600740978802
0.1992805416718121,0.055966844975201456,0.3142685343743689,0.11179814323354358,0.10418987706544791,0.023039348694337675,0.03925753457109261,0.113699778359361,0.038499397054834766
0.05243374516119503,0.04747735438317895,0.012674433763652035,0.09881046933004838,0.0785825724362718,0.5250412721917079,0.02986628063057467,0.1048700708217672,0.05024380128160408
0.037360780000589545,0.022544488232326187,0.021905462992434954,0.06798084773744492,0.0802671219952651,0.4910056243287542,0.019787126272413753,0.09068945188572249,0.16845909655504884
0.08250145582902907,0.03779276866870208,0.016143655417928754,0.1670597822843911,0.0816046277024875,0.46655691281906625,0.022184410293110062,0.09946238826748355,0.02669399871780165
0.032654562677439304,0.021625089815162587,0.030320019249382713,0.08432115069208183,0.07906535143187367,0.30926663744896593,0.025126001207402163,0.08852169019534249,0.3290994972823492
0.08712133665754285,0.08070927772625681,0.1734046134113898,0.06758287928366803,0.13427714737342197,0.08215053747212979,0.17612757572084003,0.12197904864550842,0.0766475837092423
0.21773753055914788,0.24730320091417082,0.013163820270001557,0.31082066121521085,0.05585938125974421,0.06947352597112601,0.02288120683900342,0.060247819672588944,0.0025128532990062844
0.023618756616846284,0.07746458018064867,0.057463716383857555,0.1401398490311018,0.15033516820221057,0.2887403239264403,0.04476923760036249,0.14221975868979778,0.07524860936873468
0.2101182180573553,0.2004664799228627,0.10271036250018102,0.05351043853498042,0.11401143807339313,0.05059553998436287,0.0297187431188643,0.11522070510151733,0.12364807470648281
0.06471047160189089,0.06144428095862842,0.030059573863199518,0.06160556457145242,0.07606235266782796,0.505236968844787,0.027946162717040784,0.1148938129910987,0.05804081178407433
0.08174547221335589,0.1513234710796666,0.1084751966058527,0.12153106849959212,0.17723536242683902,0.04816877242764612,0.061964836536250185,0.14398915854913497,0.10556666166166245
0.08772069282665541,0.04735070963303126,0.03160503613167162,0.12509097296904906,0.11139744811204895,0.40026916348121916,0.032091624732338245,0.11252770781049155,0.051946644303494736
0.11628754202785892,0.13670667945008838,0.09946202839087193,0.12332552777340726,0.19248978950582438,0.05979136063685484,0.05791298639343334,0.14815550360695806,0.06586858221470286
0.05032001845911351,0.016238582103549958,0.017117139820238006,0.14909651684331224,0.0632401591076862,0.5651102357488014,0.02608067244603803,0.07455660604869074,0.03824006942257003
0.5548851332478235,0.03181538558998548,0.10329187142590535,0.04472422019752959,0.05976484855929415,0.05573621373477505,0.031271273867896826,0.08705172578414544,0.031459327592644505
0.04113377936226337,0.0376383711867359,0.059442871083951104,0.04395035041536464,0.08074150325066907,0.028621737033361825,0.5502540750319364,0.12417539962305764,0.03404191301266013
0.08653865724438338,0.3198854925995313,0.05399724801565906,0.10201773195142955,0.16073625553938176,0.07123420063229434,0.04776529117503711,0.13806349091619655,0.019761631926086983
0.026511938411703528,0.058464072234587404,0.03904505767620198,0.22837075795290243,0.12329363374474023,0.15432169227721074,0.03968390547224489,0.13468628453042722,0.19562265769998163
0.0432106656705522,0.01907287230713846,0.017173686871635434,0.10579913470141365,0.05410224761826937,0.4972597213322869,0.021349314177725703,0.10481593091913104,0.13721642640184717
0.0479191512447752,0.15137424324823404,0.024984387942528784,0.08397963582490053,0.09743942374404224,0.32024965255324117,0.02100175612550279,0.0957583086025916,0.1572934407141836
0.21101003153204304,0.05573433334710235,0.13710495269728998,0.0480152292257723,0.032099637846964325,0.21181159684873463,0.20924069441141555,0.06076497093521327,0.03421855315546455
0.015540730441014018,0.10203349706475018,0.20262043429769847,0.033495937287650546,0.0700994800353443,0.028073830053579125,0.42512861571806027,0.09006308117784394,0.03294439392405923
0.1128326216067298,0.27117283771751066,0.0742407600154645,0.07637294790484193,0.18268370855096663,0.033132429483423674,0.04079495646010709,0.1133462117412679,0.09542352651968782
0.06990343983940943,0.11091899422194935,0.035561054141124544,0.08295784160677226,0.08903465797249077,0.38200349987565163,0.032069495637257604,0.10956841702523169,0.08798259968011284
0.08404248585754277,0.014883884607989444,0.032718245164547466,0.06756617907576563,0.07726165304631126,0.5553898022501448,0.024361199924445038,0.0883620667313864,0.05541448334186718
0.0517678296005645,0.146993450814972,0.04637789369113898,0.15652127616317238,0.1140798784780911,0.032485037696247374,0.028796044365075824,0.10351936292601434,0.3194592262647235
0.08070846281505234,0.11161780523901683,0.1156568881098169,0.0973324203001461,0.13321963252427163,0.03453845829959634,0.10769352706744524,0.1433675198660357,0.17586528577861893
0.05914399977939836,0.07330350598672904,0.16687621064820576,0.05877695910391719,0.14552769313429312,0.057454987941778064,0.15411276631856094,0.1398234880022737,0.14498038908484379
0.05230722013173131,0.18386712950716988,0.06975706626063188,0.11027844504234764,0.22295975420222688,0.04545173293787766,0.106421065138458,0.14239057204269404,0.06656701473686272
0.05386589191752261,0.12084950438434239,0.10111488074929426,0.08189487287796424,0.12255063613610136,0.18765057024066065,0.046741349645845115,0.15346061675045278,0.13187167729781654
0.03150279510426816,0.0481107102029763,0.17332900157383965,0.040245995592763255,0.08920224111999527,0.03538382084791581,0.4009041399586195,0.10877966412202189,0.07254163147760023
0.0498090793343266,0.04026330407574644,0.07438184803646082,0.19734861464977901,0.16332210391236857,0.057968344624845035,0.0528593305286276,0.1325417176651226,0.2315056571727233
0.07332873586120232,0.13754538384706216,0.05436869008512291,0.14840223273057584,0.19373523714495114,0.0426236517098712,0.1082551024980833,0.14731801258326102,0.09442295353986997
0.04448527603081567,0.038096816343464734,0.060142112856075486,0.10555625455216285,0.12185166418062272,0.4087987763117549,0.03305006560831205,0.12460282480998318,0.06341620930680843
0.013772802759217833,0.053676009458917706,0.06588035143607442,0.15397853333900124,0.06819975641578617,0.4477003251688609,0.02679152628714329,0.08659289206846932,0.08340780306652919
0.0915486726953786,0.09665707047880769,0.12433873470065308,0.07334247601725052,0.1467680673923248,0.04401268966095781,0.20326646281200852,0.1463906280191071,0.07367519822351191
0.03165666978050246,0.0666449650274481,0.03036763298868229,0.04749638178310365,0.09049097576459564,0.04286807495639137,0.5353270523457541,0.11893202924110353,0.03621621811241899
0.03497802061218713,0.04106896420019978,0.01982864772596413,0.14050570794828388,0.08420421406274131,0.4875993063193056,0.028545050478027318,0.10152464372866947,0.061745444924621466
0.0797071434461941,0.08265485913062513,0.329074462094068,0.06660872062481339,0.1261727932965796,0.04608865959377356,0.09354426211206479,0.12235183602122564,0.053797263680655814
0.14167553554191184,0.05383465154428932,0.06411397543937729,0.1526727812644659,0.13633432532117343,0.11493538401223703,0.0335127527607689,0.11152598729162544,0.1913946068241508
0.09407969469873767,0.3778479918514756,0.03730162536580816,0.23151681887086437,0.0893769801132352,0.023352917020346958,0.03508746481244147,0.09585082045206765,0.015585686815023017
0.032721163056827936,0.057929534710079465,0.05853136514763246,0.07562114748552519,0.07255855128285874,0.5523546790142447,0.022684907514486704,0.10891133161736999,0.018687320170974676
0.0235023483535703,0.2039896898115111,0.024653128632657045,0.10229511294430203,0.10948265033447609,0.012647479988545263,0.0311041462379997,0.11491127290514784,0.3774141707917906
0.040497093049894045,0.06706218616650958,0.11538521777053695,0.13492600721764916,0.16221124975044054,0.04261433993805642,0.04583401308562155,0.1485832460293623,0.24288664699192944
0.08293903672713643,0.11724839260309698,0.04531530227116029,0.3690572101325251,0.1255986378498221,0.04132302320961665,0.02826684128173819,0.10979173015179129,0.08045982577311295
0.0535601923875936,0.05161106351557129,0.08382783010488191,0.14124372705349433,0.1393967715396855,0.27315754067874726,0.05299572267127486,0.14864931481546778,0.055557837233283336
0.03203440033750165,0.025169147222889127,0.029472781121955866,0.13558188997991125,0.14226001467488403,0.39853412382117,0.03984661954282153,0.11361031653414556,0.08349070676472098
0.11773463791728515,0.09025340594724957,0.04816812084072228,0.09147103161800911,0.06463524433271992,0.46009505629363084,0.02116629534901116,0.09491262931109505,0.011563578390276797
0.06526998647664745,0.04300071635953715,0.048495943429679854,0.062490251332847,0.11193307440568108,0.08687044553072294,0.3095955706471475,0.12522633465240765,0.1471176771653294
0.08685925387257643,0.15611227025927574,0.10712842221542813,0.11279067111950752,0.09781915931528684,0.25036060347419803,0.029569824769491288,0.1014724709073363,0.05788732406689968
0.050134711751883276,0.016610550731487355,0.01818911234147895,0.08509928369754832,0.0972225731584447,0.5347820170953409,0.026331796022289078,0.11548207649516669,0.056147878706360704
0.020065225263379474,0.0641512563021966,0.026548078796321498,0.03156643959629876,0.07045013828916481,0.6014610304887099,0.019344849489240958,0.0969899793996407,0.06942300237504724
0.06349580770117881,0.11165343914858616,0.09367375883717995,0.13651170474266636,0.20629718793047222,0.10586690746173459,0.07420242022778299,0.15168532725841274,0.05661344669198622
0.21739193013476807,0.17460439083023405,0.049236577328722296,0.051621392306191415,0.11360387765145073,0.2036731386363155,0.034560479476917115,0.11798590311340963,0.03732231052199119
0.08927601111466789,0.2682416060111448,0.03255818375019908,0.11424650291076079,0.11881325637685525,0.05200480422175951,0.13863316980037046,0.1460027561205741,0.04022370969366809
0.15347074190548085,0.17715627321472524,0.04080546107598055,0.26003706010991495,0.09934678373127774,0.0974866126986255,0.03570455656285034,0.09725917595780272,0.03873333474334223
0.06122961683577538,0.12763787910110347,0.021093921569008137,0.08522129102102893,0.07315497975625722,0.4636828085517948,0.02482962000877016,0.09559020310253646,0.0475596800537254
0.04763759354778659,0.0456751345112853,0.03047961647476541,0.03757969919286055,0.07940577169239514,0.5819515569593371,0.029484148318222287,0.09301237210979707,0.054774107193550546
0.04224777226872978,0.013986527841178679,0.04755536176885949,0.07853408489142227,0.09224025178679689,0.5234102006318313,0.05379450836071555,0.09701294955701394,0.05121834289345209
0.02290302597144853,0.10349256567720456,0.0682942786439061,0.19769365246089768,0.19274996910941125,0.1530631732788258,0.06581648924865993,0.13634906849906406,0.05963777711058207
0.050169772588167204,0.11501682650182606,0.03227395119079897,0.2174161824334014,0.14346308198856472,0.04593273501514413,0.03729491721450762,0.11851557799040564,0.23991695507718422
0.0749849118650507,0.06983711104362698,0.05718386926161236,0.17671683934002322,0.1726569835627909,0.19059921598949658,0.05838366886618471,0.1390786420842836,0.06055875798693091
0.04734844326713141,0.0803843089716789,0.11033961614266846,0.10013336757354045,0.14225376630635742,0.0350973808828553,0.24515796346772678,0.15278705908610704,0.08649809430193428
0.05788545680006254,0.12674989894993172,0.03466341886601465,0.08668927509325969,0.08717857373786729,0.46588122935134363,0.020009250602971363,0.11551090898048855,0.005431987618060473
0.028233046630819537,0.05381689031085363,0.02458737133223562,0.09003166769798317,0.12117004210083293,0.47618808694808035,0.025253609179360748,0.11714226957310318,0.06357701622673079
0.038539521905282224,0.08132593144431004,0.052330499259444864,0.13245587874368484,0.14317669627701882,0.031006585215823567,0.041155535835978474,0.11731139313675416,0.362697958181703
0.042993645804507014,0.1356150991157313,0.09091497213662623,0.09291741235750285,0.17815305276931667,0.04977261826902051,0.07020985078632873,0.15572010066744513,0.18370324809352154
0.05712373592459085,0.1959928275544046,0.06604195098404765,0.14345227760816215,0.18582786363790801,0.02950153594120918,0.0895258493182949,0.1523210968733997,0.08021286215798289
0.059617805437672054,0.017043546075250875,0.027194056884298445,0.16677097212542977,0.05039633280415253,0.5225488151112272,0.0194740409947575,0.11465776928817635,0.022296661279035315
0.14107585811137272,0.058159042985037136,0.01881257549361393,0.09355719226214282,0.12619826681976995,0.3027722799745789,0.039283744928282016,0.12654064414472735,0.09360039528047516
0.029242322126043715,0.06411664653659922,0.018865331429855314,0.3010067514088107,0.11876898413838366,0.09444495159873195,0.030731562161585138,0.10980081594995295,0.23302263465003736
0.08809077216105082,0.3835996576515662,0.0702738585718009,0.13419958164367768,0.05835157128866416,0.13736392874102524,0.022847627780019697,0.08024000797776261,0.02503299418443262
0.04695180031691765,0.14669836540206838,0.08594278711122598,0.058754814743135854,0.12856844870600112,0.04528192959691823,0.26626758363090586,0.1484002649726375,0.07313400552018946
0.08266202088475624,0.13516911534061835,0.14149884703307503,0.0996807749829478,0.16297688979455802,0.04376174287201606,0.06925754120842381,0.15448321261070017,0.11050985527290459
0.04984900284237757,0.07354690915411359,0.03634486103098595,0.10833311145190531,0.09013834992429197,0.439445401563507,0.029912338723758935,0.1068049509520496,0.0656250743570102
0.09372486125587494,0.04119355098153412,0.038670540042671876,0.13229386872298238,0.08933271286554939,0.45212214498452025,0.033266480913570706,0.08937320878948433,0.03002263144381211
0.027390444026852413,0.048249146527528826,0.11796281801691276,0.03359518669262777,0.07886938783738623,0.027159770059466227,0.45160718997825916,0.11182856383995332,0.10333749302101336
0.01784492335854066,0.053326100960265355,0.48290078837012124,0.028076897530643158,0.055848065033873386,0.024586622674380804,0.07464515706143639,0.08453862521226853,0.17823281979847058
0.027840283277903385,0.023327051714845375,0.029619850311375307,0.07237293210366467,0.08481979710401133,0.5996288293340408,0.03221886390333235,0.10812516173913889,0.022047230511687787
0.025663833227226842,0.03575166652747704,0.1335418456972763,0.03921767352694027,0.07594462439138312,0.02805147042362922,0.5249228430417937,0.10904970603331643,0.027856337130957063
0.028372163065495063,0.0653048182652184,0.05414144735723947,0.04162390070875919,0.09035292498033302,0.032184714075437444,0.5622135074382041,0.10176707780298995,0.024039446306323445
0.17848313982319566,0.044140258309568775,0.02671315534702255,0.11945080328875472,0.07375020450919097,0.40050486659039713,0.028446296212468775,0.10152299732199103,0.02698827859741042
0.024660622932591063,0.30765200233580453,0.042293760236059776,0.07794048156454865,0.060684437494548056,0.008298147289277023,0.0277680364111678,0.07645347512102729,0.3742490366149758
0.02998481087237469,0.02961389554629387,0.01981823642386414,0.18989146949018235,0.09283060859949412,0.49335454206918866,0.02440046836248708,0.10777411258794305,0.012331856048171977
0.07085550899825556,0.06569913020863004,0.05549010034329845,0.16531353113138703,0.08086060634086345,0.3871093543294311,0.025182958043486126,0.13958196183226299,0.009906848772385117
0.028488724119921493,0.08539814994467937,0.16415980981241884,0.03280058089846511,0.07745255680276737,0.034947846866897996,0.4396527701726263,0.0967422734018701,0.040357287980353505
0.014676426872152974,0.022284242692022897,0.025220992771842324,0.19411211702978284,0.07828115991785543,0.5206251932134786,0.023385852687168012,0.09128679942756453,0.030127215388132293
0.028069466156458212,0.09630146992720286,0.041187369013353646,0.17486180363048964,0.11628417380202372,0.3543302894226829,0.03435340891022526,0.11556869969031397,0.03904331944724981
0.09881241233042477,0.034604819637966515,0.015151706878742864,0.08548707140189642,0.08276296803274118,0.49846466657342353,0.03454198782787915,0.0900076882412386,0.060166679075687034
0.040324571556093446,0.07082406709828216,0.037576666664509185,0.15316912516318845,0.1379821542705412,0.3344212887647125,0.037280985217285886,0.12522902869696528,0.06319211256842183
0.031049863542381678,0.05023816370644119,0.07051567067121366,0.05458373776028654,0.0886450174430962,0.057710761719074154,0.5160471370281109,0.09234336631729102,0.038866281812104546
0.09167520084778831,0.043235868469000655,0.0390953188844142,0.07024626220682843,0.07390973682382618,0.5125870021290241,0.028798636501829147,0.11569412851801497,0.024757845619273928
0.05405277053624765,0.18750199058375674,0.08743943138725385,0.11519817975504072,0.17466875428061415,0.03414545834617396,0.07368340855601738,0.13166270040635672,0.14164730614853885
0.040261939579729455,0.03768936598659673,0.037359468901386084,0.1430174117366812,0.09437903905216305,0.39897724030728643,0.0317324111598609,0.10170827690649431,0.11487484636980183
0.052194140046875094,0.057740417353451166,0.08935164650335987,0.10273996208536518,0.13792904622824584,0.33011849733660414,0.04393048229918969,0.15125515800030007,0.03474065014660896
0.029146627440627598,0.05652611970024827,0.22148639855034272,0.036442261312357095,0.0822694323296523,0.03407591826486835,0.40374420683174456,0.09906443836723788,0.037244597202921205
0.05332190186049931,0.08423775496797847,0.06663909075388869,0.13315467234969133,0.14546801181705993,0.20574118196973581,0.06895288503335434,0.12382215266663388,0.11866234858115825
0.059480333643667706,0.05023953229964149,0.021555066262774907,0.07437442531212408,0.08269387266985914,0.5596338936842845,0.026998742894480166,0.08101544606662618,0.044008687166541736
0.1239877595628363,0.07798473797150489,0.15014949515150203,0.07514934714529413,0.16216126869455227,0.054486745770005764,0.06842830139790494,0.13652780613022802,0.15112453817617158
0.11307084660132062,0.2496607902007587,0.044145120189950905,0.18913310652908696,0.10866977457471409,0.077738967719732,0.02699404547053516,0.10378941229012806,0.08679793642377343
0.3198872717024186,0.06073629998911926,0.08454678171875389,0.07535029864270576,0.14018341274964427,0.03697413923807456,0.049263959969495064,0.1285471268126203,0.10451070917716831
0.04422688151597611,0.05864635562185911,0.06646783815388578,0.04251674287752114,0.1089524518680139,0.04038939878932924,0.4334176734258525,0.12756088432177096,0.07782177342579126
0.043388107690866616,0.03616937726249964,0.025654779716959175,0.10769071531127188,0.0900640694122699,0.5264488288951458,0.03626432585796268,0.08971899033869679,0.0446008055143275
0.025869916753370175,0.04857339857282317,0.029444791100447332,0.035669664926254396,0.07670919046678665,0.032212006630664314,0.6379299800007785,0.08757336782098814,0.026017683727887254
0.09987791316476398,0.13197433113245052,0.07709145175621948,0.16130941764721987,0.18136041995669475,0.048633585504478015,0.09780285681591977,0.15469481032478552,0.047255213697468025
0.048142861997283216,0.030117423468387573,0.026013337542918503,0.08841790461816586,0.09847624868243814,0.5171284845283237,0.0317938880795608,0.09726057727435707,0.0626492738085652
0.041284066445785056,0.02477840376116264,0.01306037364671665,0.08681785037953209,0.06160994855502611,0.5816557353817648,0.018247841261936747,0.08431244987553381,0.08823333069254197
0.05257124311120274,0.1840937658968095,0.04675612856628133,0.2802668356892187,0.16393271892942005,0.07372873813797277,0.03504889434895094,0.13686325301545468,0.02673842230468924
0.05314275717016841,0.07204991633611157,0.0245625104257137,0.13211860958989566,0.1080256522007645,0.41683962739406955,0.034916578571126435,0.11848262721756236,0.039861721094587715
0.10131477579180699,0.11617216442418381,0.05121753537375778,0.17859089342641632,0.18449430558005883,0.09527413589382684,0.06047088254282514,0.1401362955204588,0.07232901144666541
0.07928010572375142,0.1950307412463563,0.05060747139251198,0.17495681521826753,0.1465893483052407,0.1238566518298857,0.03993787012629567,0.1478300123389703,0.04191098381872042
0.04444933876902274,0.11854090302959734,0.05399742342804861,0.0604156578796885,0.11259322653359942,0.042494691082995896,0.41407611379736026,0.10909874020678112,0.04433390527290609
0.14815813271746814,0.15762788804243788,0.2597133744936534,0.05922196902037576,0.11038973262976809,0.03509207459823446,0.06396844036734912,0.11532930810360158,0.05049908002711148
0.05943849887053596,0.07229727126058767,0.07308471727860316,0.06103822131443983,0.12799736457548963,0.05188285507367233,0.3658178864935286,0.11476861101810727,0.0736745741150355
0.03710708643840933,0.0581377357813788,0.02338522516970395,0.12709976565887848,0.09992203093228579,0.5046750634143992,0.02965825737845587,0.10678321078929674,0.013231624437192079
