0.017167974309530928,0.4912100803121948,0.27629648051742955,0.021008142838168296,0.011507663918288369,0.08884406077459428,0.049661842198144214,0.014898005252276766,0.029405749879372695
0.03335310372310386,0.07854640573805553,0.04429038128802928,0.09077089245339605,0.07473843524503514,0.030345351173545632,0.1476955133745387,0.1251186260380948,0.3751412909662011
0.017927422369165724,0.5748279821289305,0.18263759724467743,0.01941461779494456,0.009342191127536729,0.08894796591217553,0.05868345389766364,0.016961336431968486,0.03125743309293747
0.04371249392506402,0.10967535856128437,0.5282169266491149,0.037923313674654346,0.0356770007306642,0.07348700023907671,0.08777537124066039,0.028518980229767444,0.05501355474971368
0.03488699264278519,0.452182181984754,0.2133637948602325,0.030216506679246028,0.008073953926318133,0.10042616690692602,0.07426882121701923,0.015917392142055464,0.07066418964066344
0.06788830491947777,0.0062347949666645254,0.03919012482783049,0.04633004149376718,0.02716822488822071,0.3931903459744916,0.09950801315446774,0.0770338185823179,0.24345633119276208
0.03294864055908272,0.3542033829207392,0.35270469022316836,0.021689931371227714,0.10057671109201653,0.027822453164098107,0.06025313477186504,0.01791018455229731,0.03189087134550495
0.06206158143001881,0.42000825088394467,0.026564693285831168,0.1613025789646242,0.05068803652195059,0.029308874448926756,0.10827138120034156,0.06767298873798096,0.07412161452638134
0.022965786858648835,0.12942286907833245,0.1095926760283165,0.0872749942440219,0.11819825656672035,0.1673676550029276,0.10289238353168549,0.046413015103042625,0.21587236358630424
0.023788549849008578,0.06590355414811117,0.05924642990699371,0.05548899261273917,0.020001647279076815,0.42423529244007313,0.10445719551941439,0.05773881989122429,0.18913951835335882
0.03161499726655998,0.3917206985892705,0.35752405752248334,0.02955259131283743,0.025035848657170456,0.03406448891378707,0.07075777903945697,0.025577417682678332,0.03415212101575584
0.056246197612558585,0.04735013098442773,0.047387259266986136,0.06096454627556292,0.05441782169712705,0.025519647367470658,0.15894845121085882,0.1370112625660852,0.4121546830189229
0.057167868549292365,0.2933991032620034,0.3094050337565208,0.03642878045702172,0.060906309221960976,0.05425169812818128,0.10368902911812705,0.02783768141006609,0.05691449609682633
0.6045704595143295,0.006738420347379002,0.028925309009112363,0.023287646054401475,0.02799387655915458,0.0660033561453098,0.0691217322459715,0.14423089567015143,0.0291283044541903
0.11746397052811074,0.03313728538116515,0.2823266804812752,0.06533167756774767,0.06279787659683567,0.04681075627896971,0.22660498389365843,0.13488637577906684,0.03064039349317067
0.17108531064690893,0.006878780944631527,0.042602135346247155,0.155205777689883,0.045154773694217776,0.16302392097255256,0.27660663525728685,0.03204461990168463,0.10739804554658756
0.04168645623016156,0.03794564095004424,0.03525687544931108,0.36675951636144904,0.03458075499517246,0.13871763630496323,0.24898164020137434,0.04953473199863078,0.04653674750889338
0.03374152659068919,0.3661116561931004,0.0752013631064946,0.06003097969766885,0.2261217933250518,0.030651643324138816,0.09770957205705082,0.04788960545210871,0.06254186025369687
0.5552822826897601,0.006496938577547964,0.024019355544904485,0.02771091560595652,0.024102260501680777,0.10649307881434451,0.11668752623866414,0.021762816982597855,0.11744482504454372
0.1315818114132375,0.07240300179486651,0.04989211453743101,0.04660413135900887,0.02965722791663931,0.37602559599454716,0.11733927306077517,0.05704113803662183,0.11945570588687261
0.09711123586447352,0.01701075479376225,0.16587234508476065,0.023734675114003123,0.5551883989611867,0.029393062973334286,0.059706189979404654,0.02100854951106858,0.030974787718006297
0.06025991677600003,0.0678823267078717,0.045887455056796915,0.08298612710569424,0.0437529005727966,0.17079732283206253,0.13063928658071827,0.08334216774616272,0.31445249662189706
0.12091011156786528,0.08241411232665742,0.04119884935893001,0.38843825752767147,0.04160428973800353,0.05237304468648407,0.15141151911060824,0.03655485436946698,0.08509496131431304
0.044403799515503606,0.20231121086575898,0.04937496998149765,0.06574163759692873,0.05053673755927308,0.0370360709466279,0.1382721451828582,0.030102911763936684,0.38222051658761513
0.2376313669078741,0.0153029272121046,0.03244740334177193,0.30601379185542005,0.02190939682010688,0.06872962277000456,0.05949468914272343,0.24892909886174577,0.009541703088248676
0.21543406601458606,0.023217577260693522,0.036971715338960764,0.1531659776511558,0.07946591158316497,0.03555331778600726,0.1182398051164343,0.16446213719427916,0.1734894920547182
0.057633426293737244,0.033852623680799915,0.043380767801302594,0.1460809600851877,0.05935965010553191,0.07600641800535889,0.2834147436721867,0.05576646073705485,0.2445049496188401
0.5224222363129662,0.03253284815633272,0.028819301676186338,0.13438531621505592,0.036299738441666715,0.038630914896948663,0.06530232743947813,0.1155409793124768,0.026066337548888454
0.05603547274982738,0.18819207102010407,0.26625855706423734,0.03783117853014107,0.25033757353920955,0.0596510485878203,0.07908752382138548,0.024791905405468467,0.03781466928180626
0.04007031276662157,0.36613808263928527,0.2438154148521121,0.04083486028315269,0.048178383464817814,0.06974457954140648,0.10341654643982608,0.025017872176087624,0.06278394783669032
0.04393154702479914,0.4659701412010677,0.11774673014558242,0.040043410336250085,0.1322167643579101,0.036985981113586065,0.0650669731566383,0.013170200145059508,0.08486825251910664
0.4578317758290365,0.020288993010887272,0.025484859382373642,0.17192985311508932,0.028436420929557896,0.0627728906781177,0.057967281954237004,0.035940281451303215,0.13934764364939745
0.020574133396809063,0.2144126390219264,0.5346485475563042,0.021970305118980304,0.09434372184526996,0.01786347280944582,0.049435331209146505,0.024297310352453486,0.02245453868966422
0.12304626430022797,0.010269569954866773,0.030183913404624823,0.32624896105770046,0.04991817859502253,0.01939233042247962,0.20450920833869599,0.15184666236865393,0.0845849115577279
0.028351308329847804,0.39926931839920493,0.038472727041746514,0.10765235027224286,0.0299738850051931,0.08946743524868304,0.12340966605983912,0.03812299076092012,0.1452803188823224
0.07062398591189868,0.06856733007620495,0.04542476497321044,0.10198974428835472,0.07837441748331668,0.1373397388408283,0.2976843864201126,0.09501260246340375,0.10498302954266986
0.0356322733364221,0.10334075586855573,0.033528012739749535,0.19510037783801137,0.040148200390054546,0.25261013107397473,0.15824492268533125,0.05083834758287911,0.13055697848502154
0.092291905256837,0.07229648133115553,0.03635341207529103,0.09714645673240084,0.18847433817926063,0.03521577464780152,0.18153156582129523,0.16540610906093536,0.13128395689502287
0.15298132193040861,0.00044163459997733045,0.03467363843116892,0.3961174923355202,0.021694904444053312,0.03581394164783877,0.046860731879416063,0.21085253331646311,0.10056380141515377
0.06265948342671952,0.23595544131889434,0.0646920550770675,0.06325765165278785,0.2806480003072888,0.027498450417984526,0.15221470342696197,0.0510628993961772,0.06201131497611829
0.0683296201456779,0.014388999335419511,0.04046312674455424,0.1602998007312055,0.032383425387735205,0.08271485481287137,0.10573363475356783,0.31505728486817614,0.18062925322079226
0.044994600768307025,0.005062846733595742,0.36697204343568085,0.05549093000616067,0.3350952226594643,0.03588604872428846,0.062381529973150086,0.03929179557280693,0.05482498212654593
0.08456755984419347,0.1660164819617468,0.05476485480413826,0.04576414592912387,0.12973818763886538,0.040379173378720434,0.2268249096459405,0.08314902259745625,0.16879566419981504
0.08841959942326416,0.048069683919395985,0.026372553393077185,0.259736236797925,0.18007860709417267,0.006315713093724591,0.0855716490463933,0.24521356116641066,0.06022239606563642
0.06568553000909906,0.16754479923155716,0.04660395633438528,0.05474942176226357,0.495130867099795,0.028658332405441873,0.06907013911860034,0.016169778739873096,0.0563871752989847
0.05478662728368322,0.5148971726637029,0.07020197129782672,0.027872275005517602,0.18725269051730994,0.035468482313838305,0.06396891625728311,0.021961628848481903,0.023590235812356364
0.08003325158450847,0.014276253115543881,0.03498966181213494,0.11079721312202089,0.03997583761954716,0.3615030801940043,0.13077089073196352,0.06637370513163418,0.16128010668864265
0.03208674454054752,0.189181412025808,0.34106424802806706,0.030682076558890145,0.24133241625025073,0.027622563741418468,0.06768148786143345,0.024562639009456867,0.04578641198412784
0.49436250429365286,0.0726139801069,0.044854021222226044,0.03508504573204371,0.03237982484201384,0.042585824747882646,0.10713555157761516,0.06856123406251739,0.10242201341514827
0.450796875568136,0.037879208637493486,0.0594623172094764,0.09162038549829259,0.06372415490715666,0.06508210945703723,0.16833186050244334,0.03693900455170534,0.02616408366825888
0.07604654118281243,0.02860041237218469,0.09657071891635517,0.06568902302983003,0.4761586333958611,0.05109547510071628,0.1311999394399542,0.027154525377292727,0.04748473118499342
0.08945998693480282,0.104235670553056,0.03737460815292274,0.07861700185243996,0.0648315926657449,0.014719278744405088,0.08884053227477255,0.4704387738134599,0.051482555008396026
0.3910709499806053,0.035752137230751324,0.05301314171495974,0.09731063806279701,0.0408179216745636,0.06644902214361456,0.19354093663861963,0.04553534690204366,0.07650990565204514
0.04889367807668818,0.03818429781941751,0.03337482886219828,0.06350420792486579,0.029128186295073893,0.12958770746519602,0.09746238144210383,0.24296121857492037,0.3169034935395361
0.04441353311735249,0.2181262154064425,0.03296446463585386,0.3686745527461606,0.044841364975389986,0.04395101347398691,0.09704074548093412,0.06614804338033652,0.08384006678354294
0.36405827571128047,0.0432862434025755,0.03343315950797981,0.15190647551466288,0.03873009675542746,0.03484220534288784,0.15994024072376936,0.06358505075152891,0.11021825228988764
0.08337771256571529,0.015053157296303965,0.03173912439184357,0.04754128665493109,0.021098215479652568,0.473710155934237,0.11410720257942268,0.1471526007951976,0.0662205443026962
0.16950183673991556,0.012488043376127474,0.04185343844899506,0.06757236923553715,0.06594944882654001,0.04925957999768074,0.2829194026352068,0.11234157973390006,0.19811430100609725
0.05044534552465763,0.19318386358681874,0.043268635686152156,0.12149993159893357,0.03836351122434138,0.06849508866724165,0.3870924970914487,0.03780832957627775,0.059842797044128426
0.040006989790661335,0.15954931697877792,0.14582994981291633,0.03769557563954095,0.3845374874924774,0.04044451517633533,0.09377105997946394,0.027497897049754184,0.07066720808007272
0.05234577051986222,0.02865301709735162,0.04768185511808191,0.09703813361950697,0.08162243354941671,0.015135101365063424,0.11668075505988122,0.40222597286733447,0.1586169608035014
0.03439627205052076,0.32663942546546815,0.3298500687818517,0.022873892446768518,0.08776160556461575,0.06720077324869769,0.06832560813603464,0.02544293889005107,0.037509415415991766
0.026388991117438268,0.4432982842222685,0.06948652948741295,0.08635476745765162,0.015334051519548331,0.19751337223969423,0.08591148993581044,0.03266968885960818,0.04304282516056751
0.09523377421025585,0.08495027819805517,0.043873492397004776,0.1797518467928569,0.04400767021135896,0.09101374284597412,0.22985681244457243,0.10227786890796153,0.1290345139919603
0.1385437434513909,0.07338022997744194,0.03981637559069779,0.13888061146351585,0.06235409796994118,0.060238208709065176,0.1212492363181817,0.2957631462871416,0.06977435023262386
0.1794554497974115,0.009448017739876857,0.036148760460568044,0.23902527191083878,0.02242631844827561,0.3376847426520813,0.09611805318109701,0.040515792076618255,0.039177593733232624
0.10924702151047483,0.16320754187951445,0.0323475701425815,0.06972360471202081,0.07256609984956701,0.026520212124092005,0.260965351888449,0.1026466670857148,0.1627759308075856
0.0409822508934096,0.543975433612668,0.16469719922515835,0.0318352829063319,0.0574635549711899,0.03033421693953175,0.06431894451745672,0.021925200278097818,0.04446791665615601
0.041428635357107245,0.08151761466789433,0.035285586289090426,0.09899687468577163,0.04933849761457382,0.12470689786366419,0.25578362566835,0.08726167435937122,0.22568059349417713
0.14929401003122741,0.08128353431630185,0.19617413942455886,0.04309239501287473,0.2402992839339951,0.06291126824012348,0.12498801933731851,0.03423066640273068,0.06772668330086941
0.0913630049970206,0.11884419041684412,0.06511947413784404,0.09310428575124717,0.07968713150832539,0.06314138024946471,0.24084712637020855,0.08864370420152827,0.15924970236751715
0.336286492724454,0.015073791317522981,0.029059273289352112,0.056298517418389,0.03512422520465611,0.048541611350258536,0.13188558032759687,0.0677784438319257,0.27995206453584476
0.04891710353531906,0.11836371834453818,0.04074748227112401,0.10886721470145193,0.05198081333614402,0.10169187881168924,0.14482649587989815,0.2743198647638698,0.11028542835596555
0.02626369111886843,0.14542718070319774,0.032740451144346934,0.05422784383800373,0.02670327992392983,0.10129837086549376,0.17534194634784464,0.08931383596826792,0.348683400090047
0.029749956868564745,0.2194128039725832,0.2582517405059905,0.03094570738838845,0.2965128848710081,0.020407982730232185,0.06954285059642426,0.022180841396396367,0.05299523167041226
0.5543727755960187,0.02488693049526593,0.03217999891037967,0.02700725539826092,0.03728212431752852,0.06551171046212252,0.17284523540079513,0.07497391336135563,0.010940056058272996
0.055217657859088116,0.31037163239390325,0.2660952179580414,0.03975077576527545,0.07982381024266044,0.02921602915053893,0.10239586302024267,0.041010188050775886,0.07611882555947373
0.10251108259099993,0.12164931137690853,0.07210382945931458,0.037360154426376434,0.049074666131074696,0.20593309100772225,0.16965939221957935,0.10741570949192014,0.13429276329610412
0.08280676734719666,0.00982164992029933,0.03277650127273855,0.49269894683975995,0.03680841628831956,0.09286305662561634,0.14028717111640276,0.03613321460539034,0.0758042759842766
0.28203874287813985,0.0633064891349626,0.18648545219204574,0.03196707535951885,0.20792464127047183,0.03972965789978394,0.10679323384066719,0.028753720281292666,0.05300098714311732
0.03682831500880034,0.1953647545525213,0.1180991246764973,0.10679106537634682,0.016150215465946912,0.1987229593363682,0.16817845074903803,0.038203308373688134,0.1216618064607929
0.006785727668841747,0.10859269878503379,0.04697115684638026,0.15610411951383876,0.017116444104055148,0.3096730613321108,0.1792736657106996,0.10906899146175968,0.06641413457728022
0.5980987125465163,0.008080942948801807,0.030703789578878798,0.0687299161962823,0.023977329087343093,0.03757793118742229,0.06644502567347328,0.10594244447604177,0.06044390830524036
0.08785465952751963,0.02116856816721958,0.04839989157152575,0.05157263156632804,0.06821576558430381,0.028140015551881777,0.1755115562402496,0.24321077246109937,0.2759261393298724
0.20596827599692957,0.16684153749209588,0.1333034595688201,0.0812823905744122,0.10733378907140022,0.07138429815526014,0.11279665348942824,0.04363655966646248,0.07745303598519117
0.05704998969044143,0.46597403735397586,0.23470982478621805,0.02335799318676199,0.047491215715854414,0.049178500895526465,0.05245492627306203,0.02199013099843052,0.047793381099729214
0.040233208565006076,0.14737979080516994,0.04686806732250228,0.054890592923640825,0.04093543411747949,0.08524043934909786,0.3402290057144566,0.13495811709502326,0.10926534410762367
0.19224521241949952,0.22069577813586103,0.15527111396225646,0.04626807458563422,0.1118987456184302,0.05657045195254697,0.1119168931131486,0.023853171640585785,0.0812805585720373
0.06878362680342702,0.03486730486194772,0.053869695967160264,0.16799825519360256,0.06456532290778688,0.1834699081871282,0.23890076022293102,0.08947568200768512,0.09806944384833115
0.008374207442371927,0.1335457927870238,0.5859271461326204,0.01970514810526892,0.08200499374969016,0.06144473386766123,0.05207517226727715,0.013616987001564801,0.04330581864652153
0.4247024371883952,0.02181904995977302,0.03632196655779941,0.031093342424487247,0.02835548551250597,0.09714558618132545,0.09107010215827575,0.18798509439870362,0.0815069356187343
0.13009715272189906,0.05606892753455813,0.03691402331410429,0.24614711933553488,0.07040531763123788,0.028830972211960047,0.11165329682840298,0.10401479463243209,0.21586839578987063
0.1620484214612243,0.05809401498823086,0.029843663515482174,0.18215095604724527,0.07227252216031832,0.008799707469885709,0.08411208659698223,0.18004102334147934,0.22263760441915173
0.22555945542893704,0.02663211619666832,0.02904848848152289,0.016038846582057873,0.03372393746479722,0.09158379984532304,0.0985852786419648,0.30893689947326436,0.1698911778854646
0.0442546089280492,0.0820573541168901,0.03438958061255902,0.2739430846422947,0.035011303865191044,0.09910092430513585,0.18516426281932272,0.14891530433957137,0.09716357637098594
0.4815247572417554,0.015705856520758028,0.051608708258909695,0.03602711403692471,0.023613497887711485,0.11325031008314775,0.10438366780188936,0.07126759162287676,0.1026184965460268
0.03485352396462421,0.09009346520574961,0.04721447974891029,0.17060647079989946,0.04532605820167413,0.052893446019384734,0.07377521114854228,0.467835219266934,0.01740212564428126
0.25718621464455216,0.005379736929251789,0.03209813548531427,0.17264197081174323,0.02479800567931234,0.3276650246854695,0.09787663298031858,0.027001936404290095,0.05535234237974802
0.07142947180206771,0.14883969861250781,0.06816741176242454,0.05117431061870972,0.12942914025787017,0.03645550428699104,0.11988368833914165,0.046207578935720424,0.32841319538456687
0.15664843184647279,0.12343535846197808,0.019209998567172638,0.343515901654139,0.06978508958954195,0.036054399554156166,0.07772215645587509,0.14258437924130216,0.031044284629362134
0.026895729132126792,0.562031592045734,0.07010310932124826,0.050430480712251535,0.07772424104957111,0.03126485336464038,0.07078950166267757,0.024988166943783186,0.08577232576796716
0.06610856390827659,0.10218198822462014,0.06406525440462736,0.07608823181136667,0.05331009178636601,0.1711038791659137,0.24610146820975407,0.05279458209896318,0.16824594039011223
0.0421089504312232,0.03138013231051016,0.0314770265153018,0.3261255330714378,0.034753990918090706,0.11326952875083425,0.16375811058151532,0.09939589339831444,0.1577308340227723
0.12622316998977692,0.16953050610920306,0.12563883697266862,0.11769787329218485,0.12958773744617075,0.053108263922299455,0.1604086340346301,0.0469663045604952,0.07083867367257113
0.08479981082469894,0.11270812768902698,0.0651065138018003,0.10502822869564633,0.06386368144590193,0.12771323239355212,0.15931520824886064,0.04316259766846551,0.23830259923204725
0.06570535498084659,0.3151098184742776,0.27403236321340807,0.027855510904131704,0.14504467215482336,0.03521392387620131,0.06472857441954798,0.02450922169953691,0.047800560277226546
0.04835851503002029,0.4911774797476174,0.18159536304581061,0.026678449809765106,0.01920997066832439,0.08521898933092042,0.08839914183838511,0.02621279526341234,0.03314929526574431
0.06706154165534052,0.05327339912036707,0.04794085119064789,0.17035904019912607,0.04739236474123021,0.07071666525527372,0.18382458267851218,0.08811847595815957,0.27131307920134284
0.10012623471058851,0.049576351639793494,0.05617673130653752,0.12027714591439422,0.1883382804959666,0.043509281086981606,0.16585692889814987,0.21737189366341805,0.058767152284170183
0.3668121773765766,0.010359593239985934,0.043315920566041215,0.04898819709449657,0.027882253979829016,0.12005935015565343,0.1184830544762709,0.027879787146352236,0.23621966596479413
0.18097951758430586,0.22079275549039404,0.10482478249797873,0.07627394254485108,0.07443577035910325,0.1312119316547065,0.11207140862734845,0.029892038950131705,0.06951785229118039
0.1570558678120755,0.20740460006078712,0.16052739660725146,0.05909477500835756,0.0808150019409288,0.10325334167209248,0.13257460452477596,0.034201542409011236,0.0650728699647198
0.08688415602203935,0.16884157515989617,0.04580923058752964,0.23499206522316315,0.07024285031543663,0.02686257018244619,0.10833812867824717,0.18129542694624878,0.0767339968849929
0.0486103262260519,0.11728282965483434,0.03703289159618465,0.0796198561401588,0.04151547466291338,0.12138544053791768,0.10920976537297811,0.08807203278929016,0.357271383019671
0.057837005777629825,0.10433247819661311,0.07939483654519246,0.02598223460250747,0.6003177129521563,0.022623012900329337,0.05964391830863564,0.026000400400093923,0.02386840031684187
0.5959101905820748,0.002153874899050423,0.023883772055919236,0.026228716338773394,0.024246584411066124,0.09720582700020432,0.0837149082069254,0.07842284880684332,0.0682332776991429
0.05228375706946153,0.033791595333676254,0.0474536414817835,0.024035619004167178,0.7066333300473243,0.024676877685877147,0.058962397445679014,0.022084411549241446,0.030078370382789533
0.044868776886504924,0.12880172653949973,0.0444712663511914,0.17595961699374715,0.03591309365313269,0.0659724037715038,0.1835554327503632,0.04456683242155613,0.2758908506325009
0.05663057250922543,0.19633002028839672,0.05722808923305723,0.09331136400645995,0.042504354469183,0.10135157581702976,0.1945579849807628,0.04273172195707323,0.21535431673881192
0.07313686300012155,0.04516454895060054,0.051487909786002796,0.07768783310927047,0.037322814791973635,0.21025457335760203,0.17733229822921218,0.04832231429972663,0.2792908444754902
0.06581841814441217,0.1440892142544016,0.03578989489754653,0.21297967150249422,0.056352031083284675,0.04324202001421235,0.11363571144859201,0.29953412515951183,0.028558913495544607
0.04647822127317904,0.037888287563988786,0.04866882646005958,0.15512302399389002,0.05128760864003506,0.16346186846363722,0.13282917626402171,0.2543626800978193,0.10990030724336929
0.06051577890154422,0.39383626964043744,0.038256838066850915,0.04376025080358386,0.2615931954379644,0.029161829134055548,0.09129739522535747,0.02401860214056228,0.05755984064964389
0.2624503946799457,0.11304772311428025,0.06628711151909199,0.044749728800305665,0.05574249814470322,0.10275283574628213,0.14707235802608296,0.022673872573908016,0.18522347739540013
0.07780842090997622,0.026092550132072848,0.03079412928022993,0.03341430261888325,0.645708453374998,0.03226569344993609,0.07910912012707129,0.025159633781382657,0.04964769632544953
0.13506337910549113,0.20644485234366497,0.04127892259059812,0.21958183416772822,0.05464766292809497,0.04582218762709933,0.11896557370448463,0.13767136458240647,0.040524222950432155
0.0409984184652506,0.10836141703506935,0.032524100143107436,0.3334206206239478,0.05088283854338949,0.015041020111140592,0.24572017953087885,0.15351636997758147,0.0195350355696344
0.07644964796248031,0.39834633315610035,0.03682835470324904,0.0251452748963092,0.2672600026500402,0.024346572779543763,0.06800229310791929,0.01711280482163118,0.08650871592272669
0.41604609829600164,0.018691012428158155,0.0298279164862469,0.01491863616975705,0.019395399773640135,0.09595845726125114,0.1070020642520606,0.27536380042125114,0.022796614911633276
0.4581522390448573,0.013201495679464178,0.03215869453468056,0.02261149966908883,0.026437275222067874,0.08774702546965969,0.12273877955137232,0.09471833648648838,0.14223465434232088
0.04460151093768338,0.43696254226829123,0.026760165211151543,0.135548208484185,0.04778507677073215,0.02404425978078945,0.10564883131778058,0.12131104500059457,0.057338360228792205
0.0271379890448042,0.4516126349216612,0.2887386745819581,0.025877217058472863,0.06421393584822126,0.02687431773264694,0.06037431043837152,0.018308069786004227,0.03686285058785963
0.2271051359982055,0.17118107710761424,0.08098918946534589,0.046977745615727325,0.2644363625813575,0.034919603971826606,0.08827101335290627,0.03669957675252828,0.04942029515448834
0.12083948719427247,0.17388828812137555,0.14289107170863866,0.0613574838732851,0.22223395698463497,0.05077047097707493,0.09616589888911693,0.018508702655999628,0.11334463959560183
0.08653115927154803,0.002290306106366739,0.2573725013632752,0.15311477604941615,0.09672657854241373,0.058678550849351696,0.0683082463447245,0.24698993621068008,0.02998794526222391
0.024422701621660298,0.4628820447707498,0.27241861713696264,0.027656243270773945,0.008695707461936241,0.09271495052662553,0.05733823980776364,0.014726395866924624,0.03914509953660328
0.027373999529351878,0.48877859583304656,0.047222726164298325,0.10410189260250065,0.013794418034339168,0.14753103267704926,0.07727546640761626,0.032333923242132356,0.06158794550966554
0.3302067671524356,0.15220286336439748,0.13196576976129581,0.04974839710989348,0.106923971069756,0.052613811912116025,0.0897733152285677,0.035656456488139664,0.050908647913398275
0.08527948635027682,0.051293160587606274,0.0458992058072853,0.14512468271911763,0.0416237572992408,0.07065609153563385,0.16929072303056045,0.07604457940836039,0.31478831326191853
0.048938507417288786,0.22866324587003875,0.034070991941590946,0.1898060867755318,0.03211337600557507,0.07319136982363933,0.14816452401147664,0.07834961301276865,0.16670228514208998
0.6364094841718023,0.009532655149818119,0.032051810293352655,0.009350298270892132,0.01874338558363364,0.17549736495123192,0.051029983872896555,0.05182479545474642,0.015560222251626017
0.14486403198599376,0.02358663829794172,0.09912414411665527,0.13145561273408515,0.12715924399504433,0.06947351358005088,0.20217371973012177,0.08014662661691686,0.12201646894319025
0.2657002463739466,0.03113633362670008,0.19501913841176144,0.11321202694382489,0.028015143440922097,0.15163558371591693,0.1358541356823685,0.008128938057702326,0.07129845374685716
0.019991389200388763,0.3708134203848206,0.4693128893218452,0.02078811514530799,0.035203620009425146,0.014893366297833515,0.03640480137496123,0.016628464098704807,0.015963934166712865
0.2624503946799457,0.11304772311428025,0.06628711151909199,0.044749728800305665,0.05574249814470322,0.10275283574628213,0.14707235802608296,0.022673872573908016,0.18522347739540013
0.41588268353685875,0.016438400637183666,0.028085031259769095,0.022783065809911133,0.02132206652310482,0.04901210412112474,0.046294106010326214,0.0996530097064735,0.3005295323952481
0.1493198634063251,0.1538406344653471,0.14854673158685205,0.058186685566431466,0.031201402696155938,0.10298623771866307,0.181218521111676,0.053458219472356926,0.1212417039761924
0.0415101870872217,0.3410217821984199,0.32363841738877697,0.02732507108511098,0.13561079744044843,0.022477871123044946,0.05024057498306913,0.03765410972802714,0.02052118896588082
0.08432262878416852,0.03791013595771454,0.03877682635620138,0.21743612970874215,0.038926708577815626,0.054647103940114024,0.21262957589562767,0.11041519069806875,0.2049357000815474
0.4815247572417554,0.015705856520758028,0.051608708258909695,0.03602711403692471,0.023613497887711485,0.11325031008314775,0.10438366780188936,0.07126759162287676,0.1026184965460268
0.20062069945687452,0.028277159431345247,0.0812877047449095,0.20686689386996382,0.03234498136464393,0.18549586827239775,0.13269778276197666,0.03855524788555963,0.09385366221232895
0.03536605043013027,0.005245007263858408,0.02647235144506099,0.5344381646576944,0.024444107570225016,0.20851984623025369,0.09584716340411648,0.008750549575539902,0.060916759423120775
0.2150681367017969,0.0117065797323409,0.22555188251201894,0.023720868790230165,0.39214776136823054,0.0217415377676306,0.05062070114016368,0.0283238618331077,0.031118670154480665
0.13615780102268837,0.02743272804808888,0.15982620908161996,0.03260787593062727,0.4529577714485569,0.0452394702723512,0.07518031986629069,0.022889519393894216,0.04770830493588255
0.07715270269934722,0.12065848287496783,0.31153717597960223,0.03901749162763577,0.23446677369009525,0.038875292799242414,0.08999311755508684,0.028629251537089884,0.05966971123693241
0.10740002122228098,0.010840725850278147,0.036823455006532,0.13381206191691838,0.020637504235592047,0.2803125379546158,0.08913142622144472,0.03632801438250497,0.28471425320983296
0.04472275347264168,0.4728337103225237,0.1477863913187026,0.03652992364130101,0.0824498959952789,0.06885560265355505,0.0841859318552281,0.02383493527461163,0.0388008554661574
0.33891380281695477,0.056001701588749876,0.0515290085611928,0.029989227570243665,0.04681509449367089,0.07521860588702824,0.25548748622757256,0.09883709917875305,0.04720797367583421
0.11400245596023227,0.006819144249851966,0.3262660721321167,0.11187239917969545,0.08307304546673323,0.06827909874613126,0.06843645994991247,0.18891120616909549,0.032340118146231195
0.22421089998180962,0.09414592553347352,0.43508714634911616,0.029930624994960058,0.07315764667465775,0.023094433405478048,0.056976390349153215,0.027634257354113564,0.03576267535723804
0.15498794062889734,0.06515260150200136,0.05000036950551743,0.07493147426469093,0.045886101580512574,0.325790041915502,0.1259955508337094,0.10585723245445648,0.05139868731471239
0.6150942118608036,0.010797341240606058,0.03254875379490452,0.014379068486386254,0.0201248640256846,0.06761363252169132,0.13536729703928832,0.07597110132793149,0.028103729702703834
0.053097261677455564,0.08521083864666178,0.03476019747553167,0.30958668563662795,0.05825958604138828,0.016882666388987968,0.12164232297876727,0.0977763273406664,0.2227841138139132
0.06709055549195016,0.03112248747050889,0.10362296565230471,0.022594472997787284,0.6172456190450091,0.02345056534059359,0.0665945691465381,0.023929948352410163,0.0443488165028981
0.047602312690873234,0.04207878557829928,0.01883675109560087,0.03482111010448291,0.6999654219686157,0.024016595338960844,0.06728855010363977,0.024470500514212765,0.04091997260531486
0.03672425213738706,0.165374335451522,0.044668715117218566,0.11905560611369938,0.0441496175865701,0.12308813676167685,0.14961863304623144,0.026757274466862487,0.2905634293188321
0.6093842158231862,0.005300267597776616,0.025995189990131392,0.04830121241212191,0.03391244251220756,0.059240400377401976,0.07568652733547916,0.0687939682383405,0.07338577571335471
0.07892819266214157,0.010460440670188205,0.03861626321530289,0.08827140838849767,0.0622249054375301,0.0667121257776929,0.25245090503398376,0.19703816339872135,0.20529759541594164
0.0518007016492989,0.01965927476313897,0.0351196067459489,0.25025087461399864,0.05831986531106755,0.017863814243572775,0.13627724060928523,0.21942814023641785,0.21128048182727122
0.22670236395528598,0.031021819811279466,0.06997025243725666,0.237526594626995,0.03013147745618173,0.13577015920259683,0.10467612336229826,0.03448789401163658,0.12971331513646958
0.1018897258096697,0.2039427785914333,0.10835022379175792,0.0933021665429023,0.021226629420564542,0.1618066653846361,0.17411332249301736,0.017604343507647068,0.11776414445837165
0.06149493230236828,0.1467204641369015,0.050006890993287034,0.1292081877700174,0.029029547013232015,0.10373919557799856,0.2366813887438095,0.03605131263451113,0.2070680808278745
0.6035959285318518,0.009853945783761907,0.029104565997738963,0.03150541093072104,0.027051579114811375,0.10920165225264666,0.07160744511022477,0.0912555291032839,0.026823943174959574
0.13690541625281363,0.06035179809846206,0.05799679127867594,0.10225319227191298,0.036518217884031555,0.1769350895016816,0.18863184677787517,0.03798485865492244,0.20242278927962457
0.17420859393997268,0.02057322951965944,0.05622179086126581,0.07686426814075681,0.04278456893748395,0.17233781486313796,0.1918308723747153,0.13510417018305995,0.13007469117994805
0.12072458622020858,0.022395434291543125,0.03105877709662112,0.035596011556713485,0.033471954369591723,0.012854780812846252,0.10099349455938257,0.5678212276996004,0.07508373339349268
0.026607561646603828,0.17695192125661408,0.2882917727532766,0.025502101572668273,0.33504783166594226,0.028738212629463286,0.05719113257622299,0.025008082655636695,0.036661383243571946
0.1872472239020283,0.006890137951282956,0.022505989080980577,0.04377685685942684,0.017365300540439735,0.14644091840461912,0.0603976835118279,0.4936503434583544,0.02172554629104022
0.07911488252730108,0.06903199993312116,0.05600250060212209,0.06250785012422533,0.06471832692763828,0.03984939580211268,0.13034263887144013,0.14454528927240595,0.35388711593963335
0.044529662899295754,0.41047691318981444,0.0964686951384666,0.024762428460285455,0.2726342705511573,0.02784284025124648,0.05893248247770872,0.021637958232811238,0.04271474879921405
0.05329491104461776,0.2607452699794714,0.22945038255601538,0.04339793842660833,0.1781700665453759,0.04053843114924407,0.09904215148055621,0.031075177864773065,0.06428567095333794
0.19516710711900684,0.01416637404112684,0.025494011468937528,0.03453395425310158,0.02839393711001229,0.259347168078657,0.10893272677399456,0.30851301844330986,0.025451702711853524
0.055449808728527915,0.1309118484109568,0.06638077846003854,0.18978157748949445,0.21173430907353277,0.03934201716315781,0.1669810094377947,0.04424374955205198,0.09517490168444505
0.07621683152701965,0.055364685670958834,0.06116310149881619,0.09525353752842196,0.05149346101415384,0.3124707389283709,0.18849191206483973,0.05840447908229034,0.10114125268512852
0.028128773081987402,0.06079451481953876,0.04810750812724354,0.05467503067940822,0.012735469729433969,0.653117702006253,0.06286506666810521,0.02443490112427581,0.055141033763754156
0.1130705069182233,0.023200936723003277,0.03648880509641598,0.18448561927054133,0.028537162908646146,0.05527491018623603,0.13334972931652614,0.06778088733271598,0.35781144224769185
0.08226392900037512,0.06383682394051272,0.06835922049277858,0.27719872596474626,0.06802134843943362,0.05819115119669239,0.14616486984479415,0.1322669929029668,0.10369693821770039
0.013187109724256003,0.12540310141634536,0.03951656952951721,0.05413902540940946,0.014429468012976572,0.41110993680001423,0.1529779666230762,0.011277306007937324,0.17795951647646766
0.1939120893119971,0.03266600313663084,0.050752117252217455,0.1560435257402275,0.04236143702370349,0.06410247450186574,0.1434572599066171,0.02804687136919708,0.2886582217575437
0.017519116804171442,0.570424189902482,0.21512551511465394,0.022729532575235117,0.011175785658739298,0.04107783684109162,0.05368750702396016,0.01483075613494412,0.05342975994472227
0.041311567677466396,0.06871950131558706,0.13424756900999701,0.03257039165273306,0.5571401308472225,0.029976857262903816,0.0740657554379694,0.027022699744034734,0.03494552705208601
0.056564495370766014,0.4914250364556098,0.15090649576395576,0.03699622690338157,0.03634209467878249,0.06593548255199604,0.08752502777658226,0.016794761225053103,0.057510379273873036
0.02165217246538456,0.01507722926312366,0.03296381499600915,0.2132843768043776,0.019859789226616586,0.13580507930066676,0.07441232900645273,0.21846821737074573,0.2684769915666232
0.046450642310253726,0.1036103496753819,0.06562976411904368,0.12902664302615094,0.04113376222805801,0.19032429582981328,0.17925383648991833,0.12123035631496283,0.1233403500064173
0.06178644110085102,0.020564314293814823,0.027112834226040577,0.07940071640720774,0.04903987728253011,0.04837233054111537,0.11755791354861644,0.07320121029327799,0.522964362306546
0.04562182993000951,0.34052441510933207,0.23446168086965913,0.05153367099562722,0.02858548597734295,0.17378610961707477,0.070529131496631,0.011361912365980041,0.04359576363834339
0.04510515103844481,0.15045490661868707,0.336892107801114,0.03062409365316,0.2608131567099871,0.018525964147338394,0.07149350918807086,0.020019835331473005,0.06607127551172488
0.060666193585217985,0.26532322939219605,0.12824939891868056,0.14277288295782722,0.07613476792162653,0.04879510441410138,0.12559878931619792,0.08349349762187919,0.06896613587227314
0.41593342053445453,0.029950708950807814,0.028792249036365597,0.05534334483585119,0.03148143704768253,0.029360365962622106,0.08065885362258972,0.07502721990549377,0.2534524001041328
0.07117311977742463,0.27509236617105554,0.03429546018909765,0.13804935261339588,0.05717324224673031,0.030303904621226358,0.08865681470477005,0.2811235652849434,0.024132174391356207
0.09033487009631996,0.15410171282799628,0.26555283303306654,0.04686562060623873,0.07115898241208252,0.06210072442395171,0.1664574440889399,0.027151164262605137,0.11627664824879928
0.05262800870577611,0.012617354097901448,0.03197137804765326,0.14195453823169107,0.034973266007297894,0.08207169535576662,0.24803150403896734,0.18972379340932513,0.20602846210562117
0.07943495231553956,0.0746135209212484,0.14472471744239668,0.06889415993642732,0.029911612989349037,0.25450602621129037,0.21910893824327116,0.04412687963149259,0.08467919230898487
0.048695697222914745,0.09337197899797972,0.031807224645860326,0.047374748585103287,0.03512373166492564,0.05895134217501241,0.11421266090990384,0.0759311389221976,0.49453147687610244
0.45432276770491437,0.016877213635758427,0.028849013712779214,0.03744661468340283,0.026469293306681813,0.04937703157634171,0.08019444024476476,0.2520794496674547,0.054384175467902314
0.06206158143001881,0.42000825088394467,0.026564693285831168,0.1613025789646242,0.05068803652195059,0.029308874448926756,0.10827138120034156,0.06767298873798096,0.07412161452638134
0.03174449908558192,0.1811688364293338,0.43191056289645385,0.022077936427842226,0.12443819660777183,0.07911885868281553,0.06272472244302808,0.020759077425448302,0.04605731000172438
0.052459178945262884,0.33322147948965813,0.24308193544598042,0.03942944459561126,0.07497977062417814,0.06091023580706315,0.09682259286869511,0.024588785759641556,0.07450657646390936
0.0647791778638484,0.008322949006423499,0.03303553271232317,0.04796090136511957,0.07594118487943892,0.02966854368418839,0.1026240340156096,0.39217999610050663,0.24548768037254187
0.5216893688057367,0.014768456893852498,0.025298268123068485,0.01488846587008217,0.022511822797469338,0.17981923599121521,0.05954419935492939,0.13334658055692714,0.02813360160671909
0.04499743764105669,0.07245482450276865,0.027331019924720364,0.03987676791161034,0.6671247047243011,0.015562602656434754,0.062494279796692254,0.022628286327307,0.04753007651510893
0.05599266475659386,0.08140316203291338,0.047117630811966404,0.04638986603837817,0.04717005628213403,0.21617611891155356,0.14440626746380578,0.20466180742288967,0.1566824262797651
0.036447536776378665,0.153400997182084,0.034000636390927555,0.2146540023113375,0.04006984779557735,0.20283569877266236,0.09682659445323172,0.03320532501056687,0.18855936130723394
0.05877296203334362,0.035183644528339,0.03756797135922444,0.365827708440209,0.02676233901916016,0.0649203296618218,0.10492582001841587,0.10720230413093386,0.19883692080855223
0.07984105905891185,0.22747250505769664,0.38596640857636116,0.0355672965687307,0.029670242327907936,0.04529879867503687,0.09672594830152488,0.03470667727983787,0.06475106415399216
0.2165895586524731,0.01927746962056735,0.03031972343874617,0.08309037755393917,0.026711809809617435,0.18520751818413686,0.11545875767768658,0.08779470605211359,0.23555007901071967
0.05764441522427194,0.08784936779311851,0.040487299002942435,0.28298888282944706,0.035302638781602357,0.07913635853422567,0.14798604411000724,0.0559445542304331,0.2126604394939516
0.048054830084652805,0.2169183629397685,0.205008053996642,0.11401012388134672,0.11104736308634276,0.026923750625922404,0.10686328678781666,0.06592137029274094,0.10525285830476733
0.05539027121949689,0.025834791636678508,0.03266791535963723,0.06268187903580874,0.02783746951431382,0.027198297748891823,0.08416139712653636,0.35857952734772724,0.3256484510109094
0.03327054283173475,0.5666984345222578,0.14774482161892152,0.02866020946629064,0.014092024111784826,0.07074137734946102,0.08112897409035419,0.022507073053976034,0.03515654295521941
