0.08363240513167075,0.16329904978949963,0.16458063191550312,0.013290075546443755,0.07200078534778874,0.2891256198900109,0.06382977948963606,0.11183969573430463,0.03840195715514241
0.08282977420138782,0.0719591249639422,0.07634436928771644,0.021970185688148264,0.13508153852379146,0.30221816123791,0.13801861479053712,0.11393075585361517,0.05764747545295149
0.10472609991549124,0.23694380880811486,0.1207007591419703,0.12308001952650123,0.11642191986316656,0.08945313270490984,0.07602917447412298,0.08828305968438943,0.044362025881333596
0.09205776923667257,0.09984082058475287,0.23373407062274185,0.04596778237582513,0.09942369921175737,0.17687021175898257,0.12649395854880016,0.07581849615007193,0.04979319151039566
0.11780620601207274,0.10278179843586617,0.09027164635059963,0.05446581500978809,0.09504165877234298,0.279700431966352,0.055588195229233896,0.10331709009244859,0.10102715813129583
0.07159440304076627,0.08732810132245165,0.17608010887404332,0.04785417846485616,0.0975410839949699,0.26662048915975817,0.08459203080295051,0.07645334540712932,0.09193625893307471
0.11460664871289787,0.1793869692184583,0.11526495126232295,0.10818986538730324,0.14128787218378394,0.0613580146734544,0.058754002875962115,0.15636431034610762,0.06478736533970958
0.06979421789440389,0.0834818128769519,0.1029216975206636,0.030741038642839558,0.1309542658166378,0.07265060793485044,0.03156035425327001,0.1772461751029901,0.30064982995739276
0.06226025854638395,0.07707950511241261,0.06652787354552726,0.20181731018005664,0.08033850141740582,0.07154080274767488,0.0748262083304221,0.07879395312954356,0.28681558699057325
0.11491634831079199,0.11653237131064531,0.09608383784517116,0.10704922415429485,0.10784696083268348,0.051960225423013186,0.19154663527285712,0.09032405407714506,0.12374034277339785
0.09698664486870641,0.12062314579251117,0.13737612858584736,0.016718649051932395,0.1823755841073138,0.12100545318102766,0.10823099221742462,0.13861335499608032,0.07807004719915626
0.09226988841415652,0.18439617193168503,0.07841116239183556,0.17343683347314245,0.10320078739258572,0.1111930175381363,0.0059948474788967115,0.060043367892535913,0.1910539234870258
0.12089437206220527,0.23894211274218843,0.16200212903657804,0.07397181424643628,0.11472682103670497,0.10486598710077095,0.008405459758607021,0.11327386513239596,0.06291743888411305
0.08204642591357043,0.1015595983610263,0.09420662799608703,0.19944303362891783,0.1323985743165145,0.08969499668406138,0.10145631473004851,0.11319467752858055,0.08599975084119348
0.1357566411732443,0.10521593065417921,0.08424391914684205,0.1367083657281762,0.11541495271550488,0.058484521382746894,0.20712402650592446,0.10612680028175352,0.050924842411628396
0.08029891754994944,0.07756781523630175,0.14314220599275937,0.02809448952616395,0.07739819191417768,0.054909581302033904,0.27466064716327904,0.08268756463507022,0.18124058668026458
0.10774292187648978,0.14476175207369216,0.1974243262110904,0.05360695419509392,0.08469891384786715,0.16921374560483557,0.06565856122409616,0.11928256356146694,0.0576102614053679
0.11778312672014862,0.10094471775113639,0.07034158854082288,0.3273224006520472,0.08453808778917599,0.04477285768047443,0.05781686174871508,0.10432455721908908,0.0921558018983904
0.09363259036241922,0.068526265360548,0.08713455091503812,0.1317126286489819,0.10110553325493991,0.12764409547911235,0.026463241152187667,0.12100596611587867,0.24277512871089416
0.08852185165256425,0.10179498570883504,0.12452844516287342,0.02835343192396475,0.08854826095959155,0.318769418551076,0.04159158923854014,0.06532792440347869,0.14256409239907616
0.1306715246707951,0.10295987530533746,0.15051472286999185,0.07169860002173524,0.1051126485905695,0.23116797633866548,0.07640299496876872,0.07217549452427906,0.05929616270985763
0.11805420781901578,0.12313199654234475,0.15936813904554073,0.060671283098613214,0.11307192015838563,0.16652965638421613,0.06740336842183846,0.08845405705212073,0.10331537147792469
0.10564896731983014,0.0857270654393849,0.08591941809503266,0.20222726020931928,0.11421316015347353,0.06676082655263017,0.0658837654936455,0.07573248703536646,0.1978870497013174
0.06972388472700979,0.0838923006267595,0.1422235399956896,0.048169861032836124,0.09193571549023215,0.019447474017435306,0.052160610795745056,0.08447327601117847,0.407973337303114
0.10180944995052849,0.070590850293428,0.1962509752618049,0.054906424215138784,0.11241025014675321,0.0775022701726441,0.19142775771940657,0.09883155437393243,0.09627046786636335
0.10044104827208482,0.19008027189749818,0.14864034373635818,0.1372312719789694,0.09228755933052503,0.06396750219153956,0.005291732004184198,0.10018665361709078,0.1618736169717499
0.10463295547307438,0.14049761681084236,0.1768272935381355,0.03994862237716825,0.09260461253665098,0.24001296738372493,0.018557074557379732,0.10648839284354554,0.08043046447947837
0.08001534033478543,0.1522122190646066,0.16881847681978826,0.08223453721519088,0.14559876599425678,0.15598139983829154,0.06271906953774337,0.08604398395105121,0.06637620724428588
0.11943757647901436,0.11226515295294652,0.11261318844827274,0.1299162506446173,0.1427604819401432,0.1013752018532363,0.1031439348632015,0.09017039448987056,0.0883178183286975
0.08776854736019657,0.09134932401564781,0.08364716008288803,0.03162450619437007,0.12673542567749416,0.07693564844319888,0.025852237724820353,0.19581686956628297,0.28027028093510115
0.18689530883349623,0.16622293157256243,0.11581114421553951,0.08365172642268826,0.12462397084198351,0.05022653266663007,0.09149404033653245,0.13820347236872746,0.04287087274184009
0.09127103292952386,0.0730367552017672,0.20420595944772799,0.17512940629786322,0.08997163525693168,0.1884062107743971,0.013847447961572015,0.1458635050824014,0.018268047047815605
0.11111438720085291,0.12947333649558943,0.18345881582209453,0.09038142762046597,0.09772415329541422,0.14220018766011397,0.02524146983164695,0.09170923062078506,0.12869699145303695
0.11385062795368898,0.1146508481315804,0.1139927786257911,0.1403237488632353,0.09049405561307673,0.19135001055320225,0.010601833006865914,0.04634121580582382,0.17839488144673551
0.11868284846189829,0.11734731765370854,0.1070892381849291,0.026168280594109385,0.1422479117776688,0.08074135874159184,0.1825295716723984,0.15725713688122525,0.06793633603247033
0.06566310051658285,0.1077439449859634,0.10812022441765401,0.04854716375521093,0.0973992202131816,0.294463406485128,0.05364882893781927,0.1481804432433648,0.07623366744509515
0.10620346149683746,0.21692612337683004,0.09187370922023252,0.08299755644937136,0.11833624820103199,0.06513065398983613,0.1132728963403542,0.06806177648948851,0.1371975744360178
0.09732212177497641,0.06831566143872374,0.11842397883383539,0.03963032579710684,0.11266087114831273,0.19651790696140578,0.1831541459402571,0.08738582360424486,0.09658916450113719
0.0993757585570702,0.07291517189275923,0.09680197443319971,0.06730450106007883,0.10281943220416512,0.22497714916313638,0.14993702232698133,0.10073777153829633,0.08513121882431289
0.08869591099501196,0.11787711920818784,0.17370549573891805,0.08257267249548246,0.1084619062429168,0.11145076951889406,0.07877564608170508,0.11220720118410547,0.12625327853477833
0.09378031538005567,0.14484220243851578,0.08348427177273916,0.14474500820912403,0.1002704959138762,0.13556612426997536,0.1957383071948676,0.07970557325534597,0.021867701565500216
0.11019326115951027,0.25583357318475136,0.13675051260229712,0.10674614516836471,0.15768002621640867,0.03473678228573555,0.025597899487993205,0.08350015417006273,0.08896164572487643
0.1347464118868904,0.15021338815200033,0.10836111416777931,0.050588283738648133,0.110604907457248,0.06415010633650171,0.10156630282797408,0.16840198422901298,0.11136750120394501
0.1141465452422664,0.19992288786461643,0.07199087780180688,0.13213364411053752,0.09556756729835607,0.1741832167173698,0.01352356814788865,0.06267253601317499,0.1358591568039833
0.11085344208525505,0.10875321799869957,0.0693021860017937,0.1459907407089208,0.08821258629242114,0.023611114845261003,0.016049325089282886,0.114807782644837,0.32241960433352895
0.08239694013577696,0.08091751022781901,0.11977529514507947,0.0528556013041532,0.10710792465163588,0.2842713629914866,0.08679009080866075,0.1356801129166851,0.05020516181870301
0.07787376253709548,0.10794179008013316,0.10192130890108708,0.019570149927906903,0.13692834516010377,0.24252936405018458,0.19204727032540334,0.06844554780295271,0.05274246121513304
0.11197254558003028,0.09846416754886933,0.10156408872818157,0.16329222951754854,0.14865871112480006,0.03671003406891906,0.06343571019217367,0.11823764270990522,0.15766487052957223
0.1027181969205303,0.12223181040652407,0.15014958423390756,0.2420923493463174,0.07610579539783947,0.036723780791531074,0.1361300521351642,0.0666751832045573,0.06717324756362854
0.1476111000702741,0.12494895431873837,0.18475716892855976,0.06162834447801374,0.1191944745936518,0.06415013256980989,0.0603040911757959,0.09915284765624137,0.13825288620891507
0.09218910830545334,0.06988102591455148,0.0905362106334332,0.31367445463735755,0.10786802413578951,0.01397214181477549,0.11150429083193421,0.11986995062095022,0.08050479310575508
0.04095112599283536,0.0728152021545966,0.14458086294302722,0.012268410162496647,0.10232118223872348,0.19513532984007867,0.10076896394232404,0.06724149960339905,0.2639174231225189
0.08913115826301575,0.09632487102002484,0.07448309422811313,0.04526751895535793,0.09545400576009526,0.29632630009820254,0.1314648861798149,0.09306017650094367,0.07848798899443203
0.09523663265472332,0.08214170384251317,0.12328597226149236,0.014501964206508672,0.12690513492582736,0.24022046293634855,0.050788916343248634,0.10660384458429721,0.1603153682450408
0.07127757370484093,0.09843964129125056,0.08780202738289898,0.07896801682332073,0.1029394675872559,0.20696944261447967,0.17656495924755355,0.06329787227453937,0.11374099907386037
0.111644154616848,0.13206357780319372,0.07239410766758522,0.16781452163071106,0.09693462465174053,0.09131010697514652,0.05141091115300444,0.06578384890632662,0.21064414659544395
0.10210078434385288,0.1006983410741794,0.13491878634001464,0.14715036711318277,0.14973382524076775,0.12632515925874752,0.02732235193294821,0.1258445816672559,0.08590580302905097
0.1273121044747656,0.13222926922313552,0.10411015446315243,0.11494301621289373,0.12794126087860702,0.0565134640537436,0.10336392201122298,0.11923777772401008,0.11434903095846909
0.0628550414460895,0.11168004262524182,0.13017647857319178,0.08485607067011836,0.12747560420337864,0.05367947614301824,0.14067669862367163,0.08090446597055362,0.2076961217447364
0.11094813868228053,0.14002685658556688,0.17822653238378702,0.12669097670533033,0.17905882956138716,0.13279948565457303,0.028253384127910442,0.04534653231776135,0.058649263981403355
0.09810749474016674,0.10804753886994785,0.10941824341135908,0.04164236251331987,0.12246378821278629,0.12991015606869624,0.13771739801244973,0.13807870068788705,0.11461431748338717
0.08017263134618115,0.1513373541271072,0.14475174698386886,0.06438488498999413,0.14372466524166094,0.04143547937185573,0.045677385261829774,0.06781557211324059,0.2607002805642617
0.11473332569191134,0.09539022439733752,0.20572102915337895,0.1529200364654177,0.11847128773220872,0.08006128292475377,0.09096316733572712,0.07036946887952243,0.07137017741974253
0.08777092673936554,0.1451209749543726,0.1275890324319461,0.06790553027376582,0.17560678325413084,0.09955552253091593,0.040435136244407976,0.1530754770539207,0.1029406165171745
0.0652918856255096,0.0963097547763596,0.1510037716322542,0.04446171973186203,0.08120382238080959,0.10295239608679875,0.1696939066034305,0.057096339077636206,0.23198640408533958
0.06769631257282029,0.07234968341633634,0.09347461338269632,0.17343506310112375,0.10879003029239602,0.08669863501287266,0.019161077996343433,0.09137594055635201,0.2870186436690592
0.11066533735385455,0.06341218206669319,0.17459902294541416,0.22339968682401237,0.08858427529629138,0.017860992817553694,0.16525385897442676,0.1207248212626341,0.035499822459119736
0.08906888951919462,0.12133555069403175,0.11479056082255273,0.18355496592182274,0.09565107089631335,0.11695804465386071,0.025995778377146936,0.07206286395921362,0.18058227515586356
0.10816045738519046,0.235269941634369,0.16593294606345985,0.019210058253693697,0.12477674211453675,0.15813688275086946,0.0445057633157642,0.07202485427840484,0.07198235420371174
0.11158442355555799,0.07181714147626513,0.21286830075651264,0.22292111021657676,0.09298133790691682,0.1358239901083466,0.03663207386714546,0.0872357679638679,0.0281358541488107
0.10397637641752872,0.07915243134799353,0.0906308268449711,0.060252953696848265,0.10877226866967175,0.1876382913893623,0.01600493424747053,0.09929670650365492,0.254275210882499
0.09400929790938024,0.14230394221430456,0.08768805685996504,0.06237442766761594,0.11679858874550775,0.20502885676203744,0.05545655523009043,0.08569766179728866,0.15064261281380995
0.1055079280565104,0.1414104449202821,0.09930702819365528,0.08833840588395979,0.12570051665677984,0.09594974868717836,0.13317818038866924,0.11307204091414706,0.09753570629881786
0.11297088431470421,0.1569641796420619,0.10127406598295219,0.13939875258305948,0.12748415140486136,0.07648399758293332,0.15902252419782473,0.08061734006008782,0.04578410423151489
0.08361319704184078,0.12924369492781038,0.12256463056364404,0.034895364744495554,0.13298262184420656,0.12649111516865855,0.13192370927552857,0.08683752100248499,0.1514481454313306
0.10672217227266034,0.0630967129470097,0.12241196235378554,0.08000814609927777,0.13061818918954005,0.2915481797752571,0.07187278892760486,0.08933781139488045,0.04438403703998414
0.0959209029625278,0.10937202153659199,0.11349996079444226,0.11220902248782955,0.14976954382935506,0.135280056181008,0.056960541971751925,0.15455337887894346,0.0724345713575499
0.07000703457835156,0.06619051877163236,0.08716764277259896,0.047796350427471344,0.0755065132987807,0.14287631967068018,0.27569529239730817,0.07877974511962395,0.15598058296355266
0.09248441956261148,0.07296184468647292,0.12697432565637773,0.2533393136843396,0.08955132014992084,0.08907801963355805,0.043030355586409046,0.08413450603886756,0.14844589500144267
0.10484604420732464,0.10140130613983993,0.1330477949805328,0.244032839834741,0.09977438647855906,0.0678397061719062,0.01244780936554845,0.1817596086861503,0.05485050413539758
0.15476382683270198,0.11643236220038118,0.11980998152302326,0.04396838537278103,0.17659183543867707,0.045893770959295865,0.04706288257883339,0.19499532896471547,0.10048162612959076
0.11786155244078751,0.08694697541144163,0.08016603130936654,0.125340567771022,0.1317197624607928,0.10375913611203232,0.06145316111837446,0.1257383013394129,0.16701451203676976
0.1050548286624669,0.11012814533718736,0.12420025556497427,0.12105832035095128,0.10199602459925737,0.06943134338412876,0.09522928711526235,0.09842265000174483,0.17447914498402692
0.07298670668251063,0.099439356166243,0.08670282999588041,0.06521219726364424,0.12349500354190772,0.18571611598899573,0.2238946970406949,0.08487103473944495,0.05768205858067831
0.11730440744667876,0.21531480736159866,0.10044489833314685,0.055121237904849345,0.12308367628532353,0.05154751586050726,0.045902757824757744,0.13539844346595337,0.15588225551718457
0.11748688925515181,0.1467782755079242,0.1200782854989218,0.14707462872862317,0.11886971076767357,0.12056898324882377,0.09678290211103195,0.08585067800151576,0.04650964688033393
0.0548908107817945,0.05244445879976913,0.0825993844376372,0.06518014470391291,0.09655975672464771,0.08387726583522222,0.057375343218537274,0.09368163493284264,0.4133912005656364
0.06241329190213463,0.1173312505545636,0.08950466248290877,0.0844360543880985,0.11270572097407512,0.014655187463713514,0.3030172416068074,0.18473173201182255,0.031204858615875988
0.1113890771984699,0.12715007791511676,0.11318321027343237,0.025982581345400827,0.13919704602211935,0.2290457541299765,0.09544798696396613,0.09497320493255658,0.06363106121896152
0.06527163760348288,0.061585232116068526,0.20574331725245845,0.0633197461323279,0.1038900733232081,0.2509082709647299,0.09838760781997753,0.06701179461655817,0.08388232017118864
0.07475118713509593,0.0817406551628979,0.13833804684081907,0.16827856113936954,0.10595387291915648,0.07180596733992525,0.15159286443852762,0.08552933010044887,0.12200951492375933
0.0834531340563804,0.15106424307297084,0.07766253497646183,0.12450019069034492,0.14196655634527733,0.1978627654167302,0.06162060705845503,0.06900658830492515,0.09286338007845422
0.10241681577513677,0.20138193583579422,0.15177859220964426,0.033860251838497384,0.09272877571474471,0.07066685564904295,0.013949613630436784,0.14339374461500154,0.18982341473170136
0.0875500584779789,0.13163896060532712,0.10146753550659439,0.1249138490037703,0.15559315164238374,0.0730852931403172,0.07036674808382111,0.15693150049812943,0.09845290304167786
0.10211377181312159,0.08197251431911441,0.1614507863577648,0.05483890466811514,0.13454665132295937,0.1347703731695468,0.09283749192959266,0.1518732574149111,0.08559624900487404
0.13712447010457912,0.09284940956247735,0.08346114942847667,0.07622559781807038,0.12005374668490178,0.07967990653787249,0.1603094875453945,0.10933119669594615,0.14096503562228152
0.09780972378782432,0.046554603528286144,0.12291166243096212,0.23761207633732928,0.08892466062853388,0.04126111755464514,0.09505057439756048,0.05511416813670516,0.21476141319815367
0.11706850884239943,0.09290641953365501,0.08995625526083288,0.14589880467705257,0.13748120436034664,0.11229527066720561,0.17154853007584656,0.09816881366636204,0.034676192916299295
0.054659342584398696,0.06482666396666344,0.15951406110711577,0.019463584642588884,0.06784133017027509,0.22669428425284943,0.012519996902514962,0.05820654774510098,0.3362741886284928
0.07147647426098167,0.0624439757647724,0.0926032447489099,0.22491342083989121,0.11150249208243886,0.1272975368901987,0.1202688872474067,0.08905185163228331,0.10044211653311726
0.11361599280593128,0.10637033258016637,0.11268551719497366,0.0478369249829314,0.1311422551598108,0.09983455610913912,0.04769730595424643,0.20043550529477314,0.14038160991802787
0.12232972423937662,0.09682189316497049,0.09589201422085591,0.09611778084665817,0.09027180583586747,0.1469387266152353,0.012866061321742943,0.15179090491167532,0.18697108884361788
0.07124123545628062,0.060906188108472786,0.06665157548459637,0.1579523149789078,0.10204936073954755,0.05772436322372823,0.18571354422657063,0.09293216036716384,0.2048292574147322
0.08390093474923034,0.0881741143185308,0.18862870268455775,0.09708325683497311,0.06490045310071198,0.11163431740371717,0.016363196916239914,0.07809827739923274,0.27121674659280615
0.09263993111189915,0.08314957072600916,0.23814055137123824,0.16342440213303372,0.13170519075769366,0.011382739675962456,0.15322269730565954,0.0913401913170649,0.034994725601439215
0.10081290195334636,0.14129313883647013,0.13355506865652636,0.18173977593172075,0.11604199602493807,0.058694342388977284,0.012348666946019793,0.06789313520267094,0.18762097405933031
0.12133243094422552,0.06569583097035954,0.1172645084714246,0.19456240748692802,0.11255355116094802,0.09491189188433435,0.05657111410929494,0.11387887310655875,0.12322939186592619
0.10592855100162263,0.12252699332464723,0.0970592750087136,0.053026221541585095,0.1044276275991222,0.12734478461592794,0.212002722025049,0.11765722450316252,0.06002660038016983
0.06532892903570033,0.06348993079806615,0.10879367858954632,0.10277925330698788,0.12484632045653776,0.11782299237003897,0.027256162478808715,0.11372923718034296,0.2759534957839708
0.09286559616954469,0.1420823299328933,0.12318501816030651,0.05013864807597576,0.11501734388243957,0.1896168091817716,0.11767217701410687,0.09598776367561206,0.07343431390734967
0.08961779110539865,0.07642232530570779,0.09258452895159608,0.14750228235798493,0.13259994270802306,0.2133170459539577,0.08129503545780892,0.0977965220977219,0.06886452606180098
0.13675734464480901,0.08915968015234739,0.07410239495710348,0.2055601168694853,0.10780105724122731,0.09412435057132651,0.11665273912997025,0.07051720838221452,0.10532510805151629
