0.1342049928454817,0.1676478040224105,0.13047407667842675,0.1434644172100952,0.020568617828887397,0.11790310748617931,0.09532522238787546,0.07517197539862693,0.11523978614201676
0.09647884756618448,0.12059607453405874,0.08748134671868775,0.12415536428889962,0.2321875901837156,0.10758956241483734,0.03188810652065128,0.07324991163922617,0.12637319613373907
0.11621694336919408,0.10995940094633629,0.11687453606524488,0.12942270243228707,0.13139623071172837,0.09496203724146901,0.1223146953690103,0.1106834341650663,0.06817001969966367
0.11239406875183096,0.09839733316709491,0.12035327595297578,0.10518183875136633,0.0828497099192239,0.0998255886719616,0.08997239915991502,0.1547854696552012,0.13624031597043038
0.11482949160980192,0.08847345719456895,0.102870329303494,0.10749721781196477,0.06874235666399693,0.0990662518010486,0.06048465356764806,0.2517695592226364,0.10626668282484027
0.10613138468173039,0.10653386905574286,0.132272883918563,0.12230226555193913,0.051152736195420316,0.07821395284446594,0.11839847445523266,0.15256346701030254,0.13243096628660314
0.07973939421111745,0.10505451071533418,0.08866086891341879,0.09754227988610244,0.24410196734224895,0.07556971420444662,0.15073127812626527,0.06172161942942231,0.096878367171644
0.11818866746050738,0.11706642574343047,0.08582725934418227,0.1017719838666124,0.13337023226677128,0.09815317316749943,0.07947694532377798,0.16477866171644065,0.10136665111077824
0.12974254785018582,0.10505219354357527,0.12850990449723032,0.15566308625756156,0.0338667984394046,0.13980198934389687,0.09832887124421692,0.10019980346203257,0.10883480536189605
0.10349622599287585,0.09584537127019484,0.11927569855337487,0.11938251663689158,0.1618459085459283,0.09777651759244627,0.07456326470982402,0.141833529331432,0.08598096736703227
0.1069599693941045,0.059871283100229156,0.10287084638528143,0.1268025781443411,0.1206357619714296,0.1425789024242681,0.097568348323212,0.13717074878966648,0.1055415614674677
0.09391496468253317,0.14273116010932385,0.11966934474753366,0.10217128840828604,0.04215479360566604,0.09258697919014554,0.2754449139740795,0.0692490991988315,0.062077456083600636
0.11853822860239581,0.0884555793659007,0.09388221151287934,0.10895158008434515,0.1966821702713106,0.11893498744916785,0.045923924075777334,0.14849588339026734,0.08013543524795586
0.10456788170703991,0.10600269510626457,0.08548442913703898,0.1138768495426854,0.04731145480446897,0.09099556398244203,0.09995099244700252,0.24532254284846708,0.10648759042459051
0.13584358713240785,0.2467122816143288,0.11307967864971889,0.11704683015080014,0.028733475889766272,0.09323190064350155,0.05461389057213741,0.0972369123318703,0.11350144301546872
0.1239432876614368,0.09094804403452605,0.12311158235856556,0.1254373987317167,0.030833779758331254,0.12852238495295548,0.09081075221022761,0.18423558907705329,0.1021571812151873
0.10156918667855598,0.09615444055159011,0.11170774056577837,0.1095420351268241,0.1097659132132568,0.09439218750709809,0.08579643308893885,0.17960471302870248,0.11146735023925514
0.1250568219117519,0.14608073147652267,0.10178989534316246,0.12786748195155015,0.09396513103162346,0.11150170865962566,0.07165681337792291,0.12709460587579113,0.0949868103720497
0.13168298399515707,0.12575278618317218,0.12587065563604516,0.10943771416083518,0.04775855570248694,0.1446728082776754,0.05107176457849083,0.13285929491434936,0.13089343655178787
0.11391882623196985,0.12910612089564952,0.09863010437925067,0.1262448605319895,0.09232110254802534,0.11654963863716895,0.0972634803529916,0.10492028859412228,0.12104557782883239
0.11927451720516924,0.14873314868827978,0.11846697310141745,0.10348131440508344,0.052744253403603926,0.07743804106264367,0.1297504271055523,0.1203065141711368,0.12980481085711337
0.10774832457210919,0.11553207172739983,0.13144380569363975,0.12658623022601526,0.022978385780032973,0.08504742087756134,0.2376263141442211,0.08993626464528433,0.08310118233373619
0.12357816419400702,0.12813637660252852,0.10118804383519714,0.14819841364155642,0.09761128353948491,0.12341253527003236,0.0776878469874094,0.07223351519549989,0.12795382073428427
0.11335633717048842,0.11735261609394941,0.11114345177961303,0.1078465179238521,0.0966048488413722,0.08457104557899714,0.08585175416387858,0.1594853470017842,0.12378808144606486
0.12629063771554858,0.18743200681990121,0.127841335975352,0.13169392927961757,0.018924403914482444,0.11678726424464088,0.12921276023649472,0.07809012770148138,0.08372753411248114
0.09391960740367034,0.09478837111459702,0.08924829714662513,0.09158525754968964,0.16593370909145871,0.0878109601558293,0.07521596591689104,0.1808192689869481,0.1206785626342907
0.10847888548465379,0.14843476922007612,0.1092684601231216,0.12348427714016814,0.052080723823457346,0.085685611185412,0.10311207106647335,0.17304630605994023,0.09640889589669745
0.1010267875904885,0.12176723285264668,0.1117923322091849,0.11185683573707221,0.18502845236020962,0.12699075341309646,0.0340611092989046,0.09331883752181214,0.11415765901658491
0.12031095847402277,0.17069551212213696,0.149022949812346,0.17762437647613824,0.036184011773016896,0.09759869621447925,0.09814264254148368,0.08071230248848814,0.06970855009788803
0.10799762554305105,0.14385898023116236,0.10065373641504549,0.11095497303180013,0.08301318433169551,0.11496991506894683,0.10926161089536457,0.12066792763476258,0.10862204684817141
0.10730771865649041,0.10432373667095975,0.09055531724316668,0.11689511004412186,0.09254779710208892,0.12783469354868263,0.03533754566569663,0.08524921341598339,0.23994886765280973
0.10486554160823124,0.0852305891076705,0.09337199578836046,0.10677813791713602,0.23733328062032255,0.1284243200916599,0.03941622386714714,0.11263599891402766,0.09194391208544456
0.09058888414155442,0.09610603789108756,0.09492340876831855,0.08698702605071655,0.17540217008058442,0.12567489983162858,0.16635608046796901,0.07513326968104243,0.08882822308709855
0.11580569422400804,0.13544069774701403,0.10498285418349372,0.0994241569158854,0.05771837864400007,0.1100780079067211,0.11777889811981951,0.08499819978171079,0.1737731124773473
0.1273748665475568,0.11001019072188677,0.12479696245750345,0.17300586315062003,0.08440489000281694,0.10251493326547771,0.09710182694352658,0.07352752266643749,0.1072629442441743
0.12160623586706117,0.12786965310900714,0.10192737029844871,0.14306851682007363,0.04809986649722777,0.08507824704029965,0.0618970935878726,0.13968507313401743,0.17076794364599193
0.14705115554647086,0.14495744382931322,0.14145094667084115,0.1680517869676288,0.03354620442062296,0.10755514807981072,0.07124766081483762,0.0948831867837784,0.09125646688669618
0.12818906894805798,0.10215711527344022,0.1390643138750969,0.12184068646517061,0.07722771628559995,0.10623266602008985,0.08821084288302065,0.11713597095000801,0.11994161929951576
0.10280625266404812,0.1903004917925636,0.10793325464061644,0.15611665286380835,0.05985788174306245,0.07711829643552055,0.15190394027190898,0.06744308251426946,0.08652014707420212
0.1282225716701115,0.10058644419596303,0.13305759378694956,0.13313129734987042,0.1256381452664586,0.12423737261354079,0.049691565229724566,0.07467573502537848,0.13075927486200303
0.09873458634302391,0.08414928422087119,0.12499243116376767,0.1050448073815453,0.05719853094402127,0.12895146838124508,0.20688174109695565,0.08726213804810769,0.10678501242046227
0.1140301919773069,0.06477434180883822,0.1091159471106455,0.11870428447340253,0.13220811750463032,0.10723001580236215,0.08889926454084429,0.13672024449303488,0.12831759228893522
0.10259529336712332,0.11998275488959172,0.10031753427269052,0.11596769294155825,0.13725047069769186,0.08651321660494282,0.09730223033564962,0.11917859144219188,0.12089221544855994
0.10359772082396873,0.17266497792365584,0.11503462097463779,0.10557011731004212,0.06223043067830301,0.1562025096837348,0.10101446134793281,0.08087829034295213,0.10280687091477288
0.11327546281690569,0.18558563511462559,0.11571580390118513,0.13537342194448174,0.03417803890745521,0.1236402560561141,0.07845690806147983,0.0989753839350898,0.11479908926266293
0.12660781169517885,0.1836858539624866,0.1463322185443416,0.14554463287372796,0.07121444339753644,0.11328319047836849,0.04530931612417788,0.06504450565756416,0.10297802726661809
0.11266635004956756,0.12000232805602372,0.11818439595107316,0.12238894892692807,0.08882646017494218,0.13188818804472655,0.09684452230370115,0.10062939542640632,0.10856941106663127
0.11872468465267637,0.12295997299323964,0.11351005089678523,0.13053145226802407,0.15408685122734064,0.10547398242841947,0.0768770572668261,0.09054352437566993,0.08729242389101859
0.1447466404493237,0.12308390994561556,0.12425667440389083,0.10883149707822663,0.10764888546743313,0.12240472265032343,0.03901547224617183,0.12340753325343506,0.10660466450557982
0.11608752512276195,0.16245396273102639,0.13208710755299358,0.1427869124452148,0.05211260921931681,0.11129079906108676,0.0816049996689024,0.09888694128442233,0.10268914291427511
0.10990778015905944,0.10202331007002115,0.11723196560003635,0.1280446868726702,0.08977660221533997,0.08245322123887473,0.06409742430976545,0.12382809410873835,0.18263691542549443
0.10092814082945419,0.12985820871053289,0.11475639122458614,0.11265493144806875,0.05365202683695101,0.08053323351834406,0.22919680913146678,0.07320627031930596,0.10521398798129018
0.10698488684372358,0.15483401573442948,0.10372816365257938,0.10063712195264969,0.08594891285798047,0.12544696477227193,0.07313555919734134,0.13412633824199738,0.11515803674702675
0.12492599652349375,0.09246546737914284,0.11047841426832722,0.14400238940401286,0.15248981169614242,0.09270049919090162,0.08666524463904397,0.10958942165087233,0.086682755248063
0.10846323693427969,0.11616385738559239,0.08581281323777583,0.0953428622040064,0.16201575100806878,0.10641705148827184,0.02855524429189157,0.21167262893317637,0.08555655451693707
0.14679632222995762,0.13270605941234703,0.11635431971569954,0.10079220700959869,0.07842194778066326,0.12841473612640827,0.0926993901342346,0.09908895635353461,0.10472606123755641
0.10972344488321824,0.0900818459206521,0.11758482099191037,0.09896354424532881,0.12652456756542121,0.10247526470249864,0.08176717342153451,0.1168580636402962,0.15602127462913992
0.11148122867976169,0.11830701322439423,0.11912360118652145,0.11747427853987698,0.07535680795032663,0.08812145210738777,0.1504369280124351,0.08902225101192614,0.13067643928737002
0.10107790255180897,0.1483773826718822,0.11304944379944137,0.14365956410877537,0.057828442127565015,0.09137144667423414,0.1767994891980225,0.09090649509194731,0.0769298337763231
0.10711537970572467,0.11117331424550558,0.10445308489396887,0.11749556754609729,0.12048397376863125,0.093972904584626,0.09659697533244739,0.12762493834946406,0.12108386157353483
0.11264217923800608,0.11816293911766478,0.11090568131458668,0.12165177669346604,0.06628703887216725,0.13562004655653292,0.055533000984082426,0.13396778574606388,0.14522955147742997
0.11994629349641339,0.09751180697336104,0.1281742789438525,0.11751855568800741,0.11128378026595304,0.10788545612917844,0.09921279532589768,0.10781043179399576,0.1106566013833407
0.13130073901395314,0.07696230082546818,0.13208295521708438,0.12163585538167061,0.05621062697295192,0.13858309017678463,0.0871334904408596,0.14589781224396045,0.1101931297272671
0.12288842440636034,0.07533134894888509,0.10948309647733034,0.1443145489941274,0.09433233394253371,0.09873164460918332,0.08782534687808245,0.14176462053077402,0.12532863521272333
0.11822102599819732,0.16340836828040478,0.12990537256189658,0.16031625856690881,0.028349169703002372,0.10412035869129639,0.15635492855555808,0.06350554704584589,0.07581897059688973
0.1059634147667035,0.08282359311802469,0.1199947088332659,0.09657910557501607,0.11841746365281229,0.1720531528715572,0.04260254881926593,0.09807275906520903,0.16349325329814543
0.1039527775205815,0.09366104870925822,0.1082354038379852,0.11179632213360012,0.15245698033897095,0.06257262650879081,0.0380256574849911,0.20962116375080297,0.11967801971501917
0.09092763978510354,0.07280170193066954,0.11025987200862382,0.10954757741289926,0.24531752372159277,0.0885671003673083,0.10847714337591041,0.07287488695983019,0.10122655443806224
0.09879126743073867,0.1388810406806838,0.09224352817980667,0.11003179215726921,0.14710979308831976,0.11678565759096882,0.07318617705068335,0.0823417351762047,0.14062900864532493
0.11429386742101628,0.1096746346502707,0.10221707515163549,0.11141716905284682,0.11761500084064679,0.13244991124969174,0.07475642783044462,0.12154169127306358,0.11603422253038392
0.1190580039606116,0.11669645524459966,0.12893945327708492,0.11967046084741804,0.15767425426730383,0.08571874300238348,0.09562198299281127,0.09037067342036709,0.08624997298742004
0.11013428810773718,0.15279565923171112,0.11308548795032292,0.1028085877014538,0.07911536419899762,0.11427381680641595,0.05658580978131917,0.1586486123216664,0.1125523739003758
0.11609066701105393,0.2132097296692224,0.10920128955558416,0.1215166105775614,0.06472127593275302,0.11023291443358206,0.05777532439581692,0.08065984479138881,0.1265923436330373
0.12145009198638519,0.06707399889276816,0.10829512779342397,0.14543901119803537,0.09537553899157913,0.12996365394832535,0.0649607626312791,0.1259568676957663,0.1414849468624374
0.14100950014456867,0.14025190631135334,0.11408383300867608,0.1307222270213018,0.06296697877259548,0.09760831177090558,0.06397154832475987,0.11745612559021534,0.13192956905562372
0.13816385208838708,0.10355778611653921,0.11214186998375575,0.12961628472460526,0.15410273070073466,0.0886063887826455,0.04941769882122615,0.09238293597381174,0.13201045280829476
0.14961888349204935,0.11411642977929903,0.11927515386954261,0.11147870254164094,0.12361669329324258,0.07316335244568718,0.09915737874076226,0.12301182785440949,0.08656157798336651
0.1583938733651644,0.165662014300513,0.10651521956887189,0.11561815854184614,0.05485016483956359,0.10022285830659501,0.05463828925713834,0.12557039197230624,0.11852902984800147
0.09959139481348296,0.08853947911673031,0.12460906034355683,0.11463030648849963,0.09074833841032175,0.09370621204189349,0.17028885350421094,0.13280496553287074,0.08508138974843343
0.11282291656073444,0.14343333312777387,0.11594896075769145,0.12482101113560051,0.08415194614299194,0.12540930000686748,0.07962212673770487,0.10917645606727679,0.10461394946335861
0.1078320590819697,0.09643520817405977,0.10598118319219409,0.10298284589592689,0.18815918826970812,0.12778961853493362,0.03188221487797222,0.10540870569938594,0.1335289762738496
0.10731714599806313,0.2022500495797582,0.1147152123002635,0.14606814308626823,0.04074644409413528,0.12670425425405843,0.12572438264585897,0.06588961323950697,0.07058475480208724
0.13755704256260912,0.11779327460001093,0.14790302251874468,0.14285448874480156,0.08238757242923271,0.12054983568103467,0.061743250990013494,0.08930246011156219,0.09990905236199056
0.11643343026670538,0.11472287094868343,0.07427810641882138,0.10554496592014051,0.09705518409050674,0.13917068523066334,0.16518060922639713,0.08517872206623019,0.10243542583185188
0.1053737671077742,0.11368141147553701,0.09266532643551983,0.12216611167676268,0.11798700131561313,0.1450048518922981,0.07538939755825656,0.09104225180802465,0.13668988073021385
0.14002423676783357,0.12508400154195776,0.1427557921327193,0.14437171971477505,0.03900467662705987,0.10242084808718747,0.08009341554614839,0.11749563147315593,0.10874967810916263
0.11279402554697338,0.14892900634994766,0.1239602431507192,0.1217467434752318,0.0463261442481521,0.11042607730877073,0.13822210150174824,0.10018554109289486,0.09741011732556204
0.1194288186145176,0.11468688732627037,0.10230200984280767,0.11867196948026526,0.1006328077566987,0.09118290114264443,0.12051539537778423,0.10929566036480515,0.12328355009420655
0.1142036501714614,0.12236166142985194,0.10960680428951113,0.12383723593050984,0.03608391701757451,0.1076660315404564,0.08940251877512499,0.18997936741378316,0.10685881343172669
0.14749485960705294,0.10121466337217762,0.13521524407700689,0.14675952127424777,0.05743982238326517,0.12199950993912466,0.08834771916040512,0.11703797479956168,0.08449068538715816
0.0992884967771293,0.12278796327862469,0.09534369721432123,0.129327408999428,0.12068251556613792,0.12015699588941024,0.05777913520022224,0.1696911475881917,0.08494263948653465
0.10777530841436332,0.11865159108475558,0.10540165169263861,0.14851194966988024,0.13763327945853893,0.08746928861567675,0.04420644694327336,0.13866375399445452,0.11168673012641876
0.10662602576675588,0.12300664757678888,0.1386281133647389,0.10508603191042104,0.0899625016313576,0.1460452440798374,0.05646146785614544,0.13018010892162846,0.10400385889232637
0.09195543012889207,0.07389117811787582,0.10799470503675657,0.09554247816807297,0.18089134056393694,0.0929400106763999,0.09223073183730335,0.15229650703606143,0.11225761843470096
0.12373097298482315,0.11898596102441289,0.12029706091432375,0.16097639875654013,0.10555857865308561,0.10299833663499625,0.059265498626060155,0.10948617442811474,0.0987010179776433
0.11891198074689847,0.11618834374171787,0.08896778584155214,0.10105855860675111,0.09337066813021873,0.12719406503626654,0.11919327451183818,0.11728552069745923,0.1178298026872977
0.1343295611900803,0.12439639357941572,0.11691097853782306,0.14165374750119406,0.06296630488495038,0.08708972961052652,0.05377963313340859,0.1418203962047148,0.13705325535788662
0.10698873587976131,0.14257328215619233,0.10756237355264926,0.11756971755035661,0.055086426426448815,0.11079658500851618,0.1161566575203974,0.10262483023896425,0.14064139166671386
0.09587909110574729,0.09063680842592022,0.1016409987331393,0.12183094520834192,0.09075377849661813,0.12882815401416528,0.032396540638022046,0.1925944321963756,0.1454392511816703
0.10585600738397845,0.10126621043058519,0.11541758884888233,0.11798962076105353,0.047212101567516436,0.1177184441429679,0.15553663405440954,0.12922103878885788,0.10978235402174878
0.10002586840006804,0.07124985738406713,0.11966929648007872,0.1221732125026549,0.12543387981324913,0.17396976747838114,0.0469906421157954,0.10154654807311354,0.13894092775259206
0.12480962982340664,0.10221362093505044,0.11765178634911223,0.10530607612317928,0.13353695240588256,0.12547803906169808,0.06788175726950854,0.09882874937029484,0.12429338866186738
0.12623789658101534,0.11482044699967425,0.12362550409637406,0.11435691852272484,0.08918052813112326,0.0914759722289822,0.1238226225316208,0.09508938495626172,0.12139072595222355
0.11063292678727189,0.12047508153821636,0.10696422213017114,0.1179575126313522,0.14138427927292518,0.08586876141913508,0.15376049981633105,0.07076478513255534,0.09219193127204177
0.09441704773894256,0.0989941540371822,0.10174483417849832,0.10297450744772935,0.24010222383074445,0.08828514023334104,0.03951166639881254,0.08346804185045338,0.15050238428429621
0.12685914205984658,0.1027873802105756,0.12916397428075954,0.165891715999815,0.043153059781065074,0.11658128996820945,0.13236836750319905,0.11212179624247863,0.07107327395405104
0.10739869693463987,0.13184708892213462,0.11498065351160414,0.11376092686990553,0.05089369835760644,0.10799923290710312,0.14885569859091138,0.10669310732212194,0.11757089658397289
0.10955221155867516,0.11816577002535063,0.11572205226858585,0.10693886528369505,0.09482547366562628,0.1256653847576262,0.062159567594352254,0.10801356399420788,0.15895711085188066
0.0949889125171553,0.12580205777944534,0.0783130494059311,0.10643239948089617,0.14292261045816126,0.08832442829359166,0.09546836131737518,0.15764429239826575,0.11010388834917827
0.11634328064581374,0.11138561474845532,0.0892006718161344,0.10543692579664604,0.14398088763731845,0.10235342551921935,0.10261084071691391,0.13229928379208947,0.09638906932740939
0.10226657456211452,0.12310652818020722,0.12966891744168038,0.10698610318047724,0.06242832099091005,0.09727260466129733,0.11216790000578374,0.13427396297491276,0.1318290880026167
0.10675352940302985,0.11253038181593349,0.11366809910198568,0.1121806958772859,0.11799920879446384,0.1046911358676832,0.09400604984460893,0.09722460605158227,0.1409462932434268
0.12114954127074794,0.15648373651122946,0.1262062993024017,0.1090441325859587,0.04974286558594083,0.07550017530456375,0.13741684144295155,0.0994477300291841,0.12500867796702192
0.13048638907408247,0.15945831137362323,0.10276339923478561,0.1207239811462585,0.06940820423573991,0.11097999918975594,0.06827309911720313,0.10905701505995319,0.1288496015685979
0.11448022044649518,0.09086794581944262,0.15869163236656383,0.1347983010842239,0.06371310277687578,0.13467194841637567,0.04144977501098528,0.10698124611371196,0.15434582796532578
0.10253158269802719,0.12169222545160491,0.10516365486426234,0.11056030352585455,0.1450611423970292,0.0760447328175997,0.0511327025297578,0.15893202702732842,0.12888162868853584
0.08957367398212346,0.13072092856852338,0.07720356641782374,0.10136004827791657,0.06077882575754273,0.1043155373582002,0.14056680997322277,0.18225630010650162,0.1132243095581454
0.12880325265515227,0.11968993564712312,0.1253806707856969,0.13314050879246664,0.12853266442290393,0.10522452711213391,0.036538799930123746,0.08482687287184287,0.13786276778255654
0.11116337128688658,0.09361347160817797,0.09394942834520155,0.09885054613688482,0.20306993265247686,0.09343634072534442,0.043438465236795266,0.12738349478825312,0.13509494921997942
0.10071350540085876,0.08979199249129184,0.10894376741162393,0.11488278774302728,0.07369159244664784,0.1577045621214703,0.07550835783514313,0.12462739356214825,0.15413604098778858
0.10244089093918739,0.0516809741532287,0.09951059535277784,0.0774474743590516,0.28877047160330843,0.09381009778766969,0.03177137101991855,0.10488609300667177,0.14968203177818606
0.11077097254450806,0.14882401857826882,0.1093766735932642,0.132345938416757,0.09005995055224973,0.1052112099878803,0.1304922508198427,0.08028056641961236,0.09263841908761695
0.11684943008035054,0.08765648541266419,0.11247684788486838,0.13086019809717617,0.06576616351686425,0.10307627122749319,0.06524230028651788,0.1668943882880353,0.15117791520603022
0.12397067295647442,0.1776804499698269,0.11398427477312323,0.16305510232023868,0.029566884843898023,0.09929075171158842,0.11414885846175067,0.09326128198905703,0.08504172297404274
0.10647166425964288,0.11377004473499341,0.11725651202772747,0.10075816863948094,0.11947729992981504,0.10065466177890746,0.06544369929457226,0.15084024401033547,0.1253277053245251
0.11522689610846439,0.11854376535131668,0.13202200322327243,0.1087973173461575,0.13766121335425813,0.11867565389943224,0.0600453303798603,0.10507070950190887,0.10395711083532955
0.1184077456511321,0.14539196567416438,0.12251199559972499,0.1467160504302685,0.09810895869221858,0.11100352680497538,0.11862200436211841,0.05904844049926242,0.08018931228613523
0.1366181265105211,0.09495505346352207,0.12891702474571012,0.15635121224130322,0.0654335528988908,0.12219556194080879,0.07446888128542933,0.13105106178105513,0.09000952513275938
0.10259194690516206,0.13148047610692773,0.1156002755044128,0.12448665752307765,0.05315104859799328,0.08435916352434396,0.1778145112454617,0.11662326884526895,0.09389265174735184
0.10716288688484416,0.08369735847650757,0.10110966248529069,0.11308663887786079,0.1451795926078679,0.12335116493631972,0.06132943414566502,0.09666333137129379,0.1684199302143504
0.10378951065826147,0.1202856980439622,0.10407259439148568,0.10647397550269973,0.10372682241202513,0.0936121377957589,0.1989116050750576,0.07462300586713921,0.09450465025361006
0.13445209769825728,0.13422992859294033,0.10216235367056807,0.10567756585972532,0.0814435086236271,0.11529458442296765,0.12276191743209515,0.1328888359732544,0.07108920772656464
0.1209831734225703,0.11747794010716243,0.1263771007981402,0.1481372258806203,0.0599479220258566,0.1043451598687219,0.13968860722769808,0.07557876497510134,0.10746410569412886
0.09907876545161166,0.07140721020519819,0.10069953248052395,0.10135020355409737,0.26831407270365065,0.10604427802181471,0.03561209885627752,0.08398259577358547,0.13351124295324046
0.11461340105368799,0.08968684306907931,0.10258961318453029,0.09747696436656318,0.18588595893391324,0.11185256147675708,0.09906483256945464,0.11383981959215544,0.08499000575385891
0.10409680059581723,0.14554301242486403,0.12422037125170704,0.10841506141050943,0.0908144113342478,0.07849775464049534,0.04910957306045902,0.16599113779140554,0.13331187749049458
0.1100080896489004,0.09323426813044167,0.12932009523550933,0.13761188056680804,0.0968930504037367,0.10086167170558169,0.07665831591713317,0.1483646219812764,0.1070480064106127
0.1333868236745858,0.14651974410667834,0.12986557535094656,0.10363960152282359,0.05248141292536592,0.11652275380296555,0.12724086945028115,0.09684114326442704,0.09350207590192604
0.1186919516148124,0.12870988492504015,0.14538950510407198,0.14082046765535908,0.08084447734370058,0.12387599960300304,0.07805247463808877,0.08230324258949594,0.10131199652642807
0.10763944185272357,0.09406889788445123,0.1176998849308255,0.11536943731407097,0.05500339856124594,0.09464401292828238,0.07222889991872906,0.2237015962497054,0.11964443035996593
0.1174247928647348,0.11386889302636433,0.1390685667918559,0.14142510183792353,0.050034415390642344,0.11633404840691319,0.15257592778406803,0.08808722303948696,0.08118103085801102
0.08380936147155649,0.1041689322796673,0.11128603329108656,0.09366348274345193,0.25192894731577714,0.06352040925162028,0.055098412570021925,0.16348163235603871,0.07304278872077975
0.10851436286769874,0.09686888168649599,0.1075140204958085,0.12308228126040448,0.15084850472491929,0.12086107437439676,0.037166362991681474,0.09523050228855297,0.15991400931004182
0.10563276992497972,0.1163762854806583,0.10101207239308807,0.12205215626371557,0.11447822648005661,0.11408661416788617,0.08304078642379699,0.10005768110103926,0.14326340776477933
0.11218009651728422,0.10130242804018003,0.1205608883109587,0.09834194406741514,0.10424921347864431,0.1100561403021867,0.06581623606197508,0.15637156801672955,0.1311214852046263
0.12398954353635981,0.11061212564604549,0.12532208030618325,0.10021855674213176,0.12151113720067698,0.13095055579737133,0.04783807886556266,0.09317482075492428,0.1463831011507445
0.08726393533691684,0.14892623400111182,0.09648533500891115,0.14348790057299976,0.10815304026571766,0.09108472554293413,0.19593312938278015,0.06462282130296926,0.06404287858565923
0.1274268523992645,0.19605056025296255,0.14476097992104187,0.12494523093198058,0.05262232538379663,0.08829989224302688,0.11050234132803248,0.0659557649165405,0.08943605262335397
0.11374961921965347,0.09177218277092812,0.11866118228145199,0.14658375546235375,0.06331397740200341,0.0986646801136098,0.12390068034274217,0.10340290767955344,0.13995101472770388
0.11082033071963365,0.11452273003623754,0.11696302258005471,0.12080499900284392,0.11649928027247987,0.10662420497510734,0.035649801469820004,0.17331847513603982,0.10479715580778311
0.13401936339952322,0.08692470497729265,0.13359491421699585,0.12589977297186902,0.13300774672465984,0.10471054249200917,0.05195190032873572,0.0953929913027672,0.13449806358614735
0.12225016417633054,0.11298399417288192,0.12174761905530557,0.13181780928085277,0.036432774725541524,0.10637592046090301,0.2006543746722752,0.0839467111070097,0.08379063234889979
0.12609497841713754,0.1547011394562908,0.1049898330768524,0.1400531561364499,0.1444039219251587,0.09897648459471664,0.06513247904805453,0.07406624457450679,0.09158176277083274
0.09505817420406704,0.08938260434735075,0.113100327338274,0.0952635404036035,0.2749845429125606,0.08983613781185147,0.05108394634947288,0.0807526419782124,0.11053808465460739
0.10605653330431213,0.13201183785999687,0.11535579316051577,0.08497714296106806,0.13561227803068507,0.10620367749908464,0.07215938928135783,0.16263068708689646,0.08499266081608316
0.11616463023555701,0.10056700143176704,0.08435592401690785,0.12415707141645627,0.10093271442835289,0.09374238335904661,0.1482048741444207,0.11952952795998328,0.11234587300750838
0.08924670301980146,0.11413672556640493,0.10185890985430429,0.12399401661395622,0.11726338281855929,0.10707141503654116,0.04513862988614126,0.12583505750416737,0.175455159700124
0.11901951834248499,0.1461320924889129,0.13692663623767096,0.12306776009000864,0.05202935289799426,0.10249610102528693,0.07422111304329602,0.1706910519160406,0.07541637395830474
0.11376361456855039,0.09531824196674266,0.10510270400957178,0.10596718746389215,0.15961177358953846,0.07880170131062487,0.027704600305843565,0.18074401533626752,0.1329861614489686
0.14792242407479966,0.0967208995663582,0.14926308529620055,0.10884537019318324,0.057333942526189015,0.13543001845245756,0.06731536806633234,0.09706215589294655,0.14010673593153286
0.13468521098156272,0.18612570565178652,0.10450243498378774,0.12462238466235824,0.050454151237882855,0.12346455334992086,0.09079770721927356,0.07775888463407024,0.10758896727935731
0.09109802691212761,0.08801060029772055,0.10249903569904249,0.08464195862835132,0.16147431497532028,0.13532129284968417,0.030692585623897484,0.2162021257567028,0.09006005925715338
0.12202720301163578,0.13902529229108773,0.14931038075597966,0.13120640246438645,0.04341534431739367,0.11270441126933232,0.07582822713393204,0.10884740952697027,0.117635329229282
0.109544043941182,0.18221813057589223,0.1092131636947656,0.09120380768682394,0.13961189757199025,0.08684275670554313,0.1162924522170359,0.06772113288700264,0.09735261471976446
0.12714185162990144,0.12910364448150177,0.12042791353429277,0.11718946892012688,0.06286426829326901,0.09405177757299167,0.11009619043343004,0.09639122614947297,0.14273365898501345
0.12865851016916466,0.12023682681329306,0.11266498926178259,0.16741003973732652,0.12205369032342962,0.11367732762312767,0.027518645688348085,0.08793129511999902,0.11984867526352883
0.09613657510291539,0.13795046221740703,0.11837728375265559,0.0983997985501739,0.15024341394679042,0.09802627392336932,0.046942401963560164,0.1421991357710093,0.11172465477211885
0.14311826342471048,0.14409144794106762,0.10009036366145668,0.11845818037637883,0.11878823275236855,0.11764531157211784,0.05632607248534893,0.11135957818890062,0.09012254959765047
0.11037791501911294,0.10512764016364455,0.09583426634926878,0.12569825798967774,0.10657298440035458,0.07631113846536894,0.0940250142008029,0.14939061425393177,0.13666216915783788
0.11877666181402476,0.1643447032810299,0.09889432610745624,0.12466117894278801,0.03693673681587078,0.09389724426942259,0.10009837718184988,0.14292812471352961,0.11946264687402824
0.12678728725757957,0.08492561652253082,0.12672575035909048,0.11826759459198848,0.20069072922691042,0.07591973059016222,0.05531333433664103,0.10419526787510451,0.10717468923999253
0.09903571921784819,0.09503394496968874,0.1245372957974827,0.10091127407486274,0.14437295777793543,0.09524973622058752,0.09260557117815094,0.11874014175916388,0.12951335900427988
0.14149618399685024,0.1867837289050426,0.14564754589777404,0.12483990867614804,0.04002880221621997,0.09620971779998683,0.1056472522252152,0.07096179582313306,0.08838506445962994
0.15440903230088823,0.12921752449111332,0.13784239940466136,0.11966890912254911,0.0997379023902899,0.11318199093657803,0.06552617852265014,0.07972503562745141,0.10069102720381835
0.12415956391784204,0.21111879680653933,0.09367879257289195,0.10879435884393841,0.041574669335995955,0.1177648824296903,0.15237595737776252,0.0926220939716967,0.05791088474364281
0.09840491048045345,0.11458561001297274,0.1399487773915987,0.10649354269270091,0.0942852138465189,0.12398626924786828,0.04964508063613068,0.14466826395469015,0.12798233173706627
0.11579318346312463,0.12601340449829332,0.10108902907147356,0.11290758261795301,0.1266427431874458,0.10251746755075834,0.0351999503627813,0.11017940988760093,0.16965722936056907
0.11037817821089609,0.1650480805934974,0.12492451373397277,0.10681798782253958,0.012449266411583412,0.08375403546890996,0.11751738762696046,0.19555503134347751,0.0835555187881628
0.12191158114918783,0.14485594463363066,0.10859479356892465,0.10251451674007496,0.12309235085076153,0.10359485120632396,0.06279240491281099,0.0833990280041242,0.14924452893416115
0.11494957205161087,0.19452656306489838,0.13120052552502162,0.15307882344161858,0.025693191876358396,0.10839539926138898,0.11276391517887814,0.0664192837895362,0.09297272581068881
0.11748405757250774,0.10583287656810413,0.08781102759736631,0.10681165441650692,0.07199506347178197,0.13531717538027738,0.04596796795005076,0.16898630204853893,0.15979387499486583
0.11022828515345635,0.1011496212887197,0.1083193404228268,0.11786839491745676,0.1030982864880279,0.09307873657237353,0.11689147141469945,0.12254752720755628,0.1268183365348831
0.10553189700378994,0.11871911331364249,0.12230088752667083,0.15009290696232566,0.024415549453408448,0.09762958110550858,0.058473513118027086,0.19195253660668857,0.13088401490993842
0.11038480469986701,0.11626461375696324,0.15157039362274025,0.12230150603748673,0.0784505989903269,0.10377239247533505,0.10387408835516913,0.1258011633968035,0.08758043866530808
0.10895293328673848,0.10039850096344043,0.12188430682643352,0.11585763615699095,0.02830722244586129,0.1149282488189224,0.07363123804007825,0.2154358515255971,0.12060406193593753
0.1072257106982716,0.15035507257858502,0.15630324901729087,0.1216317096252192,0.08967711696122783,0.11102500662261534,0.07147005222148212,0.06705864687773944,0.12525343539756859
0.135655291420496,0.1275229123864311,0.1139055098642109,0.10768252808322924,0.10840766373387406,0.09629872619099832,0.041135371120699156,0.09332580047286933,0.17606619672719193
0.10025365969163469,0.12210259033333452,0.1040472924489934,0.1446563064343786,0.12054004580798211,0.07796466648754828,0.05223274335240141,0.19019077070896742,0.08801192473475954
0.10509631229349198,0.10904620095290617,0.09794416405987787,0.11906180002679835,0.16341207998356014,0.11707960285236796,0.04547564907839532,0.13747930534527442,0.10540488540732783
0.1349360155134933,0.09100070508296772,0.11280187532821928,0.1056145785604311,0.15759356275059191,0.08877427570143877,0.09010511782134893,0.11191758864573148,0.10725628059577748
0.10689795101561661,0.14770459223765844,0.13040523166653026,0.1237236460079889,0.04539234700720335,0.10035451925232276,0.14381404560778951,0.1049880853357219,0.09671958186916822
0.11947719897880987,0.12156039521696706,0.10999966684635021,0.12827453358631513,0.1506871516510692,0.07852776397988527,0.1052865893085791,0.10192933415073513,0.08425736628128892
0.12427637861962922,0.09569967627292368,0.10448734507681647,0.10581217210422844,0.14196183878350813,0.14356141067466877,0.0447451661162537,0.08306858858338474,0.1563874237685868
0.10465540241510839,0.11844885026107921,0.08303775232804987,0.10944637317314702,0.12320919475510476,0.10324026909801354,0.14285752655197706,0.09713042949473559,0.11797420192278447
0.10729503204411972,0.06393602415843998,0.09633477181646159,0.1057498424614121,0.15466192613673,0.0866332646973208,0.18829270390864072,0.07405215005067536,0.12304428472619965
0.09145209260392972,0.0749811429514634,0.1146372027611176,0.09594753165649199,0.17390629543623312,0.09065193082015371,0.07088015619184894,0.15522814773119184,0.13231549984756974
0.12102598756770633,0.13975866676607515,0.09235761367955449,0.11651996644213695,0.07687514638462832,0.12407382878153421,0.046042895373358324,0.11851435551318305,0.16483153949182308
0.10392995494527253,0.08516342762636064,0.11237265031821729,0.11876067096155601,0.11559799032017043,0.12347969219445666,0.04550062578697379,0.14684335957374306,0.14835162827324946
0.09379128255778278,0.06586579688771056,0.11292086887977137,0.10679757549400397,0.2749550747479583,0.07343816767355903,0.07240007997606286,0.11144034202521103,0.08839081175794007
0.09489251724872455,0.13349016074267142,0.11074321829841562,0.12604717322830825,0.07312349922048733,0.0992439199360753,0.08356383405369062,0.17137149130363405,0.10752418596799285
0.12256885964914105,0.10696639095949521,0.12313506446377549,0.09839094235938338,0.08096627029992944,0.13797922115233793,0.04617847572196068,0.16953983736296,0.11427493803101679
0.14126229098858079,0.12155369535358784,0.11111256556167194,0.11219102038104727,0.035334211127376385,0.09161013567074212,0.24618892304533188,0.06552468061270422,0.0752224772589576
0.1113193892539978,0.06450248583677466,0.11187362568434728,0.15369247220387075,0.11235871119431173,0.09129497108061879,0.09586223318463977,0.10343149671873818,0.15566461484270097
0.10784761963339001,0.10604629122613296,0.10788878777674087,0.09828291386300735,0.14784280783764206,0.0838196599210584,0.10939487668223159,0.14097329917843415,0.0979037438813626
0.12616982582935002,0.1034830024054486,0.11364056366058901,0.1076212504233211,0.06016793774827945,0.10837868027056896,0.045168453982891515,0.17852409606141775,0.1568461896181336
0.0997762305413948,0.13900187993431876,0.09074193420580562,0.10901101849302697,0.13380523288615676,0.11367850200368945,0.10022192769113462,0.10228493339257087,0.11147834085190218
0.12079710791126924,0.08772899048112337,0.11014465574187167,0.11926656474197232,0.14901075301166755,0.10472498341489915,0.0753356689991616,0.1058928972989367,0.1270983783990985
0.11630389453583723,0.11319909773097674,0.1226909783630497,0.13687453735962254,0.08588606867214225,0.11796684298153493,0.14242839635417529,0.09737388280386017,0.06727630119880117
0.10557910619900666,0.06323204247395231,0.08305991217901838,0.12233865070645329,0.2574198649099168,0.12194814085496665,0.040634773381582195,0.08329136773249178,0.12249614156261202
0.10366981069221563,0.08338053208452272,0.07510479763983224,0.080257751088248,0.27415699538241584,0.08286112525919982,0.08411969251586926,0.1331325948485217,0.08331670048917472
0.11553621364380424,0.10138173402487499,0.09748490529430826,0.10855852766673611,0.16497232409237172,0.09399182374647998,0.0399612502063477,0.11526071826993224,0.1628525030551448
0.13335658678467563,0.12138578384065081,0.13015556835011796,0.1214248302710656,0.03637503960682769,0.12927420627342254,0.10057379257355283,0.11215180024414902,0.11530239205553794
0.0890032383360882,0.13369693496746154,0.09380777168027797,0.10314601635449083,0.13443123004449986,0.1181339754368592,0.1298635533581451,0.10423434725091352,0.09368293257126382
0.12234012759004204,0.08629367777629889,0.1284046705138649,0.12195919043270764,0.08015264341821289,0.12385760501851906,0.1120570510755951,0.10596620255691817,0.11896883161784126
0.11678677197158475,0.08703279604221158,0.11603538655361108,0.09913882645043842,0.0894354899450754,0.10337805550274744,0.1095160167199547,0.1733296164094352,0.10534704040494143
0.09562469438048787,0.11494875756470559,0.10191895920013776,0.13454442968534547,0.09995874819596245,0.12048228537921252,0.06994726076926495,0.16102632849096085,0.10154853633392254
0.1116258647394846,0.07981043210837864,0.11254245350660814,0.15951191669842346,0.17492738482504522,0.1285749879500504,0.03220763920570761,0.09785518686715301,0.10294413409914892
0.1033355905905164,0.11487590704736557,0.10276275812236828,0.10558851863691514,0.19004044213132107,0.07989338615944121,0.04735169021601471,0.10395256241083599,0.15219914468522158
0.11231695381571538,0.11998659156650394,0.1046618430870535,0.10618462355557995,0.09556573833038252,0.08537311615032718,0.09383626902875238,0.1068492328234336,0.1752256316422515
0.11220098750800196,0.08993829859157772,0.0958908493374259,0.1162674626762122,0.14802776914588958,0.09301422770781152,0.05668579939831864,0.15823483786519799,0.1297397677695645
0.10564683397362756,0.11621164280569,0.09556980306339079,0.1080009360100989,0.16914684498363264,0.08105598168355233,0.05609583358074396,0.15522616814762627,0.11304595575163755
0.09894302967094158,0.11721048837115815,0.09628616438084601,0.09856403663095782,0.17065468650629337,0.08152831601004014,0.04228696266407069,0.1414378743020183,0.1530884414636738
