0.10834092294371805,0.08432975440235958,0.1127474487223075,0.11019328528904514,0.23157841808833188,0.0892073664703521,0.032430847189797794,0.12864515024150266,0.1025268066525853
0.04747592892070187,0.0679422024578694,0.07628191250573206,0.07703131007643425,0.08026690338127157,0.354760220005547,0.1431003070468121,0.10206852628921924,0.05107268931641248
0.18661333273202105,0.08648309712317899,0.0878440377967639,0.058965073659017854,0.05416215170672273,0.27077138822988506,0.06212740835870769,0.0946836472859489,0.09834986310775391
0.12570277988700737,0.1071430269070901,0.13699194765266665,0.16745293537411207,0.09014625153027502,0.020095921367255295,0.0577646941552629,0.10429319021079864,0.190409252915532
0.09978897926179964,0.09152047287299431,0.12338420727116234,0.11323730437167968,0.26340189258893215,0.04772765672432155,0.10219674279216205,0.06490405759299002,0.09383868652395821
0.10952552161699795,0.07267985005596334,0.10241450021644323,0.08107709756332783,0.0659406708136099,0.3116391422712487,0.03212584947739932,0.10966123600141109,0.11493613198359859
0.12354137001681897,0.0919524056064216,0.11323941590715246,0.17309920318680497,0.15905764490246665,0.032507318943492715,0.07337557250982572,0.1305433050211033,0.10268376390591367
0.08074783634831018,0.060390020051199644,0.11662038465108733,0.0760056924435084,0.09067363364452787,0.03945678851102475,0.24026664442597445,0.17359657656197344,0.12224242336239398
0.12743076239598927,0.08225817397464608,0.10979373908130285,0.12257288869096494,0.05359671377994382,0.13836065479261198,0.11437177577733608,0.17995872338550534,0.07165656812169972
0.13203044394519428,0.11606901147061277,0.13507800903602396,0.06588251572425807,0.11746556264172259,0.09008164842499866,0.05546208455956856,0.0980100449163573,0.18992067928126377
0.07920428505023167,0.08940394147376635,0.12039828975635981,0.07294958113541146,0.1215090489961026,0.21402555011448313,0.09913299897560147,0.09977608465434125,0.10360021984370223
0.07994767301400142,0.1043702357291565,0.09172158538816845,0.08826388403424028,0.1049941647308994,0.27507706893203016,0.06176954310051285,0.09709457303416387,0.09676127203682706
0.21731639884131473,0.07144541306025859,0.09427071789817106,0.06571077449987901,0.04242157792235692,0.18050874093280803,0.05105275289750341,0.19833564956797287,0.0789379743797353
0.08099161286606328,0.06541573020210469,0.11984730508032182,0.07498200673352538,0.08247699230589323,0.31113128538006946,0.049669297307693906,0.13566828023930225,0.07981748988502596
0.08628648262287501,0.09440487918708464,0.08683986639935509,0.04862996222796293,0.0625620266690005,0.14223130588593694,0.273351921212823,0.0855775092194601,0.12011604657550173
0.1460816641377017,0.09885057926300685,0.10339021532701981,0.11795836648563617,0.0635289317993216,0.18066666610182922,0.11541614754842798,0.07962360376782532,0.09448382556923135
0.093246315948389,0.08072701074984749,0.12962531422556786,0.03282095841676785,0.28526395062666043,0.08533044097851229,0.05338686767746357,0.12644042450472287,0.11315871687206865
0.19343101720249112,0.07751988366811548,0.12246558596652769,0.08091835128915124,0.08759468960075256,0.0522822567737831,0.11017679844358132,0.16283985858576985,0.11277155846982767
0.16229639990530517,0.09387271080645286,0.11563238699591509,0.09323155896956346,0.0698086791878919,0.18563068259950313,0.06440400182567026,0.11500067832862344,0.10012290138107466
0.11040827197721992,0.08812587769416501,0.09499394085945238,0.055005362565124206,0.1615898111642664,0.23031833635915824,0.07628634126409596,0.10230458056488571,0.08096747755163214
0.1743142387606762,0.12141578814561375,0.16402399249664776,0.06706539961990837,0.06364375446670432,0.07050787392078088,0.06946089940101187,0.14668759361925063,0.12288045956940624
0.14173597794272538,0.10260625728275119,0.12152654754073615,0.1284408058133641,0.07894021991819268,0.13078207084755267,0.1090385451318719,0.10107737058961717,0.08585220493318883
0.14992627147398854,0.09296043686846961,0.1349700339356911,0.06410589485513767,0.12856764030488865,0.13377411727588503,0.08546807266687217,0.11592278068243589,0.09430475193663124
0.09310651741121571,0.10304744396166016,0.10001485627327437,0.13001605642086697,0.14175703606412007,0.07201867655341222,0.07623306811451061,0.14150874213302247,0.14229760306791747
0.10005483690357538,0.12157869374385098,0.12953193185911024,0.13708736049748654,0.08198410381646548,0.15802774579230633,0.04202196249552501,0.11724130338263712,0.11247206150904276
0.1321603460191451,0.11885632032350268,0.129742075869681,0.08379267784437283,0.05928460635662928,0.1973905387078783,0.0853831857822866,0.0890497867351255,0.10434046236137882
0.20836454448296216,0.11069579355273086,0.13065138080271207,0.08064692687744345,0.05968814739981928,0.15596730388668442,0.014984494977595556,0.08757637170195236,0.15142503631809986
0.09841917011354484,0.10281825335881357,0.10881664910050666,0.09209486789523637,0.12701019762587332,0.07531197846093964,0.08064340030438717,0.14031604575281195,0.1745694373878864
0.1547120024979783,0.10383492609068679,0.13435859191331187,0.13378383271654118,0.10047290371394275,0.07434868392276113,0.02475386146365849,0.1285943431976061,0.14514085448351347
0.0861442129356859,0.10692401742482967,0.10242955615174344,0.1070060746416659,0.0774457843746763,0.22515691378541725,0.06935686607656978,0.11114535821896689,0.1143912163904449
0.053843632838557746,0.11844865112516807,0.11347368414091703,0.053312084184755894,0.11217225164162138,0.21287083744164173,0.14262134843566615,0.07770855819625687,0.11554895199541511
0.08013561170301274,0.07884486595725036,0.09215024790822955,0.028876227940670005,0.09961932450708165,0.35409569997075513,0.07717484920163394,0.10617269047213664,0.08293048233923002
0.11060350593912933,0.09200586451028629,0.08367049757357653,0.05162390151048043,0.12049932518396289,0.31993227580522393,0.04074542616810086,0.10716013312297344,0.07375907018626632
0.09817018465480816,0.06484930205622043,0.10133526759945942,0.12473119001470101,0.08362904971041103,0.20834223989888342,0.06217818566671024,0.17767925724874775,0.07908532315005855
0.12642556369381797,0.08591115616071683,0.13310229692618333,0.10791689168758006,0.05432213330994604,0.050645563641757374,0.20330146834747873,0.13420864956073697,0.10416627667178269
0.16912976710018954,0.11193894763879593,0.10596357834770576,0.14780541280007087,0.12189158114544764,0.06332031002527873,0.0282134449369299,0.11809863274968561,0.13363832525589595
0.10790341079266262,0.06718780577415488,0.10108436763829028,0.1328516902076237,0.18204659564423578,0.11030936279934382,0.05839591689451314,0.1673313442668397,0.0728895059823361
0.09713817469757928,0.10348064111400983,0.14422353803564106,0.10961263202570887,0.1098749010969038,0.05948706311985038,0.10229684454800514,0.11923025219547656,0.1546559531668251
0.1332656671878679,0.0915401284047835,0.13476616786005388,0.10152915019157759,0.08485138112701045,0.08044018114322188,0.12050834308719022,0.11994693675720747,0.13315204424108726
0.057312024660303336,0.12057402394707799,0.09979394294569159,0.08852907038910775,0.22877406336462855,0.15167570639142317,0.05690751471263894,0.09586067003455545,0.10057298355457318
0.11891924954544232,0.11466673201734441,0.09838125897271116,0.0502750989556258,0.10377060517879151,0.21267368845141088,0.12217010916929899,0.08136465206482059,0.09777860564455433
0.06246241524959086,0.13161768533049314,0.11370116539828341,0.09384004792168432,0.12556774275118698,0.10731348558710115,0.15265670144510432,0.08534549957840316,0.12749525673815268
0.07994465968332476,0.12436525903011313,0.12544038360954715,0.0844756442748864,0.0947832083548152,0.20082712964975372,0.0926592210819736,0.0705122104280607,0.1269922838875254
0.06990693713970958,0.10745963771651562,0.10007928108590701,0.10565165728287174,0.18373244838695532,0.12568527977337077,0.0670766143453877,0.09953433874609596,0.1408738055231863
0.06217793817974656,0.10283363912156805,0.07859299249041364,0.09375539305394386,0.15819865480699288,0.2593550234869256,0.0518809394549217,0.12431677660271402,0.06888864280277367
0.11040310473319075,0.1125142902294889,0.15216815186151736,0.17234499557120217,0.12840614123053837,0.05240682621389534,0.02479742715069026,0.10622165772028269,0.140737405289194
0.21291349557493758,0.07653265338566734,0.11956234134025924,0.14837552408799956,0.09888938726689232,0.0617320593667058,0.022746611024405103,0.14426027814982356,0.11498764980330951
0.11792882177517487,0.10191614001413642,0.08731600527501593,0.06491391188115374,0.09542511757817063,0.2894666604044581,0.05090715435674583,0.09039482483483173,0.10173136388031277
0.08466633138513562,0.14311687565970665,0.09342081687631439,0.13355779658446698,0.09370047601241334,0.029103668881468012,0.20083035461874918,0.14067123448201654,0.08093244549972936
0.15032296936457448,0.09110428570376923,0.13093356998446334,0.08297332967872649,0.13720987776133858,0.024712737277037294,0.15268671651125493,0.1064974581752481,0.12355905554358748
0.11503326271059959,0.08011158682365128,0.11201567175805234,0.1153117578887019,0.14557128080315865,0.04730139308850698,0.05990478547739072,0.22149282337882237,0.10325743807111616
0.1357048469976457,0.08708802146245537,0.07720864397682899,0.14955961346467886,0.042825027748447965,0.17497263967094948,0.0973606947459531,0.1712002625431394,0.06408024938990105
0.14796232868260312,0.10285946832235975,0.11394551520395313,0.11930113347544215,0.12027049255651094,0.03501558408197413,0.17594426735505278,0.09937472874445663,0.08532648157764737
0.1220091373879363,0.06720741780332447,0.13651001440659669,0.08204552154261878,0.12100072900408947,0.04562474972044636,0.13169855585859186,0.17155535113384957,0.12234852314254648
0.11305737692911995,0.10121209996293072,0.1476675106455738,0.07935383126740463,0.13457803424600376,0.057072802503963155,0.08630395245570048,0.15445477910352254,0.12629961288578095
0.12620498497644617,0.08656244226399656,0.08561900755804468,0.06938942283035372,0.15376727449083274,0.21916410583363502,0.02579525694326033,0.13794831018893622,0.09554919491449476
0.09586598542502389,0.08242322544561188,0.0872689396225234,0.09204861560896055,0.13976169323965684,0.1551577561344338,0.08026944446519692,0.162743521991636,0.10446081806695662
0.06812625915486804,0.0972844110976616,0.10220409648022048,0.05993419056048804,0.14921817642090726,0.13293980064327882,0.17259168139857586,0.12588040633761177,0.09182097790638817
0.1179577926240809,0.08845646795580082,0.1183649553461349,0.05581107892959958,0.10848117744445529,0.07370565186848636,0.12648508850332807,0.1958326376981663,0.11490514962994763
0.07266164505597168,0.06724184183069123,0.10233213624315109,0.10255052088522958,0.1242476871017747,0.22262546729406593,0.015214571720827233,0.1530463871243253,0.1400797427439633
0.08224643956841295,0.14599502659240987,0.10254367219129823,0.16751221991670162,0.05519152076536433,0.03015286873756536,0.20232616937455503,0.07405412590173129,0.13997795695196127
0.0861442129356859,0.10692401742482967,0.10242955615174344,0.1070060746416659,0.0774457843746763,0.22515691378541725,0.06935686607656978,0.11114535821896689,0.1143912163904449
0.0953987698224724,0.14685336419024608,0.10449679352861219,0.05346887455614871,0.18367846814297759,0.08258999436644468,0.17922674098610528,0.06666899607979822,0.08761799832719486
0.08256628316091982,0.08610474909356891,0.0957183058288682,0.050686590883841025,0.11657382485973831,0.256658283496384,0.07139160332069415,0.0981817589601247,0.14211860039586097
0.08491321413680551,0.09514103273334851,0.09279707216356482,0.09161426174052771,0.04026062390038688,0.11117847357052742,0.28094202270460544,0.10884138733164138,0.09431191171859236
0.04843836110161768,0.08897091419048662,0.12284949504747521,0.15733927926410565,0.1311233575995889,0.05420679819421809,0.20101186482696762,0.10831744203266584,0.08774248774287452
0.07310732402165153,0.07108854696608996,0.12840485549286532,0.09255424289330068,0.11131825450745998,0.06732483950077371,0.20024158650179236,0.16054060697875747,0.095419743137309
0.10043631265213655,0.07785754755079187,0.16001749707347987,0.16149190313239992,0.06863955272269286,0.1707331379930376,0.021897441491567405,0.12946799982477442,0.10945860755911963
0.049708966839527045,0.1418911328779063,0.11337137056255751,0.10735367722720375,0.12076070503600593,0.11324778694400593,0.1097156343400381,0.11493684988667759,0.12901387628607783
0.05536225384296042,0.07490451920990386,0.11853209293595156,0.07524146929026335,0.11726529088205036,0.12326715216650279,0.1884113090081362,0.12107097437505777,0.12594493828917366
0.07738004606602107,0.10131170516640631,0.104314882268094,0.08824800571316076,0.09891149469550332,0.008638269561027012,0.23710725019170686,0.1769551689480027,0.10713317739007795
0.10482063564806617,0.12179947913435346,0.09754542842063452,0.08982942087315764,0.11355099961117078,0.08769281420815504,0.18292298240077728,0.11836834797213341,0.08346989173155184
0.0997338843062477,0.12825515382349242,0.11184105593430059,0.11711967936316152,0.14407620512066643,0.15423466010066597,0.05377365409142829,0.08340895824119676,0.10755674901884034
0.08855923846394304,0.13388868565652964,0.09329958634368345,0.10738946817856983,0.053747184703478966,0.047735302855919724,0.3032890505588453,0.09233805187707374,0.07975343136195635
0.11945879955367007,0.13567466562459862,0.1348072003570354,0.19241184633777433,0.12989368368772036,0.03340829283107345,0.05736711139821147,0.0938627544048759,0.10311564580504039
0.07514844122725196,0.053681846165186446,0.10636648536021265,0.06644110228339549,0.07710281291947683,0.4003526430535877,0.045514144583844084,0.09121073962734662,0.08418178477969823
0.06712412192102564,0.08091415650591796,0.12686320423318428,0.04900441929202951,0.07257929563390635,0.36787119522008443,0.027605889428414104,0.09258492672351254,0.11545279104192507
0.11095070165002002,0.13755430890796147,0.13475495314303135,0.10522731212444449,0.13973154549779881,0.029348958269600895,0.12581260704816669,0.10701198387900535,0.10960762947997098
0.11614172911859182,0.09581444148829114,0.11752175342819327,0.11175539535012281,0.0547288076946745,0.22664131699499548,0.02947346325603209,0.12244761812998073,0.12547547453911817
0.1467225433902973,0.07000056042610005,0.08247718283479095,0.044875306644911496,0.05646603339160467,0.39700281876933374,0.06791466165495076,0.06847589978266928,0.0660649931053418
0.16042832996178558,0.09644286520050965,0.09442854149992552,0.10575415077190398,0.06536241867333127,0.16510585626248797,0.05373005419790095,0.14733263531691376,0.11141514811524127
0.1156003050233757,0.08900526801364143,0.16343128693087342,0.10366640486813938,0.11652194448578379,0.06171854701427021,0.06380697706095519,0.12539454909325232,0.1608547175097086
0.05876661531746761,0.15776870324033818,0.12334117497772913,0.08192441945457085,0.09153504997990607,0.06688859421771397,0.1688162209516618,0.1134375256550818,0.13752169620553065
0.08836750779800506,0.08958864021424101,0.08484381583996048,0.059498982870912216,0.04280309469553887,0.35222108817589687,0.066277424741005,0.11048139724849522,0.10591804841594522
0.0663333785068774,0.10593352706228833,0.08175734075590091,0.05729838030060389,0.12193810088117385,0.1420126229487033,0.22463865836562633,0.08417852657353893,0.11590946460528716
0.12222852179352643,0.08074809485912894,0.12334992336938581,0.11614790869960939,0.0979720033497738,0.039669899572354395,0.1795357884717326,0.1244351704076609,0.1159126894768278
0.05750724922554477,0.13494225450867917,0.08701529823706995,0.10708455473782441,0.12952274717957304,0.06041450477949762,0.20471064862204802,0.11490039256999,0.10390235013977302
0.10626068498835732,0.07637346925472455,0.11676447420448742,0.14433435874258624,0.07239737378751986,0.04968939048700286,0.13208955985342552,0.19055536944810128,0.11153531923379491
0.21426035567131652,0.12481744576593856,0.10496168901678572,0.08013487119018275,0.09508077118115443,0.049961286343100965,0.09871714793552538,0.09093190955836743,0.14113452333762821
0.10007011583292558,0.12528975978792237,0.08980259521066462,0.1429385789376644,0.07632064778618286,0.2082285777224954,0.08197973707338237,0.0842682289869614,0.09110175866180105
0.11099440006111827,0.08148274473045264,0.10942528685393116,0.09660610439733473,0.13091524299870344,0.2244843994449861,0.018866200785989207,0.13006339587288182,0.09716222485460262
0.17182878237663515,0.08523780864778145,0.149639144097748,0.1802871616520837,0.08741920994037528,0.08669972046230208,0.045683653686301263,0.09524320535268092,0.09796131378409217
0.10899185148002398,0.08907336121377844,0.12901983052399482,0.09101961667026426,0.2096909695166809,0.125086776916995,0.031264383543343426,0.09744418516071522,0.11840902497420397
0.11782331188907384,0.09166702928901065,0.08650022712859856,0.09137135996217305,0.21083224268110165,0.034288764577631095,0.13187286966436984,0.1255473001622081,0.11009689464583328
0.07523522615818973,0.12857538565786977,0.11457941048417346,0.07970341815780507,0.11323321358068557,0.03278608113510404,0.23774667776318922,0.07543176925739052,0.14270881780559264
0.09808340987927246,0.10912561483455169,0.15491119171361803,0.1466791302101125,0.12449245979672229,0.01795404944236186,0.0686515509167508,0.11046421564453213,0.1696383775620783
0.07244655884241898,0.10851428355279542,0.1229562042420524,0.08905768155285493,0.12822366199923108,0.10240393442286588,0.06385514111877759,0.1092279758415143,0.20331455842748938
0.16118035670457673,0.11730038761212867,0.1372481572720972,0.11808476602486591,0.05783144477283949,0.1037171352326423,0.05467457634354039,0.1163428767863588,0.13362029925095062
0.1220606076769103,0.10633048705979177,0.12070741477426179,0.12647079186956897,0.08110695949656109,0.143463856924482,0.048190263028279466,0.13593736181239555,0.11573225735774902
0.10631471017692927,0.0830631702904104,0.1182966458770286,0.04439548895869148,0.0912555775915399,0.16813523772264308,0.17527798624402835,0.09779310654849854,0.1154680765902304
0.15137210160651235,0.07845655235090528,0.09444969558135945,0.08311557636885065,0.10022630476302123,0.22638183524109312,0.033941564401305704,0.12743055022317828,0.10462581946377393
0.11806531269547098,0.1331138275224171,0.12096416030735209,0.06638188902180946,0.11880705434772028,0.180910222950645,0.028172127519171485,0.05483499923316778,0.17875040640224582
0.12636331371677176,0.0838322139285932,0.10136143395399476,0.12319883316845742,0.10208762377962116,0.10788737235217087,0.09883447573411296,0.16565292565294806,0.09078180771332989
0.17022812171905413,0.0669001209830571,0.11776292182253682,0.10796457641751085,0.052094759871860664,0.1083190136304996,0.08890756446800337,0.19201143071616555,0.0958114903713118
0.11674987564836685,0.08860293684878007,0.08841114954846845,0.03519480696563649,0.11407391192030632,0.3503928194062958,0.05332903690935648,0.0736410608430926,0.07960440190969688
0.14689551172666168,0.08614981535244497,0.09913359294356257,0.11027866678421461,0.08412583380692053,0.14199685643466156,0.085148374177943,0.12089401775616154,0.12537733101742954
0.16784360589968741,0.08377750387455879,0.11182808528279385,0.11859629403263942,0.08126269537536623,0.09025035779282682,0.13658804612211833,0.12258305957625885,0.08727035204375033
0.06324809668738184,0.08151288095261698,0.08233329379952908,0.10621028635713238,0.07331098726287245,0.2435917677254095,0.17087254860823595,0.09341093646918129,0.0855092021376405
0.09874487841761247,0.141821362985392,0.1426467887637607,0.14740665425500873,0.08520045964301316,0.04005724896798881,0.08940790193315955,0.08670260877871977,0.16801209625534475
0.0809416394484951,0.06292525133527654,0.09041797655580432,0.10662082037768635,0.12384473541325088,0.2711683832804766,0.05738064791788835,0.156994232801286,0.04970631286983577
0.12606588699749255,0.08841038217939053,0.13236898448329357,0.08312465835366403,0.06243908440772908,0.16375828155920805,0.14084213978179425,0.09327850222922167,0.10971208000820638
0.12029949169121774,0.1341428718625864,0.11668357571009523,0.12154622149853529,0.06068882563717682,0.16343310822866275,0.06712941372911223,0.07968587034698167,0.13639062129563195
0.15058125748300047,0.08271471545841151,0.12303178301652302,0.10566016039198857,0.13618580044747783,0.048906254648088454,0.040793026277826196,0.15466903620601316,0.15745796607067075
0.1750645734366817,0.09932715520437803,0.09653285573640742,0.1338553764083739,0.06548160723928965,0.11967592330294634,0.04546947787085063,0.13199296083787063,0.13260006996320176
0.11719087301766919,0.08971569874893355,0.10875674702719222,0.06723770112676038,0.22846698874319724,0.05220227495217228,0.06682916190098019,0.1713702081816373,0.09823034630145762
0.10722010961365637,0.08837343005823171,0.13033759848933646,0.11268051279569065,0.1155322924572188,0.12559428296192923,0.03599855642668121,0.15423449760300026,0.13002871959425533
0.16784360589968741,0.08377750387455879,0.11182808528279385,0.11859629403263942,0.08126269537536623,0.09025035779282682,0.13658804612211833,0.12258305957625885,0.08727035204375033
0.09347597649295708,0.11979715738325662,0.1309939044617081,0.0907270280271964,0.10028990986187741,0.2182266897318943,0.05839081024731505,0.07024827510712979,0.11785024868666526
0.059711965260737854,0.08907038484225893,0.08745355031424114,0.10047081238719828,0.1129243228363116,0.03529416010185211,0.2887013136918561,0.12476692398995916,0.10160656657558487
0.14478014692752927,0.13015991610978425,0.12085389022297531,0.1290645815283615,0.12420609126370508,0.05424130836242822,0.060681282853921346,0.0980113018371328,0.13800148089416223
0.08630646853722439,0.09080340995205329,0.09349081744884757,0.08911517237055083,0.12157406967830414,0.1441028313476757,0.0651145590971468,0.19458705583351735,0.11490561573467994
0.10341722338556268,0.0842950976096236,0.12383234770527878,0.10293117371031468,0.1327345925286826,0.17810153209190213,0.05207861017812356,0.11118004819474538,0.11142937459576664
0.04532643904978942,0.0944167344367472,0.10198971900045273,0.07423056518993901,0.19690991435301905,0.06444359494595132,0.15052266491063426,0.10278753689622926,0.1693728312172377
0.08465565372018295,0.08957100964722836,0.08083047160798536,0.06261485340648441,0.0640565292733924,0.033025147109019326,0.36786196566584356,0.11106281196032479,0.10632155760953886
0.11009723202258903,0.13483801261739495,0.12918834758821873,0.0807891632164764,0.1172120547378989,0.0861763159330559,0.1356115439817801,0.13278173640014826,0.07330559350243772
0.14634566574149505,0.11071415172079486,0.12059448027354318,0.13528674070166977,0.09648614715214139,0.15647400379191403,0.04261270505107049,0.09270143264014889,0.09878467292722232
0.07474175723839825,0.1496189318233072,0.09019304792128402,0.07042195711576764,0.19636901727406866,0.02036919934983772,0.17330916083863604,0.06860419086688901,0.15637273757181136
0.09857496784515596,0.11255458925828155,0.13024137727957832,0.14110344644404405,0.09193938892281318,0.06836861673544418,0.09774557202791041,0.14302104248208813,0.11645099900468416
0.14285302036186726,0.1280098363020126,0.11682297584125935,0.10130261354107155,0.06857174423347574,0.051348370610409776,0.1499601125806882,0.10870382768024456,0.13242749884897095
0.20947124134267972,0.07589350442499025,0.14548311190681532,0.12840348766120477,0.09030497599546405,0.03245952180946166,0.05898173494281234,0.15304392541365505,0.10595849650291671
0.0762147321152158,0.08224442897044083,0.11153238295642208,0.1068695206018911,0.13418493242658125,0.13880509096225738,0.16107801822793746,0.12442949622852051,0.0646413975107336
0.08739596613255103,0.0800752326844531,0.1098371541438925,0.1255759193499911,0.22934071854722937,0.04957648178317373,0.06097206206240074,0.17071702929078725,0.08650943600552119
0.07069186789420594,0.08650826626282603,0.11839523083039612,0.10649117023693527,0.0980338285560382,0.2574586629688617,0.06063891203359536,0.09789203548851903,0.10389002572862228
0.1016182149804874,0.08865463110180112,0.14074488201961913,0.14092411150045808,0.054690311383422285,0.11156405930943332,0.15842314212225195,0.09502642658903389,0.1083542209934929
0.16493599100266043,0.09378414454398276,0.11082169986685413,0.05655616416017864,0.07656220599294729,0.26422056011957346,0.05915292762148474,0.08790087692451247,0.08606542976780601
0.16551062601397717,0.13417584071776867,0.10905216794382006,0.12091679352523683,0.06386349380389368,0.04004682480108165,0.108951905729213,0.13019988480428524,0.1272824626607236
0.08655760756177576,0.10558306208627359,0.09781357121690289,0.10990064498432868,0.08006991717833432,0.08028781910220756,0.2361469941840588,0.11618928401892363,0.08745109966719482
