0.1085912509620049,0.14117940056150496,0.11940662405265627,0.0949525048069661,0.09611460626627395,0.12192288521194179,0.11838802427427464,0.05693463892257596,0.14251006494180138
0.130914762298217,0.07696511531466389,0.10050615534527213,0.06829980577151294,0.12075828401144796,0.09883772602684121,0.1315096760140457,0.059947750479660646,0.21226072473833849
0.040641515455998756,0.20517318373095825,0.11262585514207178,0.08162376629981584,0.09803137771210814,0.12835558340904105,0.12055080283837578,0.07202168169656328,0.1409762337150671
0.09737270216228024,0.0914658284046761,0.11136179159683744,0.07058523537877408,0.11104378934380595,0.12078772592319821,0.12422548092621279,0.08059246335341252,0.19256498291080273
0.061461513701031395,0.18033274386766504,0.10678152612474934,0.10350305412210958,0.11340043584759842,0.12113907115582094,0.15304991667005677,0.07801873373388497,0.08231300477708356
0.1296411882733294,0.06457012235623157,0.11406025097081036,0.11553829186564962,0.10382995608792704,0.1254964296264961,0.11518598355937153,0.06970680882029391,0.16197096843989045
0.19024926071247028,0.0730231669535331,0.10182346515863856,0.08133667807468387,0.11554089640650032,0.11097679395441397,0.14829372689121,0.13981908026468456,0.03893693158386541
0.06261050136856212,0.1417206185642973,0.12012668720973424,0.17475592845808066,0.09221955790356344,0.10854296729552261,0.07719123642287443,0.05794194552682332,0.16489055725054189
0.059258099894266836,0.10134579995164632,0.113585903219157,0.19448208679163703,0.11051413357043853,0.1237665218977881,0.11248561653260399,0.06461487836425453,0.11994695977820774
0.09580442869860362,0.04259666689446981,0.12937893607985704,0.10754300040686478,0.13741536784266623,0.14225999723374583,0.09998091215511788,0.07892501282892865,0.16609567785974622
0.06360018232220581,0.1757378642561325,0.09119525904281228,0.1344820546246431,0.08494168602083851,0.09751747610453528,0.11432085798196633,0.02861773417733991,0.20958688546952628
0.2230128160757138,0.05463662618717419,0.11592346342410016,0.10093073091542386,0.08403292278394829,0.1031741592772339,0.08517851061945937,0.08228822936282436,0.15082254135412207
0.12689355867446483,0.06823775759342948,0.1269928209736411,0.13615189510031103,0.11713716879027597,0.13281129827164284,0.10506924698137765,0.09945622657488695,0.08725002703997016
0.41123120301822885,0.03136821841572712,0.1005830898882451,0.062182955311621414,0.07787845832104887,0.10355996124948674,0.08950804493139679,0.08537532947071436,0.03831273939353074
0.06042451037783756,0.12134884238983416,0.12804115103836156,0.09312932595038288,0.11067497771942487,0.15365067168184596,0.14936137440777222,0.09664471446267116,0.08672443197186964
0.1334504785808743,0.07826212133988267,0.12031877900050429,0.08586376183168894,0.09888098148894027,0.13396031719684862,0.09189195018064532,0.06908754370282645,0.1882840666777892
0.08696205531881875,0.07282820140457803,0.10784700063821355,0.12271795472090608,0.1740026627602859,0.11991984177804238,0.15203143103901162,0.06951443787617874,0.09417641446396492
0.09358043956990236,0.2750508140133459,0.11249253636689698,0.054185063228579994,0.08752406561563127,0.090322728840872,0.0936736337003703,0.042108256777570796,0.15106246188683048
0.3011347373429241,0.04013557460922415,0.10612909594515398,0.05613869433537766,0.08841897091284644,0.10131192836474527,0.09431368999456335,0.130498564195185,0.08191874429998
0.09607588043546227,0.18069497105892596,0.12254926156896784,0.07342595546725857,0.11570936086637319,0.11715440820712843,0.10443019753156697,0.06088310523852025,0.12907685962579651
0.18050449488528897,0.07306861791970161,0.1200482548354896,0.10152524799362468,0.09579551693636235,0.12964991660732164,0.109730499384653,0.09434933583003184,0.09532811560752631
0.03877697342027513,0.17928197107853724,0.12277312254266959,0.11837854761173065,0.08397631183004269,0.12494352991498313,0.11405562969563089,0.09545028763259478,0.12236362627353585
0.09554154957627296,0.14832919467467046,0.11404768419380884,0.11178881130945477,0.08304512089578057,0.12663690829482777,0.1294608251257667,0.0874680108119349,0.10368189511748298
0.12699145339142628,0.17494465466167827,0.10994699384038346,0.06066326336356869,0.11148461572069268,0.122058149075694,0.11225682722231745,0.09036703101517178,0.09128701170906732
0.0936541389674058,0.12918306858410492,0.10343126971374134,0.08614589807682171,0.11159895803702881,0.12087030634339378,0.13955109881720218,0.10515352811343454,0.11041173334686692
0.20047921223696277,0.02494829929746752,0.10315343603191574,0.10493312109092072,0.0939152484743292,0.09676411444233353,0.08879411653348157,0.10854882224541379,0.1784636296471752
0.1526161029134094,0.07950899130563045,0.11875788048322629,0.10069432757601075,0.1327880571669866,0.12016723749001557,0.10967827673217424,0.07075639857775538,0.1150327277547913
0.1928627338286295,0.061793114801444136,0.10386278326236249,0.07869153570113396,0.09159005864334362,0.10787066662531301,0.10680909549479134,0.12879924005558543,0.12772077158739656
0.31665190437986973,0.07291159679817275,0.11148303359787481,0.038671440978295175,0.07271514465874224,0.10397251768273018,0.08904955238320679,0.09907010107522912,0.09547470844587923
0.10395873267455001,0.17946407292848202,0.12133722292260117,0.07614673634250288,0.08216455467108062,0.11289650792347168,0.09557581622844684,0.044643062887567454,0.18381329342129737
0.12480130608290947,0.07943089553257816,0.1450544303703632,0.09986420798107064,0.11826449474766243,0.12256372812038811,0.07928905608800622,0.12417489988320772,0.10655698119381395
0.17810901742340055,0.022397195171783433,0.10896631374343026,0.07030332380889301,0.09112097871333576,0.10910276367581973,0.10489917455714227,0.20599234706844768,0.10910888583774732
0.1969328214227841,0.0754750244776232,0.0970232543456444,0.07678963179855024,0.09207814872430226,0.11379060709093336,0.12396728404757924,0.07483011002837105,0.14911311806421215
0.20246380431812086,0.051052909508223936,0.10905168614060314,0.07325802854349077,0.14114894101095496,0.1178818919600963,0.09237796498745658,0.10441689802239146,0.10834787550866205
0.0929327873545555,0.15177985676361694,0.13325908292637775,0.10699490080658447,0.07623397425839261,0.13812958025009783,0.11622869572451043,0.0838877709460409,0.10055335096982355
0.20726353600872907,0.0925751306194139,0.10702639461178105,0.09148239470106656,0.10697335301377268,0.13083138726485713,0.1002218834644309,0.07767468848250453,0.08595123183344416
0.1461747405727585,0.06489657380469928,0.11381414697661497,0.12759927032231227,0.07961806156081018,0.1267103952108368,0.12640101600368445,0.05508257780153841,0.15970321774674512
0.17093816334848855,0.053777415688079915,0.09477267005008717,0.07585493893069704,0.09550430003825998,0.11017250393504897,0.1314902821786578,0.06642491795725629,0.2010648078734243
0.161077155611504,0.045885090501526705,0.11057704379833848,0.1909685679599563,0.08904272201749495,0.10494255314272487,0.09400405194355467,0.09752029041004705,0.10598252461485307
0.07315922675690517,0.058084928655143864,0.11553119299436075,0.07287357197225396,0.13810682673809294,0.11349094214594944,0.12379018887188377,0.1452959751186521,0.15966714674675805
0.13914076786435328,0.06443501135819724,0.12447175817236522,0.14693107221922255,0.13340680835597893,0.12071195048736617,0.08847741690813365,0.09077217704813291,0.0916530375862501
0.052616123504980204,0.20929507132556321,0.1051052375901908,0.07254003682169226,0.09009382689533751,0.11166385512094769,0.13752936475049307,0.13370103746169798,0.08745544652909727
0.05768274412214871,0.10174323879559066,0.1175110018442147,0.17444625912914027,0.10000355090782376,0.11484870555103878,0.0831993617775499,0.05569105476699359,0.19487408310549972
0.08831430566627459,0.06295283641896893,0.11410774047610556,0.1629486984665952,0.0952104760987504,0.12658561131388682,0.13772538711700055,0.12504499726612525,0.08710994717629271
0.07813316896918436,0.2371160149441116,0.13009600652331457,0.0749265087294725,0.07760432857936966,0.11891310648584112,0.0950099913926085,0.07259027081813892,0.1156106035579587
0.1467544584880107,0.10904198076027023,0.10492701227190376,0.1003052352960954,0.08950957164228178,0.10340444707989165,0.11606973754427091,0.13838086312362916,0.09160669379364646
0.11822499651263503,0.05805553435958836,0.10373071582907313,0.13649698115836353,0.0970816155726828,0.11082295469753423,0.12083579431963343,0.14344284214306482,0.11130856540742463
0.12498414195459884,0.19277927271265505,0.1020664202396085,0.08332746442084077,0.07083636771808471,0.10865837966165569,0.12272583575359998,0.08354493917714072,0.11107717836181565
0.20924804683552745,0.08161392976173502,0.12405133693283105,0.11067957193299871,0.0876797512764184,0.11486348955661208,0.10336959071217905,0.062336357749632455,0.10615792524206573
0.1496263817856683,0.11166335246926502,0.10870832822026634,0.07577875939637473,0.07915137551704303,0.10110902516882929,0.0895335116153826,0.12657783241027779,0.15785143341689295
0.0998690757645032,0.07095925479085051,0.129650199041215,0.09257362832618375,0.1171384159036238,0.15612176448538553,0.10355443762291126,0.10770380496621551,0.12242941909911138
0.07320333877681749,0.08764658721111239,0.1200510478605838,0.19855340016683645,0.0959287854227499,0.11586827396308937,0.11343444235866562,0.11004091126651701,0.08527321297362796
0.23094310719972533,0.11599839876643679,0.12259982240752675,0.06571861552834098,0.08756072858166482,0.10003974425046482,0.07660862980100293,0.09695213150802016,0.10357882195681739
0.1337672385635181,0.0367387134449004,0.11023603135734424,0.16105323796087515,0.11936562923696324,0.11503903294887852,0.12007270018879256,0.14357576065601826,0.06015165564270952
0.12320137338294739,0.1700725048404381,0.11424909688084983,0.09190230142604335,0.08596732564449176,0.11885223959088502,0.1370015730097965,0.0683345795943139,0.09041900563023424
0.2730125770769753,0.02890290262225324,0.09919749097976298,0.1006410029152387,0.09088356499745537,0.11239159291722195,0.10553680822270417,0.1388738141551998,0.05056024611318858
0.22667898204479786,0.07802937794926738,0.10187271307878563,0.18779630155703528,0.07989725289264792,0.10566849691571632,0.11513915278894567,0.06746132886659172,0.03745639390621231
0.10870257045139099,0.12610208465165126,0.1385456241875396,0.09372492144537954,0.08558430872780287,0.11256585484887704,0.08012152046366945,0.07641587494657265,0.17823724027711654
0.09413905191452014,0.07062900611178664,0.12059009221664226,0.08530220511684665,0.13303575698845252,0.13173840431693237,0.1536177656434037,0.0796376547081382,0.13131006298327755
0.08785742171504325,0.2048679714697478,0.10824730550937493,0.08328905217814013,0.09389658858033902,0.11095145275422132,0.10089883910638546,0.06088751580476628,0.1491038528819818
0.16670194740887545,0.05237300413622187,0.10876453147584063,0.08345179713531282,0.094733884654561,0.10359053253574986,0.11302988494869631,0.08353588866856615,0.19381852903617589
0.11280839286717333,0.12886817501206518,0.11628148617744487,0.08099481500107057,0.0876996184163538,0.12500494790567737,0.13734365739655757,0.09012266860477751,0.12087623861887985
0.06005939915457737,0.0686643644401564,0.1367417688850529,0.07348431869742762,0.1242231651661318,0.1453940662238117,0.13531031363971743,0.09074185198538025,0.16538075180774456
0.1667267971721913,0.13004415190838048,0.10339744055477396,0.07790938461892159,0.07773759791124267,0.10480794641834322,0.10720905739827252,0.05458689405942768,0.17758072995844668
0.252431076466004,0.08254040116759902,0.10640673251677218,0.11789590969539611,0.07093447914003546,0.0959580352036905,0.08582675496232489,0.07472127931739404,0.11328533153078384
0.29377662335754806,0.02653443807509216,0.10255577353835577,0.07036423559389286,0.08442694960956754,0.11226498779702128,0.09860279044986818,0.12137204434160032,0.09010215723705384
0.04545053178112821,0.13269522531792213,0.11226842867401883,0.08729953269929319,0.07177381579889004,0.09040484532990593,0.061713496987888826,0.0564938916772561,0.3419002317336967
0.05895519458727134,0.13296918210908185,0.11163281114789458,0.07893640172513529,0.08573268811540909,0.09129732165007416,0.10600849968882808,0.04609806217057535,0.28836983880573025
0.05436048969484192,0.17343276920724393,0.12229043175761607,0.15547689035478146,0.08026831851545556,0.11228171674568549,0.09214470592253081,0.0556833639489536,0.15406131385289112
0.03697355643098786,0.12259722073948687,0.1245066523992145,0.06569301265351828,0.14664565830294676,0.1268452676642586,0.113545230197353,0.15964733755548974,0.10354606405674434
0.09783535719983381,0.13234773814666848,0.11776364422705361,0.07262051252246708,0.10329026245288192,0.12297237993148537,0.10413317247369101,0.08399554851827302,0.1650413845276457
0.17898634620175544,0.056964913607259145,0.09876946383230288,0.08512602206035069,0.08138858485573042,0.10910516164184968,0.09972861799089738,0.07626817176300223,0.21366271804685202
0.06562982896250498,0.08056831038849901,0.12076564796790527,0.11410083048247366,0.12025193027090592,0.12048626842103781,0.11416151478188596,0.0632133942127545,0.20082227451203294
0.07075773551821837,0.07065446264697328,0.11052528284285468,0.04970989521400171,0.1067731036091178,0.09565586881666459,0.09643854687239524,0.07664766361658824,0.32283744086318616
0.10340636577739741,0.044810016702472664,0.11447651856167351,0.11384957005904484,0.14598242165259534,0.13627586331040084,0.11400281470422434,0.10835895132599155,0.11883747790619942
0.08860135384749397,0.05011123929476611,0.11322402478384176,0.1966833949315788,0.11190147331796522,0.13106845090748834,0.08748709882081292,0.0817948559444935,0.1391281081515594
0.04684739019155379,0.16547370610728152,0.11217459458961826,0.062378524249303825,0.15608305948898551,0.1090505840370823,0.1420473707461685,0.07062880618535385,0.13531596440465243
0.03846117889342285,0.22159389145972072,0.10529717410750117,0.13052261301197932,0.07731746344452801,0.12721058525142448,0.11559396833253888,0.04816831262451848,0.13583481287436605
0.049227972860641234,0.11133618034514402,0.10962427437978246,0.17886200052812282,0.09417086000992451,0.124853426867567,0.13872309487785475,0.07949281260744229,0.11370937752352096
0.11176903145581164,0.1278137770846344,0.1354543755448156,0.07660606565438167,0.10409720933836342,0.11225262384248623,0.07686357195019335,0.1921197021187587,0.06302364301055494
0.0502702185505328,0.1508147514110898,0.10904950519693167,0.2296238619667715,0.11301503412456722,0.11341580264356999,0.12356133774115587,0.05891461423707317,0.051334874128308006
0.05038630364312261,0.08382545343273785,0.1312517171080011,0.12934889726337853,0.15875549897930044,0.1372775718671103,0.1093219318566269,0.07795374502108066,0.12187888082864162
0.4200791727518003,0.015525785355616934,0.09391620404140577,0.07118715193897325,0.07597294738034249,0.10454333282269146,0.09867130206688603,0.10329083780397623,0.016813265838307574
0.10559198091085797,0.14649800937278903,0.11925317896092287,0.13715501789650855,0.08070008917273526,0.11167587352663565,0.11464245888537944,0.05472629879723947,0.1297570924769317
0.04666274490106276,0.10851075421681466,0.11475124176193306,0.07879150107469625,0.08978705268634107,0.11288356512969881,0.10634794458466729,0.1937813910011654,0.1484838046436207
0.08621464090339605,0.038766120647209384,0.09924827004305574,0.11143123143005891,0.08806184912756622,0.12565526670804042,0.18730402145199532,0.08035068501199183,0.18296791467668616
0.08008851934268439,0.11744623835579852,0.12745198755534323,0.09843116903407495,0.10514646826097684,0.12782125866348942,0.1330818905477185,0.1217348466215664,0.08879762161834771
0.10897350099746266,0.1730622827863215,0.10185902722486002,0.07078668961406705,0.11772834586659886,0.11667852132247432,0.12076866947546167,0.0925797907369519,0.09756317197580215
0.07376244972793526,0.21700413502732344,0.0982082455790207,0.08507399245445886,0.10364546396627604,0.0944520409891035,0.11518948686556651,0.06034092599035048,0.15232325939996522
0.1966142014895423,0.10677518214501984,0.09973590739259523,0.09553947638665668,0.09926216655978133,0.09737376719549533,0.08257712086025022,0.057445585146888745,0.16467659282377023
0.299973438711614,0.10743797190577235,0.08922741340872087,0.042664671134375186,0.06746169107400668,0.09559510212360217,0.0871283253790401,0.05192422847812383,0.15858715778474475
0.21758500646129006,0.036207753774804445,0.11221609438568052,0.08777374335548971,0.12939685965098027,0.13209088847784364,0.12398538345481654,0.08112159390714492,0.07962267653194993
0.10376889672115336,0.04978959136577559,0.10773691925645389,0.08925395870734741,0.08197045379079596,0.09542398837278854,0.09718226649539631,0.06276800742671705,0.3121059178635719
0.09643158965990761,0.10732560975405321,0.1319907047985457,0.082105864953583,0.1272961717879811,0.14708748630427246,0.11157952284407076,0.12258381549914642,0.0735992343984397
0.2170660195738889,0.051189204088859484,0.127341611740279,0.052932898981077316,0.09858033700782093,0.10816471804487493,0.08410897801823501,0.1145362484039879,0.14607998414097653
0.3121702654633573,0.0318186432804693,0.10137024539644657,0.04223045337913873,0.09868751955460442,0.10513439473046164,0.10493039042563951,0.08165070416849586,0.12200738360138662
0.1579204518512421,0.15471220581122364,0.111122789208972,0.11046253487848973,0.12046997471571046,0.12923153806690751,0.11333620659325995,0.05474940159842662,0.04799489727576808
0.2596042758466183,0.09268968049701522,0.1066601550431029,0.06273327991985826,0.07511336522206193,0.11182770934138314,0.10731897378530503,0.06072927087130788,0.1233232894733474
0.04245165029771717,0.11479063730369182,0.09367458579915607,0.0747669891338525,0.07813217467367907,0.09327143598593836,0.11396545035211865,0.04815241054040259,0.3407946659134437
0.1716873223181591,0.03080359643807561,0.11954396378244993,0.08553723947850679,0.08666989272378829,0.10511889797380736,0.09433424236705569,0.1885083826576425,0.11779646226051466
0.07019650925474141,0.24721041737908123,0.12038303781898967,0.04575396971553033,0.11678801485540007,0.11269942496504153,0.09265000978758227,0.07782339368257064,0.11649522254106288
0.04056841034679103,0.08315293089864817,0.11796909368546003,0.08931062388305577,0.12442240166287356,0.11166495082916779,0.09529970358494406,0.132789794410781,0.20482209069827864
0.10478956858086245,0.17709015730874397,0.1228018749640397,0.05294693810084913,0.09468698702199378,0.11728681484578907,0.11255209680246293,0.10417788311915216,0.11366767925610687
0.0679193212995049,0.212840985713068,0.09662764058870284,0.10649789895254484,0.08446463468343168,0.10451525216136633,0.14795167790402444,0.08659935048426524,0.09258323821309172
0.05364889999301755,0.2665541046367545,0.10677767855951763,0.07589394145357871,0.1086084420090997,0.10080519542658263,0.11807916739904516,0.10961134280678671,0.06002122771561733
0.22187577632305613,0.041674394437309525,0.103208227333295,0.10648496449355843,0.08391694470540306,0.11524280419839078,0.10276700321142561,0.16177455962758197,0.06305532566997947
0.023311502344594,0.22758174788015464,0.08936611390591169,0.1258112322325228,0.08719320131648312,0.10234879101483675,0.11236449882818918,0.08366172267977556,0.14836118979753218
0.09830679698159339,0.12245703392852021,0.11640685514447485,0.15282752423093873,0.11394331082388404,0.12321546310350624,0.09677372357423482,0.066801936592318,0.10926735562052968
0.0742790242362068,0.055578738661683315,0.10909303996555102,0.176305187805619,0.07894316324720084,0.09645651619296643,0.10665043042688054,0.08367399639959118,0.21901990306430097
0.1852735975631156,0.04039803532028038,0.10642106593665958,0.16643110042784473,0.11768552400384058,0.10151789938591278,0.10371663170767031,0.09177883744006281,0.08677730821461331
0.08119412572798097,0.17814622372538733,0.12215509905285972,0.09184342724248723,0.10465344620576644,0.1362761080857461,0.11479076072329124,0.069446060873601,0.10149474836287997
0.0962196654417552,0.10259249429558477,0.11207960865186682,0.06873027424248311,0.12659564364555823,0.1367501843238644,0.13409964744366545,0.06932301346917118,0.15360946848605075
0.04709545886875701,0.13197930016189188,0.13611236790854694,0.11347341118908738,0.12936229617293368,0.13149819961244327,0.12312446659062036,0.052238897062960477,0.135115602432759
0.04802323900175028,0.152731100825828,0.12894766186522805,0.08187936364837704,0.10842040803689222,0.13590560272367194,0.10778830826987891,0.06104615678023618,0.17525815884813745
0.11422774608131674,0.08165587303753585,0.10818360327267644,0.1555212962694951,0.10659445392547506,0.11782154730357934,0.1126428492841569,0.09230178523219483,0.1110508455935697
0.37932032694541756,0.012115311606800058,0.08837846395980463,0.06065451752117488,0.09153516033658055,0.10094076924879619,0.09520478843659415,0.13415406232780014,0.03769659961703176
0.08912868557108065,0.19809442514778644,0.13354024542709225,0.05371177593189225,0.12036719323510803,0.1345333048775038,0.08565841579410212,0.10209361175807981,0.08287234225735461
0.051068310289720385,0.15589625924689618,0.1295118526196801,0.09689652178599599,0.1098218342570947,0.12304362381493861,0.11417282224271567,0.07073202661725893,0.14885674912569946
0.05559357638068394,0.15067997575777603,0.10830060777813132,0.0960262985087147,0.10690389980724517,0.10690013318928347,0.14313973331589333,0.05755634252231884,0.1748994327399532
0.11159260586024107,0.0833386841222921,0.11112290577658306,0.10183576383286441,0.09954842525172732,0.11876531602219986,0.09006274284881666,0.05711518237414259,0.22661837391113293
0.1363848373902354,0.18785270475814944,0.11688218609362129,0.06461634025201894,0.12622135918748992,0.10206691101060934,0.10575364785487489,0.06068078482437681,0.09954122862862386
0.13885550251424192,0.08531544179050506,0.14034807851846667,0.09766775146843153,0.1535447240709262,0.12605341099195025,0.08714397684983079,0.08419505698729411,0.08687605680835354
0.03922864966015211,0.15384979901635518,0.10852081393962949,0.1762934411373213,0.08220420921977371,0.10594454921766704,0.08980720647803149,0.06291555818072948,0.1812357731503402
0.22256561328150767,0.036364785181473916,0.11304610467395922,0.1214640820700426,0.0969422610934521,0.108374227170755,0.10170004860336519,0.12998520545424377,0.06955767247120061
0.08461753982263966,0.11556379787025677,0.12201839718731533,0.08300472729446505,0.08066453848349327,0.13554489363369152,0.11035392672629261,0.1317590579220503,0.13647312105979545
0.16758253106191232,0.06630312635991292,0.11157722033225796,0.07160338782920003,0.08581205493106964,0.12939320951325253,0.18412822224718148,0.09381600096282688,0.08978424676238626
0.14360661481216994,0.04682078217346778,0.11605334642436255,0.0981692322392484,0.12554828170934573,0.12425610924133913,0.1044663522708217,0.06391405438994535,0.17716522673929944
0.08592333830534837,0.05685093113741585,0.09336831230080643,0.07705299712224734,0.09663718161931845,0.1215615476748958,0.15907091197778533,0.06472861711339423,0.24480616274878822
0.16172700645366775,0.06963478378406886,0.12172090902282495,0.09562079342187076,0.10653042738892689,0.12008771571264347,0.10961918555564742,0.13603234477274728,0.07902683388760263
0.3481652032618519,0.046594050685915066,0.09875119597883568,0.08635073961348914,0.0769563325828914,0.10227391678997444,0.09071679978905901,0.06945362905633994,0.08073813224164346
0.13549186664161686,0.15195984157208708,0.12803203622620166,0.08888602787296247,0.0966537012844576,0.10202923568330592,0.0961806963324117,0.07295165517772735,0.12781493920922934
0.17841536134342276,0.058721800778205165,0.12156720937881897,0.09728812067865893,0.10003220467442854,0.12023732762394758,0.11092520215190839,0.09722627601885198,0.11558649735175779
0.20233820936924538,0.09797273851287507,0.109188726031691,0.0867243891176956,0.11828490731318715,0.1205933042343489,0.1057852363880145,0.07780771762841414,0.08130477140452824
0.13637270971137241,0.18549472556564464,0.1123561997858628,0.10042479593207576,0.08268518404544449,0.10168299645384099,0.10459093509193364,0.07486197738880901,0.10153047602501636
0.14567835383515648,0.1254283087512481,0.1154970652829308,0.0520666859269271,0.10985741308281376,0.12201457750387053,0.1227374556427568,0.1438848853281655,0.06283525464613098
0.07218981797515954,0.058676566047920355,0.1016613089366033,0.12392814691050165,0.09661091403205047,0.1388162253985126,0.19366919808153202,0.11366556458076826,0.1007822580369518
0.1151189481901228,0.058901274034272255,0.09881158055172856,0.16089809080206405,0.08422122475686578,0.10909506098315509,0.15114389157942765,0.09747401798887129,0.12433591111349246
0.13830171163642113,0.07846770838446815,0.11549931765635847,0.06827912573205698,0.10433249435430608,0.11976639290542705,0.12049031632674399,0.06137604833305214,0.19348688467116607
0.0778912380348093,0.1014464603796541,0.09727239619528472,0.20278062883624434,0.08280263665669661,0.09474780086136159,0.11067284272691091,0.07594232887057081,0.15644366743846763
0.05141327776165353,0.12003776784242685,0.13173558673654293,0.1326703216354769,0.1049902275133936,0.14284943519620882,0.10688645503235039,0.14276565240265748,0.06665127587928958
0.32960063991397553,0.017064603094204725,0.09487440877080681,0.06978100069518252,0.09659866220848778,0.09081524443428535,0.08352234838294499,0.11165496450227824,0.10608812799783418
0.18639504520045572,0.11165854284456667,0.10446219811898727,0.08881197516627841,0.08486916335830175,0.09853828075517464,0.12921885445300862,0.06291529308437116,0.1331306470188557
0.24226540662741344,0.02736529925154976,0.10297965772493117,0.07577552926995915,0.07784346370002998,0.11301007310117374,0.12094542066522339,0.09022798200050312,0.14958716765921626
0.16583973187766926,0.06779242198333,0.13670281872122556,0.0831247695261233,0.13423422978331917,0.13034549027754058,0.09618101413829579,0.07202350274238838,0.11375602095010802
0.22256561328150767,0.036364785181473916,0.11304610467395922,0.1214640820700426,0.0969422610934521,0.108374227170755,0.10170004860336519,0.12998520545424377,0.06955767247120061
0.1368890280437615,0.07946070437403048,0.10993336990905399,0.10444621098573077,0.0882358031863273,0.1281210353592059,0.14064556592456168,0.10470003214208475,0.10756825007524362
0.04620781116074304,0.1759477934596114,0.11185686586076393,0.1206269893462374,0.08199855900636166,0.11957774906903501,0.10196373943045357,0.08907299576092971,0.15274749690586428
0.07971772255056266,0.0676758446336057,0.09967480413217021,0.05507112207437697,0.06605512146421601,0.10047035450249993,0.12535765625322567,0.09322352852242521,0.3127538458669176
0.06532782833497038,0.1132702304956605,0.11365354179311964,0.12493046400508058,0.09373225572045678,0.11852594057041714,0.10979221439780314,0.07475813383000278,0.18600939085248905
0.3121702654633573,0.0318186432804693,0.10137024539644657,0.04223045337913873,0.09868751955460442,0.10513439473046164,0.10493039042563951,0.08165070416849586,0.12200738360138662
0.2853204037727051,0.023154196935894943,0.09461531457889998,0.09882789352416414,0.07892826835802895,0.11078412940174431,0.10238814368424869,0.08346730994797359,0.12251433979634026
0.19074151990487498,0.030710098160303557,0.10740106034581852,0.11319665494095658,0.0745701510299195,0.11409554250319658,0.10062487237888164,0.0953613320632783,0.17329876867277028
0.14780355521958946,0.08178011443349607,0.10504401251123933,0.07960877323086789,0.09733381010724573,0.11751046723781576,0.13639210552199885,0.16200082095832105,0.07252634077942592
0.11281191183858523,0.13260202469334112,0.11444530863946478,0.1046362268109259,0.14438853247801842,0.12188239282385167,0.11465256289485871,0.07240724202590043,0.0821737977950537
0.34464705301638615,0.07124740325267663,0.10565515734124097,0.040792131434373484,0.07202367202735248,0.10465964875791922,0.095420230689781,0.07765029198354033,0.08790441149672977
0.22165436660780813,0.05044082138125059,0.11065578861856411,0.09144809446985537,0.0991881076864982,0.12132106891589516,0.12164449118872149,0.11588908880088027,0.06775817233052672
0.05562574955512726,0.14598545411318312,0.10260687243416983,0.11996231143219964,0.07606920441850169,0.11262749078710711,0.148311409084786,0.07896045951890814,0.1598510486560172
0.14678448287618875,0.0667382701316415,0.11572187723972117,0.06435114504235481,0.12200372983955239,0.11205883618456029,0.09588858885929619,0.21118631185624095,0.06526675797044379
0.03579730021829819,0.059115223156185476,0.1259954817857022,0.20886793052215655,0.12660400265637495,0.12589600358545008,0.09831995031304937,0.16271521749483742,0.05668889026794579
0.2964856977614248,0.08110979559376709,0.08531607077753567,0.06371163363746174,0.07822269841369177,0.10811130552572645,0.1325960059121102,0.08558958880760127,0.06885720357068091
0.12831994612080702,0.06010122388515738,0.12058920009654524,0.12441439072534032,0.09219085618503216,0.12681786731533473,0.10711567645748621,0.12916028221667683,0.1112905569976202
0.31078739773985736,0.01757203308656492,0.098038220837434,0.12093473110961787,0.08349632511589117,0.11499178290567307,0.1009094692438073,0.12217725781392486,0.031092782147229537
0.07453335310274373,0.10712962538671748,0.10708650372737288,0.13982131916714025,0.0916179559617447,0.1106732978870436,0.1327989124128964,0.06707530021223239,0.16926373214210857
0.07775915375442734,0.14126215651591975,0.12130678241936522,0.10212281785980644,0.19351221379621383,0.12423298582318147,0.10142398041084077,0.06981873452502425,0.06856117489522093
0.2493142374236791,0.14495656059324782,0.10514085151898205,0.053892735267233795,0.07862344434866822,0.1009523446851824,0.07747921692959951,0.07195046414696062,0.11769014508644648
0.06283315416513635,0.14079407758043697,0.10729539079754165,0.12281200006607901,0.07905591746184146,0.10834943595794481,0.09442602812699014,0.06634184293557825,0.21809215290845133
0.21744613235532176,0.05463551188422666,0.10655935606198345,0.06036529561295876,0.08809192152104574,0.10958003264913185,0.11086122443414466,0.09495994030002726,0.15750058518115992
0.15025187093475104,0.059926675139193204,0.11585146208752028,0.06677057648297884,0.0950568590855732,0.12043567082384604,0.1119185828072553,0.1245425308222823,0.15524577181659985
0.14451353527578148,0.14142481723217337,0.10476132805027073,0.1116847480261155,0.09151847553575072,0.10930172759674478,0.10946171247643703,0.09992599218011822,0.08740766362660812
0.16143979205553358,0.21992680673266993,0.08708363924185268,0.08893581276849515,0.08417325276487388,0.09392010869361316,0.13514420839455463,0.03756858343744034,0.0918077959109667
0.07107207215016599,0.20042281575018128,0.11254481234541171,0.11594615445278983,0.08859284948995079,0.10041049269854124,0.08717150243777143,0.04175284316409086,0.1820864575110969
0.05347332878814844,0.13080194857875785,0.12223392283939875,0.11674283239806031,0.08745097679580233,0.13263772925259812,0.11774744930347414,0.0946667040406474,0.14424510800311255
0.4193771440758973,0.020884321223226643,0.09878582673766073,0.07247847735682598,0.06791578707530986,0.10168585294274597,0.09582517631205693,0.06390747165240389,0.05913994262387263
0.11787511803378097,0.05035580685705077,0.10398579211625032,0.10467910964003835,0.0769030949609135,0.1085201203191225,0.15244525866813008,0.08813810603804795,0.19709759336666557
0.20234904960954306,0.04251846519477779,0.12237913363928248,0.054144825112499795,0.09504296553773295,0.10698216485650429,0.09155983464143329,0.13799931694722029,0.14702424446100604
0.2633618462145679,0.03660008800500303,0.10232944155686985,0.059243351892746564,0.10186821746775378,0.10429933001065382,0.09403593801902142,0.167116846610272,0.07114494022311167
0.19127908262645177,0.060852041787657275,0.10181624150089015,0.11277133188648725,0.07763043606640285,0.11393317852911987,0.16017454138789808,0.09701432099981949,0.08452882521527329
0.3048651376034968,0.01760456721633891,0.09008591915699,0.05700931147283409,0.08395329013475789,0.08968097357104206,0.07542277901935128,0.14336761624780794,0.13801040557738092
0.0642442535796018,0.14460637108450455,0.12090334785152214,0.08025502304082403,0.07358323828004058,0.1076495974207914,0.10223600144315398,0.0639064384594219,0.2426157288401396
0.053961988763648716,0.10094638991664871,0.11460251321718835,0.22765826727245855,0.09801322197465673,0.13372992837616102,0.11242815792460763,0.07156051197533643,0.08709902057929382
0.0925780018324124,0.10944113275528555,0.09758028857539928,0.15216911311077902,0.09139982492200348,0.10353613411801817,0.15584496739132053,0.07221663460543819,0.12523390268934328
0.31192770234902506,0.018591688380717324,0.10582985909901099,0.08000768919076072,0.1054421086711418,0.10283258771346653,0.09225855024358927,0.1200171734089736,0.06309264094331463
0.0813308129839639,0.1401858426306836,0.13229140779014062,0.0873098556821324,0.12798281932957947,0.13139411304457826,0.09655491101983767,0.08750275746854674,0.11544748005053734
0.07712375736744488,0.2065247526479642,0.1264343831204455,0.09486001187924864,0.09363458001576175,0.11372835191184026,0.10346162475412363,0.0731130990745688,0.1111194392286023
0.05192807312913322,0.1364683577979528,0.1328238188417454,0.10264203092711303,0.12411513669219454,0.1561000660951521,0.1343243153015258,0.07473787391761387,0.0868603272975693
0.10604504365974293,0.059592976972425014,0.13990761342203567,0.08792500645668357,0.09661314041627266,0.12364857714847181,0.09759913619119454,0.08637078385089307,0.2022977218822807
0.07616447174321991,0.23479837403341874,0.10516877882944853,0.08421771285202906,0.08430878221969329,0.10837078816410002,0.11388663956106672,0.09810425352284936,0.09498019907417432
0.06437474442662096,0.13554897520773665,0.11750336522024935,0.08917026648657785,0.08781455884821844,0.12125078657057183,0.10276519286328571,0.07284554724593229,0.20872656313080698
0.125584815877771,0.12329222044318917,0.12407398924365069,0.06746177641304883,0.08335236443122236,0.10234727065776346,0.08194446704673201,0.09319843810526918,0.19874465778135322
0.04600924939517707,0.095572542646008,0.1133432674555986,0.16264672924181467,0.09777223851353616,0.1347269337564142,0.1629863730988626,0.08893267830343952,0.09800998758914918
0.15407892685600774,0.046980152921604006,0.11803952896018612,0.1398029439101312,0.090169491357433,0.14082249061316016,0.10408229569620148,0.11057064360892248,0.09545352607635378
0.08663771712732338,0.09554306758977126,0.13075362995975173,0.17852954312872774,0.10487760853579574,0.1385505937491467,0.12627712560977336,0.09308837652291717,0.04574233777679291
0.16044065901193125,0.031051674409032348,0.13137605980317088,0.11280599489585423,0.09533989926146402,0.13373009747575793,0.10494832526133696,0.1548816167942405,0.07542567308721189
0.08297914119244264,0.30250081885041985,0.10985384358994897,0.0705874366646671,0.0854697825618792,0.10562322826764219,0.11175466665259753,0.05997948936238392,0.07125159285801858
0.07481961570382371,0.12564609669615479,0.11173573774311844,0.10599843715655215,0.07772179539612077,0.09389555337549167,0.07051181280556508,0.061768472980661314,0.2779024781425121
0.05387852115211836,0.19210603562705728,0.10659879367132508,0.20597460090688025,0.09140045619526672,0.10461188733550925,0.10517693930716242,0.0684247945482464,0.07182797125643427
0.12304934502596247,0.12489264462211458,0.12546750784237357,0.06722554395118412,0.12095833420695633,0.11946600021493804,0.0836266611716218,0.11372180464733093,0.1215921583175182
0.16499861207375685,0.03495596872463919,0.12078968252691809,0.06502124916198078,0.09242364091603901,0.10748066636457243,0.07385074358322392,0.27207386464143357,0.06840557200743619
0.15805834411053923,0.06144538668995821,0.13015009658516982,0.06925578114517324,0.10330276756828528,0.12599264423660497,0.09544962378070504,0.09149116201166879,0.16485419387189537
0.056596440352299715,0.24275017329539872,0.11010700669814805,0.07255854955824122,0.08421072500461424,0.08672075430924849,0.09708335226134852,0.04276859872660483,0.2072043997940961
0.06659171328439582,0.02763589216897842,0.09503258990972126,0.18271763950298134,0.10098331043867177,0.11217530752022288,0.1675908142154432,0.16859709275239146,0.07867564020719381
0.26632196498288524,0.04109181383332187,0.1072190637800388,0.05765898899226252,0.11935884756542874,0.11231179948315317,0.09040168969854238,0.13260194812208356,0.07303388354228367
0.1032459065412778,0.20191935473548575,0.11353481535430693,0.08972657887745543,0.09168163000308867,0.12255976460350741,0.1071935593024015,0.05201942753080429,0.11811896305167228
0.053930341077230125,0.0913683930428324,0.12450213734228595,0.12492182307055179,0.1280500165581362,0.13419584806925863,0.097883351715972,0.05013378084977107,0.19501430827396196
0.31846664774981215,0.08519931002601198,0.10409216938792436,0.0855204306852546,0.09350996472062334,0.11424295694220162,0.08668609063345496,0.05899340752278246,0.053289022331934534
0.06261050136856212,0.1417206185642973,0.12012668720973424,0.17475592845808066,0.09221955790356344,0.10854296729552261,0.07719123642287443,0.05794194552682332,0.16489055725054189
0.15041201778927527,0.09639050470336807,0.1174671630747377,0.13960199659527348,0.10187295400800707,0.11827775963272956,0.10969415163507949,0.0814305042725555,0.08485294828897387
0.2061280818681608,0.07564326845796736,0.11280176960398096,0.07522541959252016,0.11523024562723161,0.1299277532755362,0.11888990115535754,0.10089966692586355,0.06525389349338175
0.06011126516934901,0.07953838705975509,0.11426701594219794,0.13944382911770584,0.0991990775296769,0.12666393690755792,0.10922218700119866,0.058667709325292756,0.21288659194726592
0.255469423494101,0.038479719244814276,0.10893105872453153,0.07590053781338742,0.07795766367427899,0.11156369464357942,0.12422681542912989,0.10689197323440618,0.1005791137417713
0.057220168759953116,0.07078014351835724,0.12757687030613835,0.0995415693844343,0.17110958805118237,0.13792658950641867,0.10751753614547573,0.10840692028031358,0.11992061404772664
0.19129793430364464,0.1106008497394495,0.1191726700521159,0.08064565111399473,0.10741051670657338,0.1254238407242054,0.09573244359783546,0.08340835128350278,0.08630774247867828
0.07341548010286003,0.09109244823705055,0.11921687042354534,0.07416280376667748,0.16618114600793052,0.12145972889370886,0.10169154765154959,0.07971430327891732,0.1730656716377604
0.04156122757362173,0.12779345358565553,0.11979285296936208,0.17027515919843825,0.08410995059159487,0.11091150025943201,0.10125499994671651,0.13283004040507626,0.11147081547010278
0.16447072477064004,0.03155693285250589,0.101410553890476,0.14270521703504202,0.11002736825473579,0.10892248182401376,0.14182574194071476,0.11056335876734502,0.08851762066452666
0.08042379221797759,0.0881239837805573,0.11857193668564214,0.13363031014674612,0.10539921656704186,0.11890544746520859,0.12521240205507392,0.07990946612053189,0.14982344496122066
0.13847991756870917,0.019331478261491394,0.11776074517309436,0.06789684123342928,0.1652299368337142,0.10281749318357569,0.08724959448509167,0.1764076693045417,0.12482632395635261
0.10705334420968227,0.1472842975295445,0.10403108613353573,0.0919432648743315,0.08431745158270039,0.10755563473633177,0.08965323568060983,0.0636847573563863,0.20447692789687774
0.12920704329930305,0.05744972560944408,0.11097607862865728,0.08268581999513479,0.09408557324147705,0.12747700975016024,0.10558154104081326,0.0852282757978358,0.20730893263717445
0.07653781132298892,0.19019739228778806,0.10361462712253772,0.1834720872337131,0.08151531125509988,0.1014200500125947,0.10536715515864348,0.05218837173519162,0.10568719387144249
0.44566528177591996,0.013119621888278163,0.0882754535681776,0.03655531317749837,0.0863022407257447,0.09069905491495374,0.07667846408183569,0.09653991952272027,0.06616465034487158
0.21565202002174974,0.052576734644426075,0.10099185247845932,0.06138440407970023,0.08834697412571539,0.09927414733576949,0.10815326895611425,0.18011056396422198,0.09351003439384353
