0.106440781317655,0.08506362011475697,0.18828248810058015,0.11553073472637176,0.09384486641324469,0.08825125903935525,0.10696773561225843,0.12833853649905239,0.08727997817672532
0.18048214293582668,0.05741351942561058,0.030210547160083517,0.13212022691926673,0.11638301251080459,0.09374032707221536,0.14477845811479295,0.12267005336707883,0.12220171249432073
0.04130894395577514,0.054578637547038206,0.11171915437959447,0.1211037434452714,0.17534020540100193,0.10070895634950804,0.18801513120821578,0.10497695763843605,0.10224827007515908
0.2518733050330919,0.04309615339190806,0.06027182192353444,0.09955901268137964,0.09479905918679299,0.10637362681598579,0.08215207142938569,0.0992997342053128,0.16257521533260869
0.030141057977118763,0.16358763778350247,0.13561607190265193,0.10867392197305242,0.10336242538041657,0.1243976804189263,0.1784249938637059,0.1424590585068655,0.013337152193760244
0.15198749857710087,0.08591803679442767,0.04143500824176976,0.1357348705261338,0.1087547936888536,0.0841355958741918,0.10699031547101993,0.1256616102459299,0.15938227058057264
0.16231134734030625,0.07825716488219335,0.012696625517058122,0.13716792353380083,0.10920364035216719,0.09850130118246676,0.12046008591846087,0.14622472451914506,0.13517718675440157
0.2216178759047409,0.07265936400671937,0.009954952237444472,0.10035155643893882,0.08496975695463448,0.06569135857633011,0.09134557393398825,0.11177780175215606,0.2416317601950476
0.31893258983282274,0.06390313323217915,0.05953627106919917,0.11660452072262902,0.08700798656205726,0.08231761565844338,0.11234678760842055,0.10372726113034976,0.05562383418389888
0.24395988567515467,0.1123940418441318,0.0360414658296346,0.10453532411752732,0.09017304293063579,0.07822849957415327,0.06979263514235658,0.11342228556854207,0.15145281931786392
0.3253878695182204,0.056591144947470085,0.06696722605526036,0.12249291343201207,0.1101510029621493,0.08461850071014247,0.09507970159738431,0.08003500004140708,0.058676640735953835
0.42158846524463195,0.06676927488243058,0.05061655945357307,0.10441028816709956,0.07899032158291878,0.060938118313406196,0.053953141993054725,0.11471799424330897,0.04801583611957607
0.02695662548488693,0.09263432799913988,0.1406023805630311,0.1200495238416247,0.13827415094074322,0.15668592879184262,0.17078447221099605,0.14208192609252632,0.011930664075209268
0.04330693948586343,0.20295976149109465,0.053008636128474194,0.11861206583765489,0.13134373209493674,0.13965143881086067,0.13847658121988257,0.12203614253590878,0.050604702395324136
0.10686717981714884,0.07032438451283464,0.03240234246245676,0.11554918433058699,0.10574762808946209,0.09860797585706277,0.125538351344777,0.12131956370956005,0.2236433898761109
0.10783995603168034,0.19507868265252568,0.017409780761484125,0.10239983529575036,0.10452463524748547,0.13400417336094664,0.067395778059122,0.08404991860914503,0.18729723998186043
0.26289740260465444,0.04338666788573701,0.03664013459918685,0.11241947862934905,0.0888495116809726,0.05838875393070763,0.08852428901701208,0.09653716240527806,0.2123565992471023
0.0826159774215036,0.21607462859646945,0.10219983271776834,0.10711154464967676,0.08397867383642882,0.16628687579803444,0.12840348902326068,0.08481770458141547,0.028511273375442375
0.06550344975589119,0.13302647429183537,0.04638888608093302,0.13798660899302737,0.1258824169807846,0.10632283596356014,0.11793555661733451,0.11398245342238995,0.15297131789424387
0.16155991401492048,0.04583996060679704,0.01895594441903085,0.11334394428789223,0.08577305430539893,0.08665537207282466,0.06418201047625953,0.08676628995094453,0.33692350986593184
0.018322279499491282,0.08081532766597585,0.0636646628533714,0.14686223554479516,0.14513586309713142,0.14980008334287018,0.1821053807028525,0.12955865617330067,0.08373551112021144
0.2624610191861592,0.06131243658845975,0.024848723256565012,0.11806782812544898,0.0968494125143627,0.1225497442902612,0.09293280976383271,0.13252387515997507,0.08845415111493532
0.12082954595983748,0.03974225091464994,0.15299136432238838,0.10037407210796956,0.08653025587369763,0.07806139955887297,0.06497558404690372,0.055371327349111134,0.3011241998665692
0.10689076162758139,0.0661824162607082,0.21348450061486313,0.11173279170766783,0.08215278033175683,0.11228026514783378,0.14764739787623024,0.12329845599588678,0.036330630437471804
0.15045579040475665,0.036320809276055514,0.26547832630981943,0.08585883778210286,0.06956915817263642,0.06900993375018194,0.05288618452878307,0.06764790727672068,0.20277305249894348
0.3925839425743141,0.03810099604724253,0.052090995040165684,0.08649474104880149,0.08706830248959095,0.07713724323460024,0.05953886171867415,0.11320762920898841,0.09377728863762243
0.08761572419875412,0.07768332943084826,0.3759577226422837,0.09102051633069418,0.06351075609065528,0.06345876076915491,0.09164610213432667,0.08126785254548279,0.06783923585780009
0.08794328739420172,0.10160646112298687,0.24195985269856216,0.09300214001995243,0.07713444384009405,0.0761008232453222,0.13287445293815567,0.08694449735600233,0.10243404138472255
0.26707391953772125,0.07098541593317202,0.015479597035097546,0.12642040738819837,0.1231078448490067,0.10298757762724602,0.08920057206423387,0.10663774002277478,0.09810692554254946
0.06448731149934356,0.059692359772736965,0.030747690192264917,0.11480734590250734,0.09939636831418401,0.08513197428434731,0.0726803694101845,0.10952451226806466,0.36353206835636676
0.30610968010574974,0.05022393616765394,0.18764419491062534,0.07331712058467386,0.053551419975817104,0.05650650474679803,0.05951054069574802,0.06691109233967689,0.14622551047325696
0.06345889478478765,0.16317190554428815,0.01865531470643846,0.11899435665663632,0.15922983374749436,0.11794804202867822,0.1320009268482458,0.12124697181183204,0.10529375387159916
0.053299744748601434,0.15197310735868544,0.17578919481950128,0.11993751193041229,0.08995435326010463,0.11770929337642698,0.1581228736483027,0.08343632014341827,0.04977760071454689
0.04954437620685187,0.09219597151967379,0.2826895799361287,0.0982828553426014,0.09942880139448228,0.10544206522661598,0.12676354394592387,0.12972493214340272,0.015927874284319354
0.031552716151197674,0.09886393616911815,0.306897829628101,0.0997483246978856,0.08586638527634521,0.09470166921116197,0.12015442766473756,0.13775701647560468,0.024457694725848068
0.26946544693363533,0.09035865634549894,0.05321192763757177,0.13155877635570826,0.10886690606214085,0.10282136017770821,0.08102627640869824,0.10902167502417197,0.05366897505486645
0.1742172805991995,0.04209701931886687,0.040997220691937834,0.14256267642608578,0.10862312467029132,0.09471657613987845,0.09896202103820162,0.124054258844384,0.1737698222711546
0.39687773249860503,0.03204883755061171,0.06196718517109729,0.09935828791709396,0.07839134494597295,0.06024883679465309,0.07295233816878603,0.10654357854629898,0.09161185840688095
0.17673544096860658,0.030487030740804572,0.041965683533206434,0.09167950348811321,0.07427502313835797,0.07402594648080368,0.04692703200764329,0.12619571601034577,0.3377086236321185
0.13070856539953432,0.05203996371180946,0.0957933009176974,0.11840763200552325,0.12130562078133579,0.08357856912619639,0.10327296669881485,0.10831105562613567,0.18658232573295283
0.13635263374756057,0.06249841171286694,0.1884735474432626,0.1027532481877877,0.08722956931155033,0.08491847907893103,0.07640826299568072,0.13343878838270665,0.12792705913965344
0.2903244643652188,0.03146424026251322,0.015210430501014026,0.12001677386940528,0.09411181847765199,0.07472267802373445,0.08049763900922503,0.18664024936419088,0.1070117061270463
0.03920688655227617,0.12200128582366199,0.030836041173817833,0.1340185156334872,0.18717827273343302,0.1357162311033336,0.1482315296478338,0.14456322608955832,0.05824801124259806
0.23482210721212407,0.034534771362271524,0.008955520472036215,0.1157410470883916,0.11799358874460368,0.11893633740623033,0.07943778857732552,0.1535060316176531,0.13607280751936401
0.05653912683062994,0.12638197627493117,0.2547247765540345,0.11063052540655464,0.11235166859684964,0.09697640356379576,0.11302209489263304,0.09021851338384883,0.03915491449672251
0.13128758874443394,0.052006768665962426,0.09730360290029651,0.10961814330195356,0.1197158240984371,0.09812748877551918,0.11225823971131126,0.10957236667221149,0.17010997712987466
0.07311137406869761,0.084910058289121,0.37754073293173934,0.08811762663053328,0.0764252317187031,0.10169679463928982,0.07938757098035154,0.08036953707269474,0.03844107366886946
0.39224294444760194,0.08571128626423981,0.03598819807689451,0.10073333315575711,0.08008667679513214,0.09485534924450552,0.06159311200089138,0.09593880503010921,0.05285029498486837
0.04639272906095895,0.11726372719952731,0.05314648800459961,0.11146363173063988,0.17434463761813804,0.17381450047361083,0.14258374505616064,0.09458339013450352,0.08640715072186118
0.10001414979458638,0.129198453819275,0.1268956156755082,0.1049089556157063,0.09841440683395064,0.1051975431058424,0.0621801775376809,0.12423379980844979,0.14895689780900043
0.2600482352920963,0.04394290493552352,0.020589462927866335,0.1017863139572645,0.07182976426130801,0.06133042923719712,0.05314161572317125,0.09703450725388728,0.2902967664116857
0.03154572617254695,0.04368581743636624,0.16929995692413244,0.1180629554071299,0.12049019639891483,0.13881546365788974,0.14499675917150676,0.152113648294556,0.08098947653695723
0.27845070008144795,0.06336158555090836,0.03089447484606796,0.11363561562400837,0.07342314368380404,0.07159481206397726,0.04219261044637531,0.17893643932650394,0.1475106183769068
0.057759642539178147,0.08731953223299865,0.27385688039100375,0.08813159216970694,0.08342925781683035,0.1322086460632982,0.10696532826170514,0.12368403745892935,0.04664508306634957
0.061167997114062865,0.0461460342257351,0.2415860169961929,0.07568367728749893,0.06917904594787133,0.08720226731957707,0.05941695918428227,0.06502412802408078,0.2945938739006987
0.17972013778226284,0.03379997549053076,0.09359732265213723,0.11760272449268404,0.10255513583221919,0.1161772002640492,0.09217541161780629,0.08945938605009231,0.17491270581821816
0.405742098797974,0.06278405172830173,0.013555555464548431,0.1304813071033771,0.08943139145496733,0.08168994161703341,0.07151767460091774,0.06812805310938545,0.07666992612349484
0.35365630838111506,0.036377498083503844,0.016279237455440538,0.10477613965553689,0.08289639823688448,0.05820454460484159,0.08897548430953885,0.07289285780975023,0.18594153146338854
0.12091348166311898,0.12159696539570582,0.03705422925254526,0.1218432199386476,0.10676993557309322,0.09420690024399096,0.12982202823587705,0.13022427207350865,0.13756896762351248
0.15206731722617503,0.07973174644705337,0.030943103222407977,0.14995523326697965,0.11402379717621099,0.09423548477047322,0.12304818563699238,0.16713158815564788,0.08886354409805942
0.03772641216686951,0.25071381981663027,0.007368128556843972,0.1032476956460071,0.15791332033479957,0.1259609673536276,0.09169050364142423,0.15924835303119597,0.06613079945260185
0.13282048907009167,0.08392167083715152,0.07407612219773552,0.15120004831102302,0.10030449173550955,0.11661128052496984,0.15027158530916188,0.1579227789129385,0.03287153310141843
0.05383587514202994,0.11786015181978654,0.027007330199030077,0.14075728549359612,0.12847270442298175,0.11846321846008834,0.14732646768798832,0.17036779465692295,0.09590917211757595
0.051715137863633465,0.1553533583589419,0.07573742096278592,0.11638571505575916,0.10301338317268627,0.1551913690079243,0.10055029153066103,0.16785574927843258,0.07419757476917545
0.39494689946768435,0.05036439060846002,0.08188471054591129,0.08466650795594571,0.0619740899019911,0.061931376007534844,0.05832397217621171,0.06048130371258364,0.1454267496236774
0.28985529018934847,0.07279736533052027,0.07731337547417864,0.1024078546171273,0.06632013216194298,0.06826496845046022,0.0771391621897238,0.07929185477611149,0.16660999681058683
0.13249290521324933,0.03602599682626763,0.09756013594707802,0.10503740231345611,0.09315400684452395,0.08801244903901433,0.08535781024824801,0.07072770714329032,0.29163158642487225
0.2139387941549051,0.10980767844531847,0.03825448670329135,0.1016526710189482,0.1315737627656884,0.07777180648684086,0.1523553492930849,0.09133269393991685,0.08331275719200586
0.04873136969630481,0.07977383271267274,0.15760994051664898,0.1053596890371925,0.13189071801743316,0.11074706752021779,0.12557240935714722,0.12384280979024657,0.11647216335213624
0.06770508299143331,0.303713221317075,0.028001249624450716,0.12384604886004748,0.10249422117926155,0.09109843189982732,0.13804226112031212,0.09113982437303884,0.05395965863455366
0.2961226834657815,0.04611562835319754,0.025915729829523542,0.09316972522642238,0.06819013496987984,0.07238817316610828,0.045536054467594865,0.09175177971084364,0.2608100908106484
0.10787559618501125,0.04585798793705351,0.08233834218703323,0.133729108029406,0.11768099027201684,0.09493250665490367,0.13316438394475197,0.1841792945595491,0.10024179023027442
0.2550265809084561,0.038398422862079534,0.04652897292139848,0.11795943399215571,0.09753032229472614,0.09984268762487501,0.09865100483256378,0.13610838116567273,0.1099541933980725
0.2330104291614302,0.01987078646470267,0.1069414986513752,0.11995449291124421,0.09867972247144392,0.08721359245191827,0.1040808836841474,0.0791871558788859,0.15106143832485222
0.09014813626669689,0.17300498885034554,0.053618857770624896,0.14597867422890085,0.1226809971574621,0.09214788182943164,0.10528466027549425,0.16409984132674849,0.05303596229429541
0.12004983178294171,0.06186851529322718,0.058225758666451966,0.14613059154647626,0.1062877154773434,0.1272451015423714,0.09291764162684359,0.1343258291990398,0.15294901486530474
0.21641342075396128,0.07693789395800218,0.21289016279242404,0.10272272543749687,0.08983771905682782,0.054559828488463614,0.08444993449187088,0.11412745057207246,0.04806086444888084
0.028273239366134257,0.20845852061492742,0.18910130399547195,0.09540509475934744,0.08332271400632356,0.16961177865646437,0.11684034161946383,0.09089271396837838,0.01809429301348881
0.23265477184367708,0.04428288275720146,0.008365783623956404,0.08450575636453096,0.06725822440501293,0.07193663719313453,0.05907772436471911,0.08597236735826728,0.3459458520895003
0.14671911298286514,0.10327125605511163,0.06255395557616271,0.10978967139146034,0.11975181887752384,0.08773636800921077,0.0987393181451589,0.08107436192979946,0.1903641370327072
0.12451911162741554,0.1259100493637356,0.09222974946755431,0.12573736426326607,0.11681804466904232,0.11546564500089929,0.07180984729453904,0.12396474216798602,0.10354544614556178
0.25226522557781705,0.03487276097982613,0.08635011074202248,0.11987703277694822,0.09662876818563833,0.08889956745571274,0.08283216024924635,0.07436018949603783,0.16391418453675086
0.1386429298548106,0.05922770238446192,0.19774965701340333,0.10226769296898196,0.09579622756567208,0.09972956009742394,0.12147356029582422,0.09656576825569241,0.08854690156372963
0.2413052346809128,0.04289910019595137,0.07221485535432638,0.10977932782172611,0.09236661568142575,0.111686559960967,0.10589193538298246,0.10199187839034897,0.12186449253135911
0.0346206402824993,0.08167637725302669,0.027386091106750794,0.1332139011758815,0.1483121619280389,0.12141575639413871,0.21932880148186898,0.10132775222480554,0.13271851815298952
0.05322581546735378,0.14660765971726697,0.013030174402167284,0.10647956394114567,0.1267410009142703,0.15023042244612078,0.15409961520911028,0.12386136856187917,0.1257243793406858
0.027691685867749127,0.08286343007672413,0.08502535891455403,0.11998533042157723,0.14839816234308403,0.1194541340755803,0.21325894318449592,0.1153121861956053,0.08801076892062988
0.07188278558966998,0.27153011262425214,0.17758774025915355,0.09583239368928477,0.10142176644436664,0.10809826181628852,0.08369093790519827,0.07266583180971074,0.01729016986207543
0.10978768196367183,0.049008799679232266,0.242265472028225,0.09755594580986587,0.09275321679708176,0.08449158304700606,0.08390876726366057,0.1306951208236358,0.10953341258762096
0.13438664715050377,0.1390739828633739,0.05253133196026161,0.1318251312878276,0.09736288422659713,0.11007476193253042,0.09974811817928624,0.17448541825688355,0.06051172414273581
0.1887983232964514,0.06913418663799885,0.07117153747597381,0.1105590943146278,0.1085201024309368,0.0979846399937257,0.13382287070033522,0.14242886162727397,0.07758038352267636
0.08948303254295986,0.11571557081396945,0.11587010678407873,0.12434373878312184,0.09354654979157978,0.09338617661402084,0.11296239984536438,0.10919369415210622,0.14549873067279892
0.20861680269172664,0.11260763415576813,0.07394402381649547,0.11571811463993682,0.08656564536128107,0.07702144663876831,0.056788592511852004,0.09287667086322672,0.17586106932094484
0.23374640484507378,0.051468642898447194,0.05228180418886907,0.07449007586577842,0.062253375989637205,0.07091849300249058,0.05801424272848817,0.054924882893861805,0.3419020775873538
0.15433385781859296,0.061372145326360726,0.17163267126299694,0.10476058009180851,0.0809933964895812,0.0694630649697823,0.07183661445308011,0.09600879761500662,0.18959887197279066
0.28090124089851193,0.0947954813910964,0.040978308446713234,0.09804862953955025,0.08593065132893431,0.07779856113924545,0.096885965698064,0.09654120385316824,0.12811995770471615
0.12442907223024686,0.11672255679007996,0.05800998683873599,0.1147199118769154,0.13911169537539464,0.13021708515593286,0.1026512934673891,0.10904543583293842,0.10509296243236681
0.1094573420478878,0.10719876689646157,0.07613362573201739,0.1345653596661529,0.12916328341472763,0.09356698715248894,0.09468808652105792,0.133010983055817,0.12221556551338882
0.23948595886772642,0.13341281192160134,0.06991544006894551,0.114220938143071,0.10288848524616488,0.08515018932059225,0.10843187020983126,0.08414128271251846,0.06235302350954891
0.10428617574694667,0.12292748597424852,0.09397018237586428,0.11858509886610698,0.17612988521544018,0.12321517883245435,0.09650149485162555,0.0941118923148958,0.07027260582241764
0.1611784592000156,0.08225301934966744,0.10824325852307605,0.12994431709501833,0.11587779377731493,0.11102450971472538,0.06285300335927045,0.11092333339939205,0.11770230558151983
0.12646582584875632,0.052264979399813394,0.03571434109837143,0.12642884801309956,0.12939794592058523,0.08049891741748884,0.0789767798386407,0.1900438498507068,0.18020851261253776
0.13093106728876241,0.05376246871562792,0.2287514838571348,0.10151848649709645,0.10186238289114037,0.09468698052778542,0.06545706577212584,0.1039041770926326,0.11912588735769407
0.23409438957016845,0.09275099105497198,0.04713590741259368,0.11003079419555357,0.10804626636221994,0.08860462601432463,0.0733677631120654,0.0746346569695436,0.17133460530855868
0.0445363886451543,0.09179224554282554,0.14884140744320093,0.11805072029591523,0.12061975698327443,0.09904512693723372,0.16581155101525258,0.17700611460161808,0.034296688535525144
0.3443855514781986,0.06718005682215072,0.038415460469897,0.1198248448504045,0.09789771219317833,0.09339364028881007,0.062267232311114175,0.09635436719070008,0.08028113439554664
0.038069279521040576,0.03639334976705947,0.2247178013683998,0.11787583125966607,0.10773152998449885,0.11137317893640346,0.0926680344052634,0.10940370715843876,0.16176728759922962
0.10996398710832765,0.06126652007028032,0.3280370500674203,0.09617495130947507,0.07118070769752166,0.09854284323501993,0.09058544372063564,0.10937679612009747,0.03487170067122203
0.04313652556236261,0.2570436018941172,0.11521854775534181,0.1045189675849592,0.09557236688787672,0.10450936166757098,0.11957506542216874,0.11092423606363931,0.04950132716196337
0.3156269788487322,0.04761383527186342,0.08603302317295487,0.10543960161050488,0.08409572169381796,0.08524830373971977,0.09122872877907141,0.078687603751437,0.10602620313189842
0.07013052570564338,0.10963305476355607,0.01645378903315896,0.09204727154818736,0.08852404342106261,0.07961690212998757,0.07278128700629412,0.09670297621759079,0.37411015017451915
0.08155273864484465,0.05538112564053038,0.09168058854193972,0.136629121734517,0.11817096875483292,0.12557739608560411,0.16882640453598463,0.13985144218807408,0.08233021387367251
0.07842377575400068,0.12526613352323587,0.07681738119837939,0.11540478656424162,0.12098881882275737,0.176134365418284,0.12557944024734072,0.14697331309308487,0.03441198537867546
0.11620844684351335,0.06379064057976358,0.1804738945076707,0.10322897650108338,0.13460756900458964,0.13476741750532714,0.14216552196437574,0.08935746092902087,0.03540007216465568
0.23791043766614847,0.06473884471030887,0.009992414622481858,0.10429274344768946,0.07868032199317548,0.0877405801610912,0.04954905474856707,0.07824909113681427,0.28884651151372326
0.17308058055382722,0.06329721299117302,0.025314724221457082,0.09686316987709738,0.07126633923997454,0.07038142566393772,0.06256934794402635,0.09847209402373848,0.3387551054847682
0.2688271175267474,0.1448866645647454,0.014336130355744131,0.11326412700280238,0.11956379829181106,0.11410242823204121,0.10786457643916647,0.0907072362174911,0.026447921369450844
0.22265806413388392,0.03816058866221507,0.269559238174144,0.1044391128871655,0.08898765460315043,0.06852479995812365,0.1073886567796597,0.06587563646813065,0.03440624833352716
0.09397085964005197,0.20238607063307548,0.11392806634622023,0.11748792236316015,0.12266876572398182,0.11635646579681445,0.10412717923760956,0.10760813349630406,0.02146653676278236
0.28814795173008273,0.02959717170885408,0.016192758571015098,0.08664340112810766,0.06721102943557455,0.06659075794620938,0.047540448755072746,0.0900949246732699,0.3079815560518138
0.07181138509249758,0.09045639811136132,0.045966369069605016,0.12107917826244946,0.11461302037504965,0.28105243580863676,0.14384585327788035,0.10283586631144263,0.028339493691077255
0.20329491416312517,0.09036932463536622,0.12521095390889006,0.10096315256361943,0.09503295096877988,0.06512462846664004,0.09656094999847892,0.13712568060293073,0.08631744469216956
0.21608181937364554,0.0691589250570064,0.08490939134485781,0.10964177252418633,0.07691438078191333,0.08710658617208818,0.09115900839908982,0.10389054509566222,0.16113757125155037
0.026041415363226444,0.1690849289738716,0.22256950612803053,0.10003871527399054,0.10554664738645698,0.07937143215823177,0.16053146028818596,0.0982963985233074,0.038519495904698685
0.08971876076942291,0.040136892302854846,0.2666336817196091,0.07834051185585393,0.0838849481387416,0.05147618124388978,0.06514503522108345,0.07639591651846966,0.24826807223007477
0.05892762283897358,0.10107217056618961,0.031220237184687735,0.1046737207317196,0.09105344197400676,0.07840552875470931,0.0732235072645372,0.14533638434536056,0.31608738633981553
0.029172700149005165,0.19073410267899468,0.0441482560810525,0.112849212479726,0.1172625753459,0.10933260530553805,0.07200304967551611,0.11918833408629333,0.20530916419797415
0.10192361705167219,0.11098970828101425,0.05118347606572679,0.12277124535398136,0.1279458899507652,0.13599442453241511,0.1563988123470557,0.12292381532622328,0.06986901109114596
0.011975883198404083,0.2772359821759712,0.1037512912357258,0.10341867676890405,0.09249543614098711,0.16789085836131334,0.12126740291682221,0.0854128960087166,0.0365515731931556
0.15878175460851449,0.09287028686525349,0.043103904271060256,0.1242228237855137,0.11248060746731066,0.11906544461618114,0.1121181026884124,0.08876660163743255,0.14859047406032133
0.03928844323937622,0.1498732687325727,0.1101702209901521,0.12559081686356025,0.129146952706534,0.13607367617298885,0.1755065583073392,0.1109428460167708,0.023407216970705916
0.018912020289280823,0.2578489268446949,0.06192001933812033,0.09901017400275093,0.11203744794781699,0.15126117477246084,0.14233688115518958,0.11290200316255128,0.04377135248713434
0.036068053640306956,0.22996860458561977,0.026912447816984972,0.12722479634955094,0.13080331717649143,0.126751290083518,0.1278137752134684,0.13657500141347914,0.05788271372058041
0.03580868194683981,0.1687155180442391,0.0604570394278082,0.11463780429162417,0.11716150651390726,0.14032074900369,0.13319473860453815,0.08363393371750753,0.14607002844984587
0.18999419227935632,0.07284071465572962,0.22965190759594875,0.09899759238142619,0.09708938161305082,0.060068954729900925,0.10677614912504078,0.09841146084436096,0.04616964677518561
0.14171548977596277,0.09997244872072798,0.04856532391677785,0.1191272806934313,0.09106102003368059,0.09135643087382694,0.06560124960457642,0.1333861046996486,0.20921465168136763
0.20578042704151653,0.042485585119530385,0.04496673238794405,0.09373246488258134,0.07602549169571036,0.09396849637311193,0.053867590317548654,0.08464586229287484,0.3045273498891819
0.09888133600415276,0.08635941056095019,0.05338493100737679,0.1073280783461464,0.09833910010813925,0.1355609173407165,0.08089886576687766,0.09756675661158563,0.2416806042540548
0.014614042015858258,0.13058086830202087,0.31117731476872895,0.09587878635843132,0.09220302609742988,0.08633418726833897,0.1023149490652679,0.09667347913516598,0.07022334698875778
0.3130881058357357,0.04242927011787359,0.022957713475694964,0.10959842417170702,0.08860484953642538,0.07908948831757656,0.0721329970079332,0.09700154881044859,0.17509760272660482
0.01832530023650421,0.08176666254794263,0.1367088148839446,0.09502999522700661,0.1042658537939305,0.07135704987128637,0.13568291504015825,0.11709893492592309,0.23976447347330376
0.20605590980868435,0.04593837177620471,0.027979679823086936,0.11091460267307658,0.10152401795491812,0.07747937379070545,0.13981838461524873,0.1799259635189386,0.1103636960391366
0.3467910241099905,0.041500180149473855,0.01816250769786536,0.10969913013962275,0.08206556752279597,0.09229113488124858,0.0748551358474699,0.10371245411546413,0.13092286553606888
0.13024761231901263,0.08534223965863647,0.1535404293041762,0.12077304172561908,0.08872230376178337,0.07186155762298992,0.12322597892678794,0.15314849822891327,0.07313833845208116
0.15667134108372602,0.09680874288234764,0.08454801044869398,0.1442161692624781,0.10833229459693304,0.11070426504027774,0.07969221389546531,0.12038439214262002,0.09864257064745817
0.07638926052874655,0.10115123229112927,0.07840519541111358,0.13390326832189542,0.1477514059431314,0.1110648126883138,0.15435610947398792,0.12002396524358343,0.07695475009809856
0.18968218931314104,0.07613084909749122,0.11063434803966483,0.12225077387280603,0.10647237919972381,0.07983575310687374,0.10228694104191,0.10169340743458048,0.11101335889380892
0.08115240023690905,0.027230154004973167,0.15924289865965627,0.10568527580601166,0.09177903355896955,0.1344128861915589,0.09519468981678551,0.08223240216040008,0.22307025956473583
0.02892386472914003,0.22697573164669274,0.08007896463649106,0.11693596969069726,0.109638809204807,0.07079574449855996,0.11788669153549491,0.18628290771144784,0.06248131634666921
0.0195680990010109,0.1905129750487299,0.060740662064530444,0.12167683009723566,0.15280597222922712,0.13462166570868758,0.1264662501492812,0.14414173499927743,0.04946581070201975
0.18137281217547252,0.08393055225579223,0.012390620584007453,0.11560233036617425,0.08056457231492277,0.0815779626242571,0.05718875694047054,0.10982395802778638,0.27754843471111673
0.08126771320474918,0.11120830757302193,0.018466402376249937,0.11867570473800705,0.11114126805461755,0.11680248889535609,0.12965133964905665,0.0724638307910296,0.24032294471791207
0.039917866965333754,0.3176427787130854,0.04885950372309699,0.10970103555601879,0.14320513511291105,0.12471597259371385,0.0849298661713301,0.09620251666152113,0.03482532450298892
0.15580866854563777,0.1805900343554608,0.07953898409025693,0.12310206457199008,0.1111989812986094,0.0921996291853328,0.13144220844282417,0.10672818574800792,0.019391243761880072
0.01651309977546191,0.16164033090411678,0.10575213317369907,0.1182205435863369,0.14156669341549122,0.1342737791911974,0.11993165521615505,0.1277623464804969,0.07433941825704471
0.10960319129567253,0.10880169814221789,0.15616666122844075,0.1151809648480982,0.12075512612239331,0.09517021023822925,0.12961076499262966,0.1050305703890038,0.059680812743314715
0.04555887662375219,0.14886225708836306,0.1059037421963878,0.12531521813114624,0.13767706338595465,0.15033265908571755,0.0791582670987147,0.10370205243590884,0.10348986395405502
0.02802427578380041,0.19175803190335508,0.11607939068668044,0.11597570127327834,0.14909658732781575,0.16598007872282275,0.1235402421898291,0.09247067604176322,0.017075016070654963
0.09746004699210402,0.15330175363285375,0.06919585254140945,0.12294269990312816,0.13749162589330385,0.09702975671673475,0.17771999879260603,0.11256032527447586,0.032297940253384144
0.12686711226949499,0.061856998539387024,0.0973208618997556,0.09089196216100931,0.08578696384631714,0.07798892212561816,0.06634225312275954,0.07231356012951862,0.32063136590613966
0.12497155789705834,0.1716526626072287,0.1288308016004734,0.10624266325662064,0.09752679029272189,0.10033213506415574,0.10220286901085529,0.11996330623745581,0.048277214033430216
0.04502666527137291,0.09844584368225569,0.2704914696437923,0.11098033995214805,0.10004201607388347,0.10222743813563608,0.1064974582043005,0.11011515054763621,0.05617361848897473
0.06450995753599234,0.17380506027500367,0.2015380535043765,0.10711062535491085,0.09992104676328506,0.09913528841817475,0.10304432517789687,0.11942129384618139,0.031514349124178546
0.06158574576670914,0.19908813329013006,0.06134901363868909,0.1288257204522343,0.13148408026438213,0.15830572222867545,0.11318187588964183,0.12224586144345102,0.02393384702608692
0.010693772769803185,0.06966437047265216,0.33526576674114983,0.09500135752397003,0.10535330359489947,0.09477416195839831,0.16230672743379532,0.0849946847912808,0.04194585471405088
0.051880303375090614,0.0866802945861912,0.12538077420464674,0.11040678998978522,0.11448392206069097,0.13662722981038167,0.12376547378890719,0.08652733565858385,0.1642478765257225
0.03430971439129676,0.13894074843978063,0.29696221041699006,0.09807231999477885,0.09570217920036128,0.08705244001162327,0.09864319905561471,0.13731223645182444,0.013004952037730048
0.07505513255504365,0.09656691978076831,0.023351200897395948,0.11456765146892296,0.1212239110162822,0.09890025512426061,0.18228932404479656,0.151208361026529,0.13683724408600073
0.1480276778150708,0.1648610420970895,0.09711677644703397,0.11472474788554504,0.10970072942176863,0.07814139658736384,0.09910838596164206,0.10704769824350502,0.08127154554098119
0.06250774957291953,0.07580585770034146,0.04332745208249989,0.10909697420632007,0.13399763591352262,0.09748942980251678,0.21441528383746242,0.13154495700628624,0.13181465987813099
0.1520937443017273,0.0703982849397818,0.009269779898243418,0.12034491417614439,0.13129111060169876,0.0951786526852495,0.08038433764733806,0.1010779832803984,0.23996119246941827
0.07381768161148868,0.15891823200383823,0.06818800888645297,0.1201319008684606,0.12727817715516052,0.12576399021171444,0.1734195402792258,0.12117597050406388,0.03130649847959494
0.07856200992101732,0.11521157013370387,0.12917085257855976,0.11625760494399867,0.09469969665030196,0.12973103999938204,0.10898277691284702,0.13621465444301076,0.09116979441717861
0.1946797681748856,0.07015022139322079,0.02841558098558268,0.13453230878180839,0.13066825059699252,0.10709460518108589,0.07907243286220685,0.10093065794061044,0.1544561740836068
0.26896723265159567,0.060193585948437434,0.15360929151861116,0.11846590488614818,0.09239956819867717,0.06367493836642006,0.10759925132166333,0.09657878255193171,0.03851144455651517
0.06097829978001162,0.10583351984091426,0.352943110629584,0.07101266548148444,0.0676324545209573,0.09534224703633654,0.051444025921192425,0.0812518404844077,0.1135618363051117
0.07574051058072341,0.1957236344989702,0.18347505254790594,0.10689147137518658,0.09983339812145513,0.11290790072540742,0.09866393537180441,0.08621028370195745,0.040553813076589486
0.050186101239703386,0.2734128170432628,0.04357017864965731,0.11575044076896689,0.12372754074089325,0.12549870669997895,0.12531094225747297,0.10952382896398266,0.03301944363608181
0.05217467161015588,0.18713057661986912,0.030409916673056963,0.12512750664572478,0.13207639096798288,0.08845278086821713,0.13726724097892665,0.1678243906826993,0.0795365249533672
0.31828709484680906,0.09781831397465761,0.048788140852487394,0.0877626050374825,0.07228214812152148,0.09039293266302867,0.05410117055291419,0.05712863462598472,0.1734389593251144
0.05308312648278149,0.07576940003830733,0.06624603350987314,0.11343026789048798,0.10302771715394858,0.10001130265776002,0.11380234843176644,0.11917362204149846,0.2554561817935766
0.2591744071536075,0.035749289948896444,0.037802226269519075,0.09368303310508601,0.08165658414638803,0.06709097958575322,0.10106063852665187,0.08008017615857464,0.24370266510552321
0.26932204411032257,0.03778266190896782,0.012930401551242058,0.10202992766828345,0.0909926946528692,0.07913741560308411,0.057337634305568964,0.15042583335983079,0.20004138683983105
0.022265372112224773,0.11214979815807309,0.03646725203902771,0.13167676307678408,0.10054252762132203,0.10505241428982588,0.19610859514479742,0.16269102048463832,0.13304625707330667
0.07365967483170732,0.2727013194938985,0.024932103766091087,0.09801371738830872,0.12027176711977139,0.10247587305153123,0.0863160989995319,0.10577093414158624,0.11585851120757373
0.017961123020377178,0.08465095531213003,0.06940800782382918,0.12346983396429694,0.17070552144685333,0.1447130894256757,0.21925369375934647,0.14240916701418918,0.02742860823330193
0.07612987987638974,0.09597854317904285,0.16184083765959426,0.1224657462862071,0.11641884042894994,0.1271470301069445,0.11818229717486661,0.11755774020724556,0.06427908508075936
0.37555362533325726,0.06736708172887439,0.01974319128154116,0.09710238636433931,0.07739281774844055,0.08430681080153084,0.06152758455228515,0.08115308571382412,0.13585341647590723
0.08488010790871404,0.11156173613675184,0.08696481611681378,0.12606213401614055,0.13496368006628393,0.12236088010586725,0.11572596994232541,0.12898068952751382,0.08849998617958939
0.397875436504163,0.05785031294553081,0.0028067493759744,0.11366241030991875,0.07790146260474655,0.07301151986409583,0.07194802314932257,0.08547176412019729,0.11947232112605081
0.2508131620797623,0.05475328983587524,0.021638560634811708,0.11353358298402554,0.08419582614111093,0.07116454649979236,0.05421967777653095,0.13549923898599492,0.21418211506209603
0.025225693418151143,0.14472845640629514,0.10162493594287653,0.11781017385694131,0.13615221239163514,0.10099784916809273,0.19235395514590284,0.15429875646910607,0.026807967200999084
0.2848847771015393,0.02549110751497286,0.2823552183809755,0.08190625067147285,0.07353596877220415,0.05421589354036974,0.04416693755666531,0.05784368796940865,0.09560015849239147
0.01750640180438662,0.18349995863766555,0.11912189843516789,0.10519303461690914,0.10538740592355067,0.16470711170765823,0.1194790574001418,0.10947234213376146,0.07563278934075864
0.07327914026148001,0.11117551456364634,0.056210862813016294,0.11340713815394173,0.08086854294724466,0.07984289005461616,0.07154935063637811,0.09985944562827319,0.3138071149414035
0.09606799247806308,0.12518238090330178,0.17796742601827295,0.11141688276114259,0.10307174347635717,0.10899839723948836,0.1393525883216085,0.114557526547024,0.02338506225474167
0.3323316826653848,0.08024768058478109,0.03665093481164344,0.10312795507618806,0.0794000128646749,0.09160665159443082,0.06893677481207013,0.07916202940586797,0.12853627818495877
0.2010216516889325,0.029603999677818665,0.10183504211915245,0.11319499571929226,0.10148783984067804,0.09652194468975746,0.1015324334842913,0.09513119275844018,0.15967090002163717
0.26852308426003435,0.08728184733724655,0.03542030798059887,0.1244788413914405,0.09298047693293639,0.08378068960873884,0.08111695873581451,0.11281078396979483,0.1136070097833951
0.32449670492162647,0.03763464354100358,0.010799614839665515,0.13038091579730304,0.09034578416682419,0.09569291504177661,0.09860684561900453,0.11913443965085445,0.09290813642194158
0.2947786579560501,0.08729479005075436,0.058050430952242216,0.096547257149527,0.07060341034719429,0.07445113827757126,0.04285861274609309,0.08534600181913728,0.19006970070143026
0.03471897837970048,0.08401839105602614,0.04509618194084213,0.1424099049936947,0.17803503787992256,0.19734249680635654,0.15975391377734363,0.1429075095971434,0.01571758556897046
0.07762556197633444,0.13632661374360475,0.05836400992825256,0.1344467923134616,0.12806875028376327,0.09784988851055011,0.14424365233976008,0.12441819867112454,0.09865653223314867
0.17510873732812435,0.07630228746675514,0.052440680584133155,0.11324069460328844,0.08784287954404153,0.11174996188141852,0.07653864952914424,0.10905886173869905,0.19771724732439566
0.045963050298883736,0.12629967810221102,0.14352736236133692,0.12049240365642185,0.1278394037696924,0.1331922444934417,0.13173645191742128,0.109433628333666,0.06151577706692508
0.29885790448813,0.05495599147759406,0.07211440044139894,0.11622313219966367,0.10087476154950868,0.07950661602150493,0.08769595871844073,0.11359136324559072,0.07617987185816834
0.0716448254196801,0.13369353193227654,0.026466935635603307,0.10732582047624263,0.11435290186605529,0.10150714069383578,0.0871472230047642,0.11027132282102287,0.24759029815051925
0.35245920931641467,0.05365725047937544,0.01773852031066377,0.11382987087102309,0.10142685512242915,0.08213023374938998,0.09653243279530398,0.11716573419618499,0.06505989315921493
0.09425471928181754,0.1200038970106443,0.09207631239490928,0.1300298107755071,0.1265884108878917,0.11187578948685656,0.08502199198924477,0.08363764332400063,0.15651142484912814
0.06371097631853834,0.15705781042151942,0.016307387137264262,0.12510435388797828,0.1390649671313077,0.09990735149729357,0.16721986766055008,0.1351204104778991,0.0965068754676493
0.036565790442520583,0.35751755926996315,0.05496338082144713,0.10629851811554053,0.09679843560582252,0.09634042544921785,0.12259172302134946,0.10565382445915904,0.023270342814979653
0.03130686543966508,0.12133588062892835,0.15494602934496718,0.11511783958196613,0.10460278592190152,0.08781530347437617,0.2215876299704929,0.14307434591595114,0.020213319721751544
0.0893874584801017,0.1456739489075988,0.09598840923641143,0.11329660067623011,0.13806896964846826,0.11311588684516412,0.12157558053878655,0.12572709066098023,0.057166055006258785
0.197202994517738,0.11534534086364832,0.01894183669962827,0.11938912178305856,0.13167761345380483,0.08767179959516742,0.10557024261566843,0.1182250317856335,0.10597601868565265
0.17033866584969956,0.08205622548952841,0.023132089185661297,0.12070175059386601,0.09236587179034238,0.08710756627507987,0.08668286661536713,0.11045398133419139,0.22716098286626396
0.11876245879684277,0.05912512712623182,0.025724682263554996,0.11096950338625478,0.09619297711202585,0.07678363871464432,0.08642057860421891,0.08661555526738172,0.33940547872884475
0.026809032791214365,0.14600469109455366,0.24391049577349969,0.10585238018624392,0.11157912821876594,0.12542985934102108,0.09181355884112909,0.06833179281351744,0.08026906094005483
0.06784949602172391,0.14305075115290833,0.008586332929960055,0.11738241185838268,0.0994683118967573,0.08145540350717406,0.08839617704582953,0.12593481460495876,0.2678763009823053
0.3473065894248128,0.05644796057999313,0.02385746746078696,0.10292299559921386,0.08735707166949036,0.08076660540780188,0.06015325504465938,0.08379068413212105,0.1573973706811206
0.04347825058786892,0.35704883914928637,0.045631827028498245,0.08479843906669642,0.10325517694771436,0.06871680344642966,0.08244670030547631,0.09560852024113904,0.11901544322689066
0.2239778215856392,0.058491312781684075,0.037167036503193134,0.09627530758401709,0.06813485339795655,0.06984008473433449,0.06526933472888509,0.09335827327619754,0.2874859754080928
0.1690996647501969,0.11716681124293586,0.029749731611697663,0.10253836939472409,0.0901396015886504,0.10125106900287052,0.08102005846127401,0.08972092986228593,0.21931376408536463
