0.0711615668987558,0.08409378667553473,0.09468373991139621,0.13922195793115422,0.09398851181581719,0.10266103112053226,0.2321388715343916,0.09509765007241992,0.08695288403999808
0.06742747599058489,0.10663031332016738,0.10614821333379883,0.12356514212981057,0.11468215710395897,0.120236846215705,0.1566357487813722,0.1097670359779472,0.09490706714665488
0.07156096570913738,0.10583085309647622,0.10672408368872993,0.11972038038061594,0.11559857544838398,0.12148300051578186,0.1503850811253233,0.11187556613680459,0.09682149389874671
0.07223156002558084,0.12114446710263911,0.1086186054713061,0.09578842603321273,0.12819123272137575,0.1260815145354893,0.1269137313157631,0.11840267193971732,0.10262779085491579
0.06975058015451058,0.1287393882620558,0.10419881712520501,0.0755274891270288,0.12863124623654187,0.1214296192045497,0.147924622455018,0.11351729938400239,0.11028093805108789
0.06681592213319136,0.11034293966054558,0.10658717320849781,0.11846711027595745,0.11779592329283821,0.12175147026131722,0.15201304627021717,0.11036034600194178,0.09586606889549337
0.09288180713566245,0.12468440757082684,0.11215618594524566,0.06575887960708793,0.13362885482239162,0.12388438786243161,0.10128421330601363,0.11783097714913675,0.12789028660120352
0.07880381126242315,0.12405073327665499,0.10952061517442162,0.08521663552047638,0.12967620671032995,0.1256418122193004,0.11507112629766068,0.12900434689534732,0.10301471264338548
0.05050293634188657,0.1311728141036649,0.10165686923920349,0.09988377983620571,0.12416785094728479,0.11468197947378855,0.17967488366636145,0.11494085030813771,0.08331803608346679
0.18731394140574423,0.06152268240440915,0.08570319782526743,0.07182948736533872,0.0777699785260718,0.09187859115215619,0.20507057425985095,0.10711368341838601,0.1117978636427756
0.16031972191622243,0.14373547039360146,0.043459458135229334,0.05035405758463738,0.10469036535402813,0.043342263875507936,0.20717028494288212,0.14150330097732428,0.10542507682056695
0.06750117162487466,0.10626146297570054,0.10610465612582427,0.1240615616264608,0.11438130341732176,0.12008650198107707,0.15706313562896515,0.10969306834103032,0.09484713827874547
0.07297374061385077,0.1191591508617783,0.11404804839747161,0.09487117907063074,0.13313132796099914,0.12317084656496846,0.13499072161014083,0.11290567140673609,0.09474931351342407
0.06378864331370794,0.12761391124255686,0.10807627633336159,0.09716687911092019,0.1306706763350352,0.12620367843494673,0.13222702169554237,0.11318444422534901,0.10106846930858021
0.0648264750510902,0.15518963744882044,0.10430244260805198,0.04101055343786942,0.11299412233949613,0.10535383816886383,0.10294166653073637,0.11930655343937442,0.19407471097569717
0.06354506888511781,0.12413828160632938,0.10896545325918582,0.10724950775723095,0.1303565244552542,0.1240294232581245,0.1295769992699615,0.11099496383342582,0.10114377767537004
0.06582759233763347,0.11596801911935818,0.10715624287922038,0.1111702246588286,0.12229598297153453,0.12364479433217866,0.14533303389968127,0.11129699127074062,0.0973071185308243
0.06548843912596251,0.14181623444973523,0.1093353094192831,0.07505861544799301,0.13750043407962242,0.12534469398534379,0.1101634246733678,0.11902537111375165,0.1162674777049405
0.0892888675228794,0.12380372283517567,0.10872519884063953,0.0659703126759812,0.12666520819580152,0.11966320449993517,0.09726524226020755,0.1293674462261826,0.13925079694319734
0.07331538858206882,0.10219272279341762,0.1070957240450769,0.12470729261332897,0.11378707274248297,0.12148127862357139,0.14974466682042106,0.11334516330618527,0.09433069047344705
0.06429731241355775,0.08784612532596785,0.09455990237933631,0.1444812235977939,0.09458010582086114,0.08492380122095257,0.2632917070766068,0.08675784984946329,0.0792619723154604
0.06694349987852426,0.13728591029873863,0.10908959286164244,0.078219063150366,0.13649108810848215,0.12589083205008514,0.11224185369451374,0.11690043362874936,0.11693772632889832
0.07274672189375415,0.08011238852818099,0.10149581668943504,0.16493862084960106,0.0925721172713899,0.10449414475372222,0.18844574867929928,0.10382400177475172,0.09137043955986561
0.06776123572302506,0.10058164030370165,0.10636607016157625,0.1400064580187301,0.1121098835918879,0.11687215665431,0.1556899185588517,0.10624923790148351,0.09436339908643382
0.07037889240059238,0.1273678590273307,0.1142883953991236,0.08771553757784745,0.13809380505063115,0.12396818484304513,0.1279466053176179,0.11500586782552834,0.09523485255828339
0.06876238131964507,0.11613065898960673,0.10663777979523488,0.11749105220736367,0.12194901571744661,0.12516547120354923,0.13387362338256212,0.11265509443189207,0.09733492295269958
0.20604503440005464,0.15659895446488922,0.04163196671444308,0.03274711669799589,0.09994336910242933,0.028355030235549344,0.1961651200808386,0.13767192356814323,0.10084148473565656
0.06211231972316763,0.146579662178726,0.10464201423662763,0.0547203141339103,0.1265378627539491,0.11231103682904746,0.1500099303423186,0.11667052547343772,0.12641633432881558
0.07582084885341023,0.1158627741121832,0.11300448875093765,0.09097243866010396,0.1282287992639167,0.12246547131478887,0.14449365281632068,0.11988862808187502,0.08926289814646367
0.061779689765243034,0.13957865170907355,0.10877806841502802,0.08381679293748338,0.1372230919673252,0.12676500747063568,0.1197907391784732,0.11512561617111049,0.10714234238562736
0.07042553606230072,0.11746943357354929,0.10808094220089919,0.10462437626679148,0.12429125321953118,0.12287281735843891,0.1364722281876624,0.1170748089867897,0.09868860414403717
0.25417489939845667,0.1603528120384359,0.048186651173739416,0.026645746339849757,0.08970885731440757,0.021746547699513733,0.16353315207633626,0.15207984557931714,0.08357148837994356
0.07740278038539831,0.11737349771823598,0.0759626948884603,0.09459872648368632,0.13136852782169176,0.1275721378345294,0.15539581495760327,0.12037219726765568,0.09995362264273892
0.06222076457888085,0.13700474875179636,0.10864354279990805,0.0865944789547229,0.13606267887346493,0.1268463881963879,0.12231971711472694,0.11467518043741176,0.10563250029270022
0.0559651112832402,0.08805739569331723,0.1115110828238861,0.21187475310469872,0.10771906228919498,0.09411988718061481,0.1519844352443086,0.10236440618675179,0.07640386619398763
0.25057495763974286,0.0465074833883824,0.09480485475668392,0.12604477224797989,0.06835844905613576,0.08623877599681966,0.10242849127592639,0.1316056563093596,0.0934365593289695
0.06768001608922407,0.12911819677949213,0.10873412101177636,0.08976407531186796,0.13270798008519605,0.12668211210694424,0.12286048803615629,0.11635687352940927,0.10609613704993366
0.05707029099853811,0.15633469352056883,0.11096231806477554,0.07229493293978013,0.14054863323886846,0.12117601989102662,0.10448219913615625,0.11932902622750885,0.11780188598277712
0.4189928301704988,0.06061604302587148,0.07770762843517237,0.05259764639069197,0.024602626779743928,0.11354399238094078,0.07582667860242742,0.09905528627171328,0.07705726794293995
0.06660266626682576,0.10641334851491631,0.1059306171693017,0.1251578156469423,0.11370576472454601,0.11943054427372553,0.15923980411788094,0.1106562181757159,0.0928632211101456
0.07614361417803926,0.10501123451029958,0.1072549338303977,0.11831819401658782,0.11494644499882693,0.1176108893486874,0.1467211975011454,0.11783842662757817,0.09615506498843777
0.06445067172099311,0.12410138746296263,0.10783744859449172,0.10115971776698678,0.1283571630160791,0.1256539719951439,0.13592315309199268,0.11255898537617341,0.09995750097517679
0.10313885177540538,0.10856037832783016,0.10799865419519694,0.07840237640187059,0.12185636857715614,0.11962842379398368,0.09952884623083258,0.1275684107210151,0.13331768997670956
0.06379359156629148,0.13249155868192172,0.10846137061963422,0.08979250354664337,0.13429759170908362,0.1268736281715146,0.1244489616702511,0.1129214732513108,0.1069193207833492
0.08330358543177178,0.10876725339644804,0.11978980240774932,0.09617782816155329,0.13211337438397922,0.1190414460843275,0.13954891517348716,0.11206512360436142,0.08919267135632236
0.06670014815841957,0.14303096216618447,0.11633358851679661,0.07619666895356896,0.14532577854815035,0.12112351282944618,0.10881558937202586,0.11658737405656887,0.1058863773988392
0.06776516804057814,0.12831684898216958,0.10868059535932328,0.09077095552828716,0.13225495334106455,0.12665365010338278,0.12379651305502963,0.11614015540027588,0.1056211601898891
0.07906331166390514,0.13926668209546997,0.10849196876717661,0.050887169442654874,0.11580735839931929,0.10297253088641901,0.09224455628486328,0.13411328769748856,0.1771531347627033
0.07713906794274171,0.0602722435448577,0.13302267239229248,0.3524217167986425,0.07229223447497302,0.05641128214125312,0.061468863179264456,0.06033016820556164,0.1266417513204133
0.07175716425546998,0.09573123001000687,0.1010635435105174,0.12298419262502443,0.10783255631885165,0.11588304459121757,0.1892995332300731,0.10328323539822366,0.09216550006061536
0.26871734770171074,0.1341576828715881,0.07698432680561997,0.0486048404971181,0.07848426257779015,0.019969681862117474,0.16239261848690092,0.14099288152878695,0.06969635766836767
0.08188778394213857,0.12838545502554813,0.10920564732689603,0.06989837067122252,0.13045875119723246,0.12222832041516522,0.1013748638883462,0.126246026754565,0.1303147807788859
0.08253710829779122,0.10126638003943407,0.10140324003612654,0.10935253287809156,0.10521194918011528,0.10612877900077049,0.174468104375749,0.134614814501444,0.08501709169047778
0.06782767541877803,0.1291779330206184,0.10875795150578109,0.08950918869958714,0.1327511253449736,0.12667755216717091,0.12255880539088981,0.11655727839882585,0.10618249005337525
0.08250157905687316,0.10840726389442516,0.10851695939605062,0.10686366004591596,0.11953676350184865,0.11752251260637447,0.132261336946947,0.12179107325207361,0.10259885129949135
0.06189722354589091,0.13430067885999836,0.10838767419446933,0.09116263507121793,0.13407313118971712,0.1266133198326215,0.12737832075432431,0.11517809622688803,0.10100892032487252
0.07274672189375415,0.08011238852818099,0.10149581668943504,0.16493862084960106,0.0925721172713899,0.10449414475372222,0.18844574867929928,0.10382400177475172,0.09137043955986561
0.061296963678706164,0.1548622094141771,0.10957809934809461,0.06581877380131172,0.13251389657222828,0.1154804340510177,0.09773899855838088,0.11921130038054546,0.1434993241955381
0.08135495098913026,0.0990348076272778,0.10584486415034829,0.11924394283289681,0.10927532189855432,0.12565505440471963,0.14778663492138902,0.11748497851658098,0.09431944465910282
0.1580809292053189,0.12804351673784992,0.06584218974498562,0.1086544945521732,0.09367621438211139,0.03306270920202929,0.2168338203641719,0.1123029509139652,0.08350317489739446
0.07166688900840454,0.08610336375426952,0.09363686135028552,0.16297383457758396,0.08961020942170005,0.08616955463725855,0.2637817509363965,0.0656182823305424,0.08043925398355896
0.06005639109035932,0.1318290322955373,0.10403654612111128,0.0832832581531114,0.13170731711912642,0.12260282821713804,0.1571589152777941,0.10711654839282388,0.10220916333299822
0.05751917082542359,0.16295592724495714,0.10977477408237006,0.058574978062972786,0.1364599022430221,0.11853481438717058,0.1000422314474007,0.1211864570212326,0.1349517446854505
0.3254002796784426,0.04306516650693798,0.0827067911005153,0.06827594911466142,0.0603317228604493,0.08549991002762534,0.06783968294984401,0.12653949818034205,0.14034099958118196
0.06069745091689114,0.10181017979313818,0.09703163188138446,0.10184861255080246,0.10393724898017327,0.09946378552968947,0.2577186331107341,0.09522751262582134,0.0822649446113656
0.06070656790950164,0.14619382325162353,0.1090997743989207,0.07660921911342683,0.13941517830369413,0.12594313352551226,0.11339592505753204,0.11629968986825134,0.11233668857153746
0.06174357625766686,0.15896436181668455,0.10921935209967892,0.050366457519191415,0.1256910145592771,0.11112278165135188,0.09452290548124472,0.12556528712697151,0.16280426348793306
0.0950256796171814,0.07482665862189793,0.1302171750263442,0.16939901274868352,0.11212455257413806,0.09867499413096072,0.1462210925046162,0.09972765274386251,0.0737831820323155
0.37879230373851797,0.033049447284799714,0.08055505484294957,0.11608219484240374,0.04310838689548848,0.058190814872128786,0.07443749828906687,0.14021333911258868,0.07557096012205616
0.0644689276599743,0.11835615592369868,0.10718834548763793,0.10973763626100647,0.12321053133992427,0.12369674119245244,0.14521017252197385,0.11274907009755153,0.09538241951578051
0.07644411894369894,0.1271408468170967,0.1093978889518335,0.08158164653026137,0.13200028377853737,0.12571507695724068,0.11211987212212843,0.12353808867324738,0.11206217722595564
0.060915563722464046,0.10030555194011186,0.1126179128093822,0.19182160398546322,0.121314427003082,0.10663534831253202,0.11449459182498173,0.09551146502699974,0.0963835353749833
0.10590496401944782,0.11281856570494093,0.10675517158452712,0.05935199434348668,0.11703326903745638,0.11171654494229148,0.09123406949235252,0.13346506797900418,0.16172035289649286
0.06612489573057811,0.13836033662533354,0.10920018465148318,0.07900598130039904,0.1367042768830217,0.1260791834089011,0.11340725116938766,0.118287676306012,0.11283021392488367
0.059025279602600345,0.14771442384508846,0.10904580177682809,0.07870355634548624,0.1395516260197422,0.12620678224571338,0.1164073332327063,0.11840547687527214,0.10493972005656294
0.25749672668476836,0.15340038601191755,0.053087479422059415,0.040101163887978214,0.08757239527593354,0.02064929677530441,0.16296302710371954,0.14799568400056426,0.07673384083775465
0.0613395558783174,0.07210902005636682,0.11044094181286869,0.27518764002921436,0.09982504648470793,0.08992755320310732,0.12723672488763352,0.08345024806567007,0.08048326958211378
0.06662231613549505,0.11133026450278431,0.10669008079629903,0.11719057712980759,0.11858215067785782,0.12209945242778375,0.15088271658614164,0.11054912882867934,0.09605331291515158
0.0754306799636929,0.11082650090892977,0.10791278259230393,0.10708145873948444,0.12143228538512234,0.12446954428365027,0.13605841561318027,0.11570384778744307,0.1010844847261931
0.046072836457163945,0.1505392751067485,0.10159595969210093,0.08169086063302114,0.13139994335560665,0.11640146166721516,0.16623930433682116,0.12194236103952223,0.08411799771180033
0.05045496107694066,0.13130839756217824,0.10165174495386615,0.09974744630433703,0.12423137132737799,0.11467698464640293,0.17964387359231507,0.11496967901944237,0.08331554151713942
0.06879125141180649,0.1264731719173444,0.10943998754589357,0.09484249120493375,0.1307503703026364,0.12491833021526373,0.1241588476936583,0.12215465812156627,0.09847089158689719
0.0699184345494727,0.11658058514748065,0.1078595754005362,0.10503252100021843,0.12438639922671606,0.12497344092810266,0.13685848904898681,0.11409964915723121,0.10029090554125529
0.06293051792866329,0.10825205010775096,0.09406361680621274,0.10272221493733769,0.10656874495036693,0.10027485622274485,0.23113210894721628,0.11147590844468928,0.08257998165501795
0.06984223484149042,0.10321006546759802,0.10437921682251161,0.08924612779054963,0.11201687803791775,0.11109773395954346,0.21761210343672657,0.10550732249535573,0.0870883171483068
0.07916726485812259,0.1192412694193789,0.10717792479798782,0.09883565639531351,0.12431251833404038,0.12348542937315272,0.11028492950374091,0.11332695377536274,0.12416805354290035
0.06635360415825553,0.10255424994802687,0.10761165059107569,0.14514028356926945,0.11588998112036858,0.11660684882366483,0.14600282332041054,0.1047580036688112,0.09508255480011735
0.06734617347907872,0.1060926217780182,0.10674867981817056,0.1262741170315951,0.11561520638727468,0.11952403980299571,0.15355609653812843,0.1086985771182833,0.09614448804645535
0.1566727349630845,0.13551857964556527,0.04687281129461294,0.06140714165404108,0.09804109397900485,0.06679309852136846,0.1931215563369578,0.13604591207744107,0.10552707152792411
0.07960652141159902,0.10772683045036924,0.07937174234498871,0.06468969332064171,0.10310394856744798,0.09909431083472096,0.2619030432045157,0.10118492415392573,0.10331898571179099
0.056913670873272926,0.055539912188163294,0.12300356261125907,0.3677580130373063,0.08985826277817975,0.07197657030451908,0.10696328089084121,0.06844583486748795,0.05954089244897041
0.07831751580496964,0.10237140931376666,0.06649212385680546,0.10336715709097412,0.10845651179372438,0.1083574266747163,0.2055766067169841,0.12507189539161392,0.10198935335644543
0.07356081652090417,0.13127372182944066,0.10757931436176582,0.07764646293650129,0.14368970192494107,0.12669176928678322,0.11625406814578132,0.11830433425056681,0.10499981074331553
0.0635775488893582,0.12894864134161485,0.10816692937930483,0.0956016491809026,0.13154066553138807,0.12638387127845188,0.13073273421427886,0.11337594769419766,0.10167201249050306
0.06711714394219447,0.13558981849671473,0.10901849027343036,0.08045871534155795,0.13600105407141566,0.1262357659068439,0.11415843336988891,0.11643864423005168,0.11498193436790226
0.07056847960446004,0.08769918866877446,0.10304119292028831,0.15269218693771539,0.09841557194576205,0.10949180123919489,0.18086477986354135,0.10633156543231508,0.09089523338794843
0.09330463362670864,0.12056664570206865,0.10746522364046925,0.07675607064645491,0.12072076710634479,0.11384180927913241,0.09765617573265008,0.1265116944554991,0.143176979810672
0.11733993239193857,0.0924217963586501,0.10007491429473263,0.11727890505736538,0.09740587208167212,0.10719749661779927,0.09362558241096597,0.1017736717941869,0.17288182899268903
0.06531548938198599,0.15617060162925672,0.115149851405642,0.06120068499408552,0.14341954672954146,0.11957715582680711,0.102830186385677,0.12153590797789027,0.11480057566911389
0.07322447682111803,0.12067969136161878,0.10854064842422267,0.09339226349226994,0.12904441705255135,0.1287928852486102,0.12400616957961437,0.11676233611061226,0.10555711190938229
0.06581451863709627,0.143435872610823,0.10818982711511337,0.07347964431287991,0.13330705183321986,0.12019639154313937,0.1020106104447263,0.11401607538103829,0.13955000812196364
0.06961256489571059,0.12050526297115298,0.10819579293538606,0.09925223160832448,0.12761498441463376,0.12588886509490368,0.1310530711463933,0.11436492296395484,0.10351230396954021
0.0769102791518276,0.12835577799995526,0.11455721904272885,0.07599802210739781,0.13940753001990505,0.12493779873963025,0.12398838275744599,0.12051546856751716,0.095329521613592
0.0664922053556644,0.1068998162466935,0.10598510559363826,0.12452737375671567,0.11408581538789396,0.11962040693457691,0.15871572449739643,0.11076964128622002,0.09290391094120087
0.10264098047719483,0.0989946739693366,0.10168106930516152,0.10426318292532581,0.103665517989896,0.12084651307862822,0.1201285869524869,0.11074727086617957,0.13703220443579056
0.08195365812466959,0.1319600810129471,0.1146853696716168,0.07239860132261694,0.13633513230266667,0.11804463886923348,0.1020177853130662,0.11606490591297614,0.12653982747020706
0.06418401754524643,0.11398315469747573,0.10655500048898348,0.11780892777052802,0.12095146441840715,0.12237851093522038,0.14951801221399688,0.11028262508390836,0.09433828684623358
0.3635224574298345,0.036187513090436906,0.07924504780331652,0.08864567837565973,0.04512615202329173,0.09123785532271433,0.07208567823356112,0.12410388299750896,0.09984573472367618
0.13587039950109894,0.09151359599350399,0.09340154815412345,0.06273318640631016,0.09835165232985142,0.11308530383274405,0.1315001203905194,0.10836159228061892,0.16518260111122962
0.09276748147582044,0.10315799837576924,0.10352963131035797,0.08634329069640202,0.11678989509033218,0.12180755208805405,0.14890356389694934,0.11703430102053776,0.10966628604577698
0.46414587086176096,0.031810425016859406,0.0730761219725301,0.04138526556046918,0.022158513597790447,0.04653663609767794,0.047912156429947145,0.13859705229873667,0.13437795816422812
0.06502163667937017,0.12087895424465289,0.10759094238271254,0.10499897686076298,0.12606450721493548,0.124982938667555,0.13951591099394392,0.11203175093552716,0.09891438202053976
0.07799455669838747,0.12821931225216646,0.10934420013204205,0.07662215755578594,0.13221693867512668,0.12469707157047698,0.10738754206144842,0.12344827508871219,0.12006994596585374
0.09556075364268235,0.11606689314426943,0.11445166417445045,0.07827739530475124,0.13319445482260253,0.12468522001260159,0.10601290785105309,0.1193834389486062,0.11236727209898305
0.0640659316047586,0.1458776930252154,0.10955095057007729,0.07274873336944232,0.13820546575907078,0.12483957966584275,0.10879120909957081,0.12108238085267158,0.11483805605335055
0.10042462333596613,0.07985452749909598,0.10052628257205733,0.14766961003600074,0.08796655533656184,0.11304073010522862,0.14620592313638991,0.10555797931505718,0.11875376866364233
0.09129739159628047,0.10619422707986609,0.12036555922046606,0.07994320850757859,0.129639984248572,0.11800229142711326,0.15205400207554332,0.11459308789676942,0.0879102479478107
0.06232656903878323,0.13142991981199328,0.10954394500183652,0.09811199224029384,0.13480767455414777,0.1246843975602403,0.12201343673876448,0.11224988320105578,0.10483218185288477
0.08932549488532388,0.1004067243278926,0.1055776621361229,0.12048329049064481,0.11201714669316924,0.11803286243793182,0.11576131154540792,0.10718562168251833,0.13120988580098858
0.06802264141683424,0.12728583609873537,0.10862933243838176,0.0918999628279444,0.13166508251019546,0.12659717540840723,0.12478626603328007,0.11603821352605999,0.10507548974016144
0.1298945920430358,0.0911111240090296,0.0992598101986238,0.12635436953892407,0.086882246091824,0.09809839923182657,0.08479603764557403,0.09227651380635764,0.19132690743480452
0.07073282153837936,0.0862088645496869,0.10270156337300702,0.15536106913537873,0.09710139347153492,0.10833167338642562,0.18299833439120003,0.1061127555479912,0.09045152460639623
0.06561631784987794,0.11168007626319458,0.10723132774544443,0.11979382989498215,0.11946028249427372,0.1210989126196399,0.14913227701826134,0.11055282278050789,0.09543415333381805
0.060501483757138264,0.14307647126350054,0.10889237880064008,0.08175287684748113,0.1382729180999501,0.12658208504810328,0.11855042342582185,0.11662888919547972,0.10574247356188506
0.0688073126611365,0.09831608744332944,0.1049806149269225,0.13565463689287557,0.10755072310090234,0.11616195899738951,0.16717078256378196,0.1083460701548258,0.09301181325883634
0.08430248467312194,0.12864519598739757,0.10697736147548781,0.060903091958646294,0.12384741174538667,0.11959512040507246,0.09320413402577878,0.1243044196013981,0.15822078012771032
0.11709451431132839,0.12508669477569664,0.11341053780732868,0.04548109159769212,0.12484353095556378,0.11305755579226101,0.0929735687013916,0.12674591400586802,0.14130659205286975
0.05909212966152566,0.14634528588042997,0.11177383478263149,0.08202823070020411,0.1392649214290357,0.11946419931312896,0.10353610075429254,0.11409939066864862,0.12439590681010293
0.06675384105196476,0.07464163487422038,0.10869673006498799,0.25772449502771916,0.09840190261213276,0.09242707970304587,0.1205501999673696,0.08413369228457773,0.09667042441398176
0.07873939717649077,0.1083079020247294,0.10387990341032836,0.0932474631221888,0.12068584724323446,0.12319737141746519,0.1579500951208986,0.11299709515215924,0.10099492533250516
0.0756689111831304,0.11700146878044125,0.11011840419775655,0.10264834227428428,0.12878330114078448,0.12336152061994739,0.11687393774009276,0.117100711256106,0.1084434028074568
0.07274672189375415,0.08011238852818099,0.10149581668943504,0.16493862084960106,0.0925721172713899,0.10449414475372222,0.18844574867929928,0.10382400177475172,0.09137043955986561
0.06069611692272103,0.14612868652446906,0.10909637039032066,0.07674106861583158,0.13939987010998375,0.12596772859187902,0.11352576948409339,0.11631491198711626,0.1121294773735852
0.05931220188452177,0.15024496311203386,0.1092631864039016,0.07441916662741431,0.14023211314574724,0.12551285588386432,0.11208405145697853,0.11806732386103709,0.1108641376245013
0.06985018307734596,0.13699911959781919,0.11513825767510888,0.07675970974016372,0.14382603887790624,0.12382056519768685,0.11593787434575602,0.1157339807148377,0.10193427077337545
0.06441441474478103,0.08884652611091919,0.10359873433194666,0.19103203742517763,0.10889537574031537,0.10696724615830279,0.14837177313870986,0.09783232906356637,0.09004156328628117
0.06272321000766677,0.11326565688458616,0.10678225751888239,0.12176124347459154,0.11822406023674444,0.11956467484332815,0.15416850798140797,0.11366514988050584,0.08984523917228675
0.0656523277664738,0.08812684279575629,0.10506054016487275,0.1791232782495501,0.1029737607101598,0.10680786979784944,0.1640138383539996,0.1021707206244374,0.08607082153690082
0.10602667303930358,0.11247688291679601,0.10296800888276879,0.06413844763861362,0.11221416332296419,0.11032226672192531,0.09031638568725965,0.1218208467078884,0.17971632508248048
0.07274672189375415,0.08011238852818099,0.10149581668943504,0.16493862084960106,0.0925721172713899,0.10449414475372222,0.18844574867929928,0.10382400177475172,0.09137043955986561
0.06865015716999553,0.14015821359615535,0.11045158428314567,0.07417609750477726,0.13623695879434902,0.1229423549626303,0.10565393903532289,0.12415834061896926,0.11757235403465466
0.07913056065344333,0.12007150377216759,0.10904299769539048,0.08805321619056757,0.1290932849224853,0.12600671871114366,0.1166542216637,0.12101183457191643,0.11093566181918552
0.060413841215743225,0.133866599117866,0.10804435822798121,0.09438764886093731,0.13246025360728783,0.12593582772057008,0.13217244056924274,0.11693904434101358,0.09577998633935812
0.06283119215374289,0.12322318680479495,0.10877331785686233,0.11033031650791504,0.12901827538338914,0.12346798642025412,0.13284292402074538,0.11178385528706707,0.0977289455652292
0.0636329172540772,0.12902515825319935,0.10818104038163338,0.09537887474576062,0.1316486945210699,0.1264184886289636,0.13044690127288333,0.11330564983418538,0.1019622751082273
0.06741684683812998,0.13162340393047897,0.10889390801553171,0.08663316280303679,0.13401982492909384,0.12668182561784724,0.11997546454885195,0.11705043568801572,0.1077051276290138
0.06627459512718084,0.12744133862471485,0.10791946768162387,0.09567889095348836,0.12994835838405908,0.1278378754292353,0.1264170197442897,0.11409797180250404,0.10438448225290392
0.0700637362349906,0.08271633889549772,0.0925790028277687,0.14131782360181275,0.09217863518909154,0.10011822054824898,0.2458674108598371,0.08996818416791481,0.08519064767483782
0.06580873933693042,0.13549602699113752,0.10945395042304301,0.08833233330043937,0.13493107685504532,0.12417650297491596,0.108333055928678,0.11346546130648238,0.12000285288332806
0.06109118090229285,0.1390705527591618,0.11002906356050036,0.08860286076104684,0.13824503340738642,0.12444837634412208,0.11474263519899625,0.1136604414798536,0.11010985558663984
0.05391933624571443,0.10832447365101416,0.09375566650101015,0.11026806692913284,0.1104723125501651,0.10528118135295628,0.2439175000445918,0.09051377456834735,0.08354768815706788
0.057531969678938054,0.1526449777186161,0.10920384100799006,0.07553663776017763,0.1406449788921603,0.12564914162029228,0.1141288492931309,0.12028265996790144,0.10437694406079319
0.06166679844641491,0.14599625487224913,0.11078117614693539,0.07870617047228841,0.13928651523555902,0.12376669160286065,0.10693729230494498,0.11964833501229016,0.11321076590645725
0.06776875294480782,0.08598434369270913,0.09346429877478075,0.16639305037965654,0.08945700384370836,0.08683619804253857,0.26493504077988633,0.06557401530657389,0.07958729623533863
0.07298620812755745,0.11685363933103222,0.11527224788205885,0.10268785833344685,0.13376804324842997,0.12145895933549289,0.13068404505324088,0.11074367902421763,0.09554531966452333
0.0769855463616464,0.12926801518667563,0.10785076821597361,0.08439293101699012,0.12808968872178614,0.12137046218497731,0.10523762199900666,0.11818186642374635,0.1286230998891977
0.08724064325743945,0.12703870790525054,0.11385558647455514,0.06648809087875905,0.13726681618305567,0.12228799803954278,0.10427144238191903,0.11763586196097221,0.12391485291850608
0.1902339729425949,0.07751420106024605,0.10129317078290952,0.060389393888026464,0.09890272636152202,0.10639793578784006,0.08446789445447815,0.1190089060868814,0.1617917986355014
0.06175769684954576,0.1353204681718617,0.1097560807806871,0.0929909943874609,0.13670557255260254,0.12478628291532291,0.11836504230536093,0.11296959770948627,0.10734826432767186
0.07772614145268152,0.1114294692503867,0.11118183849449477,0.07517494557373239,0.12643150024060099,0.11597316024791311,0.18539058007556652,0.10799634409913456,0.08869602056548942
0.0649597169571594,0.14441343543759486,0.10941925228873077,0.07211345141613183,0.13778269660105325,0.12458041204949115,0.10785944544545899,0.11956168901113252,0.11930990079324728
0.0791973200203663,0.12088359363188332,0.1093746899072885,0.08966748653010066,0.12825593574799077,0.12134836399339181,0.11806111721350136,0.12354513028816812,0.10966636266730907
0.06766899192539871,0.10900708681641463,0.10214519850289262,0.10521771960471128,0.1174319292169697,0.11929231352824488,0.17825081827535408,0.10527490391127685,0.09571103821873728
0.06282055937391717,0.13374074676348988,0.10846692155860203,0.09008388726193155,0.13441592401499036,0.12679556339239975,0.12550027300028596,0.114075033176964,0.10410109145741929
0.07108512596265242,0.10976248240977904,0.10720310724042463,0.11404524966292713,0.11896119025005124,0.12299505494990152,0.145146311886081,0.1128224834400894,0.0979789941980937
0.05985472082626352,0.0417027364560861,0.15573553572666002,0.4561169715434528,0.0691386439870113,0.0546482558551643,0.07170896628085012,0.05812578977243502,0.03296837955207673
0.28119774068892267,0.04224398486129025,0.08587773729890781,0.10935478362938915,0.05753633526267384,0.08954447688454703,0.11813432549629266,0.12294841043556033,0.09316220544241628
0.06626013840233548,0.11346949846983989,0.10691387405146568,0.11437449470775855,0.12031885884522776,0.1228515164998407,0.14829336550842584,0.11089165818143724,0.09662659533366895
0.06785545270860723,0.1041526707060203,0.10583216318096748,0.1270389572063694,0.11258991785742907,0.11913718852479536,0.15970259671569906,0.109338340996586,0.0943527121035261
0.07014071706224038,0.11997319093562171,0.1082015434305423,0.09914248142609834,0.12760504325048413,0.12600568150132904,0.13053090382557533,0.11366247828186528,0.10473796028624353
0.10423668648642516,0.10866282842122456,0.10698068261794087,0.06721303032398833,0.12343795265268509,0.12758661535083524,0.09471330715670596,0.12617061123075868,0.1409982857594361
0.061051123077187575,0.13457994526008885,0.1082588116306008,0.09234859734437635,0.1335588223257989,0.12635086055287778,0.12936429657527257,0.11617640296210513,0.09831114027169192
0.3317914577466858,0.03384879234308799,0.08668263000097327,0.07924409756063143,0.0651598434562938,0.11222736517892058,0.0715252430350518,0.11023043912260506,0.10929013155575033
0.06301250436938481,0.13236468347667282,0.10838160117247964,0.09170617381463646,0.13361275783876614,0.1267095165415123,0.12705725312848226,0.1139028810723713,0.10325262858569424
0.08884091113762643,0.09147056689235034,0.10404107829062771,0.1432545940342749,0.10267105567494529,0.12038141683004834,0.13740831524845287,0.11039909726965304,0.10153296462202094
0.06918014940407553,0.1102433711463426,0.10810230715130653,0.12078896270457655,0.12139742059037602,0.12272213504097845,0.13878821629345295,0.11034316661238214,0.09843427105650931
0.07229833469404515,0.11071798135163664,0.1077854163247537,0.11603424541302838,0.11907146422173358,0.12038196411028855,0.13804167523966535,0.11138363476005848,0.10428528388479012
0.08220784155854373,0.09714546108651508,0.10462329324790509,0.12782779325570867,0.10835751454004101,0.12135557557580351,0.135580522603704,0.10491253139933632,0.11798946673244255
0.06219719264894583,0.15562086028963265,0.10985821367431797,0.06127001891869465,0.13599102005124838,0.1199504765938264,0.10050616199037865,0.12368063444944623,0.13092542138350918
0.060758521635363494,0.1363184760067259,0.10979659576665746,0.09409456329837025,0.13677302179854708,0.12467866150008176,0.11958098445129052,0.11409413377314716,0.10390504176981637
0.0804156819267387,0.13653032250685854,0.10774256284690263,0.04954846154705909,0.11714469658137977,0.10853055209504842,0.09088301558770177,0.13257917338864547,0.17662553351966556
0.06912728286022808,0.13065447436837327,0.10912454798516376,0.08683184775352437,0.13318509072665857,0.12443980214833215,0.1193987920131175,0.11881377234566276,0.10842438979893958
0.06863025038534043,0.11580465783506733,0.10758860375791619,0.10881995740789718,0.12411843602526444,0.1244327625149187,0.13874726942707868,0.11329829699166427,0.09855976565485282
0.06906128366006499,0.14428520054900654,0.10949426019752284,0.06447382095740108,0.13430688665180626,0.1210752426865762,0.10086797071297264,0.12347033057856538,0.132965004006084
0.27542910617118205,0.05091966837669041,0.09404847255668292,0.0883289431684154,0.07436785468170652,0.08453378592980891,0.08245031155101339,0.1436207723103146,0.10630108525418584
0.06328605585931153,0.11495247839308766,0.10898249606091061,0.12819132011127168,0.12484333380581442,0.12008014602815321,0.13544465401829983,0.10864293788006228,0.09557657784308875
0.08442424336023263,0.11411651245599008,0.10891035848359167,0.09086829971574367,0.1261409182461576,0.12561771675878416,0.11724812796146127,0.1218549260225082,0.11081889699553067
0.07274672189375415,0.08011238852818099,0.10149581668943504,0.16493862084960106,0.0925721172713899,0.10449414475372222,0.18844574867929928,0.10382400177475172,0.09137043955986561
0.06082373664856583,0.06969098301177362,0.11782168821441608,0.3108824179761403,0.09979349546879519,0.08191211413546977,0.10024173040319849,0.07749471398873126,0.0813391201529094
0.06413978069069165,0.12574926042485055,0.10795227172962119,0.09927181221261161,0.12946263126788585,0.12593253460672546,0.1341759669094143,0.11285181365467732,0.10046392850352204
0.23844170124056188,0.048605897394480506,0.194063453309374,0.1216695978193885,0.07480568061265218,0.06720779725069381,0.09159882212504461,0.09607005405551805,0.06753699619228645
0.08765489042041226,0.12963152671153072,0.10519113849505672,0.03851714169305732,0.09716863279994221,0.09478087588486948,0.0870258131758684,0.14052937294459647,0.2195006078746664
0.06660266626682576,0.10641334851491631,0.1059306171693017,0.1251578156469423,0.11370576472454601,0.11943054427372553,0.15923980411788094,0.1106562181757159,0.0928632211101456
0.07474082593159474,0.10761817098554594,0.10681495421367297,0.12024521104560433,0.11633966206185824,0.11969853620742954,0.14083184640790591,0.11310001110754443,0.10061078203884392
0.06320375478302998,0.13150473270434734,0.10833530010785623,0.0925778866192612,0.13315033446882774,0.12665906650311567,0.1278250299903781,0.11370917934948055,0.10303471547370323
0.4194663195110295,0.028781629442194295,0.07947783622783046,0.09708909559898075,0.041508044946767596,0.059197293399095074,0.0623477024909839,0.1386887628781508,0.0734433155049676
0.06303542964887698,0.06992590292020073,0.11476099740323874,0.29969463948469255,0.09966637338248958,0.08608797900146048,0.10389510308018172,0.0774515407103396,0.08548203436851957
0.09251190343581502,0.10227756180641101,0.1087100781804704,0.11216559665139879,0.11422838788582383,0.11341809369004092,0.12784721824194842,0.12702763697218586,0.10181352313590573
0.06719236609073588,0.10813457295977624,0.10633437379839267,0.12145823890963348,0.11596355841705741,0.1208832601295229,0.15471934618186342,0.10999602808439092,0.09531825542862708
0.09801941382969707,0.1029801199710025,0.10521646526330879,0.11637151312043219,0.11177911736297402,0.11717224935042087,0.11007673622150556,0.11473216806247578,0.12365221681818322
0.06915132775582554,0.10053050603124856,0.10105248005332472,0.11761696843190661,0.11004233489755433,0.11608254018808727,0.18887418972843298,0.1035882784344951,0.09306137447912487
0.06610410256636771,0.11453738994748934,0.10702500839495747,0.11294817400287394,0.1211977847034652,0.12322092354052881,0.1469412173652895,0.11103327094397852,0.0969921285350495
0.09740957644119681,0.10803301239556895,0.10962422057161807,0.08778415006004148,0.12385452513907287,0.12022285016324759,0.10299050536024208,0.1259345039857188,0.12414665588329336
0.06231536362869846,0.12146452304947207,0.10707362128733111,0.10845781136221339,0.12391098827727075,0.1233900746439764,0.146063838974722,0.11508115305548938,0.09224262572082642
0.0655090397854698,0.13693649238646122,0.10905922821051162,0.08321533528630636,0.13543094743943032,0.128306419653794,0.11832841713410495,0.1227556928973723,0.10045842720654936
0.26001626666768585,0.15210150924323104,0.051982149702390346,0.042509705391456265,0.08769356158231133,0.020403152772409047,0.16342077766643756,0.14677828829120848,0.07509458868287006
0.10611137109885417,0.052901347261624355,0.12813009470448294,0.2324526137380821,0.07052574270074029,0.056791677185214266,0.2343804108294815,0.06449547334715751,0.05421126913436294
0.13587039950109894,0.09151359599350399,0.09340154815412345,0.06273318640631016,0.09835165232985142,0.11308530383274405,0.1315001203905194,0.10836159228061892,0.16518260111122962
0.07594474862928938,0.1287837679374565,0.10961788859798892,0.0812268901523463,0.13182879476549084,0.12114898800945001,0.11173411846259616,0.12349370535205251,0.11622109809332937
0.3457707359836397,0.03442925139752347,0.08572959934450804,0.0725901517542008,0.0645205014308064,0.10136599027336367,0.06872297752593033,0.11836871654865473,0.10850207574137276
0.0623783133354344,0.15672916991962868,0.10948232677589047,0.0554633676944454,0.1313006767617332,0.11571147036487513,0.09695116307368623,0.12373133987408996,0.14825217220021653
0.09283517806775958,0.085935337429716,0.1058920898066514,0.13131990038676433,0.1024051024731165,0.11790677937870643,0.15074855416241575,0.11690987042251776,0.09604718787235227
0.0608989033731403,0.1404207500064215,0.10874352959212603,0.08461027146822254,0.13716693671387795,0.1267291406177479,0.12121090429161152,0.11620001174994925,0.10401955218690306
0.07450442486747454,0.12005976089041577,0.10724336590038579,0.1057638228845208,0.12326343445949733,0.11803174152793976,0.10748247611714606,0.10695258013552322,0.1366983932170967
0.0658036017185012,0.13905898675213033,0.10920581157536259,0.07845058637253897,0.13694202476825953,0.12600909742390307,0.113023503220216,0.11817979821672524,0.11332658995236321
0.0713838815133764,0.11751214393454272,0.10821596542868102,0.10297671511520158,0.12510224205957263,0.12328172258066368,0.13396051949304486,0.116132621697442,0.10143418817747502
0.0749419234716932,0.14143423894457616,0.12325706337462727,0.06942846449700898,0.14962625150718786,0.11656527389435663,0.10536245878806322,0.1179530929500326,0.10143123257245412
0.06939683150694205,0.14176290673612776,0.11497742087528522,0.07090872142345206,0.1445632672443593,0.12280365637293533,0.1099331529305968,0.11564555842430878,0.11000848448599271
0.08669154157746899,0.07466369914224764,0.09312432203900407,0.19759275090665107,0.08099523015531325,0.07123435869159019,0.26534645589223543,0.05658026855113859,0.07377137304435076
0.07787773932641262,0.12254516050333508,0.10938821550470168,0.08854646590508464,0.1291506567916064,0.12171469196687883,0.11753324514430603,0.12304895725218551,0.1101948676054893
0.08281641007740913,0.12213173388161087,0.10954984473027508,0.08251704823014137,0.12896496652960346,0.12104844070968666,0.11075960489941655,0.125914864202008,0.11629708673984883
0.06986479678249934,0.11684082557599844,0.10782191638320249,0.10375495159795096,0.1250719336218099,0.12633545093207985,0.13546042990096516,0.11311464170276436,0.10173505350272956
0.06910847200778823,0.12138037800925083,0.1082434632063002,0.09897285462093663,0.12787772502995562,0.1259348816683771,0.13124856884161495,0.11500841286405712,0.10222524375171942
