0.06500540851779203,0.09847643678116969,0.07484045113811322,0.08468372006520852,0.1317815832704726,0.17389261527595481,0.10649263281646855,0.1081165754637703,0.15671057667105018
0.08727567761762939,0.12296250976484041,0.07737169430309411,0.1263398841604659,0.12871441516448798,0.12154400791854657,0.11833112495882124,0.12461606590600832,0.092844620206106
0.057882582172021135,0.10057511685057731,0.06701015835031125,0.08364138441826181,0.14123398445250238,0.15256308151594125,0.10509316639011655,0.11730899644402863,0.17469152940623967
0.07277989748821906,0.1141519806065797,0.07213799029661777,0.09819391384274095,0.14012405070734016,0.1480748742754688,0.1121022455430299,0.12154172644343737,0.12089332079656619
0.0528407609545399,0.11480513088720999,0.07828832797345169,0.08736638695065513,0.13482275276653977,0.13921296705260064,0.10983259727183674,0.11801120501598496,0.1648198711271812
0.08965739093689233,0.1231387467047645,0.07920271397264071,0.13654557931581757,0.1235039382318875,0.112575289636567,0.1201025160261226,0.12615199737044266,0.08912182780486518
0.08700134104975378,0.12276966963650249,0.0782511487472911,0.12900402349792323,0.1267810678425898,0.12015913496401466,0.1193174844793119,0.12585245441278844,0.0908636753698246
0.07526117890988605,0.11604767282470141,0.07282232608727292,0.10132717387723537,0.13925009853185408,0.1452812109985042,0.11304744083206153,0.121923535665042,0.11503936227344252
0.0691384693243521,0.1493461388968407,0.1034953489228551,0.13280571396405774,0.11404342977708243,0.09305178219741332,0.11987491184204009,0.12261275766796326,0.0956314474073952
0.11016573170488807,0.11160383779435366,0.10716386808606349,0.09431559331454469,0.1256674424668713,0.18254440708207784,0.1313335338230223,0.09176844977589178,0.04543713595228701
0.08965739093689233,0.1231387467047645,0.07920271397264071,0.13654557931581757,0.1235039382318875,0.112575289636567,0.1201025160261226,0.12615199737044266,0.08912182780486518
0.05421098630150754,0.0969413761081938,0.06561411392970647,0.08108269806172523,0.14013772603125604,0.15040120868609003,0.10323159598943747,0.11601162003949195,0.19236867485259154
0.06153656013163076,0.10403205562343204,0.06818000575845264,0.08631047748602531,0.14198373836711134,0.15326859082741892,0.10672816121532057,0.11825534623627444,0.15970506435433396
0.08702762391882278,0.12277570742715709,0.07826021628110337,0.12907401288431924,0.12675105648682342,0.12008808570393048,0.1193256864568092,0.12585539947160979,0.0908422113694246
0.06494494947267387,0.10643458924906751,0.06786835492384043,0.08723936214265333,0.14393509296549536,0.15176664186164787,0.10676089270048356,0.11698199251638179,0.1540681241677562
0.055796448086826315,0.10144398602478628,0.08298783676537552,0.08393403007473256,0.10493415950186764,0.12167189751000178,0.09840063618680232,0.0995881233285018,0.25124288252110577
0.05433098521950689,0.12697963675580037,0.09719407676894297,0.08674432040850988,0.11013979563572002,0.11686178153921474,0.11350923932572592,0.11798073763096201,0.17625942671561723
0.08965739093689233,0.1231387467047645,0.07920271397264071,0.13654557931581757,0.1235039382318875,0.112575289636567,0.1201025160261226,0.12615199737044266,0.08912182780486518
0.05302749828589842,0.11595499229026662,0.07883236794336435,0.08776852334684064,0.13462465716758296,0.1385993282785587,0.11014490545080373,0.11804684091144164,0.16300088632524293
0.06855975160903856,0.11057757929779638,0.07075194739380238,0.0931984205022081,0.14135185674630532,0.1515126323496598,0.11020590411983283,0.12051284918711273,0.13332905879424398
0.14880058335583615,0.17473287075451668,0.11695077324062807,0.10917082726306333,0.04837597599582413,0.07349369239332393,0.12123120390090493,0.10831882408843911,0.09892524900746376
0.10408652292453151,0.1305611328225364,0.26821823615451684,0.06709981491618962,0.09150430355593313,0.06951968737201833,0.0958123754280152,0.07911337224128263,0.09408455458497629
0.08965739093689233,0.1231387467047645,0.07920271397264071,0.13654557931581757,0.1235039382318875,0.112575289636567,0.1201025160261226,0.12615199737044266,0.08912182780486518
0.08727053759985715,0.12282940703837784,0.0783443129938738,0.1297250855549694,0.1264715050797128,0.11942771564009054,0.1194011028844451,0.12588260096855622,0.09064773224011723
0.06452236906093167,0.10697140070595852,0.0694789870968588,0.08927342652195573,0.14172533545682955,0.15326490903895582,0.1084253742250015,0.11954867045076267,0.14678952744274568
0.10893427414237089,0.04598904784135946,0.33869791208503647,0.043234931556907004,0.05793123678919316,0.019291779452025804,0.044981086898452316,0.04007684756445134,0.3008628836702035
0.052237769134432975,0.1577223829941478,0.1950660624991211,0.06572208455241708,0.08671006514283454,0.07107911182473096,0.09915870892793512,0.09418441612914284,0.17811939879523753
0.0727519439656052,0.11406147955165417,0.07198634331637294,0.09789126960934454,0.14035515647427102,0.14811064294529702,0.11193050423444072,0.12133236076490832,0.12158029913810607
0.08965739093689233,0.1231387467047645,0.07920271397264071,0.13654557931581757,0.1235039382318875,0.112575289636567,0.1201025160261226,0.12615199737044266,0.08912182780486518
0.08965739093689233,0.1231387467047645,0.07920271397264071,0.13654557931581757,0.1235039382318875,0.112575289636567,0.1201025160261226,0.12615199737044266,0.08912182780486518
0.05289431670432224,0.09555949706556822,0.06495851019472636,0.08009435669059914,0.13977723038502268,0.1490934926948928,0.10241814281765681,0.11529236657824782,0.19991208686896392
0.08965739093689233,0.1231387467047645,0.07920271397264071,0.13654557931581757,0.1235039382318875,0.112575289636567,0.1201025160261226,0.12615199737044266,0.08912182780486518
0.08965739093689233,0.1231387467047645,0.07920271397264071,0.13654557931581757,0.1235039382318875,0.112575289636567,0.1201025160261226,0.12615199737044266,0.08912182780486518
0.045167416369487436,0.17740632188632888,0.38406798090116484,0.056703988804959055,0.03747509060694265,0.03098527846006072,0.09120030602773999,0.0536805143620173,0.12331310258129906
0.07948905523742138,0.11896512256773106,0.07399985548801502,0.10749976673785117,0.13717529825278926,0.13926333121766413,0.1146001891553665,0.12251869897505907,0.10648868236810254
0.10759125246409944,0.06519277210901712,0.0881972911542291,0.06754675083401175,0.06980613602075046,0.04353359410454246,0.06658633778312713,0.21499823516016972,0.2765476303700529
0.12132311531076057,0.11911903378776033,0.10445256316108582,0.10566188225925428,0.13113996502646444,0.15477423382809455,0.12131669622043954,0.09358860965646955,0.04862390074967101
0.08008194711002702,0.14923610505781162,0.34036369547950623,0.07795582455572972,0.07730007201979232,0.04373772495188586,0.10437232976071838,0.10039750514541874,0.02655479591911013
0.1002459962034164,0.11362813775736662,0.1607067240346831,0.11290796203258475,0.12142544932585096,0.15828869255673536,0.12591621059309857,0.07154838136231549,0.03533244613394871
0.16228655970021935,0.1242199969313424,0.26003841091273855,0.08341872547740921,0.08441282112135477,0.05543180762724989,0.10189823621990828,0.07259469706862703,0.05569874494115052
0.08855268620487762,0.1184465670144506,0.07583209146275756,0.13336586041523435,0.12137470720197668,0.10721722485964562,0.11810567792159558,0.17927922555983863,0.057825959359623424
0.10405784970892064,0.1712398334024127,0.11313185082427739,0.13531389636082994,0.08107741486392528,0.10436609294732906,0.1364704511111525,0.11049964766113157,0.04384296312002093
0.07868084610802396,0.11847977530912106,0.07387051002917945,0.10646210911460595,0.13745433560829032,0.14046142222302282,0.1144205348424178,0.1225415018036324,0.10762896496170617
0.07222972284647443,0.16122647617313016,0.15032823452019314,0.09707884298606655,0.11763851266379692,0.09942426445116258,0.12050626557351866,0.11273754910737181,0.06883013167828568
0.08965739093689233,0.1231387467047645,0.07920271397264071,0.13654557931581757,0.1235039382318875,0.112575289636567,0.1201025160261226,0.12615199737044266,0.08912182780486518
0.08571684374571176,0.13624100355037777,0.10073751028119804,0.14381515905697942,0.12168080633239715,0.10583893384182252,0.12542066898339313,0.12064406587343089,0.059905008334689286
0.0831917203752581,0.04222614246246975,0.238355176752253,0.047930043673374556,0.025199140845173013,0.005172822288601635,0.07494403429660983,0.2048401222455769,0.27814079706068323
0.09416845045087298,0.04290991022165091,0.2555962657893389,0.06658529060435796,0.03553879506223429,0.008459119430829552,0.08447896477670007,0.25861896602758755,0.1536442376364277
0.08532204750148431,0.12229657287476937,0.07768339563478414,0.12471051515432528,0.12860657189633226,0.12453814106810228,0.11877710030690151,0.12566248714110098,0.09240316842219998
0.049068991407969054,0.08741296224565633,0.09091495098129991,0.08040828464512474,0.13291934915073755,0.16298396663621773,0.09954954568052694,0.10855022584829588,0.1881917234041719
0.07687502002740054,0.11722720655905887,0.07330456437376483,0.10362827105450455,0.1384859117758683,0.14315348453102616,0.11368946630129513,0.12220728610374924,0.11142878927333243
0.0823942899259733,0.13316523192469484,0.15333851742660679,0.10133508687950422,0.12276856058816876,0.13223796357880482,0.12818015815883665,0.09971471835671313,0.04686547316069758
0.05237660447706013,0.12277518882486808,0.08654074825703889,0.09025466098209384,0.12706372806718458,0.13302694431764786,0.11350723279284643,0.1205396869503344,0.1539152053309257
0.054072210532376964,0.09676967920265166,0.06548930583935092,0.08091861751069425,0.14016840332631306,0.15018831775006317,0.1030912450894293,0.11584282466622287,0.1934593960828979
0.3128073908928492,0.06367250290953667,0.0704142497648795,0.09301657522657895,0.09867095180993173,0.07101529053614093,0.11333183197105152,0.126820188956609,0.050251017932422426
0.05045210914313044,0.09311830988089449,0.0640105542165874,0.0786438405772723,0.13858885988890712,0.14666534119805105,0.1011789966139522,0.11442689844409075,0.21291509003711426
0.110273269791917,0.0562693169726484,0.4369440183190532,0.1284293963106258,0.06818442170806716,0.020366418002018685,0.09432197830649806,0.06132955920009255,0.023881621389079014
0.08716284418876352,0.15574054201250448,0.18766395101557332,0.08083818561369749,0.11348826027028076,0.08720239313104679,0.11271862250807335,0.104224420709195,0.0709607805508653
0.07736092661791188,0.13230592557686235,0.08507651238705984,0.13506979152826235,0.12014163616874861,0.1104461458926952,0.12243366061987641,0.1266443347613647,0.09052106644721859
0.08965739093689233,0.1231387467047645,0.07920271397264071,0.13654557931581757,0.1235039382318875,0.112575289636567,0.1201025160261226,0.12615199737044266,0.08912182780486518
0.09004251146409331,0.12359548115926366,0.07732295261957989,0.12966657756237984,0.12802706666346897,0.11664893448226221,0.11814386406533522,0.12389931436847296,0.09265329761514392
0.07069079457218465,0.100261342330979,0.07744724152160086,0.08656108673781683,0.13030661501316212,0.17748859348506715,0.10925254066073459,0.10639372970426413,0.1415980559741907
0.055574821516956585,0.09897888266713996,0.06763924405770612,0.08361612813537772,0.138842080220285,0.15341768953943646,0.10541590989902579,0.11896756925000934,0.17754767471406288
0.05786551003973645,0.09408752143367839,0.07456355314569815,0.08286036796218897,0.12866037889396895,0.17331844048348202,0.10431793522132722,0.10936987736989852,0.1749564154500213
0.04840701695380923,0.09099856557152557,0.06304037814280855,0.07736488802718311,0.13760616116936109,0.14392661321316627,0.09999107297698344,0.1134282624967012,0.22523704144846154
0.03563971626563847,0.08248658679889859,0.07283359580701712,0.07329096283348348,0.11368757044909002,0.10803464295772951,0.0974796107365138,0.1115650457888863,0.3049822683627427
0.08965739093689233,0.1231387467047645,0.07920271397264071,0.13654557931581757,0.1235039382318875,0.112575289636567,0.1201025160261226,0.12615199737044266,0.08912182780486518
0.08965739093689233,0.1231387467047645,0.07920271397264071,0.13654557931581757,0.1235039382318875,0.112575289636567,0.1201025160261226,0.12615199737044266,0.08912182780486518
0.05425807698685315,0.09692790273804551,0.0655037705389873,0.08098040619387321,0.14030531199724022,0.15024600294182405,0.10313010626709117,0.11581436873110623,0.19283405360497907
0.10255807862672249,0.11802331092646169,0.07501543818289749,0.1308987977013691,0.11887274146552634,0.10548003246411662,0.11560929414201752,0.17556984750877022,0.05797245898211841
0.053443262579452123,0.10168744252436968,0.23139044481617155,0.09322695439122168,0.10682336491713891,0.14041321051921785,0.11691905957341853,0.09403603922223784,0.06206022145677187
0.05966407838709107,0.11487705813558867,0.07248592684375044,0.08398391987552285,0.13311442265829712,0.14186497854380264,0.11239619236469643,0.12134862048647026,0.1602648027047805
0.058082772333218256,0.0936709527373945,0.07261992337694273,0.08141002765003895,0.1308285647739079,0.17004470970500848,0.10251256068965627,0.10744614914566948,0.1833843395881635
0.03748531404250916,0.07840743995300996,0.06475721446270373,0.07318873899011018,0.12009440824907062,0.13738451758931167,0.09011173519681102,0.10475445381446608,0.2938161777020076
0.06133329499801071,0.10392832753606418,0.06828746995319361,0.0863683558243085,0.1417472698519225,0.15343781111854538,0.10681648547567159,0.11847367718908565,0.1596073080531978
0.06091076941866213,0.11568901961869021,0.11482067377777894,0.09413811662925997,0.1304931066631597,0.1678762232504377,0.12218698135089877,0.1111012264282938,0.0827838828628188
0.08965739093689233,0.1231387467047645,0.07920271397264071,0.13654557931581757,0.1235039382318875,0.112575289636567,0.1201025160261226,0.12615199737044266,0.08912182780486518
0.08847465191590159,0.12303711926148782,0.07876955731270581,0.1330675185974546,0.12502602282434128,0.11605428581320125,0.11976424060092365,0.12601751939229913,0.08978908428168493
0.06427790502344548,0.14765124452814898,0.08828733601944065,0.13786558246550837,0.110002777457253,0.11012298600344482,0.12638116109833872,0.12736537128433642,0.08804563612008355
0.09524324897449186,0.11212538469358597,0.08182161336105258,0.10213770236500462,0.13444959543141038,0.18063829814864807,0.12022088863352226,0.1037694953156073,0.06959377307667698
0.050108866126071995,0.0956394014770181,0.08530475385252585,0.07390954005597396,0.12612319402283334,0.11951994811521421,0.09987857063666311,0.10910749385888281,0.24040823185481655
0.09004590834596467,0.12359864593447456,0.07730137128505304,0.12958950975596786,0.1280779184270394,0.11669425965626719,0.11812119406968828,0.12387340470168122,0.09269778782386383
0.0725845020087676,0.11431252344460707,0.07287429546687689,0.09936232740856703,0.13898989931728634,0.1483209378504379,0.11291904334743753,0.12273512838780581,0.11790134276821385
0.06518532772840009,0.10755410131741405,0.0696472810263481,0.08981559303484825,0.14176545209015137,0.15304839218859692,0.1086752415295039,0.11964774638198065,0.14466086470275666
0.08965739093689233,0.1231387467047645,0.07920271397264071,0.13654557931581757,0.1235039382318875,0.112575289636567,0.1201025160261226,0.12615199737044266,0.08912182780486518
0.08965739093689233,0.1231387467047645,0.07920271397264071,0.13654557931581757,0.1235039382318875,0.112575289636567,0.1201025160261226,0.12615199737044266,0.08912182780486518
0.09128578087168211,0.12374344319332865,0.07785242539598995,0.13342803586298513,0.12630279844302547,0.11299644203625549,0.11858345163449631,0.12414810552048455,0.09165951704175239
0.0650123968987153,0.10739025075022235,0.06957917497262363,0.08963861427065727,0.141788121684411,0.1530905276851068,0.10858427569980626,0.11958507184237871,0.14533156619607868
0.07693917190986033,0.1302247041300376,0.08183664170693823,0.13807913357873866,0.12213677041214606,0.11162876602519078,0.12221155672514139,0.12676202197943023,0.09018123353251674
0.08286622786358178,0.10356285073113099,0.08204545723978379,0.0908500767335821,0.12656358327940462,0.17851184980326051,0.11609817078369132,0.10315021415574022,0.11635156940982468
0.096792454061658,0.12588988050834282,0.11563481037359184,0.14221691409227968,0.12051498024743838,0.10926443811844296,0.12219233901137645,0.1155238147866065,0.05197036880026331
0.08965739093689233,0.1231387467047645,0.07920271397264071,0.13654557931581757,0.1235039382318875,0.112575289636567,0.1201025160261226,0.12615199737044266,0.08912182780486518
0.06854947887829489,0.13652837116926766,0.08422320198174615,0.13874239368787708,0.11920485300527421,0.11138597654779699,0.1240269538647608,0.12735001245900224,0.08998875840597993
0.08561715474457636,0.1139479938768478,0.07890852950402921,0.12467637193223209,0.10941681763653299,0.1108404270994019,0.1204033979415936,0.11612591723397446,0.14006339003081167
0.08965739093689233,0.1231387467047645,0.07920271397264071,0.13654557931581757,0.1235039382318875,0.112575289636567,0.1201025160261226,0.12615199737044266,0.08912182780486518
0.07505449561523043,0.1134234970464274,0.09342972797841394,0.10940569808646189,0.13345617320687864,0.15057489579922945,0.11039585733667505,0.10741463870528896,0.10684501622539426
0.10311350222985706,0.11759771216611704,0.074740258830886,0.13044115615077087,0.11849966873430427,0.10499691872005369,0.11525080087148214,0.1782152592935076,0.05714472300302137
0.07456265454712702,0.10553591008479624,0.08748179142702868,0.10456285305443318,0.10526435099700442,0.08417835223129755,0.09640775879054524,0.11222787693440826,0.22977845193335947
0.06877909017459712,0.12507170823381783,0.07926745347391807,0.10601833750026173,0.13387281587284364,0.1362843509236047,0.11649265972301177,0.1233597050176196,0.11085387908032544
0.3715031602026659,0.05915970740365925,0.07826765926171339,0.0869568802318575,0.05758827923126614,0.05085459439043997,0.11461447004299091,0.1393712449903816,0.04168400424502541
0.07346842513620613,0.08179408694125868,0.14721322576736348,0.10458890384183091,0.10758780594524402,0.15460606043981642,0.0921266095370839,0.08538717075498962,0.15322771163620683
0.08722492880377904,0.12281961583262944,0.07832848259204567,0.129602260222971,0.12652429389343137,0.11955221661761217,0.1193869966383853,0.125877495703922,0.09068370969522395
0.08965739093689233,0.1231387467047645,0.07920271397264071,0.13654557931581757,0.1235039382318875,0.112575289636567,0.1201025160261226,0.12615199737044266,0.08912182780486518
0.07194101632261425,0.14242053845392555,0.09161494248585704,0.13143700289111696,0.11666306143738274,0.10516058868065718,0.12309329405334772,0.12476094601872216,0.09290860965637636
0.06381184882847286,0.1634684246637544,0.10355184628610632,0.12178534366430806,0.10390301388417757,0.10064989393834156,0.12440159990100479,0.12234835265711423,0.09607967617672016
0.08965739093689233,0.1231387467047645,0.07920271397264071,0.13654557931581757,0.1235039382318875,0.112575289636567,0.1201025160261226,0.12615199737044266,0.08912182780486518
0.0644351328183105,0.10593671791291849,0.06764515948178028,0.08673545999370162,0.14399913521553112,0.15177464141673472,0.10647588286259783,0.11675055403660876,0.15624731626181662
0.08965739093689233,0.1231387467047645,0.07920271397264071,0.13654557931581757,0.1235039382318875,0.112575289636567,0.1201025160261226,0.12615199737044266,0.08912182780486518
0.09133801034240134,0.12376123597863375,0.07780913364110958,0.13332877410898275,0.12639174588978308,0.11300922886127908,0.11853484893631205,0.12408396279702005,0.09174305944447826
0.07489471099109642,0.12499305697265117,0.08700035611194251,0.0848394017792563,0.12203122539730597,0.12349155100216402,0.1207800474636731,0.12460803069726845,0.13736161958464208
0.08836739795139696,0.12302272156644223,0.0787310754192409,0.1327618489130847,0.1251589213430985,0.11636158799615337,0.1197326393129257,0.1260054601898889,0.0898583473077688
0.0755080856029155,0.1162431057160125,0.07292118487874664,0.1017213230213186,0.1390985821845068,0.14496195975594958,0.11317480946883501,0.12200267750672861,0.11436827186498683
0.08965739093689233,0.1231387467047645,0.07920271397264071,0.13654557931581757,0.1235039382318875,0.112575289636567,0.1201025160261226,0.12615199737044266,0.08912182780486518
0.0674464842468732,0.10038438989477855,0.09434242238544228,0.08683993948368622,0.1406971403034025,0.18251967009283024,0.11017602956590711,0.1093192579299267,0.10827466609715321
0.08294763968869234,0.12136415135786761,0.07691210353907434,0.11919768378339406,0.13089932348592279,0.13020270442288406,0.11796238550665046,0.12538181342724777,0.0951321947882665
0.06609892644849853,0.10836297479595297,0.06990402545306458,0.09062231407637629,0.1417588366115125,0.1527094314585524,0.10904506506739804,0.11982133635650799,0.14167708973213664
