0.026150010498349082,0.05236911011458432,0.06221973890211116,0.09136132102325197,0.19953722823850326,0.04717400739784305,0.06937684152994893,0.09877899339264816,0.3530327489027601
0.07156153948204562,0.13969160868978958,0.07771242757857445,0.13207531145611137,0.11215196098348916,0.16424309981908503,0.1341385379947371,0.07152132204113386,0.09690419195503393
0.0512070115341135,0.12714304215104358,0.062252488731373005,0.13763865719418023,0.13139471286317717,0.12786936846284894,0.1298895794078715,0.14006386425389694,0.0925412754014951
0.07260963413242416,0.1372772108222631,0.06848601621444343,0.13656086161272285,0.11778473066226332,0.16341439896271137,0.13368308798128484,0.07255840509350799,0.0976256545183789
0.04468142722616278,0.08563025801973463,0.06846890640572978,0.181662694107711,0.16847623762597344,0.08871090491378379,0.13322953019411496,0.08742175277076275,0.14171828873602685
0.06547118660260014,0.11944893573784732,0.05830412052392808,0.11769556952782483,0.1183724490543261,0.11123364231163073,0.1281708040289917,0.21736398548418354,0.06393930672866766
0.07143145955553763,0.13238533622784943,0.062282947760202025,0.13613640192399876,0.11882110267768704,0.17451630316094888,0.13521954664454103,0.07356442762980295,0.0956424744194323
0.06876181950961306,0.12770996988082106,0.0625039366053965,0.14451354288834997,0.12571388956978832,0.1592526450771864,0.13545730825426916,0.0754007292736737,0.10068615894090177
0.06827010497513188,0.13193649239131136,0.062471382270152115,0.14223418179262745,0.12915123016973107,0.15059653044091909,0.132036051337849,0.07671161152015894,0.10659241510211903
0.028993633314451882,0.01806100532169472,0.19781103955384158,0.011002041213527441,0.07289856831035464,0.0020753045314067975,0.028767440636484048,0.6027163476190425,0.03767461949919643
0.0650416960318135,0.1238949737768208,0.06236399300916808,0.15084812706468967,0.14138878359966248,0.12646064530969015,0.1306107259645385,0.08027541583108722,0.11911563941252963
0.2030022773286453,0.09718866142846572,0.044156103263205036,0.10160417710010411,0.11295808887260021,0.07579782181241888,0.09351351131698295,0.13512212354510855,0.13665723533246932
0.10133807136890471,0.11584839984268835,0.0570340923877595,0.14840389468024107,0.16496541642474752,0.09360436057915067,0.12140215578853415,0.07500480657752029,0.12239880235045371
0.07835196379483679,0.13641202956170337,0.058459173432521126,0.1453431187763605,0.13444846631328022,0.13806425311512602,0.1294096429417033,0.0749241346631961,0.10458721740127258
0.06522696002421928,0.13722925060802957,0.09165004131587444,0.12583059183039177,0.10722259841201769,0.16427993873572058,0.13513561710883462,0.07279868215185044,0.10062631981306162
0.1029404432337118,0.12067697876936538,0.058942245218765,0.12814688842268646,0.12211811327187987,0.12479749938156577,0.13320406272539692,0.1265785582925412,0.08259521068408769
0.0736728015470407,0.10742499938624787,0.07570983016266995,0.1214968090158202,0.13272765008439827,0.14685642509634741,0.1436554260461876,0.0832537245065732,0.1152023341547148
0.020944200166797062,0.0497930597783122,0.0647931799413786,0.06773008428389989,0.16926656208305987,0.04326884138326206,0.05528071211839721,0.10694170071627807,0.42198165952861516
0.07554311405082854,0.13312665323477288,0.05915202056128519,0.14658289341916675,0.14178479513705325,0.12509408623109494,0.12761167808887533,0.07763442260456994,0.11347033667235322
0.06930736082814833,0.1313961617606558,0.062314699442843895,0.14029622707302192,0.12603939015420948,0.15722772458355042,0.1334303231579387,0.07609687838389116,0.10389123461574033
0.0666813388422642,0.12706469435617015,0.06581350505701138,0.13248763048949785,0.12117754048788627,0.17145226128997604,0.13690694737464393,0.07703126386739921,0.101384818235151
0.06466367100633758,0.13307469536466565,0.08472635717807615,0.12613177951682894,0.10927481407001456,0.17168928882112175,0.13660582853868478,0.07399146683049496,0.09984209867377569
0.08277177842796041,0.13515448537324956,0.05788099368021926,0.14493987451744564,0.14589422617013922,0.11942393295106195,0.12603452643699517,0.07681761703852596,0.11108256540440288
0.0697775641365203,0.12910319595313857,0.06486904313854526,0.1302401647212348,0.11534807284587711,0.18517247539791637,0.13765880403814254,0.0741215000525584,0.09370917971606672
0.02833979985762587,0.016220509324823586,0.19297008914720484,0.00564963337801188,0.1476524503784577,0.00028947523257450396,0.023814004452169968,0.5053358461206684,0.07972819210846316
0.0685012304108617,0.1306516221653401,0.06993216186185837,0.14193811847229088,0.12157803491724099,0.15676972486947488,0.13528520878812075,0.07436804482961688,0.1009758536851955
0.07839373598118365,0.13628863351180062,0.05826419453513617,0.14476906774598886,0.13151398474073484,0.1433531470962485,0.13040650388781103,0.07433686731767732,0.10267386518341899
0.07386733415585435,0.13490650773918178,0.06023077514278378,0.1411645556488533,0.1240183914814082,0.1607080308094211,0.1328614873205257,0.07365311214290608,0.09858980555906573
0.07479226243476243,0.12683555649867792,0.059276141807922456,0.14504691671497003,0.1571377529657014,0.10454085078553312,0.12269374955999797,0.08135680934695579,0.1283199598854788
0.06804637700956893,0.13545144040388143,0.08163756186950334,0.1252109208302493,0.10473563935506698,0.18441672670529222,0.13720524991099112,0.07106463943193851,0.09223144448350824
0.049795622019254936,0.11349432498666574,0.06043175018560735,0.15552531018814156,0.14282180130661026,0.10681621892471642,0.13069820616119293,0.1478183278427981,0.09259843838501276
0.22182759252133907,0.09913057220110903,0.052239531691764186,0.09159256393869125,0.07001751964901387,0.07046206524897662,0.09384426465098684,0.23809647981891424,0.06278941027920489
0.05328150571781506,0.11389115475892019,0.09991380165233033,0.11331599746909225,0.12228892435341797,0.1499205704620894,0.13949166103369867,0.08647799656967355,0.12141838798296256
0.07644141353927873,0.14279457891343905,0.08347416803262207,0.1314937620577766,0.12069475603030348,0.13673727273466396,0.13040618592088388,0.07316352796191726,0.10479433480911499
0.06911718189354445,0.13277125348715915,0.07244357418661894,0.1285595837815145,0.11018176442032906,0.18416873991621338,0.1372193452861072,0.07243217848427651,0.09310637854423669
0.07037860125366642,0.13179321648816303,0.06873580088181959,0.14498049617582173,0.12619921594079253,0.14570990578558093,0.13348469975716937,0.0747713960179399,0.10394666769904654
0.0708446818515191,0.13228451661709142,0.06095556647574949,0.14381959515986165,0.13119996694832767,0.14501175155892312,0.1314576778114852,0.0766740847119672,0.10775215886507507
0.03914545035694422,0.020885834326380148,0.11801677727017756,0.012260528014130289,0.10425440176946373,0.0028379055258019197,0.03311488474984196,0.6308275945266297,0.03865662346063035
0.06913085892531676,0.13279843507312128,0.07241254354875552,0.12861010764469796,0.11021603663314954,0.18407749582892743,0.13719980695642814,0.07242978785805528,0.09312492753154815
0.06276798062611454,0.11395278612013011,0.05634150060863153,0.11423650372299687,0.1574256822904683,0.07404515321186922,0.11460268062878189,0.22489616379318508,0.08173154899782246
0.06853451299895118,0.1081568125140135,0.05914950170913771,0.16366213304150903,0.1731889176374896,0.08996207485644775,0.12305372510949282,0.08206423794320065,0.13222808418975782
0.0927634350838134,0.1309006667770031,0.059010279899456564,0.1409680349594005,0.12813556176482044,0.14283445604986172,0.1309451102108098,0.07113166450141921,0.1033107907534153
0.09132140320088777,0.11516786968649652,0.05153957729745829,0.12108325112376184,0.09195207243539986,0.11661285195776509,0.10941555407867964,0.17117940262572948,0.13172801759382152
0.07777985265252087,0.13638559814606752,0.05859246508378115,0.14506722808518827,0.132939148886587,0.14096123051668596,0.12987186636788503,0.07469147318539905,0.1037111370758853
0.0751836539682384,0.1361232381586742,0.059562327323646795,0.14401026274909814,0.12905862361814832,0.14891354407972077,0.13096047351305373,0.07433509783974117,0.10185277874967853
0.06626191685053402,0.1286769437572831,0.0632048771857661,0.1420063949463823,0.13197810628923232,0.14444284295531848,0.132290339295646,0.07884328467224234,0.1122952940475953
0.2400306704671554,0.058595153916122356,0.04592019225652707,0.05981062831252045,0.05223630679898309,0.04089825846878835,0.07313674696359228,0.35186623437173226,0.07750580844457873
0.06932703120353777,0.13133496703659633,0.06220792369493668,0.14070221858697055,0.12670316833889317,0.1556081303265999,0.13324998542444305,0.07627333361131605,0.10459324177670648
0.07312094434438325,0.14048862951841232,0.07631557732159687,0.13400444285059868,0.115802615470177,0.15611247846897006,0.1330068139290277,0.07206130507816302,0.09908719301867108
0.07099043097997626,0.14244651882549633,0.08843341199053202,0.12772506377843362,0.10756292822615891,0.16127003693344213,0.13399056650527127,0.07065204098912664,0.09692900177156279
0.07236738486233694,0.13884071891576488,0.06010873393628757,0.14199468160774079,0.1287056392740494,0.14614267988470483,0.13020965591760716,0.07547717180749867,0.10615333379400975
0.027341709869761605,0.016234817454141428,0.17637019753338712,0.005973955982324503,0.1443942258687169,0.0003153127205045243,0.023933289554865775,0.5315187155724778,0.0739177754438204
0.015167977857233136,0.038363739281028326,0.06827094869684897,0.0362741730050748,0.11621437853519712,0.027355383183029842,0.034953132875467134,0.1245182585420304,0.5388820080240904
0.0742721721924505,0.13329983218372998,0.059498046896594166,0.1463585016084464,0.13861835300880923,0.13040551224666078,0.12866130471466278,0.07722904442069832,0.11165723272794786
0.0763281943501138,0.14137732189218652,0.0761531022279201,0.13519367825298556,0.12230077428629567,0.14102183754376227,0.13090874160628052,0.07320841054680065,0.10350793929365491
0.10210108367866133,0.1171629160485087,0.056379046825085107,0.15343802300066753,0.1556138274023722,0.10029438578480404,0.12490484587841078,0.0731228241169815,0.11698304726450887
0.026666115658036334,0.053275995744481434,0.06222912779706689,0.09231228906536149,0.20020296471992105,0.047923186252032825,0.07028416177727727,0.09857634822233197,0.34852981076349066
0.04036752724047165,0.07989415978037098,0.08101468311116301,0.1426051523066067,0.1741570642433059,0.08835520277614924,0.1371961957557998,0.09844211028201888,0.15796790450411383
0.0823079500870854,0.11850898893088024,0.058874791509023666,0.13310397983837938,0.18020126511660275,0.0872457063423579,0.11510948501399466,0.08428349183521527,0.14036434132646072
0.0715634178219335,0.13248395031362234,0.062172940130763445,0.13632637769345665,0.11895438621075377,0.1740978704296968,0.13514962696647834,0.07354573924794351,0.0957056911853516
0.046669973568176516,0.10437190031120626,0.056809955028851465,0.0920741811112758,0.12266473652856834,0.07127914842565654,0.10822873876304151,0.3326557913944351,0.06524557486878839
0.05927557189686144,0.09313248988599848,0.06126810057900176,0.0849119594958614,0.10211196558334756,0.0925047720573589,0.1249183419693715,0.33293629867758573,0.04894049985461323
0.06141118544078544,0.16262372391559768,0.26460497188100773,0.0819542061180877,0.07334314460664305,0.03490512089974303,0.1148192259255343,0.14078054738850068,0.06555787382410042
0.06634370167909844,0.13020658270203364,0.07589285964448002,0.12427994904506384,0.10842192361427039,0.19078479302826543,0.1384679524377618,0.07318525309782753,0.09241698475119901
0.043154721048989236,0.11417212232392139,0.5859116483738809,0.03696036476438425,0.014775763999556287,0.04905663561108572,0.07420955893603236,0.0441259743230446,0.03763321061910534
0.06357868951117031,0.11882176158135478,0.06662700174279952,0.14338064981772378,0.12674083672721734,0.16093590585396356,0.13971349289941498,0.07796706817950665,0.10223459368684913
0.13768137284376689,0.11352853943736113,0.07337815185662765,0.14518604376100605,0.13144282160178652,0.10900730736964274,0.12595899803626795,0.07311355469914325,0.09070321039439777
0.07216898713969182,0.13337397872783688,0.06150980826680839,0.13803025531443183,0.12044090679161264,0.1700082248434894,0.1343845558921989,0.07352253768023247,0.09656074534369757
0.018020949836057874,0.04004838621613415,0.06551963420494913,0.06986546360205978,0.17393214691175593,0.035305878012007234,0.052562490804204366,0.10823784547949865,0.4365072049333329
0.09594858174883887,0.11194699250658084,0.05754224779364469,0.1114350586200926,0.11451717693603365,0.10593562810124141,0.13038381826913384,0.2089295533148443,0.0633609427095897
0.06889956527399345,0.12607111796551887,0.06731235889651425,0.12517456487583858,0.11363130612782239,0.1914098605336675,0.13973176398847575,0.07498948422930476,0.09277997810886446
0.09353790274008973,0.12372709660280164,0.058386199442541864,0.13001465449535757,0.17831836671689405,0.08943470898739463,0.1162065726967615,0.08218084193675944,0.1281936563813996
0.0772668696172795,0.13633825673856462,0.058746393314348964,0.14481982882144978,0.13190606629464452,0.14305503402738473,0.13018349710169633,0.07455213650221827,0.10313191758241326
0.07551897078043553,0.1358331756341766,0.059370385400545435,0.1433068598972812,0.12768422481216027,0.15204957587786702,0.13154788388315772,0.07399797736696186,0.10069094634741438
0.06791933050195285,0.1198041490120217,0.07269034242394821,0.11559232435799864,0.1126163799150461,0.19778953332281615,0.14384590171535658,0.07745939459470184,0.09228264415615779
0.06753063799229407,0.12583692649155806,0.06400876106028171,0.1410869318260172,0.12320178709999531,0.16632882367803994,0.13712020919720055,0.07566045475424453,0.09922546790036846
0.07181674413679849,0.13292596148602587,0.06048005122445397,0.14468965759678645,0.13269403212661438,0.1418012070862812,0.13075913310041656,0.07660597762323101,0.10822723561939201
0.010805300001574354,0.025809507673841426,0.05847237141500208,0.09126209151306651,0.14180659531538434,0.01804979269137479,0.07170596912633546,0.42504268012422775,0.1570456921391933
0.06913106274672749,0.1421012074574143,0.2665775583705733,0.07572822702536193,0.07611842255521808,0.09690154764940356,0.10990955335176998,0.06780723892304334,0.09572518192048801
0.09081665801930124,0.1287192041837719,0.06098048533011844,0.13642089662651338,0.1223616486455917,0.15612730031280478,0.13364869010781485,0.07088141328418242,0.10004370348990123
0.017944258792935718,0.03695799411673564,0.06372251476328282,0.07414542199576035,0.18238149985095653,0.032922088134227354,0.05310799659140281,0.10461226962840421,0.4342059561262946
0.08037307971600044,0.13586616705558208,0.05830463788404614,0.14545029342587146,0.14207862754694847,0.12567283974517843,0.12713209639777415,0.07621589207708616,0.10890636615151277
0.06427329561349057,0.12994550515611564,0.07297816905030198,0.13555949335882767,0.1238488509643287,0.15118287411351802,0.13391430779393165,0.07788702550579903,0.11041047844368679
0.06671007673663544,0.12694942553508295,0.06612847540865989,0.13152514870130072,0.12021173361611459,0.17411182867898709,0.13725057790113998,0.07681234995980459,0.10030038346227475
0.08041432871539833,0.1401369311693138,0.07510663598176458,0.13486735170731048,0.13203461797320531,0.12488179686763912,0.12804896732260598,0.07509844189335561,0.10941092836940679
0.08612209722452287,0.1312033913611603,0.08393432919091677,0.10570471591365627,0.16053019169473218,0.09331346178548135,0.11140899563521423,0.08325006357372759,0.14453275362058837
0.06685756678075934,0.1274811929544435,0.065482968466392,0.13318860610381292,0.12144434392817062,0.17052831040479036,0.1366129111477554,0.07690076313990556,0.10150333707397026
0.08000766393008363,0.121674498401819,0.058869106578320764,0.13774790401229461,0.1724594855317194,0.09198431061202657,0.11761436397697668,0.08328292332572619,0.13635974363103315
0.06946404348339917,0.13467850869378925,0.06941078504099095,0.13828627288417963,0.12308128986899138,0.15200324351099181,0.13282342208847464,0.07521994939465156,0.10503248503453168
0.04482966627840495,0.140643049649367,0.2295209069885221,0.08288981161222037,0.06519873879404145,0.1251648439706927,0.12298317327689372,0.11885124019912709,0.06991856923073077
0.07962444861237634,0.13159363182066228,0.08089957293187879,0.12260723403870984,0.10783953831388164,0.17761793705037335,0.13948723437723734,0.07871108861461172,0.08161931424026868
0.06516753440942173,0.12095972595109888,0.07103203464849554,0.1220025840965077,0.118585440091593,0.1821448979742053,0.14124267439443774,0.07916376995015481,0.09970133848408536
0.0727676869815494,0.13341216723688853,0.06008709608843687,0.14534831679196217,0.13425572011101308,0.13863508825225115,0.13010038363447216,0.07660866670498674,0.10878487419843995
0.0652688575310149,0.1275789556707524,0.06428280052445433,0.13968835377231456,0.12994095648450768,0.14956942275625504,0.13350525131359872,0.07904289282360828,0.11112250912349414
0.06684514167065941,0.12741351338252963,0.06559857119161772,0.13286057988836353,0.12114721914497606,0.17135771162855598,0.13673555665446485,0.07685143760966114,0.10119026882917163
0.07476695667032365,0.13548208376488582,0.05972356556036057,0.14245242254669002,0.12603831608637037,0.15584563324610012,0.13211500210769334,0.07382660945840981,0.09974941055916624
0.06367955959497097,0.12999199897435385,0.08596663422873052,0.12212583555241648,0.10728396209283443,0.18035564262031747,0.1383938333369907,0.07444618758618772,0.09775634601319787
0.06989472316372174,0.13419264082898522,0.07120463693975643,0.1309536920539491,0.11184024174211654,0.17927850171575377,0.1362509634135357,0.07230429623536251,0.09408030390681904
0.0467815126656102,0.0783149019339161,0.18010639050793542,0.09715275679606265,0.1292192855130642,0.04103658036933772,0.08877854552106342,0.14115675811487324,0.19745326857813703
0.07188964828562966,0.12340676875140977,0.05942280929108292,0.15825222536006445,0.14875246783652576,0.11544411388330765,0.12895241443406788,0.07842359018308258,0.11545596197482928
0.06561037874717567,0.1264150300563228,0.07400934166164008,0.1337648360581598,0.11522615066821619,0.17431709248417634,0.13891190406386686,0.07468708376641803,0.09705818249402416
0.061229214190265106,0.11728121786228718,0.06555367818384715,0.15085522660683195,0.13603690558178533,0.1392856047458654,0.13648188015213739,0.08038999845163736,0.11288627422534314
0.0718881938081582,0.13664904712377077,0.06894740428461486,0.13544891220037894,0.11627469530941914,0.16739177946638195,0.1342699054142905,0.07243606636691767,0.09669399602606799
0.06091612003072098,0.12100977886888847,0.08168044170149942,0.12008033176466591,0.11734244066489323,0.17253209782642873,0.14047302973703082,0.08039257980781499,0.10557317959805744
0.02006504045750206,0.05366321296380431,0.04458385339462589,0.054534049639712194,0.06869913972955652,0.026830818973761893,0.06360731463034691,0.5868453730275965,0.08117119718309376
0.07279898872149332,0.13748885904587294,0.06867448998680348,0.13662424099463114,0.11789986139385274,0.16259482899781444,0.13359053559557707,0.07254147689748006,0.09778671836647472
0.056641753230210014,0.12203838079116447,0.3900949845803394,0.05571653444148005,0.045265872898827074,0.09422669420890202,0.08947324004784467,0.05242075752680769,0.09412178227442469
0.07046924896389536,0.13524967120925768,0.0689768000285535,0.1395839076944956,0.1256237874493728,0.14586128528094042,0.13184265737322665,0.07550824048682121,0.10688440151343681
0.06598069285159126,0.1347006201944517,0.08172510177399762,0.1293836756333662,0.11199521704674449,0.16579328155739081,0.13541141104272889,0.07391179925040446,0.10109820064932461
0.07210905868122643,0.13318905704005102,0.061609685850663475,0.13767623941318938,0.1200922074849941,0.17090876864852336,0.13456038693285785,0.07350893429893346,0.09634566164956104
0.07143145955553763,0.13238533622784943,0.062282947760202025,0.13613640192399876,0.11882110267768704,0.17451630316094888,0.13521954664454103,0.07356442762980295,0.0956424744194323
0.2382779209939292,0.039319488288372194,0.038987955114571156,0.044048099063092226,0.043836458624278866,0.024406544164710973,0.05003553302523142,0.30314862902380973,0.21793937170200425
0.07484615210572253,0.13857704377084507,0.06759191258048203,0.1389162208244664,0.12244076806696964,0.15191212526634154,0.1320625346769776,0.07311618781002917,0.10053705489816607
0.07743015638653346,0.13636203395087348,0.058701365477439926,0.14492555898731585,0.1323318320089374,0.14220385254042925,0.13005067343027255,0.07461496367051013,0.103379563547688
0.08636610587302841,0.10763052126680302,0.15496612854461123,0.08704031579945419,0.12417665148399974,0.01183470618146655,0.09860537051364811,0.26100049727371744,0.06837970306327136
0.06760830732041569,0.1285081289098172,0.0756699767960946,0.12220369603477536,0.10751760182854664,0.19388400942931017,0.13977399288587977,0.07337148017488863,0.09146280662027188
0.09249958343354742,0.14327293414834752,0.06532001244225397,0.1251601895632671,0.1670000354713781,0.08099859389309577,0.1160670366716351,0.09041004533056352,0.11927156904591148
0.07099387608377455,0.13936610493749732,0.07861137669352397,0.13107463049929088,0.11066415184173657,0.16730063154700284,0.13458188237631236,0.0713153203675151,0.09609202565334633
0.03851074461350951,0.044536961379835094,0.053412442659055946,0.04183237496797878,0.11768882074778099,0.020629703186294455,0.0622457622820086,0.5689709897503407,0.052172200413196
0.06453467062436856,0.13288755659124687,0.08505628063292693,0.12577737180785023,0.10901523668276047,0.17226330627028694,0.13673074748666744,0.07401040025072451,0.09972442965316804
0.3802154594353877,0.023620608024578743,0.03654300618755601,0.04045205972801496,0.14105735342662526,0.01284283140363688,0.04265313092231179,0.061110325618525335,0.26150522525336334
0.0309670635370926,0.07533296635185584,0.06597963593303409,0.08061983842959693,0.12312538848582344,0.061362457697567506,0.10587794314744466,0.3833062268337098,0.07342847958387518
0.18986464668293077,0.10659190578183979,0.04570461887219471,0.10988350925908257,0.09317071379641129,0.09575984314881435,0.10240551720458187,0.1360905639861251,0.12052868126801958
0.07675655726397874,0.1412590214788029,0.0756605087004968,0.1354834222778458,0.12351233666813467,0.1391539825086711,0.1305954021165549,0.0734320814193632,0.10414668756615193
0.06470495577999431,0.12093745091990686,0.0946658355012235,0.10644752678949991,0.09950833311356587,0.20524271847191033,0.1447903601686312,0.07495479669848373,0.08874802255678423
0.07417934711921641,0.1410936760107426,0.07671840269502574,0.1343599921198566,0.11759302696162736,0.15088161776823072,0.13233706347185376,0.07234770330685986,0.100489170546587
0.09627207541120725,0.10443165230882283,0.09722264693033651,0.10308832851381289,0.1705874436469169,0.08780524754242043,0.11321423552280326,0.0817020379587108,0.14567633216496914
0.068683162555292,0.13062276893533356,0.0628613564380065,0.13913804051213444,0.12517558713029528,0.15957311842012192,0.13401375327638146,0.07628650391996357,0.10364570881247126
0.0849257885633175,0.1322892869612913,0.058454599640721826,0.14157930685665618,0.15699302686436578,0.10669530054875893,0.12263696968267834,0.07891957543762289,0.11750614544458726
0.07396950606427222,0.13498893420240016,0.06016613132173689,0.1413425598649369,0.12427470149745767,0.16008301795212343,0.13276224718322474,0.07367390898540216,0.09873899292844575
0.0662940603955798,0.12303609788668,0.06639917536012452,0.13567258316977318,0.12068509660688952,0.17441370635317863,0.13940029874788135,0.07635882984022159,0.09774015163967147
0.09546400896375802,0.1074248392309524,0.050192069426941745,0.10944470975711958,0.1500432189747883,0.07225783528894705,0.1050897704882522,0.19127065776105892,0.11881289010818179
0.11127047069944711,0.1848261966895359,0.0808059844195849,0.10389838322171624,0.1156878861674705,0.10780746745464315,0.11746680461137238,0.08247423250908915,0.09576257422714068
0.1363263945726722,0.12302642302728616,0.0677976296988476,0.128619615166439,0.1441429498051626,0.09973288950806287,0.1208880492660157,0.0674933874890883,0.11197266146642552
0.08502216068053427,0.13438810432927348,0.05744806273450868,0.14415111637040537,0.14900318569845944,0.1149744539294691,0.12519378633508754,0.07722467487852867,0.11259445504373333
0.03002743891583717,0.04799263628028028,0.08992273956807073,0.05485518154146595,0.1339185574186802,0.029064882344370966,0.04371874707970858,0.1509353526804733,0.41956446417111276
0.05472441705618957,0.08668310569325312,0.06072150916407731,0.11661131145732272,0.21019362721506554,0.06786582859906835,0.09721633973154566,0.092703355795669,0.21328050528780873
0.064651515888227,0.1296667451129061,0.06582450065655245,0.16128456421036833,0.13896862233541254,0.11629818185446998,0.13287785546450936,0.08055433190459499,0.10987368257295911
0.03353189017284014,0.06628798670251335,0.06326410402098083,0.11592069126835942,0.20203340944526493,0.05848211469204584,0.08741702692529146,0.09668879378763363,0.2763739829850704
0.06631098257642733,0.13525259363452619,0.08161988375028968,0.13012152796668539,0.11273884209148248,0.1632196506942908,0.13500212944354403,0.07393558008175202,0.10179880976100202
0.06872974406938165,0.13685125858400934,0.08138425945531952,0.12669025339023657,0.10569065904199003,0.18019306527260104,0.1365011144769672,0.07091992179255024,0.09303972391694437
0.0324514991457266,0.040450559629411735,0.05653205283999322,0.036239620547364855,0.0844589186113862,0.018703599108649837,0.05937094922403895,0.6315108320063384,0.04028196888709019
0.06398805533516948,0.12243694459053757,0.06612680076977047,0.1400482521238495,0.12717775170627443,0.1584907782979451,0.13737075788793662,0.07860395734880225,0.1057567019397145
0.06673911497570024,0.13248032700199985,0.0843337934489939,0.12087468786817834,0.10214894875472687,0.19253191255303959,0.13887238633799245,0.07140739645938647,0.09061143259998235
0.09623822342835207,0.020493648382783912,0.2773963293978061,0.010822230531345685,0.060713105467638535,0.0020303987112865766,0.02357935041395719,0.48388503262699545,0.024841681039834546
0.03394537922093802,0.05646485687212487,0.07985922055256357,0.08089759325622913,0.17200338870731138,0.0413833520922006,0.06191205037234204,0.12355478042659285,0.34997937849969757
0.05836687183568893,0.13388904174036503,0.05824540958387305,0.13963842400562887,0.1333776618380546,0.12379089041286677,0.12883574213687696,0.13848131631017258,0.08537464213647315
0.06481590406653294,0.13102454511448378,0.08558358758712244,0.119432717466904,0.10242751740490247,0.1946804019613245,0.13910944477337073,0.07209516715324452,0.09083071447211462
0.04088522489181819,0.09678250640878462,0.05672378666345421,0.09567371307188925,0.12577928085636778,0.06671399853036158,0.10699620098624606,0.3486244189872602,0.06182086960381811
0.08941753869374257,0.13017011554257343,0.05765591175281375,0.1388509279810147,0.16255444833255908,0.10077019712213847,0.12112025206784627,0.07954867572757841,0.11991193277973333
0.0826462870930396,0.12306637602085894,0.0702288934373194,0.14195533955816356,0.12978013568968608,0.13125614647256623,0.1328571369212254,0.07436856470242055,0.11384112010472014
0.07072111100257937,0.1294901120593782,0.060897966351805895,0.1482967904290439,0.13016000151893733,0.14832691052933844,0.13333108313230746,0.07548708976269766,0.1032889352139118
0.05140033498988939,0.1152979188222427,0.07038663611011424,0.12364502418119083,0.15370513944089936,0.10774426999246807,0.12148822902262879,0.09285994362077103,0.16347250381979553
0.06889956527399345,0.12607111796551887,0.06731235889651425,0.12517456487583858,0.11363130612782239,0.1914098605336675,0.13973176398847575,0.07498948422930476,0.09277997810886446
0.20069388727489046,0.12161179960226583,0.10614791290591154,0.09765580478760005,0.07893864262948562,0.16409754848338765,0.12022965077335113,0.0557897518622732,0.05483500168083457
0.023080469165340307,0.04108049481404278,0.062268508452700246,0.07871909676817061,0.18791228393220724,0.03672607681051067,0.05825429121096057,0.09996047993590688,0.41199829891016065
0.06927205193907225,0.1374802375981697,0.08021510984283046,0.12807488860788258,0.10708342280622425,0.17706221117655127,0.1359935302939954,0.07102426147778941,0.09379428625748465
0.06426795679059198,0.13118912724338597,0.09863081688336846,0.11278734932111001,0.094464834201189,0.1998406659864953,0.1402739082480213,0.070530854313557,0.08801448701228091
0.08070339780676959,0.12830623738007704,0.06985510796702414,0.14183724250306687,0.14963583780397705,0.10752958144680137,0.12505802244808253,0.07864544101626363,0.11842913162793771
0.07317375961070453,0.13443440331657255,0.06067444774408786,0.14015896951159149,0.12272628904112826,0.16400544400717357,0.13336818053458888,0.07358890057696037,0.09786960565719244
0.0814908833470372,0.13584167734022176,0.057911767127203286,0.1455220598684537,0.14187013352930264,0.12524929850783637,0.1272302613672698,0.0761050670899019,0.1087788518227733
0.06481612411243255,0.11318168877705569,0.07565842078318223,0.11744112068201468,0.11850500921736264,0.1868215538668766,0.14682549172272388,0.08054739842397687,0.09620319241437479
0.07340087417802797,0.13783162355815057,0.06805635409670806,0.1375892900045206,0.11946714742535934,0.1591817463550371,0.13307582011801275,0.07273553873649069,0.09866160552769297
0.05279138976642861,0.10401894455244758,0.08199077491613993,0.1471300197888543,0.13705587908306918,0.13172476432646638,0.142405022703746,0.08436553134422586,0.11851767351862218
0.07209619916835198,0.13689929830801106,0.06907188117731894,0.13561092951465842,0.11645880051768427,0.16641365556234888,0.13414520052508525,0.07241789505946246,0.0968861401670787
0.06847745129448475,0.11965367309652107,0.06008650191638068,0.1582141944757254,0.15431652734891751,0.1077104678994761,0.12712728119952998,0.08057580454839469,0.12383809822056979
0.03687960549158629,0.06810562587945589,0.061617899239659574,0.10608606422104945,0.20802348346632374,0.05830088184642468,0.0839552600211154,0.09587503847579887,0.28115614135858613
0.06620127415846741,0.1255536666387306,0.06293022943187904,0.14750812818267875,0.13252211483122134,0.1442103589672335,0.13386432343609464,0.07802211350983652,0.1091877908438582
0.083322350358914,0.1349819254158734,0.05776923992133568,0.14477245556691107,0.14664560275125027,0.1183113258368917,0.1258329386926417,0.07691510480627449,0.11144905664990773
0.06363452879439356,0.12761412769349492,0.06747969343691863,0.1281266205158517,0.12580637560212868,0.1601463087920727,0.13459905889913107,0.08069799178537683,0.11189529448063185
0.07075271346324967,0.14283065808909903,0.06956353872319725,0.12897230789831915,0.12491684168085761,0.14409467268287654,0.1280298178455273,0.07704900882214398,0.11379044079472948
0.07997631368422976,0.12772159392253116,0.058260362867595915,0.1497668143132711,0.15477487785036928,0.10824646324958283,0.12514563937451448,0.07872938655974411,0.11737854817816139
0.09108858545028004,0.12084190708796444,0.059743452385768246,0.1457524138585047,0.14756780874123,0.11238717467196946,0.12598510553102674,0.07541589266837888,0.12121765960487751
0.055628320053806135,0.13199464329687785,0.06049569324156825,0.13464024302972377,0.1198089133386497,0.15275463364054528,0.13337900552208765,0.13225840291221222,0.07904014496452917
0.017732820607288983,0.03863919954035524,0.07447555538775578,0.09087423216045697,0.197526665456126,0.03473208552249524,0.06755986907630392,0.112019872307364,0.36643969994185394
0.05771390206269269,0.1299467952938751,0.06567023940696849,0.12227809331853369,0.1479814213242903,0.1106766202500623,0.11859559563909917,0.08912872613936645,0.15800860656511184
0.018328590794146813,0.03954212524790073,0.06301632974705083,0.06538528136589648,0.17040705985703872,0.03469223157694672,0.04952735724000459,0.10581943541766492,0.4532815887533501
0.06368194783497898,0.11780407628567775,0.0723111282952626,0.12490354112473305,0.1187308849365622,0.18412618505625797,0.143091596519477,0.07861459646932184,0.09673604347772864
0.0652877967572106,0.12454076889978921,0.06619412983026736,0.13774094747074409,0.12185004055948982,0.17147885642742475,0.13798154078280594,0.07621805892115681,0.09870786035111141
0.007653629574302603,0.013665314436562367,0.1042059784461495,0.008368584223205104,0.04396490103315728,0.0004758006953542579,0.022096947859413473,0.5601980785492836,0.23937076518257192
0.06664257367665714,0.13149195231229913,0.07242693323766951,0.13211861835055044,0.11669220937851961,0.16871002598864202,0.13585607532468888,0.07513101275714233,0.10093059897383096
0.07282887315727928,0.13303442790998002,0.059980957373614106,0.14573243938227143,0.1356310853440862,0.1358646200185953,0.12974508242649055,0.07698580424608763,0.11019671014159536
0.03841413491211882,0.08984067085145546,0.05632065227800742,0.0919810309722655,0.14125981913580993,0.05628061158672639,0.09826761875406483,0.3569967711869146,0.07063869032263702
0.09516916512495983,0.12307669813022827,0.05801015937415291,0.12906330412393688,0.17977935572330372,0.08842331158920945,0.11585919137721397,0.08219586460079648,0.12842294995619843
0.05943198573840645,0.1218582829353766,0.09327844014935464,0.11517843094631346,0.11058119661472132,0.17594907027155895,0.14082019838613,0.07917766737411196,0.10372472758402669
0.05250599044676497,0.09524196790622814,0.06243748800480476,0.18001128602516117,0.1697561265918961,0.08863823246578473,0.12685077088119345,0.08412571200033968,0.14043242567782693
0.06887596290165192,0.12594471154697162,0.06741343089084886,0.12497025682723668,0.11357994396638778,0.19161612561151364,0.13981733129855367,0.0750303052640492,0.09275193169278662
0.07388627009448005,0.13492200530041407,0.060218656569495634,0.14119790942009736,0.12406588293990149,0.1605919229134983,0.1328430116412346,0.07365689633477716,0.09861744478610142
0.052208306476173284,0.08134802432975578,0.0697908886617961,0.16710767556052528,0.16453175986191315,0.07098374445354926,0.12487296415419165,0.14405366272899742,0.1251029737730981
0.06813596775690399,0.13032495779404485,0.074400624149542,0.12476597031789449,0.10829831150064918,0.19048266707914055,0.13873246806208375,0.07288414415441564,0.09197488918532559
0.029769497397840322,0.019240480528664398,0.11814972997290152,0.01258834704120583,0.12624178443251763,0.002675973181722063,0.03590535157643854,0.6095434983610046,0.04588533750770508
0.04091249743791261,0.0983331061935218,0.05737180914525263,0.09341482313426556,0.11585800607306644,0.07450548133235729,0.11046032895195083,0.3544577747254691,0.05468617300620384
0.06701492398731672,0.1257918348440483,0.07898932884985767,0.11767889842841305,0.10587683611901196,0.1983619184213432,0.1415238450236406,0.07408292030828449,0.09067949401808406
0.07640500987361402,0.13955203740537547,0.06922806421647291,0.13850888720372942,0.12370872007398132,0.14592927794218677,0.13141780162242292,0.07324715102057365,0.10200305064164351
0.06990558877832097,0.13832232881830228,0.07972467034111698,0.1292350613480669,0.10828883269434784,0.17338174177298785,0.13544954650909594,0.07107595876653013,0.09461627097123111
0.04666293378948971,0.11200572930379764,0.08892408655372334,0.11861484419723534,0.14717659929845814,0.09870543492258761,0.11631326843908797,0.0919259424471462,0.17967116104847403
0.055771085478961514,0.08638283287921249,0.09857221449177112,0.09656033345526759,0.14962437215107283,0.13389085174254653,0.15978993640678424,0.10052491236871876,0.11888346102566498
0.06804637700956893,0.13545144040388143,0.08163756186950334,0.1252109208302493,0.10473563935506698,0.18441672670529222,0.13720524991099112,0.07106463943193851,0.09223144448350824
0.06022018928784515,0.12813764869361036,0.06615310033898013,0.13136814402613742,0.13917804671080694,0.12887749465416276,0.12744330691372338,0.08506035492693396,0.13356171444779985
0.07336338828663476,0.137812487450424,0.0680930845536503,0.13753261521257057,0.11936936821790141,0.15939181120522927,0.13310734808524405,0.0727228974148922,0.09860699957345338
0.06000407900229451,0.11636700303731884,0.08042514491457702,0.14161160682179316,0.12203738055217349,0.1559458024598376,0.14168717819374432,0.07789816560519908,0.10402363941306203
0.041655130438054154,0.09418953360730753,0.05979892023800339,0.08260775873420832,0.11293060600000064,0.07131740071064155,0.1081226131090417,0.36715461656504583,0.06222342059769689
0.07891710199849046,0.13874384971855938,0.06616443937701234,0.14073476354881756,0.13208669739258247,0.13322128518795895,0.12918180835280632,0.07471563568523017,0.10623441873854234
0.06881052744147081,0.12557720079448226,0.06770805979589595,0.12437908453831213,0.11343883515321856,0.19219453228254366,0.14006561279646088,0.0751511426821135,0.0926750045155023
0.055746477940470086,0.025051416149766758,0.4124690902363544,0.018034666035985882,0.01604149608937477,0.004862426927447327,0.03026525278734124,0.41967963642086376,0.017849537412395783
0.07562906673826009,0.1359279131014374,0.05932587513336011,0.14354272175016605,0.12822734990823334,0.15088744152079123,0.1313557841267919,0.07407764453217701,0.1010262031887828
0.04396833424908291,0.02135157159971743,0.10304804686715942,0.010891005405561385,0.14779825484415285,0.0015423520579850695,0.0306999464271418,0.5889556697721813,0.05174481877701805
0.07486448287597465,0.13314493457477886,0.05931355287269219,0.1465456303419632,0.14034503158937348,0.1274204076524267,0.1281037390942569,0.07748666238482373,0.11277555861371025
0.05508993350144798,0.12065956598688869,0.09167268830854215,0.13233852413909422,0.11844370384326386,0.15302073789751894,0.14586127317531658,0.08354756484842424,0.09936600829950333
0.04166134665417485,0.07938931727843179,0.07087180573155182,0.18665279910712973,0.17264391643950186,0.08459686422076472,0.13567042177807245,0.08817592302512962,0.1403376057652432
0.025865234368449886,0.08091012269665825,0.06609729119627938,0.053621274602718406,0.14298783729204012,0.05794543036132593,0.05444332984247435,0.10884834385463449,0.40928113578541914
0.07276197507449751,0.13400396982697202,0.06100071479293647,0.1392817378635769,0.12170574641853209,0.1666226410954281,0.13380563977421628,0.07353966197459642,0.09727791317924413
0.06456998657272456,0.1311167561633517,0.07452731839504445,0.13120312576208648,0.1166322834933375,0.16892137690651443,0.13571042765401511,0.07558270936311355,0.10173601568981226
0.022069579009869774,0.046775234548488386,0.06239205410660952,0.07560505640893478,0.18437388789682949,0.04188627407073282,0.05838522089085546,0.1018592597143622,0.40665343335331755
0.06341317847931646,0.12740488855452092,0.07270952822437812,0.14238189352334946,0.12635196232532483,0.14720525416435196,0.13438429453528847,0.07731105031549025,0.10883794987797953
0.07114155765102638,0.12676311384684327,0.06007186450729566,0.15517354897630906,0.1401360024185165,0.12840734829896772,0.13094326966981218,0.0771626563527601,0.1102006382784692
0.05378919068860111,0.11674863167742026,0.05801515838846911,0.11484972562637356,0.09184546565838585,0.10123290462735128,0.10993532510017501,0.24859300350966732,0.1049905947235565
0.0764442722385467,0.0940232793461595,0.06737681427959669,0.11658627507996032,0.11653829032616497,0.06248138885338459,0.09400330364599523,0.20594500767483606,0.16660136855535596
0.2179179519701654,0.025709396728405897,0.062017968585332595,0.024979652467933183,0.028486007179581052,0.007966401320088287,0.032611701543425436,0.3668102151106199,0.23350070509444829
0.1687988473273668,0.11463210730310251,0.05124624323152744,0.11767051115283024,0.10756006512201309,0.136978968167361,0.11843803783192138,0.06664933515000032,0.11802588471387716
0.06809022695992113,0.12967726940259922,0.06166188023645153,0.14527190250675395,0.13704806897597788,0.13349390669066094,0.12999849843281003,0.07905647196270822,0.11570177483211712
0.07640500987361402,0.13955203740537547,0.06922806421647291,0.13850888720372942,0.12370872007398132,0.14592927794218677,0.13141780162242292,0.07324715102057365,0.10200305064164351
