0.0690630004934557,0.35781805497894403,0.11399723286340742,0.10699422121554882,0.017333822981064322,0.04258224964901197,0.0985874620698367,0.007936820395592459,0.1856871353531385
0.2275164797511717,0.06761187440147337,0.13540564930218565,0.12993522127160276,0.05969413520524006,0.11522108944838298,0.04694198385848989,0.08625022678583942,0.13142333997561417
0.12121747379363353,0.05557693789202597,0.119188345492085,0.11385003990100627,0.26969965948804,0.05016428074885413,0.07696240642577545,0.0735462089565589,0.11979464730202068
0.18778671375785863,0.06210642587963644,0.13123066274489267,0.1239491000125136,0.1425658018499918,0.07689882199262134,0.06222384208520367,0.08155267754113933,0.1316859541361425
0.22648263370365654,0.06727038826763816,0.13533195075955887,0.12963142047572843,0.06322995025026636,0.11247015139022982,0.04779502201662855,0.08601861402197593,0.13176986911431737
0.09070756206375136,0.06147783974829483,0.11560035166463677,0.12572521077739626,0.011883290634035724,0.3042768454641713,0.09978774460351454,0.0753148120827601,0.11522634296143923
0.14001402113013142,0.05653416762545402,0.1219169591841417,0.11636569310439622,0.22224994241637921,0.059069479429219224,0.0822803666543427,0.07455530570304371,0.12701406475289181
0.13507718281280012,0.2242390292031702,0.12016330889591138,0.12591056863190794,0.08242068514293543,0.04847658493981131,0.10819304325263346,0.038222353398330154,0.11729724372249996
0.12103090613873912,0.04595392930781513,0.10423930269889269,0.10954704284747054,0.13361611170929558,0.07624184330275195,0.19809625300586378,0.06276979474363752,0.14850481624553366
0.11583549351512416,0.060763338094671694,0.11987513374608987,0.1267118704913676,0.04536955352645299,0.2158812794176184,0.10792481795811566,0.07397070547443073,0.13366780777612888
0.1080461687658123,0.060438107169045824,0.11972863265181079,0.1285362364621809,0.04105780462535256,0.22741600745617588,0.11000419428688328,0.0778070238941016,0.12696582468863685
0.21006205395037014,0.06482514727864373,0.1350389919046875,0.1285063883625043,0.09027867327242534,0.09784869499518274,0.052910759044929125,0.08571539161223544,0.13481389957902165
0.17476987502349908,0.06884642940555256,0.1378741733516492,0.13118020032148445,0.05897229864024358,0.1341052866461183,0.06529280924392517,0.07136709836361649,0.1575918290039112
0.1310606474495473,0.05818488011345243,0.1261287724454234,0.1261657995619939,0.10319512060419607,0.13124202253417944,0.10240421125214794,0.07798948119155676,0.14362906484750285
0.07683598135030038,0.04980985997208453,0.10422409188110306,0.10233591028237589,0.3782666657037532,0.03381402402701802,0.08800162067916928,0.06393883273147143,0.1027730133727242
0.1613128020504838,0.056854836432253475,0.12163266506043913,0.1170941900821721,0.16673562158552083,0.07167690230477644,0.09817862150006314,0.07263072843568581,0.13388363254860527
0.1513472613238978,0.058680380807662934,0.12562314019339035,0.11902229585556201,0.20934686719611784,0.061056351705990775,0.07067684098944914,0.07767789775785483,0.12656896417007432
0.07417597070792095,0.048106118776320254,0.10225486170865294,0.10117378802401483,0.3738870996027799,0.03453146401237504,0.09837147579232107,0.06252395029648934,0.1049752710791257
0.11691698896084664,0.07743876081869722,0.11966431478175059,0.11513876792212291,0.0955626479989702,0.06667346128402242,0.06187924813719788,0.2724079915396856,0.07431781855670656
0.0921576299374502,0.06110180223411434,0.10429055552250172,0.10187182671071933,0.05044922672975042,0.07681968966830778,0.03783240277865998,0.41998890068980593,0.05548796572869028
0.11071894898187623,0.2819412896609563,0.11604033099335535,0.1241140809090215,0.043554551679494034,0.05019107954683016,0.11509605822401665,0.06944681948805882,0.08889684051639113
0.2299920018449074,0.07341459250790637,0.13527622180449,0.1301087217074892,0.056848899878856975,0.11252700959428628,0.04842836636811453,0.08205568444877002,0.13134850184517924
0.2287361440904239,0.07283110379180095,0.1351920490546856,0.12974534037377103,0.061082327340992254,0.10930821560895247,0.04949215386084178,0.08188385733455457,0.13172880854397742
0.14814108347769542,0.050904317071476385,0.10469031607047334,0.11225466156157475,0.07223396528460597,0.1063111878619668,0.20184503659388428,0.06136699931113402,0.14225243276718905
0.21364188091095482,0.07394783481830758,0.13491266992257858,0.13570342912739583,0.022866909249585187,0.17011168180078842,0.03516587903242298,0.09056746940498724,0.12308224573297928
0.19894901010331068,0.0705384199899163,0.16223551928803356,0.11387443360834261,0.09379417739250813,0.08269332322067217,0.06458930198796438,0.08089361120980822,0.13243220319944393
0.2073363866198635,0.0641244115411867,0.13351887913853716,0.12640627865277207,0.10659782720659126,0.08903207711224209,0.05654881509309742,0.0834790753509042,0.13295624928480562
0.18156494679990653,0.061518787274922125,0.13046497753715644,0.12323345659981762,0.1533951620062872,0.07394677260315735,0.06370886540662161,0.08101862296033262,0.13114840881179848
0.11484896260775442,0.0527731213763262,0.11918970419036011,0.11528506292405838,0.24580657900085034,0.057749716175424924,0.08860153986325404,0.07471992797739249,0.1310253858845791
0.05053671293649078,0.07221184123353608,0.09984922811690872,0.12349979747027799,0.11605992721435247,0.06292088945374702,0.3215677121183956,0.09702685456018134,0.05632703689610998
0.06674205830950017,0.4779810729337344,0.09693710608622129,0.10754506305416538,0.008602112637021266,0.05154155967692977,0.08089786748057141,0.024958014750111574,0.08479514507174483
0.21874808808562873,0.07175330797055686,0.1400121820693507,0.1313232052871481,0.048346377348573055,0.11579447899037919,0.04718073623922974,0.07397288109556899,0.15286874291356464
0.17376094499341002,0.060788693367088864,0.12933651862014692,0.12220227984647765,0.16764779025446727,0.07027645582327982,0.0656260238421653,0.08020004015982381,0.1301612530931403
0.07683598135030038,0.04980985997208453,0.10422409188110306,0.10233591028237589,0.3782666657037532,0.03381402402701802,0.08800162067916928,0.06393883273147143,0.1027730133727242
0.12671563825632612,0.06793568484109813,0.14649786496880174,0.12060730694863357,0.13688059771937622,0.06863996887424441,0.0651783641711096,0.13227329177601121,0.13527128244439907
0.14778730148802108,0.05467032386154149,0.11863765987677777,0.11560226325182617,0.17139033058578512,0.07184631181861285,0.11311997970525249,0.07071638817252267,0.13622944123966044
0.09464042455569384,0.05915659856253031,0.15114937094260297,0.10798241315197517,0.1564068255778607,0.07664394997333039,0.13292083022595175,0.0680801185226829,0.1530194684873719
0.2294770850680676,0.07207496456060676,0.13433195260190606,0.12813149808026916,0.07135159642465434,0.10094855858504402,0.05250836250267533,0.08026855821681245,0.13090742395996424
0.08646510130733702,0.058966021638105666,0.10454784098920789,0.10013652515702538,0.07685634096968481,0.06368437924779836,0.04305628650709104,0.41034251842748337,0.05594498575626646
0.0717218267021179,0.05766703352566573,0.09528069727002382,0.09408996060486331,0.046528332391578116,0.06840189385384186,0.035088790804963556,0.48903229172157614,0.04218917312536946
0.025011597334463453,0.043325582130162306,0.08250675500387696,0.10279488618783904,0.09546747426116063,0.32547456858268414,0.1800063777918998,0.04954041893737443,0.09587233977053922
0.11583022769681754,0.06291045726044774,0.11884951013014544,0.11225570380426887,0.11715085005812133,0.0659407450781984,0.05395243781222362,0.2712998097782792,0.08181025838149776
0.16513886708822434,0.059985835005215475,0.12798517750627192,0.12101347362026522,0.1835641711378954,0.06651802777195884,0.06765122176209416,0.07925266930333985,0.1288905568047349
0.015508351464357728,0.06293699251740076,0.11957664458993295,0.0701822505739275,0.046455025776448416,0.03672653247259155,0.06848351397094506,0.5646189414931841,0.015511747141211889
0.013332558003341594,0.04185406215784578,0.07793462600055921,0.09821040350114607,0.12041272436827333,0.4008902825635759,0.11508012349380288,0.04796200429741317,0.08432321561404199
0.06347511970111426,0.05181811524811155,0.10086341364915367,0.10269303534971143,0.34035778881072026,0.03586771992635714,0.09363151469954449,0.11953067642619776,0.0917626161890895
0.12161647586227053,0.0725841138026373,0.12115697185786477,0.12611662464678383,0.02215227311086486,0.17758745781087715,0.09037383977174955,0.14179021377727455,0.1266220293596774
0.11301143588562103,0.3895071825090179,0.1041313035599638,0.11299507934948666,0.019463869239256307,0.04781134783632163,0.08913097318561723,0.01863930426080863,0.10530950417390678
0.22695001682097649,0.07056402578831825,0.1355636705759205,0.1327022149727987,0.03677587808325031,0.14080899978838768,0.04040627024165538,0.08842258613944746,0.12780633758924526
0.1274292555754498,0.05664591452786313,0.121975256553655,0.11922707948386209,0.22867983993330276,0.05681767326505074,0.08957452471731257,0.07975837056423304,0.11989208537927092
0.15929245516056587,0.05738316266245644,0.12604318058164346,0.1209798110092567,0.1606390035060845,0.07610730317897252,0.0834195756960995,0.0779645944817879,0.13817091372313314
0.07659636498775364,0.04958686567954521,0.10488266459362322,0.1029619563940737,0.3758035240089734,0.03452799884857306,0.08665863556087865,0.064799685008061,0.10418230491851815
0.15405419860972433,0.05789968463481294,0.1245573407377019,0.11855385353381742,0.19527046936931855,0.06466924916629214,0.07890655054261568,0.07627198277600925,0.12981667062970778
0.20172461568558778,0.06350950862694167,0.13294961130407554,0.12573834519210259,0.1168455326118885,0.08520501236658125,0.05825083862563974,0.08297405039177073,0.1328024851954122
0.2141868408887706,0.06498480944186767,0.13424780214734464,0.12738736704077816,0.09280040577166078,0.09503802798411853,0.054033490352929765,0.08426592634689938,0.13305533002563052
0.10501525687638953,0.05998524845547684,0.12544822862814772,0.12785369522164317,0.08971611470863576,0.17755388870039343,0.10116947932303438,0.0770664546220184,0.13619163346426078
0.1389531348639431,0.054708528808042674,0.11875759298111906,0.11477036304803524,0.203985909712136,0.06349173422945996,0.10251723790095563,0.07132471272883885,0.1314907857274695
0.191470941527332,0.06143337962896913,0.13004026101983246,0.12355194383682107,0.12704203195977282,0.08296873728326525,0.06854478376333072,0.08018515816979094,0.13476276281088562
0.1274542462366843,0.06567820326564273,0.1191242213295981,0.11412747452540566,0.07207774593604505,0.08170722509145684,0.046041000013220736,0.2938176899948616,0.079972193607085
0.2099442514297929,0.06560860217620718,0.13384716829632382,0.12820837283700734,0.09746783978787212,0.09325409040348069,0.06171782491383982,0.08586474165316964,0.12408710850230653
0.16865385065527927,0.07635109504916326,0.14467414473768947,0.13380012642473474,0.0978909824033551,0.09945428690263373,0.0528638213039195,0.07190949022392068,0.15440220229930426
0.16182346468906925,0.059676439510259915,0.12740664430788187,0.12051004766366884,0.1899163726491948,0.0650790028401847,0.0684499878481668,0.07883852501717066,0.12829951547440313
0.11299535872454576,0.20090445214252872,0.12263195670786815,0.12812532340799287,0.08313971241052275,0.049824120053883085,0.1178129900318401,0.08941679204926263,0.09514929447155594
0.2017514330819611,0.06350449997796768,0.13289886576289545,0.1256749307474612,0.11720078570127762,0.08501572604002633,0.05834104792025884,0.08289947808305383,0.1327132326850979
0.017612891707578775,0.08357082023293855,0.08267079373733492,0.09139624457466798,0.026518616277619016,0.049514838985730086,0.0399736921177885,0.5934823435953299,0.015259758771012212
0.21471928676884258,0.0636538324084957,0.1307600295632504,0.12619361935979673,0.07094570394001899,0.11089945684888464,0.06472206340428677,0.08118872576570756,0.13691728194071653
0.13109721119253592,0.05664431205154181,0.12155292947903373,0.11572874109855752,0.24897798598017004,0.05369609802100276,0.0748744529715347,0.07506719635997097,0.12236107284565255
0.21553284395794922,0.08448919985382293,0.1500490989478519,0.12763394721201216,0.03477277902960237,0.12933061383639058,0.04475275616956254,0.06377851462416755,0.14966024636864075
0.09453734075370628,0.0513574154830829,0.11928673424164364,0.11561029807424612,0.2908766237372994,0.051425703208060024,0.07123180023281503,0.07841620902649873,0.12725787524264784
0.13645302899518896,0.06385035328055268,0.164272708560843,0.11703644053629997,0.09599989619493887,0.10364623051820905,0.0912445131170166,0.07506504209273782,0.15243178670421306
0.12745268568330517,0.11388929727935782,0.142306155826369,0.13032579888296675,0.08896166004972565,0.071025633058717,0.05948852719317691,0.1465205143917525,0.12002972763462912
0.21817346518365377,0.06461622301394015,0.13093281270357604,0.1271710293209353,0.058495229278532034,0.12089174649657876,0.06168608776185779,0.0818618142592759,0.13617159198165035
0.14889319095935952,0.06207318551528466,0.11374548785290645,0.11118865810644,0.05254876926411097,0.08673629094530834,0.07179477625437089,0.26290610084409965,0.0901135402581195
0.07898738903519571,0.05350970436432519,0.1047690662795121,0.10384780861569422,0.3546502034146219,0.03577629282347843,0.09975201288673663,0.061415911107824905,0.10729161147261095
0.07688672674927689,0.05633487885943401,0.10266927836586552,0.09657343991447087,0.1248179267931042,0.048971578706293754,0.05056249951226267,0.38873814828648934,0.05444552281280283
0.22001256214506926,0.06542503429733529,0.13373320557385973,0.12669328077163303,0.09066923637067915,0.09461413270058917,0.05421861310989881,0.08321039492686925,0.1314235401040662
0.11459864863149731,0.05487666197729907,0.11707454135386741,0.1121164679714139,0.2859867318655112,0.04729387870037319,0.07894080548950211,0.07197549676028442,0.1171367672502514
0.17664722070635208,0.06106838064106024,0.1302261716993048,0.12310022628949678,0.1594351808643459,0.07278289013289835,0.0642238574317485,0.08111340998624168,0.1314026622485517
0.03493763563052771,0.07699869640853124,0.10548470403882347,0.08734880038598254,0.04612477221692113,0.047064086656929606,0.04329408593043638,0.5243779129754248,0.034369305756423135
0.19197691013893056,0.05930065829357128,0.12463919337930962,0.12206578072067252,0.08621558464952402,0.10494898185523223,0.09377018900909569,0.07546299350318288,0.14161970845048122
0.1874894381966501,0.07950253072795455,0.13088498643911764,0.12703632316490085,0.04796449100255754,0.10854115391525276,0.04581853950504176,0.16745761451244956,0.10530492253607528
0.06397430271870744,0.0472537081032342,0.10277602390588686,0.11332066593297947,0.12146955497053917,0.1380743909230919,0.23265568365685785,0.05987448121902026,0.12060118856968276
0.2248204504220059,0.06532882876417655,0.13055660846417128,0.12664826456532366,0.0554636173751297,0.1215081711767565,0.060638549832382684,0.08105174128761042,0.13398376811244325
0.12942029511312755,0.056469120949776595,0.12114925430959149,0.11540223041138765,0.25253656190015117,0.05306198189922826,0.07525632015715285,0.07479532076817318,0.12190891449141127
0.1118272623032776,0.07894681206182838,0.22077654336451383,0.11088922370389413,0.07014669675028394,0.0874074091111875,0.1065972896945911,0.05482990511272056,0.15857885789770296
0.1682061458460841,0.060271533312441734,0.12850652134564608,0.12147285200371494,0.1777090333720033,0.06788748570890465,0.06689965530361963,0.07963094081705568,0.12941583229052986
0.22503317534757247,0.06280117074829254,0.1253031150667903,0.12440375684831305,0.043632907216343775,0.1284098719665198,0.07427228658160738,0.07776479324640079,0.13837892297815993
0.1440508517420761,0.058041381200938436,0.12320861550267576,0.11683796513658588,0.22896936192994044,0.05652351357772579,0.07370321983175819,0.07550427268291052,0.12316081839538895
0.23687490393554178,0.06659153315592768,0.13188387937270965,0.12779170774466198,0.04851998387569145,0.12041618595515008,0.05213898240185497,0.08321380310349648,0.13256902045496596
0.08105833821536625,0.0594113682186388,0.11652905757530059,0.12540596093564357,0.04940352806594387,0.2660780225802587,0.10419886300491082,0.07205646764626593,0.1258583937576714
0.1651939341704336,0.059990967049288635,0.1279946534795151,0.12102177261980847,0.18345888565758225,0.06654227784360064,0.06763783943527335,0.07925949982952317,0.12890016991497477
0.09496789265555922,0.09898238993804505,0.16310143911475114,0.1309058788459553,0.046475780792226785,0.08385749191398267,0.04467545778818935,0.1921174468905252,0.1449162220607653
0.1826764273116417,0.06836825986144848,0.13393480534225158,0.13842306991637124,0.025359509511958738,0.17566664035253657,0.049461328222526475,0.09741586121944201,0.12869409826182318
0.039498071424433304,0.0555088616370138,0.08617968058270754,0.08316696241183982,0.09768840626012602,0.03684598566970057,0.04307078605946805,0.5319979005319309,0.02604334542277996
0.12404951985742378,0.0645328682096519,0.11966057794661107,0.11373518572232294,0.09115421556941979,0.07439432044739343,0.04979547345700656,0.2808928104686375,0.08178502832153295
0.01918409911342181,0.03301462689753364,0.04438694434286658,0.0850075333873977,0.04806517857779782,0.11542471062570314,0.5640222012044992,0.025773457159318103,0.06512124869146205
0.23131358850202458,0.07247851574022064,0.14187316593822108,0.12824146804888134,0.044624950055760615,0.12022631787161912,0.04453358867054134,0.07592659246824764,0.14078181270448362
0.22440406806796953,0.061868528039244565,0.12547673887223365,0.12348527934155556,0.05313417555993356,0.11788289901547139,0.0769660590376673,0.07725610145060471,0.13952615061531962
0.19758119332448074,0.06307111698485514,0.13242802739944057,0.12516078665070032,0.12483400975314003,0.08238809521470686,0.05955994522254641,0.08249949227527285,0.13247733317485708
0.22922807584357277,0.068455694103563,0.13550728848010665,0.13065619339243648,0.051878933449499044,0.12209897611728793,0.04494779926669748,0.08678952295903282,0.13043751638780374
0.20950047933916593,0.06384501936021536,0.1330870031731945,0.1275048561036518,0.08266308083223618,0.10356530060505649,0.05904106311002372,0.08377794719225055,0.1370152502842054
0.1250118560284242,0.0652177396115677,0.11936904486316391,0.1146770740847204,0.07181733508816447,0.08285886926778879,0.045427737254498106,0.29462808087102965,0.08099226293064281
0.10926870409346402,0.0541809330382173,0.11607167703702437,0.11142762000351404,0.2955417959423477,0.04606985994631482,0.07937194801339385,0.07161733442573456,0.11645012749998927
0.16031139266999525,0.07148860941195272,0.1426832583478864,0.13296388563192263,0.10210155757684114,0.09457540611023106,0.05873406490875033,0.07264281999931613,0.16449900534310435
0.22106617291759956,0.0660242974589581,0.13484820242065051,0.12841179230617003,0.07822150335697235,0.10256173975822114,0.05115498938774534,0.08505196742948724,0.1326593349641958
0.19229175999350992,0.06255299074068009,0.13191819930786158,0.12465074308134062,0.13359130385455345,0.07970863633346897,0.06082684954297152,0.08215681519323388,0.1323027019523799
0.016716356444164818,0.05272031738799648,0.07283822674714656,0.10136681404068575,0.0036243582260935283,0.556320752200626,0.07237093082978974,0.051454564762320465,0.07258767936117654
0.17549945714146897,0.07651407284778612,0.15211378707850592,0.128653632893291,0.04433874148668702,0.1513697372087041,0.05238004862712017,0.06631846047555161,0.1528120622408851
0.043475606616556556,0.10324209200894123,0.10424051062846547,0.14903120838773787,0.001248249587147221,0.3986884404978164,0.014369318768563302,0.08918357839659136,0.09652099510818064
0.09830786301022697,0.058761504249137564,0.11293370278135323,0.12541492593085576,0.03080228846523486,0.25274053430294935,0.11865930815429772,0.07155448660796629,0.13082538649797837
0.1248501288994921,0.04824661146305414,0.10022947899498795,0.10874021631628399,0.09506605310001344,0.0943560266262392,0.23145619629781367,0.05806071010994616,0.1389945781921694
0.20251403028065693,0.05920691984254154,0.12612763259410967,0.12020464519159528,0.12291832876321229,0.07690857507034095,0.07797934762601466,0.07682736842942459,0.13731315220210413
0.19548713181387803,0.06286903953773289,0.1322762170875262,0.12501455686440302,0.1279770289987798,0.08145879231168912,0.059990535791258494,0.08242861086707277,0.13249808672765967
0.2218539510803619,0.06615095126107338,0.13488923952103948,0.12850583440348007,0.07666601419439284,0.10342920920104746,0.05084138125827734,0.0851119355105517,0.13255148356977578
0.22490783979625514,0.06684080177759061,0.13520612535980883,0.12923293560118326,0.06801484338594761,0.10902996398039815,0.04890913317365004,0.0857092439676544,0.1321491129575119
0.16324740781913916,0.05708258342210992,0.12306364927294122,0.11849035443250977,0.15826932535209123,0.07498230296107737,0.09459295986569645,0.07419507479183451,0.13607634208260042
0.1944656624385265,0.06276521058915609,0.13214126311762905,0.124872345783384,0.12992877191062802,0.0808166291417907,0.060298095938843145,0.08231147070025754,0.1324005503797849
0.1456711973813567,0.06546724211119466,0.13282252291637156,0.13337935351873498,0.051554774506845175,0.1860799312579331,0.06359955738252938,0.08549982141758407,0.13592559950745037
0.19442246853790204,0.06275496389242602,0.13207365990860723,0.1247928618172439,0.13044748231548564,0.08058413858692948,0.06041618331771608,0.08222074183951268,0.13228749978417695
0.18248416804787052,0.061605857440809396,0.1306013205416365,0.1233628914163275,0.15166278351847182,0.07442466012976472,0.06346241779301369,0.08112514213827704,0.13127075897382878
0.20965834788464496,0.06243311651109409,0.1292850794406683,0.12383704716603483,0.0918393421599389,0.09716203206137626,0.07099279101512242,0.07889501531503111,0.13589722844608915
0.12866293043737195,0.06550034390210861,0.11990475960840381,0.11456799733817769,0.07730445575761953,0.0802068103422184,0.047264694991909474,0.28494827370520714,0.08163973391698344
0.1437395937862637,0.05780574774709901,0.12772207426048798,0.1215400822151194,0.20370639741591381,0.06498195939360994,0.06734625415231167,0.08119771463084213,0.13196017639835225
0.04538284504881521,0.06900444792483855,0.08708481552799006,0.08674056731844858,0.059344221317079275,0.04412403695570335,0.04827910598107588,0.5353742648759079,0.02466569505014125
0.1761502597480061,0.07822495453087115,0.1338625001691346,0.14119380929745898,0.013329264748513212,0.21351246719722664,0.029845467322171262,0.09487331631452701,0.11900796067209107
0.090475219154407,0.05972036877198888,0.09704237598464277,0.10426617579925446,0.024036448900982887,0.10983540582194695,0.05325686405105182,0.39768254274416703,0.06368459877155831
0.21858654215754145,0.06630023834759301,0.13574336844160717,0.12990307053015274,0.07099042172622157,0.10870370298802705,0.04904144883258068,0.08676678350229351,0.13396442347398288
0.18616836200928574,0.061958098754136326,0.13113773673805648,0.12388044575840855,0.14470590001982944,0.07640333236684081,0.06245479752400671,0.08155154082714287,0.13173978600229302
0.22829656016507585,0.06819122694537656,0.13555404224633857,0.13055578262371598,0.053940396536701955,0.12035662204158969,0.04543973101883242,0.08677394016214694,0.13089169826022198
0.14657711337392387,0.058214952010996864,0.12476318789603931,0.1183210950548842,0.2182993971556562,0.05932123734321567,0.07164435978183538,0.07713538262464903,0.1257232747587995
0.22772142235134482,0.06770737023120622,0.1354295975985859,0.13003086741771,0.058716991235193174,0.11603574861623084,0.046696046725387096,0.08632831056004801,0.131333645264294
0.08233159999128226,0.06053779447370414,0.11566764649498971,0.12710285186698725,0.029756746950897892,0.29950162122015306,0.08616496788466858,0.07470017676341258,0.12423659435390448
0.02274876671717251,0.05765715769700849,0.0717707833370768,0.09443001089396154,0.16541477195680948,0.03061680254298896,0.3199476496357993,0.20927950580943588,0.02813455140974695
0.20668149448767126,0.06199165462390113,0.1267144989245365,0.12469307124853724,0.060134200094721556,0.12286945044209174,0.0794109383075931,0.07790357741272116,0.13960111445822632
0.06419222411645323,0.04532673000021931,0.08489203973211513,0.1062911398153854,0.050607280785810484,0.18344350853452207,0.2969428479742073,0.05076167643746899,0.11754255260381814
0.07825841515152071,0.059244529481276786,0.11778441660288043,0.12616671077908045,0.053028854131736775,0.26691391225121525,0.09878512674790779,0.07340281769780391,0.12641521715657786
0.04206694783497648,0.05163161248298656,0.09770270723748536,0.11763726432975834,0.07825815449151328,0.29493377723562,0.13954814790272993,0.05828579629693015,0.11993559218799994
0.22784769442514233,0.06786632850917844,0.13549044284282186,0.13023209551063006,0.0570339324880428,0.11754520187815969,0.04624928198885048,0.08650994342978764,0.13122507892738666
0.1773489219851617,0.09015404930560535,0.13232942991012286,0.14110167214143066,0.04488757427835363,0.10877660467373655,0.07193262459240855,0.061058850603046916,0.17241027251013388
0.19963172168701762,0.06411773504103584,0.12719681522782875,0.1272584726218056,0.04254902410936764,0.1499085220433873,0.07294571367312928,0.0795145944478074,0.13687740114862057
0.16251373071594385,0.06610561959013249,0.12803890722385539,0.12073938925590309,0.11102941685086597,0.07739684426999084,0.0569879957259721,0.17456969889677407,0.10261839747056223
0.18839084215382515,0.06250939658271336,0.13193721402654193,0.12777725627495107,0.11709147756970184,0.08470548216457997,0.07146387485919176,0.08705544887752602,0.1290690074909689
0.11420652039595192,0.06378218781604571,0.1293162629324289,0.11410728806848197,0.08909217217873866,0.08440926519149111,0.04914021715972022,0.26710025730865494,0.08884582894848647
0.09392666854640004,0.06067448625255726,0.10606833358456563,0.10258948737744732,0.06079261034805069,0.07273019603324059,0.04037749801258255,0.4047014572477499,0.05813926259740591
0.22522860856003912,0.06751588050257588,0.1334051187651114,0.12982085527554496,0.046535661246044864,0.13047120641116527,0.049823824173802926,0.08506323522649983,0.13213560983921577
0.020460046826709877,0.0637230681045042,0.08649306644177683,0.12238893467987981,0.10176829957591173,0.05056865347544806,0.4188777958817547,0.08200999643135727,0.05371013858265742
0.18527567935621922,0.06934086178252563,0.1611367713817596,0.11290903971062571,0.11495990026900442,0.07535320860768988,0.06940073311781318,0.07983437604816655,0.1317894297261958
0.07110157425585399,0.3039743644533531,0.1136888751211682,0.1130893198104001,0.03435652329850736,0.04242216302071868,0.07599831359822351,0.1853877999308433,0.0599810665109319
0.04421225138244548,0.23438397516919238,0.11883915540751544,0.10833031074140524,0.05764970302674773,0.03498221474028581,0.09661591048114522,0.2555572816215498,0.04942919742971288
0.17582837484460098,0.052590685746630506,0.11402107269501305,0.11206167599374088,0.13927830918814507,0.0675296347084711,0.13069455781538417,0.06708047941933075,0.14091520958868353
0.18693875861637446,0.07521443882706656,0.12985107524192488,0.12857087825454663,0.03214359767094385,0.1331512582884972,0.03859805395840656,0.17243369090685826,0.10309824823538154
0.14396983909825076,0.05789950163826015,0.12531950831680205,0.11900153060212847,0.21744036941048553,0.060287890229398115,0.07069201821120881,0.07812915468397752,0.12726018780948864
0.13089304851855674,0.06952607873057724,0.13650551774863215,0.11867898593990805,0.16354607049651962,0.06615392706862265,0.0979375426156643,0.053158070328687836,0.16360075855283143
0.038678640925001846,0.06030372711472435,0.08625555601167949,0.0828485934020113,0.10031387631998694,0.03441966457036627,0.045654416186896425,0.5262183141876534,0.025307211281680054
0.08147974500868778,0.05035887596659829,0.1068973477527538,0.10446601676101885,0.3625896839029828,0.036352464076256405,0.08538665140109318,0.06603262133066061,0.10643659379994819
0.10803516620654156,0.05645117865021879,0.11766061213972685,0.12208432614266841,0.09631987346609568,0.1516837333023011,0.14037289080176965,0.07011827270348277,0.13727394658719513
0.23212835636995918,0.07545394821681504,0.13530406210635978,0.1317907862079222,0.03983181947515132,0.13016534023397633,0.04330490563083069,0.08344306502488986,0.12857771673409568
0.0741971584615077,0.048119323089715844,0.102270810807582,0.10118307803904891,0.3739231210136051,0.034526101449454984,0.09828660828268287,0.06253520384642418,0.10495859500997834
0.11822019486118251,0.08784431834586466,0.12660435568623046,0.14648463196384423,0.0053073553666194455,0.28769502399845037,0.0233622986417375,0.09574582451470255,0.10873599662136829
0.1415631475970314,0.056312947995043765,0.11915531188349972,0.12041483839283412,0.03760784498548759,0.1682325753523192,0.1545324190573882,0.06954223137511517,0.13263868336128085
0.11530781160438779,0.0674308711158403,0.12982880505172514,0.12702684271974715,0.12325319995316968,0.06806023965481943,0.08435907233808985,0.15904930178626883,0.12568385577595195
0.20453108074904924,0.07084654313258952,0.13045395984204108,0.1328611408232523,0.022251805759161376,0.17993673949196046,0.04618338590591767,0.0860233239868462,0.12691202030918214
0.09211571140891661,0.06779595368658871,0.10388375495480538,0.10246782787314429,0.04071508544291034,0.07981624844611256,0.03703266499745182,0.4223923612168438,0.05378039197322649
0.0925104738941528,0.05106031159292863,0.10677816264971496,0.11717873107374076,0.024199087041322526,0.21618658837919505,0.19578152769131987,0.06580437569252379,0.13050074198510161
