0.12064876638505224,0.11790708772898369,0.07708701899886375,0.03513502840887722,0.11620062909042643,0.2534432241803391,0.06748882559277504,0.10520658186618849,0.10688283774849407
0.1598537982150233,0.08635873211557166,0.05082074784921523,0.015114885370877925,0.08971411784216533,0.31542929685929044,0.12297438315923158,0.06752321319277653,0.09221082539584809
0.29674658013739164,0.0865826905366281,0.15418967166883715,0.015810252904931623,0.09643220577269339,0.024863417584250796,0.06491073731874118,0.20901405728368905,0.05145038679283707
0.12296640254188888,0.13014959469212167,0.19891111693079658,0.03397445658366796,0.11507908577247998,0.19268677486592165,0.04130699921226146,0.03623993988599075,0.12868562951487109
0.1468658289181582,0.08075425867282453,0.025895063456039646,0.012877504088166479,0.07508957167528756,0.37942283733628157,0.08287338439654475,0.10394529760034117,0.092276253856356
0.2588532804240396,0.08462108890294669,0.052258568575903906,0.05907662419341856,0.09569040699665059,0.2790451784715953,0.06325392493684304,0.03928831630122467,0.06791261119737756
0.11668902733889468,0.11571969066499453,0.07266410902958796,0.1031385119731165,0.11190626815357417,0.23514061567115133,0.10523823824591073,0.05086366318601309,0.08863987573675702
0.3727348713643262,0.07895608664719678,0.04267139467079751,0.01725605503195853,0.07148797619153334,0.23165730733979095,0.0607229726305587,0.053784084698045305,0.07072925142579273
0.11532687621835784,0.07510789369828023,0.09426072962667735,0.011921316537342089,0.07846821164418225,0.3947585861275225,0.11585381758001567,0.04434851908100921,0.06995404948661285
0.13298725855185267,0.07956055677140478,0.03555683910938529,0.01393925728983319,0.08442132947172488,0.4071461566656825,0.11291601061609087,0.04951736984829654,0.08395522167572933
0.20354547904830758,0.08798466827104508,0.03304126132319152,0.0683350938905308,0.08062971177403908,0.1778604051151822,0.08872012016190245,0.18830430202723344,0.07157895838856787
0.07565905035586055,0.101989336181742,0.08745248789130415,0.019044649458890343,0.15219820900214195,0.26089659823005795,0.08913493803045862,0.08982811685465741,0.12379661399488702
0.15879580355536813,0.12096894251944934,0.11008878833873452,0.029051112477548654,0.10180785443457692,0.1596476544883279,0.15542767212564623,0.05796060494045092,0.10625156711989749
0.04869696699514952,0.0823309408497234,0.09021315405669295,0.01276625899432324,0.08074535278063714,0.4565954482523586,0.12410227642712407,0.03809863889527577,0.06645096274871537
0.2955886554767551,0.09131612663448285,0.04902654156084498,0.05028692200384332,0.0702057308480266,0.1472320018734897,0.16420005624959721,0.05578056126733432,0.07636340408562586
0.13801437069465292,0.1055281134012127,0.05445048769017544,0.037683765998834516,0.1311223889118549,0.26853771040881297,0.1070291130545185,0.05928966031183955,0.0983443895280985
0.04608463544130881,0.09712478792846228,0.18993687065357098,0.023932102964487917,0.08818480528396888,0.30736386785702335,0.05601907789204927,0.09602117287965721,0.09533267909947131
0.051673554851854486,0.07939247838348046,0.1233332997313934,0.00853405650366827,0.08041960823359548,0.369049302305722,0.14138949010950377,0.07947154986701509,0.06673666001376698
0.30252878169359093,0.1009462825534319,0.12176055679983545,0.018631018249820944,0.08374828047616316,0.15525238463708693,0.09686413048633778,0.04896269880703925,0.07130586629669369
0.08472189146698898,0.08449871209866776,0.055249617731048195,0.020003728260648296,0.08416773168445812,0.43161927846982956,0.06928934773691213,0.08455873850378264,0.08589095404766439
0.1478856833655734,0.09201315179457704,0.08063732155140775,0.015065848152831721,0.08491360472211822,0.3019804629444354,0.12926611866181695,0.05527092345311274,0.09296688535412677
0.1713666976473651,0.09586663337415753,0.2589956040159958,0.02016239937331166,0.07676665506782052,0.18299884732162827,0.06652023016524232,0.04571530104534796,0.08160763198913083
0.14668682643302208,0.09548075031226534,0.055251764813897764,0.02322319191386994,0.10514101548431447,0.2918482112796213,0.11969247678997173,0.07115747046639488,0.09151829250664244
0.15265985247725514,0.09692998560211603,0.04054611283791124,0.014795162182265788,0.10316610434473379,0.29712724361890785,0.10161360546816255,0.06980644942138901,0.12335548404725856
0.22865405934476402,0.09674061537650734,0.06508362579205863,0.04364313158862771,0.09483939300664146,0.2200797551032265,0.11700039590229823,0.05057455385052553,0.08338447003535049
0.23590225411799928,0.08359854655984844,0.035655279271435435,0.03248468448577844,0.08922581445619009,0.276935238083121,0.11319401604306382,0.04862926864234952,0.08437489834021399
0.07041994714517746,0.11786845809368379,0.075049897898483,0.01636253569183537,0.090595039610051,0.29111785827165554,0.10311699034475418,0.09154038583867304,0.1439288871056865
0.13371188983975923,0.1059888395874128,0.05462226046105954,0.06245293940170743,0.11392609578157409,0.19467831865430021,0.10722421230451466,0.08192801978658097,0.14546742418309114
0.25503245307162037,0.08287984572954327,0.07281167463447252,0.013883707243194737,0.08242483687454592,0.23671705040450242,0.1285644496298103,0.048562738427682134,0.07912324398462839
0.1723180714373609,0.07687803485165219,0.03744265646160138,0.009817583636881221,0.0813754171285655,0.3538313730406015,0.12832538331866708,0.06024075792271006,0.07977072220196024
0.13813019607338223,0.09008966763294607,0.036679776078001776,0.029586169488115602,0.10166741332750356,0.2635845501407077,0.1405854526952696,0.09776543288348005,0.10191134168059346
0.14929635904179406,0.09435756466250383,0.05458082927863639,0.01546660409655816,0.11171004231176045,0.2892293655792125,0.1088637348813472,0.05368221888481444,0.12281328126337303
0.2423925631424916,0.0853680873955248,0.05008553142561411,0.029339126733355786,0.08990176554649489,0.25663769401101094,0.117250180806037,0.045993104530537725,0.08303194640893309
0.15539418792542622,0.09014153547600456,0.03910402677138249,0.01517145854748963,0.10656935992962809,0.3043679992919008,0.12325170285454967,0.053677319469951836,0.1123224097336667
0.13540340539128706,0.10325815008779911,0.037077933514745816,0.08956084768697531,0.10418171437558305,0.23103863983054126,0.15372165307040384,0.0629533582462576,0.08280429779640691
0.038817191945262224,0.11448539762362601,0.21073419941414606,0.05236142541366557,0.1416239567019266,0.05391717628951892,0.09828106524830198,0.07707984576252998,0.21269974160102265
0.05260387974310963,0.07852588036375834,0.09581753799837517,0.010168081317954982,0.0745946788480702,0.42622664987135556,0.1538981501845343,0.05431795190693741,0.05384718976590447
0.19180106269433062,0.10420545906698797,0.03327456575110584,0.02822401893563233,0.1061091291640404,0.17575542311757095,0.10577730122226604,0.09715126869895628,0.1577017713491096
0.14217837311416467,0.09009963290939695,0.053415549483422746,0.06485052565121592,0.08872407187403723,0.28962472980183296,0.15515042633046466,0.05122023880044287,0.06473645203502193
0.058576545998924125,0.09068705039959728,0.07175271752865471,0.01003701686566217,0.09697708216815254,0.32513529681067976,0.07136731915738907,0.18473279765672446,0.09073417341421586
0.21756242874947537,0.08689500179582145,0.06080886436650468,0.018862985395735474,0.08517367091923651,0.31616575399157015,0.0763935284808334,0.04076571792689009,0.09737204837393292
0.2707149849487183,0.09478095245590328,0.03989877604545064,0.011261911342036898,0.08866186095509017,0.1933749087973853,0.13044162563894382,0.10001019819657415,0.07085478161989735
0.05633465237759252,0.13252442005881956,0.061689968607551667,0.020464946334519223,0.15884913401550418,0.1837466533591653,0.0844005083875476,0.1788625262825283,0.12312719057677168
0.10493038745804743,0.10662804842084089,0.03890711008975544,0.03792606568330073,0.07160041757710306,0.3975916512016999,0.0771161979748815,0.07249850658651459,0.0928016150078564
0.1430607630812438,0.07738022096852014,0.04973523319822449,0.013045708613447246,0.07997023823008781,0.3972553810576118,0.11303319995972246,0.04691330544669419,0.07960594944444799
0.2779015603448665,0.09737315052262817,0.04475766928170222,0.019623784481846825,0.16072498497410195,0.16873247097950492,0.09479943500874018,0.059074039787409854,0.07701290461919935
0.09020420036834957,0.07888096814209572,0.031557966217828595,0.017228838355622184,0.07754090258954544,0.4207563643892711,0.12442456966577942,0.05884789351476815,0.10055829675673984
0.1808951695462334,0.0907954426163241,0.08814232407979349,0.01866510319431661,0.11592357208236398,0.15050539869520663,0.12099664747155899,0.16132180118036213,0.0727545411338407
0.25317274206296886,0.09662278389755156,0.05087165962456671,0.013863168200238285,0.10916928662684346,0.23133487068193978,0.09000888510257526,0.048620963659018586,0.10633564014429747
0.12247301065663134,0.11114225509498821,0.03941641952389867,0.06986800904179372,0.09899092016829898,0.24679555962768082,0.08373612574691047,0.10334368795187877,0.12423401218791907
0.1208216578142532,0.09682086419836594,0.07911337268635417,0.013437767910848346,0.09679076887540132,0.24007572152800857,0.14364964403169106,0.1252975425467469,0.08399266040833053
0.11405963337125162,0.10313479981611362,0.06431629675273436,0.013605553830497934,0.10093498748865716,0.26436819153969143,0.15752670838086968,0.058759340474782984,0.12329448834540124
0.2651636163435434,0.08666630013982383,0.10065235353973179,0.026863400467218534,0.08492491221330249,0.15863819853975766,0.1275549768869938,0.06166575301968639,0.08787048884994214
0.1673255769286929,0.07970505410491531,0.03622704482054817,0.029172348424067587,0.08806733555308884,0.43728210018345476,0.056957856478676426,0.037360018690747496,0.06790266481580855
0.18471955507574944,0.08191049120480605,0.056905189303537634,0.01976838812787048,0.0888315323096241,0.32577600659265715,0.085439623545483,0.04321746161823234,0.11343175222203988
0.3420727784871538,0.08828520487500587,0.03658428350327544,0.05128081132709935,0.07157305187898032,0.21010680874101376,0.08472136119107461,0.03768210546753911,0.07769359452885777
0.18591201256477938,0.104381036032264,0.09132587396061374,0.07032522827098732,0.10134440502182546,0.08031206633358136,0.16273809117365634,0.05469813988118836,0.14896314676110403
0.21944218380125088,0.08015445498800418,0.04441685448029897,0.01911695379799136,0.0851893108560298,0.20483229300350406,0.1346619661858093,0.06415812158482005,0.14802786130229137
0.07897708824048573,0.09374313351815881,0.19159144903446143,0.024872998572984816,0.10283337106185236,0.14728244864661147,0.1502943756335485,0.08051212381050692,0.12989301148139007
0.0863939201147199,0.07855014897361558,0.04005442606519472,0.02934366453046061,0.08218317866155599,0.41395238588890226,0.10455758036622931,0.04268513808057097,0.12227955731875066
0.30624903332455494,0.08623688152967209,0.04427403327019211,0.020843219800650233,0.09864905626202426,0.17175360883914403,0.14238324033082098,0.05789822552602322,0.07171270111691809
0.1353411984596182,0.1082799960961149,0.08257617444944904,0.037774103123637076,0.12037376184599465,0.2680339633051758,0.08785200093992462,0.05881814489301518,0.10095065688707043
0.17791503288512533,0.09239319558696091,0.04120455478168166,0.0162055551290783,0.09699197866121911,0.3440962188331289,0.07659721523792695,0.05451056803421498,0.10008568085066377
0.1774411839356436,0.12144146623153047,0.0932732893491001,0.030043237734872764,0.11409615639432304,0.1144429175446734,0.09216686432218518,0.1371143051419332,0.11998057934573829
0.13884606834915322,0.10981461023072688,0.0692933732394884,0.021634665235759343,0.12431006701261062,0.2654973043700406,0.07110240150830499,0.08228265263023485,0.11721885742368103
0.4088585655398516,0.09906177472503581,0.05768536025387891,0.01547297949572011,0.09937159798596736,0.13140512955383452,0.05442902392980876,0.04811600226664207,0.08559956624926084
0.10294747290690333,0.08352843130494332,0.04207529507024262,0.012395113520766096,0.08198105932829648,0.37798158132626797,0.09636333798211306,0.08180541959019856,0.12092228897026847
0.11370798282366713,0.10059782557382672,0.1978427610350393,0.018878353864081987,0.10881107094600191,0.20950926064760375,0.10927751225578153,0.053278158838544705,0.08809707401545287
0.07133482964954915,0.07162432935659259,0.026658999811078696,0.010382039918917337,0.08200096847938577,0.537486005027019,0.09625180002410999,0.0374688407735852,0.06679218695976218
0.14012283756855015,0.10693539596541456,0.09631640183051175,0.10379564535784562,0.1252656933607189,0.13226842035950975,0.08162510452547463,0.11534939568416659,0.09832110534780802
0.17760458694746403,0.1013140369166003,0.2078792849799644,0.013389846628232045,0.11630253421939539,0.20723976780997042,0.048412829574359884,0.060642512641224555,0.06721460028278897
0.09241065506664159,0.12115447734324807,0.0698206646367903,0.012719039439643623,0.1071451036180759,0.3076817901180305,0.08215350084855337,0.10706671967445497,0.0998480492545617
0.10489263758019156,0.08283056639541324,0.06836637974467824,0.025396606350356222,0.08021833558910803,0.4131475840504142,0.10445836485244171,0.04584989834332609,0.07483962709407067
0.1488305631133292,0.11259110905421305,0.05397704762295472,0.02570938169889446,0.10405360897389952,0.2932654396822963,0.10974720766200562,0.05578943828213301,0.09603620391027412
0.2801889041527351,0.10188221672544988,0.05093667391234865,0.011980696165392513,0.0743177673777405,0.2047062577055729,0.09585159089973133,0.12380741767415117,0.05632847538687801
0.273033964267784,0.09137808257441347,0.039492224334718266,0.010800970085821657,0.0927230492756928,0.28228880601497774,0.07961308698925844,0.05703235221878394,0.07363746423854962
0.17898813129577706,0.10317431839766926,0.08683744775354586,0.025685163602076292,0.10178942247677229,0.16540027535404622,0.09864355804439189,0.07146717571366935,0.1680145073620518
0.25272925279052266,0.08600774050277886,0.048532634059378583,0.039382673891066394,0.11200332400528883,0.18029685325253433,0.13976115713875034,0.0445881135590682,0.09669825080061167
0.374162588557536,0.087886557086565,0.03708605715028503,0.009760979822121103,0.09052220521269867,0.1277507606938537,0.06256979070326464,0.14579777255564907,0.06446328821802677
0.11387541251033517,0.09684801724570395,0.15020456274841373,0.02582787758949537,0.12325911304724768,0.09820342012775683,0.17859268403275616,0.06203614469191524,0.15115276800637584
0.12820391621286387,0.09360287666400108,0.037135966869748856,0.013795065973032964,0.09111239699841489,0.26273133946363775,0.1309111585752308,0.11029616798173762,0.13221111126133217
0.09905127969976081,0.09980852793846588,0.15007328159738734,0.031989944268459476,0.09059375098689608,0.184140791532147,0.13902848496085976,0.10234670941091258,0.10296722960511105
0.2153997448877639,0.10038145738319491,0.06649868896840593,0.013496766031265416,0.09089006253480376,0.23153700774303923,0.08631206443669098,0.061204165031718466,0.13428004298311746
0.08091403037805293,0.0845729692197348,0.23268361297652004,0.04389048900186939,0.11206178271195856,0.07173958306943938,0.09340972577221895,0.21524257845986003,0.06548522841034586
0.04219236861805383,0.0977722001325866,0.1357326111089737,0.2405821538690327,0.1142401612231712,0.08289727440503279,0.13137474077975406,0.04844764470049628,0.10676084516289891
0.13511698973344724,0.10832147876825256,0.05811495090580369,0.027513726546819457,0.10841701409175919,0.2799435155762166,0.07458083381037128,0.10931924096489677,0.09867224960243319
0.16299135769732317,0.09718261162220075,0.059877080542888705,0.01646227322878738,0.10164381284054351,0.32825867684833737,0.07725897009288617,0.05646975689618938,0.09985546023084348
0.09147827116329499,0.0868663840417034,0.06392010022816999,0.03104012984076207,0.09335692516289155,0.3296288819805195,0.146285149277212,0.06365278200005871,0.09377137630538783
0.27736518162042684,0.08401492424200196,0.1313725933596894,0.009951400850196334,0.11009855657787138,0.1145655687537873,0.11360223490134451,0.09526819730035248,0.0637613423943298
0.12460923670558882,0.08150199156906411,0.18922277816367306,0.02562851224215924,0.09593167854662761,0.1678843028358977,0.14479684956807146,0.10473996844934964,0.06568468191956832
0.08582228812043109,0.1255675669557068,0.18909951103111133,0.0338529063262281,0.13694833462508244,0.15812807551338834,0.1267546375409458,0.06095988373276289,0.08286679615434318
0.19859312371046833,0.09865882466931807,0.15411896096415598,0.034178478719380186,0.09452272031182458,0.077694874385196,0.147574384837562,0.12348309254179358,0.0711755398603013
0.2674442873560728,0.07833669386134794,0.03774145291868556,0.017041880758934366,0.07097034282637386,0.28593087946423185,0.12335551682758145,0.05407274507957546,0.06510620090719671
0.06511607897437159,0.07624971848244795,0.0765544206214012,0.047604633219853816,0.06813888598824135,0.4064724451445205,0.13968308438828725,0.07025061628813654,0.04993011689273979
0.09758107082381921,0.073273563363616,0.09082926158058253,0.012461739975451136,0.06715408939926215,0.42572623762408063,0.11144581220655538,0.04463446842874092,0.07689375659789198
0.17486094056485704,0.08221102430726972,0.05308032369291992,0.01653002762071318,0.08403460083701163,0.2808218491302826,0.13656478665321273,0.08980464302259987,0.08209180417113328
0.12795708276060294,0.09675307639191953,0.0993328925916638,0.014199726254152343,0.09179224207151089,0.25058192924828987,0.1383310166009271,0.06828663851501571,0.11276539556591784
0.15970846523073498,0.11595187023613218,0.13921428459415985,0.008888365048664703,0.10518142061524292,0.20978294985407853,0.09077998881218578,0.08368946852922189,0.0868031870795792
0.09780448334171132,0.08020816811201023,0.05777612730310782,0.019246902116578663,0.07824475161519825,0.3217788625644928,0.14603746528416342,0.11377315697036956,0.08513008269236781
0.09970826758496114,0.10678477016781916,0.0882907413408689,0.043178894198244194,0.10687655291615446,0.2215190475338653,0.10248469896471395,0.10939650410422001,0.12176052318915283
0.1547471045840653,0.09736534483481685,0.050700431557577315,0.018909675117514457,0.12115894486280272,0.2600059704473648,0.09086865193102271,0.10915207542408177,0.097091801240754
0.22225179053130173,0.08561106020655262,0.09261317691173425,0.021855863729281656,0.08295821205786248,0.23144059199371533,0.11512878894238288,0.04973631068529846,0.09840420494187063
0.090611240400008,0.14803544069524546,0.17054689943307003,0.05700545963225794,0.11851090090542264,0.16825570419492933,0.09443619396191151,0.06594727917322497,0.08665088160393009
0.10768070427342162,0.13837902097941981,0.095792718105205,0.035406147538871585,0.12042670749558344,0.1962309973588625,0.1366244249396907,0.0839868002863387,0.08547247902260657
0.15109160506013994,0.09053698979073303,0.039156844574795464,0.03180614043747327,0.09808535597408143,0.2911418970710234,0.12588217387353776,0.05463764134610329,0.11766135187211248
0.11806739798255388,0.09117133315345904,0.04801878775463,0.028162209724589344,0.0963574270481274,0.3591745547531,0.10490957304544814,0.04981804681934814,0.10432066971874406
0.14030646161387453,0.07466221537481683,0.03451142776062749,0.012068419389492087,0.08265993865416849,0.38432425448825835,0.11037032920940339,0.04693025948101581,0.11416669402834306
0.2374534355443645,0.09406043439699592,0.05889638604082531,0.04683260789902488,0.092401952232144,0.1562795715526406,0.10700723344899295,0.06490221079337874,0.1421661680916331
0.26488217378122064,0.08120505328956888,0.05422730446849764,0.013324819782902633,0.08206529971349454,0.2309631518681727,0.12275431992390178,0.04574262792289715,0.10483524924934413
0.11342813893906271,0.08910061689225879,0.033512377888442156,0.012146792214832197,0.09643051544479136,0.38270389323318127,0.051256821886705856,0.057177008205333335,0.1642438352953923
0.0758038627269894,0.12741725573064974,0.0701766499242921,0.09940446059403497,0.1592503721865299,0.12905120730450523,0.13808986663999467,0.07514803104650698,0.12565829384649707
0.06365263633082911,0.10101445459288046,0.3290436828300824,0.0442516031220552,0.12190706206298148,0.08579919044249364,0.09624940089008871,0.07132261313704098,0.08675935659154804
0.17752745519726676,0.09860568976489113,0.07042703601826926,0.019989172893067234,0.09038548736654456,0.18592083658739766,0.13706390716782424,0.11870243869323248,0.10137797631150669
0.08978225459084536,0.08611904006240427,0.056101641124217304,0.026206566514499225,0.08144186619523881,0.42582745889499557,0.086209303750122,0.04478731433441682,0.10352455453326063
0.21192119370928117,0.11302483760597681,0.09299936596987578,0.012800949878487906,0.08101854177270741,0.20430743638270502,0.15266672598718098,0.055991025715482236,0.07526992297830266
0.25303867936832,0.0993343737366309,0.06474729161008225,0.02430733870201228,0.07504268405967239,0.10843056891331414,0.1443105519094859,0.04933247791618991,0.1814560337842923
0.23417538177551636,0.13346254083260978,0.05836808163232949,0.07506993352168796,0.09645126559955264,0.09106397093732765,0.09131199183783034,0.1489077908272046,0.0711890430359412
0.27076678581490965,0.0702160210836442,0.03362719340997878,0.01823369642912648,0.07551603556435559,0.31679009181150725,0.09117576266536398,0.04404693828131289,0.07962747493980112
0.10500656864360518,0.07836503126808458,0.04334143105589114,0.034792434811700516,0.08448143678712172,0.42474446622829093,0.11921811387467729,0.04318178173998599,0.06686873559064267
0.06483727696439277,0.1010854205164813,0.07660244195442158,0.022684596256490466,0.08614850061900618,0.22623793412751456,0.16846888490820364,0.0770522512187465,0.17688269343474303
0.24414485142295206,0.08117556560349337,0.04726482179582448,0.014065681673494356,0.08431246332932207,0.2834591647227254,0.1126711156744296,0.047639283987164556,0.08526705179059402
0.1256358741675065,0.10351053586895999,0.1120550175771657,0.04160657826424601,0.10666222268827373,0.24289394311406132,0.11758761335202574,0.05626670406722417,0.09378151090053677
0.047163064984763414,0.1516901414628845,0.10599887870171719,0.023949488182215792,0.1623748854001601,0.18472956358090661,0.07772199691899172,0.13094722812319362,0.11542475264516706
0.06651522426054705,0.07321026240600702,0.03578505978278204,0.01600701332102509,0.08681449030651295,0.47966664803252895,0.11832198607502621,0.06509810946974086,0.058581206345829834
0.09395624138592551,0.09136551025694717,0.04634172808370266,0.03401602900792252,0.08791609637656335,0.38394842733011036,0.1493616001806631,0.04416570826544597,0.06892865911271939
0.18639122485513335,0.09531473375575909,0.1387382989452356,0.03277646133763796,0.10124331437027985,0.14692314062663261,0.08163040979629425,0.04613465862183878,0.1708477576911885
0.2227759419312573,0.09660057383375813,0.05874326173229285,0.04995895303599588,0.10177417712256602,0.26467743392638415,0.05371539812924151,0.0452535662869713,0.10650069400153284
0.19713835624144702,0.12017281807195486,0.11912274041168443,0.03009119706839858,0.10297661012627553,0.06918182076002462,0.13697302810821105,0.1041874095955435,0.1201560196164605
0.18320812245622323,0.08665451005686449,0.11591460474138604,0.0198292840766147,0.09105415454140135,0.17468813401840802,0.1527242603747941,0.0876704984977714,0.08825643123653663
0.29996141376582924,0.09291739567366021,0.07156863503009525,0.01244337645634922,0.09102488896226894,0.18061477790605981,0.0884606819006604,0.04469904664271295,0.118309783662364
0.13781613268875695,0.10384838069593294,0.05645978353085617,0.05445503687888184,0.09166658350639456,0.28137324581881257,0.10165438114355597,0.055964724733127746,0.1167617310036813
0.1770762945391239,0.07932266007831994,0.06403497894379638,0.012644418363882451,0.08040273002188539,0.34139950400783436,0.12525251113380317,0.03503642588694562,0.08483047702440882
0.042774849255956114,0.08720447033254601,0.23052248023575536,0.026418551077270546,0.10878730826369538,0.16292521280436234,0.13877296511347006,0.0834451722854775,0.11914899063146676
0.0741926778010248,0.08256324674187063,0.0965186452373315,0.009424117779658727,0.06787103826106072,0.43899482429335385,0.0849827074591708,0.037591205574239374,0.10786153685228961
0.0916634371768121,0.07959255398163993,0.04295273098189956,0.011792189658179348,0.08845766396230359,0.4547318307479003,0.10598215713321901,0.0571304014352354,0.06769703492281075
0.11879109120303517,0.0757510671768837,0.05798438585359288,0.014472059818921535,0.07806405262391103,0.45057172536188084,0.10183494943668543,0.04482578955672558,0.05770487896836383
0.21147246959169677,0.12793019244315992,0.04802553182071032,0.03139613001270728,0.10834395858147734,0.23520640824192743,0.06963456271653941,0.052532268031907255,0.11545847855987428
0.30648097964748544,0.0829495460006457,0.04731296921337177,0.011526752704326607,0.08923166884562923,0.20844587528238043,0.10833949206674091,0.07147517148463657,0.0742375447547834
0.1663707969289099,0.08319733425797811,0.032346696244203145,0.020267584343057508,0.09117829210922773,0.3164623245762595,0.13335094151628415,0.06325449216373416,0.09357153786034578
0.281673080210931,0.09800512652541198,0.046514042078596975,0.03065954473100198,0.08709452314688344,0.19674958175966628,0.10189373118701901,0.07558177666264417,0.08182859369784516
0.16295320980078962,0.13081997567184103,0.08214706316935373,0.041929173471475456,0.18171762840235664,0.14730592332212789,0.0657314210676392,0.08218355536268444,0.105212049731732
0.24117353671100697,0.08110167184399919,0.19317530868724023,0.013469636445941098,0.1083477875406666,0.07458991257738297,0.10116473693942,0.13555245742825864,0.051424951826084225
0.2356824598125606,0.08536804497306781,0.04453451088095454,0.026619764325994024,0.07749705940808915,0.26981436198059966,0.1276521160106654,0.0485555696125401,0.08427611299552874
0.07791667434230659,0.10523137879552014,0.08385609612954137,0.026481118564743986,0.08959437045450365,0.31366908482762346,0.10908008463435288,0.09874580628832069,0.09542538596308721
0.05003269388356857,0.09347145647998904,0.05143670034970851,0.06277232943278654,0.0984011780535966,0.33263098405061026,0.06464148788581553,0.04284405394589525,0.20376911591802968
0.12773394468545926,0.10526523393861686,0.05821827333726879,0.022972988117432386,0.1437052079705017,0.2642333010908555,0.11347279981138292,0.07128495079774842,0.0931133002507341
0.14594733961403905,0.09409075255629236,0.0561884816416409,0.0331645793179082,0.09977907243661717,0.29407587676735975,0.1284979087984729,0.055246547742165884,0.09300944112550374
0.12919743227641597,0.09502170290011973,0.03729693679924997,0.02110858138994873,0.11047952775008092,0.24736424403943122,0.13789898294865285,0.11721793645482154,0.1044146554412791
0.09267823320686275,0.08996392483954814,0.09708769786935821,0.011978181168139396,0.10003955982150183,0.29556921242484946,0.0993825519439917,0.09966484065940547,0.11363579806634307
0.12649365261958845,0.08930876740106553,0.037393294201848955,0.01212842980547068,0.11210961314102426,0.32164138877185916,0.06989393407375714,0.07672404863976609,0.1543068713456197
0.23814467322609276,0.08383942887069169,0.032942158886510385,0.04276803231767604,0.10181785735910616,0.24675835674300642,0.12868784994893537,0.04566292483675011,0.07937871781123101
0.0896551788992887,0.1068064791492294,0.12800769829144568,0.015283986619519602,0.10239610325245306,0.1842183988597034,0.12228588753840912,0.15807300282511472,0.09327326456483635
0.134261206511005,0.09621076144443062,0.2018136172132373,0.06805311803259516,0.10860174577161151,0.1930854010185119,0.08565338937882165,0.04024546200048987,0.072075298629297
0.22377683358179332,0.09471269512477638,0.054829536649698835,0.00763095812409783,0.10507206862432443,0.1486424347370218,0.14799819631397684,0.14412165378255332,0.07321562306175723
0.10869206825373116,0.10534470865485891,0.31481497021227506,0.08197699715756178,0.0811024179101555,0.06643674939847209,0.0848387995065603,0.04613418918757276,0.11065909971881244
0.21732829771360937,0.0969242032042142,0.22186076794179752,0.042841152134947415,0.08341137735867411,0.0735044945945799,0.15042252990248825,0.058898820501287384,0.05480835664840183
0.3168250769890764,0.08207968250336126,0.03218746882748862,0.0124262826114171,0.08290930675593211,0.24148384163762907,0.09300562557481135,0.05940937926724854,0.07967333583303558
0.1311420753071302,0.11005493394444356,0.05619158561153708,0.02702765502013856,0.11834969365503734,0.2654502052038606,0.14204300582791998,0.057279723277012855,0.09246112215291973
0.12555077252076202,0.091950443050944,0.06037669929771342,0.027530876416536298,0.09177265232253194,0.25956681244964747,0.14495455554488393,0.09294668559820678,0.10535050279877411
0.11891999222628598,0.1322255947809854,0.10487591737195785,0.024832090052754618,0.13076376672553278,0.20602116624761094,0.09765692408852682,0.0821100926989014,0.10259445580744427
0.18156781024580662,0.09620216662806796,0.16795069408842486,0.01194099026513673,0.0792911631061168,0.05193180351382618,0.09614431084611204,0.25397384791199773,0.060997213394511106
0.22243551909429204,0.10493904216303358,0.050171891442021575,0.11079810744467251,0.08501242062340873,0.20256234445273366,0.12957501002558505,0.038051150501630285,0.05645451425262248
0.20203636422193916,0.08705746167109546,0.06153714926080108,0.09639556791181185,0.10595645696485685,0.19496268373807643,0.13527470702445582,0.04356664083561077,0.07321296837135248
0.09305754783346602,0.08022611448584696,0.048845189091435,0.029212334203299824,0.08722645024366564,0.43769159050354883,0.08874865070343375,0.0654497480876805,0.06954237484762342
