0.21150292399421733,0.12838284377344453,0.08795334253721611,0.05456296854600756,0.12596743475005992,0.10443712685227162,0.0017410282411922482,0.15638039662969924,0.12907193467589148
0.07546658157360375,0.06124208649605024,0.09725676422627587,0.2751641677245373,0.09023658258431595,0.14207089888603108,0.0058327257134244,0.14220648833220298,0.11052370446355843
0.21942512902488184,0.09991764273057328,0.08743321046029386,0.07668723211862764,0.17008396826405495,0.12759629041563758,0.010973255180136005,0.10275527824726938,0.10512799355852558
0.10050719639753079,0.26987134378145616,0.05867531902065229,0.10436789978031785,0.09988506173591878,0.070059139858268,0.08898745944355801,0.07676969226594589,0.13087688771635217
0.19653813852008759,0.1142917358411174,0.07128399909804863,0.11830314830232584,0.12508037879903913,0.07243565827878728,0.01015377328153026,0.10016753686179657,0.1917456310172673
0.12485987421885969,0.14375992553885664,0.07581825559881518,0.15097652990590352,0.15231894671343035,0.08312145793708758,0.013248038829763364,0.09402722742887394,0.1618697438284097
0.1007399756589595,0.11717046193042473,0.06208877982832447,0.15399216335722574,0.1013740355835439,0.06876291694538574,0.11545928598849851,0.10855750092664973,0.17185487978098757
0.11124473518805351,0.10980180844637384,0.10832118539434689,0.11978753352810045,0.14900838770026828,0.13894542020690917,0.010770405953904246,0.10228606688327224,0.14983445669877138
0.09606771599617464,0.18942154764678176,0.06253752215383215,0.11935181989497383,0.09834543814824427,0.11674810021703773,0.028512245830860497,0.12308608704293762,0.16592952306915748
0.19407970008638012,0.20129608679301123,0.08614438226081562,0.16314309169376728,0.09923276575331662,0.06656627625251325,0.007545602161612101,0.054745822606597196,0.12724627239198655
0.11180686845637959,0.10527108505268169,0.10532104821889893,0.12585806946580047,0.11445439050037069,0.10185222079490948,0.03294742119760195,0.11191547054364677,0.19057342576971048
0.20157616787115637,0.078709741847666,0.0766649298016009,0.09703938232531432,0.13368439292555592,0.16065681860785577,0.0268586657092923,0.08579154945433946,0.13901835145721889
0.11374145197390129,0.11804663494915191,0.0875509441077234,0.17124282592813567,0.14776279961021996,0.1045266947654011,0.028431082930826312,0.08013004561449873,0.14856752012014163
0.1620938587204566,0.13247776541935152,0.06783312664775744,0.16529913476831085,0.12828200987549596,0.07545195051087666,0.012568879343958542,0.1098611200567149,0.14613215465707743
0.23704343556334337,0.06925507554110806,0.25517958984772365,0.130703191740555,0.09088687413342394,0.05355645665317199,0.004081524336083248,0.05843400591231437,0.10085984627227636
0.17821695147378583,0.09266011110718321,0.09681380670523333,0.12104748406158601,0.0994061945286381,0.11213338809890949,0.009257701294073004,0.13032700723083165,0.16013735549975935
0.09370846318970072,0.20731246863321473,0.06001447690534235,0.1048481688743298,0.10939549334582709,0.20390663301112757,0.008407485686356736,0.0924089933089084,0.11999781704519263
0.1219462293114843,0.15705225553093902,0.07081299957546598,0.1749455122087603,0.11581639821330984,0.08102424139035734,0.014319255915188943,0.10497598509618249,0.15910712275831182
0.10680271079313246,0.11767542364797245,0.09823819760377378,0.13304872684602082,0.10482984137823043,0.0955171962226397,0.09444203931862029,0.11365612497945705,0.13578973921015314
0.08860080484596589,0.08824768744031715,0.06773576254410103,0.23709397055107093,0.11342314653350688,0.10860044599724188,0.00722481224945407,0.12317050988327571,0.16590285995506654
0.07162098032556581,0.22308296003067415,0.06323958565516573,0.07493421882487294,0.19546644735622717,0.05132377244676429,0.004551584597824334,0.14779559427846656,0.16798485648443898
0.24105060609693663,0.09666469570142905,0.0794421918790386,0.2982416256411579,0.0793775004472778,0.05376458944937044,0.003978445760674105,0.05677598875541682,0.09070435626869881
0.11880594690901647,0.14636852149514448,0.10171304987907621,0.16240109286867782,0.11374007602884349,0.07953193268936228,0.01355600455005887,0.10723084255870298,0.15665253302111729
0.08441381878197325,0.06514240597144637,0.14224972586459356,0.12483298159231439,0.19445518927666816,0.10681530437455937,0.009122338725469548,0.13818223317826472,0.13478600223471057
0.12205017050774025,0.12285421068571677,0.07258819915894878,0.12894403691888792,0.15141129901779704,0.09820059444410512,0.010663094366131583,0.1234478641386461,0.16984053076202643
0.11018362557221086,0.22264479025764908,0.10354488415760806,0.14641488949637083,0.11346109074061202,0.07936727546098106,0.010423437779713732,0.0662058454929582,0.14775416104189623
0.11020895931465728,0.1318378671341136,0.06729184662478191,0.14982766276055337,0.1284702138426141,0.07456678525052891,0.011674883439275188,0.11132363990087125,0.21479814173260436
0.10728005681759441,0.10825469144378576,0.07628179474101703,0.1225846382708698,0.13541924352761842,0.10024414516440427,0.00915205229869988,0.09459841512315896,0.24618496261285153
0.1932824711193802,0.08779348430529987,0.05528859832676115,0.11757386203253943,0.09879261742120071,0.09207379590192338,0.009748802197704692,0.12848908923791266,0.21695727945727802
0.26201483346898646,0.14807755244646573,0.07505776865753261,0.10322357380633014,0.11565365505395815,0.06012409625954259,0.007318414116229799,0.11159976689124486,0.1169303392997096
0.1327798845134201,0.13858740434089054,0.21818429479177168,0.1360376523883662,0.11527620462162304,0.08603759596860337,0.0038080671602030297,0.06735846452744529,0.1019304316876768
0.14253042857097017,0.13719813130297126,0.14348695840765463,0.18838801922284412,0.1088731875094437,0.08038206422272894,0.006106204359760256,0.07522881755664979,0.1178061888469772
0.1587980966639062,0.18015459477667792,0.07684683898405137,0.09342886947358754,0.12745220052751596,0.06043911228192491,0.007266921665654592,0.1284199282508696,0.16719343737581194
0.13698468395549968,0.05095455676329769,0.0876884503060919,0.2907688083793675,0.11757709855999743,0.09014864689080378,0.003978525237409199,0.09642862658818513,0.1254706033193477
0.1005545973626978,0.09976485525531398,0.09493653950080788,0.10734552459011086,0.2020166366000934,0.12909378526549528,0.008317982831284033,0.131134133769821,0.12683594482437574
0.09253639891735516,0.08722546270908309,0.12568790080834472,0.18789181983947723,0.09646267521595746,0.08728893098199371,0.006758344382758835,0.0974881509305056,0.21866031621452428
0.09185633382314189,0.28460293083912935,0.06960993617191688,0.12702180378893727,0.16849929846494546,0.06658640207291049,0.006568355227845042,0.06944699750003192,0.11580794211114187
0.06216963396547542,0.1088998686207512,0.0757498387543946,0.22215198020611684,0.13785597045995823,0.10668208573910999,0.008711256805677527,0.0830354480354888,0.1947439174130274
0.08713179479528003,0.1845702641914211,0.06395008525788463,0.11712837006062556,0.1640495672843624,0.06211102914260758,0.007662859073166499,0.12849171992420058,0.1849043102704517
0.11489093727003004,0.43961016487054544,0.055358552020361794,0.07995281565294456,0.08196353760316039,0.05424256219516748,0.006768362499470259,0.05914735444932412,0.108065713438996
0.1219462293114843,0.15705225553093902,0.07081299957546598,0.1749455122087603,0.11581639821330984,0.08102424139035734,0.014319255915188943,0.10497598509618249,0.15910712275831182
0.09397354476351161,0.2131377727076944,0.061168076203810616,0.12173051661354765,0.1176870257834937,0.09411397791911148,0.00884016620971686,0.12098292716374544,0.1683659926353683
0.09199983578866072,0.17044413105702524,0.06365271715357386,0.14182137303395054,0.12230788314357353,0.06655278453141399,0.008479957042470064,0.13603191985823457,0.19870939839109747
0.29952782560032426,0.19176094234080868,0.0671117589494048,0.06928673679579313,0.11725601277439109,0.08573134212555272,0.006580480782383939,0.06218760357354747,0.10055729705779388
0.12810599918706964,0.08920860075598486,0.06649232719529062,0.25073323562904054,0.10777097893429821,0.08172945827870405,0.007674679165418784,0.11255364381019244,0.1557310770440009
0.15227522413671635,0.09301456192958278,0.07452077302397594,0.11649570965518125,0.17782074365949185,0.10111461861401048,0.008604665752920597,0.08601693695484654,0.19013676627327414
0.054936417559716295,0.12776270884661103,0.05477126964907051,0.2634035708795137,0.08446122269450616,0.056002851912972836,0.013048688290172264,0.09207588658624243,0.25353738358119476
0.14031854950505865,0.059086868165957394,0.242954310479063,0.12332811836345459,0.11207700308376557,0.12544291743252362,0.0044852850427808235,0.06951888436943045,0.12278806355796595
0.11448655481798083,0.1323420014802723,0.07550517924087811,0.17553397368653048,0.11768663990006605,0.08187489739781677,0.012209748778429827,0.0865045989357633,0.20385640576226227
0.10712941844062722,0.23742605419725885,0.06528737924537444,0.1306497314882278,0.10407833604791938,0.07313577247461804,0.010544495651166821,0.11000062038865878,0.16174819206614865
0.08144655040235893,0.30131276797590106,0.06296957043897299,0.18597661046397163,0.06573010111050968,0.07160427690929745,0.004073964622245778,0.13416933268186373,0.09271682539487874
0.09501692397561556,0.0954881238773531,0.07136037582652971,0.18940922207386404,0.14761180965738885,0.13546387324163014,0.021938942572749184,0.12029101164165827,0.1234197171332112
0.09701658784466327,0.09083172098421115,0.06240810547256145,0.10961842840936488,0.1004228605874324,0.21205073174503167,0.009043416473419786,0.12708854464808247,0.19151960383523295
0.08522696971931525,0.14115259562289406,0.08249236495220319,0.0937379481926891,0.1590802952724756,0.18787838575034133,0.006599167295940133,0.1348575660532311,0.10897470714091025
0.11205705542688404,0.12695660148432855,0.15628470339963493,0.1394056575691767,0.11352325336642528,0.10168382669463039,0.010680456714067643,0.09062167332982828,0.1487867720150242
0.1357279609954719,0.196574586346315,0.06622190515298432,0.12320922596650825,0.10616783459311468,0.09457304014379446,0.009537259542839861,0.10067349473980848,0.16731469251916306
0.14780338478775365,0.12906279347076888,0.2574883019902178,0.0773882539754024,0.07355060399467996,0.06793579320486326,0.015552853404968274,0.09975648917930686,0.13146152599203895
0.10889270849105548,0.12091656495923792,0.1025699741653201,0.15739976297157235,0.12920966816095344,0.10086967155539432,0.01179272741013295,0.1204042011237842,0.1479447211625493
0.08977445494336812,0.20202458228430406,0.06312406479709302,0.09514732219061572,0.1346434577636987,0.10920911099420944,0.007828421525342855,0.1182082234456076,0.18004036205576046
0.07673689215669145,0.05109267809226898,0.04789032800375281,0.07436534815488918,0.12028082189692897,0.1286343445231061,0.01506727893811345,0.11406642631952975,0.3718658819147193
0.08481068109908667,0.15878852575402932,0.07731754266708439,0.2247618203846792,0.09661253110003797,0.0853045078767218,0.015050603621993694,0.06562959874312639,0.1917241887532406
0.0982924439795398,0.1005168146010416,0.0705642931611296,0.2938123525706246,0.13828336184397425,0.07347824574884092,0.009003381132125373,0.07539767360711928,0.14065143335560462
0.09031685402902558,0.14921130303763155,0.18732079621319664,0.12638770556383733,0.12658987116635761,0.0918403323000135,0.006283985723943235,0.06261125747444302,0.15943789449155157
0.08705834650449684,0.07567381736482838,0.12802889638851553,0.09747540411944429,0.11433441811607804,0.10815639197481551,0.00616170563662802,0.0964961140297196,0.28661490586547383
0.1989212903324713,0.13225384813948163,0.06773702628031476,0.14183675194732337,0.11026789686733002,0.07610649388023755,0.012347902219979593,0.11368618212157222,0.14684260821128958
0.13935847267182808,0.17440958143062102,0.062252822928833745,0.10541830307791387,0.1596623148284657,0.09314323835010761,0.023825993331806378,0.10779572949561454,0.13413354388480905
0.11123076978788904,0.3589972501301095,0.048057192760323164,0.11675716340491306,0.08277374587891263,0.07405335984391577,0.009643968221062478,0.09369682336581375,0.1047897266070605
0.11717853801485274,0.08487391807988583,0.07541523014103542,0.24358095859272408,0.09290494255935389,0.14335940420935958,0.00719268082344697,0.1219882447832618,0.11350608279607965
0.25169907185921875,0.0874129041153461,0.10333886389735868,0.1041445110962788,0.12035820739654733,0.07841233443277122,0.004446060455877533,0.08521997543675434,0.16496807130984723
0.10109563036091239,0.2119310806148146,0.07477939068896373,0.2793988930674254,0.09235834554122248,0.053878593043306146,0.0022319435984473114,0.09002515789282445,0.09430096519208354
0.10982161749632469,0.1934321840906549,0.06819610050446255,0.2429980214897168,0.10457098703155697,0.09798500435211527,0.005548789250609527,0.0713369579990284,0.10611033778553096
0.11963194018606864,0.14704282659284762,0.07283289181714366,0.15989500682813562,0.14408713993635813,0.07983859548876661,0.013201968718301852,0.11086250564642149,0.15260712478595645
0.2350684001909136,0.09722227807059854,0.06523071990943882,0.0983375456890876,0.09633284118453707,0.08495561027572089,0.024227413041427292,0.12666534203356283,0.17195984960471336
0.10272059904142561,0.27748736795202156,0.059592065589866176,0.15255804141745244,0.09936270178696276,0.06725002250865658,0.012308449210240824,0.09398194485515776,0.13473880763821613
0.16055455980180172,0.12190581912458322,0.06887488806663973,0.16478206800000184,0.10911318341260212,0.10175048744908598,0.0119501941638936,0.1170245860860284,0.14404421389536334
0.08706023652321974,0.3983557799254065,0.05675542451508749,0.10252725276155912,0.08508089847564126,0.060600907812488065,0.008122491320736848,0.09724131405018295,0.10425569461567803
0.09891821342956453,0.1842364667778238,0.07979359366005598,0.12745014610894534,0.10887907286635252,0.18556172079536878,0.008970671896251616,0.07583256285925026,0.13035755160638723
0.0991484615309291,0.0829063168090851,0.07768248912998936,0.11328377945370037,0.14944048753686115,0.09087925860757996,0.00770263648672185,0.07042096974067191,0.3085356007044611
0.12024029214770814,0.06927963226811304,0.2774385010753128,0.08123682443597541,0.07774897034261863,0.07893421052159649,0.006070390159023678,0.11054032547295693,0.17851085357669494
0.09568408776488498,0.11398376668536297,0.07257589421788417,0.29102414230716217,0.11720249209271168,0.06793790196750053,0.008946480205122318,0.10290898966185123,0.12973624509751994
0.10313700667797927,0.20753722762309934,0.07034876212899752,0.12078909825909963,0.10532272300250711,0.12419965856225669,0.03577380198651313,0.09833822043231728,0.13455350132723
0.160720451472808,0.13349294150585456,0.09938063824770078,0.14490333188342666,0.11119955757891298,0.07669893022482994,0.012217708825328617,0.11376038484965613,0.14762605541148235
0.12031057096840007,0.3057076486792192,0.05970700157234457,0.11437790825680512,0.09170709997677966,0.08236221518376106,0.008974119164090898,0.10193022243208566,0.11492321376651386
0.11755501997983109,0.19715277014426788,0.0804054426826206,0.11812445019566249,0.1568129792970594,0.09635205348589337,0.009108651390460349,0.08589468331984795,0.1385939495043568
0.2536903504652947,0.10795329553098391,0.08709218470254852,0.13215957304384288,0.099241804692124,0.06750528792571336,0.010997573947398795,0.10779002355279114,0.1335699061393027
0.13136293206502012,0.158879028154939,0.0588777275136857,0.09516787395122413,0.14556180560699714,0.08776164251538637,0.007326046143208341,0.1178002296905778,0.1972627143589614
0.14793183135418214,0.11714497863213591,0.08106980103087125,0.13940156129082285,0.11294191388587667,0.07684651202117926,0.026543621167882576,0.0939585697586192,0.2041612108584302
0.1219462293114843,0.15705225553093902,0.07081299957546598,0.1749455122087603,0.11581639821330984,0.08102424139035734,0.014319255915188943,0.10497598509618249,0.15910712275831182
0.11323321375978108,0.12015121060781823,0.07684484405117736,0.13008314800950652,0.1653232423658069,0.10078568021740651,0.010827352888374317,0.13448937426973187,0.1482619338303972
0.1513566740250565,0.1298389732821663,0.09261864749270021,0.14022787497872755,0.10986605327474204,0.07595542059005096,0.03966339121922317,0.11322210545290728,0.14725085968442597
0.09985174967741907,0.10103531744134431,0.09394614514671105,0.20616943706066795,0.12454216365716719,0.06957537135791614,0.00868296384834104,0.09069004667527035,0.20550680513516295
0.13468894149078145,0.040997304387364895,0.09494314133416674,0.07599408786624005,0.1508210720034277,0.2168956419722472,0.0038676213345851303,0.10253663858598062,0.17925555102520618
0.14301290275994785,0.08253368174699131,0.17273358976938977,0.10319296295846596,0.1855163778928232,0.07319760885524261,0.008579972427495912,0.08851411187799273,0.1427187917116507
0.10732911297948156,0.11089762405534764,0.07066901201639751,0.12245392970709497,0.16587301003314833,0.09492095506895808,0.009361603227830717,0.13860038874948502,0.17989436416225613
0.1337865166809085,0.06150768055386161,0.13396411508319137,0.2103558910953669,0.1563470398191906,0.07432700231275007,0.015630775950803876,0.04421220468722814,0.16986877381669882
0.06656016158407659,0.21303433930787938,0.06681677084223407,0.252972847045535,0.12672345471592733,0.07239895197789216,0.003850500575338332,0.04907990220496845,0.1485630717461487
0.1210698220948465,0.05980342844795075,0.09992355048723356,0.09933442024942578,0.17877025283111292,0.09232778804387931,0.006216252606837523,0.08373687225967803,0.2588176129790357
0.0799841431629001,0.06853891044230957,0.10180159278141267,0.2771340525668036,0.10952879968212932,0.08105804647563898,0.005296791514001117,0.08529299054804895,0.19136467282675565
0.11699037022175655,0.1160736862171805,0.1073690789260902,0.15476839949246274,0.1818309091581766,0.07001104992840945,0.006541862530000647,0.044750707901414714,0.2016639356245086
0.14989595686496857,0.1143170745664472,0.058857460059796314,0.10570927924067436,0.14672756585131105,0.06210751234270728,0.005456812425082717,0.11028686337204585,0.24664147527696667
0.10729324298070268,0.09870116056931814,0.07099106968389254,0.11773141843093338,0.17453444661500894,0.17394823442522386,0.009134389658886884,0.10990105580701744,0.13776498182901617
0.18895438304837134,0.04228300503704834,0.24503854516902737,0.08675591834207663,0.15725755849646342,0.060899930917101164,0.0041204806646697465,0.0629718858591331,0.15171829246610893
0.09869356600730021,0.0945801286277969,0.09670541372768914,0.07859265891366338,0.12496005214782364,0.2304365520908498,0.003767464811736334,0.09615027790231845,0.17611388577082213
0.10635743054260727,0.12547987426572618,0.06769650902880572,0.24570815063351892,0.10317783369908438,0.09314092325739086,0.010808498584314328,0.10158764478861737,0.14604313519993495
0.09926514897900358,0.1750747921213013,0.08801249744626871,0.1487544565372244,0.1719491745118027,0.10731777711396062,0.02376958913537781,0.03961732633891474,0.14623923781614598
0.12506490623992916,0.2786380444614012,0.05805948643150172,0.10810470557413544,0.09528616517131994,0.08219600690177792,0.0066986080154169125,0.0907969043455813,0.15515517285893646
0.1591460134868183,0.10898625279887998,0.08527740622228708,0.16494534766158517,0.12124955638376879,0.10726697318676544,0.010674088047919167,0.058086621121302216,0.1843677410906739
0.1113985360634781,0.08213312541746896,0.08806348955002802,0.283787428501754,0.10503103976276205,0.10234551577821867,0.00602907236287227,0.11343894196854719,0.10777285059487078
0.10020810332482544,0.088502797174194,0.07745412637900116,0.11692360129622324,0.10822446677125248,0.10374023415450839,0.04052265265502291,0.11781604774953351,0.2466079704954388
0.3643286547451617,0.12763192416484678,0.06492147583020581,0.08329917085475917,0.118127892318998,0.055426760860667924,0.006260703122482125,0.07599665219276532,0.10400676591011328
0.11097516313586253,0.10954999208559894,0.10834494137213314,0.14225214473410844,0.11637219468754695,0.10470286529375016,0.01059577522990376,0.07853314654690641,0.21867377691418968
0.07883356164950117,0.06119393927251358,0.08246848394783986,0.24664178657042748,0.11957930727330601,0.1591617784044073,0.01502136406725435,0.06834003718568231,0.168759741629068
0.12427036035969537,0.09687230370622078,0.08497130336106973,0.18865214443982814,0.16203286056238198,0.09190484724875948,0.009415818549752174,0.03757912387140161,0.20430123790089072
0.08247380420932271,0.1346599150149433,0.24613825691561722,0.09144247359260167,0.15678012412781747,0.06299093088203069,0.005350861270812263,0.08021710625300428,0.13994652773385044
0.08579436752466031,0.2834178610876759,0.1452857482917844,0.09563236743520138,0.08636572617554117,0.05981194876881479,0.023472019533018394,0.09920383874034734,0.12101612244295629
0.12101309141488281,0.08417799196884101,0.06585268160361203,0.08944844643800481,0.24567434099318844,0.048287686768625944,0.024216003281774697,0.17153717577630814,0.14979258175476198
0.10133339442411267,0.12646943447842776,0.07285352980963586,0.26242071844009157,0.121086281925662,0.07072677776766792,0.010184193167674735,0.09939792206531488,0.1355277479214126
0.11579594931346855,0.13455549049812185,0.07018732192143079,0.15698318616815019,0.13338364074840672,0.07930437407410379,0.012390776562597712,0.11535381157815512,0.1820454491355652
0.16317415708432295,0.12735596280645392,0.07911706285614349,0.14261903783907395,0.11874689716885178,0.0798786889597785,0.03756095545875557,0.09702632134151719,0.15452091648510263
0.11154891224320618,0.11559126690148343,0.06968571762571012,0.13743729187908446,0.11301426891795896,0.13138150033510199,0.011362183088224419,0.12766635220540887,0.18231250680382152
0.08890289810011819,0.30380533959008615,0.10313313842442805,0.0811315676667995,0.08194011792687715,0.12017714614339631,0.002250528216988375,0.1257459128904481,0.09291335104085824
0.1934198646878892,0.21276179640242984,0.09430737196816623,0.08895265206569092,0.12582210442880917,0.058728022816048886,0.02973077300647913,0.09013818428603802,0.10613923033844867
0.08727621530302247,0.06513073828525084,0.06862559191052679,0.08720291944986262,0.20361820077128664,0.12845040803187505,0.005450456032104654,0.09316861394412712,0.2610768562719438
0.11422695838862303,0.13518378417618374,0.0775237586426027,0.1712314448620992,0.13898221466521019,0.07887492104990933,0.01285981249404456,0.1172494308553197,0.15386767486600753
0.1219462293114843,0.15705225553093902,0.07081299957546598,0.1749455122087603,0.11581639821330984,0.08102424139035734,0.014319255915188943,0.10497598509618249,0.15910712275831182
0.1217325532861953,0.14990024887218964,0.08540634448530904,0.15917790307298832,0.11746909610025681,0.08092583576452463,0.01346301707191673,0.1133268480314632,0.1585981533151563
0.1298064050724456,0.022761526414056984,0.06482980068908818,0.287395608749079,0.10439014256859729,0.13984509288394467,0.0023456701736479994,0.09941333477719277,0.14921241867194748
0.06228704619655373,0.19122194615827567,0.07221131673704306,0.06397457150183879,0.1636317242968273,0.142137762878185,0.07142327972800798,0.11907740505692153,0.11403494744634697
0.16760878083685227,0.13922325208453853,0.07726384951999236,0.1610285579242645,0.11913030446506201,0.08274159440848523,0.01275805893084721,0.0846777170220967,0.1555678848078612
0.19644263856217067,0.12737962679368545,0.06622648480512096,0.13967924018934766,0.11207861228181391,0.07717328157690202,0.012746341783729619,0.11379646038975266,0.15447731361747713
0.1766588909296077,0.08109564851545449,0.08468646782795998,0.1026702828277532,0.1545329394066046,0.15402046317807006,0.007710147258136493,0.1155424928945898,0.12308266716182371
0.07679512583214189,0.06092414091531623,0.07311049725441147,0.2647874640554733,0.20672651575070974,0.08098621340403542,0.005084668685973391,0.09973882091874005,0.1318465531831984
0.08957890922581695,0.447739807535019,0.05480323971627796,0.11098369716506483,0.06559462463154171,0.04251818704243284,0.005630514352058787,0.09944618710552607,0.08370483322626183
0.14047966826718886,0.11175979115908656,0.061462081401737007,0.11592649403957245,0.10230630257045265,0.08749917372693877,0.12693989231868893,0.10933803324362319,0.14428856327271153
0.13132461961944306,0.07504389358100849,0.08528422473455159,0.11658392119634038,0.1131986408792271,0.18276508529985155,0.003327805788220233,0.06096417395103037,0.2315076349503272
0.09841004389834096,0.10154343376852253,0.09600000803412873,0.2557212448675608,0.12223386726243037,0.07020731006608473,0.030275564814923512,0.08855615990718428,0.13705236738082407
0.2083431580213646,0.11586801011406538,0.07797630010890359,0.11964062057729415,0.11547456563184781,0.0953647516462438,0.03969176520791715,0.08747406592839901,0.14016676276396453
0.10571525786836254,0.1076350197233173,0.07134403608021402,0.11078164494371312,0.1309738434488477,0.17083131893629697,0.009030780442928715,0.1318149658366962,0.16187313271962347
0.10355698791061384,0.11869662246523259,0.16326314003449066,0.13177595861368996,0.10359391302442574,0.12002273680441171,0.010176415981846697,0.11095949410759932,0.1379547310576895
