0.10581007398995812,0.06936972334000603,0.10306661724249096,0.016681762082025407,0.4047859586099369,0.07937412765347931,0.15367424783232866,0.027401279291576573,0.03983620995819804
0.11437068708887904,0.051490482290121715,0.09346026784278239,0.026400433165018954,0.12296503798596918,0.04183746644168878,0.38412549310325045,0.02196828040835512,0.14338185167393439
0.15592805350778902,0.031884987567014446,0.053684738554747556,0.014394607532202813,0.4139707016843683,0.008329275612540007,0.0663796334462939,0.21644063074009523,0.03898737135494887
0.12287640244477505,0.07532337490781504,0.06310668540230462,0.01933161443222865,0.3887982494781459,0.02719638741933328,0.22022632754093532,0.038222542746904925,0.04491841562755722
0.051561462735426083,0.05637427984630181,0.11464371300280345,0.06193378317925365,0.3684241724361386,0.013095578711965322,0.2349926013584569,0.049159317187652006,0.0498150915420022
0.11997714294217232,0.07865709222997729,0.058409490774750446,0.01868375527055395,0.20700734386136718,0.016637626662111188,0.3231994782967547,0.11643750568262379,0.060990564279689095
0.12687971614360652,0.20572506171637425,0.0720259279109364,0.015693111564334273,0.23757748033312467,0.021749614682862906,0.19646249528987,0.07018502171015382,0.053701570648737144
0.10994788619363412,0.10016304387614632,0.06891251738544617,0.023413431131562162,0.2859063394728216,0.020820115195954485,0.28761284918792024,0.04993312827414878,0.05329068928236611
0.08526670230883641,0.10890628169114658,0.06660993535679822,0.018218034578196526,0.14825799060713848,0.01515027597314235,0.29102453199615236,0.19661874319089287,0.06994750429769622
0.14165492808566912,0.20110350874120253,0.061107370738304495,0.01952045976682906,0.17839706318256757,0.016248989759256458,0.1860448932137384,0.135131952520411,0.06079083399202132
0.08687963996052046,0.05196777678715653,0.0708171733136106,0.025811445698192884,0.3772095698392906,0.013452450760076872,0.23240941226502154,0.08089801361214773,0.060554517763982775
0.07336895017962851,0.10418554187901875,0.06976402408537682,0.025948099867247915,0.28316579588411717,0.02209560477473142,0.28891846902574964,0.05010536077890609,0.08244815352522374
0.1624968464906766,0.08435055947430438,0.04820945913394814,0.0328765684214799,0.2348241946446142,0.013525377144170606,0.09755275988637524,0.24249124807906333,0.08367298672536759
0.1185120503145682,0.04688704852711806,0.0628255822433154,0.07665043739579734,0.2471133625618549,0.05300913302827833,0.30785132456314523,0.04252089843741139,0.04463016292851113
0.12131992318090068,0.07259737678806986,0.10545825798863029,0.018197018033177026,0.39880151466192243,0.01581110852104862,0.19190665473687227,0.0329925518098454,0.04291559427953343
0.08498796043422556,0.08830320129676783,0.06347751978061576,0.02132067685785362,0.2359320955128584,0.018838951307791545,0.39655235589682025,0.04185622485065112,0.048731014062415874
0.1021063963736721,0.14121104784787858,0.06324019022699312,0.02203214010191352,0.2019447616409553,0.03340053923623091,0.3437137195992616,0.03944295118943417,0.052908253783660764
0.09506627433149369,0.09574191335782682,0.08181966199971401,0.047972070713636926,0.24234383928520928,0.05618416700628068,0.2600636845431952,0.0468456357219143,0.0739627530407292
0.15179745818537163,0.08201703901188988,0.04920282512841385,0.02093768598580763,0.1070685964661079,0.019147606161228334,0.11415053406510244,0.40953824080124884,0.04614001419482949
0.14523532874465386,0.05864034216455196,0.06387376858030076,0.02443974492771629,0.3934400744013787,0.06195162305425478,0.15243640404693568,0.05938044443706544,0.040602269643142515
0.1725702927957484,0.07749779737090323,0.05760422846857389,0.020772784229277072,0.1808803009039739,0.029057521669809034,0.1939326354330595,0.18203307359416895,0.08565136553448598
0.10701711480279853,0.13400307708175127,0.08417484491105809,0.028867490983398362,0.3341540527965377,0.017165986219904273,0.20968370195496125,0.03651359514582699,0.04842013610376359
0.07457076695066385,0.06539277018091853,0.09169823228767891,0.045265550920505875,0.15147792014802078,0.026874472610337024,0.28155808850305153,0.10592662958700426,0.15723556881181924
0.10994788619363412,0.10016304387614632,0.06891251738544617,0.023413431131562162,0.2859063394728216,0.020820115195954485,0.28761284918792024,0.04993312827414878,0.05329068928236611
0.12365104031615186,0.07470612353802351,0.08341813323605614,0.01864284297805269,0.19719156932115375,0.015798149781229107,0.3995614933273511,0.03431932384157391,0.05271132366040798
0.14038119415316916,0.1788226378501099,0.09550804865838063,0.02831524606915416,0.21010340577120892,0.061425764599823705,0.20635188926116807,0.0350075787477875,0.04408423488919802
0.12648644481306848,0.07575601820128973,0.060354544266931154,0.030590121114880214,0.35896109482655697,0.02879463936595544,0.19953547019890094,0.07223920663118331,0.047282460581233865
0.1343581756009192,0.09000037847312127,0.11993357083452916,0.02205529244925722,0.2445798235739992,0.01896686446398525,0.24851162707805852,0.04126137571111966,0.08033289181501058
0.15196001615719631,0.19290241494097563,0.04659196928565116,0.012916069591161108,0.15228326805985,0.02887513789870996,0.09763770074823776,0.2857790242954703,0.031054399022747817
0.1162683258953547,0.03693680482408104,0.09143841897479553,0.018932427688771774,0.3268753343017035,0.035460115339630276,0.2764057888457906,0.0475365303353533,0.05014625379451926
0.15765425671542357,0.08209657197585274,0.06542160190489484,0.021092316688372262,0.1599406531516289,0.01723235072859874,0.36524994278138506,0.09205949032012617,0.03925281573371769
0.1246635687679845,0.07129376634833963,0.0696735608450662,0.018827059977712907,0.2988625093318664,0.015785208099470607,0.31138029842680837,0.03630393488725026,0.053210093315501104
0.12067196837589372,0.14356082085793184,0.07880408976971204,0.01749831931703327,0.10565238574009002,0.01424048021657876,0.31202407063290866,0.1622291858712707,0.04531867921858099
0.13855351321143117,0.05988292105001786,0.04422148936202005,0.012599308649632901,0.34130364146384845,0.01166656228258249,0.07199535582380454,0.2700046650924326,0.04977254306422995
0.15893736206473272,0.0312885622320239,0.04227587024655164,0.010368754329895022,0.18330865677152097,0.013613850960582097,0.198682773774013,0.19720751898591715,0.16431665063476353
0.10575189607531878,0.10998541557078458,0.06390406888002044,0.018126198467362322,0.31202553974222774,0.024396667962806234,0.16683779936087695,0.14576543346916762,0.05320698047143533
0.13740505289466917,0.056837498049458056,0.0539191220470115,0.04848628896538596,0.2794559489103153,0.19122326643368595,0.15902457935563777,0.026738760115797743,0.04690948322803867
0.15157441271172511,0.1658740422303788,0.06751899069502888,0.01782925054289444,0.16482194018839083,0.014358928886632738,0.16677037106656586,0.1644238871202256,0.08682817655815785
