0.04819165518989064,0.0552431885793519,0.11342408591503778,0.14225102841817017,0.12262844700592289,0.18328548439794026,0.11593682916310995,0.14200698148331023,0.07703229984726619
0.16408396589723823,0.06948525529805749,0.07628079692660567,0.11219669638626666,0.11535599098110144,0.12091685568671444,0.16149558819097812,0.09023151441346866,0.08995333621956918
0.037089806623935684,0.059463441914103445,0.10642302796326057,0.15522502551521183,0.14469980426290438,0.11138972561872003,0.17169954179060096,0.1317135383842696,0.08229608792699354
0.045338958064067014,0.06998948985823371,0.10519404073813893,0.14876795922401373,0.12791075445717312,0.14564868707041217,0.13961373021122866,0.12672670913983036,0.09080967123690233
0.03014671535827058,0.11856331281333056,0.09904962043708543,0.14597893776168414,0.09404959730278423,0.1898684100070421,0.13066542419229268,0.13565481955242895,0.05602316257508138
0.05761087984257505,0.056223881962454224,0.10338318055640029,0.1416254764274748,0.11235616024365697,0.16079414606971174,0.14310366121864607,0.11309548760960823,0.11180712606947264
0.07062390170485931,0.05890934412986437,0.10153559950181829,0.17553907097633692,0.12766370337143676,0.1422634322804092,0.09567194247602177,0.12560463283005988,0.10218837272919352
0.04618477851342865,0.04360295765955045,0.09419870143639941,0.13160764854842585,0.18768592835060374,0.17166899739914174,0.15168565267564746,0.10833639919690091,0.06502893621990186
0.03788385559220879,0.0609286111363543,0.10524282874472697,0.17553499017717678,0.12892733367671486,0.15621798479302726,0.13583124050403436,0.13454573906295172,0.06488741631280495
0.0625410722962043,0.06605574037477462,0.12634517660561304,0.20934683452722583,0.14528174222473197,0.09216738971970158,0.07868044827070193,0.1416652945936867,0.07791630138736001
0.03251120082717119,0.032369425481284,0.07553069910595649,0.22715463535304584,0.09299676457611504,0.13769940562156138,0.24814570845051484,0.10844200553852108,0.04515015504583014
0.054747064803008914,0.07498809449597345,0.10680781969650609,0.12036443703214955,0.14783596996486803,0.10372120441691335,0.16758469487762692,0.1195438945633317,0.10440682014962209
0.057749719912770225,0.04807584841963492,0.10924996974126318,0.19666116895914412,0.13440168071041655,0.12542568299906012,0.1484221595295607,0.11949242887961091,0.06052134084853928
0.027547587904684135,0.04107500944080635,0.08219259733589086,0.1282104097404203,0.17852080043098106,0.17645802546318645,0.1597310819565353,0.10741026170627375,0.09885422602122183
0.03081150354921509,0.08627566366272242,0.13403304691716225,0.22279840285975658,0.11510908799593715,0.0768376771975345,0.12756297272307163,0.12241007632626855,0.08416156876833185
0.03276584401272207,0.05151937252254694,0.1315732221200782,0.13744887113986945,0.10408321586470615,0.25138438768328736,0.12267063037986009,0.11430072652281952,0.054253729754110226
0.03501561780081725,0.05409263515420126,0.10752077077206416,0.1204565001694388,0.152210590671061,0.16382213928030195,0.16538576697950344,0.12096238054210758,0.08053359863050451
0.03636407010569325,0.05665382133160857,0.09557085415668432,0.13398731873707928,0.12193692540746474,0.1938583455991003,0.16294606102831558,0.12412690770383798,0.07455569593021592
0.04008817917212328,0.06417897638902426,0.10710239308140013,0.15641949460969437,0.1410041993502125,0.1001391543943227,0.15927094506750117,0.1355205949908728,0.0962760629448488
0.05677971904748791,0.06089164095467303,0.10659433569017235,0.14174295214627325,0.1147090689062994,0.14772733579239117,0.14883907699280904,0.11713634119736745,0.10557952927252635
0.05856699364895434,0.055653914129357475,0.10552721570595243,0.15680001898146015,0.13802111599528888,0.14477483229991214,0.1343523869163707,0.13116598581112549,0.0751375365115783
0.035746023127185826,0.05581739292485344,0.09824606554791888,0.1523468525321233,0.14479953299740514,0.13861425171812938,0.15188388915883755,0.11841798124541557,0.10412801074813098
0.029856962418826127,0.07475688023611815,0.12865314524524343,0.19976892818421768,0.058270132040651464,0.13360002172988442,0.20198520672653922,0.10015549208935831,0.07295323132916119
0.06185360400243802,0.10150181438481881,0.10788740226583789,0.1282964172629529,0.10667494715760382,0.20038766775701256,0.09260779745413246,0.13977538323799785,0.06101496647720564
0.040228382796977526,0.06369535978270215,0.11313984840060347,0.1457273448223953,0.1688839912101099,0.18257304134791053,0.07065619187834027,0.1322279792025992,0.08286786055836165
0.027432089628336608,0.21738444743809068,0.07535162388281384,0.10847073381046475,0.10911700612343324,0.14452182583219714,0.15830399446565205,0.1074524809661012,0.05196579785291058
0.037815947652162014,0.06089045541804048,0.09769987215837302,0.17720241153614769,0.1502759011741141,0.088500700708814,0.17964318872034668,0.13195873876944095,0.07601278386256093
0.09465337003323336,0.055824544760922225,0.09106947381654952,0.1680089609836167,0.11910291413680367,0.14409180475093647,0.15426360654843532,0.10926389052945551,0.06372143444004724
0.15046608802313374,0.04862384746137729,0.11558416174321395,0.1636538505273417,0.1543004853535587,0.05884746382991287,0.10262209154068351,0.13621718735499896,0.06968482416577933
0.034969932988168036,0.08588778844284332,0.10613538599128637,0.1404195310294682,0.13165109756122095,0.17395076516914162,0.14454365126145227,0.1223709936565257,0.060070853899893493
0.027744374939850106,0.07424480642201155,0.09929830590985846,0.16990313657285874,0.2012078141313324,0.08698981110453897,0.12747353597366692,0.1128000071943902,0.10033820775149267
0.028675101140023775,0.043639177282531895,0.10845110769623141,0.19079004517071274,0.09583787797753017,0.1992418137472057,0.13205819353587428,0.10504010818431897,0.09626657526557116
0.042279167672604694,0.05485648990887218,0.09741902153041603,0.09388396154551037,0.1296272850502859,0.2644828998228391,0.13771295419443563,0.0976344931070336,0.08210372716800253
0.040951227147150306,0.0639359462562069,0.11170299390575178,0.14770402586544826,0.15009600426734873,0.10183908791869765,0.16059364759919062,0.1331794238494486,0.08999764319075708
0.03395769130640819,0.13040223280662167,0.10380028091554609,0.12561122640051722,0.11280348960216768,0.1992773111259,0.11871763188889072,0.11425025730103777,0.061179878652910726
0.05008836876042144,0.055702322990841546,0.131039749775558,0.1777755609749064,0.12892552518046133,0.11914716852372385,0.07793737179144174,0.12965133699955306,0.1297325950030926
0.08152531638846833,0.023402610105553844,0.060339824653461806,0.13876179380928097,0.13469285763190028,0.10118864763551609,0.1603126274877276,0.09430735849282494,0.20546896379526625
0.04208165976876329,0.0653437062394565,0.10219111346153009,0.14483824645795393,0.13367377041131404,0.16054035934409214,0.13923863245015375,0.12431793996645833,0.08777457190027789
0.05748588941785532,0.07729499640368039,0.13079273912658584,0.11672819178481116,0.09242919537097398,0.18485008435324587,0.09041463150361057,0.12367414887639487,0.12633012316284212
0.06681979051549042,0.0534102117339657,0.0808477167000712,0.18442985890835764,0.18941328254258694,0.09819594981117358,0.141522409704076,0.12103522501970705,0.0643255550645714
0.08322414456533084,0.0663974567102776,0.0906775505563134,0.11519423104341782,0.08400633734234113,0.16494761262407434,0.1228797437306048,0.11110593603342184,0.16156698739421826
0.04132592687702006,0.06273831072957643,0.11530778607718051,0.15214232589987634,0.20693492003417865,0.1333586749166696,0.07133359986942069,0.13637462844830173,0.08048382714777601
0.039348677162669536,0.06261380354352199,0.11141932712821041,0.157439473093776,0.11949851160316417,0.1064150595379565,0.16615778766040032,0.1388254852511331,0.09828187501916785
0.13590673073629503,0.06723471416502073,0.08197879694671575,0.17088517868073913,0.10200313451537185,0.1240240262954866,0.16426094308240866,0.10494206457829884,0.04876441099966348
0.04065026965465753,0.10978945735497776,0.10164437444491155,0.14176495947432022,0.12132141653976324,0.13698146695711233,0.1448593203358344,0.12320268645340006,0.07978604878502292
0.043315623595067694,0.05585100754829795,0.12137964763593728,0.17947444500087995,0.11261529678536318,0.14601028595467447,0.13442701365613366,0.12970733673285173,0.077219343090794
0.03650715571769172,0.05674128908717377,0.10174309503644807,0.1522462467874264,0.16328993425283964,0.1552250655932129,0.1463189756718364,0.11619478473575483,0.0717334531176162
0.045338958064067014,0.06998948985823371,0.10519404073813893,0.14876795922401373,0.12791075445717312,0.14564868707041217,0.13961373021122866,0.12672670913983036,0.09080967123690233
0.06751734375399915,0.06737370077523137,0.10375476346596708,0.1429303339070995,0.12494112148963916,0.1458371058387841,0.1381034678786617,0.12367254964497403,0.0858696132456439
0.027136202215303162,0.04241471926553648,0.08451901692898538,0.1169918364143846,0.08089155896513858,0.14090241398314304,0.07976286425906116,0.10489043483756509,0.32249095313088255
0.04793025647567321,0.09803580061865862,0.10796830160136049,0.11902337305876169,0.17752838936512813,0.09632734306680553,0.16331647991145234,0.11812306750807107,0.07174698839408904
0.03565649522668208,0.058214650840116726,0.09846048864494088,0.18487283408638602,0.12533850577085673,0.21417535691682202,0.1280206156079998,0.11067657040302879,0.04458448250316704
0.057366913100220386,0.07590187376167469,0.11354696041025987,0.13355858952232383,0.09585218166262216,0.13228486657602465,0.1344266865367957,0.14574522757868363,0.11131670085139511
0.07376115937544152,0.048998687142673636,0.08759163000158458,0.1342053728107514,0.12465038958206777,0.18666751287224148,0.13603916517673906,0.13659321150693834,0.07149287153156215
0.03219775069500796,0.051043993596927205,0.09664722208121944,0.15608169973008673,0.11414952583763995,0.13015683110401693,0.16265108538272635,0.11488785505919973,0.14218403651317577
0.03815842807929737,0.05990607074949056,0.11763027761930744,0.1432439292868162,0.1489836069248475,0.127219166145541,0.14056546967267103,0.13961613287376748,0.08467691864826137
0.0784489467734329,0.05072088319857416,0.11078513778623783,0.14427995771180857,0.11268997884667692,0.2180994257885341,0.09521606044461904,0.13163341845103052,0.058126190999086
0.07141510288087383,0.05747497296935644,0.1030240623020197,0.13568095954277312,0.12325734045893551,0.21523889888902803,0.09905715942295575,0.13005225102200563,0.064799252512052
0.14259126522420093,0.047880045208399336,0.11713309933743093,0.1209787429226783,0.0955666755456857,0.12132675078901063,0.1955845633156679,0.10779689956323017,0.05114195809369603
0.06838700389682563,0.0581549073849953,0.09773334086047214,0.1880839764408024,0.11775486144067636,0.1306958213507112,0.15106025127769548,0.11834382527306257,0.06978601207475894
0.042474657161466416,0.06598348258748073,0.1058160489959042,0.15177028000189297,0.14422481511458504,0.11092109486611207,0.15278130310852542,0.13178067343929076,0.09424764472474234
0.023105431764597298,0.035175193168908075,0.09257329691403667,0.17482950303302583,0.11691132182420483,0.12209700471816755,0.1478056459752358,0.08990959756122985,0.197593005040594
0.04542442958018963,0.040777208866061516,0.08860564988744098,0.1308564396163319,0.23041696924416444,0.2105232701889477,0.07234430262183704,0.11315510913961409,0.06789662085541266
0.02901986417565544,0.05985478406029845,0.11303090876021604,0.16287257161175675,0.11120658133811447,0.18106367712091417,0.13741325628149625,0.11724276204922819,0.08829559460232018
0.03275185464251958,0.07024790420442246,0.10316324786897008,0.1280228267226822,0.15769506612928558,0.184234747181007,0.13126664122269358,0.12285197584631306,0.0697657361821065
0.03549824055893683,0.06633588975826503,0.11693088454857768,0.16018347766150606,0.14313944266741865,0.12305899369754447,0.1189290385958019,0.13398468531081356,0.1019393472011358
0.04472979748470992,0.0682856294075796,0.10955560410807148,0.14701118407413533,0.09908323693280725,0.16243866948303404,0.14856886075126294,0.12969301002394387,0.09063400773445555
0.05682688249016288,0.10742416231285146,0.10665457517816491,0.1370273771591377,0.1584038694111004,0.11406184091169481,0.09923109515635119,0.14722263631260532,0.07314756106793138
0.03448321474425422,0.06331201989110768,0.09771733477031253,0.1545274768116999,0.1059163236767704,0.19628335977639497,0.19468382199564416,0.10629451406906547,0.046781934264750635
0.028008089138816136,0.11372680407049807,0.08124279371951369,0.07819935559361364,0.1424408020716033,0.20271328219765442,0.14906401269254657,0.09405590608209262,0.11054895443366154
0.047096403234041205,0.07171625982109107,0.12527304476978696,0.1503449284954488,0.13752904587867437,0.15449329019713134,0.09721327622372376,0.13411269620909108,0.08222105517101144
0.04144451711309173,0.06451435618665954,0.10690938263674822,0.15487654602879472,0.11675765961438617,0.1483359401225375,0.14430166567667402,0.12028269268448044,0.10257723993662775
0.028748177664584134,0.050004135261347366,0.09538250062666119,0.15434534906764272,0.11456372333680316,0.2702063751992765,0.09461859311910975,0.12946262300930808,0.06266852271526709
0.04435210220418943,0.06886717633405316,0.11000057359244657,0.16226562860408522,0.1188187200043999,0.1455034282190168,0.14697907839492905,0.12490174716950662,0.07831154547737322
0.022463726314694215,0.16659819291040587,0.1152808243831314,0.13234627592410747,0.07506839249801726,0.12162802269223393,0.21020593049414724,0.11136719401751105,0.045041440765751624
0.05471630712624211,0.0606219632792234,0.10194013650618809,0.17502879228779147,0.10956143914623602,0.14197063571008475,0.16211570800008807,0.10993500474908728,0.08411001319505879
0.03700554997415403,0.05741680951340472,0.1071141930860577,0.14780967713139975,0.12849986543384043,0.19883912701598142,0.11135105480860173,0.14009514398701983,0.07186857904954042
0.0274157618244745,0.054067938687062035,0.08421243062301166,0.1816452873345653,0.14092451215237103,0.16676148342826877,0.1810380435180425,0.09699642501002247,0.06693811742218175
0.038229887949174084,0.06097715220165096,0.11493716326309493,0.14452440800216504,0.12303502743177391,0.22600575025536995,0.09957327123072889,0.13271976256015952,0.05999757710588271
0.06132574669717596,0.06442081061609244,0.10747643133551298,0.13655953850620248,0.12809934861817682,0.1514885522068115,0.14550154222248027,0.12361777180184115,0.0815102579957064
0.0235724985266177,0.06706172210184248,0.07035607599192416,0.09787871884869659,0.20177884868087967,0.19430384977524803,0.13730698420204,0.0983490908783105,0.10939221099444091
0.10897394604821642,0.05454068082477433,0.12805799184307617,0.19390430048928095,0.15825117498214572,0.07974223092360076,0.05596246279294379,0.13713825345097294,0.08342895864498885
0.045338958064067014,0.06998948985823371,0.10519404073813893,0.14876795922401373,0.12791075445717312,0.14564868707041217,0.13961373021122866,0.12672670913983036,0.09080967123690233
0.0324937659065754,0.051778442086847204,0.11618106228303553,0.1492352269236912,0.16225015159212014,0.1291434057855456,0.1763245034024519,0.1139066107609295,0.06868683125880351
0.08444011627676871,0.04411560170342437,0.12164265807810737,0.1116696303352845,0.14114962715021787,0.17472746972054898,0.13448281233690904,0.08310594970663637,0.1046661346921028
0.03766971451407849,0.05799992305128839,0.09306565338451796,0.13110588372977633,0.12042345048724253,0.1504684225413418,0.12494690850504585,0.1125603487906122,0.17175969499609653
0.12059015864300811,0.09529725217252111,0.10444217556552522,0.11434831908193631,0.066971550211103,0.1617210333958982,0.16145095144710356,0.11421001985908746,0.060968539623816986
0.03797110700876128,0.07351131319793057,0.08152016029894461,0.14640117528178928,0.20782259954242646,0.09323071789754465,0.19635836405397789,0.10399901851770843,0.05918554420091681
0.0800859499755023,0.05389562295202441,0.11392823322694222,0.18243148704822199,0.09452453623508728,0.1612944229618242,0.13551191664505371,0.1217005888792995,0.05662724207604447
0.04187201995277234,0.06479975782212731,0.10454483997549864,0.1509676378093812,0.14532025981892968,0.14257166676716596,0.14517972238133336,0.12361639906992472,0.08112769640286673
0.16839760831947362,0.019271858595871102,0.06255956013069286,0.1358150058575069,0.18686326261143385,0.17603857508938558,0.12600248728404412,0.08722043927363239,0.03783120283795956
0.04053763939799969,0.061403433021138994,0.1284636631309087,0.1434774713121377,0.11426790278632522,0.18647145962891631,0.0906011148289505,0.12995574294625145,0.10482157294737142
0.03158674620152843,0.05035817718338997,0.10219456759536594,0.13633082038881536,0.1198495619392333,0.16256284897160808,0.16952669431887987,0.1255629414823616,0.10202764191881747
0.03265117161270207,0.07993467645324247,0.11948364734385554,0.15427825137724174,0.11023969149940695,0.10407213244963354,0.19793414856837396,0.13034227690914715,0.07106400378639653
0.04017232896133069,0.040162506522116274,0.11093163586083425,0.10982136960322426,0.1384400036783083,0.11321600778793257,0.22304681652913802,0.1148224057512029,0.10938692530591275
0.025486495301006152,0.1336888060855406,0.15020132027971966,0.14694214790059323,0.09770712571036877,0.16519500547941024,0.10133275922405709,0.12693236657808016,0.05251397344122413
0.04772974895404042,0.06910853477958574,0.1161150045181542,0.15530474292454685,0.15517407682862758,0.18330451726459263,0.07652398502395548,0.1294089741358384,0.06733041557065868
0.043396741615335126,0.0524688390803418,0.13472602865507757,0.25419221457722707,0.09320440348007554,0.09457263514233387,0.15246681404989781,0.12622637469456766,0.048745948705143566
0.030095585895242322,0.04773821912065205,0.10775103223005807,0.21253061657959593,0.13454040564705558,0.1633431176175595,0.12279846008859278,0.11829392762521262,0.06290863519603118
0.053731999968096265,0.06787070662023065,0.09260426664095865,0.1715970954433296,0.12317669549754111,0.16299302622079823,0.1467509255242613,0.11434617195474399,0.06692911213004032
0.045338958064067014,0.06998948985823371,0.10519404073813893,0.14876795922401373,0.12791075445717312,0.14564868707041217,0.13961373021122866,0.12672670913983036,0.09080967123690233
0.023229978163897297,0.03635973018210688,0.10071753604964673,0.195889669977798,0.07272920981429622,0.14638413945687442,0.18486669500492803,0.10345236404813211,0.13637067730232033
0.16730542850141553,0.03139063634861512,0.06983223844596355,0.21922330035853613,0.09025714208409678,0.14956093129045026,0.15892455029512972,0.0872453790972385,0.026260393578554333
0.03850129420808401,0.062277866541599225,0.12314688434869547,0.1900698030047034,0.11964176637787816,0.15968592395065936,0.11246747012488538,0.1341229652079818,0.060086026235513235
0.037958447303836254,0.07539536818736149,0.11571056892260727,0.1530228694752794,0.12418018480179605,0.1757388385305516,0.07893834743614393,0.1355157695724337,0.10353960576999026
0.05513671453287594,0.09736461152611108,0.12091142088002517,0.11501230602841807,0.10989612405074091,0.1705217289505996,0.1466744573860073,0.11463362791801708,0.06984900872720491
0.02478739258479219,0.05705462186132124,0.11648140774343657,0.13601258161775598,0.1322573157597899,0.14363982543723505,0.1938116601105234,0.12158127414402037,0.07437392074112535
0.03175721559328986,0.07767859521040926,0.13363051923493754,0.12232070143293146,0.13973467692631641,0.17776253834006084,0.11703977907678066,0.13236249799880617,0.06771347618646772
0.03138404064050194,0.061993814039698746,0.09910259329179257,0.1469040923720757,0.1814727869851418,0.10951527691356479,0.12922831330243031,0.13791785041505064,0.10248123203974342
0.040771869979421,0.06082727128500387,0.10684187903413345,0.20804961533326627,0.13203322579193202,0.15670714683111667,0.0993023506802252,0.12417394578274911,0.07129269528215247
0.037291675087487736,0.0572850761216214,0.1156125295771515,0.20282060371397503,0.0923410583349758,0.20649184674564594,0.10594265270315024,0.1311485993610603,0.05106595835493197
0.040212054367906674,0.06332152508977323,0.13827079375347354,0.16222436022825437,0.14920373498921682,0.10749017247437646,0.09557037083385878,0.14650746632561443,0.09719952193752564
0.03747579825718545,0.060948334816762824,0.16644894172181932,0.16937163840225403,0.1727250756506902,0.12863378800740827,0.031736466990637376,0.1510624350913765,0.08159752106186603
0.1652720722178408,0.061216814520283165,0.1145321522664966,0.1273975512961827,0.1077078183282164,0.13261768119184017,0.1160155883007406,0.11776085911847815,0.057479462759921496
0.06298947670777137,0.062392473824004126,0.1133753375187088,0.17098326411784406,0.13480182061756574,0.09090535162408864,0.16063326706728462,0.12643325963420807,0.07748574888852448
0.045155765602995945,0.08660146195773272,0.11714705478147192,0.14373685574335346,0.10048923299773206,0.17695326185741314,0.1138236060034113,0.13331332570077645,0.08277943535511291
