0.08359110571928613,0.07492113224405615,0.3365546079975881,0.05987893441860092,0.03593662111311469,0.0414199361582502,0.2280858419216849,0.04380270562840464,0.09580911479901429
0.13066755342159253,0.11963325090010757,0.04255794097840556,0.07509780002456505,0.032321491403758486,0.10950141322554902,0.24256193785658342,0.10244777623272383,0.1452108359567145
0.09544752323049145,0.10697159236820188,0.3069787718565296,0.10211231620614004,0.034712196846636165,0.0635857313854145,0.14222195823910735,0.03523653470378204,0.11273337516369704
0.11963461115588646,0.1784824780645299,0.04138230948187992,0.1583346362872994,0.03463292833531811,0.10001612852427262,0.13229834135943197,0.062125101421171836,0.17309346537020975
0.13395232187641257,0.13599380789597745,0.09222922945228734,0.15060479075432553,0.04484359946094615,0.08224180353687899,0.17113238774303943,0.04240398838370948,0.1465980708964231
0.09603389087600378,0.049799155006254196,0.0037936411977015443,0.23215354505462168,0.016647359393145357,0.0656765536949631,0.4091339159571373,0.061297007039184885,0.06546493178098813
0.11654250187075234,0.13977857796280635,0.032017375931189196,0.1378176431370847,0.03236507766415062,0.11019528902079458,0.19977163365800388,0.08214261476826358,0.1493692859869548
0.11379503640879352,0.10662434085517415,0.04004694568860514,0.15061413434187368,0.07621589060740806,0.06938506845874066,0.21448571957683682,0.0999372827478886,0.12889558131467946
0.0811149969289332,0.06785916999099427,0.021011160020892084,0.07792392695840496,0.02122653038037094,0.061751538125737214,0.07356759630410396,0.512739416809614,0.08280566448094939
0.10745581458555731,0.15425774373247034,0.0306846788145401,0.13343036387825194,0.13539209455107482,0.09464815412853923,0.19345680281300615,0.031192454189173085,0.11948189330738707
0.12999422296204802,0.16329452332668432,0.04373882859765574,0.1183056090419653,0.0345199634515001,0.17157276604294425,0.13376005613768935,0.0695342809431191,0.1352797494963938
0.09303949439791982,0.16465523959527614,0.006991303495238122,0.08048680692455717,0.39322135435167427,0.051281440703802354,0.052134431818605165,0.0666240421342694,0.09156588657865754
0.15347961463240847,0.08136753933805459,0.03314787495364274,0.1858395456291936,0.01706121190519037,0.14202107082830673,0.30002741248289005,0.011270063945924126,0.07578566628438922
0.10992815361512966,0.10324268009990663,0.041183850303620255,0.15986668963539283,0.03076865113136185,0.08314773357284537,0.11668935449781011,0.23374387824971013,0.12142900889422319
0.12927103764452139,0.21757875332735746,0.02681073692040696,0.08755161027854914,0.022711838418415443,0.05827221431565554,0.09651253928136205,0.22400639217868037,0.13728487763505168
0.10828293013898493,0.10683477632755438,0.02169158764632614,0.16862227833149948,0.038019837798552676,0.06435320071396133,0.21517735658986956,0.13441715010978475,0.1426008823434668
0.1411186338457707,0.12780932176850765,0.0497809574514338,0.0950235561678348,0.09126243056814028,0.1149001900801307,0.1455579943056988,0.07204199585639294,0.1625049199560904
0.13600211921328345,0.0624125682914558,0.011340479231168162,0.06464270405980481,0.218484038464259,0.1231292111854309,0.15259788976629085,0.130852083151036,0.100538906637271
0.07916333737954934,0.1193662199839179,0.0190117268288178,0.1281399879467168,0.21154650922702975,0.06484486643909033,0.07510175083294271,0.21210161857885387,0.09072398278308152
0.10796406068418463,0.1026682301004605,0.0455234308098843,0.1252802932790075,0.15369009428478975,0.0663324150656567,0.20580119466592572,0.06885057710940146,0.1238897040006894
0.10349204580343219,0.08889539344584076,0.03099000364411046,0.09422457134461536,0.07274272564044423,0.05494147184543962,0.2976111179233986,0.1386406536394971,0.11846201671322165
0.11215500254977316,0.09545877838740176,0.028677302063143003,0.10328331531662137,0.029811509244258697,0.08317035508623348,0.26949084966744485,0.029295388114319847,0.24865749957080382
0.2201155983588404,0.10241902692387234,0.01889714347524786,0.16043019451140558,0.01853291358018336,0.06102834228636098,0.14816996146491357,0.1614540028375724,0.10895281656160345
0.18938621311395218,0.1303565193033932,0.028288113995728767,0.09182063960308308,0.050245812322076554,0.09229250917411846,0.1679974601349077,0.10968704060623059,0.13992569174650948
0.08419020755470856,0.08555006203806416,0.2643633885996037,0.10748762415697011,0.026596643819148103,0.10586523789386676,0.14860648458059691,0.0749846791289437,0.10235567222809804
0.08331310406228769,0.09300754720639336,0.021672727444518643,0.1719206378809749,0.1375308059717131,0.09211461545998172,0.11298381858917082,0.16054745208291518,0.12690929130204465
0.1068271984590209,0.21124027937845136,0.022067311066433087,0.11042329229674981,0.022667324379025303,0.05082110753572524,0.17287290873580696,0.08991530414557293,0.21316527400321447
0.11932494762692579,0.1362689291083045,0.11271796831269276,0.12181037469130544,0.05187719895130422,0.08514676461616016,0.18408224867850795,0.04638143150890283,0.14239013650589635
0.10909192574157589,0.10314485467845753,0.038965686057026695,0.11655583367212626,0.09091057217531386,0.0696621020966116,0.20557747729361267,0.11989544592917167,0.14619610235610372
0.1196750553173583,0.13833528875739123,0.09956026391787258,0.13670484872821684,0.04993908426185132,0.084893544990524,0.18011040129121705,0.045680581445954355,0.14510093128961435
0.12090888974411378,0.10339925212324541,0.02784934467761949,0.08948309109997461,0.05507765221125118,0.18309812867464856,0.21180338388150002,0.051804220903399846,0.1565760366842471
0.11932494762692579,0.1362689291083045,0.11271796831269276,0.12181037469130544,0.05187719895130422,0.08514676461616016,0.18408224867850795,0.04638143150890283,0.14239013650589635
0.11378547306259523,0.059299997864388006,0.011414473379698658,0.08417319028551935,0.030936306628365242,0.0527464709945449,0.30767232840463393,0.1378778847695152,0.20209387461073947
0.15518699954947437,0.061222766602621916,0.009000230485556355,0.09807431565336648,0.15595063684753524,0.028853159395325203,0.2974285956873385,0.10679818583541949,0.0874851099433625
0.1469063161400205,0.12355847304694967,0.009687526906936672,0.14680273643430986,0.14038008318688366,0.22074357089080202,0.08535177531753434,0.028458865984132775,0.09811065209243046
0.09980141198528823,0.0832350691055113,0.024880022561689554,0.10658605131037342,0.151928788365263,0.10182259313801832,0.2709192539454528,0.04446736340192847,0.11635944618647497
0.12253515215244744,0.14731978813905655,0.004502183138183049,0.2668614067772783,0.06911281954139487,0.10225219358829209,0.0781305095798976,0.06871195447492458,0.14057399260852554
0.1074033825261151,0.08988674170323309,0.024747743632875505,0.15372823246030906,0.04838221018025577,0.17841412726300612,0.22614648497237275,0.0501832022161365,0.1211078750456961
0.10497609839601779,0.14039187298383946,0.05136393878916492,0.09180596158791625,0.2360021575198635,0.06399440723406659,0.1253666201663041,0.030271379702487985,0.15582756362033953
0.0846783384909,0.10064603116121583,0.35817265007013316,0.10073333323257887,0.031488675184022326,0.05856477458092674,0.1273943064997358,0.02768017777400004,0.11064171300648719
0.12468525928146794,0.10927774646694766,0.03967902019876396,0.14769068473673566,0.03450136052460617,0.10195897991074526,0.21705251832157066,0.06586565136892704,0.15928877919023574
0.1135834723895245,0.15330902183366601,0.07755492872951024,0.13575823050916333,0.038362168382520656,0.07189218498284956,0.2418660049446906,0.03938830392507713,0.12828568430299792
0.1216882104071499,0.12207653690217317,0.04545869377744219,0.12656248493061917,0.03751605896264721,0.15230051110974427,0.171039352270288,0.07094876646653343,0.1524093851734026
0.11932494762692579,0.1362689291083045,0.11271796831269276,0.12181037469130544,0.05187719895130422,0.08514676461616016,0.18408224867850795,0.04638143150890283,0.14239013650589635
0.10189130716089934,0.1742490399487471,0.04957711249646906,0.1265763667661027,0.16463559943365388,0.06537482112060566,0.12862249627884234,0.06749849739229614,0.12157475940238378
0.11186507241561788,0.11156291868278238,0.020317603932873334,0.08770151555569482,0.1199109202210485,0.11865785590325205,0.23435134551404266,0.045828691778205755,0.1498040759964827
0.11932494762692579,0.1362689291083045,0.11271796831269276,0.12181037469130544,0.05187719895130422,0.08514676461616016,0.18408224867850795,0.04638143150890283,0.14239013650589635
0.08323486977936709,0.0768710986890866,0.018281922703928265,0.15103250912370714,0.33492080150081743,0.05053970342489037,0.06765449561105556,0.10814070041454375,0.10932389875260373
0.22806603395752564,0.08901732691866371,0.036344552338838355,0.1344064545804445,0.02840490944046759,0.05781152277103554,0.23975523544839317,0.07455569940149119,0.1116382651431402
0.11932494762692579,0.1362689291083045,0.11271796831269276,0.12181037469130544,0.05187719895130422,0.08514676461616016,0.18408224867850795,0.04638143150890283,0.14239013650589635
0.14255912422594622,0.08957324233736275,0.018986786076358356,0.0636638522510365,0.20896416874821275,0.05042106368274451,0.1599600130136905,0.14455202255687696,0.12131972710777146
0.07711044925814227,0.060701005779091294,0.014627177179778508,0.1514175700142243,0.28966588129992454,0.0858368883387663,0.192409161019673,0.032978800108673295,0.09525306700172649
0.11763607819296697,0.14612158353594665,0.03832938510091904,0.14509145343298,0.08503415520931923,0.07097865207436016,0.21673077547649258,0.03565416768099066,0.14442374929602467
0.14006204360082133,0.13839141394863153,0.033322514583422995,0.16183173790075478,0.05656283321381154,0.08184602665752232,0.13796567601477996,0.09268189943008343,0.1573358546501721
