0.07410099000007403,0.038013452097787004,0.06434210639938683,0.08941325806090757,0.10577632303732555,0.12944320505156515,0.19423303405989079,0.12427332002604695,0.18040431126701625
0.218075213325671,0.04629767763386192,0.11301853451374555,0.12450591572708332,0.03927412327429596,0.09512995184997593,0.19446840443658098,0.09804189573065651,0.07118828350812882
0.069429743089365,0.023425514597587686,0.2541814934046968,0.07726690278520885,0.15225483209732638,0.11119540419011888,0.08460244114814082,0.126385818519421,0.10125785016813445
0.14027990087444156,0.09599216383007965,0.0863528578027365,0.12244650370109471,0.08077246090895121,0.11611673679935304,0.12605020293462765,0.12331399132570464,0.10867518182301106
0.0474395043265746,0.016792812156296265,0.06944295725343964,0.10700919127882723,0.43036486561100756,0.09319712905701055,0.08259664575815856,0.08569882480079026,0.06745806975789533
0.1563570103335039,0.057031207536819915,0.06653031156721426,0.09975928841815894,0.020281664920926232,0.12005314855527126,0.19170904610500497,0.13617333224474726,0.1521049903183533
0.18375050169320215,0.12070907393463066,0.030291036320701393,0.14887943799374193,0.009704125862799477,0.12242600293003314,0.20160399584816083,0.0922365291059869,0.0903992963107435
0.10211809173190319,0.02742127278307512,0.1020956821091422,0.06871852704627612,0.14360145171454364,0.10468283374478905,0.18574803070901366,0.11433657309651268,0.15127753706474442
0.02372007543540497,0.010938737384657398,0.1171617136740078,0.04358070284001761,0.2818145777481856,0.07951103045542096,0.18945545817998077,0.10317943663224714,0.1506382676500778
0.077475560834226,0.1837800525677913,0.01921188243263368,0.20411706735758317,0.03341590682279486,0.09844266135930047,0.13405302001807465,0.1125969738871957,0.13690687472040017
0.08266980469676674,0.14349416989055006,0.14043468799935302,0.1083391469733177,0.014807563922522499,0.12659755819007493,0.13784668827868943,0.10446535938225376,0.1413450206664719
0.4589665502258841,0.017577360855763235,0.020142636182212695,0.13276697522046257,0.004943918510077538,0.10134760033854535,0.10263034363928636,0.06381466829103703,0.09780994673673114
0.047674716688848075,0.03720563301144205,0.17674611721077396,0.09866511826547382,0.06299677564927475,0.09795305745915617,0.2722159147727792,0.11461310701305315,0.09192955992919882
0.026658663808467566,0.04662915034373554,0.08446542801810708,0.15979004413321377,0.07311667630261115,0.10393983079481374,0.2362705875071572,0.12808056976218363,0.1410490493297104
0.07881990969520193,0.05055972437011879,0.060243273410286735,0.11362777835384756,0.25029452290367044,0.11828086420526009,0.1000111473535928,0.11545371457013019,0.11270906513789154
0.16056240858195178,0.04406514114862702,0.03520300545214033,0.06430593567391236,0.034577757101748666,0.08962119584621898,0.2528322972055513,0.11340641523535429,0.20542584375449524
0.23212072115844337,0.402702624521468,0.018839435100235603,0.07816784948025272,0.004740710139956594,0.0846337165122813,0.024229093358033096,0.0680486950301913,0.08651715469913805
0.07420525977524416,0.02070678244673785,0.17609925777165994,0.06933322489985644,0.0676499176060418,0.11267142554520782,0.2079417449753819,0.14988102807723172,0.12151135890263841
0.05226513379836236,0.020906399039551424,0.04459425438556824,0.11777534682260034,0.4116448702155841,0.10778556462328577,0.06093070746854965,0.10081914377531502,0.08327857987118299
0.14410688032284877,0.0733284722852897,0.041694073139040944,0.16618984934680162,0.14732977425670946,0.10419767903569827,0.08615979080725489,0.10721073975562172,0.12978274105073467
0.06814720167062603,0.2046609459290921,0.18963468153943228,0.08685469000815428,0.061813661254971196,0.11680192246181048,0.08146725877912316,0.09834838732524098,0.09227125103154943
0.15945589593234064,0.0545232157125477,0.21451808652400314,0.1597056860140905,0.025291100734212826,0.10196044142880185,0.09146696494803448,0.09382690692015937,0.09925170178580943
0.07994589162302934,0.02470735309166308,0.05505136572283181,0.14729913052906227,0.21710729272977994,0.11379978022904212,0.11829967975419596,0.14057883778621258,0.10321066853418287
0.17418983073138658,0.06955445258821547,0.07038464205175338,0.10089297623803628,0.014770262626793089,0.13496803489050554,0.14854714973595864,0.12600707990488436,0.1606855712324667
0.07943454346898621,0.021120154170742363,0.1275482900063239,0.13229433153091777,0.04772565091610186,0.12168580963672838,0.19733178666564677,0.1262910734382293,0.14656836016632344
0.03032486539978778,0.01971165274661485,0.10806682362651115,0.06190905636334807,0.34320348316717214,0.0908442911074414,0.14810544548701196,0.09841647883824307,0.09941790326386961
0.27052700674860447,0.02600801991912231,0.0613080553841705,0.16447366823423934,0.03449517894409313,0.0841803728720778,0.16892717601057441,0.10527288145630886,0.08480764043080924
0.0785885740853071,0.19550317267739384,0.2566780611065967,0.08672745718936925,0.013716705598867509,0.10457173370137562,0.07975978674675034,0.0940086845712758,0.09044582432306393
0.044777265054937516,0.09248127408981772,0.02451277257924903,0.13353662653768403,0.14620804339082175,0.10359805934596782,0.24701279061120504,0.09763338657241309,0.11023978181790406
0.06988243322226761,0.08955888983489864,0.12032686580802583,0.10329066176232925,0.05006884698889503,0.10298675844444512,0.18480187245772628,0.11740570667489714,0.16167796480651517
0.07725712040075419,0.041590627044532785,0.07306127928591849,0.12341586698745984,0.11649240076800106,0.09721834500707661,0.26226599617811625,0.10810709295899405,0.10059127136914663
0.051799531141414334,0.021305746101668997,0.06083744749825846,0.1494367290704443,0.3067132339609677,0.10756592133068577,0.11118745308165079,0.10801756119062944,0.08313637662428015
0.03248420040846651,0.03945816941118819,0.236857797095586,0.11361269590232591,0.05903633278656758,0.11968383858606446,0.1843182720057809,0.12422175305455337,0.09032694074946702
0.18029569469058201,0.029823056026259037,0.14325581048570632,0.11396466220780473,0.023824824612185453,0.08967662007901361,0.2219116093460792,0.08822256920343952,0.10902515334893016
0.18564882793014115,0.05570730106085625,0.093684402916325,0.14946207224868868,0.02141284784044827,0.10713706219799113,0.21257125521090078,0.09494300143154737,0.07943322916310137
0.29830973144491923,0.011455352464687965,0.052965147552439716,0.11066516090527752,0.026189482059139443,0.08109074696513802,0.2604695212434965,0.07995660549595757,0.07889825186894402
0.3889435899651013,0.050325942142411095,0.04901744617043,0.10579084510293867,0.023137030326142827,0.11635409217672237,0.08342881040568344,0.08833826876756122,0.09466397494300906
0.07036369657622339,0.17143749650255177,0.12173186892239374,0.13317674939417654,0.008653082773267805,0.08844490556231378,0.2411308266796384,0.08041102805466949,0.08465034553476515
0.09004436535595683,0.07474380208200539,0.1251280273932822,0.0913990940213995,0.07024164074527876,0.11497491798639221,0.17255754138046533,0.11849481630580155,0.14241579472941832
0.0938856484363604,0.10490456986336368,0.12030727921103194,0.12033165579580392,0.02512908980337163,0.10841031207336836,0.1681401919081381,0.11477433722998798,0.14411691567857413
0.06452288036804894,0.014757269699503648,0.09667200578402184,0.10902058027076837,0.09130286964659406,0.09902460231984457,0.31160691343516506,0.10712161399979568,0.10597126447625786
0.10201411177444906,0.03873976898090123,0.18260958253738113,0.07920642544392971,0.07408681461828667,0.12757048872589694,0.15449277837569408,0.10991478568545233,0.13136524385800882
0.08422142904185463,0.47349024408539214,0.07610350707916518,0.06920153446723389,0.013929714709668093,0.07706295157067143,0.04135533313384268,0.07096824440146123,0.0936670415107107
0.0760569071061377,0.05451622031826927,0.24204990937196358,0.0785431015626739,0.04267438265867333,0.11252711757962101,0.15336755214621364,0.1279870222643604,0.11227778699208713
0.09256693134586735,0.10116595897764068,0.11922617308752387,0.13871112776016023,0.02383469629392156,0.11481605974597586,0.16320086398050784,0.12324890433447548,0.12322928447392713
0.30101253578325465,0.03749165237207031,0.11487560355371591,0.050541353601695295,0.015578373422857747,0.09592497371068648,0.19176602492166292,0.09317700719068062,0.09963247544337613
0.09986157942545026,0.03004740958372387,0.04218006078695988,0.1238057070712703,0.29282149203932556,0.09067891439830468,0.1494605452619893,0.08596907038103785,0.08517522105193841
0.17538400115912242,0.0342940508358976,0.04798824799106355,0.14991568745020614,0.04036790987894898,0.10138727627252413,0.20149993844902295,0.13713952044739697,0.11202336751581736
0.16368727003972014,0.05533026928612581,0.05824734262989887,0.08412484612633049,0.05267267215684606,0.11372352905811524,0.19331679334970756,0.11012832316177502,0.16876895419148075
0.13716722178693203,0.1365902416363798,0.08125782491807221,0.08368710971000011,0.01723121098671326,0.12914682287538481,0.18139423347226782,0.09404015616019497,0.13948517845405495
0.11449157003929633,0.05084719418495609,0.04453160280429094,0.10121829784507284,0.10619738245690073,0.11673284586403522,0.21737857879176473,0.09500113421930466,0.15360139379437854
0.11238338242820149,0.08802121584987821,0.1873893035941475,0.07642954874497304,0.022894412416506905,0.12372957759754317,0.1828781134347394,0.11045938006738132,0.09581506586662895
0.11046026122326107,0.061503193289867635,0.22630249523269375,0.1332428767625809,0.06947442386761898,0.10747596968305338,0.07814196046332367,0.10724706353275755,0.10615175594484307
0.06753394489408256,0.1125737430311368,0.04731919455885419,0.17484932238682163,0.09571230828148956,0.12649804196970818,0.1537917235922713,0.11472083724788566,0.10700088403775017
0.05373939521459048,0.2657543601585368,0.19540294308083164,0.10632683343188448,0.03130506519315574,0.10007712523469914,0.10342754729155229,0.07495204629398185,0.06901468410076757
0.16612764995037835,0.031698623349611335,0.0596598383812322,0.12108828118316693,0.03066170157673383,0.08954579296208127,0.2860183487091154,0.10554635228231894,0.10965341160536175
0.08112313129113512,0.47331860105041906,0.1048273247894687,0.06208599984616008,0.036294788999409654,0.08354224287908037,0.04263058843740974,0.06405439144272564,0.05212293126419162
0.07019896796676828,0.15001563782533459,0.30517057195167335,0.07697081605315496,0.035012857656739234,0.12497706465038556,0.040358202134844506,0.10726667532731445,0.09002920643378509
0.17193387985654904,0.03771139698147308,0.06648914686733816,0.13251257812743086,0.0440969298840941,0.13829524179588204,0.12669238315751644,0.10889767226883314,0.1733707710608832
0.09320534121838608,0.0534779950977862,0.1229698428449875,0.08347800000009746,0.06795729433104035,0.12481860351133285,0.15391680806534222,0.12549170812004162,0.17468440681098574
0.21901061359897556,0.03466825485586924,0.13284053695291,0.11276470999408399,0.009528102751463275,0.09774399564547394,0.1482975202159319,0.11127598709519108,0.13387027889010106
0.20221198332998203,0.12957834204462954,0.05083669142117259,0.1148127321732458,0.006703566798008934,0.12432620408091573,0.1612342192399585,0.09858907506656038,0.11170718584552657
0.038809962431145754,0.010588787711279734,0.2786976815043591,0.05921109242328506,0.21917075035084496,0.10152339689992786,0.06224917569979573,0.12566102961849074,0.10408812336087109
0.06599356306180001,0.014858599639157087,0.09131264945069369,0.13558545680954426,0.3525011490843391,0.12080291460714106,0.036739252971354636,0.11400298065041488,0.0682034337255552
0.1414570877166221,0.30986185360352,0.08510316585250988,0.12994344981297754,0.004288779736519685,0.09369828581636047,0.06714386695489007,0.07919297939779911,0.08931053110880112
0.06869728892521444,0.05668225300486296,0.04072258308987565,0.0862506377826469,0.2263201372002087,0.09299797554505838,0.19063428470481736,0.10617080839271233,0.1315240313546033
0.03312803837877808,0.11946465581650162,0.18097411240536207,0.11763919624161906,0.012768477461127624,0.0993015968334976,0.2274102504213682,0.10282165831824379,0.10649201412350202
0.06313751432789404,0.04621488382265234,0.3186200451161841,0.09707252760005143,0.027582003497187698,0.11230123097572016,0.12204757563466877,0.12628812552079968,0.0867360935048418
0.047475996163058955,0.04966339154404609,0.046289190935589454,0.14316928169284107,0.17326021156771265,0.11580692305942637,0.11470444585747057,0.14194323544328866,0.16768732373656622
0.07144244397494388,0.17482057638903128,0.053404846252732785,0.1324380536736723,0.02035772998066318,0.09626192454858329,0.28159398279080755,0.08542045823689644,0.08425998415266915
0.06694502077651758,0.11885253169299297,0.15676805709176855,0.08103769216538924,0.05292822253894944,0.11683309354809313,0.18999326052935359,0.11070759360035361,0.10593452805658186
0.15182924530070951,0.03140160413011088,0.0945187802707189,0.18353475648676643,0.05122255778663413,0.1292500379153141,0.14752938402388538,0.11186044222584113,0.09885319186001955
0.2819697585425221,0.018735030975294425,0.04134203613566711,0.10018988212973867,0.06576639162240382,0.10326155177430159,0.14933118473009005,0.11487498193487326,0.12452918215510889
0.2035269984704667,0.06360624476649855,0.15503542630999897,0.080445597588296,0.028996849749449393,0.10765669807181033,0.15470941630216925,0.10520156182040741,0.10082120692090346
0.2702983778472819,0.04275824097153005,0.0412910011475678,0.07618244082654821,0.020368855220040286,0.1063293808745389,0.19834856136758625,0.10103880681867894,0.14338433492622776
0.06651014032494619,0.01748937920887753,0.14174370382839485,0.18684542430541665,0.19693370417017084,0.11125829866322827,0.06456054676758637,0.1376752753327394,0.07698352739863992
0.05203740212277456,0.01936004913566732,0.06434846002219086,0.15382830989148188,0.4295790589091733,0.09644197490237999,0.04392764791001994,0.08363735965779966,0.056839737448512395
0.1696525700597495,0.06668597453813414,0.18124410625500653,0.09576604605525685,0.008714621938808384,0.09484495887871648,0.21043348294351594,0.09860538187219053,0.07405285745862156
0.024492344482564477,0.34271741854008697,0.21403189764800523,0.07682951582515392,0.03660766628660659,0.07836216173264426,0.0637665031285453,0.08485155460430145,0.07834093775209178
0.11232121085349672,0.06220015390897322,0.11279689397641024,0.12328855237877767,0.12306079789669015,0.10628153836765342,0.11085153141794657,0.11492312458715746,0.13427619661289455
0.024965947679856267,0.034122509300579966,0.05770581860618324,0.07447010621854443,0.38754135955656527,0.09027608169354917,0.11156440029651944,0.10158632420680758,0.11776745244139468
0.17018337150437454,0.1906753896241722,0.046767058753664804,0.12289910034928413,0.041666471023652514,0.10786736707004209,0.15495248157870878,0.0917276264791076,0.07326113361699337
0.033778023635405004,0.07459504088635428,0.1430150036816543,0.06950518393361056,0.03834282046374177,0.08363394828379023,0.32656912624603945,0.09054585043767525,0.1400150024317292
0.09609787589881051,0.023748403463440395,0.05535288057556454,0.11792791557903931,0.2985380259574504,0.12954201434915427,0.07565759327475098,0.11916616820755078,0.08396912269423895
0.33529909312908934,0.0832538696521375,0.053239491161120395,0.15637881490010397,0.007226572165409245,0.08195754490293906,0.14469571875913456,0.08123797515728938,0.0567109201727766
0.11688208839513736,0.020561062089553498,0.14574216537799076,0.14408019939654634,0.12424094416885641,0.12463256134623585,0.09758123902482545,0.12612273631307594,0.10015700388777837
0.11736958459143772,0.15207755835519965,0.17183781535279793,0.0749819773692924,0.02164138813350364,0.11422470665682045,0.11360019552447968,0.11257594671336009,0.1216908273031086
0.3570184937988404,0.10473306634393409,0.07118139405678564,0.09976575104715425,0.00783130878362451,0.1036373887386724,0.08143635205720624,0.085333344824428,0.08906290034935449
0.33529909312908934,0.0832538696521375,0.053239491161120395,0.15637881490010397,0.007226572165409245,0.08195754490293906,0.14469571875913456,0.08123797515728938,0.0567109201727766
0.06056886652523429,0.037423754432136934,0.04735731369829047,0.10760718160255855,0.27972199320276736,0.10605849984324627,0.0918907169799698,0.10491889653656256,0.16445277717923376
0.11212349635083578,0.2113169708667545,0.05180864185202668,0.08709784319950843,0.03993285035384183,0.10292831848335482,0.16722723740550263,0.10421167687049197,0.12335296461768336
0.04690050856301451,0.15303874773895373,0.05739172069569946,0.10308260177865995,0.11599180628863086,0.11038705506178419,0.17624546765702612,0.10892800209059972,0.12803409012563152
0.09057765114781124,0.23499936204111602,0.028145351594887985,0.13654675600840263,0.04136434997850132,0.09348192159590608,0.16604855555407824,0.0997643977146434,0.10907165436465315
0.16387146339815314,0.019302376725596235,0.042666006024287495,0.12305651254064004,0.08613569161453556,0.09278705157002738,0.2761979895886812,0.09798253555663416,0.09800037298144477
0.15403038289226106,0.2808644276507821,0.17520983443763757,0.11362139586305357,0.016815076908559334,0.08136168142792131,0.041301166666589874,0.07002824139811092,0.06676779275508411
0.23766526546234165,0.07781204425528192,0.09575956593529122,0.06805409438653574,0.029072523751560983,0.09706977869608809,0.15855953679135038,0.10934791592125788,0.12665927480029218
0.06152589464703958,0.015665363954275296,0.1509263971808037,0.14822531980652662,0.2446725597851062,0.11178104351285252,0.05854077867831806,0.13709144747821467,0.07157119495686336
0.13163129853556427,0.26682929596893223,0.03938553251049018,0.11901808779385115,0.014631515754411078,0.0873065788389382,0.1372889615732587,0.0769579024066289,0.12695082661792526
0.11930681813449594,0.031437368527420205,0.0691705039508442,0.08086949044051427,0.11395133717046242,0.13413544046552328,0.15736767202954163,0.13277132174697334,0.16099004753422466
0.04108127874290412,0.04630408096999611,0.21715820939936345,0.09932849739590655,0.0383174767361203,0.10731329450909631,0.19388397551075717,0.11711089965569933,0.13950228708015674
0.11766112029170243,0.08487759273268804,0.057736673817459006,0.09980679682089506,0.0665039080373689,0.1101825688950343,0.2012952593563362,0.1243214949693019,0.13761458507921412
0.06166223766268811,0.07237010227889672,0.05100780148176628,0.1648516252205274,0.1734815521414338,0.13130452372018725,0.10966551035069527,0.11763096464781464,0.11802568249599053
0.09819156766909702,0.04672153400362588,0.05755247553136888,0.12674392214612637,0.1430374373548172,0.13289331532133997,0.13298769755090037,0.11733129297805193,0.14454075744467243
0.264380933880753,0.043372626623851905,0.0851752706489584,0.11362737604393199,0.06616572289246604,0.1038067879007073,0.1275482524238678,0.0970284815665745,0.09889454801888915
0.24363671751376179,0.2709048696264387,0.030882906883118247,0.08846699061023901,0.004482976534769378,0.11595037327146378,0.0888528446750531,0.07031495387961219,0.08650736700554378
0.09626412393413399,0.04262279122577368,0.10287213684027226,0.20600287680372328,0.041539280642483814,0.12070915734814391,0.15584958201922536,0.11328218089414288,0.12085787029210075
0.09778819847978659,0.08312322432595422,0.2622430207747621,0.09958154901376759,0.043068879279023364,0.11189762861530467,0.09900288689944307,0.10379412192642061,0.09950049068553775
0.13678944220685213,0.019966742842975494,0.09539679764811604,0.05330136213245127,0.10105705870331066,0.10568768666628686,0.24854089649519437,0.09622192802679212,0.14303808527802112
0.18389950007937447,0.04781128861471604,0.12012223907764145,0.08798256979307711,0.01892951537490561,0.08897698823749108,0.2291924166995123,0.09420472609865592,0.12888075602462606
0.06429031414482773,0.029338565257976245,0.18489223114513584,0.08917476926865191,0.1353888670477624,0.109895070903179,0.15146878399833305,0.13202577662200332,0.10352562161213057
0.07061938249467818,0.04379576926927278,0.09886052458257667,0.10911156294059053,0.07126054949567241,0.10791216827454823,0.27465727777362864,0.09072179495419957,0.133060970214833
0.09278415025820917,0.0642549675722572,0.044812154822878265,0.11747677410947832,0.03896862344970451,0.1178598983578647,0.29856061135144085,0.10234500499827116,0.12293781507989582
0.24316174343751662,0.06535012487587272,0.11884026634244071,0.11512637729632903,0.0076471578714293505,0.12411714667438582,0.10386586977043798,0.10919988234363272,0.11269143138795508
0.17185360376215222,0.07171913305302681,0.2299054993978303,0.117172779597381,0.01979118181394766,0.10368193087529559,0.09917677300599115,0.10350617361388215,0.08319292488049312
0.03278990250599866,0.03930761640181821,0.07290762520480414,0.11489504789338185,0.20237506974831176,0.1046680535114478,0.1542278254479231,0.11377327713547451,0.1650555821508399
0.09808393119329491,0.0543434999182723,0.05339274440360348,0.1400971694311314,0.059121544275361336,0.12073737758267415,0.18216956783514185,0.13917903458733644,0.15287513077318413
0.20741653535854573,0.2748131314540966,0.0739112043085595,0.1119201781487753,0.009180132881943614,0.0953678273848969,0.06339003683393306,0.08573918190026425,0.07826177172898502
0.045161530212361946,0.2627019468562451,0.3037473208214525,0.08906178760748111,0.02162868756734247,0.07387897227623642,0.06331126087529525,0.0735256560724473,0.06698283771113793
0.20799498811090963,0.034016912092522736,0.08666724035468006,0.14317832185642307,0.08062503269804662,0.12262798337535978,0.0978906919084815,0.12799658022831878,0.09900224937525781
0.46653150023650025,0.0663222885775507,0.0342645367093192,0.09621410837052007,0.004330734289813364,0.0938249061641636,0.02783309626722295,0.09500194753039314,0.1156768818545167
0.023172522052710087,0.0710045193231418,0.12070512549413086,0.09229183271242829,0.04602356364297905,0.10614421109698273,0.2909022328815382,0.10117261448846449,0.14858337830762458
0.05577773740795222,0.03131135496825397,0.05138662285664671,0.10733373887706928,0.3043817865258019,0.12401412176301858,0.08540719929220342,0.12040502307073554,0.11998241523831847
0.21799047025226048,0.22603803505578954,0.10762412703852935,0.07667760850753458,0.009510261545704219,0.10669125745441517,0.054151859566496686,0.08325424021183121,0.11806214036743883
0.082223300511006,0.08142298223773718,0.07604361971723567,0.10673074818852289,0.038953456178779274,0.10390729411452597,0.25974570376772615,0.1164492768197085,0.13452361846475835
0.14364347742800448,0.0325841277885088,0.17178725466993564,0.07958310003805959,0.10132365310940489,0.11380211801970856,0.10330948520862149,0.11466052121226583,0.1393062625254907
0.04515799634576956,0.05026157474697788,0.0422000849382444,0.13313566855151202,0.21975089200833223,0.09947492418547454,0.16213846011563735,0.11951819277679543,0.1283622063312566
0.047342964238801445,0.015683828697975383,0.2147195495040013,0.11932721028713585,0.08048025230981741,0.118817274582683,0.1387374591104551,0.15785775988437592,0.1070337013847545
0.27522304671826725,0.052364612117786015,0.0697252353293894,0.14840243798162758,0.015948245523345603,0.11284616500234497,0.07937335428412157,0.10954666222260134,0.1365702408205162
0.03583371982255215,0.017503806865208228,0.06144699519145074,0.08242085728538699,0.2541794746557479,0.07961663991701545,0.24824204617675547,0.0975647405355381,0.12319171955034491
0.10082207376448542,0.18871997522963738,0.1537291057041598,0.09039790293266776,0.015586635228077282,0.10871185137069934,0.1680587610550888,0.07931644126445615,0.09465725345072802
0.17201568029366462,0.2844557926035909,0.026353087937692764,0.12461511102165784,0.02276964758349337,0.09293742481976376,0.07256105227334125,0.09438806671529078,0.10990413675150469
0.05347073692089003,0.04884064503374393,0.30107920759886836,0.04260350091877796,0.03869730151073878,0.1087621239736774,0.14942210037672907,0.12906460351667717,0.1280597801498974
0.13401880994451185,0.41312252055655696,0.04473217913034248,0.12845801038882634,0.019172083395280502,0.08119406444471837,0.03335243577838259,0.0715944809579838,0.07435541540339725
0.06405340663135795,0.06643854372949008,0.10849022531664931,0.08256671316176233,0.04979162454057692,0.10361608331122461,0.30255723072797563,0.11068646923919512,0.11179970334176807
0.0497128016112847,0.028149412699848827,0.06248590035850302,0.1464998956408554,0.10533875493755401,0.10701720199107184,0.21217950377687578,0.12865257118812026,0.15996395779588615
0.0672862008755395,0.03163248984060208,0.09176065080536361,0.14193093247835212,0.18852842505991116,0.10787813151656582,0.17472429836970027,0.10076458945380447,0.09549428160016098
0.09596463121836611,0.13108455494220506,0.2846838166603464,0.12871135181308416,0.022312323254392197,0.10447335063407347,0.07453843265686444,0.08458714916816261,0.07364438965250557
0.23009192912872747,0.018326543065332244,0.15696179638752475,0.06623174328307668,0.025008669770358483,0.10559439536743183,0.20898947500392895,0.09555206048500962,0.09324338750860998
0.09367967561527361,0.076392352282051,0.29445958459937494,0.07861570742591709,0.018922790823472764,0.09052116081269286,0.17131408291519915,0.09478021293183991,0.0813144325941787
0.31227393865724634,0.05781395040937488,0.13611663952784478,0.08524692999438492,0.008261808991915644,0.07074502368607621,0.18410102538433434,0.07957164386023169,0.06586903948859117
0.06457482324761951,0.013260437104394557,0.16697771726439745,0.0876262619948371,0.14449795490687145,0.09557059115558493,0.2175980972516677,0.11888739363397116,0.09100672344065602
0.0749603457197283,0.10062689669372234,0.20585787691598634,0.08006078706976101,0.04063702668261822,0.11378512852429079,0.13409632951580464,0.1205287510019304,0.12944685787615795
0.11983601861452359,0.12662658659949452,0.10554128764259262,0.09260441048462807,0.03441682868511011,0.1071249998933748,0.16769217258517022,0.10912430529922916,0.13703339019587682
0.0806814382156437,0.41427723962287805,0.13893184158328856,0.09378216675070676,0.012810801779361855,0.08169345061357415,0.03905488422146303,0.07011074054179388,0.06865743667128998
0.04436335493858096,0.018716841826920447,0.10374593068946941,0.07738285460983696,0.4208861742156387,0.09837342622537452,0.04917151523503662,0.10329321780152256,0.08406668445761999
0.12347290013349506,0.09904607335216098,0.05655012808685125,0.11705958458098124,0.04181898153497151,0.1264073018807004,0.2282666859208907,0.09854042226171705,0.10883792224823186
0.2019841763693896,0.0159091701172461,0.0776706674836743,0.08631412823242057,0.08424438737644589,0.11509779334702293,0.17138688869343188,0.10329450084280271,0.14409828753756598
0.03708777458211524,0.20497654167127824,0.04651904884272393,0.06493987104675791,0.05983667693998455,0.09351509876026594,0.2766885243083717,0.09352591027846906,0.12291055357003337
0.30014765618350464,0.0793808925564148,0.07007178523536638,0.10283972847751861,0.015793143436850867,0.1035446107269387,0.14690548026541567,0.09258107086760221,0.08873563225038826
0.3272348669011605,0.035452375180289604,0.07817517488897956,0.09348907144441632,0.031317091534497805,0.1044015362543177,0.08148570018512748,0.10202365898623307,0.14642052462497798
0.034896198627755594,0.19152157048761254,0.02452556217103634,0.18543530824163942,0.030864175455909203,0.09470795373547096,0.2593713610262613,0.09107245465451708,0.08760541559979762
0.25297282202711435,0.02805112951902609,0.03783510978016542,0.14064636325946336,0.07472483851414724,0.1233375379048715,0.10673350040308276,0.11796892200965879,0.11772977658247052
0.0625762756480416,0.23574469295389897,0.013867808704632315,0.13651666752448544,0.07835019634694587,0.0971971039004129,0.1389587245412347,0.10802713002345903,0.12876140035688924
0.15425732122716854,0.0415023659346169,0.02851092598667838,0.123599855238568,0.018663474030092064,0.11613996813858969,0.19575234822048823,0.13162776413281765,0.1899459770909806
0.07959291331190814,0.024940683836445113,0.10131501278016199,0.10233237247189353,0.28800762084657516,0.09623331144017767,0.08471871818475023,0.11115144799809858,0.11170791912998955
0.07536512696161905,0.06101276181431653,0.049933480825626035,0.07047010040457143,0.1665172155007054,0.11791462787880357,0.1846199144440833,0.10608014300215073,0.1680866291681241
0.30476555780805503,0.03748208796189751,0.028941827753355086,0.14150088829448584,0.0356382209995011,0.1244646533028753,0.056590277259444655,0.11980462852601918,0.15081185809436629
0.2061285308040012,0.009602703538014843,0.1958398713155327,0.11005620050307069,0.07048415968704329,0.09435957820170138,0.12065172061215461,0.12557051196670446,0.0673067233717768
0.08547615135068587,0.03784623944593563,0.05022742150878732,0.16396544589939424,0.1497013112388096,0.10038364806396749,0.19395734561477238,0.11204747096141195,0.1063949659162355
0.10441040025359237,0.018853102833713428,0.12598462387596743,0.09257243989679549,0.08100958422800575,0.10302454829941661,0.26426284839159564,0.11559736580576963,0.09428508641514366
0.09144067600866497,0.03490638028871173,0.23049172709428833,0.09444580473494923,0.03910811444950984,0.10575259500024004,0.18456677782968853,0.09847635342354062,0.12081157117040664
0.07359997988147034,0.029468001902364177,0.15828383666827103,0.08636513592214833,0.10964249631985752,0.14076511086937704,0.13434156789241325,0.14607850556239993,0.1214553649816984
0.06906194164139208,0.0692106186463055,0.06746413745717551,0.14445569233541342,0.2256428684862217,0.11151485927343012,0.11387891243598842,0.10675265172006439,0.0920183180040089
0.31208251015704974,0.016154247443240424,0.09116158824741438,0.10279713175056326,0.037637614146548405,0.10335453923944071,0.11454346939648834,0.12725044111900266,0.09501845850025216
0.22080755471159055,0.021839140317506178,0.046637693766114784,0.12035214332946165,0.11081576180855283,0.09642093425679682,0.15516170336777715,0.11477070599272104,0.11319436244947902
0.04677479518779456,0.017923255427715366,0.13046817466514268,0.09892465453057915,0.36126078837518455,0.10679203808331017,0.044417727137526536,0.10853026117656737,0.08490830541617961
0.06797563482436257,0.0464825926724509,0.06726788375390624,0.09602963463588175,0.39226998296324894,0.10106124904067659,0.056317271894299525,0.09575523476828811,0.07684051544688539
0.04970960886361329,0.07766624552398003,0.09151300075236501,0.1306907261226136,0.15763883405052395,0.10334747452232919,0.10659010029685922,0.1386385026561093,0.14420550721160633
0.0821232938181815,0.10827466074651165,0.06113042845842126,0.1712515373078944,0.02585801860033603,0.1159989093925099,0.20743014161553583,0.11307001534654916,0.11486299471406043
0.05236500916292872,0.04972068882834982,0.15336254597306115,0.0742346640927373,0.08272882532974396,0.11567762363284084,0.24465868924489986,0.1060239783376939,0.12122797539774442
0.2077645180698373,0.030415362415064318,0.06594242403957486,0.12686887140885994,0.07661338989733212,0.13350912902985582,0.06917945714862764,0.12898625887705317,0.16072058911379486
0.199765887898138,0.009800507083780424,0.10413807826613712,0.09857830013282232,0.06311740343129345,0.1256994840162459,0.09910628471616247,0.1313959800359274,0.16839807441949298
0.08971035839598279,0.01931634027879472,0.04847853954843926,0.17399379410307225,0.08766610495077315,0.10602601045023512,0.23802071464911426,0.11136833996473994,0.12541979765884856
0.08378013636398517,0.05607205711711757,0.0726881458246204,0.10852427696878576,0.1425092268129485,0.11603532520538921,0.2037527737691932,0.111634773927678,0.10500328401028225
0.31227393865724634,0.05781395040937488,0.13611663952784478,0.08524692999438492,0.008261808991915644,0.07074502368607621,0.18410102538433434,0.07957164386023169,0.06586903948859117
0.0870231913826248,0.01080872980322768,0.07802595442915965,0.15208537414126924,0.1925575693453178,0.11619440638294509,0.18052998004766477,0.0993115763051331,0.08346321816265795
0.07917082677574139,0.027745266852332768,0.2313883749908364,0.10854905305722913,0.047534165767340576,0.11467083863015691,0.1622434138094427,0.1307595429973307,0.0979385171195895
0.21771730997718622,0.011821900218994402,0.03496666747638564,0.17289583656117455,0.09052431819191659,0.08188748045589289,0.22440485065723514,0.07425687303425024,0.09152476342696432
0.1661176913564827,0.012609450919274234,0.12033470493009775,0.2032520748127238,0.04387946074456059,0.10743628828836181,0.15166978518427984,0.11267546309089171,0.0820250806733276
0.08139773209548185,0.06342073696956857,0.09178879476998696,0.14593536654453235,0.047510557016563794,0.11998997363103649,0.1952383926222275,0.12975983043064002,0.12495861591996253
0.07182631497166665,0.063464005259027,0.17515081859137996,0.09945857713169204,0.05177454793442507,0.12820058298795084,0.17055836983333902,0.12581712638136203,0.11374965690915734
0.19741990562835,0.022649072541043768,0.08227232666871745,0.07261607981523223,0.07855448032743398,0.10469317362783974,0.18118598991951287,0.08554831127640787,0.175060660195462
0.1990794114551918,0.031947638472864526,0.038033364205459434,0.17709573227040043,0.0658591531942415,0.11678422932352817,0.14201490584972626,0.1052449742386939,0.12394059098989398
0.03010918383532521,0.17128621250211526,0.40651281699400066,0.07201523914510542,0.04563045623637691,0.08739395199573528,0.049334719017401336,0.08399510483259492,0.053722315441345085
0.06423978784512423,0.21844976533038526,0.3207316436689835,0.05624267765445822,0.03292485092219701,0.09917586996924742,0.05703911107249032,0.08458695324666066,0.06660934029045341
0.21498647276953428,0.08151436152269943,0.17448918486733364,0.09165106246866268,0.018449692946414197,0.08405112640686364,0.1531986354367548,0.09775863265355626,0.08390083092818117
0.08628639005108767,0.0910762872134453,0.05195135536673414,0.09772357786604817,0.1974114103609453,0.10938652673907832,0.13278875719599562,0.11076263739056587,0.12261305781609967
0.264380933880753,0.043372626623851905,0.0851752706489584,0.11362737604393199,0.06616572289246604,0.1038067879007073,0.1275482524238678,0.0970284815665745,0.09889454801888915
0.06756333048100178,0.016985232847643764,0.1355475485825027,0.13589678390548557,0.11259264824000274,0.13609409677552867,0.13804959049863916,0.14250713800498627,0.11476363066420942
0.26341839192218935,0.09193287482893814,0.0689297640433975,0.10540210109345068,0.03688666062611762,0.10532613078253687,0.14266606599580503,0.09291263890201874,0.09252537180554597
0.09194758453132061,0.08971545229436645,0.06009184269412415,0.14487776627716173,0.08756322305296009,0.09353201766798776,0.23996659201838222,0.11900215917872316,0.07330336228497385
0.047898524519160546,0.03895194301165197,0.07748146788551191,0.06072823313223997,0.425892021556689,0.10108660308746299,0.0610402681576398,0.09567622052474666,0.09124471812489714
0.07337351043057787,0.014770179725352195,0.11825815398726582,0.11094888060955783,0.18616573864059874,0.10047367565627296,0.11123835487194461,0.12302421940258512,0.1617472866758449
0.06795458507647564,0.016202911553472806,0.11515707878787684,0.12112711794811919,0.14862256633046683,0.1121364434008701,0.21394696829577212,0.1275107147309331,0.07734161387601336
0.05123631223287182,0.03625165345290903,0.02969242326144648,0.13668680479222703,0.18625080484522502,0.11423086269742344,0.16206056260383134,0.11876938057973595,0.16482119553432986
0.27271656856348264,0.045408853719174025,0.08452799803227311,0.09215232358378694,0.02022636209124189,0.10459868482130885,0.18756698168156175,0.08992768548016057,0.10287454202701012
0.056509176901216575,0.03443026312379995,0.0956469277363708,0.09639856696028216,0.11947358009439797,0.1213613420119158,0.1996810341979757,0.14041822630290726,0.1360808826711337
0.04894121972832063,0.23279178851768054,0.16449361046185332,0.08905003102084892,0.12249504746867951,0.11180341582481812,0.07380437134995191,0.08622849942175566,0.07039201620609138
0.05114780985918723,0.02344859886475892,0.0793586802522566,0.11826259786738781,0.14831239110204042,0.1043505653650948,0.19837246043139423,0.13487062169614708,0.1418762745617329
0.08875915962299126,0.018546029917850825,0.07496001792309921,0.1916103290163792,0.07562452211870238,0.10941400682336176,0.16492940080386262,0.13778416413136454,0.13837236964238817
0.3391025666946758,0.14809037144009915,0.04200449302581027,0.09921312869182945,0.0029304473746578157,0.10735903189137791,0.04888024768644358,0.08275993614035493,0.12965977705475118
0.16885508096356971,0.1859436274601086,0.024190497790836863,0.052592866519259235,0.04836659976621948,0.1001608876474623,0.23217944691494385,0.08470215938670904,0.10300883355089087
0.06613184337581676,0.044275729587856284,0.05391949711707695,0.09826135307535139,0.1113017058423532,0.09989428556349544,0.3227794782031728,0.10841173818545548,0.09502436904942159
0.09810123518111062,0.023722475237796276,0.11393889365670379,0.11288586611494948,0.18051760798584693,0.08704242242268023,0.1385288074880172,0.14456762607068863,0.10069506584220674
0.0862959080823597,0.028829193243063943,0.07283750441833632,0.07635945697853665,0.20338902900043773,0.10816564819693701,0.10930988382068298,0.12400141042741486,0.1908119658322308
0.06010674638168837,0.3311642609732324,0.2728231247364157,0.09422407313941257,0.03803311132504241,0.07096682669145248,0.027887885633991336,0.0608928439661186,0.04390112715264616
0.03524624668266472,0.018643853451979393,0.07917599164849365,0.07839254940218195,0.44389007124246577,0.08774582932478148,0.0765985244369438,0.09520343999777096,0.08510349381271831
0.13406782342743395,0.018788592338635054,0.14834750350836653,0.11032563174587828,0.07343722311538123,0.10582243810825344,0.21110204701503496,0.11300432211195681,0.08510441862905967
0.039465437543400574,0.019537727447549093,0.08694007496160767,0.11570117721831552,0.3161947735603024,0.1104088750586573,0.08322845967254029,0.11211728231790506,0.11640619221972215
0.0457084710299784,0.34147061423220854,0.2448181195867619,0.06448018978963253,0.02387868638575226,0.07897387033073282,0.05029745036719239,0.07871126389092487,0.07166133438681632
0.09283153503281065,0.04236925578977901,0.19144863019406236,0.07199092348730936,0.026969107630337417,0.10376157367352344,0.2700466401012544,0.1071916228694408,0.09339071122148253
0.42146903577650835,0.04475603426061626,0.10767543992410315,0.04312402483020964,0.003167333633258085,0.10174586795452557,0.060321793138985995,0.09198348494840193,0.1257569855333911
0.030215106802838194,0.10073929737461178,0.07311180483378911,0.10089891137052788,0.17696446010991032,0.1005244257901667,0.2044916427609725,0.10291275332352175,0.11014159763366181
0.1525027132816734,0.05763982096394593,0.04132098991399768,0.09908210327960028,0.08901149283367425,0.12391093002302316,0.20423020539128375,0.11598622938162793,0.1163155149311736
0.14126314334061285,0.18142663518210103,0.027925417316294786,0.1647099840231753,0.020327665234683785,0.08521688482340879,0.22628988070172498,0.08298732290950776,0.06985306646849058
0.02929203272644386,0.025646572980129855,0.06742238403511083,0.12185754417317646,0.28557302520538547,0.09847135622409253,0.1604832907654469,0.1134219056747895,0.0978318882154246
0.06080302583818503,0.057488034394143434,0.05852034527834369,0.12939981357384964,0.18818852090438076,0.11349650917538452,0.14887519554474904,0.11305651460068943,0.1301720406902744
0.03302371399771024,0.019440777088896345,0.07585299661696206,0.10010802378745821,0.26965086327315624,0.10644117455096824,0.18545803675568062,0.10930692904877748,0.10071748488039055
0.08459010285600244,0.07337189874805299,0.13869770111566077,0.12440151782985369,0.03966062008988996,0.10438266007173687,0.2093550925892472,0.10709061232093331,0.1184497943786228
0.032984274074579885,0.15173586562811409,0.3625870640868932,0.06828562486321792,0.022907204007250975,0.09265709171686026,0.11571657658113188,0.086708935472618,0.06641736356933381
0.10160762860075412,0.04340241618268401,0.07305962656305538,0.102211469969522,0.08820427056561375,0.12115813646780592,0.23147521357309084,0.11203568301186774,0.12684555506560627
