0.08445183279628,0.1136108329616206,0.09578495341505633,0.04956149098991813,0.3218269238067895,0.13965541104661314,0.061367853309624874,0.0544529103348523,0.07928779133924505
0.16682045265471127,0.1105610227712807,0.10584827428290296,0.0620514642837088,0.10323428748829107,0.1266614362134708,0.07635196083706607,0.12237303173380432,0.12609806973476398
0.08843905068344803,0.12593504396011834,0.12078477539641101,0.0867303316679845,0.10174636494698204,0.08256694138069214,0.07732960388198967,0.20349571767855004,0.11297217040382429
0.20025238151872227,0.08017823934101487,0.05007773940094495,0.057936687765757354,0.34431818775311235,0.08739962503596155,0.05501359910870084,0.056675343438311106,0.06814819663747464
0.0382579180141844,0.1209689309982439,0.0996855077644087,0.2393782991653085,0.057181677152304496,0.03889096275555014,0.0920252718504256,0.14522553470830027,0.16838589759127398
0.05104044146107891,0.11900285798642185,0.11323608903135685,0.23714219347636853,0.05409662802924123,0.050785803195599354,0.1158610224431083,0.12204444208708704,0.13679052228973795
0.15884684644120228,0.1209614273471572,0.10722613240376465,0.10628661249215605,0.04495695231431657,0.11354752908067894,0.07200144733258373,0.15754919617484506,0.11862385641329552
0.14663788631167982,0.13184041066176558,0.1394530827457768,0.18113160211093524,0.03659602588172276,0.06671710650853502,0.11811242001316746,0.07956338210075965,0.09994808366565773
0.1326753011820008,0.07624588895255364,0.04658871567302961,0.04551777657206809,0.4115639732557732,0.02136842001906213,0.06865389507829564,0.12166615080232844,0.07571987846488851
0.048196467040398434,0.09974864072976031,0.09005098330782917,0.113096468594429,0.17150371225933214,0.03986792696601583,0.2444767087520127,0.09649781969102116,0.09656127265920127
0.23077882287093024,0.10530359955288536,0.0991779772125194,0.09066335694149745,0.16817210863873003,0.05925153115840748,0.07418634180370039,0.08278149495184096,0.08968476686948863
0.0449334530774185,0.10503751588019916,0.10956990012263496,0.06333918003179971,0.05205286504572872,0.36125748752652265,0.09283978005683925,0.07879149311143535,0.09217832514742169
0.04072493934442393,0.11579082878125797,0.13683151802382998,0.1879653541921186,0.0387120674736907,0.08591636394899281,0.1354842764605412,0.1155590597802968,0.143015591994848
0.038293610379101124,0.1261226938877606,0.14376178358819777,0.06790378492375211,0.044135713791523395,0.15242961945514677,0.08672941579181243,0.18108439023548192,0.1595389879472239
0.05474627138600715,0.13302614442344912,0.10934700256912926,0.19668934400340063,0.05765710399094689,0.04373183145195119,0.12866644866819094,0.12187661948067852,0.15425923402624642
0.07546313208460435,0.0915435774184908,0.08511157381166584,0.03932134092474646,0.456058670701843,0.0231652344059442,0.061165337561133265,0.07036597284999002,0.09780516024158208
0.09820809142119759,0.12759428976609544,0.1339318419850288,0.12061533730802891,0.06900007624632022,0.030209305937468744,0.10577394519828826,0.15894901430743058,0.15571809783014146
0.1043261351647508,0.1019419027605184,0.10715273119019413,0.046253980387007204,0.21289808438794852,0.12664609891608683,0.06410372447592964,0.0906476853297261,0.1460296573878384
0.10073005199336893,0.1272136975101612,0.1470023695355788,0.08195121791337921,0.05786409299789785,0.08592228882308654,0.13349091264752208,0.09687190482123971,0.16895346375776576
0.08187299707516904,0.13146840862355413,0.1399535198004789,0.09828911133604057,0.07480789032834559,0.051862859276442304,0.10369723091875337,0.18109087598693765,0.13695710665427843
0.09293529126634603,0.10788357323107699,0.12314718578984522,0.2158783681878639,0.08874510552572235,0.06818896228614892,0.09659518619435463,0.0959169326569063,0.11070939486173566
0.10913602629824042,0.0831173834307291,0.09360621508734068,0.048337145353389364,0.058807545878744545,0.20619616429844204,0.19668247590665588,0.1029576139356932,0.10115942981076476
0.08919990079949497,0.10330971818425842,0.10439553064647167,0.139884219564502,0.17885088250269496,0.09842448764886748,0.09569117040620718,0.08748207199890969,0.10276201824859366
0.07572189704493448,0.11756575567720046,0.10867020479810253,0.13911594366815933,0.07093436625324571,0.049056589092756085,0.19320407175744014,0.08941956073174447,0.15631161097641683
0.2567426064269913,0.0888458155341809,0.05111338566071583,0.08375824901979932,0.20752753316721995,0.036506982454363186,0.06208400094938693,0.1433502233977464,0.07007120338959617
0.07635590218671522,0.12246221364491595,0.13076214460014252,0.10903894765684956,0.10021488594571681,0.044963056921720784,0.1764395105578446,0.09212563035207962,0.14763770813401497
0.038455556111702184,0.11477328021396915,0.0934848811354498,0.2690901198023792,0.11077455002813742,0.09453153868397719,0.07566839187450845,0.07714016594670382,0.1260815162031728
0.13613748959545102,0.11687148584876905,0.14422096575620413,0.15912213384374777,0.017342896700202733,0.07024339745059376,0.08698753834862276,0.10949380444033845,0.1595802880160702
0.06082890462076259,0.11600119350438055,0.1432997640452892,0.13520382779363257,0.09793963987266109,0.07199763617788044,0.105937946988909,0.13587212836881113,0.13291895862767353
0.06768284753184006,0.1254296793601463,0.10493377448354997,0.0823960243887461,0.13856776977762045,0.047970933750827525,0.11225178439653828,0.19340334542557502,0.1273638408851562
0.06516479010982866,0.08703110524072848,0.08273953660372242,0.04922595361304675,0.09230139545805567,0.3160685066751813,0.06888399201985523,0.13154680838132649,0.10703791189825496
0.07545066867023033,0.10502575026076678,0.10468478184842654,0.05257726164807656,0.11730747832671844,0.28497861475046465,0.06962307624500008,0.0837164344754762,0.10663593377484044
0.03618537271332347,0.10103810011452118,0.1254523714441481,0.0656885448793898,0.04640167294511416,0.18738015204977443,0.05987840884523158,0.22041183015037927,0.15756354685811808
0.03154799950530322,0.14276495309577578,0.09871404886329845,0.25320494163886925,0.12058542983216025,0.03264023504823727,0.10817953471253013,0.08379528394158887,0.1285675733622367
0.09781407404714733,0.11246876442938371,0.13470463850796113,0.05475422604312787,0.14525123397976958,0.15967661901036767,0.07600176864354556,0.07553208913205091,0.14379658620664626
0.07210841492620705,0.13221156550330654,0.14233255638986778,0.09868801024136442,0.07948403087802726,0.1081880671535017,0.10721719779924677,0.10598691482343621,0.15378324228504234
0.08964164576786954,0.112829677136402,0.09643231068071491,0.046502467279206615,0.29679764980917783,0.05489599267724826,0.12425176831043067,0.0845973238010944,0.09405116453785567
0.11090237637769107,0.1458347359701848,0.1729344546899344,0.1606978868955472,0.046042249874500084,0.0684041301913548,0.09090540359595488,0.08251125331208377,0.12176750909274897
0.08226858213199097,0.1062976800284156,0.10090215138320702,0.11489853405592844,0.13606187562726094,0.18208719963911313,0.08972108820325554,0.07612052585514247,0.11164236307568587
0.17747041778080938,0.11496985815381171,0.11022732259481142,0.08406469553523799,0.09196705733825979,0.09294848915395389,0.07310002290502583,0.1605164747331336,0.09473566180495645
0.1331153079851107,0.11782860915553257,0.13311624652802226,0.07302485972885436,0.13167340566302163,0.09563252232588315,0.07243210032644908,0.08720260485105924,0.15597434343606695
0.09861733971104832,0.15002515818137852,0.12238480990640961,0.08113547331396141,0.13062600338258165,0.08353038360034848,0.10507247639679691,0.13814417689503036,0.09046417861244466
0.1122558483148235,0.13326368674480396,0.15660423927515274,0.07066127090195574,0.10072859652485522,0.08273388162096151,0.14003297887066027,0.08733137896570448,0.11638811878108257
0.16439525579132164,0.12238114153632629,0.14865743468353854,0.14821975072340599,0.037019784639886415,0.1004978707176979,0.07500398290817915,0.10055888160531155,0.1032658973943326
0.058063895212223354,0.13415463493842042,0.14210955049537624,0.1326783695075967,0.04306590693714,0.06086605650314262,0.11987591366574864,0.15423185215510607,0.154953820585246
0.09792837773140839,0.14919831210154127,0.1285510255283057,0.0794434188028418,0.07599687629633604,0.05041599719655454,0.1297383152742739,0.16203662280140463,0.12669105426733368
0.08478615699575283,0.1382936959181934,0.14631642105617335,0.07850048610471859,0.05991886246022759,0.1296391229232117,0.11941826231499819,0.09867633752222549,0.1444506547044989
0.19557757708395684,0.08855419335563595,0.09036457965735047,0.18146129371564887,0.14773637933881525,0.07200684528851167,0.07029231619319974,0.04586830119565194,0.10813851417122927
0.07161846860907177,0.12237385432151182,0.11408057334481092,0.09943798276582905,0.03626126907477461,0.2194635429325248,0.10023894802686273,0.13790716558584468,0.09861819533876971
0.06964898311768962,0.10926947101091605,0.1587869862624818,0.0655683405201142,0.20907285164751455,0.0323387909143549,0.1013125317870039,0.11820379775129615,0.13579824698862886
0.12970825057300736,0.09951519173854861,0.12195168896529877,0.05426475497794267,0.19201015446015304,0.06859980601340723,0.0792744081296114,0.10391911773680307,0.15075662740522777
0.08652357762483719,0.12521709582773985,0.1332907869877322,0.10832901511587305,0.04887439865270037,0.09437909718461218,0.12663325069778522,0.1322497364931371,0.14450304141558293
0.2508082698638318,0.07448202437756117,0.06608297804298517,0.13644191148351403,0.2095184488822072,0.07707037300454829,0.05664837289387192,0.046406407309822595,0.08254121414165784
0.038983809339299805,0.09893813001721725,0.17188243635367836,0.05554983380819941,0.08077272386017553,0.2173649507829998,0.07559441327760921,0.13162037013886455,0.12929333242195604
0.2414685045428869,0.0893709887010693,0.05477326073255715,0.04102455688383614,0.19718962826357544,0.07528152750677132,0.059584498109031124,0.17429597210450828,0.06701106315576429
0.10566539977200103,0.10372142261888474,0.12280368613792246,0.05512684361998601,0.18990807677598612,0.13002474703987033,0.06820217934266065,0.10186921252465542,0.1226784321680332
0.12812880177258243,0.09539127460934309,0.07954505455889165,0.05269193368993508,0.261307350053298,0.1313195561538763,0.061235156668579864,0.08090619883749357,0.1094746736560001
0.11637460133999189,0.14482759614206153,0.09811371723539832,0.23465923217131723,0.09079662762135972,0.06471551614855112,0.07031772266979942,0.10907031259719659,0.07112467407432423
0.10566520036966144,0.12488047657850265,0.13202329093814547,0.11332952478526633,0.04254340699379886,0.08633765202077283,0.11256498097355487,0.13554707204878436,0.14710839529151323
0.08521417993359266,0.12342621520746921,0.11456083646098153,0.11642735033635054,0.05773657580833604,0.08559236024706225,0.09468046899765176,0.15600543189272756,0.16635658111582843
0.06660573500545487,0.12756956499207425,0.13077204400101833,0.15336429561054857,0.11184340217045137,0.13692415466305055,0.0770979701737895,0.09994750068225737,0.09587533270135519
0.13390459945939812,0.12552939521961082,0.14083970575671811,0.07583809592813227,0.13870926856746027,0.05351318691175752,0.09833673085382982,0.12319195928271957,0.11013705802037355
0.08808658458548883,0.11501446639278844,0.11667690282085504,0.06400023789733361,0.1251696825195304,0.09382900289028728,0.12387835559178158,0.14229479618161073,0.13104997112032402
0.1269095569169375,0.08364280964594807,0.08012458624216999,0.06817474334241812,0.057264627211534386,0.34310251740726566,0.07308345311724136,0.07849918207714711,0.08919852403933781
0.06887022450490808,0.10053461147602451,0.10857345420934639,0.1951420065386844,0.06164800955565395,0.05646147664012768,0.15269836149957353,0.08030103796271931,0.17577081761296218
0.03843321273871306,0.12207877877920285,0.1443408581083554,0.18924763845054385,0.06927668441406064,0.04932343439960644,0.09547805738036508,0.1287646828450522,0.16305665288410048
0.11724785741010864,0.09181435729025912,0.09910434414196145,0.1069236913430185,0.03051041254848171,0.3171891275191144,0.06558465171361567,0.06315051825726727,0.10847503977617307
0.12894968073934746,0.11933459401724049,0.0952942328850604,0.08307651757994225,0.08543488117965421,0.18535707039568786,0.09433994258132507,0.11440931339121763,0.0938037672305246
0.0929790938702753,0.09891175651118521,0.14228833373417718,0.16207004571737585,0.13279717644874353,0.07905935968785083,0.09566086354241693,0.07823744647322523,0.11799592401475001
0.037637326243879284,0.12984749424915357,0.12124985508125667,0.17558920256983104,0.03777114469268436,0.03815574377582175,0.134205007867991,0.2077068327380566,0.11783739278132564
0.08426666449210618,0.11842979778207695,0.13726404324950695,0.13275939026904873,0.057486467856952016,0.08361390521244656,0.16632941284496566,0.09157622167533382,0.1282740966175631
0.08151088074606962,0.12051630158151692,0.16521513049587638,0.08980109425794862,0.06109417823539059,0.17457269191938618,0.10818355745165642,0.08422406578289356,0.11488209952926166
0.05835708519437146,0.12345439503908695,0.10645512761268418,0.15711011821127951,0.04996730396159499,0.2426994347551966,0.06492142354888175,0.10284725529476686,0.09418785638213778
0.050394435104332974,0.10820051239773099,0.1376676844327966,0.16809461720591967,0.029204677031682256,0.238773482304285,0.08076635216787105,0.07044128593846431,0.11645695341691713
0.0528214862123128,0.12176633654330275,0.09379115225554102,0.22479002434567752,0.07935757786726605,0.03138701762002531,0.09039159566550409,0.1466778368041912,0.1590169726861793
0.17636482568437392,0.1073649631045341,0.09272774505249944,0.05476583344902994,0.23686292647135407,0.03260168720362846,0.0749168211266171,0.082498070527322,0.141897127380641
0.05782816277371553,0.12074661190404819,0.12045116022455328,0.08115389769124888,0.04916923060886861,0.22202123073022328,0.12003149391094281,0.1261378108232065,0.10246040133319297
0.09658624509738778,0.1365036337176407,0.1509476942393384,0.09496139083851089,0.02909531115629028,0.21630131192568317,0.07483075337268748,0.0788898214271584,0.12188383822530287
0.036165011413798305,0.1279596874451616,0.09930584598124136,0.23202725330071852,0.14975182634251713,0.07890400861817089,0.07005808937725373,0.10025381280974599,0.10557446471139247
0.18289109726452127,0.11515437359816683,0.12245924722850306,0.0672752879371283,0.05915383624679573,0.024914279936977906,0.15291612608899943,0.19957106135288463,0.07566469034602272
0.09481991709365778,0.13564391434679757,0.10523847934975529,0.16042037879481255,0.09212302465610785,0.036416222865129626,0.09604919232013587,0.12282249596100285,0.1564663746126006
0.14526689529811182,0.11280175836514766,0.1326378894675718,0.06436738702058964,0.0987687981015863,0.17154660817569853,0.07881307723005182,0.09846109014882069,0.09733649619242181
0.08040849714657113,0.11657495598609736,0.09620147491262739,0.14118421033906106,0.0709402501230908,0.03750620579074842,0.11385904737609741,0.16615699080075005,0.17716836752495638
0.19136658527932973,0.11440832701009479,0.10100872086194673,0.0967741798533922,0.12883525211260544,0.05621473910829924,0.07767002543948374,0.11023607757037439,0.12348609276447371
0.08693240571359862,0.12254614393428725,0.1120418738715722,0.06994968314949958,0.0796553950181681,0.15971309657642838,0.10219813656569532,0.1774751484258967,0.08948811674485381
0.10734621386211492,0.12858010384132515,0.09808574598097845,0.09252094544445862,0.09224334741380436,0.19303437096576004,0.07253532922051638,0.09704698346689211,0.11860695980414993
0.19397727962215247,0.10590889817971916,0.09148767379860516,0.24122197923201102,0.022844989095590754,0.07834773479178425,0.0724701943668769,0.07812201497881985,0.1156192359344405
0.061676581505240004,0.12588960766119475,0.1284825558644561,0.10151949869500283,0.07348173311060475,0.056862625190068385,0.09915563329187888,0.18064461361549503,0.17228715106605927
0.15806436170028484,0.11824507686974677,0.11102106904787325,0.22912284049611467,0.02325103537118312,0.03930589857778813,0.08780595673716507,0.13643166406736482,0.0967520971324794
0.048817859836529524,0.10446473486655032,0.07805683044263546,0.05172118093555398,0.24067471093672022,0.19341592952079187,0.08850230931218615,0.09173277604706905,0.10261366810196342
0.09887642583618432,0.11194676516641823,0.11088533469743138,0.1270286737227542,0.05161603925200161,0.11733789004762363,0.11596417929983847,0.12101934815626575,0.14532534382148232
0.07670410420723274,0.13310649021377818,0.13424137541586095,0.09807607192418298,0.07004079691429242,0.0456146239453993,0.10665335446421288,0.18988173529967423,0.1456814476153662
0.1104394367358698,0.11784108003351139,0.11103204938268295,0.150822673498793,0.06941061799464117,0.18377326832420052,0.07928195856069697,0.08341408194276963,0.09398483352683461
0.08954475486457684,0.10161533426339432,0.13041438719986206,0.07392607793796915,0.20075684608600683,0.033577432504677256,0.09832641496349225,0.14862821644594135,0.12321053573407996
0.03177585365238406,0.12555756923053316,0.11215555096841767,0.14927381513772037,0.1111596614158221,0.0567637708065765,0.12505087647970758,0.16390114012847387,0.12436176218036472
0.07271786983690891,0.11189753060281955,0.08862013137050519,0.042316590648142804,0.2435819070669432,0.0401658737001961,0.19528148493864825,0.0790316022149029,0.12638700962093308
0.07372013445260271,0.14667939633145707,0.13907129672644516,0.16680995691575248,0.060288213846402296,0.04697782428750425,0.10374890484258407,0.10414185097690314,0.15856242162034886
0.10997428808582087,0.13704020026385477,0.14404332820750423,0.08796364577657549,0.1402430449996491,0.0667665243865591,0.06757950291888264,0.08902365298189834,0.15736581237925548
0.21514269243632125,0.10634613737383843,0.07482820651018313,0.14566812753139805,0.041279698747243035,0.11112591673991797,0.07902044908214532,0.12925200047436494,0.09733677110458787
0.050432774291040726,0.10668682878000817,0.11718698655304634,0.17296828250141938,0.05926757309136876,0.18764297438567465,0.07462463407213617,0.13568145287627817,0.09550849344902777
0.046810078641284204,0.10120369488094601,0.10816392185833096,0.18058623605555466,0.06615201041275431,0.04479196740205208,0.2336450090457077,0.08012442887719644,0.1385226528261737
0.058621812465981304,0.14042313258115643,0.14338224804609542,0.14083582982694723,0.041916047508587184,0.03331784432596805,0.09028816757812526,0.223252684129589,0.12796223353755007
0.15330259445708153,0.12031137530697611,0.12001725115622909,0.07576199475340206,0.1292608434747123,0.15790130686572487,0.08820812694416569,0.06633538575016204,0.08890112129154638
0.07442842667654452,0.1344031637415757,0.15882010452744966,0.1155326428081409,0.0384991432985252,0.053401778485674255,0.13866484864664755,0.1454639378892191,0.1407859539262231
0.06805203467035595,0.07487469379504157,0.054629305076897984,0.2969514965759658,0.14826261291265497,0.10112139021070495,0.1230979276631663,0.04720411423071108,0.08580642486450134
0.07249662602984246,0.11275041366299972,0.1037483940603271,0.1401483656847848,0.07229922940748316,0.03923682004615173,0.15338208601919312,0.13563407567610888,0.17030398941310895
0.12505803669500234,0.10699677793081556,0.10408318342302976,0.10938669548521363,0.04961126003357543,0.20829875470181078,0.07184409407391977,0.10368637251830155,0.12103482513833118
0.05708843760234022,0.08953764218643716,0.0865814421714252,0.08646604306204402,0.0556793562901221,0.3864381016672034,0.05739290891584071,0.09464532951209252,0.08617073859249462
0.0949243386179147,0.08872703230552044,0.09477025566287316,0.23488160813203598,0.025391008478402848,0.15921674309903722,0.08442246517431612,0.07002067048194416,0.1476458780479554
0.145855759382603,0.10730639112543221,0.15683161571589468,0.0661474159535297,0.061426843780017136,0.15660924826895375,0.07863802906384239,0.11798163228649976,0.1092030644232274
0.07805848130015314,0.12020465606938986,0.11390264778060528,0.11245246166019685,0.0738554806578084,0.039284808554771955,0.12389056662943733,0.18050851897598438,0.15784237837165285
0.08379910125002221,0.14317127642198166,0.1295186249971874,0.12658370055428797,0.06954949748792982,0.12066727130139036,0.08354133578457462,0.10527976036681885,0.13788943183580712
0.08253716742637768,0.113829878323696,0.10185230804166144,0.07512132764800113,0.20442703383477825,0.13622105532095177,0.07298247953740701,0.1073894036228445,0.10563934624428217
0.04599515969054178,0.13860521776310653,0.13460892981663938,0.075207189178311,0.04665722127684097,0.11673655658054567,0.09470342936280453,0.1907933972631537,0.15669289906805647
0.16743116614631084,0.0978870523025404,0.13346618838822502,0.11809168786515473,0.13639036875537955,0.1096190870426411,0.06779992010536871,0.06062618994234714,0.10868833945203245
0.13220227549426047,0.09577130492060354,0.06924515022144469,0.04019600716048124,0.35099219061319625,0.05704297917703404,0.06306064317299243,0.10597391898984222,0.08551553025014517
0.0745123447117863,0.1225807913092433,0.11752577033157861,0.10462286956574406,0.06316050898080093,0.06350662505268989,0.13335926519483485,0.12840518197955061,0.1923266428737714
0.11803131635578278,0.1076318013305627,0.11215893220766826,0.06530320034637462,0.19991279150884053,0.0857105961974487,0.15980728094792365,0.05964101429745555,0.09180306680794321
0.10805254390954966,0.12249859350751922,0.14369739759446884,0.1548038628870641,0.0863622409547928,0.07621417403303231,0.12223630901198557,0.07091841502280974,0.11521646307877775
0.07942685705347956,0.10257194935847098,0.09894938885686566,0.06314046290881938,0.09791173590109105,0.19701114237587092,0.09401663422281344,0.13695340380099383,0.13001842552159504
0.13266900640427678,0.11725141130700924,0.11158123419554807,0.0631365972561561,0.10502160888059364,0.06798023886407661,0.16542802425350847,0.13618764192866592,0.10074423691016521
0.07930387841842425,0.13849915117756045,0.12784734559095878,0.1231469249755424,0.043988372568013835,0.048891178774790635,0.1236522446100058,0.1668875563454477,0.14778334753925607
0.06600961614827733,0.10657539888025243,0.09005081101881894,0.07465311145120694,0.07806720753030733,0.28328019761443374,0.06717481983923725,0.14278696870527294,0.0914018688121931
0.15410140125576732,0.10541190683487563,0.07286151116801447,0.0456920504110643,0.27838575178025626,0.09690453119128978,0.06872369282684472,0.08516083180362455,0.09275832272826294
0.08369372513082352,0.08423299753891182,0.10531258022287841,0.04767724963101372,0.09641340770095815,0.2951771545616633,0.08606630420742979,0.09929996239373014,0.1021266186125912
0.3217944499392855,0.08331640548149262,0.07062535110884756,0.044289181490446784,0.18690598001861222,0.08960368160009197,0.07076329175412427,0.0662852608746282,0.06641639773247084
0.08765568258677213,0.10989020175566676,0.11334333272770085,0.267901883385944,0.06583672270662023,0.09307846570870099,0.058250133490493995,0.10591929231403278,0.09812428532406829
0.15611214719515284,0.1269897094339801,0.09152820380754174,0.12922136088745229,0.07174014313622208,0.04342901836092827,0.09369878594874154,0.1452731889357884,0.14200744229419276
0.1250524464329252,0.10108296032391378,0.09371052044841603,0.047957409267237606,0.2345250028074001,0.10360887125679567,0.0843796728581878,0.11089177886847201,0.09879133773665168
0.06535318398683775,0.12918367590825183,0.11767187961745394,0.2444610802774496,0.0734154203232455,0.08463793610263359,0.0721091222386162,0.0917644531530426,0.12140324839246897
0.1185719225739344,0.12800001431721622,0.11235613030623655,0.21926884098365537,0.06661397949567606,0.04062019417263719,0.08564956648127715,0.10660545130480352,0.12231390036456356
0.05098483785803273,0.14062663930091068,0.14749080033876014,0.10180431092055849,0.05429467745860297,0.15686347438581727,0.13063396321139698,0.10212567836535573,0.11517561816056508
0.061845407441826115,0.12961546433684787,0.18902969073876308,0.13062872894059482,0.044786080180798354,0.05791555239734747,0.10365776991414007,0.12011985720978775,0.1624014488398945
0.041972706791791194,0.12973629948800358,0.11170466473105727,0.09383910887282838,0.06633006031152922,0.23963678542583408,0.08973180515161434,0.12743299129659122,0.09961557793075067
0.12580748569506084,0.14403654314071024,0.11651832642639474,0.08207380875017518,0.10004115849709401,0.05875434271280092,0.08430010458381289,0.15058053022153944,0.13788769997241174
0.10976221529002166,0.11680557260365683,0.09840628259220434,0.06273741872633097,0.15803342243996174,0.14008223984859985,0.08204711821611364,0.12269499694833734,0.10943073333477364
0.19435955909995573,0.1145164322320722,0.16112250550097687,0.0808800467143035,0.09055454022585047,0.08908033754950777,0.07949538247640427,0.07491135751907729,0.11507983868185194
0.04525462057456529,0.13196810734797645,0.11460508022776039,0.1880442133421705,0.039664709512762915,0.0820285956724086,0.1399097948693341,0.1348377916700899,0.12368708678293176
0.055875079006192284,0.1201774362385884,0.1156338207713437,0.08694167495842912,0.13756279638688418,0.1474778591293032,0.1156515296250226,0.11051980589063566,0.11015999799360093
0.11561522771451847,0.09475918580521236,0.07944534273786645,0.24106373565389175,0.09835650819437965,0.17877743785359357,0.05166796438454529,0.06513661630213131,0.07517798135386118
0.03996217708081904,0.1342201278703921,0.1360200647227673,0.25875184304672455,0.09179042484235644,0.03341837413314001,0.09074339513011372,0.09920017541343068,0.11589341776025608
0.06058122134086515,0.12722931058503764,0.15909843870918752,0.12645902060162115,0.07642192803075996,0.018413600506188895,0.13732720189584433,0.186524707789441,0.10794457054105434
0.06288224899262329,0.08428324576934958,0.1055542114433851,0.053557631219408264,0.05791987025139011,0.3572046822256394,0.06620263466235751,0.12178446331706154,0.09061101211878515
0.15823293774147154,0.14303814932867406,0.20500762989468638,0.08153243351064308,0.030144951111593116,0.08603765708997906,0.10034131354518329,0.06645752408901849,0.12920740368875108
0.1579968533282823,0.1144018453297484,0.08566954735362681,0.1164467888611081,0.1703321841339538,0.1456281352407933,0.06960726617577138,0.04739555615500385,0.09252182342171211
0.10648186882472314,0.13524888827818068,0.16250158203114637,0.15063904291578656,0.042182779684116344,0.05002674022786191,0.11138246338395665,0.09651086639831126,0.1450257682559171
0.18933556416254707,0.09651852607446294,0.07057843725239406,0.04984535036158155,0.2478714025892658,0.06741048574167499,0.0791707160825162,0.1252937332482713,0.07397578448728605
0.09911809384816635,0.11325421118149355,0.10830135867964236,0.08530069240698772,0.10417168499156054,0.10000358311724729,0.14594826296319605,0.13384490566419538,0.11005720714751087
0.09218328570806089,0.09184207134220512,0.09853438957378619,0.10158249669593945,0.11054889804659689,0.23613260757548207,0.05311718311117392,0.14522153679804836,0.0708375311487071
0.042596920698684156,0.16042765639049616,0.1374673966795582,0.13478110314675126,0.12019159102343595,0.07064130127728262,0.0770371309654727,0.12718263364529095,0.129674266173028
0.047034082228025846,0.12025092474084907,0.1538440728623344,0.0975333415096959,0.0829075224183675,0.13800143056419592,0.11076258495978741,0.1390952965539472,0.11057074416279682
0.07302552352134248,0.109656489221882,0.10182502481522508,0.1668566256863188,0.06400555110488788,0.04197911574580656,0.17012767666415676,0.11615447243716646,0.15636952080321398
0.26496959075588133,0.08998604056519592,0.08077936553844346,0.050123680678610234,0.25754466972202006,0.04784427080920992,0.0586894304127242,0.0781326518023543,0.07193029971556063
0.155599451451385,0.11684009922757309,0.07655870667337349,0.15703586089719276,0.17927676564649933,0.062382995318819356,0.07673928655930656,0.1047516386357138,0.07081519559013662
0.0879391337436088,0.12168634803296803,0.10036772389199672,0.07431494955085202,0.1564429438359781,0.11451017070425029,0.0792220327746203,0.17312527540131772,0.09239142206440794
0.059371344514109914,0.1356978478746878,0.1242635480766602,0.1796414952869835,0.07585125068266589,0.05598013146842264,0.16517716673989977,0.06718327857190169,0.1368339367846686
0.1992854688105303,0.09411044121283818,0.08695130302989006,0.06264930920740973,0.24526662453539871,0.10273633799952596,0.08584118850806695,0.05544230699195337,0.06771701970438683
0.11592475321356165,0.11859375176149317,0.1348389186164586,0.07631524265262173,0.06534696535544442,0.07293846325606208,0.10532867487062526,0.12407658272909321,0.1866366475446398
0.07780243722729052,0.11966936981356986,0.09346901614078519,0.14683712853606282,0.0373164229592441,0.20555255616428003,0.08475312885816011,0.13208882068872074,0.1025111196118866
0.05581989691238113,0.10947289592763794,0.10370812726094884,0.21243954165810672,0.056845323952122294,0.03563184884398831,0.17891170985028462,0.10929786936475912,0.13787278622977103
0.11806295775353237,0.13422927039124963,0.14371506365359052,0.22582568563825037,0.03559341251149109,0.11562512031321033,0.06189646466326527,0.08054072185630456,0.08451130321910584
0.049813349539065806,0.11151025881461879,0.09118619370989078,0.04765506055327804,0.16323258941107668,0.12421840975065879,0.10447082807776968,0.2324996084809364,0.07541370166270502
0.02515810854670132,0.12030093728162906,0.1393820267755774,0.17650292073299848,0.03557432402535098,0.16274494615115423,0.07713146973806795,0.13884235917379972,0.12436290757472085
0.04520108007243653,0.12075630115629317,0.08535589070627735,0.08071601398939877,0.06714316922184647,0.2510322430357302,0.08113687666906386,0.1524219007363727,0.11623652441258092
0.10102461057686386,0.1265778159291405,0.16554738866701954,0.06586251591629627,0.08327803039985814,0.10523901638526241,0.11629893687615861,0.09178886342256336,0.1443828218268373
0.06525288028234902,0.13259719074931622,0.14715182844230623,0.12792387600999072,0.04595999449919324,0.05424103121395132,0.12394332085453412,0.1521037143045166,0.1508261636438425
0.038125846548979665,0.1063435829460065,0.12513239262085515,0.10034176879303304,0.05784552862250932,0.17741448450618344,0.1260267417978375,0.1668610422844701,0.10190861188012523
0.05654747518851052,0.13825428042766888,0.15302624596240919,0.11046603603862504,0.041275772294637976,0.04305976982517992,0.10795639430856262,0.16860883663320572,0.18080518932120024
0.19272490810692675,0.09476859113028073,0.10915974545912206,0.04369369241661156,0.25449936525432637,0.05050008795707672,0.08155886174218757,0.062038397418208636,0.11105635051525958
0.14609925729595444,0.10855268353613669,0.1104632043027969,0.05348786101595481,0.17375595009851752,0.1184071679181975,0.06634747904874842,0.08862941978487127,0.13425697699882258
0.16565722021291926,0.10020053883882955,0.0843972764044237,0.06746817578637242,0.07968708330670922,0.241878148517204,0.08227594995680142,0.060349735558027105,0.11808587141871345
0.10538271112279807,0.1095680428604446,0.08927407287933177,0.0573996647606271,0.05780130101558747,0.2288395330653691,0.20097916943530028,0.07529409668202414,0.07546140817851754
0.06900661828065553,0.08977130119192243,0.07806210835770441,0.06176438797278847,0.09826436248087093,0.3052006290488065,0.06761767110808356,0.13891924339654238,0.09139367816262578
0.11305764695469611,0.1557032722943814,0.12955669260217317,0.1122536714082223,0.016137236024509543,0.06458626433515595,0.14004280113416656,0.1602331218329711,0.10842929341372388
0.1189922864732208,0.12621319240310858,0.11884298782651115,0.17178499642354142,0.0688263721466771,0.08840798900598164,0.13883359091571595,0.06375764965668447,0.10434093514855895
0.09572485579707996,0.11928105713861226,0.14232131677061133,0.26500427047583647,0.02208930069543903,0.05032447309399244,0.0883850354524673,0.1172937230242138,0.0995759675517474
0.04771423451360889,0.13826544188484205,0.1288074964948462,0.09136948029461549,0.091326720656474,0.12021450360878105,0.1199916104320828,0.1296082462413701,0.1327022658733795
0.07914310884151762,0.12908236794662606,0.12267100883479375,0.09712479168181055,0.07853911403298365,0.13291552340909396,0.11374258152125678,0.12475910646778954,0.12202239726412807
0.15751194677700928,0.12360291181185268,0.13946139992278297,0.11597320067187496,0.059366534398822335,0.0895478959548306,0.07976413551457073,0.14965205574188697,0.08511991920636952
0.20596096686005558,0.10693277820396489,0.11146350820987017,0.09844391011041442,0.04505994732907794,0.1744099710599369,0.07358684237306669,0.07105621030845559,0.11308586554515783
0.2287275738539628,0.11074506457518822,0.0880721999613477,0.049801254150175604,0.17261440770685507,0.06354821017245742,0.07343535374245214,0.12751511850379646,0.08554081733376467
0.0342323127481176,0.14011517411387342,0.13652971929866908,0.2423772686392284,0.046551999683249856,0.06701092440229946,0.10122341120599689,0.10314674094040914,0.12881244896815605
0.24962513941883632,0.08745474878769223,0.07012656213664561,0.05352701295480167,0.30822819282617475,0.04161045017018177,0.05686987401730683,0.060427529220635524,0.07213049046772534
0.15258311137224279,0.11374967593175127,0.146000345301292,0.0850785368111313,0.0869792866223043,0.030856658350671657,0.1187107718065692,0.09553127669784327,0.1705103371061942
0.32354138813678707,0.09796453677110069,0.09451453742947553,0.04887184601929015,0.083065306110402,0.0848795266188271,0.06851321448891202,0.07918701063935957,0.11946263378584597
0.19212735212027776,0.11064021789890459,0.10001909078161925,0.12468792502654447,0.0414182961824748,0.15813969924953694,0.07739131404415017,0.07162214410302221,0.12395396059346979
0.1366582225369806,0.122796280014353,0.11049190066086854,0.22914281478622853,0.03157655659942605,0.06031527608674475,0.07704638909653863,0.11629398096845085,0.11567857925040904
0.08073199777478618,0.1065710883146022,0.10868042872819698,0.10319890349575574,0.11642851393664617,0.16981587903644135,0.08264042797868441,0.13285582753812133,0.09907693319676553
0.038670570924335734,0.10934068372677848,0.11985029995201668,0.12030357785888524,0.09207258359872168,0.12452728082178133,0.2029588261263755,0.07030708529946157,0.12196909169164379
0.03090449805224908,0.13846462433559875,0.12822473098008638,0.3056060340013189,0.022926293719370675,0.08795083177597517,0.07767658029916298,0.10409072563621113,0.10415568120002683
0.14762557579004668,0.10353289303634632,0.10051158537346853,0.052659518691138406,0.1278179493609903,0.21319488981593404,0.06680265145132393,0.08403737379462528,0.10381756268612645
0.13740927873249512,0.14273359196605906,0.14423477295399598,0.14051904014292035,0.08115353830243617,0.046172087012678276,0.09574036276006519,0.09304567297172939,0.1189916551576204
0.08539058508574926,0.13074041004788695,0.14213566629190452,0.10919065855433154,0.054045057884870885,0.060576207775645784,0.10262799551953654,0.15976137915904945,0.1555320396810251
0.07235667881510005,0.12280863440479484,0.12115619309708621,0.14740954294275385,0.028138127437353885,0.03899420513794885,0.161837897245116,0.17776895571973253,0.1295297652001138
0.2460972131152852,0.06819813094693762,0.055347284987437205,0.02971042493739161,0.4066328164321121,0.028119572613132738,0.061590231282197594,0.05480642527162879,0.04949790041387712
0.20086373397866872,0.11840660012029021,0.1347134005524996,0.14371635960053322,0.028754358781021182,0.11240291873265791,0.06623788891722969,0.09595104919872872,0.09895369011837063
0.062190489449017554,0.13377551611813585,0.13460734204875766,0.12070814389325975,0.11593574047860133,0.055488894453001425,0.08456905461573024,0.12719900712403762,0.16552581181945858
0.21755970094125676,0.08674865261064019,0.044114508067204045,0.29632599947348437,0.13618048889948173,0.05934038506729598,0.05109671101706772,0.049033439595435775,0.059600114328133356
0.12315592831175935,0.11457834214265977,0.13026678081144352,0.11407381290256939,0.099599337066836,0.0987658238106115,0.09052030598479516,0.08194496348640982,0.14709470548291545
0.06477632803749389,0.1356333842972592,0.1006089743208844,0.24586838072856007,0.13820109000897796,0.049144554365302594,0.06316367248896147,0.07732355486624988,0.12528006088631058
0.07134693334736573,0.10704550299937261,0.13585606326399915,0.059883597292040784,0.13547097522991655,0.2232973682355397,0.0678554408613854,0.1141110695680528,0.08513304920232719
0.03589575999639516,0.10040645303034519,0.07792842032094513,0.06486589439018596,0.03153572120775632,0.14181051546611895,0.16699258857554788,0.25101602158220576,0.1295486254304996
0.08974156137138832,0.11944347574154168,0.14988896530960474,0.220071421728925,0.03974203689270308,0.08043645902548385,0.08619073129681216,0.11069492242447726,0.1037904262090638
0.15195216366374534,0.11044838519474125,0.07339927162101302,0.21141898361860414,0.10293399779247746,0.11181189306290167,0.07364740910571473,0.06123681061449445,0.10315108532630797
0.11001981254931982,0.11348697187888306,0.14157386007030356,0.2214306065484987,0.06574605135593647,0.062449104621840446,0.06921263067433739,0.08928504276917526,0.12679591953170535
0.053155730133407235,0.14569930452427207,0.13581866731869205,0.14976214230867974,0.0698092218028414,0.07236312997790172,0.08789676893937186,0.14324296258682645,0.14225207240800755
0.09369589781528757,0.10347924476409813,0.10127397536153254,0.16973003194006595,0.06116467146550126,0.14609863506298124,0.0818529294131149,0.11105037063266561,0.13165424354475275
0.0471159919453227,0.13367000545825888,0.1977674794873231,0.09166643608392477,0.07321272834369529,0.03519996960355709,0.155681956936956,0.11857992906563536,0.14710550307532674
0.11925574496823195,0.10387980793442447,0.07084534293136319,0.13128957383698633,0.3143738819403102,0.031895403889422726,0.0675360476098141,0.05915122760938458,0.10177296928006241
0.16832406906010466,0.11840614469105785,0.13229619783044408,0.07041987140106842,0.2078638082738671,0.02604833882166789,0.07136067956382706,0.09425822970543517,0.11102266065252775
0.23139261392022203,0.11485680941187647,0.07097423082503622,0.05395667073075017,0.14956176742764762,0.12796481453063205,0.08419690439916333,0.08631218487579766,0.08078400387887437
0.09285459280478885,0.11749514559497114,0.12646114576078882,0.10985456061884276,0.0954537768809391,0.10930950118108533,0.07446010295395854,0.14068883850948924,0.13342233569513617
0.049754203887034276,0.11006505538928389,0.11240832847165301,0.15266209038171227,0.09141293785672354,0.14437160416954498,0.17158427787412323,0.05433581253993396,0.11340568942999081
0.16944031704638998,0.10541161857652549,0.09101833895153938,0.18910622558365678,0.03602355853559519,0.11537748226899104,0.06339682184789998,0.13004966422875483,0.10017597296064717
0.3856931285982146,0.09439682287362268,0.06601925510709211,0.0579757486076412,0.14565042272385148,0.020599774337140383,0.06927621134897466,0.08327319024843356,0.07711544615502931
0.158399272817118,0.11643041293239842,0.107019318276986,0.12738900494016414,0.04210314821877823,0.12197220391993675,0.09524125052349834,0.10951473558725572,0.12193065278386432
0.1158959801953323,0.11970674064663622,0.1105214365894353,0.1345133984672522,0.1294879116632355,0.15187162923079792,0.07868510762444213,0.06406265112941696,0.09525514445345147
0.05184349020829718,0.1094631315572804,0.11873124444949096,0.06472661865409009,0.18299806491953155,0.11149777062023493,0.15825940916199835,0.07778751318830576,0.12469275724077077
0.1144256037279564,0.10088270921570301,0.09557588122234091,0.2612978362719381,0.06036184019079909,0.05710001787173078,0.09007725866540371,0.08903374738113061,0.13124510545299747
0.1316030355806966,0.1262899405512893,0.0963671600314737,0.08973750988425837,0.08843429950138297,0.03733257302500759,0.1436341365598932,0.1591452167771529,0.12745612808884532
0.07444875703471028,0.1316042078927998,0.13303824056564695,0.12519455011189276,0.07505551707278395,0.06317675317657005,0.11929314336253076,0.12980324683678976,0.14838558394627566
0.06864048900549373,0.15231049652770745,0.12275815794328589,0.13977456875720373,0.05847878292096755,0.0344213399091508,0.10799713375983305,0.13531736522908064,0.18030166594727723
