0.1382058396841596,0.12032784241044797,0.1317265153624784,0.02344784903253482,0.13350058225366992,0.17936908198628865,0.13586633665313455,0.021517898673218155,0.11603805394406792
0.13670069846243726,0.17618029829850693,0.11319855038759415,0.04320863434551452,0.08396454514219953,0.1486698475114856,0.06044364569923916,0.1861729347532172,0.05146084539980564
0.09731263619792752,0.1304566981685948,0.1307911796074918,0.01827144321202828,0.0416407429694037,0.15235138720232236,0.16593696514874223,0.1494382235671832,0.1138007239263061
0.08250505584055623,0.11798022646577251,0.0917501806687563,0.006012348563627103,0.24019175602177134,0.06966555632327283,0.06218704376726838,0.1986267104022965,0.13108112194667876
0.22527625081026467,0.06472675321375555,0.08856153324349898,0.05538590898901848,0.27149263480750424,0.08940060555074607,0.027675107648673553,0.13457244714735858,0.042908758589179835
0.1835981191244662,0.053951529895068844,0.10774745161641973,0.06806843317389338,0.03126127673491529,0.10389056104051353,0.15992591108844226,0.23897229850561033,0.05258441882067035
0.12718395624491147,0.06136316673584872,0.10939672505794788,0.033008256333686516,0.035791940414563995,0.08723930576391221,0.3826809752288148,0.07800468034480218,0.0853309938755122
0.20358909534733927,0.0631883978426601,0.11643650184807953,0.07078467532351432,0.11293181782052443,0.15284539195392388,0.05873282711210343,0.16784355627013658,0.05364773648171844
0.2704849804809956,0.07669732853339913,0.12904811043669653,0.10895929469711456,0.1390381626913475,0.12487145148786588,0.08290054082175032,0.047711489863050814,0.02028864098777959
0.055147809383942835,0.03574131692731918,0.13491429376322964,0.048667322514603116,0.12411476537113249,0.06083175030054811,0.1805534851923293,0.1674096871107701,0.19261956943612524
0.23577682450723522,0.10072738586212847,0.10838374385456018,0.033020501654327204,0.11988891633028716,0.11606860536952468,0.053714683606207105,0.13846150253793185,0.09395783627779823
0.24820384792942987,0.1829639087018101,0.11604302443876573,0.07719112266718842,0.10585803989912813,0.11119008371617174,0.054723050779411565,0.05343638995145578,0.050390531916638635
0.24208410683235038,0.042983391924525216,0.10975194262402026,0.030327970867455232,0.061019583996220816,0.16457243073052827,0.17913580800152218,0.10915025633816387,0.06097450868521378
0.2188148758648142,0.049795766274055624,0.10541217550170352,0.07234358815672566,0.18423672739974836,0.11602849329590235,0.07501874983851414,0.15322151406979528,0.0251281095987409
0.07436509679547508,0.3320076003180165,0.11253249461296876,0.1183911737851504,0.08397208790561521,0.09919335488017984,0.049894090040768384,0.0731143803163193,0.05652972134550662
0.1210159694828951,0.12412099551432916,0.13748662953160465,0.053440952161510215,0.04532525512335986,0.10470827562800689,0.10341595209156695,0.20334019252684343,0.10714577793988378
0.0797388742045838,0.05246260601872905,0.07364499338090565,0.08759631256940825,0.15928254138701228,0.06626406662021704,0.30191756280850807,0.018006165538311095,0.16108687747232478
0.041718496386199726,0.24270449025768973,0.10063524207650587,0.01579653749939809,0.07235198483598802,0.09674659386457785,0.053528879315589306,0.1398135912669445,0.23670418449710695
0.13457204518550184,0.0883294871150226,0.1589458331655557,0.03388787284812405,0.11629659623150661,0.13079808011601765,0.15466846077155094,0.05490661429882698,0.12759501026789366
0.0512245933739563,0.09515231988661114,0.11874545099126947,0.16407187065265777,0.30015321377442894,0.08688585277278209,0.028219677435445376,0.04466699115117573,0.11088002996167325
0.26883661905821,0.1478196914490885,0.12960311415750767,0.02526161618892846,0.062045324721252904,0.11412703571907583,0.0682213936996581,0.07251468199686008,0.1115705230094184
0.1159330874220592,0.2852275704966435,0.09925644514677533,0.04875707895728896,0.03522197799197702,0.09295717598471133,0.14966766596068815,0.1478712818829304,0.02510771615692613
0.1343260248664467,0.08294699658620398,0.09995398059936889,0.3171975371093362,0.15365347498123574,0.0766956791650243,0.06453715884111663,0.010971336059796347,0.05971781179147112
0.07251889446415949,0.17202375402516235,0.13620807075694003,0.07595284292166127,0.09373652833941824,0.10645998138583619,0.08186952286426563,0.11549323153765345,0.14573717370490338
0.058160529498138845,0.10391048489324754,0.14024687806648625,0.32723299424557567,0.054735582172041115,0.12701179587478198,0.1138440515119991,0.01913632731168655,0.05572135642604286
0.2622253642302471,0.09655171528464217,0.09625529961326658,0.07051332014819757,0.08182150716399185,0.08984213931540262,0.022996224252088023,0.19137703090506275,0.08841739908710126
0.1369221920475778,0.04467185151583922,0.11624858099256367,0.06308029735257357,0.14695206698796015,0.18968156584812812,0.1061804072100097,0.17597006680467195,0.02029297124067568
0.10248515553015071,0.03595179971990781,0.11756909515286262,0.02033778410571882,0.20420115340958547,0.11068917004559449,0.07994185819423968,0.11842227771955305,0.21040170612238737
0.10839520097260424,0.07876427729451076,0.12130661617273976,0.04549989263108797,0.11945341370721796,0.10806903269870671,0.29274620922790556,0.03741060010744004,0.08835475718778703
0.058107334453167035,0.14675014822461627,0.1203198970961424,0.04861356683585653,0.11943582319353276,0.10536252732399569,0.10874376137679782,0.11598657042317224,0.17668037107271925
0.17260907412105841,0.035255463218248295,0.10681571689210123,0.15087677802631902,0.14314620104864229,0.14917460723507897,0.05541713904119435,0.10391852969682745,0.08278649072052992
0.06238007224657694,0.1314361100684309,0.14466187109927942,0.07536032037681588,0.010876199084572274,0.18815455289083605,0.15327007839445236,0.15827368576481035,0.07558711007422576
0.12983112794600246,0.23041321607809437,0.12306435941986386,0.09264502004909099,0.1196231961270256,0.0785788766421245,0.053543177845371014,0.061704821041592445,0.11059620485083477
0.22954945728184617,0.15327275790902198,0.11735837864507498,0.04852798915111469,0.02883541949662466,0.07535191779265983,0.10223450744926056,0.06082055816976367,0.1840490141046336
0.19478772208472062,0.2229198609392354,0.10302311861322123,0.1842168536577947,0.019307135685620272,0.11841242620529324,0.09744433526631795,0.01825044599321221,0.04163810155458434
0.07096508984804602,0.06740883787914266,0.10691843809610375,0.04034428296727898,0.17444300296087353,0.08966846524386292,0.3061215079471636,0.05012395444191728,0.0940064206156112
0.2220278016131874,0.11906320218035837,0.12204783794986478,0.22808478489232234,0.02969777182227525,0.07151264102265929,0.12521790808138253,0.030700287587902688,0.051647764850047316
0.08035226303579557,0.13218845701851284,0.1385974895931147,0.11729188625286857,0.03537027393126658,0.1421796748081575,0.2203728089451161,0.06516716433313403,0.06847998208203422
0.11572066489501533,0.18547877739421093,0.11381529541667336,0.2857924504933046,0.043785635860277006,0.07914315128738429,0.05707586198206497,0.09448832867687225,0.024699833994197284
0.11561423825812968,0.09327227419413558,0.13354566122094444,0.015796412576420726,0.15065162794487139,0.14073813174499325,0.09947981867547111,0.21582552330946939,0.03507631207556439
0.03875804040933901,0.16786437907140314,0.10408440673214163,0.04569072627796763,0.2468724455878902,0.13374355253525963,0.06883729081799728,0.1498373204016346,0.04431183816636691
0.18438315876870268,0.027074339287035648,0.10530834781101443,0.08674894420403508,0.1332037880565872,0.22283483751348462,0.060648015728641556,0.07279758102322816,0.10700098760727073
0.22589528454808824,0.05167641536315958,0.11694002215571286,0.027901541048885176,0.04192247492471531,0.0644700642232046,0.22546996147550305,0.19141246556504918,0.054311770695682104
0.2595231859058998,0.2793418590509022,0.08286553091204803,0.011915624883931315,0.01743898032914534,0.06016963324319704,0.1689995493080446,0.09522904836361314,0.02451658800321847
0.15830141601676267,0.1187871386342038,0.10536798940064745,0.03182792645190236,0.025585682220139558,0.12231600005163257,0.09286229142776604,0.21331208700283666,0.13163946879410884
0.3511689451177393,0.0612475733774768,0.1082706857091174,0.07797118133826915,0.12458945503591357,0.09575587581336838,0.08733658614983597,0.05295849695764166,0.04070120050063775
0.1601813330709718,0.036443011555691,0.12883114464997644,0.09930743614845867,0.08179204903722687,0.17067281228902487,0.13805353026321318,0.08118610616312592,0.10353257682231116
0.25281617647356464,0.03827184936380718,0.128270110399104,0.05128138695738336,0.08792403144760746,0.06712622290646636,0.06615894520399296,0.121189158744204,0.1869621185038701
0.04563489620388413,0.08967330984920856,0.10917328313309389,0.1113461353340186,0.18310347682449377,0.19992375969514417,0.039535305797915546,0.0827054592923777,0.13890437386986365
0.20565851629034262,0.2623511785119546,0.09119049898968605,0.18298632796344452,0.08606591543338125,0.09682390246370004,0.04124248449671274,0.009021006041723486,0.024660169809054746
0.06813058306815827,0.3616331394851866,0.12433789400288875,0.029487603719797594,0.07999836639641801,0.09391452865684025,0.07461531561586841,0.061490376047751226,0.10639219300709084
0.34068546378342707,0.04264076572071506,0.10610666661695252,0.02595479969126437,0.05167607306415852,0.1097003393213966,0.08603502774178097,0.1995920146694896,0.03760884939081532
0.06622545424398428,0.13246995906730455,0.1047742065289236,0.0336958358919395,0.05837180729358989,0.08444005505629731,0.05795704165229023,0.4432143192144595,0.018851321051211137
0.1382871633832661,0.06903724789754022,0.13876649913573466,0.06479371036062599,0.05314633829840525,0.0907309138674856,0.12609316734340606,0.2009218538726997,0.1182231058408364
0.2101319684359014,0.1945121300792084,0.10882173740410384,0.020068361275925043,0.1232669563105467,0.09335342551039423,0.0756047886892821,0.054696251313544164,0.1195443809810941
0.263085609591848,0.09864268994644813,0.12748541604911137,0.16101946710892692,0.08710231670936251,0.14302397063143604,0.03062282566926522,0.0511499547747817,0.03786774951882004
0.1765699901693144,0.1467088398178835,0.1085830591830172,0.039168225801951236,0.2177933036778862,0.07303803252256282,0.07574437178628733,0.05608280057338283,0.10631137646771449
0.22189577631418542,0.033372721479997675,0.1108427152382333,0.05194039099561857,0.02102648357112521,0.06422620227121151,0.2673660364938735,0.21747368743670636,0.011855986199048306
0.061680712898175026,0.16373431243556855,0.09346169011096328,0.29855271675056233,0.06566315816317277,0.0932403739253732,0.18329630816852163,0.019211562252439963,0.02115916529522328
0.1679036134239967,0.02178721489026304,0.10351625375075901,0.0627032106370919,0.3140999162517446,0.09026246999695209,0.0740933571864608,0.05372407055395236,0.11190989330877943
0.1261901648800755,0.07144071413313999,0.1187830907517235,0.022551672418691878,0.06534128792871728,0.12559597296751301,0.11767861354087313,0.136426844881842,0.21599163849742378
0.19624639594619553,0.22724721739063528,0.10061226704816449,0.016452511286764813,0.1659148249607864,0.07012436056388932,0.09746987297546393,0.0907622488851817,0.035170300942918446
0.20373816012274568,0.04419313607390574,0.10557082372883109,0.06597416867695115,0.05029546870672222,0.09086033109675151,0.1023993132429491,0.10043623596303668,0.23653236238810685
0.0639105626240367,0.0687120982157793,0.09118675574125562,0.04785383219901291,0.25641764286116814,0.07717694770038898,0.053652831092453036,0.05048510144770571,0.2906042281181996
0.14376782838238558,0.04916019018949123,0.13583396930258537,0.18657061488444412,0.06085136692895457,0.19852121581640028,0.11501378089334975,0.07209058286757891,0.03819045073481023
0.1203248277495252,0.03589710578916134,0.12740797564854695,0.04847915724079558,0.09280828654988073,0.1635728705147735,0.2137901703934917,0.022780515937141716,0.1749390901766832
0.09622779685086134,0.10308544936515342,0.10055351848838102,0.053765499393453736,0.31512450775172485,0.0883267303379895,0.08747825219149206,0.08248258202950574,0.07295566359143829
0.26486933951906716,0.03357745244301923,0.11015572379088984,0.050187047721983576,0.11444215845190144,0.09413695009624362,0.1814019748587037,0.07928135014535409,0.07194800297283734
0.3010798570097572,0.08907213962939046,0.10472325519827608,0.023563961232906484,0.2068907009276683,0.08695397687104829,0.08312025252894224,0.07179803278475884,0.032797823817252054
0.23937390814577073,0.16001395435126442,0.11174116634917353,0.07259175450564742,0.01553556981693468,0.13048444346559465,0.06323329963229804,0.1175396503162231,0.0894862534170935
0.3651956278003887,0.10689495878892415,0.11237224576311942,0.02418736205714816,0.06838585570922022,0.1016507698846603,0.06431428996658513,0.09332832409230983,0.06367056593764417
0.04513497071609463,0.24382026363291062,0.09342522640478924,0.03668267105910316,0.21259483520613107,0.0622334898218222,0.02470903182888043,0.23226409418174776,0.049135417148520905
0.062157868106225554,0.24739596914639336,0.13195584482014924,0.13828634966697853,0.06437290045578171,0.08471262517572177,0.14268965125248576,0.039078937891828806,0.08934985348443529
0.09601712497866087,0.11283351898939005,0.13031701210295754,0.027759277754449446,0.1277708717434689,0.14553713814084315,0.10771688577962073,0.1664039827041267,0.08564418780648247
0.14074585070157775,0.06538349225239971,0.10994428165503063,0.409005030113486,0.053943113120767626,0.1298319474492637,0.03781598783735693,0.029958937132787467,0.02337135973733005
0.18923549927655028,0.0844554005948006,0.0992030990828112,0.0410296857523787,0.12822036717451518,0.07656203075203773,0.09108818948842079,0.19027819522702338,0.09992753265146208
0.12552664164089275,0.0685489561092464,0.11342154364465833,0.03518920281358947,0.11483692840079078,0.14633440913384446,0.0925367262449381,0.12202381884974428,0.18158177316229543
0.11188107646527916,0.06615322928894973,0.10544932222724936,0.021417841401728713,0.41816608316902965,0.13050442437834006,0.05939112258452161,0.028558510948134008,0.05847838953676774
0.19595158170720897,0.09924319626566354,0.10853875111170685,0.017395378621418378,0.08040425512533421,0.06483790495673653,0.16343861125405043,0.24747369769024644,0.02271662326763468
0.14933113092132186,0.06505711890481906,0.1333266290542366,0.12063740577819686,0.016318741806293113,0.09307146163227113,0.2671335410391141,0.11232567123316184,0.0427982996305856
0.16269667421112702,0.052930011492360866,0.11033299079078833,0.11909776895711854,0.1622262404054465,0.10275433319536535,0.050072589603457056,0.14967075788206638,0.09021863346226992
0.0999772354502133,0.2970290067955268,0.10654107268093055,0.1276951528322776,0.14835232741025448,0.1172795764594985,0.038679359487644026,0.030063104546210084,0.03438316433744467
0.24133467813530227,0.16508578725166229,0.09471107854037214,0.22185172827847097,0.10579798996860239,0.05746043791987504,0.024701330653803574,0.027577829398042084,0.061479139853869304
0.10590242628745043,0.16503767702026428,0.1095321296188287,0.026313659864269177,0.06657647617249379,0.10977933839797832,0.0688844926531522,0.31565168589234477,0.032322114093218314
0.0451818500994964,0.1380005978879139,0.10700048976983001,0.12202215103553937,0.19014283598968432,0.11823866750961252,0.08397624871047975,0.0555172594660741,0.13991989953136963
0.12230077661689864,0.08420250049106574,0.12631921785482397,0.15203830563197904,0.04062307599772787,0.1594702233340505,0.060011740067552666,0.161312447738344,0.09372171226755761
0.07512825234426569,0.3682543294278727,0.10582228363871238,0.18644614518621236,0.012065096604016326,0.1146863290006333,0.045895651595733576,0.02791833514500024,0.06378357705755343
0.10388856197479938,0.08963027565799196,0.10816846084085165,0.190104203852673,0.02820822269459824,0.16815999486997668,0.12581443327833397,0.12041155546854188,0.06561429136223333
0.1368499257747613,0.1731206338024774,0.13108881614926493,0.12365002716409934,0.11499494761622249,0.11205046980799893,0.04712782317414,0.12221693733044003,0.03890041918059554
0.1861384985111393,0.05192649164211304,0.12029059237291086,0.21809035759717976,0.10520805687445445,0.09884409748822608,0.06628288097369121,0.044159974423104965,0.10905905011718037
0.3706208785513456,0.042201516976410745,0.1316701462804539,0.06832688028161957,0.04711706543188113,0.08354060723398012,0.06239221800783116,0.17347200576298605,0.020658681473491772
0.07171015096544191,0.036290536545318164,0.11775159859892868,0.19595002416879928,0.1616540812656508,0.07211993027128273,0.09217163365506563,0.05442664440249201,0.19792540012702078
0.11723651126759478,0.10275885811286149,0.1155729657034895,0.10553042735723962,0.04590787638231905,0.10877154296086106,0.1015691455667751,0.2181847091137914,0.08446796353506796
0.12669621099321862,0.06861637601774592,0.12239380805085608,0.04541024247954998,0.1372845898541418,0.07307971070176841,0.08937628719670172,0.14104010348964416,0.19610267121637323
0.24699253584927092,0.03191516780704539,0.10532112826283907,0.07758594818545955,0.04388947245766981,0.08544151299155762,0.2141286690591575,0.14610116736050346,0.04862439802649674
0.08365559558900382,0.19758447797853215,0.1044285905049553,0.11271993355120287,0.04309277619196077,0.07445315874257132,0.056582067132036035,0.19066477197563636,0.13681862833410138
0.1467816801844988,0.15938701157940596,0.11436461168210432,0.07399986238740809,0.05177628330873546,0.14914954621629825,0.05673986285443363,0.1384663655944519,0.10933477619266346
0.3025746127579881,0.03965514608720012,0.11136342403003781,0.036320462689953065,0.023921830074633114,0.08765450305726803,0.1951338951472761,0.17500014277234618,0.028375983383297384
0.18191084817916825,0.030210895158679137,0.13068716288703555,0.04150126352865529,0.10991747437205242,0.09257058776470338,0.21977690167254596,0.0697857001279286,0.12363916630923137
0.10956059102558607,0.061190080130331746,0.14507385583124618,0.07754499633951684,0.0220116188505175,0.18520681973684838,0.12779868490368487,0.16715591021880818,0.10445744296346011
0.32626151206133314,0.08450052221172573,0.10457373063150761,0.026779026664086537,0.14071943098525308,0.059347764551093495,0.07036644309297531,0.12096264009800421,0.06648892970402083
0.21778272515885447,0.1318219537882438,0.12004063470331837,0.048418132450843164,0.0568053906471107,0.0813561514048725,0.1554613386045995,0.10045197406640549,0.08786169917575204
0.2588559329082996,0.06579185631728128,0.10103790335972244,0.050100948962379134,0.031854783260326036,0.10415677391526397,0.08145648833499292,0.2719210058169808,0.03482430712475374
0.150332663817971,0.03655800325006743,0.1161883493094084,0.24764374388310775,0.11282971927480066,0.1485283627405437,0.080831040625864,0.027338182813756745,0.07974993428448036
0.08246343145037997,0.07084115061024493,0.13408529207061262,0.03204633625588017,0.06374787362168757,0.09265071170984256,0.044965429511328016,0.2247843439160425,0.2544154308539816
0.1387278158212397,0.03814327616525597,0.14870714163690515,0.3131754915875761,0.06438806773071366,0.12493595665798274,0.05287183273256371,0.0747128370736116,0.044337580594151264
0.16282969961873653,0.0925787165131872,0.1150650385043005,0.024121282823926515,0.1079208023127571,0.07761887507210505,0.17301152152691102,0.21471250318010068,0.03214156044797536
0.14349915090684898,0.12977250909528262,0.11732892645660535,0.01709279656038735,0.1691080060843024,0.1716060706945036,0.08059824477009399,0.07187674606348668,0.09911754936848909
0.1767268864372252,0.17053363407666858,0.09397361010289638,0.03371625515691109,0.03563462729988241,0.06555543073087731,0.15297194804253642,0.22151456466799024,0.04937304348501236
0.0744183352623856,0.19425171559874824,0.09728326212016147,0.009604467708978513,0.3201589556954325,0.10748200553472882,0.10585595894394347,0.053504619847863776,0.03744067928775748
0.0802763248573966,0.12830840931016396,0.11479960639479837,0.07403235362247645,0.03224571229374188,0.08833661111030183,0.15639885219439967,0.2541594073193145,0.07144272289740683
0.1047213240222915,0.1190872012789355,0.13214302502243255,0.08504943868383465,0.12238745037427824,0.10356784102839207,0.14183665449751007,0.06750090508136662,0.12370616001095876
0.3333701935111484,0.20545054832994214,0.0709137129518022,0.07270234086387184,0.07454446733977708,0.03597469652039275,0.045648712103492604,0.06638020819228127,0.0950151201872917
0.2457649033802125,0.12256138861959699,0.11955175042847992,0.021425146982420522,0.03250205485396493,0.06964480137399746,0.0844407584056238,0.17791418504047626,0.12619501091522756
0.06979204444555522,0.08814524617382717,0.10829744609036106,0.12464820058234836,0.1740366460323405,0.13834803612751342,0.08226995396589097,0.10507098337518155,0.10939144320698176
0.07457919696581893,0.1083239564797631,0.10077942512644407,0.026872481789339153,0.25661032865551175,0.07782615363460628,0.14635394485117592,0.14895766118046327,0.05969685131687763
0.07357079448876391,0.14561094626088586,0.1280265156343247,0.08624980577259993,0.04507766366157263,0.15482731307145128,0.1114369980406088,0.042891705222996485,0.2123082578467964
0.05012200852673115,0.13837443653455306,0.07548501666070305,0.04123589992582655,0.3650932963076861,0.05826803857683633,0.08713101683232995,0.020970280534820095,0.16332000610051373
0.06575475313106867,0.07891596060767307,0.11993441720726193,0.02769197414113217,0.06868779759394784,0.14516210699796855,0.1262274585374405,0.07883951608729556,0.2887860156962117
0.05714781818251823,0.17965842629765416,0.10666844628856746,0.11277300936545591,0.06046337092020076,0.1170079542106728,0.11784709777754036,0.08964009025761306,0.15879378669977742
0.05502047774691263,0.09660076874188712,0.10497395925518438,0.0615512578473841,0.24769705811707987,0.07483687154554425,0.24304686875884984,0.07439736544540333,0.041875372541754524
0.033338401032021195,0.36596319959459117,0.09287148144788888,0.026968686924333216,0.23354430227947462,0.12094792210801154,0.05305077809762601,0.024369295630771753,0.048945932885281505
0.044042733253776896,0.05425802832930399,0.12537475055936673,0.02488598639666434,0.12270641505309032,0.0889316867456415,0.10843257230777074,0.263738023814118,0.1676298035402675
0.03355432344698398,0.26126415637699535,0.13420330102164277,0.26856569026958055,0.052145913800144654,0.07993865563897351,0.06164916777512372,0.03905014109242088,0.06962865057813462
0.3378194928010349,0.057325271062137716,0.10428097872703253,0.05762843172167633,0.018423855840906313,0.1545931586036716,0.028254617542256482,0.08869843501515413,0.15297575868612995
0.09369063769991522,0.12917161955270454,0.12847030489084973,0.04300298130286023,0.0898162904949829,0.1622829641709748,0.08621153352204595,0.0823186401013214,0.18503502826434526
0.051044497754700206,0.07821186417054592,0.08927749638218752,0.36597192839941495,0.04839230886558347,0.21609889104408286,0.06558388976049427,0.04385610839517271,0.041563015227818044
0.09646632241364596,0.3142310418652893,0.11847769150096875,0.14157746458537937,0.10567961199967428,0.0801016727021298,0.030232258759745737,0.03578393668014373,0.07744999949302307
0.1419639756473541,0.19090585479898348,0.10695103561196345,0.017883381517236646,0.17453723952210118,0.09639620521771074,0.10001666007490136,0.1345977204885336,0.036747927121215565
0.08632205239082641,0.17198693515297073,0.12022984151155058,0.0515924673491173,0.04101541505080275,0.09418433895286522,0.10867857391834279,0.2460994390935418,0.07989093657998236
0.11068350977011081,0.1839553607624607,0.10059479845833018,0.02901065836266441,0.18169359929089415,0.07461748654223929,0.10755334508870305,0.1572741651638102,0.0546170765607872
0.20177908083919352,0.08005728617336051,0.13847787695813646,0.1918345578315114,0.03645164835688961,0.15001180969640085,0.044257693839665775,0.06527843113181092,0.09185161517303093
0.21524383159534308,0.10586289681236694,0.10193924273216269,0.285876980684689,0.015240539939349262,0.11198683088564192,0.06191745579838489,0.07780190222733198,0.024130319324730292
0.05987608743982866,0.018967535527514248,0.09151785788061217,0.030097957838710516,0.18656365183500212,0.09574637797960328,0.10265545705685086,0.019010449230532963,0.39556462521134517
0.13997018853558305,0.11587297727457037,0.12811054022259352,0.016090673188426875,0.13773337508938663,0.1075637280817635,0.10255028540829032,0.1855056589416502,0.0666025732577355
0.16657222962801377,0.19732355916101393,0.11741243348175484,0.1169933936814362,0.10798301023903208,0.1436222338585752,0.02927264298451596,0.05507711752488106,0.06574337944077698
0.15522436795926853,0.053522377970954584,0.09411818557323211,0.016028169436611978,0.1963005625535731,0.07147406599958712,0.1297374778672464,0.059011024044563785,0.2245837685949624
0.08413915623733526,0.30935460168255796,0.09936030252287847,0.23336195315043032,0.007499021702864502,0.06440632353417158,0.09567953801734476,0.06371811469560616,0.04248098845681092
0.07653382393542091,0.07767784825674258,0.13923144428922682,0.07577442611778826,0.06216618076489336,0.17423217711395048,0.1805034187739424,0.06847590632448859,0.14540477442354663
0.12368353778374008,0.06471809878481263,0.10905896703922834,0.12025304600333542,0.22178656502826485,0.08184157156001269,0.14125512412951893,0.06292857822377544,0.07447451144731147
0.08802053642906406,0.18784975193263995,0.09062486863103929,0.3574575665051036,0.03845284464575543,0.09912683265184019,0.03135139167772462,0.03387116385315137,0.07324504367368156
0.21001752379800145,0.09747248794501402,0.118173741103571,0.02683871853352773,0.031112134409853536,0.09597390936433849,0.12018815204899015,0.20488261742936933,0.09534071536733425
0.16479170708705315,0.17085653477977955,0.10907571062984951,0.06368062621179382,0.06030076006314117,0.1139075422631544,0.08565783368787257,0.17499839719471086,0.056730888082645016
0.09293238103904873,0.13716199132995363,0.12252920198813096,0.08156943396883659,0.059986809527066365,0.15480099201626826,0.1669463991575361,0.06218997232252749,0.12188281865063189
0.12689635711688463,0.06471847727656597,0.11507039978867577,0.06470138712315619,0.03694511095920675,0.1539470396821944,0.22262472131994346,0.05571620770784635,0.1593802990255266
0.07167993477956806,0.21534727275642426,0.12134537489753035,0.03938113888332253,0.10377953344162044,0.0889342998579508,0.12638762866784303,0.06942746684917193,0.16371734986656863
0.036071237512085054,0.40259397361954025,0.07363150142035596,0.11658901798369008,0.04397436762296286,0.11508405208403442,0.05987764507986471,0.005378215172613888,0.14679998950485276
0.16955836722984652,0.22688408934337845,0.13562934220675524,0.07980069227282073,0.06896707217534916,0.10894966847975496,0.088693086397632,0.08081385303985192,0.04070382885461087
0.056806837737457226,0.045311598047757855,0.10644405222748869,0.07544533690383119,0.4148332341657679,0.0943663525546472,0.05955234951922151,0.07139605750885615,0.0758441813349724
0.20463045405093336,0.14892137401119418,0.13044527418546623,0.02848496987883764,0.07003502382107434,0.13562862668327688,0.07061655519983527,0.08866403080754588,0.12257369136183638
0.10321412575482626,0.07856087606550481,0.1130195397387906,0.09086638459615161,0.2771081863477663,0.1007544846137171,0.08676085312903455,0.05509881556955678,0.09461673418465194
0.28325609456033823,0.12133354202035312,0.12695662196441368,0.16829940708315227,0.05603169585416882,0.07740881729506931,0.08614250405731656,0.039679893046528365,0.040891424118659696
0.09470532489455662,0.1488047706350832,0.09462621298030784,0.34101954474715085,0.017308440505506822,0.10552036399210475,0.01574735636347108,0.027083191551289725,0.15518479433052912
0.12459532911249409,0.1799066751622652,0.12833968634209567,0.028279980046328094,0.17343081958680148,0.10083395550661362,0.11026285888856047,0.07762306005559873,0.07672763529924269
0.16271991013701478,0.04255786801624303,0.09999100611825668,0.05190798129213375,0.3472621186154153,0.11732988497929046,0.04829759392906397,0.0772193953447192,0.05271424156786289
0.04137194635924194,0.14588594733215984,0.08505376570530382,0.022751842532564907,0.3367845841861847,0.0774188346547462,0.03027224296390485,0.19882930775665308,0.06163152850924072
0.08984701302117887,0.08928079878096061,0.1145917292564495,0.047601367791647975,0.1321944572155578,0.1177974379732679,0.21656212132952032,0.07445674417677235,0.11766833045464468
0.04314522209893285,0.04209906524093105,0.10114489930045978,0.39780491472263746,0.024971469572575247,0.21294770812436262,0.06828207020965628,0.06459058834465979,0.045014062385784766
0.3287605695970828,0.03962382438954427,0.10573680564924633,0.06701305072770526,0.0361836406976458,0.07621257611823935,0.09575403146608068,0.07792828695007652,0.17278721440437914
0.18437363683075914,0.08141031974347572,0.12761551944563457,0.08668081261591266,0.15897989972159013,0.08881382613059212,0.12048132276329006,0.09151975528047764,0.06012490746826792
0.08261211365348542,0.17394861694935257,0.15250748517054225,0.18031499945124807,0.06514171261717044,0.11981031457214968,0.08758747442179397,0.032950792132018646,0.10512649103223896
0.09610149374863815,0.16835606519854637,0.09665863705247081,0.005340346865188149,0.20524680145635776,0.17522966414132923,0.06287462819030608,0.1507558996653214,0.03943646368184206
0.10226705261748882,0.02404097460050117,0.11058120069082955,0.3213287279763584,0.015154875145894342,0.14375304130593533,0.04758756903746059,0.18856331690787173,0.04672324171766012
0.10961601527260223,0.11391684858969497,0.113697464530551,0.021663871592526186,0.1774667218515169,0.10853699198195198,0.15716505043215792,0.09183966579150266,0.10609736995749612
0.062348639571476065,0.04840520156900079,0.0943843634306561,0.09079355037257923,0.016675960517537027,0.08628075833400432,0.25126136479210714,0.3100742927835877,0.03977586862905166
0.0377037426071627,0.1477597330904278,0.0906139533175111,0.05022659029458937,0.18681011264987787,0.08207709123424121,0.10877094073938738,0.2723101464968859,0.02372768956991665
0.13988017204069744,0.0772858638735661,0.12164928361762539,0.03729259449807456,0.09052893332064534,0.13268927448401766,0.11830315433220816,0.10753505100073311,0.1748356728324322
0.20830101680474586,0.08004293165605415,0.09054405438560882,0.018230032170294713,0.05155356599767948,0.0553613509503591,0.21451997400620562,0.24534018780630953,0.03610688622274277
0.13606147801029703,0.14742949671581282,0.09444204486269468,0.02103857383321464,0.28493295940395086,0.06806782955213976,0.07151298301906432,0.12699878147383345,0.04951585312899245
0.12727329487735076,0.135374242071709,0.10160760149628223,0.005890518731119427,0.1159167919811901,0.14954783142475428,0.03188490789886999,0.3011320460307509,0.03137276548797321
0.2079559318453319,0.09876315977771179,0.12031351289953705,0.05690022839803513,0.16043662288140778,0.09932756709023949,0.0967849562963068,0.08595054756961477,0.07356747324181521
0.07190964086101405,0.1765155181084662,0.11416151775436782,0.03462140246710888,0.11716565479480597,0.1471400827835004,0.08862854104439226,0.08732999335746001,0.1625276488288844
0.07424865019483293,0.19513229672865107,0.13747808765037742,0.11968661596879487,0.028484663307058667,0.15873895820367243,0.105407009190489,0.06765953997511137,0.1131641787810123
0.10857750702594081,0.2302121049907094,0.13929857113949864,0.07997702531800151,0.08416415103414161,0.11915348383535385,0.13532087144483587,0.04614987114980862,0.05714641406170967
0.05185107755102575,0.08554797265122382,0.10734089333990086,0.18215830303734395,0.023626474985941295,0.15239726510134946,0.2177456772416282,0.12918631230276545,0.05014602378882125
0.07232753533071701,0.18430672511386534,0.1271234017958706,0.01372802097072387,0.06892543181018004,0.23221396320298204,0.06997235218480295,0.1842943887171674,0.04710818087369074
0.1137746375174123,0.0268547978320571,0.1007588864949172,0.0499668230983507,0.08291165514274142,0.09787577243598798,0.24162153587314802,0.07470928693540035,0.21152660466998485
0.1989317738582509,0.2773975672675648,0.08473724027624208,0.058542869318137104,0.004765447986969382,0.05183516082015527,0.12470410631560164,0.18016503269914722,0.01892080145793154
0.18484738749996119,0.04271896590833327,0.11738698529958895,0.03613599683647698,0.13608819217937462,0.10128476228072063,0.04323810810985728,0.21873513132095135,0.11956447056473585
0.06784221098251453,0.1565109767395844,0.11760222607563593,0.19073587092836997,0.056779911212130225,0.18031000180526638,0.14090697787876036,0.049706724344355725,0.03960510003338245
0.14267127222330092,0.07355865440639593,0.11914934382901805,0.06423895454121366,0.026061679931105697,0.2320027670921917,0.08869844113415011,0.05930316882562877,0.19431571801699518
0.12365698842031209,0.11348510229293651,0.10069378679214952,0.021477810610026103,0.08887591331117584,0.12041738658201394,0.09742356250673691,0.29448176508803886,0.03948768439661022
0.07157524331265368,0.4120940679527429,0.10693625922320038,0.08121731727104244,0.06527521674529378,0.14074966937761088,0.0482938011688663,0.019870061653896542,0.05398836329469311
0.3766225169132847,0.09418336089618023,0.11228400685342706,0.12583988612677863,0.01594390835534378,0.10949932968961851,0.11443867358916615,0.020416626993774747,0.030771690582426136
0.13889762300989728,0.04543238432016337,0.12401484958315985,0.09140256254123456,0.04439642736295928,0.18653058342723164,0.16020668615248448,0.0672432387667873,0.14187564483608225
0.17142206702069573,0.13671317299287652,0.09895296205238191,0.017485761990553617,0.2027503148455928,0.09144791529455669,0.1419633435272352,0.06834959726311368,0.07091486501299381
0.07158187759174776,0.09339578297274903,0.08667621413607603,0.008567475724733563,0.04029958027120599,0.12186683625091206,0.05924344599415728,0.4892150661735731,0.02915372088484523
0.06843286610338423,0.0851818733859343,0.11138339485864274,0.06901084806408232,0.10412495894348488,0.17627156727000204,0.13866245334387875,0.1961974414385669,0.050734596592023916
0.18467074922298055,0.10794945712486897,0.12116660164913967,0.04533284362198719,0.10408533385216275,0.16586564938506124,0.04656777551821182,0.11148433498666109,0.11287725463892669
0.09289682213439161,0.13227949203454456,0.11871924808799324,0.030213652096365094,0.1431093752974912,0.10459917515752763,0.21818957991158885,0.10265865574166433,0.057333999538433454
0.11051683998080063,0.12462822556693415,0.13375478731637266,0.060388606033009294,0.017897174341225803,0.12350930457676124,0.12485223514015058,0.24379121736928258,0.060661609675463
0.2481970413144505,0.021942915248281254,0.11703179997907309,0.1558198292200437,0.09540247672485615,0.07121956571687181,0.10565219966964982,0.08501519024076289,0.09971898188601085
0.10608815268422327,0.19944563134989965,0.13024427282779133,0.018698405884431193,0.14297301300776513,0.10649893726704418,0.13118594928157393,0.07464355044971711,0.09022208724755425
0.17846316623107883,0.0953046116528893,0.14642872392525152,0.03300287168215911,0.10247756874383625,0.10613260102305248,0.11166622249202002,0.18890358892476347,0.03762064532494904
0.08203644897148568,0.13579938315802995,0.1347728036921336,0.0776049654181354,0.13125189406005464,0.1400239425724985,0.06757588079817191,0.16452942054825634,0.06640526078123399
0.11450286082409673,0.12106503102191168,0.09853777102717458,0.03859879817190722,0.31328089029106965,0.11873951649246021,0.05805604805116163,0.08274095600843105,0.054478128111787365
0.08467303449278879,0.07841641512072854,0.1191904091526006,0.05651278499699347,0.13385118339735383,0.09102441388810038,0.16217237157879993,0.15255491940660554,0.12160446796602882
0.1534115650420004,0.14145774144326997,0.11378906627106677,0.0349076975543412,0.261648368662788,0.10095142043261847,0.05204915982202901,0.06690781474196521,0.07487716602992081
0.1351318304979623,0.05615752190117634,0.16978048679090715,0.058716801724593336,0.039228318752260884,0.10703431090353237,0.18266363213822,0.17133510840264563,0.07995198888870204
0.08716024005111161,0.04972087906826966,0.10822954324026267,0.014472747592335912,0.22380589214715907,0.09610497868763261,0.1012669028608272,0.2803325027674451,0.038906313584956165
0.1036374283869919,0.1659694311293686,0.11726839026529638,0.05248002941319521,0.07109441857234168,0.15433555698970447,0.12514520221803058,0.11680361201524307,0.09326593100982805
0.15050197312162025,0.08024087905863753,0.12829980473878463,0.24261561268633836,0.013915293769385073,0.10194173907285604,0.10924322958645553,0.04698164386842627,0.1262598240974963
0.12687999145892245,0.09530641029608555,0.12848566961340163,0.03988868441992349,0.15909799300647048,0.10150632375235635,0.08418570841547719,0.1265706299585513,0.13807858907881151
0.10451487019232109,0.11034576557940895,0.10449429099307785,0.09890343113176998,0.14823088250426472,0.07434383144279244,0.0677424841991867,0.12108144198726563,0.1703430019699126
0.24669811703950975,0.1376821486188116,0.10794904013197788,0.016563979466916134,0.024740624879865877,0.09321583474998223,0.08538905925269595,0.26803362625536326,0.01972756960487735
0.0954684191151617,0.0666354701325365,0.12083965138613645,0.039343141473105685,0.11186618120489487,0.16819240667056604,0.0937696428569582,0.07229017760563074,0.23159490955500983
0.1450642545801096,0.06920309869686081,0.1138579399731952,0.025245654555926256,0.24512176594102672,0.16058289417949304,0.09618856076286257,0.09223870014710178,0.0524971311634241
0.05664570026220556,0.14055817291021372,0.16487555458073902,0.06930809442657514,0.030895129296255444,0.16779819731047227,0.2127408426176424,0.0689250356224062,0.08825327297349023
0.20720444867351007,0.10889738156479588,0.13384710504739916,0.0330316948546123,0.040468923985515035,0.15584479517802297,0.10593721777565086,0.11193171481615029,0.10283671810434347
0.1046243323599132,0.16219585642366238,0.09344679623422286,0.018708833783861577,0.19520639209447377,0.10451585028112043,0.07305945759324108,0.038427505082501735,0.20981497614700298
0.0859434907597187,0.1624394045988072,0.12144310046680303,0.04158548671401794,0.08638674576937343,0.12267509856569937,0.0396494272298099,0.11976498016188525,0.22011226573388512
0.06907053670421874,0.11313831975550144,0.14408160896657535,0.1512958257637402,0.06187546131911833,0.12663676387741746,0.16818846157761466,0.03388576870632745,0.13182725332948644
0.14810373818451616,0.06893406738512724,0.13289869631911835,0.07941087676429179,0.10772742887477031,0.12268157200181935,0.08743803283630308,0.16025184841740917,0.09255373921664456
0.35436110360846057,0.050317968671521045,0.0897849956609066,0.01203834697446217,0.006269814566514746,0.05587042246707439,0.12200834494372155,0.06581054672243684,0.2435384563849021
0.05112042479437715,0.06168284813607237,0.10253436948319404,0.06681025468995457,0.39337469096591676,0.10498079813599137,0.09466049073158879,0.01985956899488436,0.10497655406802046
0.1304968495697746,0.3101578335718687,0.12275856454307277,0.04443510688121478,0.026091020796966128,0.09444355647837736,0.10963252771696085,0.06768030956987743,0.09430423087188734
0.04701282223749397,0.09485415112257058,0.11832054407390358,0.07082397644982379,0.09009267425886179,0.28354865532041296,0.0811134845589087,0.1458671759388502,0.06836651603917457
0.0881716657380469,0.2685522338264375,0.10316110251241888,0.008863252022849148,0.040918877691468895,0.1685234588490908,0.04984286751152556,0.1860659796992282,0.08590056214893405
0.23403720381313486,0.1929741249243773,0.10770668473337718,0.01996931079550198,0.0598744580842287,0.10325471635371537,0.11680590817926113,0.06613676895423976,0.0992408241621638
0.07430942813201923,0.03933318984502018,0.11568110134473493,0.07282925170483041,0.07638664507538474,0.1086385102047881,0.21829233109845605,0.2414366503593355,0.05309289223543085
0.05436058746052217,0.2672379718595784,0.10589568470129346,0.08796824067363902,0.17903422567352537,0.11626009104259054,0.04666006337759624,0.09462065446670924,0.04796248074454548
0.11426228133858911,0.10077003107825577,0.13661741851070278,0.03239796094562553,0.10686770827797747,0.15107708883306561,0.11287870945637109,0.14981422992313725,0.09531457163627542
