0.09673198182019656,0.11002809032754374,0.06147705413237459,0.1254039290506566,0.15530426182806328,0.13867702721670902,0.20962476953407871,0.041443467732825326,0.06130941835755224
0.10054008344865795,0.024658359143044883,0.04521222032736714,0.07897878850532493,0.17371470161038796,0.07710313402447803,0.2661461886026288,0.09555597317340281,0.13809055116470748
0.10994444794603858,0.19591572140825064,0.020453423619164218,0.24373464736044206,0.0468134446542533,0.06933492432579773,0.21176664466397468,0.022242786442765342,0.07979395957931333
0.09036410835404923,0.10431030632302433,0.02429711252719806,0.1469694002425187,0.046555607796887714,0.029795836359647648,0.1875962621212731,0.33250189944043,0.0376094668349712
0.07325600535802841,0.08162056094090712,0.06812113620746056,0.11651239935039633,0.08090705402349924,0.029522040557754536,0.1457088931301521,0.25518662467619707,0.1491652857556046
0.09855527970690248,0.19694112099789085,0.08244907847707522,0.2201676200777389,0.06801047174139174,0.09081201504788912,0.15721923122482948,0.032737295529158696,0.05310788719712353
0.15197627975678699,0.15090883741673802,0.03995348288973316,0.12150545633984045,0.13017083384530317,0.2160564309594061,0.07759698692431331,0.06688768279636996,0.04494400907150884
0.05788070581816022,0.052807358478420656,0.17565539566318092,0.004119427256013919,0.04829216091966767,0.23465564965151964,0.18538004806125696,0.17823383739238827,0.06297541675939172
0.23071876360824276,0.06750312425671558,0.028482077836686843,0.032863090345054344,0.1052842834252848,0.0557257100778221,0.2039199762661943,0.12494478325341207,0.15055819093058723
0.09882667635437642,0.11339506432324988,0.05349156399051322,0.10029446008896159,0.08130061940728654,0.06081799500713836,0.1281361859609924,0.1722482944367231,0.19148914043075851
0.05140234565787888,0.05449703988529444,0.04894555742496739,0.16314090690998564,0.06947581651059197,0.024121894842197452,0.09957559969829068,0.012868033276055901,0.47597280579473766
0.09595330375059503,0.15885041472621012,0.03945023362707265,0.08674770871365893,0.09953621343090258,0.02852787727437919,0.227855379075381,0.17200341082134463,0.09107545858045583
0.023961987215366364,0.0659484369057152,0.047190174261527516,0.19532015874230071,0.1268811194535608,0.3239777829044335,0.089400228029387,0.03274703972792758,0.09457307275978129
0.13367832198292207,0.1106506247417327,0.03191131947620952,0.11040071612995556,0.11688931441759491,0.08812805469806924,0.20596938381878224,0.04231576344066704,0.16005650129406676
0.014669046354810493,0.06126139354921493,0.034170441260777416,0.21684329954272616,0.10936320072874055,0.28301599190313914,0.05115729913992809,0.21471300557229403,0.014806321948369158
0.07579636443756115,0.06982394957887648,0.02603263450341743,0.011073616554767114,0.05192017726705128,0.0968764742384889,0.26976981283235135,0.34484015984001676,0.0538668107474695
0.18183037036544833,0.1178373065036738,0.264924261275058,0.028231462026997788,0.05936446331848811,0.048952696256175605,0.052744667558047804,0.2170712041005194,0.02904356859559124
0.039663673561333816,0.12486911320542608,0.06516127713197689,0.09795401691983924,0.10550815072386037,0.040462865839599925,0.14239232983456598,0.2877920034755802,0.09619656930781752
0.03421508113571763,0.28616789423179706,0.21755368532044106,0.03523222648071286,0.08837803906724839,0.04634387854628879,0.0660667241452353,0.17589316960659998,0.05014930146595897
0.05394197434713901,0.10489324685565765,0.0982598999721453,0.07915558749320467,0.09922919489990717,0.2313710585403169,0.09690253814449634,0.025704897700580636,0.2105416020465524
0.13929454504157643,0.06811610551712542,0.04508035971833685,0.014298377437281212,0.08747239449481499,0.4025943515477673,0.14633938977931493,0.023950537987024994,0.07285393847675786
0.0960193795165436,0.20402053186842392,0.06671333558553265,0.06919312786642462,0.09314159233456541,0.03377232910869968,0.23321156952643837,0.06625356895264091,0.13767456524073088
0.03168686941486324,0.21847027404880826,0.2709242910706486,0.0522523216266386,0.0718155056422078,0.08599231179540724,0.05277977580767935,0.11358091298516415,0.10249773760858279
0.32195546542002323,0.22900235068992061,0.08682399616846759,0.10647114910035071,0.0756795126192474,0.029099496293935614,0.08363337027013851,0.01136073610309963,0.055973923334816794
0.13192756476328882,0.056393251392246345,0.26272578768227683,0.14077389804337737,0.09109026301639829,0.06421211424909024,0.047380279434661395,0.08781376473750058,0.11768307668116014
0.03757199918649998,0.22238887695577972,0.03087166308318442,0.027014105893166062,0.18845353498697134,0.12230667622564913,0.06205885195986141,0.1968238356793505,0.11251045602953735
0.061968236252497,0.055211670317197516,0.038173072575280374,0.05038343793753761,0.07428207469366875,0.04898858243978879,0.2614143215321096,0.3214685342887289,0.08811006996319154
0.07416055295870298,0.10241009527413769,0.016018997986518613,0.13786998231612155,0.08418944237555463,0.26395472677085885,0.13937223767068965,0.1057059174394304,0.07631804720798567
0.07952032325264696,0.06639793639105245,0.049171561518526995,0.22647548663387304,0.0776277697964426,0.023053106882038946,0.08382482962028587,0.04864071202080328,0.34528827388432975
0.034334669073691794,0.049014874027644685,0.04101672498054826,0.05272926633447389,0.1072809117935679,0.08499971804821928,0.21126264691544386,0.10643292733126607,0.3129282614951443
0.08381741598443875,0.16029239473073364,0.042583079855538775,0.017793746091224593,0.1682829999949449,0.06670162355227986,0.3232874273779884,0.03638735581217265,0.10085395660067849
0.09422079673291066,0.17959518021383847,0.055265503889004926,0.054167350986374006,0.07548867544477485,0.0852652453971519,0.19003163574083562,0.06180982883009007,0.20415578276501953
0.09344700205498575,0.08022159256101057,0.058500921847993624,0.03389142725183218,0.1185044716908522,0.09406634606751585,0.32816292235644523,0.09574333156579502,0.09746198460356965
0.10717428307327326,0.21647041206035877,0.2789407810418793,0.016349728209518348,0.1058625968841476,0.10343800729491531,0.10417128618724884,0.00864271180483748,0.05895019344382102
0.08963522636084835,0.11092856750672374,0.07142344778255326,0.062025155530889116,0.08310594171001043,0.049580385057299114,0.38078557493739124,0.097044433360079,0.05547126775420582
0.03888325847427938,0.05604581785575543,0.22413986850383194,0.01837543784042611,0.17796554827734645,0.1151990059146939,0.22584077996495303,0.11868299924805298,0.024867283920660847
0.03863101621926851,0.24194266353075697,0.048840714482535956,0.08686892617524977,0.10376952821287826,0.14788990926938392,0.10626889769838162,0.13396440809071722,0.09182393632082779
0.0661169065245308,0.11620715797569935,0.05739696549507045,0.3357494663079213,0.07570006504210794,0.07686391385539475,0.13397926826039588,0.04050725391059478,0.09747900262828474
0.040497847207671946,0.07353781240815578,0.08758842750861845,0.07092302570890924,0.06582416795576575,0.26182573413603116,0.15801579905150032,0.05010862046868397,0.1916785655546633
0.1608516727606858,0.04888706471514861,0.041826617189205,0.16924327238933642,0.06016681904671481,0.39431590610630224,0.054655509928505853,0.03576144412282329,0.034291693741277884
0.04911939067995824,0.20925126132788918,0.061614078154331876,0.14906954051230867,0.10004776862625725,0.1163750268639957,0.18621816627456322,0.043354902218263575,0.08494986534243228
0.05629493581207832,0.07020649284364418,0.05912685860486746,0.22346837649296206,0.09671540937592586,0.08514833455669864,0.2386380513060428,0.07200210220012737,0.0983994388076533
0.046908401929997186,0.05463822807241354,0.14854599823809747,0.02406054369368631,0.11610862922573828,0.12782509766157155,0.05384692814603168,0.24390365683148194,0.18416251620098198
0.06831357070458395,0.024466463269140287,0.025728762466329533,0.04567429216102938,0.07322211923967423,0.04476716829681337,0.15546039335386683,0.4667232378839166,0.09564399262464579
0.20316837616438335,0.12108732729671534,0.037878335435164286,0.035975544486169506,0.08964894090839844,0.1594633153837041,0.1305258074662996,0.14352037971404802,0.0787319731451174
0.059047567437174854,0.10937531415976916,0.034753964347666595,0.09176166780577273,0.07053868522786366,0.120172693069502,0.2991348246489437,0.14467040977505444,0.07054487352825284
0.2640116065909183,0.06694743579804481,0.04080292705776956,0.07001296869299521,0.11573100767277632,0.036208449156770135,0.23037871571788004,0.035335481623833216,0.1405714076890123
0.10507712060835979,0.058267185636474976,0.02467039107283685,0.11112740018045543,0.07794293321680093,0.1872414078907251,0.12183283595336909,0.2821513092582144,0.03168941618276336
0.08214256489954305,0.27769251745360873,0.061185869502450564,0.08502936178938143,0.1400349168886567,0.08109305146456296,0.20902707059308798,0.02376275064593443,0.04003189676277424
0.16667290124667145,0.050894888342453294,0.0837180848040079,0.15808997982619852,0.10461347334472583,0.052323043521448585,0.22479535782414883,0.018662307894139186,0.14022996319620631
0.07274509436163905,0.030007844589949605,0.1177600928343129,0.015352084039217784,0.058794815110275754,0.320674400627777,0.09869318264728998,0.18349068088633494,0.10248180490320298
0.18924900181387172,0.09654087390707371,0.11494298511091801,0.3012532079811899,0.060265857992457234,0.044538322356810815,0.09084073941094313,0.0596668262688963,0.04270218515783917
0.055717962263264496,0.09501713616621621,0.03987577696892632,0.025794993741023647,0.07275438707022978,0.1779390111222662,0.2255952058511037,0.21001386346742945,0.09729166334954019
0.09637327941188552,0.11898976938460477,0.28191148580148645,0.07276112315016585,0.07892114502716363,0.063133442292043,0.08130335351095916,0.09464660955179667,0.11195979186989487
0.08417444251311501,0.23425417226813808,0.20751226199532927,0.03440119595833654,0.07310554209680045,0.027827916867090293,0.13395337868916407,0.06308152179428086,0.14168956781774542
0.1502130643376136,0.07228415434294651,0.015237725497072733,0.01744437962779016,0.09239528855816344,0.03192509901655897,0.2982053583392076,0.2113526945595222,0.11094223572112487
0.031001915926888654,0.10322106885210725,0.43570191824193166,0.13358910908913113,0.059495157107608505,0.02338633277685817,0.06632277677678462,0.03097946085924086,0.11630226036944914
0.15454504096939195,0.03475390766857181,0.04966958772834738,0.08039172132062232,0.0863564369796004,0.13498177323318247,0.26087754791313267,0.1114115636533148,0.08701242053383619
0.034241037267767095,0.09322053980828428,0.061297220568978655,0.23640232728778252,0.21915007806185693,0.16466678311952296,0.07290807049512794,0.09252604224877077,0.025587901141908866
0.05296778345190579,0.14580672240050735,0.04752821310930399,0.03313618590401882,0.09419138934384873,0.13301403978295154,0.18463356350161375,0.21817850640184067,0.09054359610400946
0.086579893153379,0.1911287245327535,0.0481025850990739,0.01629038391173157,0.06919569556943063,0.29649805442329374,0.08572285424655209,0.16230097970463075,0.04418082935915476
0.26446161975014526,0.018582931208534055,0.17282045507666877,0.05263528716779972,0.08482646240098868,0.06211877750992245,0.05798329168482741,0.23892484222587504,0.04764633297523866
0.04838961114939611,0.04335957260842297,0.06398665223175178,0.03232612399373457,0.10644211989734738,0.06452819360457392,0.17044097481158896,0.22905737221057057,0.24146937949261368
0.07870545007146894,0.039191708209173726,0.07275531761865335,0.10690015848092792,0.09786142063633518,0.10197568753721668,0.1343970520479086,0.19130494794121913,0.17690825745709648
0.014532654783077213,0.17019934419171676,0.2206353756917018,0.08738024025538577,0.10782715240543227,0.11055452350164341,0.058339633638515055,0.1903376331850186,0.040193442347509156
0.07026498759970477,0.057266995986849874,0.048161559079674926,0.15497090548830306,0.09357881533260544,0.11024034234550843,0.17358230661527718,0.20177294390333075,0.09016114364874557
0.05933993156207005,0.09826427826373803,0.04656454523484379,0.021486540169501685,0.12033735936098265,0.04214446946485343,0.32523995569187786,0.17627290513992425,0.11035001511220832
0.032623336770693456,0.14304006735476527,0.2765548368307666,0.03867653466533108,0.06826192130512797,0.05314123009657368,0.0879316541167602,0.19272262534127385,0.10704779351870786
0.10406224260433773,0.3358655928305439,0.04891173085568368,0.0532089138359207,0.11123593579267511,0.07440939359014632,0.1318524260867986,0.0320295305338569,0.10842423387003708
0.10189374757685539,0.07234711254501502,0.04702811575549226,0.03558475426850129,0.14460043511389997,0.19222280721829255,0.1010017297409898,0.22637291631969628,0.07894838146125738
0.05634930404581657,0.1364762686570504,0.04032518310115912,0.21313596930723847,0.12169716732742845,0.10922065137893344,0.04891212873186426,0.10036963982182796,0.17351368762868125
0.021860432747855874,0.05996975253144565,0.04504041928967847,0.2201227544784845,0.07545672296888496,0.11288800980408946,0.10086657241796992,0.08105995174343761,0.2827353840181536
0.18230736671597422,0.2354845502549372,0.042306033679878195,0.057475924852047666,0.06202150959201067,0.05954184081530171,0.17854462933246004,0.10460228749925683,0.07771585725813342
0.06546803185413903,0.18002638600499385,0.0630715508217345,0.06190208343412496,0.07378595055879726,0.149159774859806,0.20870013553770747,0.08298982557795233,0.1148962613507446
0.15557178099117533,0.0698112064645094,0.1096768948942692,0.05015731890081083,0.10698084885268044,0.23324000412754797,0.15257842850868386,0.005284934962276194,0.11669858229804682
0.25589452326212536,0.18028262493187533,0.03539947871959785,0.11534086999894423,0.09689335523354102,0.03646562558461185,0.19843686022956172,0.015618379040115015,0.0656682829996276
0.06211074972811709,0.11589032922730926,0.022700356421807465,0.0804672514908972,0.10271514777763313,0.026838747435386837,0.141607136981691,0.10477088625078605,0.34289939468637204
0.043700050036720804,0.0589851212508461,0.03345141031862039,0.1832452029099149,0.08279859588441524,0.09740140407613303,0.1420813753516544,0.2027818607523079,0.15555497941938726
0.10406805385112629,0.06362410405066245,0.03991209266128077,0.11181163209708807,0.07520258772027626,0.21164878515694785,0.03459153217001085,0.29304367935897724,0.06609753293363023
0.07683315442204541,0.16318000050512946,0.05974771152055322,0.18572558652382753,0.11548986039514936,0.07692628917559415,0.14781292873467464,0.07891386344810385,0.09537060527492243
0.0716657348934247,0.12266423500429048,0.04195107410907121,0.06337795623074786,0.08305530892398981,0.04920301446552292,0.1541396631952165,0.3442510524571998,0.0696919607205367
0.16982874414044727,0.1342927999864376,0.03446551989622258,0.07401782318300779,0.06623677691669509,0.07435360494680615,0.22523543414129743,0.14570998272826893,0.07585931406081715
0.042512331784162,0.22527039187118145,0.28247687512793423,0.1678580624524757,0.08766583790042703,0.06945021745220992,0.0573267637238405,0.020283498549355614,0.04715602113841358
0.04636819479824128,0.061265326840141084,0.07406703701752304,0.045814290810252255,0.07942115390209932,0.4505375432205894,0.08766984544808432,0.011221799003977734,0.14363480895909153
0.06573964174057519,0.11268550969261092,0.020119461744211784,0.10849886049861086,0.14584402348929898,0.13538077597878959,0.07732579756573836,0.23348039338500018,0.10092553590516407
0.07441773479955044,0.08487998431109496,0.061811740581486176,0.08250651333007396,0.07385992944675789,0.062273439953210004,0.26563699357540926,0.16918593005544355,0.12542773394697376
0.07559066986809553,0.06847738862276151,0.06450524491226205,0.0164175102643551,0.09634806187842425,0.2232931635353018,0.22022037518856322,0.09756209736866935,0.13758548836156717
0.01619630951588271,0.13697246909682959,0.035861772465345484,0.024638856885667703,0.1416594614874369,0.15376821272144556,0.12125314623241053,0.19545253067219762,0.1741972409227839
0.08089627962489389,0.056619111028810266,0.03597390708467595,0.03166418843789318,0.10170541975212379,0.14834285470172695,0.13479412632009222,0.24458903979854152,0.16541507325124225
0.04672103525451376,0.2466307978088075,0.0476994689778773,0.029482492385488817,0.10948698627300289,0.145667131701583,0.23032959344609807,0.08438810015211033,0.05959439400051834
0.07041593237173364,0.2182784903549535,0.3147781719689627,0.062105643610894545,0.06876983128768281,0.06384772620270442,0.10016354645715002,0.02109929140428481,0.08054136634163352
0.045192642326843786,0.04495882096074142,0.2635982166128837,0.01948530834690988,0.08803674481816942,0.07974509245732715,0.06359948362235196,0.3677717431850051,0.02761194766976761
0.056506501751932024,0.09591245420016992,0.031258674356651264,0.25705643292010816,0.06920652543531242,0.16691391716417645,0.14204042107397974,0.02390845760768599,0.15719661548998412
0.09203451363174703,0.07416912740406764,0.05842697466408069,0.03680081332508316,0.15302944759648743,0.18488162588313986,0.18782473413281342,0.10886594545813644,0.1039668179044444
0.109246328469162,0.15611322732665836,0.028215060647661817,0.22638448753689255,0.09087022752692374,0.04675859222782577,0.1435097374911615,0.12626415413337788,0.07263818464033638
0.09982709151864927,0.06772939952988458,0.03241615346782417,0.23514010942553876,0.08624379284242863,0.045425661524728066,0.2189298754819244,0.11834026702715873,0.09594764918186338
0.09278793282562552,0.05745233632344834,0.011748472467801427,0.13243928474995703,0.07108017329228451,0.33738981010714747,0.05940506302502785,0.10225730076465304,0.1354396264440548
0.122925394415339,0.14259612834433597,0.06465946862692419,0.23418470914484532,0.07934818681105853,0.06608385278695504,0.13083481944501527,0.09094426187766526,0.06842317854786144
0.06252171956131392,0.11051611829538617,0.04041014237440469,0.24465526867815146,0.0955187152719269,0.0762984881217537,0.16468599963415417,0.06608203466055709,0.13931151340235182
0.19393519807466317,0.05696775152467257,0.024506740204714394,0.18959732281065378,0.09089975805393223,0.050298557576306045,0.16893794912923518,0.15995745946032316,0.0648992631654995
0.08325839395473127,0.08398057660512398,0.016826064026779535,0.19647813160947114,0.2294340955846077,0.11231627401911344,0.10921099816572977,0.10175614045352754,0.06673932558091551
0.051651331169012694,0.25776248722880535,0.3197985546185331,0.023919765148624803,0.07291569815850187,0.06626287270064347,0.05066294769404006,0.11754661557430857,0.03947972770753009
0.08823149982709877,0.0781708045613375,0.05289368944123091,0.24856665999560437,0.08276755497450951,0.24985562961254737,0.0670108811161461,0.06353726708080562,0.06896601339071988
0.20235023225620552,0.19516533561616897,0.07237068678649729,0.04253511551193063,0.10959114613460573,0.08111008086154964,0.15017177523966674,0.04126505486507369,0.10544057272830178
0.11229099886441944,0.06161908793332891,0.12157028282864853,0.01603134174127383,0.09423215448447368,0.12228458475885483,0.310007015373001,0.13638296198677108,0.025581572029228658
0.05639701667745809,0.02802593431935065,0.4579623124485366,0.007393169067156223,0.06262218952375027,0.06025340083523172,0.05701049013617662,0.22792981960090244,0.0424056673914374
0.07835589313375894,0.04485339443870961,0.045106289738927136,0.011450949352098139,0.1528954017728211,0.134988119171943,0.19090447902012075,0.042594976706320675,0.29885049666530067
0.07287599549948427,0.1541787929818579,0.048132332261331096,0.20758126665375362,0.09193199506390604,0.07083082079965676,0.13705699736733287,0.09104579026774655,0.12636600910493084
0.060264209911770415,0.1036626291283359,0.11717233302921032,0.11405123805314275,0.08362301532445915,0.13816623817588236,0.06831908417823938,0.2958791886945155,0.018862063504444148
0.12949550228258558,0.17200269880823585,0.03547552980154677,0.20300734809157706,0.1158435071269709,0.07169084745298442,0.14610852421779716,0.045237624098187136,0.08113841812011506
0.040365618189479445,0.05731743764326144,0.04383068167439793,0.10791854641486535,0.15630801500727026,0.16689765890473154,0.10573111431457728,0.2704865608541769,0.05114436699723987
0.0744499472385744,0.03836654409727372,0.13225503366309968,0.007225255232611555,0.12118592808723992,0.03994170746858802,0.10298625152202696,0.3208351801121696,0.16275415257841616
0.014517030961356621,0.07946723467636306,0.036978449980791986,0.07200101498452266,0.07820890346151549,0.39805822900081617,0.058242898648487564,0.07377276998904327,0.18875346829710324
0.020159112503867403,0.0659780802921835,0.03355925688872426,0.0957072673094621,0.10501562699516559,0.20196722695090738,0.2105809374414361,0.21783239159394055,0.04920010002431321
0.1445242419502128,0.07394352555277496,0.05275635537793951,0.06388088817530095,0.11289270110310451,0.04203755708538557,0.13603475948911264,0.05157231480423014,0.32235765646193887
0.042964406133030486,0.08427572067719992,0.040265481096534016,0.10027285833017867,0.0898615259138631,0.4002083081410805,0.036750772403977346,0.08840948017695077,0.11699144712718511
0.046386009840829044,0.06354218072388317,0.04956011204457131,0.0473213823777821,0.06077955577352404,0.16958934853650223,0.3481911717544512,0.0654367295715702,0.14919350937688663
0.0824033574728093,0.28376842187339607,0.06941006858875405,0.13004260260970738,0.09553542226148849,0.04850235624193224,0.09555519276960396,0.048382015389940004,0.1464005627923686
0.07168176494621205,0.0762340201938896,0.17484571422382042,0.11068733220015482,0.07609704375795083,0.11009669684452598,0.20382191805798033,0.07702000009015635,0.09951550968530959
0.05207089403647594,0.3565787372286746,0.01898330380706055,0.03485060425252653,0.07608791491477974,0.12462084584166792,0.17909792930453092,0.114745783675102,0.04296398693918182
0.1347286188994502,0.07871823862555123,0.04845364384470422,0.03835913763366246,0.08280644714356512,0.12602594706838768,0.06496353857727767,0.25198836821635306,0.17395605999104835
