0.06280392980647799,0.14361121170957286,0.2268602480212675,0.07508103779246159,0.0691264552693966,0.1016552858225813,0.06676327448849662,0.13462430664382743,0.11947425044591808
0.03245572809062132,0.10937280893695635,0.2280812231201281,0.2437078511805754,0.022149024547655046,0.058267439679943606,0.046043167343728625,0.03175145589144882,0.2281713012089428
0.0524382866828097,0.08603832950861727,0.08063097122635016,0.033411878467905116,0.03936144915340451,0.41802795676379473,0.08927812006223901,0.02144701467526716,0.17936599345961235
0.1674991559423241,0.20028795746874575,0.10469525505656696,0.11856823573141406,0.1337330819130628,0.04598605614197764,0.06367896909496477,0.1465320688559528,0.019019219794991115
0.0761183826823243,0.2881944397591156,0.06666225509579249,0.01831567485092532,0.1431632341401207,0.25634268825421686,0.11560155437944951,0.011911852589790814,0.023689918248264382
0.09255318655932245,0.04926159284610051,0.14228346241945367,0.050417549764705576,0.13979804589989778,0.042645315282421714,0.33450066271212214,0.05298006939684242,0.09556011511913365
0.06454003505488043,0.05754355196706484,0.2480722727878554,0.11387726330389324,0.12335201449958393,0.04394968516178046,0.1205928235306604,0.03447235913328273,0.19359999456099863
0.12693916572636713,0.048700103318300846,0.05078792832037129,0.22932045735959253,0.07746398930174209,0.06288176389302774,0.3689898889212331,0.015887245525100357,0.01902945763426493
0.060212356736083605,0.03651582167666073,0.21586323578783725,0.013623557255243952,0.40394532454377835,0.0379890919240665,0.16455659524811667,0.03990887660973242,0.027385140218480417
0.04551593802809478,0.08100738385134527,0.22512808727944322,0.18761949672491762,0.141138633140262,0.2004216027654734,0.05735841859689313,0.0464318832435629,0.015378556370007583
0.09850366075183188,0.13409330820020413,0.22140469094565676,0.06150529263279659,0.06008549112687018,0.11312092442829595,0.23485705847082813,0.03758086861000259,0.03884870483351382
0.1016586888917033,0.18416130855083412,0.09627509331367264,0.1824031151386465,0.11716026832676675,0.031188765244516276,0.15530332166096628,0.07291980757659211,0.05892963129630204
0.03161683069773739,0.12949926424330424,0.0994421767428148,0.253854345379395,0.05382583483488043,0.029091104932499084,0.13078270908284426,0.008655469749632537,0.2632322643368923
0.0877980475596315,0.08625939270357656,0.11247373010752441,0.04565271469499473,0.11257792792077644,0.10838013958044783,0.0850620881035341,0.0628563258740789,0.29893963345543556
0.12333413710136615,0.223114624670244,0.03716247861119119,0.0962648983219404,0.028731424108031322,0.2421912125372945,0.09807328618504241,0.12307777964581935,0.028050158819070605
0.05159898740461228,0.06016014018157025,0.10457260274306394,0.09745051732964351,0.13504769693505564,0.12596349625740047,0.1406278184036782,0.12475881256031442,0.15981992818466131
0.06154847839703809,0.014841967123726934,0.09549275611811207,0.03586848877958342,0.039138757385857925,0.4214993826999989,0.057666853304740605,0.1790750041565472,0.09486831203439487
0.016324273514584983,0.3123378355826713,0.09096970762366095,0.16417512903750886,0.06698383951963868,0.2518769532134219,0.05287046931458017,0.035202362329582244,0.009259429864350988
0.05847287743378541,0.4482290104722492,0.11012434291665951,0.06325970939212107,0.03466905682310773,0.07889016788553126,0.05865914701663483,0.06776076847382777,0.07993491958608322
0.27647142152346665,0.14340779303543646,0.043650296526675236,0.030001172950498284,0.0488200054791185,0.015241241462126381,0.3090445876314908,0.03758783604717253,0.09577564534401517
0.051028303147648495,0.04673725379762773,0.1529769769698132,0.2006326183853343,0.2812306215814269,0.05714941781859173,0.05937308138851877,0.04250103164893471,0.10837069526210415
0.11944352820149406,0.12837351721440873,0.26026381617639677,0.06921119316764594,0.09644226846222848,0.13760892047510823,0.051653073755145495,0.08455711110397605,0.0524465714435963
0.08694011803430528,0.12237863041911767,0.13989535528726285,0.14804103767447,0.03683513971607338,0.044428188589813004,0.17432548243491863,0.08915234041786886,0.1580037074261704
0.27012144567804136,0.028289656472463526,0.16539350037384729,0.116475945435169,0.07114241028014533,0.020261228775799816,0.06745356943081798,0.0380554059598569,0.22280683759385886
0.1531418384645651,0.017458142387157476,0.08193214824724823,0.015863773515367347,0.2566631614944723,0.018817772848799832,0.36064578303972666,0.011963029825161833,0.0835143501775013
0.14023465536238802,0.11569882648765163,0.0829807680689843,0.09827268864035521,0.06788538332071463,0.11688289671665404,0.07726912632019045,0.05173914058616549,0.24903651449689623
0.43243067867447377,0.09055573059551325,0.017443724115934683,0.05748524902940103,0.17139265145721405,0.01801231469326208,0.05665276323531304,0.06719458304476955,0.08883230515411851
0.26316090637323547,0.1973371694469909,0.08215223254445796,0.024255924019704205,0.03671093214247149,0.0908519447478912,0.2004874116849791,0.09658490748592137,0.008458571554348185
0.1510843588160245,0.017899516788352016,0.14078917755701117,0.27095643249402507,0.27491946385723104,0.019289682662452207,0.047284460413786866,0.06984985194858684,0.00792705546253032
0.07857323556326279,0.03713760739235034,0.14343656132574692,0.09418003008249524,0.17429863843392787,0.03388621442803885,0.17700837992363502,0.08621588401766267,0.17526344883288036
0.03597914484944908,0.054360049509661806,0.03370607123474172,0.09806475567648788,0.27578882226342577,0.22499558508844886,0.0373436001747753,0.23481798488244898,0.004943986320560663
0.14127348646041143,0.19593557497990013,0.10213291335247004,0.15141842740636555,0.09448018555550892,0.10863638286943704,0.09713267336341264,0.06920618629508755,0.03978416971740665
0.33624171184682944,0.08739727925297051,0.06529476601132465,0.22661575491097286,0.046802670422205185,0.045496259184039385,0.07559755507609005,0.03194634473588261,0.08460765855968534
0.143110197961438,0.09045466743978371,0.07762448250169005,0.13304732985430323,0.1499063544909049,0.18285024043000594,0.07166588124231112,0.08377240083384883,0.06756844524571419
0.22140240231293376,0.08996886682327776,0.16969525164596702,0.060393610593019675,0.22338550006785537,0.09152404029746597,0.06203297337467206,0.018076597043086496,0.06352075784172193
0.1166515857494661,0.024473690524307905,0.05323448736321257,0.29116454514506857,0.03724376920699484,0.05419023134671711,0.21228660312269473,0.04352245211530131,0.16723263542623687
0.1643789539494669,0.2423301341044478,0.010746856358521649,0.10420279396394612,0.04709390976810332,0.07067621070048176,0.1796580374891077,0.15821025762314583,0.022702846042778918
0.04166315298942513,0.046941470573795975,0.33821015188389647,0.1280108446457189,0.15242709105089464,0.018373559083759154,0.06907632672031172,0.1955450205652606,0.009752382486937354
0.11288345167853192,0.06594159961272812,0.057461362729121564,0.12290850862615081,0.17401734733223337,0.060930325271042106,0.1665705723816823,0.12389712572731908,0.11538970664119075
0.16696508806813007,0.14233997126127484,0.02565397298604381,0.10721036444628484,0.04157586731830993,0.13467335909876477,0.13098539043657434,0.15259449935971195,0.09800148702490553
0.143754234526172,0.10297502826485398,0.13762226120759044,0.1354770055785233,0.1526086452990756,0.12866932188555988,0.12882349425675874,0.050461374310462735,0.019608634671003242
0.09064313081530645,0.07853082185911898,0.3522962737152712,0.1356003607953256,0.03948097276115004,0.048854311875476834,0.07078635969600097,0.07157304600597082,0.11223472247637907
0.16595465806184515,0.027796658959231803,0.12137116148146838,0.14775640401337187,0.033298636646626134,0.1939021018664835,0.20968905948276728,0.020979883088142404,0.0792514364000634
0.2525186737173461,0.2096725870241297,0.12904247507603617,0.0831883956068113,0.19451556589318356,0.018219805556230876,0.04084196642923383,0.03681734727518471,0.03518318342184382
0.15278002023520013,0.21325153754700435,0.21946034631970054,0.09199410271493431,0.12695174101543008,0.0988415734822556,0.06452913999926885,0.021285850751956128,0.010905687934249939
0.06940069979717768,0.20666061564515223,0.11597015637029233,0.16787281732856038,0.14384227522698043,0.08666130050368002,0.11844112770400582,0.022610546404570917,0.06854046101958028
0.054430521836283274,0.24526333244741017,0.0974118258006234,0.06306111052156045,0.1377900584225963,0.19784184733484092,0.04517329928794885,0.1331465075740356,0.025881496774701054
0.12011411508500112,0.05394687423397476,0.11031288951554234,0.060110419663582715,0.2427412700337436,0.20217172762678504,0.0824065227053256,0.11647965919040226,0.0117165219456425
0.15738077462060987,0.05491911105110602,0.03300830682406575,0.047744146769141405,0.15341851629383751,0.201994250675786,0.14398721004221002,0.13085933645805217,0.07668834726519116
0.19248495505861252,0.508901315876884,0.06817695334319528,0.053883847072252855,0.018895103560441277,0.0509049908585154,0.051466278695274904,0.03767247684778238,0.017614078687041183
0.059747345792324165,0.27945451714960656,0.1908250655712219,0.24529969103297944,0.04229743146786386,0.03547223493237394,0.08710444481629841,0.03857644869061105,0.021222820546720717
0.2495062623493062,0.04481560651637025,0.06847714729804238,0.15452631645203613,0.13197148235486142,0.07306754178620355,0.04151895575092812,0.19025850588967644,0.04585818160257549
0.05911575424201445,0.0672715437598686,0.16552852897225587,0.1056565889982785,0.12715934972164425,0.24826638202683896,0.10932466182752558,0.032515974184591664,0.08516121626698207
0.015536257414718079,0.0068496578594527775,0.04430181929868924,0.15118190397306372,0.47639807267170725,0.04638197095853754,0.036584425832064026,0.1442660057626455,0.0784998862291219
0.1814545176139678,0.17575804486843824,0.07551964548214586,0.11538834529933467,0.13327041180394353,0.07342435433764467,0.08126490133615534,0.1442323682211306,0.019687411037239307
0.12305781691036671,0.13893907260277363,0.19369011455469062,0.07231293049098432,0.1646783740886263,0.10734066156339067,0.06367284520075032,0.04664141323705381,0.0896667713513636
0.23327223298435093,0.11202362888227708,0.05870278697716489,0.10712274118012133,0.12281499429020899,0.03221839614381433,0.12083124960918022,0.0038926197493669296,0.20912135018351533
0.03074904388701762,0.08281150312391566,0.14634080834211513,0.15420226804733597,0.3396280851013713,0.05712360586881741,0.10444713961083046,0.04679106541818482,0.037906480600411734
0.06059241606671443,0.15908973902265142,0.14565345886261236,0.02167156797147329,0.04166896498221703,0.3571100852300808,0.0613976045383809,0.045822820221251115,0.10699334310461865
0.05142566921720008,0.020064979123979605,0.10940741889979343,0.05615615648142378,0.05838402579206458,0.4063866640413913,0.11684523964922383,0.1086557205610525,0.07267412623387093
0.07844427093243951,0.0666144116561821,0.10533989051194241,0.05179111776789377,0.14676676497315003,0.2476088176038729,0.098636869728938,0.04069573918540826,0.164102117640173
0.06569875824093147,0.0712783121155691,0.07599997277721789,0.05020094594560313,0.07542438266857585,0.010640803403402531,0.05029295501668213,0.43048607036785996,0.16997779946415792
0.06493764430219585,0.12503766592249707,0.11152492802168346,0.1176728634759386,0.03317642397992968,0.3818050151684053,0.062307777042069724,0.061108089761720524,0.04242959232555985
0.14273881667892124,0.03334527971150466,0.323972051539811,0.04833598997201063,0.19825998706827652,0.05841400719464701,0.14198304820201182,0.03729041182162971,0.015660407811187313
0.21093698281875914,0.057221380479541256,0.12635807143581398,0.04473139936795481,0.016247361428955564,0.03146754792363019,0.3155547505603174,0.03901535646247636,0.15846714952255123
0.05027551468994531,0.09246073514351576,0.11404128760229719,0.06813022468031843,0.502827170987116,0.015583449175088792,0.036705302135128556,0.07447660561129171,0.045499709975298196
0.04229211954931797,0.46656654847415324,0.06131680908242307,0.048453083200072224,0.10773882763609204,0.10804136501091517,0.054692871510533,0.03109893043049071,0.07979944510600258
0.03451516381523394,0.1188343169914718,0.16969719631141658,0.038817677114125086,0.13289565401703485,0.04895576451113243,0.2161348399049038,0.050210451319730294,0.18993893601495115
0.2542656689303668,0.06310645745715826,0.25956787097848805,0.04762567987333183,0.12426200434817819,0.06933455193289235,0.0877751894091607,0.05488304490894259,0.039179532161481206
0.037556103914784075,0.13014092891292825,0.1354587003044961,0.08953938948880852,0.20341843077919916,0.056586505694266674,0.157313127053087,0.1614155901934764,0.028571223658953825
0.17807778814064235,0.08006484663903472,0.10215839601325534,0.0922007179501475,0.14248034279452562,0.12284413527552816,0.1485900057309795,0.08399706554623008,0.04958670190965675
0.13403595181456748,0.06806568203472385,0.140578817098609,0.05523672404342587,0.0838629782748242,0.30791172352928037,0.08514386891561095,0.09396523399204541,0.0311990202969129
0.08124442439952032,0.07379310188125605,0.13217042215128696,0.1745046511316478,0.114508338969596,0.13246566324002407,0.1253233555945915,0.02347284655684194,0.14251719607523536
0.054751036578417046,0.4857154703228006,0.1122342749276219,0.14132303138707716,0.028177859289642077,0.02527836132062991,0.03807987467764382,0.05175574076405189,0.06268435073211553
0.09927930619367292,0.047469232281461195,0.09098878459407678,0.11452891124082316,0.1294834924100262,0.0881270727916214,0.18105564091505322,0.058399884484535924,0.1906676750887292
0.01313033929657511,0.06429649798179143,0.28340539339354276,0.0919916863708838,0.15640415541726113,0.03991691560257875,0.11450431994504734,0.1921809771890095,0.04416971480331026
0.08619182487164166,0.1959081561605179,0.02442481850127957,0.21279496955756674,0.19023102604364298,0.05519134182879432,0.16373725659709024,0.061073483777253135,0.010447122662213454
0.1361218568336003,0.04257045176616794,0.06632676903285507,0.022839544849900886,0.15462785478761173,0.22273813751187918,0.10270681904731327,0.1625385549821422,0.08953001118852938
0.030307164093210603,0.08940261338160477,0.15102704122480656,0.2617684753516465,0.13240247953166148,0.16533905970725707,0.091509764053131,0.027936748926727345,0.050306653729954666
0.19377465230586088,0.2443500181872088,0.1634256030338591,0.023836291057463765,0.13108058938821784,0.042936938447254415,0.15005455847128296,0.03049671169455533,0.020044637414296924
0.02679058742456497,0.2676677653002891,0.2611307401340232,0.14457406262463623,0.043532118620068165,0.043920601208390274,0.16515824269426288,0.035322457168868095,0.011903424824897068
0.008140625006761848,0.12357047916751356,0.09715778637038457,0.03305284772965125,0.3636921207832869,0.0227845756681239,0.18816895832259095,0.0980623853419234,0.06537022160976359
0.14002509601250768,0.06131820947297841,0.42585521170855306,0.03682328816463069,0.18453300306325762,0.0338478319829091,0.048453227254229125,0.05436838999573349,0.01477574234520074
0.19424614119766473,0.008201453430823399,0.07310884087451941,0.06844744188270169,0.05037612061020322,0.04674527125213446,0.2287296941857516,0.016100437130196394,0.31404459943600516
0.3204302411448392,0.16518029097778017,0.11740956836709,0.049730261363309346,0.045788901312823004,0.09193070028946143,0.0496717070388594,0.0832233814536803,0.07663494805215719
0.09470287580508961,0.12994037262921246,0.03022169169896903,0.09630461409829459,0.04291232849518708,0.2668727433283082,0.07132367926347548,0.2351191192366603,0.03260257544480324
0.030859231765069637,0.020269250691016583,0.09890977448692552,0.19806631056476356,0.1235235430905925,0.1125479955136705,0.08028386311911663,0.034509027212314934,0.30103100355653006
0.20442049808618779,0.2340922951484022,0.1480623169723362,0.026530701085405617,0.05490018032396369,0.09012359457685688,0.03890581781096944,0.1908180952279714,0.012146500767906793
0.38686919709426437,0.0835917798730796,0.060904690088615265,0.15896554782038963,0.06336462869538494,0.015588345716111202,0.09668438544901019,0.053213067046886296,0.08081835821625842
0.18784687983190054,0.08450828138400356,0.08457415516921239,0.14178909427174116,0.2571945600637382,0.11104882488477663,0.056137391469378704,0.03661195762531037,0.040288855299938454
0.10554708091600336,0.1315524415250046,0.056947422275978064,0.032527767304726736,0.09394864433342896,0.10144932429726351,0.37854452132257865,0.06338171514495593,0.03610108288006018
0.11470604645079463,0.07437157998106884,0.07445119557244947,0.2485672836473659,0.03866113435871458,0.17966191699470657,0.062377273566889796,0.15927559212055686,0.04792797730745333
0.17189074615939645,0.20546598084164125,0.08478071115570701,0.2189966815931225,0.04523233033651342,0.035751376367529966,0.08581321178986791,0.09413922677477153,0.05792973498145002
0.20001728987170067,0.047625134375049664,0.14905300307196118,0.054587978242519465,0.03566488206833223,0.12717040109410882,0.2608550923897422,0.038681465116295916,0.08634475377028983
0.11670619045313775,0.06421407771222028,0.1277513879070713,0.3260630510469035,0.1866664749988862,0.037754961839367815,0.05881258792969125,0.041234904282893524,0.04079636382982843
0.12014561154741075,0.06335714296385538,0.04553559835691498,0.00920239147232187,0.016785000372949513,0.4382097378023347,0.08443470430058253,0.048354817556012564,0.17397499562761776
0.053655138707957,0.06613073200054159,0.33530825579234264,0.0713878726698602,0.11858222590946636,0.027708862825378,0.13836962294003344,0.13370230548529902,0.05515498366912172
0.12059096902832651,0.12294308456318126,0.3372963893008755,0.09490799337745404,0.08002127256789397,0.08250598495727435,0.056224366321412304,0.09093655852494686,0.014573381358635264
0.21620717191914252,0.06462895049102509,0.13109094303394742,0.06271268466222292,0.14996181195505628,0.040837323227142945,0.09758573104623082,0.2152992233217883,0.02167616034344363
0.1715663753627291,0.028974531233441122,0.09016803823028334,0.05655372616757865,0.05565247059876229,0.1833537965528711,0.0640385750234244,0.29716596886254215,0.0525265179683679
0.03269157910164044,0.14646013616942885,0.07425914322555704,0.10683059113599042,0.2107361589733793,0.12371068270494989,0.0818644155989915,0.08960152109351775,0.13384577199654488
0.061723957961733356,0.04999272304304143,0.1924322887033727,0.2201894440912041,0.10734316428891129,0.06491096787773613,0.04870873420892239,0.2241365950626205,0.03056212476245812
0.08405432207745302,0.06977515189184179,0.16421653663428784,0.08273727882861195,0.03189194054780631,0.22895249495560802,0.22540214367431846,0.0715656576564144,0.04140447373365799
0.19500943798153156,0.11646154152704845,0.01931475198290145,0.08419189925060476,0.10430323814558125,0.3508391291330571,0.04696840553064643,0.07364529589707154,0.009266300551557614
0.12864307733220423,0.08994813888982937,0.0369815462643303,0.49103495246558654,0.04627177743725852,0.05048009404401438,0.05725070053397361,0.0763067289222573,0.02308298411054584
0.04522797588642665,0.09794202906208438,0.18813086656818626,0.08188149981013958,0.0820285378116078,0.24235060134997766,0.09945930203942117,0.1323474048167597,0.030631782655396678
0.07147190593169664,0.037745507086777236,0.20524955598663552,0.25742515866416693,0.0717030451572108,0.0627133303177649,0.14294919799132785,0.05864525137244651,0.09209704749197357
0.06391748031746855,0.020197230894370977,0.19589701124775463,0.1529752029889755,0.11840633830314835,0.07705555927421066,0.07671219076342717,0.15253307415635706,0.14230591205428714
0.18978494322722148,0.12014156685956136,0.0903386107020326,0.31482628013939423,0.02879233072151605,0.016304097847248507,0.0854463019983384,0.04874660520719667,0.10561926329749065
0.364682631805395,0.11380155633097133,0.0734885478121341,0.07237379822729688,0.20971130768154247,0.01582481890890501,0.07313431217321288,0.04470532223796045,0.03227770482258186
0.05763084743807236,0.13723751980740076,0.20201150565405754,0.06058284405811865,0.10209480255279345,0.09013116317453508,0.24899356046017826,0.028090487986009622,0.07322726886883425
0.05652571482853141,0.06529513506671865,0.3038344445900549,0.052165189696663415,0.055691260168747224,0.3529884925756026,0.0700205468847924,0.02272675618070454,0.020752460008184873
0.0697517440093793,0.041915877651906686,0.2501847130790424,0.20446382449374015,0.18125079481411033,0.06906259009972263,0.07577367441584192,0.02726552242162043,0.08033125901463621
0.08807645619594316,0.13289861370801798,0.27711723691535833,0.1276784817105646,0.0909249747853696,0.08201078946246948,0.08819131260357367,0.10020963025238477,0.0128925043663184
0.04932905456151326,0.13135325248294197,0.0966219638478545,0.21136811768174477,0.07673862958729256,0.1652159829787617,0.134400864309124,0.037801688452358866,0.09717044609840837
0.13108173856560776,0.040607640320305706,0.28539764644931936,0.10767105549122702,0.09796933552440586,0.1211011383340811,0.1178797259180198,0.09036667993895407,0.007925039458079224
0.5168744563970227,0.07360786317859148,0.025215432250257925,0.11069378433879506,0.03220286334315935,0.045366026470754,0.10023718504397088,0.04589252992836087,0.049909859049087686
0.09515121214288702,0.046194959851993705,0.16516589940605095,0.08182692959981214,0.09830115981426259,0.08061440654679125,0.15309394458761902,0.0944584290123351,0.18519305903824823
0.10068931510887556,0.03205856666750748,0.05903436814515576,0.06502280113280853,0.17198070524959622,0.05973205100152685,0.36841076022433444,0.04677202323592255,0.09629940923427265
0.11903050647592912,0.05769741624945388,0.06813364429673156,0.07775896413080889,0.10635416123124956,0.12453982032200095,0.3273224768482624,0.06741491135082663,0.051748099094736995
0.08875525055388273,0.030304472723155344,0.07170206313125968,0.03861713765787264,0.025148694367985783,0.4855951296891048,0.08321432121952817,0.04464314329655485,0.13201978736065592
0.07481837068664271,0.08489482723104518,0.07304755898841299,0.05844767227891461,0.10400532189957512,0.14061621784121983,0.043616207199127316,0.2498932337202883,0.17066059015477397
0.07616799203321961,0.04780177485409143,0.2942587824591724,0.06060450604201758,0.10784663248830682,0.0749836513539695,0.060232615933537716,0.25192162295372184,0.026182421881963142
0.39763400245046315,0.06027630435800326,0.0644712430043801,0.030918792596189834,0.043492238679823075,0.010845107163715083,0.09839516517836405,0.22819633206161835,0.06577081450744317
0.0737083732928762,0.2366562496535883,0.13894803654794025,0.024054030076872138,0.24764513514224915,0.030981954105255203,0.08242459577512794,0.07155971924653398,0.09402190615955681
0.07255853366512037,0.23950675748516956,0.042331218651757624,0.1643396798374016,0.13288681794978058,0.15135277434275402,0.0995716621815772,0.05274680912924675,0.0447057467571923
0.15047363079235931,0.11471264304997521,0.07335515564299659,0.1048199280594269,0.095418213047073,0.035998647715337055,0.1486841233530528,0.08513741760485949,0.1914002407349197
0.2477359243248605,0.06179657634205544,0.05470808179238937,0.05498661684947884,0.08889945477266237,0.024316665140022443,0.422215274404287,0.018287037908066614,0.02705436846617738
0.0876823328412113,0.10374318935136935,0.19479104866308802,0.06620594148876495,0.04416371944190573,0.2662860510122172,0.122995000736976,0.05744409137484796,0.05668862508961945
0.1474974713528331,0.17776585585883167,0.1105719876180743,0.18994532584987267,0.1254699760695751,0.03116481420226617,0.16796214017119845,0.039327886830468,0.010294542046880554
0.1993184285041412,0.03330574088439287,0.11906344155530955,0.02528959924981021,0.04605610052613287,0.11682049893859033,0.06370409973838365,0.11771452460051539,0.278727566002724
0.05455971642395627,0.13169027407931538,0.11306214527278256,0.25216230037721016,0.053518463006586976,0.16408329372199917,0.049256785196734286,0.166249601990459,0.015417419930956156
0.0362206870589566,0.48296948998657907,0.13325199680637692,0.1603779471742637,0.023047548060295273,0.027929392059311785,0.06317608112017407,0.022039370786623793,0.05098748694741886
0.18667372779678817,0.006158286246805235,0.10786077549599356,0.01995036939858964,0.12537167726632184,0.12992587633446193,0.3653957863488082,0.003298469504444884,0.05536503160778658
0.25484224952358997,0.24317895405197443,0.0302752688545833,0.03123613341183763,0.05098869395030082,0.2910717316081499,0.06309297803671786,0.019840088842717415,0.015473901720128712
0.2481509807432641,0.08357888299002053,0.08445560443495233,0.04419648937560552,0.20479215340331938,0.028048016781785576,0.23806368625174332,0.03605372150498053,0.03266046451432882
0.29139818324003436,0.016090966657455307,0.034836320309610085,0.037779300674477635,0.26346888481454017,0.08713810213452673,0.17576299684087485,0.05618823054842411,0.03733701478005672
0.13100901183493238,0.10146427336206387,0.10318992486944677,0.19095694756074008,0.05904085345789097,0.05857596428203391,0.14816282338144418,0.05995816183213979,0.14764203941930806
0.061229142626092276,0.13392532550126598,0.22143838075848854,0.08483969742303031,0.13265382999926154,0.10894227458485362,0.11891934123662183,0.08869577838477553,0.04935622948561036
