0.038610058246455504,0.2717997344790224,0.0674350243202081,0.13418876714911146,0.052235666933546476,0.09966120254237064,0.08707698421565759,0.14802268552397224,0.10096987658965566
0.2945750912611326,0.010893315846904367,0.1184352863114261,0.08619158059475,0.04019385081724188,0.26823195125586935,0.043723352042218944,0.056528573840858326,0.08122699802959833
0.11059126307447298,0.07892010186896282,0.03154934350682541,0.11512960033338437,0.042258445611049876,0.02015651897275106,0.12981085430507902,0.10355636517080329,0.36802750715667115
0.23361302559914318,0.2632305096444979,0.03455986221041207,0.08352128703099083,0.11685192238632504,0.05261656310959958,0.011855734574807637,0.12900835217481757,0.07474274326940615
0.13562877099692444,0.09704402884781692,0.1226062926183768,0.13079829182309358,0.13132890202022765,0.11477364140029088,0.19534316844432445,0.044848146960336094,0.02762875688860913
0.19639005711619983,0.04234590225651579,0.047447190001635664,0.06934371125221382,0.11237975949606914,0.00414569360586129,0.1071913339090339,0.029331495013684875,0.39142485734878574
0.11598422853291566,0.03979811638526519,0.03003329054735131,0.06004831192981846,0.06320248120085678,0.23740075716588482,0.019650800893384553,0.18616970733772722,0.24771230600679603
0.10940591514453364,0.06944077978988235,0.031826924999646664,0.1033612622319746,0.29504155215748995,0.023419065261008024,0.14430359450112262,0.05033044908570685,0.17287045682863525
0.11146072713121247,0.05981876426447205,0.03191822330648602,0.11156088472153514,0.056552482319435854,0.3355983943746836,0.06504210896371014,0.03492297820718637,0.19312543671127833
0.08007925721207397,0.032226544401162384,0.07800130753918037,0.09716732771073165,0.16953977117984484,0.03776453015590194,0.2746375367174238,0.19974311459085045,0.030840610492830725
0.04551672917155347,0.00880878084803705,0.033112206793555615,0.07614586586868029,0.06518959467333808,0.019858587216097446,0.19048024935980268,0.09648163195412802,0.4644063541148074
0.27945913948652673,0.029518945857873995,0.07307183801860312,0.10401752602944138,0.04274720420326699,0.024964585042578757,0.0855903178974526,0.07739393887947178,0.2832365045847846
0.1107778831742719,0.08182929400545605,0.03050228524807456,0.09480298369091977,0.1435381965306977,0.005345882468676309,0.07814572025859602,0.12249007132426444,0.3325676832990431
0.12563050405421924,0.02132918471202971,0.06407143485223733,0.07040107569971314,0.061787135884638696,0.404367994953517,0.03879322946321484,0.12838447518715826,0.08523496519327182
0.15674744627066148,0.08506576826574193,0.041279833172483286,0.08931534433659276,0.10725848368376117,0.2370896571846631,0.009728183723790836,0.0815047658995222,0.19201051746278328
0.2174177241678695,0.01960440026147204,0.08869301747816699,0.0972158474551335,0.205885870750559,0.009642392068266796,0.08379086755604155,0.10668657557216939,0.17106330469032124
0.06302002266021162,0.08284997448499544,0.032364802144552875,0.1189404015432871,0.19904612666464708,0.050957097849756154,0.09646780137842287,0.2766647281153232,0.0796890451588036
0.17898741905331794,0.03936599239953813,0.02997443241482273,0.11333135604000977,0.05094787845564192,0.02237507692743952,0.07773759175512651,0.09564393555226842,0.39163631740183513
0.08969082104712923,0.1320899544674556,0.08536849225456448,0.10020838190962877,0.1482318811997614,0.03341112304882318,0.14878653318417,0.15675077657469724,0.10546203631377012
0.15448151104945404,0.09382124216656357,0.09022044404123608,0.11149776017753288,0.16057338402517574,0.1133634452600517,0.033140804728330565,0.14254228435501445,0.10035912419664106
0.10317730688072753,0.076217035963293,0.036273354182299426,0.10292684629714476,0.07362808444091068,0.10338268212748415,0.09250992183087152,0.03433803804924151,0.37754673022802754
0.1169053134241466,0.00930043992598238,0.03456630548454463,0.09174246933195167,0.09016859301273085,0.4705690539688386,0.024354309091544974,0.06395121722963404,0.09844229853062621
0.2924742240262304,0.09613672999100831,0.12650158934158381,0.10980051645294751,0.1608689429186978,0.03013736524134396,0.029971715710364135,0.13830573876433103,0.0158031775534931
0.1197033242204194,0.06976142407564356,0.08709427316218897,0.13919106442364615,0.12366257484983546,0.03406853344295966,0.1552568592393387,0.23647618420260316,0.03478576238336493
0.13557405299962527,0.021961167386121833,0.030173536480676184,0.11079939505597565,0.13147098098048388,0.03297909281875242,0.30750072878731766,0.1433479901197232,0.08619305537132393
0.3641022405256305,0.16714192278784337,0.043220473063456055,0.10089581154288634,0.09699195115425258,0.053510005504836415,0.06752676213845887,0.08890212967075461,0.01770870361188125
0.33218949966326644,0.07173710110040891,0.06005053951099117,0.102500031899895,0.08571674185197607,0.1550033326484337,0.061833050639791304,0.04307884410408593,0.08789085858115152
0.036190682676576734,0.01736846715503497,0.03477486949990755,0.053904359741890805,0.09526008411426906,0.45790626881790336,0.00918193803018593,0.14750566490110648,0.1479076650631251
0.15327904029439002,0.02235936682814535,0.13187320405644087,0.10117256595315953,0.06643739572235165,0.124974541768606,0.28138619385724223,0.10616540893381217,0.012352282585852067
0.1319446233793321,0.05532642378631889,0.09782248837349089,0.10937799421393085,0.04541585211799732,0.4132765289645343,0.08089267908381688,0.03762292279686244,0.028320487283716334
0.0923936448729372,0.01928827780147634,0.07860087698039442,0.10518451473748773,0.18815043925071448,0.006878688824682071,0.14677283783679151,0.17816731404967537,0.18456340564584095
0.10462609405760832,0.06770812041323106,0.03598630130145312,0.10720073376368537,0.11739607376208888,0.026221365624893744,0.08968059165895319,0.24260307009867965,0.2085776493194067
0.30342585071890465,0.02705744792740919,0.05420684061969657,0.09961424804895268,0.11407750438385056,0.22934667229655428,0.01191017966754782,0.043983015409644395,0.11637824092743994
0.31993850914499095,0.12060645418745268,0.04161564819753832,0.09924296856199188,0.060236751219537844,0.12150992943730558,0.07277319251005604,0.09876971532472885,0.0653068314163978
0.1469160550509914,0.018621764722542098,0.04048465691065946,0.06910435546199097,0.06607784108276335,0.19689188689376444,0.028813142833338065,0.123646157893175,0.30944413915077523
0.16910401861762417,0.01405164581068342,0.07628006298177333,0.08785221351042079,0.06760297835730365,0.1065202772772925,0.2851932404610487,0.06515583010981002,0.12823973287404342
0.11374830165494487,0.0656396201737058,0.0443565369887426,0.09685742238321704,0.1263075872966767,0.3243951693037174,0.10691733705768362,0.11197036304228468,0.009807662099027196
0.1410252211812479,0.13849228294701402,0.0324170570774547,0.08768797825981357,0.038273184367086405,0.04705336135256708,0.07268813319075183,0.11327361316836888,0.3290891684556956
0.16877089367646958,0.015665213294548456,0.18108243819251327,0.09910884242716565,0.07283587683827138,0.2607163304403608,0.059853703120028974,0.1125071002919078,0.029459601718734157
0.2132066079029277,0.08604089757069817,0.06187776525281501,0.08342166982588062,0.08855139782957443,0.007647105075877839,0.05076536983672083,0.02849658887972208,0.3799925978257832
0.25693307323919395,0.043675401094184184,0.11201472416297394,0.1277610465673747,0.1045098053548867,0.04404173024152951,0.08187461602713879,0.10869374302398775,0.12049586028873042
0.18132582001682696,0.031033071541609794,0.09074020940466676,0.11675569929147794,0.11116470241964836,0.06291725352709916,0.09425427151584335,0.10190849344315923,0.20990047883966848
0.08637431010385781,0.16881126811770944,0.031248441644200972,0.11235425411890916,0.1655605312221917,0.023364392103242065,0.05804535499296102,0.1384961134209858,0.21574533427594203
0.2529228370466519,0.03564537215906625,0.0399326368866424,0.1249466701091672,0.09233330579215528,0.3096906385779961,0.048386341844094516,0.05202633728457112,0.04411586029965522
0.24433703568295184,0.10381238683325182,0.05190281434672352,0.08771545311613504,0.07902035885593404,0.18098554494894306,0.17201633028285276,0.07537905323932513,0.004831022693882679
0.19932805853615695,0.17175922647895256,0.0497427238589409,0.10540945099437027,0.11501093607714787,0.19092550578269743,0.022432959314997756,0.0839814551324148,0.06140968382432149
0.2674173319707967,0.08350685877153796,0.05879598226338645,0.08117140842147448,0.20344165378559262,0.025936082297472796,0.05560089107224125,0.05766435514631313,0.1664654362711845
0.31997055525436524,0.012190459102702222,0.18806004585445413,0.08711603306869725,0.05024166024109713,0.15906525784511638,0.044956051716738464,0.06919818133957392,0.06920175557725523
0.1057691139792213,0.25631192071233994,0.08971077584180638,0.0942516865578616,0.026791192681522497,0.09900259025551345,0.16304423965147888,0.12106058953323696,0.04405789078701897
0.1765889460466864,0.06644867350482912,0.041904186737227206,0.08909432318057453,0.13254062099876054,0.3824536382904027,0.029999422029260047,0.04863119635635096,0.032338992855908445
0.34343651722266366,0.032471427235040554,0.08021533782887967,0.1001253183547609,0.046441525377356734,0.2749653699353989,0.06659292321786918,0.04672287524059159,0.009028705587438863
0.08223563684173484,0.07289159718037157,0.030609559669389552,0.09528123271865245,0.15387709765736424,0.02804538856319852,0.1887579693062835,0.11034817608289975,0.23795334198010565
0.0872483828210772,0.015718266767207348,0.22094082871100407,0.11613356482299646,0.08655957181160791,0.08199677776685828,0.20191460750170834,0.06968229007674338,0.11980570972079703
0.16739095764137388,0.16401745743534996,0.09915869103638313,0.13214841258571972,0.12740083401725558,0.050724404194697946,0.1325413882786752,0.050624680486272354,0.07599317432427223
0.3050487408136558,0.025753436588759403,0.04134638909444573,0.11535251817970538,0.13778792788554853,0.18229318037677267,0.10565794763948942,0.06695150191391537,0.01980835750770759
0.06182668497305641,0.1628775698030268,0.02565616789511611,0.09937135143109628,0.11417802316669756,0.042760423317383146,0.027458072012615308,0.16180699780172372,0.30406470959928467
0.03714276903161529,0.04572349421212645,0.027245133442386077,0.08644915003496163,0.08909251996574354,0.06630768575684083,0.053522250148620276,0.05667004317564416,0.5378469542320617
0.11412927237065389,0.01187365608400902,0.0923633616806971,0.1003808522619718,0.08938887356058152,0.18199349532788558,0.06093566201210029,0.07185993079391496,0.27707489590818585
0.05092426120730492,0.2995389067273481,0.07828243994341333,0.112568525043252,0.0926537782318985,0.05837029206419934,0.17957648689704886,0.044083435664104914,0.08400187422143002
0.21770158326233735,0.038980343358999324,0.07341757434816375,0.12381429761157607,0.08201622766399923,0.1902476422527312,0.12465691684908375,0.09660309050892886,0.05256232414418044
0.1689154820592682,0.07854224284616282,0.06216997562898504,0.13400368396868428,0.10328995995319068,0.012499989286275713,0.13903197915329488,0.129542363719946,0.17200432338419233
0.08027630014649097,0.06274640170267962,0.10090138461565368,0.1298491659387531,0.10772065618513027,0.025857211035121713,0.19413149854856085,0.16793813409254124,0.13057924773506854
0.16174788740520085,0.020056050353579533,0.16720038949869884,0.10815099059170126,0.040791116006309074,0.03725637198646393,0.2578848542115186,0.12696457015576273,0.07994776979076516
0.21909002615277448,0.013059065373718674,0.02427291755125684,0.08074729743802685,0.02958241429651895,0.49553334658551296,0.04353586052970162,0.06000720584373067,0.03417186622875896
0.0946217376355647,0.23172750535138106,0.04615558559553942,0.1326324748597332,0.1271378909707633,0.04649525011118224,0.07383786933974297,0.17328580792857715,0.07410587820751603
0.16738626739143633,0.03122734229954614,0.0691843176488966,0.13119275872390201,0.09711629604371619,0.10301708719496873,0.13086902978254605,0.17286056161461424,0.09714633930037377
0.23417635816161095,0.1176540937409486,0.08962804425023006,0.12428024141702076,0.1246935577778382,0.03950623022277349,0.0568220954327985,0.04885459769717929,0.16438478129960024
0.1305285961028276,0.25367934716996027,0.08171946388868617,0.11227694700524603,0.09372168923646346,0.05402523822720811,0.19141277209299953,0.06171811661571582,0.020917829660893058
0.19190834795534825,0.10725575360894583,0.05297822627819634,0.09964125483290283,0.09894936372444023,0.10455951596960815,0.026138568490185313,0.05325813952025484,0.2653108296201182
0.29127377408418237,0.05679718229851736,0.06621733995411117,0.1058698956383407,0.13853094737455005,0.016326357610771586,0.18384509705226768,0.060070934993478924,0.08106847099378013
0.37727450806425145,0.06681482924660372,0.04031557172632168,0.11167198195659737,0.11713763055392666,0.16044016485838347,0.0459718210961085,0.02889077918689088,0.05148271331091627
0.1630465578632279,0.08825785472678253,0.17012844728805288,0.07647906623718813,0.1469222585467763,0.025924001928816037,0.2312359746021613,0.05452317833394809,0.04348266047304686
0.11138286590211899,0.05456424609516545,0.24685444285474203,0.10929010438374986,0.09094541391456147,0.13572811320096898,0.1452675938478102,0.0747336921177436,0.0312335276831395
0.10708113814765964,0.049613797139459036,0.05417167442245591,0.10410644403066499,0.09546195014993814,0.07381252705084372,0.19881826647406667,0.2223535423318285,0.09458066025308336
0.11529891644227563,0.07218731561371663,0.07727799817872903,0.15083475132080368,0.2098087987177878,0.04514402481198721,0.18553050469804142,0.1103723250425217,0.03354536517413694
0.31520321649870037,0.06611636448555032,0.10992217159612418,0.10093908250378475,0.04546885241608325,0.13408840268103905,0.13105915281644673,0.07257012603974156,0.024632630962529777
0.19113980933893884,0.02438249507071799,0.10299462473780348,0.09510178882057403,0.06745952134278722,0.1973116914034727,0.03243426115870254,0.1341352650937662,0.15504054303323697
0.1934566475846143,0.04660934188472965,0.2098193080608279,0.10633398519656674,0.23882675125918548,0.02453858185586134,0.11819324558158696,0.04528884952303449,0.016933289053593082
0.18494956296755194,0.06066561558326821,0.0534137245312197,0.09037998563279497,0.11191436487985089,0.07710264004948934,0.045340616256909015,0.06298642064525252,0.3132470694536634
0.18580202073075136,0.01948073345087459,0.06119635149305175,0.14843229387752999,0.09460093022115762,0.08830886390379387,0.22149011220047118,0.0858231314582582,0.0948655626641114
0.21281877930644524,0.06773556428951773,0.07748688734848734,0.1288180991160849,0.09517674343405325,0.04120571787786061,0.2230075560875977,0.050510823647776475,0.1032398288921767
0.17751431694681807,0.0669892197005809,0.07413612953554953,0.10096816957117516,0.1748769249817541,0.09769427757271647,0.06590255958412371,0.21805734518934974,0.023861056917932274
0.15399435278371537,0.014862639681224326,0.06464306599565878,0.0982046267773039,0.02445646925136997,0.34165390629805836,0.03549402525884857,0.16980808377968468,0.096882830174136
0.15988121805738714,0.16943743444743856,0.057655677307478746,0.11032192479417861,0.21554316861507652,0.026892359753222184,0.0786336602473609,0.030841169934207352,0.15079338684364993
0.14511782253333225,0.03358239616390702,0.020451006784403623,0.06111366141803034,0.1223648925406917,0.2532562300893453,0.04991415383293702,0.1295040994996156,0.1846957371377372
0.13070679136869387,0.08996497613756983,0.10814335934468605,0.16180794854645986,0.09752794306594871,0.02889389805904812,0.14434997992048573,0.19086356478911795,0.04774153876798978
0.35053102748913584,0.07106542669034811,0.04696542548887835,0.08376107803468823,0.13761495242514069,0.22832435993544742,0.02188146838365609,0.04273921898666567,0.01711704256603961
0.126152652495672,0.11677010101652975,0.22490648000734356,0.10574881777578597,0.10255899024673815,0.05345907062938349,0.15947636173711363,0.06354257515436312,0.0473849509370704
0.16614511751038213,0.10313487646570939,0.1251227640518507,0.09475835862315722,0.017212398165080526,0.15727990382003895,0.04876676659377479,0.2634604177949978,0.02411939697500842
0.07159326019481575,0.16039912137376255,0.019711990745716324,0.11529989724844625,0.17845771856680992,0.16490149449940958,0.10760466765069467,0.03237004840561892,0.14966180131472617
0.03056860085093203,0.11495956733129296,0.3257837333268433,0.11162499403593949,0.11770359866426416,0.022200099711373156,0.10501771242754594,0.08397324549600316,0.08816844815580577
0.10622729087049813,0.0654648252093537,0.09686571074637877,0.1135507208982744,0.0733472686602372,0.21648645459857352,0.05193113518235546,0.06196276669002407,0.2141638271443047
0.06876816346919566,0.2649516958413023,0.058258073629485506,0.1125725771422726,0.08331947040206865,0.011793507732916856,0.049190789330959224,0.16499085704402347,0.18615486540777568
0.32453850391701083,0.021722911514403417,0.1688765977807686,0.09084862509846807,0.06759136450303004,0.18442218420350207,0.06805568547064907,0.03985875111065062,0.03408537640151724
0.293091620434963,0.006033323873053721,0.0662584614050967,0.08578293806675318,0.02497836696504635,0.1422440717899305,0.08595217506183782,0.11211963732066155,0.183539405082657
0.24630079531445123,0.03668228190357189,0.0903536931605901,0.12314211849688265,0.04114543769121152,0.2879218018199599,0.04649733453061291,0.09336068265016127,0.03459585443255856
0.11267357938799576,0.023963281946155823,0.12780895848966056,0.07892126062519915,0.01441649259762593,0.44990321682448703,0.02602615348141869,0.07291354696927614,0.09337350967818094
0.21794685624462715,0.011779111872022205,0.07195949774333969,0.10892230813341257,0.08625122219451765,0.18045593202368196,0.04792595070417157,0.13443293008007062,0.1403261910041565
0.15209877593699087,0.10666282431279021,0.0921810642425604,0.124054304723256,0.05846604215857256,0.056408173569725086,0.25729797804792404,0.05977894792480751,0.09305188908337343
0.08078575364217451,0.1613132008309589,0.021725032760861036,0.09208459679124752,0.15080142241926628,0.012043238271716564,0.05623160454623047,0.017424990862987096,0.40759015987455766
0.4585004637921302,0.01557833284640446,0.0619928943640988,0.0646452729197497,0.05013058671053932,0.22384089323053713,0.042249836611394954,0.054922468140183346,0.02813925138496207
0.21525097837038862,0.1395255254179151,0.05368871342132464,0.13252573570630125,0.08173981733805911,0.1368594040796676,0.03126478290175822,0.072607279518758,0.13653776324582734
0.09675025937250065,0.04113346252543503,0.07184625456466638,0.07560430374723372,0.06580655465156664,0.2499814703180021,0.06509532981472846,0.13094905207211038,0.20283331293375653
0.12593269307925134,0.03834109313263238,0.11928484058086726,0.10664608481359017,0.037407220966321375,0.27457270309742854,0.06016080115270781,0.20306444087673461,0.03459012230046656
0.3605700785232595,0.027587691578629708,0.05922548413754902,0.08109131164842713,0.13660817781240653,0.022514664146159342,0.06751653905444148,0.23307232835516248,0.011813724743964788
0.22481792471218917,0.06484051182072553,0.03560727531632161,0.105970518166433,0.12541829698484389,0.24105280995052794,0.06384490388377102,0.06483209002186223,0.07361566914332557
0.08906762222816478,0.10900828563509825,0.03386082608980113,0.10891242297686055,0.05394989520180667,0.07049696104530234,0.18827936951050925,0.04345802241150105,0.30296659490095595
0.17843010275559187,0.022933466808885417,0.049602564952588885,0.08828452179491435,0.07105455476860216,0.3140786865959645,0.01954934027060812,0.10556805026570411,0.15049871178714055
0.16570321731330162,0.04083551658078566,0.07913078641213427,0.10954618957476613,0.12138330986608763,0.2130843257202462,0.057401586603618084,0.1631934932215481,0.04972157470751232
0.17152697668262085,0.030341936759232305,0.04199534092950514,0.0882362776399906,0.09098683909870321,0.43563915557573396,0.04842036523249313,0.01595226588658703,0.07690084219513378
0.11598422853291566,0.03979811638526519,0.03003329054735131,0.06004831192981846,0.06320248120085678,0.23740075716588482,0.019650800893384553,0.18616970733772722,0.24771230600679603
0.08065887839468351,0.22909631514481332,0.024830334697324666,0.09844840086479074,0.07318604377242023,0.014679738474302935,0.09328226161065434,0.26758791938792065,0.11823010765308961
0.2492144995515703,0.0048211293907603195,0.05894766569948277,0.09574651397594931,0.08714472885629375,0.24474668380786205,0.02030762195869403,0.037619567244707025,0.20145158951468037
0.22526137903451637,0.1652452098832826,0.038366806686789,0.0905310066165171,0.05969980402206664,0.04282895772088796,0.0312955985969223,0.1210427175563199,0.22572851988269815
0.20571098940866406,0.017474706863829747,0.034999871229381314,0.09698139754045994,0.04307209476023564,0.05253528156624646,0.036531621200136345,0.047773929018218565,0.4649201084128278
0.17007095032477637,0.06337457605394585,0.21990419855369106,0.11601308420445,0.049733325647140274,0.1535312814032458,0.12179738911575616,0.07598326437711021,0.029591930319884264
0.09435127183424262,0.02396040478262833,0.08434640422911212,0.10202391051289024,0.19597854946429516,0.11582960307600852,0.07423712167446418,0.1079954519436675,0.2012772824826913
0.17308967788537344,0.17662654590029023,0.04993551727211484,0.1032278786396954,0.09018030056824072,0.1649500315852672,0.030300929839467253,0.19307876213325584,0.01861035617629502
0.15069151191374405,0.11523755929955005,0.07309590303496531,0.13104689725835916,0.25684925567562006,0.02452856834765921,0.035356740860030336,0.1385471637302602,0.0746463998798116
0.1391109228153368,0.03205906968598509,0.057369837148310586,0.08422435308319452,0.22311403377341787,0.3861544178689167,0.03271019812604384,0.0322721359952694,0.012985031503525294
0.15697304763524964,0.14944994492041122,0.03187201945346819,0.11442410820286908,0.11495338880545047,0.04064710544640931,0.08673346288415357,0.13123912763846549,0.17370779501352304
0.1811487314062569,0.017185148044187592,0.164650478738037,0.11155364987443184,0.07999413792498435,0.04790185312035111,0.14492448950730222,0.08974247009790465,0.1628990412865442
0.23167626757188875,0.06712332695487051,0.027440778984787893,0.09900252887803125,0.045832806243185746,0.027657216289972145,0.03802909592003136,0.24926893943475617,0.2139690397224762
0.11089785442386457,0.04027261766340586,0.06471853293495733,0.10437774567055406,0.0458646428299179,0.10773247611079773,0.05434641932140272,0.3518238415964661,0.11996586944863373
0.15804899750746068,0.06153110442939633,0.047149825301412235,0.09519056560961092,0.04438334445808437,0.23929129990825085,0.028230469907928702,0.10866408219591679,0.21751031068193902
0.058782218374534505,0.183895815475312,0.1272555995123623,0.10093018185233905,0.05441815344254324,0.22981289473903396,0.020772874794975152,0.07662788355183697,0.14750437825706275
0.15500448431564195,0.12203740367925188,0.046889562233614256,0.09436676255355474,0.07866105749374716,0.019509130847341054,0.15733513787664655,0.05783505399103525,0.26836140700916716
0.16189509137807703,0.03782889132174946,0.06570124906387521,0.08794272701100171,0.16984698474255458,0.006864216528816255,0.1984002200101623,0.032118177605058536,0.23940244233870497
0.25291109359786285,0.046718659917872975,0.06822063777453458,0.11544049005961864,0.14891251848633155,0.03138039345583191,0.04260022247874959,0.0636235511220385,0.23019243310715934
0.1433800335054554,0.02813425611216891,0.06691968711812853,0.12514060249085754,0.11602314221410576,0.11553502507117763,0.1694676679478194,0.05291367759099549,0.1824859079492914
0.18076662871737134,0.02023307535739814,0.0826481850145108,0.13081143602936154,0.0523038134260456,0.2032776382727847,0.11527650483987684,0.07329463865013604,0.14138807969251507
0.1303388384241143,0.1536167686625061,0.08127531915055214,0.10954875857639475,0.06713605456765985,0.01286020586257993,0.02702791132378699,0.2518695178739609,0.16632662555844507
0.11930109585650821,0.08900652997086039,0.06617030302792765,0.12369242523881761,0.11071725443167141,0.04442260700403309,0.08658863723938569,0.18078496617018816,0.17931618106060784
0.3566617279578231,0.03774726294605236,0.09387426199990924,0.11371009815380884,0.04716822323286532,0.011480679164748661,0.018585928547653903,0.1467579404494439,0.17401387754769457
0.2685047241169936,0.00788928227509745,0.03728769048403372,0.07895537988158367,0.07765973242100317,0.05399937661871038,0.28735703993214345,0.0713116120751154,0.11703516219531913
0.2657899204240624,0.020698098381740845,0.06336806856622505,0.13262121071584274,0.1499961744841343,0.0756293024829272,0.07007920239920278,0.17595365599418292,0.045864366551681725
0.14542862902724377,0.18715857083654588,0.0294077378346732,0.09349070488506067,0.14589720488177255,0.008635110640581043,0.15458797369974,0.07603900992476235,0.15935505826962057
0.08333724223909718,0.08419231431661567,0.051360547695511426,0.1165484519432975,0.068523643291659,0.018156579605699098,0.26355109235675006,0.11706742100575407,0.19726270754561606
0.09699012159310462,0.1661777450382426,0.08205259647500153,0.12934236080996236,0.2208018730426161,0.02554425591841224,0.17882119129685506,0.0315603596002961,0.06870949622550936
0.09246555313853368,0.06806286889447562,0.06220966909838905,0.09148001527167741,0.07169149198008934,0.17498271186161926,0.1540727338923735,0.1696295348122435,0.11540542105059859
0.1755879767864781,0.029091777055160573,0.07879474032259998,0.09829692405427982,0.05244270445355919,0.2765938506173455,0.0684542953838888,0.20497149706591122,0.015766234260776838
0.05841461834439086,0.10106875109189732,0.0311999492085538,0.09444026868883654,0.21793955354385477,0.08835075175969191,0.14486263901300242,0.2028773080258535,0.060846160323918874
0.08123246235354277,0.19754192811142732,0.03917596827966636,0.10242979512194196,0.04714580674589832,0.04470529734895689,0.1483801341193951,0.09299992790665783,0.24638868001251346
0.172566156856653,0.10193159695694355,0.06223629613351097,0.09798624022017784,0.11838714781172355,0.3340759177122661,0.02211740402956815,0.05352495056421893,0.037174289714938046
0.09426944840045826,0.15732954351730372,0.05854908276311175,0.09837862663822881,0.1094260110345719,0.015193944037304617,0.22020387485393067,0.10136338762466003,0.14528608113043026
0.15273636058950057,0.12279995601710354,0.08367204735585548,0.12928313372228953,0.05532715424699464,0.07818480396543022,0.07034524602173427,0.15310796275795943,0.15454333532313227
0.30844456623975647,0.006647907436948867,0.08705748517651303,0.1087446986521546,0.16288571062673105,0.07107420310344525,0.05154072716488429,0.062036980429337675,0.14156772117022864
0.18957013822502713,0.11931835079905108,0.046071370536513945,0.08787376389830835,0.015529904064194314,0.26539825235081754,0.021320227834963238,0.2487647465099229,0.006153245781201502
0.22470227305232723,0.1533729744487564,0.0485088823161163,0.07850448562371504,0.08308771516006316,0.006861589961762673,0.13827490238300535,0.028964655890186337,0.23772252116406756
0.06144578841285988,0.04939672792735895,0.0489003017143721,0.0990872090137328,0.22732654210601963,0.019618620035359607,0.07606105659584568,0.2388462839601714,0.1793174702342799
0.3437296337123374,0.03504391374628366,0.10414019724894365,0.13271684234721884,0.09903632623793457,0.04721606210292898,0.07378482203267149,0.04963980423873565,0.11469239833294576
0.17429883244313796,0.027697351671667803,0.06256670908148287,0.1067239686846375,0.016032441963549166,0.21310358639566876,0.06818374539734175,0.2549738194451285,0.07641954491738563
0.1425359914233397,0.06979395285324798,0.07928285788682614,0.11785918550595843,0.06689619946627282,0.23898281231946172,0.10373010252663466,0.08178889460902186,0.09913000340923671
0.37727450806425145,0.06681482924660372,0.04031557172632168,0.11167198195659737,0.11713763055392666,0.16044016485838347,0.0459718210961085,0.02889077918689088,0.05148271331091627
0.09219758396533255,0.04727791673142793,0.0704360820875548,0.10908816318543603,0.0955892570173729,0.09225080089042942,0.21381418073558514,0.22366379844142079,0.055682216945440434
0.21579198333513058,0.030277298863193223,0.06338190021580721,0.12848411150261,0.07968195596723428,0.057264807712319114,0.03468214735767351,0.10879465647543692,0.2816411385705952
0.09291680417722553,0.07221548520542241,0.051627117355409646,0.107789770146689,0.03707462756619027,0.2613083969078617,0.0672146568902065,0.28948824147892166,0.020364900272073324
0.14259999278973698,0.06007169225098843,0.05723476309235665,0.11410923168278475,0.0585116171839776,0.362118323615141,0.05365581169182712,0.1173160152262644,0.034382552466923115
0.03337902196399659,0.037162099775968786,0.12526468472332852,0.12918512013851047,0.05947265104099028,0.15481424782378064,0.06331542116168735,0.21366615295740274,0.18374060041433468
0.1165636118296719,0.020692868130178035,0.07039400752579587,0.10822925428225545,0.1522660420556585,0.0623384570524578,0.06633079647341869,0.09689210564049149,0.3062928570100723
0.08607968233802869,0.05700296509489192,0.049414192458085586,0.09882784178139768,0.1994464491694108,0.08184683279196756,0.3350910988606104,0.02529168833041431,0.06699924917519307
0.208014163673042,0.012661657651688455,0.05414622802802841,0.10179897209997772,0.07037942607452537,0.07287689464619547,0.14724771606246642,0.11296185702075712,0.21991308474331897
0.05895314107589258,0.03719386118300444,0.03415209098988198,0.08362906045421627,0.15889787163876037,0.18687801493372871,0.02000690636020709,0.2514171996087786,0.16887185375552996
0.12052424296389176,0.07773683743234207,0.07698982233554696,0.08715653035807024,0.05734824233217275,0.4056430699531681,0.013513705109506696,0.10955985034526645,0.05152769917003489
0.1292825429817862,0.025442610836831994,0.09649878385625393,0.1112861764606446,0.1062813089127445,0.12997545548572195,0.17500337500547644,0.1529907474461658,0.07323899901437463
0.22198267552607595,0.1513211063963645,0.05267610928129948,0.1270915744806785,0.10099162603222901,0.0490447413315683,0.05216694698195238,0.035455676858194514,0.20926954311163737
0.19491541089040212,0.06489712276823412,0.05076632126550721,0.09233809059698354,0.1040554525722928,0.015580190369534593,0.0587683645062421,0.025142389956544678,0.39353665707425883
0.2141714835290908,0.04024894681994135,0.06862129242571548,0.12668571894985023,0.05720672393410045,0.21235696832213988,0.05615245776206477,0.0992180688300567,0.12533833942704034
0.17680712442080157,0.4314406781242981,0.016985467472859197,0.07079401271041075,0.09908518727923277,0.013573873306038237,0.006372308239231746,0.029640230030571108,0.1553011184165565
0.19180916378817417,0.1371830340557866,0.07673269896611486,0.13818984597944856,0.04527471952742348,0.1659425436212986,0.023694111183052185,0.20051696431699464,0.020656918561706945
0.034684273628911924,0.014863012729657683,0.10803496230184988,0.09308238555608135,0.05563818230047485,0.2403192534928373,0.15181868451434585,0.22219278084766372,0.07936646462817738
0.08663869010610076,0.24927799637143597,0.03970395389563331,0.12758964690277294,0.06678099832314303,0.0449490450581209,0.10879334582685642,0.08026473375454253,0.19600158976139417
0.06756787009274866,0.12025807077169036,0.11188843844581686,0.12174545055029518,0.2645755906773659,0.07381879879895796,0.08621755735967063,0.12066608050948624,0.03326214279396809
0.09723033055024906,0.2801898398961986,0.11421705763977914,0.11169252571814164,0.08878100477521593,0.012583199155002533,0.16195757385438608,0.1153813700803404,0.01796709833068662
0.12610407296658785,0.16854478341396872,0.03965555203562069,0.12044122763156566,0.11100351835356552,0.29855096051067465,0.07438262835749786,0.03960511500258606,0.021712141727933083
0.30201539293825547,0.06644469934753576,0.020842652802795427,0.08735655700090084,0.06856008836798194,0.13527846440397404,0.031029939417591173,0.09228544171320742,0.19618676400775795
0.1624515186495046,0.025344434424499646,0.04605391709843892,0.09759222044730916,0.15568002434080708,0.024348658217499153,0.05253701808732162,0.046213610261536635,0.3897785984730832
0.23334863597434,0.02267067309747191,0.04512719980917121,0.10548825983294703,0.043784705346372486,0.13081253203710025,0.044799920418066706,0.09148195949285924,0.28248611399167123
0.12427053649191155,0.1888973843817112,0.06732903338566563,0.1263868849790396,0.22750084877405521,0.03913667187351504,0.03860084014637465,0.15200216113496148,0.035875638832765615
0.24728699531743822,0.200668245674858,0.11161909171979752,0.10220469273946912,0.09857232154361417,0.0120362632342847,0.03582217275118758,0.17993810893900938,0.011852108080341353
0.10369178498417024,0.11753044111741662,0.04421301218304447,0.08692383755821392,0.06273343079861181,0.09646358775479959,0.02603342017134287,0.17986497225409892,0.2825455131783015
0.1625117107107049,0.04321998759902943,0.04196418457415887,0.10497892774195976,0.056586470168569415,0.30136665423767633,0.13448040325811986,0.11535929049925346,0.039532371210528
0.23901649748747547,0.03811492709783423,0.13353343580557575,0.10558339675141691,0.0818441654211281,0.026822958800583236,0.12958860135655018,0.06755528477741733,0.17794073250201883
0.15598572542883662,0.07386210851259896,0.0751353922371838,0.13432774024337216,0.10089139507569755,0.028340607318048678,0.06141096643179534,0.1381800068107526,0.2318660579417143
0.0983041757536295,0.09488401036041438,0.03436545426419569,0.08500409421276933,0.08007607907822749,0.44041770858046697,0.013537460543014959,0.06649626432081417,0.08691475288646751
0.06508421059866717,0.048908554660265315,0.2012401575339506,0.09759180347246825,0.2005269225615739,0.020279449314045586,0.16065485449172207,0.06574775424788461,0.13996629311942252
0.04561372035694078,0.11862383479572203,0.12002705627452626,0.09570785017819101,0.11547675785707538,0.05380106060099251,0.2897156188428796,0.03373997872232616,0.1272941223713462
0.17230069616841004,0.08071453684101415,0.025325342824421435,0.1067494282800252,0.06002475938390933,0.3001651898754895,0.034458464751292696,0.15336298136174562,0.06689860051369201
0.21243772779359615,0.12088845479875311,0.037054544273559274,0.07687551752210801,0.11011689658225543,0.003562243285885064,0.1278037825417437,0.04929703042027462,0.2619638027818247
0.0908073456479348,0.07107661953617418,0.10022370964636146,0.0984596906456043,0.08765556817523819,0.40227627182590636,0.07696207233291592,0.02406867336933913,0.0484700488205256
0.15423435269096133,0.06162467316016246,0.10488437358934828,0.13037305994372814,0.11490872309976526,0.06541363741200137,0.11807294495143343,0.20351323484519335,0.04697500030740645
0.08947609312636597,0.1654011034754508,0.08869715804625374,0.07943795542532484,0.10099611810276687,0.013952847411118565,0.08387566929458407,0.24606245916286784,0.13210059595526732
0.22976547573549144,0.05335858210596748,0.09226675474150804,0.12243063084391519,0.0607285950067084,0.18427276416488506,0.046850663212110434,0.10446656353131918,0.10585997065809478
0.1861347306364386,0.03232230461298762,0.06602430681368272,0.10183759223548931,0.12027023715563841,0.11081522029979014,0.14711357577288492,0.1650818541493043,0.07040017832378398
0.23128073493418863,0.06811165448998346,0.0379459896109933,0.12186687170972942,0.048156728373671,0.16557604023799463,0.046135630178761454,0.17155897077819127,0.10936737968648685
0.26641338413744514,0.007582764245301744,0.08491594174992433,0.08817210997531544,0.04583676841039871,0.2882154185911101,0.03307294607551537,0.15050093466473277,0.035289732150256485
0.11091748098299363,0.020756009757725555,0.09332566254953269,0.0959402430550723,0.11880802948827744,0.0348253243005013,0.11427591038265737,0.32175110897095927,0.08940023051228041
0.1319446233793321,0.05532642378631889,0.09782248837349089,0.10937799421393085,0.04541585211799732,0.4132765289645343,0.08089267908381688,0.03762292279686244,0.028320487283716334
0.1688920249410426,0.064203746671658,0.032175282005663476,0.08329490020502196,0.09440331279856153,0.017046054814302245,0.03228601816592624,0.05424679658216719,0.4534518638156568
0.07551819362317756,0.031469100681429156,0.05085346202811066,0.08592138506449071,0.05715735856764206,0.42191960868761375,0.14155829866774491,0.11941392713699527,0.016188665542795966
0.20180787264484365,0.12016567682763002,0.06399588866760413,0.13242811686952563,0.03971822094447319,0.09471304578853883,0.05606776764194451,0.15182631209770073,0.1392770985177394
0.09527872963887422,0.040387816705844466,0.09859739120889104,0.09797385506248006,0.24552018871082856,0.020840956544479965,0.14240116621286567,0.06408002135949825,0.1949198745562378
0.061715170112251465,0.09269007792012716,0.09971505814421161,0.10197030746921391,0.08935913977358527,0.3499436999191757,0.07424923885935626,0.05312425929760053,0.0772330485044781
0.15899110215081744,0.0465981772035409,0.03054526278382288,0.08630330876792745,0.0691469318142691,0.41999700586173083,0.02094231767965259,0.025740901254178328,0.14173499248406043
0.12582708930643108,0.06524855675557462,0.1617658179123216,0.09737409034069318,0.17810637656705974,0.05088904167320756,0.13997613314154164,0.13967948903119903,0.04113340527197157
0.10254834662776437,0.07623419354988252,0.14063181248886877,0.1259191076172195,0.13644075085054538,0.07666045090085168,0.08722049494138097,0.19341641479734287,0.060928428226144006
0.030024906385265098,0.34772843503495166,0.04188381489088968,0.08192027818203446,0.029136896925855606,0.009368112330033504,0.13005382172252603,0.08479486912717786,0.2450888654012661
0.057861600764406385,0.3542738992792171,0.021184377945304988,0.097292239659119,0.2809848630445069,0.01198692706164835,0.03564931576336353,0.05092878546749846,0.0898379910149353
0.2396632814422419,0.05779783080582082,0.05608912706330543,0.0972784266829355,0.11339101834757626,0.3444396147812922,0.03291764937152758,0.03685127949645065,0.02157177200884972
0.04281197422082114,0.3704881656331722,0.0388025500246361,0.08998658609604648,0.2852767354194577,0.03268211740761297,0.07611305741637277,0.04740997268832583,0.016428841093554723
0.2621937699343081,0.06800681718250577,0.15378162816776414,0.11087167863999398,0.051527949674730116,0.059186839052019026,0.14788775206484941,0.10435587480324371,0.04218769048058576
0.23674926772462768,0.070774028583131,0.020252105819139485,0.1059059873246485,0.07302861474693853,0.2293116014058638,0.049119928100051356,0.05413788783793908,0.1607205784576606
0.1552218856119855,0.034265951656744384,0.059950544370249575,0.09152325162605031,0.05380422484615959,0.3597055323891765,0.02537857278263979,0.03430109388404523,0.18584894283294917
0.15345248076391618,0.07203709762665345,0.028730305701629082,0.08674739476119593,0.041318590348302583,0.008838080585971997,0.09765000932478907,0.08670471488105562,0.4245213260064861
0.13973719646729033,0.05899816674268942,0.055614934326344546,0.10389678976717924,0.021878953327977426,0.11976555969804731,0.07759736068650357,0.2738227451302001,0.1486882938537681
0.07801110767138054,0.21968571687740834,0.03177365041583458,0.08573110227242779,0.08762428154717362,0.013956142265693298,0.10972883313868008,0.14905410759242713,0.2244350582189746
0.11526451692801927,0.11589423284337848,0.045260919311514596,0.12652211933317678,0.09931619689204958,0.03299979326133145,0.12767308023223173,0.27347551008661625,0.06359363111168177
0.04366384405471083,0.0776064234977024,0.1711782389585165,0.12729788303120762,0.2009704252298847,0.07035663421623843,0.06321229412481356,0.18129263193335277,0.06442162495357333
0.0819644305356926,0.08642381619358969,0.08072909457495508,0.09937377880924199,0.24151485174031737,0.007420524316724749,0.33141240612309075,0.0565237118351507,0.01463738587123714
0.09182830451295006,0.12458098687242551,0.11578590238268986,0.13643813657721138,0.10785512024259675,0.29305624396672947,0.07371392544622536,0.03143630170121699,0.02530507829795468
0.05727069566688467,0.048765870301992094,0.19827685821251542,0.10560625932707914,0.10890647495368257,0.23118907146976433,0.1489203558216929,0.050218921272261276,0.050845492974127625
