0.23767798627178083,0.055819603144670195,0.07034736014032884,0.1999477593099982,0.09680803587959565,0.15062586301872194,0.07029540094360025,0.055630677773717406,0.06284731351758667
0.2900101064358999,0.045002826917587176,0.048610383920010845,0.2007928624968814,0.04619871159580694,0.04955746439659406,0.13219461820484976,0.0332477738171093,0.15438525221526062
0.10979446389705727,0.07165120355934014,0.07136384144938011,0.14782498604220917,0.262748251993596,0.13898097671968124,0.13013625270146764,0.043157303468147744,0.024342720169120594
0.04029859724911412,0.05183902621607613,0.030997462262103287,0.30606456649318486,0.08176346893577323,0.08610336281037935,0.0801516897956397,0.010484529620292086,0.3122972966174373
0.118871815878572,0.10598988781489677,0.14719993668990372,0.10906604877501676,0.14035256163872725,0.2003697573030158,0.07683042822106935,0.024396006374085472,0.07692355730471294
0.2645265744897299,0.05943005544243247,0.07686440501829542,0.20626188383078373,0.04364882728090347,0.17627439924061306,0.08703309675906688,0.04380037778063487,0.04216038015754017
0.2354401859455287,0.11234542346879024,0.06178003906517383,0.24361784584975343,0.02635694052997055,0.07614397774605523,0.13578361700783995,0.022481930941390487,0.08605003944549756
0.27973402544960285,0.053849665703538836,0.0470330740928707,0.14493072432816598,0.12623743675389595,0.040974581425207234,0.1046095118657049,0.02985349797968549,0.17277748240132815
0.10466673380877452,0.06836679808748143,0.14343333369319847,0.15983222714633583,0.07494619368995205,0.035832033673974216,0.266803535292879,0.09513845465929734,0.05098068994810707
0.19652785867419562,0.1540126809768496,0.11017608111253034,0.11060148908224098,0.014044935130461025,0.08782777973110888,0.08519028167646699,0.0235340732824373,0.21808482033370927
0.36866470132554174,0.06437487773764848,0.08229826074684377,0.1465913472678376,0.04882972710481922,0.06584935780087355,0.08313221685296536,0.04527506854552921,0.09498444261794114
0.1476466268751014,0.06250268116859707,0.041460879744676944,0.2595311031483618,0.11079765935453628,0.05860931404260971,0.10491927694698822,0.1680726134726023,0.04645984524652628
0.10684637860746986,0.13839460385851574,0.07954532706228386,0.08348069600512155,0.17781380397665417,0.23103895467470395,0.11193029932196559,0.03932343753521031,0.03162649895807498
0.06601301123859957,0.24206180392261278,0.13559063767170096,0.02140038517488566,0.03384454448165201,0.04173526451026948,0.057290811428992804,0.30714083470724324,0.09492270686404351
0.1741453590677373,0.04832364678082008,0.12044799776664283,0.2553847696995448,0.07198668595104378,0.03802126418517568,0.12076086714398489,0.14738438385834307,0.023545025546707513
0.060732054384602746,0.39187201448664877,0.04589801151021924,0.027844235204964585,0.016847122619306727,0.21298675889878949,0.082399199760055,0.032817086562591954,0.1286035165728215
0.23132662234505694,0.07203623187781223,0.03355995992266251,0.27128828982244313,0.056382265817735554,0.02477106176995728,0.0739908352731289,0.2008088406304408,0.03583589254076265
0.06891507677435356,0.25980583164584387,0.24384731759682368,0.06385925458881586,0.04162190986932607,0.0817504797496369,0.1046768972754422,0.10797718844980088,0.02754604404995696
0.12367667703954632,0.1120639956668894,0.04603604448357326,0.17645655073932873,0.0260648052042516,0.05651764129582141,0.20752145656463628,0.05278607707991174,0.1988767519260413
0.2817456291412499,0.15952795467830375,0.021711393057178032,0.2099412628285778,0.0025780465015221776,0.012788585170540238,0.07063088655762369,0.2128464698315585,0.028229772233445864
0.15123898765985008,0.03477371496229761,0.1953540240507525,0.09463667964373519,0.17228735672495868,0.07283230276912386,0.12808198166412213,0.13810221575811463,0.0126927367670453
0.1892087105141712,0.1601084354497807,0.0400885285535179,0.21405478930311342,0.011028322338411977,0.022913319080572814,0.09221482688380388,0.224224714133016,0.046158353743611984
0.2508695351948632,0.05815612865734224,0.05673121356654592,0.0857286822828983,0.2534002711987705,0.025847513573387892,0.11674970896204016,0.03284778938698366,0.11966915717716824
0.20716100314565034,0.035036300281719064,0.11847535445385683,0.09513363697043996,0.09361564142631242,0.06441487050159889,0.1586235193442098,0.18864675607576142,0.03889291780045121
0.13430881439535236,0.06483072510050907,0.01898607061401292,0.23232764034282685,0.22703420163650026,0.0585236271917732,0.09973647518840316,0.041698598677575395,0.12255384685304678
0.26547267770554644,0.06020331796836409,0.05769973999673663,0.255768330822013,0.008895666274108482,0.09468803774662506,0.15580220650004592,0.034018664154458596,0.06745135883210175
0.19448255564847025,0.06674948534714074,0.08594173333898512,0.10499265022881991,0.12295106034877896,0.13565464908792593,0.14675545380167124,0.0205746587554022,0.12189775344280573
0.06572423850377895,0.10719276234295026,0.09273419846036686,0.07016773658097364,0.28680650629633514,0.17893034596787313,0.09716316631227728,0.009852177554651422,0.09142886798079321
0.20779167730465717,0.07313141161098775,0.040958866063544784,0.25682415559934063,0.11154752279399553,0.07406346074582244,0.0768356850882249,0.08440108382099798,0.07444613697242873
0.269246026960477,0.08759176044375865,0.03302742771571913,0.1725768137775037,0.07271588549426672,0.09284058656392559,0.1263414765253418,0.06137974128419798,0.08428028123480934
0.2941550163839369,0.036818059909287375,0.028052339638045553,0.26795100741666594,0.0387465831659066,0.03146982829810432,0.07020829572145991,0.12920336674459704,0.1033955027219964
0.04713710737792944,0.056862816161768005,0.08197732323752756,0.15925899323142556,0.22471901623465804,0.10049462907205901,0.09438507394793966,0.19252398206267748,0.04264105867401529
0.03022630404378431,0.09389514913611342,0.17209364019791343,0.053091597697034476,0.3565532451880628,0.13657674962639246,0.082361741935167,0.029456177313094783,0.04574539486243742
0.04954451559444569,0.06181440128984248,0.24462178199422635,0.11561103663143509,0.2911910012488582,0.053288015623111314,0.07419342952106224,0.08249135922766658,0.02724445886935199
0.04637624331002762,0.06175346711866827,0.1201099860122955,0.025463417285573876,0.037266379719365944,0.4005535037645555,0.19382719741909527,0.020883781065224,0.09376602430519411
0.1809859993476862,0.07140092876574601,0.05509880226161289,0.26274561281847847,0.054499467776851405,0.1296659811684219,0.10201497262049197,0.0436652493984,0.09992298584231112
0.232208836696007,0.034374237550597715,0.04425301658796437,0.32969973249420975,0.07321701465812033,0.08547725281741235,0.09642295397389113,0.015202933850816815,0.08914402137098061
0.12371921521911032,0.05158232960195073,0.019149824523843513,0.3232968888284778,0.16188921585859659,0.03578497192989436,0.1153864991752388,0.03571297150269455,0.13347808336019337
0.20462251674856557,0.10758541719727062,0.05597772928023733,0.16064958374477997,0.13964719611888818,0.02216133927739376,0.13741472440466052,0.05059428612837489,0.12134720709982921
0.19087513319114013,0.06727262336724034,0.0334430555035429,0.20210756814776543,0.25335014991323596,0.024945237178835164,0.08717942039499531,0.07006221363604613,0.07076459866719874
0.14559421047610557,0.0962068865082848,0.03890779048622934,0.32574416335008755,0.020525221164656524,0.06551033841912579,0.10982331361392646,0.02148668748528099,0.17620138849630304
0.1203956252750046,0.047065227379057134,0.07376244048857844,0.33365815427488915,0.17622385864677134,0.03366071742047059,0.10829702079452186,0.0402576698209256,0.06667928589978124
0.17595904465431608,0.05439890405523245,0.09585917798406098,0.1524662474523586,0.21042889880640883,0.09474136610368968,0.09879427182588892,0.08872825109953948,0.02862383801850497
0.14339014372812672,0.06864875342484071,0.1215498317608296,0.2715346130913825,0.04451391236883178,0.07220363990080168,0.07536090659398033,0.07132833413602895,0.13146986499517763
0.06539916244777723,0.12625110851874927,0.07684420028524241,0.10795476731876795,0.28689451831387286,0.10054190786787472,0.07550073449697563,0.1315116723744739,0.02910192837626606
0.09402543275714641,0.10534061480574251,0.14947641414074628,0.1919949221087163,0.12304375427716947,0.04105057377774197,0.13490174825470477,0.08612126113624508,0.0740452787417872
0.104236429770634,0.1321281387884916,0.20401096901103943,0.027679032202785087,0.05451654206671985,0.171900876419134,0.13872103746992223,0.044909608443955064,0.12189736582731875
0.2192215394757703,0.05726617275215961,0.04237859438792572,0.14561392627532133,0.07508468588677343,0.06587314482646689,0.20725759341655867,0.07092074548124323,0.11638359749778078
0.01839744847360982,0.08951661464616177,0.02769587124915217,0.09690138901163188,0.17814808365565724,0.042229209972478206,0.07514344560860359,0.1243591562516716,0.3476087811310336
0.1782139410180529,0.31193961220899086,0.01457492686434903,0.02632060762017613,0.030086497590731728,0.013715472590118983,0.07123865640978023,0.21919569522310658,0.13471459047469353
0.17645799982058644,0.12831040556105872,0.010190290583034623,0.25043724138370005,0.03583316823935184,0.14489741994679317,0.07704488337955961,0.04592005318553447,0.130908537900381
0.09382340397334948,0.07943868802625563,0.10101611542681455,0.025064097258475453,0.13570251374069373,0.07675583492355063,0.1003883181587973,0.22996874231897432,0.1578422861730888
0.23481275295813822,0.08938877033170085,0.0801330330476423,0.18222771035019183,0.055107212664357086,0.01535211074291419,0.12336392648217794,0.09542638685495446,0.12418809656792318
0.09923524624836029,0.2184255787018677,0.08223640060557115,0.0650913591280563,0.020076569127965783,0.06242807483036372,0.07091047062176953,0.2501677587736004,0.13142854196244513
0.14768597026881608,0.09427431786925779,0.15150357323226019,0.12756403490365062,0.08772266550279066,0.09324539862422397,0.14139956270091578,0.037778897241766106,0.11882557965631886
0.15157045605234665,0.02815813512321545,0.13116763047931618,0.27896765224373404,0.0546259243040084,0.1143093632369268,0.12197822545458441,0.018305858958171568,0.10091675414769648
0.3593475571633226,0.050260927333399784,0.025369218920900286,0.3192615998811239,0.013642936206845377,0.04296170160133914,0.06538769106328295,0.03524887426744465,0.08851949356234133
0.14231119254726998,0.04521843313757922,0.08949481423971739,0.15121173795585,0.08916783551262386,0.06849207210758525,0.11321159891026074,0.14609942231876152,0.15479289327035198
0.4530080711878419,0.046292988748862736,0.06327161444927122,0.13543058926742665,0.010295190539675434,0.10992475887928228,0.08644048372648261,0.0517860477978597,0.043550255403297426
0.15387442051752012,0.04579845158004465,0.10909193422986813,0.15551715993364784,0.03819357091082696,0.10742683485818787,0.150646429641322,0.15284281368421795,0.08660838464436449
0.1250625672210008,0.2395243141100141,0.03566143600151163,0.036471573994285404,0.04796357645500907,0.08339979475683634,0.07373988551778606,0.32040773258699806,0.03776911935655853
0.0827739418042916,0.23946204426342202,0.14542158079764167,0.044619131502370755,0.15104054850515827,0.09782665275828183,0.08370703584657913,0.08798664665582494,0.06716241786642983
0.2072773919240465,0.05210742593243926,0.05344442105447461,0.09820325029154091,0.09702667038500846,0.09312958137417852,0.08303831679749266,0.027920769182490198,0.28785217305832894
0.09881745950759539,0.25043427311340843,0.15516760605369584,0.07979797170962304,0.10885471254891571,0.08022493368156434,0.14710426760538844,0.03295540472739852,0.046643371052410294
0.3874410872673572,0.12010029247116583,0.13030990874778997,0.15913845785589334,0.017984955700477295,0.04257915109002778,0.07460238653313457,0.03777929064942381,0.030064469684730172
0.09036859332558196,0.04278138558733077,0.08171242574542172,0.19245154898519912,0.06969346990317497,0.0070425834555564336,0.0360924468203341,0.09886363885236,0.38099390732504096
0.23380895796939424,0.09456882742022828,0.08998478496926073,0.22764074086495445,0.08083697683347262,0.01728277464213814,0.11202018200537682,0.07865938034560864,0.06519737494956615
0.08836752860884285,0.17276059184938317,0.15297997553568207,0.06426772237342439,0.09795447735527685,0.11517889800922528,0.1449782658611207,0.1350713774357187,0.028441162971326015
0.13120764422618703,0.08723247608146034,0.07653374747055719,0.2554869544788583,0.16273974872348548,0.0391990661301523,0.12648408077260145,0.10474974123256549,0.016366540884132447
0.21769448099458613,0.33695987331355554,0.05361830179521482,0.028520387941437908,0.0318275302258204,0.16130909038174998,0.07362920466931579,0.08378447557535283,0.012656655102966563
0.17957235909851724,0.11733362373141121,0.10700220862360221,0.1240023823592518,0.035793304762820215,0.05322063216537013,0.09495231866797858,0.03369264656694604,0.25443052402410254
0.2299713499789343,0.14453840037387022,0.06507064638718242,0.12552294654798815,0.05580365561705868,0.06164614399176485,0.13277867145805952,0.026695191931740237,0.15797299371340162
0.29833395576738414,0.03631464099156704,0.044453660931706114,0.06490038681471619,0.10099092791530954,0.11810358172698564,0.0801092869318571,0.16472653617170205,0.09206702274877222
0.16000369799218342,0.09388581487568957,0.0859447229477144,0.23268661030091864,0.0647196916414502,0.07262238819216364,0.13180381038364242,0.028825012931281258,0.12950825073495642
0.0457212564408258,0.056170250211819955,0.04385232650558247,0.07807803335700639,0.2960568146689805,0.23983470859490766,0.08196540571047077,0.13310851380186103,0.025212690708545482
0.11769004386639792,0.1786372232764423,0.030574471104721845,0.18592200379653223,0.05851352948525642,0.04596612881311116,0.08176123070545344,0.12101330536397266,0.17992206358811202
0.1601616117381356,0.07404983491760625,0.09199336290919184,0.20938523610304363,0.08905100986138546,0.04599173548422508,0.15354139294223715,0.13999147500392287,0.03583434104025223
0.06936946133190139,0.1547577183371738,0.0645769000681987,0.047432613698918845,0.2936800319244061,0.054563459588067055,0.11052572229203465,0.18118769802359633,0.02390639473570307
0.29158865688441177,0.058996992373847514,0.059012748784922575,0.23992531379927226,0.08793320823196686,0.03495589284681081,0.08418343377692257,0.09511907814457227,0.04828467515727334
0.29228999721303905,0.08267887932488514,0.08779411772596545,0.107273704223257,0.13291255046951725,0.052870805617245185,0.07196337585461902,0.08020433114456237,0.09201223842690953
0.07460688729843433,0.04779146591214831,0.024201439515126034,0.3584365918102353,0.06994155401225187,0.16421615542234613,0.0784370420485181,0.09595339310035461,0.08641547088058525
0.3020711114936095,0.11946219795725542,0.09004561064258858,0.1628663331909387,0.023383697111758944,0.06342450285398217,0.1451737068210833,0.04072865943585434,0.05284418049292902
0.217883637246025,0.03743613936911518,0.11456889478539005,0.2860713094794491,0.054538664435825196,0.0506915400918333,0.06832694128087062,0.045351496678738425,0.12513137663275323
0.27341419742249023,0.07059849306785833,0.11311960271735995,0.07524058632576829,0.05704937926414442,0.053433154440555214,0.1817278783221585,0.018161030837376423,0.1572556776022887
0.10456288073087498,0.06718138489607141,0.17762277603782214,0.11073011187260377,0.056628099262688636,0.2533347837714905,0.14214664100583763,0.05941485597542214,0.028378466447188822
0.05262951267870045,0.10150013870852796,0.24582356762685306,0.029164570989871883,0.15005569377856723,0.15413190281296132,0.13979633824778157,0.02646950800166581,0.10042876715507071
0.05320749480904453,0.14872515491318816,0.12800868679172442,0.050130314606707305,0.09464143430843004,0.22208579712394702,0.18546950384955144,0.07237477869287388,0.045356834904533176
0.07862526497418507,0.050389917835950544,0.07968187176563012,0.0377251740212002,0.1612365568608788,0.3301221382335426,0.10008392938732842,0.04612854946845407,0.11600659745283017
0.20961930369531304,0.0484053990825915,0.07023577090362819,0.13016214768512122,0.1472866777136198,0.029715880803562342,0.13311018735716432,0.0983844558068092,0.1330801769521904
0.16359652571642133,0.05195700554731125,0.07239044814438565,0.2761016028369902,0.008449510098162501,0.06788502296579507,0.09732677474635669,0.04396421985844917,0.2183288900861281
0.2639653150838087,0.059059403826897394,0.03692320709691981,0.1262579027676825,0.09393907396330568,0.10359442546628506,0.09231078009362852,0.015484810288045228,0.2084650814134271
0.08378924616550076,0.06900686112807779,0.19742728475864382,0.06337945789120546,0.256667662510197,0.03668427794347688,0.13892625883983836,0.12202262710702427,0.03209632365603555
0.12647755490118537,0.049677960027233126,0.04353957600965632,0.23670328001958715,0.09246285510564599,0.06775996026155251,0.07528504254581175,0.06503926755144405,0.24305450357788372
0.31141327934805524,0.06269449779283817,0.03486652134281072,0.10254244715826484,0.052234954384401976,0.06897594657460804,0.10118985638672133,0.04416133059981603,0.22192116641248352
0.23582962558311424,0.027880360018890965,0.030890827248590824,0.1930134998985901,0.2437893999409904,0.04385853721217584,0.08746577997693904,0.04067370852889387,0.09659826159181469
0.19248954679140592,0.05012515106592912,0.04506402947038531,0.09770614946702584,0.16879259284903667,0.12134381496332926,0.12200088501614452,0.03704790258856882,0.16542992778817447
0.04494527759188208,0.0787089377360533,0.28082474936790164,0.042313250038015886,0.21300401226634247,0.08073545433538361,0.0630145163261512,0.1341919608121162,0.062261841526153626
0.18576018611050069,0.07333462462217512,0.05731116326905559,0.18427270154728825,0.16170870644165328,0.08131567361060865,0.13279238153103598,0.04567361670319373,0.0778309461644886
0.1841743760886568,0.04943602386801171,0.04384663580649955,0.24005101422541486,0.1261416682043837,0.04887174895378676,0.1649894766567056,0.051161097605566926,0.09132795859097398
0.1414040606560959,0.12891433276889788,0.20924513583467833,0.07418025968496682,0.19310472784655866,0.09359176318857117,0.06408597046523502,0.03648125666689839,0.0589924928880978
0.21055936076108694,0.10156529382913948,0.08029414271532585,0.2881427888735786,0.014267691855037916,0.0680695719021126,0.09053837805526344,0.10085558246215866,0.04570718954629647
0.1893397500092513,0.07425777709875261,0.07857887546973431,0.25312242069415686,0.03767270876532347,0.13596384386541194,0.06880880403413434,0.06273575774458656,0.09952006231864853
0.262796610149801,0.05277752318865018,0.05021325025506948,0.14944037579416822,0.09805585266467072,0.09157788587910709,0.16178795805371232,0.03281661385390455,0.10053393016091648
0.23183494960601558,0.11761984120942426,0.05086925274842386,0.21779882079702062,0.10024387134348615,0.07244413776706608,0.08888609704317019,0.06262996118936016,0.057673068296033046
0.11351273863982154,0.05414732905210299,0.08877320985862798,0.037710179709697506,0.43951140744414946,0.059700646330536476,0.11335503873917356,0.0669422042012776,0.026347246024613007
0.2867064126066374,0.11375331954745671,0.039078792075642126,0.31184362997824455,0.01562517526038432,0.05647200723104495,0.10611747409710477,0.04538800901790494,0.025015180185580313
0.15320935956768109,0.1515962924191772,0.22081082845067077,0.03872312075740181,0.07718325963250483,0.09063940967520724,0.0720508159119332,0.14335517289267388,0.05243174069275005
0.046300337241122556,0.10379534339429101,0.19131328884945753,0.23582980905426734,0.08143751261661729,0.10857052560215652,0.0752630583676219,0.02545260077135918,0.13203752410310665
0.056868913817657823,0.08555640541599328,0.04232768448557749,0.026805909849551276,0.11983949864662735,0.08947621779055376,0.12691619474741045,0.04685831695993354,0.4053508582866949
0.1685027770355346,0.07285876413084019,0.09285496938616544,0.30692664121346175,0.011298364370462182,0.060681152961320206,0.12172171335642766,0.13119450166175786,0.03396111588403002
0.2712132781131396,0.12615306085973313,0.029458532128078585,0.1247307425235218,0.0209894501166461,0.07412835301749224,0.07579725132093897,0.03776717239172526,0.2397621595287243
0.06774197635719918,0.08293327987483888,0.12692779324744674,0.12594125970958817,0.1773039810619728,0.03315025768410227,0.13991585273471305,0.21315693596775,0.03292866336238892
0.08252574317510238,0.13450741644062633,0.07667573463190301,0.05210827995306914,0.07359240757651818,0.3173746942536108,0.15138802280913732,0.055924818633045846,0.05590288252698706
0.18903880321842226,0.08687419115375984,0.10590462802221749,0.08770555279080484,0.08172339829977888,0.25078589653198236,0.06924066387597017,0.023789023389709726,0.10493784271735447
0.3331663947042849,0.07582058936035192,0.037218826608839246,0.1986807814943323,0.040889125962562126,0.08599924990794484,0.1162137137924467,0.03759176177706187,0.07441955639217605
0.21187149536383673,0.11034924147235632,0.06274734789366247,0.1702521035913871,0.06527229448904841,0.04218440279860456,0.08398398544855584,0.015702143036423685,0.23763698590612492
0.17235906208854748,0.10615834085677602,0.16249146981655216,0.05665662960156611,0.16253724090956403,0.12905063648665352,0.13677883181396344,0.05210105248880348,0.021866735937573743
0.23692305193010843,0.052248966096770294,0.13307730745409885,0.1910656658768158,0.027135259446976933,0.07292677398703173,0.18274648122399065,0.05994746483317268,0.04392902915103456
0.028228909251042184,0.12273021349719415,0.07638801865457658,0.11897179375924372,0.27318552003727864,0.16943035346215174,0.08270452890846174,0.05405327699120031,0.074307385438851
0.16504211681748482,0.13538448738464276,0.07791065666316517,0.2891747268105345,0.011900605546449025,0.014368166510841001,0.09012281383401032,0.17974503197103317,0.03635139446183926
0.1202616315434883,0.06412549013876727,0.22030308080963681,0.03331156488983263,0.18895274813135007,0.11817334036520873,0.11843321674675146,0.08502752663556747,0.051411400739397296
0.22054978330488528,0.02813732375560091,0.1398624913025135,0.15227488663588132,0.2973700799057802,0.02672726888386104,0.07953949905626473,0.01716144812184253,0.03837721903337058
0.35370188367391275,0.10908679512212625,0.07976076182707609,0.14839956032276655,0.013565747986034625,0.04886440101469471,0.11542986290958818,0.022272839099636527,0.10891814804416432
0.15656316117405894,0.14057989710675503,0.2522260527931172,0.028583373956313562,0.11132560997575576,0.04340231503075809,0.09471476099433751,0.13481861243441318,0.03778621653449072
0.14239715924247867,0.13497774836190873,0.04179162528158173,0.12435907060035038,0.05933877688780853,0.1905595817738649,0.08205894240891005,0.02188870020498661,0.20262839523811046
0.0752747465566627,0.1409686949024849,0.027772623589799195,0.15017737865755104,0.07656557097333053,0.09281405219608697,0.13298067862076898,0.022648426575716193,0.2807978279275995
0.08229733422847177,0.26712070618886635,0.04971265238854058,0.04261626657024511,0.0196160857409097,0.0431632237523756,0.09204491747259234,0.32257565705853125,0.0808531565994673
0.17011913232680842,0.20192783297576675,0.10659400039308493,0.04327061016836433,0.17030500750918542,0.10092558004723207,0.08246569737911086,0.09800499918488621,0.026387140015561004
0.058860288350222556,0.13183684476778526,0.07052387781119263,0.051357760627783605,0.23124178497494305,0.13913602899951957,0.09737983441040177,0.010268349104602574,0.20939523095354895
0.14492043106333297,0.11258650505325891,0.16673087566697808,0.20954830226111518,0.02580956637097449,0.13049691020630963,0.07421473291835821,0.04269258019467384,0.09300009626499861
0.11677066966935046,0.07578383887543376,0.21799477351908614,0.06009703210814649,0.09300644664583375,0.21710316668950433,0.09854251647617929,0.029430388885825415,0.09127116713064036
0.159537926751879,0.10446424922384878,0.11532970554676336,0.1780426719820292,0.09137304770361739,0.12746246211837808,0.10503449788371651,0.09385063530764996,0.02490480348211771
0.10071792729255379,0.06194871353410809,0.0813859781710397,0.16146892740392993,0.2171338966815994,0.1445558848657241,0.07511891835388484,0.12481757687190138,0.032852176825258816
0.02576703718638958,0.1428391126564645,0.08826061420315451,0.04071928062320843,0.0859411145526251,0.4552849736312376,0.08548175332215624,0.02600777208596033,0.04969834173880364
0.20317909829050565,0.06342496405319528,0.045822010215615,0.18719811145224438,0.13352980435941988,0.06031255842844014,0.07746971356844833,0.05914692963591195,0.1699168099962194
0.15420367310984298,0.044874199842119766,0.052106919306598644,0.4314262201639989,0.03637278743588581,0.029150227941920504,0.08715963636857464,0.042009526019753975,0.12269680981130472
0.09182327469917921,0.032004565117115344,0.05362027977491629,0.202090063177807,0.023873378296800214,0.06510499267690452,0.12449355980356751,0.027394579067498332,0.37959530738621156
0.07286118649186045,0.18639591562129654,0.0786368794486517,0.0258753211290358,0.12394470481448594,0.0318342827852992,0.11999850789249038,0.13178416319271113,0.22866903862416887
0.17806777122645503,0.09467296780047686,0.1531391845143986,0.05208785359000695,0.0882119312738114,0.1541813473695446,0.06896851904957677,0.14890424881091618,0.06176617636481366
0.1529668065898335,0.0690146143516755,0.06955424070723452,0.20606465489260828,0.2675982785663263,0.01901071450499688,0.08791543450445939,0.06238812826005655,0.06548712762280913
0.14399600312534452,0.15325645029023752,0.07254310737263527,0.065859378185746,0.31300005718603924,0.05003898987579514,0.09211866061318648,0.09592721378341457,0.013260139567601201
0.3299678428783516,0.09396791717710583,0.0740002805558289,0.1987654320469263,0.04993338218256938,0.062411053430021866,0.09748412357720561,0.049285692611376726,0.0441842755406139
0.3298803348400843,0.026709597528496064,0.05448979939745702,0.26967274942893305,0.014949259164260167,0.037691926093780685,0.07267606903045033,0.10034609591510953,0.09358416860142887
0.35534287319658175,0.05755727751534311,0.05215378906331549,0.14438616178396999,0.2099013453675215,0.027309538817750088,0.04969825568696753,0.0569060076230705,0.04674475094548005
0.15861600028394046,0.025317655417859738,0.03959538873142214,0.38139340439576247,0.15746032103362542,0.04749013389254627,0.06343014901741258,0.07504421643947813,0.051652730787952884
0.14312119724760708,0.31401658777236563,0.11566720116945162,0.047005584917639016,0.02445500641342706,0.0791358820045348,0.1198788140043916,0.10550856818956646,0.051211158281016717
0.14087396980490263,0.11469592394402563,0.07335203422727948,0.18015309323783524,0.08838872818022177,0.12888850070408023,0.0948025174943346,0.03264657891414216,0.1461986534931782
0.17649319736516186,0.08800615233337723,0.08921357716762557,0.25086983487402065,0.10412838285864547,0.0199051760631262,0.09077171529067042,0.06283145213883239,0.11778051190854023
0.0897277459068903,0.2169777618360691,0.18054006538645462,0.029849285242586805,0.030684056280621583,0.17373009192984715,0.10025865579132971,0.028662006910838683,0.14957033071536205
0.08439065416258046,0.1080934834964198,0.13375579299957688,0.08742683284104642,0.0976923745521285,0.2850623131173733,0.13697220976162772,0.01772107107367631,0.04888526799557059
0.3495137289714041,0.03915991749791959,0.013406975506711475,0.2376990679100185,0.09627314443770217,0.032502821619615846,0.07063089824422712,0.022329857377549184,0.1384835884348521
0.08101814996415406,0.18170431491476288,0.06062127521616767,0.20664172743246265,0.18928398265160418,0.02899585235621099,0.09828814161633403,0.006500231002228324,0.14694632484607525
0.04936822072936333,0.18725586720064133,0.2018793969902466,0.12272236471722382,0.08192856307700964,0.043780201560604075,0.0723453044155689,0.22058246247961125,0.02013761882973102
0.25476465612282906,0.1497213153910221,0.07357489930553283,0.15874966781260236,0.028324581443036845,0.09096697263231747,0.09801271614320066,0.02922302374298341,0.11666216740647527
0.059145527655111975,0.1401266069350925,0.22529692925356634,0.04829797523506307,0.012985570202861068,0.21905011982491848,0.17337749433912808,0.012125071699875095,0.10959470485438343
0.35481479303595126,0.14521327033210443,0.1038190574017368,0.04378477169499048,0.04142641065840982,0.1111712421768065,0.10419122044576162,0.02709655258200987,0.06848268167222922
0.021244375939552012,0.38607303726503767,0.09808762628358635,0.03950448884490495,0.11943124411803414,0.07259213448565782,0.06214959112061932,0.06292678047293813,0.1379907214696695
0.07041818591011723,0.12271009211912746,0.20638489940156315,0.061987419561408165,0.29984774582306634,0.07192397120115974,0.06263845539831288,0.07250061897044358,0.03158861161480133
0.11679448191850457,0.1747908185950345,0.17278084145505893,0.028966832219147597,0.12777469304840935,0.07641911581058362,0.1035672630126106,0.18333978002631954,0.01556617391433134
0.14636261906364753,0.08614904936852082,0.07175948351691092,0.2136837430505799,0.03410220425822564,0.09277874698871119,0.09485893108543016,0.016411029447060344,0.24389419322091346
0.09030218228538517,0.15170936764042933,0.09457161924471984,0.23979312039916656,0.039001616691392516,0.09935631833340201,0.15969637118778374,0.021321045363652303,0.10424835885406854
0.07315615205783306,0.0740028449398611,0.22353099098447624,0.0677845141968389,0.29812293199963863,0.12753290058000388,0.05510628205346487,0.0644423748832148,0.016321008304668597
0.08902265461273628,0.1067590415430832,0.09657380959723603,0.053982410252195835,0.012198771787424659,0.14874907815974348,0.11789903193527229,0.14997419722714853,0.2248410048851596
0.05008032288129721,0.0887768960560051,0.22314559602694625,0.07861736065422452,0.16284703388197871,0.1675817422846125,0.12215168202301095,0.051119115390969444,0.05568025080095524
0.1291772950076888,0.1643534640370768,0.11891957953001492,0.041080006017894834,0.067085634624873,0.12677019098711995,0.15071291775423765,0.07251429225721018,0.12938661978388394
0.12436367631176555,0.17275838946151723,0.19519622973570772,0.045313047698284946,0.05595783087164086,0.1428307260166212,0.1404742111630883,0.02102224735922176,0.10208364138215252
0.16239489824776762,0.21170971192185503,0.10532638426157415,0.04782272921635879,0.11564478829508984,0.15705929534386434,0.07342174223606744,0.09093568078924856,0.03568476968817427
0.1212980088632707,0.12053926470699139,0.19616820384447423,0.03376918579261959,0.18281466264576374,0.13381398026015054,0.10623140092993096,0.06793683934090584,0.037428453615893004
0.2521492346557718,0.06333194524815063,0.06765851806355604,0.17484284411499554,0.04628430072153116,0.12869631788183158,0.10403590750544765,0.013824886733345596,0.14917604507537008
0.10289304710286662,0.07446915092824241,0.14914898020385106,0.051610421009141316,0.264247058617088,0.11092062859647071,0.09631726790623113,0.10319645009244797,0.04719699554366078
0.21353680490678392,0.04418477681424451,0.06669101691800065,0.22914192888680487,0.18369157647028145,0.02666157228806545,0.08322383729634789,0.11578795432881832,0.03708053209065293
0.10507373599620422,0.07112695154366828,0.0867358370250529,0.11810765379808041,0.12173270100644513,0.2826790338925828,0.09771709381851267,0.06440027038833947,0.05242672253111418
0.11665434741314097,0.11659270489442207,0.12146414532417815,0.04911024245995373,0.13591797318704688,0.06598437831214858,0.07427196962138706,0.23164315956984127,0.08836107921788124
0.1895310352460237,0.1774640287616319,0.08933353447563508,0.15996340680950513,0.006837187772130486,0.04505397513244177,0.10063410266169519,0.11886287286262369,0.11231985627831302
0.21355667273589699,0.11258575994818067,0.05117472028793784,0.255804703125095,0.03695573003535726,0.12432179541162554,0.120454070836111,0.010044506901140567,0.07510204071865507
0.041464921937770564,0.24830791002685396,0.026400146166215218,0.03789024579139303,0.08419230916231663,0.06891228711173887,0.04489423949778148,0.09800780407917893,0.3499301362267513
0.21037895554287,0.09140111798129136,0.16101136147738346,0.03410175132138208,0.19025311777512158,0.0622071890676516,0.09962547949461094,0.10618846306283831,0.04483256427685056
0.08654451931274663,0.12249893876300567,0.23422806023082476,0.06590294361628535,0.024052874262809238,0.2265992547379793,0.1660270108252139,0.04283782802535083,0.03130857022578432
0.05096003084809897,0.09683551451575843,0.12069490687812241,0.11733276007617018,0.1352843401479353,0.15835647448399273,0.156988813846041,0.12852495037581343,0.03502220882806761
0.18782854149459963,0.1269501055712173,0.054859413954233965,0.16317260460104865,0.05497721958931843,0.08952767701196666,0.06890680772926212,0.044192946252376096,0.20958468379597708
0.10132081692309058,0.05153979153649613,0.020551761458239712,0.2807593650716374,0.05109668196119063,0.2175918510299213,0.09950039240725365,0.022660856713163906,0.15497848289900662
0.10186734324393569,0.06248342454273823,0.3052710097036326,0.13461087767732471,0.026483973756730724,0.05642870181653043,0.07734469652775784,0.03560610873149701,0.19990386399985272
0.1272813801308462,0.09106603507891524,0.0746872050763163,0.3419516738706441,0.02852755475678354,0.10179577492806847,0.10027903328563563,0.0803545938285721,0.05405674904421847
0.05061613357631869,0.06823281640457109,0.06717701196512332,0.10334314730163512,0.35429439816090197,0.033828889390942515,0.1771673806072337,0.12103326266540552,0.024306959927868046
0.06755180738385935,0.3324305412764204,0.049151895700548905,0.04079050659501013,0.008321309414391942,0.02492187911798846,0.08071524078690984,0.33145990257467944,0.06465691715019146
0.10735255307538304,0.10382140094563408,0.2848590864440268,0.06608600876064143,0.19737265286420178,0.03570615576552006,0.11449241493645335,0.07550527640203493,0.014804450806104638
0.052639389050251485,0.1438762444163914,0.12759433124096695,0.055400647434072,0.13317888771970895,0.27128057088677965,0.08365778024701236,0.04044475352833523,0.09192739547648195
0.3197361524444093,0.0638701105256639,0.07625451717432584,0.17347659345683342,0.05109959282039766,0.07950220542306023,0.10027054391684141,0.09542608712479746,0.04036419711367078
0.14040320508844237,0.06267805138533061,0.07844109997749023,0.08145246892284057,0.1441699839563525,0.19179345919527757,0.10830210018770536,0.12104216318501056,0.07171746810155033
0.31515148900373063,0.06326625082774257,0.059814405615831324,0.2368701745170505,0.005097675751415293,0.052753322740650636,0.13157137466897054,0.07331343703866294,0.06216186983594558
0.042811442305114404,0.0798413708509557,0.029371188366580186,0.08823896713821887,0.16504979477332507,0.06091434913795962,0.08223566825963045,0.048080709650805444,0.4034565095174103
0.12203372381804857,0.05593129569327193,0.06422670221877816,0.1366644804266407,0.0722528731299678,0.3626443756513207,0.1003137191959148,0.04404253913745343,0.041890290728604
0.2476342610865124,0.08732554274548031,0.07472952745804783,0.22748146850655546,0.05363923417838277,0.01662037305038035,0.12695504468228055,0.09593990808961565,0.06967464020274476
0.1276378764466202,0.3674694822537919,0.06313369608456422,0.053391531142556896,0.06180444268145424,0.06181916505851679,0.07599369057992478,0.12597088505104606,0.0627792307015249
0.14751150256149914,0.052666069901935,0.15667832415394387,0.2890969508275791,0.04994779277133135,0.04382107000718019,0.08182935940453705,0.08851264952361011,0.08993628084838423
0.036278342329958614,0.08042805193913957,0.23214456607169098,0.04116597238770576,0.3785415480201781,0.03402729380638649,0.060924771065994254,0.038557412154202796,0.09793204222474343
0.31410879902662164,0.05360468519836395,0.11179666823725089,0.1628701655799951,0.021624725914191987,0.1307435039906095,0.10897777441925123,0.026186096138475334,0.07008758149524046
0.14297197802455688,0.04386750292269542,0.06676756821210852,0.18783792741055194,0.09471175014715139,0.173756850632413,0.10856462983681231,0.0378083232260211,0.1437134695876894
0.09029259520122675,0.1590396420848161,0.08903320927025986,0.2542960327156141,0.12703300304059081,0.018730414115947783,0.08219415467071119,0.09576248566738586,0.08361846323344764
0.1878191303719653,0.1156893210644333,0.057776774807327125,0.1860977257171831,0.15217707049932974,0.019959533312322548,0.10493063608108398,0.05492361641969612,0.12062619172665878
0.13308443689276842,0.038280233801939616,0.11398868556461429,0.3239653049901842,0.04371479342274501,0.07834986175389053,0.10491126428476505,0.06544930658588481,0.09825611270320801
0.1780804206358277,0.08934280080041479,0.18304527442875781,0.05862291712136556,0.07649241101013032,0.17506301463583096,0.11064275255409717,0.07083240889816435,0.05787799991541134
0.11991536324268241,0.09671578629197859,0.20568187014468262,0.0701875635910011,0.12888100192908142,0.1306790456028009,0.1461182436802221,0.07828537976085441,0.023535745756696345
0.10036438299940105,0.08563736794267925,0.1208743324560058,0.2214587384177864,0.037376587914722814,0.10807957162345318,0.10792557772682891,0.03314827464584227,0.1851351662732803
0.04867283635650311,0.026577238001662434,0.2696031579431201,0.10761806857165157,0.21770571854655563,0.12880973584984579,0.0718335258885296,0.08831666711261969,0.040863051729512045
0.3437315530537018,0.0501138331097774,0.06440793642574524,0.2780275149734032,0.06319685566994836,0.03440497835878096,0.07812735247987283,0.017805814792573104,0.07018416113619713
0.0780824964071387,0.04937852277886822,0.08536572981270207,0.14388582663928554,0.03019606702436407,0.12695137618034213,0.24645269822548124,0.02471018756049174,0.21497709537132628
0.33378690052682464,0.1438129652268649,0.09277481297780975,0.15293259053261538,0.008279261531636209,0.05916785476047409,0.0670188576098857,0.02368463613736922,0.11854212069652013
0.13081516075643948,0.11508928229363646,0.1699021149213823,0.20622120896011897,0.0192380909632794,0.1746034201504175,0.0984461716641291,0.048301534851078375,0.037383015439518476
0.10943011051503486,0.18993054126235098,0.12622777862433002,0.09006703101977348,0.10982069871846446,0.08242773273851853,0.09364593496886124,0.08514272681109065,0.11330744534157582
0.08310813143819014,0.19112362390722049,0.07292094880705224,0.1283242610760802,0.18077166543598697,0.19727777196825183,0.07396978454720743,0.024746037586624445,0.04775777523338626
0.0972472553561019,0.06209546055960874,0.26214865911932556,0.08297691091641547,0.049394045660066534,0.22400933520110614,0.1248013217996849,0.04444226160345984,0.05288474978423091
0.15386848976575287,0.11010061484561684,0.14569555291019046,0.0559008812600472,0.21146223010134815,0.10539267853146077,0.08070571625436278,0.11512652127175578,0.021747315059465127
0.16042577860526044,0.07180578197781011,0.04553524670869607,0.31675607336743083,0.07786952166434716,0.04442229822741331,0.1033243340744956,0.11170502872172104,0.06815593665282547
0.30129365124868257,0.03868554659502794,0.026420865696475077,0.16277782152533796,0.21456719769903757,0.04601520860300054,0.07702468570641105,0.018877516194049992,0.11433750673197733
0.28740654711590935,0.037319307983654536,0.07475264106378915,0.13550866750795623,0.14969740790633584,0.028013059376842942,0.10054904132963349,0.06707253919751992,0.11968078851835857
0.04735988372406605,0.059646438967489536,0.17588832565109014,0.0994867073137951,0.24960556719716842,0.05114514866328438,0.13004547598376573,0.12201341879873868,0.064809033700602
0.31847826572409516,0.16729724200635632,0.029786623934187618,0.253066819305318,0.017402361601230317,0.017143895067563683,0.056667879948641954,0.09049385687382172,0.04966305553878525
0.16007872626866773,0.06347853587397263,0.05457296194182471,0.24933366810255797,0.14798188472733736,0.027442152588328137,0.1414923844613748,0.05187099143348515,0.1037486946024514
0.04882876885452894,0.34453999862117274,0.15102168237518526,0.05827556619149915,0.034777630442779324,0.050470346797835075,0.08037693166514076,0.1946249436054336,0.037084131446425216
0.1684064840833017,0.05095625771555948,0.042535909700921117,0.26534068925678894,0.11526834851934964,0.0410401861746876,0.11676787378021804,0.09019512107417187,0.10948912969500173
