0.11668041088376846,0.2115042187156393,0.14031467400306172,0.07608478711761991,0.18062514330855603,0.11263169353517173,0.056786357803643085,0.037447040642005054,0.06792567399053466
0.1888681801130836,0.023257277520408685,0.13244346676561855,0.06325837218007864,0.17339166376410312,0.15562349560555935,0.07661350732551477,0.13811186956044952,0.048432167165183775
0.12444175891848408,0.5279548981765044,0.01310555654524917,0.015853156759767537,0.011889116494303036,0.019927908576532687,0.05438088234940048,0.020554400694959226,0.21189232148479942
0.13930723261643188,0.1575667429021534,0.09838074963910254,0.07551231824914638,0.19569757348801833,0.035501643222346065,0.028685398845969445,0.054582211606545604,0.21476612943028636
0.07473636939158843,0.07370307718785866,0.01813085299920352,0.19869767745761588,0.07053571239217543,0.27446625918007833,0.1142122284493613,0.04423476957106052,0.13128305337105797
0.15537145517608197,0.15914372413718847,0.11001991035864393,0.023078990707667908,0.06104566166136816,0.05123684059557645,0.11608060124673188,0.04415252143985848,0.2798702946768828
0.07205585552978261,0.05267503332450465,0.08879456289037008,0.2747699514906494,0.1500066652720792,0.01674964767821016,0.13568849083197135,0.07590806670053503,0.13335172628189743
0.14282011966096095,0.13602468270199938,0.13306483094938254,0.26273334480518634,0.058963963884100995,0.03925582138957004,0.06348176123894027,0.04317386820148094,0.12048160716837845
0.09056468107288292,0.2408115599078793,0.023566116235763015,0.010408282639299703,0.024578020202613488,0.13819266886219292,0.36154395094432795,0.057373853962323,0.05296086617271769
0.08264540742555726,0.1670223539106792,0.20948091526645685,0.13984096912611524,0.020000846290228667,0.0701974943704753,0.12001983785020463,0.09831958086367916,0.09247259489660364
0.08977281651864684,0.07332641791693027,0.04920739373404209,0.1179886866215362,0.038037125809923224,0.05657200677603577,0.2429861741346163,0.12500550540380193,0.20710387308446734
0.0902345085699132,0.1625315328428909,0.022008766754871237,0.1317459350889152,0.07526837986710024,0.05605787748189405,0.011855652979840578,0.19969621683757177,0.2506011295770029
0.07418536652694331,0.028037309313187094,0.021776352618486188,0.12031282766064977,0.15354518766203634,0.25771513109423944,0.1437470778374791,0.03484420091840813,0.16583654636857068
0.13655961122237784,0.09457160240334976,0.06339050534006002,0.060705830375332004,0.07068390731919012,0.09289991134350256,0.18367008902381798,0.09515693503788564,0.20236160793448413
0.18646693732490605,0.09895316362613761,0.04750384944754497,0.16859369228806279,0.006049044516811093,0.05769340303433138,0.2763064070766735,0.034989222972745336,0.12344427971278722
0.13894997039455695,0.04006000082803087,0.10521970278078263,0.06556402669106455,0.051516258443796224,0.0778467482058867,0.042905733012591936,0.42036822954853054,0.05756933009475949
0.0908512902611918,0.19239490983297358,0.06312695718562546,0.06698346085703792,0.06749860114507593,0.041751039965740755,0.033626619729029555,0.10082354214948817,0.3429435788738369
0.11280890042694118,0.05949292738398598,0.0253291123223295,0.44727765098988703,0.07837496703629802,0.06554126006686184,0.10743979349476578,0.08078410505780775,0.022951283221122765
0.12794561152725695,0.5164703305615516,0.08639930497044723,0.03145112241910359,0.02271652162492097,0.04814034543510265,0.09160785704322007,0.017328995599640126,0.05793991081875694
0.11585028223357785,0.016043924254247194,0.013309777820304953,0.2068456754228156,0.10502697441813928,0.12769609819003017,0.04334109660313168,0.29669278905031693,0.07519338200743643
0.06822142776498352,0.02647977262890865,0.023814270265823122,0.04512921357429769,0.05326568980660946,0.29802977292813304,0.14821056632872565,0.07272640882724433,0.2641228778752746
0.07467407539979803,0.42861358237488156,0.06881789793145239,0.04947805617329145,0.027609395296498935,0.027651272022735252,0.03065872453898484,0.02154294519178358,0.2709540510705741
0.07681120683866265,0.08534925650616663,0.12557595541838418,0.4259141674138829,0.10600761450055979,0.0984817987451323,0.024893912783746985,0.020821828830301425,0.036144258963163235
0.11541106979244369,0.034840872488534826,0.10356036048514035,0.11692449752636928,0.04758041376283814,0.1979234462023111,0.11598636589090965,0.022476734910018396,0.24529623894143449
0.1769773514162016,0.18038009451626116,0.009160158881600515,0.005117601818895144,0.07719838895191468,0.03229965243088196,0.26845999854127406,0.016385148503390706,0.23402160493958016
0.08121832631546086,0.07176890689862986,0.0551487466057001,0.1517707525651761,0.10785714332909897,0.0946011352711828,0.1273574908374986,0.04938733616124613,0.2608901620160065
0.07410251249624629,0.015873211410267003,0.12784610329611323,0.3927872350694887,0.026976051723980737,0.059209240290136335,0.057769940870628124,0.0799922287740125,0.1654434760691271
0.08784151466324268,0.3427189455209676,0.011756342894380848,0.014614661155440628,0.1077709420685644,0.11935511760605255,0.0883665745431479,0.03365238866938406,0.19392351287881945
0.1609863300774936,0.13620757772464925,0.04604561794257835,0.012699920576097362,0.14270714872310128,0.08511808616087463,0.042221083815660344,0.07339740130773514,0.30061683367181
0.09122940751170446,0.15065743242325236,0.030741136038884658,0.11780883882027503,0.10133057788072815,0.24056348678353645,0.0628384817023558,0.05245094162116293,0.1523796972181001
0.19509918956326353,0.013415085113225653,0.12623612323881794,0.0723591135284513,0.020543440988684256,0.18358822735760386,0.2774830712212107,0.016356313079782723,0.09491943590896006
0.09430305730501352,0.528990660900096,0.09154340664660794,0.0290418546890264,0.04853539627790265,0.040836117020628136,0.08044688140678852,0.018266298513294216,0.06803632724064257
0.12573224938935737,0.0608939214077781,0.2293201259116132,0.24761109352272034,0.08448219217996901,0.024919493788352523,0.13243732687011012,0.04736521154846691,0.047238385381632386
0.09613075695080502,0.021432910143714293,0.13512833418417286,0.366259353461966,0.04941827030271675,0.10950827588826234,0.103588221445626,0.054032301213415214,0.06450157640932143
0.17992920446797175,0.056200678950266224,0.08012956264727998,0.09185801244620036,0.16120787525519767,0.14555061449169118,0.16264814353101842,0.036413204953172,0.08606270325720239
0.07330873958047623,0.36787729838098016,0.010310400434945428,0.2998756998412947,0.0025565810495283424,0.035923070183791664,0.10146066078887413,0.029352555898344786,0.07933499384176453
0.14938760732071846,0.11992981500383237,0.08442140074201303,0.1088070473501308,0.052513852183106974,0.037654667538115104,0.17445129648854985,0.11901662189283702,0.15381769148069643
0.08414385733383002,0.08879926054693499,0.04965767332303123,0.10961870044327467,0.01229344833342908,0.1258810960892996,0.053785909899270144,0.0996430060999239,0.3761770479310064
0.09625909686137873,0.014342267320873016,0.13752705415667513,0.07103069002357192,0.1617468909224354,0.02788495885707806,0.15399661185696087,0.13322845636770353,0.2039839736333234
0.14745712799760546,0.20522023544995904,0.13310560290732787,0.06545077782892861,0.06568307455925024,0.06506007858349273,0.13488512326808896,0.05516849175282874,0.12796948765251837
0.09154366011134463,0.3168417341028384,0.05105996340993141,0.049829003609010165,0.06502411939211947,0.042924954526636215,0.056659152542641734,0.15433214068908124,0.1717852716163967
0.09854122001881083,0.05770395396095792,0.05928934418159715,0.26986961624012723,0.08524704281016376,0.031394485739809075,0.04175308356040367,0.18685413730169473,0.1693471161864357
0.0905868311465795,0.11733244917026375,0.01715036422485114,0.036451680964779694,0.4313665898368681,0.09533271129701759,0.09723000568836848,0.044507289938566445,0.07004207773270528
0.05053599894355005,0.007018462074069638,0.14420421873593717,0.2642932595531955,0.03532067937647007,0.13287531895115334,0.12915812276103078,0.09393740804331852,0.14265653156127497
0.11432392197934306,0.050501836697124484,0.0637240189541539,0.2911167141641806,0.15135710601601635,0.08784742342212885,0.06635185132859321,0.05626800137994892,0.11850912605851059
0.21428138289102283,0.051391850502468805,0.019470088507087906,0.06614812140682715,0.05701392320126728,0.14196198413960015,0.13135397903222026,0.1806123703413108,0.13776629997819487
0.1379783552306611,0.21275761661402978,0.05754148077657184,0.21790415597627832,0.022645096903362527,0.07382156459865774,0.12718920030679884,0.06161302908323139,0.0885495005104085
0.09291835723737706,0.3622343996634165,0.02962984839004304,0.014780511499262234,0.008393938889086773,0.042561292427607984,0.08233692093496546,0.12395118102512487,0.24319354993311623
0.1905202504453134,0.12509514014040132,0.03828597140661919,0.03263904565991568,0.031035484112380995,0.013868237151721252,0.08077955298989922,0.05389684048250833,0.4338794776112405
0.16393355956908354,0.05985520807345055,0.0850188101012798,0.24832670657834935,0.11777324331846002,0.05047925847651825,0.11731753956106535,0.06310601781186108,0.09418965650993205
0.09204735855153763,0.0346864158367503,0.05340363873700666,0.25513662272933507,0.11221353422290464,0.09892251857651839,0.20264397390233604,0.0518618799395135,0.09908405750409777
0.12258390811306086,0.024602908527622633,0.05972853513178924,0.17995306057962765,0.04087890359817652,0.03893750889855861,0.06855859391992998,0.35482694424622574,0.10992963698500886
0.07559398244841857,0.3670300266059206,0.04445852376331407,0.03284243818243294,0.04547458057973117,0.02537857284186353,0.026700848253437662,0.0701995422842114,0.31232148504067003
0.07548337737193807,0.46070874650574806,0.0749831235875647,0.09819438755428929,0.027446264916548585,0.050739278415709015,0.047389525415079514,0.026942972732477744,0.13811232350064495
0.07423002141236429,0.23650993170395074,0.33355077672882305,0.03820104157948179,0.17632211346408658,0.02715254410285536,0.029388257804800717,0.02078305575213331,0.06386225745150416
0.22125532150799612,0.11436435833614751,0.036393745275189585,0.11292817340803367,0.059678064196279475,0.08017869165997862,0.08664676330833872,0.18150079404594266,0.10705408826209362
0.14461805271226594,0.06652218851487526,0.12730999005702154,0.1145804290868287,0.1045222592253874,0.2150812906811798,0.12470133540053256,0.04055186960331141,0.06211258471859746
0.09004837351516509,0.026763184278646473,0.1720469818026298,0.21791645107891955,0.1044752286091269,0.0791559750042187,0.06646765358185869,0.03171087238326945,0.21141527974616534
0.06294852702787716,0.319299519293668,0.026821914155213945,0.12084196690764577,0.02297612309210999,0.060530323463354845,0.01629707817778826,0.20793886879113085,0.16234567909121117
0.1520529963616676,0.15871560429244438,0.007679825862759701,0.07279342015227219,0.07403042314616205,0.22026274002143978,0.02299727690621832,0.022338944552505458,0.2691287687045305
0.1899995365526176,0.05533403563258598,0.020086319650920583,0.08114366108439645,0.007794733907761968,0.05893882618834125,0.40081675957364027,0.031313881780355636,0.15457224562938035
0.08752549749564272,0.3300594950212307,0.034082678285447324,0.1595580786731964,0.06147369186405093,0.060541059507176836,0.08715225934031458,0.05044731160850105,0.12915992820443947
0.07543067336343384,0.2101755775073968,0.1868983698023855,0.07275156901317488,0.15482979792860438,0.1432197722946971,0.040532076000770606,0.023553382455983794,0.09260878163355306
0.12560043649848843,0.021325116852321923,0.018985411204189017,0.018478465831427853,0.050867475439455856,0.2603959043023281,0.12446280367723307,0.2527177896739067,0.1271665965206491
0.09074921299331358,0.2918864243919986,0.052819406048758344,0.27807902210265295,0.06348905288421747,0.04511736037744473,0.061522623426616845,0.020573097969748225,0.09576379980524935
0.1914361630042126,0.18997729207299394,0.027786651577309713,0.07491873870086559,0.015696426545590846,0.06012435171939883,0.08609429011431032,0.03947703378703432,0.3144890524782839
0.10128958801381814,0.12655074640096908,0.04935733876510379,0.35071199186415297,0.034233897284878585,0.12587409675686503,0.05225832961736515,0.12043541583120147,0.03928859546564572
0.13079770065715582,0.05438037532241503,0.10707409563657345,0.040871398962552506,0.3203026245959954,0.07936799942834934,0.034467662332846816,0.17688802235488324,0.05585012070922838
0.1252459975722963,0.13248446697945307,0.07548110434199873,0.06319388280002065,0.3812146077363762,0.037153276138667764,0.04827424158821402,0.07338438551907668,0.06356803732389654
0.11957873917062532,0.3752317726442445,0.09970368829789762,0.04859645047180525,0.049450018385086385,0.03929678035609129,0.048403744116157,0.07599906176636756,0.1437397447917251
0.12195382773869223,0.05282277401349078,0.18344997135563967,0.12428285598781641,0.07979193479844487,0.09416886619100302,0.24848875879131596,0.03899447395115919,0.05604653717243783
0.05981475017051624,0.33256830685803285,0.01859103424499003,0.01390400161293827,0.04793955113013848,0.16052963549138308,0.16677185047718215,0.031795420799671854,0.16808544921514698
0.17126156207813673,0.19666912432105468,0.10689350155769227,0.10495277421005428,0.02382741946672165,0.11901492673136853,0.08340777566148339,0.1276119988234515,0.06636091715003692
0.20157334810189267,0.025741843764521682,0.11060657532044714,0.16690984692400504,0.03388056147784354,0.16238238784169567,0.19180171186097092,0.04181753557321264,0.06528618913541069
0.1511066772109064,0.2160196102094202,0.04211139003226136,0.2333869417226333,0.06653955816015082,0.04496208956079705,0.04732503933484408,0.12325306541582555,0.0752956283531613
0.12333682809646884,0.15050351339190546,0.06948222183836113,0.10081305499793086,0.0779461904803087,0.0657461594668974,0.08362744666886279,0.09502872410747519,0.23351586095178964
0.11081595223546971,0.5407170010781507,0.04443276846873995,0.009219004025566588,0.01831855889732857,0.0335105903339089,0.025403763414444665,0.1393724421261433,0.07820991942024762
0.08025461113724741,0.06483333542670876,0.0835040937381019,0.54642270275814,0.013733057388346208,0.023082472859366873,0.11394634014361112,0.054113933705240806,0.020109452843237022
0.07138767041700789,0.05322095684441982,0.04803908517815627,0.6224137400764713,0.013076412706382554,0.060780626038717735,0.04797894846985046,0.030300032019772345,0.05280252824922171
0.12495509676951243,0.04668017534328939,0.03142993354351205,0.04822639666486448,0.38667658379247993,0.03918253600089777,0.16085382984593408,0.026560153261220087,0.1354352947782899
0.16937244629509962,0.03265325037409326,0.0962320219024071,0.09759102043693475,0.023893312235042746,0.11215001560235427,0.0832246906016058,0.3145686207829768,0.07031462176948566
0.19048389825539824,0.09455227227346574,0.03116366396662339,0.07337825773478839,0.08950375894245162,0.17746592029686378,0.019058737575739008,0.0877794973354109,0.23661399361925897
0.15567799465782872,0.035169588481199346,0.14295735204256438,0.10854178730908459,0.19905590270922402,0.041773832379166174,0.10529190817152785,0.14823630700346865,0.06329532724593633
0.16881677770112657,0.36331077059987676,0.046678516275961764,0.03275127239471097,0.03443080359461671,0.06155522393043312,0.1037289900143789,0.08051528302686259,0.10821236246203263
0.19314085072332646,0.11676449441527703,0.05796917604507253,0.05267284091627473,0.12035565236964944,0.056974678870663424,0.10739776264781502,0.09357475840426999,0.20114978560765132
0.10081257575967005,0.04579100572579894,0.033646660642743575,0.09226629244394485,0.030259542856477657,0.07555563691929078,0.046041862573327395,0.09156748750650866,0.484058935572238
0.0958962851070138,0.4453943065895342,0.01601702015973169,0.14861846535025683,0.041188712301852004,0.07061189958008328,0.04693637775737042,0.06798473847263346,0.06735219468152437
0.06478609308289712,0.3959890547919522,0.04218841538916318,0.04054003955464265,0.22506010564895748,0.037888512138060194,0.05997288830118507,0.052008179195463355,0.08156671189767888
0.12127017611314815,0.07428713742479029,0.09780191758801633,0.18529043727976555,0.14032542686058572,0.08673003031297544,0.0985044550182461,0.0743049727293232,0.1214854466731493
0.06281272183601692,0.5241760753104096,0.15948869576956512,0.08225801897179738,0.023458327872181172,0.03052624065857952,0.03923360357948833,0.03443388904805994,0.043612426953902106
0.05793874825750034,0.050886342542221324,0.12434240311327317,0.09923005461724461,0.3125356064439207,0.023551723190643248,0.020676489866082726,0.21759507470015663,0.09324355726895737
0.12448076163199155,0.03452799622847949,0.031580451042341695,0.1492723942030448,0.06402508324396598,0.06862731793793407,0.11398375929253289,0.36853787701544644,0.04496435940426319
0.08045963203796246,0.03693553775896787,0.062492345303552466,0.40701021059057557,0.08967167505756594,0.04895200388427328,0.1195887952570253,0.07648931803230369,0.07840048207777338
0.1327999786730467,0.17497192978348663,0.025888815577081947,0.0650782845604395,0.0969932260146435,0.13065808063995346,0.03520345152615608,0.10421351801728375,0.2341927152079085
0.06788358617706754,0.06989515989912337,0.10621709168226388,0.39249904206362646,0.05123048397187697,0.06379427960416935,0.13972765192482306,0.06206771096608418,0.046684993710965274
0.08229799357658196,0.28293442163828936,0.11391789176113536,0.019658043413890925,0.15144819004458784,0.186336238298747,0.05132116688867796,0.005407072507815983,0.10667898187027373
0.11339148574789586,0.2855152132408574,0.07524937017891291,0.23987372664748596,0.018117550957118075,0.11718926777213305,0.09950911029764271,0.008566139221851359,0.04258813593610267
0.10031928054831873,0.04272037941605868,0.2894866487364626,0.2253679900978686,0.006759767421864823,0.07877413469800086,0.05653048621710971,0.06461208035944427,0.1354292325048717
0.08409329829953571,0.033683467340638755,0.03266717436820562,0.17361581333330753,0.016495468752073274,0.05149624709878009,0.04823090355071332,0.41268335754290425,0.14703426971384145
0.1122155048068999,0.22895285544110563,0.023240282917115985,0.14042722821921305,0.01274329441306029,0.19548862079873255,0.05314311317587034,0.09677125039856634,0.13701784982943582
0.190671276965263,0.03706623421559646,0.1191625958914939,0.0077945330472175625,0.09872257178962944,0.05510081493064261,0.06651277121773945,0.26393068580663476,0.1610385161357828
0.0731992790648705,0.02744372978507907,0.04743294404071823,0.04069339124607597,0.23342552701620312,0.19743049048979255,0.054178958483212025,0.1659760155567539,0.16021966431729473
0.10550237379966605,0.09096035098218987,0.03680180635717776,0.045952292920333974,0.17732132380011625,0.3383318498926016,0.058353746687191725,0.0795337275904881,0.06724252797023457
0.0658071559273173,0.11002084452147075,0.04150449430709608,0.17136849578238036,0.08992113633728678,0.06211113125737864,0.04578167612542607,0.30241356054603913,0.11107150519560488
0.09485969319282576,0.29675481419952593,0.05579225155816243,0.28148381695420094,0.05163389601661562,0.08673404086146685,0.02984773798755795,0.06898752878461052,0.03390622044503407
0.14841434787802335,0.03355586943319414,0.07250383833505723,0.1723072455458097,0.01889000269938819,0.14654494503027163,0.19819212906968797,0.08545577018937656,0.12413585181919129
0.04493811087921879,0.07676289040639729,0.4085741964258216,0.0985421966777039,0.002567863425738567,0.10789541998516335,0.1709770934811776,0.040118483349965955,0.04962374536881283
0.16051816250420395,0.04753249407731739,0.029842715408023735,0.09960135971474214,0.2063275574156435,0.03528228153863804,0.14163782200201155,0.15765949245499156,0.12159811488442818
0.11155833924360681,0.1271361435450494,0.14803816417526908,0.2556727186933332,0.035208913893517414,0.09548316069925626,0.1387394121224049,0.035536715956817594,0.052626431670745405
0.07677945983676016,0.07119979819820778,0.368219624350611,0.13984049731238313,0.013519060051719933,0.06250023153340571,0.095487404394544,0.028555169749025586,0.14389875457334267
0.06457856157664654,0.06478796950259634,0.0562478832948518,0.437788258657891,0.13830939077629453,0.04978806007217068,0.0573640970821562,0.04866921002105782,0.08246656901633502
0.15414235089777625,0.017327459058957096,0.08612551584322849,0.05275068750181245,0.17657697821479545,0.0726547913533896,0.07397328780674313,0.21400494184713736,0.15244398747616017
0.15736564250713184,0.03947537577125734,0.05492544175562841,0.04625585371824396,0.531635563098246,0.026759985514594697,0.07193144976333794,0.03711290522825458,0.03453778264330525
0.2329793635005316,0.1970586655374559,0.009180822686926533,0.041816709795505065,0.035397693060626866,0.1749731053875333,0.01831793863474167,0.030247489707473013,0.26002821168920603
0.08627188482926677,0.47806780904426205,0.05766337867108815,0.03439778750348374,0.03053445561546635,0.03505175074426594,0.05479837238993326,0.04342192283215246,0.17979263837008128
0.22720815670811922,0.017651948564274465,0.21937526822286993,0.01839926289598899,0.14874703475077883,0.061407518488728184,0.07322936613791707,0.022204741978836057,0.21177670225248715
0.08270135856081928,0.19520605013231954,0.05575719472347829,0.04270437375147502,0.3300697291903742,0.06370614046645556,0.10781400180873307,0.030852870473946834,0.09118828089239818
0.21249870904260496,0.009988886325023828,0.12050165062401476,0.14941407342903823,0.09410101685291461,0.024282085719723238,0.11599000857754856,0.11278551198493232,0.16043805744419948
0.0897516630766529,0.0012068063318733879,0.06553521315024059,0.12553253160226097,0.3763684032998134,0.021979974851727715,0.125671626482138,0.06493305408961493,0.12902072711567805
0.09593113053379476,0.523442977338573,0.015080342993961203,0.018377513085387945,0.03246357448484182,0.06607605223296839,0.039722631599651316,0.11249063597759999,0.09641514175322159
0.18229208809388223,0.03747161549799923,0.20668200846861493,0.08094193200738364,0.1402893896722647,0.015542349157008037,0.10647582184954503,0.12576088053052434,0.10454391472277787
0.07830794957014514,0.4486081317346284,0.017549212920086345,0.053172578158746785,0.019819204643060775,0.10733882653394533,0.04430081745758357,0.026172073345313723,0.20473120563649003
0.10685678292595023,0.016892020982443058,0.08838141059275538,0.03924346479600542,0.01859730909803892,0.23949717743990676,0.06597974871882399,0.1806868228065336,0.2438652626395427
0.0646137421968953,0.49135014303501423,0.022362676140780528,0.015148403542724722,0.01109764014805188,0.032771637666159974,0.06345321578819543,0.020394540534511025,0.27880800094766683
0.102227680387687,0.4912276855162716,0.052189020228439555,0.02022136908465597,0.05882396251729658,0.04679427512640003,0.06584641879572119,0.022570736950574266,0.14009885139295375
0.11411300679120961,0.17538426476018062,0.10339059195843259,0.007500554284322433,0.15935544255968634,0.04156914373712,0.16945907176512462,0.01659070760729515,0.21263721653662856
0.07760531888686432,0.05870052593869851,0.07741887081375208,0.10564232808580325,0.05546063429490019,0.07344945046824373,0.17441908204461296,0.2552437595331359,0.12206002993398901
0.12602862546571403,0.07386846412731911,0.11961068038111182,0.13211004468955645,0.048962555634262744,0.12628303557249157,0.02405244842057998,0.17760210181069805,0.17148204389826616
0.09207430874711804,0.2841318603091734,0.016997001162293607,0.03798794012628067,0.030861933454065436,0.04233786574172504,0.06605611600377949,0.13713242336369774,0.29242055109186654
0.1374273210060408,0.09026473469195,0.042147140777492396,0.2087369455073764,0.03306593714369848,0.1298776732295594,0.1624604061392177,0.14836676043926142,0.04765308106540352
0.09043741391679429,0.11070659428136803,0.18179631040560387,0.03429710808621367,0.1627265132977457,0.04907954683099596,0.030010961978412177,0.20362086769019414,0.1373246835126721
0.10900058601170519,0.07492936279451672,0.07174928382639896,0.26889940951463015,0.01085735072478967,0.0643729709091599,0.22164635917832873,0.10276789018140169,0.07577678685906897
0.16117671175977627,0.19155489696427308,0.05937963455510401,0.06519909573164057,0.033308578055312905,0.041546995538971766,0.08532582108391991,0.025264894469765948,0.33724337184123554
0.09891512982407606,0.03491780893045557,0.09470187937568077,0.12326272189645365,0.33052193611573877,0.033746260514348286,0.06608926517225845,0.10342648501484163,0.11441851315614683
0.10680427549479303,0.11763218500099537,0.034712873242631524,0.005563631997410498,0.2212331549816677,0.055889648512065904,0.03277241274175901,0.2539939831502264,0.17139783487845048
0.0857187041867853,0.06150972029277643,0.07289952814704748,0.09971531565968499,0.0810411182066347,0.10957969832863645,0.14071721825119912,0.18906237470055676,0.15975632222667868
0.15054309585649572,0.0606175454802119,0.12409805834045053,0.010474328271438316,0.023292828186359582,0.16866391762136787,0.3855614691673453,0.016310010904927466,0.06043874617140329
0.1459710372899158,0.15055297078261734,0.028499197407942295,0.09130920683199055,0.14879731611947666,0.04386288066259347,0.05742736639369769,0.06677123290700711,0.26680879160475895
0.1563257407008738,0.060463055357754876,0.08004576335902792,0.10881323640019895,0.17985989568183794,0.026773560850756172,0.033793625300063974,0.22099917131431404,0.13292595103517238
0.09108359340502926,0.07450077554010882,0.0796978673327136,0.26696248737913014,0.041638282994295506,0.13608549705343065,0.13006028356895885,0.11348776016135083,0.06648345256498238
0.09978992536232885,0.10460292932742228,0.11030658282073291,0.22115630052253796,0.07246731613553758,0.05453340297890107,0.15781086174494982,0.08740593286988614,0.09192674823770335
0.06973649344568421,0.3949194240827232,0.125389498763295,0.06614947327833505,0.039312304193085866,0.08485413237978824,0.03653989307448972,0.0553381360586166,0.12776064472398205
0.12441796277285089,0.3040389014625044,0.020478539516179756,0.02649698413862565,0.0456600216146802,0.05812532321725674,0.19948410496886337,0.18598743604057108,0.03531072626846795
0.11442591146318594,0.33598673238949056,0.04871921713009764,0.07010782720443899,0.07224821842308886,0.13004143369411503,0.14890114739192756,0.019854337143190334,0.059715175160464956
0.08801249316563366,0.2543655946632918,0.1308316072043832,0.07621866276223328,0.031794631374445735,0.16771684530977735,0.10086665424564882,0.10352900499323557,0.04666450628135068
0.07760986744726121,0.090447726116989,0.25451947612458903,0.03624891576131795,0.11316158880210897,0.055400457458954416,0.1855187831192969,0.062077045678680665,0.12501613949080181
0.26234681596521225,0.10356500963914766,0.10255770522165947,0.02336369234195887,0.30357026219837296,0.028031671853750415,0.034588689801400764,0.03968146408086249,0.10229468889763503
0.08953917043492032,0.11624304272547836,0.06902828556450784,0.021776024177367525,0.0823687575598649,0.07331737061895063,0.16652380210636522,0.33515982460928134,0.04604372220326385
0.2754519769864526,0.15917285561958786,0.058181322550453156,0.05773858360878189,0.03875557537597125,0.11046648358222266,0.05908450178897059,0.04714099143473719,0.19400770905282286
0.09691791300369805,0.15285597174604118,0.09601351973261081,0.21662221009938584,0.14880926815270698,0.05006051147686569,0.03180543813488951,0.10397213845812785,0.10294302919567411
0.12615460718413007,0.12132657363164305,0.06750045545488091,0.07359083458870933,0.07659825195850238,0.2064810033028548,0.06124514517453158,0.1033260387335775,0.16377708997117044
0.10046693488833423,0.28947138795326616,0.07113424959664305,0.0389845976791494,0.04345889841786143,0.10366242834224226,0.15384857077480943,0.030505321843399602,0.1684676105042944
0.08712145771808504,0.10788180499330423,0.18951919945836493,0.06855783743352593,0.3814902216006095,0.06150223619815771,0.03276180444463799,0.02938647332776803,0.041778964825546744
0.2901213040145713,0.01914646414225322,0.02208172822422128,0.006732134055798644,0.02216473719372514,0.05341969081449872,0.1256052134942008,0.2219465412142659,0.23878218684646502
0.08584687434108769,0.024642532333069966,0.4972417398138534,0.08571204151110327,0.017612527707696803,0.10930680440838085,0.07692951435399141,0.0596965673894736,0.04301139814134303
0.10736234862469211,0.11584827262091855,0.05432211903938871,0.257710615562777,0.17737224054565384,0.022756286014827546,0.039152624206148214,0.1556236219483804,0.06985187143721368
0.24427781911160032,0.17845036080224574,0.0552841387235487,0.012491662035462254,0.07473196314443982,0.014860061544453124,0.054153554701845526,0.08381390594714473,0.28193653398925983
0.09475109272817957,0.02074080842332879,0.027538149587549455,0.03913813405207082,0.03054079775155306,0.05326759517697421,0.08599434394325593,0.5171032474937381,0.13092583084335
0.05945858787867465,0.014183340816681766,0.24518402139834042,0.29968674231797776,0.045622652503522466,0.05883785079005554,0.14628199440899767,0.039160577061357844,0.09158423282439199
0.06301435729928553,0.4093066606012961,0.07055550659051024,0.168788331265736,0.014553438545295207,0.021999616696338653,0.09862702949507268,0.023843075334553473,0.12931198417191214
0.14532893149574458,0.1620745386103329,0.04024576158891791,0.22937113793189776,0.008845953477850055,0.09788121920465982,0.039281065571333644,0.2546428267772383,0.02232856534202507
0.2585079618701536,0.2753202723005613,0.018516779858251706,0.0029613578730493424,0.007661250223754257,0.007258296746483941,0.056397908001227536,0.10190236313170314,0.27147380999481513
0.13994720980621458,0.41986711529460424,0.029949468704557124,0.07979811930522444,0.0055995045609112904,0.06823266542197583,0.05731111021730221,0.018356869106751984,0.18093793758245832
0.17744509021447744,0.34707138510799657,0.06913670458800122,0.035746289463791124,0.046807299099340095,0.07224077040307371,0.09907406826607419,0.030070896019117308,0.12240749683812822
0.0951893879514631,0.08352897376220349,0.1804007817122634,0.0775757206705878,0.07432477354792295,0.054875313437076655,0.08579735135684714,0.23732784544823063,0.11097985211340483
0.16279262752473309,0.003961258162720807,0.041256369854884435,0.025761534175277438,0.037537320046498505,0.12912784655047127,0.08739371988727,0.36252844183430977,0.14964088196383474
0.07592330170458977,0.042048552011338634,0.06069229193808497,0.05360903644813827,0.016599741975092553,0.47587005856824255,0.1053472772752473,0.07847904762531759,0.0914306924539483
0.07615829079685964,0.2683365018891264,0.049571938959129334,0.14813660821794206,0.07245878590951876,0.05830569180022973,0.04850662190777665,0.181401904849291,0.09712365567012649
0.20948503702781585,0.09210911874987208,0.11316515096393175,0.020492909638959528,0.13813988033081345,0.046935313367011976,0.08988988843995516,0.16206181193517363,0.12772088954646663
0.12870173587571107,0.061166256748641734,0.1172170415575916,0.11051242884648876,0.17072988379380793,0.13432101139184252,0.033496099635222695,0.08723515813829523,0.1566203840123985
0.05258869123440719,0.1274148414924601,0.04014099325090432,0.0659783840336119,0.23509744284692177,0.24895171667810642,0.07049013885689485,0.07857911771500534,0.08075867389168818
0.2537121007162105,0.17641762814033726,0.03956583493022372,0.0033099809996552545,0.015358719048327396,0.014225465494256665,0.1382376940882499,0.07658790035339841,0.28258467622934086
0.12538947908083772,0.04817203928217937,0.2285577818339225,0.07019095387962382,0.07254714612147498,0.08238394988265567,0.12489014738983946,0.16474903283007655,0.08311946969938994
0.06854963707815138,0.3457511811993967,0.06593608487932322,0.039323265489301845,0.060716993626511256,0.026068656152851866,0.20931963143264587,0.024839116260877897,0.15949543388093987
0.1414034636943289,0.03647359397860694,0.1089593696448527,0.04867272692261141,0.3623100100859992,0.02030490516428539,0.0442942715282325,0.03510638948437709,0.20247526949670588
0.12579260629132308,0.06055515190046953,0.1368833906018092,0.05036230181228166,0.21635372084323187,0.06932826065860132,0.06207695376349059,0.05038224704286693,0.22826536708592585
0.22085133315644434,0.06516375800353201,0.06958697740412569,0.10581394480986411,0.08695473627886696,0.09022011167686882,0.12220207741329968,0.07480050017931407,0.16440656107768434
0.19594478156598372,0.019282387563745212,0.08757391964552387,0.27040668065309453,0.055525795882969485,0.05187954578821929,0.06641803738912638,0.036407501516406836,0.21656134999493068
0.09707339687452156,0.015021457949697408,0.209871153928089,0.08414258197329301,0.15289553594854807,0.07504874647256282,0.10818016224431677,0.0415328283075468,0.2162341363014245
0.1528539894638572,0.08943140038467921,0.01707267691901578,0.2620099981473976,0.016724754681355116,0.0515502477207574,0.30838943495642174,0.027043248002937312,0.07492424972357861
0.13699624410270014,0.12499574020524769,0.03361363463307935,0.003932004156121059,0.244180336945074,0.056217964626233984,0.20519333226013073,0.09994855933027341,0.09492218374113963
0.11777820464744597,0.010866995091656895,0.3360122198170116,0.0464144615313388,0.032846868093783545,0.2324173564975128,0.11784032624056517,0.0476663616567931,0.058157206423892015
0.14027651897137894,0.048149535460846916,0.08373894205512039,0.1843600956810096,0.382315735972009,0.037395767219988836,0.08463266411719471,0.020347190116922844,0.018783550405528728
0.12285908593548693,0.10901767840920314,0.03670372207340523,0.01093877022975106,0.019214789199569166,0.06744037417567612,0.1041751143357843,0.08481305148452094,0.4448374141566031
0.1345783436653584,0.2554450280103759,0.03070002228356117,0.12601070932620553,0.04172468024540634,0.08368303570411977,0.05834050762095087,0.10997954890487217,0.1595381242391499
0.2287495294829537,0.17849483952833314,0.11336312553450832,0.04011837111534905,0.06795426639060013,0.06101334679484688,0.04741608937767746,0.10810814120856567,0.15478229056716566
0.09188201907192202,0.06140400531963256,0.03920329844155515,0.1220137931054308,0.1170612418705621,0.19657113315001107,0.20630203890476995,0.07535272787482089,0.09020974226129543
0.1478512838950076,0.09739052908137047,0.06444098488121373,0.03426893723678643,0.09826900759181917,0.154790208495168,0.07127916044684396,0.22582241010357187,0.10588747826821872
0.11682775608984497,0.43087153427909747,0.02518104667194,0.11775046828401133,0.012277501343794413,0.036113399344941115,0.06261480169884386,0.009166063661236111,0.18919742862629066
0.3446477608320248,0.07742539354289008,0.024117635348164832,0.07424203764108168,0.030554391193800785,0.1272659419024257,0.07241868765233034,0.17572699892781599,0.0736011529594658
0.0767885419872172,0.28542808770064765,0.06773440602470081,0.04767330398824201,0.13983238916252272,0.13556291654639438,0.05723372200751598,0.07951311475208468,0.11023351783067459
0.15018830452047205,0.18268823203463272,0.03719061085930527,0.06588783702582039,0.06116793180853212,0.1738135533244439,0.061932079090559616,0.05368883148712696,0.21344261984910698
0.13185390989243476,0.02067561488270316,0.08715794315517246,0.23055500690281894,0.046957686259899316,0.0935935436222904,0.07304597609925555,0.2677869415138925,0.04837337767153287
0.07920286779211068,0.19076991468839546,0.03529703021334416,0.18991024647843638,0.18126245026484303,0.04620257009923275,0.03763200394103927,0.023792339124024953,0.21593057739857327
0.10806850674723882,0.18329264976251416,0.11200116806902984,0.05234066766290409,0.18382771500260162,0.039459737027109705,0.1788990654225464,0.07750844545732839,0.06460204484872699
0.0896885547497021,0.07896016750759509,0.15735622726333656,0.03777112066162875,0.018849446648856086,0.08184610322500696,0.1035792297857236,0.06269248214706084,0.3692566680110901
0.09384222126978113,0.12498213948123023,0.0444608502476608,0.09986631094094754,0.07959948223928594,0.2271965413025462,0.14207792759130564,0.024911229823753888,0.16306329710348866
0.09329458765915188,0.040832559017626995,0.07177635606597448,0.37885295679785136,0.05399837273994345,0.14180573730021906,0.09323064322584984,0.02698057733957358,0.09922820985380933
0.09686167387597823,0.14458395974952973,0.09012551970814374,0.2462970284018607,0.03932309894818422,0.06465626063324736,0.04394468356918183,0.18918395340502436,0.08502382170884985
0.09663723843712774,0.1685034195609092,0.04382169143233395,0.2641471006348066,0.04126764950602518,0.143286505125203,0.06451719570762479,0.07689293721039213,0.10092626238557739
0.10814475973893402,0.3060720683586775,0.027434369807890602,0.01470095834131036,0.01792422824694375,0.056195452145965046,0.051756904354772267,0.02881086839014589,0.38896039061536064
0.13800938563677229,0.147116770918877,0.04206509989807373,0.1481705932704306,0.037819533446063376,0.06979736455440792,0.14799333685954963,0.18576548134803397,0.08326243406779153
0.06865939483524978,0.01747017021489095,0.02005807021697142,0.4814101883841486,0.07113370582575182,0.1705804286247802,0.044889521715567204,0.058999595619572666,0.0667989245630672
0.09979104872106026,0.08567285126507888,0.2960589836566582,0.16749222092490268,0.12026709125457301,0.09242044466758281,0.02698866040062862,0.06912106088506506,0.04218763822445046
0.06267667356822514,0.10554351982498644,0.10091989159538656,0.27215388289885084,0.19204547805239428,0.03646890888673172,0.16630142591313332,0.02916905968315377,0.03472115957713808
0.08349355507055052,0.031187906388054243,0.06182257777652472,0.25481290180500665,0.020707757794132833,0.21315647612611252,0.08058147097629072,0.12318952569966225,0.13104782836366555
0.07309431461673827,0.11701777303117411,0.04128919539077511,0.023705913328068595,0.44647777902010977,0.036262628868296044,0.11564064764359376,0.12951609519034712,0.016995652910897205
0.08687459059944236,0.20750987525500464,0.23046870239901543,0.10804253333547802,0.02246560628310411,0.06847615465107691,0.08226141670507166,0.06212866016084031,0.13177246061096662
0.17939660032872518,0.05442346081956482,0.15935249421196734,0.1086717267888208,0.08468924988570707,0.07699891452963802,0.14143355389530762,0.08688148024529894,0.10815251929497023
0.16774348638705527,0.04650004352160786,0.10606686676199767,0.0449906820090269,0.09408742497091445,0.030313679122081147,0.20261902967694065,0.21616824300302453,0.09151054454735147
0.16930941840839187,0.04136295416241529,0.07928758289341223,0.07096036613020305,0.05000694598278977,0.05819726630731775,0.10027703795669103,0.08607538452530061,0.34452304363347835
0.15776156497544375,0.035708391873915696,0.19225340854950812,0.15269649047280245,0.00903097950190188,0.08236158355370547,0.20570383962822167,0.02246420419821496,0.14201953724628597
0.07163300662996658,0.008594257124236575,0.46008861132775464,0.09587500587529214,0.011467448118935,0.11141576317076807,0.1554847294488181,0.01956389932845114,0.06587727897577784
0.1089403424658995,0.24712601128512976,0.016030584825877738,0.23326543111133957,0.017737180504672784,0.05185192275661904,0.02046540726305085,0.2831464970666018,0.021436622720808988
0.10364955645002166,0.10975625904776155,0.17906664978269649,0.11207730952533805,0.18972016432793815,0.07438784739802874,0.07810441908431692,0.07898613987803173,0.0742516545058667
0.21433913228023563,0.1134305167463648,0.13426333356741288,0.11685327874767737,0.1513667027132447,0.04893341285704725,0.07690238919865366,0.060462427481995595,0.08344880640736814
0.2260267854720411,0.3885143553437304,0.026685454162431524,0.012163737332375387,0.06314973086622257,0.019213478378805233,0.042386373885612096,0.05783897039368082,0.164021114165101
0.14779385214427437,0.19984249159918646,0.06279102272628302,0.05191327919444854,0.05222932483713685,0.18637017388149346,0.17401751242005759,0.029792207890665237,0.09525013530645447
0.07260945725967072,0.04183543913093615,0.38736681553417385,0.09265054381953476,0.04596456194573944,0.05637957864378865,0.20151158113760093,0.015660794979474108,0.08602122754908133
0.09155581033548042,0.036765003232749414,0.009732147009887301,0.012688212914737524,0.1620736211244986,0.24756797678061368,0.02723054154737727,0.3519886841663162,0.0603980028883398
0.08946399946286125,0.475209165299806,0.018040815077786775,0.024330220075791678,0.04467498216493132,0.038352586920914054,0.030463536433218513,0.07979677634307163,0.19966791822161878
