0.1158015780018225,0.016354059401081113,0.08990120048395993,0.029519578117131143,0.03340660702052687,0.5443255907399959,0.05096149277265938,0.04650241136179511,0.07322748210102804
0.35097448507421464,0.017723176948704445,0.041940347199534204,0.050061213098877504,0.2319981641828648,0.1282097541515896,0.020590306918574667,0.1371745343625188,0.02132801806312139
0.2513863485536395,0.05235244153648141,0.07688739163437586,0.07160377171823173,0.25839323124850505,0.09029299378334121,0.03746051203009359,0.07293286166694378,0.0886904478283878
0.030628709926701594,0.06655434543418769,0.07838095890555746,0.394428873404081,0.2005260469580182,0.025642038638116232,0.10892862034200106,0.05551760248915335,0.039392803902183415
0.211524462313026,0.017828495570297954,0.17243933273378956,0.04153378083947631,0.16872607931570915,0.11421804541562462,0.13069497414320996,0.1065843997962605,0.03645042987260595
0.14064711360435642,0.1545989292702012,0.02630135128639588,0.10352654168487589,0.026217091994333794,0.3591488551752487,0.05026895957761036,0.08609589890381915,0.053195258503158614
0.15492140636795612,0.021247632015143025,0.3457285131059757,0.034971010520630404,0.015153393450314898,0.15227963274257417,0.0621413861476375,0.06659202220503069,0.14696500344473754
0.6037696920433059,0.057858098171650586,0.043980292518780946,0.04167045594725436,0.09136011287512603,0.02372403499774975,0.014175762921293139,0.05314767722152441,0.07031387330331494
0.07066172224737204,0.041218497296210306,0.0829494883009596,0.08951399271286349,0.12117873100401456,0.13846601720505905,0.07558904032869052,0.10897906962245925,0.2714434412823712
0.04107586772667652,0.04182043666912841,0.029918151207557253,0.6608718403427565,0.041396498770067715,0.05740692991856591,0.010434283796919573,0.1028756689014955,0.014200322666832558
0.14998867119447237,0.07817316580624716,0.06848156791989236,0.3357052835688288,0.13499402494255094,0.048759413918779075,0.042644867518705304,0.09225970653054257,0.04899329859998145
0.03044811146623021,0.1362485425867319,0.05915935779086834,0.3434421086532102,0.1190658622793993,0.048234181684296336,0.030843280254334457,0.12418916369868487,0.10836939158624437
0.1309844663290349,0.23029644053493895,0.03997555657783481,0.26338816614950517,0.06321339694623544,0.05720406256346244,0.04914890895143403,0.12079572194841193,0.044993279999142405
0.5011160689105357,0.02427495248064532,0.08602073596239529,0.031053787428322294,0.0644636139512871,0.06586175573752592,0.05183273956427053,0.10435712304588464,0.07101922291913315
0.1129307232194348,0.03077758112299236,0.04228955131324725,0.271532909853,0.06259894018924371,0.015892996517990577,0.020504273834722458,0.4347900598219547,0.00868296412741424
0.4604375268712017,0.025690296480083002,0.03459600139036153,0.05297582435276484,0.05199468749282051,0.08663691262688543,0.042233213299952464,0.18197801406659533,0.06345752341933515
0.26422470127446324,0.12267089713311963,0.07791463276005685,0.09570840375900407,0.13196021606211736,0.23453936119157795,0.028186293148412648,0.02320650578106719,0.021588988890180974
0.046238222641081385,0.03682108877242703,0.06388613101294201,0.565373336398102,0.12884720472580283,0.044955562961967545,0.023827897821444195,0.043209421322776796,0.046841134343456194
0.3206716274265284,0.10481373058470479,0.20146262557204583,0.08089293055757946,0.016098861505136074,0.12246718735746065,0.04333371850525269,0.0650770517962526,0.0451822666950396
0.11489268397254034,0.04787286348324124,0.44881145208299555,0.15220673166554458,0.043415439528870316,0.05214343890713166,0.03447648836358539,0.045081990773451076,0.061098911222639884
0.1535036701772489,0.04229381366313317,0.23970836555112962,0.09267362132534018,0.18242180194603327,0.0898626357617514,0.06579348166450623,0.10853845583417622,0.02520415407668099
0.2674309690731907,0.06300745207489652,0.18867256620529751,0.11746374274706217,0.061108918508571614,0.10599501887407614,0.06137646855001142,0.1086601883837785,0.026284675583115324
0.09182538976354059,0.18125103873523415,0.14543985128443526,0.09039680618320796,0.08596965445515274,0.06927651346773382,0.07461232345379769,0.07715558596038519,0.18407283669651262
0.15277950792978015,0.05018406137717588,0.044501171601657265,0.053730042034695245,0.15279497384119012,0.06383173627239369,0.07477043732670867,0.06030114813165303,0.347106921484746
0.13720423872238985,0.10299990397822952,0.10134549183536189,0.17143566557466325,0.268867223555872,0.05573426451330127,0.04833450290475527,0.06158159145066148,0.05249711746476541
0.049290872796846984,0.09510557592738067,0.05607356222384405,0.47697197150473425,0.08168533682754588,0.15417436072046983,0.032622084005522134,0.033487751637309465,0.02058848435634684
0.04817342386845059,0.31097372627999226,0.12595345943502756,0.22824571469653684,0.08505383655444472,0.04605993879603502,0.02452811517866672,0.05041026226030867,0.08060152293053773
0.08023255708567012,0.031395329652541416,0.24345544598098603,0.07618407939919704,0.3095976420105506,0.014838947388149606,0.10833088781642519,0.02559206775025404,0.11037304291622586
0.09084262013217752,0.023329761977785232,0.012454118312495816,0.5708242149275229,0.12874319935827863,0.04177514236287594,0.013767951751365184,0.10988145577416437,0.008381535403334434
0.3690150142887287,0.05216903952822018,0.10661849498176194,0.048067580968784045,0.03379063484304989,0.08475141358149785,0.0447851039481621,0.046810947388755214,0.21399177047104012
0.13600998207574985,0.019296568964476662,0.0801954817123244,0.11032372852917614,0.10200404791818153,0.020319920454710632,0.021687766949494165,0.482836479429601,0.027326023966285546
0.04698616599746653,0.05471613231488635,0.11906948352557496,0.12061464376778674,0.4359279326331484,0.009412173811700666,0.055080954468165445,0.09421566373295803,0.06397684974831286
0.11467614947600029,0.10391534485393256,0.18808959931144242,0.17122221403285506,0.18751476710564888,0.04877406976637205,0.07011069102407118,0.060262451137714425,0.055434713291963124
0.1189214360242044,0.0859135643376824,0.0724789104720532,0.42407332952640237,0.08127349961348468,0.0291159784913101,0.01890378226623896,0.12238103909215664,0.0469384601764673
0.03744747996297081,0.05306330602509984,0.030944561183885565,0.4948385499115085,0.08779633195178864,0.02115668340388342,0.14803592408762453,0.08633325257505264,0.04038391089818605
0.3430715226405652,0.020567493837120907,0.16496903097198468,0.058899923067693226,0.052937501242326324,0.04045036420351408,0.04291158998999478,0.2447423856282486,0.03145018841855213
0.05489484698912451,0.2539087310212735,0.053283496931024216,0.19949001645528208,0.053400114326774606,0.08815581401551291,0.06421411757535377,0.1081936797993678,0.1244591828862867
0.19167810666751886,0.13787334067876358,0.04252159069605577,0.1547772571493822,0.06614273656030253,0.061518479532238914,0.07513823104947903,0.16396500917296186,0.1063852484932973
0.07749696805313537,0.0828827297541744,0.033274739660805935,0.21896332366425683,0.18297726603410477,0.10374035237142608,0.14012335294282638,0.08911989333038162,0.07142137418888862
0.06513581464395517,0.1411134263719086,0.0597487673078965,0.5647626516734116,0.05448468738033646,0.027823935674352554,0.013705101818822403,0.03343541671079882,0.039790198418518
0.09764263113649947,0.08100249947872575,0.2063733328509435,0.1396459413021867,0.10062048659789675,0.11614894826969667,0.061221187950455856,0.13106090574501503,0.06628406666858032
0.030551672723524253,0.04438598824531149,0.05615725358796153,0.03840966076234584,0.5508424949212941,0.024733462817339513,0.13004358683544223,0.03921114397236866,0.08566473613441228
0.022411907942751854,0.09934023569233631,0.23319261989456377,0.09879098613776122,0.04242763812882954,0.1617903152051989,0.17857249711625153,0.06714915064623689,0.09632464923607005
0.1287808066495887,0.2946834131138454,0.03617507455557636,0.2429406825162144,0.05340289761741964,0.07610356152992885,0.025423670024699026,0.09812055805673187,0.04436933593599579
0.10073634100998026,0.08122113231489893,0.03964417901015374,0.39890950904272904,0.0763955136730807,0.1205085883696499,0.04690053180291057,0.05852875798782418,0.0771554467887726
0.252586905605045,0.062431773676808,0.10441163132849389,0.08966926491526687,0.07078209826298258,0.09140990174601016,0.0639259004131711,0.1989950345992448,0.06578748945297762
0.10620036993484622,0.16677257273561985,0.11023420728904669,0.09608200165460928,0.2514278429004421,0.05119185286595834,0.11744499139664638,0.031848841105477366,0.06879732011735373
0.4331195013567804,0.07179153142972357,0.06238020995376375,0.04589626508263688,0.11994433736829337,0.048326122245344605,0.09772858546595203,0.031823460135760935,0.08898998696174448
0.03443957855973221,0.0655200833548132,0.028414941938844585,0.6065782367861758,0.06110660846674182,0.043079716024296,0.038519362187138834,0.0714365570010468,0.05090491568121061
0.10914977587191811,0.030746698271290566,0.05021682379231999,0.5124922837575734,0.05463938932008942,0.05536177872146747,0.04408472454244979,0.11689515711472741,0.026413368608163883
0.03262312145296955,0.16191232458382687,0.0456331699075991,0.3120982605050712,0.08043994099447771,0.08263165476627238,0.0653721574533178,0.08908086009043907,0.13020851024602628
0.5128610191574179,0.01634563528297234,0.03768145891862875,0.12701668327493143,0.14887941946909283,0.044923991640323215,0.033771747376308496,0.044284964117278024,0.034235080763047106
0.15971381761213602,0.024834307428833007,0.27487027295570443,0.07721122224050764,0.13498534064437448,0.06862085942779704,0.08448073072896024,0.03959616545479369,0.13568728350689344
0.5243721717432049,0.032315314685501466,0.04279757027984086,0.10272393421995292,0.0715282914137716,0.041574364793832246,0.02885210604261045,0.1117098331705564,0.0441264136507292
0.4946115506661744,0.06090428177090313,0.05235023738661746,0.11308779702301704,0.05954558969367527,0.0635402931763368,0.02763958038056043,0.09154167912982021,0.03677899077289521
0.028706421236836616,0.15613719909391485,0.07742648608133738,0.20855697498106454,0.4054728250017032,0.013361854457352529,0.025715369660785258,0.0356404377567228,0.04898243173028285
0.13531663007267816,0.10643776116355164,0.05983813341498142,0.14190342102809703,0.03005316863718327,0.08233565180582351,0.030679133503546407,0.3780945219747646,0.03534157839937394
0.15286262690623545,0.022420389420617488,0.16463413303325525,0.02159314916801101,0.04564962619894072,0.028415989742334242,0.02817809424210203,0.06745255954965515,0.4687934317388487
0.1758511062130034,0.08201079330070585,0.05476219605909997,0.04501227547739897,0.10285360189082955,0.06688528234985962,0.07671054686573105,0.08996121892346971,0.30595297891990186
0.011662143207026868,0.08845466407764098,0.1375947913666671,0.2184223995594353,0.26341139384565354,0.025019865938315327,0.011910665697910707,0.062376536391328764,0.1811475399160214
0.2310790122397989,0.09614361678318999,0.10357315866372023,0.10122752245423093,0.21396127796031697,0.07208152521151835,0.023030898299868815,0.14147550048741617,0.017427487899939666
0.22527850509116162,0.048725424735519975,0.15100346696486686,0.12025928413776545,0.12661445464305296,0.03592791196297865,0.1648153768473285,0.041912039935049716,0.08546353568227634
0.0912858891471932,0.030484017869042535,0.33638077467609184,0.12017249188389532,0.026926685606795536,0.10298043420873504,0.07817494573954747,0.12882524783559848,0.08476951303310067
0.2286533393388981,0.09132761801392437,0.27708338717355935,0.031504055918251374,0.04961934126553438,0.06918628058863734,0.09316390191154704,0.065012431992883,0.09444964379676513
0.09708862434471517,0.10165936878534332,0.05668334247556692,0.2867576843715303,0.27492521881086024,0.06189835355404175,0.03727739596534691,0.031596836691450435,0.05211317500114493
0.046421161103666016,0.04626785485768702,0.08084930490131899,0.04043494683610249,0.04696414391462735,0.17330834330950337,0.07088669623225631,0.04346004627838392,0.4514075025664545
0.09187266798033844,0.05869246080413795,0.03999086395632089,0.08927819259797874,0.0648354217898364,0.07884730348326972,0.45718102389264675,0.05762151152241288,0.061680553973058216
0.08415281316316052,0.05328369758932808,0.2286058727650738,0.19238021371181577,0.15247745162430787,0.00983872706990301,0.09055218889829715,0.06799521080212996,0.12071382437598388
0.052657625786392846,0.05059653399237834,0.40537610119182044,0.11056149016760315,0.04372515630553601,0.1425997990931823,0.03230838714049486,0.03598324951189084,0.1261916568107012
0.04329594299649806,0.04036000320668388,0.11829091405603813,0.2737261817711803,0.26082746229243753,0.11168442475788698,0.06538557220133244,0.05501233857298782,0.03141716014495491
0.017439177020172416,0.11958348266755403,0.07285348423978759,0.11368203062934366,0.04390427002630312,0.467915431805435,0.04941009384874829,0.030491162674528338,0.0847208670881275
0.2496923691437868,0.01892076106247609,0.24618182236684558,0.05279007411159233,0.04866430889640894,0.17842258322714033,0.03169276098204333,0.037435611353471336,0.1361997088562352
0.10055514145762579,0.06659842693803382,0.04225107667990315,0.05756274798029909,0.027958422467639184,0.3058667805707764,0.07332750759450342,0.11415147814759509,0.21172841816362398
0.08105413003086047,0.08827128730388965,0.1029482687320597,0.15687901557917502,0.047638931123959095,0.1955963464172484,0.11816349373870565,0.10042655284369169,0.10902197423041038
0.18379895923927592,0.15748241890214495,0.11319633007235108,0.07886190814384667,0.05640055108385578,0.154176075970192,0.055220035590654616,0.10115297416640733,0.09971074683127168
0.1339116732562344,0.04880916761112845,0.24735135488032953,0.09463229908490561,0.07356122802725806,0.13384237035590135,0.08065474285796806,0.151451264599195,0.03578589932707948
0.0726641072997488,0.0753034718482264,0.08073020451573071,0.33544147786629214,0.17659020668819844,0.031589608542440396,0.15581961078007575,0.03480269995241322,0.03705861250687408
0.05786992786728803,0.05819926326997421,0.21137629077909093,0.15222486251761375,0.027600862142427917,0.038575835402051666,0.025467538285263852,0.1732901872569265,0.25539523247936313
0.049005841374732705,0.061579611999173944,0.022817299405044778,0.6928075161896864,0.02498777645580978,0.03062385353295316,0.01702622169638722,0.07096772630695579,0.03018415303925619
0.1009911356686745,0.06431462690706215,0.0654317410789315,0.5334006968457417,0.053182031763072506,0.053577535035643664,0.024763540182148342,0.07064340917572749,0.033695283342998164
0.081575963154949,0.02931990882263702,0.09177315954696826,0.07690502193047781,0.3566916569326391,0.03295893090694943,0.10012337299876821,0.17453808876107635,0.05611389694553485
0.2534227972629863,0.12200220119120635,0.09108286053615189,0.062107653017823304,0.1171252977195546,0.06581136181254572,0.055986141089946116,0.09712084732326831,0.1353408400465174
0.1807180827925132,0.07102428992959499,0.06491232751789207,0.08899919455903556,0.04048904597076877,0.03672767397887304,0.04722891749999112,0.28803896287993225,0.18186150487139904
0.5384887076645627,0.029461693375533258,0.029405063434505357,0.08588155703257767,0.09073883736254706,0.05225010768494804,0.04307246203727295,0.1120866781075132,0.018614893300539725
0.1420288219763706,0.038998927157707114,0.4240170574793425,0.02541570779833598,0.09307373917367069,0.051936138009190634,0.025084008084697518,0.061845507684260594,0.1376000926364244
0.17470681617447373,0.11284335915993639,0.06489862201201461,0.2963935419165749,0.0420303495052104,0.14953294607699194,0.0899700674018602,0.031976677849078664,0.037647619903859134
0.12232715558395708,0.024557528359988794,0.4604505273012695,0.09613504294565865,0.024036485441616306,0.08153025183242928,0.04887681939127938,0.061292958290725785,0.08079323085307526
0.6154857408702243,0.032651902996810804,0.03688245845799285,0.037998341176613694,0.013165215412928963,0.039401578018065826,0.03863795190140706,0.16603403063488495,0.019742780531071546
0.12656058041373336,0.07036136672218025,0.2647597287751633,0.20187578559382255,0.06943153783695467,0.08110776826690734,0.038928839056094976,0.08969764165389969,0.057276751681243875
0.10076718610235304,0.015788415205271904,0.5961195430438648,0.01219098605350364,0.02524235669899731,0.027812534230909694,0.014046132658271149,0.14254823822545057,0.06548460778137778
0.12904999628680017,0.052712101483284056,0.0808379382843826,0.17582855836403324,0.045610474773286225,0.05643173204995395,0.08749711973708403,0.05345996959796858,0.3185721094232071
0.5385364858723262,0.03995024623039559,0.10256334136416678,0.07135176233752022,0.02115754038769274,0.06019298382436599,0.047971828430057956,0.04672498601030637,0.07155082554316816
0.050294650879124464,0.025388813774504682,0.18725424470591032,0.18716263585388862,0.4676610043279628,0.007657594696681595,0.026629350626928033,0.03288986406625725,0.015061841068742254
0.2269450407317608,0.023556156289090305,0.11132405107862975,0.11551211222284924,0.14328702229172627,0.06932134061213209,0.08799335409995494,0.1164330885998608,0.10562783407399572
0.03809398473372334,0.040099445556953946,0.22812681094990725,0.04421385365058944,0.10092866935838464,0.052684408713694154,0.05951921335406882,0.3118054204540918,0.12452819322858655
0.5774557309091161,0.025308727936531838,0.029355028505229534,0.05752764147428291,0.09833910099950073,0.05549227677090337,0.030907602684227566,0.10207551905086186,0.02353837166934611
0.023668914915961996,0.17260233373762093,0.045156106130663454,0.5471280591167514,0.057500825627198826,0.03309961495271238,0.013834154622771537,0.05795270000671852,0.04905729088960081
0.5224351343565021,0.02953937317702447,0.05667807730245738,0.044779722300276804,0.07593297089012685,0.07211699542092427,0.019573350101056607,0.15979080546482027,0.01915357098681116
0.10939185569095926,0.14671763196342993,0.186403602656283,0.1536816224007901,0.05781866243166578,0.06093882253745797,0.02859040566236559,0.06378881357826215,0.1926685830787862
0.04115347568392416,0.05864393841737393,0.05204944657196565,0.3194925179122137,0.1814687803640862,0.05451002254158984,0.17754437701843875,0.07521929242087151,0.0399181490695363
0.0966028642423896,0.05868239458325953,0.12408721222579044,0.08958902780196455,0.09072220305552177,0.17662764842276957,0.17664785503596367,0.11184741268261987,0.07519338194972101
0.16507807154140738,0.043284585896029494,0.07664526422059902,0.2489955457546441,0.07783822707116939,0.18697070780406025,0.04040799540450968,0.0812446112415471,0.07953499106603347
0.19004446578274145,0.0604392227013765,0.07260789333738638,0.12807035574796818,0.057113228586427055,0.08430305465666887,0.08447133676195766,0.10519463221276219,0.21775581021271181
0.013584436478025505,0.038633314901585884,0.17203066384823265,0.017501965550037493,0.02087955428368411,0.41100133297648583,0.03036449300838107,0.04859593252097771,0.2474083064325898
0.100987936676806,0.05005965075616187,0.09501685953796284,0.3505051507659174,0.07662126730386397,0.0816216746714906,0.08919933743220954,0.0680712777772814,0.08791684507830637
0.1787268769554229,0.059225805102087276,0.22365460221870803,0.20727050294141366,0.040465677277295366,0.09770560756068762,0.06496376877126553,0.06904120990813899,0.058945949264980695
0.18815651110157763,0.03974409561515604,0.22439290071355564,0.17378813392600748,0.039940626206719516,0.0549807362603677,0.046811752635135935,0.1884224521596964,0.04376279138178357
0.5758683413934979,0.027000490394860337,0.0558605577807229,0.05424835210798202,0.08879126031725092,0.05087665764339252,0.04224010035811798,0.08318791569370176,0.021926324310473727
0.02249868280239148,0.05073865771912551,0.14149624539528302,0.07714787263852609,0.04540779643565743,0.26307909999304685,0.03209894659146239,0.059635671072296705,0.30789702735221053
0.10660507916244537,0.09079434038687346,0.11622062250294997,0.1309427737825287,0.29795847193642117,0.04931811093577424,0.08090028755525504,0.10187472502882151,0.02538558870893055
0.2273190907368959,0.0934025217029376,0.1615145544366322,0.0232847443515284,0.11452558250460614,0.03959999768064623,0.025519783470701215,0.09274624731920005,0.2220874777968522
0.042616895442364106,0.05617165182543904,0.03463210634511426,0.5992103223057558,0.11117361193556764,0.030185927497940676,0.00810091236311424,0.0991679596632995,0.018740612621404678
