0.15776173234991675,0.19916812891595526,0.06788616043527089,0.1438896123598776,0.048364110703315456,0.11033748061802807,0.1073841668289784,0.052163743213495796,0.11304486457516182
0.13191424143489136,0.13773372434924408,0.030036475886641222,0.018798238455359235,0.03821452676225225,0.04139440906897009,0.40314835446444475,0.05651879781395817,0.14224123176423883
0.06301815018581779,0.1693343402729324,0.07884079923048563,0.33190123546589717,0.02963540298006624,0.09495113043744335,0.055395165970414884,0.016805635464361753,0.16011813999258073
0.5484675722417047,0.04205136574209951,0.09323849591347626,0.016782605727437148,0.022843191125116177,0.05653632982783443,0.08673748260778708,0.07740663594089987,0.055936320873644835
0.3425522048798903,0.16654564931576113,0.09839038922796217,0.06783664383962572,0.024133493899785304,0.02450386377915446,0.06141963665015531,0.09727521922626879,0.11734289918139669
0.053944441753955207,0.06256194532048416,0.05889695467129777,0.5605062753429624,0.03432435673353172,0.12264889479835817,0.02968133615605367,0.045491263099506137,0.03194453212385077
0.014490221040800605,0.23441159868235792,0.030195128659094184,0.08284490341465624,0.2149029633628746,0.14590157067853685,0.056536536218407506,0.20569746385066615,0.015019614092605917
0.034961003302759676,0.13609710116809934,0.278939422534841,0.01870787724058523,0.0240854468656258,0.07204199014470027,0.07279575408354588,0.31438564524429347,0.04798575941554939
0.048959294535605734,0.12892453891355918,0.05268024150169024,0.010933679529735264,0.09732617067950096,0.07424637836751811,0.4786129715127392,0.08864508590283227,0.019671639056818995
0.414770580513897,0.0320479232063845,0.051053141919966814,0.07973440138439002,0.03079018043072183,0.028770987154178956,0.06817831682421488,0.24098926810394072,0.053665200462305475
0.12940425702996738,0.033006631436951074,0.02375128367424779,0.43120238826730223,0.014689082285274173,0.02342353662515594,0.03716824191265657,0.014266858483055615,0.2930877202853892
0.061434775162042286,0.16194107288582063,0.050411895566891594,0.08085154139366221,0.0320966042140747,0.02580335106104614,0.3921518158354675,0.12468068357471539,0.07062826030627951
0.0282334393387675,0.10477761625937028,0.06155385854627898,0.10293592314029287,0.18803381967885005,0.25025066590173634,0.022376677081815306,0.18378661061237858,0.058051389440509915
0.2279569904565016,0.14924900714072598,0.05855299112186394,0.07879378993068326,0.068131904685161,0.08403820740263461,0.03722377615401929,0.0427665733803837,0.2532867597280266
0.01285864336221009,0.05968695555527006,0.03035444076267323,0.03599077479096733,0.484884215544346,0.19924894996078257,0.13958884796836699,0.02872819635115387,0.00865897570422993
0.016749911085437812,0.04586384281275704,0.052168863190261205,0.013123681094621331,0.013430518895782515,0.043571813568369665,0.5526643570197328,0.17981119549381075,0.08261581683922686
0.07781015461533936,0.41446338057424054,0.2500335481167376,0.021156994760915548,0.031219854994470875,0.044462611362085125,0.048879288690598564,0.1037658273389731,0.00820833954663936
0.007166413362625575,0.0797620158908287,0.03149447004337903,0.05950300675549345,0.2421468717090498,0.033126292677608506,0.0849539788026954,0.1723208897012107,0.2895260610571088
0.02993365139256574,0.5165505502002944,0.23632079990256424,0.0337538002633801,0.013444938303370303,0.0279301818512132,0.028677428702401146,0.07006375371527684,0.043324895668934126
0.022740206327387425,0.1038395818010454,0.1032890532901577,0.12036714008692928,0.13674746877313881,0.25391449043397457,0.11747912655561256,0.05742773797346098,0.08419519475829339
0.09077760173877043,0.034997198253042816,0.03249070563726946,0.015447862098693444,0.10456698528433826,0.2252661921774899,0.391515795917777,0.03978251993221601,0.06515513896040268
0.04353534658776276,0.08899453193941194,0.06136320609727752,0.03699787881847394,0.026719046992709217,0.019026901650694244,0.6038145404433408,0.04376815660225949,0.0757803908680701
0.01964527304916952,0.17025279492606601,0.324152765870021,0.09274821344097654,0.03211721964169434,0.04921485732270258,0.019645426882932058,0.11705793312830025,0.17516551573813766
0.3021659293265024,0.3219980967881917,0.0633042663579954,0.03243526600916993,0.03875638956079575,0.06004291903818993,0.03614659766915382,0.01582751880160175,0.12932301644839939
0.13580641556871098,0.05498186191007167,0.34617384208129204,0.1511002672058895,0.005358032439332627,0.011518857057023947,0.021695160874336022,0.038833051841491766,0.23453251102185155
0.036485572966875816,0.09284115351748733,0.030005465264393755,0.03015551239369854,0.6574863087903462,0.07080102263307576,0.0320698269717327,0.042518601020736076,0.007636536441653751
0.04394995479754762,0.18562936427376728,0.029766682086940322,0.010376307208112322,0.0112071181172219,0.10490306225214213,0.5520149692116801,0.051767055409293716,0.010385486643294537
0.029496534725792972,0.2463802334118097,0.030425083683168718,0.08166193370332901,0.0553692469973616,0.32627415939498355,0.07204796191531497,0.11579255333998582,0.04255229282825373
0.062493832247789226,0.08959849342952193,0.05583915710572887,0.5767484103233119,0.03340763055814303,0.04070276508219045,0.04556855986500959,0.019668758300221096,0.07597239308808383
0.021993696635390466,0.060301030892283,0.05862286146413831,0.05042774198103717,0.48519307742880535,0.1388380338515264,0.04770935673165668,0.08998389875933832,0.04693030225582423
0.1327952176629429,0.1904734730489787,0.050997355929136214,0.055158676079018754,0.2248452525514872,0.024276127324233728,0.18511690775400522,0.03612922234311846,0.10020776730707888
0.026454250136288503,0.17804506081440707,0.04486337476117763,0.027066792830041365,0.06784506560554524,0.056561805270979364,0.517927255823107,0.021532270616076637,0.05970412414237728
0.057555356434019746,0.04534446460326295,0.0745160023876997,0.06934197696912543,0.03846049271199405,0.07106659989247584,0.4427314778652159,0.1479059557306471,0.05307767340555933
0.012364789920596114,0.26489103344802356,0.3744755672205622,0.02926337871015866,0.0104339121888066,0.02698403730337286,0.0617683299379841,0.12218469828366624,0.0976342529868297
0.030828646259611892,0.08617007324752879,0.0576799966380055,0.08526916643739323,0.043648662032137686,0.10807390416189351,0.08625457827557033,0.4903392459100127,0.011735727037846292
0.006189275034963588,0.02183909203705457,0.07590441819106168,0.011425237491561014,0.1851404250095697,0.06549748721485119,0.1811452968351324,0.44916256730138454,0.0036962008844212482
0.02639118041013817,0.06939575335989213,0.08026835077073857,0.12382274119935822,0.3784158069144059,0.08557269894399172,0.14942920619870173,0.056305922412512414,0.030398339790261072
0.03885297822995282,0.36787732027512837,0.08021448126646867,0.14729717468724177,0.017576082770086567,0.044965671851480316,0.1367836693395272,0.0479325138270418,0.11850010775307245
0.040212346981563174,0.08225779409297776,0.07592902218647744,0.1209177954878856,0.04146856048772469,0.09435557603456081,0.0754164852032041,0.10733335146452432,0.3621090680610821
0.014940647304465043,0.04781119300114939,0.049319966399194594,0.04297013580839521,0.0642254766752735,0.6330513417253992,0.10369948201403663,0.02414141322336638,0.01984034384871998
0.32943945983318246,0.15475137885460089,0.018306248679625384,0.19467246226922633,0.058974413771298494,0.032162724112522474,0.06974465160148424,0.1060587819537842,0.035889878924275496
0.019468338011200043,0.03726404902226227,0.05799471134508777,0.10582503274143186,0.04723187367278289,0.054636023999648765,0.400796004463643,0.12455607122406652,0.15222789551987684
0.043727940403053465,0.021004227541645337,0.1647749286341911,0.004035065899498862,0.07068003554734852,0.20325177102082415,0.05801377602418822,0.4029448184381262,0.0315674364911242
0.07070598659714528,0.03538963287357259,0.04243197445479274,0.015791207290040587,0.07995860643484064,0.04435269921641339,0.5753400547408702,0.03994803066772164,0.09608180772460286
0.04398610757773938,0.03474246322832117,0.06152756813713182,0.010690623114269293,0.03676854589171378,0.08506670147426093,0.6924095812495829,0.02425782201061778,0.010550587316362827
0.3046084252740018,0.18051304311453334,0.04869096450028041,0.033952322693572144,0.05913036496129747,0.08230739938205406,0.12622135874672166,0.15060563359189694,0.013970487735642185
0.13890175838593657,0.06739066062890553,0.026123123272304195,0.031194855727892695,0.04066548489386202,0.028258684167468226,0.5690762285753133,0.014513238548490895,0.0838759657998267
0.1874708722413034,0.018232305280511726,0.024778162780970298,0.04012772774821815,0.027490753676580854,0.11826697187258617,0.21779813255094368,0.33714569578991843,0.028689378058967225
0.131601806495071,0.040322720364061766,0.07927613467682697,0.02187792025987693,0.12940769294423282,0.057259442648084115,0.3438703692561195,0.019506392413217916,0.176877520942509
0.08271174431848533,0.07455112554944164,0.07261764863831414,0.10288132240351779,0.071857198210126,0.049750688257710785,0.5201176518640801,0.006432224413565858,0.019080396344758315
0.008183400182064855,0.05629140557109063,0.02307887768677584,0.04372408421932913,0.007446904481513346,0.09245937265913506,0.5567801606436611,0.19400595451226446,0.0180298400441657
0.08170137365073421,0.12067137490651451,0.14247238325625533,0.4937845208237661,0.01796258977885073,0.02249664108644765,0.03081919859234337,0.03815768106006419,0.05193423684502387
0.035568292955244524,0.05539832789576654,0.037830969487252154,0.01462018102051236,0.024173616123936773,0.08503917172770535,0.6691093921849541,0.04904905201904062,0.029210996585587384
0.04742341037725826,0.16795700070845462,0.1644273308292894,0.018221828434995722,0.006471736534138271,0.062229190632205465,0.04012812671354087,0.48072253201569115,0.012418843754426196
0.06364638156727777,0.2779728814244388,0.20974800325517207,0.14905954187154968,0.035367191927960416,0.04903209961524568,0.13981753166199887,0.02271086778779416,0.05264550088856255
0.03463960867668286,0.08921059335729697,0.07182197590302981,0.011633181528259725,0.060834407609890485,0.0295369682532379,0.5906733437853676,0.07044002427407488,0.04120989661215968
0.07241115150735265,0.06553404437382991,0.5152991558956925,0.09210747970283373,0.01860622515102989,0.015997558872514583,0.038758269941387986,0.07412568939511714,0.10716042516024164
0.10783583361624309,0.050118339603304286,0.03187267914634732,0.026511395736937185,0.024538626131899624,0.06737226011288772,0.5226500335640375,0.08594678233066762,0.08315404975767564
0.018524248720080367,0.18140065931268787,0.08366620530029856,0.06930642995056294,0.49545600281634367,0.10110066474375855,0.024466990588396385,0.01853796267409737,0.007540835893774355
0.012611960392961136,0.04945941196811765,0.048596592264843176,0.012160122142837529,0.03126896173241523,0.0975338987375463,0.577967782500446,0.15947374818754378,0.010927522073289184
0.1387792014705496,0.19220913768042158,0.03231365318846895,0.11391466017688791,0.045224404716921275,0.17301831319857489,0.06497987566973956,0.08505717851785333,0.15450357538058282
0.2607527913205235,0.03839387304298406,0.30564526479248616,0.01507722553750252,0.01943912983867337,0.10787703542845044,0.17395381061065074,0.04302183294193899,0.035839036486790266
0.02221807639158833,0.07306068174063034,0.15493850829205355,0.194774287928122,0.10603642583449267,0.1478277127459229,0.2047240271838708,0.06077776552823765,0.0356425143550817
0.09895120445127582,0.11274993386785485,0.14317566744378704,0.03728955273452216,0.08107962642307216,0.030190329449171837,0.38689951104560233,0.0780213199364726,0.031642854648241285
0.0045080685570811265,0.25452505550762,0.44097668857204736,0.04553322309051281,0.0731329035998357,0.042957959987600984,0.026401095543105088,0.08043644813780783,0.03152855700438912
0.0030072685531370275,0.03580653542086274,0.02774295250242796,0.029435592215274312,0.10445749740418316,0.21582704582981685,0.46721668616209544,0.057018456417517384,0.05948796549468518
0.01035987314769597,0.12410230939173801,0.02648109976868691,0.05635613693838796,0.1039470498073869,0.03795479682083186,0.4114569294235056,0.08196714330154026,0.1473746614002265
0.02211610509486911,0.2101350409441649,0.3503284891533864,0.09548205437647365,0.03495129804152011,0.042011420224531026,0.05289659606577759,0.15508133520390097,0.03699766089537619
0.009283161284348165,0.0975634585453345,0.03287672789487148,0.010867200026607121,0.03551484030870928,0.1759924698344909,0.574441046850444,0.05028083192481476,0.01318026333037992
0.019777466037472505,0.02597191212431889,0.041550711206824756,0.019314373069119418,0.42561055794864683,0.16186442581040208,0.13368558945544765,0.11545063571171255,0.056774328636055395
0.01433540690662359,0.24819545968964804,0.03727154665024055,0.018043652538116968,0.09536346800963207,0.34714455462895155,0.020638088501394303,0.15405030086816804,0.0649575222072249
0.058730716062600254,0.03229426324643812,0.03399523842359598,0.39255761275506346,0.04060474814675611,0.09049637667474542,0.0321816575911932,0.07061207903742663,0.24852730806218082
0.42361121145044695,0.10634312263990904,0.02684075664607792,0.042812671687708505,0.040395758375605495,0.0904167848404055,0.07404485494555532,0.17976040566100857,0.015774433753282663
0.1935175939750762,0.047955685211181605,0.09646284267328704,0.059675284976941904,0.08649840840907412,0.1675346307652887,0.06331168760401511,0.2641019840194565,0.020941882365678868
0.08949272403753226,0.12377356799893441,0.1426235559027567,0.0691808557918288,0.19448322393534243,0.05499437438420688,0.0990257023874417,0.07141076356702042,0.1550152319949364
0.07381396084654349,0.27028288211751245,0.07529417024366046,0.21521611920385456,0.021740781225322945,0.03126464072393762,0.13080874820673646,0.1249593122764377,0.056619385155994274
0.03349515270453315,0.15935464058295037,0.01360402982157678,0.4377051866515877,0.04294909200397523,0.04446781463701221,0.029789971147707577,0.1647799403182755,0.07385417213238145
0.05571326767082754,0.088545987532485,0.03342782392574395,0.03625196130411421,0.019830983006844726,0.028113685882944477,0.5781230393617253,0.05610635383037665,0.10388689748493822
0.3558513908729481,0.02369241293537398,0.035290792291960936,0.08788867004327866,0.035727371845018424,0.1259205106299329,0.040598537083319945,0.2549229329346315,0.04010738136353562
0.0738761103971462,0.17136942439019853,0.05212527215553145,0.030348058668179956,0.0334355109355755,0.07039917179460697,0.27911508724090284,0.07767883065859982,0.21165253375925877
0.028244996107032377,0.15190493875711916,0.0447587958897532,0.05910047068802952,0.10760423254608405,0.047407592877066286,0.4744713047643225,0.0614474567281803,0.025060211642412702
0.060587960723922286,0.08534028846229898,0.025611551519721564,0.017257362192846622,0.033778656040187975,0.05909353262217246,0.637008862427915,0.06292040339190626,0.018401382619028833
0.030351501529305765,0.2733280917837304,0.3987238243246858,0.16203448915089752,0.018322007485891505,0.024564029174997337,0.019451017325799864,0.0519109777593321,0.021314061465359718
0.047520268181366676,0.04640181371163615,0.025338314533216156,0.116784848497596,0.11465828388354478,0.5317056420922112,0.01675124148698088,0.023645675796169233,0.07719391181727896
0.013799588940187913,0.13409376178577878,0.015050018091439294,0.027649249352424427,0.17614724851725203,0.13308983437055508,0.027560314239943606,0.43902730290531267,0.033582681797106155
0.021006775222309648,0.046336023147855065,0.023806519816824485,0.018674059326918853,0.031859939402414245,0.020497683392559876,0.5812263810890624,0.2436030727673293,0.012989545834726224
0.01749085977472567,0.029351603421400113,0.06581354895017026,0.013466907187045692,0.4348923333536896,0.1628366924454626,0.08818555590727013,0.14482241216412667,0.043140086796109235
0.02130931203548285,0.11230985073813919,0.04111450490311028,0.011312930864496626,0.4271403774195186,0.2280650878958057,0.07357184429574236,0.07433209686547111,0.01084399498223331
0.010511120158368886,0.03807260326103897,0.025089752248637093,0.039559884616786056,0.031078139686418964,0.10890833397910164,0.5348478312035027,0.1353110912429347,0.07662124360321108
0.03772631500536829,0.0884098184755613,0.06106451607110638,0.06501756292782941,0.06869028126455716,0.021121003648909842,0.5174268101003346,0.07606983669474242,0.06447385581159061
0.08586103482493766,0.15819997229372665,0.5228400980651862,0.027328997322901727,0.020672907004703013,0.025493910002854153,0.06849777397028974,0.04612345909524821,0.0449818474201527
0.011327974341631249,0.05411248352228846,0.17643926822749825,0.007986882654735974,0.13550453009249974,0.015312003650436015,0.22127851341005125,0.3706797438752458,0.007358600225613322
0.01195788324232934,0.35589443795791037,0.032957518479971325,0.1058067905703539,0.017296432604510362,0.1263334170050198,0.11392017897830148,0.0976455953191062,0.13818774584249718
0.017669607106435756,0.0986099727669435,0.040710601433952026,0.05473385742997606,0.26148304447324605,0.1833732015401899,0.06909116692868486,0.14488892383783103,0.12943962448274068
0.0286164045382809,0.14070094722941962,0.028140180195249536,0.12225673697303656,0.005980579688654093,0.02814612324303138,0.5374149368525737,0.08086443802863744,0.027879653251116885
0.04306538158265877,0.06184311524460837,0.051131256220355685,0.08891932747328281,0.013576209910163417,0.04325822638868382,0.6211723206012695,0.045631689991007,0.03140247258797068
0.024222626455650376,0.14949911177510578,0.05015443024303249,0.06979866211357932,0.01662616116403706,0.27246865214781985,0.2338394155085944,0.14784794386658215,0.035542996725598686
0.09753714165286138,0.44380889339828683,0.07628841861296304,0.1190613614451471,0.014954535253468714,0.07498602021540124,0.08597722951752233,0.0663074343842182,0.02107896552013115
0.0056195524697464335,0.08583266094651298,0.01934495312054685,0.033712610515497975,0.07961506187808116,0.03933998638749068,0.2356568549990602,0.06291822630710901,0.4379600933759547
0.02504920941249031,0.07852182415832183,0.03429498619986063,0.04539436192010396,0.041716870716809885,0.024991937325153136,0.5918942308417064,0.06092747451117129,0.09720910491438266
0.02276901374476553,0.0930101035379286,0.040870127239279706,0.03571185159329313,0.28009394074851107,0.11202602784198905,0.16546837543648854,0.1401969827940798,0.10985357706366461
0.008814705733753453,0.06557313389959728,0.5675689789065052,0.011797203506182236,0.014903605902338435,0.12018109910641799,0.07869276706313987,0.12052124827539633,0.011947257606669315
0.015129229454468632,0.032762456895065135,0.05219230230685278,0.2508687913233307,0.3183426866424935,0.12810543572751895,0.02005717296117929,0.043251878823536934,0.13929004586555402
0.07211522543745867,0.07947477385848278,0.03384031244671646,0.019626889545641745,0.02374598090322007,0.05452274449814523,0.6576044646761439,0.04367082093583771,0.015398787698353398
0.004372520131727252,0.05150725273917737,0.09399634494637939,0.02786341679601297,0.021011555543121296,0.07972273150068844,0.07047480368793131,0.6424676193954757,0.008583755259486217
0.018003105208832335,0.06742410506245843,0.272253019249374,0.0027714492698611803,0.02342597941800649,0.039400063771943675,0.34058581589392384,0.2337814093001828,0.0023550528254173506
0.03153273464062674,0.09922295567879891,0.036997748356358544,0.011378925949968158,0.1716498990960311,0.3821739517474418,0.11852779572724094,0.023206071185532234,0.12530991761800167
0.0602641851995697,0.07800388624133005,0.05172171297248796,0.15504849268277499,0.008458695978387968,0.054104979417960254,0.05308551845528849,0.08938978107131401,0.4499227479808865
0.10625093630684368,0.15493086306782808,0.09599019757928712,0.03936068405175364,0.03911449511127326,0.08678397040137735,0.08825992116278773,0.3653120841852299,0.023996848133619113
0.27352803505079226,0.1032651220523072,0.08069984638039752,0.21400515180296273,0.12399210809465948,0.05322482930463269,0.06549915108232791,0.0388083600656172,0.046977396166303025
0.041852286721090086,0.040523314178756244,0.03075119546206795,0.009764369029961329,0.05118201115310159,0.13926280558810364,0.48193840723405423,0.09677933212956152,0.1079462785033035
0.10182849943204358,0.0197188199021895,0.2332639451212988,0.007361389030671556,0.05718130521033998,0.02525488303605249,0.17249211992586033,0.37309016306465853,0.009808875276885246
0.014005281980515238,0.08731983560270988,0.07497280616695685,0.10024352985962653,0.04252262357430473,0.4206175314672453,0.07607133934616889,0.1525744213922152,0.031672630610257345
0.014532424239812531,0.08275391859476303,0.040098496366774095,0.044866225039199514,0.5265408678640474,0.06347683182918452,0.1731934849539302,0.04721269698415596,0.007325054128132672
0.166777663073455,0.10995064669343309,0.038043481189581105,0.052969664192839126,0.050190253487496846,0.022266557820621573,0.3189940014057016,0.03758667931601941,0.2032210528208522
0.017836452700849586,0.06321251934283668,0.04834658636864545,0.09613788004667849,0.028777829474809103,0.43012343238217815,0.0526051207436096,0.23034332400807045,0.03261685493232238
0.19754759459209192,0.05260115144448457,0.14903013711764013,0.0650760870280451,0.07440243305210259,0.17554273764886597,0.11680208493921368,0.11759124877202942,0.05140652540552665
0.005011161642144968,0.356118994257697,0.06735177260502041,0.12334571130154283,0.046910247916690566,0.08696540157419119,0.19375466636930913,0.018159578003174453,0.10238246633022947
0.031092560145948633,0.30968004608907385,0.18510036681643782,0.10620327439131423,0.02133832925696302,0.04669242499823015,0.09049936573051622,0.14786129407974558,0.06153233849177039
0.029190322418275,0.11659766417480792,0.012458288846298784,0.027589261187462678,0.029996102764101352,0.07811845591890182,0.5894080117864983,0.09420478166094254,0.022437111242711635
0.036827497965727894,0.026401559378875828,0.04675008085633852,0.03293120912822787,0.1305377017733047,0.0707629134200234,0.049928084318580375,0.5184354443560547,0.08742550880286669
