0.10609210019146108,0.14400633424111708,0.09440326449873182,0.04599908064582716,0.13645153244992628,0.18773399085451722,0.08277479413622728,0.07393411389841985,0.12860478908377226
0.02813555804016067,0.0390824815145396,0.0897925305895798,0.02392246421695009,0.03539655674322394,0.0012326075464852743,0.22628401168804904,0.5513762245145989,0.004777565146412626
0.1050450781556068,0.14231210500853692,0.09443533605888917,0.05536413584142558,0.13653127002763832,0.1941042296113599,0.07362166419922571,0.06969806341177477,0.12888811768554279
0.09751095135018324,0.11776465101960217,0.12558705569232032,0.15339176929868983,0.12214349819222559,0.13018142482307452,0.07241612029791776,0.06309838557982698,0.1179061437461596
0.16418724487083663,0.12838343411975692,0.11130744127874331,0.08960209765229994,0.12071263459874822,0.0858086046143911,0.030279215356673665,0.19781551513952408,0.07190381236902622
0.0996859657999659,0.11618521626039806,0.12842805891879527,0.16177141480184704,0.11996274830413213,0.12601959831194265,0.07267145033999552,0.06275349390296231,0.11252205335996109
0.052929912360367225,0.11183921777985596,0.10440253496513215,0.05532965950270308,0.13169831268531154,0.07767735914431437,0.11375976841386172,0.10760506186754897,0.244758173280905
0.07213565570656949,0.11611717901015108,0.11613229975440197,0.12874750584535763,0.13201969727873492,0.11502706402298901,0.06416211322394937,0.07762199985435038,0.17803648530349614
0.0653939896020146,0.12476429101168368,0.10657394917973191,0.02895771808554599,0.1275034353626753,0.09719067288074289,0.1888537141025515,0.09743497329064042,0.16332725648441368
0.16479798441750884,0.15306539268087874,0.0898150835867022,0.02777413749594117,0.12166637727518605,0.20737644022255627,0.08485183667739071,0.07620111608731632,0.07445163155651967
0.037474322943230824,0.09231761050950484,0.10554683914252212,0.106800831777364,0.12351097840576657,0.05256004379199641,0.07458596195320744,0.12269368198417352,0.28450972949223424
0.05404163534030106,0.09651207739404832,0.13082123766661272,0.16135307739368918,0.1188115009121109,0.08125591744573964,0.07474350561609482,0.0709810742930095,0.21147997393839388
0.10595805998014039,0.11554113625480218,0.13033783825172288,0.17100382703946285,0.11715651975231017,0.12463619703403699,0.07150790310325206,0.06206296278396924,0.10179555580030318
0.07384355021434201,0.09224929644415393,0.11774656945967123,0.03152199766688808,0.08407924198774419,0.015224777162355438,0.2140339273299764,0.3294934423312838,0.041807197403584906
0.007308348289879144,0.04348384839114488,0.08412599858342025,0.1313383779071459,0.06631019368377454,0.006227321797824045,0.13072955995761879,0.30055555691068847,0.229920794478504
0.0844532662862228,0.06917306502279745,0.0954928173200123,0.038446381968229436,0.06294014000960592,0.006001660124126645,0.11748162255986026,0.5069980118702802,0.019013034838864986
0.10599798692846464,0.11560258376296918,0.13025137021991426,0.1708315640305839,0.11719670214235894,0.12480250616836384,0.07146626861363424,0.06206308801607027,0.10178793011764066
0.07804015412060256,0.10422915062223585,0.13849186739389144,0.2079572451991404,0.11814203943492951,0.08991011181958779,0.05370987246773568,0.07983788583664504,0.1296816731052317
0.11651462567572919,0.109147654572407,0.1162221734929111,0.013922944986214804,0.07960372640642188,0.03309410785408987,0.34127761213765745,0.16879707786508447,0.021420077009484246
0.057202943484764734,0.11911352178913082,0.10224405998647929,0.03936189202026805,0.1322097817363754,0.10705209684087842,0.14183865909500748,0.08322997666473164,0.21774706838236424
0.09155221208187236,0.13395798551252083,0.10066842680582122,0.07690031033055116,0.13660821006986337,0.1735527122535171,0.07252430936897782,0.06722643580216481,0.14700939777471136
0.04000855577973833,0.09727153047312397,0.10886326558912855,0.08086200291046826,0.1251523006594885,0.08919430327901079,0.10856093381007163,0.0654775720933506,0.28460953540561934
0.26080600405146576,0.011519559041277827,0.14338755416980867,0.0011643514676548006,0.0043840582839174275,8.775554498399274e-05,0.5179434920320906,0.060707220358507785,5.050293099036335e-09
0.18839673298574114,0.15311614007841368,0.0892863851193106,0.023579405619151273,0.11491394510951553,0.20413695394635903,0.0879474548234858,0.07701856560092546,0.06160441671709754
0.0570030550566119,0.1145040987294232,0.10451946303578291,0.07154237290376493,0.13356122192221254,0.11940801978139677,0.0960711595095632,0.06895284274987383,0.23443776631137078
0.05824147347734373,0.11210651396655176,0.10838170336908927,0.10048663496756932,0.1342629186281281,0.09624950022198993,0.06992348534661007,0.08959100956389705,0.2307567604588208
0.4959730373780887,0.07771738612250505,0.06324594060695815,0.01023509495714602,0.03628346952542707,0.012497036949846723,0.045215946734163494,0.25679312439040797,0.002038963335456729
0.06396100430979557,0.12150034442148182,0.11084829028981787,0.023546713239679686,0.11883368339368354,0.0798361030873997,0.2458181502697009,0.10779792831235176,0.12785778267608908
0.09404633643416617,0.1109798553365433,0.13410350078691713,0.19307160207696197,0.11821436828509846,0.10820760792152984,0.05979210741143656,0.07102673034747416,0.11055789139987234
0.1000890398351388,0.11590511148210945,0.12892642580834054,0.16324566753314082,0.11956867400334827,0.12529206498923637,0.07271692374645622,0.06269095342695032,0.1115651391752791
0.44829959025918803,0.107821964631727,0.08623367051370896,0.01085039850078491,0.05734039379818356,0.03903577203376066,0.08935703997351062,0.15400373690938368,0.007057433379752509
0.10583037892586118,0.11534385248145208,0.13061564458029287,0.17155654687321045,0.11702705351703795,0.1241036813964438,0.07164145132506676,0.062062330723975094,0.10181906017665976
0.08625380727508365,0.10695757614274803,0.1375801769887172,0.20845167205252915,0.11763502709788708,0.09654919558987589,0.05344429126052227,0.07746634993325963,0.11566190365937697
0.1648553493993791,0.15301072160666523,0.09443601491892432,0.02427351144490746,0.12014675678304347,0.18167712716959764,0.10669281587537748,0.08457938641921577,0.07032831638288951
0.13676485894372145,0.05930676178530442,0.10435491079673383,0.0070750054809322555,0.03694328680639117,0.0036001553016366578,0.3959774598094779,0.25489559294295344,0.001081968132848931
0.048128790668870165,0.1111123364925564,0.10671037351345376,0.02917623977471109,0.12211825295211937,0.07912513918407814,0.21068059482363988,0.09466805746930007,0.19828021512127117
0.10604003191198119,0.11566716536532169,0.13016052224883792,0.17065045885232324,0.11723886096568979,0.12497752794375898,0.07142249063687502,0.062063182832099294,0.10177975924311296
0.09309171577950985,0.12761888804970936,0.10982314549424192,0.10867579758240538,0.1318258721077129,0.15798070306111836,0.0700058120990023,0.06466708688600026,0.13631097894029964
0.09229144539168645,0.11390521195857067,0.13002462945358703,0.16015486404697396,0.12057018944270044,0.12002026762746565,0.07553100538312901,0.06322332722631656,0.12427905946957031
0.1883299046751233,0.153117770379086,0.08928790902993626,0.023589461309281533,0.11493291529532983,0.20414854736384616,0.08793978055538254,0.0770171753954035,0.061636535996610814
0.07283537121935584,0.11065899466839062,0.12488766269989286,0.1720617509302239,0.12836435827640316,0.0938053867937032,0.04622072297537413,0.09661755899022756,0.15454819344642876
0.0424011041541859,0.08116190100982504,0.14073335927050692,0.22964503330960798,0.1088769968599405,0.03962002924324432,0.031857825264510364,0.1591994276208313,0.16650432326734763
0.06635785628168583,0.10372063579734486,0.1199915081861198,0.1512883924695543,0.12659203322187854,0.05703368386679445,0.03882800146216298,0.1762832927707443,0.1599045959437149
0.09216726092084461,0.11841647563571882,0.1235843255423218,0.17150964876221184,0.12906549178990315,0.10701214904911092,0.03614678695650269,0.10647235352979804,0.11562550781358821
0.09376390792569524,0.11654198360117397,0.12643253063088825,0.15276856570971264,0.12242537744631381,0.12682770838497584,0.0739125577391775,0.0633520651293852,0.1239753034326775
0.08839316702878143,0.11669080567263407,0.12434452505726497,0.14409925039679197,0.12452501253384067,0.1272469976031295,0.07516068570785478,0.06384939524487568,0.13569016075482696
0.18920674943412238,0.14943767940858615,0.10063313463006479,0.01771348680969855,0.10766476621421013,0.14131383318741422,0.14966067684222062,0.09636247871818904,0.04800719475549406
0.09351771168981547,0.11185340292205821,0.1196324495615156,0.023965057171675994,0.09514684716339557,0.030505384133603732,0.25791743078967666,0.22177031823199414,0.04569139833626468
0.5081152142554256,0.09127263744188181,0.07740186308522375,0.0038398030813085004,0.03689451554650846,0.05352187729161461,0.15415204995839946,0.07331450124833828,0.0014875380912993937
0.07071946200459048,0.12703208078808273,0.10879104548162875,0.025663168771691797,0.12413463216226295,0.09262844352891503,0.2119146549194932,0.10376271063687521,0.1353538017064598
0.099753536208442,0.11613802065406977,0.12851216399453333,0.16202010126865762,0.11989649116789598,0.12589678447549116,0.07267911482478408,0.06274298784106529,0.11236079956506073
0.09865265797238547,0.10979685481314605,0.13571909969015272,0.21546168775851451,0.1157428247532421,0.10388236704748571,0.048279494680191576,0.07715196223249877,0.09531305105238312
0.012271740310724033,0.05702094868379593,0.09933368093846269,0.06855465933115713,0.07847583321973754,0.012430404596553079,0.21195358439336046,0.2240115255104569,0.23594762301575223
0.05485636746140926,0.1151968532916906,0.1019493355804232,0.05707858146382255,0.1338261033406363,0.11537029022309288,0.1085681748199608,0.07267956710304115,0.2404747267159233
0.1360616338108378,0.15065862271018096,0.0907801128202495,0.035715570442381474,0.12972737880330118,0.20715592297228577,0.08015533495852754,0.07416181699464318,0.09558360648759269
0.09032693125673809,0.08897625570311662,0.11488073040282691,0.013084361429950927,0.06525439161975684,0.01623982870978605,0.38699473567357523,0.212103756266227,0.0121390089380224
0.0343731675133539,0.046653054358471446,0.08796219971415521,0.005690634794396704,0.032080006173676255,0.003972943840730595,0.6152029898187944,0.1726932581058591,0.0013717456805623683
0.056606739979166786,0.11462450760935765,0.10398932638251675,0.06914226046553319,0.13368801429023777,0.11901316555816267,0.09760819998475599,0.06942379561173029,0.235903990118539
0.10602837643677343,0.11564927530081937,0.13018568538498135,0.1707006334396808,0.1172271898506091,0.12492902065793195,0.07143461984179837,0.06206316034825457,0.10178203873915108
0.12736412480886908,0.14935435773646719,0.09181122597259812,0.03791292899839558,0.13191602625665474,0.20197708522308896,0.08156309361029125,0.07457537534106427,0.1035257820525709
0.06518330938623128,0.11288170456297338,0.1150652672657227,0.10788593346874688,0.12970885584694594,0.11929707855548406,0.0841069167084792,0.06525822988685491,0.20061270431856168
0.05720757675720654,0.04068696621553554,0.09538839426749463,0.013443810301207596,0.03012186840837981,0.0010424446933851603,0.2573360092995428,0.5033052183956587,0.0014677116615892886
0.12203394606262508,0.047577067805884464,0.10386892021915944,0.051434236544772305,0.044862909851099066,0.0046579860340788745,0.04478861728495422,0.5731012319609262,0.007675084236500318
0.10234273803753413,0.11298693015975926,0.13250040312145386,0.19427554663644053,0.11697665997593237,0.11406716580317366,0.058227023150118164,0.06954968344263301,0.099073849672955
0.04566550252756679,0.10082515444017208,0.10481950929491045,0.08421042750354653,0.1275933477534168,0.05712834229349258,0.0839622743081247,0.13153095944117443,0.26426448243759565
0.10598789386765355,0.11558706153985998,0.13027321020472613,0.17087508419624287,0.1171865580814533,0.12476047476751269,0.07147678762261475,0.06206305960181979,0.10178987011811697
0.10601688674122108,0.11563163002140797,0.13021050654835878,0.17075011717565727,0.11721567279196991,0.1248811948444648,0.07144658154252176,0.06206313533246679,0.10178427500193153
0.04552543206184401,0.10852117263898155,0.10213637357200073,0.04277344059386839,0.12872450509408326,0.09338890510068583,0.1453213438835099,0.07897174903850654,0.25463707801651975
0.016972712243537903,0.03012235093036174,0.16379618991432607,0.002332119708538058,0.019894062511224952,0.002021231584239674,0.685740739242108,0.0790348699747274,8.572389093628179e-05
0.013789439647405545,0.046618670294084806,0.10819043988971379,0.005619325903583946,0.037066487500703654,0.009243816728293263,0.6709475636058926,0.10379766283071275,0.004726593599609597
0.07705781154669278,0.10115268548746274,0.10975065603839851,0.11094224922546832,0.1185389646481713,0.0372148741233615,0.04896470031745986,0.269403661094405,0.12697439751857995
0.05130220036549224,0.06283458270422677,0.1011446508738768,0.008424892579853564,0.04484346709115227,0.007725218124483514,0.5274527226923806,0.19205809642533153,0.004214169143202652
0.08255804913671044,0.10951134812725993,0.13269429756237935,0.1792277216995113,0.1210890773520014,0.10456391331376862,0.06420114516332741,0.07152163183948977,0.13463281580555175
0.30893048336211687,0.13749969298080955,0.09165971068964639,0.0113017473254523,0.0804217192150715,0.134815016877762,0.1298733128518014,0.08474743052978094,0.020750886167559036
0.06320645011887917,0.11249687321643252,0.11315204674305217,0.1230142259890497,0.1332704968360804,0.09804176154070905,0.06062765792639149,0.09013104229134677,0.20605944533805867
0.10602058607121674,0.11563731230932851,0.13020251316668996,0.17073418245689984,0.11721938222721408,0.12489659420848746,0.07144272969772339,0.062063143696011486,0.10178355616642858
0.2996769641095682,0.03180406984731606,0.13206559847225155,0.007551710008640995,0.010232036062666134,0.003650198694474954,0.07597318776374105,0.43902427829047713,2.1956750863957478e-05
0.07247866356836719,0.08180469023648777,0.15334087607077942,0.16933510613016775,0.09893262930353834,0.03209164114755766,0.024527293329827185,0.2951378619976481,0.07235123821562668
0.04484502464830764,0.09095810500968475,0.11376405745400146,0.04668964874138112,0.10132440189162983,0.023250808553926788,0.18537103555197887,0.25023341932533444,0.14356349882375508
0.09212466178383305,0.1139119823169105,0.12996168324699428,0.15989249797401764,0.12063696918108972,0.12003965683536383,0.07556586420529687,0.06323802857310125,0.1246286558833928
0.1022796059789417,0.11297166847446904,0.1324769677054376,0.1948166925237583,0.11700969320893218,0.11390822103951842,0.05776409709830849,0.069831807013659,0.09894124695697533
0.0575764259735021,0.11946537317978012,0.10249140922277777,0.03832605536797159,0.13193434954637293,0.10620084673586734,0.1452095882186668,0.08425366295495033,0.21454228880011098
0.10599962696820749,0.11560510529590835,0.13024782255731762,0.17082449401305175,0.11719834960270209,0.12480933531436252,0.07146455972455275,0.06206309242617251,0.10178761409772492
0.10593565948739414,0.11550661096602681,0.13038643411697345,0.1711005931090526,0.11713391293621604,0.12454284702934294,0.07153128804672476,0.06206287746385597,0.10179977684441321
0.09998497067109839,0.11597710686219388,0.12879851529479672,0.16286713387466353,0.11967015415094895,0.12547874896464792,0.07270524000572114,0.0627070715203641,0.11181105865556527
0.23847931573011485,0.12486110816636557,0.09991159720927034,0.05725311523311283,0.10244948556728628,0.06823934760631829,0.03263438734981335,0.23098720090096872,0.04518444223674978
0.07023168805959747,0.11574792102569455,0.11495665963966199,0.10991018948215485,0.13038250856230138,0.1256296058224935,0.08135151919966985,0.06537790124961308,0.18641200695881324
0.3772365499914406,0.06250516940360151,0.11480563044692389,0.02367134018080635,0.03779262294345301,0.018226498783616995,0.019684540139539315,0.3421475482709211,0.003930099839697104
0.2310789278256956,0.15034812952648538,0.09006091302645321,0.017803770052516113,0.10260366681291978,0.1845901529974491,0.10004077618998997,0.08014445887040411,0.04332920469808669
0.09910766713100434,0.13992671504499457,0.09592556688375038,0.05909219376071916,0.13727069137239978,0.18663064291130962,0.0748300824889755,0.06965370676057141,0.13756273364627528
0.05729229359758873,0.10703799044778402,0.11554323638557851,0.01586480505746753,0.09509499054360372,0.05058553121900563,0.37506158815535057,0.12068948311217938,0.06283008148144187
0.1476020229235989,0.11710866067262456,0.12602591176502767,0.11116768813726456,0.11494380489599339,0.07525778525712283,0.024762194497148098,0.21584163233886056,0.06729029951235944
0.10588706195159499,0.11543158263662995,0.13049207063967969,0.17131082327011052,0.11708471164549696,0.12434021575216087,0.07158208691093028,0.06206265501912236,0.10180879217427434
0.12839813353185767,0.14700555815390282,0.0970399268772013,0.05929450203810591,0.13745055469840428,0.16189817602811907,0.05798788874362587,0.09844010216436228,0.11248515776442071
0.06951423225946445,0.1280755216937063,0.10368708501798535,0.033238094502406994,0.13218548605939542,0.1126323859518827,0.1551806185527764,0.09087815047578757,0.17460842548659475
0.10605185677876516,0.11568530533951987,0.13013501002763272,0.1705995788528519,0.11725068923816888,0.12502673136123865,0.07141019038507973,0.062063202668428546,0.10177743534831452
0.12375108857882705,0.10477491601417215,0.1350370737985164,0.12372508621701257,0.10957950319298611,0.05503797429672622,0.025200016348695342,0.2561096694593598,0.06678467209370442
0.09796959401389604,0.08950581085716458,0.1655443572582445,0.16955605002578533,0.09887458700391161,0.049029039112633094,0.018472525043526145,0.2524141226829832,0.058633914001855546
0.11079035509176599,0.13374005029298344,0.10791243353601553,0.1050636726428925,0.13765494141161622,0.12003402343637433,0.040883118848324504,0.12343595126558543,0.12048545347444205
0.09981711668684622,0.13459767538700215,0.10469486138682016,0.08966819267466893,0.1404423486325148,0.12543999684313129,0.051928972140032004,0.11030729987224623,0.1431035363767383
0.11938864064147592,0.1479765889191357,0.09331819734999007,0.038622583581813225,0.13363607410265393,0.19288283892030003,0.08629310553637752,0.07627382543111592,0.11160814551713762
0.1537862407551688,0.13275943377486385,0.11027005846723664,0.09540764337575623,0.1261737468451358,0.10280627729275298,0.030343321099723933,0.16814130158383636,0.08031197680552542
0.10594693139050637,0.11552398863687237,0.13036197316375023,0.17105188972314522,0.11714529432934645,0.12458982464096126,0.07151951838878084,0.06206292175205339,0.1017976579745838
0.21764081662427795,0.018519290698591144,0.14824686388592642,0.000828770001889593,0.008508657245590275,0.0002918282362189359,0.5543462810271015,0.05161708649007855,4.0579032573767496e-07
0.08351893875421024,0.09409971646335795,0.15765818023167158,0.2792327031810882,0.10437467211335556,0.07011062767769037,0.026682667861531353,0.10770110820275675,0.076621385514338
0.06869342769124871,0.08598658451576231,0.11144349869068422,0.008378569371244685,0.06144105107802464,0.027445342439752912,0.5037628524647835,0.119791552926978,0.013057120821521032
0.13443333105333682,0.15037608870795996,0.09461036234175897,0.042690922722532075,0.1339058626921073,0.1781133087547204,0.07343869719933858,0.08883913252219004,0.1035922940060558
0.05477064800390063,0.11581596891518194,0.10149923485170624,0.05222253511897327,0.13370261275893455,0.11364669140250165,0.11479230944272473,0.07463337482197112,0.23891662468410588
0.2308172973555113,0.015873680759664176,0.054378070079854866,0.0014084883283584013,0.006750913848498095,5.822452008429435e-05,0.4417122257973425,0.249000607448115,4.918625714054778e-07
0.10588225962970027,0.11542415907498997,0.1305025249843438,0.17133161999370125,0.11707983803524814,0.12432018392672424,0.0715871116480561,0.06206263025555996,0.10180967245167637
0.10242159941474453,0.11300466245941015,0.1325316696894688,0.19360416714075032,0.11693409354213695,0.11426196097621004,0.058803775873969365,0.06920327843174194,0.09923479247156793
0.04019145241492676,0.09214879311898232,0.1144525165279258,0.03488160415760086,0.09997124830786282,0.027616345328963853,0.253193735773887,0.19944680469659204,0.13809749967325854
0.020247775423976055,0.06629527256586597,0.10490668763818894,0.06327814974843073,0.08514192710504069,0.013876587644421443,0.18360076880598075,0.2594890302642791,0.20316380080381638
0.14543781025696637,0.1520236208404402,0.09173546404878419,0.03085516008291626,0.12689422980319257,0.19992719347558988,0.08836069431491045,0.07774937872969538,0.0870164484475046
0.08777327975107864,0.13680538269566134,0.09749076675469077,0.05125785585331193,0.13833496241659998,0.16558171288765813,0.08927295196524894,0.07442593317863933,0.15905715449711091
0.12791243143887104,0.14986791342766861,0.09362930574413715,0.03400847086344358,0.13127105910281942,0.19031636347579403,0.09224930429231493,0.07901610912293903,0.10172904253201225
0.13907465152407797,0.15150258484307438,0.09460226921729421,0.029364222497886946,0.12772146084175184,0.184091529327813,0.10123979896716662,0.08268140607353036,0.08972207670740469
0.12516503515455843,0.061905795612402746,0.07872067238864922,0.04585714971828712,0.05571751881311734,0.005739304265060277,0.0625371058514168,0.5517213298641176,0.012636088332390513
0.05494173458128603,0.11177173624792532,0.11094108805328685,0.03563446404627677,0.12082287037132977,0.056822488532749425,0.19269372440636223,0.13824837471060863,0.17812351905017496
0.22161534447148415,0.15085174128960507,0.0919606752602236,0.01808593498734862,0.10452943896595784,0.17808263206872543,0.10678691106129239,0.08286412377516746,0.045223198120195325
0.07476659789458477,0.1279480874510227,0.11039427981580403,0.023462407303338064,0.12080100740452467,0.08847271218584422,0.23049749119671378,0.1081628023786111,0.11549461436955673
0.08697819886135594,0.1107329971526656,0.13310207905098093,0.1634174420686744,0.11952545089673679,0.11240892058933476,0.07827091276094782,0.06327786902278101,0.13228612959652286
0.08888508925449977,0.0850836336272303,0.17374168281654243,0.19786023078472237,0.09548945121052466,0.048528531881146496,0.016345466193967206,0.23776255627331574,0.05630335795805106
0.08157897352197536,0.09753146417598911,0.1516557453626062,0.2612030789676389,0.10962568587095382,0.07415012122861232,0.02965135903246983,0.10631317077014683,0.08829040106960762
0.131438964157624,0.03049380006103448,0.08362541052786164,0.0066000843934953925,0.018194341135120737,0.00036635011365458513,0.2664616535117447,0.4626508771360143,0.00016851896345011723
0.13275361790836937,0.029563020630309845,0.1608458104527747,0.08085688441421134,0.03134212631594639,0.01018377866618766,0.019753458727445366,0.5323304452463561,0.002370857638399207
0.16781559173798857,0.15272402226578854,0.09609214323902603,0.041532033284710786,0.12913553363472585,0.15273346167185617,0.06534560203350541,0.11075602271973413,0.08386558941266443
0.09995621913776437,0.11599703649488302,0.12876308440892203,0.16276230008802905,0.11969822257398981,0.12553046500538165,0.07270200509105744,0.06271152796496242,0.11187913923501021
0.09621589621030334,0.07569645928369405,0.11151901319161273,0.010564581892596838,0.052266203337953676,0.009048927142638557,0.4038702216288392,0.23570245519186764,0.005116242120493955
0.09214441480048657,0.11148929601981394,0.13166592645960215,0.16466193870894533,0.12475767917037754,0.07588540357861344,0.028174185669339023,0.16682576887246323,0.10439538672035882
0.10079442143203483,0.14011810149862491,0.09583581798675099,0.06111783373064558,0.13691151967458512,0.18951232941704277,0.07263955257107851,0.06876677751051302,0.13430364617872417
0.22502740816025577,0.0923015026526637,0.1334371183263194,0.06902130250836269,0.07881616692657996,0.04540140708812344,0.02017722549464044,0.308136299941296,0.027681568901758612
0.10617097746131077,0.11586747748725847,0.12987893612053625,0.17008835926456123,0.11736914655649229,0.12552189767869615,0.07128657348800621,0.06206323612336167,0.101753395819777
0.0736112784117154,0.12765977067057155,0.11007025905371041,0.023927871333747377,0.12154479943658679,0.08920246756903195,0.22674582311823133,0.10723954456636327,0.11999818584004185
0.10615065785408478,0.11583647516343436,0.129922497932956,0.1701753919826059,0.11734902966073592,0.1254374960785902,0.0713076224976865,0.06206325175778069,0.1017575770721257
0.05529729779311273,0.1170187223936822,0.10143079574415599,0.04584921309789248,0.13322448985185778,0.11074840895301004,0.12574937542198794,0.07808872507714477,0.232592971667156
0.10592783728131205,0.1154945461641309,0.13040341796354563,0.17113440399677612,0.11712600799473699,0.12451024187436831,0.07153945850925078,0.06206284511469646,0.10180124110118272
0.09528464637201246,0.11658603726998208,0.11879110964806135,0.022540084698296842,0.09848886653074714,0.03741377398084207,0.2664531126074802,0.19505803307586667,0.049384335816711165
0.13360932788240965,0.018142911952925923,0.1619049684037962,0.058040923747671204,0.019028590339345494,0.0038500496030435642,0.057998738926471914,0.547058552603738,0.00036593654059793537
