0.027151926957926297,0.17883820751464427,0.0005590157461467655,0.011955506770568383,0.13908812770788656,0.14221339751703277,0.14729464030498757,0.09979638883893487,0.2531027886418726
0.04315982213785885,0.1291176139457377,0.011144508499062745,0.2834020767185677,0.051229937482123365,0.0540164115256887,0.16957594722173122,0.05079571576854248,0.20755796670068716
0.11274456537696916,0.10697331396305843,0.14483762535326125,0.07920969871514308,0.11722042986306558,0.09567957281553781,0.11455521580074067,0.11963488480481127,0.10914469330741283
0.1215689438994469,0.12274805566388895,0.1307459029052326,0.036804624661305456,0.18068701389375252,0.1085298031099015,0.10786832743710657,0.053623941964094396,0.13742338646527108
0.06460281537955605,0.07363012426171851,0.03647322640235482,0.41225948420997166,0.037340790701847336,0.1058416113412541,0.12366657837929063,0.04664534569752538,0.09954002362648146
0.14308126948520986,0.13096359969985594,0.1848591166445558,0.06513383189291537,0.1432271452990835,0.08129056596038474,0.10033868602279634,0.04751099539069229,0.10359478960450604
0.1532744244327949,0.12360575267011087,0.08477556620210762,0.10881129818826539,0.13377977519915116,0.10745799145219244,0.11313045877729366,0.039859166485089144,0.13530556659299484
0.09555348176800266,0.11042532600316916,0.1188460163963369,0.0909063218744335,0.10693065364136418,0.09747421696811537,0.11987529024117742,0.15040047463045217,0.10958821847694862
0.07358766700290348,0.1518140682643773,0.05268647925600254,0.028275139149727374,0.20163345101286986,0.13220746673767766,0.12078000506311082,0.05493520374789076,0.18408051976544026
0.14426781391633725,0.10476402420126128,0.18150542545633405,0.05162538662203653,0.1463749161366099,0.09270837138210485,0.10242596928144897,0.06519880416613211,0.11112928883773514
0.1530887472732683,0.10648920313189887,0.1604725786883445,0.09288379965668137,0.11945099848003667,0.10506081801775125,0.10282005979723263,0.059081247673765484,0.10065254728102092
0.13042226034151846,0.10797266665924048,0.17025681579918908,0.06980551942993708,0.12858971430734342,0.0916663499412738,0.10833521680825488,0.08538378580177104,0.10756767091147179
0.04394895304479227,0.07757513012261118,0.01636141767589006,0.41255598984987785,0.02949897888805929,0.08213145193260357,0.14685246284839057,0.06138691841081952,0.12968869722695564
0.16808630451237372,0.10151338380795101,0.16042798446947695,0.08247305570116847,0.12529745941999426,0.10907877613808165,0.09928286219808147,0.05178883588635482,0.10205133786651761
0.10931810434798768,0.11825188093671517,0.1437524848047179,0.09092998052438932,0.11595800672326328,0.09288044873917893,0.11617832666875862,0.10471027348757848,0.1080204937674107
0.04180870976169016,0.15369590825969506,0.007983373470783076,0.0177072332829676,0.18310336270485528,0.1550925710107339,0.12981106339878565,0.07587129461569904,0.2349264834947902
0.14411454269559273,0.08863039687061285,0.08999825671354071,0.252585860510884,0.07299007801735842,0.11800014700240678,0.10322773997918468,0.037280864510421875,0.09317211369999788
0.1254993028916156,0.12146902837308739,0.13789742785880407,0.03800305599587941,0.17764776308158245,0.10588855590474905,0.106755016898774,0.053222523066716855,0.1336173259287912
0.13451932663083643,0.12778848276199398,0.1797588912389768,0.07893690570864337,0.1310853828986917,0.08271002300190013,0.10478040144990215,0.05796996096481353,0.10245062534424192
0.03770076170397333,0.08702273775023601,0.01666817400350758,0.0997803310953969,0.05460139069933503,0.09222081471486353,0.11725152967936932,0.3981785998406701,0.0965756605126482
0.13807946315954478,0.07494207125758441,0.06554888665926288,0.24585600466257163,0.05976888525470358,0.14527642554181605,0.11330666484663515,0.05869369210735972,0.09852790651052175
0.13405110264865613,0.12573603537301806,0.1130774821787439,0.04699344379605409,0.17214892178956778,0.11682561556058946,0.10757396964295979,0.04604286425908107,0.13755056475132976
0.13215591319406286,0.10233049065700806,0.12303850030283886,0.138381979755573,0.09756664289078913,0.1264159726664734,0.10925203310247023,0.07178705043917498,0.09907141699160953
0.10743538735595903,0.1074490487316737,0.13675453931760967,0.08230016915046018,0.11399354512391606,0.0964718987500322,0.1162291977546553,0.12997243082202714,0.10939378299366677
0.08469909029203465,0.16337115705895205,0.07273445718339176,0.03341240068956659,0.19741263174019644,0.11767740996519511,0.11732404905776406,0.04721636011046737,0.16615244390243197
0.12830761427880957,0.16120512816834612,0.17855923568427878,0.09466259817980673,0.12785330447131074,0.07209072822252448,0.10047561947586374,0.040206111480686375,0.09663966003837343
0.0955369868668066,0.11042511854251985,0.11881890630253898,0.09091417370948697,0.10692009735289716,0.09747627857144699,0.11987947267207237,0.1504405563978581,0.10958840958437298
0.13941680327342323,0.11761715234611103,0.16552099619906865,0.04469097079445981,0.16346493162237782,0.09532152208734627,0.10272485348358955,0.05221571903405985,0.11902705115956384
0.14516723848181326,0.11644857832398421,0.18268034306741363,0.054819469823915966,0.14876142235933051,0.0879508530433593,0.10124926238900019,0.054079105339733535,0.10884372717144931
0.16212794168153588,0.0912691254114556,0.05539030127539125,0.14818585830198297,0.08806155779604226,0.09542936710983192,0.13406235936049604,0.0651825885306694,0.16029090053259462
0.10618608443632362,0.14736978720696672,0.10675184688201085,0.03712568907069171,0.18888277463815242,0.1087193583466116,0.11148381418580038,0.04704261823689043,0.14643802699655226
0.08352216720093163,0.1612786428853944,0.07038231705441639,0.032670541378608677,0.19821644167882835,0.11963584670593837,0.1177839621082214,0.04819405744837472,0.16831602353928612
0.11514477093282631,0.20422906889970235,0.15716380497448415,0.08469698199899726,0.13917187700912112,0.06788478306132618,0.09830796571548954,0.03062387868046774,0.10277686872758528
0.1348071660358818,0.12136311950169902,0.17873622919022547,0.07532176175072233,0.13141433092110183,0.08521813492060365,0.1055755876045068,0.06359839801899789,0.10396527205626116
0.09622137766665702,0.15411559805083064,0.09063502422276877,0.03527912920601483,0.19360034462460715,0.11321063535064844,0.11423751731031127,0.0472382853399142,0.15546208822824772
0.14498615680974078,0.11285021964982027,0.1836042873310729,0.055538953825714416,0.14622841443187784,0.08872805371864305,0.10174751837034908,0.05772913779211775,0.10858725807066388
0.15366500686747234,0.09209245989933307,0.04668990887232144,0.10757594711480795,0.09603741655131644,0.1013446402649456,0.13598792921127162,0.07892340981796415,0.18768328140056742
0.13788696869282172,0.10207724066242924,0.17746029958702428,0.059275776409207136,0.1353308219722896,0.09301993275781127,0.1053197984903685,0.08052306828532375,0.10910609314272446
0.11827438898747152,0.10663856029681251,0.1530446571517997,0.07602155916294187,0.12061924340631507,0.09472200580312247,0.11272001791912521,0.10915767881862581,0.10880188845378579
0.1391988901653655,0.1119488815038296,0.16943308674897106,0.08014129332977103,0.1259714546900218,0.09426808793976975,0.10599047750624817,0.06897547513526958,0.10407235298075351
0.17969559514390335,0.07965370530726762,0.06971965603709969,0.14408056371004918,0.08058045344839591,0.12624663653106183,0.11998070065152955,0.07074925286835711,0.1292934363023357
0.12558304520078245,0.06908114550579104,0.13931366423764635,0.03749250658397515,0.12251449586994712,0.11939192792074611,0.1009618469503825,0.16640483573334613,0.11925653199738318
0.037760177437040646,0.08698737147318857,0.016721425858323327,0.09969299506317623,0.05465692616628268,0.09223910431522576,0.11724645467976118,0.3981044716560986,0.09659107335090306
0.11949629904436204,0.1102798578700851,0.13545348429403553,0.10663202651914457,0.10883516845273457,0.1074780081806288,0.11364714070244598,0.0933270090850714,0.10485100585149189
0.08086282422168,0.10653978450714867,0.09252614824812316,0.09421183157996386,0.09634878064285814,0.09906583377602468,0.12220582567634053,0.19928995114937045,0.10894902019849058
0.13496099403103787,0.11699392114876912,0.15593452114637527,0.04137860644139842,0.16889182756690865,0.0998222801758439,0.10410498964290481,0.05340433502626421,0.12450852482049775
0.15103107994222056,0.09301272330275408,0.13633101008283197,0.10764784472908567,0.10549943136117607,0.12673378190615062,0.10536540596795468,0.07375024745130346,0.1006284752565229
0.1689553526127265,0.07184398004435336,0.11643687303991916,0.054509363067980036,0.11578937287478709,0.1516027300758425,0.10039018023627576,0.09882038769552536,0.12165176035259025
0.11241190787953903,0.08325272668295787,0.13595429832990913,0.05630513690689782,0.11422025967653686,0.1023702484612632,0.10974819063322515,0.17425395486951398,0.11148327656015693
0.15700924963446128,0.10557878060980748,0.1605824976996075,0.0532197429577858,0.15029751904497612,0.1052876005263228,0.10074038355861002,0.052482430124878375,0.1148017958435506
0.07557792089334968,0.13409923852076466,0.05398881051019815,0.026364982355202165,0.20088394292729128,0.13949629760068075,0.11972380013810796,0.06382304046656247,0.1860419665878429
0.041486327084621355,0.08434062274613387,0.020853149883879336,0.10595004030383792,0.05629115133664526,0.10376388419402739,0.1165760600912607,0.375304740092014,0.09543402426758014
0.1522914255924363,0.13962260913924296,0.16503280972042753,0.087599232021568,0.13341296674403663,0.08762978995930548,0.09717132534323793,0.03784244371734471,0.09939739776240053
0.10182545876540312,0.16727055539946087,0.1034025102548388,0.040357377446772,0.18695889411731278,0.10235160855385778,0.11136769095760457,0.04216027081742593,0.14430563368732416
0.01298476196346534,0.2982352106401354,2.607257559227235e-05,0.018831122222459664,0.05937072430833167,0.06824955298415307,0.19104101950584293,0.06725392891464856,0.284007606885371
0.1431064973415397,0.13254670041942826,0.18068840730309463,0.05912945907895533,0.14979757702445204,0.08276493410917925,0.10002093620169465,0.04546047473736198,0.10648501378429415
0.11726137208907479,0.11768878726150177,0.12269229203020444,0.034269668211364006,0.18328170216808773,0.11448925807132022,0.10908730874154667,0.05808967734934792,0.14313993407755243
0.1380791603438796,0.10334221700963679,0.1779905601301918,0.06012564621572563,0.1353632765425173,0.09239920621411513,0.1052710550990568,0.07870111278529672,0.10872776565958024
0.09968385498753746,0.10707671069646145,0.11574995982852913,0.09892769951774742,0.10375093549544594,0.1056586625082695,0.11890437258977798,0.14210883590726475,0.10813896846896638
0.17042352296932517,0.10486455262678995,0.14824000558506004,0.11203397484213118,0.11373625045722979,0.11221935721622456,0.09786342389610937,0.04394736738349613,0.09667154502363383
0.1364861947136474,0.10411993926603957,0.1287024675956183,0.1360655332169035,0.09984077999754752,0.122628292073636,0.10774195575132363,0.0660095940181936,0.09840524336709039
0.025353980760388677,0.3755826717163276,0.0252877797303022,0.0794317463499743,0.1029730211511884,0.0682159788067575,0.11953829336953836,0.024555596993634073,0.179060931121889
0.04878260075017817,0.26511043456270234,0.023527702544778605,0.05813071558870881,0.15643349358841424,0.09536259589411857,0.12754782454742933,0.03422845907813826,0.19087617344553162
0.17882949177542895,0.07577916954711657,0.08113415036168974,0.15844199046468535,0.07717490011357844,0.14396586702122735,0.11101151861180493,0.06458631192261413,0.1090766001818546
0.1538236821667176,0.08534283532144038,0.1255848249161784,0.10886016766827077,0.09972269264900453,0.13925920400456063,0.10517701889495945,0.08155942323717198,0.10067015114169627
0.10690502638267312,0.11017399484070999,0.13697260793458818,0.08506728988931307,0.11394454388951135,0.09581135178359008,0.11664744824978734,0.12530338628285617,0.10917435074697072
0.14596942654864745,0.10803810791618514,0.16472088123087195,0.08530668831177789,0.12272128669053861,0.10032761444575104,0.10464694857447586,0.06553560665890078,0.10273343962285136
0.11772188310459682,0.19874253888351326,0.13706215555856785,0.11614897287740454,0.1256214519831968,0.0760830641225129,0.09786770569394272,0.029024117568020025,0.10172811020824502
0.17631060626639936,0.08127656610711838,0.13545209274467698,0.08500432746653523,0.11023635582446095,0.13700551482135376,0.100670066003637,0.06939543948495391,0.1046490312808645
0.14381336173141182,0.1114733942799014,0.17418338684086587,0.07517235295900791,0.12958774378345947,0.09325056723545133,0.1041829698106866,0.06429424883914242,0.10404197452007312
0.10760397379548299,0.1706080007293043,0.09368148126460081,0.0495425784050533,0.17880670499937182,0.10580521090346388,0.11127638951722747,0.03906195034776556,0.1436137100377298
0.09235450126545741,0.08829530239807498,0.059603770009655804,0.3703510743635035,0.053963942037638414,0.0811094636103717,0.11635758478950942,0.036163153173213204,0.10180120835257567
0.14259098924318528,0.1056670923751113,0.14251440203737917,0.11609227082565114,0.1079253459464638,0.11423201322677977,0.10628941188699519,0.06511582767015488,0.09957264678827954
0.07700553070804458,0.1658419673888258,0.06034897813921605,0.031424228013301456,0.19959574444171313,0.12253159445931538,0.11955415447669548,0.04852043117163776,0.17517737120125032
0.12581463594256623,0.11481568365595753,0.1433025001909952,0.11031505261669876,0.1108500469541243,0.10429989818076128,0.11112285264458166,0.07663448860292459,0.10284484121139047
0.08419848189890294,0.1809601982144938,0.041161650220481634,0.1455908937923905,0.12726105808179258,0.07558687588011732,0.13463916007440055,0.03990209411769893,0.1706995877197217
0.15868803194777475,0.10617889060166717,0.1720275866863581,0.06458925910779503,0.13814403179758591,0.09951239472317829,0.10015122184884984,0.05427305098859625,0.10643553229819475
0.11388297924534652,0.11299399099863701,0.1298071300747056,0.11268761947605806,0.10646013388827842,0.10766695620967083,0.11534412770759238,0.09610813218690713,0.1050489302128041
0.1406507335417025,0.10392799516793694,0.15785721193377547,0.08590492245593602,0.11945042074770068,0.10423316223594357,0.10691355256209438,0.07688161780624486,0.10418038354866566
0.14336984629887392,0.10960340105162779,0.1835407530640741,0.058044354315420384,0.14172948100601016,0.08938841834823914,0.10281492556051862,0.0635652692500193,0.10794355110521654
0.11441239230206397,0.1067081050225091,0.13682434096182347,0.0907859966589582,0.11201447174585523,0.10279864216388716,0.11481780827295957,0.11407290309889861,0.10756533977304465
0.15831432428289985,0.0962297893397394,0.16855227216404164,0.06091562100250319,0.13538729903806276,0.10601258914694846,0.1011660159205548,0.06470538849027102,0.10871670061497885
0.12242659342142559,0.19220656435706562,0.15813354413383268,0.09622565811403512,0.132364663630979,0.07103936341943075,0.09725956165693515,0.03096015962363779,0.0993838916426583
0.03984844916811703,0.2700637297418,0.02743333859693829,0.1860857020677824,0.09164769249597748,0.0598461481298018,0.13030391444103043,0.03179192361951323,0.1629791017390392
0.0477066206937355,0.0935761519095513,0.013223356385986191,0.31778169713372856,0.03812537301082585,0.08418235817813323,0.16528653305943208,0.06083098665546236,0.17928692297314494
0.13873068763326313,0.099604108105372,0.154133344077686,0.08280016064079582,0.11824422617468096,0.10720748561191895,0.10769101332156972,0.08619187008278602,0.10539710435192746
0.12399439715585801,0.10870343917815552,0.16189056099878563,0.07452684823879886,0.12428352510804978,0.09278091330618887,0.11077781805721475,0.09508751253336818,0.1079549854235804
0.0761680202514709,0.12473873021570776,0.043940362253321784,0.027825870150152338,0.19522862291101886,0.15012465995183308,0.11972459507499243,0.06712473870768489,0.19512440048381796
0.13089227075109686,0.11060322814693885,0.17155242994816208,0.07148687620216371,0.12885847806367104,0.09049786977106293,0.10810454425867244,0.0810877214126716,0.10691658144556043
0.039781155410958495,0.24896696340500934,0.005979957907112449,0.053695797553133445,0.13750622614153576,0.07803143174691293,0.14778383816265994,0.04205825584916693,0.24619637382351076
0.15923171578629988,0.10224660524573742,0.14324445875149838,0.12212223302597514,0.10689329549837719,0.11732191558997818,0.10114543863325133,0.051526864928878,0.09626747254000449
0.03773103004469369,0.08700472081286616,0.016695295905535295,0.09973583115786538,0.0546296905662636,0.09223013574205136,0.11724894680893412,0.39814083642552234,0.09658351253626811
0.11397682185678575,0.10833216360806107,0.1283449845872535,0.10643623841110463,0.10647372571049814,0.10940592721051261,0.11536734061939362,0.10587314445631983,0.1057896535400709
0.1678616297153471,0.1063808916170611,0.15038102031384307,0.06508484601711616,0.14224855900445457,0.11031945692345425,0.09957017429945365,0.04648987491434404,0.11166354719492604
0.08335182750770008,0.10887908470569857,0.09235706561904557,0.10918608132436464,0.09425364161556275,0.10708738885599994,0.12270071102070478,0.1743320838549576,0.10785211549596607
0.022657488613004775,0.29179179208969036,0.0013585739139068095,0.018313583333511955,0.12634078433091486,0.10917254745464078,0.1396932999851899,0.04342728249788958,0.24724464778125102
0.10416262385133933,0.11030086358527973,0.13269470937539993,0.0865570737416282,0.11228750854717355,0.09625215479850137,0.11748593410106246,0.13093934981066943,0.10931978218894593
0.14445114661828953,0.1049082579841697,0.18043687759176794,0.04992370686364208,0.148682177331619,0.09337515999506092,0.10222501303363139,0.06381358881971967,0.11218407176209971
0.15368958391477364,0.06963574541885377,0.10631447803146105,0.08232159087221956,0.09157507915815354,0.1608728344890219,0.10297654159089625,0.127640647936261,0.10497349858835936
0.14029432714447052,0.10617692799165222,0.15769942707641285,0.08916764126596682,0.11887420427104979,0.1034459110486702,0.1069066243357804,0.07392341360884033,0.1035115232571568
0.14038206824100843,0.09522330311338305,0.158390847990445,0.07221822745187713,0.12196296827703339,0.10658264335033757,0.1066804212505616,0.09133507560559746,0.1072244447197563
0.057865488111745855,0.1023178219637847,0.05114703562989923,0.11566301286337717,0.07484858842820218,0.10668589176707628,0.1233919607344251,0.26460710462304193,0.10347309587844755
0.03407853716320717,0.07643990113664237,0.014983681325678407,0.4565132843729134,0.02612550137274174,0.07469577725860861,0.14302691365506637,0.048354546818689725,0.12578185689645222
0.1583537350895086,0.10053186935770451,0.16619732795932723,0.05481899496616872,0.14482115235924278,0.10513156291718606,0.10056333036854219,0.057300102342574016,0.1122819246397459
0.16022140495934376,0.1208909098668504,0.15960745155621595,0.10523935117449107,0.12042858117562437,0.09841485706620766,0.09759176851874168,0.04134134504300204,0.09626433063952315
0.07686369619055676,0.10560073764103332,0.08531860653459782,0.09524734744192741,0.09326154890144456,0.09912376614474912,0.12256238965035073,0.21355138579584523,0.1084705216994951
0.13464778775162065,0.11813424751342864,0.17784693544907346,0.07357617222530344,0.13137947104332845,0.08657160157187675,0.10601456378955715,0.06705738797161663,0.10477183268419477
0.0689535016650633,0.08069132313390907,0.02675984596773646,0.3690252894571661,0.038477390456491165,0.08047314060729478,0.14433708244067825,0.06513030210270752,0.1261521241689533
0.09345199990789721,0.08181065421304833,0.06035556163069292,0.2861795508972053,0.05585022085057182,0.16346266434924736,0.11163947090906956,0.05494780958194934,0.09230206766031816
0.14481179110407455,0.11119568955880167,0.17969967923220387,0.05029074084512226,0.1518814463319934,0.09146849959625158,0.1016656704341874,0.057032490327862985,0.11195399256950218
0.042122229521446675,0.0755120211368912,0.019417138734749224,0.11652246231822568,0.05184831759479424,0.12582692559460418,0.1135601363017112,0.3643973983373066,0.09079337046027092
0.10878579594669228,0.0784025724946776,0.12806941711758668,0.05276797225755553,0.11060411909652035,0.10353855563085507,0.10874127829050358,0.19764957221598878,0.1114407169496202
0.14788331004324873,0.11122456840323745,0.16147413515626668,0.04796842711088999,0.1581144366871852,0.10115602676575242,0.1018766905567941,0.05235341909872429,0.11794898617790121
0.17621304447367994,0.08523723507703894,0.12012774592568205,0.05865726170781316,0.13429864053278798,0.1376130846489609,0.10205280427525122,0.06055196854892223,0.12524821480986356
0.09647125340086572,0.17764761707449458,0.04977449631305331,0.10395075877169568,0.14690171881451713,0.09386743612862909,0.1268171462943036,0.03882421146961203,0.1657453617328289
0.1634548645223861,0.0907169023221866,0.16098241816452422,0.06050087914385904,0.13300693215101078,0.11397354041046848,0.10068108172627249,0.06665487436208108,0.1100285071972112
0.1786898518329264,0.08535739731196361,0.13685110255666488,0.09573980733354577,0.10962675317745325,0.1327307265220861,0.09998664520318713,0.059113560906010144,0.10190415515616268
0.16090234909306986,0.10072396070325913,0.16344546343936317,0.08018088233491281,0.12471385144285535,0.1073117474058406,0.10113011521371591,0.05882666833226363,0.10276496203471959
0.13671193125237813,0.10729010840908397,0.17755319848546716,0.06441117349119752,0.13362765448120126,0.09077063297426545,0.10582404136983371,0.07630512433533766,0.10750613520123521
0.14072509574526626,0.11093913089454,0.16810605403802903,0.043832448799348,0.16130845049250334,0.09697090684328318,0.10268770456960545,0.05643497113936321,0.11899523747806151
0.14437010995326663,0.10475630763112091,0.1811335817288805,0.050927705211260714,0.1472657353677925,0.09297893006721168,0.10233827418880792,0.06469138582013838,0.11153797003152083
0.14950709632107095,0.09578866836423532,0.16952429592604487,0.06292010652942208,0.13121848357130492,0.10340896540879689,0.10338870223107154,0.07605520859214478,0.10818847305590869
0.1268014674988181,0.06809435535872882,0.13610245332834717,0.03769299720852564,0.12085927855057103,0.12278947015384352,0.10047605418363002,0.16778199127137264,0.11940193244616308
0.1122899346363095,0.08857152512617789,0.11770159516004008,0.028094175391488094,0.17064018598741756,0.12961155236765953,0.10681378645820583,0.09759426370311691,0.14868298116958462
0.1491699908953902,0.122428282164246,0.16723634639504537,0.05518130163765961,0.15376273520008651,0.09358491160520087,0.10049045893017107,0.04633352633562953,0.11181244683657081
0.17509396665471366,0.08555372126672241,0.14640546451206696,0.0660527472042237,0.12658140024944947,0.12653296094880462,0.09978264663029462,0.06354949826008818,0.11044759427363637
0.10664300272994771,0.11018773400176951,0.13656682755194963,0.08521182355875621,0.11378692588069265,0.09585434745574695,0.11672900548210056,0.1258310621232803,0.10918927121575646
0.14822731871003134,0.09924354944079668,0.17463836012843112,0.06018887259143683,0.1354519969919517,0.09893601474771348,0.10306449825773238,0.07172552046090534,0.10852386867100115
0.16449145306189197,0.07961789123403835,0.1451884246488165,0.055392253563105086,0.12688031308662642,0.12971852041492474,0.1006082868402773,0.08353402888299798,0.11456882826732163
0.13082209123489358,0.109361922360012,0.14935219861900792,0.09743900342651018,0.11469078407137438,0.10397152154101352,0.10989865432113681,0.08056388684561774,0.10389993758043385
0.08822266205440442,0.10724373424232181,0.10524471721992233,0.09133573202634815,0.101596912133791,0.09872365027202314,0.121021667564631,0.17713956629249647,0.10947135819406163
0.14305246635641297,0.13369156111483524,0.18238248738346344,0.061788099460338364,0.1473034636138402,0.08155400548066671,0.09988450676958678,0.04533913695939504,0.10500427286146123
0.1258286915276595,0.10849854946344432,0.16434917022550696,0.07323656175092036,0.12546312432754064,0.09245307401503615,0.1100926778414396,0.09225007645848256,0.10782807438997
0.06290244814233603,0.0942930207110239,0.04196214380124045,0.4166201893914547,0.04694005328849866,0.05442931528796776,0.1294939331244923,0.03741043105349873,0.1159484651994875
0.02971091767530648,0.10755208734883592,0.010040421130444274,0.3942369723805334,0.03169758402418738,0.058710121934273975,0.15730527559394866,0.04405801641613232,0.16668860349633755
0.14430407151547672,0.11984459436397614,0.18507119635635813,0.060824559075457196,0.14361858340551661,0.08525849365953442,0.1014095659859578,0.053809221641677896,0.10585971399604506
0.09014845779581433,0.14297553843132163,0.07859469201423193,0.03142314419045905,0.19768067904686393,0.12354928636230222,0.1163872085888918,0.053225010324577014,0.16601598324553798
0.10458050646770617,0.10750105774985301,0.13224153516510584,0.08374524535235328,0.11222852173195026,0.09691146074855626,0.11706363937240322,0.13621760620491954,0.10951042720715239
0.15223217964339184,0.09638972290499732,0.16629050703938325,0.06881775256222217,0.12773666916301543,0.10577862750092755,0.10324487392736542,0.07300616761276159,0.10650349964593546
0.11325306652785021,0.10424823743961015,0.13420269670940424,0.08884659180594341,0.1111254803453504,0.10394133982890745,0.11497114110170663,0.12149957421398057,0.10791187202724706
0.10041988535786761,0.10724828201211058,0.11728966775051476,0.0980591915813513,0.10445215956429542,0.10509372048228234,0.11872328265833855,0.140515461142822,0.10819834945041738
0.028951643442944205,0.3439265143627473,0.02561109771232416,0.12763581853028386,0.09246095782864705,0.0670212408997589,0.12156788279788161,0.025902050223026888,0.16692279420238598
0.1478804111597733,0.11164948961636491,0.14334503909527438,0.04748291088613352,0.1618547252190066,0.11003854961027588,0.10313574635978971,0.05030731503100199,0.12430581302237975
0.027478648036022235,0.3130709849124292,0.017564827452920376,0.18084424866961513,0.07438342293031198,0.054145974887523034,0.13092569250825428,0.02953128208077306,0.17205491852215068
0.1486703723656128,0.10194991011499223,0.1394330004113321,0.12122888132955982,0.1054136952877613,0.11923142732586328,0.10466113914646503,0.06121436536821778,0.0981972086501955
0.12684529556119464,0.11632278343370876,0.16794411733953507,0.07858677715301118,0.12608073520023946,0.0891871840632001,0.10947720689789238,0.07950208662672137,0.10605381372449703
0.13713669738958886,0.10724986489144354,0.1779981835892248,0.06400139694409777,0.13402382272312596,0.09072448886583988,0.10564910495498607,0.07569117108125685,0.10752526956043622
0.127347088276811,0.11708861521089405,0.14106114890998211,0.037696438235754616,0.1759886812848194,0.10641727416058859,0.10632315866867965,0.05529927291751654,0.13277832233495393
0.12026195355098888,0.1065191836285005,0.1559138616107603,0.07483399611702722,0.12185984087838651,0.09436168902220492,0.11203444979071957,0.10554654306685775,0.10866848233455438
0.09421374397119815,0.09508492423861437,0.09603498687611677,0.09992838034833268,0.09400399696251432,0.11760973360491205,0.11803793287909677,0.17871058591613453,0.10637571520308038
0.134395991881061,0.10752745330066305,0.1750034192857682,0.0665246729629221,0.13162071432006558,0.09106202803318993,0.10676460853246035,0.07963459262806756,0.10746651905580222
0.09597237970275224,0.11864998862034624,0.12309292487299277,0.09846963022107136,0.10819934297355438,0.09550514035328388,0.12060099946339899,0.13030265046128112,0.10920694333131899
0.14108413549476387,0.10440262822640806,0.1809500498868828,0.05771495143508709,0.1388572107841917,0.09175132700530879,0.10400681863459195,0.07234942583362186,0.108883452699144
0.14283992327638975,0.11592159863673351,0.17365335049164432,0.04775887807995139,0.15784440188037316,0.0924057554718198,0.10181449599551322,0.05300508874126756,0.11475650742630723
0.14184151520449473,0.11668944030482092,0.17115415072046936,0.04676369487354118,0.15971665525050296,0.09321071490335321,0.10205278679797421,0.05253255662855919,0.11603848531628418
0.08382132178501012,0.13322061640388083,0.040548287598325385,0.25876701730630486,0.08604509950995791,0.054072338828625444,0.14197108275842157,0.04272431527582118,0.15882992053365275
0.14475259425869466,0.10804590699697503,0.18003451490126884,0.04988466344448752,0.1506640150135383,0.09249201331076246,0.10191117380392878,0.06001124167510683,0.1122038765952376
0.039241753525423625,0.08278160785851191,0.017649392607692906,0.10579020216368873,0.053771188586141556,0.10325565063698937,0.11606393992868531,0.38691436460936696,0.09453190008349965
0.11132134272788767,0.08333615680185595,0.07157572287327528,0.2953961527649278,0.059378422873562466,0.13964681839600931,0.10699858216901403,0.04132856487601187,0.09101823651745566
0.10719083529952662,0.11561071297811627,0.13951154523646644,0.08980008480111822,0.11457263792639831,0.09417707602710235,0.11687373165767208,0.11368117435226306,0.10858220172133665
0.11563558906276461,0.10694191640819535,0.14921637171579324,0.07768927042023982,0.11900026609998286,0.09514227494864248,0.11361960548526569,0.1138023078521357,0.1089523980069803
0.07543976584727638,0.1341285224857067,0.0537719650499582,0.02633472332554582,0.2008978063214908,0.1395902773997174,0.11975551195023049,0.06386984587112182,0.1862115817489524
0.12850849978780926,0.16767473609506645,0.15833983240365415,0.05967206277230039,0.15782093166232763,0.07948726369528067,0.10061688659543207,0.03675205262275264,0.11112773436537676
0.10773984419898293,0.14325012315450286,0.061241528669136854,0.05173209279252233,0.1775034883105154,0.12610900397883537,0.11879249024389316,0.044278764649456175,0.16935266400215507
0.15181488388575506,0.09674164762228717,0.16682895650036933,0.06853845749376043,0.1280726445979125,0.1052018511249873,0.10328965438208497,0.07296179910202953,0.10655010529081366
0.03878641741553897,0.07959291888825505,0.016945608486800514,0.11460536466393612,0.0512069801373356,0.1144546188916739,0.11491262862034261,0.37749215452908436,0.0920033083670329
0.1253805160571835,0.10022096590012224,0.09733021095516026,0.2483250627052922,0.07404490620105118,0.12604566414857651,0.10156024562829952,0.03769742216560927,0.0893950062387054
0.03754660557389462,0.08711450361336731,0.01653024788870173,0.10000722933698869,0.054456993058742985,0.09217322336036303,0.11726460401425855,0.39837092906101557,0.09653566409266745
0.15022552245605877,0.10686251658139934,0.1672974390693903,0.04921772966672459,0.1536757374156096,0.10046694680068957,0.10140814747200044,0.05536660062264287,0.11547935991548448
0.09947031152125851,0.1274259234341786,0.09255348366410195,0.03119371814030915,0.19369806861415148,0.1239837038242394,0.11385255105489406,0.0581573727734195,0.15966486697344737
0.04642041135453396,0.3115815004143078,0.04681116681527203,0.05659970357286348,0.1515705281828584,0.07950608053290864,0.11587934978813587,0.02802963073694016,0.1636016286021796
0.15282506065980686,0.09735441496353688,0.17278191706399784,0.05560478384842232,0.13987780063806138,0.10208183317775539,0.10173098897886672,0.06720781818749778,0.11053538248205474
0.14565843212111498,0.10437764307038816,0.14056524555520614,0.04351822793187824,0.16293332921742462,0.11508525099428284,0.10375868597529574,0.05600437476216039,0.1280988103722489
0.11392356292906447,0.10685118191626475,0.1465950198422072,0.07849659594348454,0.11793737742276407,0.09549777664414094,0.11416896721046037,0.11744664856825408,0.10908286952335959
0.11867340449453216,0.12310281896905913,0.15899542560193158,0.0891328631528634,0.12127493715421021,0.08877316736372992,0.11233856008711567,0.08185812020753222,0.10585070296902571
0.11896136469029812,0.10655570215565986,0.1540280560299793,0.07557786581743185,0.12104435213495646,0.09461233686689875,0.11248211064787605,0.10797552532929637,0.10876268632760326
0.12893033997997091,0.10558137158373378,0.1676706467078299,0.06889115874357715,0.1275760267737484,0.09293394512095937,0.1088795695725403,0.09132605600149048,0.1082108855161497
0.1517748474831314,0.1027485668906868,0.17320499714421264,0.052074787465858065,0.14722471405458593,0.09942212782700742,0.10126413025418259,0.05996488399978567,0.11232094488054951
0.18118294278397673,0.08456096909859195,0.1399455369489546,0.07575165276974603,0.12005624672325983,0.13088557078414834,0.09952724096448466,0.060036806859170844,0.10805303306766713
0.14002004418048095,0.11076731937959344,0.14216774609550262,0.1244092447001046,0.10678229900580531,0.11138744266122064,0.10607162213495165,0.06001238139491825,0.09838190044742268
0.1582140077215628,0.11071015841019531,0.07788703483602788,0.14814151129089936,0.11371379008347449,0.09757792128205191,0.11756305659848514,0.041761603350669585,0.13443091642663352
0.13414446425289292,0.10755459915272701,0.1747155391001416,0.06674376747120385,0.13141564215651905,0.09109698986893973,0.10686554557297438,0.07999585916974085,0.10746759325486065
0.05561200558148586,0.1359303421337052,0.023884495287867194,0.021197710360530267,0.19682688766289402,0.15397566925532077,0.12394672763677111,0.07480983736166064,0.21381632471976494
0.1353658552561995,0.10478046266723236,0.17542496838296184,0.06362738046019178,0.13261463911589344,0.09208963135638067,0.10638343492967635,0.08152953784433647,0.10818408998712746
0.05618586805386944,0.1216161538651415,0.014731636036828142,0.02557663526587069,0.18227965008189087,0.1547876592330685,0.12534338298750225,0.08122150565429181,0.23825750882153682
0.1284406976612211,0.10820046813030075,0.1677559202007983,0.07132466128229344,0.12720431969989263,0.0919978272577749,0.10910067973307053,0.08830842431959186,0.1076670017150566
0.09249689355111002,0.07810953726195001,0.02429748333659966,0.2350059183166641,0.04452017155605862,0.10107443481587579,0.14900669184147627,0.13499269474397788,0.14049617457628774
0.01783130326820341,0.06572538728275104,0.00019257990419246798,0.08946098380779616,0.02846500481336492,0.1324751850573311,0.21490800806174892,0.18459005934789555,0.2663514884567164
0.1374689070460328,0.15411310300444106,0.17778472671256776,0.06854137638948511,0.14563062756539538,0.07617261080153782,0.09869636122765851,0.038980577168831756,0.10261171008404972
0.1471100410634961,0.0721012471460232,0.08543960120273604,0.13747225660696108,0.07545974035978455,0.17492666242571034,0.10674183941101822,0.1027892958599414,0.097959315924329
0.04603936474904254,0.1775522486021838,0.013352725539120773,0.022993321558781508,0.18887543341977953,0.14146024268287094,0.12955840620021894,0.0560058359864117,0.22416242126159033
0.11042023195726448,0.11390331246423807,0.11069221690128138,0.031611122186370695,0.1864541702384581,0.121818258173924,0.11067142779914736,0.06351913020898502,0.15091013007033097
0.03931376650928817,0.08267816272257361,0.017704829487794598,0.10584837900014492,0.05378811961698684,0.10349935373490683,0.1160353210193356,0.38663069514200493,0.09450137276696456
0.13099726454399985,0.11803882711431218,0.17360888728458276,0.07665507307807916,0.12874166629462966,0.08746354352812406,0.1076021557747882,0.07174383489270612,0.10514874748877806
0.13863507465850036,0.10712003176471994,0.17949747256914153,0.062484786372699226,0.1355145013552241,0.09058627129934382,0.1050247753964935,0.07350424927515126,0.10763283730872625
0.1514417097039689,0.10904893157050248,0.17838366161140615,0.06272213487805565,0.13925440510076312,0.09385672370493942,0.10129980925478288,0.05758946977929454,0.10640315439628699
0.05979308429150154,0.07778273411743652,0.02596656589126563,0.4069809031694253,0.03505727514613094,0.07824684715768553,0.13999413434010952,0.058090962986163786,0.11808749290028121
0.13710338631398086,0.10982293181183023,0.1785825660820418,0.0658847709835298,0.1338052515024705,0.08959706582326522,0.10557974661984543,0.07280878911416867,0.10681549174886755
0.13664243607937984,0.13422232906354511,0.07312572674164336,0.1378240395577757,0.12601631664184174,0.09448033480310349,0.11871681795994433,0.03917057980833444,0.139801419344432
0.10500790336009762,0.112979569838823,0.13509376116677727,0.08858614649543055,0.11306782921406267,0.09537573001085337,0.11744858089283822,0.12340188365965159,0.10903859536146583
0.15401273518399952,0.09149222387681205,0.1545120529603794,0.07726802458775252,0.11920723218682916,0.11567150560732131,0.10387422193733975,0.07870473264789053,0.1052572710116757
0.025476756257877358,0.32900760926152695,0.0029695281039377208,0.05052615147372478,0.1031494425170707,0.06901912308421647,0.14412903516732983,0.034465197773519266,0.24125715636079695
0.1604397122246075,0.07739808417839593,0.06837532156468712,0.20725148510450395,0.06737954208360104,0.12963619994665523,0.11748040961335689,0.06193312554029909,0.11010611974389332
0.10544764841912811,0.10464102316509875,0.1234148792978718,0.0928582924534399,0.10691635547028501,0.1050974888646709,0.11712063237167618,0.1362971221761172,0.10820655778171216
0.12738277250624738,0.10832180545648623,0.16639027319636895,0.07211044349874697,0.12648900561530718,0.09218015788155172,0.10950477571882522,0.0898919464230739,0.10772881970339249
0.14966469596285528,0.09054132885820416,0.11970222561537992,0.1377671468410241,0.09413015607494406,0.1388639416439553,0.10528513528317579,0.06690328063795457,0.09714208908250677
0.037926894093707746,0.08688814400850493,0.016871118081963035,0.09944827997096571,0.054812402795914705,0.09229026602726786,0.11723210708747361,0.39789647712156845,0.096634310812634
0.12587494346473915,0.11991442484661331,0.16769648602595547,0.08184168233762924,0.12543710626381302,0.08803390545391025,0.10960726937507825,0.07620020337163676,0.10539397886062446
0.1274888317423095,0.1204752547219714,0.14155821089812834,0.038584402183656295,0.17599803554545448,0.1046918850957705,0.10619888284308825,0.05323790104137155,0.13176659592824977
0.0627991129085732,0.1438872791126014,0.010325103407876469,0.05351404627925052,0.15223658334284373,0.08689741197866478,0.14953261893638592,0.059858026512203864,0.28094981752160014
0.0459892136949967,0.11019679556736904,0.0033987733252047523,0.067464463005225,0.07304361995291953,0.08578370871162395,0.15940338147085242,0.0988587285181773,0.3558613157536313
0.1365304959179777,0.11970291942876526,0.15946312377755464,0.04317338265413736,0.1670592718517441,0.09711015507757303,0.1034889133448187,0.0515305621774275,0.12194117577000167
0.15112721570535073,0.1121670869613155,0.16936531642185593,0.052561855132422695,0.15232135006635608,0.09715165350196643,0.10085149619251506,0.051568093642978687,0.11288593237523888
0.156679731639304,0.09989200334671404,0.14532824155161345,0.11102225263227317,0.10926474469056498,0.11788326666224747,0.10275383638953355,0.058684279078385665,0.09849164400936368
0.09628247280762099,0.16567170509662085,0.09312977186839194,0.03780204824585832,0.19105559784527737,0.1074746570591848,0.11342625120984336,0.043778990659869725,0.15137850520733268
0.17867936755929334,0.07355069128538524,0.1098390271082974,0.09857749198793524,0.09401317306018285,0.15713241342886308,0.10233880868666967,0.0810444088002809,0.10482461808309225
0.17381483945622347,0.08815848681061615,0.1500131864446701,0.07503520946772116,0.12211964456439016,0.12323205898578381,0.09988661449544835,0.061744474424551055,0.10599548535059573
0.016553726298641287,0.39591813669613884,0.002814747534293088,0.056339058149235684,0.07033956308017457,0.06457112460607992,0.13627167943384683,0.026850907500079346,0.23034105670151048
0.1357066789322316,0.11001046745856673,0.1771136851900502,0.06726442869966835,0.1325698405163423,0.08975787717539789,0.10615744855744942,0.07463843421648958,0.10678113925380404
0.04150525104721031,0.08432992534020739,0.020872909459695485,0.10595879728020131,0.05630179069290837,0.10380174198229654,0.11657378455163507,0.3752228429489202,0.09543295669692524
0.14259513443753213,0.10683094793798031,0.17290033000272173,0.04487819630213281,0.1571569785211976,0.09646482896385633,0.1023606968337621,0.059831351382437975,0.116981535618379
0.08331080448718181,0.07655522870703085,0.05023034662266285,0.3300875534969092,0.04754576272060453,0.15625731170791354,0.11351497730723355,0.0498654903223573,0.09263252462810635
