0.03875323648649977,0.11825392727216755,0.11813769050192768,0.15847591044489703,0.12514815282266203,0.12411183452953045,0.1317618806077316,0.11135265400517746,0.07400471332940643
0.03946191019363062,0.12288612505130632,0.10912207278252602,0.16205223802123528,0.12401314668662462,0.12506916988581768,0.12947180816637452,0.11162624755780078,0.07629728165468407
0.04155040171488931,0.12745611173558957,0.10557888811262343,0.16099124685796176,0.12308862776973506,0.12180542858956646,0.12611711106528659,0.11371047161353305,0.07970171254081476
0.056314388300228786,0.14680701998735882,0.09767043815887279,0.12265799043130898,0.1213533613380146,0.11215597209072901,0.1189185200987914,0.12442894122175079,0.0996933683729448
0.07281064664556887,0.14320180513835937,0.09676918416077147,0.10103987568460983,0.1189945367633728,0.10818253809081572,0.11581258369221825,0.12780776615762068,0.11538106366666301
0.0408273235494151,0.12813728167898134,0.10690666376474665,0.15707453106126568,0.12388323087099089,0.1230093885807922,0.12794398272391497,0.1136379258843979,0.07857967188549526
0.09367831277310629,0.12489361433921604,0.09359598647022228,0.09813446695466171,0.1138861915180761,0.10289230485546154,0.10790590916063973,0.12547743400358863,0.13953577992502772
0.08202722279283323,0.13785475773583425,0.10066845071760334,0.09093354438449981,0.11828441425454898,0.10679211278206686,0.11626010591860957,0.1281712213405525,0.11900817007345144
0.07217479790764723,0.13777766687622728,0.14448156975613136,0.0753625193252752,0.12076870789929249,0.10653609521657537,0.13187889302107922,0.1219164766813261,0.08910327331644567
0.16737449863619255,0.06341829259957915,0.18173303025519127,0.06825169668342636,0.10359201819154192,0.09526562429452763,0.11434431837780949,0.09776356863928827,0.10825695232244341
0.04521393539741416,0.027887404897972576,0.3212464094626186,0.07602026950571239,0.1155082087812226,0.13154884320038077,0.176489926036938,0.07898366827976024,0.027101334437980688
0.039753445936320186,0.12569805044396168,0.10872385666122225,0.15768974406871053,0.12434231282103958,0.12467872853641854,0.12965343451054995,0.11252600536825437,0.07693442165352293
0.050048584175066836,0.13967112422151978,0.1014119852493241,0.1396838051968866,0.12196506438091137,0.1137678783095598,0.12035857345955932,0.12071580964725544,0.09237717535991684
0.05021700631206516,0.14668906847307916,0.09903797766017157,0.1300787061549624,0.12263634732220356,0.11546236533035403,0.12197016148039368,0.12219333180543794,0.09171503546133254
0.21069419893611396,0.0694830097229797,0.10193726092251863,0.05891093110337283,0.09750395769651021,0.10071258443488046,0.105399236365054,0.10554746851618925,0.14981135230238088
0.0518870839897184,0.14460700152539108,0.09936809228283978,0.13112756024082414,0.12205478393985818,0.11378870530499124,0.12043556047623571,0.12245255859240012,0.09427865364774131
0.043271137716083506,0.13550518325323876,0.10393986857874625,0.1486226680297017,0.12362560331661775,0.12021601468576822,0.12584438966991393,0.11661870632604736,0.08235642842388259
0.0778159509061405,0.142728910421532,0.09261656165019083,0.0975005102706961,0.11751534407831969,0.10828555472414637,0.11425582794337547,0.1281763092650526,0.1211050307405465
0.13121871362851667,0.10762946541234703,0.0914808973160726,0.07786275141737915,0.10882131731256055,0.10242384898909868,0.10637251252816841,0.12288972799750604,0.15130076539835094
0.04284060012204039,0.134764058977888,0.11234978265850311,0.13917368488953288,0.1253459806378342,0.11904054679363367,0.12871661082450592,0.11745789831326962,0.08031083678279231
0.12271706033607599,0.043787237481833795,0.28180250344987207,0.0608968424441225,0.09201207898860264,0.12596328888059938,0.1738159101712291,0.054713647176757314,0.04429143107090728
0.07257176552723255,0.1435213359721739,0.09238180984974671,0.10535971926287617,0.11791438743114424,0.10842879661738625,0.11385936364825054,0.1272980693166663,0.11866475237452334
0.033542686700024776,0.07647599099962199,0.13361854036243306,0.18732887009793434,0.1226584002241738,0.14687062180333643,0.14315563990488953,0.09433090223174696,0.06201834767583903
0.042317094928019994,0.13831764107685365,0.10741612588545409,0.13832378532215364,0.12525060053906223,0.12125303885467788,0.12913380409792327,0.11726619403660786,0.08072171525924743
0.05739131605881062,0.1452699617904805,0.10122601710368166,0.1192219149860733,0.12179497326636794,0.11101304205100919,0.11943198682262053,0.12488864299662057,0.0997621449243357
0.056836723662189705,0.14197611884977301,0.10876687595786394,0.11736669667875273,0.12270974521282434,0.10983845120142816,0.12084592931302357,0.124595254679653,0.09706420444449149
0.051798060183715,0.02814315353232635,0.3180758130944105,0.07155598478549385,0.11332978099523071,0.13291961937036761,0.1865400118582116,0.07271093837124125,0.024926637809003033
0.16346140967583583,0.08964193300088434,0.1018161830035423,0.0659048497780811,0.10497099041871145,0.10219421970517327,0.109219336385113,0.1156432126133115,0.14714786541934724
0.05298440223290044,0.1449426036117051,0.113233841574272,0.11322505992565303,0.12444100068781583,0.11168721931142918,0.12480657637029362,0.1243279774930844,0.09035131879284634
0.06662154479537268,0.15174973077216292,0.09546729989119862,0.09986018827105304,0.12042244486615722,0.11131303994675502,0.11898810838997974,0.12829498478646997,0.10728265828085064
0.05046471076936534,0.14432507900515587,0.10435968523369114,0.12716722604270816,0.12341847158384363,0.11404984224637517,0.12295997235584737,0.12251961068348731,0.09073540207952595
0.07409558273430573,0.011555143351338547,0.32768875101464395,0.07770003726146049,0.1079689795757749,0.1591359234572669,0.16775075846570744,0.05786678194704587,0.016238042192456056
0.03962225272009964,0.05653410978490201,0.2966331491983946,0.0882071232370496,0.11803800697521087,0.10923528865569938,0.15212349529572972,0.09700132448580834,0.042605249647105846
0.05862670992902049,0.15024973537948305,0.09605659212185345,0.1150625808016086,0.12122279326312313,0.11236242721067885,0.11909851696544005,0.1258265526152458,0.10149409171354658
0.050003515830406776,0.1288192705367113,0.1581099566172652,0.10370724189189133,0.12499164121556983,0.10647276685670781,0.12943765608801064,0.1201116483089832,0.07834630265445384
0.11992358207284155,0.1005040380215348,0.07938975244888831,0.11828482191938006,0.10339544282965578,0.09587712359324019,0.09249078762670944,0.11584794136413035,0.17428651012361954
0.05815957838350466,0.147975297368792,0.09554298360374691,0.12025917504997385,0.1207576124423374,0.11196099485003565,0.11800459461479941,0.12501763080033798,0.10232213288647203
0.10598873949065131,0.12435302841378588,0.0988534687975176,0.07846194426007842,0.11411765611530174,0.1056769198949228,0.11428036242996115,0.1263971815432612,0.13187069905451987
0.3440842617691349,0.014709079461911542,0.22790689398748634,0.06392966374924751,0.07955489254399561,0.08389855191743835,0.08148248216475884,0.05733682333491504,0.047097351071111675
0.039381530581723175,0.12540561952380513,0.11115542999255938,0.1544114178304878,0.1250015569148659,0.12483729231848166,0.1309678947889442,0.11260426463288518,0.07623499341624762
0.04675842230003815,0.13473480492898346,0.10207082664232651,0.1513566995332496,0.12189995018634658,0.11579280335289537,0.12122316675186638,0.11799341232107348,0.08816991398322048
0.04779054956941813,0.14381249705928673,0.10033319663143876,0.13612098739366493,0.12297105232463286,0.11674801973514647,0.1230146925654696,0.12055858339899961,0.08865042132194285
0.10351669117564277,0.12019726323788298,0.09125012634118117,0.09324285716744657,0.11212632462664758,0.10237809023453055,0.10634592134515096,0.12496802869899344,0.14597469717252387
0.05641468508115861,0.14760111322626665,0.09603848640487316,0.12322459784265716,0.12103588060952201,0.11249150353764482,0.11849990834100738,0.12439493749841302,0.1002988874584572
0.04855574996247012,0.13116588372412266,0.10454464634480772,0.15272317682743497,0.12120042729023302,0.11286924773013085,0.11926661325485162,0.11817068441057414,0.09150357045537494
0.09139851101981096,0.13026796956825729,0.09864384464925811,0.08959045113867851,0.11613519482200564,0.10500074368976181,0.11303633085731564,0.12727162566115025,0.12865532859376183
0.05716988501519122,0.14779114633034962,0.0958162449253289,0.1219144321625217,0.12091585459416924,0.11225501475427542,0.11828027581403334,0.12467443241360865,0.10118271399052182
0.21359209139623178,0.07101421021559658,0.09097032089466743,0.06423972040112787,0.09803263751161367,0.09914803920329353,0.099324259388212,0.10922880841811324,0.154449912571144
0.3353290316141628,0.026523143152603037,0.16237058968192764,0.07097540362033276,0.08891862897877689,0.08731807835039147,0.08280393158537062,0.07577955503104707,0.06998163798538776
0.04305837003579566,0.1307526539561182,0.1072529977129341,0.15317468634799566,0.12353967944961813,0.11917992723971275,0.12561603062187185,0.11587301186561234,0.08155264277034135
0.10114878979888882,0.0029267879125139252,0.31867250546760667,0.07742460283454664,0.08551545037970172,0.23628013562383562,0.1405130394465229,0.03208718353698541,0.005431504999398225
0.10235390686927422,0.1251743309505409,0.08962378132503401,0.08865644253686433,0.11259100404538262,0.10444129513531314,0.10840925905398711,0.12630742058695293,0.14244255949665072
0.09587860457641699,0.11389170216458322,0.14890447348827188,0.07603330436259022,0.11690682763349723,0.1017844826355472,0.12381041639215178,0.11947163188147149,0.10331855686547003
0.05859524881896714,0.14803450914490626,0.09542872699968159,0.11955179593734955,0.12068764085250906,0.11183688547057642,0.11788732832980205,0.12516080841580354,0.10281705603040432
0.05430910493087382,0.13508460050374957,0.09358101914391093,0.15139551744496524,0.11786525106836855,0.11038872744252781,0.11309130427088394,0.11937844619717614,0.10490602899754398
0.05619155373495873,0.15217315817546495,0.10156137763481433,0.1092564240320964,0.12306900479011414,0.11307477221653006,0.1227774375902319,0.1260977568363551,0.09579851498943441
0.029596309433931295,0.11494777290146994,0.20636033189255423,0.08081441911332711,0.12730810055466418,0.12248195705297411,0.1564979097741757,0.10443221040978086,0.057560988867122576
0.14323566017569275,0.0990926683700209,0.10272062179392759,0.0707946072977321,0.1084495611606111,0.10221807200393074,0.11016335487810437,0.11967447384859115,0.14365098047138933
0.04529901107956822,0.14146784608126436,0.11293005009334377,0.12629055587685525,0.1256792732853744,0.11674889180587084,0.12839754991719435,0.12037089960216256,0.08281592225836637
0.042084992022516365,0.0914865978431929,0.24344002106345555,0.0989956819643012,0.12012552533548515,0.10210637873203425,0.13538905159379314,0.10808880972130157,0.05828294172391993
0.05945454380232599,0.1293494748144348,0.17432478818858652,0.08274529092522,0.122195948387166,0.102583982786618,0.1319795093299538,0.11908690755218158,0.07827955421351335
0.06167834349309079,0.14923543213135992,0.09712511912693006,0.11027654720291691,0.12100461555799996,0.11116074221956429,0.11871414580241195,0.1266766924544981,0.10412836201122795
0.12123923643660128,0.11696332695963015,0.09299505416523741,0.0741967316666552,0.11066558093244229,0.10563027292872673,0.1114484452027198,0.12472996018649711,0.14213139152149
0.26322550418137475,0.05293419495311471,0.08699258137177956,0.09031606689209504,0.09432714883511062,0.09415677722104805,0.08452866367431193,0.09847759935850799,0.13504146351265717
0.0820905870205449,0.09068331181851974,0.25059269417835556,0.06294056209244737,0.10601142769813665,0.10685524122714785,0.15554456062905406,0.08544430996523661,0.05983730537055728
0.07193220498249829,0.14759633213555576,0.09622652979793683,0.09654335560459704,0.11955731615486714,0.10972472215078373,0.11774475418948728,0.1285892794915642,0.11208550549270979
0.16695421544488298,0.0908672990379299,0.09352681935718342,0.0653384764482058,0.10347607750115417,0.10294907824065731,0.10702082783091395,0.11639737185538436,0.15346983428368802
0.04618711628160956,0.10156902444825722,0.11494325807305987,0.19407141487471224,0.11548740154816689,0.10814442725159445,0.11258961076852873,0.10851529135995035,0.09849245539412083
0.20095406873858646,0.049839823743921895,0.06722031974025754,0.19934498334143602,0.08205709552108871,0.08581759753967387,0.06622872979947635,0.08234134763742944,0.16619603393812968
0.04452570166786037,0.1408717486914657,0.10507046692248329,0.13699892521829507,0.12444977622580095,0.1189702911575732,0.1266156196537115,0.1188841813837873,0.08361328907902262
0.07679096163716,0.1408003044458928,0.09373844263076513,0.10089668666299671,0.11757925493591992,0.1074783196508897,0.1136385964840484,0.12761815600266485,0.12145927754966242
0.06412597534670489,0.1304732796232856,0.103474715628616,0.12909722849216243,0.11830832946443959,0.10489723096208188,0.11236018177209627,0.12243476478409797,0.11482829392651539
0.24261109843790787,0.060056741602252495,0.0968911644819528,0.05537560840088159,0.09258422573920673,0.10007699203350946,0.10146680516167524,0.10030276002030236,0.15063460412231142
0.07121736046335551,0.145752057635439,0.09322832771051497,0.1034719135031153,0.11861253393213333,0.10920476420911303,0.11525443256099704,0.12771065990491287,0.11554795008041892
0.07227498624128141,0.14777139179268772,0.0987050287649116,0.09342929967880044,0.12004519980072809,0.10971400826341544,0.11909178881637845,0.12880435266478432,0.11016394397701236
0.0770776972210767,0.00720192937647762,0.3307357157990168,0.07742705662031156,0.10058676161889574,0.18510883129050612,0.16318004771402303,0.047786381228673715,0.010895579131018669
0.04901928850668952,0.11157865191761011,0.11833960451857635,0.17020978583631932,0.1182154191420679,0.10711327287404883,0.11486958179047925,0.11340496660622047,0.09724942880798831
0.041224595634099345,0.1295900330769407,0.10635803354955471,0.1554621773576863,0.12386411031516327,0.12249487301260283,0.12758724245117922,0.11419713256208808,0.07922180204068541
0.04816879821409798,0.13889663162601926,0.09905543391341985,0.1465556975926853,0.12158825832785619,0.11561125667907185,0.12041845864415957,0.11921736896068257,0.09048809604200743
0.11259286880965014,0.09496775763449579,0.1882737990474355,0.06372322828407177,0.10797043154299775,0.1059789804292176,0.13672088408975713,0.09944650498037282,0.09032554518200135
0.07243670108590264,0.13753808577372253,0.14463693467500072,0.07526923256814755,0.12070656138068751,0.10650928936767795,0.1318763902644469,0.12185223193859461,0.08917457294581965
0.06602374948846848,0.14698946352906164,0.1029964717546246,0.10052575268328597,0.12142216729999163,0.10946003680025818,0.11998154134810683,0.1277494961781603,0.10485132091804235
0.04753683109001058,0.14075772182278481,0.09999241788060992,0.14244431301906865,0.12237163943769704,0.11647332179187002,0.12196497541416984,0.11959368805033477,0.08886509149345445
0.1354253877084098,0.07819741490084024,0.1889922712336581,0.06566072938197948,0.10588396551237926,0.10035632049446776,0.12675756076152586,0.09860069376283169,0.10012565624390785
0.042934418343766524,0.1370325358343462,0.12273075492501286,0.12388305020830287,0.12689358019165634,0.11729462275917095,0.13171459320543413,0.11885559505531403,0.07866084947699607
0.07356549876445001,0.13442535781873935,0.09728984524246737,0.11243758635114148,0.11736662786929826,0.10515507969299966,0.11163557798506718,0.12537802389742375,0.12274640237841299
0.04629193252731278,0.1428312232526041,0.10530482283065838,0.1324433138096852,0.12432601916069784,0.11719922319565997,0.12568716123508913,0.12035178366754688,0.08556452032074573
0.04007981070319775,0.12498585111652827,0.10970092434912988,0.15840692716289304,0.12424306622852725,0.12358733400964876,0.12910115246346796,0.1127922300561356,0.07710270391047142
0.1877960320428108,0.00020298740249906618,0.2560901441080638,0.040184562001162924,0.027306791396734836,0.3676390423223459,0.11443396414444175,0.005687947497338203,0.0006585290846027311
0.04996941372990421,0.12380503898101684,0.16723014147567614,0.1044989249642954,0.12436858343189659,0.10517081658010448,0.12898465201036471,0.11890749623421855,0.07706493259252313
0.07229950614743152,0.09535944772829276,0.13058741094504117,0.14729224333354415,0.11047044588493342,0.09339220017917238,0.10080047004085352,0.11060043820413314,0.13919783753659798
0.03138336547429846,0.05351247534301156,0.29522455864773445,0.09798177938882674,0.11602555304574906,0.11883239298781167,0.15133998316778327,0.09430274666851853,0.041397145276266346
0.07608747582478165,0.134850116124048,0.10329722073940979,0.10220857536746993,0.11867075261524977,0.1052632636340035,0.11448580757326321,0.1266449301706958,0.1184918579510783
0.05122308604571532,0.1474790311960812,0.09855649403804612,0.12804262098617394,0.12246330388460819,0.11498053602467823,0.12153015936302623,0.1227502848820704,0.0929744835796004
0.0690331451531752,0.14481646829604297,0.09282708394862371,0.10912145869352345,0.11849238268496386,0.10901161233870112,0.11448271538785597,0.1268821992485516,0.11533293424856199
0.03469062440662052,0.09090465053727377,0.12452116633725956,0.18281006171278666,0.12354829526363222,0.138972995710514,0.13858663407611507,0.09995286683602438,0.06601270511977388
0.1288305802894595,0.10444398118740243,0.08915903506816851,0.0883936059138094,0.10797251854685323,0.09972791612433374,0.10156559661878566,0.1214686448452293,0.15843812140595817
0.0915777418156938,0.10632575129244363,0.09405379970796086,0.13169554885967058,0.10848853818357151,0.09545560636328788,0.09734506805565991,0.11636873301908128,0.1586892127026305
0.13184293782903278,0.10366405164912862,0.10760232586496705,0.07305839057129625,0.11065137375126431,0.10221243560795991,0.11203506186454543,0.12098101203426703,0.13795241082753862
0.05600876701339943,0.14748007326856086,0.0961632032505589,0.1239463733629126,0.12110011280456097,0.11262327953204504,0.11862150164659868,0.12423809135776703,0.09981859776359658
0.09721768295731222,0.1272840025885028,0.09413622436741327,0.08912307704364826,0.11435623392042864,0.1045724222444524,0.11060251477810469,0.1267979297981731,0.13590991230196472
0.06279346713323604,0.1566136291798099,0.09732282668460475,0.09667811131171654,0.12175859793719877,0.11305061858617903,0.12214580224986314,0.1283641264839319,0.10127282043345996
0.06969552624080728,0.1419472363881746,0.1074625372132677,0.09826708340767494,0.12105209157226922,0.1075407000298259,0.11931986310119806,0.12753522182906116,0.10717974021772116
0.03955456583231546,0.12621964319786635,0.1108941811388094,0.153530353685242,0.12501304701845392,0.12455811731666705,0.13080585964253488,0.11290538460346156,0.07651884756464934
0.05194100396266443,0.12193883966566858,0.09757652373256502,0.17202980843399088,0.11605112417691389,0.10803105552353065,0.11067996188600178,0.11493939710456401,0.10681228551410075
0.10660539329361746,0.11720395141975382,0.0957683074981971,0.09017924189044707,0.11258798109259156,0.10180165467014508,0.10734107173494996,0.12470152938279903,0.14381086901749884
0.04394608667606061,0.13625879885580192,0.10800149287634016,0.14189270720635455,0.12443532373533607,0.11850955788854738,0.12663382000686563,0.11789593319101928,0.08242627956367436
0.1728160229832453,0.06791391889309904,0.0881261564606482,0.13209276025342476,0.0970548944739802,0.08988495467667713,0.08269464345810644,0.10209298838408021,0.1673236604167387
0.12330789094046951,0.10277821358384807,0.09320776895636362,0.09525927804209718,0.10862630281945264,0.0980501995478616,0.10058038198262521,0.12040213103281923,0.15778783309446306
0.06710218433252337,0.13986024581994486,0.09500354416059713,0.11783277675613675,0.11826989347230271,0.10749198550489626,0.11318758880583646,0.12524734932973589,0.11600443181802648
0.5520554185807451,0.001550351040581666,0.13649308779176628,0.035620315559050146,0.05069305364271034,0.10705129340360302,0.06784919002831911,0.024868024491573812,0.023819265461650457
0.04583383383783406,0.14076318756933878,0.10166102643520901,0.14134808706587973,0.12324733637500877,0.11803920426937535,0.1240680126104598,0.11901711155671818,0.08602220028017638
0.08360441855707017,0.1366034738103151,0.09069779556167264,0.09882643511482186,0.11565277415934584,0.10639671984168997,0.11104836554855295,0.1272689846413166,0.12990103276521484
0.09111459341217924,0.1264149389391059,0.09416279286045019,0.09916459176644073,0.11439946239191623,0.10318893861113286,0.10849648193485668,0.12566593109282853,0.13739226899108967
0.08585104970049995,0.13852445300708727,0.094788889298683,0.08910005602866428,0.1168538250931062,0.10755179983780187,0.11479788096090686,0.1284678699151802,0.1240641761580703
0.039576005556829275,0.0996975019914267,0.11142160308358291,0.2043591059716249,0.11867953937764408,0.12248565705884162,0.12231533731215793,0.10513452276292895,0.07633072688496356
0.04565923629634814,0.12962503366776368,0.11165246981431447,0.1492907205426827,0.12318799437447724,0.11480203358358576,0.12350880003399885,0.11751952027184408,0.08475419141498518
0.06326143132193106,0.14992370184040477,0.09714160515355452,0.106490676772336,0.12094275135600474,0.11104760489080605,0.11891755207469201,0.1272742256492905,0.10500045094098027
0.05766084696147215,0.1265746985753814,0.09597805040890088,0.1555657661402209,0.11593943859181023,0.10589994968322351,0.10938608860157091,0.11802037263649155,0.11497478840092841
0.05626946334032893,0.14755936980796602,0.09608266987435439,0.12348138521721586,0.1210588838203522,0.11253826162379815,0.1185431171855909,0.124339366904687,0.1001274822257066
0.1364897100839627,0.08471649486827278,0.10393950876911213,0.10890856592664933,0.10559721112184943,0.09276911465662523,0.09392538809730178,0.11257378966207,0.1610802168141565
0.03443239541473613,0.08844870735298298,0.12609063018214847,0.18335410376278838,0.12349661836654018,0.14034510443444734,0.1395064033014979,0.09901133754296125,0.06531469964189736
0.04237728921585914,0.13475874797936016,0.10864221880116243,0.14349418417565282,0.12486469740264111,0.12048208839564896,0.1282823239946178,0.11667192432414475,0.08042652571091291
0.06577337623837409,0.1500787575101459,0.09697396241209973,0.10222178824604537,0.12066097165515043,0.110762970524246,0.1188754861686806,0.12791464778216952,0.10673803946308824
0.036968609674937085,0.10975572300542806,0.114923133071323,0.17230718925282684,0.12406661579449947,0.13038694729531444,0.13317618625582642,0.10682089869518206,0.0715946969546626
0.15794165187695333,0.09429400553138838,0.09356445449185624,0.06912719796001345,0.10522247822882018,0.102136010263899,0.10627845014861559,0.11841910263918937,0.15301664885926444
0.17286120331916519,0.08530115634267858,0.0952214478515307,0.0702411396941241,0.10381124827619541,0.09976282127008858,0.10311251496865037,0.11573485527937054,0.15395361299819652
0.09807366207070707,0.12792504118446515,0.0948261805455951,0.08652140619886044,0.11454945327959541,0.10509650231466659,0.11166522224809101,0.1270740529230673,0.13426847923495175
0.05084948841281475,0.10988959403517057,0.10899590875915843,0.179843371772871,0.11531278353854961,0.10521862656040665,0.11009863435130186,0.11193740828419779,0.10785418428552933
0.06147085091159019,0.1444626334736627,0.09750519812192449,0.11786567517390435,0.12030428096189301,0.10982640087096406,0.11679133607560661,0.1254328558765474,0.10634076853390713
0.0659287088208552,0.14117145188603294,0.0942865122763739,0.11871868273500275,0.11841400891462332,0.10810730978529633,0.1135152343741593,0.1252212443362309,0.11463684687142532
0.03354082276065538,0.07652080352973618,0.13361414314484182,0.18723751014567913,0.12267322127636497,0.146865367331621,0.14317120337868616,0.09434648950730316,0.06203043892511225
0.07102932347430864,0.14749811550509634,0.09393216173619234,0.10046055360556812,0.11907430435577969,0.10978399586632069,0.1164525834977388,0.12818054769881979,0.11358841426017562
0.08182592503381132,0.14114125122580254,0.10027185677207327,0.08701561853315738,0.11858120539919108,0.10811870016689618,0.11811248932798833,0.1287074440745644,0.11622550946651555
0.0707828454770043,0.14223025516477544,0.0962968269866023,0.10636171707963753,0.11885751698400561,0.10790918336098125,0.1149357055972075,0.12706541755212078,0.11556053179766534
0.0424861473179593,0.1147477493146784,0.1132409409627484,0.17587558899296432,0.12126511159842325,0.1168204633168442,0.12252953255944737,0.11192544735719352,0.08110901857974122
0.04345367468651912,0.14326720190574005,0.11549017050179712,0.12050110365702144,0.126791883948165,0.1185204183841631,0.131499782969851,0.11988283096190606,0.08059293298483712
0.03824779516761834,0.11249052164858035,0.11838589543214743,0.16796043147026338,0.12429142547252763,0.12512419172924275,0.13123669036536292,0.10943020433908601,0.07283284437517118
0.15882275054492032,0.09054397061824697,0.09246162441567389,0.07743425699191041,0.10526749832825417,0.09902133961359914,0.10120276016113054,0.11792133912682941,0.15732446019943513
0.035349455200035705,0.12895313850282364,0.1252351047889974,0.12084937130388246,0.12982758157129656,0.13126769468024213,0.14392832289206317,0.11127832920567497,0.07331100185498397
0.10865708185243611,0.11995400242926886,0.10048808389769258,0.08019726105224799,0.11375295093138775,0.10407050596540436,0.112602215799693,0.12563742717791057,0.13464047089395867
0.06573048080495013,0.1434025051918469,0.09251888808449837,0.11762786102856158,0.11834574092212785,0.10893976593540396,0.11370546367015122,0.12552831044249782,0.1142009839199621
0.05544716329333616,0.15287664685458144,0.10421368131492643,0.10625235584769493,0.12372777438203549,0.11319771173235965,0.12428453124249604,0.1261725047452288,0.09382763058734112
0.05162329745717766,0.1475015641928393,0.10457766610475593,0.11995313087895482,0.12374674258011042,0.11389664379640628,0.12365131739904767,0.12374890083745438,0.09130073675325355
0.05127520971706238,0.1473091905712197,0.09848770634878541,0.12836671488308152,0.12240728520722137,0.11491843866718172,0.12141053284418547,0.12271981517286788,0.0931051065883945
0.06154290598497527,0.14812599451685607,0.09474074798112597,0.11508050561286716,0.12021001837835839,0.1110717732931425,0.11715195307667038,0.12601400233938786,0.10606209881661648
0.0578348150504869,0.15018081389769614,0.10494164583781145,0.10641738315953779,0.12317953268528876,0.11171393106154726,0.12286182717087012,0.12646870052003004,0.0964013506167316
0.039636372284241,0.12404279758777688,0.12199390924863934,0.1451406512981712,0.1262387954570416,0.12162037640884737,0.13248643076960406,0.11389972268624245,0.07494094425943615
0.08002008853402463,0.13690286307563174,0.09456201764596768,0.10055978408918313,0.11693857065571507,0.10619549801920913,0.11245685326891747,0.12720826797516804,0.12515605673618316
0.0686795364653661,0.14576483387027403,0.09530397439048992,0.10563267455322796,0.11936171377160672,0.10923486210845733,0.11610307113122108,0.1274067665663625,0.11251256714299436
0.06649132089085509,0.13702309633616536,0.15137877523234153,0.07885376609043958,0.12190158621874496,0.1052520007767163,0.13146885323339635,0.12190720044706989,0.08572340077427089
0.08046116381297458,0.14301312326424723,0.10084843318791174,0.08599309991501114,0.11897907158252974,0.10870489876509855,0.11921558918754527,0.12885270856715111,0.11393191171753059
0.09786090039466551,0.1296438000059777,0.09935153258754427,0.08125970607431134,0.11558189623399466,0.10622566696036928,0.11527365429394076,0.1273657657280125,0.12743707772118398
0.06792194856636675,0.030975900163871733,0.1750786432926447,0.041866199362812904,0.07317023570745257,0.43316468203151776,0.10372514156175783,0.045407516630079026,0.028689732683496744
0.05715009543070886,0.1452367306953214,0.10126653360273667,0.11962207309664945,0.1218295265436377,0.11109075112035816,0.11949566464409737,0.12480712193565047,0.09950150293083992
0.09185297424313871,0.1262606974425019,0.09166746598754594,0.10042983414512847,0.11367921186150105,0.10315844894903263,0.10742806369701909,0.12541633412138806,0.14010696955274413
0.09393443937367295,0.12547556304602847,0.09464459471309432,0.09602226851484706,0.11427287550259102,0.10320856088277568,0.10879566264900413,0.12584527010123953,0.1378007652167469
0.1614887520175081,0.08496866098775463,0.09212712613313924,0.08850072437452795,0.10420966392053711,0.09616173044067489,0.09610141848856091,0.11520241496437082,0.16123950867292638
0.0631230558927479,0.1471329953680274,0.09611266165864717,0.11228552854772866,0.12026739294639029,0.1103307605129175,0.11719494234727139,0.1264316805833738,0.10712098214289589
0.04939011745442715,0.1416031067075412,0.10939669941569102,0.12722847490318887,0.12410620247342367,0.11368188565088215,0.12422507529389216,0.12197096950663759,0.08839746859431626
0.0835327305184393,0.13961612100527773,0.09226166424464832,0.09321797944172205,0.11656796431327555,0.10763275467233008,0.11351555241711768,0.12826242238795502,0.1253928109992343
0.06808545620645785,0.1400493197020085,0.09107411137350035,0.12015183082894905,0.11705844820458844,0.1075701031330991,0.11145051046341233,0.12485295967235117,0.11970726041563313
0.0489924481140727,0.1498908722669077,0.126782884617724,0.09699447972422041,0.12651751755801222,0.11278487097492414,0.13208974017489508,0.12354493362606156,0.08240225294318206
0.055322488971455495,0.14948458685989252,0.09696031513964874,0.12062943689283682,0.12174982395222624,0.11334453832087393,0.1199896219744449,0.12462388191180185,0.09789530597681945
0.043577644622467854,0.13321675503368147,0.1032112302595603,0.15405389864918415,0.12287912767271274,0.11956760051656078,0.12442796282350323,0.1160771301660301,0.08298865025629935
0.28803892976177065,0.028176160999126704,0.19317758352899198,0.08517343878645411,0.09234873867684494,0.08656056072423972,0.08181612018820517,0.07724812244408154,0.06746034489028517
0.0917202024377048,0.09403260556962435,0.08212311471375487,0.16716774806714674,0.10043721360564138,0.0903485378473007,0.08704257876471984,0.10712882210573893,0.17999917688836833
0.042206812659111304,0.13510877590352285,0.10718711365493751,0.14459394576717602,0.12469487397718582,0.12112470141883519,0.12818400218665318,0.11640994009884142,0.0804898343337367
0.0386415823330307,0.11908211783504093,0.11072056814015664,0.16539592369114411,0.12404914708134575,0.12654583223439067,0.1305124447903273,0.11021732961391963,0.07483505428064424
0.051252451335362735,0.14230270428459857,0.09738060912801973,0.13879819931870488,0.12117091020094596,0.11395922402224101,0.1190413865413701,0.1211991379239768,0.0948953772447802
0.10999263918404922,0.12047693735323335,0.08940147019082349,0.08556352230907444,0.11141617884252518,0.10382511734314064,0.10751625497729422,0.12557252292357343,0.146235356876286
0.055901339444802724,0.15113333389495068,0.10367899653254257,0.10904433003874843,0.12337200166266421,0.11270888319002041,0.12323158911737543,0.12597274976584558,0.09495677635305004
0.12021297003130216,0.10162844151808392,0.08010215380808548,0.11464144575084478,0.10402635338279144,0.09643797892511603,0.09350929119792328,0.11675025761075682,0.17269110777509603
0.05406119553070297,0.14912351775841656,0.0974155280048868,0.12262020509482385,0.12198741189980927,0.11381498154649854,0.12046311960340884,0.12412920743663751,0.09638483312481583
0.049013479105110024,0.13197825945438432,0.11183088629202341,0.1419661515557119,0.1227103001372045,0.11192426575239596,0.12151436603472536,0.11953706805685387,0.08952522361159061
0.04666235230184401,0.13878705193888774,0.10220868401249854,0.14373736409482285,0.12279293201490414,0.11664708600056993,0.12283213393896009,0.11906029105025297,0.08727210464725978
0.04572874838044805,0.13391829547529077,0.10253784827772744,0.15299203702990152,0.12214762652966255,0.11679305116405725,0.12206493285023419,0.11734365754139692,0.0864738027512813
0.04464324852572382,0.11899146704527959,0.10756799754146262,0.17459703061415824,0.12017877088029964,0.11475005612556015,0.11947446384227911,0.11331206987721665,0.08648489554802019
0.11974168044748086,0.11678082864186472,0.0945042932426659,0.07523548937405349,0.11117738438677478,0.10512531884597291,0.1115051890015013,0.12480451995229651,0.14112529610738958
0.06441405668784024,0.14781121330913474,0.09854135459634289,0.10634839610505242,0.12083757691078278,0.11014877945699336,0.11851148782633501,0.1272377355006453,0.10614939960687327
0.19694966391811228,0.07728104769939392,0.0928322397281179,0.06300824587035934,0.09955460201601359,0.10080142388681113,0.10294985490687898,0.11125928811058594,0.15536363386372684
0.06385749140401009,0.14580497658682434,0.09359102145056608,0.11601071601949527,0.11926503467152731,0.10996046838381136,0.1153845140749132,0.12588244858219488,0.11024332882665751
0.05022921844897827,0.14327525788270704,0.10650794524675837,0.12672291232671368,0.12370395576561304,0.11374080882577581,0.12342621771229921,0.1224195685946017,0.08997411519655292
0.10859534476819226,0.12329882904553473,0.09108636994307402,0.08196854241042988,0.11227478412069365,0.10512097906986995,0.11002907041556131,0.12632035572362843,0.14130572450301584
0.16855274478296525,0.07512032533261061,0.07499054105333512,0.129887560535356,0.09541854277244123,0.09192973995212494,0.08260780388913595,0.10474766172058873,0.17674507996144215
0.05027271515144575,0.14691252237257146,0.11496295446496801,0.11124003368882567,0.1254073526541924,0.11327115935903075,0.12733657579339283,0.12378715713153492,0.08680952938403823
0.06454523212128732,0.14175837876102168,0.09210105048184232,0.12291249104796392,0.11795207545369946,0.10863790078203962,0.11285451357615532,0.12459394652198681,0.11464441125400364
0.033528749026512476,0.07681263456512329,0.13358560909081515,0.1866430475997399,0.1227694451229951,0.1468312794604698,0.14327228593062916,0.09444777225558405,0.06210917694813098
0.07901745580456872,0.10462021352420958,0.12201780052762283,0.12930561109762317,0.11298586465636339,0.09563375845009921,0.10365052676798088,0.11603184369329855,0.1367369254782336
0.048888872287438656,0.14524384508089194,0.09970865142214845,0.13328794949593034,0.12282280349157386,0.11613163809002776,0.12251858771943913,0.12133806469230878,0.0900595877202411
0.19454981829355758,0.03668730986851774,0.20809243006414616,0.11437123596089538,0.09745972191152624,0.08691040209543956,0.08369399999334536,0.08415097190811392,0.09408410990445813
0.2961187359844019,0.04493516479736232,0.09871285028783372,0.05146993023353333,0.08629221269471078,0.09809144715195374,0.09681996291876409,0.09013508239680663,0.13742461353463356
0.039381530581723175,0.12540561952380513,0.11115542999255938,0.1544114178304878,0.1250015569148659,0.12483729231848166,0.1309678947889442,0.11260426463288518,0.07623499341624762
0.04663251472685883,0.13043103032725964,0.10052262686126025,0.1615769522996107,0.1205434362298109,0.11530590837531761,0.11915345380273885,0.11638104951979167,0.08945302785735147
0.053306049444128666,0.14862740510162534,0.09765930822355162,0.12429313148698747,0.12208166969344786,0.11407337264073798,0.12065798992096133,0.12374989262803794,0.09555118086052182
0.3439272966466458,0.03514048863945697,0.08395182160076374,0.10471132002579737,0.08677910819036257,0.09539162702277475,0.07524183902077432,0.08213828866980577,0.0927182101836188
0.06801223766774826,0.10603621723679191,0.11008836299286943,0.15431171451298917,0.11148323465731887,0.09655237199041407,0.10194363653604029,0.11346193338451267,0.13811029102131533
0.06304289761021277,0.13466737335823598,0.09758442179702916,0.13061313733386407,0.1180419520994583,0.10652490183382017,0.11226497027475023,0.12280714874460201,0.11445319694802736
0.0399929574260662,0.1250094135105013,0.10819758569047166,0.1601675793355796,0.12395689580881068,0.12421243775889472,0.12882878379353982,0.11243495854341874,0.07719938813271726
0.07589730971179519,0.11988526870363313,0.0901382935658353,0.13806853876338052,0.11132709692712646,0.09985231347138596,0.10179792347659296,0.11883209891190738,0.1442011564683431
0.042343916213713036,0.1294082968273725,0.10617165738646918,0.15693681428629183,0.12330504491808704,0.12041762913845454,0.1257853202471993,0.1148839943074778,0.08074732667493485
0.04259954513453779,0.13363694855895678,0.10464643525378607,0.15101241321687517,0.12368420292774533,0.12088650772673509,0.1263318774050053,0.11584797571132381,0.0813540940650347
0.09331242127279411,0.1248457995424397,0.08870551296292335,0.10304899330217794,0.11246305886454822,0.10268973077240494,0.10553685183883216,0.12467765871835824,0.14471997272552128
0.04663978969453789,0.14912795537955184,0.11100000440235801,0.11444617879973766,0.1260198272895468,0.11677044959443361,0.12933588818866265,0.12236140042273576,0.08429850622843575
0.07420473943544316,0.14568199880982644,0.10593866699659137,0.08740285075868888,0.12067193238310159,0.10896606276718723,0.12163354604706439,0.12862335749626774,0.1068768453058292
0.07790060832805057,0.0026026290599979003,0.31780543980344295,0.07624287191453458,0.08081465854238586,0.2654958396999117,0.1440081823363264,0.030813743147788463,0.004316027167561622
0.14006818935847962,0.04521356702398872,0.2581643594673416,0.08044341721462091,0.10623419668805616,0.09322174672416667,0.12002517367021744,0.08796263881172567,0.0686667110414033
0.12330789094046951,0.10277821358384807,0.09320776895636362,0.09525927804209718,0.10862630281945264,0.0980501995478616,0.10058038198262521,0.12040213103281923,0.15778783309446306
0.08863550876027963,0.13342284622287368,0.09020192991236502,0.0960306993542312,0.11473766869002729,0.1057036718113339,0.11008801982574494,0.12708757038360197,0.13409208503954234
0.2634777183607349,0.05508644628711107,0.09281816197446029,0.06142000489894801,0.09333554436349734,0.09705094360985739,0.09489920501166993,0.10073239218339634,0.14117958331032468
0.13871304341735494,0.10587857240938718,0.09242052386193013,0.07122233139616807,0.10778830680853835,0.10408440238815375,0.1088447725179658,0.12187531816071451,0.1491727290397873
0.04308906176054269,0.12571248130320564,0.10437566308664233,0.16675746367782018,0.12173884124983973,0.11896949183397187,0.12286939356103121,0.11396774054411396,0.08251986298283237
0.06232605962182298,0.15100511903818278,0.09762161611065102,0.10582381074006708,0.12130377622709736,0.11148744521661491,0.11968212380032976,0.12731083160848622,0.10343921763674795
0.07380495175493625,0.1309785284513276,0.09872491779417719,0.11592474870147988,0.11688684766518105,0.10397148935970231,0.11048539944767598,0.1243834802094523,0.12483963661606741
0.0717213252144518,0.14555065930208996,0.09317213579941443,0.1029693394940868,0.1185287444121194,0.10912669119487801,0.11517143962041293,0.12776271961766775,0.11599694534487885
0.05031590614555546,0.14137518229909563,0.09782877369987203,0.14114451467004233,0.12128738305546687,0.11440615704112113,0.11940454923393885,0.12062964127534055,0.09360789257956716
0.11560302345617095,0.11207581275220264,0.10224349141654354,0.08217404943995492,0.11254979597582666,0.1017102785144446,0.10959209068048438,0.12391770701020548,0.1401337507541668
0.0830119101847381,0.1354407249805303,0.09438513042326023,0.09809697734928326,0.11648989915402164,0.10588486606637389,0.11210864789137596,0.12728449625941277,0.1272973476910038
0.052904214304799656,0.11695969477547663,0.22731741088002824,0.07342312983527312,0.11752844482308993,0.09943297955305942,0.1423802618317717,0.10743239137111261,0.0626214726253886
0.06839167551113755,0.14047650001444484,0.09121225879510912,0.11876422312086558,0.11718051276122239,0.1076751521365979,0.11170479900497525,0.12510492921337524,0.11948994944227215
0.07999346234414566,0.1350196029412649,0.08934132742551044,0.1084163485539665,0.11503515735000835,0.10549239670388977,0.10898070275971074,0.12579438571963153,0.13192661620187207
0.04786355883951426,0.14121526525013325,0.09978362570720267,0.14158576916863877,0.12232616252926187,0.11626962419474358,0.12179674710722689,0.1198346491860618,0.08932459801721693
