0.18217886662972385,0.14500992976793214,0.120403236378674,0.12242169759324258,0.05918915769722063,0.11917197783100077,0.06543363925486835,0.10708945974339347,0.0791020351039442
0.09646001009039513,0.13300985473008953,0.10375176033572682,0.11264027400845499,0.07468937024568491,0.09820396727413022,0.12706259462370773,0.10596853798528832,0.14821363070652235
0.10230868318515023,0.053071871529501824,0.1384550665981457,0.11034596524853822,0.15420263869933878,0.09477428036275982,0.18247543667514168,0.03805453892099772,0.12631151878042599
0.10460336096946714,0.1486529803146572,0.10848757964748212,0.09804118717299959,0.07538573209476346,0.1055610928355254,0.09849201626261184,0.12872627667650371,0.1320497740259896
0.09173994782562254,0.10748009075041877,0.10940624505281438,0.09500641494802457,0.10895851050082256,0.07442327412458973,0.11978598547472641,0.15612373219417616,0.13707579912880488
0.15579321426733642,0.15075860881316236,0.11675593691162793,0.11510464795829554,0.06279767308577013,0.11783782432261201,0.07402235931680538,0.11320722533589556,0.09372250998849474
0.2429943341321624,0.012639827359430117,0.1619600676127492,0.15565560105984047,0.20103067992211734,0.02181936907381364,0.036886638514628485,0.15265384246989966,0.01435963985535871
0.11965423437053635,0.15271576847965984,0.1112158960790719,0.10388689911098897,0.06978643275391498,0.11141001028489506,0.08958502494186153,0.1227983466139715,0.11894738736509985
0.24425930195920395,0.09602483252097542,0.13214143947088672,0.16440204210316867,0.053121450768992384,0.16107639955687683,0.039733604930527036,0.06432778362406875,0.04491314506530022
0.09128390604205207,0.13442874383437622,0.10646289343047934,0.09178393736081085,0.08863071912957005,0.09416657123655524,0.10896261474755718,0.14022178214553546,0.1440588320730636
0.2685208320717061,0.008244309800787475,0.17271690519461322,0.10907142279379939,0.10183133942366629,0.012263643253257258,0.2668114688355336,0.052718081454592426,0.007821997172044346
0.09926058252919696,0.14302469505905432,0.10719581288579354,0.10205909256126396,0.07925007280459796,0.10975478342672478,0.10122336207236349,0.11921192805833201,0.13901967060267298
0.13538142831946073,0.1531199493094373,0.11379717494815199,0.10902297634581731,0.06624366922504976,0.11519384505707982,0.08196853118796009,0.1182755057837727,0.10699691982327036
0.1309319163925195,0.15154848327325357,0.11188508883674458,0.11257094695881718,0.06452061657233353,0.10741535205583969,0.09083592452041984,0.11819834490980075,0.11209332648027136
0.1386934977056913,0.15289136299037934,0.11428538628417494,0.11011537340134385,0.06558796920471568,0.11566786579742912,0.08064286017129575,0.11739751475697724,0.10471816968799273
0.11323549484746397,0.15163206179878988,0.11008615977767426,0.10150089524337447,0.07177428032593948,0.10933632127846415,0.09309373491696821,0.12502698096521664,0.1243140708461089
0.2067289652959958,0.00013990753952828627,0.12445998052537899,0.22036043677164044,0.3145463645175122,0.0076096046176209855,0.017024762391496036,0.10909827420688639,3.170413394090375e-05
0.10674709201657523,0.13849823855079604,0.1071496211792577,0.11643522790927348,0.07267856421124892,0.11265498594779687,0.10593539727362473,0.10306823162417449,0.1368326412872525
0.10105527676235153,0.14662559635332137,0.1078282251335706,0.09649862640870403,0.07744197947015426,0.10353557402950424,0.10096801138900106,0.1306758670115359,0.135370843441857
0.19687532528437487,0.14091437105082627,0.12258625274171535,0.12620623558245028,0.05746547961520599,0.1195017059263029,0.06099285157706245,0.1037146209944123,0.07174315722764954
0.1946687736389546,0.1415812218479321,0.12225854095436439,0.12554776456181782,0.05774921171147055,0.1195770062328767,0.061586650231946115,0.10423564194761091,0.07279518887302686
0.11164410382028998,0.14610828656896416,0.10912276913728332,0.10940443954133561,0.07218553961313418,0.11294914870604644,0.09646515078035696,0.11364107625872766,0.12847948557386168
0.09583931399727517,0.1307144089017368,0.10230558119795868,0.10836435304463764,0.07047123037129126,0.07591850185539936,0.145950064210223,0.1271272677042832,0.14330927871719487
0.11300464303415984,0.1506031673214251,0.10943023171444244,0.10368328296994868,0.07042931368718257,0.10575556513640787,0.09723237897739671,0.1243782960143897,0.1254831211446471
0.09535386912015616,0.13744294059396475,0.10518894278250084,0.09953912107441759,0.07776226351405797,0.08921739211863204,0.1203760878342467,0.13238636351708818,0.14273301944493574
0.22162503898445826,0.1326196811303497,0.12679385577718807,0.13329343504737096,0.054575140181774735,0.11871322910070592,0.054295733616563945,0.09774254327884431,0.06034134288274415
0.23531650219510206,0.1272542975836448,0.1296558380173479,0.13770662780590012,0.05298572758058372,0.11770584157442625,0.05083553943313337,0.09418726383812588,0.05435236197173595
0.08669135828700797,0.08671831269932645,0.11027838689515938,0.10292034399228416,0.14077873384729692,0.06630952072269186,0.12797992980730546,0.14175897002029775,0.13656444372862997
0.09687885772502876,0.14320952056181524,0.10710438269877826,0.09453527542548908,0.08071785948589855,0.10061298046068023,0.10403864868296231,0.13360995827901576,0.13929251668033168
0.17041495354690106,0.14662616348154386,0.11779417453870149,0.12474282005394703,0.05849979311998252,0.11216915175236569,0.07387188215427236,0.10890257146155335,0.08697848989073272
0.09331639388864421,0.010857748423097327,0.13513398421751913,0.04919211287619483,0.2312087885829691,0.4396292831705168,0.02428542508234122,0.010622795288741195,0.00575346846997623
0.09504449494187872,0.13337825130698144,0.10375664400260746,0.10364916987052497,0.07472453874845712,0.08173759469915319,0.1335186188809199,0.13043439577655466,0.14375629177292262
0.10559870425276553,0.14910623292054553,0.10866695818119831,0.09848560909048261,0.07486798127575534,0.1060275268498444,0.09787691338679327,0.1282280119875511,0.13114206205506396
0.1051704030643119,0.1489159280512619,0.10858974166213413,0.09829513532625277,0.0750872061623722,0.10582947830196203,0.0981404382501534,0.12843975534176014,0.1315319138397915
0.10192838252271563,0.14722170164586693,0.10800875897026618,0.09681436732639338,0.07694135173430917,0.10418864809155669,0.10019294365501664,0.1301880733538815,0.1345157726999939
0.0748745566547535,0.046639878863660784,0.12110462559563824,0.10404086101230836,0.27491121142347635,0.07009205534851866,0.11510188304125102,0.07878256548708511,0.114452362573308
0.10475937706248604,0.1465179143192705,0.10729042242497745,0.10236917159939542,0.07233619428260915,0.09879441780019467,0.10728952375754756,0.12700653970661405,0.13363643904690511
0.12380931630589483,0.1522155839374348,0.11132217677515399,0.10771170557747427,0.06737135053424462,0.10910168808708948,0.09100669828000861,0.12085186480541844,0.11660961569728091
0.08986259657854596,0.11985216648841422,0.10676562237195127,0.09416476189825564,0.09645698462664858,0.0808609444656437,0.12122735993402585,0.14702813711835083,0.14378142651816403
0.2534562395002912,0.009726598680145653,0.16736433706749318,0.15852879379220394,0.21021213634880645,0.0183588772002619,0.03568407825006852,0.1354684414333278,0.011200497727401384
0.09112707826616852,0.12505404966614084,0.10480071703639415,0.09876076893303114,0.08499818975287014,0.07909200088628549,0.13196878835976691,0.13870340391573446,0.1454950031836083
0.10514175335983798,0.14784016007576792,0.1079830955871232,0.10042491543094882,0.07362135796960818,0.10234869121216457,0.10249351887253248,0.12766438700394833,0.13248212048806846
0.09326458243411288,0.1385792092290772,0.10661140837679833,0.0927001561873234,0.08501709883284496,0.09717084914730016,0.10688638450166117,0.13725020186243556,0.1425201094284462
0.12192291270253798,0.14368493543513425,0.10600992750073819,0.12338137342091628,0.058302875973583114,0.08638467270208862,0.12280286598073141,0.11523624873810356,0.12227418754616655
0.17137713960624765,0.14708093982249373,0.11843719092591838,0.12219151555996426,0.05950971286557599,0.11556163015834746,0.07104119226790566,0.10916124503812234,0.0856394337554246
0.09055548852805567,0.13236457619765016,0.1065063234125982,0.09134469314738021,0.09061171026879682,0.09289493302919878,0.10950553593181833,0.1417842476798478,0.14443249180465406
0.20046802128236638,0.13980088465646687,0.1231315800924349,0.12728555705487893,0.05700744780203463,0.11936009672716986,0.060034983763679224,0.10286212453889965,0.07004930408206962
0.14694825686916743,0.14595487134875026,0.115930905411632,0.11812247143567715,0.06650586738229004,0.13008040293132717,0.07234030134880541,0.104959916317359,0.09915700695499163
0.09004557244179141,0.13061415096522289,0.10660329518751026,0.09095852782147064,0.09242551449242416,0.09194781824104255,0.10966857310220213,0.1431784416116421,0.14455810613669387
0.09000914718843928,0.13037857694113936,0.10659940769465613,0.09100208767473429,0.09254139216888935,0.09170964523087995,0.10989183500759626,0.14328455126780726,0.14458335682585807
0.09362440798592181,0.13079561019398048,0.10373996926414597,0.1026496884382364,0.07684143662732511,0.08014743885639337,0.13521478223479136,0.13224018280994446,0.144746483589261
0.22390813607724347,0.13175736451603817,0.12723226329209547,0.13406604965963767,0.05429017908069748,0.11850481242419418,0.053738335117638904,0.09715892550673684,0.05934393432571788
0.09544865314170126,0.13384053016848182,0.10416488283308019,0.11065827544180588,0.07686266534589509,0.10064131757395245,0.12234022238015387,0.10772486041124468,0.14831859270368483
0.10362064699218392,0.11411647220805553,0.0924061594891713,0.13747338943491583,0.04780761687699953,0.05136469362477016,0.2175524376403427,0.10506506918892007,0.130593514544641
0.09679319494325789,0.14317749466530572,0.10711568296172298,0.09440202870247678,0.08086938903142267,0.10070513385786588,0.10388932902412218,0.13371705523390678,0.13933069157991915
0.08706153175274768,0.14051678027180683,0.10963915695180992,0.06561897576510572,0.11445281914782764,0.14162476010429817,0.0629421907127257,0.15014625927163605,0.12799752602204226
0.10875638371653466,0.11951472740196108,0.09373165299845021,0.13965503230423268,0.04675514749416359,0.055180754365871616,0.20411222274212446,0.10424422201383328,0.12804985696282842
0.08420632348707291,0.12359332459893567,0.10302027326899861,0.10273376514621936,0.09296346253551753,0.09470560521262326,0.12623192248121748,0.11467365845671255,0.15787166481270265
0.1682035818300922,0.14139446484381646,0.11387279060729116,0.14081458548554987,0.05179154364625515,0.09328019691253693,0.09338440222487095,0.10546843270346147,0.09179000174612573
0.1517744973276105,0.14272437457723955,0.11055104212872675,0.1371291674895628,0.0527099977987901,0.08948360066644319,0.10567273154540051,0.10804279131242149,0.10191179715380509
0.10726480995548864,0.11770500332896071,0.09311282528091376,0.1394750772240774,0.04670809239300525,0.05372381976519249,0.20926758448329663,0.1041000904809699,0.12864269708809525
0.17041495354690106,0.14662616348154386,0.11779417453870149,0.12474282005394703,0.05849979311998252,0.11216915175236569,0.07387188215427236,0.10890257146155335,0.08697848989073272
0.11118453987544208,0.15118350656098908,0.10975755078410641,0.10054088663388416,0.07261736562756803,0.10882141337936595,0.09400344242935037,0.12586782460385468,0.1260234701054392
0.08240378889265278,0.12429964683982873,0.10351117367446434,0.10308067029624923,0.09892540870696924,0.10673184328994038,0.11192274897208576,0.11083455674521143,0.1582901625825981
0.08413707941279948,0.11909091420035671,0.10347284812833268,0.11526414628412511,0.09467398341765265,0.12456776565375978,0.1095658209108167,0.08764021830655905,0.16158722368559789
0.09219293964806458,0.10446440654684215,0.1107095224660662,0.09369551584105634,0.1161197113156987,0.0752928502036178,0.1127594565781596,0.16072934143560283,0.13403625596489185
0.11856477957186617,0.124139177455153,0.0957540197829508,0.14465782637428873,0.04495135594014114,0.05901118480850257,0.18873012423682267,0.10244199069386921,0.12174954113640564
0.15083944258847445,0.1515139249654676,0.11604142207670815,0.11378317813721223,0.06351247477757992,0.1172196770775294,0.07592337356606832,0.114372544707831,0.09679396210312892
0.08948042428319271,0.1222798620941451,0.10690293727275742,0.09239617167464688,0.09718158813248622,0.08443891527960297,0.11602053017445126,0.14724409132761948,0.14405547976109795
0.11116657732559661,0.12883028732062743,0.10951346030365762,0.12860788257818587,0.07678421553106361,0.14700732615247242,0.08320804341229886,0.08468519756069609,0.1301970098154015
0.14836088320284377,0.1519172553978042,0.11573626820114703,0.1128298362498832,0.06401296980867373,0.11724619627553938,0.07661190933263191,0.11501574851744063,0.09826893301403612
0.10935001133477214,0.15065303337087113,0.10943190829808987,0.0997726899626072,0.07336217879440506,0.10814326225259814,0.095029305241563,0.12662947797817728,0.12762813276691606
0.10336681040852064,0.14224518408775969,0.10681242002337925,0.10841326075605749,0.07403399106610269,0.10581733625658048,0.10750174013191387,0.11432445375185873,0.13748480351782724
0.14181636628350403,0.043670791837315266,0.134324204979679,0.12330591496864858,0.1921585195427926,0.04061809159283485,0.08537134739249701,0.17489191391138834,0.06384284949134028
0.09051230342740164,0.13222471076465814,0.1065112852694372,0.09131809421847221,0.09074680290996297,0.09281029698974115,0.10953697076743074,0.1418899521600089,0.14444958349288706
0.11232757616513626,0.15142226483076135,0.10992684041223849,0.10113238411369736,0.0721052605285957,0.10903029602853131,0.09358780701635883,0.1253762821756629,0.12509128872901779
0.08134551477175839,0.12067860306573852,0.1027337327575671,0.10611560000722847,0.09878336981247722,0.10549782226432963,0.11862567335587328,0.10431692261861227,0.1619027613464151
0.07924467073999956,0.12017995310921864,0.10312379381887249,0.10915571619795883,0.10614285771904432,0.12290556269324625,0.10001749086811905,0.09928979301618217,0.1599401618373587
0.2190280360509599,0.1335818971326124,0.12630983203516086,0.1324268558970586,0.05490010445855145,0.11893860328480536,0.054932960953971044,0.09840002866999036,0.06148168151688998
0.205240030693457,0.13069582662878035,0.12420469424754021,0.13522753342216623,0.05778262331756192,0.13236932902628737,0.05511512483298318,0.09202037844849768,0.06734445938272611
0.07281814462759977,0.0656329382583072,0.11046300165496538,0.10520747887341886,0.1976738543000116,0.07486163874059054,0.13846249615272657,0.08665839244124683,0.14822205495113325
0.10848738943066306,0.14815145409689798,0.1079725428199927,0.10402302538386128,0.07066874138891005,0.10056336805746657,0.10451291356884596,0.12533756453194214,0.13028300072142032
0.09548282913493518,0.13598923410149327,0.10454814312240672,0.1016569023691742,0.07599493745408768,0.08591088210573972,0.12612261224173504,0.13121255931899023,0.14308190015143793
0.12586855393775556,0.15318040952388937,0.11226285519481509,0.10603986850217577,0.0682069962758188,0.11306332704037325,0.08644934106497638,0.12088934987429512,0.11403929858590077
0.11533687923177723,0.013533427458406432,0.1967445724779898,0.09990166282870655,0.3704448821813496,0.1541670412697963,0.027002467149556217,0.014064565815217657,0.008804501587200269
0.07778932192314293,0.09007182219839253,0.10182637921525355,0.10164427592666825,0.10835591068834531,0.08488845016437681,0.18560262657310456,0.07404676966803701,0.17577444364267913
0.12987227846528657,0.054284234950682554,0.13045320145860964,0.11330841103256656,0.17784454452890144,0.05024146328748271,0.07965808576637654,0.19112476181527785,0.07321301869481604
0.10549515034397035,0.08449913446262364,0.11445136708892671,0.1077718791147473,0.11480034954573977,0.054941329316195046,0.14077872709125314,0.160216430878408,0.11704563215813601
0.18895783706326383,0.14319822306157762,0.1213922737169098,0.12414991780266126,0.05838755652410266,0.11939228228702355,0.06333783033316166,0.10554173444154374,0.07564234476975588
0.09191428827080068,0.1292659551744991,0.10587842028484074,0.11566232416022078,0.08863330802838833,0.1353073139221586,0.09231109360986804,0.09382925967935297,0.14719803686987085
0.20332156136595922,0.12267018787617,0.12369271059860747,0.14838381787290547,0.0564797475920264,0.1366781440020682,0.05619453614379257,0.08275231751414652,0.06982697703432421
0.1481078353467569,0.11448033769091244,0.11535061037095411,0.1503394104458203,0.06712431549342329,0.17565402068611521,0.06172117863513569,0.06915839725664219,0.09806389407423989
0.08643296317222761,0.12602069768524482,0.10465723135859133,0.09681032392520501,0.09394890634152032,0.09114533548621585,0.11952845267501676,0.12985226384647666,0.1516038255095016
0.0908963604727115,0.11016629528048345,0.10898757531407832,0.09379404514563376,0.10792942674479365,0.07691666195535889,0.11746861180926804,0.15524607314785124,0.13859495012982104
0.22062804449105364,0.1158538853632942,0.12686443088655688,0.14818840487894275,0.05649129758241555,0.14704773878174457,0.04774468667693501,0.07861141252914956,0.058570098809907926
0.06391104116290407,0.047651332231561115,0.11358265037693521,0.12816670546294087,0.2929287246060268,0.09051034341633908,0.07621576012275977,0.07529220863468979,0.11174123398584324
0.08200889299832174,0.10059699925597004,0.10408710987542158,0.10262079579263227,0.11150805571933825,0.07188513571066485,0.15065728114001034,0.12193144295551185,0.15470428655212903
0.10055912362646376,0.1406357144315072,0.10574938514019422,0.10741561309608184,0.07405970094597843,0.09995053458753023,0.11440932709049745,0.11674254516523234,0.1404780559165145
0.07940322642168103,0.06350046664977803,0.10895329337180655,0.12204248635294468,0.12669323992145387,0.31673548828661885,0.04550594735796889,0.03491909518184469,0.10224675645590359
0.2207591365119654,0.008721442803400084,0.24322510784404586,0.1140136625377069,0.2945317572598676,0.08116883201861291,0.02079181992309207,0.014370397176848388,0.002417843924460855
0.12231351915484183,0.1530015978508363,0.11168852850868051,0.10474941289291136,0.06912005513756449,0.11226700494861658,0.08810135446834784,0.12197786297753303,0.116780664060668
0.08907011252969436,0.12262424451915778,0.10732872376150666,0.09050165751259577,0.10000793234217666,0.08708541432703254,0.11084839026419091,0.14896169487737895,0.1435718298662663
0.09125168723214382,0.13259035910782185,0.10602921472505285,0.09356060509269237,0.0874654111480065,0.09050181511511242,0.11417915483367387,0.1397138516265538,0.14470790111894247
0.18293246270145772,0.1392853459783341,0.11690367833205767,0.14332733268307893,0.05121693337358887,0.09655053522222638,0.08341574296354126,0.10310349873945901,0.08326447000625603
0.0918857096060615,0.1358881989920732,0.1064837632545234,0.09206927022913064,0.08734563510434401,0.09518784943754423,0.1083217872557845,0.13917841814900409,0.1436393679715344
0.09886382719129683,0.14027331623924164,0.1074572543354128,0.10663850201464813,0.08172464336003181,0.1210965806155417,0.09495750929775047,0.1096188088118313,0.13936955813424534
0.10138815521944271,0.09716115417590306,0.08969224419172121,0.140256845579472,0.047100467165796446,0.04064011200749645,0.25512514971708816,0.1030331428648447,0.1256027290782352
0.09740178178849827,0.09162941631707532,0.11474689598781602,0.09659934768772134,0.13143243827698012,0.06917164245333864,0.1066419560761394,0.17053772499771327,0.12183879641471758
0.09841164556261256,0.1446651895011449,0.10737523597245922,0.09521711341445847,0.07941543631222069,0.10187620182108525,0.1027578706403109,0.13244790852308483,0.1378333982526232
0.08511465225653646,0.11311406559789938,0.1001215720488013,0.10778893807504908,0.08360488625893191,0.07337841055294103,0.16856816147137943,0.11032191332177628,0.1579874004166851
0.09000750693027532,0.12771967596991607,0.1062920671736927,0.09279259583256483,0.09195463137787147,0.08753314727726687,0.11546188704095106,0.14325360678846166,0.14498488160900005
0.07827493451878455,0.10363671849573657,0.10447567601524037,0.10094928274482418,0.12492465504337592,0.08506451189125024,0.12297323323375454,0.12305266613370813,0.15664832192332545
0.09141427966716824,0.12908686893995502,0.10511906013023685,0.09719180621116232,0.08470951877982265,0.08370807794857615,0.12514843837190875,0.13819182115726356,0.14543012879390652
0.19664038356270538,0.14048578605127468,0.12216611986096086,0.1291520914407774,0.0564518979299724,0.11616999603833113,0.06293345143601468,0.10340926363698165,0.07259101004298188
0.1363057230470828,0.06309847333622427,0.11637861854886872,0.12557538708193716,0.09937131848084524,0.03687361658365467,0.18814662633033521,0.14469121176111688,0.08955902482993498
0.09485035225722871,0.13808414936760183,0.1056709313892152,0.09750064097305015,0.07974997827400254,0.09174561385434064,0.11599643013796508,0.13374389395320455,0.14265800979339135
0.10138815521944271,0.09716115417590306,0.08969224419172121,0.140256845579472,0.047100467165796446,0.04064011200749645,0.25512514971708816,0.1030331428648447,0.1256027290782352
0.1322265811924924,0.13357218317342773,0.11297322825038604,0.13146441657261274,0.06928521360426525,0.14200753268332553,0.07708353795560294,0.08865618400476383,0.11273112256312366
0.08424411807295364,0.12632371272639045,0.10368756414871587,0.10575865414661471,0.09484788109713253,0.11115226509191835,0.11038388578764481,0.10630258751772442,0.1572993314109052
0.12287293207374776,0.15303973743833274,0.11177989614993632,0.10495521779851817,0.06897073995920718,0.11239864244791635,0.08783687716022454,0.12180254847015275,0.11634340850196427
0.3986614352446576,0.0003867567894213117,0.22866943958876174,0.04686551935833485,0.11284174423248879,0.16724485360826868,0.024157688801613383,0.021161730608249996,1.0831768203642095e-05
0.09450432833474683,0.1008268914120559,0.11051536286705649,0.09856501017074093,0.11055469124523161,0.06808012928387012,0.1267561634147615,0.1575616453489286,0.13263577792260797
0.09405292789593798,0.10038180747525584,0.1114698119366479,0.09611944492033893,0.11699803346698362,0.07109940899910083,0.1170211694202149,0.1616011148015031,0.13125628108401696
0.0965775438798679,0.13870169143728808,0.10521186861723437,0.10061490868862372,0.07616042947297468,0.08968520076841445,0.12020120708229219,0.13106411392478493,0.1417830361285197
0.20322679267485536,0.13846643224418592,0.1232246300097523,0.13100111838716988,0.055695439746918186,0.11611470960801784,0.06097423386007952,0.10187456617916439,0.0694220772898566
0.17759292163159227,0.138963025718095,0.12012433005179984,0.12726837258095552,0.06166484618027609,0.13290289350370088,0.062407999439239546,0.09793211495180408,0.08114349594253677
0.12631999008409578,0.0019866167619668937,0.10785066547252133,0.1292565248070411,0.3466359811068043,0.25843310088616206,0.020712262733677073,0.008541255140118114,0.00026360300761334084
0.09414678749813864,0.13991967687162402,0.10670397188784735,0.09318341053753837,0.0837458555281075,0.09809360788945914,0.10622941825497219,0.1361991902327272,0.14177808129958555
0.09183237503951168,0.1222937184822462,0.10362473439705289,0.10291930898927575,0.08066487207874734,0.07330127943274804,0.144636069554087,0.1355818268682044,0.14514581515812672
0.07487347334868084,0.008086498772645978,0.11488745202763724,0.08908721659701542,0.3119590949989867,0.3602396228598925,0.025839912646127745,0.011318123279429701,0.0037086054695837593
0.1531110350101084,0.024302177446901208,0.14454256980428967,0.11071996044040473,0.26605481546935833,0.029875793989443487,0.11072303239052454,0.11342604754323848,0.04724456790573119
0.07374475010345422,0.04702109560209922,0.09102117218199501,0.19006882822019466,0.11426579396371166,0.36380732234937824,0.03754838735154459,0.02707954816797929,0.05544310205964306
0.08676127966918629,0.11231079802659978,0.10392486386951845,0.10162561972547828,0.09440018083873841,0.07314088308608291,0.14657344148331683,0.13093194090542593,0.15033099239565298
0.09043346214517277,0.1319629352473989,0.10652123549102084,0.09126934355061507,0.09099996185663826,0.09265238072941988,0.1095940449747136,0.1420877595579034,0.1444788764471173
0.1978898231875784,0.14060342462132439,0.12273871090692323,0.12651004693204035,0.05733566601799894,0.11946409417645966,0.06072126892714933,0.10347445130312005,0.07126251392740555
0.08976927053921786,0.10531172748202577,0.11161402327620977,0.08618912969905203,0.13041264559784022,0.08643496448740069,0.09109301867380577,0.16819944952184498,0.13097577072260283
0.127186633211283,0.14939726203721912,0.10993920604375161,0.1160799534980436,0.06263776925763874,0.10000791094249607,0.10066125687518829,0.11767560871066435,0.11641439942371519
