0.046772700059163945,0.12306000899805687,0.07299136480319209,0.053359939090596976,0.08364617833622368,0.06979130649123667,0.08705563885373159,0.2392790269313663,0.2240438364364318
0.05303518222659757,0.18606645959265686,0.09835487498681424,0.27362024761269493,0.09565820302036525,0.05508348813346561,0.08794363818647195,0.08644435436096974,0.0637935518799638
0.09434089449135735,0.09222038713853586,0.14947748990242418,0.18030242369888536,0.06496881010525042,0.07490633543182286,0.10655680462263006,0.15956298849885478,0.07766386611023912
0.03868303858811984,0.060216968823863924,0.056063848029138406,0.16856925159291927,0.0698602661013767,0.10964056644520154,0.11656552437805996,0.24219739552107264,0.13820314052024762
0.19495558856502096,0.09297850612499281,0.06882186371299379,0.08888072788511013,0.10048012497199015,0.13181825221549823,0.10193262840135504,0.07705274667888243,0.1430795614441565
0.11064677981587233,0.12093654177745637,0.1780293424895818,0.12123315911629967,0.058503469888851876,0.06554008509938387,0.10777959352845774,0.0481418548194096,0.1891891734646868
0.0865707879993594,0.10790996677498056,0.0751618776513437,0.09070316715142736,0.16096578916305154,0.07854232747429372,0.12366302643272283,0.07031596486491974,0.2061670924879012
0.10393560355353575,0.07661876003675204,0.09042953452462961,0.10597563816620052,0.11066966645419901,0.1283087681803287,0.08276502064345963,0.22953608797161706,0.07176092046927765
0.07556247416662325,0.15865801464948057,0.08733491195194125,0.09880088360785406,0.12211818067822809,0.16470926863894594,0.13503009050368328,0.05685939153039953,0.10092678427284407
0.15636355362033708,0.07874912665805993,0.06806622658930586,0.1662108275111623,0.03360130443302086,0.18283230211761228,0.09243557854922006,0.18455414461113404,0.03718693591014749
0.1613900416678288,0.16041372878685656,0.05714257271534771,0.1934012100945238,0.08860272111642277,0.10301760470123782,0.11136498888826403,0.05880320393316188,0.0658639280963567
0.10480218084746495,0.057876414938867755,0.1674416099193052,0.22310591474466054,0.08456594717651157,0.1714714863936706,0.10798785763150565,0.03196527332974275,0.050783315018271026
0.09402164971925055,0.10812319099322924,0.1043888159538993,0.11660284433947572,0.12017168130883826,0.07845760269877174,0.11084510265289006,0.09156049769975379,0.1758286146338913
0.08947195450529921,0.13477179676325576,0.12829361622114557,0.1366985906009612,0.13229144780424443,0.10075587459431869,0.12305077986072259,0.10189484009575854,0.05277109955429395
0.14504574256953676,0.10494579451384856,0.21010066402974167,0.0674793816580907,0.1171085127183209,0.06316266000060931,0.08708737292033043,0.04574567318749243,0.15932419840202922
0.19280586898553917,0.10300371746989508,0.28967359716255475,0.08020339595484625,0.09802207045884148,0.04995153331116578,0.07585656232346635,0.035727208573598436,0.07475604576009272
0.22317280390697883,0.07478186284534359,0.1759077316808982,0.06905798730019298,0.02141900673081071,0.034551735817083734,0.09199297814479403,0.03522448276626564,0.2738914108076323
0.060893805261981425,0.06657080060810198,0.1180682754074452,0.13031428650773866,0.14745148316915527,0.12432235803141904,0.09868461617298001,0.10155934424982725,0.15213503059135117
0.036006662706644744,0.1282220559006515,0.23201331711345094,0.10421399748046878,0.12637125839557198,0.11843732841795868,0.11822705231066562,0.06973567542596142,0.0667726522486264
0.0663848442980045,0.07809531337514848,0.2091771654669782,0.07366091683945986,0.0679825903348047,0.13037870087055656,0.08849534498247436,0.15785145855274174,0.12797366527983156
0.1565487291525569,0.12151052830419191,0.1610908259997,0.09657358048599483,0.08239175598849559,0.11949288640164561,0.12743398755718185,0.03486594404986718,0.10009176206036617
0.07694365846703834,0.09338830134069472,0.3068851112798346,0.05633290072314179,0.11241157636109102,0.07166992802915352,0.11606275694392025,0.06122075611305633,0.10508501074206944
0.06545414588567304,0.13715015740129463,0.08605061311594771,0.15866320654404917,0.1700327541126808,0.06620516440601117,0.10011310143269121,0.039334325753185184,0.17699653134846716
0.11901671363065734,0.10154462445992074,0.09860098710612926,0.1339897257893323,0.11291994291676159,0.09253684219184162,0.12015709422646641,0.044335079671918805,0.17689899000697196
0.04910273037244112,0.20649393332716245,0.17546638282617577,0.07172454849111655,0.12070891131632473,0.08141432397034785,0.12567551226670848,0.10086115750956144,0.06855249992016155
0.13015687529978334,0.0895063896240385,0.25074601419155185,0.1197237368800332,0.04167379144361114,0.15049665775874013,0.1048111413867011,0.05100930491454242,0.06187608850099835
0.055525609924603314,0.11553475647372269,0.05854742920514119,0.23104530032872703,0.11403096212391599,0.08124876159036835,0.08916876829114662,0.0654169048697525,0.18948150719262244
0.06282436786201585,0.07628998945760253,0.2496002311511026,0.07621661117987485,0.15487926111126887,0.08984926133362674,0.1438962705829492,0.03968057613921178,0.10676343118234748
0.06393139741878001,0.12926681627024006,0.11795848196436613,0.17539704828032407,0.1703285280464629,0.07064913719901007,0.08432369890182452,0.12525885024963998,0.06288604166935224
0.16610566091659365,0.13156536705115415,0.08087314587150747,0.15382374376989694,0.08397590376655732,0.09600123409603967,0.10960317799112478,0.11133177015630298,0.06671999638082303
0.08374355632445385,0.15121997950412516,0.14740756167522628,0.12185930747047602,0.09061205692354844,0.12148628297853233,0.0985349629659889,0.07302403779839951,0.11211225435924947
0.07613540280320613,0.14531433967688925,0.07648307429616319,0.17615842287416203,0.1007217460686633,0.10635501649776095,0.10780418914860133,0.11837850484535646,0.0926493037891973
0.06808853409827015,0.13305125089502237,0.14612258506998096,0.11294107831033161,0.12468476537742261,0.1517668215870773,0.12702796260928728,0.04792054575444408,0.08839645629816369
0.158623159160978,0.18908980688028845,0.09439758852165651,0.07799658447220643,0.07893646465875544,0.10397303585792798,0.10936670711356807,0.10650940022893707,0.08110725310568208
0.077289767286929,0.1553092165093725,0.1897125080093144,0.11809972731156466,0.05947391737115715,0.10585861025981186,0.12871004203766165,0.10415461244143771,0.061391598772751
0.04896272882137581,0.06751590888377336,0.15048764352468028,0.05452512566470283,0.21838766422250022,0.13412397105164292,0.09474487017706527,0.11733042000444405,0.11392166764981519
0.18810864684694062,0.15180184957624887,0.04706533599750318,0.1236455454041041,0.10103069899659405,0.0851433883128971,0.10894847342061705,0.1318313591506299,0.062424702294465194
0.27109980463056355,0.08009257368675815,0.06970776200296279,0.0679915858965076,0.07495893625818399,0.1409823876012356,0.09407385759202247,0.10468960124705701,0.09640349108470879
0.13397998622565335,0.11587426984227435,0.08996231240341102,0.14693787980438439,0.043912886972011185,0.15035845359879943,0.11855761421519694,0.05751459979112417,0.14290199714714516
0.17757069340685247,0.11695712490058974,0.2046757552359497,0.06318969113582278,0.12431739462577597,0.0783908830836983,0.09665049078653926,0.023843684450464735,0.11440428237430711
0.13564869785981587,0.12061245738896809,0.1105675409669077,0.17011168324177203,0.06286778379820286,0.08499315669198577,0.12096943287880353,0.07804527164970831,0.11618397552383586
0.1240691505550005,0.07457596513291574,0.06980751137439449,0.21677676691485978,0.09631715166376449,0.12961162730219086,0.12917045249323814,0.09450016673432254,0.06517120782931349
0.08426142729780765,0.10729766747797777,0.2381330995127785,0.2241930006110736,0.05872998785462463,0.03758736129193272,0.13926635171205273,0.03505304292400374,0.07547806131774859
0.0926426487020867,0.180062550459961,0.11488353121416812,0.141305420443545,0.06182666748115264,0.15542792136469039,0.12879008408825857,0.05920629778476202,0.06585487846137555
0.12882730948727275,0.06341703576896934,0.15948202807551912,0.18075468635647898,0.060248592078439245,0.12634229604539438,0.10824403687027317,0.10776566897454472,0.0649183463431083
0.1016776314195401,0.11049286348838394,0.1347505023410364,0.12609789048022244,0.05233654268789987,0.06085768469072248,0.1134734835153229,0.040825239002924785,0.25948816237394706
0.12014665638921197,0.09732578631156186,0.14141920533322627,0.1159447981911595,0.09244818528386749,0.14297718555222041,0.12074078172609715,0.038093863985988595,0.13090353722666676
0.0686336981529672,0.11967557892836418,0.1247453541355063,0.1605600320715395,0.09585255705475641,0.11744381908007462,0.1005011786937466,0.11808815968552876,0.0944996221975165
0.04145855843801052,0.1458489930894265,0.09942005428044833,0.13328642670899504,0.07437435204057158,0.10291545703316263,0.1035248007623822,0.18548317151136653,0.11368818613563658
0.16509537116095627,0.060205330607756735,0.07981740988997581,0.15972636186801595,0.1596075721444629,0.03775531169857362,0.1512264747725445,0.053450219319063054,0.1331159485386512
0.11638340347476621,0.052518907790962965,0.22864963265983262,0.06945891522999653,0.09845061288450481,0.0626348548116439,0.11019814489514157,0.13554253061395838,0.12616299763919306
0.07573676599013711,0.15475496376263684,0.24057548022717465,0.05565663559341871,0.14504586902493835,0.08196660569451847,0.10891396688239742,0.054689054015685544,0.08266065880909292
0.060572250656667714,0.0844618033111683,0.15045784223429595,0.14027620569048682,0.13911617708158797,0.10906035041605011,0.08363646257288827,0.05694980353447857,0.17546910450237632
0.050425494489511495,0.10123834919116394,0.034783087767054806,0.10620358411366375,0.10698516783017219,0.12535283038574208,0.08445263313073047,0.25758546955358785,0.13297338353837343
0.0629704360825438,0.12106757692093828,0.0701725250489665,0.21396811491805356,0.08793981467207511,0.09083217929137981,0.08692381860931526,0.154312225133839,0.11181330932288873
0.050616733754852476,0.16403967804309783,0.2738434713921054,0.18370382418798284,0.07991032104987375,0.08864291093784453,0.07987775204033214,0.01916360070478999,0.06020170788912103
0.04995137170901518,0.05664908804054819,0.07011139327170725,0.08496809891757506,0.1360739149253969,0.09603151806014969,0.08853069574819732,0.3704333419820327,0.04725057734537772
0.11130305421330687,0.10836009651509527,0.16281736618698053,0.07692596361063335,0.10662069818847542,0.13767836095457597,0.1036496221379875,0.047266650265542526,0.14537818792740256
0.08795297541746445,0.12756257064666157,0.12135342372120296,0.08040208742227267,0.045276846446652495,0.15452129942681167,0.11894679747675857,0.208594590040875,0.055389409401300695
0.1494517433283353,0.07893995450365937,0.08610890200842147,0.17507376917604892,0.10113872112511997,0.07847098817440483,0.11056794894855433,0.040786586125169194,0.17946138661028652
0.10687786971101354,0.08075621808563403,0.05636050322937725,0.09983196314782332,0.18974163075136227,0.13817798272367704,0.09686755270959951,0.10681944351685668,0.1245668361246564
0.06773251788502492,0.15055424035853696,0.19511632148928118,0.09578563768860031,0.10938735320959149,0.09653968643132127,0.10359586433324518,0.10396355097666303,0.07732482762773564
0.053064151964758256,0.10892805283847651,0.08128891388114733,0.12135425217312046,0.1497082375182143,0.19373670723146322,0.12811177049987701,0.08865655747740418,0.07515135641553874
0.21579774325172896,0.11250892258126904,0.1364891660147156,0.09392975712333118,0.16220056929174484,0.07030460957791279,0.10366187230713468,0.04903287277054558,0.05607448708161734
0.08969797911465294,0.09043897750965284,0.1659546629584262,0.08229485222701914,0.14889450308253727,0.0694886948550291,0.10796761039730414,0.16287388722007837,0.0823888326352999
0.09114661766862898,0.07622725387777927,0.2791902398187728,0.07507544423134274,0.07963012603329428,0.07902130909043513,0.10096180764337753,0.06655391404435437,0.15219328759201498
0.08918757289054378,0.06576076414365707,0.23505919459282598,0.04897652530665497,0.05864728709817737,0.0985265347437783,0.0664480829996218,0.13700192682675974,0.20039211139798097
0.13784343713617644,0.0746541316299646,0.24238542047859826,0.11313964740677329,0.09482911567793274,0.08489875064756854,0.10382218111079182,0.10666565388116968,0.041761662031024625
0.09707222629072325,0.11187233369162797,0.08527767252068559,0.20847091762064393,0.12840504730242783,0.03456335086116712,0.16427983528629708,0.07312412496562735,0.09693449146079992
0.05118310083780001,0.0931907521172204,0.14123980477352607,0.12245524982497825,0.13731431732988245,0.06813953538218478,0.11075336957571397,0.035553926524489354,0.24016994363420477
0.08813684620284257,0.16853492050376395,0.13933345025915048,0.12449129684843914,0.1862057211597952,0.08705113302773611,0.11248267293647363,0.0413046954006831,0.052459263661115786
0.10666712842696896,0.16498378472165634,0.2156863567910915,0.1069666608921828,0.0792907454109889,0.10867856573139445,0.11236011002270803,0.052983473506395956,0.052383174496613026
0.12817084966232997,0.14473902489882506,0.15092450640887012,0.10731960387598971,0.1027337373596547,0.04254177205389085,0.12034160562775592,0.03667672923716528,0.16655217087551843
0.11431005595203698,0.1178483886960124,0.11611551908294782,0.04608753947966517,0.0808849946746428,0.06607505541718897,0.07477847322786695,0.1421741516844588,0.2417258217851801
0.138123273284539,0.14460699170313146,0.0886943325145673,0.11088448306752241,0.11757845005108229,0.09643363217742473,0.11617967625080278,0.02602905982805283,0.16147010112287716
0.12159856036359812,0.12004350486326339,0.1033489516319755,0.10179159956616479,0.09047652470822848,0.12082487494383622,0.13845838566028087,0.10319702319339108,0.10026057506926152
0.1771212933703644,0.21348917526634162,0.0667910841765481,0.09363167745421234,0.05913984046282047,0.07439121841996761,0.08904952972618742,0.14085984566616017,0.08552633545739796
0.12611125871498433,0.052674009275241775,0.2172337778429918,0.15535080485458716,0.07143922444574467,0.09564276800133059,0.10578999427480314,0.10482425468339009,0.07093390790692651
0.0657575594611909,0.1051379109141418,0.24769353452644738,0.15422346302601408,0.09408681515398432,0.07343089446523825,0.10206782710422284,0.09724669147041014,0.0603553038783504
0.08933036988460887,0.08322587461048948,0.20124809549249853,0.1166773194802373,0.07950157979268245,0.12592280109509227,0.1436701575170756,0.08887303000868174,0.07155077211863381
0.09131358142856612,0.14510478398549773,0.08116637670170446,0.09536383974790463,0.09484484613084848,0.20078774583950262,0.13103877267963268,0.05465639859678684,0.10572365488955648
0.08174802996800994,0.09965104512208973,0.11622970111219923,0.11146007218943649,0.044304332123466995,0.12431797823403949,0.09315094426165642,0.18806065912091616,0.14107723786818546
0.06208668025864164,0.09265771664363116,0.04827905455206192,0.3127541620299772,0.11014444245763894,0.0949673423953914,0.11628113353256948,0.07563062336308272,0.08719884476700553
0.08070548855209829,0.19858818545678866,0.09615717750537711,0.11189819600435862,0.036804670202759765,0.10555112201153134,0.13639271157224012,0.12745015251783529,0.10645229617701081
0.022291736432115277,0.046169848238072984,0.33638011750639857,0.23215173468859884,0.028783024957335642,0.08440851303658349,0.08487177028062758,0.10685210213036019,0.05809115272990741
0.09684828991922541,0.1288809655914479,0.07232617706244235,0.13078386860002958,0.05333895650928106,0.07785141561452552,0.12116222477836765,0.14533012176091462,0.17347798016376595
0.15938504342729082,0.13856054506446971,0.10997631659597812,0.1266318610932808,0.07421299882775033,0.11364246352713232,0.11909183148936393,0.06983022404011992,0.08866871593461405
0.13471610922694763,0.10425478712579411,0.19864701364644569,0.12604556203706974,0.08341466687979253,0.06431720145140409,0.11249768162508704,0.049840025684206944,0.12626695232325222
0.10780413667042721,0.07013839036428486,0.10548102091943656,0.09755830734900288,0.0587362297302327,0.11726403940787293,0.14832991983945454,0.06492228289232346,0.2297656728269649
0.18701368071519678,0.08844648691148209,0.17518621052036257,0.11971293245482123,0.037527529707948745,0.07756535476465894,0.1195243325067943,0.07721014529740093,0.11781332712133452
0.06233325396968183,0.07009449979646477,0.2666676003027901,0.19937929347600858,0.11860708825339712,0.04731581733459419,0.10156074451612791,0.028721993431283014,0.10531970891965253
0.06497865206176964,0.09262784689593541,0.1683803579688045,0.13016413554837677,0.0712173741607618,0.08630127737478521,0.09855681680172547,0.15953898484583626,0.12823455434200487
0.08222027110762618,0.07765925167671892,0.10115215954337242,0.16258084646130747,0.10976344783915666,0.13206096988043836,0.1145016332942108,0.041417040515189865,0.1786443796819792
0.1197338273301856,0.148480661422473,0.16745019450780022,0.06013293621329461,0.06626357402294941,0.1050198150446337,0.09533887520019478,0.06937948136846618,0.16820063489000261
0.07152831845763045,0.07008836007041484,0.11683096311736892,0.3371666459185491,0.039918292158152346,0.06102457614233025,0.12367575813295963,0.13277647536984236,0.046990610632752096
0.11660279294964242,0.1275313307615722,0.13019257587763752,0.19323533240214294,0.13272789510918503,0.062417591505037125,0.11072248554101836,0.028250572244908737,0.09831942360885569
0.07763202669018467,0.15093263195327322,0.08008914038895848,0.057588263313496986,0.07512471415364985,0.09902799417349288,0.08242738195160933,0.14039398646536586,0.23678386090996872
0.12876839190727665,0.11016107180798711,0.15904267218752347,0.13619878334213256,0.16727529762795837,0.11528894621035428,0.10096613321851355,0.01472996795641729,0.0675687357418367
0.06381680343688571,0.17227809928121807,0.10929728455643188,0.07344613387276037,0.21783315234741144,0.15322777724760125,0.08920381405214746,0.038253163289983245,0.08264377191556052
0.09641990989006834,0.06827529740967357,0.16720401471335986,0.14881090061020172,0.14809905901673973,0.11448656525101523,0.1270830670677042,0.08568849607042124,0.043932689970816036
0.036448988129643936,0.18087670326515548,0.1517195551966224,0.10683361425562743,0.09750220888890399,0.0873168172873301,0.08926093777915223,0.0452425362751433,0.2047986389224211
0.05855394999098943,0.08640863960714822,0.18300603255517264,0.18163395477208413,0.11586235877390272,0.14549948962685177,0.0858607827067907,0.06633968685891893,0.07683510510814155
0.06390510755249358,0.07890865873440515,0.2923579726881204,0.22852796306102505,0.12583578254725628,0.06325546047386414,0.06693760980942397,0.033626821020190385,0.04664462411322098
0.12362355597212493,0.11198202074121105,0.10852219600192357,0.14804965887791355,0.043473250196870844,0.08045717656821222,0.14977055283680374,0.1264817496749132,0.1076398391300269
0.07580329617983077,0.09838644134181401,0.1371402801524075,0.18836147361329678,0.12889458676819435,0.07212189129951041,0.10272180773467567,0.1353262987388351,0.06124392417143537
0.08850313474499831,0.0829289964858091,0.22748409439448966,0.094386720997664,0.05967036447240479,0.18757610789905096,0.16036503258424192,0.0517459550695483,0.04733959335179297
0.07667508429332584,0.0737496966602389,0.1837244395138872,0.13018333599022724,0.05176292951208655,0.07287093235318558,0.10308697278570671,0.11460839988202785,0.19333820900931417
0.04949849929808672,0.08660461702347759,0.10760945068587768,0.18770574365870932,0.19208314643616253,0.10921704308008288,0.13548444222463304,0.048758587839730326,0.08303846975323992
0.12084784880889023,0.12581407090011357,0.1314533272199083,0.13966838804729045,0.06347272869874648,0.12240636505031166,0.12248027152947923,0.03257719810466528,0.14127980164059475
0.07097063141711281,0.13185682661565307,0.198202452724103,0.12856660376403772,0.030252910034869077,0.0913291724092908,0.09992583539482641,0.03281613395478535,0.21607943368532165
0.09755531881491475,0.11017738335346954,0.13781198696735053,0.08993995987663402,0.22710169197018182,0.10290776837500888,0.10701560473697723,0.0344042974515445,0.09308598845391873
0.0724800782169846,0.08951397642428914,0.13354926824424787,0.119027206876478,0.15284760966320965,0.04948459691549795,0.10691330303673689,0.10260893043270165,0.1735750301898543
0.32107988654243114,0.06737027147158597,0.1553917440349298,0.07368783185097409,0.06707034351678233,0.08524248362010696,0.0877437456364127,0.013574176349257805,0.1288395169775192
0.210542026811642,0.14529787067260522,0.09700416078032749,0.05706952430742623,0.045879287105956595,0.08511220948972453,0.10931087727571658,0.10568356958896558,0.1441004739676358
0.28472259216465284,0.08525375596725303,0.15117727443646548,0.10254608927818319,0.05487211356170315,0.10467054926220365,0.12397666059418604,0.04168378273226131,0.051097182003091234
0.08073866812295065,0.13697025132458654,0.24177427277940922,0.07450292603116182,0.06205235199101067,0.1539924723617538,0.15114249502770793,0.03887000621839366,0.0599565561430258
0.02191134810958498,0.05007528807651346,0.26718062734273,0.11365545084773426,0.20631164450937556,0.04913289288123305,0.09839824927684288,0.03303793050111891,0.16029656845486692
0.23326968366236037,0.08005232913749939,0.13036058642103526,0.07630221900253137,0.04645618942680227,0.12333104439403554,0.13709617223262624,0.0753806498321179,0.09775112589099166
0.18729492211854795,0.05282952295453913,0.1663286278418068,0.15536784147795435,0.05493877566734539,0.0545479722622407,0.10084545473680438,0.09283197313879449,0.13501490980196681
0.10050469859866995,0.06576656647542543,0.12663814513456287,0.2314257534255033,0.05828004953514648,0.07610602523797522,0.10840422429123313,0.09855543088998407,0.13431910641149952
0.08677102551497766,0.08709255908526058,0.13575632049047967,0.14577378445073053,0.06846415825917679,0.11128948495676903,0.08832052510312675,0.13144715761773176,0.14508498452174715
0.07627733467240273,0.10055549683754424,0.22799078613739873,0.07707748634023336,0.05130412283245095,0.17012806529730243,0.09130316954885581,0.11798176081566532,0.0873817775181464
0.04108581077633555,0.06840978401746074,0.0759576685882954,0.17331661008495228,0.11122588053483401,0.10791698538855106,0.13877478512624733,0.13687281732780573,0.14643965815551793
0.1603907342160379,0.0990765438985733,0.1083638531056033,0.19602132080133494,0.04612055440816243,0.09272224869730923,0.11244843124123989,0.028828109775684996,0.15602820385605404
0.02562237692044778,0.07738406438589804,0.08787205374986971,0.08418310022564528,0.14294155958439794,0.09875234457434882,0.0896578294389867,0.12115059170974574,0.27243607941065995
0.25873867669583056,0.07030699538583991,0.13874303025797632,0.08360488014241964,0.07719149320886752,0.09177033758376962,0.11747145389845408,0.041559300692361974,0.12061383213448036
0.0894026999739847,0.09274901910448818,0.26385472670495397,0.09870446213146211,0.1339885902673211,0.08280575294012343,0.11126698352666368,0.06563672546580956,0.06159103988519335
0.149246461886228,0.08777970596620636,0.14730614664172717,0.07292570173424254,0.09829449520775295,0.10199174263056321,0.12638659300308455,0.021866296051692047,0.1942028568785031
0.1096099350124491,0.11054439518451316,0.15500891630374,0.11425493460808041,0.0422577669353113,0.13041783242357405,0.10644551887834258,0.11918274377548917,0.11227795687850019
0.06424512212034231,0.09124624129561165,0.27424041362004603,0.08293112395559578,0.10326990378803828,0.05878329763684692,0.1141113202958919,0.13143398287472827,0.07973859441289893
0.02204473255064805,0.11222820869654097,0.09255459831881668,0.14515696310238954,0.0547004604677797,0.04390985454093429,0.0884988914935451,0.3686540476688526,0.07225224316049306
0.10059999070480241,0.10756363251292235,0.11508257257546362,0.09340859006570539,0.10959841730225674,0.12847616685500732,0.09089603566160835,0.06325341468800834,0.19112117963422548
0.11876925499940556,0.17260476131150596,0.08277601576855853,0.15918544133464607,0.11207036123026808,0.06984888977860736,0.09087362857751936,0.055770328026399675,0.1381013189730894
0.19019962619351397,0.10909551084687759,0.14876463713613827,0.0742988223212444,0.06521805233053891,0.12639318053639748,0.10092550344768332,0.11200335478503097,0.07310131240257506
0.1019486838554617,0.1805840668668166,0.10515058220975322,0.0786370648604842,0.08358285579068825,0.14252228550109347,0.11509285505158569,0.033965887423870425,0.15851571844024648
0.09924279915468558,0.11756268113270539,0.15114155528951959,0.15829043392511497,0.08555331039246881,0.10536015918855564,0.10787836934535315,0.039984357338044306,0.13498633423355258
0.08781289043057218,0.12755513294123902,0.12136845009967372,0.0804064468658216,0.04525471484193988,0.1545116932986338,0.11890710093600539,0.20882657226781332,0.05535699831830102
0.05337166661016693,0.06600224307368617,0.153269913463726,0.15755237558716692,0.12271492012325874,0.14906292896649354,0.06828208768977308,0.10758840839518456,0.12215545609054416
0.15929715547442627,0.093792028731962,0.0749924024892341,0.07260409889503723,0.18766240092441996,0.11626121964295229,0.09561261138565029,0.0722365400710168,0.12754154238530105
0.07088938093938175,0.1051807176435224,0.239912410428305,0.10418844413666221,0.08305459265689986,0.08391305185031435,0.1412741542297851,0.07151434864945765,0.10007289946567172
0.07847176501379745,0.15122184647810055,0.12192412939272416,0.17011939120883413,0.1357022621744298,0.06691053883596702,0.13060714192685996,0.026935943941987592,0.11810698102729937
0.11552936058186554,0.14498986201216263,0.09503280434362411,0.09818544582068571,0.06031206606300768,0.15408214934650044,0.13266961258356338,0.04319449331549411,0.15600420593309636
0.10370837129564564,0.08532107621720232,0.16006457596897328,0.16408324681665257,0.14971929280849022,0.09432004229446822,0.07879929172961206,0.12279747667952139,0.04118662618943437
0.10033507264773084,0.15040297351743317,0.06953346346032967,0.10864468494735809,0.12374307410066569,0.06210357071659701,0.09710310153622809,0.2060342775131063,0.0820997815605511
0.11707844469421545,0.0915197238933465,0.17528934663587145,0.11754840184302758,0.1647712689516142,0.12781687828268926,0.1324836968360423,0.034797941567272665,0.038694297295920575
0.11495565649803761,0.09978696980304418,0.07365105297766662,0.13225011705341164,0.08061472474913445,0.07619204578380952,0.10451688217919124,0.09288899501378628,0.2251435559419184
0.08300079109698916,0.09081260480520516,0.2594355489526021,0.08229601056495058,0.10262514230624713,0.10107586244790011,0.12745772838357908,0.03938238995229617,0.11391392149023054
0.07933402563129145,0.09331655044427517,0.18475169393452862,0.07573259765841438,0.08837452170425304,0.14141988497942967,0.10514011407120737,0.10330118491325202,0.12862942666334834
0.11890307468253795,0.10007842089259451,0.28655350078448344,0.12589048558100377,0.037436317078555735,0.12824105848910283,0.0839710772153746,0.05880408785567439,0.06012197742067269
0.22913180504319838,0.1048015205713817,0.08338382911172847,0.07292781247573542,0.112445940216667,0.0699897192308363,0.10599679295449353,0.11949729792838003,0.10182528246757923
0.09381512249826379,0.14688502929171393,0.11568730779158988,0.059132792080731154,0.07674019787381002,0.14580266783512158,0.10503434409999811,0.18062686548934007,0.07627567303943142
0.15525437361382075,0.1054695451370291,0.20727808759488667,0.09799931478703783,0.08312864537408898,0.05367545469640678,0.10778901791388697,0.08721104505044647,0.10219451583239657
0.16194475723847168,0.13759919590686343,0.14526786453465215,0.1264131526320641,0.04636878405327439,0.09608513254126637,0.11678959370428399,0.06519851355686358,0.1043330058322603
0.0805214296299067,0.0880182705066072,0.11004535120132992,0.10915848059310644,0.1521792686491584,0.10672653935505283,0.14072404234231467,0.09486886431891861,0.11775775340360521
0.14294588905496844,0.12831751387889578,0.19613087160547768,0.06621611765153128,0.11358709861977068,0.09154365405040517,0.11409497204156617,0.040970255603160484,0.10619362749422434
0.13361892467676736,0.14835952371332198,0.11470781945789295,0.08665410835802127,0.13049976692741205,0.134656904591978,0.11595494603248813,0.09537583677849688,0.04017216946362139
0.13008557915494037,0.1410642431751358,0.0820719451811116,0.16275705254654915,0.16735169112107454,0.11825488473852158,0.08733093806117946,0.07160756346916018,0.039476102552327384
0.06868872961115317,0.1294236756103665,0.17008394598972346,0.0851329961528109,0.07652339456870368,0.14853394425319988,0.1070717240137889,0.10663862447898509,0.10790296532126838
0.0905890219620744,0.1247004822351233,0.0774598386864099,0.20576358141433956,0.12533903874653493,0.14050278136193103,0.10785269761797833,0.05006921323865544,0.07772334473695308
0.14148102050604902,0.12494705812879019,0.1127894927688577,0.05977209909724479,0.12935501030698782,0.07458023517761979,0.10974251382915716,0.15937977412252752,0.08795279606276601
0.08159932606983092,0.12856330530889484,0.12804307835191522,0.06541865417127223,0.054037691094297256,0.0925151426353536,0.08880422820979073,0.12466240452776962,0.23635616963087558
0.11658464082660508,0.08468734788593792,0.08177176529332898,0.1323512851692907,0.18227491334597465,0.16168113017721777,0.11311003117371721,0.018667142568986137,0.10887174355894157
0.07439106295944635,0.09941743861023544,0.2510277618092326,0.07494289477263912,0.03629032217872242,0.23958956707109771,0.08729087570447726,0.05862674001241819,0.07842333688173088
0.0757464474505561,0.14338848765429976,0.17136326063423404,0.0890662157741261,0.1601339870464831,0.12753150140121192,0.13596974851991517,0.05861976832740188,0.03818058319177193
0.12763875964951782,0.07407680159856711,0.1409036175789797,0.06548236403504251,0.06525769223523124,0.058213559617606186,0.09490915743468724,0.26684891773583136,0.10666913011453687
0.06703945235440767,0.14975599287557148,0.09776461289158016,0.15367205078679605,0.20945569735611205,0.06118442543588606,0.09278200142580183,0.04975707227692281,0.11858869459692191
0.13220443155327313,0.1054634822906881,0.06512417541773198,0.07509363470794331,0.13286913287960936,0.15049115556107107,0.0848135720171566,0.12329496827138219,0.13064544730114425
0.12804916969097813,0.09872982003185964,0.20159050316146576,0.13811158307957527,0.07632927845224145,0.11845777998199658,0.12118551382790588,0.04407000190183721,0.07347634987214016
0.06681707377600966,0.1433252321499127,0.20551447314057225,0.0669070328842359,0.14270829289112605,0.10578466331601616,0.08257004201802988,0.1127568654392853,0.07361632438481215
0.2901611018510051,0.07864483510373545,0.04309938484955347,0.07704370157352629,0.07286050952985658,0.13900954009354852,0.1268526196265714,0.10262412856098913,0.06970417881121403
0.21269481393943032,0.05284100209506711,0.2945281883508864,0.06220353012638483,0.037288953543913005,0.052881235756840915,0.08566636336952833,0.04796946307836534,0.15392644973958383
0.1349905268549433,0.0923721453450969,0.16313985444124524,0.23331565900538984,0.03917553461962775,0.15294744141730834,0.10721686716481209,0.02508616819819322,0.0517558029533832
0.15503926311525681,0.10874605089978229,0.12310528511205675,0.06922694530430865,0.14461624238715345,0.07885839282462713,0.12904202779155285,0.08495062735369469,0.10641516521156742
0.1804751873731262,0.08066734692336085,0.12977249460548632,0.09209159981573074,0.11294124812947309,0.1698143787006706,0.09960139817003738,0.042211155190299166,0.09242519109181567
0.10641478733320404,0.10279511857590519,0.10246674892127061,0.06697511676222839,0.15604619523900928,0.0836902206739246,0.10213546552035592,0.11995459269764885,0.1595217542764531
0.13623446136263784,0.08412658461196554,0.1314746836302388,0.17366657418944156,0.06319966332183673,0.05317344517989911,0.1096182785534317,0.1409790776715799,0.10752723147896893
0.05551709272293046,0.0838939380779734,0.13369198081621123,0.11646047642914881,0.16249696477741601,0.17607868226562162,0.11888379645205584,0.019966009672015533,0.1330110587866271
0.077274877171346,0.07352285259030696,0.12707194452732487,0.09791304844701633,0.20438817741306328,0.1466178972984807,0.0892149757233522,0.06903799635483089,0.11495823047427861
0.12753733789040497,0.068378256097077,0.1593944203524045,0.23548235200529788,0.06666510799838697,0.0801619703514308,0.10050012970505816,0.03165843617548822,0.13022198942445154
0.06957172907222083,0.13698763928421928,0.2165655980760759,0.10171627830241654,0.08271922111023769,0.05633436708727798,0.10524620291749169,0.06031902211454746,0.17053994203551262
0.12386114658271406,0.155506955751903,0.12576266452505233,0.09083404439477906,0.09808947891865638,0.10515692472716044,0.1192096182619433,0.033316304753670846,0.14826286208412057
0.0777487724608777,0.06493064945887894,0.0909903032026693,0.06979616874514302,0.25094184912124495,0.08205088239202955,0.0785458617476143,0.1604479021338087,0.12454761073773353
0.09222488616834688,0.05267865691326127,0.08068838905906763,0.23755425523277965,0.08768972723410802,0.08009278246295037,0.11923905661988038,0.14772527111487307,0.10210697519473261
0.160561265615748,0.1341279893034193,0.06577093070427736,0.13508426191602887,0.057024089894038586,0.10140598823980633,0.12460637812655047,0.05668446889873909,0.16473462730139202
0.12884410694628215,0.039638530199854555,0.28388888146072194,0.11158203664949529,0.11697963325148679,0.09713589007272043,0.09751099179791728,0.07803553026058094,0.04638439936094063
0.11614387523749987,0.08777442085570208,0.15594988332597162,0.09384822570384921,0.06226974925797977,0.14548701792893776,0.09216563169506421,0.1644099213548979,0.08195127464009756
0.15353792022475798,0.14439306934809656,0.1707390427648454,0.10407244536493815,0.11445981972620684,0.07711444616510961,0.09107016189629502,0.034017994433356485,0.11059510007639405
0.07951609702040273,0.11034847801692509,0.14039589897531402,0.05918876622658307,0.11076296303750166,0.14158329482196208,0.08685094318661997,0.11127326041435313,0.16008029830033824
0.05500959978366257,0.05918033310121614,0.2822130762831891,0.15257561609531675,0.10980305055944506,0.09594616892663406,0.09831244413282202,0.05314797030721765,0.09381174081049666
0.1628691827433487,0.1279826982378964,0.0705065667676033,0.08030454817435896,0.0788213599615415,0.08670766956450936,0.12237794654907773,0.1029366979121513,0.16749333008951275
0.16444502668454672,0.10733789274378812,0.17419245000683906,0.15420458405481383,0.10563892498973339,0.08002106991827362,0.12737080279465998,0.04554169393413604,0.041247554873209254
0.03057165802228619,0.2281415889152065,0.05425579787033296,0.07055102327623683,0.05573203751456656,0.17428412229717147,0.08093324997217995,0.24712625319912285,0.058404268932896804
0.17757069340685247,0.11695712490058974,0.2046757552359497,0.06318969113582278,0.12431739462577597,0.0783908830836983,0.09665049078653926,0.023843684450464735,0.11440428237430711
0.09984425809482876,0.11319392055461323,0.17621651618833925,0.24658726525822408,0.053599148223429406,0.07416327981257544,0.10349899396622199,0.05905346614080673,0.07384315176096114
0.1087000438410794,0.09734909414329578,0.08208380363368926,0.13362050824493726,0.06602910454459936,0.12356991228086332,0.12179767897274989,0.06963569629163129,0.19721415804715445
0.10842897075855086,0.06976927481833367,0.15251064447189167,0.20104379223364788,0.06290804244141358,0.1710915777387394,0.10410325609039754,0.05104366743526036,0.07910077401176506
0.0657083307695848,0.12095867360664325,0.21387137780594837,0.11119381089408759,0.06122314077382649,0.06507897722733995,0.14299110225416647,0.07162443413735226,0.1473501525310507
0.02190792720239951,0.06547027202734979,0.17184933154351903,0.06071750452921613,0.07166668969783929,0.0756746136290001,0.08736722522658091,0.32284039603412173,0.1225060401099735
0.056732333171599564,0.1304707956371093,0.049630778246331615,0.25045204386398173,0.17819484895523371,0.10395133150375523,0.0990020040896135,0.03151799472372565,0.10004786980864967
0.03796293911464441,0.13271501622583806,0.09243548082617814,0.2477763446515675,0.06219686704752334,0.13430053824433266,0.0884505412326882,0.07435224782666995,0.12981002483055784
0.09418922429854293,0.12325737592213827,0.12446522326640612,0.1980466620853533,0.07618956162878555,0.03625454980257981,0.12337084554702882,0.0641808171372981,0.16004574031186705
0.04545340761382985,0.08433448246404318,0.06641848126384682,0.2734941773835789,0.08584782072123187,0.08887987963409666,0.10562564312293349,0.08738997822598592,0.16255612957045332
0.09512164712906364,0.1604490256287405,0.12354623513971225,0.10661043413415976,0.12278751655499903,0.062488810678736406,0.0967143814384722,0.17519538626989797,0.057086563026218146
0.07751802931266281,0.1726387225276226,0.15306279238936546,0.09492780469119148,0.04733513773157374,0.11798964996561273,0.12757634714700813,0.10894890441190042,0.10000261182306269
0.10446593038212837,0.13684112019144207,0.112333244846775,0.10325725471530679,0.09518694661285058,0.09910565532615602,0.10376222585943957,0.1208527577552142,0.12419486431068734
0.18437630305700078,0.10825434749767611,0.08252546592886047,0.08781906333271716,0.10142593584365374,0.15372240214889968,0.11650633832205808,0.0799012720122817,0.08546887185685227
0.1492951007324778,0.13383500791733785,0.08999929022539527,0.14143066163484927,0.13122213746750702,0.08732913069192376,0.12785431293713861,0.03374444080453853,0.10528991758883195
0.12084784880889023,0.12581407090011357,0.1314533272199083,0.13966838804729045,0.06347272869874648,0.12240636505031166,0.12248027152947923,0.03257719810466528,0.14127980164059475
0.11811132125416819,0.07643003614952934,0.12152134824724753,0.1460761165322984,0.05487114329991589,0.23182802150021128,0.10538112949806337,0.04144143062881448,0.10433945288975155
0.06036419216808547,0.08795010930522451,0.12990221417211004,0.14829971436925857,0.18398631633336368,0.09662334621426194,0.1197727952370972,0.04885412763374164,0.12424718456685707
0.13848402180925554,0.08746869912721421,0.16811903428362215,0.19232524605861626,0.04135027404137017,0.1102917813908693,0.11314462418331393,0.061965049205985834,0.08685126989975267
0.05465846144709613,0.08465820100285588,0.17217874884324558,0.24356236461437683,0.057848769865716264,0.08888357945297609,0.13187796262815732,0.07602060354187973,0.09031130860369618
0.21735027372491808,0.11346989615189242,0.10594995366956261,0.16664087618635326,0.06902364405197099,0.06633760460655357,0.1368848432583692,0.026060662792236833,0.09828224555814312
0.1892776110573903,0.07085602673178425,0.09294294775267069,0.11205235051435718,0.046664361208564875,0.13785674371547801,0.15078874118107324,0.10378096921395678,0.09578024862472474
0.1266812531424314,0.07463056108443786,0.12442858431576692,0.13464033475002288,0.07543836272820537,0.14739906209077305,0.12365768945757637,0.0874332660368694,0.10569088639391667
0.1372703794582764,0.0721953219575101,0.1609825968033719,0.11313761231632154,0.11864228000195469,0.0770897945231269,0.1189023770290341,0.09924903058979202,0.10253060732061241
0.06832206004428312,0.054760507433913835,0.08069669138488361,0.13487289788292314,0.10761890694098586,0.0941323663771027,0.1033704019473481,0.10783022111474821,0.2483959468738115
0.11566577515336275,0.08793927032826886,0.14446105375328253,0.18789704162410067,0.10658299383963223,0.09157415619763569,0.1296898572059394,0.040222674930258905,0.09596717696751893
0.0737489985046922,0.09764486313145637,0.19484582073258047,0.04657057629795167,0.09560818258829384,0.18503822393178457,0.13057213259328806,0.05817927783812243,0.1177919243818304
0.16825001366344652,0.10267468554648551,0.059470837786302834,0.1883889460891126,0.0795860014430105,0.16891402945742287,0.09304711676451587,0.045306380566934784,0.0943619886827685
0.22842037314680985,0.13360837067587308,0.058447874062765214,0.0999034943167072,0.09305186215121893,0.12368584879363619,0.11064801361450316,0.057403854030392165,0.09483030920809414
0.1796668431295534,0.055484165661335315,0.2205400631536519,0.06014605934491759,0.08883579217714972,0.1407328513901782,0.0835777536537542,0.04630566484990198,0.12471080663955776
