0.11417660980730511,0.07795988386465551,0.09363300588460055,0.10988129249121681,0.17386807408477167,0.16726157862736,0.09669130423190515,0.07492960177304447,0.09159864923514072
0.11800496324622624,0.120092512584131,0.12382837822305053,0.10442687741510896,0.08183344292042331,0.05988330214225231,0.1445670889008529,0.08195885285369885,0.1654045817142559
0.1566766912467589,0.07960316104219055,0.11415000874267649,0.09674892650226603,0.17334814717687771,0.06166436466120087,0.13098543132044835,0.09028644934067658,0.0965368199669046
0.2496012941431829,0.036999655598197415,0.10602771605449895,0.09956760937607716,0.14414911990855916,0.10780367984465616,0.02688251479400819,0.062423958216026164,0.16654445206479385
0.09919327189673251,0.07000750024660608,0.06803454333908725,0.07391776403634207,0.027342264388571708,0.18905456869131776,0.2693453903656423,0.15931141642023947,0.043793280615460874
0.058066370864672236,0.12299354412506162,0.1124525988334401,0.16568741644081172,0.09889111156198876,0.08464944845883904,0.09259333514135826,0.10144318282171542,0.16322299175211283
0.25841019818667393,0.08350803183809245,0.10592546634200245,0.11100301520497281,0.08586553174546113,0.13566570162965463,0.060134525930823524,0.04841586911681125,0.11107166000550787
0.04545700111485382,0.151332951818461,0.12248352997380722,0.0984269821193862,0.07707779671838695,0.0872937960634556,0.2038062103385284,0.058002243801679766,0.15611948805144107
0.1096333633917873,0.11490973764977097,0.09279552348522124,0.11699559759423221,0.06435376818280342,0.21755947229811323,0.06414284650735753,0.07817383492437811,0.141435855966336
0.21103948940915995,0.07095963109611839,0.13156854938226484,0.07495665746203424,0.11049440560306405,0.070276081381118,0.10824926571936005,0.17035072501738446,0.052105194929495974
0.0252202591384226,0.22711726883746,0.1255247297536736,0.12208148649945443,0.08774266524899027,0.05253863580020366,0.15983214765034476,0.11602925340200065,0.08391355366945007
0.07374312197321599,0.24667188614176158,0.1576143400718263,0.12633981104278535,0.05638202227398559,0.041843633617721164,0.04375653892709338,0.07870492705165948,0.17494371889995122
0.011318967399652323,0.07740656054264895,0.12528191426993784,0.08395738953132598,0.14544606594294218,0.13756469155437878,0.10661893488522016,0.20928433182491837,0.10312114404897547
0.1305222128463505,0.10525063612875596,0.11033093191219402,0.13251597495999434,0.09794572472922876,0.08243635173534175,0.11014014689237461,0.10189161876913568,0.12896640202662435
0.1094525826980615,0.09026643639631837,0.11464999335739146,0.12000422592248837,0.07038030771848906,0.16290739372973187,0.15730328181545183,0.07651052575645029,0.09852525260561718
0.15711070180768436,0.13633843027558679,0.12183545238607792,0.12511169441644074,0.07648110367406388,0.06989374906639542,0.10571572461379813,0.09367124456694133,0.11384189919301135
0.06824933151526281,0.07484218996272116,0.1649003736184137,0.10420049328713432,0.08403656136844795,0.05449886944177238,0.16141220644609228,0.12749277431115058,0.16036720004900473
0.11990112828795059,0.08781765326544949,0.11040713860966644,0.1155918015205152,0.12500894010770935,0.15384183172443502,0.10009502978102731,0.07764691876317469,0.10968955794007189
0.02259285332512032,0.036025734453100484,0.11967433838888271,0.10117115095380046,0.12866287507806498,0.11657504298912559,0.12559467584547337,0.21472235550280253,0.13498097346362953
0.07161426584582505,0.08199130274446376,0.11940771236911624,0.11817967151356613,0.3406236935500991,0.04234009691623813,0.03409564666955047,0.11127349766209449,0.08047411272904664
0.05342384103375692,0.07625690965160754,0.09066106349750853,0.09876022449799833,0.05765112348604032,0.1690921594660836,0.04370933187996962,0.3217550050995018,0.08869034138753329
0.1297087228614597,0.15802145019831507,0.07926833537114286,0.09239521989907368,0.04485666299019327,0.13219534719553,0.2426892227575559,0.05968535531693019,0.06117968340979931
0.056418791270740454,0.11852813376528526,0.14171132223265606,0.10451858482549932,0.030320050805466386,0.2254926916460164,0.17890536543780353,0.06671594618047552,0.07738911383605711
0.20233552993799162,0.07163799289093552,0.11927887263023758,0.1501267823362563,0.09005792160948987,0.09885842562192304,0.10011957848519297,0.03420006256356428,0.13338483392440886
0.07596411930882176,0.04381162894803958,0.08649651465306867,0.07572825656505962,0.1073704170745584,0.11709004714655658,0.24849261481260634,0.11130858460327779,0.1337378168880113
0.23590063961891694,0.0863723112095925,0.10528586071771977,0.0912082877286025,0.02552327317977533,0.07838184398469401,0.2019512277506503,0.09105793152874649,0.08431862428130225
0.12715483104363298,0.24456869116169974,0.08959217591131335,0.12020361473854467,0.02624594461504862,0.20711684958890333,0.041600228014137146,0.0637033761814812,0.07981428874523898
0.04716102367202112,0.04815063364359162,0.13760396642553116,0.08256470291103543,0.21745196164367764,0.24352476379693153,0.050229084470305295,0.08246979180397632,0.09084407163292997
0.09604287168222132,0.0888210908312534,0.10448991655165991,0.09229656544327347,0.0756111543616433,0.2630511324077842,0.08642684792353361,0.06794630013253423,0.12531412066609657
0.09784049355257672,0.0833192327285538,0.09125501286337116,0.12646461296339093,0.08711859239766116,0.17450121368045823,0.17149203103609026,0.08673816963379537,0.08127064114410232
0.06116518699668764,0.2157448211787039,0.09527384631568032,0.08368552516269578,0.018080256732936773,0.23314965452707315,0.12582597851149038,0.06687132529185537,0.10020340528287663
0.1561094217891619,0.09139319761199573,0.10874065587416741,0.11651490559945828,0.05896972457198118,0.13076346255002932,0.05805817821086764,0.12812355771108394,0.15132689608125457
0.213349948335658,0.06776926858586632,0.1309642443934518,0.07616832549560192,0.06177758422964752,0.10089211804385667,0.14097610588017712,0.1267231350177165,0.08137927001802414
0.08829501462014688,0.07082306511121862,0.11177557495823477,0.10280231362012215,0.08171908456341116,0.12744967141401725,0.2005375256737385,0.06360703355826998,0.15299071648084062
0.01879011938298114,0.05728578396212539,0.14593014862434342,0.12850598547782274,0.148665849856318,0.05722603220780428,0.14854865380639012,0.06455146393189733,0.23049596275031767
0.14409328710823077,0.04608740693206767,0.12483373475343784,0.10180152227295798,0.07604661452687832,0.07921849814263408,0.24855648119898008,0.06304081170424382,0.11632164336056948
0.15481806360534225,0.049865824759312095,0.10826936851584597,0.09930061684703229,0.03252292817579755,0.13523426540305652,0.15710369394609502,0.06507575423918022,0.1978094845083381
0.19936125013943276,0.07755885392049106,0.14322018250415156,0.13630159119692423,0.10942327592136791,0.07679680779446042,0.07570550297172375,0.11808351656553125,0.06354901898591706
0.05467516123978259,0.15606371142916056,0.11825666036959044,0.1491785054554792,0.04249009006240038,0.1710480522511878,0.14325359915651745,0.07094719493549166,0.09408702510038995
0.07919830011879567,0.029967334440579904,0.11172422771917186,0.09783038147221168,0.26904241283657204,0.04884216613952972,0.06618651572718273,0.17354708709887126,0.12366157444708505
0.09858558609465946,0.05577839295770754,0.11458281635457257,0.0925007153665917,0.030655158022753478,0.21151335446605382,0.1194884090104783,0.13439062813420227,0.142504939592981
0.04410621473930006,0.17605983529890865,0.11756421647985822,0.11940539713622285,0.05711743969131966,0.17225869861894208,0.09860641254110251,0.053223152420880125,0.16165863307346584
0.019178698194876807,0.03862551767916233,0.10019325610210998,0.11791528701106992,0.22904048345457576,0.06162917369813733,0.20612388971118087,0.10089716676529849,0.12639652738358856
0.01340584830814087,0.12688475681349512,0.11216746014510655,0.1268545661188394,0.056353218881184,0.0400247399618763,0.2985259039536949,0.10359127727690487,0.12219222854075801
0.17273474492333307,0.11411743849763106,0.12626929962727054,0.11509052118179804,0.0655340970601692,0.043885715305865824,0.12571480207263752,0.09916631906654304,0.13748706226475169
0.05435223931651673,0.04859465290375483,0.09977385738412531,0.105235411073948,0.19968233929081128,0.15964510942931873,0.1436739353090112,0.10729004731229831,0.08175240798021562
0.057014832891258214,0.08105807406096861,0.12382238768942966,0.1126795734309562,0.09757691068834629,0.10811825382429642,0.16655765084235005,0.13654539621201378,0.11662692036038082
0.17019615940821553,0.24794691340385477,0.0902110219041138,0.08085411922267076,0.07197174522778745,0.01877241606428634,0.16105306903889585,0.03710069602929144,0.12189385970088408
0.19553571325473731,0.08693693370439393,0.13154719144596008,0.09370329025060653,0.09209395037400597,0.14660759996992187,0.0997224604135844,0.07104533889606765,0.0828075216907222
0.06756518093012243,0.15453818038941422,0.13666937808239563,0.10305156453856468,0.10579656458650799,0.0914450566199599,0.07911269134905598,0.1221502778007489,0.1396711057032303
0.0544023643396199,0.0693591716503136,0.11753500597608113,0.09060628019367763,0.08870368525076916,0.20786136259606247,0.06562872152645981,0.09152397167251984,0.21437943679449645
0.0449837952381023,0.07685047786543608,0.1151574649102216,0.11354757575332876,0.1251907344644353,0.12607692963531494,0.19507319326040773,0.07058193459498131,0.13253789427777202
0.12548563699060122,0.16394618251306145,0.12911226232848025,0.12999452002047582,0.09292719872834253,0.04053864909449018,0.1451496692438371,0.09083852817863584,0.08200735290207568
0.14491597154318675,0.0869103547326129,0.12187801607485975,0.09613884697222452,0.20703259842246166,0.09009182681982554,0.032707772437235556,0.10840651597608582,0.11191809702150757
0.17162970915925455,0.07697829680501195,0.12881748479689362,0.09598342946329609,0.05456850525609311,0.0924696533590094,0.0644240052997289,0.17811901149934414,0.13700990436136828
0.031513466572742795,0.04047730827300665,0.08890843672565474,0.08499400836997063,0.1880117560278429,0.2643165395319764,0.10476508137904827,0.09991655481285537,0.09709684830690224
0.16272900079834193,0.09049851889217149,0.09101168971886858,0.09597072488130763,0.05174983441792717,0.24437884834532028,0.06828399807765652,0.07323082641718859,0.12214655845121791
0.09027847155366077,0.040109421515548555,0.1469450528658179,0.11408441602862875,0.3059203871843903,0.03658213380882221,0.03837431003866374,0.14556705745900425,0.08213874954546353
0.17995103877273813,0.04860400498388204,0.1181197781656305,0.10667283190632364,0.07682752287168648,0.1039037411411728,0.2298146537328406,0.06602950279901688,0.07007692562670882
0.14153297022442599,0.06413171364544637,0.1088238547832454,0.08035879561703389,0.22344462322254643,0.11465556853959574,0.023886760440378074,0.11425624054297641,0.12890947298435165
0.051825580866168654,0.09321963759222578,0.12059077533223879,0.1194629738789819,0.07666837750909343,0.1388517577339795,0.15153377073164384,0.15891505621348576,0.08893207014218239
0.17090490159841779,0.09432179255443474,0.1127386535432689,0.1259544891899189,0.07306391122538049,0.05894906970498439,0.11808650553958598,0.14435490129358883,0.10162577535041994
0.161512178191451,0.042946218787266975,0.08983359304332784,0.10090455467463777,0.04374691416809012,0.06598501696421703,0.1442050893643818,0.1757259027695887,0.1751405320370388
0.039710445983486005,0.13106440954458473,0.10476934546889434,0.1513327376132364,0.11271798993112636,0.14223950791328463,0.11296544958440065,0.057897689613525406,0.14730242434746144
0.08789350750668551,0.04735871248518151,0.09868978480504768,0.08721703583939334,0.255278545724104,0.13686705188711376,0.15929993565966177,0.06711330091006674,0.06028212518274557
0.0690394890998183,0.06567615933166346,0.13924152906404721,0.08598372652336306,0.1534820300118859,0.15336820030016152,0.10074966628223475,0.14556766346299235,0.08689153592383342
0.2331001380084123,0.0851956052311203,0.10552606699133371,0.08094212496332756,0.04249430167263191,0.13510762847819133,0.13928167371063385,0.10379059171669301,0.07456186922765602
0.2210218755935789,0.04157924125771661,0.1092546779517552,0.09406268347870268,0.07750140467237741,0.03768808349023253,0.17241962633293947,0.13684289420521437,0.10962951301748285
0.1164274044521496,0.06488685033392867,0.14763210589467632,0.08615435738847611,0.1428971280821718,0.10892663132720454,0.055469665514453786,0.05070990054737204,0.22689595645956714
0.04703000885367916,0.04048075962489279,0.09005977333828856,0.10618691377514522,0.07149073128282607,0.1842544248399697,0.3104546249796852,0.06172689677903504,0.08831586652647828
0.10055534284396073,0.14240223765179907,0.1314729790633532,0.09869800508713024,0.10606330175769145,0.06755355140882453,0.11491401574352916,0.09712880758719895,0.1412117588565126
0.10649251839961649,0.05795258447014493,0.14877911046051154,0.09006764581202971,0.2721353764438398,0.0789661291890489,0.07251119336616273,0.080122653135949,0.09297278872269689
0.14010655182475848,0.08721470212642561,0.11609598265399812,0.11063331093001892,0.11478755445449251,0.09690541437813849,0.1367060373264697,0.11367629312402229,0.08387415318167579
0.1666400636930673,0.06688560434832173,0.10259424956772671,0.10196036449154555,0.03364451513524348,0.17061301213150495,0.08912980733229592,0.15864540217639464,0.10988698112389976
0.2331356379291987,0.03713195939843963,0.09655208709891074,0.10427101221274249,0.058248402294113315,0.09955822815413244,0.1824484199843441,0.06783413486502309,0.12082011806309549
0.08355953579094795,0.07834445892247988,0.1134019581480263,0.14035163313910923,0.1124987310528731,0.12503577465711638,0.11815273552273242,0.14884045957225997,0.07981471319445481
0.05529099928947936,0.0574137067831177,0.1051286382833586,0.09571702203677009,0.14499073997272924,0.2296614464875504,0.08424825191241676,0.1632401649119725,0.06430903032260543
0.22095443469366158,0.10552787082847427,0.10695952615411253,0.08783350815358676,0.15669639609345443,0.022914326122119095,0.07969974769808143,0.10717155173911148,0.11224263851739852
0.0709509196292662,0.038524945599897,0.08866523169841041,0.09720982068136952,0.05727582483631343,0.26335863131795545,0.12901631088954538,0.0995018503284796,0.15549646501876302
0.1764019593375151,0.049726211833211936,0.12688826670286327,0.09924597860146146,0.08528589948736102,0.22796949455875856,0.047129143470623656,0.07696759636765506,0.1103854496405499
0.033833336813766816,0.11801413726856615,0.11898373167377074,0.10907591768304829,0.16042754259537564,0.14578960405396993,0.19162138414749177,0.04096740827195768,0.08128693749205292
0.05686964267305123,0.2122660301894476,0.14561949334680224,0.15319054908607327,0.05552924738493697,0.06673642438910414,0.12258749996290746,0.08769729338571129,0.0995038195819657
0.16990389081495813,0.09028845854210045,0.11798594737002073,0.09261471083177321,0.2776829970419919,0.039037013576342414,0.06052928537198193,0.07745341144437101,0.07450428500646011
0.07673351577308392,0.1959394803808515,0.10860224845867916,0.11797482793807805,0.12046150020017736,0.056653721724854784,0.11641789045282099,0.08822778401761716,0.11898903105383708
0.07570793097494033,0.1481639450919557,0.10046303202507245,0.10068407350510594,0.14952163542230246,0.03833918012357008,0.13627145489368467,0.15568357707228972,0.09516517089107868
0.13626067600773129,0.13589432857328418,0.09543825583240528,0.08898227197425035,0.05366093381776433,0.29821875839401746,0.027720009807148647,0.05842970589382843,0.10539505969956993
0.05182107375385456,0.13493979786920016,0.13672367441711053,0.08767264951017395,0.10822250960482022,0.24125983709617596,0.04857505863805985,0.05181253330422423,0.13897286580638055
0.04778314394544575,0.1416011294748645,0.11679938299551544,0.12026768352217825,0.01787692348486544,0.1528475453464947,0.07939572280258711,0.2166028337344966,0.10682563469355229
0.020520715674611337,0.13808890088073328,0.10827435881017045,0.1376923759796121,0.052471043890654066,0.08161466722475426,0.24690352981152186,0.0897963283405475,0.12463807938739514
0.054012932827473215,0.13412489142751247,0.11686502390939109,0.10000634418778524,0.16422996265754727,0.06863553629112364,0.10231111037373362,0.16771952263822573,0.09209467568720774
0.16615673793070848,0.07184762931035822,0.09012051158145194,0.10251979910325075,0.10044955390733262,0.06755029472604378,0.17936042261263052,0.14083154063172365,0.0811635101965001
0.05023658633873194,0.05397749720375631,0.0914361536752749,0.086727265024184,0.20370597193962106,0.02914530233744918,0.06780101019637423,0.31947993179909046,0.0974902814855179
0.041112784635072334,0.2087330016512423,0.14928251022474448,0.11622117587220011,0.12151387319062064,0.09568570088568877,0.08914439012842947,0.10726552222349602,0.07104104118850584
0.1395549211501813,0.07370945680877129,0.13019833991272395,0.14075705451144035,0.07508634550977751,0.09944528566178164,0.055976454391130664,0.16546455008729818,0.11980759196689506
0.07701457025066465,0.11364069915900403,0.16961287478201992,0.13192775619526143,0.11402268579375241,0.050426888142114414,0.09028470379013658,0.11235778217464186,0.14071203971240467
0.08804467341616352,0.0704655733119754,0.11277319484527422,0.10341700005245619,0.07075282160445379,0.14832513895568358,0.1219714093939484,0.13836753864898013,0.14588264977106466
0.20804945417636167,0.05792238877275816,0.1083201494242,0.08354417830696903,0.0805609177514137,0.2253155717988912,0.059740563224644105,0.09270154241645834,0.08384523412830387
0.21613148387064163,0.06566238541899655,0.1353047515070832,0.10505176786895082,0.05497901157355872,0.06602389221171913,0.13265854473867547,0.130792388834128,0.09339577397624636
0.11728744467739675,0.06900201071711393,0.09954751351612116,0.07270113893302459,0.1921733391284655,0.1915652694673399,0.1322993578063483,0.06285293179837316,0.06257099395581674
0.1375395409586034,0.0714574859169309,0.0982708454929901,0.08907788679008201,0.05282599766233171,0.2011347483390015,0.19506537652431555,0.1008453308310908,0.05378278748465404
0.15094701190968116,0.10434160337588076,0.13500853049210726,0.08884624435794246,0.07066629427781118,0.0561663227872016,0.06702904581405224,0.1718501750437161,0.15514477194160717
0.055409512986087456,0.05752761381127299,0.1273434454210052,0.09951577756717117,0.11513793693163116,0.23889158807637526,0.11327460937815115,0.0949522602852972,0.09794725554300837
0.16094304817554805,0.044486148853118516,0.1275961567932595,0.1239977448233091,0.10017794237947479,0.11217298875757054,0.03296019160997798,0.17609533792340093,0.12157044068434068
0.16108642030684436,0.053607018426366636,0.12276663331334693,0.10874775800763603,0.13324134496526566,0.06151664950078825,0.05198091115647755,0.12573970202121196,0.18131356230206266
0.09073245487763053,0.0747562355441503,0.12162506288054108,0.128499269504509,0.09864093522440465,0.10844324688044327,0.05854763027505491,0.09039740294242071,0.22835776187084564
0.07109718864757973,0.1397464310310148,0.1251747528868586,0.09374069383132029,0.2070475987118117,0.048936704742410526,0.10534983636727831,0.0564147790784709,0.1524920147032551
0.19384919072840334,0.16087002328028732,0.09650273409439004,0.10149682779477343,0.07826415038596407,0.11966965230071445,0.05426589742901488,0.12381771890673166,0.0712638050797209
0.056358735702871275,0.1417174535222869,0.13579799640486012,0.11408351715196008,0.06474734802580985,0.11767006364024063,0.14211400230270618,0.07089701523909027,0.1566138680101747
0.039691134874585754,0.08157993099369738,0.124768642219249,0.11912675212983377,0.08796713132563995,0.13854178850004054,0.1810913533804517,0.14422561339806053,0.08300765317844126
0.07819137122059429,0.1431079273859592,0.1163485769799919,0.12865440241626108,0.1101871165598346,0.03790973502041101,0.18258301227256743,0.11108460085331595,0.09193325729106457
0.09629118837639707,0.13123611701342738,0.12401295545629487,0.11097004241466357,0.19759254575832394,0.062494418033468745,0.07094215673690395,0.0989834110002688,0.10747716521025162
0.10842577151478772,0.0804217363861104,0.10122402143202507,0.10347861286925242,0.0922628417503763,0.21292781535780803,0.1587908020410781,0.038758624969537324,0.10370977367902462
0.07157174791851491,0.10246258585827868,0.10470344434893719,0.10982226340878411,0.06820226664406508,0.20377473556061487,0.10536418214495358,0.1454030242113771,0.08869574990447443
0.2335469408898252,0.06381001240528388,0.09370365315814032,0.0996610633183234,0.12082552616499792,0.017949601637785393,0.05820878673243061,0.10684951682682918,0.20544489886638403
0.11274530275715448,0.11076128551720192,0.11846928869165302,0.10457134778681974,0.06420339499438461,0.10470930678896967,0.15554154023569206,0.15630689564382136,0.07269163758430325
0.04304483169985102,0.05036898453486946,0.11829089467748861,0.09293119057632326,0.17528507157981252,0.13932824108958386,0.08523918715167146,0.15351219111818246,0.14199940757221735
0.052827880284697544,0.15755205466511554,0.11284716377492277,0.12034558555306918,0.14738845348852025,0.07022971274873295,0.12105171095623453,0.054675827787725804,0.1630816107409814
0.09883733196170962,0.0729797163760767,0.09648193732129351,0.12856589142807254,0.07962670747445845,0.11626301413162043,0.06757548294890435,0.09955110601702279,0.24011881234084168
0.21700318390883785,0.14429434525363635,0.11700017894392639,0.0873831813124728,0.10391522468184523,0.0855558879829842,0.022914781665613265,0.1019676935069521,0.11996552274373175
0.04544846094337176,0.339137741938995,0.09764258852743646,0.11471722835334934,0.04354913953652614,0.14496489855046593,0.08504859870634178,0.047536446125507024,0.08195489731800663
0.1376120648397384,0.12402459825381995,0.11660415076406966,0.10542734007179037,0.09566433902272131,0.17100267215355178,0.10266160874730001,0.04637950888458684,0.10062371726242166
0.11053002039747832,0.11479895242064557,0.11929308833808532,0.15737419298978486,0.09110816124331163,0.09021192658091433,0.08704787321747398,0.10907721413320155,0.1205585706791044
0.18250799953129856,0.028495509964730922,0.08170689381668249,0.08958277137672598,0.15999036820469506,0.21854372515718493,0.05868530190775254,0.051742169937525014,0.1287452601034045
0.1436424021887236,0.06283545314376697,0.08519687871521846,0.11319275895168167,0.06802683922886266,0.014341067519047944,0.2782330656543993,0.083124573673184,0.1514069609251154
0.09632669757290384,0.04200741937323784,0.08291468631897111,0.0775896199033232,0.29218465278253164,0.10976110817701146,0.039986159010027784,0.07081032538876496,0.18841933147322823
0.06615832023179309,0.11847766334558761,0.11217480797711295,0.1386601501532593,0.11628765319790631,0.151597721129103,0.13595510612212433,0.05244182111043183,0.1082467567326816
0.08496218747633455,0.1593903487245155,0.10223927176130727,0.09553653125699739,0.23223661074006574,0.11758655663955499,0.03581918827426565,0.055343358866500804,0.116885946260458
0.08888290423120078,0.07029321912680116,0.13517897929316422,0.0936829993314926,0.13893196339293953,0.1530219265350691,0.17876541635525167,0.04148025600536256,0.09976233572871836
0.12799846667900386,0.03422248291221614,0.14412244546372388,0.12767799564105012,0.07526738289969237,0.07027196737217085,0.09163052249500743,0.20588226105958451,0.12292647547755081
0.050036250514841334,0.052156125536930054,0.12156881116786228,0.09780194810598795,0.2617330867483886,0.05544633705415039,0.17318425198381548,0.057091103013032524,0.13098208587499144
0.19061025608326262,0.1578300388975237,0.11715185754540614,0.09343762864275669,0.0838112024897655,0.05714994325708885,0.06258468476022659,0.13475795968890078,0.10266642863506918
0.09895508155419479,0.13037842480681425,0.12792421987375457,0.14086178065792485,0.04026079335350045,0.06672139676518567,0.22081517798386008,0.0925775725624583,0.08150555244230716
0.17130554821792146,0.0326388922682025,0.10927615713070361,0.11488216362439145,0.1531661969220673,0.12373483444102971,0.07856396681498308,0.14139485636016577,0.07503738422053503
0.04985941204373138,0.03979559068100056,0.13639856090123118,0.08220264568426174,0.1808090679315435,0.2285371359789706,0.0689007358873684,0.06410406574099144,0.14939278515090115
0.0377513319447634,0.2999268772493117,0.11632540375765861,0.10412526177511272,0.09689197096461898,0.09865757823614747,0.07244143882366376,0.03721129782717961,0.13666883942154381
0.2211678865035247,0.24181021589023818,0.09669171719775875,0.12183075126615757,0.028192638937201624,0.08477395677388433,0.05437605851649816,0.06496645964495622,0.0861903152697805
0.03792636998076674,0.06731805776063204,0.1355231998513284,0.11781843280039794,0.18601749554659355,0.05795535127529666,0.060600614399031416,0.058563384763304506,0.2782770936226487
0.11855694695421488,0.174000345519867,0.13566434321658347,0.14074040578870217,0.04782438249291196,0.06604743791539465,0.11028071076564255,0.07838582699244745,0.12849960035423583
0.03872158750602491,0.15065259273143916,0.08883711142130461,0.08138993230797668,0.0439004459320104,0.07237674865158357,0.29604171122399636,0.12946979445676432,0.09861007576890009
0.07758593483222043,0.2067951900404462,0.10743550646225576,0.13844408155249777,0.04385798369625971,0.12750866719197915,0.13381059019816796,0.08490917890681605,0.07965286711935717
0.04010000878879391,0.1480461299711585,0.10889347807978622,0.09290785494975103,0.04346023596947551,0.15122334734509446,0.20270089559369012,0.1157686727938642,0.09689937650838605
0.030996184227228163,0.054997842173431094,0.11174396567954888,0.10601409906920296,0.12787128477796875,0.19338828264761596,0.1364053854330277,0.1754278364529128,0.06315511953906373
0.08123859631626582,0.05550203315591321,0.11882177338582016,0.08256745943702314,0.04118682100509779,0.35149171271451457,0.0789278744933077,0.054125580379203765,0.1361381491128538
0.05200416443772651,0.20446297549115602,0.12440444510914402,0.1484134071170665,0.10472453682546701,0.05113814761748784,0.11324760658353768,0.07319551310851528,0.1284092037098991
0.06252692570759934,0.06512869885386945,0.116219525829542,0.1415849897375656,0.1372783589115704,0.12417082342050455,0.10991837545309631,0.09431722369422742,0.14885507839202486
0.04746667237259283,0.07838708912887396,0.11776441352005274,0.08090882890809513,0.13068982721666988,0.16574783466350337,0.060824612149550566,0.24371219508515596,0.07449852695550556
0.08912838534104207,0.30397413206102947,0.11289527226980063,0.1532274453148654,0.01770085437783048,0.11875872956703175,0.033223635266196726,0.09969367716097793,0.07139786864122549
0.0989393573537774,0.1287561061907299,0.12950612656865187,0.08485323809342236,0.02968831296956088,0.27130302928009686,0.12186206591044053,0.06690592792801232,0.06818583570530778
0.07261434213874644,0.03363732743505156,0.1306645416313847,0.08858406492585225,0.21801932797508958,0.25059316763130024,0.02153033623221956,0.095726126783353,0.08863076524700275
0.057855330558381296,0.1732934946791389,0.12942359178102283,0.09910860672536971,0.0626835416637269,0.0760913554833564,0.15220821156507727,0.09383352817877366,0.15550233936515304
0.0936794642882457,0.045282013686347024,0.13371857966354672,0.11155309387839778,0.04797771657905705,0.1786005071529099,0.11429383287301666,0.11456117147805012,0.16033362040042906
0.16006066526930274,0.14202417784736382,0.09825083656033494,0.0985203809372488,0.13980686999220607,0.06086554864367335,0.09292514872457817,0.050119282679615414,0.15742708934567673
0.2595493982677393,0.12108441367209459,0.12248595446078436,0.11685929142271413,0.07932945482698302,0.06840051473635099,0.08421662508432036,0.08014227672597489,0.06793207080303833
0.19643759931474522,0.11220166932132207,0.12299784508620631,0.0924239288014274,0.06580184468215293,0.15101846836822239,0.03302686636302235,0.10427750161727706,0.1218142764456243
0.11410775742637014,0.02485859530410106,0.1219489823345023,0.11408406411820736,0.07212955988707746,0.13714770719682612,0.14458227625808817,0.06394989245432897,0.20719116502049842
0.05242195112626866,0.05901085089507351,0.10284725968482483,0.12118290632047479,0.12354522607545375,0.050332332642463985,0.08228303586869083,0.19054581458423756,0.2178306228025121
0.16666917567325656,0.14110843934783204,0.120538857106068,0.11779210260380892,0.07509828768135478,0.16434247582486713,0.08909094787293574,0.08312364127063733,0.04223607261923947
0.04594283187208253,0.037048261469214396,0.0863982423183996,0.08026576081785575,0.1646229536618846,0.1518110205643758,0.20570250653902286,0.14814332416235276,0.08006509859481177
0.24287063736570205,0.11366596129011046,0.08574575400522096,0.08667135604433251,0.0849921054724541,0.11748392787753463,0.022930213022745127,0.07567235075901722,0.16996769416288302
0.07672451142249535,0.13263592485512932,0.12915021592216683,0.09828918339214288,0.09126810212501218,0.021892920714110697,0.18742252676348925,0.14572000339863705,0.11689661140681644
0.02294110671712055,0.07701409987787487,0.10490063348179213,0.10335240942828001,0.1600373401187138,0.19012080700503464,0.14393032061866187,0.11697270846312502,0.08073057428939708
0.06861554617413052,0.06863202839443278,0.11394409563946063,0.10490172622334636,0.11860572497532973,0.1389980045929786,0.05936485236447061,0.22741630930743303,0.09952171232841778
0.07034987225099694,0.11910917961437305,0.11500729218549265,0.09240942156088883,0.2679980134545668,0.015185921304528643,0.0998666200615923,0.09092935930754475,0.12914432026001607
0.07570024346075785,0.1509984132041805,0.11788225969063791,0.10215812034196674,0.1205084706506161,0.250496009867726,0.062132404102576304,0.06215226041144345,0.0579718182700952
0.06716056784350234,0.02253861856913746,0.12184787178663875,0.09359757361501649,0.1851915661376624,0.14075599922520368,0.21226232837290307,0.0846722355533157,0.07197323889662008
0.06437504708486493,0.10582464769074203,0.12495584634262484,0.11177349037501379,0.12882302321969194,0.10632751742975244,0.15479835214030965,0.0956826963352445,0.10743937938175606
0.09283120621038532,0.19034746457538876,0.12505627587496906,0.12038760419114175,0.0684518561665034,0.060849824841577915,0.14073850996727574,0.118037261443798,0.08329999672895999
0.04381901027445017,0.04437826254095653,0.09515852912946003,0.09296610385727871,0.35168900566939487,0.035422823512782524,0.18719135989594873,0.07243797042007165,0.07693693469965678
0.12054370334423802,0.04252404497287043,0.11003903938622218,0.08552070838822882,0.16743341930695602,0.05467944581652484,0.15376177665171883,0.06789728475378455,0.19760057737945624
0.13070759304686358,0.04038181993095094,0.10956406674612129,0.09513842058494104,0.06668627423323824,0.28500755885197054,0.046391574863963524,0.07981167521674166,0.14631101652520925
0.06199406190126949,0.13630976368547018,0.1548101858862828,0.09199713075006677,0.10076681103198294,0.19899702924777815,0.10350738641997341,0.07559159411905848,0.07602603695811781
0.028258436869987833,0.24623217175969567,0.1192684948251292,0.09324475503411322,0.1136387344251007,0.09794931323056162,0.06780223036774036,0.14028183560467986,0.09332402788299153
0.060022525804594586,0.04525606895887674,0.14355150104221384,0.11649937958264345,0.09359997307918293,0.19499460184798093,0.08149558507857697,0.07080143417514889,0.19377893043078157
0.1586045399535959,0.03058285019073424,0.09366358522323577,0.12112292133275078,0.14800025564270722,0.15611212566508267,0.1489397394515544,0.06239843866368241,0.08057554387665646
0.05919821471913846,0.05039337029312224,0.0871990302877257,0.09581731473289,0.045506245844197483,0.2811187789800243,0.26535443774642686,0.059651036077257275,0.05576157131921772
0.014235982179572204,0.13723286814152347,0.09270592483653854,0.07642143123875285,0.13658566890070875,0.3588036090706517,0.0700346055733859,0.06641874265472575,0.04756116740414074
0.09129653634281204,0.07258432441012475,0.11602034541324047,0.07455045459303063,0.2009680641043231,0.12414705640997821,0.02708028973067374,0.13152280475972833,0.16183012423608872
0.043902985634295615,0.34757260769014353,0.14126927674789283,0.09901468993704482,0.07647934576777049,0.01340244067437843,0.06468068652678514,0.07940308845867688,0.13427487856301223
0.0690958371603237,0.05356974584708956,0.11831537697348615,0.1254581220739124,0.10423075064254254,0.03422255869786126,0.08606154108577695,0.15786424109656796,0.2511818264224395
0.03812897658126317,0.1325355188192746,0.12594850119098047,0.1252571835393425,0.06764968335881055,0.18824413587602876,0.10453047047778719,0.14371671835551922,0.07398881180099358
0.06902753100120713,0.14810892203478793,0.103971942147289,0.14677632479662775,0.07355424653770477,0.12421099067689471,0.08391069466048347,0.044590775447568926,0.2058485726974364
0.1320070161449381,0.10276411604578166,0.11823361802712869,0.10681528659965951,0.06049198193563246,0.25287964009731784,0.07259292392555254,0.04341553368800679,0.11079988353598248
0.07926352061429752,0.07673209717564093,0.11791388393726972,0.09888156710913336,0.13427929116317863,0.05535825868184876,0.19427981302757605,0.08421617417270122,0.15907539411835395
0.1880512861226997,0.20424466917557701,0.11804508372429551,0.08684920878337893,0.0954818033721288,0.0648500101070066,0.03473041790068821,0.06580461447726592,0.14194290633695936
0.03392996990176878,0.15247118446581087,0.12526367798398116,0.09639143964844459,0.19241368880281237,0.14599311448592325,0.025932979143260138,0.10971171828653865,0.11789222728146019
0.06900770506239685,0.0917222493397038,0.10838155432643815,0.11145311063018681,0.061090701500285303,0.0936033593270741,0.2017704767456142,0.06126044644654355,0.20171039662175727
0.10956133154358427,0.08656781205036035,0.11677101641963643,0.1064606428952632,0.09187473890086413,0.10406026085924426,0.09963302379537868,0.14624547625410297,0.13882569728156563
0.0813725609881202,0.17891614258122676,0.12263573952139235,0.13553236101389904,0.041731226020720574,0.06597897026000438,0.09426828765586066,0.1608409158613419,0.11872379609743415
0.08847335508759491,0.1014352620545691,0.10972409656382848,0.11506749383775067,0.1544778898223749,0.11408171322209089,0.11612758216564262,0.058372612262312475,0.14223999498383585
0.056273801267268,0.11135125963203917,0.12922079572526288,0.1223216600719826,0.1252960879069233,0.11144057877988094,0.15528771239787253,0.07474398901460334,0.11406411520416732
0.23262696126677343,0.06867557175469673,0.10452819162903315,0.10375234669403477,0.08129601212142477,0.033314945753590286,0.10672128788118679,0.14637524715079495,0.12270943574846516
0.032990818236926026,0.09818171000573735,0.15697927743813003,0.1021343002923859,0.07886822597701414,0.043779698918507005,0.15397134429283368,0.22851140836356387,0.10458321647490205
0.1821212930523528,0.03962620869519074,0.11495787463322997,0.10979161347398479,0.10511966930012125,0.11108729320122114,0.08967658069746699,0.08927837219982415,0.15834109474660818
0.13552912474592482,0.061207111523851755,0.093647438507542,0.10013789063902752,0.06660654707783142,0.045232590176217995,0.23631852885977114,0.18745910777706368,0.07386166069276966
0.06759808753087101,0.06916259775972115,0.11243193171198262,0.12162091547770652,0.1801075528181915,0.0953019665142486,0.14881159247576967,0.062231955943134444,0.14273339976837454
0.0530222924628734,0.20340003159300105,0.1130100150405174,0.08413669392454322,0.08513334718569027,0.158161913220513,0.04957476583063964,0.15378432797842476,0.09977661276379729
0.1262393247510928,0.16460909588996953,0.1273796037752215,0.10534044614407552,0.09844424106077719,0.06294022761896657,0.06749512133209491,0.0638478821165057,0.18370405731129638
0.11940780068305129,0.18362321312109212,0.11352194592750053,0.1052535172481981,0.1606054380991446,0.16550821075643568,0.023726519890608005,0.042807783735381987,0.08554557053858758
0.09663977755469022,0.053477463937906373,0.09885201969358111,0.09395884187824677,0.21646824421492314,0.11050320817644353,0.1234493781988638,0.12800059375504147,0.0786504725903036
0.09887431368096421,0.04576518708001528,0.1323923968943835,0.09365948987278043,0.12981424739507982,0.14732320177784627,0.12171949541039068,0.15410200182277303,0.07634966606576676
0.06839592964430781,0.12813708909198637,0.12288424024430149,0.09340505194752997,0.10165750812771664,0.13411223292275362,0.11758024885991686,0.16539228242531787,0.06843541673616937
0.17395955539032448,0.10090326486978692,0.11823333285108288,0.11368200761359716,0.14023179949788653,0.030855928004467025,0.03502085682405575,0.10766985841645955,0.17944339653233973
0.38726338278884653,0.06945919799402149,0.0938706374531566,0.07546878887094927,0.1590916433213534,0.05614550097721419,0.06165847508315928,0.0524023503908746,0.04464002312042464
0.056458510709758956,0.04171744976301703,0.0889788861567848,0.08603455042259388,0.10787788234735829,0.29957086136028527,0.1357372926891181,0.04275339353864737,0.14087117301243626
0.209824600376195,0.06239438629700415,0.08601439021092809,0.08406894279982245,0.03179131477113927,0.038968869027444224,0.2611421472354753,0.1495850585582123,0.07621029072377923
0.04527242799985378,0.11161645909936187,0.09894634948382723,0.09031913107076091,0.17569045912694423,0.2059290653982133,0.11384570367516487,0.07876539321292211,0.0796150109329517
0.09617150266275365,0.05927371178494987,0.1146342789492985,0.0839395877542554,0.22886382345790204,0.18142645923462788,0.034798564562337556,0.08494351320067513,0.11594855839319994
0.25868009995532887,0.06620110999095018,0.14718719044150394,0.10524997409887564,0.12460626640259326,0.05894550988379068,0.07076674464629677,0.0713569001157921,0.09700620446486861
0.03663112188155152,0.22629163841949715,0.10459673811998711,0.10613775577808855,0.08921286051919304,0.20081462703933428,0.09124534026187515,0.06208270956355114,0.08298720841692203
0.07087072643809703,0.08231771743160564,0.09250144172758686,0.09005324664293755,0.12070061103214465,0.26060528457906207,0.035411328516000394,0.10476804429517934,0.1427715993373865
0.07582371570466685,0.09055024339613393,0.11423524646582091,0.10802664321422019,0.09301734011260411,0.14548510587059205,0.09314897134965265,0.14795654972536876,0.13175618416094054
0.042498602949997084,0.09356491464317475,0.12446046049333481,0.08855897640786776,0.16624059131399047,0.2165967089533126,0.05319759768269491,0.10506410419933145,0.10981804335629612
0.11142732515782729,0.07676593232519517,0.12020567497618377,0.08764375625694709,0.12564528097198072,0.2312893283194899,0.08000140679514452,0.08624688867693812,0.0807744065202934
0.06910828331746578,0.04699332777676927,0.11985021485477383,0.08135496002692184,0.08125211721219575,0.03373957251255406,0.20653722931524107,0.23651639654941792,0.12464789843466051
0.08940691633972864,0.0861147721329154,0.12711702880922973,0.11809806365863813,0.23428816753796577,0.07149755974032593,0.07307572429767538,0.04595134720206176,0.15445042028145914
0.039758278928741383,0.11122710563063337,0.10549247536734561,0.09546288131325491,0.14913375821879607,0.04834527487672186,0.2998402108170397,0.07546911876041708,0.07527089608705
0.1197042044368624,0.04188207444217203,0.11661015653832167,0.10705430211253188,0.08782649418749945,0.17202549091077612,0.12605113074565794,0.1272699580617306,0.10157618856444794
0.06268763108774268,0.06294742551233357,0.1172472508685165,0.10794614783122398,0.2973550149457683,0.11416251096306922,0.06116155176997051,0.06760162304155211,0.10889084397982303
0.1394631139812183,0.11638020825102191,0.12810239660015693,0.09376045672727319,0.09043965155414581,0.13754351363174125,0.08641024830199479,0.08887987678941862,0.11902053416302923
0.03792488832142165,0.017985761400117675,0.10064055455128278,0.07365399547598254,0.18358252271159672,0.05163382825692477,0.3673292846410494,0.08539806551260182,0.08185109912902257
0.12790770323803471,0.14816395730876372,0.11227961286571299,0.1221834515414092,0.14103644958473646,0.08406200775931032,0.04909468322192179,0.14861228511955415,0.06665984936055662
0.0395684857259627,0.05830414979096781,0.11416200674719663,0.09400726831652172,0.09338720176522182,0.32014715943996913,0.10532973444221712,0.04862241846961124,0.12647157530233177
