0.2241940715825482,0.03416884529580372,0.033829744615182754,0.2074671852434764,0.05553632358963523,0.17429121151901025,0.012173242696500499,0.11917342530085896,0.13916595015698405
0.26009587019499597,0.10295725392106657,0.060084894403297756,0.03506628785060209,0.14691367452845672,0.06269063543068737,0.14355640172245696,0.09453340945134708,0.09410157249708949
0.1337972413773388,0.07321633887203229,0.03826378367055169,0.10813432758921743,0.24735532888666575,0.07211865084912643,0.06692583935089508,0.17068611993151395,0.0895023694726587
0.08535862649068789,0.061236166622306,0.18227713662531173,0.14069400840602161,0.1913689889123753,0.026545750453387956,0.1675948839761385,0.06269060791472512,0.08223383059904593
0.09861371862237335,0.09007294515575119,0.12561959891381894,0.08611830150782283,0.05894780349878522,0.06264303837821518,0.06758466195965117,0.1946940364390737,0.21570589552450845
0.03628282339627722,0.04972233458274613,0.12129401695911769,0.18755973893079667,0.015767689372845856,0.3990909483048562,0.017690487564362586,0.09536875228498494,0.0772232086040127
0.06541140843071712,0.12766632812265344,0.04915106015542927,0.19753734158457756,0.05926537277921026,0.2067093151161191,0.08052196226799596,0.1297363559595183,0.08400085558377908
0.23600563211344983,0.10675956130232749,0.15133167127277491,0.024817382019872367,0.07518736916928764,0.04034037689980679,0.12638852117050828,0.14909661926339782,0.09007286678857485
0.17917869051567129,0.056735357888674676,0.025646174954994255,0.20169341881078592,0.1930089867647231,0.16565217798809476,0.04320680214500452,0.07073076679208547,0.0641476241399661
0.06298820431226256,0.0556902706797029,0.030307564495223833,0.15818720785046694,0.16525436007708735,0.2454133004185709,0.09338658885095615,0.07227445752311804,0.11649804579261136
0.04180787741561697,0.12443015350050453,0.1263993718148825,0.10387038982027401,0.24962491122390632,0.10826405881878202,0.03518096942484384,0.0971329294203443,0.11328933856084554
0.09228452986670915,0.11304074001579678,0.27878653438243794,0.08420607082994143,0.10256339181808766,0.06334959205948475,0.050969044772005034,0.12874832753272494,0.0860517687228123
0.08247444318708612,0.1103783910235772,0.23373654686220272,0.06684634328545215,0.08730998967465686,0.0873036478887627,0.08077090135909495,0.07657816042361999,0.1746015762955474
0.09168398616678909,0.19165716353394002,0.053319834166347446,0.03973729241238203,0.1870179367583307,0.21210734187455946,0.04445616684265064,0.08429704557572988,0.0957232326692707
0.19910749508711853,0.05736701492664507,0.031034226572415693,0.19048472798293906,0.22074334818175267,0.054616327080329846,0.09932089218784111,0.0803977471380979,0.06692822084286008
0.18712088070291008,0.16907422327954522,0.04128396497849709,0.0872302041079515,0.16245802899693432,0.07434125216452218,0.05008251340826725,0.09543695437506272,0.1329719779863097
0.09184943843729787,0.24909133470225364,0.08554035441419307,0.0952912344889396,0.11160690412794878,0.046006972067124376,0.029901310692663937,0.20431476285022146,0.08639768821935723
0.046339776496338636,0.06114232935065411,0.24056445006721183,0.14614720643706708,0.23349825910425212,0.11397785807177012,0.061541155807464755,0.04655242125642602,0.050236543408815386
0.112515990754063,0.09850756052421282,0.032610175750510534,0.16778969302952118,0.03718063965610839,0.14388677149332743,0.10945826757746029,0.1461571961855125,0.1518937050292839
0.050698391918092334,0.07794128438123053,0.05658125279453536,0.31649118170887763,0.03971077643911652,0.08374610061564046,0.04213637557380057,0.1696679012685445,0.16302673530016215
0.18119167840418124,0.159562047896504,0.02866773341500665,0.13059691271546275,0.12001064319881806,0.055861247254516695,0.05947542005504197,0.11353367154700293,0.1511006455134657
0.21095580453546717,0.21025840173457863,0.08684676967009874,0.05169686720792438,0.15343661935796735,0.06686179742378932,0.04935219502395077,0.07224217792755278,0.09834936711867086
0.10130099582240454,0.1088059453913582,0.07360501448194723,0.12528338128952923,0.08311268277781679,0.13596313423379344,0.07883384586565394,0.12274883741062398,0.17034616272687272
0.13688413345660666,0.07494345058255115,0.1083940116376556,0.08537511356338627,0.03689236461223277,0.06533836185374588,0.10134404568986133,0.13867752854065088,0.2521509900633095
0.21817637593566017,0.09193856980250097,0.04684149095397688,0.04440865783232362,0.1457541558052581,0.07974064881207953,0.05407430970433255,0.11666946361480106,0.20239632753906714
0.14655974254952495,0.23604856671863952,0.09914741458207355,0.059758009463669215,0.05516365712644341,0.05916881009397429,0.04747296531709808,0.1318687713257483,0.16481206282282865
0.06130859732502917,0.03452385797178714,0.23985648164030268,0.09234370177813933,0.04493778880406849,0.05292718761636841,0.23810151178071512,0.054030350138056904,0.18197052294553276
0.09743054721702545,0.12231163688775519,0.1119969603940595,0.13849234450735579,0.043234497137933425,0.11288251627771122,0.1551892059692918,0.1664957508704825,0.05196654073838517
0.11556557452095133,0.031956961472012234,0.20186664330331502,0.12306162639787403,0.11898007069643741,0.16406487102187467,0.10524388544256628,0.07674566045086878,0.06251470669410025
0.07172989137257252,0.24076157491546266,0.03322422579220736,0.016490361528193952,0.0905320971782106,0.1641438059707111,0.18128455305422234,0.11599477272757443,0.085838717460845
0.10082407020626098,0.1797369421261373,0.12528812958798546,0.22417239416680612,0.08888749838543279,0.06981688423922223,0.041068641467461316,0.09984243766132013,0.0703630021593737
0.17663518319651828,0.13419963475625254,0.03269340976058835,0.023576048260277403,0.07890154740431048,0.03435892828933991,0.28221041938791497,0.06616639214370973,0.17125843680108832
0.24823224368228156,0.21247480167725794,0.09078982489406662,0.08055251795606673,0.05840720738875918,0.04223347907526679,0.027962549146198317,0.14855090745842084,0.09079646872168205
0.08499451661312214,0.26158715875092814,0.18335095512778152,0.060322013785401946,0.05253196681832589,0.05762826477630369,0.03870751343019066,0.09420262976559324,0.1666749809323528
0.14628913876041258,0.1696790236598785,0.053336717654288844,0.03295388852706833,0.024621178161136875,0.20482331830646394,0.09116338233714462,0.19060210416280365,0.08653124843080269
0.21999083685372214,0.025496753044939115,0.08417021406479036,0.31041571878320245,0.09640973867892715,0.08875598026431263,0.037249050962320916,0.04232152190660307,0.09519018544118218
0.04644952600087018,0.061959858419227916,0.06487800594962832,0.09418102275904709,0.14311201069634,0.2626588032146108,0.007155403081522152,0.08628673328862284,0.23331863659013055
0.18810369072180344,0.1162841227203842,0.0673008889343005,0.06337915939302387,0.10401792419880078,0.11154914576277623,0.0600988485536031,0.09118548286361965,0.19808073685168828
0.05638050789225555,0.056527346986542513,0.0656543584838974,0.08265253613291644,0.14833733637466492,0.1563385312798163,0.20822718948006172,0.1161316378991601,0.10975055547068506
0.13975835952242807,0.1283555752626831,0.07986492083758265,0.05907614180304956,0.16993299156544248,0.046675032926101256,0.07444101738100244,0.10177549979847116,0.20012046090323934
0.0751173464717096,0.08364188129700216,0.10833497096570484,0.09357231366099789,0.09651649814124376,0.048104221643916846,0.1882473439581145,0.12891977945220598,0.17754564440910445
0.2209232327190779,0.12573462282077671,0.04056210280783583,0.18902835348450667,0.07161160567565346,0.03806892374093023,0.13008877159864696,0.08765817541909181,0.0963242117334805
0.17421863626427558,0.13591415422988407,0.049850946609982925,0.12828467256849097,0.04574442973692653,0.05732366203977864,0.22445520026940027,0.1122228288314604,0.0719854694498005
0.06873839267969369,0.07590964844203968,0.21644014389526625,0.027870165462739845,0.06631989309478811,0.07960810252971637,0.256032878149896,0.10028351213964744,0.1087972636062125
0.041026541579431836,0.07603987671668981,0.09393513390653373,0.03937636940275366,0.0809406160140137,0.18138130977751246,0.18908167822292676,0.09941629560557987,0.19880217877455816
0.061682869709185906,0.15361003107917745,0.15704233381227375,0.0741013191289356,0.1334747855260311,0.020929674213842075,0.22956267447930226,0.0869804536564207,0.08261585839483121
0.19833526267815674,0.1687470479697922,0.033130770825617564,0.12335899899139535,0.1369303790359104,0.07519005635528604,0.06016791874007132,0.09849914071178494,0.10564042469198553
0.12063212963586623,0.11070660005516693,0.05701450578874654,0.0523794379602715,0.17026091056465367,0.11535538141750441,0.037205864865660514,0.12190180875969066,0.2145433609524395
0.10601176087857382,0.11682274682595763,0.04497283708106802,0.10983988581914066,0.07944998239274488,0.26353138559709016,0.06966264858129073,0.13718670811501685,0.07252204470911716
0.0701035415096178,0.21813642728357316,0.03650312843603873,0.15363904203045572,0.10699669362964163,0.04685495645005716,0.11483795087353503,0.1835365738461947,0.06939168594088602
0.07552712363662205,0.2671436479525572,0.13180396411453188,0.05744593710068983,0.07337084702537962,0.04059139267087485,0.12905145983037247,0.1425859514457735,0.08247967622319864
0.09982501628834244,0.10394076503492178,0.12307364789942854,0.06753229597048091,0.24743205188833514,0.03557277297719621,0.06680217889329372,0.061119518029976484,0.19470175301802475
0.055214150123463,0.06083657752095654,0.06052746006209858,0.1642876585964574,0.17006151650261928,0.13203086715394338,0.06369131967398968,0.21662101146099097,0.07672943890548116
0.1426573320205687,0.052187022949217086,0.26298778162209285,0.02566543841003006,0.019669854007733772,0.039209907277686855,0.27151631286973255,0.07908180026920546,0.10702455057373272
0.17460343961632896,0.1798023797786609,0.036466825723856344,0.1807713155530503,0.039199524192668235,0.044248146527170046,0.13622288810197952,0.08104033923274888,0.12764514127353688
0.09662444050900365,0.12122484500239773,0.1659254226583903,0.19153185816353868,0.08823450232006619,0.09883330190144872,0.05317671249401279,0.09690754945393669,0.08754136749720513
0.12885015802108693,0.2133463860486063,0.08359591872481342,0.15764951740356337,0.04077362059636603,0.05826895179284047,0.02795630142677984,0.15828400079572078,0.13127514519022296
0.1253809380531323,0.07193002462464583,0.08354970975347431,0.11387484649575709,0.033991780440161386,0.13093986511079786,0.10717618394273694,0.08916495881549179,0.24399169276380253
0.04040633438087554,0.046136494639672704,0.2729958731195639,0.1743652517915889,0.14566224907646177,0.0995338280984442,0.025218114115552536,0.1544236217695085,0.04125823300833187
0.23467988891308478,0.08361831891812761,0.05697148300040452,0.02445709013764888,0.1917931422119666,0.11444877067513454,0.1060416038085664,0.13015905212604803,0.05783065020901871
0.06674790987123522,0.1292945640731392,0.08344475251999517,0.06288389194907948,0.31536000447631696,0.0823306815109646,0.11433927743639,0.06156827287331807,0.08403064528956138
0.14568889800272894,0.29883562615891446,0.18986044031411123,0.06451051463321252,0.028233930850379573,0.031778680959923755,0.0204914047552003,0.11334682519643564,0.1072536791290936
0.06674665079108495,0.11023018675219458,0.08103059868113228,0.04557892055449636,0.12370677512062261,0.027966646418278965,0.29881672959892286,0.16083333464371427,0.08509015743955316
0.23765999848356167,0.07242666715658323,0.13801554555036388,0.060862807896163156,0.18849443738483787,0.05232537533310466,0.08142940162743172,0.10371820486725236,0.06506756170070142
0.15603879997258355,0.1515320576728504,0.1892152804178718,0.03340079687204312,0.08471606931417112,0.027064471502005263,0.12522271609931843,0.09912236816654212,0.1336874399826142
0.09450110156195367,0.046531808580756374,0.04277465365579109,0.3495062334646148,0.06607877614562448,0.14430060825907345,0.013935962375657347,0.17802144806002843,0.06434940789650039
0.21184398254329714,0.08750697173839783,0.11531225250298936,0.05742375744437402,0.014374860392212583,0.06561122656350021,0.09840571989445912,0.2713384031520194,0.07818282576875037
0.1697540274620327,0.17649668927412346,0.11539136309004472,0.08061824157541578,0.1071750111406748,0.07131709593812437,0.037520062253059976,0.10416760512025193,0.1375599041462722
0.0501450306886523,0.05555933972729319,0.02190473453276118,0.112948450693772,0.033970103033548506,0.3762011054517345,0.04469534604641362,0.09051555541652516,0.21406033440929953
0.1814111696386338,0.09049798687870451,0.09409184327805076,0.15317672604908336,0.0932839594242816,0.13388761553084041,0.09183062033051083,0.10180632650696848,0.060013752362926276
0.06379942920008834,0.058787491742336294,0.24760060767123004,0.11990405244181508,0.08038550689739533,0.06807391706644204,0.09464830669129805,0.04292910691340921,0.2238715813759855
0.12092507464250805,0.10627981744689378,0.05566688950761456,0.06099775975590094,0.03876342055184939,0.2894532552629286,0.03716531644420781,0.18096582499114192,0.10978264139695486
0.19474218991941697,0.07874050710518882,0.16437211246904296,0.1091384457550318,0.1590032887265429,0.1022088342830491,0.04994073290123219,0.0689027477677814,0.07295114107271385
0.14670365095697338,0.12274541633666297,0.06477447392523707,0.029596788637619387,0.21230955107880142,0.15717629303517008,0.04749713751881271,0.08956426826408558,0.12963242024663732
0.11457480060770542,0.121595403543221,0.08579491064867388,0.034386304725804506,0.16640842643241266,0.0879025252713229,0.09850534057384357,0.1777728699127635,0.1130594182842526
0.24342102625469075,0.05569619722173674,0.04904595362608701,0.07084165363795199,0.08671081936185059,0.019319258330578796,0.2860645682175513,0.11485026931853966,0.07405025403101322
0.17647124602045058,0.06839932959756852,0.08478754684526078,0.09940083537370015,0.18950576285596332,0.06198376216940949,0.09557212889848428,0.11237099986697563,0.11150838837218723
0.06757568374410894,0.36504702199347544,0.030292186724669965,0.07940427815066893,0.15164060199115656,0.056703401804241736,0.005194306458725372,0.14223911146752147,0.10190340766543159
0.1420732388743089,0.1866238848661901,0.1047254072789273,0.022057517991915073,0.11837978818345923,0.0696022797527352,0.0630200108782865,0.23789838243210984,0.055619489742067936
0.07078722849766962,0.0761839404805205,0.12217675059346522,0.1438088901253409,0.07099668833483265,0.1577080279725187,0.05324973435399081,0.14877717003519964,0.1563115696064619
0.0855374782009229,0.12892943640153273,0.19832820758560743,0.18571840283290833,0.09760808655470092,0.04247727360124024,0.10277791704155574,0.0825046172963968,0.07611858048513485
0.06543440769007403,0.033988569476454504,0.12883413485051645,0.1210875954891417,0.3520055903560561,0.11136435165317367,0.03006052212893176,0.10365989139346558,0.053564936962186206
0.16398019042374035,0.13397359728582264,0.1512443555041906,0.07845725009722969,0.08648171577464686,0.03870545839212786,0.0703951126416138,0.16295050224027802,0.11381181764035016
0.06725914186259409,0.2506037019543131,0.030871382888100294,0.16897845642969375,0.04799050632490671,0.08055256460533435,0.03620441652804252,0.24365815278696953,0.0738816766200457
0.026416127020227345,0.04242129166863634,0.12310019477746727,0.19550444647600762,0.19657166222521996,0.1967778317731863,0.04577999365823293,0.11516800738126272,0.05826044501975949
0.1749671520765971,0.15002824513091764,0.05319290512964114,0.046786875935697324,0.09235437696449307,0.08933460551384174,0.08996155130169887,0.20983885074829386,0.09353543719881918
0.13787282096155387,0.08291752309011198,0.22901507151463943,0.05983064793812212,0.0702705851349204,0.06735145895069079,0.10226323883857741,0.1549130880282594,0.09556556554312455
0.10777515119831087,0.10961653433863759,0.3192899414939163,0.054618438813099524,0.02762275659153827,0.07687435537964736,0.10541905294013142,0.09477322123286148,0.10401054801185716
0.27945080493330193,0.1298753345124635,0.03638562086445111,0.025021652140764395,0.17021411831029576,0.03861154331619627,0.06344445764778495,0.0786384050796664,0.17835806319507566
0.13034114167002542,0.0817276456761984,0.059697348744440826,0.07506562582598277,0.08124348672646721,0.29941152056481674,0.05633578827689544,0.11782057606856573,0.09835686644660739
0.11346279139790903,0.2694314266628694,0.058947425834901014,0.1992840051460613,0.06846498253331183,0.061965739427901935,0.026482546825128017,0.12900064496938693,0.07296043720253055
0.09557811484320707,0.09880861822791764,0.03746923075667098,0.19767926311294995,0.031954650472591835,0.1453250205273712,0.02263548830807111,0.24247164152161194,0.12807797222960826
0.0524214728934276,0.09186585511671952,0.13392427563952164,0.21796136301930857,0.14146964618905677,0.1256090007407262,0.052312321014130025,0.12476376064241645,0.05967230474469323
0.10731700585442684,0.09470115042550764,0.06690277775482516,0.12019167885998845,0.10865986103668224,0.11561597736330458,0.053593360802410596,0.2193978740054515,0.11362031389740297
0.2304837191157355,0.12433333004433811,0.0861051111124177,0.048796325771280326,0.0659157203732912,0.07968676252670093,0.04793858224795924,0.09318558411707294,0.2235548646912041
0.03624184894165918,0.10453123628869548,0.022022290426271195,0.07845354389108297,0.22965309886632304,0.1479526670261679,0.12939265660154928,0.17342478078663803,0.07832787717161283
0.08674046940621156,0.18199415429006124,0.07285921105592884,0.08617299263402899,0.06202836179802066,0.25006995553526806,0.08205697701909603,0.0915569169595455,0.086520961301839
0.25163142249500275,0.13519665143096546,0.013464508969445427,0.085198747878077,0.09589612531485985,0.07100623545153341,0.1513148068664005,0.13862444521240938,0.057667056381306314
0.3485119347921026,0.15749964130617214,0.07094784664519628,0.0785090123313538,0.09379353817562668,0.03519679525919069,0.058308183162226336,0.08977777673513009,0.06745527159300142
0.2712567995788521,0.21530305477642475,0.07450700625154753,0.02533434820929652,0.0674942308673069,0.0514069325537762,0.1344439240818646,0.06881770912693559,0.09143599455399572
0.15249695822363502,0.24151045123885617,0.049014140483919416,0.20582220116611938,0.12388783460578286,0.050534768195225406,0.03154544099229743,0.06567603543237675,0.0795121696617876
0.08255068129737668,0.05947849411637294,0.21539348948380654,0.13750481066309425,0.047796751759625195,0.07580767810937154,0.16126402125909609,0.1457904174340534,0.07441365587720344
0.10532675369460481,0.12211555047497742,0.2294011364218549,0.06695623187804717,0.2408457050569411,0.04782535470670594,0.03086331398239298,0.07189720075690698,0.08476875302756864
0.0777933006421402,0.12507597701281237,0.09566487354605287,0.035230973992274234,0.050774162353703044,0.05533197534146069,0.3758010122351931,0.06367445075335768,0.12065327412300593
0.08401503692800398,0.22122149381005304,0.06354817042657993,0.06309647339643348,0.19635091647019565,0.06309587968953889,0.11168486087718117,0.09252529311314882,0.1044618752888649
0.2921230857209262,0.06952118192441044,0.1264034780385207,0.030777558949256437,0.04785845341267351,0.0878656328934782,0.10423459448116407,0.14900108248208627,0.09221493209748423
0.05203131873971575,0.13588579983395047,0.028291594470305114,0.29568544351060805,0.11827644163369683,0.09844680519500865,0.09172100349882162,0.12571736178156334,0.05394423133633027
0.1273376872896725,0.18894176440707344,0.07183303648296968,0.14447306603103058,0.08005105570457959,0.02435561946223982,0.20644577777225412,0.10422162722680857,0.052340365623371625
0.08452026326165629,0.14105005504545107,0.10309450222406163,0.08428039516526248,0.19162486127288322,0.16711924201666237,0.03508958721161122,0.0616973460844259,0.1315237477179858
0.059642411064628885,0.1217931436341283,0.0662975857449707,0.18206896609832687,0.20213034152586096,0.2606627831860022,0.010120257666878149,0.06300486152495845,0.034279649554245485
0.14836987005851057,0.10174229478576928,0.0964313771400432,0.02855406468886149,0.30667555294025045,0.0749146321147547,0.04569606331563227,0.0991700444788786,0.09844610047729944
0.23499369293646952,0.06308087420438768,0.035341425434586154,0.14525997166125507,0.03921971438124405,0.15842468181159763,0.1134209341046365,0.14423146631312062,0.06602723915270287
0.055087630133763756,0.2645279554800335,0.046223396476153034,0.15849175250919087,0.06183117102130418,0.0827883833452613,0.026928842583613267,0.21689521092547137,0.08722565752520876
0.179038767159907,0.057000616741956035,0.05704231566881197,0.1275065719387741,0.09349026388402498,0.07711599151435103,0.17074048110792317,0.1349613609993353,0.10310363098491643
0.06177008189571964,0.20479934145620105,0.21245105772532,0.07006893062670595,0.14297558612313085,0.04544004613079241,0.03814048894677716,0.1292792853988463,0.09507518169650662
0.08581501031212459,0.09742357378363152,0.06873710650356665,0.18734764849777977,0.042945112593839485,0.028235315897017648,0.24778097277445588,0.0888779789283373,0.1528372807092471
0.12825085371703634,0.06299334386735296,0.02461562180585956,0.24914686745290673,0.059967520968902226,0.14313959069704807,0.1607785347585815,0.08981687840616619,0.0812907883261464
0.19078171485286152,0.18372688947349658,0.1331476333186298,0.014033180612135265,0.03932260685538424,0.1571653345850643,0.041014641097474075,0.12042768343402761,0.1203803157709266
0.17349209287248055,0.13457746216265876,0.08163018684159566,0.025560235331824468,0.12632505458066334,0.13915238274843325,0.13090349224521416,0.0828280907786224,0.10553100243850745
0.07175554010370476,0.12588094256645532,0.048417720137134745,0.09911215027714225,0.058138464141452406,0.048574101424905085,0.15053964744211915,0.17056191124731532,0.22701952265977107
0.08174616363417987,0.1442321565100887,0.18729407198204004,0.06294758779386712,0.12160915437918153,0.06455196486490145,0.19634879719019907,0.05265346070238381,0.08861664294315841
0.09461345436604675,0.08643460596119538,0.1924175475650146,0.15939116185670663,0.041424926442193345,0.03754013939921532,0.057351416822987646,0.10380080021468284,0.22702594737195747
0.09111159671823311,0.24168087151649073,0.03869408932724125,0.09062094304819139,0.18168212754280344,0.1389171579639411,0.010495318212691,0.12456348360353975,0.08223441206686828
0.08324378798867403,0.08679798417841884,0.04990959069847601,0.02891855452773924,0.1385658916910625,0.16648285032177715,0.13198773720757304,0.1417634797765622,0.1723301236097168
0.13631670298230922,0.14605823167803653,0.030968804817928058,0.11682847569913951,0.22450617514082535,0.08155769555682613,0.09121275395306967,0.06700559464961027,0.10554556552225525
0.13581909944310802,0.10166611169817752,0.07127067072406472,0.13972921434883054,0.06923818724794262,0.10700784333625979,0.038745416041932455,0.18823929517072527,0.1482841619889591
0.14936278430052294,0.06637827974064474,0.23433314260717453,0.023314417237610987,0.013484834484749075,0.0927016444875094,0.15307478091122131,0.07198254595058808,0.1953675702799789
0.0777953012370743,0.0780916256966451,0.033506909232158,0.09925153041876529,0.2043283352748205,0.05571446307123833,0.1059798787469321,0.21026441917155303,0.13506753715081343
0.19074004719401946,0.08855341640273406,0.048847709577140554,0.09362761736067787,0.109210102528472,0.06907482117971832,0.07266071263106925,0.1237062606565118,0.20357931246965666
0.16175448622402158,0.07789058735243731,0.1028722760343752,0.16146912811920908,0.02078453316812174,0.18735747321239074,0.08516071020538185,0.13394066194774876,0.06877014373631374
0.12191609778601721,0.08025954093769867,0.20380288063031515,0.09308673282857495,0.2010453106275223,0.03741796835427679,0.03634493896114467,0.09374678940740504,0.13237974046704518
0.16434929478443952,0.07907758043599064,0.3136957820237885,0.07768803114485275,0.13275158634763048,0.06286865312073044,0.024231097134007687,0.0803981687768111,0.06493980623174879
0.12706182738324565,0.1098374719581877,0.19987863246594426,0.024532940112809706,0.04391303419852096,0.03345134322722166,0.27390222684456317,0.06872090744920077,0.11870161636030624
0.06374328277814253,0.27241388091346386,0.06604206600267129,0.04329216154319937,0.057031583187676156,0.04240375320098749,0.21331051429738124,0.0897211462953331,0.1520416117811451
0.07874710524323808,0.11628258578038077,0.27745552306483295,0.10722016502193225,0.06523578805933142,0.04206839015956985,0.12562272138640201,0.07773188848779826,0.10963583279651438
0.08190061232708135,0.07660360868252163,0.22028393304556612,0.2624526461378349,0.016289445384637145,0.08960312527916596,0.028478597291569405,0.16632023683309957,0.05806779501852392
0.05551571718172843,0.04094962355909599,0.25311063380996307,0.045099631827114094,0.03347537544502679,0.3752045436596183,0.03136024829547166,0.0681272816395577,0.09715694458242397
0.06170962245719619,0.08744999987587994,0.11715145405231764,0.04622044981555293,0.16276969637614258,0.07920770699730421,0.21426795306834015,0.11255828256302758,0.1186648347942388
0.24200821670266323,0.11397110885772223,0.19257274683246509,0.04951688336317994,0.04230179030388093,0.14086572349690882,0.015035076417044553,0.11066921528931502,0.09305923873682014
0.2194745944035885,0.07402045695893696,0.13859985277285455,0.06031036128153843,0.05760953327503641,0.056716592284039115,0.20061252749129396,0.13459708536837833,0.05805899616433377
0.030571163444343522,0.04870109743832402,0.18899625382682572,0.1492362536011127,0.1810350869117149,0.14205608000883482,0.08965202586770381,0.12437650455811892,0.045375534343021606
0.10930797584989543,0.33536888491296524,0.14700567760611605,0.0321016728637469,0.06267607445085516,0.10699792494763992,0.04461041087986143,0.09443146205441484,0.06749991643450504
0.08810120292662756,0.08171830857240008,0.09648003160952767,0.04912809822615055,0.18844409552289645,0.022742794962168453,0.22418975324964832,0.0635717937445293,0.18562392118605162
0.1632596095874185,0.052562263519863095,0.055942824882895405,0.17212986585062884,0.06956628811149536,0.0488141460039048,0.05525974099509865,0.28504834281141345,0.09741691823728182
0.15186270183708803,0.04411811045929642,0.3703929128772708,0.10972408296369962,0.08379980078941691,0.04636744269739993,0.03425578174873351,0.10181698301786922,0.05766218360922546
0.0975478410872993,0.08763114896441788,0.11255320618632207,0.042117232444016696,0.05249667046597686,0.06386876711560874,0.22906436535547936,0.065506122539278,0.2492146458416011
0.22798290888438663,0.13952668455412187,0.03174471273587003,0.04145059798279716,0.14041290554558997,0.09704333230498881,0.10344223412999998,0.1507619883182768,0.06763463554396872
0.1117346921075128,0.21135048785904909,0.07918041845746297,0.03543138867542318,0.0544395529585913,0.04823479910088343,0.10024717736691342,0.18590038784985832,0.17348109562430547
0.15122623131409516,0.1411060487992293,0.07925429840438615,0.027219437445174976,0.27127105238341465,0.10934298637496646,0.020373363516480246,0.09247193847773262,0.10773464328452043
0.15139496255234014,0.07546363396176602,0.12686965149318624,0.18102475380806957,0.1385803355474093,0.05127065880479084,0.07980154991043802,0.09662174530943961,0.09897270861256029
0.09814950507397786,0.16443030450528034,0.05847595125116092,0.06455352850505174,0.10111862593407417,0.04825900627336466,0.11698654932326809,0.1240006088400501,0.22402592029377214
0.1251271845381449,0.17917356088062905,0.13163947777312823,0.03447058567737888,0.11823034079639128,0.07234701271026807,0.0773925247769953,0.15675206557117174,0.10486724727589258
0.12827834713928357,0.07860097211458074,0.05140062065299769,0.2169950254605707,0.043859528370975,0.09289029065541159,0.09222440745070716,0.24437400707978063,0.05137680107569287
0.045194302968137846,0.10598718579905482,0.08052730083035352,0.03603099459513012,0.07725772398686066,0.054622140789765926,0.40355599999844777,0.11892366814010336,0.07790068289214601
0.05922505452044911,0.08971953854806454,0.06860065334926303,0.16582831864559922,0.16200548365329626,0.23655846684154702,0.019827493598085544,0.09891852071221473,0.09931647013148055
0.09937907177312921,0.06106341858925765,0.03153865095638019,0.2750536665748124,0.057402189917319525,0.22788281613075054,0.033308013983590005,0.10674128815335104,0.1076308839214095
0.14619774067614277,0.14576812884568502,0.09239370712840494,0.04949007698552412,0.03029184252528278,0.08369279967958282,0.15267214300792645,0.08962266864242181,0.20987089250902932
0.13543235573660772,0.06494918334738503,0.019628338630009835,0.09108724215140938,0.11842466704441555,0.314959740713493,0.0799061093960845,0.11950569830781115,0.056106664672783864
0.10681266586489269,0.0869406156013051,0.10922549363324836,0.12289801494542703,0.2605670888439036,0.05221380482130717,0.12428412384330027,0.03952542918652201,0.09753276326009379
0.10301175229849668,0.19876733932905885,0.07831315636821422,0.15305961402886217,0.10622866636336442,0.15382066105561742,0.014984758961447547,0.0908307204093432,0.10098333118559544
0.0666530220263708,0.08732334147901827,0.1315632012259787,0.332596349328866,0.10288436116781145,0.10137415363310927,0.016930222118779575,0.08126474738427675,0.07941060163578904
0.07178654754221721,0.19015662235293973,0.04209841441254441,0.029643750048339645,0.16689035541203576,0.06720497907090707,0.25848500162089166,0.10778660536199235,0.06594772417813217
0.13279795225540686,0.04430090022507757,0.01737734948899187,0.10159910412785168,0.023577064018037924,0.17078691543194136,0.22373973829207372,0.11781986744249306,0.168001108718126
0.14537158127160646,0.05760578123110769,0.08945585882024513,0.11385254062490735,0.05908566384530236,0.22050308521074355,0.13341591162945068,0.12709632254227285,0.053613254824364055
