0.09383577408212551,0.058300148421510656,0.17911662258605068,0.11443069762791325,0.11453709025024643,0.06487311492267382,0.12813697446262876,0.10539974501906424,0.14136983262778668
0.08351900668762062,0.09460005868901328,0.0659206488457926,0.1392613449569355,0.22199740209591848,0.08746631107631168,0.059571577654165014,0.11909504743143474,0.12856860256280814
0.09647629702650468,0.05499653343191579,0.15105922816367226,0.15328197373934058,0.21394156560897395,0.02291277450544418,0.06988042125280948,0.13043659781723327,0.10701460845410586
0.11415171441693328,0.06378431976455794,0.07220541039552521,0.11770183657816187,0.1517357939401971,0.12377557657267428,0.10275519043024163,0.13562755768749982,0.11826260021420881
0.0961322519708614,0.19125984257503478,0.1409560589063971,0.06796739053672053,0.05117539947530556,0.25195476489926094,0.055298796503540915,0.055221807785262,0.09003368734761685
0.09997447342974473,0.13853883304416323,0.20091480120269103,0.1221660541036975,0.094443993475394,0.10647541651813242,0.06270224513402621,0.05752306764848686,0.11726111544366397
0.11151030213906908,0.06602516920851752,0.1621965306591241,0.1036561690981984,0.1512838433263671,0.07582388117169808,0.04439528106773615,0.18189888942211496,0.10320993390717459
0.10961698489406081,0.07322347171940277,0.19245284988044084,0.12710212397853726,0.17163573344660865,0.06049149678454615,0.06135720057192038,0.08356680086125114,0.12055333786323204
0.10188497838472245,0.1376245171083144,0.19581960786873134,0.1407190391554751,0.08827839643154535,0.0455880553276474,0.1242079457995771,0.044918695569955834,0.12095876435403104
0.10004126941862625,0.12145840796044144,0.10251717428770356,0.10591627984588342,0.18259878424935994,0.1536289456835225,0.07444098567950587,0.051513090586449456,0.10788506228850762
0.10217943747613616,0.11346549125367984,0.11425441078584604,0.11245137113206045,0.12822980486656319,0.08562372084623336,0.09977581823283144,0.12190853909569954,0.12211140631095004
0.08099291613475816,0.07891211872063249,0.04500448985663852,0.11851567542341036,0.0883018658017188,0.03933640960030798,0.03581561188179839,0.39299430257226486,0.12012661000847047
0.162546224506842,0.03992170023055817,0.07174286816721871,0.15989488868107024,0.10356088324915515,0.26335653457666974,0.09661737722266099,0.028264106906583753,0.07409541645924124
0.10424528509449017,0.09140817312177647,0.16574712903654107,0.10010889681935241,0.13047161864125564,0.08006657882161936,0.08399922446409758,0.13229691162510904,0.11165618237575821
0.12788903757499323,0.15564809244245292,0.15728950241443815,0.10558863347537772,0.08907345236808623,0.035276304147676886,0.1333418908886975,0.07731462620129499,0.11857846048698245
0.14173462888225705,0.08783354093906236,0.13809847619658244,0.09098875317623427,0.11162895803759243,0.04393152909573215,0.1360312593096821,0.14646183390534936,0.10329102045750797
0.08164347055294822,0.07620906534521298,0.06215584541075845,0.14646865401666334,0.20536676502132645,0.04093360289444065,0.13307974775953407,0.12743716886220025,0.1267056801369156
0.13515153878410044,0.05509035348138434,0.12444017981379463,0.14940714683145154,0.17854512053596658,0.06548078883194396,0.13174468563942351,0.059507932375301276,0.10063225370663374
0.07672256403309105,0.30044725134908573,0.05696335144025207,0.057842008615188324,0.06816613973785661,0.2175211046636759,0.08607150211919301,0.03549127709937158,0.10077480094228579
0.08207969558451918,0.10158456747417388,0.07178434564018012,0.1588943759702523,0.1388626067843991,0.031665787494737745,0.0585095949222734,0.22409121620114977,0.13252780992831448
0.09298000605870314,0.06939049205784562,0.1777179670850454,0.10396713904482469,0.11168005105447742,0.20477895863848003,0.12498617984575883,0.02053504612113127,0.09396416009373361
0.10444856600062265,0.20213899487261253,0.18413018786862134,0.10681267820946731,0.09100150772635546,0.10941913125482254,0.05404316229298125,0.028370002794307833,0.11963576898020913
0.09488689737071358,0.24996354502192733,0.16701035278792362,0.10819203918955411,0.09356606022446246,0.07739183404129958,0.06109108267789698,0.03299766488448606,0.11490052380173627
0.09516326858781243,0.07156870619656537,0.1215440924894244,0.11696668442904821,0.13617129923067664,0.05760074453311964,0.1578221868358575,0.11173131172425675,0.13143170597323897
0.11815392540627001,0.1449467498238234,0.26613667905001387,0.07977259823831692,0.06428818245120575,0.028517780547185623,0.13155798738509283,0.06387356390793177,0.10275253319015981
0.11501128011704494,0.29384879244528755,0.11547246914458514,0.10004478618554113,0.08742127322559316,0.03769047710522199,0.11519211937840752,0.03675398796074301,0.09856481443757552
0.1538489115313032,0.12142879512345478,0.10113821952037894,0.15745484778250407,0.10962937844667263,0.11724331992128667,0.09138112876798687,0.05248856419201627,0.09538683471439663
0.09691099686957816,0.08476453996462806,0.09708536798218426,0.1524379049634357,0.1543575902537486,0.03962244019538615,0.03971188327464487,0.22274670420290552,0.11236257229348882
0.0815713484535782,0.16097406091513225,0.18824190110202524,0.09563067378786731,0.08089931871527929,0.05580700822152871,0.07416678200698355,0.14644464523970188,0.1162642615579035
0.09361868772880022,0.10934117699579012,0.07679878371739614,0.20837598063837318,0.11346725204095871,0.04268774329004086,0.08941938788821598,0.10934925841918153,0.15694172928124325
0.13145172411541065,0.12537557974168742,0.0867393436742226,0.08562238796099357,0.08390551104144794,0.062327648950141736,0.2561180718803278,0.08458769991979272,0.0838720327159756
0.11352341259607172,0.07020632409978102,0.1941237172629008,0.06912714415981992,0.0796243762188555,0.21878882426647492,0.08954975881580274,0.07476174497055967,0.09029469760973367
0.11126120968595847,0.11396295391223188,0.06506535933890473,0.12830426470370024,0.19880508135080274,0.10723243639804077,0.05266563442255487,0.10561000517076909,0.11709305501703722
0.11133874643645268,0.14760786788911598,0.10006344251307775,0.14591992785341887,0.12728323496164526,0.09979897081183725,0.06832990251403047,0.058982849281164734,0.140675057739257
0.11942893640227155,0.07705370059065221,0.07586934158802286,0.12444696963335007,0.06141559271232977,0.25909541514679507,0.11916234085438367,0.07317192765654758,0.0903557754156472
0.10226690768854524,0.06877702501148693,0.3163796038579717,0.1653099938788092,0.05826054656490174,0.06309789490285553,0.07492405952586152,0.05544443897050643,0.09553952959906165
0.11152635856517419,0.07811626814339413,0.1318053207755044,0.13401478199811204,0.14700531314153667,0.12258649686987623,0.06562719972458735,0.09193205132094538,0.11738620946086964
0.14422617384901162,0.04830949334912036,0.33202646437688593,0.12201690081418955,0.09575832614495587,0.09521209085403111,0.04873421462341421,0.04006422476291623,0.07365211122547503
0.1094815973869007,0.10638470824447228,0.10915650596353044,0.11351008211146561,0.10969306575120107,0.11143135285354755,0.04552679696423891,0.19726014774293152,0.09755574298171187
0.13375080193346015,0.1315083537306583,0.12472591705144691,0.10194311295779511,0.09852086010201398,0.14525155361899744,0.04530507353312255,0.11222763886902963,0.10676668820347601
0.14348923230301555,0.10436079280437126,0.11606066252351784,0.10903632661550078,0.09064091841194823,0.0681924738876758,0.1404727865414122,0.12318864664111605,0.10455816027144223
0.11185626466099184,0.06582994194325517,0.07789944807540557,0.1344258447935585,0.07942187929570653,0.11720826861592844,0.05122171912493561,0.24796319062545194,0.11417344286476644
0.10015720022049653,0.08476457055975857,0.2837087209291938,0.13469022389743324,0.09004743232930541,0.09431482028760481,0.05260867580973331,0.06170561225505076,0.0980027437114236
0.1600337547774098,0.1391099998211274,0.14406938706826508,0.11572708328215635,0.06161036161694302,0.12667075375328565,0.127650280596466,0.03643849960387282,0.08868987948047385
0.12928925867621713,0.06586466598133092,0.1886948135445963,0.10972820582163512,0.09387251789195228,0.11756499690276234,0.060891136049230486,0.12078367089020607,0.11331073424206929
0.11331656143416541,0.13067385433942155,0.18414342873927247,0.1011535037347378,0.09652614290679305,0.13225834176910942,0.08123626771833214,0.04891823797934603,0.1117736613788221
0.10144970312614227,0.15905053356468582,0.05783536889872291,0.12863790981674936,0.09162173071965224,0.16188535451507716,0.11872005173904454,0.05326584974358698,0.12753349787633875
0.08591624756785655,0.09520149230996766,0.22759758276632824,0.13589578453191709,0.12020766332357775,0.037542809300461916,0.11910677469814375,0.06111287483116484,0.11741877067058226
0.09370357787717842,0.07485775776600465,0.09144877162930405,0.08871742109587942,0.20263167392916814,0.06480508561537689,0.05874519427719432,0.20682213357395787,0.11826838423593629
0.08591267231489842,0.0811357990059096,0.16646335544473154,0.11045432270949747,0.178325892135613,0.10344213686104374,0.07430552893460983,0.08045941677805035,0.11950087581564613
0.09888106283060387,0.13043947298727668,0.28268777212204005,0.12804243124557005,0.0592150292293922,0.0640836036865233,0.05900666984192371,0.06996349255482305,0.10768046550184705
0.08856797599653782,0.1632791572320843,0.07235180283744973,0.1427036946155852,0.13264588875653965,0.12596857937892847,0.03485352478679355,0.13477985665488498,0.10484951974119627
0.08869465965011973,0.10046303269443173,0.06533890416949918,0.15297104460541747,0.18336685727091484,0.11128548672057391,0.06378275540376498,0.09490802532331076,0.13918923416196752
0.12696342761707916,0.181944685228162,0.062379563048478325,0.16636211150716082,0.08267039380855913,0.14006580883319916,0.10087463331610386,0.03546699832981338,0.10327237831144427
0.05836886492195553,0.1568038138743846,0.18885654817499323,0.10268138222395407,0.16459606987900358,0.040703320450103914,0.14970525890370587,0.021895997218454238,0.11638874435344503
0.0887237645446101,0.14165790607089063,0.047799671078195494,0.10352048294452454,0.07204168697419422,0.16948525042814397,0.07858082344495786,0.19143600909755673,0.10675440541692642
0.11594881518589749,0.11865788716378649,0.1669089307846964,0.10391226252555545,0.1376023836207654,0.08080942921429272,0.13468867350890554,0.03912914297633013,0.10234247501977044
0.16155467677187776,0.06900278520470297,0.036530023808717706,0.13679339171333252,0.06471522662287348,0.18019912720776787,0.26587932855466784,0.020768872007001365,0.06455656810905855
0.10368178764508074,0.08993352994180985,0.09144079200603812,0.1052280041534031,0.11590177196851566,0.09636304148170287,0.07238733655494065,0.2128007760874423,0.11226296016106678
0.15335650758189556,0.14347997382390512,0.1975080860198606,0.09828236356562024,0.060462249294611504,0.0554542837448854,0.15551312914444634,0.04294146463693784,0.0930019421878373
0.09699052868150133,0.06095808351449267,0.17940422798269287,0.17643842646224583,0.09283328481952795,0.07493265548888516,0.13066994879595695,0.07818208199852346,0.10959076225617383
0.0942261636098684,0.18249855387916067,0.30951511307991325,0.06672795993407114,0.06909342375048118,0.06895895338848865,0.05142780857063425,0.06518506751729841,0.09236695627008414
0.1256220081369238,0.19699870764818883,0.0770484581696481,0.07565741760574352,0.1455246616443002,0.10039195133581598,0.1351670176626642,0.02941013492073134,0.11417964287598399
0.11764565093649827,0.08228898483500546,0.05171984496193841,0.0866003296789785,0.10817175466739315,0.36152532331818216,0.056891571309841314,0.04421851069121189,0.09093802960095071
0.14641427517838476,0.13121556935864576,0.10375467000162521,0.13927050078091457,0.12626579890593467,0.053403773924165725,0.11419334077712283,0.07810678908301043,0.10737528199019608
0.09231856351601875,0.06658611346744381,0.17200147977096833,0.09479391059978533,0.13178100336559745,0.13345474423206513,0.12377885283869512,0.07080202781876582,0.11448330439066022
0.11628128528397735,0.053239293341417825,0.22404545670074208,0.1454214991449556,0.10363899988811442,0.11188118146192837,0.11302903790937519,0.030654827304219378,0.10180841896526978
0.13934192574798043,0.12506746011651923,0.1433983308136582,0.1231785129294964,0.13909987366691803,0.05257563493300773,0.07612166550416981,0.08885605600366124,0.1123605402845889
0.12384594593958471,0.0904446765936382,0.08788402333086508,0.11892317549293925,0.1265439359793839,0.10892787580109724,0.12750648949144805,0.11806085107481427,0.09786302629622938
0.12210321909747206,0.09269388650817767,0.12661413951443826,0.1137671854974513,0.12922572838076105,0.1484766521859028,0.12317195144049024,0.03185451944328573,0.11209271793202084
0.1265245732161425,0.15358663171101017,0.09326813132247729,0.10973314722919726,0.09555100049875338,0.10749991626708111,0.1304113309510859,0.06388180622638275,0.11954346257786964
0.10741637940287901,0.06437024880362331,0.1075935876693291,0.14702652251830484,0.12195032490079875,0.09062172997492535,0.14770342236208903,0.08794113931730001,0.1253766450507506
0.09719599137786944,0.11203892953316795,0.07535798762128067,0.11084278607496416,0.1044507703788608,0.18593239730675779,0.17861267749462742,0.029868592641491304,0.10569986757098053
0.1359496357963614,0.0449651063917024,0.06133895100040896,0.09344454021516874,0.07418850201030265,0.19373278415527875,0.22920694390280136,0.07716029934860046,0.09001323717937519
0.13406561842679085,0.05977432399780235,0.2185743195452022,0.10540410726131033,0.07756007700993799,0.18817007564852029,0.06642495902039712,0.0535077810035845,0.09651873808645445
0.0920725875318555,0.11826418462229225,0.12951875261043252,0.09266178236092071,0.12074925957809364,0.04554953049248859,0.0640001295383179,0.21887344750158597,0.1183103257640129
0.08224533350051123,0.1947795859578865,0.06468643001097993,0.13984301620464354,0.15423876835253042,0.05834233820815887,0.027409068598171698,0.15283982099405993,0.12561563817305793
0.09281561087074346,0.0748208670744954,0.28508532668811304,0.15215636918778555,0.07746707940442167,0.048130956227372866,0.1517223777264602,0.02184832797410399,0.09595308484650385
0.1158417396480856,0.07345403846291952,0.1673398014928336,0.15677179774152752,0.12353947766399076,0.06134187999852447,0.07394326145949798,0.10385305768887819,0.1239149458437423
0.0754253553145311,0.1550610425811769,0.09025496335284977,0.12586404121272354,0.19324976819443349,0.06184307718353959,0.045709858145826565,0.11443283978790413,0.13815905422701497
0.16705410041806248,0.11114052820968741,0.10418208946960948,0.14854606614299784,0.08696179851819663,0.14551312186190593,0.07445073284327262,0.06193352943201163,0.10021803310425607
0.11298285445031832,0.12077819502111868,0.13542663773326316,0.11660227968934041,0.08324322325441953,0.10483735323006756,0.10950162231332501,0.08540327056992525,0.13122456373822217
0.06694871212466684,0.04201712190074691,0.18857435709110093,0.10627531836078141,0.14033319391368457,0.052333921299232256,0.030152009064817267,0.25404705658570453,0.11931830965926538
0.12103210408186194,0.17330449472216006,0.04453117084522679,0.09278605993967433,0.12960513446198954,0.10921885291808187,0.08524486955613307,0.13247477344191202,0.11180254003296038
0.09021598184048636,0.09500002921899448,0.12219055643604691,0.10689078940299228,0.10012023433831325,0.04208133776412722,0.06462507676363775,0.23215976318765405,0.14671623104774772
0.159244956142916,0.07361868221269345,0.0858490906020143,0.1168485849824936,0.23187138776591643,0.07157704266968516,0.13177527499447558,0.0446410523754058,0.08457392825439962
0.10318058086659836,0.12906833449545943,0.15215400728110232,0.09102968773901061,0.08047880532474132,0.03290007660030006,0.10767367739592097,0.1993301423241235,0.10418468797274356
0.08834737829691335,0.15663184096456997,0.129381185066893,0.1572246867923786,0.07814990086220455,0.0773792907224195,0.08555825713565711,0.08526335511314902,0.1420641050458149
0.1312819946781213,0.1274266876258865,0.12345646434216916,0.09839661902650808,0.13580878743751496,0.054330405675595904,0.06769396699789783,0.1619880438208867,0.09961703039541973
0.1051352635342347,0.18186502449424066,0.11514486140602144,0.19278770679049662,0.10342420952361546,0.029416149723280095,0.11169941384249528,0.051727036766291395,0.10880033391932424
0.11095036602413999,0.09004125516245816,0.1370664473131087,0.15595907996907568,0.14101463546334356,0.07318905227274938,0.10781485100762396,0.06091793849187379,0.12304637429562683
0.11356341397725617,0.12008053022817237,0.056338534724567575,0.10396404386046397,0.17018351511730453,0.07925500698475979,0.06603333751163197,0.1845053640180401,0.10607625357780359
0.11755480116812811,0.09659422480646128,0.07944127701395622,0.12250044318546845,0.13336293776481734,0.028582398378551754,0.07999860161242994,0.2338606825782431,0.10810463349194366
0.09697239434567816,0.08745799823402395,0.10328499727652866,0.14047246748784864,0.15633721615972065,0.05811933997654404,0.036551559440592817,0.2242430239497778,0.0965610031292853
0.08287289515021067,0.09586074052024011,0.2874696742828351,0.11439208976393099,0.06513363130460124,0.1466898586807308,0.0768412081097547,0.0291963434581067,0.10154355872958969
0.11822615629390691,0.15845925881415737,0.12998501913174912,0.06225551151348138,0.0971276894753294,0.13970451438188017,0.15183687460475614,0.050828778675856445,0.09157619710888303
0.09167127130409843,0.09974363064025031,0.0614562067602387,0.12065305575483909,0.15596586480839583,0.11029001984728738,0.09710402724905491,0.13728028984337945,0.12583563379245585
0.08930313510265574,0.12991509066350737,0.35934906502816544,0.09451588588408912,0.09522838696520952,0.039307949372986976,0.028931256629978197,0.05851156562470953,0.10493766472869805
0.10136822702053279,0.12222333487243896,0.06453020613734549,0.09393448876679827,0.12689015663135852,0.07386629805181658,0.11032227751282597,0.18792585924644825,0.11893915176043514
0.06644291748257708,0.1401807739006753,0.1596086620738341,0.14787993548826636,0.06094347338548087,0.11017748453314058,0.0750809102223431,0.11222666034874113,0.12745918256494151
0.06881186169863135,0.24193424733825805,0.09400836772662498,0.07170829145252582,0.12774081530135997,0.038391864002139654,0.13296776456856485,0.09707038720511103,0.1273664007067842
0.08389730173424292,0.09610726512981438,0.09430503470303532,0.1707338946290534,0.0903727255087875,0.0710666664385837,0.1005708256052662,0.18089114824182198,0.11205513800939453
0.10128002295261061,0.10250733501949667,0.10608920517682979,0.08870159679029337,0.09304455112830716,0.13725030140987501,0.2070986398126641,0.0641396639546933,0.09988868375522995
0.08929303276268617,0.17243215654958047,0.06111612543674092,0.1775992559683002,0.12197805166465592,0.037297213280805576,0.10762157504196941,0.10046151664042353,0.13220107265483771
0.12472659153060406,0.10364825717890275,0.09822650205906612,0.09903573709767742,0.18889992687360405,0.0652623833516729,0.024447509089417997,0.18603894425196235,0.10971414856709233
0.06295614480899173,0.080174890396291,0.26811562483816676,0.13631873543641784,0.12197167477527171,0.12406428101298533,0.0758758644169592,0.017603714040121458,0.11291907027479499
0.09524963337927798,0.060010038222636564,0.32352422546757614,0.09908796150747379,0.10303915578465904,0.07539645235737845,0.09007303108148741,0.03266804020878259,0.12095146199072797
0.08037815157396412,0.08505590679645818,0.11554743629281322,0.0630075785654487,0.1392927040294791,0.09296065578162199,0.04975865560272669,0.25215336295722324,0.12184554840026478
0.14725824542967503,0.07923648080236428,0.0844248122933345,0.14512710221377936,0.07306441142125732,0.11557382161886105,0.18840271266227504,0.06400816871792463,0.10290424484052874
0.10930671442909845,0.1434257209572585,0.19579319605284265,0.10399402696601347,0.043102467188901566,0.10595743160550951,0.1123969166563409,0.08243752183945903,0.10358600430457587
0.12740928541395136,0.09421725732208297,0.17956442094442335,0.08216232908152114,0.0903096026940441,0.058231095565731715,0.06318717341124497,0.21283021492838852,0.09208862063861188
0.12338329868062133,0.10026908668714196,0.20749026485000732,0.11337880051114115,0.13573552760719643,0.06696470811153386,0.032659492224671925,0.12509031168282111,0.09502850964486494
0.07942885873911326,0.06219957908923927,0.15918371721359867,0.13659625585681714,0.22457480771302,0.07719492515640765,0.11422463541209125,0.03974007687772612,0.10685714394198668
0.11086903703639521,0.09174677768864375,0.20945274293423685,0.09370677032761277,0.1449257609876388,0.16771765759903104,0.03246063032286625,0.05342976519715915,0.09569085790641618
0.13525631168479077,0.23228222416564348,0.12384931544290513,0.0893197103929649,0.11823362929898053,0.08308782458478833,0.0801850044416425,0.040100535469662656,0.09768544451862171
0.049458405451223375,0.08236665992283403,0.11944163177045967,0.1318706851774171,0.1424561355045851,0.06567344490887832,0.04807901842814375,0.2201025340061613,0.14055148483029742
0.1504407454694726,0.2934523784781491,0.10308618446553641,0.0821796112555294,0.05678365547159115,0.07583963271761268,0.1212547606447022,0.027495781194405697,0.08946725030300066
0.11066536663666,0.07088314266196179,0.1074679004492,0.12030461835460331,0.1230801494330811,0.029434342236795887,0.0627098344366165,0.2714639338936453,0.10399071189743608
0.1153402966594929,0.07406464868397562,0.12834832295631923,0.10725710273571552,0.22350988560922935,0.03993667226111507,0.052504821345118635,0.1552687739701393,0.10376947577889434
0.08746543321098033,0.17517399609180395,0.10427379301387112,0.06480727038140131,0.12321904949198192,0.15558329759816736,0.04703794150152286,0.13816501053562077,0.10427420817465038
0.11383607654699468,0.13561733755475638,0.08248633417508282,0.12271566802067081,0.1410650268788528,0.05840384421411001,0.05196345668914615,0.16971805786568475,0.12419419805470157
0.12670583713956088,0.09178651893583789,0.11397578426739359,0.08138889478924187,0.036532878305823906,0.11391819420214268,0.260299452512709,0.08520921435296679,0.09018322549432334
0.07270695114472782,0.09416179121634004,0.16352551464002582,0.08948279794891807,0.07282590504830366,0.10542357836605505,0.02870825190985937,0.2689814729913688,0.10418373673440136
0.07874555773316312,0.07698204422142264,0.22491035539398554,0.08361693990421354,0.07816583221764299,0.08920500152411244,0.15776611929416207,0.08750583490167628,0.12310231480962146
0.1461619039611376,0.14902290567934798,0.1510664547125287,0.10994517454302406,0.0951595122986662,0.07232737101658084,0.10181500912707288,0.07994512945228892,0.09455653920935277
0.08827603690956333,0.10528284369649082,0.1753750792382066,0.11891343958810678,0.08112414926609497,0.04948397143566848,0.07187711328767186,0.18180064572165033,0.12786672085654674
0.05790586814232626,0.07306488077236747,0.1082250605693366,0.15334164088707114,0.22423335510256448,0.04080632845472477,0.04605246221292264,0.14870801277295342,0.14766239108573317
0.13523613604749468,0.13272930633386826,0.05473408313820941,0.17976387302674426,0.1801481546995014,0.09471610617914171,0.04806801563773528,0.0692585108609738,0.10534581407633119
0.1596986183267469,0.12213508610135698,0.12538785032690303,0.14165810608857216,0.12224687981712322,0.045495860234996355,0.08373290498032848,0.09642292925700431,0.1032217648669685
0.12111854698321543,0.07589892499458843,0.2020409734300327,0.09969687592618574,0.08335285457613568,0.05790690764091764,0.12857023877230042,0.12842839610961285,0.10298628156701112
0.0980983899820208,0.10186126830351017,0.0914283660984948,0.1555852733537251,0.14374934701966322,0.03863760751870771,0.0765779519834661,0.16398947212390566,0.13007232361650653
0.1161227498606759,0.06758494618242634,0.10122183194001068,0.07620633970656963,0.07780543827753453,0.13441059901066738,0.2616521104705625,0.07134762779319025,0.09364835675836279
0.07320348570552117,0.11699282951271338,0.07568569515331415,0.10676615952129047,0.08399415681499096,0.058501628526748485,0.21497837740583434,0.1484917275975943,0.12138593976199274
0.07061401216500707,0.08486176082308139,0.10531318053344119,0.1363485904294888,0.2491861720870183,0.06334112472807725,0.03944353480390364,0.11881957491090693,0.13207204951907545
0.07626103751137664,0.1218143936523118,0.18393234187328134,0.1371103056796842,0.15636418974765376,0.05332426875822091,0.09690904113269867,0.04132608495917573,0.13295833668559695
0.08025661877182659,0.1315318389431304,0.0638631514615362,0.08607003117324376,0.17615295349533555,0.05649898867184575,0.15280789840982797,0.13004509160491,0.12277342746834381
0.12443887503426719,0.13064335680812697,0.14991632846667166,0.07936977227046553,0.05085797950918836,0.2255336629063629,0.0503293159799524,0.09563426948812526,0.09327643953683984
0.10218106469141293,0.06272925673288506,0.1588941520847332,0.1362990120488086,0.06885190936474188,0.1494339138329042,0.13930298845472086,0.08885509093171406,0.09345261185807918
0.08573561698415096,0.11027747549290808,0.06854364056706512,0.14097143999666148,0.11001791585073382,0.19386815292448975,0.06211677315412333,0.11683511377194607,0.11163387125792144
0.08054855572610138,0.16522482667903957,0.11881140054029822,0.1399150368400405,0.09396544200925422,0.1606418687808916,0.08209162228224852,0.029570327190548834,0.12923091995157718
0.08007458656849768,0.052616740570414065,0.15615763331822738,0.12306183314056861,0.1152337248309177,0.059269027724523256,0.05614624449803893,0.2480385713394451,0.10940163800936718
0.12894882836319368,0.1675699725267973,0.0494176646374849,0.14458422605798033,0.08708241808566945,0.12957800769252006,0.14091219610759428,0.036982982927274054,0.11492370360148595
0.0978563545248095,0.1561091651927532,0.08335759868521757,0.13121435477814467,0.17918870240430707,0.04619837412673768,0.10789576762405544,0.08193281075016709,0.11624687191380796
0.09116175886010569,0.12513916748043252,0.15029698041795356,0.07081155718247394,0.0812039272638352,0.1782422905990416,0.19308295542385778,0.017903385963568014,0.09215797680873182
0.1031170160323001,0.039693304201444596,0.08989275413756546,0.13727179307877585,0.14732231435565946,0.12280082011642413,0.166637411475418,0.08739830075198467,0.10586628585042783
0.18144394964614405,0.08960251369344863,0.18688773284304458,0.08866473832341575,0.05938221212769102,0.05458049305285667,0.14359428064421725,0.10354283038827457,0.0923012492809075
0.09101959973938623,0.09371381167447905,0.1326917393238801,0.0935359669934228,0.19043794339649836,0.031734204263914205,0.1044803909524248,0.1280601231989941,0.1343262204570003
0.11291309090922708,0.10913750706014112,0.10536535159643039,0.1396765966271196,0.13722739490535593,0.030646581453982472,0.08298639751306303,0.17108510165178129,0.11096197828289922
0.0850812873561211,0.09885495103318552,0.07918457273671592,0.15861705704416396,0.1103630990254776,0.09797017661437495,0.1767823089639329,0.06362896535048951,0.1295175818755385
0.0970536550977878,0.0984501646010462,0.21022193026347127,0.1353057688200324,0.07761212472128949,0.05279469204354395,0.0470330018387961,0.17359324286495303,0.10793541974907976
0.11599670962987146,0.09607024959605304,0.04472865434790052,0.10353685852927631,0.09728947980467972,0.16873965263436475,0.1288941140303618,0.13432260865992598,0.11042167276756626
0.1270267543172265,0.1648741782014975,0.09013126551454369,0.13938648018863298,0.11210005736472088,0.1203133271800928,0.06298614366039067,0.08361405589413741,0.09956773767875754
0.1063292953419978,0.10794225918198826,0.07376813878467461,0.13076342983960357,0.2554945978654709,0.07187098840158818,0.07649586788132971,0.051228926336861914,0.12610649636648505
0.07888508171073626,0.07249981534222018,0.19827868800705203,0.14913481892769853,0.136401541446462,0.03492572943606589,0.1422313217930294,0.06083018795110529,0.12681281538563038
0.08879637495192122,0.10879815911664352,0.2126533894502832,0.15592962034980223,0.08622328482200205,0.08055612875410886,0.05318935620790014,0.10275410889233656,0.11109957745500228
0.12865759632887283,0.08662647433642127,0.12942529855900228,0.09812131954457994,0.1889714927561553,0.13691751765146318,0.06763857068477397,0.044370003331110075,0.11927172680762121
0.048653441267549925,0.07634130751508182,0.08326701408034351,0.08800414605175226,0.19039660040310244,0.07708923482187983,0.10487919883143408,0.1806123279568693,0.1507567290719869
0.11959919297668771,0.07638209422618876,0.08020973555179965,0.09732168956961133,0.1127462161871791,0.12955341649566562,0.039721434711634425,0.24774135166186562,0.09672486861936769
0.11174332731804293,0.08429024566565287,0.06983258813782904,0.14725177254792446,0.08317713451176025,0.08595986287585093,0.2513347929536953,0.062418256116761835,0.10399201987248241
0.0845669149885888,0.1781239515547608,0.058826878133131366,0.16206973840871977,0.09899210148618538,0.1549855396039557,0.11233294972673741,0.03324237275977864,0.11685955333814209
0.1661267277518268,0.12652614194694134,0.16159766857473754,0.17064470990177086,0.07376555788778881,0.1108089265589952,0.048187853664273785,0.04250022657062726,0.09984218714303843
0.08400586043816176,0.07987159383837103,0.13420901909672459,0.10635718554137685,0.2631777414858691,0.024447975442310407,0.05961886173147433,0.12873726820697176,0.11957449421874028
0.10248687788836708,0.21485551123510738,0.19596610498373732,0.11069528025428532,0.1171521050558902,0.07515838828047615,0.05905098188298791,0.021550529855895856,0.10308422056325288
0.1113040757350051,0.06974138132677332,0.07479583625172409,0.10733575887153056,0.08052423748134374,0.11400625552909995,0.2540158936718417,0.06544658871752851,0.12282997241515303
0.13991809849862857,0.09123695003670844,0.13338364079104112,0.13111956708436726,0.07949253990257561,0.13896654894529625,0.08800789948653391,0.07561688029925052,0.1222578749555983
0.11814154238228115,0.2556830912752166,0.10485894938629492,0.09761130194814382,0.1299643314449766,0.05041180233408055,0.06730493782051884,0.07684086614391908,0.09918317726456843
0.10325102119387669,0.127348165146464,0.09788154529953398,0.09989178388157198,0.08407522479727458,0.30441237391077486,0.07939073558274151,0.01918994599108319,0.08455920419667917
0.09697001451451613,0.07931655674561285,0.14106797561573717,0.12243663061470773,0.1793879526336937,0.05482413420125984,0.06278110933192192,0.1348899414738058,0.12832568486874488
0.10724816974244955,0.10381347283557396,0.11148788579603953,0.10179720732174785,0.2045044386237196,0.0895075160661788,0.05433681369216531,0.1249228249330885,0.10238167098903699
0.13247113722325013,0.10623185552448718,0.130436936801362,0.1003162754474322,0.20156813628996426,0.05219551379975048,0.10637783799167992,0.06215949647251512,0.10824281044955875
0.1353629249673466,0.2682330282995126,0.0483527320813778,0.0763236826138218,0.16169898891092693,0.04976763475345411,0.02458462124631058,0.15344416103846126,0.08223222608878829
0.09823713729449592,0.17028028100178386,0.10483202841091975,0.1135769337907696,0.16152668162336542,0.04218839637798057,0.07332701528471212,0.11457604763474348,0.12145547858122933
0.09728626225642432,0.14886638282586875,0.19092025764123788,0.08316224385005065,0.0712644380321444,0.09082258098314651,0.14461092773820874,0.06675604405309603,0.10631086261982275
0.08542552940727381,0.0950094623876687,0.2509854088854191,0.06814399324956542,0.12274824548261655,0.024603696820608163,0.12406752200676946,0.12769707089603397,0.1013190708640449
0.06591064417959651,0.060040428195507055,0.15268332951726268,0.19367046220749243,0.18333937783353835,0.0666043155998478,0.03729434234260474,0.09366521777407814,0.14679188235007232
0.05946133871865103,0.15462654778537888,0.08124554084084931,0.166094072774714,0.20366994165830402,0.027284063275574342,0.0914243357698062,0.07797728398314631,0.13821687519357592
0.13177851636469887,0.10276966968274252,0.10035665666005171,0.15528900533710127,0.17297254392922778,0.047947924183835006,0.09279424861202974,0.09122302690507043,0.10486840832524268
0.08028197026305756,0.13997450606959388,0.05134741262696261,0.16505704463088064,0.11489408916132245,0.06006392952721127,0.07069995715189614,0.1867137647652458,0.1309673258038297
0.06656950467495353,0.12701020269251231,0.05758707556068316,0.11382146196673669,0.17184915318189367,0.05845064037351489,0.09103404749619078,0.18602259576852398,0.127655318284991
0.1217833421214759,0.10482887640601703,0.10081788936301579,0.1771597101277167,0.10643291583272851,0.07209017756067838,0.17456882404361695,0.03189204967593876,0.11042621486881188
0.10039107106206968,0.09211916033554064,0.11527220277345913,0.11020612773580546,0.09539406644089354,0.027977595056584714,0.11082491751075547,0.2252584964906014,0.12255636259428988
0.14619138025474746,0.1367251928890988,0.21068127361779887,0.09796658301174065,0.07517290565477844,0.08470872120618315,0.08733256568708098,0.07610106648639707,0.0851203111921746
0.11454986909918774,0.26530809039630693,0.07267273495838812,0.040161255492232484,0.06732698872457198,0.07464032339173245,0.1455676982608918,0.1458128174632901,0.07396022221339839
0.12452669094625694,0.060348773830942996,0.1548414321046738,0.056980694454030284,0.13179996401733926,0.29649108793247847,0.05734416752938346,0.03204150781783672,0.08562568136705807
0.11913231816369196,0.10720445971732707,0.0771122548557122,0.1106166777280886,0.21697740797718568,0.03481730030345148,0.060046738226468714,0.17303530960989932,0.10105753341817496
0.12060843890482015,0.11723177638708833,0.19073709520403104,0.10729373008523284,0.1134021522002337,0.07463475414511066,0.12171632732983352,0.050791845415878716,0.10358388032777106
0.09834369390890167,0.1126827893364563,0.17716248700579854,0.17721891310177643,0.09314255206998263,0.0634520094561168,0.07079955484110191,0.08370839251085378,0.12348960776901192
0.12969949870861622,0.1428618271934355,0.0890752023435788,0.08433488103232296,0.0870277420793459,0.2610784140919727,0.049440076588767486,0.053175827529803675,0.1033065304321567
0.10103937449655102,0.13776157382925716,0.08506182935815142,0.10152681780964169,0.20063915131406226,0.09142168952838513,0.06832087572348579,0.08264445707301542,0.13158423086745016
0.1108304646198277,0.08525807376333643,0.07714576408547906,0.1227953915368014,0.12542928143356957,0.06177523304599097,0.230033262261405,0.07590786943440371,0.11082465981918616
0.10337696046288042,0.18212478031947912,0.13344533958851323,0.10897124069294538,0.08567665069468895,0.08658251072759399,0.1338596587435836,0.049371911994761535,0.11659094677555375
0.06809442420210042,0.052798598548332805,0.25006193859287,0.05932913314994051,0.08854484235409409,0.019269906513535297,0.07014696809707598,0.30724948691155496,0.08450470163049595
0.09968492981127941,0.08211848010949724,0.060626790798705664,0.0660532567044971,0.1109835121788159,0.09391954864082792,0.044935238294493605,0.3462688881510691,0.09540935531081418
0.11471557111678514,0.13450032764579445,0.11722695018707215,0.14831770098006952,0.07574772539783681,0.10298492158372796,0.13405418325458815,0.0507820142238955,0.1216706056102303
0.09000667052451683,0.054893154662798906,0.06865168987554687,0.1437478320289727,0.23901270278407702,0.03978287458319722,0.042336672079671685,0.20358340379415604,0.1179849996670627
0.12347595168825613,0.12179169036364856,0.1293702492021734,0.11383719631279336,0.13329703157640108,0.05125406177616825,0.08200134933274145,0.13381660030704234,0.11115586944077553
0.09373094280762297,0.12856903535413947,0.11700719070839616,0.13243489594423033,0.13391964805837453,0.0586901156468533,0.1690345730667073,0.05700751946342566,0.10960607895025025
0.11584938894885101,0.10259304916877603,0.20285869325683828,0.17341952471038644,0.09547168297639504,0.11947214001842239,0.04786127463573733,0.04204302417431564,0.10043122211027784
0.09367664999015202,0.10327165867547289,0.08166697924051174,0.19291792047484804,0.1822230517804189,0.07058065709557688,0.12155881614811444,0.03299085370404534,0.12111341289085979
0.0848881827367569,0.14830078700053526,0.1280892197077973,0.23075804975985179,0.09290092751996047,0.06301852830847736,0.06943470733650281,0.056632599243823974,0.12597699838629425
0.10249122539178894,0.07969862913664381,0.10233226512451814,0.09289334107084742,0.2220294274017618,0.08442101750133994,0.05007906149652647,0.1633070748555987,0.10274795802097476
0.12596139593150135,0.09731708658007493,0.10935362662354159,0.1321623374102644,0.07826403128207439,0.24263028057054914,0.08334023835015913,0.037906806360594535,0.09306419689124047
0.12895955198306855,0.06370347140663493,0.27675334530218826,0.11403118034774984,0.08856558715825417,0.07297433742504869,0.054891598425117295,0.10425515178902421,0.09586577616291407
0.12070371780233702,0.21528691173054107,0.06875589236768685,0.10710718070720027,0.11897896423964614,0.07492118751180213,0.09908702867811016,0.0862233893716935,0.10893572759098276
0.07905898770115966,0.1373227658594143,0.10341111070649785,0.08592834613199592,0.06174186965212584,0.1327263285923204,0.19705563019270603,0.08931458758120381,0.11344037358257626
0.11501326630615051,0.05991434573578363,0.1678337881832822,0.08755406271653327,0.07681452800563902,0.27313049343473667,0.11050619701810072,0.022226566694295413,0.08700675190547859
0.07126448907370604,0.0515125926189384,0.05449152175114572,0.09933713465216142,0.1820215524612002,0.23121223842137983,0.051184341157565906,0.13683772811508957,0.12213840174881285
0.10684637509972317,0.04298064244609633,0.17150434853934404,0.13936249224369093,0.05857070399329061,0.1590929254742315,0.14985107744892665,0.08074518524073347,0.09104624951396327
0.1126294739308707,0.11382271350893076,0.23763222022770028,0.09824747891829606,0.08338324294655013,0.09439428468774784,0.1445518920706435,0.016283865486399728,0.09905482822286094
0.11465144729115344,0.08611718104951072,0.054288365712651464,0.14362895903697318,0.1222176898219099,0.0470627777358128,0.20289063900472895,0.12260119874046764,0.10654174160679193
0.1367973648038773,0.061414016113197974,0.06620866707366291,0.14950457606162507,0.19666655048380025,0.03172119459590341,0.09352542345125132,0.1461099012655606,0.11805230615112106
0.11915151763108538,0.101027011726656,0.06681341110401127,0.11910066449338942,0.12790483110081083,0.12045312309522578,0.11775242443012313,0.10745204039491534,0.12034497602378284
0.11951653136700648,0.09430819216805587,0.162443921703903,0.14301844459862223,0.12855106947242395,0.11936701723845644,0.10421106992671053,0.025759099170156282,0.10282465435466509
0.1097432617057769,0.10171338069523976,0.17182898875468464,0.13916756267013497,0.09803415844663572,0.11318932641941533,0.058389922238676784,0.10128967955468243,0.10664371951475353
0.13198685406874955,0.15432609877868694,0.1582078430831345,0.10030517581296912,0.11464784403857049,0.06193032903448642,0.12088264204400799,0.057887968781020184,0.09982524435837481
0.10497848264174059,0.06871636623819308,0.11995863988155814,0.12518517767498646,0.11566523900671281,0.07321523081509972,0.2084805431394097,0.06681022664623901,0.11699009395606048
0.0949436599609322,0.10153673396375006,0.08355105686435867,0.06803028007138033,0.12386966451913324,0.11695748518681266,0.15756832723166786,0.14754535029247406,0.10599744190949086
0.1553807440796289,0.14890975856422906,0.13317531502007182,0.08253240747793791,0.11822440687063036,0.07602896325795369,0.1427947909981845,0.04569682370744962,0.09725679002391407
0.09862719876251354,0.10054659922938596,0.15333822481668613,0.09962068306092509,0.17272584858737505,0.06912600533304113,0.14530732560048784,0.04201649545766914,0.11869161915191616
0.09797007542750895,0.07784672683985477,0.04160194000344956,0.12361286264327427,0.08783470837151856,0.050195996050713315,0.033319748705449764,0.3847406247431658,0.102877317215065
0.0758550203584736,0.090399154889146,0.22717280842413137,0.1372697201333973,0.19685261635331242,0.03596946039440094,0.03767316956646624,0.05312235653785613,0.14568569334281603
0.09599106319880801,0.07989587294695412,0.16661529332379746,0.15296002939328282,0.10241362920018161,0.12131766664107983,0.12134647109396617,0.027802632980291658,0.13165734122163836
