0.026719272976382973,0.08403817290503555,0.07017020038417662,0.0942203226402159,0.20975145391064068,0.12476962073242574,0.1055308848911093,0.1229309657585425,0.1618691058014707
0.14159179664805346,0.16901997836512817,0.0651051937018971,0.17810338131991457,0.12187379966405805,0.09537716523267516,0.028599553693431562,0.17065560493741808,0.029673526437423783
0.014951232543565321,0.01803619443897125,0.019118413545382813,0.09219481902463672,0.2999874297880198,0.1271592581545177,0.40075284200693995,0.0028087857693496246,0.02499102472861674
0.012946930311450458,0.05504915412323257,0.06578777163494777,0.07180776152290473,0.3214308022758913,0.12707556883857085,0.09628545140508236,0.11146026506791641,0.1381562948200035
0.5069619116633738,0.07495367699151863,0.05014823244662547,0.08759346049761756,0.04603784067618653,0.044460192343253456,0.03421422532337289,0.08856288092303517,0.06706757913501649
0.07662522927611183,0.16154303863608108,0.30245501715068385,0.05021131269361479,0.004186661085321315,0.023597330137201483,0.28321058180250774,0.07504003440818552,0.023130794810292402
0.17621470855784352,0.08126313359032578,0.23845431642079032,0.10393761399968719,0.09252968911216826,0.0910618415694075,0.039707138590957286,0.12247163314965503,0.054359925009165026
0.10444166333824616,0.07259924761040913,0.13011451338669783,0.06759116877431835,0.08235449161680534,0.04319085272149395,0.04328926521269061,0.42857263397645334,0.02784616336288527
0.2002719048861629,0.10527957711784892,0.05930865660502418,0.16422909714332942,0.12852796146872683,0.22185274485702214,0.027287369593045924,0.04819975223258934,0.04504293609625041
0.034110230500364436,0.09229902477493679,0.060192517804387724,0.0572222793853317,0.39449289868089377,0.16454474794557733,0.04414152453863259,0.09155851532531516,0.06143826104456047
0.2878561946946779,0.14167088385964682,0.07346075144230015,0.15724430188473315,0.07138368797966957,0.09284478475342695,0.0729175530101207,0.07250049830100157,0.030121344074423215
0.09097599055574253,0.10742629377184315,0.07505643120776616,0.15860982579481556,0.31586767148851574,0.12189752569693846,0.02005199180923482,0.07906831499061934,0.031045954684524254
0.10970045028943883,0.1251916795193413,0.17857563615574548,0.1754796449142301,0.12027723178688166,0.1331004708249016,0.03291679299013443,0.04029495329296145,0.08446314022636527
0.4727425144336052,0.06091237688062582,0.06544996220146941,0.0696923808082005,0.03635506425661187,0.023304767392284802,0.1519067518487889,0.09885651295042634,0.020779669227987064
0.13592258497014081,0.07875106825597236,0.2108106453186824,0.16393449110828617,0.05626801168574283,0.13727971115891682,0.14229690458214958,0.029467587368743237,0.0452689955513658
0.05306935632819362,0.11685226260424088,0.10836586104518031,0.10457065719001546,0.046717429931619946,0.05008423062826541,0.4015421279317248,0.059634369993696035,0.059163704347063584
0.09315337975692135,0.07289711160234703,0.2490864460399729,0.0851355647497289,0.04645915350190436,0.07859418037344318,0.16760996556230037,0.19953766505419232,0.007526533359189516
0.016724915994320442,0.0553328359458552,0.029880498748846674,0.11344053778036471,0.35693954206291423,0.13627274013725574,0.15910670739636576,0.011407139599525565,0.12089508233455165
0.03357400340695039,0.030584789497740933,0.02330832523726803,0.06533519788861473,0.40813483942046286,0.08270045116775775,0.3184666205072406,0.006084716296199903,0.031811056577764785
0.010115990503209481,0.03766833835454816,0.045447080981383337,0.09787680254322544,0.29458445491719204,0.21756952676913013,0.18622478560791636,0.007101775560398552,0.10341124476299651
0.08998086928049309,0.11302785603326936,0.0632156474416331,0.1530794853847982,0.17081202132675322,0.10177104138162492,0.013019834497639502,0.22392330981917663,0.07116993483461191
0.0645382300781531,0.07514421455270674,0.06370406255674406,0.13626326705440694,0.308385839387643,0.10124466531346495,0.03648697967515752,0.08898373847623352,0.12524900290549013
0.012765043992998083,0.045861111310996704,0.0850813998122411,0.1062442267027276,0.2613899140033415,0.1949902519697921,0.042874531270713,0.022275220760661994,0.228518300176528
0.02049487372535673,0.039845711236341834,0.03373503932736809,0.06868608405756292,0.2295509743999343,0.06490390063791524,0.17437507018305545,0.029682737388644426,0.33872560904382104
0.20922721059020385,0.08008340065032192,0.10996255440747989,0.09904523270802883,0.045014343227466364,0.14051744198079633,0.2775315379797431,0.015727937032163453,0.02289034142379628
0.09481868269397871,0.2314278748041055,0.08568818108092346,0.15349213379109203,0.06953389717331017,0.06662082043487472,0.042856165369641396,0.09771034824230203,0.15785189640977193
0.07792126816798406,0.08839028566852221,0.144539807811121,0.11059847793474771,0.22857744123562274,0.09697851440649541,0.029631474855867364,0.18414289910698156,0.039219830812657945
0.15732326859460677,0.1224130497487766,0.11260988343518812,0.1271000686282883,0.20370903901995577,0.1661602728096753,0.033774134561883634,0.0317352481926321,0.04517503500899333
0.08789457695544045,0.05579319589278647,0.1297453128556297,0.09260269801598246,0.053510723231348596,0.0608831714188434,0.16676810307420953,0.3398799199716387,0.012922298584120665
0.037146364524368154,0.0591830545568856,0.06495047949724382,0.10307366851559267,0.3273028265880811,0.18440232333952059,0.052127414703903176,0.10867929069757114,0.06313457757683386
0.028723879365310106,0.023797472355572075,0.03887463846307621,0.1053032783671392,0.2329027289710631,0.23734492086290418,0.30157503423925164,0.010217871519211838,0.021260175856471678
0.03784159473598139,0.07981597022936134,0.04407106771226671,0.11909349971781046,0.2210306642626736,0.2752953679965877,0.08510794839115987,0.00987743374358975,0.1278664532105692
0.2354905481224796,0.1713734441018641,0.0655204190940769,0.10260653218195716,0.08969729763074637,0.07951545511928369,0.022168859049126664,0.12445030965810926,0.10917713504235631
0.26217568941210484,0.1222382075733238,0.06253834477434378,0.09283948453393853,0.04394951238587963,0.10899996219499437,0.014533629383997193,0.11900974877125085,0.173715420970167
0.1381619760601239,0.11289265492493815,0.06395857337731214,0.0985354172155908,0.19114730344929434,0.13146695397426036,0.012751940620682078,0.15830592930654439,0.09277925107125388
0.05445041332435785,0.07748485421861707,0.06531006129216706,0.137163592681644,0.3592547040624036,0.09521376222482103,0.021772084297397992,0.15443759736216192,0.03491293053642953
0.037537573033283124,0.08322167864442369,0.06220152067239254,0.17634395378523582,0.13908534644784012,0.05662740154079016,0.07263287850309057,0.11054893230592211,0.26180071506702185
0.2426641435176133,0.1166462930958233,0.07788988451535052,0.12198305322703314,0.11978187174319548,0.1318919329253568,0.017487841868408602,0.09971770230015664,0.0719372768070623
0.04489368997568777,0.1221098869408866,0.07206274378585972,0.09105377932522075,0.30352216350030464,0.1277896038020302,0.03251266040581164,0.0588737462032764,0.14718172606092225
0.17619225358847854,0.0988534611846935,0.2486178007811414,0.07261214763430324,0.012468609112341262,0.050343670319711875,0.17492966431030052,0.13272716761200162,0.033255225457028054
0.08343862475618903,0.13405613846260078,0.11267646193299723,0.08125339699411456,0.024316927333798217,0.09402061071424223,0.3106421401392874,0.14305556866990507,0.01654013099686541
0.18363346279344084,0.1439835635472614,0.07908888450881744,0.13619777631084481,0.12413571347591666,0.13761990526788792,0.05569286077127553,0.08610678653088667,0.05354104679366867
0.12940347214005674,0.10780055669266786,0.08775284823287682,0.11420216668016929,0.20268137450103615,0.11327419126207139,0.030448209744476106,0.16478638465024134,0.04965079609640438
0.17475031568432717,0.2507021500330637,0.08143526052112003,0.11580002112871708,0.029012633151614037,0.06866839491653075,0.046775455926095444,0.11735599381582547,0.11549977482270635
0.09463117659367343,0.06540483802472719,0.12033820548968255,0.12330774518567598,0.13564345334181913,0.04547796454271268,0.07959112747362358,0.28278645229949234,0.052819037048593115
0.07181748219051148,0.0592366057704217,0.0650057251641713,0.09935106908472739,0.3613599235753739,0.19015793077822965,0.02056317390007456,0.10780449372805771,0.024703595808432312
