0.15106653938490366,0.10791341780688113,0.11372557758268242,0.1143892949015411,0.09848204763141537,0.12142268114266686,0.11247401356888574,0.06598198250311012,0.11454444547791358
0.1749894644225741,0.06884868128842116,0.1415006289234513,0.06644397741117214,0.10513288647621549,0.12247938503670715,0.12784778672018968,0.11548883304739894,0.07726835667386996
0.1257263388457807,0.14854232079163535,0.10540073618535323,0.07706046826142511,0.09519105389738869,0.10923367229416199,0.12222696972789425,0.11520790318692592,0.10141053680943479
0.0954308953598838,0.09931839239789524,0.12782720565306518,0.13477936452634276,0.0851574481733856,0.09466633690578079,0.1205881653384966,0.09691618080281027,0.1453160108423397
0.08857674851878868,0.13162792097694295,0.12345380077700778,0.12205732151884292,0.09075590066956019,0.11543609242691777,0.14469581690325042,0.0831079505699468,0.10028844763874249
0.06006327581463188,0.09267173335936241,0.13738813681111758,0.09372165289825701,0.07092898356424379,0.13980939442595897,0.12862801340598537,0.12282605869904445,0.15396275102139853
0.10035631035440362,0.10536566497683342,0.10337085017882462,0.08343531432038842,0.1139494810792661,0.1410856919837619,0.11791764357017546,0.13897637931323983,0.0955426642231066
0.05948082269643883,0.1811117851319206,0.10511341111346569,0.07083031776760208,0.09812013698479778,0.14950330688033678,0.12784349832114847,0.14122898717301824,0.06676773393127143
0.12547603971546287,0.1013024496167501,0.11068199532002955,0.07776280645494281,0.1195297802665976,0.12899085564708454,0.11516660986643977,0.10127501348586641,0.11981444962682636
0.07138764954461048,0.12922377194677911,0.10092696171259054,0.09937225149468355,0.11092362980629732,0.16183060568230437,0.13956736304407094,0.11543290947994879,0.07133485728871486
0.22904419917475635,0.06850668970568301,0.09696152946035141,0.08517276045541809,0.09235866760780785,0.11768655585961658,0.1240212103080522,0.0794842069277309,0.1067641805005836
0.1362836888224973,0.10208036761841793,0.11424689673555688,0.08681636212028725,0.11532662620754092,0.1377106097016842,0.10135921024795036,0.06931424779379304,0.13686199075227212
0.09072848061180593,0.15747117565761456,0.09698940975061415,0.09578001783437946,0.09793889722387202,0.1536286981698245,0.12484976867046554,0.09889588398510611,0.08371766809631769
0.06552351693941587,0.09862102467177532,0.09153743307028461,0.12573032321725167,0.10523839607799466,0.11510951204372899,0.12893341472301675,0.11422373499343352,0.1550826442630985
0.12398662522666266,0.07147879011050762,0.12619037942878292,0.07715509017601523,0.12094364612336699,0.12463920050426269,0.1080502727737881,0.06956106143445807,0.17799493422215565
0.09857377254354888,0.09496571048802459,0.09790824219521417,0.08876598843597201,0.13913821970710202,0.10376540660327904,0.1223058917803333,0.07701076254467541,0.17756600570185058
0.15060837870810048,0.0892048520959167,0.09958552621413284,0.0973941488711108,0.11739162613537685,0.10311881308722022,0.12834904361412805,0.07908760733215126,0.1352600039418628
0.14159419563185704,0.09217787275537277,0.1337567335956095,0.07726928712589425,0.10777387270851195,0.12206426392301395,0.09874069569507538,0.07265441552000487,0.1539686630446603
0.06443610257358912,0.08951925685665674,0.09957643123474309,0.08111227193406777,0.11242606584150143,0.1174815103472147,0.1012078557565006,0.12330992899562639,0.21093057646010016
0.08525857167656532,0.10136496276527136,0.09199954763574464,0.09728038487402198,0.0919809038445681,0.14547369370680652,0.13255324621888442,0.14340034902845775,0.11068834024967995
0.12253432449116415,0.09422279332379498,0.0957305734986283,0.10255022785620206,0.08583936586653988,0.1253032714216699,0.1383049545068209,0.10723703705344441,0.12827745198173549
0.1906047009445868,0.07146671164705459,0.12040447146099265,0.08925387759096791,0.12014693993681892,0.0825293595088541,0.12614468475284524,0.1227157839106275,0.07673347024725227
0.12012144275387948,0.07760200449075634,0.0952105273977193,0.10699273083458945,0.07926651887121247,0.11665597175397324,0.11993671840121208,0.10041627716291669,0.1837978083337409
0.14325501220177753,0.08518946679748829,0.1240004647046366,0.1077235865086652,0.1261661332647326,0.10877132264914784,0.11126911896149337,0.08920052059554205,0.10442437431651667
0.1635824482221733,0.09068113581232574,0.10771539058527209,0.07622581229481319,0.09807310072621596,0.11332866501290635,0.10815861579927243,0.12513750526023246,0.11709732628678848
0.07990862017197335,0.11231444764183678,0.09157411244312041,0.0835725296327184,0.09168863762671786,0.09256381838855467,0.09792374737258146,0.23376614259710404,0.11668794412539309
0.1152174672288534,0.09705352654247279,0.10392253663847546,0.11343673266274466,0.09623005314525739,0.09979819189825268,0.1340784972629988,0.10247150779649443,0.13779148682445047
0.08740432482712891,0.09319317386623467,0.11744836774706596,0.10651083141573281,0.09680142937794466,0.15613047120692664,0.11849363553283461,0.10785517497757309,0.11616259104855864
0.10569143195484476,0.11531305270139754,0.11004131735638283,0.09217293897082734,0.11054305549347267,0.10379703816414053,0.15946754507184804,0.0849698431507958,0.11800377713629047
0.12392703372909243,0.07009515595934158,0.11662223572466156,0.09366674325073134,0.11607961090890602,0.081361065029262,0.14789221846737707,0.07319581590563844,0.17716012102498957
0.14243736817585445,0.10615219986544504,0.09722153469386281,0.12281953520981796,0.08654157972391785,0.1317327494765097,0.09165650674039198,0.06884548257862212,0.15259304353557804
0.11516217783594414,0.10032584002861944,0.11344972448900131,0.12289455431895828,0.08726104466153368,0.1103927614709161,0.11187607723413041,0.07660676360280942,0.16203105635808715
0.13490446887507282,0.06803568834425779,0.10320261369428223,0.08479903524509878,0.07923360422305191,0.14206069376641642,0.1358530477997041,0.19532121721563092,0.056589630836485
0.07747189006764522,0.10725381610571728,0.09529830197625977,0.09888263119670206,0.09979880307165567,0.09785157675277893,0.1268832566921406,0.0877520433298396,0.2088076808072609
0.16553117556632993,0.11682816241119788,0.0921950208017952,0.10780016054350544,0.11246583923238469,0.10751292422529857,0.1001382749741674,0.08158597620868509,0.11594246603663587
0.10512762962081067,0.09893515716191636,0.11561341293923538,0.10091424817934506,0.07108072777104218,0.1294533948863066,0.15619178931109287,0.08406607078127509,0.13861756934897576
0.10238081081645338,0.10767018752854257,0.10885210444328287,0.13817398754217247,0.08704848401791805,0.12940948025930055,0.1411377318054932,0.10402603019173849,0.0813011833950983
0.08171926361880144,0.10255888617644655,0.1036930522487259,0.08591751694458817,0.10396477799891879,0.14397317150494485,0.17072464812231516,0.08888000060881134,0.11856868277644778
