0.19579661180178223,0.1076503836978756,0.11983037808247234,0.10938984793053626,0.0867601516367031,0.13288407442061348,0.11083859967950799,0.050105957679503876,0.08674399507100512
0.07408089591164337,0.1058374659666092,0.12782024574703157,0.10798854127568541,0.09669371183900026,0.10458972148479927,0.11140582444529146,0.08886995839977112,0.18271363493016834
0.1364846507263424,0.11127755480501211,0.13522820632617463,0.11586135763122014,0.0912063670137473,0.11549073438656991,0.10825999638704036,0.07949041752092521,0.10670071520296798
0.09473103497489972,0.11430532008066085,0.13064744111842902,0.09895256307548668,0.1022639783522701,0.14366908686242139,0.1059422977838888,0.0467509997942197,0.16273727795772377
0.22326594150713377,0.08452807851460252,0.08006520061213061,0.09585358449745714,0.10414047854700274,0.11275972821062315,0.08945632825041026,0.1083773878486886,0.10155327201195129
0.09237676468718488,0.14105360583466695,0.13343055143423158,0.13072963830826484,0.10298747588821844,0.13282506581527345,0.10616565950655561,0.04793607315415966,0.11249516537144454
0.14145044989963665,0.07370617108120156,0.08051449808598142,0.11602549555094721,0.15709402418846116,0.11015263547929226,0.08858825886377897,0.0729002056568776,0.1595682611938232
0.0988395778574807,0.11264505698351997,0.12629541097935762,0.1080417317461389,0.07615995359863435,0.11111956477653269,0.1147906982660824,0.07840339218056869,0.17370461361168468
0.10643646602113006,0.0945612109996165,0.10935525209997855,0.11285392525233268,0.11727081017626971,0.12757428427213025,0.11509492760745815,0.07908565816919887,0.13776746540188525
0.09971653921142036,0.10369803543863228,0.114471449222749,0.11502763391217001,0.11605219177323434,0.11993148291072842,0.10946451820787544,0.08078859917300713,0.14084955015018305
0.10120631052478435,0.08207728520466497,0.11088564678308821,0.10642182561431489,0.15105414283268156,0.1095523453776066,0.11062338180726543,0.0794491949106505,0.1487298669449436
0.12384658326659535,0.08369818876877151,0.13289556700921584,0.11073696064322465,0.07800092962566546,0.13173718248701263,0.09046515906451791,0.12088877722746112,0.1277306519075355
0.08409917144402869,0.08799370615111385,0.1426740447089698,0.10351447729248024,0.14040924488873016,0.12138078597470352,0.1592538248098979,0.09044469374540487,0.07023005098467094
0.07409836880424692,0.09841623157394658,0.13024378494186126,0.10575091735831536,0.08556217810509702,0.1098999614228733,0.12995590160064344,0.14431202400806964,0.12176063218494661
0.06035140095574706,0.08722415108421323,0.09683718456130812,0.09694972572204785,0.1788858719486085,0.09665223460375866,0.09231029387200042,0.11789259929617263,0.1728965379561435
0.14918023941125172,0.10994680101923122,0.10659617723936465,0.11900997369043335,0.06412221197734025,0.12728453194600883,0.13238489352422023,0.11713221224514168,0.07434295894700806
0.08912063216902855,0.10962561656785846,0.11917238528866275,0.1068715272010115,0.08980843718582367,0.13534885266449823,0.10048927219019804,0.10136678721117331,0.14819648952174547
0.21315616796548478,0.07698247944259545,0.0891959495913744,0.07189294003164774,0.12902949923344056,0.10002984439654665,0.09472553957306713,0.13846481869321428,0.08652276107262889
0.08747212570460494,0.12969501298759342,0.10619240518156914,0.09095301297711156,0.09529724320458655,0.11484531320578976,0.12362178950901252,0.12250302003587869,0.12942007719385354
0.10017687341178476,0.10610962615725839,0.12514785065233033,0.10009203755546715,0.1613675951119364,0.10829687877134209,0.0952235411911833,0.045798410551930326,0.1577871865967673
0.1284075080982088,0.08779751897980409,0.10602288065739009,0.0949437189774031,0.14476027359102764,0.11092190797970773,0.10837660086272904,0.0630646857371911,0.15570490511653826
0.11212098040767392,0.11450366405772139,0.12237987010156283,0.12328078671330343,0.10525319687062833,0.13849581387298607,0.11808620598942936,0.093099565847348,0.07277991613934677
0.09368703603574423,0.09438317219559883,0.11018332843559249,0.11757673532498607,0.08980414078315406,0.10726939167587146,0.11683271422713992,0.12944242140405493,0.140821059917858
0.07436775313907382,0.10522208272650395,0.13133207472863673,0.11941568144159888,0.13967080532085405,0.14548158601015226,0.11701841395412282,0.057545061540438425,0.10994654113861901
0.11034003907421748,0.10784956397878746,0.13745711696805532,0.12390472025237553,0.08936609486377968,0.12004365429955736,0.10905768595754566,0.06717076292033582,0.13481036168534571
0.12144122012999238,0.10992404321035121,0.12261524865519328,0.11242163726633529,0.0886231009864397,0.12344702496780273,0.11284813529606857,0.07116664083448951,0.13751294865332733
0.057620564787282814,0.14452675508160426,0.1592518446364599,0.12632279228998633,0.0674645593427121,0.16940869492653476,0.11918784285013838,0.049358977717029656,0.10685796836825186
0.16754415121164648,0.10740288333916603,0.12940207073975085,0.11283730448977865,0.08496426940701914,0.10877276187075008,0.11553730056649263,0.07066627360952,0.10287298476587613
0.08854449275287367,0.09816102186356297,0.12092190853258918,0.11551488875936945,0.1596370715788738,0.10843791824541288,0.11400572359762569,0.07202028703802492,0.12275668763166735
0.11041670008910405,0.10412936680090423,0.10656884429307566,0.1230836969449895,0.10954617096300522,0.1031977319853052,0.10737432121400843,0.09499586818271544,0.14068729952689216
0.06230307520895082,0.10638668273464243,0.12186985078450714,0.09802745065243638,0.0723190242594743,0.13110639256677112,0.10114431356285147,0.15122162452253354,0.15562158570783272
0.20228265424555159,0.08352247716022977,0.11328725476335522,0.10497762055880992,0.13517513510215373,0.10581218551472611,0.1125535641968386,0.05025473036051742,0.09213437809781766
0.06892220925532809,0.13467951205129058,0.11092654190275401,0.10710560930793633,0.0676114071280854,0.10018776806341556,0.1188907285645258,0.1386993313823492,0.152976892344315
0.11913026049161275,0.10664547114786364,0.12487004289092925,0.11601922331187547,0.08335901248471704,0.12285498121496376,0.11887487733500714,0.07818220562536936,0.13006392549766166
0.13534374491862752,0.10062395426159289,0.10535564378497013,0.11307755510306046,0.13528634476354032,0.11658926267999487,0.11504489762218935,0.0704839659265955,0.108194630939429
0.20082946374643182,0.09897668906458183,0.12997682542809882,0.09060823926324457,0.11407711314236467,0.1260205976926295,0.12093540003986915,0.027745081014966737,0.0908305906078129
0.14155659695287878,0.08295101737072609,0.0960934203332956,0.08866846134761402,0.12865370562902056,0.1307814501142987,0.10196249413126506,0.1179649347753778,0.11136791934552348
0.09604664569973446,0.10574347822525239,0.13052546391614497,0.12117973384708608,0.09606992400957988,0.10948628976538109,0.10777886769748402,0.07015399779555544,0.16301559904378163
0.15873597802814943,0.09404530282277519,0.10575961759176357,0.10046267051807989,0.07579830207764862,0.09918825459873164,0.13031288611208866,0.07405552973660397,0.161641458514159
0.09608196927682466,0.09930444139010458,0.12206137067999305,0.11918917873015049,0.149640075833828,0.11652527019688515,0.11481089484551055,0.05423810273975726,0.12814869630694625
0.07352756352427973,0.12311794379688352,0.12578427901804937,0.10816340339161284,0.10886664707149078,0.12459170008179526,0.10553665382675925,0.05578147561474792,0.1746303336743813
0.1349180519345851,0.091738862065661,0.10460274057147988,0.10388661446437249,0.08641502983909705,0.11037014394000345,0.10473341239707591,0.11599538893677902,0.14733975585094614
0.16142095474409787,0.097897429868731,0.11484499995338539,0.12182098577441784,0.06838720902653138,0.11523972341593915,0.10461480193085249,0.09907329314400941,0.11670060214203558
0.06748253419509716,0.0916759572586492,0.12572204645308144,0.1320143878788707,0.11424668846340617,0.13241574127083147,0.1269839760288387,0.097796227162597,0.11166244128862812
0.16897838301546655,0.09042290893303286,0.09947340968056878,0.09848275212228323,0.11851861445498768,0.09663999302960151,0.11895217297373765,0.06617905551716695,0.14235271027315477
0.16295187816095189,0.10382772360858812,0.14515640242836672,0.11975491936757392,0.06534966729674306,0.12675600167572582,0.09623403759994913,0.07471768707410442,0.10525168278799683
0.13074935621656084,0.07575367868741302,0.09901996215126124,0.10138157039135078,0.1326623751670546,0.10002138739581266,0.0928374191016841,0.16544881383698742,0.10212543705187531
0.105237756124348,0.1089559729308824,0.12068479437920905,0.11668255348509105,0.08615414480440288,0.11840472659864525,0.11122517376790213,0.08459893540122489,0.1480559425082944
0.1537415363616353,0.11348712751537665,0.10710892389297927,0.11073140146098194,0.09165274859161061,0.13170953929401918,0.10535454557262508,0.08443300153056782,0.10178117578020418
0.173391470688845,0.10478922649188423,0.11393876039024042,0.11386550814922002,0.07288728142257025,0.12882163650669812,0.11902220201831148,0.06087256741352559,0.11241134691870495
0.09854419606245214,0.09975029870662645,0.13877019953723344,0.1192086008244218,0.10662285167403796,0.12147860070258365,0.12056271018730236,0.06953026793665278,0.1255322743686894
0.07227337531229118,0.1026571054680448,0.11545285735662886,0.13118921888684487,0.18116175190929304,0.10610191770724135,0.09474852558194731,0.0539413156261953,0.14247393215151327
0.09754581874655636,0.10658852841996667,0.14377044927635294,0.13913886318036414,0.12497268160003876,0.09386314372866778,0.13322108957998605,0.06646073210157309,0.09443869336649428
0.05739842517148796,0.13243476379011496,0.13317282096886315,0.10873706827882434,0.09293054100378782,0.11804116124899074,0.13459469729806242,0.11763557358824028,0.10505494865162844
0.07696764038706412,0.08391679615886662,0.10009210143139713,0.1254324801173192,0.08706739251743965,0.1356014537579173,0.10660357959464101,0.2095550981977691,0.07476345783758587
0.10079630452086985,0.11967410861613197,0.12013763748375816,0.11025219108923495,0.09930488568321723,0.11862547349100194,0.101763522271284,0.08438227650231729,0.14506360034218455
0.06281504150553101,0.14637032324778276,0.08410435370864074,0.10764179652823264,0.08081672065445608,0.10991052052769235,0.11014154046247404,0.15548061810189193,0.1427190852632984
0.1306409155060313,0.11039499467722813,0.12695827173501784,0.1081400867787623,0.0956127666510448,0.0959710311090895,0.14216192105492884,0.06731209449769987,0.12280791799019737
0.13841695791000072,0.11357034929344512,0.134157582755442,0.11850145111134565,0.09102844972307826,0.124567145806098,0.12848655380644336,0.06620461292079556,0.08506689667335136
0.22739771461390182,0.11319224499931364,0.12393646911500006,0.13278470834601683,0.07763512972695176,0.11594289005396108,0.12418148292891584,0.03359492680301931,0.05133443341291969
0.07543375145314557,0.10013624940553091,0.1586912697622796,0.13435025037024026,0.07233693069246154,0.11993458579990512,0.10266006501768277,0.08785256825691201,0.14860432924184222
0.08363887571434374,0.10676477631231607,0.12114184427741981,0.10423981561729358,0.09865160266354674,0.12818025638105035,0.11642963308935635,0.08164509384158274,0.1593081021030906
0.1377911354684268,0.12766052222764623,0.11175907423755471,0.11326928057496333,0.1602942192829451,0.08883228307691571,0.11801954476666132,0.03477820062860463,0.10759573973628218
0.12049562404980181,0.11237979926445685,0.1374317444167553,0.1172583425401159,0.08155605535542156,0.11464959244269601,0.14947793986856972,0.09247139968532676,0.07427950237685615
0.08822927289296871,0.08677704006352331,0.1665517035070114,0.10048104070405045,0.07224384962485537,0.11874272935493792,0.1205461757534988,0.07239764710340715,0.1740305409957469
0.11086576684455822,0.10124522663691882,0.13808556226401766,0.10169998823320592,0.08727381589704652,0.11418003202171172,0.1081811571814898,0.0730182815918321,0.16545016932921927
0.09003128263334176,0.14404714007227543,0.14379571362993468,0.13460778115704417,0.07124397887855578,0.11238383304822298,0.1410058779010154,0.07451411822071699,0.08837027445889285
0.15388772041332738,0.11069017255192067,0.10113417685320547,0.10472576198515389,0.09472407985553327,0.12877892492999207,0.09348431341826824,0.06847753181581083,0.1440973181767882
0.06440875680558296,0.10464860206263639,0.11184358235175144,0.10594977103332161,0.16680341383611838,0.13066153789771284,0.09893838488452299,0.06371485448718635,0.1530310966411671
0.05510078737913554,0.1187526819523584,0.15659272482026532,0.1307683630567321,0.10166807273119426,0.1009559100790489,0.18684377318688453,0.0792260798006955,0.07009160699368548
0.14298200020563034,0.08483010529962028,0.09285922422245811,0.1419493346556514,0.11647579446038574,0.11676408238773728,0.08154600294069025,0.12806323977276582,0.09453021605506086
0.1623916248110648,0.10910143034658137,0.12403024600711521,0.10321598896137758,0.051559986217654986,0.1388838264854878,0.0980310562623286,0.05183470106645602,0.16095113984193363
0.22614554557063263,0.10395967039101917,0.09941826850218564,0.10383126760326067,0.08104905459780255,0.09705775877684081,0.1064070470804769,0.045228719690534415,0.1369026677872472
0.16203132068519477,0.12499195218525112,0.09429203718282923,0.13203794485990847,0.10598977197200077,0.0971812543970673,0.12826005363912044,0.08425283872599694,0.07096282635263104
0.08914280693646905,0.11951993090126162,0.12834935025871702,0.12052731950594424,0.07084041982053198,0.12184251304451349,0.11040639015723708,0.09590360581523938,0.1434676635600862
0.05312469202075459,0.11426320104185998,0.15473597693184254,0.13669853978852772,0.0754636840852861,0.12033248560745237,0.1411898753878037,0.09872281853987563,0.10546872659659741
0.09076243935213814,0.11659860068201687,0.11456628073129434,0.11027884885605037,0.15377727757297335,0.11624098469906961,0.10533043927628538,0.08011074939227893,0.112334379437893
0.07260987755575442,0.16731832990595344,0.13754470603840077,0.12064782519734644,0.06919143323394546,0.15920233050784802,0.10242231297623923,0.06035090590144967,0.11071227868306255
0.04771924815767945,0.14004775252573112,0.17485422510393808,0.119621273420589,0.10593312079351014,0.12771441013690446,0.138579996153387,0.07531956817868447,0.07021040552957619
0.12120160012913105,0.13248790281113806,0.12357015219081129,0.12376768576102652,0.07905365250323486,0.11652475395007607,0.12644175867364374,0.08051220030389422,0.09644029367704414
0.10639712867627865,0.09452277071377374,0.10931877988654776,0.11285216662120275,0.11735288053540545,0.12757821188971194,0.11509842211165651,0.07912226520663436,0.1377573743587888
0.15665183211712158,0.09644311436846376,0.09365642369515616,0.09273312598966575,0.16662578573240602,0.1173022044374934,0.10216980967499882,0.06127525922128869,0.11314244476340583
0.060255306926672324,0.11011877331734293,0.12216274770881112,0.11825256118004378,0.1686817672711213,0.11128831117611988,0.13265450621824,0.054137641542152504,0.12244838465949626
0.17632676625807528,0.09532794401876843,0.11771422956140154,0.1118423106837434,0.09543230633111544,0.12675636283121575,0.09593312579200074,0.04900890962950094,0.1316580448941785
0.09769469129179316,0.0851478634492318,0.11509930133839846,0.11025095754237586,0.07535953194871957,0.12996020982740628,0.09529767126703993,0.14418055343295574,0.14700921990207927
0.1246578409535372,0.09174350198177883,0.13244615560308035,0.12160894948756486,0.07396044997820676,0.12105309435976282,0.10209875317764612,0.08109240933865702,0.151338845119766
0.0930726476151887,0.08548821811654184,0.16140970198189963,0.1218461140929421,0.07068926868748249,0.10754771912101535,0.10247070611830311,0.10381072248423606,0.15366490178239067
0.0844554311406202,0.141580206741723,0.1386748577081525,0.12585344149371666,0.07935056495851661,0.14433385441374097,0.10422791321278206,0.07907012085871233,0.10245360947203569
0.126351692132326,0.0808653030114911,0.1329877625801603,0.12442329118360806,0.10248161117142372,0.12035229206188018,0.09424660831691135,0.10994106880414915,0.10835037073805014
0.07349767984360651,0.10660900573029687,0.12057569394961676,0.1011073495562837,0.11708446821783403,0.12076919395382422,0.11215518439686474,0.05926741859004967,0.18893400576162347
0.12144122012999238,0.10992404321035121,0.12261524865519328,0.11242163726633529,0.0886231009864397,0.12344702496780273,0.11284813529606857,0.07116664083448951,0.13751294865332733
0.13860172255496625,0.11079093100443412,0.13090787686534505,0.09959287590426284,0.08528609245795603,0.12047500478323385,0.12085110413310436,0.07422167640911774,0.11927271588757986
0.12534693413029285,0.10799429472336332,0.10999318336623888,0.10470101694541735,0.08627199602849789,0.13441367569201806,0.11246138572023735,0.0924423054551357,0.12637520793879856
0.11658162860056438,0.1345704761189189,0.11830432548702276,0.10097177175370044,0.09937721292797526,0.10216386692032779,0.13350544365421724,0.08244823963993232,0.11207703489734085
0.10654318453141383,0.11844231286174284,0.10943931301320486,0.11051795288363343,0.08039961731811411,0.1113371350213072,0.11211183694458214,0.1124977358736992,0.13871091155230234
0.1392159905868445,0.09111137750645003,0.10581327769822595,0.10050978889205305,0.07091874137571261,0.11738044825343152,0.1068132092772859,0.14133419814051498,0.12690296826948147
0.03952416655700424,0.12255455982339909,0.10004290339563197,0.08929773383606508,0.06664359915719235,0.08926400585248868,0.099197976561867,0.23658044381206508,0.15689461100428648
0.12781320351335218,0.13376549863091455,0.1138730194528959,0.11843435671967639,0.07218811221586328,0.12792895025547288,0.11676937012211637,0.06370629608810251,0.1255211930016059
0.11187385520305082,0.10176502867970234,0.11890858527272603,0.11361248074766801,0.1238753304685708,0.12687247579574346,0.12646401800612886,0.043315621717282815,0.13331260410912685
0.0389756844381371,0.07152465193030844,0.1546323978377993,0.10556166004880034,0.1575138523003951,0.12003474796607268,0.09091161576141442,0.08741137083523155,0.17343401888184096
0.04542613737509022,0.10837186462090737,0.10413375901267007,0.10844084131077954,0.20764124324621255,0.12731491141655848,0.12662337779303615,0.04672282378485465,0.12532504143989098
0.07331946643887229,0.12335877695108148,0.1488293305082469,0.13238543989844884,0.09994996915141134,0.13525967208534834,0.1463309696760292,0.06564893487079732,0.07491744041976436
0.08872725513898651,0.06969871471837515,0.10321963398803531,0.08527293076848713,0.15793209097226246,0.14360776454001065,0.08481215868019398,0.11585134250938765,0.15087810868426116
0.07094401172847407,0.14099761112274622,0.1377989480411055,0.1100067725008721,0.10147231074987266,0.13858207744280981,0.1200141069015338,0.05814052310462017,0.12204363840796568
0.091636414936332,0.08130747930834177,0.13030749471642908,0.10899053529294274,0.06731962456408351,0.07924321875504575,0.14034394826166322,0.17993942855791603,0.12091185560724586
0.0929683314787139,0.0944173455332455,0.1085152243829081,0.10588047816808992,0.09232039239195493,0.12506406667057868,0.1219992722094075,0.10470251556749322,0.15413237359760826
0.10764474810479423,0.11149417338561975,0.1285861699261419,0.13390096802092888,0.09219864334682237,0.127646529844908,0.11728439361573728,0.07049174468618406,0.11075262906886342
0.09257200320793207,0.12721322612862773,0.1291238625243771,0.12026728963299517,0.08812741859015248,0.08930755375498138,0.12966336227647465,0.05783033610425339,0.1658949477802061
0.11279459703295831,0.1306056290608514,0.12682237285634124,0.11009641599748339,0.05847372927551355,0.11332815324694069,0.12366799398647495,0.09016518322691747,0.13404592531651896
0.09797215003481914,0.09956948179627505,0.11268473838239317,0.11472247252395362,0.14238096445833368,0.10383047963104247,0.11903594075856949,0.09624942696565293,0.11355434544896037
0.12025771517140472,0.10215543813135368,0.12216925183239136,0.10199958700938001,0.0844677216370417,0.1254318219999249,0.12288185747002207,0.0861260341166427,0.13451057263183877
0.11610479033444038,0.11666972325610549,0.12177341949169374,0.11901344956883375,0.0783709975526756,0.15556724422512025,0.09182169159824206,0.12691375101224395,0.0737649329606447
0.11033340898403761,0.10254272710805708,0.13357052438599207,0.11962433657566891,0.07658029071287932,0.13098201158538783,0.11214196725079913,0.08166076062603378,0.1325639727711443
0.24218157423572875,0.0884690005140855,0.09130107870589026,0.09946854238482898,0.08832951025888548,0.08464241314139702,0.10877945767567727,0.04392666179292851,0.15290176129057834
0.14420704503271536,0.10141678005381495,0.1119535988376215,0.1156305147697846,0.11941794971212216,0.12886636371157192,0.11838322532729145,0.07607630697326642,0.08404821558181168
0.05311687973499065,0.11119185849896061,0.1120714893839218,0.10326349201070893,0.0806440526960594,0.081988706663863,0.10820606497618161,0.1555857304194416,0.19393172561587235
0.09574430658133126,0.0964361521434277,0.12846505442089748,0.12066931969405996,0.1467062634628289,0.12235692484194764,0.12020943335894733,0.0545961637436628,0.114816381752897
0.22257653378448872,0.0798253527826699,0.09648391301868632,0.12036513014572751,0.09670682231521495,0.09821989753581033,0.09951402115815185,0.07614310910213952,0.11016522015711087
0.12438054005709602,0.0979079044185331,0.11177699154860606,0.12428395151861858,0.09428580721765271,0.13852852757477419,0.08881103053625324,0.09560841265165171,0.12441683447681434
0.11487275609955076,0.09948847765022484,0.12610274437591282,0.1263657208845316,0.0746045049209116,0.10918984277570509,0.11640455414085804,0.09468313313789929,0.13828826601440591
0.09229933767468797,0.15366024306099443,0.12078362467751487,0.10015232161899246,0.10126644563923808,0.12495362448695602,0.09821898595669486,0.0677849548744832,0.14088046201043805
0.08209942749572618,0.11257074963184611,0.1276856379607797,0.11130896340831402,0.09184973607127482,0.12898479601694468,0.10229956591299866,0.11146272816376755,0.13173839533834827
0.12036678906452629,0.08878440894699363,0.1303516408978511,0.1208495083232644,0.07423912475185108,0.1183119396843269,0.10264043081149367,0.0839955862764305,0.16046057124326252
0.15959975807839186,0.08352154305733105,0.09898212523245015,0.10848243258830209,0.07009133660232231,0.11042915927904638,0.10025759113058479,0.10943253514685164,0.15920351888471987
0.06154815784356935,0.09186200948415114,0.09738442989688517,0.12467829118808206,0.16298774775400152,0.12293449464084966,0.11250215100283811,0.1188334812669401,0.10726923692268292
0.10513228507237289,0.09350306645084557,0.11492771818923814,0.11090833789756573,0.09999984065303567,0.12691778201712137,0.10856407383571476,0.1375008857348088,0.10254601014929714
0.1058071787186123,0.1186338648011308,0.10983001572440332,0.11952099708777646,0.12693491069506,0.10571531207648262,0.10201428838985875,0.04181785556713504,0.16972557693954082
0.10782290907012514,0.1017410797177355,0.11377024544418408,0.11943207435495855,0.13519898799701793,0.12490218783878704,0.11007198837404501,0.04989178031348088,0.13716874688966593
0.10070544634836331,0.10438267146431097,0.11295090041097496,0.11909807500177634,0.06300304726352622,0.1255058439727548,0.10860502418316582,0.12544625202037774,0.14030273933474982
0.0905664204789212,0.0981860401780827,0.13481215827071036,0.13088090706798403,0.12307936990297146,0.15929037588659786,0.10597651416220406,0.08183131867248376,0.07537689538004459
0.06968049129286717,0.0999128136608573,0.1189698303627789,0.10013259048756802,0.17571351671920898,0.12325543392109928,0.11025948219111847,0.08211848024734765,0.1199573611171542
0.08658327648197235,0.154459511185751,0.12568182860384783,0.10522941794515932,0.08110196587232511,0.11960887820888759,0.13930978638331068,0.0800175406667485,0.10800779465199761
0.0717053083735645,0.07371696505117087,0.10469041720695409,0.09986628663078924,0.05907543176837682,0.08552000302728557,0.09019597844630271,0.21021790697120032,0.20501170252435588
0.09072677171140796,0.10938777106152497,0.13655094093430317,0.10053971150352285,0.0724553305821176,0.11404058152498019,0.1189987577568055,0.12815861277485427,0.12914152215048347
0.0506551379942293,0.08901196454104587,0.14924438673714402,0.121742523984342,0.10996779562671982,0.08676727910222164,0.10362290160709964,0.09983438690690627,0.18915362350029144
0.06409861230290127,0.07920193255379371,0.10264404250158708,0.11656187719249561,0.1396174047766794,0.11703237064620302,0.1252891433975339,0.13853798624107452,0.11701663038773143
0.13842707612706615,0.11357023792619765,0.13416260010613357,0.11850291292697605,0.0910283026000689,0.12456382732245204,0.12849734214756658,0.06620082185789296,0.08504687898564606
0.06273048761925111,0.10811135643477866,0.15169047335973432,0.11341936055970252,0.08689834839815784,0.120235101313189,0.1159416211247335,0.08951060100017055,0.15146265019028246
0.0657776039270546,0.09709349280280094,0.12305079194617363,0.12553846289949036,0.18061637986812387,0.09262642750943023,0.12026653744539421,0.07950987163176494,0.11552043196976718
0.11276210809283971,0.13420168502899993,0.09527444497832759,0.11368954697737658,0.07186696050745851,0.13658855136056,0.08899280731850327,0.12569223032402962,0.1209316654119048
0.1869618104050549,0.10311896687841933,0.1032439086805414,0.10316885204462835,0.11280307211891998,0.11457969855824846,0.1171969140000524,0.05348944982981841,0.10543732748431668
0.04605686644703851,0.08440373826892927,0.13983904098604097,0.09074565318810979,0.11624540764817021,0.10982294591825086,0.11016478789598154,0.19087948982460465,0.11184206982287424
0.06413842514438818,0.09302837068607665,0.15296391209767843,0.12758902294751776,0.174108113182456,0.11347592894655907,0.10713699228917527,0.05928405106864645,0.10827518363750227
0.07384371534719447,0.09670962198535049,0.11427312410331647,0.11529978363189218,0.05884978402916174,0.11242233940781304,0.14846935869399938,0.1919241042821378,0.08820816851913442
0.1400027274554845,0.10271636637185781,0.10787715294279382,0.10619914474568844,0.11376863935324806,0.11894154964894599,0.09885692799541786,0.06493020271193438,0.14670728877462913
0.0895984041475746,0.09562169610885118,0.11536089793952924,0.0961613147657171,0.1443752666794075,0.14053179604319588,0.09178876168199812,0.07526409766951186,0.15129776496421446
0.05913047654873988,0.12938469458236673,0.11621881911024573,0.1163409386533215,0.109421926926439,0.1328738020991949,0.10689653669046902,0.09280780173990566,0.1369250036493176
0.07745933254247182,0.1685684604367442,0.12920899446293224,0.09309028851046856,0.06868592430986938,0.10561664764561368,0.14513368881312144,0.09217261936085293,0.12006404391792576
0.08507089982855183,0.14732955377431484,0.12605871930661494,0.13293096303276475,0.091614299685992,0.13830514259277246,0.11586551277648893,0.07140183563350742,0.09142307336899284
0.0927180635479582,0.1062883568135858,0.1258692584104071,0.12203645599273104,0.08721381799318738,0.1259352759840881,0.12864380410019724,0.09096542167844357,0.12032954547940165
0.08667252330947954,0.09719954135549551,0.11121150363410583,0.11697672733135944,0.15383358966635433,0.1042094814471284,0.09797295319964543,0.08564121098073219,0.14628246907569936
0.07175521205451307,0.10626975958372414,0.11049151450364654,0.1290265915789486,0.12554028444716434,0.10482338199501272,0.11827195463566124,0.1063183193280351,0.12750298187329423
0.08678889843894666,0.1120916765981891,0.14159434285127573,0.12151245197520875,0.08381979536603967,0.11255626038847334,0.12376767704399849,0.061734687475926225,0.1561342098619421
0.1528683976790627,0.10272128007574215,0.10342102627342438,0.09780124920967655,0.09416893991343084,0.12603446736187376,0.11657435791010219,0.07762186951810134,0.12878841205858607
0.11460189398136557,0.0880473273017563,0.12041164223427296,0.11387646767582364,0.09014244286927904,0.12786476670118252,0.11575473652403463,0.1288554595263541,0.10044526318593121
0.05410135507707716,0.16948751210281968,0.11498868119624561,0.12839042216701727,0.14037530134530551,0.08124450037395255,0.12211767966584704,0.05544903090625617,0.13384551716547907
0.08082229821972724,0.09438981326896312,0.12573869319192468,0.1102162652280771,0.13906580121567744,0.11939040575752231,0.12387414066015355,0.07117657228921677,0.13532601016873777
0.16779894852259167,0.07989019918617556,0.10113236359743506,0.09523104268908995,0.05761481794461335,0.08012213542441167,0.09460763554495055,0.1809138249474743,0.14268903214325787
0.11444993555589067,0.11423954636379711,0.12133963177124735,0.11006180194608235,0.08613743951692136,0.12605367457201866,0.11092421841788454,0.07714403672987141,0.13964971512628657
0.1794214276627614,0.1070979360565293,0.16097064404485736,0.11361832085551854,0.06232953997949412,0.11996319447342958,0.12987746548853893,0.06648349758047599,0.060237973858394765
0.15365849899357734,0.08956760565697046,0.1221661069342919,0.08119874076331988,0.10073423909447633,0.12158397317906999,0.09558826298584959,0.08376732009317046,0.15173525229927406
0.09829281752272918,0.10603977066668824,0.1042892488569049,0.10406280757634374,0.13514720807671404,0.11637209480419153,0.10721137731974868,0.08688704911843699,0.1416976260582426
0.10093080736134298,0.10294487481145848,0.12473081685660263,0.13449864147775015,0.07266383828587719,0.09080209342385868,0.09606764374363151,0.07909503249750169,0.19826625154197675
0.12126054851806344,0.12869013244321117,0.09589215317931027,0.1042306402394862,0.07264602522142706,0.10066843033872558,0.10611955758803214,0.09601105824606887,0.1744814542256753
0.22524242339315867,0.07703715578920964,0.08691013317143374,0.09817163454833494,0.18260371412767573,0.1009678039256116,0.09791273126264943,0.04806173395126246,0.08309266983066382
0.062352867357916175,0.13556437537438404,0.13272162737705379,0.11576465182548627,0.15359360666395352,0.12023179814957295,0.12560202853381167,0.03966434846848452,0.11450469624933705
0.09310897671605416,0.1411916583434447,0.081358765650115,0.11638240260004035,0.16968618691425444,0.11776703635358736,0.09084910961599124,0.07305422182234067,0.11660164198417204
0.10859893793127208,0.10738846924264132,0.1216666477398428,0.11943761884853106,0.0756668008219752,0.10517465734518244,0.15878198183470793,0.08563781182728042,0.1176470744085668
0.07718766737528913,0.11339494684256939,0.11810897482703797,0.11960263269652145,0.10519627707667246,0.10944913384439907,0.10672786292825676,0.09389830104128327,0.1564342033679705
0.13277889736291476,0.11018394626335787,0.11914134847992974,0.11099481849113195,0.08547579351162833,0.12138044518736725,0.11055299048942613,0.07158984212625225,0.1379019180879916
0.13076852677021,0.09814506113968524,0.14222353717652217,0.12159262238134798,0.06746540232254057,0.13139396942184525,0.10579021278784477,0.11721440753670381,0.0854062604633002
0.11287871981326918,0.08184994052830052,0.08379269346237006,0.09234000929048845,0.0669381696810486,0.11243222262413137,0.09416651295191396,0.1969011494520526,0.15870058219642522
0.1077587652103716,0.09462015169364231,0.1025834069100301,0.11479997098454586,0.08244738777822967,0.09734012711129432,0.08806655625216493,0.14620936053302439,0.1661742735266967
0.09495916484121279,0.12924664396787908,0.11861279589943151,0.11958965082315898,0.07540691622568212,0.13742002391257777,0.09544328422771477,0.09597998274849623,0.13334153735384677
0.16668012585302208,0.12242853171178425,0.09277457437029739,0.10822971219137566,0.09784020038915185,0.11562510360232103,0.10145783443581653,0.08933030543998959,0.10563361200624162
0.15673579054167674,0.08781285979489634,0.10275899936843148,0.12205686117102728,0.13001446585452905,0.10172417894305273,0.10711136467236275,0.05537616051170128,0.13640931914232235
0.048715673453369614,0.10125728784520514,0.1774757942599702,0.11260964980919981,0.07922061069217613,0.11950014630299045,0.12494324146163044,0.1429019350019466,0.09337566117351159
0.21504746698083,0.08459350475822358,0.09371782801953617,0.12449576356766061,0.060002706974008134,0.13060784113523016,0.07861294096938991,0.08277000733762525,0.1301519402574961
0.1123811460747949,0.09746810596455037,0.1279902525727197,0.1033086443884818,0.11866227035096015,0.12362429233674184,0.10797340172743108,0.06012395922159167,0.14846792736272849
0.15585150804262593,0.08125254204474547,0.10392630355860775,0.11485760587469758,0.06453049257568937,0.10090831859802472,0.11381663608437853,0.09232392919727,0.1725326640239607
0.059424028546646655,0.12673521148399894,0.1250161558908356,0.13392940243722298,0.1046712637969643,0.1293510844199075,0.12837420823143939,0.08046999658092274,0.11202864861206191
0.09348306358068598,0.12715923088436953,0.11427582364476442,0.10440757612670339,0.09680092354293142,0.12335286569458577,0.11812332407486459,0.08173648310808589,0.14066070934300906
0.05724524352973798,0.07207171928792523,0.10528127463441327,0.12439319674614961,0.2614252234895709,0.11195871101244548,0.09736949891192209,0.04870441922854749,0.12155071315928795
0.06268917343822264,0.10817993630101556,0.1853495747718086,0.15114158418067625,0.08000765560213702,0.13821964455545366,0.09353835240077928,0.0641884861682782,0.11668559258162879
0.10527514695219094,0.0938695567804959,0.13569227878541548,0.12315893717600661,0.08875441754284426,0.11838463992406241,0.12357728909424248,0.08690435093808939,0.1243833828066525
0.09684041601234206,0.12358443444088363,0.09812944509267979,0.09948476668468438,0.11489284894533523,0.09951041175311319,0.11469405462650444,0.09204871715206613,0.1608149052923911
0.16921676323619786,0.11326684549098433,0.120619097284649,0.11872261296928295,0.07362133694621613,0.11712953528482577,0.09718261617689335,0.06214991661884215,0.12809127599210843
0.09039091743908301,0.08596979116945536,0.11408107616111895,0.09476813739124139,0.08457042031538335,0.1072253147486048,0.13576559319141507,0.21250607145415,0.07472267812954801
0.08520689602510027,0.11713588303496247,0.1125846207921251,0.12258304954597844,0.10983122132776546,0.13214726467236917,0.13392764209727356,0.09658048343164789,0.09000293907277751
0.1884206690590988,0.14103454100562784,0.10876497271420098,0.10719141977771567,0.05585382540271405,0.1123221536434872,0.09847268840224299,0.0745311099002444,0.11340862009466797
0.20349063171795304,0.06588902373042206,0.08318832879491729,0.10653517501895869,0.0725689260935813,0.09063870113180594,0.0928242718386436,0.14120981305283897,0.14365512862087904
0.052097936638307286,0.1338608343059141,0.1262814955239492,0.12132254388875785,0.0792535396110025,0.10590565055409214,0.13294465367526517,0.1202012962752335,0.12813204952747823
0.09608196927682466,0.09930444139010458,0.12206137067999305,0.11918917873015049,0.149640075833828,0.11652527019688515,0.11481089484551055,0.05423810273975726,0.12814869630694625
0.08300347219887645,0.10028798400093693,0.10786152650929155,0.10643479078335404,0.11459677394594052,0.10943617439274211,0.10292818165021123,0.1602277099987338,0.11522338651991341
0.10842164372474002,0.11972616041317193,0.1306907827017261,0.11585922062450267,0.0727494515229525,0.11108943030979362,0.11411175918811112,0.10096424954801601,0.126387301966986
0.13404639407439115,0.08257017146547291,0.11927360778870122,0.1253460104160766,0.16207946278586308,0.11153494813154745,0.08989450345592952,0.05794839722848768,0.11730650465353039
0.21841404991329838,0.12147039212627635,0.08726069832276091,0.09932037071752853,0.06458077896974834,0.11919553726675898,0.07418060427137048,0.08769620761341929,0.1278813607988387
0.08197760501546553,0.0971741578841428,0.1382803270429492,0.12325496383023211,0.12978691244486593,0.11351996136846594,0.0956444361773372,0.0821149526206249,0.1382466836159164
0.08819567290842249,0.12693041019352191,0.09945525469058536,0.09924115292400783,0.12430957369447315,0.11620035212477275,0.12994621817871438,0.09849990017772599,0.11722146510777616
0.12396008247307803,0.10390919351335047,0.11625324634662042,0.10530475020216434,0.1042821648072746,0.11956343923885955,0.11083899741739034,0.05821323786584976,0.1576748881354125
0.1309357395547067,0.07772068279198545,0.08214667037818597,0.08760101054037162,0.18689758198476406,0.09501960768536959,0.0851337107280699,0.09345849184469535,0.16108650449185133
0.14358073577360772,0.11698384115728226,0.11797356679671082,0.10481759467701883,0.08163096599690371,0.12276624404475041,0.11663898172307176,0.05987638800745631,0.1357316818231982
0.12907829983600047,0.12897890744304066,0.11736968837588324,0.09954279175880747,0.10241372783494485,0.1378049328790564,0.12290831542172448,0.06085787489964187,0.10104546155090051
0.0862816969441577,0.09589740453491873,0.11466277149151642,0.11117582646487156,0.15144317568167476,0.12377653123849265,0.12161876188426372,0.0672978859577915,0.12784594580231295
0.08335518953151018,0.1072302871967759,0.11411393094259052,0.11761097165384667,0.11734318693424432,0.10869940528871432,0.11490429648413902,0.09124625026526285,0.1454964817029163
0.16062009975604855,0.09932956868023728,0.1289320884590106,0.10721684317930304,0.13587345573737908,0.12433357658563027,0.08940349910524237,0.03953916591952834,0.11475170257762052
0.15526831129569404,0.10148318566724528,0.10682599001609316,0.11279927237352928,0.07933591072547563,0.1115545154754304,0.11552298726399302,0.07334306348945964,0.14386676369307957
0.11279459703295831,0.1306056290608514,0.12682237285634124,0.11009641599748339,0.05847372927551355,0.11332815324694069,0.12366799398647495,0.09016518322691747,0.13404592531651896
0.11465491287217917,0.19207035339252201,0.09360800238641775,0.11999617317336793,0.11261713219711034,0.09810135836293503,0.10347440411941995,0.052317834226659095,0.11315982926938871
0.19287751073132473,0.0690945236825022,0.09873519830933947,0.10544577841167924,0.0780522655731606,0.10765036579463805,0.10924431468214413,0.14279908994092835,0.0961009528742832
0.18396336806378985,0.10428406203584976,0.11425633691698378,0.12169782703006764,0.08987634648643032,0.12818381410974208,0.09453174623831295,0.07048392523502614,0.0927225738837974
0.11734171804154092,0.09980155984838494,0.12024632312030205,0.11246089773140037,0.07977157604297946,0.11191558560381897,0.14632464553591065,0.08480372326339423,0.12733397081226847
0.1332955373478438,0.12927887106500716,0.12550448192268682,0.10480257858616009,0.0682890101128278,0.12494814769036378,0.12033252641857621,0.07237211562080438,0.12117673123573003
0.18781299135646146,0.08944992813852122,0.09885448475174863,0.10520772528815413,0.08626108033809048,0.10479682789981089,0.10666384639534175,0.0705600768109221,0.15039303902094933
0.1565553070633224,0.09938105696846171,0.1189827301404367,0.09794979296358798,0.056190703956927796,0.0797160239778212,0.11699481874917071,0.0779896583959842,0.19623990778428735
0.13508020506039073,0.09400102162941244,0.11818530062218058,0.10498404691592605,0.09660248641627071,0.12276863041319375,0.10253907613965717,0.0698317414250197,0.15600749137794878
0.15804492503078832,0.14454002746463013,0.0940624284652964,0.11380023951683277,0.16861836357250828,0.0947016279303269,0.09564744956708399,0.030534477632031154,0.10005046082050202
0.1463647951739048,0.11961412396106792,0.11227382071163121,0.12074806278827079,0.0872546920163509,0.1289416049761392,0.11943750552584088,0.07309120674810882,0.09227418809868541
0.051000454426458154,0.12017038894972858,0.0953936152379881,0.1272153981206997,0.18992482814765413,0.10164344433852163,0.06762334529867044,0.06816350371780593,0.17886502176247332
0.14901913174767914,0.10368837945242267,0.13654987850765607,0.11777617308833423,0.08157583056895008,0.13611929557521193,0.12325966609067618,0.06769558582418794,0.08431605914488167
0.08286328819801103,0.11378954359836885,0.11345161452922396,0.1142095666559287,0.08549441360323735,0.14263799204180339,0.10503034361650017,0.1373566063384039,0.10516663141852256
0.1533051257841893,0.10490578636068533,0.09863558176872418,0.10286794282169798,0.13030367836073273,0.11496537195282021,0.08388057683171973,0.06456658112630896,0.1465693549931216
0.06211647360582213,0.16984030435500097,0.10651859702219539,0.10660575416802,0.14286204829677387,0.12222229363876959,0.12936439141531866,0.06484765500389571,0.09562248249420369
