0.15348957700337137,0.09221074054873513,0.10769316402741602,0.1079575605963089,0.08425651681415543,0.08102840397293441,0.10345200787710183,0.1522612737716977,0.11765075538827918
0.13913445887176476,0.10721487484033942,0.08397880120661527,0.1295937170286747,0.11031579132025637,0.06683577136874243,0.10412671892651466,0.1359559615827394,0.12284390485435291
0.1487114125907418,0.11079427639701644,0.09555852286798298,0.10774167573218092,0.0964489019223342,0.06916513106213684,0.11981483752112021,0.1332426427397795,0.11852259916670704
0.09615201715933025,0.1220742042106786,0.11373401573205631,0.09080934536917794,0.11526860847272961,0.1516406263386709,0.09342915713384876,0.11365569726035622,0.10323632832315151
0.12162454347224899,0.1167697698251761,0.11725392384542078,0.1103786847728414,0.11211799042651309,0.09637421510474553,0.11543027009976044,0.09736004927077631,0.11269055318251732
0.15790331707300806,0.10233659754289624,0.09465667959114925,0.13421940324699458,0.10619896080272329,0.06728756807262769,0.11861953315636979,0.10008576291368952,0.11869217760054156
0.09557111238812843,0.11777085094539484,0.1234821384841378,0.14348033035598784,0.10003768354926075,0.09400561519002226,0.11983590584838187,0.10222505718588466,0.10359130605280155
0.0743883281113763,0.12062938565345789,0.09409724584310497,0.11326533695552443,0.1414544560969192,0.07421678885388035,0.12093437896539024,0.13307366533168946,0.1279404141886572
0.15018821710807595,0.10588777023047373,0.10691404252447102,0.10310619258530357,0.1565511815415774,0.057617660597412135,0.11275326590713135,0.08068704015678764,0.12629462934876717
0.1523414004940866,0.10471855797219819,0.12360694822552337,0.118607178555326,0.11608389753324118,0.07932122238182691,0.10439952127338015,0.08696001594242712,0.11396125762199046
0.131995993735507,0.1247957218993501,0.135797676982116,0.1111590146290876,0.11231452646441198,0.07598408087787327,0.11323726760333848,0.07548223356864892,0.11923348423966668
0.12307775049544867,0.11434117416253349,0.10985786267245985,0.1210738574933059,0.11188652420784269,0.0939013550228906,0.11249150433102639,0.1005956970703437,0.11277427454414868
0.09663702764672755,0.1280806541341866,0.10891096477747726,0.12057246673408673,0.11462108087899207,0.0814863279524441,0.11426138468265985,0.11556821532894057,0.11986187786448517
0.12107112323705173,0.10634113632341109,0.1290326987364989,0.0976473608782732,0.09946959382367127,0.10006173146265114,0.13468379756920731,0.10124040273656647,0.11045215523266895
0.12664437362550518,0.1077418456959623,0.13129660584209038,0.0941158254960141,0.1311595605906615,0.07139224512013613,0.15155703908448015,0.07630260277750743,0.10978990176764288
0.14478590023020463,0.11447558773741695,0.106119983955617,0.11441590803453332,0.12326776438471998,0.11196455099325707,0.10140952844345923,0.06565673916285582,0.11790403705793608
0.12641565147998055,0.11797294906724058,0.11443261584001348,0.11006236938929408,0.11489535340492589,0.10443366296302621,0.10281350912996934,0.10175275361771678,0.10722113510783315
0.11851694860755564,0.10987788165949425,0.14078700081761966,0.13155469030360298,0.10073417291848201,0.07053799961614997,0.10477898773722501,0.10694389507541929,0.11626842326445123
0.09669972180678206,0.11733512349813328,0.1276896144519347,0.13862887472227933,0.12319039703105228,0.0852659236673504,0.09888916968724054,0.10455214077130039,0.10774903436392703
0.0772701640619239,0.08880709196381176,0.16286939495914984,0.10122019896697282,0.1490198725731324,0.05908174320359758,0.1510139509612951,0.10190964624527603,0.10880793706484056
0.1119332449423247,0.11390013590633817,0.11633876898718719,0.10225666648789215,0.10788144276346463,0.12607451495744557,0.11580385158560906,0.10380039316407297,0.10201098120566547
0.12987220982644687,0.11717601671203787,0.09084721605054052,0.13263164785362624,0.10999265441510529,0.10224657755238237,0.10933408223723058,0.10191844280615452,0.10598115254647567
0.142127688030497,0.07942349996387306,0.09019487481073778,0.1207840404320349,0.11100347853298713,0.07779125163790727,0.09538495553654186,0.167854543335505,0.11543566771991594
0.1347856488326616,0.11845422760037484,0.09018506066994862,0.16015331700622704,0.11305680519478171,0.06937325673725749,0.0977278227150165,0.10074784308296338,0.11551601816076879
0.13333505429437686,0.08126870546333187,0.14453750761011527,0.1186704769891994,0.12846611514343592,0.07071099220850965,0.12955193095872145,0.08564665317022298,0.10781256416208657
0.12162454347224899,0.1167697698251761,0.11725392384542078,0.1103786847728414,0.11211799042651309,0.09637421510474553,0.11543027009976044,0.09736004927077631,0.11269055318251732
0.1236706373255387,0.11468221396415257,0.11248571983281896,0.11825896146266983,0.11620558031668865,0.09396501720611299,0.11331365581125337,0.09518657518025526,0.11223163890050965
0.12698637729381196,0.1295476783251257,0.10852660261452622,0.09311161578826917,0.05919050234843338,0.23702956191728042,0.0934155010132957,0.060098285628606564,0.09209387507065087
0.11027537448385473,0.11180147292337399,0.14254559167588549,0.09244363901654866,0.12723151332211982,0.09930330114607067,0.12482786035370246,0.07229767918343186,0.11927356789501235
0.12642543036989345,0.11672701839175757,0.10084049388361754,0.1052515972926733,0.12211019013144468,0.08705847816750663,0.10593137466181517,0.11939973964916428,0.11625567745212738
0.1353010889096974,0.10296256000966324,0.1430472324976587,0.1043751130871229,0.07377927335917582,0.14127221505801776,0.10508280641696838,0.08717944598360305,0.1070002646780928
0.11375477650060643,0.12093741930594348,0.11496204940444277,0.11267366010164555,0.09738623067854602,0.12864247092652198,0.11388561562214217,0.1002278259321786,0.0975299515279731
0.11263422824551106,0.09518294537012721,0.11909032215301478,0.11163550680159229,0.16418898191839984,0.05013965034312586,0.14263731084231218,0.08148170854699827,0.12300934577891849
0.16167990938335056,0.14713361487854462,0.10075390533699617,0.1148638536243573,0.10190270877240619,0.05972844097260945,0.12099321771484954,0.07365920045417389,0.11928514886271231
0.11331085054084415,0.11995400011339837,0.10455214534847114,0.1403010606518344,0.10818661043647532,0.11659002453600205,0.09050490176032637,0.11099903373893616,0.09560137287371202
0.11601267200318423,0.12661052732221212,0.1317398252584139,0.11258292178439283,0.09327858546963042,0.10917120713275703,0.11170441027566057,0.09156171766606865,0.1073381330876804
0.09014713374489351,0.10555482068674049,0.12420342203927574,0.15982223199771606,0.12164602387220336,0.07886367812673888,0.10599246976543074,0.1045379835859968,0.1092322361810044
0.1223271514995899,0.10660857485752682,0.13045250034121467,0.10634203699725797,0.10767575424372051,0.10847465452263816,0.10492834585762711,0.10239620370434994,0.11079477797607484
0.1246341078614147,0.09480710726811857,0.13223559185784287,0.10372717729057708,0.11144347416106494,0.09145692059903128,0.12839307938957045,0.10352089782614234,0.10978164374623778
0.11900656506983757,0.08903823913615565,0.12060183160687177,0.10346026803289565,0.11668724006104075,0.1061209478732631,0.12315943017184344,0.11362167173573506,0.10830380631235703
0.12463043542181547,0.11822182487171706,0.12342736715096447,0.10618874543421881,0.11640187486363851,0.08527290060444338,0.1286051894718857,0.08671097483859465,0.11054068734272193
0.11850921978099647,0.12320267215085075,0.09381596388331997,0.1151773440143914,0.12339825359032149,0.0782710895033817,0.13926892987767284,0.09545401677498265,0.11290251042408272
0.15841118187860367,0.1133411576181189,0.12739730699064958,0.13980471754865145,0.08905977338286653,0.06259438842598293,0.08875029254354605,0.11156713410323664,0.10907404750834422
0.11961491328519114,0.11713197017369996,0.11774914848288254,0.11004227271712658,0.11051158887502367,0.10599475671554026,0.1120111005095605,0.09650367643467178,0.1104405728063035
0.11620323775525325,0.12264036953389719,0.10495125550130775,0.10682333808678673,0.12359355754855134,0.08225376116980203,0.13467597278255422,0.09113464012361507,0.11772386749823234
0.14486340448611676,0.15326489986988456,0.06983147840693268,0.11293245829461494,0.08789567651016146,0.07093684105409152,0.13311917834390405,0.10431278768653063,0.12284327534776336
0.0854752941337961,0.1295904068933875,0.12926028969565242,0.1225014083186846,0.09921638843830533,0.09398736135657548,0.10498372947179124,0.11814963598783956,0.11683548570396779
0.12162454347224899,0.1167697698251761,0.11725392384542078,0.1103786847728414,0.11211799042651309,0.09637421510474553,0.11543027009976044,0.09736004927077631,0.11269055318251732
0.12052231631607625,0.11556464333224677,0.11862301870857249,0.11064388113727402,0.1130823768315911,0.10789091313031675,0.10694710448772386,0.09939687231722368,0.107328873738975
0.13987365485555756,0.10981897416348839,0.09211080484629908,0.10804164085589713,0.10015799809139127,0.1081772152984068,0.11685626594821275,0.109632736495896,0.115330709444851
0.1565945749959711,0.10222148013074213,0.13162193727236404,0.13195100578710223,0.06847059739585358,0.1650537581877661,0.07762354528805451,0.06852520995338492,0.09793789098876134
0.13173202044791554,0.11237514139956552,0.10638961669515774,0.11024490518925352,0.11674894987433082,0.08159685652087224,0.10990091344476116,0.1198136652758418,0.11119793115230164
0.07661897680288712,0.12828111219949678,0.07264674634021734,0.09413081993640733,0.11171233812438236,0.19557091372652716,0.08832537781084131,0.1366762643043317,0.09603745075490895
0.15450885358842398,0.12923280321015337,0.09678690928206694,0.10526135912005774,0.10934214419683291,0.08629811298329616,0.09504643356724551,0.10862453369897812,0.11489885035294528
0.14234901250731094,0.10953200233246448,0.11249584110244377,0.10418724078355046,0.1044530254792791,0.10979770059035143,0.10836028088431672,0.09746015899594103,0.11136473732434204
0.1262717094925951,0.10947869835973952,0.12560288828938948,0.10813418058646114,0.12238146448375575,0.08114448378150053,0.12177167404297935,0.08865559112649196,0.11655930983708712
0.11789310968633826,0.11770161743181716,0.11843116548422421,0.10925275067582625,0.10790304211799252,0.1015692384017391,0.11468243889308712,0.100389267661481,0.11217736964749443
0.12162454347224899,0.1167697698251761,0.11725392384542078,0.1103786847728414,0.11211799042651309,0.09637421510474553,0.11543027009976044,0.09736004927077631,0.11269055318251732
0.12162454347224899,0.1167697698251761,0.11725392384542078,0.1103786847728414,0.11211799042651309,0.09637421510474553,0.11543027009976044,0.09736004927077631,0.11269055318251732
0.13423937223280427,0.11506873589308343,0.10396895690204315,0.11150989669699114,0.11813127960285652,0.08909432504131316,0.10739471082215248,0.09795100887607143,0.12264171393268432
0.11706670699827804,0.08662609651363744,0.13575901157264011,0.08755256531919804,0.11204578974448337,0.1144584914738113,0.12819967133930768,0.11019881351032468,0.10809285352831936
0.12642543036989345,0.11672701839175757,0.10084049388361754,0.1052515972926733,0.12211019013144468,0.08705847816750663,0.10593137466181517,0.11939973964916428,0.11625567745212738
0.12627760698537313,0.13197783665023344,0.0927779006968239,0.15004872239522654,0.085921459963409,0.06834473231625367,0.10215892754458145,0.12070218484647106,0.12179062860162788
0.09915384586696023,0.08800415090116791,0.10463645478351247,0.13531768426476107,0.11847144270918004,0.096622808445338,0.11872293466791932,0.11942063385478517,0.11965004450637584
0.12320032280905256,0.10079676761424701,0.11645480801968607,0.11306339670097353,0.11200396168798415,0.12952577466856363,0.104008738038402,0.08813676489886062,0.11280946556223037
0.08489125630555261,0.11320980436424788,0.08993320345474158,0.1128515680752485,0.14242900019352214,0.06764582761815423,0.1255780500656957,0.14689482074477847,0.11656646917805884
0.15280952372936915,0.11966166525434131,0.1418012351226978,0.10232594769146965,0.10440866679106299,0.07017344148283593,0.10941487554156837,0.07983011222745355,0.11957453215920133
0.126221244234389,0.07482540666922706,0.11915093764434496,0.11171848050833866,0.09130039258801204,0.09146281715807923,0.12933828859881805,0.14412900789946584,0.11185342469932509
0.11581466402497292,0.11877174717275958,0.12718422097259272,0.13266592124683887,0.10787563306772452,0.08578713880044037,0.1030188862285194,0.1024439009594041,0.10643788752674753
0.10912671625058272,0.08607237378393391,0.1048486477782063,0.08089890137710133,0.12466447464069806,0.14798147868576758,0.13054251077250464,0.11208175789031412,0.1037831388208913
0.13278646837711003,0.09800352223894886,0.11240766934698465,0.10840697674802464,0.12209103801399268,0.12689004456873906,0.10988395435680198,0.0672677329053139,0.12226259344408426
0.14369176824777197,0.0628715235707968,0.13722831058476379,0.09761566191645826,0.1347163179021072,0.11726495394761699,0.11630591204734804,0.06928808955052647,0.12101746223261041
0.14996357178284092,0.10760390069662272,0.11425788633186025,0.11100303133130289,0.11279790116616491,0.09678135382470475,0.09772558791967732,0.09997023217488415,0.10989653477194207
0.11271171816020113,0.11684994085131876,0.12342217811646068,0.10414521683886835,0.13098547565343963,0.08259607633734933,0.13330715494218728,0.08097754381937443,0.11500469528080044
0.1103306244538929,0.11467246611246158,0.12731981375592852,0.1081558712569534,0.11857199371018189,0.09223115354650895,0.11959381135557835,0.09218378749990659,0.11694047830858782
0.12952955172445116,0.1155925964190219,0.12566481034040686,0.11912845116374604,0.11249615904629241,0.07894381502215277,0.10582714254726482,0.09853729026277928,0.11428018347388484
0.1551948353820888,0.09093546224820163,0.0685762633849454,0.09452128283429538,0.12507840085935998,0.08208828619488816,0.11646455982392763,0.15640499512757025,0.1107359141447228
0.09604240548064057,0.0979291222897391,0.14084460990471004,0.10927248325227552,0.11910310988293364,0.1080406012623063,0.10317166726539582,0.11300892643387771,0.11258707422812138
0.12666013678460933,0.10644853142970952,0.11744035075621966,0.10334147328421396,0.11431361775602573,0.11152147693045006,0.11253039855472934,0.09682997158061175,0.11091404292343061
0.15113834513595018,0.11524680199685093,0.1254318264062608,0.1093887556952089,0.09993531688807629,0.09701013675933652,0.1103554157840179,0.07661504596212021,0.11487835537217826
0.10224205250849593,0.11694844842379987,0.1270959360868346,0.10943592429184364,0.08697599364384828,0.0592242908638177,0.19896493652985311,0.09380326507670907,0.10530915257479774
0.11780163912647246,0.0785741801181918,0.14518969475781382,0.0996005609933423,0.12031184805451493,0.10061289557218127,0.11676303397828476,0.10336304283636373,0.11778310456283492
0.09361705093573865,0.10574333441940864,0.18977728705775557,0.09890656249219322,0.09705894508315797,0.08754168674156977,0.11129682817381255,0.08634116810962794,0.12971713698673557
0.1263670510714167,0.09586677285622748,0.10783673157517233,0.1176810287711811,0.11443837920123971,0.09743554240473251,0.127997220362265,0.10679947274753043,0.10557780101023474
0.10749977058659567,0.12208287061151941,0.09966181051683413,0.11775139768274691,0.11455823845402417,0.10384693953617659,0.11330934941083665,0.10844143794302208,0.11284818525824437
0.13010514826850814,0.12803853254405148,0.10757534336005847,0.12461429740212554,0.07268196015726132,0.07018976514944915,0.13765273426693894,0.11861821551758694,0.11052400333401997
0.16220176372489983,0.09937146755023829,0.10206849731193922,0.11411348506404544,0.10632883226807653,0.06758865255594228,0.11718199606586198,0.11054459065747772,0.12060071480151874
0.15792994660129642,0.12454759157968459,0.09176739918786436,0.13605550123768642,0.10026514329181054,0.05997830186806128,0.11627093640776415,0.09134712285236064,0.1218380569734715
0.13055054556593046,0.10886680714498742,0.12099984001180501,0.11766621697898433,0.10492163551422255,0.08898677420849736,0.11138024101744987,0.1054835981035606,0.11114434145456233
0.12491562326288881,0.11833704038821613,0.13065711733778776,0.11416395528623335,0.10540183325226042,0.10322634769129313,0.1046593480039117,0.08221101288982527,0.11642772188758344
0.1390541526038779,0.12026360860819096,0.08886026851306246,0.11996169655410467,0.10737642051939207,0.0666365204632824,0.12720339526062188,0.11626998793599173,0.11437394954147591
0.12279902067146257,0.12160150204769511,0.11097829644019674,0.1164837935715235,0.11195345400635281,0.09561736928938726,0.10147379258398596,0.10307345824102015,0.11601931314837587
0.12162454347224899,0.1167697698251761,0.11725392384542078,0.1103786847728414,0.11211799042651309,0.09637421510474553,0.11543027009976044,0.09736004927077631,0.11269055318251732
0.13024728379263972,0.09871254158554192,0.05763797303756201,0.12057157014521773,0.10635321806812231,0.10252883619892561,0.15136037900513344,0.10903318403034572,0.12355501413651153
0.12162454347224899,0.1167697698251761,0.11725392384542078,0.1103786847728414,0.11211799042651309,0.09637421510474553,0.11543027009976044,0.09736004927077631,0.11269055318251732
0.11633220092699374,0.08868854919606077,0.10292925703948168,0.13080888083845232,0.11341544405424442,0.07860172426114348,0.11063985538809835,0.15195214312018543,0.10663194517533982
0.125473060241586,0.13506819859614028,0.09026035074139212,0.11355329670415885,0.11136590188332889,0.10714938474173274,0.11458354351799656,0.08242022728502561,0.12012603628863887
0.0912752425572065,0.09929437180099554,0.12609600906864968,0.11327135912410304,0.1275471966487603,0.14258847716817893,0.09519223508239445,0.09658126297755953,0.10815384557215196
0.12865976836220075,0.1173711543892298,0.11129471457082289,0.109337210087315,0.11085563749655954,0.0996398285032451,0.1129190091418009,0.09827867145494235,0.11164400599388367
0.10299605510368648,0.1191819686882775,0.12336599649953794,0.13269701621976945,0.09565487680924713,0.10135654075616812,0.10845773505450307,0.11444297538094965,0.1018468354878607
0.1207509332491496,0.11542363878638014,0.12984711645529565,0.11214128142105506,0.11006307140526188,0.0910584433843646,0.10987884659718766,0.10216446286975,0.10867220583155535
0.10758658496071437,0.15474715040393214,0.06278743411865356,0.11221764963303109,0.0999614225410246,0.056848240653801986,0.13025426138857196,0.15562771298724945,0.11996954331302084
0.13797151070573774,0.1510930520640662,0.07916574590350729,0.12231623561025547,0.12927696329654007,0.06108900633651917,0.10867446054408608,0.07486107684340389,0.13555194869588405
0.07920977579986509,0.11456468413716181,0.12402937183831218,0.09839044793092672,0.131761157236959,0.09134848695860838,0.12781330548988568,0.11647074018034476,0.11641203042793656
0.13274789418234492,0.10717045576784782,0.17089195706241078,0.11620044978154138,0.10731307581243717,0.07300579173233611,0.10810895470506822,0.05667906219932075,0.12788235875669282
0.1186059554886031,0.11036199692879956,0.12721029417172816,0.09308686121759303,0.09535295084996816,0.1731098284036522,0.11201301565354894,0.06918791721715539,0.1010711800689515
0.13108954826395183,0.1129506433692809,0.09124324072993568,0.10747264750867791,0.10446154337843942,0.07180140898796684,0.15523618764136352,0.11264553498159346,0.11309924513879042
0.10299312200139447,0.10898219481674347,0.13553127644354082,0.128657101698691,0.13430470324567279,0.0865119729950915,0.10688946728730193,0.0919588353019145,0.10417132620964953
0.08266339877498051,0.09967677614358754,0.10786434427986746,0.13884049529381284,0.10889215077574525,0.07807487857751448,0.11330588935986134,0.1710423971793115,0.09963966961531905
0.08105455985970854,0.13566649620418592,0.11615516341059588,0.10447675113168071,0.13209886747602181,0.08936643721657506,0.10846018576547041,0.1107478496047327,0.12197368933102898
0.09243985899463297,0.09322409071471455,0.12641176484790137,0.12472221810092925,0.143208291169283,0.07902746483090549,0.12946976214545045,0.10091016898787171,0.11058638020831124
0.09287298808051253,0.09715418653384089,0.11357824955568034,0.15450771947442052,0.10496811850775445,0.09194410278345798,0.09602413183021492,0.13920560273058938,0.10974490050352892
0.12665315230819943,0.07408658477917802,0.1579434826824807,0.11074289579183437,0.12635158302167637,0.08739254322623957,0.11122434839702196,0.0878891405145998,0.11771626927876973
0.11630959387336916,0.0976037347126432,0.12784143592260477,0.12511090315850304,0.1253570643483719,0.07556130934130083,0.11796128282166561,0.09781795634017261,0.11643671948136895
0.09507327655989344,0.12523857988492815,0.09712768742768241,0.10265237944888013,0.16148753330616333,0.06374178817539843,0.12462430856953129,0.09068909241688011,0.13936535421064258
0.086243592456985,0.10027473076290767,0.10701363667349985,0.11713108028332779,0.10200543392045684,0.14698525905640356,0.1053843458664877,0.12004737873220057,0.11491454224773096
0.13108954826395183,0.1129506433692809,0.09124324072993568,0.10747264750867791,0.10446154337843942,0.07180140898796684,0.15523618764136352,0.11264553498159346,0.11309924513879042
0.06976699561184768,0.12453971266058124,0.11929613622261004,0.15195319493421733,0.12949108186958785,0.0724090729837272,0.10665527647750402,0.10924926096854172,0.11663926827138286
0.12359014830743185,0.11296269315610613,0.1253036469104293,0.10633200317616577,0.11287223058033806,0.10365843838758065,0.12029817167934842,0.0893999945005632,0.10558267330203668
0.12562799106477748,0.05716006464427286,0.1424937239482127,0.13521201087616183,0.19043685533078802,0.06244361051531882,0.11616539488598927,0.06822064468033952,0.10223970405413958
0.12603218273469755,0.11100699584008811,0.12046167213844024,0.11318551280709475,0.11262303810263978,0.09235556945426905,0.11734159880333983,0.0942461971664386,0.11274723295299206
0.13857335974691437,0.08236515154976709,0.12143898781271367,0.09815665066969124,0.12644729323362738,0.08205342034384196,0.1507124562448403,0.08327909339574639,0.11697358700285747
0.11428158341224524,0.11598181596094868,0.11699172474135662,0.12010616859980862,0.12000966665494968,0.08174886416511855,0.13240861507089774,0.09296255510908973,0.10550900628558503
0.09862137082100038,0.11626668308121844,0.10513462211718484,0.1290765146864405,0.12311808466524798,0.0740567337017468,0.10651858429402099,0.1289675451826318,0.11823986145050831
0.1268975265516498,0.13322923703254563,0.11278909021287808,0.11062575674562773,0.08414572114999715,0.0755021372442507,0.14617703407392013,0.10004001976655941,0.11059347722257135
0.1304429540391537,0.1443164382560563,0.09449696698863223,0.10681834500257226,0.08903938911838016,0.07844200281472752,0.1345038265216763,0.10904404302884117,0.11289603422996036
0.14529220138940038,0.10349757582506873,0.10627002347455194,0.11474668188580213,0.09611970092659687,0.06674449260948752,0.10353262819425284,0.14207196595579655,0.12172472973904308
0.1080977436606753,0.09513803496284541,0.11988167627185287,0.10906270008576048,0.13306997049322394,0.06571435069005699,0.13221241864641886,0.11681934882213396,0.1200037563670322
0.11338972847764774,0.12076525697018721,0.1250279358597388,0.11476315840096524,0.08692596657010328,0.0968156354193362,0.12114371856396533,0.1015992036585573,0.11956939607949896
0.07319598657519748,0.12294500618290456,0.15292985589953365,0.09752200625651951,0.12568607269049006,0.10091030132242844,0.12120010245425006,0.09320629847380263,0.11240437014487363
0.112017226218178,0.10124554759985734,0.121111382253475,0.12724965612663044,0.09716949998349513,0.10314735464399143,0.10592730736796226,0.11877571640203516,0.11335630940437523
0.14307164208636006,0.09939789422675031,0.09683780183751602,0.13587196109784483,0.10951373258320012,0.09682787812214028,0.10740335340734682,0.10593421609651565,0.10514152054232588
0.1268548692525089,0.10149715351802409,0.12556935013424292,0.16117362372127558,0.10521085145232591,0.07650082824898387,0.10292172215544033,0.08574576472522295,0.11452583679197542
0.14233786001304816,0.10384590364035395,0.12534656946127617,0.1129510766166847,0.11811865401185391,0.07743537138827486,0.12037492953291073,0.08907750096585104,0.11051213436974644
0.1106441288684271,0.11910558897657546,0.12463217865125294,0.11220755591202446,0.112384401388541,0.08866228668083072,0.11723446914670954,0.10533508952651849,0.10979430084912023
0.11205289717003276,0.08252802246878971,0.13312568154386953,0.09214947015342152,0.12665057451835168,0.14009977706700202,0.10765504259667735,0.0949785430900617,0.11075999139179364
0.12337875511560518,0.10710017880127803,0.1309108307061536,0.13292878672431566,0.1184285400432341,0.08268627597949509,0.10797017007169891,0.08547150308179426,0.11112495947642516
