0.09242978694422495,0.0763739313488835,0.10230750979888796,0.13790902123222823,0.11002127144539742,0.12798276602954697,0.12312016126921137,0.12139370764329314,0.10846184428832646
0.05869608114183286,0.10673121686428706,0.13734427904556143,0.11298264347847291,0.1181206154355895,0.12661934229990016,0.13521547856311103,0.097762012634029,0.10652833053721611
0.08284512834874544,0.10511360979783513,0.11033704827576789,0.12267160618118196,0.09715304862020792,0.11843601015519405,0.1160759548925454,0.1145842793600345,0.13278331436848775
0.08132250016226127,0.16289027265214082,0.07402858507920797,0.12279140194778532,0.08841839562026883,0.10572243180590842,0.10555681170300694,0.14900965722982487,0.1102599437995956
0.08080953562960445,0.10721107242560153,0.1287854424120696,0.10501343843884302,0.12475904872515646,0.1206076035554602,0.08458576390776001,0.1536441301563483,0.09458396474915637
0.08655755867036098,0.08758025959947481,0.08461200726319713,0.15029774273476568,0.12012084773432892,0.12367122467608993,0.11065452698812188,0.12175985286307463,0.114745979470586
0.09407641194780529,0.0994951591702737,0.09054227522562798,0.12965370410818214,0.10522645122798387,0.12183627680437233,0.12142077022615282,0.12877231718362472,0.10897663410597715
0.10016529811092878,0.0685070737654949,0.12038097837841073,0.10932107447074468,0.11976216113183118,0.12334469174115932,0.1099599147109917,0.11385697451839527,0.13470183317204334
0.08238085832337248,0.10047258732332642,0.08162545986734021,0.1400354821710971,0.1317069785511901,0.12550483868930373,0.11790242812947598,0.10138751304000404,0.11898385390489002
0.10241424696839808,0.06901331580754982,0.09656077083849979,0.12097183518849604,0.09490524307796948,0.13106445771046601,0.12117606551117632,0.14224389323958184,0.12165017165786264
0.08480941033907928,0.07920544563242866,0.12233006824546803,0.11643850861397316,0.11845957426166427,0.12021269892612176,0.12271380974614989,0.1162908457364188,0.1195396384986961
0.09643034799691212,0.10454922930963746,0.07277509250612722,0.12797897458046806,0.11834816050722191,0.12941510127981848,0.11653377314451764,0.12008076364640681,0.11388855702889032
0.06283121674366497,0.10377295495528716,0.07071897336736288,0.13770602424274192,0.11058170882789357,0.1299558726404769,0.12762967412054604,0.14113607083303223,0.11566750426899426
0.14116036911536867,0.09792167579263276,0.11182917293326232,0.12035333458460606,0.09215881948677229,0.11486310380067426,0.10265502573791889,0.11153756569193567,0.10752093285682911
0.08813813777536983,0.08424221011603743,0.10090582690674742,0.13360087464918582,0.08563502749299441,0.1322239575778374,0.13894811036330398,0.12575808806725255,0.110547767051271
0.10417013713706058,0.0878954817270396,0.09286573034484158,0.12911452635675144,0.1034156953691926,0.12275496879812246,0.12093256072549473,0.1300325878659679,0.10881831167552919
0.0796792576267807,0.09073926186162064,0.07754202643307952,0.1299131574196838,0.1029560831591756,0.1424528176841751,0.12814860838890293,0.1360564197644248,0.11251236766215689
0.11285861745259262,0.08822707350588173,0.126107623472195,0.12001795519679041,0.11433312426501725,0.10864627447213521,0.12420268796813076,0.08176973584985114,0.1238369078174059
0.10524433137078844,0.08186959427750716,0.08592578048013196,0.13340940338963525,0.10653468666961319,0.13368657969991424,0.11755675851994567,0.11456018336085422,0.12121268223160996
0.09029865599437413,0.11329009762001825,0.10094540577470712,0.10724986935655745,0.11118634896605595,0.11384436041493391,0.11304856393425851,0.14270371683197566,0.10743298110711907
0.10905933379509847,0.07775493753589399,0.10553906954212161,0.1307584964896241,0.10111476335144993,0.11770337650858942,0.11777494445023111,0.1288655646302155,0.11142951369677588
0.08358691173970532,0.10444951779605761,0.09800584461685392,0.13181057366556947,0.10434020077090793,0.13058434439974279,0.12474678276708333,0.11149814080482064,0.11097768343925897
0.0748463749158588,0.14626547986729116,0.05519431187296933,0.13361217596843267,0.11898217996809668,0.12853324101646826,0.1152287154645696,0.1021604419824274,0.1251770789438862
0.1033163449881468,0.08928247272362909,0.09760075124592256,0.12949205891088453,0.10638541487180438,0.12430169737498342,0.11807534056880033,0.11705382833047588,0.11449209098535308
0.046541532364356895,0.1254307305954581,0.04893253570402998,0.13383341252106137,0.11113113897681597,0.12125403768447642,0.11521859980112241,0.1841405139795409,0.11351749837313792
0.0954829643174494,0.09245456950939197,0.07177523036592258,0.11821302250782278,0.1179123188862501,0.12749120905079273,0.11271556382519256,0.15464499715526733,0.10931012438191055
0.12821476326845296,0.0921380055331555,0.08314157006785644,0.1277829750030114,0.08733235588357653,0.11510694847614754,0.11131022958752905,0.14973592791241144,0.1052372242678591
0.1196072431957414,0.08287313916532645,0.09563947040856313,0.12518243853692104,0.09947240738567519,0.11657952372011955,0.12450157735484557,0.1273412151912071,0.10880298504160053
0.08715444139086566,0.0880062234228509,0.08913634837058144,0.13805646813683115,0.106606574197748,0.11862727561486346,0.11619624368276295,0.1466104227405912,0.10960600244290523
0.08351035965342955,0.07768303457283,0.10396516748550877,0.13292279616847158,0.08977971632741848,0.12437395312382804,0.13337268943600253,0.13773808389342254,0.11665419933908845
0.07523898380666726,0.07224462476470062,0.10444982004025771,0.132614393838783,0.1202909402390485,0.13441823363688535,0.11849402632383776,0.12280864385442818,0.11944033349539163
0.09350347119147129,0.08716385910586406,0.0941854995078914,0.12653865489696783,0.10809234801352262,0.12372005317278274,0.12250450175695123,0.12693142507610786,0.11736018727844096
0.1047690061703392,0.07909733523279527,0.10435792566544128,0.1252925705790225,0.10110551404736978,0.1203362801212051,0.1347354896007248,0.1100564950439633,0.12024938353913874
0.10272676956032305,0.08212265756449036,0.10921699486617203,0.1257015932342778,0.1176690926705457,0.1282039814940558,0.11889578729058554,0.09855900442392841,0.1169041188956214
0.1516566827667353,0.09282650423211304,0.09136238510200963,0.13216013358057763,0.10732221234177146,0.11493610694058766,0.10864685288045568,0.09136203246444784,0.10972708969130189
0.06647659447505765,0.13075052510923377,0.10211081824794899,0.11737831908244456,0.11039634917387613,0.12348894623090667,0.12613683948360074,0.11435333879332539,0.10890826940360611
0.09532965123054549,0.09574338195923864,0.0961900530291195,0.13142838127095835,0.0987878739270845,0.1242020772825384,0.11081013266202004,0.12982162949608383,0.1176868191424113
0.16503490609888108,0.07742216642982856,0.08420031385794165,0.11576392197466219,0.09264082244805477,0.12474234755406799,0.10458020441782391,0.1350156275541893,0.1005996896645505
0.17306028110238844,0.08716938929720448,0.07926326181619883,0.11058672519179814,0.12070472919905177,0.11490370839993642,0.09844543867094747,0.11376789966001459,0.10209856666245985
0.09674271625540128,0.09951480806836129,0.09162616918644488,0.12590652619675594,0.10848485685212646,0.11917839750756237,0.12254470472002656,0.13232391613827643,0.10367790507504482
0.08908335995052656,0.08346081231132962,0.0995076497820281,0.11098131217394673,0.10829834109744037,0.10923585156644876,0.12491183328264026,0.15396968891765095,0.12055115091798853
0.09525610063876126,0.08381980401176614,0.09466261684710298,0.13238615519915323,0.11033410359043132,0.12618565931379147,0.12380771413276381,0.12193535600456269,0.1116124902616671
0.0949533042075783,0.10407332470658116,0.12072388124991706,0.10790806844734037,0.08346384903018489,0.11653168656178987,0.11576746308904656,0.14422011861108414,0.11235830409647762
0.11660201477841425,0.12470635553889246,0.10666918798043744,0.11292562027528626,0.09374286751693182,0.12353572066000974,0.11539360865314857,0.10593619231825054,0.10048843227862891
0.08112125401306046,0.0726885075941804,0.12916120525781308,0.10894367880615302,0.17776569164855605,0.13299994621261982,0.09727425841226789,0.0769366021179795,0.12310885593736975
0.06157763934935998,0.12888070014475994,0.11031094821704153,0.12286612199353708,0.10344011345187402,0.12280282000559894,0.13316244806876087,0.11238142125664781,0.10457778751241979
0.07457920589771641,0.07509457511658767,0.11684961149640512,0.1305801577960784,0.11989492701266737,0.12587399708999394,0.1312585907466468,0.12773288558528093,0.09813604925862335
0.13826887454885814,0.07972144558044446,0.04927055286537655,0.1195452619461228,0.1412958890130696,0.11621060803810473,0.10388320893430254,0.12535642962794158,0.12644772944577956
0.10425879185992752,0.10720532710317406,0.12708749290739213,0.1044387609620933,0.07747349154182241,0.11647343299432626,0.10909789297511774,0.15892287673389682,0.09504193292224976
0.08747570151323765,0.09478706956490092,0.07719556885491057,0.12154906620225141,0.1126540463582667,0.12816104348653318,0.1335524164226697,0.12524270602885287,0.11938238156837694
0.06671996467478365,0.15354825634919225,0.1328460382588453,0.13533310813015872,0.0956123831585981,0.10798685128423591,0.12346563184982313,0.07672227526531479,0.10776549102904813
0.15249346461441196,0.06933543980166416,0.09530043325880995,0.11633623892635876,0.11117104931223981,0.11690667920780307,0.10766525502793328,0.11303440368057911,0.11775703617019984
0.08657466177846851,0.14007947599331316,0.08880224605632753,0.12140053593238566,0.08431996775499016,0.12372173928418372,0.1432745931971517,0.11146886349731457,0.10035791650586501
0.08588896663473973,0.1290041922893145,0.09817229507066201,0.1203244525283934,0.10903613750547499,0.1151078533518287,0.11275537621515093,0.1243558866886469,0.10535483971578874
0.07706362792103577,0.12579817811094363,0.12235935563343747,0.1120002692234502,0.11593842772291352,0.11241335672223829,0.11277465066438093,0.12341171436625505,0.09824041963534508
0.07850262650435975,0.10283732015640183,0.07508506186614029,0.13450950083502622,0.10988700264013906,0.12946685783823356,0.11816087081533955,0.1374419387124523,0.11410882063190736
0.09601908203351495,0.0822866923594187,0.08950016859673632,0.12838293541132362,0.11501620722795579,0.12291019927052411,0.1281049774340439,0.12265290457694888,0.11512683308953371
0.2039588375645096,0.09200863638586858,0.10528388697410591,0.11301920463759758,0.08194568608804002,0.10225505403757695,0.10188592750269898,0.12784359129276454,0.0717991755168378
0.1000161291336845,0.06611844550838351,0.07771834475295557,0.15162207771435093,0.11750039122306029,0.12962786667787332,0.11734828438836431,0.12574796908349656,0.11430049151783093
0.08513188490036239,0.13483117776832385,0.09111792647463356,0.11192348408355486,0.10025690666576596,0.10432543516484875,0.12431661891446277,0.1592576309847568,0.08883893504329109
0.10154173527601208,0.08287011691527604,0.11320634833838628,0.10637236052203576,0.09350265624411046,0.11659826884885784,0.1158730257493875,0.15877891744108433,0.11125657066484972
0.10852505903449587,0.09326517600788274,0.10053644962383264,0.12799203176741916,0.11369253150362614,0.129591896979846,0.11478353740520415,0.09311398946038481,0.1184993282173085
0.09016972706327435,0.09779743895337535,0.1064480962124323,0.11280715782609563,0.11209464407106885,0.1135828694664787,0.1164311558551104,0.14304137199735237,0.10762753855481211
0.12185208199809043,0.07507291219578362,0.08572105526252057,0.11474172736616589,0.12147487441180473,0.11397522938970767,0.12116457961070037,0.13896378350226013,0.10703375626296661
0.10991940867753941,0.07704962852462512,0.09952453594487483,0.11255559074006634,0.11534253528792475,0.11128730915429014,0.12146507935679869,0.12345404637056101,0.1294018659433197
0.0767662321651809,0.10005449588193661,0.107713091318333,0.1326888561056496,0.1007057632238309,0.11727321276196245,0.1348206166860247,0.12328157225264509,0.10669615960443672
0.17681712142288575,0.08380347585184937,0.09324785773809514,0.11134451052986839,0.10058656852536595,0.11673426349777442,0.10314087440158061,0.12417802155617459,0.09014730647640574
0.08216230105490246,0.08941870796052703,0.0696701309344474,0.1368812897046958,0.11216062817579653,0.1255143085818254,0.13210606797876864,0.12740700307128638,0.12467956253775048
0.07926396221552527,0.07955028387534373,0.12458928103733441,0.1222632560173544,0.10756301196806013,0.12596826123034377,0.13142984762441381,0.10088333540035059,0.1284887606312739
0.09692479937268751,0.07639181801318472,0.09077391188213929,0.13507454211485978,0.09447775227779753,0.11514972717614906,0.12028661353881877,0.14964648066645306,0.12127435495791028
0.11042974499705256,0.09188297167674674,0.09924000367108625,0.1284494819477408,0.11111803859301457,0.11979813710588878,0.10988131683430206,0.11778433511635976,0.11141597005780851
0.10601969213549621,0.09631236739830316,0.1004028957122252,0.126360688775659,0.10720419734450314,0.12499162878473052,0.1115161156329476,0.11243421388215581,0.11475820033397936
0.13866153888008734,0.07906826428337234,0.08185311305404991,0.11832623939355998,0.09586150261635264,0.1181349523845654,0.11424185099599315,0.1451649718616842,0.10868756653033511
0.12739494318875952,0.07930532575940774,0.10782245039388531,0.12380434841530182,0.10587353179045685,0.12894487409952862,0.11404484227454288,0.09637826991832947,0.11643141415978779
0.0908401587575605,0.12230853553445696,0.14536037251153583,0.11694963790291486,0.09881955894357448,0.11505206187637002,0.10781653777622535,0.09071954125927269,0.1121335954380893
0.09796416039604637,0.08404561521988145,0.0868129960367016,0.13308348566904274,0.09702413661205118,0.12802890635245354,0.1236049800282779,0.13849892403363875,0.11093679565190649
0.15183882337811808,0.08367130906690735,0.09055036275150626,0.11499749447638791,0.12149759959604567,0.11780647692075867,0.11814083302272431,0.10043852153858174,0.10105857924897005
0.09482235471368167,0.09640364518352292,0.0930620576120077,0.1294662638970794,0.10383299122317309,0.12328041839905442,0.12099675539418085,0.12859228330458997,0.10954323027270992
0.14281681701861615,0.08436485210056992,0.09193157635470922,0.10056365706046845,0.09182477320485921,0.1057068548746114,0.10279832652242564,0.16633135535062993,0.11366178751311011
0.11429558145626767,0.09384384513584143,0.11181002548449638,0.13795289458063267,0.10904225837048688,0.1252052910436072,0.10906729388106973,0.08822244593447302,0.11056036411312505
0.0729145331874724,0.07409586872307673,0.16522151582949351,0.11284079422354161,0.08813645083865494,0.12930434533476717,0.11719815658021464,0.1145986284309141,0.12568970685186487
0.0716963729409406,0.09763691572454247,0.11735828623850018,0.12468432161651437,0.07537132356599535,0.12353166289007793,0.12972354985166645,0.13233382931713625,0.1276637378546264
0.09299226581327012,0.08432759380787656,0.09989272002742051,0.12275847976355664,0.11224186108436122,0.13430363120916886,0.121208777063628,0.11343987634536375,0.11883479488535431
0.15009281702104468,0.09345785290250154,0.10181512780403389,0.12214316940967822,0.11075264552123139,0.11008002146715477,0.10909675457779548,0.10480635910376912,0.09775525219279095
0.08468015863932865,0.09687001849017672,0.08835083646703827,0.13672242298740744,0.10092107507642227,0.12389475310181854,0.13605226731875517,0.12261160264134985,0.1098968652777031
0.1284591924328573,0.10258262283968174,0.10443261455737367,0.11885127306673932,0.10172641768711792,0.11730873320014817,0.10334471800634519,0.11281825943991929,0.11047616876981753
0.07474978010780782,0.08479392960050547,0.09687368121800478,0.12478855026466379,0.10390688623887064,0.12266804783404821,0.13751759829143564,0.14275725459518784,0.11194427184947582
0.09784878124046736,0.08861823095003506,0.09621715635551199,0.1243604545163759,0.10468778380423056,0.12049735379791236,0.11776393442198145,0.13941260560295135,0.11059369931053391
0.09627476813326213,0.12948077812058842,0.08864253324572834,0.1277190298718537,0.0955382426121022,0.10869076529460503,0.13125724777576508,0.12306810036782523,0.09932853457826989
0.08258406480728042,0.07836760793879957,0.0876266024244836,0.12827015371858774,0.1334363320208681,0.12726258092225803,0.13997881964257872,0.10908133901981275,0.11339249950533108
0.09693905451496913,0.08653786585768848,0.11040328900546333,0.1277301473886323,0.09601345488685575,0.12407138547695688,0.12071290112257044,0.1255419385801734,0.11204996316669034
0.10087317708521414,0.08518163781243764,0.09192423881744605,0.12952785835494904,0.10253266259616467,0.12533591818130072,0.12108582054075279,0.13107416531853336,0.11246452129320156
0.08883867213730068,0.07955542804759776,0.09218120710955852,0.1325986198684226,0.10830462218304805,0.13478903553638882,0.10201596076498254,0.13002786139862552,0.13168859295407553
0.1614647716061943,0.09131562290607836,0.10653576484652853,0.11580341967869079,0.10478365879946812,0.11595762328463362,0.10246594404634735,0.1043514583601657,0.09732173647189334
0.10645519948407599,0.08882520999997474,0.10146140713644398,0.1275797317671715,0.12299150449323444,0.12062972380918462,0.11240046469900429,0.10134045017534503,0.11831630843556538
0.09200082670752717,0.09654511503393193,0.10094685377236105,0.12816663067079498,0.09991707150353324,0.12079436098650516,0.12418208800735009,0.12386363810361568,0.11358341521438069
0.08026671407394835,0.07779028064209238,0.08892924786034449,0.12477744637094397,0.08553481726633445,0.12403673806604217,0.13432283009767257,0.16705211823694702,0.11728980738567463
0.0982529003511473,0.09342923197007884,0.10273415011115215,0.13641100731650002,0.10421498428635197,0.1254790651486414,0.12051395868150128,0.10635329216097172,0.11261140997365532
0.0965101988117878,0.08834767675859782,0.09216863661589325,0.1305088990851907,0.1046146723855494,0.12471832491766593,0.12366050590302469,0.12891425918121288,0.11055682634107748
0.11425736166584843,0.08329964241117081,0.0965276804602004,0.1135615800651885,0.10614062471935974,0.1344220153808017,0.1320938657115216,0.10540156357538304,0.11429566601052583
0.11190370716138438,0.07790218354904775,0.08309414353574429,0.12990552425956917,0.10925601937767855,0.12587450363552155,0.12310001045249552,0.1358209821230928,0.10314292590546607
0.11159157742219512,0.07527536392895065,0.09637738163253484,0.13828876002260382,0.09993791906080245,0.12834518112767787,0.1177034510944534,0.11423521464973814,0.11824515106104365
0.08522080260077934,0.09797392101928652,0.10022998483781649,0.12063189992955418,0.11390364831744178,0.12896145260542843,0.11615278746579172,0.11412031740984595,0.12280518581405571
0.09347935951926083,0.08807975640064619,0.12065475115174869,0.11699728861429347,0.0989490343764617,0.10451024727172202,0.11993074839139457,0.13758779324670786,0.11981102102776468
0.07431967994733461,0.08342511397299095,0.06770078221725641,0.12029190564130575,0.09415138727648176,0.12657084310365072,0.11117432122509137,0.2009305091816873,0.1214354574342012
0.10159652643703644,0.0787478045521174,0.1033391451855293,0.12823578344959585,0.09785088317659785,0.12119026449100923,0.13690025896850821,0.1208607535842745,0.11127858015533115
0.07106675885559488,0.15097285360016374,0.09521424269129529,0.12116896771278134,0.09698152914892806,0.12530120074523365,0.11367380399204209,0.11659415085866716,0.10902649239529376
0.0879330905220392,0.0821428144440906,0.09550480300301682,0.12761034142519934,0.12221511771662023,0.12667931924985879,0.12873062140208133,0.11205003346837139,0.11713385876872229
0.07623666419227845,0.10361763671165765,0.06421361111031837,0.1401335110594718,0.11328874050113162,0.1304921550376272,0.12472271210106563,0.13569910456264425,0.11159586472380495
0.13842734516880914,0.07316668040311598,0.13113220077718063,0.11230525462751377,0.11452848008221066,0.1226756318336023,0.10720683411904947,0.09805377636514767,0.10250379662337039
0.10011960845379168,0.08355845020761095,0.09467510349843156,0.12370991942156624,0.1143423716193418,0.12493100773983275,0.1266720960281281,0.11619911468326295,0.11579232834803399
0.08094126265310053,0.08001584068239496,0.10144022122419942,0.12871645638949192,0.1199125742575697,0.12762249759181785,0.13395012719354835,0.1133372106805981,0.11406380932727918
0.0756420454128293,0.08869438927294043,0.10283014708157646,0.14685328583230867,0.09568195316307483,0.12616778753333727,0.14066499913298883,0.11439462506188873,0.10907076750905548
0.09504789232622636,0.10860873840797979,0.09660938211597513,0.12553225031333712,0.09619001544615528,0.11121596564805185,0.1291155136089183,0.1404314182226936,0.09724882391066259
0.10814784109553964,0.10731964443033892,0.09688998653975606,0.12459398380845255,0.09854076460468608,0.11658640974457019,0.10689655553771689,0.13279837030130553,0.10822644393763409
0.08902015730529315,0.09152005750345167,0.08131880603962115,0.1346713066954083,0.11584335498350984,0.12413972153116977,0.13523038609384197,0.10766922438996973,0.12058698545773434
0.10776505170235391,0.12412573459967298,0.05445862212317872,0.13167529817695742,0.11806571375982462,0.12163707076056673,0.10592762018995057,0.1153343659149858,0.1210105227725093
0.09483149188054148,0.08606223950693093,0.08460342326254784,0.1303544500311135,0.10848638211819504,0.12494203618769495,0.1233253955205272,0.13603221826476575,0.11136236322768328
0.07933631175605661,0.09308335823872564,0.10154210566060744,0.13724322446900764,0.1100659664612569,0.12334281369027562,0.12080716094054929,0.12909369948887864,0.10548535929464224
0.0965101988117878,0.08834767675859782,0.09216863661589325,0.1305088990851907,0.1046146723855494,0.12471832491766593,0.12366050590302469,0.12891425918121288,0.11055682634107748
0.09190780248950702,0.17315474851821708,0.09641613716492115,0.09745447898220456,0.1213713319891273,0.10596076720454423,0.08864802181241209,0.1226549644168981,0.10243174742216847
0.11021137394386442,0.07428174218949489,0.09615413645618127,0.11577166071667222,0.11219513056970672,0.10752416091266209,0.10762899608332971,0.15950060887591258,0.11673219025217607
0.08084827809376743,0.12482360340034683,0.09416816507006705,0.12696962164500802,0.09599055739028302,0.11740901145851852,0.12688985763677763,0.12964509580590147,0.10325580949933
0.09447165700820646,0.09451599132029292,0.09324351260977154,0.13084984561621882,0.10917613886304874,0.12202202442813241,0.1211423081004019,0.12268121469156601,0.11189730736236116
0.09637403821365813,0.07974239914253274,0.086058562028003,0.1276038182442185,0.10545947216920858,0.1203206383973533,0.1219096757752271,0.15374329589525132,0.10878810013454744
0.09011904326834203,0.08336434064669458,0.1103375100250187,0.13052797107938577,0.10011418567164893,0.12541720990363392,0.13561612603222423,0.1086573506661878,0.11584626270686403
0.06615775373094607,0.11245171513401879,0.14901590672476617,0.09524851343759451,0.09877144222109778,0.1058596071629389,0.09692440084477262,0.17130289642637117,0.104267764317494
0.09920722194312302,0.10084855807947746,0.09320346536143194,0.13753299900637114,0.08967386252561443,0.11448348244959577,0.11706669211029824,0.1341930977338651,0.1137906207902229
0.12126994242526205,0.10335661274018242,0.09190132246421173,0.1149785650193338,0.10059390970270543,0.10699693581834047,0.11139656647982225,0.148761594038519,0.10074455131162274
0.09599914896054323,0.09555063311843374,0.0925915392218069,0.12609229851092493,0.10439849398294036,0.1250262657232267,0.11782349740934521,0.13376414183790886,0.10875398123487012
0.059560717238644055,0.11061986012631858,0.10601188473324785,0.1247267005268462,0.10108393308480905,0.131478985581633,0.1411188383344694,0.12257729487651452,0.10282178549751742
0.08645594504321757,0.08569087272594832,0.10233501107195876,0.10832416373173713,0.09827961191446037,0.11585199225557623,0.13000013441225652,0.16738613760704327,0.10567613123780188
0.08559807235877413,0.0804212515799208,0.07062389084438513,0.13155462096155027,0.13091926783324173,0.12887392979842324,0.12045993387644545,0.11329555050191482,0.13825348224534437
0.07503296875005706,0.1362998847820526,0.12338115261302783,0.13127669126538755,0.08896287145634989,0.11627843661973175,0.11518776271288939,0.10110015247292725,0.1124800793275767
0.07884580011758097,0.1852542961946481,0.07754185687578798,0.1186410363460993,0.11075251205747387,0.09516230776097374,0.11503021351101443,0.13285274259992272,0.08591923453649887
0.09630116890163642,0.10407959918423526,0.11592526733901552,0.12373261274147869,0.10637364142004598,0.12019663011781477,0.10893336687243976,0.11205766582809873,0.11240004759523482
0.1099560495111468,0.08352830814361416,0.13579758798565977,0.12406935221848596,0.10490553950833971,0.11346778243714828,0.10790393209639303,0.10572377919693561,0.11464766890227666
0.12570949462100556,0.08021574714702907,0.10240534981400323,0.12452670415587802,0.09030530540415745,0.12051993688420233,0.11490535802425879,0.1408023542676328,0.10060974968183277
0.09841662142765405,0.08417585077792054,0.0902018857335335,0.13805853208230934,0.10497995944840893,0.13049326718871387,0.11656750051530107,0.12426142647422782,0.11284495635193088
0.1306592341240095,0.09056945052168426,0.10456281750465363,0.12608746001931614,0.11009433358216954,0.12232147440227702,0.1210133196627422,0.08660231299973002,0.10808959718341764
0.09325811833572432,0.08421551128624666,0.09931760174239561,0.13099743018183754,0.10724786100442972,0.12722803879451108,0.13240889595985242,0.10905107912204286,0.11627546357295976
0.09140505451612728,0.07786650907292669,0.09022516706445294,0.1306226779688828,0.10773433886884848,0.12009871850398524,0.129596476183903,0.13423224506686082,0.11821881275401279
0.10220876956841192,0.10868961719627268,0.09029887507044755,0.12711790516020036,0.10453289864215644,0.12055926660440237,0.11500117912053943,0.12790230213696632,0.1036891865006029
0.13763376620024179,0.07295070896519264,0.07988511393310538,0.10088819763423185,0.13725962274763923,0.11615223299178667,0.1200634726102721,0.14364039091728925,0.09152649400024111
0.09299790288195968,0.08570201111531427,0.09482508467381275,0.13206406171916416,0.10107793435091268,0.12525344770964267,0.12555477534101664,0.1315246114185048,0.11100017078967235
0.12432709699271187,0.11530436728945803,0.09775740186820943,0.11633869455018596,0.07076828542742046,0.10363473404988564,0.12108948629019516,0.14669214904956385,0.10408778448236954
0.1099144728971293,0.10244853992057167,0.09799979387192137,0.12772203115097225,0.09637163442329132,0.11981561314376059,0.12473052893049073,0.12159556076419,0.09940182489767278
0.07510033477537102,0.09018258530779298,0.09611794501843436,0.12030995380529125,0.11623262932661615,0.12530233661074577,0.12273301851316476,0.14599979551163444,0.10802140113094931
0.10745432696577857,0.09151674789955111,0.08614731005869203,0.1262020028821195,0.11163318856771398,0.11703198016297651,0.12391118303434016,0.13480167970805895,0.10130158072076924
0.09221473443640237,0.07698954287472781,0.10111256707003267,0.12300593203418846,0.11534494365822749,0.12799268077424375,0.11605352361359722,0.12411579443414456,0.1231702811044356
0.06949147686102158,0.10762080305567717,0.09866898776345893,0.1272282136956814,0.1099310340973176,0.1281104991869059,0.13437888499103115,0.12067884504551317,0.10389125530339306
0.14641728206514326,0.06521324388187995,0.10605912070527361,0.11286015538463823,0.08347755412673774,0.12031243558802314,0.11245002359018831,0.15465902893636643,0.09855115572174944
0.13836488155255702,0.08585660599691385,0.07970750231609405,0.11782363912501166,0.11878398271157724,0.11246423589373826,0.1163833706753576,0.11457236087179008,0.11604342085696023
0.10309230227695994,0.08552812664049303,0.10035362110190711,0.12780893060227738,0.10181757148314774,0.12325030582725967,0.12163105080367152,0.1272828481657772,0.10923524309850637
0.1404862446262753,0.0912415036230587,0.07267083667117936,0.1369833339491578,0.08936929851753221,0.11833893261128499,0.11754250141356477,0.12543706027046375,0.10793028831748308
0.08883269706775777,0.10479970411438534,0.10103416898895225,0.12635701153195447,0.09347957233961945,0.11231213374844935,0.10127722083333236,0.1569039497726679,0.11500354160288107
0.08293478216536808,0.08988209891153866,0.0889676897873695,0.12961925157283163,0.10908785211473378,0.13406694819283893,0.11759636813952264,0.13524353172992087,0.11260147738587582
0.09714425862173524,0.10709530571998178,0.09748195334072622,0.12301820576060714,0.09013556326785861,0.12594768019648492,0.1265317306599851,0.13649432133272357,0.09615098109989738
0.1101661051651882,0.08831597764630361,0.10869731797944675,0.12646010146116818,0.10828195518033583,0.11942084619035327,0.11745628853281882,0.11130567695565623,0.1098957308887291
0.09815513174056935,0.10928258714105528,0.10097612498963147,0.12799886445082787,0.10003388240399126,0.12272986919202629,0.12634988567791636,0.10094142245811107,0.11353223194587096
0.10971955574175106,0.0862918153007909,0.0985045754373799,0.1262512109225884,0.10428635156908644,0.12104660068365736,0.12235341327993661,0.12277596726694463,0.10877050979786469
0.1596210539765777,0.07647023125715617,0.12541921585083946,0.11681948968164291,0.11424909437282743,0.12587861858690777,0.10617690248178989,0.06255155441539036,0.11281383937686836
0.08474098060875489,0.07803312262374656,0.11039977509118548,0.10818972105144138,0.10540564180242207,0.11872290972329864,0.11639000981984544,0.154448814812854,0.12366902446645149
0.10417808262434898,0.07897315190354771,0.12089264535454193,0.12849152614155201,0.09891530771427348,0.12351111105959171,0.11094356988095788,0.1088612243955936,0.1252333809255927
0.11090674268659907,0.08281174023530573,0.08791077578360389,0.1238304571375012,0.10961993853125039,0.11365336984211194,0.11667931694021648,0.14028311510121724,0.11430454374219408
0.08995816580700888,0.09948003078965477,0.10077289015870029,0.13192264884005112,0.09439406982412075,0.11639233484924515,0.11039634015010764,0.14219345416102971,0.11449006542008167
0.1024429581688218,0.07971230853462744,0.09110334940814868,0.1259919361084578,0.12549651428060793,0.12192797119350494,0.11052251409544202,0.12565757367050212,0.11714487453988735
0.09936483055863167,0.08223274142537228,0.09311381558127069,0.13347712645053073,0.10819104783486883,0.13216593597034096,0.10970677263763871,0.12394003880554376,0.1178076907358025
0.07336248214847334,0.10535226533610326,0.09145305928287291,0.1249694906598083,0.11785932608968579,0.11860829872523819,0.12468443483292008,0.13331038673330994,0.11040025619158829
0.15435312963177852,0.08877672646941222,0.08374110400594466,0.11062681834933345,0.10575177597825365,0.1186106124703215,0.10337490785481936,0.1376031682943303,0.0971617569458063
