0.11693647199023109,0.06701260486530095,0.1166541785729815,0.12472313291636146,0.13396166142226348,0.09551636822035943,0.1400274955047707,0.13129354716155636,0.07387453934617501
0.13667039403147574,0.09515388759689127,0.13177078011883514,0.11062274886754082,0.08791172378330492,0.1230019552356344,0.14170367690647404,0.0876646920545553,0.08550014140528843
0.11928065554636975,0.06990064784910757,0.12537444937527084,0.14674406297414203,0.09152057942052706,0.11284816196810128,0.12838386593542636,0.10269086395395992,0.1032567129770952
0.1487907606650242,0.08167749061863498,0.12058853283301026,0.127255753048066,0.12038717076210342,0.10205867728714742,0.10666466760770899,0.1253187257085655,0.06725822146973921
0.13692577857487598,0.10020833254235488,0.11925492838768888,0.11680111024785907,0.13146603569853985,0.119274567801863,0.12809728280726537,0.088133277643773,0.05983868629577996
0.1206919135270366,0.09616513273986678,0.12009402829878846,0.10762273663000342,0.12655768308480156,0.117521062546101,0.14044305048200204,0.10845395496132015,0.06245043773007989
0.1415133670358324,0.0711254928811109,0.12386866518284391,0.11204837666632887,0.10796572522971927,0.11290131420763537,0.12329049299697752,0.12691581068727814,0.08037075511227355
0.12681044675161102,0.08128750487846456,0.1248389012432637,0.11000196910399855,0.11498780957966433,0.11875177355106549,0.15067419489181308,0.1010211070477699,0.07162629295234939
0.14225318320530708,0.088664007919201,0.11796008595152059,0.1040088639668618,0.14378278302981684,0.1124187593832467,0.14031284626273935,0.08460792902156435,0.06599154125974226
0.13019214440279536,0.07478629980755128,0.11475006698510705,0.11371841265716465,0.138240096310701,0.1048058480256203,0.13794782301508074,0.09715284952410073,0.0884064592718789
0.1362721829540183,0.08775102046215132,0.1256793528491062,0.10810966944636592,0.12160326920779295,0.13174606871621597,0.11736125365202858,0.1158020298568863,0.05567515285543443
0.14805672470558726,0.09835415435977318,0.11533058179401556,0.12364452851903207,0.08798015643774604,0.11407418928147033,0.11691727533281963,0.11499006586538414,0.08065232370417179
0.13464654159973607,0.10544454834900034,0.11126583522360044,0.12099007227295133,0.09964908528231207,0.10917947998582535,0.14133617659137165,0.1102948827377178,0.06719337795748498
0.13843524500098348,0.08507639965064694,0.11664171590441862,0.11175251218014128,0.09148229582507662,0.1255530107940428,0.14568841523742493,0.09126985684279858,0.0941005485644668
0.08518239476451178,0.15583469035556274,0.11603992306400435,0.10980277856647404,0.10684549508654602,0.12144969378468384,0.12748533846584137,0.11661557135799128,0.06074411455438456
0.11991128148804488,0.08197439024525822,0.12849768701290687,0.12168525399693812,0.11956727754386055,0.12383274076236243,0.14110608584705575,0.09281984696710671,0.07060543613646643
0.10983380204138793,0.09670455768998931,0.12730569136703065,0.09101626580424693,0.073942872094214,0.12414310473650836,0.10755726174553815,0.17952761634232553,0.08996882817875917
0.14172024904393413,0.1397996051482962,0.10963637913338668,0.13262957253843707,0.07002280350005731,0.1160398955948128,0.12636350274294428,0.07450485648011891,0.08928313581801263
0.14842819490176784,0.0877409327944006,0.12147308671904959,0.10140641182137315,0.1501330144331081,0.09857261581301695,0.1372415029970795,0.07573697677119062,0.07926726374901373
0.13944183316443304,0.06614138775441299,0.1265178647809495,0.09883013568440535,0.10357753813431268,0.14171576931313123,0.1449370249770449,0.12480547607687321,0.05403297011443691
0.1212035564475318,0.09525106905808761,0.1272940445326374,0.10495904067936046,0.09252713324371144,0.1148916904323422,0.12398249224786788,0.14161342565066856,0.07827754770779259
0.11321045129898995,0.07047711255233298,0.09806386017606435,0.12594590650538537,0.08387180244768383,0.10190953840788979,0.1071693949485734,0.1734618525274472,0.12589008113563305
0.12722901392525374,0.11425791457669272,0.12153815483433983,0.09467717620356841,0.131895715685139,0.12836248828269994,0.1266804769194762,0.09339335929320321,0.06196570027962691
0.13928932727613444,0.10465636570586205,0.12210421165712199,0.0805277707112249,0.09201038367277792,0.12543420174703188,0.13870511905498895,0.12690549087093192,0.07036712930392587
0.11130669514392087,0.16278506500170586,0.10874389078941371,0.10579915865383006,0.06106412407085635,0.08625569550164403,0.1135937260730135,0.19632877684501202,0.05412286792060353
0.13988628326531094,0.07771128572288409,0.12127134521934975,0.09458353127989827,0.14597877029890044,0.13318024874234743,0.12530350984141095,0.0895990983971875,0.07248592723271059
0.11994517456168247,0.1458395224227554,0.11382880069611027,0.10426319009429574,0.07628550755713749,0.11100990742868307,0.14722587550174338,0.116095928927606,0.0655060928099861
0.14029722350239246,0.097456736620336,0.11963303369984801,0.08673068396273408,0.14057076612952,0.10183106741071828,0.14747080265876844,0.10448100285839328,0.06152868315728946
0.10935403088057873,0.14543672540876196,0.11822653292977857,0.13014037573003748,0.1001552285622656,0.11605352476828991,0.12247758834287996,0.07344889146135582,0.084707101916052
0.11958610180487265,0.11231944653673216,0.1149029862599326,0.11325651639112438,0.1609564712112483,0.11457100121572887,0.12229827905683073,0.08989194903252823,0.0522172484910021
0.15634454156784683,0.10120972515761391,0.12011618531236434,0.11018563185769388,0.0911319341466737,0.1254303460010638,0.1415734096956372,0.09834274156412139,0.055665484696984874
0.11923183807383282,0.10746488071178538,0.12403782084030908,0.12395885842631903,0.0808733540632684,0.12015254293921167,0.14169480166999346,0.09287191243273456,0.08971399084254561
0.12432607751335815,0.08744517196698544,0.12398145446251325,0.1374171308200648,0.10206162190275718,0.1156469038694921,0.12457158669659311,0.09220879860704367,0.09234125416119225
0.11066816933990382,0.08576168599775891,0.12230459411859701,0.11408281295169138,0.13123866453477567,0.11569787656817104,0.14017337521223208,0.13193633629313417,0.04813648498373593
0.14685072156401155,0.11291927748122972,0.12604951643179896,0.11510403356336811,0.13706242568939067,0.09583608076326167,0.11507515229304525,0.07037225289209222,0.08073053932180178
0.1399041225990719,0.08395226272990679,0.10934335613871889,0.12460998306008327,0.11113789017913252,0.12300573692819738,0.12718029835989028,0.11869649891610119,0.0621698510888977
0.1526928289813896,0.0931380084021266,0.1288835756115093,0.12771779946662143,0.10848048744074452,0.10675533317762849,0.11068945314887553,0.09871649983348547,0.07292601393761905
0.14082371439813032,0.10133071423035472,0.11942384768594028,0.1152906431957803,0.11449877432859802,0.10905842520952282,0.13637995505714817,0.11461030119190063,0.04858362470262467
0.10933918141503733,0.09289020098609145,0.12360092359513519,0.11437896465981166,0.16358498064907087,0.10779286778998935,0.11772890835706618,0.1011498245697221,0.06953414797807589
0.13299968443679613,0.07984670599829016,0.11263299049802607,0.09250370691032135,0.18895695748488808,0.1269931252019431,0.11801035810028267,0.08867328870522984,0.05938318266422251
0.11956617474056942,0.0924805787538952,0.12891832172047,0.08854935171531585,0.0824731127622544,0.12070389726638042,0.13088373903048475,0.10954384262641666,0.12688098138421333
0.13830511691049854,0.08961917516103951,0.1325532899172035,0.1065578228121482,0.09666399665857117,0.12874969303601244,0.1428427181478018,0.09059091555100945,0.07411727180571533
0.14278249882531727,0.10412196388344408,0.13912694410910906,0.11140392502526619,0.08534187153586592,0.1312783441537488,0.12252676329153366,0.09227509440106557,0.07114259477464945
0.1552953582181704,0.06296051631206943,0.12268282132715787,0.11819461156173812,0.08985542571730581,0.12957659602025942,0.12432823397201441,0.07082190451254321,0.1262845323587413
0.1322944046606819,0.07385532972345625,0.12057454106326615,0.10558589547133625,0.12064665779217443,0.1349089337137416,0.1405582504470629,0.08729585103669002,0.08428013609159042
0.12549956610422927,0.08279003877528648,0.11631802209122159,0.11768441590832472,0.12066532804009533,0.11891330354891073,0.1426991239752045,0.10411767995169367,0.07131252160503367
0.13229439402613627,0.083787594771211,0.12124282448635353,0.11540379269061507,0.10013016896656335,0.12102389362339584,0.14289569466715388,0.09872523740044188,0.0844963993681293
0.124255802922188,0.109578161566945,0.13386300399357481,0.09419222287294772,0.09177565027147995,0.11001501235404482,0.14003942224309626,0.09529467379309349,0.10098604998263004
0.10098529151342651,0.09533457358887265,0.1172645155653634,0.13459008324718588,0.1327499143483292,0.11491028135004637,0.10755109707245951,0.12262286704429355,0.07399137627002293
0.15929862885232116,0.0893616467213057,0.13694135617029804,0.12141921459774963,0.10903423941843232,0.09922222411999886,0.1297961090247877,0.09753330157162221,0.057393279523484324
0.14647014312441964,0.09090410423522388,0.12791347896793573,0.10349530988745771,0.12489202774029158,0.11332629252882316,0.14151194793759034,0.09011835721738136,0.061368338360876594
0.12058355941114922,0.082757523639128,0.11726863174146251,0.12906081152200394,0.09727932275709934,0.12391443693136396,0.14764205413041576,0.07198001824766548,0.10951364161971179
0.14194216632808193,0.08202732882125162,0.1196183629154108,0.08408260675409295,0.09490559637701894,0.13153964076619518,0.11702753031188189,0.11397054787313565,0.11488621985293107
0.12939612824219415,0.08254871617267008,0.12438491270547274,0.09397070046938577,0.12509062536156107,0.13342287746248413,0.12663151653912663,0.10794989508339108,0.07660462796371435
0.1373879545667166,0.08653315511931686,0.11911872905474434,0.12516620846186977,0.10788660772662877,0.12212781883401724,0.13579598869053178,0.100310762856395,0.06567277468977967
0.12940749866408138,0.0917922737536855,0.12049759327774186,0.10546547383747729,0.13693496112985495,0.13059071221985724,0.13676369880139125,0.0859542969405822,0.06259349137532828
0.1158143853665204,0.07746507748914709,0.11174317315501026,0.10190007690860714,0.15665854759857123,0.11238873211535456,0.10975243487079388,0.15957136214939074,0.0547062103466048
0.13860818021451118,0.1674621709914602,0.12739006187955296,0.07950612172572998,0.0954278035823567,0.10058800561175907,0.1256410851675644,0.11103527839001769,0.05434129243704788
0.1061017949055902,0.13555816396038134,0.11054857823505858,0.1195059882638937,0.15354190573525991,0.1194937377395348,0.10060174372819917,0.10062267044129246,0.05402541699078978
0.14340585883013254,0.09547063658261107,0.12809007616344903,0.09862879422448385,0.11510675092777227,0.09815932484913843,0.12268129420666805,0.0910578023474538,0.1073994618682909
0.11354301331509303,0.16171546354011432,0.10908653752497986,0.09756833412824643,0.12985897191313334,0.1388917377448996,0.09678770668501842,0.08780259006649523,0.06474564508201976
0.11900512109288323,0.11513196730891728,0.12875485436996661,0.11604634144497726,0.055558672622619786,0.13841049846549755,0.14523545799692122,0.10770300203123513,0.07415408466698194
0.10972542289541493,0.08757205363011245,0.11874638633028924,0.1515456236617295,0.13057883682527574,0.11527543231486481,0.13352487305905625,0.0752186795586694,0.07781269172458775
0.1266376597482194,0.08464625994943843,0.1169161439176532,0.10767126218187462,0.1436997838724964,0.12677746280120816,0.10954194879186607,0.0969444005168919,0.0871650782203518
0.12636793721343595,0.09363120412654781,0.13087408126259684,0.10827991611619553,0.1005472435938739,0.11884158331388044,0.14712944909436113,0.0861861711234863,0.08814241415562211
0.15195036857810681,0.08320310740782841,0.13259464007334246,0.08547018110428785,0.12755116556253385,0.12555989396536185,0.1390264393590982,0.09376734207005943,0.060876861879381156
0.14833330159180486,0.09355724889374785,0.11542175636779987,0.1228729390398375,0.08540420797915994,0.11480030100877785,0.15087346631929033,0.10699028839610918,0.06174649040347258
0.11682100026229976,0.10723079965298099,0.11618390900838232,0.11757700808117295,0.1261705223358745,0.11973603187874349,0.11822916597883182,0.1086483947817618,0.06940316801995235
0.11632456356554488,0.0941568028086567,0.12781641184991252,0.11158580206440764,0.1128732533891798,0.1385455429212389,0.13901870332143143,0.09006258968992824,0.06961633038969979
0.13923317224534223,0.07139602292154944,0.11756837546707395,0.10171990864128966,0.10213873719987339,0.12202102436878305,0.15524082430293445,0.09802197701496669,0.0926599578381871
0.11169760729656102,0.0867733615215616,0.11402734230631477,0.1184974584868184,0.14037946696413436,0.10548733732895987,0.14712251088819447,0.11601212224606476,0.060002792961390695
0.11855838085166943,0.1726342357008772,0.1308923118568485,0.1264565659980357,0.05621916510023823,0.09685670912383874,0.13912659350712508,0.06522916058885776,0.09402687727250943
0.12400859032734453,0.08683783804304816,0.11771031912488246,0.08742364386266231,0.08372271572748702,0.11427046234346251,0.13436142173773188,0.18184009504321744,0.06982491379016366
0.16704058140777264,0.07118529923745968,0.12918679246537149,0.1035797025866901,0.07062349751143476,0.11640938861291099,0.13500651408543884,0.10732523572488269,0.09964298836803898
0.1520948506736899,0.09829775347339666,0.12861671619623102,0.0929481520849725,0.1058686011859155,0.11378627808992613,0.14165718710560463,0.09510267947306511,0.07162778171719848
0.13331901463128684,0.12238308064256755,0.11776064454705533,0.09445442015972384,0.10042327439176933,0.11788296942809251,0.11031773681842054,0.12594731982030202,0.07751153956078198
0.11072754335617452,0.08167495092358167,0.11833838460783863,0.11059318306305092,0.07169327953969253,0.12297143065909844,0.12298887955851213,0.21744124915246385,0.04357109913958732
0.11322839139397456,0.16905470491588448,0.11745702290225922,0.07629896591454637,0.1124382258850554,0.09146708419124568,0.10075380675028926,0.10139152235068905,0.11791027569605607
0.11980664196830958,0.08316704484117965,0.11785557103105376,0.1042729797678773,0.12100394438164792,0.11287018343178616,0.14356101342859767,0.11841824907658934,0.07904437207295867
0.12949329398534595,0.10801846094179081,0.12205181087025496,0.10353211735950817,0.10725955974013761,0.11685208182137517,0.13017368580978486,0.1234247754237298,0.059194214048072624
0.11200102045601279,0.07701573184159426,0.11746950416077412,0.08622835614146646,0.14786463422728238,0.12207434295214702,0.12876295446932853,0.1481956486362509,0.06038780711514364
0.12010025770134518,0.08217036491409774,0.10916070746220141,0.17203549676851213,0.11400891108808435,0.10995152759525255,0.10579902874213659,0.1169986640944486,0.06977504163392136
0.12505235430376405,0.11076269726270034,0.09986249200422075,0.14194397441632114,0.12442152798369,0.11969618873172427,0.12225772851853912,0.0797795497515128,0.07622348702752753
0.12891523613495745,0.06782309266722618,0.09378463175573709,0.11028830678723774,0.11683164986785606,0.11199763357174645,0.11241685686393228,0.16587515926476012,0.09206743308654657
0.1759695212480025,0.0729716201832562,0.13871480388543408,0.09176136404657642,0.1490011704362572,0.10380796979436191,0.11117668169226554,0.07676786680043593,0.0798290019134102
0.1626151490817053,0.096377079780838,0.12481504928091654,0.1227583079086107,0.093252185779165,0.12704637383835202,0.11730449989358634,0.10469850240988536,0.051132852026940824
0.158329696192876,0.10452397586188171,0.11426910171744793,0.0984812857731494,0.13995344279641522,0.09986659287088291,0.10588877593310415,0.09095789100053236,0.08772923785371023
0.131949424779263,0.08449435800465305,0.12910129272294102,0.09775352462715804,0.09829269010072787,0.10733957033777956,0.13387830955422664,0.12425830942822351,0.09293252044502731
0.13132746361689385,0.07901141022157857,0.12442303828110239,0.11489162752205974,0.11340401514992711,0.11484386932486357,0.14766885237681426,0.08564494197233241,0.08878478153442808
0.1123036473953799,0.17948192551458797,0.12378577583297383,0.0820096458878669,0.12748293950034453,0.12370560438028648,0.11121946761852929,0.08732166156384286,0.052689332306188295
0.11493106427323611,0.10766223475354209,0.10559515387390912,0.10266899906047217,0.17768541426425943,0.1106915007945134,0.12024629526712849,0.11175943172751018,0.048759905985428974
0.09218468622028549,0.12573129607317038,0.10823561842667367,0.13313615635873108,0.08161406519790353,0.1205769919371645,0.12003637740618811,0.14255593542217757,0.07592887295770576
0.09187016971234192,0.07544442970981473,0.10707989870739065,0.11337323251582453,0.1818392031491949,0.10345221853980369,0.10208625895322566,0.1385478852595208,0.08630670345288305
0.13285528050841283,0.09070731802254646,0.11982128844230873,0.10575259513853878,0.1261167979369058,0.12313316521165057,0.13426947044352291,0.09909997925517744,0.06824410504093649
0.1379034679843105,0.085104827512038,0.12174618432406803,0.11591578032751315,0.13390901679607617,0.12641078311042173,0.1262400023046203,0.09448389303413736,0.05828604460681483
0.1423935999332049,0.08707665374553063,0.1294698230631192,0.1138427923569475,0.08753104248736622,0.12546455404729223,0.12010756787245254,0.10729015753910005,0.0868238089549868
0.1387213196656745,0.08696647274602466,0.12335503237258162,0.11264750007040765,0.09811874101238098,0.1278995639456596,0.14055742021619266,0.08593261904447885,0.08580133092659936
0.11543462961966576,0.08313383801634609,0.12014957543131655,0.09716470071596772,0.1384045777066051,0.12669538315613635,0.13651832928959837,0.10945263171663765,0.07304633434772637
0.11756191801209452,0.12187420281485206,0.10975612700017139,0.11062662269371663,0.1010424762344823,0.10576291087316735,0.13250094260355003,0.10679872073446668,0.09407607903349906
0.12234403720957916,0.09298006301398591,0.1148334909776152,0.11122388137751327,0.1321730451540439,0.12316767994091644,0.139478476200978,0.08914674344446176,0.07465258268090631
0.11247575037028545,0.09738050861900298,0.11986799628746712,0.12364207980611563,0.10121577516156381,0.1261068236526981,0.13728020563689425,0.09798383541118312,0.0840470250547895
0.12121602880333493,0.12018974895401575,0.11679357567617173,0.10297770984179809,0.0890855931345586,0.12455177980386928,0.15420378463339315,0.09720070487640416,0.07378107427645426
0.13530248503323364,0.08242148476795173,0.12010696871284744,0.11104075199216128,0.1326960982526391,0.11327513877655238,0.1332620029441448,0.10297109729343433,0.06892397222703528
0.11019719591101973,0.09601959071801432,0.11452152701112679,0.09115733630649187,0.12146833836384698,0.13298718297642323,0.1479659772887757,0.11629104850299794,0.06939180292130344
0.11195592128596758,0.10950744792532478,0.10637624659331853,0.12376226239288048,0.0653700228582441,0.10707394167492908,0.09307723420686582,0.1993935947687128,0.0834833282937568
0.11305544207544942,0.10931429382859409,0.13107710992871233,0.11093104717646307,0.09178142765686981,0.12262855420224412,0.10360048316785937,0.14635202389744853,0.07125961806635928
0.1372442484141085,0.08002575080713088,0.1207266009512451,0.09557188906454782,0.10716759876247062,0.12330639806928467,0.13426589899522268,0.1358915183771023,0.06580009655888741
0.14191758389837517,0.11748256078822451,0.11008941737735484,0.09536193199358954,0.11292837940378404,0.12114489775446009,0.13468516101239944,0.11569628228146539,0.05069378549034686
0.11951167074542035,0.10138106764755951,0.12675577570658994,0.11315838619549516,0.12425747286286311,0.12627174611864556,0.12605082048199326,0.08986592260090627,0.07274713764052679
0.13736788294670557,0.09624005050532168,0.10679371982108132,0.11601337034022803,0.058175864089312156,0.10910325941815045,0.11046908438868423,0.20815010404073742,0.05768666444977922
0.13691183007930516,0.08761806350762875,0.1180516417372966,0.11380018616607031,0.1419851118054247,0.10337566080580578,0.1306435961849862,0.09758202277533477,0.07003188693814767
0.12338537968147771,0.10262190689724908,0.1166804181802747,0.13361834991420904,0.05476302069374733,0.12795109702995902,0.14098742242112727,0.11852413446208358,0.08146827071987228
0.14528260006608204,0.07211428406992289,0.13208987324007052,0.12888986792016233,0.11247587407502165,0.11313388498074343,0.12451984359174273,0.10035509776996199,0.07113867428629243
0.1194769255572054,0.09899626499956811,0.1262795907453469,0.11719222424715647,0.08417876325165578,0.13097346425980125,0.14700092184716215,0.0803461959229176,0.09555564916918645
0.11872462284032444,0.07895525797344079,0.11973136332173069,0.11244643190788489,0.12264713838539991,0.12044679410218324,0.11914812404131603,0.14317806506595213,0.06472220236176787
0.14266075771996564,0.12159997225271436,0.11699875966903463,0.11304378683219342,0.09733063662839796,0.11356129646667705,0.12646107243511884,0.09441339540701449,0.0739303225888837
0.1380450211093682,0.09947703045476992,0.11288665494451189,0.11643065936246717,0.11223836639062519,0.11817573213752708,0.12550408800256957,0.10537589757121611,0.07186655002694493
0.1290807218286172,0.08309538688027814,0.11681683252750345,0.10671689543333863,0.1490176618484813,0.12496782526964911,0.1413978714342102,0.08953005675600649,0.059376748021915476
0.1328986017390846,0.06821298130141047,0.11369943669513614,0.09630917123192427,0.156347961874952,0.12586615750457922,0.13999166930946708,0.10579512961494958,0.06087889072849655
0.10215496307876075,0.2129260164442737,0.10724849084797068,0.09133397551810839,0.1491954033571682,0.09274448902865884,0.11893460495141744,0.06256451147286228,0.06289754530077969
0.12257767826665304,0.11574464651267245,0.13012181891793725,0.09714434947013932,0.09738160685980679,0.1355024643374058,0.13502423623461798,0.11279178045106202,0.053711418949705415
0.11436915217465944,0.11545790122972392,0.1113974179819948,0.12197726220288496,0.07727031336842184,0.10198441747997054,0.12550570869751534,0.15272964158885557,0.0793081852759735
0.15063089394178092,0.08211083943949939,0.13443868715645424,0.09875699466844358,0.14055053051393535,0.12034967862854713,0.12820690760701783,0.08214698302694808,0.06280848501737346
0.14750875424118684,0.13363175778248898,0.08721348064815149,0.15443457024459156,0.08074244601230121,0.07556948862877001,0.1068537891220348,0.08659083683603357,0.12745487648444156
0.16850035426678966,0.18661332376745107,0.10983438952449161,0.09488552949949951,0.08555017658381754,0.09310059719790564,0.11999108052373723,0.07840575532055745,0.06311879331575024
0.13586757421948856,0.09585610331492822,0.12276293698818798,0.08765133825105738,0.13845834424911338,0.10267651544699581,0.11808414718694116,0.12283000428147518,0.07581303606181228
0.1425048468813923,0.09158337014860174,0.11211878801382778,0.11014009123569796,0.04333246578697337,0.11199566409067789,0.118599519079719,0.20510098081075578,0.06462427395235427
0.1181043342607202,0.07584910225383838,0.11942663343890352,0.09958744001727105,0.12021274306624408,0.11806038610946501,0.12579787063077094,0.16082325061589323,0.06213823960689355
0.1146821792444923,0.09194828666198444,0.13041061093592363,0.09914932904312994,0.06346304048806478,0.10041113772105949,0.11069013495051579,0.1536075551725317,0.1356377257822979
0.12172331753271921,0.08466876762791582,0.11706281604620757,0.12973069426766703,0.11961552277961873,0.10419890610858402,0.1362473821774253,0.10670977793008989,0.08004281552977242
0.11837520598735692,0.0966154045327552,0.135622991483575,0.13123526501954963,0.06852248451589665,0.10422231776842032,0.13622389995957687,0.13577906877899534,0.07340336195387409
0.16061545205300296,0.09699777004221548,0.1308876309835082,0.12984547432362323,0.07986099188596678,0.11823616092685556,0.131063500389809,0.10405189072262744,0.04844112867239141
0.11159688791435589,0.10415221279293023,0.13057587340748653,0.11016146884047713,0.08785381732196251,0.13086406694508343,0.1511535708540652,0.08783217546314549,0.08580992646049358
0.1394789860609105,0.09251962221020887,0.12310306086246729,0.10831518092060216,0.11894799204467836,0.11286753030832068,0.12433599894733709,0.09033375488080542,0.0900978737646696
0.1324601803583201,0.07068526487962457,0.12541935053225076,0.12400466513160992,0.1117602168645813,0.12454866024085837,0.1423017510344097,0.0858877873527382,0.08293212360560705
0.14342202852647004,0.11484205447928775,0.12449139141335759,0.09673585254072488,0.1042838257934473,0.11261829690206848,0.12846343592356335,0.06847096445595943,0.10667214996512114
0.14009274789088044,0.08870075137445843,0.1243543954372502,0.0837653023607637,0.11030639471224506,0.10915727511575808,0.15119293859557736,0.08019683450173867,0.11223336001132804
0.11568048939960784,0.1015886036094356,0.11834615530898274,0.0975302713704933,0.10069302332230373,0.11209728149406924,0.118646333130267,0.11491244047120269,0.1205054018936379
0.10827566693098271,0.19541400438298426,0.12013879270593297,0.12899235202964904,0.0699367085532674,0.12484723264696045,0.10980723674272529,0.06697190816418473,0.07561609784331318
0.12751583937301186,0.07705509841394341,0.1287157830910228,0.10480364290678328,0.10244576662546012,0.1364358676178432,0.14065422887310766,0.08493541292447783,0.09743836017434977
0.12728061034041796,0.11563662786468433,0.1196222310255415,0.10999856963273136,0.1259030432265491,0.11056465614815907,0.1425071074452324,0.08358430441677939,0.06490284989990493
0.10943469032088166,0.1726432699475865,0.11748717738864907,0.10441413300768744,0.11741406655274662,0.09463140952206388,0.11703356452389609,0.12126614878512622,0.0456755399513625
0.13761044831408864,0.09416510412032432,0.11575679065656004,0.09550543952273577,0.1256851643981045,0.11003530874740908,0.1040882578029635,0.17311973575182138,0.044033750685992745
0.1375560724206443,0.07674702765942588,0.12092689481584794,0.10933425729406272,0.1554695445253786,0.11777384434603046,0.12261849696316783,0.08260568434405512,0.07696817763138712
0.13217827995494325,0.0882763577490646,0.11892034320523441,0.10879157893246878,0.12303311498300928,0.12410192793722112,0.1424191948880953,0.0902586950356784,0.07202050731428494
0.1396812643605171,0.08471595068654392,0.12359206443949362,0.0902922750747291,0.14099697908322575,0.118723979454666,0.14048983770612494,0.07845795339029953,0.08304969580439998
0.1271797255955229,0.11668235931708525,0.11857809980837235,0.11540237648048944,0.08462384241905037,0.11338275241970741,0.11481692461910055,0.1272848157675077,0.08204910357316418
0.1259369944795353,0.08439532380848191,0.11477913427162267,0.11218505826152621,0.09936882977620709,0.12851236411800654,0.12384374813065986,0.13642875259706957,0.07454979455689088
0.1410427239388019,0.08750257692504494,0.1252684026842152,0.12621087826610258,0.11282906935502664,0.10656471250148297,0.12166497448500141,0.10773972293224648,0.07117693891207781
0.1391532658685501,0.08219530646752199,0.12295735843777533,0.13210331650141163,0.08380376305497743,0.10990805903374457,0.12626168800565654,0.1016049563701159,0.10201228626024644
0.10164859764289352,0.06808467944706505,0.1201667763752638,0.09932274689089184,0.16435877786070138,0.11066399129928667,0.13884402215125558,0.15113566426883637,0.04577474406380577
0.15348117514729234,0.08423784864574131,0.1273174547256973,0.09614722571909202,0.10085432480476365,0.10525811708290873,0.1297182361875573,0.06948586659483412,0.1334997510921132
0.11894401176259661,0.11660957107933272,0.1332203278421573,0.12995890086528847,0.08391914522406961,0.12106806130539717,0.12427164843014392,0.07518126052222933,0.0968270729687849
0.1282037166352892,0.10203271470988896,0.11729860478026832,0.10286150947402158,0.10314595561535846,0.12314596708328092,0.1320259938375671,0.11683754786788436,0.07444798999644102
0.14270838848037168,0.08661792764716565,0.13401856617708832,0.12174696328211589,0.09355724810487005,0.13577742112662516,0.13561833943258308,0.08602400642200736,0.06393113932717277
0.13851462853293586,0.10739261424262729,0.12991125712532423,0.09974226110397995,0.13021751946429902,0.11206812084442573,0.12942361538099267,0.07462036667787404,0.0781096166275412
0.13605042389214356,0.08382268257392246,0.11350841465278094,0.10791764243750553,0.13451413755477526,0.11910233614110217,0.12383889421714234,0.10422425778032307,0.07702121075030464
0.13127920610795246,0.08013738097048811,0.12518103600195615,0.11483591466786147,0.12823209594318624,0.1176072095064934,0.1378046548553878,0.08749016320950583,0.07743233873716861
0.14580935368197792,0.07995361747785568,0.12292016442980887,0.09676096832818344,0.06747354384217995,0.1457709109820335,0.12111857177976837,0.14920188358912537,0.07099098588906698
0.13108623523192584,0.0750318655555918,0.11684494722442108,0.12047135322067552,0.15867455547746342,0.1311163150344464,0.11775620717257256,0.08033378084050889,0.0686847402423945
0.11969938766503034,0.10418762871813397,0.12327285379474957,0.09606657987644927,0.14853290735897565,0.1267962824365555,0.1296443808531987,0.08342389387322068,0.06837608542368633
0.11446687981043557,0.10099355960346078,0.12565043415556176,0.12220782902080723,0.14687610416809438,0.11247972880108718,0.1285865478255799,0.07738943198542964,0.0713494846295435
0.131815181373003,0.0621574073937832,0.13152871341676522,0.0837044965007293,0.15961046938782106,0.12540833844897017,0.13077909513586913,0.09496019579269792,0.08003610255036103
0.09907959841197851,0.0851764618760646,0.1180391914361188,0.1260820997734347,0.09415673503088273,0.11741640478329751,0.12938226123706076,0.13852517055994798,0.0921420768912143
0.1531249536474607,0.11557960145018846,0.13570936400056755,0.0925099429005223,0.07865431330664863,0.13661152926459488,0.1206843424990735,0.08732031987620503,0.07980563305473898
0.11149209157605577,0.16229887526722334,0.1272061433516258,0.10796850824219772,0.0993303564217446,0.0937307436030761,0.1210823927587701,0.08980490950611582,0.08708597927319073
0.1134699959628559,0.08494834243496191,0.12450799395934138,0.09659777567283633,0.08679550067166227,0.1276308114877298,0.13164645931920801,0.17006034454297836,0.06434277594842613
0.11817340909249957,0.05281905159207027,0.11105422656164249,0.14743004351346764,0.13440212084586547,0.12744358377835238,0.13243552900384287,0.10768285935307398,0.0685591762591853
0.14501801724897437,0.09406261534060646,0.1210222735766517,0.12048418945773726,0.12167436003384875,0.09973012310980063,0.1306211804835604,0.09670460681881805,0.0706826339300024
0.11253873118528962,0.10606476330333399,0.12387498627828464,0.09403936357582902,0.0965907242608045,0.12446943097174468,0.12868076851283805,0.14709118338099378,0.06665004853088169
0.13290289773727962,0.09299081003327316,0.11710946715571846,0.11318560210005994,0.07494204151587301,0.1032912255892841,0.12677735679336186,0.0879947040659685,0.15080589500918135
0.13427508707228386,0.09564884458057436,0.10564347485193261,0.0976101801415709,0.1585461016590198,0.09324260046378174,0.11833581676734899,0.1231986418833186,0.07349925258016916
0.15541627271005856,0.08548374329443552,0.11931782701959814,0.11522455044449786,0.10612472127060561,0.1198848010848974,0.11769243287771651,0.11773428015708372,0.06312137114110662
0.1341647761461245,0.09888370183923689,0.11339976025768923,0.13543639590523257,0.07293042039900603,0.12097523781081825,0.11774152980837659,0.12163801429098353,0.08483016354253248
0.1527342212180169,0.09758548729347112,0.11796874901473554,0.12549561015622587,0.10495956893747632,0.11957492355327036,0.11422275994990484,0.1202110095226903,0.04724767035420876
0.11955377880504063,0.10747855157834141,0.12398370465063417,0.11273203667061805,0.10445519493328577,0.12431254752946393,0.14287098687165478,0.07529092743157517,0.08932227152938604
0.11548844570426332,0.14325407663034415,0.11238307871442198,0.09416864451441809,0.15458231847256274,0.10662082302874709,0.12420441702078074,0.0908537429179208,0.05844445299654114
0.11188926164018453,0.11230826698014688,0.12149264759703045,0.1160358367981642,0.13333278992623102,0.12069383091167474,0.12685962696039504,0.09187880857744847,0.06550893060872472
0.13029860112800448,0.07158052346207869,0.12072248270933111,0.12781180358298552,0.10776738529643796,0.12624846197061712,0.12673934899492106,0.12928247638771032,0.05954891646791371
0.1474815074913888,0.09454145645617477,0.10403808026864984,0.13716202811819123,0.08667189373346838,0.12345353106598227,0.13749900112305904,0.11927110347506727,0.04988139826801836
0.11627200551338374,0.10525413191141801,0.12226606977036275,0.09584414084928,0.0998862245964416,0.1303397535247611,0.13394221769243253,0.14288371349599796,0.053311742645922276
0.1352912105228325,0.09116673502838916,0.13358753588127584,0.12098751461208788,0.08807001231263273,0.09707950323036874,0.14172166865272387,0.14088588106759892,0.0512099386920904
0.1381401216791335,0.08123529512467921,0.12344470170796384,0.1277118343442491,0.11798367943029857,0.12097327650845795,0.13129253565362764,0.09488847142301869,0.06433008412857157
0.11638624971634892,0.08160810364108477,0.10328308650314555,0.14175199572298144,0.11244929992229623,0.10915605325268551,0.10074125997400345,0.16046255825140307,0.07416139301605107
0.09363827277356208,0.10352017391037636,0.12423019422268887,0.11736989594010287,0.15964235413028913,0.10542512027804214,0.12324151831155862,0.10810690586839665,0.0648255645649833
0.11468730354949569,0.10951005422695777,0.1213626598019658,0.12442595948072144,0.11092205515685905,0.12202476363341365,0.1364284802302303,0.09805265636419286,0.06258606755616342
0.1392090950602617,0.0837524698165173,0.12314238658874475,0.11071538703472188,0.1004397928678858,0.12805733240436948,0.14538931249905998,0.09560105703189425,0.07369316669654495
0.1262305424067527,0.11053524938402219,0.12416925843390368,0.13834319384330893,0.10986405117846466,0.11547950081812676,0.12755928338175448,0.0866725121081693,0.061146408445497326
0.1393706316177276,0.08490080718969634,0.13088619633624468,0.12447687431312837,0.11066709090426514,0.11372996553970059,0.14620152127742578,0.07927001930464729,0.07049689351716425
0.12945365844609427,0.10290062040918796,0.1290469328453714,0.11244378143887941,0.08311585001931167,0.12640233631326211,0.13820967371925472,0.11109097923860323,0.06733616757003524
0.13646890118528784,0.07754186318368626,0.12160385142098,0.12456331793899982,0.0966799578244087,0.13340154948769897,0.1322511064451551,0.10053673169829737,0.07695272081548594
0.12226377800216165,0.0845696820007001,0.13419674795877065,0.09600087796437727,0.12802946814768248,0.1333847946142824,0.13528620007786218,0.0994107560863094,0.06685769514785384
0.12545778169441293,0.08589092579157705,0.11814140944944361,0.12600146160616535,0.11090314362129823,0.1320295971403359,0.11982268607298009,0.12623749474830076,0.0555154998754861
0.13345771474820706,0.06866211733197274,0.11365141921341067,0.12513334263223722,0.19377278936179598,0.12197848566731224,0.1189510798195369,0.06402302562805025,0.06037002559747684
0.11081277096973752,0.07566515523549804,0.11355363217417143,0.11378524025985837,0.18577122009629657,0.11560102439189912,0.12425813933583636,0.09587246500654696,0.06468035253015574
0.14532106574163858,0.13702396880549783,0.12233115830691245,0.08905758123209999,0.08621823020465665,0.10518886462187582,0.12466384151094811,0.09718377913986305,0.09301151043650756
0.11001829208695142,0.0955686466330881,0.13067196238379075,0.0889166059356127,0.14987008303864233,0.13886564750439043,0.14192612067896612,0.08629809411756405,0.05786454762099419
0.13703259076820262,0.08712390946151448,0.1170914525381264,0.12094252459352102,0.1397598156461641,0.09518327567265832,0.12315000582578663,0.1304856578619574,0.04923076763206907
0.11528252337097948,0.11563416302246009,0.12248680305030885,0.10757508917331436,0.07496359957536677,0.12109695679118347,0.1370427357034549,0.14657708597691596,0.05934104333601614
0.13753097461903893,0.08950141960332719,0.12472292945890211,0.1122669889139607,0.08877366383645853,0.13602207209702885,0.1336107786223315,0.09702551474433724,0.08054565810461493
0.1090670026767584,0.08348172919363793,0.11843490864778446,0.11721758092938046,0.17334053764873258,0.12348378545842227,0.13105259864172972,0.08152533088368621,0.06239652591986796
0.14319311826887973,0.07319188781090626,0.12909204475129143,0.11244396311997089,0.13303936184180462,0.12397897526800387,0.1152716409854191,0.06532117408245904,0.10446783387126501
0.12071552292214009,0.09750137571811461,0.1216385621978221,0.0954042513901604,0.10230828337127024,0.11007636797763813,0.1408991707622408,0.11253637902631146,0.09892008663430223
0.11089156729520362,0.09311952354404707,0.11520093265565402,0.12304029393879994,0.10369616243227693,0.11278915313928306,0.1240270159580535,0.1679686333431484,0.04926671769353345
0.12161165076415766,0.11606717425019303,0.12140956404503676,0.10373900211222754,0.14146897553743532,0.12021541051530311,0.12523339711788287,0.07544789728721034,0.07480692837055346
0.12473044767536971,0.09097199737088862,0.1178017437680741,0.09645033252351777,0.12985238826597814,0.12180685200309053,0.1390045751334614,0.11898318944706406,0.06039847381255566
0.09170903958865635,0.0870070262449895,0.11140593412819917,0.1158085649311471,0.1374373406837617,0.12336679800511575,0.14143852624870337,0.13230806124542735,0.059518708923999686
0.12735914604905071,0.11701281672141872,0.12042271418683652,0.0968344291357211,0.12431767416265198,0.10581544831610283,0.12085946697501325,0.11874205761944902,0.06863624683375581
0.13038805196087483,0.09504592259091699,0.12720892369263617,0.0851489067103194,0.11555915545588995,0.11795332943044505,0.16888623887284826,0.08039148328806471,0.07941798799800469
0.1311162083275307,0.08903122662703235,0.11721375746107844,0.11032663761064078,0.12883401451839244,0.11561457716219777,0.13538078532457834,0.10685594841869889,0.0656268445498502
0.15553008722492917,0.08118957501560346,0.13236910405594746,0.09162153937386247,0.0905878377505031,0.12563894752311744,0.1433590117111791,0.1087220234642725,0.07098187388058536
0.14273253042129386,0.0953899502117666,0.11824141804991206,0.10362398730411153,0.09250924135764312,0.11505022602389366,0.12525612736671257,0.14183534908144887,0.06536117018321767
0.12692221002161405,0.06990326270916282,0.1109721110281376,0.09440436362939375,0.09887984402893994,0.1284571053851911,0.14272331985070572,0.16699079088000013,0.06074699246685497
0.1295081214685768,0.07519493044891361,0.12176237191970818,0.14795994920079478,0.10062043437520608,0.12739327766102124,0.12991132895003152,0.06681422509880844,0.10083536087693941
0.13072578599920895,0.09925635644988869,0.11545592166043893,0.09764346482861304,0.14306430645176113,0.13554353092456176,0.12881046506023847,0.07389072101855464,0.07560944760673444
0.11964164731373757,0.08009481793176672,0.11919693746771674,0.10775211071530895,0.13337232806441138,0.1267541567335636,0.13429686948159025,0.11024321953578169,0.06864791275612309
0.12069642251412353,0.0761991279160048,0.10760238527123243,0.11404936495916863,0.12730172344328158,0.09457561178269303,0.104102049934276,0.1990883195108035,0.05638499466841648
0.10928128461907677,0.0969884422773253,0.11457261446008526,0.09818627407296908,0.13621001821079357,0.12102548862588565,0.1314504407616923,0.10364138259855686,0.08864405437361522
0.13603070624217803,0.13224918346349646,0.11915633040309222,0.09225678488980815,0.097942414952967,0.10767199365484392,0.13728143089446967,0.09542596643452507,0.0819851890646195
0.12421626301113738,0.07514435618102559,0.12415496761040401,0.09636969974328419,0.12216257377245437,0.1268828720669255,0.13279400211294654,0.0821158020965811,0.11615946340524132
0.1401116342426613,0.08486955357909497,0.12803306887292779,0.10461188212061322,0.1138886127442778,0.10237392091381836,0.1337352096339244,0.07899263359977456,0.11338348429290752
0.11245232275861154,0.07948621894325048,0.13337281087655536,0.0920681924610139,0.1298079290641995,0.1343304833104441,0.11733864683982671,0.07870596422441749,0.12243743152168098
0.13482049095615875,0.08368997315910903,0.12552151409717308,0.09737066781599311,0.13997265299710723,0.111226036581949,0.1371419505757295,0.08165960595521032,0.08859710786156995
