0.12276241571653945,0.14053766047145863,0.10021484779420554,0.15975660439615133,0.11393245349328836,0.12648341879899766,0.061394157001532085,0.08571814920412142,0.08920029312370552
0.0958630406185514,0.11159839850491504,0.08222238718424897,0.1462322711164586,0.10932198803667065,0.12895742419675915,0.03785947757031902,0.14723544675401154,0.14070956601806564
0.048889496563096484,0.05789359625515716,0.03059768431972131,0.046229363620536285,0.12708692854105094,0.17590977098406682,0.007615192294728317,0.014287271610030733,0.4914906958116119
0.03895138183784838,0.02493015219641055,0.01847890624003468,0.0428509075552267,0.13722090724229327,0.16878362490300694,0.002707748578792611,0.012409875914812095,0.5536664955315747
0.17553034344249474,0.10566343129418533,0.10263472662088376,0.12770172359027113,0.10564639419576409,0.1163238670983852,0.08014251102010052,0.027698263577149138,0.1586587391607661
0.22182548707120073,0.11063365019951381,0.10321130940428454,0.13820491892986084,0.09782380214195717,0.12016834587819165,0.07346483542646685,0.019104536897552798,0.11556311405097174
0.11424915306248899,0.11851735904088896,0.14718395297220435,0.13053977298325417,0.11300543542401283,0.08376131754791953,0.20102439539194117,0.038881612189518744,0.05283700138777125
0.20902576025338035,0.1089290990312821,0.09955284156826578,0.1339363140563394,0.09923318861607157,0.1343223629189548,0.042407338785035394,0.02269593960037229,0.1498971551702983
0.15792066379828706,0.15891100707116654,0.11161103525142153,0.12810830761463696,0.0990956162805378,0.10634968861233778,0.12005049122306888,0.0417058662970862,0.07624732385145729
0.04772317959025705,0.05191757879108986,0.0688714661523129,0.053908867877952266,0.17556195008452716,0.18430332313374545,0.0076406205579879725,0.0305869016304685,0.37948611218165884
0.1880387481529057,0.1054902975398792,0.10767151822408605,0.12139640174948572,0.09643099377374705,0.1103844989313421,0.09589172376711823,0.03282310298577521,0.14187271487566072
0.11607018037189452,0.09610418781114234,0.1111229676248429,0.12613834157772244,0.11065984945610484,0.09396054561837565,0.15165673927268505,0.13483022644136666,0.0594569618258656
0.1548266397037146,0.10025948760873821,0.10879042827486267,0.13952099619937672,0.10859161646044242,0.11593613337044756,0.07791968611604418,0.05593994879449679,0.13821506347187687
0.10945104667966345,0.1304012989733297,0.10312417090500682,0.09039042327658502,0.1035655510232258,0.10696040016921184,0.11860525340618666,0.16687256468087416,0.07062929088591659
0.055436382981473346,0.07354135094594452,0.05934920518853402,0.10365795658454836,0.11985321857382203,0.10135189495548404,0.055714630174473444,0.3208328534148081,0.11026250718091218
0.018883131901047106,0.025025822778175017,0.006095408191701843,0.03683645717625038,0.1521214277697356,0.2385734131836119,0.0003627314145129143,0.012003844348381393,0.5100977632365838
0.0674598680999113,0.10172004073386048,0.06378333116396089,0.11689767066615718,0.1147993729795141,0.10717868065063711,0.05886474979647364,0.2978446134313416,0.07145167247814378
0.10729374240007972,0.06611741505782144,0.0976563145216298,0.09633775659586817,0.1086952048764742,0.10315730839081427,0.09456854971903846,0.1257878007020349,0.20038590773623902
0.06529422534753854,0.10697944219889625,0.04493975375944664,0.06916382647668542,0.14402354733922174,0.1622102125482473,0.024794881047335748,0.014367214643748854,0.3682268966388795
0.1667832673049182,0.17848565655007712,0.11608366927384668,0.11897313099905042,0.0942482740497836,0.10401100026730647,0.13543748751029797,0.022238964103496073,0.06373854994122342
0.1186148889216292,0.07708443270504442,0.12891827168695805,0.1417876154402052,0.11309233722277796,0.08446241925829005,0.19891622648125754,0.07234099927576314,0.06478280900807441
0.09089915568795387,0.08214155832218425,0.22250898919189122,0.09066919009737852,0.13827780617419186,0.10630961872448876,0.0929150524004713,0.06912933831690989,0.10714929108453031
0.1452990912837351,0.06000168569607459,0.08499786389133092,0.07080603647926319,0.08773443693410055,0.10911727998940897,0.08557412363372537,0.020564069880234723,0.33590541221212655
0.10668182620086897,0.0605616582103449,0.16344233841242986,0.12191430394423246,0.1361131422760858,0.09293732841553225,0.17264350603363154,0.03141802601763934,0.11428787048923499
0.11585110077061511,0.14679992858013838,0.09190753635477217,0.1339751049616559,0.1092635616987677,0.1238338448902037,0.060799557603454596,0.11636956316026419,0.1011998019801283
0.20530589558976864,0.08540666581378985,0.0788248807292687,0.09640687830032092,0.08841045592982356,0.13386753211300942,0.02192669614002596,0.016288636909373322,0.2735623584746196
0.07124485371609791,0.06233897329392851,0.0692194059381252,0.11864172042938592,0.10683941070882354,0.11183547662030398,0.025601259417338717,0.1326432157507252,0.3016356841252711
0.17532097098165356,0.09262820506585245,0.09320918136785016,0.11017039171508018,0.09276293283352555,0.12218526483977905,0.043443013809685654,0.03780329419193459,0.23247674519463887
0.0782758331260666,0.11430516310751836,0.07510857179204347,0.14677658245430547,0.1190067429394217,0.12033646210737392,0.04857548023889501,0.19951245220352065,0.09810271203085474
0.10026904112260554,0.06839827445210685,0.08268533988725821,0.07107919492157713,0.11326636894325337,0.13247883145486603,0.03946856855594066,0.020400252592091075,0.37195412807030115
0.06711266026420322,0.08308208068620693,0.13467706239717817,0.054566040261745496,0.11515756121163456,0.10480659069723097,0.11565243831614185,0.27735794180370493,0.047587624361953886
0.1065103570664344,0.07736728521176088,0.107595512897884,0.10897146675935931,0.11350761965970953,0.09468100189177632,0.14545688952966065,0.15732802840136426,0.08858183858205064
0.1048559065031074,0.12481926978348933,0.09949131234108421,0.12430086079031606,0.16191793589265982,0.14598956154213857,0.07996876595929858,0.019559783960816243,0.13909660322708975
0.12451859120093366,0.07621433134600782,0.06418815274224174,0.08474167631890722,0.11217662110315225,0.1143529114726064,0.08699053928025553,0.012209008299807022,0.32460816823608835
0.14673262473645246,0.09702699084340777,0.09037086831302776,0.10897433493100701,0.09956542372198152,0.12186560229838517,0.044364933915912376,0.043204092719998255,0.24789512851982767
0.116654872661015,0.12002472669231697,0.09465631957948158,0.1427305636667994,0.11094141562665155,0.1134625202909056,0.0818630141507881,0.14464919266769471,0.07501737466434703
0.12138362997177939,0.10656660105683524,0.13531147341216568,0.12315974436429093,0.11088560859831938,0.08717471766698752,0.1971720899214741,0.04878913419055286,0.06955700081759492
0.12696273837770347,0.11804799419380907,0.09229119186345064,0.1292211623229526,0.10539980602947507,0.12826385015649286,0.044904081041013975,0.08376751952410333,0.17114165649099902
0.04617801338750707,0.03555088560391181,0.019174303947397327,0.042307546821169904,0.12701877217438215,0.1916323705043732,0.0038370544842467,0.010596318860823706,0.5237047342161881
0.15188399656911997,0.0944008788489989,0.10626761945473046,0.16425669021445607,0.1108368604099832,0.1284442938579397,0.05197119541427181,0.06243303012120816,0.1295054351092917
0.15707648375583608,0.08257658057474414,0.1095727955659504,0.12172675789267902,0.10131264921094318,0.10831522766468282,0.0916624743371189,0.07620452564460459,0.15155250535344078
0.14807712895493283,0.09770974529201414,0.10102186795297036,0.14946850570387452,0.10821680158944487,0.13027253127998992,0.04437850695002555,0.060193384006521466,0.16066152827022634
0.1331406201877969,0.07600041046061194,0.11700263648771847,0.10463256544749049,0.11287521999669188,0.09731016152685316,0.1652292639693618,0.02436887838204785,0.16944024354142748
0.12691437573802486,0.13117582295144756,0.1149142901720983,0.1637901177601906,0.10198547363246868,0.08887384507843465,0.15541845716629618,0.0831339252535873,0.03379369224745187
0.17729256852394717,0.0744618254688096,0.08896013786270578,0.08650866265939178,0.08732900331612604,0.10205229992858737,0.11066459484401342,0.01933526273175847,0.2533956446646604
0.16274238482777628,0.0806276647846823,0.09301635138254667,0.09896869913607503,0.09994307539216253,0.1000459769380123,0.14706496438107466,0.01749974526532487,0.2000911378923453
0.15072757732090958,0.1025141546996825,0.09409811897760391,0.0895083246908015,0.09589556528701294,0.10533542915259281,0.12061437833301925,0.024459382940767594,0.21684706859760997
0.13437619295503309,0.13391533714527773,0.10721267804621211,0.12476851271939686,0.10642072848920596,0.11042043584177108,0.10385890504065998,0.08881788989782076,0.09020931986462233
0.1730716422956029,0.14591079039941743,0.10582920997316907,0.12038481258731563,0.09658212387314603,0.10422062686801865,0.13811144847308512,0.02505280389527954,0.0908365416349655
0.10563869639179861,0.08567879366221236,0.09211180924479166,0.171518222160455,0.11592794836290106,0.13155164348917162,0.038770411242668563,0.10941674911903598,0.1493857263269651
0.1667655650870341,0.07705942899939623,0.1319013093213266,0.09636762628755313,0.0938926894541486,0.10114899146299305,0.13408409684945946,0.03210698617861856,0.16667330635947028
0.15372913529845642,0.09090629302721413,0.13048738278455912,0.14188315354558645,0.09959929293253873,0.08573631203839394,0.21361999469514537,0.023890009176533694,0.06014842650157212
0.10071229906749217,0.14592471710423827,0.19742907919310645,0.0922462776705315,0.11763047219403011,0.10297414483578578,0.10349449130884647,0.08067129829955523,0.05891722032641416
0.08871076481789314,0.11880845957655291,0.07635182946659697,0.13633141822251363,0.1087306233582415,0.12414175232460496,0.04208943098880558,0.18964494391926304,0.11519077732552835
0.12638104232177336,0.0782127171745123,0.06377022760524935,0.07507929363346379,0.10249103225960436,0.12323897040431409,0.05934331381220893,0.012960982756066629,0.3585224200328072
0.2141152366005723,0.09447961552016404,0.07812370579149298,0.10089980150044382,0.09324555063243532,0.12714968873035196,0.03814416161792526,0.01374924096940231,0.24009299863721192
0.13669218561117394,0.11947624213586001,0.10896495405964268,0.09007655962314327,0.10387408639833312,0.11957646235329765,0.08846408086893541,0.025076682088764523,0.2077987468608494
0.049267754246118046,0.0719421818497938,0.051561772655968556,0.051928428580688434,0.14880950021748443,0.1995345424465115,0.007208709171779294,0.022630895321322855,0.3971162155103331
0.1888046287194578,0.12010394025512183,0.10869084259151733,0.15086536101785775,0.10370675660735905,0.12669653433459171,0.06186403928932377,0.029259505493551552,0.11000839169121927
0.16324103601513165,0.10085082658597903,0.10455801779689655,0.1257999047110578,0.10078781391846277,0.11740390636017133,0.06826336364766225,0.05821208153540753,0.16088304942923112
0.10107428844890749,0.15068754342866733,0.1804270764498693,0.10214871626379467,0.1303370814690692,0.11170940840665428,0.08939667452989726,0.04948566436088708,0.08473354664225351
0.14672605895347576,0.1340012009631952,0.1088537945752371,0.11604838757985526,0.09125483200146517,0.10298370509119814,0.11841032328604056,0.13315414583527915,0.048567551714253775
0.2237824345945915,0.09346100433383671,0.06587526512255927,0.09945995116047468,0.09226691143039938,0.10949270875965407,0.12581855763009928,0.008534397138390782,0.18130876982999436
0.13686341674046698,0.08375007415356546,0.11308831367373322,0.12004188634157166,0.10450075868073838,0.09995447026934086,0.12974239687459121,0.11846490173121105,0.09359378153478115
0.20297606055029016,0.0744918252413729,0.0984836427153007,0.11309723835223247,0.09268715340660337,0.11201657183662957,0.06086489272146917,0.027528013847788708,0.2178546013283129
0.1673061403632633,0.15699771031789098,0.1210582235998287,0.11182824370189809,0.08612978433611851,0.10337264445609551,0.12518895877074304,0.07229629195579028,0.05582200249837168
0.18010726879394143,0.10863312174904079,0.11255024221169846,0.09972951297111173,0.09207664983552426,0.10878178028983553,0.12086862268874414,0.022765704018005734,0.1544870974420979
0.12190082611618924,0.08899144720963463,0.15023705275199487,0.0817460619775721,0.10243180595871305,0.10639069065534405,0.13046095339817398,0.09239394221576647,0.12544721971661163
0.16043764613454803,0.09137830501041268,0.11349908039804209,0.1517807146476823,0.10974827439666605,0.11350151144888194,0.08527221286616059,0.0540007489068032,0.12038150619080308
0.24271094392412454,0.11001660625581805,0.09698387963017574,0.11619942657284116,0.08534833723487799,0.11751979206486511,0.06975538637527794,0.01880187007635768,0.14266375786566185
0.07588474574439186,0.04721078492343938,0.14826095486735244,0.05275908950390982,0.10715808085169613,0.14818640284638593,0.029672913182383243,0.05428217170720917,0.3365848563732321
0.0720048059507169,0.10275798292529857,0.07098027571299287,0.12156002784244728,0.10977011525274066,0.12564807004578052,0.027990542688733484,0.13863012161754565,0.23065805796374406
0.14476385875406272,0.12079959218205844,0.10653818443180459,0.16837185028859772,0.11256513785992646,0.13683919665791558,0.04810267628995437,0.05204156381472094,0.10997793972095915
0.0652161392524231,0.05700638313507275,0.040133352260928595,0.05456741040266688,0.12131366271624626,0.14323748373701653,0.017218561162650806,0.013345035866727006,0.487961971466268
0.03492970573771955,0.018755216804980022,0.01894977388119306,0.03601601279431166,0.13409813222997694,0.1922795244949659,0.001582565522663973,0.015260301366828192,0.5481287671673606
0.1588792818911411,0.10233525764057155,0.13136114173504096,0.10983799875690585,0.09671176010596166,0.09657967172002024,0.1587380125754446,0.04710776297710173,0.09844911259781235
0.1459142958363573,0.08264789236202663,0.11390197939436536,0.13700626304997068,0.11042793899246779,0.10526412514170562,0.10803881665582625,0.06903418364573315,0.1277645049215473
0.15901295067474566,0.12423693098031639,0.11629624355568773,0.11296208024730646,0.09877667376744315,0.1005813878272343,0.1490062924188111,0.03504867088492506,0.10407876964353024
0.1496011132122295,0.12417813459929183,0.14432568322996223,0.11830442142976867,0.09634648194726725,0.0906348479157334,0.17123927662413432,0.049022075108314855,0.05634796593329793
0.16345717784988859,0.14875625967164477,0.11627377279675138,0.13323569486714817,0.09530976154477493,0.09566486354073801,0.1603401962095042,0.028876771874903975,0.05808550164464599
0.12414930090088076,0.11820240478271264,0.14039185051579353,0.11915679044573117,0.11961798760430635,0.10091524326080743,0.1571729915580609,0.029809563740258522,0.09058386719144872
0.18324960539145893,0.09182608522146561,0.0850787824569794,0.10922759439668166,0.09680451100928827,0.13127310683554014,0.03031214583142432,0.021517596210094525,0.25071057264706714
0.15507996315337083,0.14372423132681503,0.11624381311892058,0.14330532323538517,0.1016651708486375,0.10161489710948912,0.13499356322942205,0.039001742167360104,0.0643712958105996
0.11458454613616036,0.07792586963307502,0.08708275597528559,0.1291874386365712,0.1130631836416997,0.12836466311373887,0.029676286425810158,0.04848107760342313,0.27163417883423596
0.10861856033007415,0.10198910272882404,0.1817315929261628,0.10551231142259948,0.11770823914560462,0.09106320278537457,0.1592547671160438,0.06527136910986066,0.0688508544354559
0.0781399162042551,0.037428518378168955,0.030947361767316384,0.042881955810327436,0.10251377478234387,0.15154886415228128,0.014529973255152052,0.008731926837508718,0.5332777088126461
0.1494982598400276,0.11223960033562978,0.11272691363203209,0.13000683475637972,0.10870475523257232,0.10710120310893556,0.11611705339680561,0.04453059963674546,0.11907478006087184
0.10871092961850408,0.07765866427572544,0.07002066424153609,0.07291319545438935,0.10890726780678178,0.12969421305146667,0.04679928392937471,0.016123376961055966,0.3691724046611659
0.13102829672210195,0.14163164249818325,0.10630694100010905,0.17951638813081972,0.11301549865358655,0.12887374045025501,0.060884798886702056,0.06577466450719915,0.07296802915104315
0.1653929511852785,0.08838746364314633,0.1298534893744496,0.12438693099167238,0.10020948150644375,0.09271386753964417,0.18711710213739954,0.024491361274815535,0.08744735234715023
0.22153806623971342,0.0955105967307085,0.09593606591580678,0.1296864848897212,0.0997155959204572,0.11250691653305078,0.10014038338301406,0.014741912856909983,0.1302239775306181
0.11762508165915013,0.12373918286694123,0.14967964283395652,0.10572665648043089,0.10798407781833573,0.09121243936669092,0.169463443833313,0.07511250989157255,0.059456965249609
0.1390099788702124,0.11255867556348852,0.1519517052242404,0.11161592165391028,0.10283605439165668,0.09315838844475736,0.16778519752614943,0.0487527415817516,0.07233133674383334
0.19204437948535905,0.06491147313704083,0.10137075647233117,0.10827094067309961,0.08635991859730062,0.11203256726933795,0.05313708095168209,0.05105903369049248,0.2308138497233562
0.1343626059890235,0.1149140900400102,0.12647288329283843,0.11539052302198756,0.10367539407041977,0.09522784209292844,0.1601674142032978,0.07917950050842094,0.07060974678107347
0.16884358544578945,0.08715453887380709,0.11345193917105045,0.16041508608731522,0.11188902798371725,0.11894740027291277,0.07294037898397006,0.04041808363235688,0.12593995954908074
0.11559858745463314,0.09885316160204183,0.13214284037765223,0.1183026040416591,0.1089843044889559,0.08587947133075795,0.18651974682332198,0.10115244182567912,0.05256684205529876
0.14389856817240013,0.08657241209239758,0.09742021331519146,0.13888426100710213,0.10539764093243287,0.12461032739936173,0.04399267325569961,0.069801023520576,0.18942288030483845
0.03890509100540101,0.09681854180057807,0.04535821596660721,0.08514145840273339,0.12841076617640065,0.09064853743989738,0.07239446881328572,0.4040575871466019,0.03826533324849468
0.13856812140557903,0.11646066596820052,0.12511093781357185,0.12557653010450487,0.10365600358961381,0.0942540848511217,0.16244122821675774,0.06792804566105543,0.06600438238959506
0.10272263213185027,0.151681088532794,0.14115435892599665,0.1214516150993553,0.11186285208809062,0.0813980221871045,0.18541175632624787,0.06566150377532391,0.038656170933236846
0.1335443269054339,0.13462103192913866,0.12344830876927489,0.10197119807140985,0.10024693460421462,0.10199818435186454,0.1402311208153309,0.08883791467711745,0.07510097987621521
0.18053596997347224,0.08886583092051818,0.08989814555735343,0.12241542007167182,0.10657579831826929,0.13564433289619518,0.03349318036182492,0.020524392589743475,0.2220469293109514
0.13613839365985556,0.07905008670863474,0.0879491730348635,0.09548340163351755,0.11252264322854393,0.1092505429343552,0.11673207176545226,0.01654796873493196,0.24632571829984526
0.1359039423699037,0.1135650932867054,0.12021505538732065,0.12364800257140103,0.10903850346044501,0.09331924363420997,0.19036356563454895,0.028090565069985196,0.08585602858548003
0.17860257151750028,0.12146847298762024,0.08962314836537555,0.11368620644620064,0.10277811491635706,0.11290444907514885,0.14112290794347312,0.014128898976816268,0.125685229771508
0.10151558720323182,0.10852625893970752,0.08269745369318494,0.098290420450506,0.10197424799776293,0.1103384969387885,0.085011038267664,0.2347272815452688,0.07691921496388543
0.14152133893561844,0.11484607482823732,0.09548200096952747,0.10082755753580065,0.09581655739008405,0.12116377863460752,0.06341835454025711,0.07779320385408423,0.18913113331178313
0.06582697870695918,0.03514807872338548,0.02880592868411365,0.046864230842073036,0.11425723044687935,0.14495456156655764,0.011469949341892438,0.009461556601661883,0.5432114850864774
0.17274215593977393,0.0851980213498601,0.11922916652960563,0.12706661674051858,0.09984230579862508,0.10027743819516428,0.13053661943429987,0.044561560216286676,0.12054611579586576
0.15363702073771568,0.09596448477358888,0.11430604703932978,0.12584303940270383,0.10011534025397617,0.10418628760684401,0.11733285880304556,0.09760450248709514,0.0910104188957009
0.1015701518327069,0.03152731887517845,0.06867975493510575,0.08285112598874843,0.09377303667022018,0.1048148823691839,0.015497523854715145,0.04086852279379226,0.46041768268034905
0.11805164936523806,0.11653275447262901,0.13667285850026709,0.11402332170938007,0.12293153021374238,0.1025285524004353,0.15280953808766629,0.030428837839201268,0.10602095741144046
0.11386086229123266,0.11590904023285183,0.08389913945467257,0.11116470065342259,0.1008728404512244,0.128237217021309,0.037605984901613,0.09150620936614808,0.21694400562752583
0.1733975529106431,0.07476910178045995,0.09436981993485515,0.07946188047359755,0.08330260580420144,0.10866075991372669,0.09729085986741676,0.02321298933173041,0.265534429983369
0.043265250415124856,0.031796492259245614,0.015160008304269246,0.03778660650298521,0.12033055615942893,0.18668463808143887,0.0035067533846186417,0.00851506260916757,0.5529546322837211
0.10581852907602464,0.13213027888166964,0.13781675318555156,0.0890818949942735,0.1109489631688626,0.10126384387672915,0.14478698443622906,0.10066170843848593,0.07749104394217386
0.14216564666127038,0.09011877357922841,0.09478105472342206,0.11508329205661928,0.10395803834452126,0.11819322945492217,0.05242042677921286,0.05089130785979615,0.23238823054100743
0.07877874273331441,0.11150725426666379,0.18830378159733693,0.07993240356858224,0.14545901874510025,0.12705902492214055,0.05505117267812046,0.059502910286724976,0.15440569120201633
0.10067545543119051,0.11273553544496957,0.08350237806996692,0.10507979119970078,0.10702060794816126,0.11870859178876077,0.06239121386175093,0.16859964957440787,0.1412867766810914
0.06869341871922532,0.07913475710154662,0.06221520842826527,0.09383616918173358,0.10416685263664384,0.10740956880286247,0.05303119543035786,0.3292928307590686,0.10221999894029639
0.1598767674785135,0.08280558454107213,0.12614213196554727,0.15620693280274653,0.10401522099846074,0.0938086669015221,0.15969185367408806,0.042706051322418746,0.0747467903156309
0.11404183066512256,0.15782259311997546,0.11990353757140637,0.13873236938950192,0.107358819973569,0.08687989151667941,0.17331408165380138,0.06316733862773881,0.038779537482205105
0.11193870441792043,0.13223535724469795,0.09589135549078998,0.14949163008390018,0.11682303592157102,0.12233463261018977,0.06596701503478809,0.10827296499012141,0.09704530420602114
0.20272971468167877,0.1124127142729544,0.1021305072675837,0.1294060598942598,0.09791637850783456,0.12099033197937852,0.06664405969095437,0.02520824867322749,0.14256198503212836
0.2618185706225906,0.08053643767326489,0.08366829424327915,0.1240667267081386,0.09207981970812602,0.10674709053796501,0.12864509303240723,0.009060578186887198,0.11337738928734122
0.14616945012400326,0.12892140818544018,0.11071669770714926,0.12784242760268186,0.10231269237308808,0.10860937861717512,0.1085887612359173,0.08415029590693808,0.08268888824760691
0.10919966326641099,0.07867837105561593,0.0983555168319223,0.07825218718383331,0.11057186939072518,0.1164744354972323,0.07427228661963782,0.024649569732790172,0.309546100421832
0.1116373178765786,0.10030970239830599,0.10994731997815883,0.13817062003122657,0.11800663439614639,0.09797140803139848,0.1409734290401102,0.11204685212761463,0.0709367161204604
0.16015439846276477,0.09429325617631741,0.07481477822768201,0.09475503759716265,0.09405819087854413,0.13390837303236078,0.021962114519857436,0.01999313439786454,0.3060607167074462
0.17110925754007403,0.1058789513593907,0.11173847614053013,0.14300433629780615,0.10799047793419853,0.11159184734926812,0.1015651094576047,0.03050671124165483,0.11661483267947277
0.1007583719355704,0.10819671377049768,0.11441523548239031,0.10526073404114035,0.11702670112252345,0.09551669149554626,0.1555807987299194,0.12625583584663036,0.07698891757578176
0.11353369210491326,0.09738647518654993,0.1511237284875088,0.10581667730438699,0.12244402978714143,0.09978358781039522,0.15055203663123065,0.03851609210928225,0.12084368057859153
0.061768212913044906,0.1194573964148022,0.19641091462424595,0.06059536234370668,0.13708124140590125,0.1166465845083776,0.07925695033754175,0.15907652414823348,0.06970681330414617
0.11448193600871724,0.1327284393901357,0.13692981978145594,0.1139236750574928,0.1204086178015365,0.09902934355773683,0.16022000405858494,0.03368375597180276,0.08859440837253725
0.23222688289141002,0.06748899704890587,0.10315974707838034,0.10498804464466462,0.08257850067598557,0.09960348140873782,0.11142541080565145,0.01998901902967386,0.17853991641659048
0.16487491822490738,0.07763322216871194,0.08897088082885109,0.10007467289237175,0.1060976545230559,0.11245058552710574,0.11275978732753004,0.014604276571741251,0.22253400193572492
0.11173153474201003,0.14165830334311474,0.2023478025544526,0.10082163548022656,0.12118944021454607,0.11371277496745937,0.07720763422393649,0.05305133593063427,0.07827953854361984
0.12251566075842886,0.17504302187260376,0.1349428917907299,0.12444722284721978,0.1006241826643977,0.08490880190937068,0.17040759299794705,0.04976345094599078,0.03734717421331147
0.07749381820223164,0.09347268534423132,0.07120021894811987,0.11680014399332057,0.10398639224740541,0.12363223352228621,0.027164884661929196,0.14432558816525462,0.2419240349152211
0.2245602662659115,0.06735111743755895,0.09956508438023341,0.10624395891905795,0.08633201910288579,0.10096400959267955,0.10218459783045969,0.019701804304498333,0.19309714216671478
0.14557289285326858,0.1083613880717131,0.11200959101861313,0.1456016633235917,0.11062294184062804,0.11177349299829775,0.09599872923656046,0.06629921755102743,0.10376008310629976
0.14136305054078593,0.1472856515001589,0.1400496053828805,0.10632389785467385,0.09813177530592691,0.09808712709940726,0.149441032328685,0.05357306346095647,0.06574479652652515
0.08579041925834328,0.1517051370820736,0.08894359813101188,0.20527157919887004,0.12116545845320771,0.1315248614928609,0.05186263399265515,0.11215661724345127,0.05157969514752619
0.0870866507172691,0.10806013565869282,0.07538258106456851,0.13202888663322856,0.10832468860887795,0.12171658094664627,0.04207421618600805,0.1988863713841703,0.12643988880053844
0.16988242009546597,0.09943444652737071,0.10787930081035331,0.10439862875354294,0.09378849789325412,0.10842109523373693,0.10202114811326261,0.04410870574227241,0.170065756830741
0.10549254156870021,0.058582934877661426,0.08580768397018,0.09306965822155301,0.10354283588998181,0.1065014536275873,0.05063617051572195,0.07595701075501364,0.3204097105736006
0.19268509238714715,0.10452576366519485,0.10329967902213978,0.1188902057219426,0.09588235851292827,0.11292560668105349,0.08474900287895815,0.029043344636005792,0.15799894649462995
0.056210870303909616,0.05915285447598637,0.039287058954804624,0.04712679228576022,0.11952309321072907,0.1627732514752279,0.011683225392033633,0.015747206790607853,0.48849564711094073
0.12869640279150582,0.0794297473298215,0.10457492093594532,0.10271939979257555,0.12088471465623145,0.10876213891511714,0.12750355682251494,0.020028655601881242,0.2074004631544071
0.09296851020915166,0.055593726258790964,0.03136383476375891,0.04887010459740071,0.10199435575155007,0.16335477748909893,0.017956019738950793,0.00802937611555603,0.47986929507574194
0.23161884504630303,0.0719846154141003,0.05085100352216262,0.08539537996591469,0.0895325519083312,0.11000855233112922,0.10454893266355614,0.0057406792588478766,0.25031943988965505
0.15219710250682128,0.09899060264252273,0.14080036451130523,0.13041833713959286,0.09771490872873012,0.08582821122120649,0.19459290715013425,0.04082747097214844,0.058630095127538556
0.11670359074287899,0.12825761833174473,0.09796094509552171,0.15381933090270936,0.11647526544786761,0.12467769060472113,0.06221943253995701,0.09667028628742987,0.10321584004716959
0.0777922238127909,0.1133778365614004,0.08034608011367948,0.07112144341257524,0.1291324260950438,0.14182340055613746,0.036024696635802385,0.02469492478500791,0.32568696802756253
0.13029103810092424,0.06081682219628123,0.10360755287992424,0.08664603701450425,0.10282684128244031,0.09511207402435813,0.13681465226505016,0.024917871907671505,0.2589671103288459
0.031388960202293155,0.052891767492737975,0.06517581330615675,0.03436273143898969,0.14532130703538218,0.24181317215397702,0.002014141183422012,0.04377151349204105,0.38326059369500015
0.09953873799701805,0.054471248741801516,0.09135074294369899,0.06484660019297521,0.10316736327852445,0.11871473997382397,0.05645706711120819,0.02540267465671861,0.38605082510423094
0.12154936347647786,0.11016335215510474,0.10866328210183447,0.12495956466098389,0.11014200348052137,0.10139961920679434,0.12968334155529285,0.12022838017654817,0.07321109318644238
0.2357322139195627,0.06470377598432615,0.0720830134560196,0.07979364188922881,0.07607549018740566,0.10767282863608511,0.07066742524726895,0.010911525027542245,0.2823600856525608
0.11446096650613824,0.1280832533598287,0.12263989024080384,0.11225944818426115,0.11007299808959504,0.09390130545291824,0.16248403091684735,0.09521004322126624,0.06088806402834122
0.11388521363008319,0.06795306022037094,0.08742697404764338,0.12404954106290439,0.10806197709805487,0.1160024508935545,0.03925364126022457,0.08163129723577218,0.2617358445513919
0.09936575908024899,0.13524023121519377,0.13069507809424508,0.10447846252038023,0.11292854195070005,0.08824972308680845,0.17080862130823607,0.1132528535818857,0.044980729162301634
0.15466511767246877,0.09740836639374267,0.12528098938573345,0.1240597832062353,0.10061009398457145,0.09629171897049817,0.15373109292065312,0.06086374564497583,0.08708909182112112
0.06798418976275887,0.1169235435791669,0.14660435028264496,0.08015128069307235,0.13436061730109874,0.09040177822125582,0.1572372410149944,0.1496440625858796,0.05669293655912828
0.09606549659311353,0.1393124149946037,0.07810526856921478,0.10788065766432405,0.15196995170430758,0.13875068724390385,0.08307949716826192,0.017393149380705398,0.1874428766815652
0.043663233262994754,0.022411421522503503,0.026588083132042018,0.04230543599289694,0.13409229454143734,0.164917068198866,0.003412318750967267,0.015375328006713408,0.5472348165915788
0.10706693822439832,0.07579904522580364,0.08194981257003314,0.09396515169480936,0.0961446650441856,0.11656488325678858,0.04937237832750931,0.16215331367661642,0.21698381197985564
0.06571311860502675,0.13541860487672733,0.06646259061892594,0.12538571432276444,0.11890726481253021,0.12052823372983856,0.04369066613865145,0.22230162891666727,0.10159217797886792
0.08713658722747582,0.11581802443292122,0.11697664719784164,0.10570534769815286,0.12490501731944283,0.09059128207121975,0.17143891403995667,0.12096717114137408,0.06646100887161507
0.1946287658872793,0.07563529315084479,0.09375480213094639,0.09408505835002189,0.08705168332037365,0.10058929192805577,0.12280996157425828,0.0182440904694418,0.21320105318877824
0.10303229011342407,0.1453374318293532,0.13723279952443804,0.13667085868479764,0.13702092253025375,0.10286595213794152,0.1444866501163785,0.02678442973311894,0.06656866533029437
0.072980594823856,0.09402024409784422,0.06616816598103055,0.11276348769205106,0.10965058384843758,0.11019185905118282,0.05283384589957218,0.2867255884759323,0.09466563013009331
0.1471972189882078,0.09317089945859917,0.1370958384462418,0.09290719137414809,0.10057982552164972,0.11036716751409974,0.10938505069176813,0.033602109012975764,0.1756946989923098
0.19322479511405724,0.13332766406316665,0.09646517191150528,0.12128833197258437,0.09766899681882324,0.12220077383611143,0.06928085545281835,0.02307586142734487,0.14346754940358858
0.16722996028753223,0.10402823543928978,0.12983171074688618,0.10773079630114592,0.09138465475324474,0.10022536937811405,0.14166277805017033,0.06965834167464266,0.08824815336897414
0.1340659252508064,0.07341560832671337,0.0880468798845953,0.09365268376068685,0.11109493009307907,0.10504599666798954,0.12428840950887038,0.01682192422617074,0.25356764228108836
0.11870317601889672,0.08324684243863602,0.10148573583992972,0.08250489854836617,0.10033675552810933,0.10959651148448118,0.09489978646933633,0.07386744641114028,0.23535884726110434
0.08718623784744771,0.1061968181795232,0.1019293479252024,0.08360802862762133,0.14177179806433135,0.1433569996482103,0.04065051888626516,0.026870612580815953,0.26842963824058264
0.08541323118329446,0.1666200274367463,0.16449183214197807,0.08978165533627865,0.11651186292854206,0.08829617501662705,0.1311404082788399,0.12267784552832421,0.035066962149369295
0.12201931662378625,0.0915206658644941,0.09378149645810241,0.13638156430469842,0.11068623864459555,0.12205297071693792,0.04952274010629227,0.09275090983244576,0.1812840974486473
0.08660820444757021,0.09335138430309443,0.0808650616478034,0.11095503967480935,0.1156182580212496,0.11522353414980052,0.05497927745148939,0.15145252854322555,0.19094671176095765
0.0826437697954464,0.13813709355823964,0.10236734481101921,0.09451984997216632,0.15628556207058622,0.14024392919471423,0.0536749554825347,0.027186058014466077,0.20494143710082727
0.11847530591807516,0.0852553501604908,0.09524334071678357,0.13934062403542255,0.11356264821621515,0.11625049103167721,0.06250276559259609,0.11625973475280793,0.15310973957593163
0.07440845690278876,0.12039597816232255,0.09605617866819266,0.08715357869913026,0.12098604988116755,0.093195844543791,0.1438245806149176,0.21629608588105342,0.04768324664663614
0.15259389778916788,0.07298197160709442,0.10780325269683831,0.13623317588099912,0.10952827919476549,0.11052827953766341,0.07667226317579329,0.05988198850258563,0.17377689161509247
0.08363518239058788,0.09713370287537504,0.1190128413018332,0.1099906985475339,0.12340413448913841,0.08165247926170699,0.19105829118975315,0.1484385097557925,0.04567416018827878
0.13790025521593474,0.11155894595718986,0.14089335187624008,0.11241972478769839,0.10662105857939991,0.09574301813921797,0.16808883126708882,0.03713171685136234,0.08964309732586799
0.16165597688106065,0.15004675763792114,0.11350613093441841,0.1101504218964545,0.09361318342048781,0.10791008136728608,0.11848484464370211,0.05252661366255531,0.09210598955611395
0.12343015440004529,0.12761868173200336,0.0877167280067331,0.1118276383013506,0.09888284066376014,0.12666269406286737,0.04885872007392852,0.11648177181638503,0.1585207709429267
0.08510753836410383,0.05767589554028582,0.14542308095205814,0.054844414595073325,0.10121530478575862,0.1529199960619484,0.031277945594302685,0.0514226436476129,0.32011318045885645
0.07860833096283591,0.18247658669191438,0.09461155111872581,0.13254803093113546,0.1205311545824439,0.08632971644031871,0.14665950914496573,0.12864775310571588,0.029587367021944116
0.1568604087768806,0.0866998401069341,0.07295360148188718,0.09526134269826327,0.10479396767144145,0.10946267959955529,0.12539325879623436,0.012289814371008961,0.23628508649779478
0.1087732229397798,0.16831365098226192,0.12227183464127371,0.13384683823377946,0.10566884643026919,0.08259109192016283,0.17577569213596067,0.0702132321157967,0.03254559060071567
0.11978209640705813,0.08143236070239486,0.09077080760032526,0.12688626817862772,0.10763238326748113,0.11876558633269668,0.046512765124834494,0.09480891710715511,0.21340881527942657
0.1118156366000963,0.11672340443606988,0.10189790738650394,0.10228644005503788,0.10930935389395267,0.1077990501594772,0.11214574424525257,0.13706981116461034,0.10095265205899932
0.17081895180303444,0.08076603039176554,0.09881560879176915,0.10628290858881456,0.09708004564138047,0.10860596297297768,0.07806417767597756,0.03327831027086379,0.22628800386341671
0.12834967738875158,0.10694631336333112,0.09591324034530206,0.13339058814736957,0.10554286475749153,0.11558779166974882,0.07395806287237812,0.14055165203450845,0.09975980942111878
0.09779708524827015,0.16442087763498478,0.14823185795193058,0.08296617063712275,0.11079795500718441,0.10486260989253937,0.12413601275720049,0.10842498968435,0.05836244118641743
0.0927144358609064,0.09850119585962218,0.08261902525384168,0.10513571290460268,0.11133122928042516,0.10998634949669149,0.08078924482612193,0.21320225677665974,0.10572054974112872
0.13003895930645837,0.12749089327634522,0.14429831771627497,0.13124003886380584,0.11588458629007518,0.09832753748618443,0.15939470760503574,0.02744149068047297,0.06588346877534734
0.10792225705335312,0.11167455773277506,0.10800276837815319,0.13376693439355347,0.11551820848590232,0.09529199528145249,0.14749171879625342,0.12521741488770424,0.05511414499085265
0.12507260225747174,0.08245475015812581,0.15984628052312458,0.11238776826314874,0.11238957119272526,0.08977219096476004,0.18206497612634762,0.04415018145893366,0.09186167905536258
0.07573931550940731,0.12620739109863954,0.09672910182808477,0.1063676229470828,0.1203082320635404,0.08333215780581225,0.1609537769129956,0.19870313470693,0.031659267127507384
0.13994369158187683,0.10894856751116722,0.09714321668435043,0.1387601826368802,0.10478481090737397,0.12720090566320189,0.04778126693813365,0.08054602072280254,0.1548913373542132
0.10292257423504735,0.12590544710419418,0.097625081030439,0.18124710599781912,0.11918829205435759,0.14956808423025844,0.03491926042953276,0.07610247872765687,0.11252167619069471
0.11286510284429101,0.10983699894668829,0.10681686800406621,0.12928273619796918,0.11357866203664774,0.09878941137626562,0.13608098384424544,0.1288941430001432,0.06385509374968333
0.08672679907170287,0.10074787271338324,0.08045385473144888,0.13829042027834368,0.11077110290363672,0.13271700929314326,0.027443734364141405,0.10142764326490172,0.22142156337929828
0.09694148116546598,0.09594638616768641,0.1668426967311403,0.09456874017261103,0.13977442560507114,0.11862414545060468,0.07888326327951813,0.04217058176886899,0.16624827965903324
0.05575646564583254,0.04872308345936324,0.037781049391018576,0.045516908496076536,0.11762594060121284,0.1517789819078421,0.011890105273321972,0.014913463896585911,0.5160140013287463
0.1998934429223085,0.07117720862893677,0.09288511615788654,0.08553423641742763,0.0796450077186916,0.10873996340522417,0.07888848613732975,0.024257822389834288,0.25897871622236074
0.10799406445950212,0.1435613346333209,0.10369193124326896,0.12188998871874569,0.13570127746670183,0.11310443792884985,0.14804084279387106,0.020417102839080156,0.10559901991665947
0.08158435547575942,0.11895649322587983,0.07726777232925365,0.13433294469151072,0.11111067125104361,0.13250780183083388,0.030317516515883935,0.1254047217109272,0.18851772296890776
0.09211528749812048,0.12341568575817269,0.08932214018644069,0.18445768698833068,0.12140578965459908,0.13362243369466234,0.046691134576626984,0.12396048021649309,0.08500936142655391
0.19002801118736456,0.13284067950053827,0.10602708448439653,0.11191346502635587,0.08913594235683873,0.11361896905872783,0.09287387741185489,0.03672795315645665,0.12683401781746662
0.2554695333443477,0.06518401407589486,0.04956555557660176,0.06814376310604235,0.07879085533224761,0.11813219411827507,0.03995833196644228,0.0051748649767500016,0.31958088750339836
0.1548212078465925,0.09306202855144508,0.11472680055849933,0.12023785765733543,0.10400200664782945,0.10338048020602846,0.1213808303784464,0.0513975784993036,0.13699120965451977
0.11817455004925936,0.161911277487622,0.14319507777754223,0.10383362265589169,0.10481209358049859,0.09454157476206726,0.15195470044371676,0.06988946998768351,0.05168763325571867
0.11014315651529842,0.1729438472878074,0.09102144462991547,0.1457037510075387,0.10672942697577027,0.11023811618418729,0.08507339137257648,0.13286345841553535,0.04528340761137064
0.08696127809576411,0.10048559390180929,0.07549164292023984,0.1343166800335115,0.10957525899295624,0.11833502650041701,0.04606026050956755,0.21299916034589103,0.11577509869984338
0.055651162382015264,0.09727423442436933,0.05721671995000983,0.11055404967894002,0.12134253869120327,0.09851603302151783,0.06872352020630315,0.3389972076014971,0.051724534044144156
0.08278826140116984,0.08322859638992113,0.0374529865284264,0.05855184095282848,0.11050493867540344,0.1472733129006216,0.026977656721053806,0.010027765203631047,0.44319464122694424
