0.08973766510401186,0.09327421832465542,0.12844743549672474,0.13539941478718479,0.10104428073779448,0.10018362187034761,0.12250670209651798,0.11878979031069976,0.11061687127206339
0.12791979168679082,0.07149003009159734,0.15196901274470498,0.04189785060185397,0.16183764124015965,0.009485441920691647,0.06093418351507144,0.15098449887848575,0.22348154932064437
0.1187873925356036,0.04413002909069147,0.11520848325648277,0.06610793623985485,0.3017850074181035,0.010838659343087314,0.05685197843152964,0.16201134795979777,0.12427916572484905
0.11940168646091343,0.022866751334964807,0.09487322906322328,0.03064318149263288,0.5112114941930598,0.007381916826261949,0.042855349830075655,0.07362080304341122,0.09714558775545708
0.12201417529956778,0.13746705250314903,0.07856253849774365,0.1297469749254335,0.02856898412718577,0.2525855994743606,0.14667472683925822,0.04557711883523694,0.058802829498064556
0.10139134986150093,0.24243853634309118,0.15109682668509117,0.06513219430276933,0.017106101990592763,0.0849683180531432,0.12929672217861096,0.04044450872163564,0.16812544186356485
0.12003611555379025,0.11469483354262104,0.11485305048760543,0.1598480639376634,0.07413733167993301,0.05053421090155257,0.08329010045063033,0.19774155619782804,0.08486473724837595
0.13858072614018635,0.12035001326323595,0.15230250775676432,0.12494468405939708,0.05979323491526108,0.03228811591411926,0.10234289791786128,0.11108959253539542,0.15830822749777929
0.10911310346798452,0.07918035405464986,0.1350065108671555,0.13768602216764028,0.17755538667003598,0.06596162667174672,0.11569911527831013,0.09627614955911017,0.08352173126336682
0.12505159186445558,0.13231406319001293,0.13814979922443255,0.14305412186565802,0.050847132929299155,0.07755576964640298,0.13725392225108457,0.07202025118601325,0.12375334784264096
0.09385206447640558,0.10254292750808168,0.1091480516827495,0.13033495773262332,0.06729208259498741,0.2087274851991268,0.14388187193000354,0.057344809983629196,0.08687574889239298
0.15652136481513276,0.0806660486959956,0.13317209162992338,0.040142725903091835,0.15255781364471174,0.01988389697248179,0.08644944805915071,0.07105623642018222,0.2595503738593299
0.13065240033000283,0.075228706804934,0.06019075482178953,0.08450573843988547,0.051855477461178,0.4089723689733951,0.13778101201177648,0.018933666713316494,0.03187987444372206
0.1299339611884355,0.0894102072444572,0.12911427164396203,0.15656708937037914,0.09914637887441774,0.03972603731026,0.09482150464538973,0.1508972686935827,0.11038328102911606
0.1408819310533317,0.11943764862514823,0.09017716044004086,0.17342300664304025,0.046051394547887425,0.11064363372240556,0.11794233565410406,0.12656706395230596,0.07487582536173598
0.10324723562566147,0.04457870773172043,0.08936242478931038,0.05487206667699016,0.4243535706471826,0.02875097714689184,0.07155150975817652,0.07683674604718044,0.10644676157688619
0.14631698108312624,0.06389619939258752,0.15459938103827198,0.012415157707674629,0.09154905220800713,0.010290155005847892,0.05914775334635517,0.11231999988753956,0.3494653203305898
0.10647037795818115,0.05590008071436064,0.10530513682686475,0.09042874958465912,0.32191018261059073,0.08872971088364738,0.12430969507290324,0.03916089892469384,0.0677851674240992
0.10915859927351988,0.24287542857973501,0.09253143727045303,0.09644603316986138,0.012290061799766211,0.19158240091233034,0.14010870507851983,0.032153031784343845,0.08285430213147045
0.12194476159120167,0.08436484647369968,0.13471861834218032,0.10175814941311519,0.11808841666951342,0.047441664092159073,0.11018044462701133,0.10844346149988417,0.1730596372912351
0.11660317700859736,0.16253400757958078,0.07080490064889418,0.10255593253399585,0.017509825531831818,0.31516459550611925,0.13191123442141575,0.0320922418477935,0.050824084921771456
0.09779265731560279,0.12771466791929048,0.1068505427763196,0.1447959634372096,0.0364680955367053,0.1804533670141194,0.1367044272291822,0.07643374302456603,0.09278653574700467
0.15703845213760614,0.10275498720412958,0.1288013168299926,0.15874065918010494,0.08296688187539446,0.06424130625103021,0.14028227825692488,0.0688547774255588,0.09631934083925836
0.10138895633134364,0.19183185079486295,0.132558380287951,0.10225250729697859,0.020994689781173522,0.1209751180576671,0.1304771096334712,0.05212265066519987,0.14739873715135224
0.11014955459894682,0.0422875021634312,0.09464436040537155,0.08814808968975457,0.24991503068285784,0.20210653815506632,0.1531913933780649,0.019636561222287945,0.03992096970421886
0.099650692356455,0.21744761285025538,0.11801684115737215,0.11200912096516409,0.015569492406030666,0.12512921968972232,0.12297316857839835,0.06302292421853001,0.12618092777807208
0.12906978875220587,0.11203300768938125,0.14286814189896893,0.1365161959347358,0.06070834262731941,0.031685264832316894,0.09164798611483849,0.14763786394123957,0.1478334082089938
0.10290717988661925,0.03985770205766287,0.10189783074122678,0.11555534905538746,0.26871559882415136,0.024834034849505342,0.06322139919671636,0.20694347653744957,0.07606742885128098
0.12358999528096458,0.11804161485354288,0.1599089909169286,0.0978174661955935,0.06311200501430304,0.014022147112619681,0.06804233713604424,0.19515083351287185,0.16031460997713154
0.13084715858059867,0.08240762018358315,0.11942667332261177,0.07690689293071036,0.17867421388870422,0.054676847917920296,0.11625632135730901,0.064216726360751,0.1765875454578114
0.12286939251772418,0.07968227281719341,0.1111645961475699,0.14370520850436394,0.10955179233492202,0.15579311498626078,0.16051919745153873,0.052101251468223815,0.06461317377220334
0.11070943800345585,0.11370380266889753,0.1142123180005935,0.15488091230471437,0.05465865606961654,0.14094616555295744,0.1444198193260938,0.07746321707236305,0.08900567100130803
0.12242781762851358,0.07326851463315835,0.1475901446553002,0.07704807047497907,0.1405014016080159,0.012498684484643419,0.06428207128035252,0.19007823462340878,0.17230506061162812
0.0964041565265538,0.1664065671371406,0.0877230841908249,0.12795380879027504,0.01836373025315272,0.23639183756892515,0.11829224105856852,0.07429517861887275,0.07416939585568655
0.10482796125274219,0.11775934050386876,0.15164875017735632,0.12027150589012225,0.11163582840579252,0.08455273966675243,0.13827878767141413,0.05749804793466668,0.11352703849728478
0.09734720833488808,0.24779776525681965,0.11189607691302705,0.0945542916476932,0.012418187919495139,0.15180297288484867,0.12920093357170814,0.042132788011680626,0.11284977545983942
0.12934501458755052,0.08116763114795054,0.13167044404654685,0.05201591824210455,0.1969248553344927,0.024483405758611066,0.08720191483084257,0.07999632393417778,0.21719449211772335
0.12102235230961993,0.1044884166315384,0.11617384724750042,0.16640852899298078,0.06033441067563714,0.09373473807988293,0.1288679720383473,0.10832882316176946,0.10064091086272359
0.11631141900054957,0.10747880209745991,0.0905782403084262,0.16179541522988505,0.04921517024611536,0.04143325608025746,0.06537399973373506,0.2802071518394633,0.087606545464108
0.10541019053380492,0.14976785097871692,0.1062264467560045,0.13733863978878383,0.030067208314840554,0.1824833712867929,0.14478632385252116,0.052316853938520515,0.09160311455001459
0.11089434752328475,0.053464936931597457,0.08222266224182373,0.13556170757672734,0.11183399805309979,0.23238844001928563,0.14240844620411997,0.08214021451769703,0.04908524693236432
0.11075580042665971,0.09157108658729736,0.106994096016154,0.14242681461503645,0.07327159047502353,0.023114154942854487,0.06061259544133959,0.291444661146048,0.09980920034958674
0.150431157452834,0.03423690968573951,0.07762223109267835,0.04339178093868309,0.43481793476647507,0.030460377053206377,0.07185636850866801,0.04280785206157934,0.11437538844013619
0.1387631737331729,0.16055159738548883,0.08971672643867945,0.16136779649444352,0.027814420315661188,0.10812129004085125,0.11684990931761229,0.11149329945716457,0.08532178681692594
0.10919621778708312,0.2148548969909406,0.09315533028013845,0.11374713110145533,0.011466172352053891,0.19267683475831335,0.11667546861225188,0.057629417465482134,0.09059853065228118
0.12589141156549946,0.100899655547232,0.10529655867212458,0.11286540356147956,0.09439475401650972,0.2043043534549567,0.16236256031997295,0.019350520694315896,0.07463478216790909
0.09467593386353795,0.21013497351146904,0.10243950122247662,0.08952963396593981,0.015587343925038003,0.23808149498863437,0.1322312305352,0.02256884911362649,0.09475103887407776
0.10186606043936848,0.03633706335668256,0.0985182589919012,0.12086890126217063,0.29065910504534226,0.0390750173511278,0.07577579819033024,0.1668845823175091,0.07001521304556761
0.14768734115027585,0.10556561090110866,0.16225852454265946,0.08479524487049006,0.09118887497771183,0.021389257257537403,0.09319408450603006,0.10020822662913897,0.1937128351650477
0.14201430393547185,0.07720345159312021,0.13121484937595745,0.12831611336928048,0.18394373129727004,0.06899114876481982,0.14221065833002403,0.045278033338322636,0.08082770999573353
0.12024992239417863,0.09125459931775994,0.10477833052628406,0.11861686494818587,0.08762868318432915,0.22854846001829296,0.17074278319471894,0.022802012718216223,0.05537834369803424
0.10677504698538576,0.07940375627513095,0.13783725023157245,0.0935116749544827,0.07154522341222148,0.014036192736129244,0.059984453637782674,0.26871120974067825,0.1681951920266165
0.09504172001834166,0.09445815212081332,0.10708038246926632,0.13947519665066788,0.05532823373339085,0.028519110460337633,0.059554149279292035,0.3156542415200598,0.10488881374783054
0.09763112050779345,0.11536346147802339,0.0858660497441225,0.1254797955063501,0.03763935948564394,0.2908851192390885,0.14213702895866304,0.045390905658783266,0.05960715942153186
0.09991842333051737,0.1397690761638746,0.09581424705445146,0.038091253390879216,0.1797182620253478,0.115421325901552,0.10601319793279147,0.017500876568390746,0.2077533376321953
0.1209003926647088,0.08113488291202238,0.09752848275590524,0.1717932441890635,0.08097016098802795,0.11214095968254971,0.115277552079642,0.1499647842932557,0.07028954043482476
0.12226670090290365,0.09168240322154309,0.08714341403653304,0.11064115759293618,0.06848100204268455,0.28787488594610505,0.16451966195410106,0.018067055004521184,0.04932371929867221
0.11217034687512357,0.06660245361591821,0.07867566160225624,0.1212453286567693,0.08288525011868565,0.29832533628637076,0.14904530704433464,0.0441936675352933,0.04685664826524819
0.1235899190226481,0.08860544370200078,0.0874184796853748,0.1619017202370667,0.07196335873718183,0.03951061714610447,0.06464138719747033,0.2843838646232996,0.07798520964885329
0.10448771558295604,0.10763922256231662,0.08885757804122461,0.13867165957903724,0.039815062753533116,0.2535863324613505,0.141170997985633,0.05738836290729828,0.0683830681266504
0.1338306794442282,0.0850090032021303,0.09168507331978891,0.17600425797070032,0.06963983522184851,0.12192748346429683,0.12367860879053144,0.12932794175138876,0.0688971168350868
0.08333701339172585,0.14205120661475382,0.0822866301138238,0.11254135130504744,0.021692203629994012,0.32456669082583406,0.11915921127671485,0.05529878013508716,0.059066912707018915
0.07692046413875285,0.1573828738006987,0.11780622980159701,0.10949847438364224,0.029885930442014264,0.22775979641326097,0.12687714477584858,0.0491739547897336,0.10469513145445176
0.10127385389546123,0.07559700262407988,0.06737494158219547,0.08710749436604448,0.04567227264425256,0.441726189420189,0.11637925094812607,0.030946682403119055,0.03392231211653221
0.10207733614746672,0.245143432858924,0.08736044900682023,0.10044448387576921,0.010372188501714494,0.20199280185400825,0.11855848956368902,0.05146163346900517,0.08258918472260296
0.14853818310114447,0.1383164471718653,0.0672096443185119,0.12626531242658443,0.02936627358506537,0.23292262734556388,0.1262220067037283,0.08066302898343171,0.05049647636410467
0.13476219932697428,0.14240125597775938,0.14243533280486123,0.12068870305978989,0.048330923385376846,0.07939908593382332,0.1499565871763843,0.046147988502648486,0.13587792383238229
0.1230090851943379,0.09704996760169049,0.16197182556118947,0.06852117955964694,0.10021201673586456,0.021820557658310934,0.08458817115211666,0.12277303591280432,0.22005416062403874
0.09497840258998137,0.035297094156333135,0.10368269758471323,0.0631813715336738,0.3610881265441912,0.010018664738856034,0.04968373378080912,0.19122256971940443,0.09084733935203755
0.09884717216658356,0.2046340144752127,0.11091288871312677,0.12095341176143877,0.01659978886509005,0.14454112569879543,0.12369090598509584,0.06537324629459139,0.1144474460400654
0.09789523068032469,0.1738518771359906,0.17249405011107388,0.08989154713545267,0.040022480899292605,0.0635023924549175,0.12169951239243476,0.06467258006370287,0.17597032912681035
0.10878888812239788,0.14837438586424295,0.14736149601319112,0.11632680957512542,0.059368026894230895,0.11749163736147945,0.15459161113981792,0.035273945404200945,0.11242319962531343
0.14056160435422257,0.12183234200514981,0.10226840246703711,0.16978557723358653,0.04469402824744987,0.10907011783147452,0.13846060063924973,0.0863818257325321,0.08694550148929776
0.11578882949910423,0.051385896775423594,0.0899531620155206,0.10699992639840478,0.1541658712453222,0.24647494189041608,0.1610471591904771,0.03315350107374299,0.04103071191158843
0.08659855758955748,0.25808382090680987,0.1263598960407851,0.0782466537475694,0.008319153979526728,0.07765799152564178,0.07654837242090785,0.1273531461957584,0.16083240759344342
0.131129227953406,0.10353535298398527,0.1268083530052037,0.0437642991316456,0.19590313017802963,0.029814479042658742,0.0967607441465122,0.047877797183970276,0.22440661637458859
0.10347590666210578,0.1307862862519489,0.16198196815946855,0.08666009298118253,0.036227654295183896,0.025197334380975916,0.07817700361315759,0.17339003540823236,0.2041037182477445
0.16214539764828909,0.09555845395903047,0.0942017602520913,0.17281242909640207,0.06958001841102782,0.11107177208371592,0.14426480617298107,0.08299172608622762,0.06737363629023457
0.13866935309649142,0.15519002311476052,0.13813849980143933,0.1156389002502743,0.04045677362113004,0.08977548325719982,0.15761212821263557,0.0365084246215728,0.12801041402449612
0.15330283919150547,0.08689098217609069,0.16020318353256116,0.05700382343833416,0.11958236127754486,0.011017319865074593,0.07030523833467417,0.12868207243090646,0.21301217975330844
0.13654191163533877,0.10947356769292081,0.11893320919542028,0.16632165750131836,0.06128704099942912,0.08468053742848392,0.13613078083311433,0.08752996002409684,0.09910133468987752
0.09332232013082155,0.13597089679259589,0.11043259177970992,0.1474906128050597,0.034456554756080816,0.15653065739385644,0.12660746078600538,0.09969622116961468,0.09549268438625569
0.08461917108362367,0.23463313606124792,0.08934095562575421,0.07924271259153352,0.012414370344750632,0.020565352051474365,0.046167289257365206,0.29443904853220304,0.1385779644520474
0.09724862575637215,0.19165726251193263,0.17125497442503054,0.04852440469969881,0.050657091419325555,0.0573419248084529,0.1171552047215662,0.0428004387396394,0.2233600729179819
0.08004848061656686,0.07264905518883322,0.11629567943279152,0.1251736853691637,0.10632171922574818,0.03146953755582682,0.05959895471523735,0.31059827450171373,0.09784461339411864
0.10559071720729822,0.056571723301183964,0.07203684209135404,0.11090040716689525,0.08507706757194257,0.33916674735937574,0.13658518782059348,0.05385953163666654,0.04021177584469018
0.11854943306622573,0.15230033479384328,0.11605903656984483,0.14023118443304264,0.031486889687758375,0.03020636400498604,0.0730497124822231,0.2087572632950971,0.1293597816669789
0.09712978366692356,0.08067632376108418,0.12649036654323223,0.14667642960971927,0.14328354505552351,0.0792979645586178,0.10621371458824204,0.14174465539262635,0.07848721682403104
0.13283778589417763,0.14001595690942018,0.16253137923857305,0.11874149003778789,0.055052027078049466,0.03765285104648394,0.11213915470869619,0.08795813079317512,0.1530712242936365
0.12564603513901637,0.12957416927082305,0.12914872884448533,0.07945364172215398,0.1259101936550178,0.09673410274533158,0.14400292212084478,0.02477911248630173,0.14475109401602543
0.07237081556961465,0.14216839094121345,0.18395864971064615,0.07872714197954826,0.09038859034226658,0.028290463182641012,0.07479357554803295,0.16291679559535996,0.16638557713067695
0.11687952279747214,0.0924241019674467,0.12315692595993886,0.1482442787187361,0.08460918886432404,0.028360615948234465,0.07261860849583097,0.22482683781259757,0.10887991943541919
0.1385877433213533,0.09106754569645188,0.14650615425124172,0.10993324842890932,0.08539222080097843,0.016811509145049485,0.07433200883727856,0.17462230558003825,0.162747263938699
0.10931527026151415,0.04627242567887615,0.08941843255903092,0.15104836095699994,0.1440021479279305,0.1470882401113005,0.12656933470993845,0.12615620919176793,0.060129578602641454
0.13580531631975876,0.13102300505339481,0.113221818315355,0.16689592922134708,0.040855039632112726,0.07849901189928098,0.12382360075316766,0.10324343262913817,0.10663284617644492
0.10694199210716719,0.09278948747996911,0.11464080540387213,0.1153802250931264,0.12645470400156614,0.17582844643451426,0.15278724150731457,0.03423738742730308,0.08093971054516709
0.12397879312490294,0.1666801675420492,0.11359383916107778,0.14998854891622276,0.025114348903186853,0.07715808435261955,0.11390265344203494,0.1068457287709924,0.12273783578691362
0.10819126324980982,0.14757180938311765,0.15813946593062875,0.11996616314597837,0.052010522872957654,0.0703647100296345,0.13031812606201218,0.06957294229668533,0.1438649970291757
0.10911977454564543,0.0940609980004276,0.1374315235899539,0.1235994020145953,0.06171156542463432,0.029635677583773907,0.07936981091032404,0.2041011456612316,0.16097010226941397
0.12086174833465396,0.13573946750740112,0.10283211561571365,0.16148037151492825,0.03683784852341281,0.12892596784503277,0.13285600282377855,0.09203967181175265,0.0884268060233262
0.0889100241385291,0.1516090637833358,0.1678986250189738,0.042123196426471304,0.020853167051603602,0.01677409121058566,0.06279892869797121,0.20122151323336399,0.24781139043916553
0.09600622584394591,0.2094336043508647,0.07911229319232845,0.10979625647186332,0.014873778085208879,0.2259798330973103,0.09828514833327022,0.10087083569150217,0.065642024933706
0.13577220454418082,0.08435330492935489,0.07394705096956877,0.12239197962933535,0.05954001988910112,0.2842999580701171,0.16168447481989265,0.03298680740550772,0.04502419974294163
0.14764044806014182,0.09880056461547741,0.15451457997945836,0.10298621574138246,0.11330705789433128,0.025959289464650138,0.09970599264411133,0.09356394257311405,0.16352190902733302
0.146404315455231,0.10411069699440499,0.1554013807515139,0.08634776427819725,0.1033782145716561,0.028850352216688965,0.10620292437798655,0.07980299023730494,0.1895013611170163
0.09737314547912268,0.32851514213212063,0.10263997026425227,0.040596154881020426,0.002915013980570581,0.18325460867211799,0.045627657881711435,0.14271138589721724,0.05636692081186672
0.10589029034896363,0.1552782121117312,0.1327887444280836,0.13318148277092826,0.02887446338381411,0.08178650597851936,0.11711905943747375,0.10014457753497917,0.14493666400550695
0.08194844209938466,0.09927886453892087,0.12311268730620767,0.11990875674937873,0.04483280082700913,0.028539058701217767,0.06031691415587772,0.3089578605574078,0.13310461506459573
0.10346759959035341,0.1870775420978156,0.11515012339880486,0.0702045541361208,0.0334506575562195,0.21063519061393685,0.1338656387881875,0.015965910949153405,0.1301827828694081
0.09917401699868561,0.1336973892484035,0.13371897148175896,0.13780173815880248,0.04717995627812208,0.11429974561163686,0.13510304297419476,0.07912262250804149,0.11990251674035435
0.10162215155550329,0.18419169887298412,0.09568619015578499,0.12749686934842752,0.015286239887937439,0.04105616538468593,0.06060529607008064,0.24819177346749918,0.1258636152570969
0.09412139420719977,0.08552139122379314,0.10215536836276344,0.1369145683964109,0.050795592300130844,0.02482045523997573,0.055220102656974364,0.34424277339108267,0.10620835422166923
0.08926804868380044,0.05218981173947627,0.12501506944514726,0.05390055891550601,0.16886362293722124,0.006186878293998721,0.044556052539992085,0.32638801370799353,0.1336319437368645
0.1086942652651572,0.11753056754760798,0.11114708776457423,0.15536462712424584,0.048566019371123426,0.14598521595123393,0.14130523754172236,0.08197567956749617,0.08943129986683884
0.12296135401391373,0.12620860788668997,0.0796704113035605,0.1219501841394947,0.034414110590236406,0.27230690875796093,0.15704287424333233,0.031293746065363254,0.054151802999448086
0.17742981845349362,0.04185958722796973,0.09528948594637361,0.05720122377790684,0.3590361470503691,0.013502165342916692,0.06931168375529546,0.060083824375760354,0.12628606406991455
0.09393424888376317,0.23172210645261013,0.08912806427251208,0.09380765963863896,0.010241164610963645,0.245978844955843,0.11843439800420241,0.03763621458600763,0.07911729859545902
0.14453044926767003,0.07356537222907698,0.13291240318295303,0.11829660949797265,0.17648306545800882,0.030994142406891856,0.1003255884063614,0.09658201472174834,0.12631035482931693
0.07525027392869137,0.04149774896353841,0.10264567319225597,0.06348049002321847,0.12038446631869076,0.006433641191281418,0.03758578861265279,0.45396063674015447,0.09876128102951635
0.1253315185022439,0.08584784637537517,0.12735841966707606,0.15950623098041847,0.11709831924764835,0.05938509889222147,0.11191801766475092,0.12068525503181286,0.09286929363845293
0.11683620648614107,0.06079953576644928,0.1165413501934885,0.11035390627635289,0.23258025638525184,0.01797249399468902,0.06205422395761501,0.20184911463833097,0.08101291230168149
0.1370801234948891,0.12913334112643995,0.15946969388625684,0.014969063295469343,0.043765593969122794,0.043511971844882764,0.08313175806677213,0.04461314803513786,0.3443253062810292
0.11588561259680537,0.11259979259711606,0.11823593341260859,0.14020722123118348,0.05490898206909278,0.02267423731373436,0.0655288111580745,0.2521418380051421,0.1178175716162428
0.12644448523049742,0.03920329951244887,0.08019798478877249,0.07931920545739247,0.36999479010154285,0.09773708302534999,0.12337862379580296,0.025614478909135735,0.058110049179057176
0.12297833750190391,0.13360740580866812,0.06686889373306314,0.0877951060596975,0.026533328537289663,0.3607235086387314,0.14742171828770648,0.01365333013565777,0.04041837129728201
0.17543035852630529,0.06519498633181343,0.11042197355341916,0.05181649544469639,0.24638752183281656,0.020049817764985316,0.08775419203557226,0.05471329747707105,0.18823135703332058
0.10359890305644394,0.09926955704118896,0.10343324642341806,0.12037216709450856,0.04231515760479593,0.014696527838640611,0.051826047725658776,0.33865009443165733,0.1258382987836878
0.14502255961995383,0.12542913509621137,0.11087312628892602,0.16865547231337674,0.048328560343036765,0.08718401155864762,0.1344299461153939,0.08853618577460383,0.09154100288984991
0.1658188119990588,0.08774917764774713,0.10755874440569824,0.08298519796488756,0.19589611198928072,0.06892924677323574,0.14054831474592497,0.02474248390284915,0.12577191057131767
0.111707292660035,0.17404149931940563,0.12133965235602477,0.131261939795947,0.022754571570988303,0.10481336215794416,0.12757498286146235,0.0741964700383247,0.13231022923986813
0.11769772754112119,0.13473568585046777,0.11793465180330803,0.15760806932742957,0.03685121793323709,0.09254836131778194,0.12483212944452678,0.10205575176176,0.11573640502036758
0.11173290813820534,0.17821919665133987,0.09558993570559061,0.14771320805174995,0.025382742744282025,0.12918200127148008,0.11244359995515922,0.11364823442220273,0.08608817305999017
0.12095543879440347,0.11782462342715568,0.15912510741233452,0.1105616370619862,0.060836456487182555,0.024268975409813348,0.08393401013971431,0.15296371172710618,0.16953003954030366
0.10347546621302779,0.10252885843421185,0.12112337629405641,0.16090278150831935,0.07257217344880741,0.06926613937047287,0.09781113818763243,0.17618057813271945,0.09613948841075248
0.09766599175842916,0.06927624647507773,0.13600723677409596,0.08657067477835428,0.23024526569701997,0.019581907492316766,0.06855910510937688,0.16600772041413678,0.12608585150119253
0.14826501455709165,0.12444668281185707,0.14219033512047735,0.02876775852534196,0.057854655964171664,0.04612041310076953,0.10637370210258539,0.044472120433549166,0.30150931738415626
0.1294672866765411,0.09735987990156751,0.09883506257262709,0.11325891444231834,0.07009532985162531,0.24394748130874663,0.17816430911546707,0.022684602182579106,0.04618713394852786
0.12215853242483395,0.09888174432020079,0.10957505277705715,0.13909544289941614,0.07258616836406566,0.16257593627531997,0.15684693271757655,0.04629948495540268,0.0919807052661271
0.14018253164822106,0.11115997524955552,0.14710492177899404,0.14236965440017627,0.08214831031699034,0.035780508981281094,0.10381375233178476,0.11113819010220825,0.12630215519078855
0.1264710393899027,0.10425518768826636,0.09996852839429649,0.17815132546505832,0.0530962862476513,0.08262339351793006,0.10392537893158245,0.16414548614256652,0.08736337422274572
0.11522423793935295,0.11566727744597967,0.12716071774228485,0.11269110515907106,0.039348691054859435,0.015957734915452878,0.062451212886117734,0.2536958040647657,0.1578032187921157
0.08614314417840163,0.09221652897700201,0.09075466633482748,0.09373831540014688,0.10971637822490503,0.3048532315412761,0.12552184533300054,0.02640648725737545,0.07064940275306493
0.10107182320861081,0.11187780147534593,0.177740711746091,0.05882820166813279,0.0640152782044773,0.019203692760414264,0.07369058784301037,0.160439313724856,0.23313258936906153
0.0694134447611589,0.09753780813127279,0.09926554195953892,0.11197793644848057,0.0634375655708058,0.2976363246491313,0.12297500489556061,0.06665827521193919,0.07109809837211202
0.11812461856619892,0.10992843852060752,0.13977577746682857,0.13394840296254032,0.05366599689570792,0.03778195983899856,0.09342661974594861,0.15643769253269998,0.15691049347046965
0.09694632520640074,0.175194987605105,0.10970764347181765,0.13775462793971688,0.017923633740387163,0.0864693678949849,0.08921978945562958,0.16030204109474624,0.12648158359121184
0.16047718168410763,0.05269355443759203,0.11580025820003814,0.11602057346589012,0.2712499297272344,0.024899100230507214,0.09058054776912529,0.0793265583286616,0.08895229615684364
0.10593296064578583,0.060954084122676784,0.12132776305897834,0.10359356120681934,0.1941846856770042,0.014646270524639493,0.05774444099128382,0.2418958455334581,0.09972038823935409
0.14609042016340867,0.07572107424777699,0.1441158294347463,0.07643890773747203,0.12908731952034788,0.018597149705483543,0.08188093079459514,0.12579888642919998,0.20226948196696956
0.13097181473311456,0.07626353889247538,0.12961785403483392,0.1394088737629724,0.12193200785486408,0.028047849484028473,0.08381652619230297,0.16626700301326577,0.12367453203214246
0.11976576697156183,0.10964214070991374,0.10185321608214397,0.1420543114929595,0.05173331411550915,0.1928269478614881,0.157427294878595,0.043605699265811725,0.08109130862201701
0.08977523948382832,0.2695325551760454,0.11983500918257574,0.07479101488738275,0.008311762902933584,0.15010422474673288,0.10509774547096284,0.05175937804978742,0.13079307009975105
0.11877569651919632,0.05438818821431072,0.11900089952838121,0.08458640701041024,0.1917032357559166,0.008558952365577062,0.051845605075370955,0.25571391793084514,0.11542709759999176
0.10870250520026707,0.08706288715178236,0.145954463851028,0.11261653660242255,0.12650671669130298,0.026130239235894092,0.07996055453890731,0.17031973213114893,0.14274636459724668
0.12971129068646778,0.09513422029395961,0.08978812972795329,0.15508565410618708,0.06732826218198268,0.17176470855853632,0.13944714588904691,0.09280024243648825,0.058940346119378074
0.09589759100396307,0.09191389806431516,0.1164902619527222,0.13337090644691665,0.08530000103317953,0.02694834040939756,0.06144367583850382,0.2917283702827275,0.09690695496827444
0.16085122158557505,0.0644526707196385,0.1384272399727412,0.0387594174749338,0.20072536241338726,0.0077634058841593925,0.059495409554602634,0.11842052533833125,0.21110474705663096
0.09828340877523878,0.06932770373935422,0.0962963607999547,0.14334404017927532,0.069973250500044,0.02587597051736139,0.05454280831688704,0.35179797680047636,0.09055848037140822
0.15034138780360376,0.17187077457089436,0.07522719752212176,0.1472224248018635,0.025652180383105305,0.13206484084021197,0.1106675707621444,0.11863507119890428,0.06831855211715061
0.09009234084469393,0.26803618323255446,0.10836753236785436,0.07723843112684095,0.008537362878822395,0.1851607868035334,0.11361309229232734,0.03859967852547608,0.1103545919278971
0.1294975564102976,0.12813754676985503,0.15679400461714396,0.0618745994471494,0.05689652655289992,0.04375317172305073,0.11438901050702736,0.0669691681604354,0.24168841581214054
0.0859703903703279,0.019517277946074545,0.0862360936009353,0.04519605964196489,0.5717608540367597,0.020823862056874753,0.052700628333756466,0.05452764923586149,0.06326718477744495
0.12415737618148959,0.18245487278143926,0.06724049803206676,0.09754067395918457,0.015468658075090513,0.2897975367175197,0.1180699254182815,0.05662020152769059,0.04865025730723749
0.13118046247354787,0.11009299874013505,0.14867173119466745,0.05967131479993717,0.15069938528071367,0.030698462180773812,0.10342698383280981,0.05924410644064803,0.20631455505676718
0.09767221539079281,0.07644455380449738,0.09849926661208551,0.16037656305471362,0.0696686821006975,0.15365681511058948,0.12263655882521536,0.14447762761132868,0.07656771749007957
0.09733077819150841,0.0761201285338447,0.1304513729631677,0.10626487198307714,0.0628100341413824,0.020184189741266702,0.062312003797997804,0.28280646976413587,0.16172015088361927
0.09004010118361032,0.10966699027797355,0.08785226067016084,0.12780435077457786,0.04182835539224861,0.2820277746707786,0.13690492644706825,0.06562840249085465,0.0582468380927272
0.11070277457005,0.10920430053051637,0.16062050033945768,0.1311793966217751,0.14913145520995688,0.040266536603430735,0.09419836766562067,0.11465423980396221,0.09004242865523036
0.11581906972987277,0.03831809995219917,0.09056124765510785,0.08578874399539514,0.3498628575755856,0.04463587242685379,0.09117395693985038,0.09228164574276387,0.09155850598237143
0.09813953211570152,0.044249390927136756,0.09559565680271415,0.12800953567292814,0.20373985265054406,0.15137811342782465,0.12789809285750284,0.09815113415857069,0.05283869138707705
0.11772782430435498,0.13438618645965283,0.11795026074309461,0.16144489430239564,0.04487009078588655,0.0978043600023067,0.12605486472950198,0.1029344721345466,0.09682704653826002
0.1360423230823257,0.08017908299781645,0.12731495831919928,0.1511016692568844,0.1334823519775158,0.03102402163869981,0.08489461457142915,0.1578898308585113,0.09807114729761812
0.0824045261167063,0.08367410502849527,0.09749186135987638,0.12147704369350704,0.0569933003914729,0.023105214329443985,0.04951265840420591,0.39232642677905966,0.0930148638972325
0.14503714099245582,0.0881060917687998,0.13808569029642281,0.1340025981225482,0.14384173358417432,0.05157838141830815,0.12938589167179218,0.06450339081036129,0.10545908133513744
0.18887413751752624,0.08846085398299809,0.12708710845817447,0.024023755393089975,0.11292803209858802,0.016021357864864166,0.08490359251054826,0.060101459243058576,0.29759970293115223
0.16222236552998723,0.10768517382699162,0.14875282266101164,0.1293364822931258,0.08844872794189788,0.020183340096996547,0.08633201017389075,0.12736489688097066,0.12967418059512786
0.09735912257178637,0.11838888629357075,0.11970851961758568,0.12334431011437541,0.035117794611195415,0.023529410483896115,0.06173251669114458,0.28002675486467415,0.14079268475177154
0.11528500286025432,0.0891542351475142,0.0872971545555256,0.1678056483613318,0.058214349322732374,0.0822997412674863,0.07901429866713038,0.25042596152262525,0.07050360829539974
0.10857510545890585,0.14053882351595334,0.1501262765198551,0.1259502717784324,0.04549637009572514,0.029104845682972086,0.07989068256552266,0.17683436671695926,0.14348325766567424
0.12058673101270456,0.1318899785995842,0.13191452162200767,0.1494002343603211,0.042934537452658135,0.06861468637171036,0.12060458661977173,0.10289929850898309,0.1311554254522591
0.13138432247729173,0.08582797391392971,0.1243381226606231,0.06162067756184231,0.2743627213629084,0.02810328098478759,0.09351683348810959,0.051036635337622226,0.14980943221288537
0.11451644257104315,0.1813543378636329,0.09074176678251678,0.13683252036052784,0.02048027167216612,0.17380338974294138,0.13100384089269365,0.06889236750857958,0.08237506260589861
0.11021701412071096,0.06876717682512591,0.11264496025258815,0.14215763683946744,0.14373354695475044,0.13940148275440792,0.14511094250951478,0.07391501935912921,0.06405222038430514
0.0947803818491852,0.11227658221021175,0.09617678032750404,0.10804602573035198,0.057044247906521316,0.29106486199999776,0.13539754541473206,0.02662329401051926,0.07859028055097653
0.10942694723859349,0.05009377895483453,0.09806284735539654,0.056746702413152085,0.47435639221525666,0.02354979412612414,0.07253963965515871,0.03873017456449195,0.07649372347699189
0.13503604349129986,0.09362166024378848,0.16427444820276688,0.07644156956747472,0.1225355904405454,0.01114554248946001,0.06659988713547971,0.16138573664584505,0.16895952178333987
0.14875406852367715,0.09788309239380144,0.087131816428199,0.17040213151786954,0.05737949538018555,0.14212631398880743,0.14171864479797022,0.0888741864889125,0.06573025048057714
0.0797010962105141,0.12156938949504165,0.11585864773912262,0.11376031420099186,0.06448264163290822,0.24316608309821494,0.1410773761501401,0.03985223983573505,0.0805322116373315
0.11084214788357731,0.1848148735010178,0.1352322924681396,0.12217390815552735,0.025428038553325056,0.09525891360411289,0.13498992695946066,0.06033991788065981,0.13091998099417954
0.09579133459534646,0.22050627946433096,0.10612811733999855,0.12100749139696569,0.013587627675164715,0.12429340727518763,0.10264781376558174,0.09939157229610762,0.11664635619131668
0.13312365572380336,0.1079869489556889,0.13509710357903035,0.08378639069762985,0.120814744232886,0.06310254145076766,0.1321456547380278,0.047963645403108934,0.17597931521905721
0.10707554603975726,0.09749093505876587,0.12154889093526662,0.14755904948232726,0.07548995097280436,0.03219022325176161,0.07149524520177919,0.24054790522545086,0.10660225383208699
0.11260592384882279,0.04600508959795927,0.1127413640911133,0.10738014650855304,0.2213298044158698,0.019749535101391772,0.06534810291227965,0.2039345595431162,0.11090547398089419
0.10338944582117508,0.25408274445896073,0.11894569176859131,0.07590384499901333,0.01149766288613331,0.14192509170064793,0.1289938328868911,0.034520262570584964,0.13074142290800225
0.13587054598719928,0.07019599410605475,0.1364267279029838,0.07327711183647148,0.214024685514036,0.017382497786157053,0.07683491968231529,0.11173475403859308,0.16425276314618922
0.08764661190770179,0.09619134715284113,0.15316612076575173,0.08169559856650338,0.05302963738205165,0.02535225009359435,0.06903787728910006,0.23617354100945034,0.1977070158330055
0.13566833879290582,0.18250672342346141,0.10136653657785687,0.055798751322671446,0.0657047219999357,0.1770933261244282,0.13886181013358434,0.009285741505704848,0.13371405011945128
0.12912443853230066,0.1102654171902027,0.08731916401835943,0.17189530276963083,0.04345080895239187,0.12975703573062522,0.11340107186458731,0.1424516660904193,0.07233509485148275
0.09334219044381635,0.04100621525644146,0.08501842611511118,0.09148633333383555,0.30632564202963036,0.11107613697607459,0.10791919431877305,0.08893596167126784,0.07488989985504965
0.16849810732374407,0.10616040286202588,0.06788191090653678,0.13688184923205274,0.0429898578887272,0.22291790360017902,0.15901692726946096,0.04714436545240544,0.04850867546486796
0.12153040708226193,0.03947114837782661,0.10622278663325264,0.06302298822921398,0.3752326935801995,0.011350602239495702,0.057121250873698425,0.12115728704514218,0.10489083593890898
0.08360447982412045,0.08440273012020838,0.08830668936192367,0.11740649948756961,0.06449686003809364,0.31670895058916093,0.13356038680711466,0.05420795891311589,0.05730544485869288
0.11023614033156243,0.12568344561546504,0.10949183952449319,0.1230347738547007,0.049347392321896937,0.20274016596994338,0.1528124183462389,0.032131485258484783,0.09452233877721472
0.12298294907113651,0.12796159646910601,0.12935033107614394,0.1496708178776417,0.04015940776520131,0.053463636231045275,0.10601464188914138,0.1301903037852033,0.1402063158353806
0.12522120508173226,0.13607473121672986,0.08304068129916857,0.1379905919522714,0.031479288275157086,0.22264068237315124,0.14984267069510188,0.0505482927380129,0.06316185636867493
0.11227375466154754,0.12624334815051108,0.10391963762131902,0.15915210963284573,0.036682296277937405,0.14241810915251843,0.13332740391607192,0.09251405469321672,0.09346928589403221
0.12455906069356369,0.05079092796713097,0.10641305283959157,0.10525390477918474,0.23874042635307235,0.04284605370323782,0.09866143824066442,0.11509584763181151,0.11763928779174293
0.12680614633224255,0.1263725765133251,0.08612149269396509,0.1494911499094914,0.03981621825637275,0.18960275307040686,0.1421529837929954,0.07577935769191768,0.06385732173928317
0.1299196784929443,0.1305284767539533,0.13357213721195593,0.10632519737379698,0.08613489012977149,0.1310893275500956,0.16493935846036414,0.02003688881614268,0.0974540452109756
0.09899414570548308,0.1074810682918317,0.16188420333164535,0.09425679553354631,0.204727448001743,0.0392482912588516,0.10140960870887222,0.07343227440422119,0.1185661647638056
0.09856517116894403,0.014706264866673828,0.09466983267570928,0.03281089324518343,0.6040774330387796,0.030050598518597385,0.05009153800320134,0.018088358594041298,0.05693990988886984
0.11253202145167512,0.13296084712365552,0.12014991007112426,0.12514381500490881,0.05254210374599841,0.18322489994769228,0.16383168335702308,0.028394160019737075,0.0812205592781856
0.12090543505521782,0.12226780848821707,0.13077311510386672,0.16004250087086994,0.06445177550155957,0.08058188026350538,0.12541241401429384,0.10029365636928843,0.09527141433318113
0.11378230770237037,0.12421179497118821,0.10040832280026098,0.16272853910023707,0.03431389093545098,0.13863172793249082,0.12719617079946968,0.1052069178521025,0.09352032790642945
0.18966870787274367,0.06570948851578146,0.06827734024545525,0.028547469845674328,0.37066397063209333,0.02527495761078406,0.0779444545420268,0.016513776876056437,0.1573998338593848
0.13951809567678664,0.09444283104846463,0.13518014985347707,0.15087724909283423,0.09442309578995838,0.04124448755237645,0.10695069965476606,0.11647953910611264,0.12088385222522392
0.14286938713630912,0.06910087762193558,0.12474874552332725,0.12712383979034472,0.17861865719963932,0.041677214295616195,0.1118870216612513,0.08875592481334976,0.11521833195822673
0.08235209526443664,0.13740195214036116,0.11140532975588258,0.0963002816797726,0.06291445938752911,0.2656035671092621,0.13665339461560652,0.021331815270238873,0.0860371047769105
0.12370826729755674,0.1172156668808964,0.11088753636183214,0.15113689215737244,0.04903180110180649,0.1440188961066999,0.15389729494157403,0.05658539763625226,0.09351824751600968
0.12120766234020021,0.08161487602334512,0.14975024062640882,0.07649075077900618,0.10379967086411261,0.022427999581043176,0.08105584379262853,0.15275370455902376,0.2108992514342317
0.10578540672054909,0.10350812334070687,0.14126840654169737,0.13117579500419388,0.07314522456310962,0.029380027602939285,0.07750172729916173,0.20202624472314748,0.13620904420449476
0.10062471152026414,0.18115007720242418,0.08956295863685354,0.08757862856721584,0.01819332212497086,0.3062906315087926,0.12734086060702368,0.014694727504668777,0.07456408232778639
