0.12133360999690039,0.19233375128806995,0.05874049785488602,0.04587715588539382,0.1194980199211178,0.11427671710490318,0.12000981965368795,0.11507200330984939,0.11285842498519148
0.12131404446639586,0.13160350986533378,0.05894007362841084,0.05586106127001814,0.12299064136931863,0.12274421293098241,0.13327501116337262,0.12726572370229008,0.12600572160387766
0.07632309176355412,0.017621936643474664,0.381533261680629,0.10749580862418495,0.06818644026223664,0.08538922311134972,0.11624576865908583,0.07444228032822152,0.07276218892726359
0.024170893880923364,0.21732330171393446,0.2017857954953989,0.11344550121469123,0.08688028331569496,0.0767381283161461,0.11206593722100934,0.08150571889258673,0.08608443994961484
0.16381185388028086,0.04404594134234401,0.06700648598771018,0.07626319358086393,0.11926110017996172,0.10978493356410818,0.15963862209117796,0.1323142097852297,0.1278736595883234
0.23616799093185592,0.028811539533075654,0.09486145609025774,0.06063694519602474,0.10679851851664242,0.09464631143139608,0.15963076455162487,0.10936260913137154,0.10908386461775105
0.03444295707631653,0.16616851123776366,0.1593302946287862,0.09600998002301557,0.12332721718126345,0.1140094857656086,0.11084005687205202,0.10699826397050975,0.08887323324468425
0.06208162448698883,0.12304839350304482,0.0642891486580964,0.050662443032318906,0.14185613218034837,0.1500454184986194,0.11934459529742932,0.14383683917777076,0.14483540516538307
0.1332164515334131,0.14885183665646187,0.05809718277184331,0.04691903513568264,0.11965872153515215,0.1222731719906972,0.12663456927035147,0.12312479223239108,0.12122423887400731
0.2915137698084462,0.08171137428946222,0.06060538429976573,0.03823218506384366,0.10254152717512927,0.10434482528245805,0.10604701729935771,0.10981148934630168,0.10519242743523556
0.09725418446237503,0.07857612222114259,0.08914767515200776,0.049184846226617424,0.13753321036012864,0.16637953350874987,0.1009248143312803,0.14158480226218953,0.1394148114755089
0.204619295297098,0.061506648284074546,0.07803095574810522,0.09613277604389568,0.10553525810623754,0.10222567739715806,0.133259007993653,0.10753112717484013,0.1111592539549378
0.14728239783189356,0.03124380123348054,0.23117718951002927,0.07509140558863191,0.10464846783701447,0.11196608815939058,0.084613831705885,0.11383751632383247,0.10013930180984225
0.041138895181505035,0.020262954508985746,0.1555093323594052,0.11480279105387668,0.1314916701908945,0.1627437358346662,0.0900493586263602,0.14381025215840373,0.14019101008590282
0.10370510191585379,0.12158334425330952,0.06034087642459019,0.06902128505551705,0.1294772132918731,0.14618300053474473,0.10921055070668621,0.13228705341660962,0.12819157440081574
0.09126497117075742,0.1752386998890546,0.06783382114377234,0.05266670091231428,0.11846474212940356,0.12347644986269539,0.1255664950734574,0.12314834940382775,0.12233977041471726
0.10970677285751364,0.02273893948356404,0.2035603157945236,0.0562224805003192,0.11591847960916701,0.12204367716428466,0.1121540342859697,0.12581505218262232,0.1318402481220359
0.04354825459011442,0.0600331064946051,0.17790360285877724,0.04251093292689623,0.1269717802780976,0.14599348955440716,0.1285575378325732,0.13089993144459855,0.14358136401993052
0.11498185842918433,0.1596119364479929,0.058934171016470964,0.049314673141387634,0.12186634870036296,0.12468804149893081,0.12384984279004656,0.12402618083951004,0.12272694713611387
0.16409543683764782,0.03278378028618482,0.195717614241292,0.04195441964019644,0.10949243251974378,0.11808097983474136,0.10963477391041732,0.11349710447377896,0.11474345825599747
0.11498185842918433,0.1596119364479929,0.058934171016470964,0.049314673141387634,0.12186634870036296,0.12468804149893081,0.12384984279004656,0.12402618083951004,0.12272694713611387
0.1273843500765354,0.09208935468468953,0.11161010406646388,0.04870129354263669,0.12130994146645237,0.12252674037533795,0.12221583927684476,0.12526628389325564,0.1288960926177838
0.15612576365120592,0.08055680188397284,0.08338632265254227,0.04543128330409433,0.12320943487890783,0.12472920739962552,0.14238730197719238,0.1257721299632931,0.11840175428916577
0.03568187022685777,0.06013397060784383,0.13463924264341368,0.11744197479473613,0.11793675445088546,0.13354366296671605,0.14839538599784988,0.12329240665150082,0.12893473166019642
0.09641467464005522,0.16060469769715544,0.07089539759270204,0.048362290364799075,0.1226281203162718,0.12539388259259224,0.12892296151662594,0.12465884074511706,0.12211913453468125
0.10562688556031825,0.15443939777985569,0.06689832507464578,0.04488445698427714,0.12432400703397227,0.13033614611749636,0.11939924281458965,0.1265749206051551,0.12751661802968972
0.037075437610348295,0.0423725101881525,0.10220002180989486,0.14391079199921794,0.124032047066515,0.11832022834498386,0.1571700223221323,0.133745151528287,0.1411737891304682
0.07568029669699534,0.04218705207602382,0.18167842079719132,0.053912868591320905,0.12261292130783208,0.14376964881918064,0.10622854236052126,0.13444492284503637,0.13948532650589826
0.11872101530040165,0.13910070414855935,0.056224326906617446,0.053173460053854,0.1262689682791406,0.12723073264679124,0.12860070238368307,0.1263727985537638,0.12430729172718884
0.11578875555236386,0.13337963226958008,0.07536857317032802,0.044849137750706425,0.12310401272796175,0.1306123905107793,0.12176463992424769,0.12754863447513665,0.12758422361889624
0.10906900290602324,0.15895549471815984,0.059922654996128734,0.04903222573173005,0.12397861382106852,0.1258864406343549,0.12487761285327031,0.12588455674082397,0.12239339759844044
0.28761046612041324,0.0836947137508342,0.04428015987937552,0.08229304743579338,0.09441415808433755,0.0982686310393916,0.11567170881252486,0.0960569070030642,0.09771020787426543
0.1365362763135558,0.04908671291787523,0.07681885217917252,0.0597780647668503,0.13255490555831392,0.13742912590989972,0.14354191617239975,0.13330024173907762,0.13095390444285512
0.24119051027374372,0.08132357339614145,0.05746290970511505,0.05714960557314991,0.11181240092162838,0.10924588005361781,0.11575135488946116,0.11305937366445373,0.11300439152268882
0.08684889093570652,0.10392185246217434,0.10748096349514623,0.049355033618528894,0.12443570186026709,0.14617697876543248,0.12557397348771435,0.12913208585957722,0.1270745195154528
0.0258019853611343,0.05642199894493991,0.20084609470460144,0.14631233346384917,0.11829864989620557,0.11257157462999241,0.0887205416345131,0.1253288423240956,0.1256979790406685
0.08718141853771488,0.12512997159444525,0.050086496177225916,0.12318417888047584,0.11952299920125825,0.13538663688524885,0.12020712545633995,0.12234997258650131,0.11695120068078983
0.12660204183211254,0.080855924440412,0.07932176759905833,0.060156985694686436,0.13691185429967148,0.13478505229544477,0.0953974946303399,0.1422441430382747,0.14372473616999987
0.10203659365476282,0.1574697377073839,0.09780395743705862,0.07333864081870087,0.11078926745693497,0.11032337695274998,0.12127551059257007,0.11315695634328732,0.11380595903655148
0.2794979883533428,0.052505249886312166,0.09570275405141249,0.04792286806046403,0.10090454673318804,0.10223174044844846,0.10374862906810083,0.11142065547946532,0.10606556791926601
0.043888709604211096,0.08721630345326477,0.05762669029888365,0.12951817821442382,0.12682948346017944,0.1290442645179566,0.16535759181573542,0.13299628697222857,0.12752249166311655
0.0723492632505276,0.06617248774923555,0.09378680575986416,0.07666650876155956,0.1337061382933276,0.13122136771613332,0.13419489499126902,0.1411872628188936,0.15071527065918963
0.3450394255385212,0.020111082571185844,0.13198060153572078,0.06715876440186311,0.08775718490259,0.08035408772360576,0.08261524467684976,0.09275248693032907,0.09223112171933444
0.06921045930985069,0.04362968139766569,0.1757360279126354,0.049231145868669335,0.12237886175794188,0.13669509738908525,0.12113829800092492,0.1414718821987968,0.1405085461644301
0.09554060115342226,0.14597769385977355,0.05968916296480092,0.04816000470719175,0.12761722764285602,0.13253095004907028,0.13411430149789025,0.12958303990457662,0.12678701822041835
0.08813781681814525,0.1746654215712956,0.06212512624114979,0.045866469589163066,0.12934900717789607,0.13041653384613597,0.11223690274986782,0.1271881456945372,0.13001457631180918
0.11498185842918433,0.1596119364479929,0.058934171016470964,0.049314673141387634,0.12186634870036296,0.12468804149893081,0.12384984279004656,0.12402618083951004,0.12272694713611387
0.11498185842918433,0.1596119364479929,0.058934171016470964,0.049314673141387634,0.12186634870036296,0.12468804149893081,0.12384984279004656,0.12402618083951004,0.12272694713611387
0.15256171331482093,0.1541026716239857,0.06155035366154934,0.04614837033847854,0.1151452773839639,0.11797064497295323,0.1173768160517849,0.11797830426157162,0.11716584839089182
0.0418249080389125,0.048425697913892736,0.08704405898653213,0.11912725530860342,0.13518794303879045,0.14487003967978337,0.118923877128796,0.14767833075260364,0.1569178891520858
0.07928146745720373,0.12884818999544864,0.07470084856927542,0.06304849768295773,0.12788050764138378,0.12877571747232627,0.13511538189604455,0.13310372962374376,0.12924565966161605
0.06879046080348278,0.11595320234751955,0.07490549590288263,0.06457014390394296,0.13265483940046305,0.1360002202468293,0.13552076176888764,0.13411225932634627,0.13749261629964585
0.1739750977691313,0.008191070851345853,0.19415220267254993,0.23259767291492892,0.071731217159669,0.07310300057530106,0.08511247772998547,0.07830551158401543,0.08283174874307302
0.18427366240331877,0.10234409703007276,0.07266043214246894,0.058302295954082685,0.1122705972071148,0.11821369000503335,0.12584337139501656,0.11078046892105002,0.11531138494184212
0.10249638496785285,0.0725722529565294,0.11221476529242658,0.05229771101309492,0.12058534362606543,0.13862693686870797,0.15151335382730527,0.12418239475519455,0.1255108566928231
0.05966850123181023,0.0890211629543843,0.07109055524829828,0.09510107937669854,0.13274826029262968,0.16994199601726612,0.10974376795593736,0.14188091023567892,0.13080376668729657
0.09974426595207593,0.13548197338184345,0.07558663693159591,0.06895642062258225,0.1222274693451011,0.12352342076476704,0.11696508010038491,0.12735668051647808,0.13015805238517128
0.15531399070633567,0.12403026800863888,0.07563663085563217,0.04445645017612374,0.1188964264988005,0.12546679782890238,0.11382397649858485,0.12085386939156038,0.1215215900354214
0.11449663828055696,0.04114605447331385,0.1415313926873483,0.13337685400172639,0.10169290007410814,0.13499200116915516,0.13313008239723437,0.10322250229181706,0.09641157462473976
0.17965736757371845,0.033533097148488185,0.11723845945100513,0.11543210572582376,0.10736853754040894,0.0980818715365041,0.13819819432889743,0.10601739817407307,0.10447296852108084
0.10812218166474714,0.1567263856833253,0.06462209497507734,0.04823532307091075,0.12264056277085823,0.13101225640749375,0.12120235349819786,0.124433080194099,0.12300576173529054
0.08702559718398524,0.1907340540861716,0.0801705470550488,0.058360822389572575,0.1149774198189566,0.11760044691521697,0.1117729348251361,0.12196422825119409,0.117393949474718
0.13309328404841647,0.13802696629017516,0.06611187800828187,0.0502490707604216,0.1221921536380442,0.12359563443211836,0.11837894788236346,0.12519212698734294,0.12315993795283597
0.07689220530250357,0.037503536877315245,0.21888116059177323,0.06427993793854074,0.1191616306388467,0.14077832953285865,0.08180329389154528,0.12777557133770448,0.1329243338889121
0.09197632975355836,0.13914558165023125,0.06600947026798963,0.11638367392943828,0.12306614193522188,0.11671891188952822,0.11232095750965006,0.1183026291492751,0.11607630391510726
0.06646887449276934,0.010477804419017057,0.3057922014769334,0.10119272510990714,0.10605810387986736,0.1071711975319473,0.09662096746812332,0.10326885396592096,0.10294927165551414
0.05703812460663091,0.010025187041380635,0.19170663663016763,0.15973288852050474,0.09856133412407486,0.10203629970553059,0.15189505826205577,0.11135425146738231,0.11765021964227267
0.05719153253967202,0.23782837408500854,0.09227001925529428,0.06736247205554466,0.11145472990497511,0.11470885056643158,0.1036182832176125,0.11181256454242645,0.10375317383303484
0.10429788332198107,0.12997005156334576,0.07586114260780592,0.050764074732112356,0.12656299061218299,0.12540210227730833,0.1369987309869731,0.1260298283180724,0.12411319558021809
0.11498185842918433,0.1596119364479929,0.058934171016470964,0.049314673141387634,0.12186634870036296,0.12468804149893081,0.12384984279004656,0.12402618083951004,0.12272694713611387
0.08511080548045251,0.06926932479656964,0.10544225951143792,0.08496204895745252,0.12682056050266807,0.12059250043276333,0.15400455462570825,0.12825274219030647,0.1255452035026413
0.0893022814833999,0.11905647509219941,0.07953609472997801,0.04721371178811772,0.12858636678372828,0.14188065316379403,0.1294483574364208,0.13257154115724515,0.13240451836511666
0.23032600672911877,0.01927591930081853,0.18939353080656296,0.0730304970118899,0.09527326252532992,0.10723363906342198,0.08478609203482951,0.09994979778558039,0.10073125474244808
0.05443680301672318,0.22698450171054682,0.06470614299428229,0.10460166506835523,0.10372889789863345,0.10784077241762506,0.12390322820397455,0.10907776149210507,0.10472022719775426
0.09028470241713034,0.05713885882041573,0.2482592384500085,0.07707300140266742,0.12329533806782922,0.08731159621686335,0.0928618929497911,0.10693468232635783,0.11684068934893642
0.3794428218654515,0.018852552040457642,0.08112116654559968,0.04293071451433205,0.10368306664558423,0.09081432580511332,0.08515742943489063,0.10006734240490163,0.09793058074366934
0.0606002881709063,0.0316546090697018,0.14545730382683872,0.1252225487201147,0.12361319973490803,0.1449140069302911,0.09652317014262539,0.1250531034103654,0.14696176999424856
0.0407576422360838,0.046802438962337704,0.08005829221765143,0.06926082033132229,0.12486591335197628,0.16391217280928555,0.1985109380574572,0.13796575300278768,0.1378660290310981
0.2274623359574058,0.07118975622565502,0.08739006103070808,0.06008832632615779,0.10303186042559198,0.11747870752804425,0.11647730621126695,0.1112668364424073,0.10561480985276289
0.10202113130711676,0.12188481489090393,0.08383937239732649,0.070767848444193,0.12622586722477822,0.12893608845518448,0.10864984655914238,0.12964676043349813,0.1280282702878566
0.1260530204377229,0.13945341840594186,0.06148929983772966,0.04677247968744206,0.12109604743347464,0.1227634161435886,0.13611333354279945,0.12403088512262488,0.12222809938867592
0.08916472858136604,0.11165969459803309,0.09075018477560193,0.06171086321495913,0.12375547361492456,0.12238870129971025,0.1489345817419978,0.12634615004791708,0.12528962212549014
0.228279602078621,0.058285954788014314,0.06995852142608054,0.0665737344942073,0.10689896901201319,0.10562274633377765,0.1461452509743987,0.10837968966254284,0.10985553123034449
0.2100372505320057,0.018106660369490143,0.15467042341736661,0.09361843015545716,0.09523623924434878,0.1002805848161174,0.11799033629390439,0.10590431328895376,0.10415576188235609
0.2462197681633198,0.02925969350780011,0.17138019496495302,0.043160578140316604,0.10482243406645853,0.09901495531627064,0.0772751434510797,0.11410590983506831,0.11476132255473327
0.2698607355891811,0.01584480201363733,0.07340119205204113,0.1027900364307431,0.11002871061757934,0.09167338194541587,0.1132787718864472,0.10976487944381959,0.11335749002113532
0.10648993878708339,0.07429836906575488,0.0687040564243389,0.09501520049214417,0.12732720094051436,0.11951965060397729,0.14125839244114372,0.13363077036165505,0.13375642088338824
0.1312344307814816,0.10962531037856167,0.06689209043129163,0.10780630369259335,0.10942031402227607,0.11394284527472899,0.1314825260046051,0.11272212157562027,0.11687405783884124
0.03191816612212359,0.05471668654083786,0.19685734596809432,0.16248007884281285,0.10498395946800888,0.09917410758315585,0.13361678405843325,0.10595973562390787,0.11029313579262551
0.33440005842154097,0.03304362691599826,0.03946669686966109,0.08279895719306672,0.08751941949896236,0.09065814460148758,0.13798376129318068,0.09843967105701257,0.09568966414908973
0.030301140995722287,0.0405378155423996,0.1554354812649179,0.16423695457751594,0.11809295448644132,0.12799030975494255,0.11341662519969435,0.11745375062635921,0.1325349675520068
0.04310592007234187,0.04563632250890628,0.1121211882029708,0.1269874786519268,0.141089398630772,0.13690763625783198,0.10330711738586072,0.14364944748867373,0.14719549080071584
0.09736999269189454,0.1265924768192363,0.06832272625938408,0.05632543360856548,0.1252172466794799,0.12447889047999953,0.14488020463705875,0.12799578127833308,0.12881724754604837
0.07774080582654382,0.02176041241280355,0.2619942387641931,0.040157965687703405,0.10192651064594123,0.10534348456845744,0.14591995600317068,0.11892723396931938,0.12622939212186746
0.22569528355035903,0.051018148476892324,0.14241525025000087,0.04150316374363245,0.1062385248988217,0.12231767380053345,0.08855334113364403,0.11257871870724005,0.10967989543887613
0.10211919974020368,0.14756760179319808,0.061449672318450145,0.05572446601925058,0.12404839087671693,0.14421136544708324,0.11866813021484453,0.12497714424585676,0.1212340293443961
0.11036765770630581,0.11486181977111752,0.06131338935569663,0.051351018535197766,0.12843075202130091,0.1350560455147173,0.12801126416660133,0.13658334525431443,0.1340247076747483
0.1352839612085102,0.10675118062233223,0.08869031332746104,0.04332576538516442,0.1117389693539757,0.1268378039723341,0.14930216489343548,0.12141650559886653,0.11665333563792035
0.06466410914750832,0.023340140433778078,0.2483059423110298,0.05250029876947309,0.11068232291015605,0.1148632980307648,0.15544682110285124,0.11122984547986908,0.11896722181456969
0.08501771136115789,0.09967185288351528,0.07238948522718996,0.0944798810265759,0.1200715924702234,0.15015455389916674,0.09297923154506665,0.13009658535272348,0.1551391062343807
0.08167490355339234,0.23429188685938304,0.07845467879365568,0.06614494774822074,0.1172850949856883,0.10948522290127079,0.08522564682700622,0.1155252484463208,0.11191236988506208
0.21968688020830962,0.11925522869424042,0.059735553431703205,0.04340580996242157,0.10672529921982211,0.11084658326525872,0.10964987506008707,0.11573301159865747,0.1149617585594998
0.05895753970553902,0.2867139943171516,0.05783192203568691,0.06813814514203113,0.10062973296476135,0.10122918042742919,0.11847420102996525,0.10481946256026126,0.10320582181717435
0.0622020509213172,0.3417519414772953,0.057290443416197157,0.04891222638142693,0.10074205472449016,0.10048329567626517,0.08906967546985844,0.10147494252255695,0.09807336941059268
0.11498185842918433,0.1596119364479929,0.058934171016470964,0.049314673141387634,0.12186634870036296,0.12468804149893081,0.12384984279004656,0.12402618083951004,0.12272694713611387
0.06357583021132082,0.022795425923579717,0.22469390496916328,0.1082191688596383,0.1024866336237754,0.12638187194630915,0.13440665450516062,0.10858006679764791,0.10886044316340483
0.13218713654861133,0.11818549195500803,0.05402014701421488,0.0625493615642078,0.12426104884351857,0.12550771832464325,0.12471177603518535,0.12777204587245236,0.13080527384215837
0.07117982383914835,0.142325649988654,0.08866440825281262,0.0788044841086699,0.1235175447230047,0.1267725702180019,0.10047387499129916,0.13490145149927993,0.13336019237912936
0.1316882252137472,0.10193688996959084,0.08381275582873986,0.048293353101942334,0.12462286986085995,0.12251041978098039,0.11980971403414942,0.12794231993017824,0.13938345227981183
0.05826224701655614,0.030727740951627117,0.128231783664564,0.0996895884187217,0.12748332458940922,0.1488750669672093,0.1523671455294481,0.12445711615086574,0.12990598671159861
0.0734105525650308,0.26843577092571874,0.05842868205749043,0.052983156468603236,0.11121199008815956,0.11526530250894902,0.09822821768079497,0.11133699444833373,0.11069933325691948
0.028573415660846965,0.21204280514407192,0.1828224479324798,0.184510604377343,0.09019670424845384,0.07150353273585829,0.07146978156809115,0.07964887948756257,0.07923182884529244
0.2325846099959077,0.08916708863000906,0.08014642953471796,0.052692728097066405,0.10770931147613393,0.10887818175317561,0.10915198799411226,0.1109574116762266,0.10871225084265052
0.10612423959092647,0.09542147997846027,0.06483583346095591,0.16078200038041482,0.10888833171318497,0.11596836572832335,0.12508182716209168,0.11251402963795794,0.11038389234768455
0.0792749823071226,0.13087009410499273,0.052101127361314024,0.11547011159346428,0.12240412877969109,0.12398732448049794,0.12802875545294393,0.1233075840282369,0.12455589189173659
0.038202244579553284,0.025741112870374828,0.08843617197597652,0.1755497392653811,0.11492139482642354,0.10619046475354099,0.19534747232959035,0.12257831904330518,0.13303308035585418
0.035238892903376444,0.06294342442557674,0.107938382415802,0.13155212696329424,0.13355629820802215,0.1321947669642826,0.15099813414558508,0.12407863028214224,0.12149934369191849
0.12323520149519951,0.13129982022597655,0.05879131153073592,0.05804497388912618,0.12275347474817755,0.12173288325923727,0.13326546182076546,0.12510428486765587,0.12577258816312567
0.2567673675323177,0.1113405411421469,0.06962832762258946,0.06448915842601209,0.09968026780271828,0.11531530304919248,0.07767782782892614,0.1017347880186497,0.10336641857744717
0.28529556764280223,0.03593384752976739,0.1014881904412972,0.06741045595423872,0.10903640647031532,0.10802195507091338,0.08934027815959462,0.10657374776022399,0.09689955097084711
0.2919133455508811,0.13394771191183888,0.06316658077096886,0.07915727789362781,0.0812649238659389,0.08598630570802451,0.10021908110451443,0.08228637005132748,0.08205840314287804
0.05218980883304655,0.140347497395821,0.10083890383110942,0.08214113742915274,0.11483633318265714,0.141742044524773,0.10036037336089171,0.13490464580749909,0.1326392556350493
0.09506603400403785,0.227214360260141,0.04958870225696647,0.0689390215990524,0.10999356761832568,0.11186320362336617,0.11675030308982204,0.110577704048606,0.11000710349968255
0.08756750844929974,0.11435786256774268,0.09587113393199968,0.05504991550917888,0.12530435381618418,0.12939887146359905,0.12887224477239553,0.13426835896673375,0.12930975052286653
0.09669115462365906,0.071815241265558,0.0843122134693801,0.12106631236328225,0.1217766835202988,0.123083909040497,0.12064399726383006,0.1295328386617023,0.13107764979179248
0.39044986032862655,0.015080132813865532,0.076864139499399,0.1444601194883502,0.06844505942860175,0.07183350700587686,0.08432787841424244,0.07590773778364535,0.07263156523739235
0.1539589087802569,0.07290457727823636,0.10443662769179668,0.08707851041146532,0.11224502367921384,0.11582420414821333,0.10840502439046351,0.12292342442647208,0.12222369919388203
0.16282283126453992,0.045279771610203794,0.09975207956046583,0.05880482244847086,0.12472566275949386,0.11741543124068698,0.13631047291392454,0.12800077053991274,0.12688815766230152
0.248094489233558,0.06796386098081812,0.07327678328975824,0.08208316814567625,0.11269560050878835,0.11045390934722649,0.08640571712473762,0.11484540278526582,0.1041810685841711
0.19366440057526044,0.14663627428891443,0.10365866207077952,0.045432509767342276,0.09993119841283565,0.09859908722423805,0.1099807998190518,0.10517378010438112,0.09692328773719656
0.07789533634376955,0.0864186808806648,0.09123872042140867,0.06099449605848114,0.1299746312857773,0.12839645927811053,0.15870782492340071,0.1344242258754613,0.13194962493292597
0.04923621592604299,0.12133698274083649,0.07669809135951301,0.05056045832613642,0.13487364918151434,0.14783228338250856,0.13057753434469405,0.13924742175798308,0.14963736298077104
0.1083131751721969,0.1568129969124018,0.06445687210005373,0.048257660986144695,0.1226220507708719,0.13084247590851977,0.12127137398786174,0.1244238855785298,0.12299950858341968
0.07061140465074556,0.047653347627253595,0.14770578101761886,0.1626144895294427,0.11036077268043996,0.1126406460052554,0.11400810834349547,0.11671028896631891,0.11769516117942953
0.13881526233858496,0.08060618616376747,0.04759946323390223,0.1392776142334567,0.1130011179450255,0.11960815513960998,0.12858981301872419,0.1129180995116882,0.11958428841524077
0.1098992007130311,0.1592181243555487,0.059607475694012944,0.04874704296026647,0.12345944580579467,0.125521864491279,0.12378221104001781,0.12552582300538603,0.12423881193466323
0.06781533507691347,0.12956807849030064,0.05901457945088414,0.07570193760239534,0.13022877233034336,0.14487013367750198,0.12472479137785127,0.13658566493310834,0.13149070706070148
0.08382940218938566,0.08546802248753167,0.08635505223899886,0.05993699805809203,0.1278295548633819,0.1364928207251721,0.1509701307868527,0.13602168211261326,0.13309633653797184
0.17358855216638147,0.07054794359669947,0.06085084545806966,0.08612440921817081,0.11890159830638419,0.10968900438604567,0.1370976083380496,0.12449991001299103,0.1187001285172082
0.24532501712135044,0.07125918356720601,0.07171845675919837,0.05483140709770242,0.10752463530918858,0.10503975043803511,0.13058101415450393,0.10669846636655207,0.10702206918626311
0.31397121670914657,0.04780813810109829,0.05852624605609564,0.10410318520265088,0.0908297726742402,0.09224289669687573,0.10491960561494867,0.09155822580526553,0.09604071313967848
0.030086338874819374,0.06384800764870474,0.2912438901801247,0.14889215491741248,0.08183845707102229,0.08857123938690588,0.11524756526632662,0.08882284779382837,0.09144949886085547
0.09112080172799879,0.12171782773816993,0.07771295870814986,0.04733351608456957,0.12826597581644447,0.14075421603492097,0.12913939095141455,0.1321065163406741,0.13184879659765772
0.4121837806821358,0.013956265776482268,0.08877962904318099,0.07457471022908164,0.08246534466135974,0.08372627705818823,0.06806226132924255,0.08884202298617809,0.08740970823415066
0.13102167479018653,0.03458052138268109,0.10712905245211961,0.125497904940772,0.10074016366706277,0.1365489310464131,0.1413250240970994,0.10601135484317582,0.11714537278048957
0.11498185842918433,0.1596119364479929,0.058934171016470964,0.049314673141387634,0.12186634870036296,0.12468804149893081,0.12384984279004656,0.12402618083951004,0.12272694713611387
0.08112766048856146,0.10905953816361384,0.09979821889657019,0.07968298081903565,0.12961960560000613,0.12736043472882733,0.10825308435178693,0.1340998737394228,0.13099860321217563
0.11498185842918433,0.1596119364479929,0.058934171016470964,0.049314673141387634,0.12186634870036296,0.12468804149893081,0.12384984279004656,0.12402618083951004,0.12272694713611387
0.11498185842918433,0.1596119364479929,0.058934171016470964,0.049314673141387634,0.12186634870036296,0.12468804149893081,0.12384984279004656,0.12402618083951004,0.12272694713611387
0.1295288257963984,0.027275729366591672,0.28377120948601564,0.1017680517756972,0.0986461335823182,0.09982109671037298,0.06412485794634913,0.09436512737946395,0.10069896795679277
0.06640909848500921,0.24572641111870783,0.06532388097193254,0.05676234397302352,0.11464149915224535,0.11105658382206529,0.11537071648417223,0.1117696077048121,0.11293985828803195
0.030389650386599538,0.03972996734895997,0.12410953139840382,0.2064822109885139,0.11121668639949996,0.11229050009796365,0.1281655127535958,0.1187535563512145,0.12886238427524885
0.0852632453393171,0.09433638883687274,0.09200181274361785,0.0963132844144924,0.12450727739121285,0.12914859984518298,0.13319229782823017,0.1254351084026347,0.11980198519843926
0.04274078219802938,0.05046950190304108,0.17504498029920898,0.1290410502653987,0.12010360956537998,0.1392083082431717,0.0844073783699567,0.12893264556651005,0.13005174358930346
0.07521090879091748,0.2143982987235412,0.07329582708480818,0.061418415223654745,0.12914421482929825,0.11793576201746203,0.09481344524635427,0.12025785908474095,0.11352526899922293
0.3584552054109868,0.03168586378503364,0.04873439819920286,0.09084338718615072,0.09212245650909044,0.08854717174311914,0.11214629171709338,0.09044358827527155,0.08702163717405147
0.13254855568924664,0.12751485411719785,0.05812718073764551,0.059802512308544165,0.12144549854618296,0.11973197842875022,0.13278939117040126,0.12426450717483423,0.12377552182719713
0.28524729608072497,0.08023356460161819,0.052607580582341974,0.04927795554122643,0.09502026142886372,0.10277956491171332,0.13352840001506638,0.10348598491511829,0.09781939192332678
0.06317292903734038,0.13722965680592436,0.06074879418960699,0.054894625018378385,0.1328251724516716,0.13990969754584692,0.13653967184893465,0.14144034147383233,0.13323911162846436
0.10482535042891288,0.0945714506963824,0.0634490762117171,0.09842499660445542,0.11844640301910937,0.11981804796387859,0.14909405936852957,0.12470057335261235,0.1266700423544023
0.02982785103886988,0.07764794290604615,0.07360793314289478,0.17148847310909,0.11974770443346394,0.14568458254637118,0.13867571376175702,0.11753319410462858,0.12578660495687846
0.09197630660355553,0.1312867466560457,0.06005196702291237,0.06767776821809632,0.12863240055766015,0.1331199856562842,0.13134047780255742,0.1284150780614737,0.12749926942141457
0.12322596226791832,0.1518517540011047,0.0670914020126566,0.062021097899932674,0.1384755019471524,0.1174042466329583,0.09300713049532013,0.1263405837299366,0.12058232101302031
0.11990315045777107,0.11568255647664914,0.06931967607276163,0.044188664560355244,0.1343130154684323,0.1339553274491163,0.10959373980259236,0.13505375434229103,0.13799011537003092
