0.3399593829820408,0.05657423139453111,0.08410468266771669,0.08638572417533108,0.0955592033810992,0.06622203109458792,0.09878695693070046,0.12230128906426141,0.050106498309731275
0.24211215890659218,0.06662039352773232,0.028187568378331165,0.20768816267920373,0.20188386113847326,0.03465466350949233,0.0720439483288204,0.09394391353035686,0.05286533000099778
0.06829468662405079,0.17029661267699323,0.09954050578908387,0.05827807001272769,0.29101547725102606,0.06449345426220343,0.09332143729068572,0.07131258800334182,0.08344716808988739
0.2323971301472889,0.057686961390351205,0.04373538631000076,0.1499385192205854,0.07859245638622005,0.0858289947233638,0.044145937084253455,0.017846694822615427,0.28982791991532103
0.23698341596371017,0.06542865267593978,0.30291920253201093,0.04086570412316839,0.10371895826766074,0.018894322818216257,0.14968311688500294,0.029366168298079916,0.052140458436210964
0.3447686684535672,0.026557033647042216,0.20013794168706647,0.12679972965544814,0.056111251684911045,0.013444806004106344,0.11417994651178011,0.06477803611610411,0.053222586239974334
0.18021601101479304,0.08649227001639571,0.13605810806107985,0.05177282613592831,0.07396164442365454,0.21191965445370595,0.10368624277456817,0.05341900262945167,0.10247424049042275
0.39583561835045095,0.038984512994309044,0.06079703164416863,0.16092641741743322,0.10375282169370058,0.015143377446971612,0.15267986281248427,0.030070837435372515,0.041809520205109175
0.48678033571197377,0.06372168822391493,0.09139577316466486,0.05822584007111122,0.14515431999625716,0.01786722613852589,0.07558040634847074,0.029928233942680727,0.03134617640240067
0.039265738563773016,0.12492498606199716,0.17146304109469804,0.18009367868424708,0.07441178632347027,0.18709907298403874,0.08053491349394003,0.03264367210622029,0.10956311068761539
0.37151685406716384,0.046392912466126986,0.03022379135009588,0.04866067017724912,0.10545954273328224,0.02584116128510185,0.2891120190740112,0.02157543308145526,0.06121761576551361
0.520032914032932,0.05978460252809151,0.09126146154712916,0.09449841832097161,0.06762292158942869,0.01516754293458541,0.036915534541098124,0.07813282388374158,0.0365837806220219
0.07948258655537478,0.053007670565650665,0.19387571790151623,0.0721697632123466,0.19912640391521755,0.13055484631555334,0.16502511084066113,0.06842818100207286,0.038329719691606874
0.01664485430431283,0.3803831688525718,0.07149432696263236,0.022826480111473965,0.05557618207645964,0.13042175886928742,0.03587678483179551,0.20609313153212475,0.08068331245934178
0.23935132505741352,0.058691582381826014,0.04460366488790901,0.09596251711185211,0.09903440180174054,0.009859481848886303,0.08325996833615595,0.3197900324671656,0.04944702610705103
0.0592729881128996,0.36436091934136866,0.01783051943612596,0.01778749867888796,0.1074954260883238,0.27743464205776064,0.07597111698414974,0.03689221655850877,0.04295467274197493
0.3223243701052169,0.20235356484980513,0.01571727615861496,0.03922397320065323,0.1568095619006726,0.018876408561468088,0.022724669568831762,0.15680272858886127,0.06516744706587596
0.054304634715761836,0.17867148365730337,0.060300882018363845,0.02622217373633583,0.13060358213209983,0.06780064019056797,0.40673668529921825,0.0227161174867594,0.05264380076358979
0.14354965387918153,0.09163785440397919,0.03391181068998869,0.18244525793520208,0.0767250570486046,0.0631012776012811,0.085507538340222,0.03169718093458948,0.29142436916695136
0.3602516365122086,0.25818360209364927,0.05487962537945065,0.045665167053495714,0.051597978851227765,0.013802930051369471,0.055625334639514,0.12326612203168812,0.03672760338739639
0.18992121265272144,0.043818930013552304,0.05541848036795208,0.19907660830529683,0.058368917409786496,0.009106269691288844,0.36466544667049944,0.05988304025786897,0.01974109463103367
0.2661984478902823,0.12426401623354566,0.06863445564053253,0.13771392725101583,0.0793281309484283,0.0428158127908147,0.02214156125712428,0.20708276049696314,0.05182088749129324
0.4117997479344527,0.06461833560761504,0.05883317612265245,0.15253225548228422,0.052545088315565314,0.04483053430787436,0.06906555344542932,0.09491216739111641,0.05086314139301005
0.06859524598031096,0.03041870129303023,0.09017734225947466,0.12379918194863664,0.12385390628064681,0.016723817995022466,0.2694306283060741,0.2517054695722222,0.02529570636458184
0.5878492833049852,0.05649099345275697,0.04383374788966388,0.08546296807619985,0.03485368603566233,0.03128255761534176,0.03753858445601124,0.06730271344562228,0.05538546572375643
0.6345333716285207,0.03273424694538798,0.04613791353119048,0.08699966473541702,0.052618489654260414,0.018032262336075085,0.06245431194870257,0.015137073273414438,0.05135266594703126
0.1520595690076051,0.07870199128586723,0.1553628896948253,0.2919156179138603,0.06676108905478918,0.029882521570583787,0.047057444746401056,0.05946318032336264,0.11879569640270554
0.07421473036889567,0.06806641781994163,0.11856640157589621,0.04306135832179908,0.05181116658002317,0.4101344360223389,0.12402126744149806,0.03600410972176057,0.07412011214784668
0.44043687778366997,0.09535864710963575,0.0674930745358475,0.12164106472334595,0.04063663527443933,0.020120970373321494,0.14085738645792042,0.036775997402410034,0.036679346339409606
0.25119108244104243,0.09473348845589706,0.05493098558217415,0.16910490997071703,0.13797773324359972,0.05747502556456341,0.02743105893887648,0.11283068007957564,0.09432503572355404
0.32127490186815666,0.08621468102539838,0.05613722664321317,0.16510753361038036,0.11583504139983662,0.012786963382614572,0.01747246545521682,0.1523206583328197,0.07285052828236376
0.18544793818630045,0.07032973542621439,0.10788787988812253,0.08252860167562447,0.1785727256360828,0.035210492923998915,0.06287407623465818,0.2340329199744914,0.04311563005450683
0.11945399378206824,0.15784897708717013,0.27155567853380874,0.03512195641170899,0.19361145740662064,0.09793339408723285,0.05476967482853027,0.025316260342735455,0.04438860752012474
0.28637086580018484,0.059382045918539246,0.09333583513389083,0.07215580266995227,0.2510956231361499,0.01111082084594371,0.11787099204658558,0.08355898167300746,0.02511903277574617
0.0939282451394914,0.15081660144333006,0.14657113322309864,0.05451104476666333,0.14903563685298335,0.08868855056916884,0.18808421665904676,0.032114061808306706,0.09625050953791087
0.5036120691534237,0.029057368054191863,0.07522781046050592,0.07461904131491366,0.10110767738815758,0.008054085672653108,0.057277043005535565,0.10545365629594455,0.04559124865467402
0.4359999271195825,0.027224125598842144,0.0625840923602608,0.04850036955668108,0.16107044163958836,0.01346228810468214,0.17685923868927797,0.022514580721817917,0.051784936209267045
0.5439095056156306,0.038607363443253696,0.07557721240431535,0.09144147658480005,0.024215854615963348,0.05198813758669729,0.06890403360430002,0.03786795594391601,0.06748846020112359
0.21678426071128465,0.08501694471655392,0.08768082244947654,0.050155851819064644,0.0557873982852582,0.10829618454517702,0.2506266283736685,0.04940599499903453,0.09624591410048199
0.141584747076517,0.07237983623523961,0.05071630804417617,0.41434491786493055,0.0818063155659055,0.02094140132196236,0.06104602631897508,0.07312890508412573,0.08405154248816805
0.1774220389368495,0.12661366259027998,0.04786850744020382,0.19367880913487726,0.11604942750678728,0.047640043346392026,0.04876345695625101,0.10316616969820865,0.13879788439015053
0.5438855996048206,0.03571581761541936,0.030998623502599302,0.12144932037746707,0.0689862156423464,0.012349608452710138,0.11992558837252669,0.03384718354338782,0.03284204288872259
0.12155669177829707,0.038816501604049085,0.09136107920536463,0.11937638046098577,0.10587816781134768,0.06601520465666523,0.3034913442221689,0.10363268749806286,0.0498719427630589
0.0761579694541622,0.1788284835978237,0.020384618122146574,0.12341164237039003,0.260664789158911,0.031562112296961216,0.05335837287656098,0.1814448631904431,0.07418714893260124
0.04185625993586329,0.26222774179691344,0.1411317991125545,0.0988807045503407,0.1537460505243122,0.12047269912714315,0.07323934811052514,0.06311447517332167,0.04533092166902594
0.16794466016862886,0.13076369653032907,0.15715853128950538,0.17765174296777517,0.11235102340833787,0.024979953461025065,0.037020678715240694,0.08943731956296545,0.10269239389619243
0.14368111001717146,0.1253488968729208,0.1757977112873131,0.04454600517800902,0.05727665167019397,0.09073501964242837,0.18848760046557742,0.11854841039527997,0.055578594471105726
0.28042619799321317,0.12833535003623855,0.05875347528752325,0.139898834341843,0.22485349527989876,0.015232049938526946,0.01895230161837517,0.04728556318623204,0.08626273231814917
0.1283936407296052,0.18611807292502888,0.16346686430004914,0.06046138561114569,0.08905472558646584,0.057626906676602335,0.09117568072720655,0.06211941809638539,0.161583305347511
0.2775850146884855,0.09240706241793052,0.039993761437988946,0.12076582950328867,0.11452013461478609,0.07495884369772353,0.04273304406947689,0.07820272693315657,0.15883358263716327
0.24568286316669474,0.09465297460195743,0.14734654279344575,0.07119373284124751,0.11266462553089425,0.1364458152613638,0.07951769798112789,0.05099530917786946,0.061500438645399176
0.16680306860825733,0.04156149255783762,0.1620741682429969,0.02725429806130002,0.21382512146066665,0.08498422966449069,0.14883230532922523,0.09179828547874731,0.06286703059647826
0.0766626578980912,0.09794586973308517,0.13457982528350407,0.17994962161523512,0.1628738316737037,0.1161822649099231,0.05007104962206236,0.06208121929009961,0.11965365997429574
0.07426341833154158,0.08277105488494317,0.22131048476497206,0.025188176891731057,0.11848924499542217,0.194246091333906,0.1913587948248853,0.06382829366758234,0.02854444030501643
0.4615997687460737,0.04813758971239853,0.07534111319082581,0.15849757678604695,0.07591874307192699,0.031792569975663605,0.07114108519857425,0.029206103975410378,0.048365449343079736
0.5881694938840413,0.043180292002820614,0.07826477347366674,0.05399504703190335,0.04236400001123611,0.04358956588714372,0.08232415820782661,0.013868467482451616,0.054244202018910115
0.3169670742691412,0.098192277795632,0.029829353745887938,0.2273244201595156,0.11837712356122458,0.04982003210847904,0.06544750897720066,0.035120508350586783,0.05892170103233229
0.16510285333332556,0.15183972130411924,0.06359306940571528,0.14423017566865837,0.14434617455252127,0.027781505980269388,0.10470932588970168,0.01543214995014991,0.1829650239155393
0.29077662804702675,0.05503857015499853,0.1623658912160422,0.2042712164015146,0.07941303424296298,0.05769025867300933,0.06170821996717835,0.023082701560408387,0.06565347973685888
0.39802447217385195,0.07254466096563529,0.06571017192946756,0.18167897574446634,0.07956805701865877,0.028596772153976473,0.08934253410335764,0.032399176142868275,0.05213517976771754
0.09731469276481897,0.25770209853620274,0.10847967412111242,0.021724058010858013,0.150250474285771,0.016666418014270778,0.014111997756269706,0.2756027203692564,0.05814786614143985
0.08996047643306086,0.16071092401788648,0.33809595823692745,0.11311917443969151,0.07392514638107062,0.028202087735420267,0.0539354442499291,0.07186811044419639,0.07018267806181734
0.16673717737766788,0.054150697981871325,0.11050822215975357,0.09445170977422546,0.07224694333749332,0.1721183885190767,0.11452063017365009,0.03028905999012491,0.1849771706861367
0.04329993445750572,0.17084188226693162,0.23781470026053356,0.05524205105988709,0.17691786216441452,0.12608470417377718,0.09640000476385947,0.04200809037466068,0.05139077047843007
0.5197765584668056,0.05733467004184654,0.07837414605350597,0.14241823848577728,0.030555382203739257,0.04736732941136107,0.06571677902389851,0.028295102327708682,0.030161793985357104
0.09776085135903141,0.08956235600742268,0.19745111929600287,0.1870644303640411,0.10264647980394255,0.019122779849385155,0.09285234290616985,0.04469984743368525,0.16883979298031912
0.4760505164822831,0.04148310822266749,0.05886577799858103,0.056230633503859574,0.13217208946092712,0.045933927462090664,0.06811534495129827,0.07355776184562207,0.04759084007267065
0.07800426985380063,0.12844767468850835,0.2520174904260764,0.05051682660340904,0.07353846514037432,0.026745848677612514,0.24330838849694056,0.11184279073070093,0.03557824538257729
0.3522627591605559,0.07560774858267649,0.1514972222704228,0.0714043578227941,0.08642227708136609,0.06598349649621278,0.047999600428548866,0.07608394089818686,0.07273859725923616
0.08369560886609756,0.4895935805649187,0.05817074370458691,0.04047898266649271,0.05950230226060871,0.051290855818974745,0.04018005266657992,0.11177463464466575,0.065313238807075
0.1668012759985182,0.12037712378353621,0.12681316615067914,0.14781173553522664,0.08944269930447198,0.06608838706986686,0.07789270861182161,0.09656794417965388,0.1082049593662255
0.28745131358357684,0.13143310507590397,0.11229498913171555,0.04959156486118623,0.05516446645730524,0.03863119703839816,0.1753040350236544,0.0805677173211678,0.06956161150709184
0.39016992041722703,0.06151335304425291,0.15624842551616405,0.06968077838603683,0.11205800787777365,0.015894789155143214,0.02727633985751647,0.09599938386483853,0.07115900188104735
0.4183993046629042,0.0725383460131503,0.08446338575493724,0.09033450993650034,0.08716112587143171,0.027288075548532967,0.12029508998739032,0.03257386166365064,0.0669463005615022
0.12109566737397204,0.13594207484169968,0.1388716463379329,0.03301504636225797,0.22560852415956759,0.05830760785165778,0.032850739885065205,0.22666584440257884,0.02764284878526788
0.2471824011590722,0.07630361620396585,0.05754657119412688,0.10866824432824673,0.1559918323539911,0.021413617008118044,0.2068641590605557,0.051577006657202495,0.074452552034721
0.4324305122582701,0.06941357947846792,0.13406373699137966,0.04117076117262743,0.08735572679986912,0.01575363841490886,0.08673340443948337,0.06203393441091873,0.0710447060340748
0.13777958290725215,0.12840709065236997,0.1423977388527379,0.04718517156749935,0.1666860508304244,0.06671519418754925,0.037855057731701086,0.20031963795636035,0.07265447531410554
0.23049043845284592,0.08441717820071032,0.10302724282268826,0.1531555049379064,0.17646902924844887,0.02600535725639991,0.11863087420130031,0.06918411536552264,0.03862025951417749
0.3944179070373173,0.08117067560293902,0.05875984744413151,0.13761852089549814,0.041367920995815995,0.041797923076976135,0.17770638650004708,0.025653865810402215,0.04150695263687262
0.09653464790296079,0.06267615613489962,0.0429759755494784,0.4229342321678356,0.1305459615135615,0.08072431271331491,0.03829085337956109,0.06518551227551271,0.06013234836287543
0.6090409664397823,0.05632375099600199,0.04389555362496315,0.09996244184289853,0.047028536444504936,0.01698138608959045,0.054528087396673225,0.015391454032993343,0.05684782313259206
0.5595864763686343,0.06734217446923768,0.07042092633042961,0.0839263778035572,0.04128613298584435,0.01626856909995188,0.06156269746813415,0.018032150634185045,0.08157449484002571
0.3725725964249193,0.05718855308733053,0.09360398619445924,0.1415658312754432,0.06639396166480004,0.08973081169101797,0.09009433957663082,0.025249732752633994,0.06360018733276494
0.03214266516531414,0.08225189938527017,0.11090465938016253,0.025841850199408257,0.19040782660507785,0.2524096101159766,0.20219711379992913,0.04725096937758016,0.05659340597128102
0.08610898351601064,0.1553567593282959,0.1328603979770849,0.07713716693712776,0.25979879806641293,0.06132795437857563,0.11721393745434787,0.048223954997557834,0.061972047344586445
0.0830275429310364,0.09031494774826915,0.12759810965821164,0.03803253549380097,0.09643101530340319,0.3004423508932044,0.14100614822404148,0.042070808902283686,0.081076540845749
0.0910928990210768,0.15831062277431543,0.07830817245922313,0.04973246992906619,0.12354375867202633,0.29169603144999806,0.06168235237842477,0.07747396500962792,0.06815972830624127
0.2974855709446735,0.07969514826483119,0.1623682931747473,0.10081443545452075,0.04057135085962219,0.10932768561840799,0.10019638799076441,0.043078244601877695,0.06646288309055506
0.2487147794435167,0.06795559329904095,0.08949138733741836,0.06242592502340676,0.13461408109467357,0.0473829210221959,0.06685092822076895,0.08457433814137504,0.1979900464176038
0.258878618097885,0.07193360224168303,0.14171062700994427,0.07038564774114354,0.10126810023422651,0.034961874527422186,0.04565343215445832,0.05055983512861939,0.2246482628646178
0.10267608114955225,0.07589857205019947,0.21178740681075217,0.04643679766600284,0.11984716935368582,0.021472378677867804,0.2603276458603934,0.12092261058912511,0.040631337842421185
0.30951684580282396,0.08873524490391467,0.08978957095146384,0.09367816867399321,0.2118261431256089,0.018068232510876695,0.04570466471440413,0.05967706409341136,0.08300406522350312
0.33331166964617504,0.09922319197961066,0.05508185408038659,0.10286342606246973,0.16730577881059328,0.04233443312140043,0.04309882597743639,0.04458246640480044,0.11219835391712747
0.39300287698856096,0.09057422576035168,0.025910312292870826,0.16252557240244125,0.09001963492087388,0.016984029365426034,0.0643407298482503,0.07494239840711621,0.08170022001410886
0.15586696700022803,0.16438395049579577,0.10209053777442606,0.1288566288815942,0.11776408192543553,0.08650508398837053,0.05959252415296745,0.08716498513812505,0.09777524064305744
0.05060474765773021,0.1269332142865728,0.29402575823921134,0.03714740471557357,0.12120357288131987,0.17004213399091783,0.03497553238499416,0.11168363348243095,0.05338400236124918
0.2535488245213176,0.11528589505388215,0.0888846174270827,0.11718023628308448,0.1716098247074592,0.020839372363889,0.058545927458445966,0.09228966206979035,0.08181564011504851
0.3079588308660976,0.11701089790149949,0.128509484876163,0.06279007561389338,0.14956782371642693,0.027219983757423155,0.07111816567350425,0.0678367971322253,0.06798794046276688
0.04124917979964241,0.17874073444758834,0.1362619068924974,0.05166655640222532,0.31138754887082715,0.1535089408922952,0.045824774530445866,0.035233755942680745,0.04612660222179741
0.23856014144206084,0.06828623722832532,0.0780201308566975,0.0978616222804164,0.0925951420416928,0.10706178731566252,0.06836848461188744,0.17901071381418054,0.07023574040907667
0.5156191633855304,0.13238002632180246,0.032517836302140356,0.05689030388107189,0.09857326924583311,0.033436346462115116,0.029868150883530297,0.03882727977088637,0.06188762374709006
0.4899260398878315,0.04199675725523313,0.07502592985447025,0.08553297559776067,0.03827564827357504,0.06192976214179539,0.12950187715861253,0.033503458681983615,0.04430755114873791
0.22925427631169928,0.09825236826985333,0.04321749959078149,0.15970947943939182,0.15990475740733223,0.032091884451703995,0.07756831982506365,0.14920505641910956,0.05079635828506459
0.1545541256018589,0.03830869753548675,0.05001036499377031,0.09093003300106939,0.3710317425463961,0.03703799659091001,0.15807664674732894,0.07514898558538764,0.02490140739779201
0.20027586515650683,0.12975943595699904,0.026556456918040584,0.1253107259924788,0.18712569150658698,0.06491181541873424,0.02688630166572513,0.11615049594712042,0.12302321143780802
0.019663851345077987,0.2481634799163256,0.18035553093924425,0.05788638392815756,0.24446219788404489,0.053535495975941046,0.0670308906484353,0.0850120169688877,0.043890152393885655
0.15629602601048695,0.03980362020353362,0.16322102158748106,0.24649229597874567,0.035697981270635705,0.16564392132212968,0.0989726599492714,0.045447980768466456,0.04842449290924955
0.05079565566503679,0.0992486453516565,0.11784115157900095,0.0342954765720089,0.15286065831394335,0.1453830159063057,0.11988754027423532,0.03770862441705115,0.2419792319207614
0.3829418546305363,0.04530428644278108,0.1024964519765914,0.21071191246117768,0.052571656119415756,0.029623818181058716,0.09600197215413442,0.049363445988840675,0.030984602045464073
0.35711867459913943,0.07596089981445929,0.09066861956553163,0.10019937597779072,0.11924779732386519,0.036954937971410584,0.05245073395617574,0.06289379421967621,0.1045051665719513
0.29178365455794947,0.05776809425108905,0.06053431410341947,0.060419531445740804,0.08535763705087708,0.022701091637513698,0.2632806069541278,0.10538455526256531,0.052770514736717365
0.050662373208317533,0.08223500381762942,0.06512947354426613,0.07784000044224806,0.06788324851798407,0.21430808905080032,0.3837563958739067,0.02828855818006942,0.029896857364778536
0.11708207363804475,0.11685822915984384,0.08934942057357208,0.027186729151319203,0.19598491745148508,0.1750221086579726,0.1440993110103925,0.08588745156131822,0.04852975879605173
0.44521129981668944,0.0575229693608483,0.04481444104663404,0.053766624979636156,0.08628326382537277,0.13794304337602473,0.05423216523613742,0.056646060602246695,0.0635801317564104
0.3319446056595248,0.06975585272106807,0.06756383363691376,0.14954116446853497,0.1870520487572989,0.020997554620648895,0.03241616207232432,0.05314172237060411,0.08758705569308221
0.18559852756178863,0.18296935380889834,0.16514963750191938,0.03549875958513019,0.06657600137150647,0.14353052470012487,0.07269507470134594,0.04687135215636536,0.1011107686129208
0.37808333383667936,0.06870703978007765,0.07341664061465887,0.07019986471679439,0.16151465063012882,0.042207283573444075,0.10439498999065795,0.03170176244992943,0.0697744344076295
0.05015881385210067,0.24162026602074707,0.08894211215320234,0.045125576132702516,0.3288879571069448,0.06503745441872594,0.026334764433308427,0.09249509730714894,0.061397958575119295
0.05070920465878914,0.16480323891754559,0.1192181674582069,0.10262772687990145,0.08690237022224738,0.08694064734682043,0.026428540787380703,0.2620149557302372,0.10035514799887123
0.1396225153603862,0.10346268650501715,0.16082859384350942,0.023766438376929263,0.2851773955840032,0.13137677751303625,0.04637450928766098,0.05285131225688274,0.05653977127257476
0.46058134021570357,0.05840765656861086,0.05230781993544281,0.06567414067027429,0.06590413064597268,0.05215882368817488,0.12695953291994722,0.08004710283343043,0.037959452522443295
0.24014507212194522,0.08058490724712604,0.10714455002355712,0.08979505923868301,0.0914547152413077,0.05078148728930406,0.2268796663700536,0.028873576641315665,0.08434096582670751
0.10406695937741654,0.1304159606106403,0.20471308101334615,0.048213252877355596,0.06352356213120458,0.15848533378180885,0.18546235960070245,0.028567378326459437,0.07655211228106606
0.35226075056699013,0.030862193204380897,0.15264039369032475,0.04896168090766856,0.08801203126691061,0.0550188614569436,0.19348275462848039,0.00774446066250224,0.0710168736157989
0.2068637837014481,0.09136207078886403,0.11775372441106231,0.12188339150591461,0.06251805071609522,0.0831905807759961,0.03264695880223121,0.03188927987827133,0.2518921594201171
0.06500318991258801,0.3167932937033933,0.12473706361937287,0.05438660974089992,0.1915967892402298,0.07177775686834896,0.0423552424755983,0.043727254946280665,0.08962279949328812
0.21945341380852634,0.11441438570508385,0.0919345099305476,0.040971471181910545,0.17673837513489157,0.13312638476219293,0.03305669990469123,0.1458516576602859,0.04445310191187002
0.052605758896968106,0.12591722339467953,0.1907515797002649,0.09605910711016823,0.17791739314582658,0.07580882481490077,0.03191429806293784,0.03457266322001377,0.21445315165424025
0.4166330880520837,0.05295487983228018,0.10482467882635509,0.09998454005222442,0.014805759609599347,0.04657713094530993,0.20452181047333365,0.02207079760945028,0.03762731459936335
0.12590458532141105,0.06040237886326808,0.17512476929986395,0.06857826143935498,0.10407898323596447,0.3396417645344909,0.051982620271487534,0.02872314386155765,0.04556349317260138
0.12607609886445414,0.1380605507558181,0.044920310718768224,0.085199426667326,0.052045613086398906,0.2663508934526397,0.17866332657283399,0.07363218801426459,0.035051591867496235
0.2809745125849107,0.08380155074271294,0.047494315756648024,0.08853933946075175,0.1344595471702468,0.033355819290583406,0.158877567565029,0.12933716981749852,0.04316017761161895
0.0543179107528586,0.15884950497163763,0.1956037316537178,0.04750126130621043,0.13000500590169287,0.10484315859945877,0.15553748891054994,0.045334440170562394,0.10800749773331153
0.2337432286436795,0.0887023928118957,0.053561944435708136,0.17011417907702606,0.10787604933161647,0.08101164870908288,0.13846094650082752,0.05984802646619706,0.06668158402396669
0.17854134449957415,0.0876419400654981,0.04460999195688786,0.10581403507417275,0.17426962037697183,0.16519952633365312,0.055277218601896015,0.04328869231476871,0.14535763077657757
0.024179464808714097,0.11165488290959232,0.0800202982407804,0.3283832850329497,0.08351838236070475,0.07795307482610249,0.031231035588093297,0.04224006682399184,0.220819509409071
0.17682018102030397,0.12734534747030538,0.11439249073985273,0.04066802127692615,0.3169139863403742,0.08613143150141983,0.024807958438236133,0.03902783826569043,0.0738927449468912
0.3532091010506362,0.07154231900138354,0.021554234437149,0.02311534609114113,0.05586474417987186,0.11571496006266992,0.26403714761021585,0.06540138151520279,0.02956076605172972
0.30660859506066324,0.0639086991181616,0.0914404444769845,0.35299381454752665,0.03765276604263743,0.02309265559761332,0.0319018896254469,0.0446545821276498,0.04774655340331649
0.12322418827966143,0.09757601595212273,0.08333799462618109,0.05879581683032076,0.24131592382446762,0.042216300426832186,0.0521113122175094,0.26325955886455926,0.03816288897834546
0.1914370733360081,0.08721863739211881,0.12263382125604028,0.12481420512520369,0.1260443758486621,0.03299120408653399,0.17898514695840548,0.0672512213907832,0.06862431460624437
0.5506630210058329,0.024932899620757967,0.06954066350959857,0.1464454772434359,0.09254261751662106,0.023038072145799355,0.020077937093715914,0.024466095466322824,0.04829321639791557
0.44788117497629004,0.03754932350926862,0.03353222179547185,0.1307229122247275,0.08241495775541165,0.03225886351861202,0.12976546307207432,0.06810077967474198,0.037774303473402014
0.2653013926058158,0.0471600320330379,0.0339335474251772,0.12005656378395084,0.13126050774779188,0.0064713247920669,0.197765076421327,0.16060766886774933,0.03744388632308313
0.0909769754127316,0.13151506381626782,0.2061923865943185,0.024828640867964432,0.0925580776688368,0.03766659622876976,0.2308110982995976,0.1181482329784755,0.06730292813303806
0.46642569895463976,0.04804743008718524,0.10988486317268742,0.06771869224611594,0.09722702041450366,0.023605621627199702,0.0562523342320586,0.09463059844081721,0.036207740824792396
0.3842322832519069,0.04630454691232037,0.09594188345955401,0.1470525507661108,0.0896591841064312,0.019328803882600023,0.09024525648920996,0.042203015038630685,0.08503247609323618
0.046153540833007066,0.1274878184733652,0.10104153489636432,0.01966910255493379,0.055168659275572934,0.4103706814251709,0.12283250462994866,0.029527982524045548,0.08774817538759148
0.0634480508330211,0.06415059319216741,0.05277411787722978,0.03865742248549119,0.08985146568743234,0.3220734457560516,0.2678038360204093,0.027761316661371268,0.07347975148682608
0.42691606832433737,0.07411118159402717,0.07619379268668476,0.1882901653827027,0.08151878152116725,0.014817789320650051,0.03819473936577292,0.047695632204068784,0.052261849600588973
0.19407652142373313,0.057585477309437146,0.0585693423766891,0.13978360306500281,0.11132366873257209,0.1628543519939276,0.06890548634158171,0.03223087592031466,0.17467067283674176
0.039500718335426004,0.167353559393126,0.2763798762129203,0.032192829510067134,0.11166918833536232,0.11808708175486353,0.17550841085506966,0.03082990083657952,0.04847843476658559
0.21668446049003354,0.07459023940229405,0.09156397325246533,0.1429282485769595,0.09883223744041918,0.07827691025674559,0.21080502401542955,0.021455718692220252,0.06486318787343313
0.04795689776661962,0.15329959208657543,0.1582905415987774,0.012944432625230345,0.05248919799515279,0.4175842552969191,0.10720265243576961,0.017195590635645113,0.03303683955931063
0.29092476731531797,0.10345063145893196,0.12932332341379815,0.044892540515623046,0.05902431834356311,0.057391998544770395,0.1316205513519888,0.09213542924756653,0.0912364398084401
0.10383321866240124,0.2255474677479118,0.14313156798472051,0.029407001311597698,0.2559587143464543,0.04187189250139234,0.03918564205855574,0.11554505174537355,0.04551944364159289
0.22998404429559147,0.03705507650811862,0.23200358529819495,0.0721250566667699,0.09033622361905108,0.060944918351437054,0.19601951966516828,0.04394276655421439,0.037588809041454264
0.15787098263616775,0.07507101741400872,0.3944175583098412,0.03081666062433641,0.14910466036162798,0.01913686813201035,0.04614289851723933,0.09576266753495659,0.03167668646981175
0.5212203843063469,0.03119791627505833,0.137288346965483,0.09481365024981596,0.041870665317033866,0.02229667680307354,0.06626240006615715,0.0431723158587071,0.04187764415832416
0.13759298195744332,0.12956605870106222,0.0839174759669809,0.25841189623379873,0.15002736150381735,0.075129577464072,0.06004822988998215,0.03843388336200075,0.06687253492084257
0.11139698665630782,0.060301621556734276,0.10029688246394368,0.09043488813430549,0.055851794470302946,0.04328774046440139,0.34386576055503393,0.13831411610011815,0.05625020959885229
0.10174413738496017,0.13513147003249573,0.19573786168822593,0.05453776175653502,0.11317310214956905,0.0659114009554419,0.05850298652155378,0.18066049564163653,0.09460078386958187
0.1221321330442937,0.09092201560764217,0.14418801690241267,0.04079152766497161,0.06624871620869689,0.14936900773393877,0.2435819216953811,0.05279592099601521,0.0899707401466479
0.10730877069780258,0.13531466348239005,0.11992961603883957,0.03499190235254271,0.30091785294715523,0.06095585636720493,0.11994523781987664,0.06361244743407217,0.0570236528601162
0.043333706510968815,0.02919577823053213,0.30751399582704186,0.015760137352245584,0.07389564061082331,0.39047328394539216,0.041242809292545916,0.028916726047319916,0.06966792218313034
0.1168487641462999,0.16183370599166838,0.11385333668699173,0.06267203705722196,0.1536675286655058,0.04148643758961768,0.06330566272197226,0.2355769167648206,0.05075561037590178
0.07297266152265805,0.16510804779962268,0.08370372930581178,0.09403858418802385,0.32731271834717174,0.039371435497007744,0.0588108032194019,0.08436359876874805,0.0743184213515542
0.4032716999046289,0.0464608102785569,0.022674961217687098,0.11252688472528961,0.04179505634539448,0.05414646462297943,0.25537954508616,0.01781394094926357,0.0459306368700399
0.17485251402371063,0.10037831983050853,0.18022281709631585,0.05546639682766253,0.14305097314638995,0.06268218872942664,0.07957932784409015,0.13921611077524831,0.0645513517266474
0.39491942399763086,0.06548957451246314,0.07600297346879119,0.08282147002084572,0.06759871667033904,0.030979511867084992,0.1586597946344365,0.0621016825912389,0.06142685223716963
0.23282901941058745,0.09062419265481707,0.08708908763284103,0.04480739397869322,0.04436952292182344,0.13933650135034936,0.27365819498434274,0.04082494499349199,0.04646114207305363
0.0788382139174887,0.07595758365389556,0.15275236241215603,0.06355054839503783,0.20272739594246447,0.027138645149597518,0.033961353937359745,0.31320772680353154,0.051866169788468586
0.1650163184963751,0.10582760844144283,0.16977252297756687,0.10838585608962892,0.09095915895498868,0.053156559071171915,0.04815662932808509,0.17412116119136026,0.0846041854493803
0.2387893329091035,0.05576484635300813,0.1364739421468293,0.05302406027015252,0.1258563387858405,0.2114583941457775,0.07953426223439074,0.03024319707140187,0.0688556260834959
0.06592810519461606,0.2449070414616373,0.1874300457989351,0.04079424758233445,0.10584857354170929,0.04380703453545378,0.021522529070053517,0.2100854507424632,0.0796769720727973
0.10137652112380845,0.16923873672537804,0.058894864087451614,0.10473102117234039,0.16775987583294674,0.14334963094737005,0.1353192961255775,0.04497044965667021,0.07435960432845701
0.0866713034458948,0.06906135502442501,0.32963179834020817,0.014976015834515058,0.051856375954226354,0.23635679602942353,0.1106580627631734,0.014124453980635152,0.08666383862749856
0.06393395893294879,0.15807275374452115,0.27710284656995754,0.04443569118855467,0.1558221369364564,0.05613055643756679,0.06870125153813295,0.08634011904650546,0.08946068560535618
0.1632453313495513,0.17105649850202165,0.0914943074544426,0.14377469862177528,0.07425993488815825,0.040837910974794375,0.06886930341216597,0.09840190003542008,0.14806011476167044
0.08637390626965269,0.15067507181543532,0.08942333149213656,0.10476434409828228,0.07116346616824205,0.09826354307933327,0.26651718969767774,0.04932027715561802,0.08349887022362205
0.27777069457537595,0.11335976457476882,0.11648330493856224,0.09712836509157824,0.05514928292026113,0.08191594383216665,0.15251952904960128,0.04525768861168746,0.06041542640599817
0.1362072040911332,0.06704983618765974,0.042721907186282326,0.16311445844391095,0.10297649972665478,0.15918905376082249,0.24968354739223084,0.02152508783184667,0.05753240537945912
0.1517909671071105,0.10667793235236318,0.06857814869374804,0.042060076068079856,0.29280221032489695,0.01468087341777758,0.07652854293161833,0.1737584600569302,0.07312278904747539
0.09096538198188737,0.351914595076668,0.01776869126974146,0.0424600933679991,0.1800734723309547,0.042995419176600345,0.04608337657460226,0.17619637906664262,0.0515425911549043
0.11294527518099338,0.10734268257334652,0.2107406647337234,0.03191583929889599,0.1311950535523819,0.07559164862115199,0.2370533176215752,0.05216957148872877,0.04104594692920301
0.04141476017945818,0.033725804236097376,0.020501991733829137,0.16000878346210337,0.17171170518092885,0.10542681028232304,0.29605324893595314,0.14625413738980986,0.02490275859949709
0.5288235751945997,0.09194319566027902,0.039403067644212565,0.053330002486579396,0.06012770789877192,0.02681192275581303,0.13396993139081564,0.03574208319471404,0.02984851377421463
0.1825558645285417,0.10008970865693963,0.20570549143890957,0.020312436107102014,0.10200145068926907,0.09157108599137005,0.12628211697499178,0.1269122925843471,0.04456955302852911
0.5315349366991354,0.03666025767667324,0.034623031852210134,0.18629556078296491,0.03780107574932539,0.010124038260357454,0.03563661023473915,0.0378358031763009,0.0894886855682933
0.22056585988935776,0.11014626948199152,0.07807276480487159,0.11907096718112621,0.13014021707691373,0.08338797137598074,0.06170286442501105,0.07690843341494524,0.12000465234980207
0.1861217531777507,0.05278492559780843,0.08533769158509974,0.03947587611754649,0.13339576337552508,0.04960467911576925,0.3687729777115834,0.04477008518350776,0.039736248135409
0.49280864685456854,0.06656294372966004,0.05343974319844639,0.056148065484797664,0.04276057536874927,0.0528952059854765,0.14835170216324034,0.03570337725968701,0.05132973995537421
0.15663235147793797,0.18125241695376282,0.05356326732203748,0.06047870580342745,0.05700712429233224,0.14161621763646426,0.060117563863507716,0.18595459029006997,0.1033777623604601
0.2921670064631818,0.07385899368558538,0.04751888542810572,0.13382134811536406,0.08647287521384044,0.04941103645057395,0.18886907195490343,0.07324407398359235,0.05463670870485283
0.019869435587805826,0.15120169810610035,0.11439493158793791,0.049320167564597193,0.1459108588486824,0.1474021754587346,0.27254522805059267,0.05669235884998145,0.042663145945567665
0.5223181880461006,0.04886491644358768,0.07145578570036314,0.086523403336858,0.04372595131456406,0.037276374950327325,0.09492877014079715,0.04197499091282741,0.05293161915457469
0.3261086692642083,0.11606216571126476,0.0694067267666333,0.1383046821418158,0.10084276557491245,0.030005495217921927,0.04927650504889086,0.09018460951448869,0.07980838075986395
0.13453089664177717,0.20025852101904493,0.05771102337156972,0.1196033035471629,0.07765179570807479,0.04001036554404604,0.13997269396885414,0.12301931578784198,0.10724208441162834
0.3713349331195226,0.08361819889548232,0.04772313313555648,0.04860353700449773,0.08316150677464973,0.03269124760809489,0.1914192463501856,0.1091230958308003,0.03232510128121039
0.1957440434320333,0.019297462834073593,0.04281482719821542,0.15585797382292124,0.09830099927325686,0.08007617200573094,0.24765113693942917,0.1103996270947894,0.0498577573995502
0.1924517806480036,0.08265667471520229,0.12124952769781948,0.02684533786453887,0.20116459785917504,0.09303150262691508,0.10782504994805915,0.12547625925918868,0.04929926938109777
0.11549598667722505,0.043254869853484645,0.09895997042501137,0.04445057105129726,0.0974203408048817,0.20994416681144767,0.2996558031546996,0.03556339058394597,0.05525490063800692
0.08111831663111549,0.1803625577650417,0.07175574667751651,0.11134009644291697,0.15237978167560354,0.01776927045383117,0.04772957685796408,0.16670809135285322,0.17083656214315737
0.3450132165461534,0.07997058901317898,0.12815044414986543,0.027610341348365385,0.15060476120667982,0.14166852785449732,0.05315817415853714,0.03712454319894725,0.03669940252377526
0.3622624183239484,0.04633764792966138,0.09322741661817995,0.09006597954039453,0.06736036984861145,0.01447336896809343,0.2629444500085781,0.02423515462580382,0.039093194136729015
0.13153995923101772,0.11681678537715383,0.11513019948387986,0.060691210404285524,0.30467869132732966,0.026962507775144893,0.0474626985519071,0.10038985129828448,0.09632809655099701
0.328231236843135,0.06514337071073636,0.09296535823186608,0.03927839224234899,0.0860074400290226,0.047199525015715026,0.2721811551408985,0.023482970021611847,0.04551055176466559
0.1587233947457297,0.06496504037681468,0.19718454346985484,0.11077789439960158,0.04290611124450339,0.0773161155991336,0.2885720939485696,0.017609994488541815,0.04194481172725087
0.054238806179848616,0.0723082049697022,0.17385288770443463,0.029783710407251387,0.1813420165037247,0.19124599668623646,0.16659151098532296,0.08408774533345209,0.04654912123002695
0.030445543020918536,0.17407147052619046,0.12569722589206733,0.039363147193528715,0.12033377556728664,0.04500666540047623,0.31388755281103936,0.09958864004343172,0.051605979545061
0.09922008240939663,0.11792052341042014,0.07336015580959003,0.11062481627474348,0.05281262328721361,0.32532634939592997,0.09530117888580718,0.08143807640043993,0.043996194126459075
0.14397058694275347,0.20326339206795804,0.0933252115687639,0.03902630032582511,0.18043290429810477,0.07120672524061362,0.09419468790439293,0.09335170918461584,0.08122848246697238
0.24101286516995676,0.06512978231531454,0.051983436041763253,0.39532744223097005,0.09406495977608753,0.01863290353188679,0.04620347599461936,0.05289531439998535,0.03474982053941631
0.5051143601122426,0.05005709148064774,0.05716950411404818,0.10017077679249953,0.049827445821423344,0.029857947323486577,0.1500761191021512,0.012946899492981792,0.04477985576051904
0.46395228801373745,0.05836657952587354,0.06487121467348433,0.1534576430948285,0.0891064459702215,0.007066693563145122,0.1234383586341226,0.011005941775604466,0.02873483474898243
0.1518705048644799,0.04725818289906126,0.14426558611184684,0.027118456974515634,0.1772052776636325,0.09505941751688667,0.25305720195817316,0.05575853659030611,0.04840683542109786
0.35378836139922093,0.12914599955722295,0.038358197474681076,0.06786877945440663,0.09565537262135053,0.05212871223011312,0.023336654131476203,0.1833664168464533,0.05635150628507526
0.3693361730213407,0.06353588175184836,0.04970323541287588,0.2689350462557231,0.056196592553755885,0.016926130363871816,0.019859573357467866,0.08874307598159321,0.06676429130152323
0.051223310064528155,0.2345353518805828,0.06763200791054357,0.04125560043048584,0.1266915351369751,0.09236188860796317,0.17402742120416415,0.14314108446634086,0.0691318002984163
0.1490737603461027,0.15829323689141825,0.1114549337026607,0.06814546640253771,0.1608550493215697,0.030446506246597616,0.0486101509679222,0.06940063901517136,0.2037202571060197
