0.10419751747965163,0.23934376833360926,0.18998247821369998,0.16972466416785603,0.030013642502930912,0.12102175190881244,0.060823783706890344,0.03986246239638859,0.0450299312901608
0.05448378464141792,0.021210101767089446,0.011670279078135932,0.02455106453259347,0.19798002873212664,0.026395099416472445,0.006251589076598112,0.0327297227513094,0.6247283300042565
0.0800923935435388,0.11563134640139898,0.2766142257444544,0.12027251475546537,0.018745023327465107,0.23233567099174576,0.05026078889208483,0.05045466383378706,0.0555933725100597
0.24712750908239048,0.13806517172077104,0.1128250421586144,0.05718087047698515,0.12159952081270103,0.18683677469496596,0.09179778568825253,0.030677757398355144,0.01388956796696434
0.3257850983086017,0.03132934152455185,0.09600959765527169,0.19430141682413213,0.10220067078041829,0.057814910663158636,0.11287001157083998,0.06537909742034798,0.014309855252677686
0.08745423278757446,0.03046036938737869,0.04201065940024351,0.04003353630782558,0.07957394945262337,0.12297076674170217,0.2678060955900393,0.18407045533536268,0.14561993499725023
0.2735050812828181,0.19878997138050436,0.10872346246618884,0.09434631202141132,0.03658505127345825,0.09643419820954453,0.10279164398882795,0.06516845100451858,0.023655828372728088
0.024857915597613873,0.048086451428114046,0.004247067158176407,0.07722462402698604,0.18443179654432215,0.05349652740492431,0.007093595704743486,0.049111827232037386,0.5514501949030823
0.19383120737662232,0.1738711278468388,0.08580200625537264,0.1671161965635395,0.12955135737664344,0.09202021668974207,0.020047089183042256,0.04678512730122958,0.09097567140696933
0.18717148638907002,0.03291385064426924,0.08846261561922102,0.054548953108375105,0.09068906098000958,0.07904926491180964,0.2928052212095384,0.04460648319223848,0.12975306394546857
0.10859344589499072,0.012971847516456478,0.00888232518913134,0.032850590962956054,0.53005040263836,0.0246450097804984,0.017080514582984412,0.01816364621971551,0.24676221721490701
0.3952879125617305,0.0069141276400126435,0.10178871754259498,0.03800657072107793,0.20394458684741068,0.05414776416587716,0.05282595773872171,0.10857619780559695,0.03850816497697746
0.09951712083678281,0.026316657586345733,0.39783612557342024,0.032695793304498684,0.23944321918358882,0.045620025124931296,0.0616097531966695,0.037750661132923566,0.0592106440608394
0.5068299573481229,0.03152402119254365,0.09220612149392761,0.05199217639304841,0.03197196235017803,0.10077679864191103,0.09753864085725188,0.06637503901718583,0.020785282705830795
0.07718007952009477,0.12749968471896356,0.08636236844562828,0.08152575953081694,0.07048645806838154,0.3057609163425705,0.10635053570519988,0.05498640769807206,0.08984778997027236
0.12880298989467742,0.031227511483074,0.05873234809318643,0.37456519147658046,0.062220089346522456,0.15464043635739458,0.07099989130874941,0.060016539623295485,0.05879500241651989
0.3010001385115694,0.04489535210056773,0.04285780227445899,0.12861917860948055,0.05700551468002515,0.22974515171623708,0.09214038183737605,0.08880477542305888,0.014931704847226177
0.10764343216488892,0.06445832381455148,0.05781677088961253,0.09544281586760352,0.11789558773447795,0.05250497934393541,0.10617600475082734,0.016575573118219344,0.3814865123158835
0.6166967233176869,0.02633118249043191,0.06865356780476668,0.019254895116010792,0.019829725435561912,0.046327377072113464,0.0830084630557955,0.08133271150273076,0.03856535420490196
0.30372733797822465,0.03665602118748402,0.05652443054726778,0.04248172780637583,0.009609681104323248,0.43930422235371863,0.059186236164085006,0.024273883909404503,0.02823645894911639
0.055786088304917436,0.04006754280771338,0.25506255494560187,0.018338625510910814,0.35914821745056597,0.06841181133124223,0.032834427103560535,0.04374984684154267,0.12660088570394504
0.06049721690866153,0.043798801687894996,0.05896023591213038,0.08441050615550688,0.051761508483573936,0.30024075102191117,0.10879552820744198,0.06120061650517039,0.23033483511770872
0.08214985816915876,0.11534445625679145,0.05970936890219158,0.24560327068826185,0.0697421908349496,0.2127650128058448,0.06059897655690332,0.08315151693165375,0.07093534885424485
0.022706810949507453,0.13439785310478294,0.1102292539191061,0.028649181703062892,0.22377319166549628,0.0400601826954653,0.03625677827752768,0.03833085079031584,0.36559589689473554
0.0975178291657655,0.05148532242921087,0.1933285769180474,0.17797181081384483,0.09232801052615457,0.15390437764392526,0.12918310534587685,0.046305057975379094,0.057975909181795654
0.09616968878020975,0.07346413318992899,0.1396119086094528,0.026300215537822868,0.07925964139072007,0.1846836430945834,0.03309061753304174,0.1442214750727206,0.2231986767915198
0.07669354470970294,0.053690918084520735,0.04478406155642876,0.07472070213057794,0.12864872150340317,0.07607538405088446,0.04038133450858369,0.11569928017370694,0.3893060532821913
0.58869074475172,0.051093335631832104,0.045503182166622136,0.03828715982467836,0.02554667236876655,0.08145701764579534,0.04360732989773702,0.07817576976047719,0.04763878795237123
0.05180586373001841,0.15213050775315207,0.3554632096560348,0.04958500040391589,0.15717897750460344,0.10324824722928144,0.057020860425459896,0.04928148357938585,0.024285849718148216
0.0892271397341033,0.20766008394711602,0.05339724191366541,0.2083478290637842,0.1216951106701258,0.1488024236533996,0.07992242864932719,0.06011599362968206,0.030831748738796433
0.20809951371416405,0.038722123764358955,0.22358906823767022,0.05415277473219152,0.24331231219838115,0.09036322100950252,0.016352783588143453,0.034503802259433065,0.09090440049615502
0.41399146633207745,0.03554576460425895,0.08545304846479251,0.037332402747646584,0.11344357413127903,0.16106484188770784,0.024604972068984488,0.08980567125141725,0.03875825851183599
0.031252984434992144,0.030347736035135808,0.37555815102656753,0.03577503325021281,0.1491159692269265,0.21726802759043276,0.09832690589899355,0.027173708568017447,0.03518148396872142
0.2518325941225907,0.025999918532507146,0.1241764994932183,0.04288156785524667,0.12222671221988755,0.1504719528450665,0.22159106892055622,0.029895167464247724,0.030924518546679297
0.010655718922730322,0.15980401336731523,0.1136662477878933,0.1948661007653351,0.055808889492106696,0.2430793775032055,0.126376199065409,0.031806035263271935,0.06393741783273295
0.3722922342528799,0.025801207153272703,0.17396267366568222,0.06181797837777445,0.0229333656301143,0.13809653662261853,0.030997666895721265,0.10933060443361003,0.06476773296832666
0.031080269152912985,0.09210456947583591,0.027115652173025685,0.038468969882563146,0.025323196596321304,0.29959619905137896,0.405049913430195,0.02728943767191455,0.053971792565852626
0.2628287472111002,0.03651861736662868,0.0895471662323663,0.03023472324287706,0.12584232382867103,0.10994472255352411,0.07599612950193523,0.18207908466882572,0.08700848539407162
0.4721114666847408,0.03150313194881379,0.08346922265433955,0.023240457974086928,0.0690446371784431,0.07438273136041022,0.06166132551858405,0.10733398602162496,0.07725304065895654
0.08990989310362994,0.10559738813805737,0.026104574440695444,0.05438708982812488,0.26276115608177125,0.06272589684120676,0.054156424443056926,0.23970127808810174,0.10465629903535567
0.1325086456227059,0.07000781346330472,0.012566716225408456,0.07654913491099967,0.13407419895984488,0.0585550522603761,0.09834856304704781,0.3197451868599172,0.09764468865039529
0.08639222332023766,0.04933029059415837,0.2735837838188959,0.048213213003382806,0.049662849230082094,0.23215584429823632,0.14799939218851996,0.06363276673440188,0.04902963681208505
0.06684480230499311,0.02143613556809526,0.014850906121972055,0.052769191614204215,0.10759242144666675,0.023003859550665872,0.012675701863374739,0.05879815370511802,0.6420288278249099
0.10287317374748732,0.04178732806344165,0.011064057089257699,0.040215210588681986,0.2708712569749683,0.08373369123243779,0.018570377608940047,0.058268014230226595,0.3726168904645586
0.3008955426662863,0.13949482735454585,0.007246278538900061,0.1089268113786634,0.2655787572280471,0.036406868089472674,0.02411892991615187,0.03826050782273394,0.07907147700519884
0.09567958723637236,0.23289299006801192,0.06907314717053979,0.07010678976020836,0.21121596843455884,0.1039441203271149,0.12602631509866657,0.014925869632786389,0.07613521227174085
0.046740942141572296,0.08064513985433445,0.0759377924839365,0.08557388513369817,0.09534902185444165,0.2515140597744699,0.24685214857916168,0.07249067559577584,0.04489633458260953
0.1348838758454353,0.024499496273040138,0.3101151954327018,0.0229613005040965,0.23607825427349768,0.05898726921514998,0.04730076275156279,0.09797332340361893,0.06720052230089679
0.1752573980828739,0.1649664497198036,0.04025378052374476,0.096830402935677,0.13492030180243877,0.04454531561584902,0.1065507037556498,0.11344960062174746,0.12322604694221558
0.2842761430122245,0.015932251944861173,0.021893243287986346,0.20605309070219438,0.12897785734804026,0.023398076325262588,0.16190837844307762,0.06316906711939123,0.09439189181696195
0.069564753861821,0.132480133765798,0.2737227040587676,0.09224260594830784,0.04839502690066692,0.21942467660711926,0.08143858300244697,0.0402838154167571,0.042447700438315306
0.10417441578525839,0.019913918964944825,0.13907787632073015,0.0414016607333651,0.03547624434808649,0.08934813413453462,0.043272746521355654,0.12294811018589046,0.4043868930058343
0.3763730137353556,0.03292763221288911,0.02245321231130056,0.09139259726657044,0.0478363088218293,0.030278922942205102,0.050828051284470044,0.1546927664189617,0.19321749500641813
0.06986006785762915,0.0346614835206204,0.02175369761277572,0.0532396083851606,0.12808243707444109,0.039319111777375036,0.03428212145982323,0.07947956196438283,0.5393219103477919
0.08211713470812347,0.10182384781698055,0.05253091574094384,0.1746567295108378,0.21397171652491356,0.1086916824520724,0.16875255831476244,0.0698388616962235,0.027616553235142383
0.5929631199493294,0.029533011966255202,0.03506184294598492,0.025051680121735323,0.17325701296319282,0.07079782076304632,0.020182527248946064,0.023973064718104353,0.029179919323405662
0.05312343240396644,0.07247079527978462,0.0368126248389396,0.1422557200954524,0.027107377678223795,0.40410103892978916,0.21712962960340945,0.02335972826267248,0.023639652907762095
0.03964331063008542,0.056093067303315584,0.009828304236718254,0.14524722348948862,0.37387612589305474,0.1061914695346899,0.026282561528593887,0.016956920090250144,0.22588101729380336
0.20092945371312773,0.09123318376021579,0.1775672548212923,0.1246021518090949,0.06634005431584487,0.15678831878651303,0.07052448327477569,0.08879739923873962,0.02321770028039605
0.4273096148515772,0.044180849195847326,0.04149113729230915,0.04734046395287916,0.0739578380270156,0.03766520813780436,0.059339577927642856,0.030612378639115662,0.23810293197580867
0.030938187227600628,0.013496171477441227,0.01346535149312062,0.028463335862284774,0.19470419026602706,0.13323940717980057,0.20455933895127473,0.17420306873676497,0.2069309488056854
0.05363260551996715,0.04340273895650503,0.28170167083474773,0.13420605712247996,0.10185178054268058,0.1851898610406382,0.10682111143184499,0.04093774288390266,0.05225643166723363
0.1177596894806272,0.2392528771074518,0.10424709557167933,0.09313279453782337,0.07749055112719046,0.21247653455156168,0.05507641173897502,0.059069631745639874,0.04149441413905123
0.058939636964572724,0.06441775773666841,0.05115647334046525,0.22684034648783205,0.0298026119623396,0.12589201334433772,0.2826416658275824,0.04362255017648022,0.11668694415972158
0.26895499455989497,0.03895188083891861,0.009047214080050372,0.16838068048042867,0.25446492202640225,0.014618183964167761,0.16076523013664096,0.019428454853755734,0.06538843905974069
0.24955879912643772,0.04076693372241854,0.07183263349629022,0.08616061474661856,0.13025930727524884,0.0823948386386576,0.1289585183430329,0.12095466663454135,0.08911368801675423
0.03347956888088646,0.02783535415931652,0.005286794754123879,0.04266890465025214,0.05002864313771479,0.02736162069748553,0.0024275900003388217,0.06134097522390097,0.7495705484959809
0.11821668903997783,0.08492200576844207,0.16984612603262658,0.25401326628655724,0.15778586669838834,0.034504748743715494,0.15054995827635562,0.01936974457452845,0.01079159457940843
0.14707357356734266,0.07285993674682963,0.18175484949667328,0.06320562416345882,0.08353407868101942,0.19516697925979742,0.04572134543127681,0.13506609771358938,0.0756175149400126
0.34161559008324227,0.06936792612306118,0.04375216620891443,0.09369081257614104,0.11385134896367445,0.16868423568113147,0.05142073482695686,0.0520923407502373,0.06552484478664085
0.0556306065506691,0.3313999517007759,0.07333686243833597,0.15959557833713914,0.06533054767249007,0.18634085463722702,0.03957090212474465,0.03497712524863381,0.05381757128998441
0.35498509237331693,0.0731604706891614,0.03531951346626083,0.05907093686124684,0.032184718121835425,0.15219747990057486,0.05526605583689975,0.18756523505472414,0.050250497695979814
0.023815069999904626,0.06646730886454384,0.15173415591042755,0.0536913085788232,0.03175454871648634,0.4679623917916955,0.13413787951096176,0.0179215892338544,0.05251574739330276
0.029854492551711468,0.01401187816519664,0.06752999442272395,0.07551262705523447,0.06973220228913354,0.06801000721527765,0.24944251493231784,0.04643897091294619,0.3794673124554582
0.13886889904513114,0.14794889793432928,0.1324545494178832,0.03980906003908204,0.06942278580995546,0.14545601800672978,0.12690716292348667,0.1138311507449629,0.08530147607843948
0.65142664637817,0.05283531913300233,0.026565764743952457,0.04982990729290445,0.04019518610200256,0.03869314501973221,0.053182130256141484,0.06905513994812884,0.01821676112596562
0.01174150804259265,0.14173857248847974,0.42285342880381244,0.04207408464532047,0.04543343166279748,0.1782025410721999,0.09478884619508783,0.016637287264142278,0.046530299825567244
0.06611545612168866,0.0426028101639302,0.05191285833382513,0.1478466837927633,0.0480390865870775,0.3690669624063263,0.14163247633901704,0.03229180767139079,0.10049185858398091
0.10552291696097667,0.10132781548045337,0.0338549841227051,0.30363149923689564,0.06995428020798633,0.1411718454251415,0.04642233566363452,0.11510875655678256,0.08300556634542429
0.43587380217367216,0.07811949977773691,0.03514324316998562,0.03194957609919651,0.21875341583002764,0.0916336550222477,0.030113429534093242,0.050692125309327096,0.02772125308371318
0.1282637010181172,0.14562362211244964,0.13406341679076741,0.10481513253118628,0.047491874994430215,0.3285671123230591,0.03916574549325414,0.0438387503550158,0.028170644381720233
0.07114889288809075,0.04254371381211683,0.16292071705923628,0.1150675787332374,0.10069952624651896,0.34149805546427275,0.09668055134756633,0.03069790118905008,0.038743063259910664
0.5552644456121888,0.017568761900327277,0.019399134624188637,0.03668009713395438,0.03629570561482077,0.2247175427038508,0.014617168007908804,0.054680262168301026,0.040776882234459556
0.054939964419717637,0.049578852692417,0.01633894696529722,0.0698932412978319,0.1542640415994381,0.13144649930112295,0.01175280034097814,0.09829465210452093,0.41349100127867616
0.15557676183665214,0.23643173118033833,0.10656024473265872,0.06916757588410773,0.23121504833477835,0.05126051582912727,0.05994479037726768,0.028320046168441495,0.06152328565662838
0.044323408760035043,0.09234811835003216,0.22957842336900733,0.1600943118391525,0.2569831764887643,0.029781442277987808,0.12429861029198197,0.03667233622825418,0.0259201723947847
0.13171513228450246,0.11707285824118752,0.17880455858003827,0.10117495597439619,0.1864427740708822,0.050164041259929536,0.09073774801764685,0.06584130019449032,0.07804663137692668
0.2713938701235516,0.050237491251761114,0.14137954214399778,0.06818525177727196,0.1836871808288365,0.05904993085040561,0.14493967097496227,0.03467486622357461,0.04645219582563855
0.1930958138529982,0.03191367139817306,0.03205073395932497,0.025053953589753177,0.24994088804250433,0.08388010652582288,0.1459337746474851,0.040210806503358336,0.19792025148057993
0.060670335331980435,0.07832228944943578,0.3815698609964264,0.10818780681670408,0.1618553885358962,0.08396808538643907,0.07393675377860076,0.024338102261292762,0.027151377443224434
0.42795562073327,0.04212878061599077,0.06883656232362394,0.03717015921587886,0.038606668491325664,0.07706482275256073,0.22273484523106157,0.05488421143963207,0.030618329196656375
0.08128409770129423,0.09216623719126647,0.1240973934202692,0.36949857107923884,0.10351867147377897,0.07216986459367969,0.09312342091144661,0.04001028517561255,0.02413145845341357
0.03252703609327148,0.016472228916287177,0.004429126335908731,0.029203616261566798,0.15241869339636815,0.02664425567945256,0.007960952076481564,0.03342977205363598,0.6969143191870275
0.1743496178461026,0.12200161994270954,0.014907886463529257,0.01409344908965036,0.19837914534910076,0.18382708872002373,0.2243231231363927,0.040209345647778276,0.027908723804712824
0.029018225881251015,0.14055215548301506,0.040674010334328124,0.07434572215870196,0.20076402581177336,0.18940098749944664,0.2436883076302725,0.0142916487737883,0.06726491642742304
0.5869831805517693,0.023331516357618848,0.08676113048440358,0.027814229422342258,0.0770935762621233,0.06192561056500632,0.05057514536097102,0.054376909782047206,0.031138701213718162
0.035730791836506896,0.18275192114368036,0.2467899894808648,0.08824677198640972,0.0540208588552105,0.2790204668352381,0.0367605043406358,0.046774313411248686,0.029904382110205085
0.23142068768941212,0.05380946118404869,0.14300904492513383,0.1445038117522899,0.06012702486694746,0.19857785423443183,0.0794161188092364,0.033018132260113416,0.056117864278386366
0.04886675114394786,0.024604159142202108,0.01028140068974599,0.018733307053049795,0.2699537235889175,0.018847663015235636,0.0043159092384171364,0.02124812987635045,0.5831489562521336
0.06611798336229875,0.08763078422027848,0.070982878741375,0.22192566452613657,0.09860673590676967,0.07429887756172014,0.2044288530711518,0.09118541677045489,0.08482280583981468
0.12471650475604797,0.2183333267182225,0.15502767207442705,0.07005163401893706,0.09037439876307722,0.09645994631790332,0.13261547871531432,0.0798214203584412,0.03259961827762931
0.11761388901432464,0.1463943925353898,0.035920485385340435,0.055795735223134524,0.15480712994660076,0.07199489204553489,0.1626716377556983,0.11084078583154976,0.14396105226242684
0.045121713632028305,0.15884761693734667,0.19272621165317935,0.14738654706302476,0.18143672173236167,0.15196845094826805,0.011979010874399487,0.02072384084797756,0.08980988631141418
0.12403382847677746,0.21742936204770894,0.0635845857054781,0.0823774918620948,0.05707703940091565,0.22158486687310722,0.08693771369319829,0.01958007566532748,0.12739503627539203
0.20870232638174982,0.25487908710116475,0.05969486026617279,0.055979868759457575,0.06583312072211242,0.046063476534106064,0.11203769204869936,0.14022216157794248,0.05658740660859485
0.1128458446709999,0.06161934338047668,0.2822908167754346,0.13617792466275477,0.07878979389057926,0.191443969931025,0.029909842882826266,0.05980643342987604,0.0471160303760275
0.11766351191269471,0.10868511777209022,0.043760701036563716,0.04133528713262566,0.21807498052841323,0.361500526311277,0.035490490393717385,0.049475403974469846,0.024013980938148244
0.11249212488071984,0.07076952911011188,0.034281434757058325,0.09683415956683761,0.030442364061484192,0.05172966885296649,0.4811683972532837,0.07693409107345674,0.0453482304440812
0.032602941423567254,0.06006477039681877,0.007941362052232932,0.029705553282095443,0.23932959769932208,0.048164864786581274,0.011909180726657064,0.03740078599153345,0.5328809436411918
0.4101622747841766,0.012657317294030182,0.07564698603675103,0.040134588980036086,0.11040473460876206,0.055220052794197484,0.043531309148054996,0.11775134493639737,0.1344913914175942
0.2454851949578556,0.06756771486340728,0.11770082755314547,0.0872794698897546,0.20869089650894593,0.08689563255853823,0.09466832056814888,0.07542207515714748,0.016289867943056598
0.1820852472317306,0.02213259503739391,0.03187795520473529,0.03192677669861701,0.31913397853884007,0.06488976978067912,0.19232673214572538,0.07924686646610131,0.07638007889617716
0.028004381034355458,0.14637477102412616,0.03714410795480233,0.2168748993305523,0.07382497193783633,0.09015703553460043,0.18764733843764855,0.04868136776123853,0.17129112698483992
0.05974858286974279,0.03064662111789007,0.01713313148617317,0.04736144726271552,0.29744736764487784,0.07652989965957784,0.010838180696018399,0.06337149904784821,0.39692327021515617
0.053897904045715365,0.10750020275994439,0.0409682083061582,0.09202386383952636,0.28476455763614167,0.1983317219228332,0.06695037641816404,0.040809109844265425,0.11475405522725134
0.49054898142396364,0.01802160716032042,0.03177773084895565,0.1408277334548164,0.05055429558619637,0.019897807488048286,0.1326070340452704,0.06363889280963557,0.052125917182793254
0.2730059394764737,0.0051105673852303675,0.16048230703478342,0.05769963691959723,0.33735152862198686,0.013819006937986373,0.018051883095818178,0.040708938517290814,0.09377019201083296
0.04456996758344348,0.1277297592960193,0.07158947823738551,0.13069502752070505,0.05504140719431846,0.4119097139810115,0.09099493677729642,0.028040062780114765,0.03942964662970551
0.05071737040982751,0.09157950393570329,0.025541507557787436,0.13640419485115504,0.06887924169691076,0.09991298990021098,0.01138233974302918,0.013912534633860675,0.5016703172715151
0.07532455545155041,0.06270692151933259,0.10286340600989496,0.09041966037902334,0.045253068731843725,0.19468129744451,0.2098617792740196,0.13926783614527394,0.07962147504455148
0.06074047459551257,0.14038861834542807,0.05174319751672965,0.2940954739596715,0.1715762731543148,0.10555319653808841,0.07287008628377724,0.056069117744498166,0.04696356186197953
0.1878243003871347,0.015744860417099663,0.04467478568011185,0.06524562470336633,0.11834491893239074,0.06539278044468873,0.10905051370905598,0.3676126499317804,0.02610956579437161
0.06770208361925038,0.0501834651515208,0.007069685242841922,0.04446389732359057,0.08800499035091279,0.02766077158118367,0.005991305973632794,0.024168502046088853,0.6847552987109783
0.5972041479241256,0.03773584522421891,0.06219145153856037,0.04852011712815043,0.04062856993150465,0.06115871795967501,0.040258132749632226,0.07875696681367522,0.03354605073045761
0.09636459014074207,0.018906117212317473,0.05842352218575438,0.02200501642959513,0.4243559087224637,0.0669048356889063,0.04214868708713972,0.054003830181728184,0.216887492351353
0.04295979032431785,0.0452771614473823,0.09092538132888865,0.30638812786032477,0.2572687925933297,0.0741283379533443,0.12671838842253527,0.017562045714095652,0.03877197435578145
0.2939429310205051,0.02179230502819181,0.3101906973613887,0.10168321848420307,0.021310411816284017,0.16342099969183074,0.04066517006990679,0.035609197531168015,0.011385068996521717
0.035931549686621184,0.057678577535419884,0.16050019627545534,0.09383357294824579,0.2892710518015183,0.24607621354147027,0.037587521404772464,0.03525436514465583,0.043866951661840896
0.4726989343961556,0.03396584519179297,0.11287393991758887,0.026081368526878396,0.04593059006341993,0.06321225650005212,0.09847362844142171,0.10549099816013092,0.04127243880255942
0.47757068798636154,0.07867793995188695,0.03885897541125488,0.021800340222777742,0.16147132858096566,0.06125688364276453,0.052326532929055876,0.060615513692236424,0.047421797582696275
0.03148964283881659,0.05599256473295209,0.0069001704587531255,0.08988918019607352,0.08100791113676738,0.0209049985303455,0.006109242054698444,0.05875526299878844,0.6489510270528049
0.016560674538699565,0.12112797216771588,0.4087353781650071,0.09882407563291036,0.06855327962111023,0.10458213767025452,0.09340446486591118,0.02474390433889459,0.0634681129994966
0.35702100391420877,0.11864335195254483,0.16948643489345058,0.03529985259107774,0.08477832292639548,0.02462902384150571,0.12152454729464333,0.05601565189829377,0.03260181068787979
0.10282063946752196,0.03273654809465616,0.1309180046295524,0.04854813801321097,0.11257535706893178,0.03371865603560421,0.2502612623421037,0.05308271766949002,0.23533867667892883
0.1202638309127639,0.054191134597438316,0.2833353187089628,0.13335024404306187,0.026175855828069725,0.06583208974122677,0.24682721086720236,0.05375486509193955,0.016269450209334717
0.09568821031529227,0.08654125440318582,0.1204776989122572,0.18710268498926783,0.12805382432988835,0.15931756967021385,0.1816641321258848,0.022639682333362682,0.018514942920647218
0.06844959730432888,0.21088070478242316,0.02571227659763072,0.12115786813110552,0.18611260211032354,0.08415544103426971,0.05174061722993861,0.04110274125730854,0.21068815155267137
0.07750029439211853,0.09485709871468968,0.320979124756886,0.05633713892890127,0.20360835310374434,0.05917636735290904,0.05607722837621582,0.07015875544961474,0.06130563892492049
0.017371184952626722,0.07845751164985655,0.18514715162873188,0.05077500460182591,0.01674023950876882,0.05762660650330506,0.012814863839054605,0.05678642931672372,0.5242810079991068
0.043851356209994946,0.04547517586904034,0.09944638032269439,0.17817350651936617,0.08150099977136942,0.0943706058268422,0.3122964345820638,0.03036462979000651,0.11452091110862221
0.5345841902572078,0.03244440533800653,0.01616848734476956,0.04809371219944112,0.05295900717205319,0.14763717130330686,0.03720798237441704,0.10825215557173225,0.022652888439065728
0.04757393177664589,0.056093147088678484,0.022564960521428045,0.04614852149445766,0.19505045104518481,0.16784118733210274,0.12247215831299535,0.13259274237617844,0.20966290005232865
0.10308843515309207,0.06118500385209622,0.1664851264274454,0.03192409028133347,0.2369293341657884,0.2500627566551917,0.05145769720884349,0.06894269449613132,0.02992486176007794
0.13848277122384145,0.08526890539817085,0.2564387058868752,0.12506534208986989,0.06492374398093148,0.2214850015256333,0.023591536363608435,0.023363794891286305,0.06138019863978317
0.5972041479241256,0.03773584522421891,0.06219145153856037,0.04852011712815043,0.04062856993150465,0.06115871795967501,0.040258132749632226,0.07875696681367522,0.03354605073045761
0.33955823247698963,0.04053890204488484,0.021683605620011495,0.038954738783949845,0.17012300992831897,0.18247716626451257,0.04853297877193632,0.08712530685623343,0.07100605925316293
0.07312322224026604,0.06512711544455334,0.05296606766211742,0.304979487277469,0.04596477975804645,0.19474211945198427,0.11459799584172613,0.09854978193240953,0.04994943039142776
0.05542385124180371,0.03263960014188294,0.19241995990650992,0.04694510788850289,0.33659671803121477,0.07438563811057618,0.055543579612143096,0.089612435007752,0.11643311005961456
0.32472141087259093,0.037423487025254366,0.0606080029177025,0.2892917114702435,0.021483322112404928,0.15278322114605247,0.03778972129442603,0.012761364766073507,0.06313775839525172
0.5869831805517693,0.023331516357618848,0.08676113048440358,0.027814229422342258,0.0770935762621233,0.06192561056500632,0.05057514536097102,0.054376909782047206,0.031138701213718162
0.14955346223760216,0.04961665317513883,0.03655589596924369,0.406593846890285,0.08681286863188681,0.07256886262309603,0.08148439182587451,0.09551763970325954,0.02129637894361346
0.2473961420395511,0.08579309666744946,0.06841826628214483,0.08502016896756338,0.13234405269646918,0.09157739984762403,0.10516042157916845,0.1426469458665661,0.04164350605346345
0.06374812367121234,0.037203339964145675,0.2860395154195849,0.05610300503137771,0.2989006830467888,0.015284267775508134,0.0910434066797635,0.06229585373582284,0.08938180467579614
0.15901869542481073,0.047089373898010024,0.24567266794121423,0.03650793829274077,0.24384361188588935,0.08552217888186271,0.07009440169952212,0.08217099439130082,0.03008013758464916
0.30642584875124596,0.09793951090525672,0.15340948623080986,0.11914447689158443,0.06661858759483859,0.1564470910724023,0.03809108591492631,0.04288610669754154,0.019037805941394165
0.23016514668708973,0.07612462218097577,0.2846581254795654,0.19608461810847733,0.027160201012361513,0.059143802298898006,0.08050818650834843,0.023172688789435777,0.022982608934848214
0.14531294138960157,0.025431215022553914,0.04667608841976293,0.07695217072520387,0.3098045975276696,0.039272323227531346,0.02105884050649284,0.09102892585290014,0.24446289732828375
0.5655156809040106,0.011492047993000446,0.04320637305929955,0.02318021527116504,0.03514699320181746,0.11967944720498717,0.11172229362454149,0.05537889223925605,0.034678056501922315
0.03357051121253496,0.09426807124334313,0.06229490354041881,0.17676265344735187,0.3255978847771477,0.15309172384878333,0.034927102114305636,0.05753074027171112,0.06195640954440343
0.05915910840370731,0.13093789120756782,0.10915303148923737,0.18294285103474395,0.21923707461906403,0.07708883910596458,0.046010725258764075,0.0777594560549365,0.09771102282601446
0.07069274745255417,0.05845449414968632,0.031229619665849292,0.05754510656081866,0.21924376166057336,0.08271860449582334,0.28746741293470846,0.11689373774229589,0.07575451533769047
0.2225818369231348,0.04659429038980802,0.155256542245967,0.07472958392806388,0.16644047030272435,0.07566167737082273,0.10905456832781969,0.11560831929571541,0.034072711215944164
0.0435708410584576,0.04851920304464175,0.09324059555021257,0.13949870762081976,0.053942111354774384,0.21300446999235198,0.2467279989490079,0.10422352177773508,0.05727255065199899
0.017535033347588064,0.012371870273659685,0.04766546498588583,0.026876725720427094,0.4420282753045586,0.08625047921645497,0.01722594954089712,0.04839111719821307,0.30165508441231553
0.10222228898864706,0.009262399555996193,0.23375012087885585,0.014525589693146684,0.3618607551185041,0.04038235564120727,0.031216685267137445,0.08920165800981346,0.11757814684669197
0.196148002832402,0.04626476940247486,0.03551029798193517,0.03495352344747538,0.1085354135285206,0.1973033845664728,0.03936207118775859,0.11198556707060603,0.22993696998235438
0.6261379985257539,0.03772235022569979,0.01457122229026281,0.016408469766708164,0.023935505846012558,0.03721918695249623,0.0698875160104842,0.10817774260953113,0.06594000777305131
0.23315832068032316,0.051946742392658236,0.10821964099158211,0.10459144390850776,0.04127988443420799,0.1726890804259413,0.10840430141445101,0.14754337567980283,0.03216721007252558
0.04868697015627549,0.020295897916302336,0.0669038129637456,0.04141683129832195,0.0974627602489016,0.15178160303490365,0.016209626781549274,0.12107897503066038,0.43616352256933966
0.2744201227335112,0.019799021686690208,0.030871152345222693,0.19399504797345637,0.1104439778179654,0.07337429668749429,0.06673090125824171,0.15970650857608418,0.07065897092133387
0.027483044254336716,0.07460348075052022,0.038721999074528037,0.07791202158984685,0.061700066499642305,0.4799522567643481,0.14336888754527274,0.0530911574230844,0.04316708609842063
0.2904994417667033,0.06413563363060276,0.04816497752399609,0.057477835186935555,0.08631423287186472,0.06371448903952634,0.24604122214378235,0.07809419518572104,0.06555797265086788
0.6002236550114798,0.04243708004981639,0.02980194886050619,0.06649835463529354,0.06957345413627007,0.04186493448473636,0.04760100796965213,0.050814619036022156,0.051184945816223376
0.021495213185990004,0.1227668096255611,0.0971408028743695,0.1785155850679785,0.19142578805390506,0.2000583593811768,0.13513552420023459,0.02201941409387591,0.031442503516908624
0.3597127059400029,0.01352962950642922,0.08983998387316568,0.03907063888638645,0.09602738948089197,0.09634310797073703,0.06356724438633121,0.049810458055575185,0.19209884190048043
0.1926700500288693,0.0289873040472009,0.09401872938037531,0.10007855844601077,0.14013532263354997,0.05377526284254961,0.03177697164108261,0.32807688756067505,0.030480913419686385
0.0489153769880221,0.27137325910439597,0.13260481483297995,0.16573334953393656,0.047349167168128016,0.10629735108120758,0.10091556195163587,0.10346681235023024,0.023344306989463798
0.20243199849701413,0.014905254217746336,0.07638225243511178,0.07372438694530507,0.045607217363773885,0.028454041118020055,0.153357852086456,0.38701874614680287,0.018118251189769827
0.049183855407554995,0.02743790231260713,0.01084608698948325,0.054795869283725325,0.11135092767777814,0.022616701917255243,0.007531823834499546,0.0321677964807199,0.6840690360963765
0.3625090706727105,0.10229042236015097,0.060113785981195655,0.0638034795224981,0.05936459917963832,0.20367397638046522,0.08321171758004776,0.02054157197277075,0.04449137635052275
0.05560773337461116,0.3002841890567597,0.1417861202394752,0.1676064412284445,0.09601158225473894,0.09760185231996919,0.03598948654536527,0.020644248330157513,0.08446834665047859
0.24405680256725723,0.005453844212285515,0.03784905865061571,0.08771879327251293,0.02393681931867962,0.09274031881064719,0.14835610425236032,0.32477656024918516,0.03511169866645631
0.2327815286300751,0.019727754966643668,0.2357650296457201,0.05571693307987149,0.04385436898661149,0.035322021587398895,0.092418483333067,0.07856222348315892,0.20585165628745342
0.02562078534190491,0.15739915684011438,0.12087357711909515,0.07219827708640633,0.04286872076340729,0.1647545877164743,0.36333016862015977,0.024464559835233896,0.028490166677203946
0.006936238442460072,0.07932026792198604,0.20229657946660426,0.035153337161258146,0.024820966268506856,0.48337197457053876,0.12484830364941,0.019265444726719705,0.02398688779251597
0.08278270597813116,0.05599782746317631,0.13979546418177438,0.05926273875514282,0.07824306889378861,0.48566231924949904,0.02897771917236765,0.021343031546307883,0.047935124759812146
0.04402028641099753,0.16767371530984812,0.03049922458289156,0.08767502238346396,0.1446168435413693,0.12280341799440204,0.26595100124561527,0.10214455446669546,0.034615934064716754
0.05087660142836357,0.2707644917225671,0.23029565047348366,0.0805350616671467,0.01656357511663201,0.16928113060846353,0.06251189945940472,0.03359894932752682,0.0855726401964119
0.12290202892842539,0.2771486798272975,0.03885007146263894,0.3011188454609101,0.023362503700683417,0.11967717789026798,0.011562687179952609,0.06216765597360483,0.043210349576219165
0.08068531627264176,0.20408763047563072,0.12134122753211807,0.1151698283129372,0.13722749171478787,0.19765051367209788,0.02956837252055358,0.060978769368412955,0.053290850130819946
0.13257265034315327,0.036914959287957,0.40256621022181527,0.09812130662812533,0.10911632691963896,0.03095283082345369,0.09976334255947861,0.05461841218959492,0.0353739610267829
0.027664409875826423,0.07133728699051124,0.11914530077771696,0.044352489286046515,0.12858465793480173,0.5223355950724937,0.028311092652120794,0.03855947607205226,0.01970969133843025
0.2837085611531418,0.04177451479348084,0.06088151836785521,0.0636767758333114,0.08087354797127903,0.31812497409803525,0.058478970200484835,0.06537138568346788,0.02710975189894375
0.07123591448676253,0.1508518533147007,0.11711852265448637,0.1872088442579395,0.08712639962467623,0.30829190459603634,0.0042452628624484534,0.04558983341713066,0.028331464785819205
0.024867193643865595,0.028653735680492756,0.007262131159308856,0.05109936051985348,0.09549044174204152,0.04560251405376973,0.0037172371378099284,0.02974657043141261,0.7135608156314456
0.027571426618060123,0.11423877224620843,0.3070242511356123,0.09884181276767107,0.054996596244359784,0.27566867038153675,0.038296352563562314,0.0170029920674541,0.06635912597553512
0.031971993513492995,0.09313975142406948,0.2732230154408659,0.05319191766109183,0.2620649164455466,0.030193054953015774,0.020939252430100943,0.0470875297897809,0.18818856834203554
0.518153173322351,0.015065231998289838,0.04813550820321022,0.037035735252829695,0.18713058799465684,0.03674785123943999,0.04179113032325197,0.03628360203142637,0.079657179634544
0.4380197875751665,0.03355242693857615,0.010900658513452724,0.021096128643611402,0.17218213970354004,0.06488659645635118,0.07132052363603392,0.09346842615758182,0.09457331237568628
0.14226836924526345,0.3660944459005477,0.03233928157087442,0.11250305345621958,0.06282745527087585,0.09330025291757794,0.04334030763637604,0.04187731983212161,0.10544951417014349
0.13903575086050274,0.12575730228940418,0.08284322462420905,0.07658861225250303,0.3639358083994229,0.08072464605859274,0.05522675208988131,0.038192814041893515,0.03769508938359053
0.37510650833662745,0.02457116730220187,0.037304131871846134,0.08738170649703547,0.10432508462666767,0.01712132024103781,0.05427609429884547,0.25451069923578723,0.04540328758995088
0.11484212574418821,0.04344806141902049,0.05226602349570583,0.17606672280763977,0.06587660761555364,0.42802683760992316,0.04049851105173233,0.03944067037614505,0.03953443988009149
0.07577676720125232,0.026870745939108983,0.005441572997142748,0.06281760241759222,0.04747392522497828,0.08816380468947176,0.017862210362919143,0.13605977263579697,0.5395335985317375
0.5646845839326052,0.07568592746039143,0.0346574179734067,0.04531148611448276,0.04067144522252783,0.06817702904921753,0.032256214352855216,0.06132461959753369,0.07723127629697957
0.024857915597613873,0.048086451428114046,0.004247067158176407,0.07722462402698604,0.18443179654432215,0.05349652740492431,0.007093595704743486,0.049111827232037386,0.5514501949030823
0.09994862200217829,0.04994942722286161,0.40300930982759287,0.08972356349188115,0.0702475570458682,0.03221449556438081,0.09915552682804644,0.05914499210167865,0.09660650591551195
0.11522779334038487,0.16540288667565373,0.26929750083198273,0.08952826868857251,0.06025517697641989,0.079415155536442,0.1734054354191333,0.02944857111771787,0.018019211413693233
0.014273920556649554,0.0482999040600135,0.02733422492529429,0.046918125322082,0.1636532039626338,0.04570129107278623,0.029003462536719152,0.051359325994339754,0.5734565415694818
0.4107226949014117,0.06665959304898565,0.0927491925241865,0.05725184042988881,0.09088815568543768,0.058127945229730006,0.13164067028198426,0.058583415105382806,0.03337649279299255
0.12392924031262505,0.017990623062202334,0.04457483718563273,0.036239550433514324,0.5057225202106511,0.034946801688327166,0.01664726048427459,0.06718509618530222,0.1527640704374704
0.06259096618027583,0.05018547973245471,0.25266313444056326,0.09640811248417867,0.037743706644523686,0.31565055531503705,0.02995059945223408,0.09000200030324068,0.06480544544749205
0.21236490879803796,0.26414229844461656,0.192270605006851,0.13348374494825996,0.04866721099702004,0.058395591329716466,0.016091241325393652,0.03671251102023904,0.03787188812986531
0.03411463553396401,0.04381956761051093,0.04594449939391546,0.1290550446305472,0.05132684057230432,0.3952048959143837,0.21708419882294128,0.027511147305735662,0.05593917021569753
0.32374268066112805,0.09537141827939571,0.15960559888474143,0.08431758687166302,0.03252281918929276,0.06393630505553775,0.19322545753545897,0.030568792838928067,0.01670934068385418
0.02909155476334577,0.10177097540716423,0.01918088511432478,0.15559624734984245,0.13295198138294043,0.2786055305186214,0.030326816719075347,0.08069570186348704,0.17178030688119847
0.3913368557080994,0.020767955289850537,0.04188781122550569,0.08808739161258661,0.05966347319001225,0.13986139287031052,0.0391797862868307,0.13669903044286077,0.0825163033739436
0.19273621854634185,0.06251140470397414,0.0753200002354949,0.12032663174240903,0.0648256235677626,0.09790219568997292,0.2615575310976588,0.07653517150657095,0.04828522290981482
0.038859473828433744,0.009220771971242098,0.019047001258734788,0.026543761552613388,0.2117755375591728,0.05226664038958557,0.010026800609162162,0.048395611536489795,0.5838644012945656
0.07816193288827528,0.2848584362740883,0.07245714240820325,0.08897798964218447,0.1161837096982704,0.14750850203728536,0.08272739253551531,0.051700762737528085,0.07742413177864958
