0.048027939801281366,0.053173373957536074,0.46572031591337554,0.06776375505022211,0.0734139571657349,0.04463084445120865,0.0689608536663107,0.06891615663907175,0.10939280335525899
0.0696866062866176,0.0556855146404833,0.0823972643610608,0.06055942805795783,0.014297760713078686,0.04352861699726723,0.006520121127256139,0.24156726466807696,0.42575742314820136
0.05096013727310399,0.08733759453287804,0.04540787695511723,0.0197712996805682,0.01703862139673742,0.5809054003440547,0.010558071327395153,0.05017453649983827,0.13784646199030695
0.15049140562836671,0.2025501200316997,0.0444501281755662,0.19494751462046758,0.1136544841290116,0.012498707119313482,0.032798103450840436,0.20846243879154022,0.040147098053194163
0.20441980210921096,0.2220831524484456,0.05580507900701856,0.18225817604940253,0.02633281398119046,0.03530951710334037,0.12265687895566225,0.13078442232098228,0.020350158024747034
0.14917847642268584,0.1601425321943282,0.058364587375401074,0.0772346911794277,0.36273992648401804,0.03767102058556362,0.06936322705468916,0.044643295004810006,0.040662243699076416
0.10127153949957284,0.06052274128776112,0.15850923402405379,0.1314389526351142,0.08035871857927616,0.11523137542686628,0.19962197461804332,0.095324947065627,0.057720516863685366
0.034403805769089676,0.3894386731940354,0.09882084796463338,0.15794534264803103,0.08573945834589179,0.027845748999171156,0.05328925060681391,0.09107213694069131,0.061444735531642265
0.04201867312271571,0.12113514658029585,0.1138921885192808,0.05982014381132736,0.12922373907979623,0.1581882204165058,0.13941494334249085,0.09900273849206993,0.13730420663551748
0.1389821838874616,0.17067733985394182,0.026071994514233504,0.3122477111127298,0.12420132765016607,0.029360813149446923,0.06759478927839373,0.10042372432821904,0.030440116225407408
0.3358104653973106,0.1582956771270642,0.11223684206006633,0.05451907004218829,0.03294365434306526,0.05622281271747832,0.08664994649354252,0.0699096103764505,0.09341192144283401
0.10333605435130828,0.2153264475420568,0.19210523042764094,0.1300822972631472,0.04284353370938878,0.01506207074704729,0.0774391125532133,0.1537153238548955,0.07008992955130187
0.13349235349207045,0.11411020703502933,0.03484988216929231,0.11850180940906783,0.05778652479626293,0.05123435156997113,0.22541085604083047,0.1244039828907661,0.1402100325967094
0.1061408704456217,0.1428170295981918,0.13509654506978158,0.05745135993192733,0.03898591432787704,0.07705844650796087,0.028866544774534948,0.14117034894544853,0.2724129403986562
0.21645928696041328,0.06698739435827951,0.059654083920584716,0.13437372188722654,0.028427012985894923,0.22376452233172564,0.08405123905933425,0.031056039420041592,0.15522669907649958
0.023474677644530418,0.13219112872608071,0.06907083883720926,0.11314628768719291,0.04291325094444314,0.047505450050325505,0.044510214875251364,0.28051071260363664,0.24667743863133004
0.21418340377201983,0.016851040181648777,0.17962124292631923,0.0007381037262800998,0.01839145952380727,0.4273795853763427,0.018380842983204738,0.010862959888125552,0.1135913616222517
0.059962860907116174,0.4627754504852826,0.09786146341715458,0.08651766984192748,0.04622767281572838,0.053116994360337684,0.13568734844413421,0.030206953100652256,0.027643586627666538
0.10821195254975326,0.10359506162302545,0.18742311257550992,0.13451628323055564,0.04181143686825339,0.030515317925185772,0.1679663553158481,0.09802060500921646,0.12793987490265193
0.09495510053872948,0.05257290012831236,0.13097130314885908,0.08188336642439288,0.07954621916221491,0.03603191395561541,0.37433329674614657,0.1293544758299543,0.02035142406577506
0.048683407398868006,0.05505824068170496,0.13726529640707458,0.048311871292062214,0.4227454739374805,0.007482844326852427,0.06865572890004422,0.10210123875279879,0.10969589830311421
0.08424883024372648,0.083866223907433,0.36602895762207494,0.07285412319518812,0.07832474588505861,0.0812026530278433,0.02957079726508717,0.15383775736022398,0.05006591149336443
0.15358194632221947,0.23977205994154038,0.05354603494909071,0.0708711923436066,0.041234765419698456,0.043385672496280704,0.20534997740777985,0.06503032935956637,0.1272280217602175
0.17046088497722575,0.23710411401498668,0.14114768884013942,0.13774043687817325,0.12874613119929926,0.023951858387024044,0.029339891274469534,0.08304262972080283,0.04846636470787933
0.025064961073053924,0.06023176536931409,0.27739606852993043,0.011277474017279377,0.13254107968767567,0.09553260328868475,0.09326555671336968,0.17042299875692546,0.13426749256376666
0.04991394972404401,0.19249829560648077,0.09105552687717862,0.189964755437854,0.07506046624994533,0.06702395124442474,0.0855359286879089,0.10916421343681311,0.13978291273535057
0.5774973135519836,0.10594408270695198,0.025916185053020374,0.035184633218768385,0.036867190231917445,0.04529944895113606,0.06126043625521805,0.07400242967426561,0.03802828035673837
0.08731982888662136,0.12542696506408132,0.11280902059918053,0.021648073553072678,0.10565039504364086,0.026654464728084592,0.21806045768165672,0.26229007097796875,0.04014072346569316
0.06723830359228503,0.09007906034972119,0.1435770554048086,0.20941823888277933,0.1131229817889845,0.04169835251620574,0.16225624126281177,0.13593788498036088,0.03667188122204302
0.0740852341568994,0.056161158010462314,0.16482436404602138,0.17622119756313778,0.07682066804177426,0.030262373962722466,0.16010792450865885,0.20406268557434926,0.0574543941359743
0.22745519296840955,0.049183594239336666,0.2874785091360968,0.18690382960145344,0.03090478950927474,0.057010601562428355,0.02011768998546411,0.0538525513527407,0.08709324164479561
0.28497997496609556,0.09206494912196528,0.03294071093415363,0.08789481702639822,0.04097952874405322,0.05986842933474177,0.020823092432532723,0.35129964426247756,0.029148853177581997
0.31182741713356743,0.07809371513372355,0.04917417511704891,0.17908994798995004,0.051933417911529334,0.036021173755010856,0.029879277343611333,0.1952556179014696,0.068725257714089
0.16458830780284336,0.0935591086120862,0.043973648127527486,0.03394499167405506,0.3159768780599583,0.017556749884288996,0.18511551092176906,0.0855406577025224,0.05974414721494923
0.09769858401211108,0.05495834534795491,0.3176260018768296,0.08578943812666824,0.040146325719167576,0.23110780031738942,0.04763563731617034,0.05415244709670252,0.07088542018700615
0.05586267542104998,0.17386531571313488,0.18398028380268303,0.04632228092720895,0.17064970795530213,0.02124170540089984,0.25737872122491073,0.07846934804327073,0.012229961511539657
0.06532655061914484,0.06915089893810893,0.08189327158925565,0.13987014162817343,0.04153417587660428,0.07230288701867936,0.3986749061835007,0.07333676268184311,0.05791040546468961
0.2232675065543265,0.02256423230654463,0.06940534790373691,0.08847773645786021,0.09876100299287204,0.037290416794121796,0.010060018915079771,0.4004797117048535,0.049694026370604584
0.1452850399576433,0.08858120492841608,0.43876750272454146,0.04565049081477301,0.05879376355980354,0.02977401295448932,0.0783015133880215,0.08555950147832776,0.029286970193984182
0.28621610633836725,0.18473247456206407,0.06715065141911142,0.09203336942035228,0.06061596902827221,0.05423998407635557,0.09287657321109717,0.11813415654002905,0.04400071540435097
0.07328693116311179,0.186589756811277,0.07562091847451273,0.15693327038930474,0.014757992154847589,0.09254645088270391,0.14642059720234735,0.12524932064873354,0.12859476227316127
0.04663669491216401,0.12329088976618553,0.1010175803222072,0.10822943511576127,0.03972272898859335,0.02739038783445956,0.018232423802086242,0.07060900292418815,0.4648708563343547
0.12450198584630323,0.07034589770754951,0.167130926115038,0.3420528237546527,0.057702714770227474,0.09613504160105794,0.0077483754642604305,0.03395388724066662,0.10042834750024417
0.05898614413884429,0.04070835945927503,0.11063880157918393,0.3340591840861966,0.0769951764363025,0.011735754992811124,0.010184256767774047,0.32779019270899595,0.02890212983061655
0.03554087877110501,0.1103334914283401,0.22939323829786154,0.09503722352457074,0.24763112398665085,0.08258142768896946,0.05762875725231398,0.05492118964685253,0.08693266940333577
0.10142227180696241,0.12835712174869787,0.046527205677534045,0.09823646496733085,0.07612050803247923,0.016974338243468872,0.15796443475133803,0.1656165978030489,0.2087810569691397
0.14447192174060322,0.2555075221494874,0.11005142516317712,0.06459808285184755,0.1025191346475518,0.015447107211644634,0.03688043070891111,0.15336849871052505,0.11715587681625202
0.09858180499654623,0.11777495458591823,0.14031435034275688,0.1510187527865627,0.1026733362262861,0.09954312576464557,0.10199165779503123,0.1310477485070274,0.05705426899522567
0.2555264019489631,0.0956327851997107,0.04860366586121176,0.04412635654235892,0.10668214076720617,0.07059844484282406,0.19368125294692493,0.128690607255052,0.05645834463574848
0.16040359966948625,0.3814783324376571,0.03031236700956851,0.21516722966475252,0.014826660338467633,0.012886413612069547,0.05955106417717563,0.05908393226207501,0.06629040082874783
0.08665210961335253,0.1526068589053926,0.04109739412737622,0.49684113169953265,0.03832650984958124,0.018894973840248613,0.04294059674142205,0.09295503152218172,0.0296853937009124
0.17733480657493517,0.09431241831854759,0.086667902618445,0.04521121544120247,0.0455398875020109,0.03254072620052376,0.2570333171287226,0.23461664401238905,0.02674308220322343
0.11318610219710513,0.07946826374459776,0.018001738176346684,0.4490534239663348,0.08091371134871773,0.028992621960595447,0.021943281368673212,0.0801576601313354,0.1282831971062938
0.015225584606467607,0.04340958227836383,0.40662131857811823,0.011486193183551688,0.13262231111540754,0.12855662158063355,0.12185702605470827,0.05834560743443964,0.08187575516830968
0.12344875428048933,0.2624699487831234,0.09811295908317756,0.0668389377193317,0.09398894799907938,0.03855103758175907,0.03813702700639378,0.24211539610859667,0.03633699143804909
0.03023480261036395,0.0795699377813689,0.22807347765924213,0.14117709159247457,0.18051816332596105,0.015204949154333533,0.2040233163888545,0.07575081706762866,0.045447444419772665
0.16078577312598827,0.3034806310684271,0.0616352295064397,0.015475855191510663,0.06340768491103078,0.03495143332086036,0.1435196706987061,0.12987136677467315,0.08687235540236388
0.038944040155620016,0.12640384879558433,0.1376781463227925,0.052235830885057954,0.1279148680308471,0.2990373848509185,0.060534119628858074,0.06572494043754103,0.0915268208927804
0.03141879479724481,0.19352043790648987,0.15582322683886624,0.02909600582893693,0.15979589786683498,0.26197403248116163,0.0175661507829947,0.04483494030910151,0.10597051318836948
0.08735001168407537,0.16367490540977742,0.11228017148293967,0.040780753850339656,0.051429082542862936,0.2353904835449185,0.038989611803640384,0.11727062722775128,0.15283435245369473
0.050920765028449576,0.039307906231375506,0.07375689066176133,0.14426295219550103,0.09255366019367983,0.0450306690037543,0.026842669313277712,0.04572624408058613,0.48159824329161444
0.08544242935803999,0.10034963034218196,0.371199828752569,0.042099125503820035,0.0675800163218636,0.07505268394826932,0.047081923487721805,0.11523300463200477,0.09596135765352952
0.039050242879791426,0.07699871382743054,0.09475787828601667,0.1146424660633476,0.02106625341192117,0.20874217549007298,0.08771716088790628,0.14014820825585186,0.21687690089766146
0.15470502051059154,0.04115003404166979,0.29810569126961517,0.025589283973916604,0.2083140706531904,0.04222857356181408,0.09489282737588205,0.10139924687448425,0.033615251738836095
0.02635091781943792,0.12452473403106319,0.11394700054818274,0.20285536365427695,0.09524533329667395,0.025849344893189838,0.10878508065599213,0.1565355016053612,0.14590672349582204
0.02341546762893913,0.10377082312956325,0.4546001099847931,0.017066163989649198,0.1526120632642134,0.0847992231806673,0.05181355101116444,0.08873853294288593,0.023184064868124295
0.12378215326854829,0.34812129273655307,0.0683781443734558,0.0872530650042166,0.031449559117086794,0.021745675640922033,0.16155433374552497,0.09067697187391421,0.06703880423977825
0.02959273473718053,0.09982234346208972,0.16656514674908451,0.16182404161726904,0.049632066559686085,0.08351040758271737,0.07957487958304847,0.1945275831601084,0.13495079654881584
0.04844947657877632,0.09371815502891283,0.40468123716594623,0.10246413339931604,0.0914973911431703,0.07740208932151306,0.049434772422456856,0.11424229442061162,0.01811045051929673
0.0614817818348127,0.13879870050499174,0.16342779532001167,0.16196343162624013,0.13843176199493037,0.1741940606781004,0.038186401954039516,0.07057077576911233,0.052945290317761046
0.07897151113488943,0.12760377771343942,0.02019742675232572,0.11814119896939124,0.049444620153748176,0.1896315107690237,0.05587733444329293,0.09681478531292877,0.26331783475096054
0.1395806820517218,0.04827069019499403,0.31395990136064766,0.04091532560344557,0.0378945492748848,0.14265780512824897,0.013905230814917569,0.16962471061053572,0.09319110496060394
0.2448269257150056,0.04222110972076404,0.044242930721600814,0.028957081391482817,0.31589293594193973,0.026521928499182567,0.1281550596618068,0.04380403760491091,0.1253779907433066
0.07812695755777428,0.3994865163782042,0.1223336535244059,0.11187449638682904,0.046499164554048046,0.011415728811051474,0.05144814833214062,0.14106356810638743,0.037751766349159104
0.03713954613056518,0.15229569133592324,0.19837259714056663,0.09105389912662454,0.08957591170035807,0.03042050290206497,0.14297023399559775,0.11360751404173501,0.1445641036265646
0.049080590295339795,0.1329156619961821,0.29579008059166073,0.11251779846124826,0.12563032972456736,0.017566079880095394,0.15787474776850516,0.04777100839912779,0.06085370288327344
0.2160529585076648,0.12168724481869377,0.022552769100736687,0.16662454551970304,0.026257542713057015,0.04040421307041119,0.22129409438328365,0.09682855233287006,0.08829807955357981
0.005034175477628859,0.058733846939923645,0.16869693162893085,0.032069452493367005,0.0912919032039743,0.28585789582813087,0.03800389004316923,0.027134063899129774,0.2931778404857454
0.10811263830896879,0.08044598217287979,0.07945481335695814,0.036657378522602604,0.18469535467950618,0.060810851525160144,0.012579904004805251,0.22384240528404376,0.21340067214507527
0.2738549583680923,0.08860235405637203,0.15707768709204298,0.05272375286561081,0.10124644831681666,0.017206839076196828,0.05544168193483571,0.20443419507876737,0.049412083211265355
0.04510644058138053,0.16538514886826292,0.2717414923554932,0.05456777133020469,0.10438690344604584,0.0972087045439961,0.11338236591804078,0.07870714480778189,0.06951402814879404
0.03789815517372939,0.10234091186811382,0.16756645244347365,0.026251790394411886,0.058056028685360174,0.11018179156809473,0.28449569978701256,0.17341504914120695,0.03979412093859685
0.012662170763174286,0.0943048367082795,0.47827770085507454,0.035517569838067,0.14147688464903127,0.0763093496364321,0.013420850246221978,0.1292511351706563,0.018779502133063137
0.1008284156064267,0.20200879600586785,0.08706145357022045,0.08430083765465667,0.2960471530574773,0.01871039788994047,0.07028490206166073,0.07583918700374019,0.06491885715000964
0.5960628928905747,0.040823722724757615,0.019464280009472295,0.04813982150272639,0.05109432596490767,0.036314265180002976,0.038777368709157094,0.14499368884960656,0.02432963416879476
0.1795048931243036,0.1012593776848539,0.03814328994737675,0.044838999437920614,0.05538459062396234,0.07450314053565714,0.08807328462075376,0.3769541610533813,0.04133826297179078
0.03923566270877957,0.0663723902280585,0.11938339200011905,0.26138282132451846,0.2034732028441244,0.027955316081691568,0.015803996896677466,0.0786290123143586,0.18776420560167242
0.13192031211685293,0.13989685896974804,0.05112288941627385,0.11617571532310329,0.02120757034255456,0.038894531389776936,0.17790166828537243,0.28843342901401736,0.034447025142300615
0.5758254378540159,0.052326355054531766,0.026881356651386853,0.08183751727784731,0.018079382983542083,0.05830788372293099,0.08227921132525866,0.057997721487139685,0.046465133643346666
0.1434671318796719,0.14454506475073514,0.12730122678492367,0.3188981995187043,0.10134346992753691,0.021283788670811918,0.05041910142159198,0.04426239824569648,0.0484796188003277
0.17943207450944035,0.10738173342892454,0.02182178314494411,0.016370280417862475,0.05013975509941884,0.01746075929241966,0.46499964054994153,0.09660762381185872,0.04578634974518988
0.09952999042939122,0.08833795065261903,0.06801185704153266,0.0811272301275529,0.09207578764679832,0.027543807438313483,0.05322139266197581,0.41117005644317145,0.07898192755864508
0.32044283793091094,0.05164558459784222,0.005142991835863229,0.27263549839104234,0.04718978153420567,0.028551545743109568,0.021396661049497456,0.2179526919801964,0.0350424069373323
0.23018155081844502,0.0593369370404643,0.07654203474099673,0.17286582680418947,0.18336982511581487,0.05256087879012596,0.0710362336798419,0.1147469485995515,0.039359764410570285
0.08292928840607415,0.0525350153996595,0.039281115249079984,0.2968831345878771,0.09035783600107035,0.0825735413631803,0.03785811054929102,0.24381341850051785,0.07376853994324979
0.04554209133511944,0.06334742387220517,0.06381366582977334,0.00958120922387645,0.015035910645067941,0.5920472647075298,0.03163298074712503,0.016303295786483665,0.16269615785281918
0.10584711594932016,0.2106804171030424,0.13522061798418353,0.04739119920882484,0.027344772573961288,0.08650825089296492,0.13215215525742094,0.1867587449510556,0.06809672607922629
0.1583943332567931,0.11639751827594934,0.05637613144257994,0.2666906078764617,0.08765588484874116,0.02953784184629321,0.07555855073697522,0.17674569607858662,0.03264343563761971
0.2094389935334061,0.049684818575295164,0.061986181537735385,0.2052595801508176,0.09458814476784216,0.13850788129607294,0.02996098777590775,0.1885217441494759,0.022051668213446965
0.05213576464784785,0.0989119198949809,0.14249741825647974,0.32838786759765076,0.032390168368948306,0.034099240963585416,0.03962773190452714,0.23558966164739573,0.036360226718584215
0.09215319114934976,0.0805911784270004,0.1312837287042443,0.06646453217800087,0.04248080481681724,0.24005673345872647,0.08417379666525819,0.0637072944643881,0.1990887401362147
0.16361775749103333,0.0728800170647047,0.18431141525162034,0.1911516329934736,0.1124603938108204,0.016957967893152955,0.07245084305835447,0.13951236446700213,0.04665760796983801
0.09209178057474883,0.04121889577467033,0.38616157001125745,0.09727127915926832,0.07102754800147458,0.0602894749438305,0.005244674615488402,0.1404207340300512,0.10627404288921043
0.0894275536748011,0.17654520635122858,0.06887901611631209,0.34291516723811716,0.029517050415764415,0.03011345551912332,0.1184581307424068,0.05885169809671267,0.08529272184553395
0.3393328423628322,0.07039823974703405,0.015456878382949499,0.18289982681809902,0.03076614726414428,0.013199860692715988,0.05389142284549755,0.2310373959308095,0.06301738595591792
0.16049742593855568,0.039471415833679045,0.46130893269882106,0.005008308953827682,0.037988140047200546,0.08579341569358012,0.01904484326065971,0.15639544936067537,0.034492068213000764
0.0924221051896744,0.14629631431828136,0.05978107383846215,0.2577920170694906,0.07498849714773109,0.02085332880403128,0.19556848716451136,0.08495106639739869,0.067347110070419
0.016570761831607553,0.08233614113323577,0.0989977581320759,0.015361340398655688,0.1970530017577303,0.19015652477043057,0.10948921954825934,0.1439469693396253,0.14608828308837954
0.15148695405635357,0.2909456968577911,0.03515994311854102,0.15205931159270833,0.014111582898658227,0.12706070325513216,0.05550561375496064,0.05491059011293566,0.11875960435291938
0.3598828783028181,0.12212393060262129,0.040555932545031655,0.20329196903350252,0.02067334059981521,0.031541679819374356,0.055945408537944614,0.15200377840958043,0.013981082149311782
0.2957669014312248,0.02850963570147923,0.11928773558135465,0.05439012048558047,0.1134782441776442,0.13797858758950218,0.037914021287089615,0.14041265651303977,0.07226209723308502
0.03872768013469371,0.10519194621713564,0.37213605500173896,0.0806057025692395,0.04625268550833503,0.1302955944389356,0.015218135534911947,0.13648373923011867,0.07508846136489102
0.05984805630398294,0.12455628891168724,0.12467396111079325,0.10977796060023333,0.12654558345069744,0.08305321840615683,0.02629399860654974,0.22049763077123427,0.12475330183866505
0.10786152951193735,0.3023610953267388,0.1100690592054907,0.15290181877884368,0.042763630707444406,0.06505635066652872,0.06015208642041999,0.07723607456595995,0.08159835481663648
0.048367893744541444,0.09902184486824724,0.14540361716967085,0.10471345423013813,0.29881140744951146,0.045792914114162704,0.08745751307363471,0.04534329451183881,0.12508806083825452
0.09135840893526266,0.029608374852708303,0.24086604371010456,0.13758278417780057,0.24477839964357173,0.05005810150122695,0.06845972295770243,0.09803388673090081,0.03925427749072205
0.529324529219,0.040899247843408926,0.03831756880973875,0.18924544545345764,0.04378700343674871,0.03818960282560627,0.03427414505566794,0.056740701944133644,0.029221755412237954
0.04570077187038774,0.19874584230849654,0.12766927986745194,0.22288239632456186,0.14130440827147756,0.02784704544433198,0.17503464254290577,0.026416984173333546,0.03439862919705313
0.06417392267622303,0.16316105308108145,0.171046028858157,0.12189270787154731,0.11178680690813807,0.0500142474206312,0.0965554013391821,0.19334779491207585,0.028022036932963994
0.10420452153922445,0.049082180897697336,0.315186448305424,0.042932847643639936,0.1569670614168244,0.13809388276252174,0.057734739916247946,0.08686282405518529,0.04893549346323486
0.02688508386318951,0.0459379588949515,0.05220044139549254,0.06283466103779951,0.025235771482935127,0.6114684713863524,0.014114572429082156,0.08252262093367069,0.0788004185765266
0.12172079434056211,0.10746977048105717,0.08648092142931775,0.07800471559744736,0.2678880730606932,0.11229349027747326,0.038243150801311465,0.10159703772694273,0.08630204628519496
0.2679990194939797,0.053477957630219584,0.02592910596759466,0.043137504348857575,0.17036326152204143,0.03296562808559053,0.050161234987658176,0.2975254060113683,0.05844088195268996
0.30029865859459903,0.12868287061380895,0.04532965042520354,0.1373478649053207,0.04207994433155532,0.05366122711642857,0.06947681441104239,0.16653848152069006,0.056584488081351435
0.06097492063360993,0.04960549657024658,0.06964087226710021,0.20456017875299645,0.06746468010975731,0.18511773307992793,0.051453946238160485,0.07080934301406665,0.24037282933413442
0.29655046267181495,0.12833288925365893,0.03538498824530266,0.14700978407316845,0.07242282209185384,0.0219885660648059,0.0858003480842564,0.07788352938276737,0.1346266101323715
0.2801549356375905,0.05531492077029121,0.14758759648705141,0.05029937544648916,0.07659117313898366,0.12084425723532284,0.03324871468164925,0.15548280279505364,0.08047622380756836
0.16236317752295149,0.04413372246958585,0.16265777587645588,0.14601295627504543,0.17673737545592616,0.009958369490431846,0.04716997422477081,0.10598413199724092,0.14498251668759163
0.1274354171608408,0.11322571757528364,0.16835875720635438,0.14242198259562952,0.052761149990909854,0.0793074177827599,0.07463048882365937,0.08671502367139594,0.15514404519316666
0.12843229450733756,0.11364833411145077,0.12532225913007908,0.22845815799350386,0.10245538411872311,0.024232009080240185,0.13931128056377529,0.12181757436058926,0.016322706134300917
0.07588106331992654,0.15483736448835358,0.058704503709451746,0.04998454595407865,0.03265775234877428,0.18929044778522072,0.039569091583940924,0.06801302604697397,0.3310622047632795
0.1341584006621817,0.2245035008349288,0.03198905668783986,0.2458681037243633,0.05462183229316004,0.03924107458080755,0.026998465232355186,0.16945433195145623,0.07316523403290727
0.09084011999972073,0.44017527852940025,0.028527893372400633,0.07166310732946483,0.028315855368361665,0.032732067682340854,0.1403957450795863,0.0580072441291228,0.10934268850960198
0.029361892279384478,0.2096119091361196,0.09731876680783343,0.10486741268664057,0.13261312436083308,0.03264321745497263,0.16896731761815728,0.15616582193478193,0.06845053772127706
0.3394170124189739,0.1682267861696235,0.17337280237776284,0.017743484615847932,0.006438508590324594,0.1850633097462123,0.021528999394979386,0.06477083162129542,0.02343826506498027
0.06894806690697693,0.07599056811017495,0.15250948072773268,0.03164189321931462,0.1660952459392987,0.12520235932673476,0.14481333940328886,0.1564244517347405,0.0783745946317379
0.3269198440817971,0.07123068068012264,0.16780158039868612,0.018041507130091294,0.04957191008613079,0.10059251599708115,0.060961311660194674,0.09809053338091255,0.10679011658498372
0.05146349267424611,0.08083746969936527,0.05129982393899852,0.1926388311562155,0.02067443083645595,0.2928089821978654,0.06759593293423048,0.0927529765344064,0.14992806002821638
0.2395061572612908,0.22748084772258395,0.0818182923692481,0.14344135785933906,0.04241693400854781,0.041759673294081666,0.07628365713743292,0.08942028284042199,0.057872797507053715
