0.009185239398669899,0.006665453328772078,0.1396060651873342,0.2743342794154659,0.27662529722478224,0.01960090009821261,0.017586184192518135,0.031424768817377796,0.22497181233686706
0.21057625688206272,0.08211779055930758,0.04816794707111854,0.1886457416046364,0.06042364871016479,0.026073389614384056,0.21626674296965143,0.1236249077412267,0.04410357484744785
0.012665582242143406,0.062104026225553,0.021510054204909576,0.04787113348876945,0.3081929196328661,0.11397835108873126,0.07313196644878107,0.021677771075310232,0.33886819559293585
0.050659569542028805,0.09677829273378584,0.13553841236365113,0.13824139126402235,0.11060733411557877,0.06676594750805295,0.06759738218926843,0.062215102293251834,0.2715965679903599
0.513103016833368,0.07378155185044337,0.02970111837598545,0.04334385639772074,0.03499147962248928,0.11049456409435128,0.011537590769830611,0.12445751900683762,0.058589303048973605
0.6413438939620454,0.049752702147245226,0.013715917408524335,0.0926946761324403,0.06998231974148977,0.07819171450148978,0.007491333601524389,0.018398146903141004,0.02842929560209968
0.03535917465294108,0.23609871592889564,0.1825635041419794,0.0781682302725451,0.14157686546049003,0.10719527080891189,0.028127530036650417,0.03247412619867272,0.1584365824989137
0.05361930171324585,0.039547413971526946,0.1367877928726002,0.02078022708094225,0.012275833209330872,0.046078734892116724,0.05633423555997197,0.6085793034456093,0.025997157254655828
0.043946815180464054,0.14373632906780714,0.06221596304941774,0.07265337818217903,0.15072963434450734,0.14826617228546318,0.26487998359660697,0.05660334569080336,0.05696837860275122
0.020470604824498195,0.01955578407635597,0.05354755397606406,0.10083194417254608,0.4276167874479933,0.04728851368868142,0.010310736297782282,0.05202362497787719,0.26835445053820145
0.560698544934172,0.012770556849580927,0.016969384931944054,0.1525666654953486,0.042076032247457096,0.14368007100991595,0.03660615110515044,0.012969528196162495,0.021663065230268366
0.16850870522154948,0.07762338135868092,0.05092110354488294,0.11350298580056783,0.09558951150580199,0.23269368044949468,0.11830652083442017,0.06457591992893626,0.0782781913556657
0.08192202255055629,0.0904564837503577,0.008065582709726798,0.04548086155285508,0.07325203801567733,0.40303809493852794,0.16195133850346097,0.028409950161087615,0.10742362781775024
0.4967487845643251,0.03079853477699224,0.05550482410625631,0.0565392645918168,0.03096509245962059,0.19599791819282206,0.047529047563592525,0.04614641770343497,0.0397701160411393
0.04464867876835177,0.3529335841177635,0.03631298113635813,0.09059918431725476,0.051168060186628624,0.2593327592038981,0.0477498227437879,0.04729333145699415,0.06996159806896299
0.03679916450966781,0.49635333685982874,0.12022364521584254,0.10105842529203517,0.07186808335969229,0.03622945800740744,0.10198019382591682,0.007438619270151245,0.028049073659457958
0.5604737321793644,0.03739425568114772,0.025775063539502097,0.08678429194290856,0.055350250144312906,0.08576959819588932,0.03591955953613074,0.044556058157479934,0.06797719062326434
0.06158753500286268,0.04132841084854142,0.03150057268208147,0.0929164748068546,0.15737558316354233,0.16180340098472107,0.06448930309772659,0.07150732891183349,0.31749139050183633
0.04759673825098595,0.041402957173845935,0.029394702797283536,0.05208826122397866,0.17574954863247594,0.32479666555957515,0.11189256526159802,0.02201382225017588,0.1950647388500809
0.02928895315636643,0.0866990677797365,0.06554679493693893,0.06415001062517427,0.29076548441688216,0.0857864831648239,0.09321557061809209,0.03396758759345911,0.25058004770852665
0.0605974768073952,0.020892988191445208,0.014652399808238473,0.054825673566483484,0.5141325286951278,0.1449782783842949,0.05221148023980712,0.048082508936875636,0.0896266653703321
0.09555032784418871,0.1441791865281658,0.016942223484058754,0.16896138986359896,0.3621377289136524,0.04179759333091209,0.07593945104469642,0.022316537510610485,0.0721755614801165
0.019502190923796365,0.05472272124763278,0.10303521126743631,0.01513438748855004,0.06623975692148099,0.4585224568469725,0.11382594398797495,0.013308273647388015,0.15570905766876805
0.035146335234943406,0.0497736001342354,0.1053211027402317,0.04347471259505297,0.037973908950274436,0.02002454167377087,0.08433521769753217,0.1974170627391086,0.4265335182348505
0.08551802724545593,0.12396479480847566,0.08418996325004785,0.06958434267467199,0.12545963481951095,0.24744190171032862,0.02441789464416577,0.13650624240905407,0.10291719843828906
0.01903408271592083,0.30956354080502463,0.0825989515494192,0.13118434936210263,0.017186370298060517,0.21506018375361033,0.08685765357771132,0.05054098626861973,0.08797388166953084
0.10873121983519818,0.1270656442448529,0.057813005810819794,0.1857949088879033,0.09473224861623086,0.25962779575131606,0.04922925911763029,0.03678953370172991,0.08021638403431869
0.06128158454390633,0.10446046294888418,0.017494535449037413,0.15926057054576476,0.04374227456680436,0.4170473653574502,0.03717867363387899,0.06470322980264791,0.09483130315162587
0.05241757078854548,0.047491855055472244,0.05783072646268855,0.07297004318320802,0.04171366594266123,0.006271587323938435,0.04765313322589355,0.6168643463567617,0.05678707166083097
0.041306850744627734,0.1093861184345158,0.18383977366825788,0.18180801972463442,0.07266767200448386,0.2121043478475038,0.08260237311789227,0.03649005659645178,0.07979478786163251
0.02321855340580629,0.025821091226037762,0.01120805854961393,0.21014155297648,0.267816137630107,0.13951216220380117,0.04313220705416199,0.020988952158427065,0.25816128479556494
0.021589705513773715,0.08347486506116451,0.021921785936697757,0.2689561463368428,0.20755066840311562,0.1270469904356524,0.05312803177859451,0.02769688260592706,0.18863492392823178
0.6032152997993986,0.03312381074427007,0.06316319291230289,0.019679677085509426,0.11431407287004365,0.006104766349578517,0.07302545393130111,0.06889239144209847,0.018481334865497356
0.6465412973750637,0.01840769428193659,0.043791111307428875,0.10954851684957641,0.021588529580064506,0.011206837411910642,0.0756944081147665,0.061033322251956144,0.012188282827296658
0.09949541816075125,0.06361182831490497,0.02639693477037695,0.1298524161561448,0.4386368085265621,0.04636116045568232,0.021717339873821795,0.10497725977765215,0.06895083396410379
0.17091833339799378,0.06173775795455349,0.046379103037274015,0.12494716231816176,0.07806586953158172,0.1989941057898126,0.13392542894207762,0.11312713529305574,0.07190510373548929
0.017102340397318044,0.04662866167176665,0.0177382984125764,0.4860189928986121,0.08516358947148127,0.017121647669477352,0.019744134554391706,0.035765721835673836,0.27471661308870254
0.03695359559308915,0.058720602089711194,0.01630980757306589,0.3500230095676639,0.11280693855405677,0.30269600189416085,0.09254180781992971,0.007651054058275254,0.022297182850047392
0.09473249638205956,0.20544963285628337,0.048402692730690415,0.20772774926930007,0.081244667480123,0.1563820227314633,0.0429260672606872,0.028067098145726038,0.1350675731436671
0.6245809774726806,0.047053510850809756,0.024652811314627862,0.07001999336497143,0.03814127245351182,0.11749212002541531,0.018700090752943,0.019329783339634327,0.04002944042540597
0.015186040834115627,0.30810732587466433,0.07236832313473492,0.031868247753389,0.02192906869708557,0.09122425238646048,0.31323342171777097,0.10882635475601195,0.037256964845767127
0.10962441334571986,0.2106931334225807,0.04469931770193799,0.06755695330352207,0.06832092359126613,0.1302035570777381,0.10425686390101309,0.11101137703440488,0.1536334606218172
0.11839524259875288,0.13622117839406703,0.05575564953260667,0.16832816346713766,0.12891641994061898,0.1380377005566509,0.04349702657505846,0.15200018711930596,0.058848431815801426
0.5126039486329408,0.12017796238084626,0.019639425466510735,0.19281601674300944,0.03814696971783769,0.027510792003623677,0.025040125707888956,0.04333849978176402,0.020726259565578452
0.02727041717220312,0.030574138670239698,0.10550305010285634,0.013514040363573662,0.09645283584406329,0.018909229114896047,0.06544638419160259,0.5367719882674392,0.10555791627312612
0.09844295164613681,0.03080395677687049,0.17181446593697744,0.024956852366074922,0.18726278353553968,0.20580509974262925,0.053523195236073,0.08691017004674244,0.140480524712956
