0.05895474672746708,0.014791122901845748,0.06345719537127124,0.01322562002801377,0.01643500999150174,0.7049792395946731,0.05880872572032116,0.0193146367980996,0.050033702866806695
0.24701558426460482,0.02172579503976108,0.044160055764852664,0.04022903422685963,0.313548803688834,0.12918088038562925,0.014979678033711424,0.1586067174662319,0.03055345112951537
0.3650392333969612,0.08896989177137156,0.11643599199846437,0.07501732871822735,0.10863210470406576,0.08563722222976035,0.03110435458387788,0.0717461240585063,0.05741774853876522
0.12793155432610062,0.07956474045894434,0.025852096383322042,0.2784727785627648,0.12193296003433136,0.02226697294090391,0.22860115117120391,0.050438809386800974,0.06493893673562805
0.21796190079588343,0.016537141417337472,0.2705262377995519,0.020769917180729115,0.1915468932564582,0.10446884728532962,0.07598860305846551,0.08333758060758735,0.018862878598657352
0.19207088409981196,0.09312894694021323,0.016035417908324464,0.06725403931992772,0.023522703046022747,0.3988150408584983,0.030079269162195832,0.0580916978315115,0.12100200083349422
0.21858798494402495,0.015722180105328002,0.49629827054050857,0.0133370571072566,0.020625841606964682,0.10402693442298239,0.039595387837572806,0.05222925662354855,0.039577086811813426
0.5468441572406376,0.06926546396409194,0.06566791542601481,0.04246713383416798,0.09616209768099461,0.03871638353035558,0.030463729998604822,0.06412046782899901,0.0462926504961336
0.06614105927222283,0.021772020184250288,0.08185600674403835,0.07584017538619785,0.058325144652964504,0.08513658716242596,0.045529822384575556,0.059770674795404925,0.5056285094179197
0.02564388634366221,0.04032228549343226,0.03742770100137586,0.6716744401590279,0.06368483869732176,0.04098996404669853,0.01585233602078597,0.0925036010192745,0.011900947218421018
0.1443103786733974,0.029464456788013432,0.04002425045368121,0.25950598576353046,0.1863962345320088,0.09926986530825492,0.07590660350037626,0.09074266537136198,0.07437955960937559
0.06326041712681112,0.12086068415038616,0.0804324358327068,0.32269431358849504,0.10744815220902575,0.05263942721411524,0.04545734572573771,0.09339850647731789,0.11380871767540428
0.06181774549172522,0.4247230065334368,0.024118270556570804,0.1690933580999949,0.07167852975412005,0.02782992548413372,0.06341219872745797,0.11167975325801245,0.04564721209454803
0.5107512393403165,0.007990274488605772,0.03148624756595553,0.034751354002905396,0.14355993875069628,0.052449660743942944,0.0640694064982757,0.1370358907428418,0.017905987866460134
0.09119064045881346,0.012104337908429194,0.012850865753907014,0.2002216718963756,0.050655665221498204,0.008688815830600929,0.01924959502907179,0.5904685250038234,0.014569882897480286
0.4077209729302376,0.02184643379322156,0.06202060280326722,0.08090296253129642,0.08743814609818372,0.06529523224260692,0.047777694534999506,0.1897884646189634,0.03720949044722364
0.26623378462516073,0.0928993624434447,0.11771932656649454,0.027031088499547773,0.09174041820317941,0.32764568473739636,0.025201927506688315,0.030587231666023774,0.02094117575206444
0.03702806644758282,0.06299088172201758,0.07925520135384724,0.6270816688784646,0.03992695925149894,0.03764124584825144,0.035269210693013565,0.033147463481590415,0.04765930232373339
0.10107793070350819,0.11567312425049954,0.2447057390238616,0.05964463091524961,0.044781117810395205,0.19184389300274393,0.033871436035950775,0.0793384856413286,0.1290636426164626
0.10899974654629287,0.046197389688435765,0.3892015410222327,0.15098201439234413,0.030031794055595546,0.059746476567852834,0.07207125095862645,0.05750866239034181,0.08526112437827789
0.047518237928462694,0.06543577484980882,0.3663327917375055,0.10678940722768156,0.08840687525257991,0.13675922960877082,0.022509947299309174,0.14195773216672455,0.024290003929156936
0.25868460206852406,0.013043933605730577,0.23056888026081898,0.04129233174064309,0.1319161915834168,0.12416317206406742,0.05910451703806822,0.0893898377449736,0.05183653389375739
0.07763088869418784,0.24598137071414405,0.1930823407017115,0.0488884905507715,0.0723782312184227,0.05026757273057078,0.05861662374326267,0.057769636170947325,0.19538484547598167
0.08923367844914214,0.06803089459921906,0.04816292665348348,0.0791889087163994,0.17170124471342676,0.04014203355997703,0.06849632930054787,0.0345141193423975,0.4005298646654068
0.1913055496712015,0.08623208727686117,0.026731450775091568,0.08507796273630235,0.2771323777132873,0.09246917528989783,0.10872630742098773,0.0763096491850117,0.05601543993135879
0.07372370200832719,0.07699204224438168,0.09038735480955484,0.3390940154978847,0.09093549676343694,0.14660308942186814,0.03682917727912244,0.1063100935081754,0.03912502846724866
0.04202281143611042,0.32998543153913795,0.11120052319115685,0.22138985175063894,0.05450689065355219,0.024010185209475465,0.026931836483253934,0.05918122947269602,0.1307712402639782
0.049014977263975856,0.05706081671618066,0.4229107755325459,0.13178992811720305,0.046290804326883254,0.021382023249341426,0.04621786671737301,0.05245023151961501,0.17288257655688175
0.07416922483162267,0.04130147300190876,0.01325278548033258,0.5352138164538583,0.179415025620806,0.013606292254066038,0.01950102997265957,0.11751096497660914,0.006029387408136904
0.1417766022167039,0.018601732870216624,0.0734428561505296,0.051940278173832254,0.055917442716889997,0.05988136737728633,0.06113364581111382,0.03322444191828489,0.5040816327651426
0.1262434288655497,0.026800636712983782,0.0562958560036172,0.07712350222698663,0.13801144908267995,0.012326531596110591,0.011523998336400068,0.5301906742157843,0.021483922959887797
0.12442974412828656,0.07491568809351416,0.06072998312726003,0.04618352574279198,0.45179832870190406,0.023358641657480316,0.07338008594905895,0.06968002870152736,0.07552397389817653
0.07804353306282827,0.18504456835317817,0.11407494161182595,0.08559233491363243,0.056801137275521996,0.13568958745738988,0.13095583853507697,0.1789218609224056,0.03487619786814076
0.13544477646448708,0.1078688305669913,0.043145418957483535,0.3916213324487871,0.09626724926554303,0.024826236422984232,0.04555471617366271,0.08186374746153922,0.07340769223852171
0.05250921809618505,0.05683727782134085,0.007453747616429394,0.3323132624383434,0.04472054991830307,0.03430328237707395,0.23660029011638417,0.1390001576641591,0.09626221395178103
0.27043125927754735,0.008183306048430877,0.2155638411205989,0.01732637138606644,0.21567460424803017,0.03533778400310857,0.011668260160744728,0.2188818689189704,0.00693270483650258
0.05825883598869655,0.28384325448048947,0.026033451445673806,0.14341520509578698,0.08375135755924266,0.09280557780892405,0.11047692446663182,0.14621288290720633,0.05520251024734831
0.29441647456871206,0.17288631886050587,0.03392223885673845,0.09213908434630458,0.09620099782361104,0.05100407827762462,0.08379288650667666,0.12868137763261067,0.04695654312721603
0.1799165396413508,0.08241060681694662,0.03182355685635568,0.18611399326379074,0.08245621535672712,0.08414045454997197,0.16471394219390942,0.09434021284371301,0.09408447847723467
0.17869542995601584,0.09731004544598103,0.12409830169444802,0.4452993442619604,0.05484317366175645,0.02332478548228604,0.020999822620397807,0.02486085139783892,0.03056824547931559
0.11942424904068301,0.04945280130618901,0.2146544502316162,0.08946968733929539,0.05829034454227264,0.10738238316466087,0.1550238235918446,0.11700124815147239,0.08930101263196581
0.04833007696103427,0.025428043587085423,0.04134210910293953,0.024095542815085833,0.4747862903205884,0.034463134651102685,0.13872921553166312,0.06286552212279611,0.1499600649077047
0.017067868875360853,0.0558263816830486,0.20307301517635898,0.16611938089274084,0.025512872409313686,0.16078689254476128,0.18937851107935047,0.09663326362155111,0.08560181371751417
0.10741994533810345,0.42062213844390756,0.04696413657304894,0.10041983866369057,0.14017295514818995,0.07782185300606646,0.022504315249033274,0.058398153329515395,0.02567666424844435
0.12283812642442755,0.15056632129716427,0.10366085457575958,0.20887135134480686,0.10799068676834618,0.0927952127952787,0.0728723424765007,0.08048774950308289,0.05991735481463328
0.3463723909435938,0.022484598864823804,0.08935814190756088,0.15333276591325368,0.06139051680928443,0.11313915534394316,0.03584526990285731,0.1282824912800271,0.0497946690346559
0.19557953696385097,0.2579194203830846,0.06987397187192797,0.030362509852532835,0.10336872071918825,0.04055520284509858,0.12075820683943993,0.049668069221359495,0.13191436130351747
0.36101087334051146,0.048717608236910674,0.08374315474105241,0.022586448622746415,0.19687918811968022,0.04746149037200883,0.10072533381233995,0.04088869289450339,0.09798720986024662
0.04864479181647546,0.07501235492496676,0.022816722202485363,0.5976846202497447,0.04792046727461476,0.03393004958327916,0.04073995431781705,0.08492826432022815,0.0483227753103887
0.11111976471430894,0.057883130082547384,0.024783416903151025,0.5242979260992998,0.09047322366931802,0.022351024066644673,0.0328034373843804,0.10749328400117875,0.028794793079171047
0.08444198544157304,0.18697712863798369,0.03072660101126644,0.22814023760876387,0.056653782199062946,0.1017463047934651,0.07077856871275796,0.12854505353989376,0.11199033805523317
0.5497257488769763,0.019632801185594184,0.02229162294680458,0.08590680171771246,0.09022472214992848,0.030976516792231724,0.03621205522296334,0.14031964344647974,0.024710087661309315
0.19419679421635497,0.01803044544299373,0.09094543418289434,0.10073276655034173,0.04696123926479281,0.13145324759189334,0.11806528906868326,0.06292185090009435,0.23669293278195147
0.416232926163675,0.027195661776917932,0.04793059141155711,0.03065102660593741,0.21938885701114494,0.0710668295017839,0.021196444739315548,0.15659263297323578,0.009745029816432367
0.5890056294161252,0.053197903978760175,0.05009409816142418,0.0536580805462655,0.020252456901016947,0.09863713721693046,0.03092705726655127,0.08257919809500074,0.021648438417925627
0.07710150369492245,0.18180629567483023,0.08514002949103766,0.13499487866168267,0.1037386440471882,0.029294559164160155,0.027894654780644998,0.09361090116791636,0.2664185333176173
0.25622814469791777,0.17123327959214985,0.0279537473607402,0.11621704800940495,0.02817890806421224,0.05490431497969773,0.0297996171776706,0.2917238663633394,0.023761073754867287
0.06211901888517618,0.036672312936942765,0.16015760930176545,0.058575531366705125,0.3197285032325393,0.050051177266669133,0.038846309232224874,0.07984446899855974,0.1940050687794174
0.3370826131750033,0.028368651739072607,0.053156853267006775,0.040728080895460685,0.06178575062550178,0.04097105223380146,0.03912225606995565,0.04860910581899288,0.3501756361752048
0.027847684316814263,0.12063924775841006,0.11507930293516888,0.13349022607783204,0.08002978668452713,0.039666828249591474,0.0212393337344387,0.06808718497523156,0.39392040526798583
0.38001832812669295,0.035371750296435064,0.08053844401986024,0.04910810600548527,0.1326971019859098,0.1254312010141938,0.025273510951956624,0.15242068678538256,0.019140870814083718
0.1845804495919446,0.023482555229144147,0.12965863032606612,0.0646091875846378,0.12032993151136255,0.05304736665604686,0.09389111927694649,0.0512668807029625,0.279133879120889
0.06906794234985193,0.061950655712020686,0.38729296679068526,0.06328647342100559,0.06071016106386234,0.1526513567981453,0.03849080923774913,0.06472011262071943,0.10182952200596036
0.2050009304941233,0.039661367234135755,0.34972257307632654,0.024057985500562987,0.03216813959840039,0.04827631175489605,0.0809954456571324,0.041845345049765614,0.17827190163465698
0.12030903099981294,0.12358461560078828,0.05936147754891946,0.2968019770988154,0.04466471373053298,0.07495337196425672,0.02551131113516668,0.07912196352399598,0.17569153839771165
0.1100646691345335,0.026463108040497643,0.08439046765288205,0.04608308036060595,0.1489734032308034,0.18427165825721817,0.04759427341925188,0.027103261929228722,0.32505607797497865
0.23657163242226809,0.05153949327907097,0.02595577400476959,0.09982556251879615,0.060633027581136416,0.05291664083026032,0.3994930872024716,0.0491599772104113,0.023904804950815563
0.1413203153016717,0.013684639571370774,0.4592539765873019,0.05758125524009385,0.03366279038531675,0.03127850724085967,0.025793161770835085,0.06428967082349481,0.1731356830790555
0.04729042853468752,0.04476468283568045,0.3565236859832983,0.04691796903979822,0.07033182223021395,0.17477918543340995,0.031750807726549216,0.07656574553157541,0.15107567268478697
0.02756653558756216,0.03714141924853466,0.1420121885679782,0.13375542332623427,0.43513933136954597,0.08728318630898868,0.062417474722907755,0.04879275478687719,0.025891686081371157
0.01173788715996602,0.1518300125088523,0.09758198545510498,0.21243855108930476,0.01047545927646966,0.42977769462107784,0.028496330359433674,0.013104556431417632,0.04455752309837302
0.07424463018325078,0.1032779705250733,0.38958387625030744,0.020850869073854857,0.027490459983857973,0.2262931123185521,0.018109958496412042,0.028608216455958787,0.11154090671273283
0.095333540595864,0.03919299623855912,0.07152630962141616,0.05887807444021425,0.03279356154770488,0.3324414911876539,0.1177903541421788,0.08913153589265975,0.1629121363337491
0.26431843909641367,0.037572691218796576,0.09452707009280635,0.0893442099658736,0.0909435662729526,0.09083234276026153,0.11260490579554978,0.07458524619503278,0.1452715286023132
0.3319630263032986,0.06877066862561013,0.053009708934718604,0.051555409967200455,0.11132334081643963,0.16593582016329061,0.06110578552994315,0.09531278404361905,0.06102345561587971
0.07924060912208447,0.047923130628743836,0.2682788903166003,0.05773299741956253,0.13222341370469284,0.08815823378696656,0.045693455716243336,0.20488653798261103,0.07586273132249514
0.07760271790626762,0.09510119590540601,0.03734223748865453,0.3110665205102116,0.1782103363357331,0.0318210689325474,0.20929468142410826,0.02975306752678952,0.029808173970281956
0.10685955799400511,0.021434965035592446,0.23488684860792586,0.09079612004354272,0.06501169438536171,0.047493505805097036,0.037137726704909,0.11006456754300291,0.2863150138805632
0.06559922821396431,0.029654385071948713,0.02461262486428108,0.6610854386803067,0.032125195476196904,0.035196527302990534,0.026583678002149853,0.07091624354879661,0.054226678839365265
0.04494312431090842,0.026142529652209187,0.06060431583448839,0.6525101911299808,0.022990762165606377,0.07366672176511775,0.030184237101639682,0.0541721566545088,0.03478596138554067
0.07352777945588918,0.023709073006867906,0.06986316791853409,0.09682472421792643,0.36198933519620474,0.026409425873932756,0.10082737150861,0.18619918086259127,0.060649941959443676
0.17456427256595186,0.07519398066366889,0.11888475387940058,0.05017800212555814,0.1576605057108533,0.09396587138634323,0.0962034738500502,0.10104302835822189,0.1323061114599519
0.08191483340754692,0.08115452719867665,0.08391075774196925,0.05664214955563577,0.10683968748010203,0.0325775284096371,0.08066112596659018,0.34376604087580137,0.13253334936404076
0.4770269041176702,0.01996875629290736,0.026231107719362597,0.05703693955745803,0.13247757758868758,0.05894076132966177,0.02836606947292099,0.19101382377402143,0.00893806014731001
0.038879775482375666,0.053262495832108354,0.49904314539045264,0.03918942846792823,0.08265861078543796,0.08863299739012344,0.03980442657402316,0.046586451059485307,0.11194266901806536
0.21274585006250776,0.1456394674652292,0.05783636554107807,0.10709172981396582,0.03391460125186895,0.2868993210477677,0.059153281933014834,0.03487900713944312,0.061840375745124486
0.060739418098150554,0.01854803369674039,0.5156144397608228,0.15655810927255515,0.030831724902749408,0.0811788279327375,0.03177017395178545,0.07172263206464104,0.033036640319817755
0.5904459367514586,0.02513172204224125,0.04065680619332934,0.053527032866054584,0.026603117276862154,0.026984902564425442,0.024626496089432442,0.18664846201619933,0.025375524199996863
0.06082200929603588,0.032230088609330305,0.24745448839686704,0.07727943335875881,0.13375826320490972,0.10623266692676699,0.060045592570291635,0.15137302423940235,0.13080443339763725
0.06308164803567001,0.010336152790729402,0.5216351197096845,0.023489132703419614,0.05003659533756822,0.036492491395128064,0.021963921482241678,0.12023969919054496,0.15272523935501356
0.19679859722167262,0.0521737379478017,0.04213627326046839,0.08236675672665984,0.0274051220291686,0.05432284963040504,0.10902369467923735,0.04442449507929782,0.3913484734252886
0.5469860799404757,0.028757008395577863,0.13937956165122134,0.05486732547730974,0.03686362015673466,0.046751819162335256,0.022029054834494088,0.04388670367945443,0.08047882670239691
0.07980067672051994,0.08080224650495192,0.49410501479558877,0.08329420174933248,0.09055225568474103,0.03181515897085707,0.029560919587641694,0.05858529199183957,0.05148423399452745
0.29417854417652695,0.05046653346383386,0.08033969388970492,0.06599496204164557,0.1270235874144751,0.05533397207331899,0.06358923454851802,0.18520920411485356,0.07786426827712314
0.05477142214058665,0.05500578075803799,0.2873135503132702,0.04723508465766541,0.09616361624704978,0.07136004991759452,0.06073893065874436,0.22656911011109857,0.10084245519595252
0.5693627430707985,0.01752973330019382,0.03762529531431289,0.05717416927251897,0.07751232399399023,0.07487665385033242,0.04490919191129005,0.09020551433717001,0.030804374949393105
0.06917474331666247,0.052295173616195824,0.029872918597842062,0.5772635261154225,0.09942446547271028,0.030725554656953365,0.02840947944583855,0.04481722071062579,0.06801691806774918
0.570400914204161,0.03525562161731525,0.04103153899665212,0.03080654205349538,0.06900090826529053,0.054408050224242034,0.02668396472746087,0.15408140085971841,0.018331059051664503
0.03942030346178326,0.09669364772255447,0.3386702382812119,0.09199358660314287,0.11596222721134297,0.07426387750077813,0.01628135886696265,0.04274978841739835,0.18396497193482544
0.0879978723340908,0.06587870306843575,0.04718490776129957,0.24789042593886637,0.1599676495570762,0.08540487959273317,0.1808809268454339,0.06359286086011491,0.06120177404194932
0.13917577700748493,0.17193235014912756,0.12542265007156722,0.06336756511623513,0.08029060609888099,0.10796174115176939,0.14717890086241878,0.06451405000209896,0.10015635954041707
0.09356100596322252,0.021943151353453063,0.14732719811714334,0.16166703053866407,0.142111082341221,0.13112715188043947,0.13294082560677226,0.09333081927069552,0.07599173492838868
0.059661197726749805,0.0667827226811733,0.030925178241787154,0.12637236269054467,0.17185259017000798,0.14520904093487563,0.056610350959755674,0.14396981385303326,0.19861674274207256
0.02107767067677735,0.017702315728476723,0.06881162500879118,0.07767021484020387,0.032425292715295394,0.5202926360252625,0.05765147425584972,0.06813659422649279,0.1362321765228505
0.15136403548624308,0.08442802607823652,0.08091061507394376,0.22174870244610492,0.1384809116731011,0.09987135271003922,0.12884146520410872,0.07412983781340213,0.020225053514820557
0.08124343387324152,0.033475701555182,0.43168102734789526,0.0471859683157834,0.04249504137887591,0.07276174704641207,0.08034684079789993,0.055006329936046004,0.15580390974866387
0.060205200030805185,0.06517366904840763,0.2363415657879414,0.17530678881105033,0.1017387336654485,0.04711295307617496,0.04677863278955613,0.12878664055718725,0.13855581623342858
0.44573236781729847,0.04894531820267564,0.10741228974703294,0.03759601580358595,0.1412157099555793,0.052047926648928856,0.0209326002430945,0.11414464272296428,0.03197312885883999
0.06486816734195419,0.010786777216484853,0.11037439809841394,0.03151561910394459,0.07575437570004884,0.1663285842448574,0.061501494858296514,0.06977382776317359,0.40909675567282605
0.13002076739209698,0.1297534559379434,0.2595914951375785,0.12269687175656356,0.05970982208107073,0.052863099928766207,0.03470363465971495,0.14343046172495963,0.06723039138130603
0.13622162797409648,0.038629894439358776,0.1407405656497457,0.021542954262405222,0.1904635900983734,0.08382063360021404,0.04000875712109899,0.07850789512665947,0.2700640817280479
0.03712462358281015,0.04561403374403833,0.015609214434957004,0.674463785703615,0.05616003378710773,0.04242374910634352,0.01863226083573327,0.09358972624269811,0.01638257256269693
