0.09749685190548406,0.02987763988977606,0.165942454872146,0.2316633923085156,0.19115486554099356,0.03757414144458157,0.10312133116067412,0.022667467882413667,0.12050185499541534
0.010845320132679056,0.19992222209917312,0.24535963650250406,0.021056064907940028,0.10612768335804294,0.07710470914512167,0.22193246457560709,0.09153809797467514,0.026113801304256862
0.13488831468099796,0.015465065480984407,0.17840177627110274,0.10760561501889403,0.17265937537053574,0.05531722598872255,0.08532720197854778,0.17015461699333775,0.08018080821687705
0.032106375833810145,0.03797719361415303,0.25860126402151645,0.008407146927226645,0.1493303583557609,0.17819046187704446,0.09923275208165955,0.16971418321789591,0.0664402640709329
0.05184870018703488,0.11401136275455515,0.26415052035884806,0.05596556347447893,0.0895602647599752,0.11468273117937144,0.21029385811797977,0.06810582784895153,0.0313811713188051
0.017371012165754485,0.17701196993966795,0.30634244417573203,0.034051439662126044,0.09824692612544655,0.017277736996432144,0.28907784177267715,0.05228574622600552,0.008334882936158226
0.07098986163890801,0.026684928366214954,0.26601882126107584,0.06832680246878291,0.31508559349099796,0.06367869358286088,0.09441171733336463,0.018144115096567926,0.0766594667612268
0.047570205900087294,0.04381465795692288,0.21548153419413607,0.11809431334080485,0.421862895486949,0.04560502756924381,0.03882905807975693,0.04050288845706032,0.028239419015038777
0.04057816308696622,0.1020266744958042,0.1720687184535182,0.07350998347270844,0.12759232076206037,0.04713535817405214,0.36877457306806544,0.04595500441381254,0.022359204073012378
0.053951899313674286,0.03485365625881843,0.20552765875474466,0.1422864365355734,0.23092738329868678,0.028449550911359107,0.10737625107944482,0.09741352540531971,0.09921363844237875
0.03469865035571123,0.18646769312718814,0.2894457764603449,0.023108084668013004,0.2464558990372546,0.04316701711783819,0.10009636901285378,0.03870286788833958,0.03785764233245655
0.033768533287166384,0.12406516903565416,0.33865552523630943,0.08006715964984822,0.2365516206769829,0.03885501098965089,0.09776097933093603,0.03944520757746895,0.010830794215982984
0.04068007943721658,0.07755813579420191,0.20876412482749584,0.05647544499380969,0.2270360165108133,0.02884872660126987,0.2967216447235161,0.03988887806012623,0.02402694905155049
0.08473187740297876,0.044769096856146016,0.1082271089474593,0.17441670175643942,0.27923742999687035,0.021339123934991395,0.150268018864219,0.033208866719159236,0.10380177552173649
0.04641213794956143,0.09213906373590376,0.2533699453759223,0.14726518754449472,0.0527375033041391,0.04598037734252689,0.3095883195853534,0.030485047252685093,0.022022417909413394
0.09397068661785156,0.09269980547130237,0.2388866553321434,0.060079622630452884,0.12299499011939223,0.05504713076655165,0.12757985126377203,0.07369318824440156,0.13504806955413234
0.049896009303461074,0.09410026680282718,0.2557399732800049,0.05675031469539773,0.27304254619183044,0.036215850099064785,0.17187480102560015,0.028889807688176228,0.0334904309136376
0.07323119150403438,0.0359401626814544,0.25375560412316706,0.061341132961674816,0.15904498296919015,0.1536009191099332,0.1294988811981805,0.06098890263300325,0.07259822281936223
0.017982445678258824,0.24484393190773449,0.12593555539432463,0.038277463675362215,0.032723722279239066,0.12861886921185753,0.16009283926876872,0.08754602495399079,0.1639791476304637
0.016526159567839226,0.037618210278011745,0.18227610890029175,0.07008096629875675,0.023055796967687215,0.20261034805724623,0.26571805186195746,0.14123304216337898,0.06088131590483059
0.08831189863830335,0.01372678777789342,0.11279154714188232,0.04917702461577522,0.17506488818037277,0.06052303651203388,0.04761586010892747,0.05567323798671895,0.39711571903809256
0.06281350053206376,0.06821272772192565,0.2805960702246651,0.015381396234153327,0.1672001030626489,0.10553872386718748,0.20505821876393074,0.050543665711048784,0.04465559388237617
0.03756881200486301,0.19330591138978223,0.25433005320568586,0.12623555983573395,0.054327419730659354,0.04635993656221305,0.11669811298017596,0.08126278454411301,0.0899114097467736
0.024339640818094723,0.07518742724038159,0.25122964206635084,0.04257227395557062,0.26513623986109686,0.14807464512156218,0.08018107610807028,0.0778157223506868,0.035463332478186206
0.03283818858545771,0.270361659001927,0.27911927685181964,0.028490969252672887,0.19818188687248603,0.034074729467614924,0.11020759765105663,0.02466909130215485,0.022056601014810367
0.07376172953508212,0.07364900943610812,0.28326143093518646,0.043206504343265624,0.12527340503772952,0.057861006511631397,0.1588286701626681,0.06136554693551934,0.12279269710280931
0.05280440952246749,0.06169558937207281,0.19534619188684207,0.09072530050016146,0.3205385677850224,0.09942082561928907,0.057529599307839706,0.08902157791109377,0.032917938095211326
0.07418571670769064,0.09407313196572542,0.09038027961973372,0.03925119928472282,0.07212700861570218,0.1563016916509266,0.052272040708505184,0.34963048614505704,0.07177844530193637
0.014954681724941105,0.05178104858995871,0.25440448339020955,0.012896351046312505,0.12231861937250044,0.1635295865780142,0.3130011517101295,0.037392563411222254,0.029721514176711778
0.037822781572215476,0.11342608167143316,0.22393117915524183,0.09491782274612064,0.2697133503561899,0.034241625714041095,0.1201668730014056,0.03113961948086147,0.07464066630249087
0.015547258042738188,0.048041801000555794,0.31920409378834913,0.013428154269240994,0.16949281155452237,0.1814679607087225,0.2096775882469505,0.03817505117154601,0.004965281217374451
0.024446880087981387,0.3807519506839429,0.26287457808260356,0.015356019698385242,0.13988776229960667,0.01879658720458235,0.12162283036505513,0.025791819252925997,0.010471572324916715
0.05779081621733628,0.0347022942755024,0.07267558646136348,0.14311906730798382,0.04482086873364168,0.2417918517725579,0.04871902780028461,0.2833571526591074,0.07302333477222252
0.03646777185526557,0.09113711202607204,0.3069884152778765,0.02627106712624126,0.07475146306153063,0.20165983506134513,0.1279542772901606,0.11321162876904316,0.021558429532465066
0.07660807435063077,0.071480139177187,0.1364927027085139,0.037362581495084764,0.17480822717194913,0.043327390946096944,0.25024838342555206,0.048875934973108305,0.1607965657518771
0.09491290469079632,0.0835915243187555,0.18580122604690255,0.055392385805625034,0.08545040878821096,0.04042846616444839,0.08383685127264356,0.13804069941237093,0.23254553350024676
0.06323735852840867,0.03300816590996497,0.25590543460391774,0.040850528503029865,0.22533342961627312,0.025632450367763775,0.14808407344492108,0.14420388416492583,0.063744674860795
0.08064573131184449,0.02844525457187823,0.14794500507223077,0.10536807852077919,0.12407186063134866,0.1343242728972753,0.18898168784657965,0.059796503455814165,0.13042160569224961
0.037465314715540994,0.18594855061890644,0.19819114863984452,0.06797182529350491,0.3321522926849385,0.05143589686021166,0.06197099956420595,0.03792543807943424,0.026938533543412854
0.011505465125674344,0.03989114508200418,0.06030013613306671,0.21061662542959683,0.05343996855384004,0.19339142722472347,0.030670558541259246,0.356872520149825,0.043312153760010054
0.053851233332574404,0.009220841469882795,0.06922625641039697,0.08528727123051903,0.540913949190171,0.02742939912678653,0.04719501390151287,0.04430153100900508,0.12257450432915123
0.07401715619308623,0.18743144685170585,0.11497156931988849,0.04483822105429169,0.05636887971718477,0.16666438326335017,0.038839623455364715,0.30050871469558366,0.016360005449544395
0.05097120154986779,0.0407639012130727,0.3395950654796893,0.06308770012537543,0.1181283399472034,0.05394881463835488,0.10875473027627043,0.06536301608818333,0.15938723068198277
0.08247032594573941,0.03450873089878999,0.09307099813907375,0.09623423207697451,0.13148684823965218,0.014391310594432613,0.08832158831779542,0.15495777756037274,0.30455818822716935
0.046594345013724246,0.06921652061894527,0.06143245931868735,0.027064680160655927,0.026394440323996567,0.1448547774649004,0.12870422438659426,0.45137586031257343,0.044362692399922625
0.019297539227840107,0.03345247837548256,0.2216059359735547,0.08121996837316804,0.4859182168481729,0.037502099926568416,0.06927693037487424,0.04010784385179419,0.011618987048544837
0.01799286385849366,0.062308959229752194,0.22356382823545617,0.021572535394510733,0.05290182155364592,0.0804411571301098,0.2979958037490314,0.13492427594339693,0.10829875490560321
0.06912503680080435,0.13676003956810054,0.24778132757544355,0.06782558699899734,0.11485753724018027,0.10485019445571746,0.20429548429027888,0.029891544142550897,0.02461324892792667
0.1664206809214122,0.027944991983562605,0.09413377908235432,0.05796939241659157,0.34746364952557757,0.06121047199524247,0.16036550752922485,0.061180081303585356,0.023311445242449005
0.023247341047038184,0.1770142651130471,0.06909395430120208,0.0671648967870761,0.45108226653926065,0.020250630342244034,0.04893440994889173,0.06969564451378983,0.07351659140745029
0.018548863001257496,0.02688293554028145,0.0768977292766073,0.06586059773375448,0.5779242420407532,0.012487250700400335,0.04664015883982211,0.11813889853036763,0.05661932433675606
0.053813275287365236,0.08328420105530672,0.33924801423666046,0.06695139004126029,0.1977292509389804,0.03498827817774263,0.12182257627310084,0.04423412912688319,0.057928884862700286
0.02342174860170747,0.49719300769290925,0.13461889328591722,0.07885658179150346,0.039718198104409214,0.012073152994825483,0.05575175398571627,0.07853930223018307,0.07982736131282857
0.5779210011287476,0.06672180712469654,0.04919468445045261,0.022412595753004843,0.08357274041701486,0.034207827338450174,0.05066940656598429,0.07454635345867311,0.04075358376297602
0.08096085529645526,0.024208119616571846,0.12480707967261022,0.07493710438431066,0.07132384464568402,0.030673118468938734,0.40137226762092065,0.06327604408031705,0.12844156621419153
0.06373570616158117,0.14694029081675852,0.22285092348375798,0.15814937756119782,0.13406622217180988,0.05823562170990049,0.12134294651732654,0.056054979799587144,0.03862393177808044
0.3055760896680495,0.056198020416746756,0.14388840997914135,0.04764538524644609,0.128328583283454,0.022420170900515877,0.05484925481804443,0.03249737741154409,0.2085967082760579
0.5635434067278249,0.12923209136162817,0.0986309844663899,0.011407463882525353,0.07491964758684501,0.02740757797674494,0.037165332969310745,0.0404620918032208,0.017231403225510245
0.009082116753308578,0.02371168140819696,0.24409838950554183,0.060918297847793706,0.18935605750422183,0.07919944505518477,0.328751395389989,0.04668335830959891,0.01819925822616436
0.05335787705957795,0.3925093783653078,0.12051707127082172,0.060270433035645256,0.044941261319030396,0.0215075401529423,0.04810479648350106,0.17087205662719493,0.0879195856859787
0.035752398445540144,0.049528559050578846,0.10001522425030866,0.030283773498373093,0.04306550519100566,0.2573136822391329,0.05754098576635255,0.16003084159853267,0.26646902996017535
0.018663729408097726,0.02923393647117729,0.19475654075961255,0.026277904994457285,0.1973623117785319,0.1789416245265444,0.14954126428184097,0.13600599976534516,0.0692166880143927
0.09510017913771827,0.08654996661736404,0.2591456155791878,0.10681562022362696,0.0926899436873328,0.08426642537301499,0.10615350648329773,0.14054538476692327,0.02873335813153412
0.03856826666142759,0.06628950926485262,0.07133733618851834,0.019368335707818443,0.08826704993978618,0.5586480139790488,0.05049271416093479,0.08625340852433971,0.020775365573273516
0.04649672978588996,0.012596589306698255,0.04988506837608082,0.03300822268641317,0.03883523978973267,0.22899010197905503,0.09630845681734335,0.4790605975602677,0.014818993698518959
0.049081511002734925,0.06894587299375797,0.16429353586686876,0.12375850622499977,0.2620471623542901,0.03245074170125465,0.14046325697741865,0.02270484881515693,0.13625456406351827
0.05107051776907833,0.03333901459295494,0.0816676818797385,0.13319480949337104,0.5567975840535943,0.028319159834829712,0.04912825613297752,0.044600004010612794,0.02188297223284297
0.019733000459886265,0.04461182144889813,0.3541382759278949,0.059728136457055415,0.04585846407141329,0.09314063772056429,0.3078592305255396,0.03535996305324923,0.03957047033549887
0.031585939584991445,0.11198825342524472,0.1624350412337844,0.09026078496977041,0.14710435855248868,0.06303381214527949,0.11846066522647901,0.2099979741369827,0.06513317072497916
0.5797118979912869,0.012058392268835377,0.04761207441887314,0.026823912607672067,0.04909532124992416,0.04753406740289357,0.16904299033553963,0.02307053720909204,0.045050806515883134
0.06828392975065449,0.05325903077498123,0.08312648256332326,0.21768291846800034,0.02232248672210253,0.06622923301013854,0.09995693472790708,0.1503956126316477,0.23874337135124488
0.027263359132013377,0.03524144464202631,0.06633546682627099,0.05891257661567617,0.0799828737331049,0.10756337994047653,0.07162036200693346,0.4909888258744188,0.06209171122907938
0.04548967028828486,0.10956872495667518,0.3194218905850288,0.08379112944761029,0.283368602353029,0.014225350002995884,0.10654141246365273,0.024320361826638645,0.013272858076084712
0.017800895873616596,0.029494302883561075,0.08212572963960733,0.01629604121791216,0.07514086381711317,0.4938548239402362,0.08594863554338561,0.12377277501805965,0.07556593206650826
0.08562800694255564,0.447360214514974,0.16816948323607575,0.030007876375137004,0.10629393346203907,0.03220468838139529,0.04233834118147873,0.07308836205492851,0.014909093851415972
0.06734523959410943,0.06794220018982611,0.12045636936316506,0.06648204668151973,0.3622275210595884,0.04402099138371638,0.11082991060488562,0.08923092728239952,0.07146479384078977
0.06654873290520956,0.03238192002218826,0.1889099131662686,0.09465237642624756,0.30084156097744236,0.0995590230544579,0.11504461701111117,0.02971200382155778,0.07234985261551675
0.027992961720338255,0.05525434347714494,0.14849545291556537,0.053881406898717656,0.1413517088992311,0.10343688976476435,0.23194630622717052,0.05565932553289538,0.18198160456417242
0.024949859121696717,0.046145983831361176,0.2136362635990896,0.04306352424295936,0.07461788942285343,0.17437365378710643,0.19176492711538637,0.14209015853235626,0.08935774034719075
0.03904310877049227,0.07237032883321125,0.12994078916517757,0.12745233387120572,0.4297308893463198,0.03755765001229234,0.057521890555348364,0.057178565122963286,0.04920444432298948
0.09779936251773906,0.085568682204397,0.22210637057244131,0.11413618806503535,0.11601178602438193,0.03422102045798306,0.17224034051792858,0.04805304599437584,0.10986320364571783
0.08071169077145877,0.02604310661723964,0.05850502075226238,0.052024335339455295,0.07919696752149813,0.06045588757932303,0.06166686004819344,0.1450593561422476,0.43633677522832165
0.07071696554210435,0.016913665527759508,0.15751456582069853,0.03580208721647401,0.033348395326844034,0.10973199355099324,0.34133685399889296,0.1851313594578429,0.04950411355839034
0.06529300727269467,0.025900678379527368,0.14367358515800568,0.11506581473359682,0.2370351557712722,0.03968262258637076,0.1683289445061342,0.048524607607137095,0.15649558398526117
0.0498696801816754,0.031587119797617226,0.2282312733014907,0.1893260911703979,0.19430319193090373,0.07827265829422135,0.05411206157257397,0.10349191309605998,0.07080601065505975
0.01437486018288812,0.014649279071547802,0.3356994693086955,0.039025010354351894,0.30825930144055835,0.10389060659228237,0.03983154256431835,0.038511026235496126,0.10575890424986152
0.03367582440792865,0.042774893430642245,0.26071375590240525,0.10089118968930434,0.17990174082397395,0.043404612428258854,0.2195978251389461,0.030419647048537973,0.08862051113000258
0.041985451633918286,0.01637315184249978,0.32463265077330444,0.02999845108925601,0.07770190659054806,0.13813821721143352,0.11628883516074295,0.10990654744058594,0.14497478825771112
0.035232250736257346,0.21471409278235523,0.18825400748104237,0.1486871199010097,0.08972055818453391,0.04434614985836238,0.11086781379821557,0.0779685479785002,0.09020945927972329
0.020760351302199935,0.0779218611617986,0.25194463222002217,0.05985306249127951,0.153612714295654,0.030878918561006264,0.27088972623270896,0.06008204548149379,0.07405668825383667
0.03359094730215148,0.07309360919214447,0.2999694364386207,0.08337189230913332,0.3081071166641416,0.04632110347993193,0.10851717495910185,0.03101855360680153,0.016010166047973187
0.023890906435024648,0.009470193273567759,0.31178819473595626,0.08722843836308418,0.03759432417044772,0.19206230810399672,0.25061685163400127,0.030758035184099475,0.05659074809982193
0.07013843598333776,0.032215718916519726,0.25791731506792265,0.04830161480002826,0.17973382205216107,0.0479244870601212,0.2378209421179469,0.08962030951022376,0.0363273544917386
0.03719786501204191,0.43068890531615805,0.13444566145415082,0.10223525309609083,0.10382280630104451,0.01311010590481442,0.04113581996894947,0.07884401571824541,0.05851956722850454
0.06531629756275713,0.02171133593124104,0.3303956883918838,0.19857497405428845,0.14753543608339237,0.021320157026187527,0.0953457021312402,0.0534990633915907,0.06630134542741868
0.03301180077509539,0.177242966958143,0.21927302704352866,0.03636913979935296,0.13746102437142355,0.10760831480959167,0.12360750106676172,0.09670046846115497,0.06872575671494807
0.08548892300121065,0.14079667027294454,0.30236221902786586,0.08809338801018074,0.08774772520625178,0.027500221200706717,0.21327974553561044,0.02218944889858107,0.0325416588466483
0.03222025011640795,0.04705243962259431,0.2520024811630634,0.029044167749336047,0.3568739902258586,0.025421212469492027,0.19071325261995983,0.03356979722726484,0.033102408806023005
0.052553223738514565,0.04020290712523611,0.08230196842506461,0.028835814604811716,0.1558877806082699,0.16625486570711834,0.21979573375826322,0.20476614363491766,0.049401562397803855
0.03301661424656558,0.08304297086862283,0.18817363015161967,0.06369599731301812,0.14046377730294793,0.05383370787753275,0.3449757658913804,0.03561401597770789,0.05718352037060487
0.021903230869033508,0.03103835671505423,0.20069755443537576,0.04495170165890979,0.18027550197956388,0.27037670468492414,0.16170650720265536,0.0708620183125132,0.01818842414197008
0.05450424755927347,0.08565405473757766,0.34688641185022934,0.02368342145214777,0.08001097050657556,0.03196446633612062,0.26438972820554835,0.08089464220026603,0.032012057152261096
0.029247134073797084,0.019127540937919383,0.07460765541315241,0.13345424167383005,0.5367155514441603,0.01709176434085485,0.1018024308192782,0.020789293920118797,0.06716438737688898
0.0449198928480938,0.09803867000054933,0.1407161196789919,0.02369489297156327,0.1525566457851054,0.034890844787803216,0.3322167015741049,0.04532567510357394,0.1276405572502143
0.08692426814088426,0.04158054069110654,0.07054833120059334,0.060476201407373996,0.5611321671432697,0.02026589950654431,0.07295321065501716,0.05799271703483045,0.02812666422038017
0.036353493164615745,0.018117792965199043,0.08007168446303331,0.020665553250972152,0.10485008962467703,0.1764049551827159,0.21405616933446414,0.30289306277300126,0.04658719924132146
0.021646500678923503,0.05163426263324527,0.40971414411003404,0.08359316202550991,0.13892955476789468,0.0632586710691057,0.12396067968151736,0.06088270115367516,0.04638032388009449
0.04868521510953933,0.016937358083030634,0.20088294761632267,0.025316123925221284,0.2107390239318938,0.11040645281404819,0.28845737355272066,0.07480900048840629,0.023766504478817136
0.045995688415823056,0.1532769300202929,0.1149113809359004,0.2740407395901633,0.15171318511580853,0.020313335553596233,0.14761638988927406,0.030757866960753638,0.061374483518387896
0.042894143417786045,0.010914206401305101,0.13577569003093387,0.09492388724101825,0.029625764329798108,0.20021327884983853,0.11929970941122371,0.11398329447606255,0.2523700258420338
0.03510040860881438,0.241596044361483,0.10579349771112578,0.36672596021977655,0.07485325477198404,0.022926715753966192,0.02532777801022403,0.11536549334429409,0.012310847218331875
0.06813489742764095,0.03458966844923734,0.14239916658181526,0.05594929020505146,0.14110563154552766,0.08760928759188798,0.1470288608000628,0.07085006659043393,0.2523331308083426
0.02759488632808896,0.06066560459930629,0.30637299172825655,0.025975464197473565,0.194508477929372,0.08857200957404217,0.10349502861161541,0.11258367191471645,0.08023186511712867
0.029875401977422295,0.20107226495367383,0.19491503702148053,0.029153969480341546,0.20118823534931848,0.06813378675859366,0.09833166908507614,0.03535581867945078,0.1419738166946427
0.05942717365569653,0.1555641709734148,0.3129969140515121,0.09700622074742542,0.12628883068878047,0.024724201164777814,0.14068970650679227,0.03278538381295503,0.05051739839864555
0.1331278292026615,0.02831322848423173,0.24401964142935095,0.06939031374405417,0.20272328862867792,0.06810385618419758,0.14872157787193535,0.04836550286699043,0.0572347615879003
0.019476106811083194,0.0421075720649518,0.20907092523605667,0.024623891442888884,0.19704495230829333,0.14354380098026373,0.3088088675165344,0.042424919868891,0.012898963771036996
0.01984541842054088,0.07195709217313868,0.2976224195433576,0.017844165700713784,0.24926813788860827,0.1701200427519355,0.04212351192224109,0.1074295723818861,0.02378963921757793
0.014228223185861593,0.12068499586815828,0.2385476346385866,0.011844834063572276,0.27047392254178654,0.049247900190481024,0.15440377404488045,0.12284891796970461,0.01771979749696867
0.018341130222180264,0.08964164624010497,0.299090274256793,0.022143141713457045,0.3204655417689432,0.04340154819578363,0.09842900073430866,0.05323324036943023,0.05525447649899894
0.01525699113346709,0.043657115000851315,0.33536554609056113,0.05558178300589008,0.22463063262334612,0.046102138796603874,0.16350518495990332,0.05794666968640883,0.05795393870296819
0.023761679477666307,0.03196917296965105,0.37884624600935485,0.16723136649595724,0.10185879685414441,0.026648161394457987,0.12994348951798573,0.06733281222146897,0.07240827505931348
0.04593754506944075,0.2821927622410871,0.15647430151260547,0.10354525193139846,0.10422917242020924,0.052787988404628415,0.16829372765437958,0.06453482264660064,0.022004428119650227
0.03577435405552984,0.051076350262655584,0.4379761379926041,0.034974917808577886,0.0794172231693983,0.12414093573278341,0.056716368961286324,0.08461449164968517,0.09530922036747934
0.013885724877680061,0.21707500231833307,0.2295625619814209,0.18018689225671525,0.1636721320232701,0.01862827316656522,0.03548804854344485,0.10443643031511705,0.037064934517453574
0.026830444609983645,0.012816889982837407,0.13118768744412976,0.024201779538040452,0.0825644417252616,0.23298345577329882,0.23689836814565057,0.14079234931256168,0.11172458346823606
0.05336429638342286,0.021218070996117448,0.15776368759425916,0.12997154328202812,0.2784519215071024,0.13256859089791515,0.061000027272894865,0.022880166961823812,0.14278169510443608
0.06080465505639954,0.08314611570141213,0.3121195136841837,0.0724568983036299,0.09537456372584503,0.07626150934787469,0.10700245060212504,0.08210916065012537,0.11072513292840452
0.049913891039852366,0.03305585706988909,0.23157517699834604,0.013611690256512975,0.21623954741482046,0.09847002984484854,0.22699886575677075,0.10156358170367713,0.028571359915282604
0.060895384324085165,0.21548010790565805,0.2421572586436499,0.020683442240030065,0.28448118570135167,0.01927167197602658,0.08217716843297727,0.018923087083147928,0.05593069369307336
0.04970815511896622,0.08157718409065272,0.1935429294910479,0.12492519198805441,0.10793364896441454,0.10191893343987495,0.17048435586295918,0.09176144938975911,0.07814815165427097
0.05232286693932305,0.05446181525886499,0.2725037822942264,0.07029299219838077,0.3538896817226234,0.027893975907082303,0.07455786088037292,0.07230726598849903,0.02176975881062707
0.04080053866321027,0.04551022604287933,0.26766285767262055,0.01695570752123415,0.03179071658664701,0.18270400489908187,0.28776547221134785,0.05981876020782212,0.06699171619515694
0.06551417932754355,0.016686564387763243,0.33377433225914827,0.02296592018316924,0.0624902823624251,0.07175793493423883,0.31913450270528537,0.06231726497790115,0.04535901886252522
0.030587011079010035,0.13547036648725522,0.214212751554855,0.03780932149502852,0.3157425864656917,0.04703105617242623,0.11515653877018635,0.0518926919762146,0.052097675999332314
0.04568306027400817,0.06526451264073284,0.06574035920260107,0.08472942413817149,0.024591730433138365,0.12205257582304241,0.0765174866104275,0.40336721708602274,0.11205363379185536
0.03478317230259038,0.17411073967220891,0.14113601523599242,0.03486013106647961,0.01873307949228327,0.07147348064933472,0.18870504756827422,0.17741475955659236,0.15878357445624422
0.03554237884693832,0.03956825431070562,0.14435395091645073,0.05061836419749214,0.024429545725218143,0.14660064939558684,0.361638110939496,0.15845935258657412,0.03878939308153811
0.08764348997935474,0.20906345546186933,0.13449573760970338,0.07908642750562829,0.18830104208902076,0.03043483295717575,0.18019559930860216,0.07637489604451969,0.014404519044125852
0.039421575243777734,0.025072465637456725,0.09127996750605216,0.05801633682281191,0.6287962002376535,0.013853421331090104,0.04072995786424444,0.06084876449715667,0.04198131085975682
0.04522681765880083,0.010816762754399986,0.10490108559785326,0.08626131567751029,0.053392937886021154,0.1872910382842461,0.17780135582050507,0.31077695479686895,0.023531731523794407
0.041921512530152326,0.04651900397350551,0.33554955678660897,0.017088029390481405,0.1285157908182698,0.13170644194209866,0.2414354970649423,0.03310078690640281,0.024163380587538183
0.0906238232958093,0.040129690342684786,0.25013760684235853,0.04286895352172836,0.1276968901722039,0.14075376687366212,0.10845902817153974,0.04010187683734528,0.159228363942668
0.02762200464291793,0.006194158065144932,0.2100107402943321,0.03749767283421731,0.251753197297598,0.08230811175108245,0.19801898660749997,0.14187311854221543,0.04472200996499179
0.014528644043885005,0.03362064928989342,0.3104983119470041,0.08967745380839141,0.05488902397715668,0.2009543938719426,0.21309489159795936,0.051182437151299075,0.03155419431246829
0.016338044498084573,0.014654052598391065,0.20790671844424227,0.15675135332595683,0.07165025062247248,0.07485221612903686,0.22523980104790034,0.1292385154589681,0.10336904787494751
0.024997225270076636,0.12896605867368663,0.34937113925395497,0.053477442423969394,0.22151249802897607,0.030100819691946067,0.12657407294268785,0.020321367236075083,0.044679376478627214
0.061887780696568306,0.05786411796439637,0.2613271484529703,0.10686641222922573,0.04188187711922017,0.05474091538054629,0.24877242538163716,0.09494085004125409,0.07171847273418147
0.011796646322050524,0.12778869202542142,0.18809075322228894,0.0365269538168449,0.04173495901463178,0.20858517840766164,0.20979542608514157,0.10452326799651661,0.07115812310944272
0.024939250206557698,0.010981464278285391,0.1097054184815522,0.02621654159744009,0.11740456482275817,0.09427252516415952,0.4308459756179639,0.02439777501265267,0.16123648481863032
0.025301264855435362,0.05142659173987546,0.23916582606599887,0.04211190494935709,0.24150510635677128,0.20754752415086739,0.08387206139931262,0.06942931692013918,0.039640403562242806
0.031258954339355716,0.1651683158297808,0.20777947550833817,0.1316642723905269,0.19897403999628008,0.04013887197820284,0.06670865937859859,0.05200085029516043,0.10630656028375655
0.05967681701816525,0.056958628115112174,0.2719624940150637,0.07021440439441316,0.39732563787338043,0.061013951022686884,0.029412112886645525,0.024025584226793174,0.029410370447739684
0.01621452287675118,0.029744051194435083,0.38521050798113504,0.03832568412161174,0.1344270631318346,0.10596308185600796,0.12524197143765328,0.1267848314354401,0.038088285965131
0.051056421679889684,0.027165924908040814,0.23730712014994812,0.07066500727878991,0.2615378989188782,0.029265414653544364,0.2501128939582437,0.04085804571096522,0.0320312727417001
0.028698149833128808,0.1291985076889813,0.42758535323557983,0.026448435669944093,0.1366463711209656,0.07575008882735863,0.09185963873504881,0.05986651902849696,0.023946935860495882
0.0659966760984858,0.05742748927981501,0.13082026254906054,0.10087126215505204,0.13889503781505141,0.015212580964817072,0.32893539816215306,0.05006813028768562,0.11177316268787936
0.014344482827318825,0.029454051430414074,0.1636467232500541,0.014249437632827931,0.24352813219474737,0.1821746395431341,0.22534444576880608,0.10906122393516089,0.018196863417536624
0.05671617117912834,0.027361106784568632,0.21836003456938072,0.07456655655566691,0.32517048390191294,0.02243895829227241,0.14167647659985705,0.09786342011447309,0.0358467920027399
0.11066172067773618,0.06330894639281853,0.3089882788331662,0.08000363605258076,0.15364481297844643,0.04684549153263632,0.08502954038370185,0.03593659719478006,0.11558097595413364
0.023731366835675536,0.06226811172235925,0.3527820784061227,0.018806001907451204,0.2316358814188608,0.18600020257292563,0.03738203703771675,0.06633866468658119,0.02105565541230694
0.062121045371414184,0.04989866211927945,0.2919261212185251,0.11705015497023182,0.11754705199916372,0.028455796932362654,0.24415160206455042,0.0445239248806899,0.04432564044378264
0.015176434772810441,0.005700205091716873,0.03772446711284967,0.00990426974171076,0.09051703382970333,0.1566100008256943,0.040659726007471475,0.151864763927665,0.4918430986903782
0.09572311231313564,0.15855205410220077,0.12498041894139351,0.0509885364030937,0.1373539394232491,0.04633102959532503,0.19240330926360064,0.02834319667268989,0.1653244032853117
0.5681184694965257,0.027324830228936555,0.07434715944065724,0.12243799819452537,0.06476060792622917,0.012320361309556332,0.04534728927204632,0.047952028426115234,0.03739125570540817
0.010606214717688495,0.17727740026016958,0.08628537205621689,0.04139505000182692,0.0723060188712558,0.27527771124288813,0.016590406087637562,0.31353018412606665,0.006731642636249875
0.05587350469077309,0.02815222630133214,0.10209125349469335,0.1484694384078706,0.029720485045257178,0.2044651887262816,0.07511807638289862,0.16749532408476972,0.1886145028661237
0.0303680399574681,0.01331400338358956,0.16369794009921376,0.0555361680506408,0.5335113288481683,0.0459538342330579,0.045673770418577446,0.08864210507123808,0.02330280993804597
0.06410889162097075,0.0031306510015851586,0.2536346376608319,0.044769849183892756,0.1272655285309551,0.11027691561075435,0.28545885854869074,0.03937498790646241,0.07197967993585684
0.025388499620652483,0.06446326850374014,0.08926158758210083,0.034944588021729284,0.06504031238765523,0.20096208896901846,0.031214806038029518,0.46139907465840574,0.02732577421866843
