0.13752095784157561,0.08378147111405497,0.09459489131399927,0.12209545105741822,0.10335566771496152,0.16056421410169244,0.0915271391144764,0.13110521411015552,0.07545499363166609
0.11983328857002634,0.11208854835556543,0.1318476494140766,0.11315935628893131,0.12389627993720205,0.06660364537317054,0.1184602293360411,0.13114233572794134,0.08296866699704526
0.12012719062117305,0.11326928900271932,0.11029967291432125,0.13258714541148223,0.11647202932124057,0.11821389497599562,0.08807410903411138,0.12652872015137268,0.07442794856758382
0.109694195298857,0.12467945405001474,0.06576974005011064,0.12067027177159295,0.11419300056668447,0.11360413705433019,0.127486505800819,0.1118588554098428,0.11204383999774825
0.07784633415288157,0.10258557134077352,0.15900248718663554,0.0914655254205455,0.08836279179168283,0.07756020632354764,0.15886702815606324,0.10603454986416766,0.13827550576370254
0.12168559587043325,0.10789228361912627,0.07094065724765729,0.11409433402588749,0.11967159689352071,0.05159707026724811,0.17965283712186575,0.13400136024436557,0.1004642647098956
0.06850275085481787,0.10157593569121028,0.09875716166684356,0.09440608838310093,0.10110013781106648,0.18862286781467533,0.18268360255972926,0.11524836561995266,0.049103089598603655
0.16285876876246863,0.11005624193927781,0.10436636503334036,0.08412929365424615,0.10496786314848773,0.0521211217883867,0.25590811127567126,0.08439756364359885,0.041194670754522496
0.12491976811386306,0.11609998042624615,0.04665447770476853,0.11365180249424163,0.11795845190374848,0.09944800240528451,0.14520552946422927,0.10553652728531038,0.130525460202308
0.0904298190617495,0.1118603506031982,0.16123591722595595,0.11092649806312081,0.10826475555429536,0.08320687670762719,0.11581652588917392,0.12180869195762527,0.09645056493725375
0.09970797647462133,0.08114595916520086,0.17096251943107044,0.09054291009410087,0.08664938404837397,0.1726439754430494,0.12477994919814554,0.07486570476497499,0.09870162138046261
0.13458589502092796,0.11284858066487087,0.07698652033603452,0.11018635133333178,0.1099206895450402,0.07839415806185669,0.21497835002279875,0.11642462384420893,0.04567483117093036
0.0760869550689715,0.10661570938315335,0.0604776414511316,0.11626664543742708,0.13611615727911514,0.10631060489053867,0.16508398366064567,0.10829602690252282,0.12474627592649408
0.18622945292237328,0.12019583725495692,0.08304861275255974,0.10979835332918288,0.10529675388707194,0.12980567783783284,0.08584219986125048,0.09872502276808089,0.08105808938669111
0.09204057586071673,0.09912445548272508,0.09958970762049128,0.09147060860322509,0.09740695721903615,0.0794887259752285,0.2651485040103303,0.11781291642260312,0.057917548805643766
0.054111491933593346,0.13860276223340376,0.04367681917962544,0.11179543627102217,0.13200280175249865,0.15967118381572365,0.08518762294996678,0.1015473405627839,0.17340454130138228
0.06593207328531837,0.07323367783997896,0.12717649108190163,0.10694966052333678,0.08149464202142236,0.18152556316737614,0.07350520617038551,0.11288365167444965,0.17729903423583057
0.09545884558125646,0.10922296769481454,0.13647472837371455,0.102350111694541,0.0933556429159486,0.06636702594129715,0.22348568753488976,0.10070772027909243,0.07257726998444547
0.07561470823565637,0.09571875939511136,0.20490994734253087,0.08911385771046458,0.10430835978888842,0.09626002932719692,0.1923425515412475,0.09688109842674857,0.04485068823215551
0.11198818826538874,0.11723172811393141,0.14842751040224347,0.10498579944234608,0.11183393890847103,0.11783694557607184,0.08221201931479392,0.11299418470578758,0.09248968527096597
0.08477676601471111,0.09500623552794167,0.14221469818608598,0.10787493709433982,0.11382365697385065,0.1561918612216662,0.07216115520645063,0.10629865118982607,0.1216520385851279
0.07511700068811379,0.1193522179450918,0.054828321667889895,0.08787664848042315,0.10805338707076877,0.08648421034873538,0.07580391192485869,0.09208140382384893,0.30040289805026954
0.08982517072136798,0.0972748872360804,0.14633162804578492,0.1313455144174962,0.11929165894070166,0.05503213533654137,0.2043905996352654,0.0917752769030229,0.06473312876373916
0.12718596293030604,0.10582203525616542,0.09431023856538627,0.10930867638121367,0.10581663290413583,0.05161393971304345,0.17796428624148053,0.12943992752728625,0.09853830048098261
0.05836369384001111,0.12192558164661432,0.07557564765633507,0.06467571710507,0.09525642045792865,0.09874081717453248,0.13345260182235974,0.09435233143487994,0.25765718886226874
0.11856109038563938,0.1360318951303324,0.09113363131606489,0.08802728726082332,0.11373519353147943,0.06578021899017894,0.07929467060951748,0.1626146681020175,0.14482134467394672
0.2490766077624523,0.09483715132710258,0.06181631028796162,0.14074355544492376,0.09854600755042049,0.04799924417400053,0.12931756881062223,0.11649524206765405,0.0611683125748624
0.06977256679352924,0.12175316190216251,0.1369893403363038,0.1347708773155997,0.10685275935623799,0.08766874585829383,0.16759591730894127,0.09569536299768144,0.07890126813125024
0.16672615252270803,0.09447185847077848,0.09468883664125406,0.14063025182811992,0.11503512024239948,0.0665879299338012,0.20037105471408298,0.09567447927747531,0.025814316369380544
0.06568339120552817,0.11623423199895289,0.11595820036359188,0.060320674409215284,0.06762333550144593,0.06045230377694904,0.11963568601723688,0.0757380625115948,0.3183541142154851
0.08521214479398904,0.12008601603191953,0.07291167400092079,0.12652992672999927,0.13395571749297533,0.07449855777360989,0.05043296153140289,0.11756717504162943,0.21880582660355383
0.03729671481734467,0.056116105940827006,0.1578310880618762,0.07591827738470441,0.08668507852519088,0.1733317504086894,0.059991072072445084,0.1091716426602064,0.2436582701287159
0.0667653389713388,0.08566232384516487,0.10995295262938887,0.11266644797610816,0.09325315515723125,0.10257160529891345,0.09859921905496964,0.10127328514037665,0.22925567192650834
0.11051363450997646,0.08308719022503815,0.14643180938391331,0.10355038355999698,0.10375923286724997,0.052588868308671155,0.17034148945264652,0.12678176121294024,0.10294563047956719
0.10850933773547478,0.11908750657989504,0.09027480428021174,0.14137936837190251,0.12026884739383352,0.06590517353080126,0.21860363929510998,0.08256526811251468,0.0534060547002565
0.13472972505536582,0.10627709632296084,0.1500738756635137,0.1261079892591892,0.11184144014743785,0.09206926698811528,0.09485579856945892,0.11565515645016937,0.06838965154378901
0.11282129667833478,0.07146443665036972,0.1425157987801106,0.10741504539016437,0.09023334729753076,0.06655543759773627,0.23584713265176735,0.10305907190990808,0.07008843304407807
0.09073638590981851,0.10675730983690812,0.1281401097824769,0.10033609675876624,0.12059712055773004,0.11386178863496309,0.09405459998828147,0.13369740274872496,0.1118191857823307
0.05851379657224737,0.1122060719825138,0.1477018355067151,0.08406551311452724,0.13007005773255542,0.05884443232259573,0.19739442385235706,0.10662841172578502,0.10457545719070323
0.1262430608100151,0.14657376621174906,0.06713774943909048,0.1256898454870509,0.10864945397348003,0.11076588292244276,0.08216203370129944,0.10565061443689305,0.1271275930179793
0.07439818519273779,0.09275384288757839,0.11598681590397103,0.08713264402565456,0.10934034521474963,0.08326045803297613,0.2564149406407027,0.09104831464320473,0.08966445345842505
0.07465945916709481,0.11368938743137207,0.13559052919777845,0.07280109441688241,0.13801807679599087,0.09578980432375277,0.14006653060237031,0.12242744470818583,0.10695767335657257
0.13332190378679307,0.1049822035167256,0.140896252965835,0.10596165577589116,0.11616102534364109,0.07323856478698232,0.09742024580630122,0.11065646219074833,0.11736168582708227
0.07499675071635754,0.12999053513820893,0.07989563380009025,0.1257963684992696,0.141031275240316,0.06058625680759372,0.12020570913211363,0.11438660218698414,0.15311086847906616
0.07280153170447144,0.09188029910257543,0.230787152000653,0.08842643205513351,0.09677718649055637,0.12098307116158853,0.09552473819464348,0.09100450499887276,0.11181508429150544
0.15268655510592063,0.09877925311444892,0.10680186930035729,0.14165970040115414,0.1186616160774779,0.05760163943086888,0.10282738322491915,0.13270251896847948,0.08827946437637359
0.20132974303614146,0.12998682775993795,0.09767028793084316,0.1282406193565361,0.10852751671326677,0.06744375082347923,0.09969539080127249,0.10779240187786317,0.059313461700659605
0.1589008596716707,0.12928141237753182,0.10487825914143535,0.1227454100152429,0.110439837013442,0.08810879869646575,0.0926452281466796,0.10779707796771941,0.08520311696981246
0.07381380353436484,0.12608779326377004,0.08993239956567665,0.11126630803341216,0.11238422791783192,0.042895285263322196,0.21691749532041174,0.10833071226059914,0.11837197484061128
0.16016492622314202,0.09114338379098945,0.18904256789385585,0.12796774314546047,0.10296597003639281,0.06423970831526978,0.1367696886743697,0.09387756542333199,0.033828446497188004
0.13663979716087815,0.10772912710744753,0.1726106845470794,0.07335467444241413,0.09814547503569475,0.048377588100386004,0.16124109676808848,0.09171457831418069,0.1101869785238309
0.13116216068128925,0.11555682763476131,0.13310772364173964,0.118309761707267,0.12442186583507032,0.07985484340659459,0.08342052480662505,0.14944883383490384,0.06471745845174891
0.05134284340733702,0.102516509535836,0.05807642864857007,0.09531128045699411,0.09403316050347131,0.15375551286064776,0.09286348455310527,0.09698201269788463,0.25511876733615385
0.047278227750346756,0.08120034031323332,0.0676059320277085,0.11094782517696568,0.09527781891184088,0.17066431515461225,0.1560374286366024,0.09436400235701052,0.1766241096716797
0.12052892877867667,0.07254936664687188,0.14836404549508037,0.08702450756148755,0.08254846111434495,0.18838729181352032,0.08717135458524132,0.11027014158780946,0.10315590241696752
0.10370714019371415,0.11186387313329071,0.18092566612002906,0.1067628185669084,0.10762326386998289,0.11005574606284628,0.0771770718609474,0.13517300454530426,0.0667114156469769
0.09762942011893794,0.100717836638839,0.08274457284547103,0.10320174787712366,0.1129210037170496,0.04994233609310524,0.2836587350628781,0.10196413091554551,0.06722021673104989
0.08586400019776563,0.10078791623872124,0.1505680798925059,0.08560717250684512,0.10534720821293574,0.053986842409881435,0.07571933435950969,0.1049958245411603,0.23712362164067488
0.08528433266442777,0.1471597481605524,0.14065539600678836,0.10898725661705784,0.11874126826154065,0.10143565440646733,0.08222884574000926,0.11704439733910317,0.09846310080405324
0.04895850763945723,0.08484087233014698,0.2141370161263204,0.05516804069736589,0.09383705483196962,0.24102394356984388,0.05323444376949917,0.12636011515454088,0.08244000588085588
0.06750608697953761,0.12611173171946863,0.040768892898160734,0.10431403191670385,0.11310310649970055,0.1026475976839849,0.2118496092318375,0.10797269057841519,0.12572625249219108
0.1230669513330858,0.11802430576139313,0.11698290504099107,0.12608567980967852,0.12285734572553465,0.0560766869763456,0.09265180199725413,0.15346601662244141,0.09078830673327574
0.10791474659851052,0.12751420247726455,0.09268310711106953,0.12144044603943076,0.11392414214839815,0.07078138979234998,0.12153180090707827,0.14167817564588261,0.10253198928001554
0.10974206686353032,0.09625910760654188,0.07853418664265828,0.138199840841839,0.14031742434382377,0.060323780058888686,0.0924622008693592,0.15645576049978935,0.12770563227356957
0.09813234573938627,0.08810936511644422,0.20766463778428848,0.08003346829687459,0.0991524733147181,0.09430140483387357,0.2261113370797965,0.07620026814655337,0.030294699688064836
0.08294406008048445,0.07158405575051287,0.15628601498502645,0.09846266865859832,0.10269882150253917,0.11618356674947887,0.053098348147105755,0.09757085257184206,0.2211716115544121
0.13314780987236244,0.105094718245187,0.11055510714800558,0.1099076871855718,0.10084570812629769,0.13120201980727023,0.13023918165945605,0.11267837270024546,0.06632939525560379
0.09387868313959347,0.11054081313369218,0.1004093249449058,0.09889626533988409,0.10101676587021118,0.1310410206545218,0.0890315007439781,0.13953059832772516,0.1356550278454882
0.14051689547097093,0.08349759265746078,0.13801694228258074,0.10982788388177851,0.08781848008097874,0.19135959790747425,0.08426970530849603,0.08042455710172915,0.08426834530853082
0.0772587815264958,0.09083363839040666,0.08078801471190376,0.12115527098012346,0.10109351268463442,0.1440539087072845,0.08984435620907127,0.11904066585612177,0.17593185093395833
0.06807315673603836,0.12510764756462986,0.12368194454440923,0.10104265547292614,0.127431965248221,0.16184154206638934,0.06888202921768745,0.11335927870591737,0.1105797804437812
0.13706949288129697,0.08401266014954085,0.08249227261411113,0.14757593544475966,0.13259993157335345,0.08903616932993662,0.12633514081258598,0.13252063432319997,0.06835776287121532
0.06754371501682956,0.09585261848582165,0.14799932536582008,0.10824814517758963,0.1101846773385539,0.07496522363140849,0.1500407795718263,0.11329205163908292,0.13187346377306752
0.1061851857982894,0.1144004971875205,0.20233392385567836,0.1028464109786212,0.09357462668253717,0.07945005663765119,0.17155791813450483,0.08411452598823815,0.0455368547369592
0.06270237619026785,0.14057160140331415,0.07369400705044367,0.1283491773494236,0.10265680252260627,0.07010365484684983,0.10318733378690097,0.07742026045225102,0.2413147863979426
0.12495507995565865,0.09500809888394508,0.08586724267250845,0.12555239535855148,0.10606677626349581,0.13775638919477443,0.07479977975353501,0.13961815019461019,0.1103760877229209
0.16672493686122533,0.09494365238168229,0.1765476094016921,0.11165213892967334,0.10211455529770928,0.06505363283138292,0.1335749208042359,0.11341822018413872,0.03597033330826011
0.07128045783813013,0.16079195533211976,0.130094550228151,0.10903068983456299,0.1332137909596806,0.09838602662936696,0.060371201164822384,0.1240371149106665,0.11279421310249961
0.05167730933017035,0.1258313977279931,0.09726862364759055,0.10752312100800028,0.13903814012425963,0.0787478720159307,0.23048058413810035,0.09551185767764149,0.07392109433031357
0.12930404157125672,0.1613427241255179,0.0648181498895808,0.1255149542432399,0.13343662851980842,0.09416589500826834,0.06559626139907722,0.13160602004556818,0.09421532519768254
0.15159424090343201,0.09068771689328042,0.1060955452239601,0.10755382690744737,0.10213339468271221,0.09611114679059098,0.08643294260581576,0.1327455637641982,0.12664562222856296
0.08030541840823952,0.10320680595672978,0.11473780576589714,0.10355528847970591,0.09496970370628251,0.1636257634434539,0.06408347336581427,0.11965419554836715,0.15586154532550975
0.11598427520243555,0.07516999255378122,0.07981287527029855,0.12553372160229684,0.11277302251319911,0.13097964224988415,0.13100666285913684,0.12946652285251148,0.09927328489645626
0.10131073682903563,0.0922198433923419,0.09013066821883753,0.1127802852502016,0.0913937992514781,0.16242885183387093,0.09593839710590989,0.09609041640161188,0.15770700171671256
0.07776409482178381,0.08891603411168147,0.10132348891493659,0.10589624639593703,0.1170432953541443,0.2287425432508626,0.0766280134167963,0.12502853743222384,0.07865774630163395
0.07301091290596005,0.0874688062823492,0.17205805461388998,0.10946362543692052,0.09599367231675866,0.17221464241120676,0.071300720300544,0.10391753540391586,0.11457203032845502
0.10094701060780209,0.10065026916769697,0.1420135937249902,0.10450305043207724,0.10406049120698518,0.1972188215207413,0.06852830776220266,0.07880693990702976,0.1032715156704746
0.11992736705486828,0.09485168222724605,0.11963061088424863,0.12376616577287468,0.10967068809583454,0.061897636710269495,0.18980319889967356,0.10342409307282485,0.07702855728215996
0.09546144991436713,0.0589376316555948,0.135061269502409,0.1006306863075373,0.08910052007622837,0.2089605623217082,0.11204570002134011,0.11011707908224089,0.08968510111857421
0.07808123930125953,0.10130800939119904,0.11190490894271232,0.11739396917712867,0.09576937223397909,0.057174000330260065,0.12447864249674961,0.11018194914448953,0.20370790898222216
0.07200953482036326,0.10122869847133859,0.07087997786417828,0.14244463228524004,0.11970698612257578,0.11437972442977606,0.21500441392296418,0.11414733926164007,0.05019869282192366
0.0978115582151479,0.08970344796022665,0.14487780219605367,0.11567777379583687,0.10904724137895143,0.08323758815171681,0.07034669027521442,0.1349596588328517,0.15433823919400044
0.061736484569400785,0.08042281240668989,0.10955064480563664,0.08760008376894916,0.08343320414261114,0.0684638880624482,0.14215816570173745,0.0904896753103288,0.2761450412321979
0.1267836213789324,0.10081034339103123,0.1428297075120051,0.10130270438050498,0.10783570578877237,0.0543016012825882,0.13925785351628808,0.09504045775723213,0.13183800499264547
0.14159958398743125,0.11125314585007312,0.13663579916973825,0.11465471744519366,0.11676715666372399,0.05711095706426907,0.07239244426860826,0.11614374503570095,0.13344245051526138
0.08241218116961725,0.07378962908660248,0.1017073273806004,0.12681548128612027,0.10740122038779971,0.16365415197472072,0.1686739525820652,0.11357351735864145,0.0619725387738325
0.09352078212862919,0.09679082783360725,0.17082363956623473,0.10311500375671336,0.1083251615621265,0.10332846553208819,0.04824439462119484,0.11441189878406717,0.16143982621533876
0.1013532836719027,0.09233171031718439,0.08644674901284881,0.09496420380794189,0.09667720737300578,0.17708279916238842,0.08323874349049104,0.1018003973892943,0.16610490577494266
0.08935936879181007,0.08613094276467,0.16111021713689636,0.1046064435579377,0.09021463274559582,0.06654299940978174,0.07219982077889474,0.09872662722509308,0.23110894758932043
0.08389126073523383,0.09050625745625991,0.16143952898285815,0.09369088895731155,0.11097515556031134,0.07924568822158497,0.22686307843982823,0.09671874908238803,0.05666939256422401
0.1387026524106042,0.14398306156532056,0.06004380832473677,0.13720711948700542,0.15067042626879387,0.051256502846134255,0.11028713322921875,0.13658473059213583,0.0712645652760504
0.09304268942805476,0.15534003407466782,0.03572251963027301,0.08207067645521256,0.11697797539058187,0.09780604692710297,0.1372276682710818,0.09635007473068112,0.1854623150923442
0.06709814174409454,0.1459144319423256,0.05875589264392692,0.1260800764654544,0.11719392634438919,0.06310211637613085,0.11432885918207421,0.14566838270718055,0.16185817259442373
0.10484632982147045,0.09185777637647984,0.18008985372765776,0.09346650105393779,0.09705567073345395,0.08025330141397147,0.1647141652074828,0.08538112294017308,0.10233527872537289
0.1592528486301089,0.10709515838800288,0.12325805896967146,0.09959879760923906,0.11115206132405635,0.0728280645321187,0.17859900028790843,0.09992396828510479,0.04829204197378952
0.11231891522929738,0.07170482235831516,0.16177796209287246,0.08693687242130234,0.10500049824408066,0.08581352557301325,0.21511838940518968,0.08646887597521764,0.07486013870071141
0.0609648908070582,0.11046747971057985,0.17867382154379075,0.08665033330211856,0.09323558529774499,0.05866506715035998,0.19545886968301385,0.09173942991225394,0.1241445225930798
0.07995263170425156,0.14932413050719742,0.06378912778496117,0.12486972844018702,0.12517115288716618,0.06224029363896592,0.059926654734416364,0.1303494020483174,0.204376878254537
0.0952484537964286,0.12655817405860495,0.1097935111011139,0.12819585964884028,0.10731978775448765,0.05583523099286747,0.2550341437255745,0.09831095605610446,0.023703882865978184
0.07614580151809196,0.09208955206909769,0.09161629652281152,0.10148420227262944,0.09481582984880875,0.12904315168709846,0.1908244863740064,0.10057128007776596,0.12340939962968976
0.05994134196674814,0.13045397021392294,0.04484450692317591,0.09949281585741572,0.1342434033917306,0.047440565618243606,0.04478501914840923,0.13225848917728195,0.3065398877030719
0.10105861528816568,0.09300694717600232,0.15649921388465515,0.13026647100515273,0.11607930403862332,0.11743316958494149,0.11744718709229506,0.10463429276023373,0.06357479916993057
0.06233767109098378,0.1402063891215242,0.2267703948168933,0.07071446045558864,0.10360826974117963,0.08943945283590966,0.05418530018363415,0.09585144676022199,0.15688661499406462
0.14973501615697318,0.09705557023887984,0.15197987362455193,0.09257684016855149,0.10978885498155055,0.13861690159394324,0.08302836993957226,0.10676604382875489,0.07045252946722261
0.049252312404727085,0.116166399368088,0.17264513086518207,0.08779105316359453,0.09891896890157441,0.12854118070329693,0.18293772467406297,0.07334479482443736,0.0904024350950367
0.1571074548549819,0.1027919729060794,0.15638224532481515,0.10656694339644757,0.1013328894735422,0.08881152855809699,0.12604533637344495,0.10421405254622107,0.05674757656637086
0.11964769774515453,0.13778014024526145,0.05404720917039122,0.11195506950674113,0.13615829588139963,0.11977336572073716,0.11669452318407862,0.13028441993137255,0.07365927861486375
0.08600315934754436,0.10229537649324716,0.14322281243016552,0.11752667605942047,0.11922955644914142,0.1617477436652225,0.10779083337798179,0.09866666407754099,0.0635171780997358
0.12051882874267117,0.06511203405152259,0.13294488244781225,0.09267379908490796,0.09438616340951334,0.09781490386935517,0.25192257620048375,0.08503378578696896,0.059593026406764706
0.13925773855247617,0.13902593132597008,0.06064045847249213,0.13604800579310025,0.109736563477909,0.10280256907320223,0.1091562079977804,0.12675090753092608,0.07658161777614364
0.0978648642444772,0.09710159194344674,0.07684828437098083,0.11173834330231557,0.10883131318195606,0.17519494144184952,0.10826823410612235,0.12304222402223626,0.10111020338661549
0.048803975340115914,0.10860649683528262,0.1743294884402001,0.10711458012224413,0.11506328613385275,0.054405486390473067,0.04836255873123402,0.12018229062738643,0.22313183737921097
0.09614925416073307,0.1407900251063525,0.10139494749907463,0.1198693635742521,0.11039094970370585,0.056743628841353665,0.10459611714885274,0.10034029623339201,0.16972541773228345
0.08990083358959688,0.12332795021212865,0.1028767208537034,0.11631458728810458,0.08962268905430552,0.07128392900724993,0.09694104021471445,0.15286977656499443,0.15686247321520208
0.11030363482757721,0.08423488039217708,0.11270984743289418,0.08194358104042454,0.10446014411449278,0.10985555046970306,0.21065083802287773,0.09625570307667508,0.08958582062317831
0.06187672254747845,0.1056352012053909,0.1022663317427316,0.13347793125863702,0.12144765761217836,0.11515738984545425,0.17523884440382076,0.11151755088352529,0.07338237050078333
0.16595224597386252,0.115637184913484,0.13222040939721905,0.1335637376297538,0.10758194104087797,0.06561009205126134,0.14992284386225405,0.10122520764967902,0.028286337481608335
0.0805180938723743,0.11518154657686665,0.14756417912420897,0.10261449905417723,0.10443389242281664,0.10235366067226115,0.08231265537954778,0.10516018171927836,0.15986129117846892
0.1522769495859021,0.08533588454905454,0.09540179241746265,0.10176635463245921,0.11298627843793162,0.05397441209775807,0.22685376367304758,0.11698154359386524,0.05442302101251903
0.12869260052500206,0.1007191178118791,0.19914509352364007,0.08227300485621196,0.0923370745562729,0.07351723156192319,0.11231789331052226,0.11217048146643786,0.09882750238811056
0.1408152820389252,0.11159711420545514,0.06696333317612836,0.13354267328812533,0.12230990498011134,0.06574617050297216,0.07088789649590808,0.13779223627368387,0.15034538903869057
0.19950896938400917,0.14250517157727113,0.06937357508733029,0.15213991772244884,0.12066596090350883,0.06058469179394102,0.11096696043266936,0.10509100012334055,0.03916375297548088
0.17130535275131517,0.10521252629723088,0.12827883905621815,0.10233454335288968,0.11118344200109159,0.051194317038703696,0.2067736186956385,0.09906796594135352,0.024649394865558723
0.10653369541826795,0.1014366969538925,0.17434372672267165,0.11565223361057408,0.09701831349776459,0.06360372161841393,0.1178612978761693,0.11104731535539958,0.11250299894684646
0.16314350686627846,0.08574170375519226,0.14991497056093922,0.09144751387881038,0.09497791367666882,0.05839802573883654,0.19711368753249456,0.10647413232375313,0.052788545667026586
0.134910697901835,0.10174253764979346,0.06422353927611281,0.13573620231462766,0.11586033871119701,0.1478662325156416,0.11769863690977182,0.0951369964421409,0.08682481827887982
0.05115953230600919,0.12271343146234957,0.17390114954334748,0.07241686714702562,0.10266849481560066,0.06140155304013212,0.16260634922434572,0.1121641020832402,0.1409685203779494
0.09894678097601455,0.07871651147484517,0.20130064628513553,0.09323662971130676,0.10663674047904138,0.13504175569509327,0.10767442120063096,0.11297479249836834,0.065471721679564
0.08396858127081779,0.10882761384819939,0.14353015472673217,0.1054323410176606,0.12380215989012937,0.11460402306144739,0.12435900781103178,0.09755094839407184,0.09792516997990969
