0.18345477531766483,0.10143504562110645,0.11672262946727995,0.06009578183703069,0.13899353707765924,0.09800994151687752,0.10174304625353699,0.11439218376737664,0.08515305914146776
0.09854611647943108,0.0821495572905521,0.1026867182102232,0.23100027362472622,0.10352554071955149,0.05020623863854167,0.08496103416952293,0.11038312210352501,0.13654139876392632
0.10256701559388752,0.09189433305555066,0.09016339629987939,0.1056955725121946,0.11261736993455833,0.19969660961536898,0.12094874679724173,0.15037739933792968,0.026039556853389132
0.12506753082299774,0.10315105732279493,0.09428490862320389,0.20545890623293897,0.09020146554669717,0.04942198075696205,0.10446200681349087,0.05708106854027182,0.17087107534064258
0.07912058831052145,0.12283019976688687,0.1360545709432183,0.0592649446908344,0.1128546775778491,0.13153671987843174,0.19684367041966244,0.09206093665931923,0.06943369175327639
0.11483826098932191,0.10315206384238063,0.11648657396260627,0.07194929626455947,0.11683965995461476,0.0771849980985866,0.11839576426258251,0.15014854582536577,0.1310048367999821
0.11968529704261205,0.09810735319705594,0.0924968508473546,0.10878733125692698,0.10486979603808304,0.06848150526957696,0.07427413126533917,0.06738897745789516,0.26590875762515614
0.09942873143046921,0.10098143072805356,0.09984216406552587,0.10767256176699695,0.10952708633718765,0.058126230355158376,0.11832155916832378,0.10452226897322149,0.20157796717506307
0.20784750929323983,0.09087690834095137,0.10685864651571984,0.15075299458670657,0.13774521019683658,0.05091660627361861,0.06911871947328717,0.10978087573011197,0.07610252958952805
0.15862169396368153,0.07622088460540725,0.09498275038997406,0.1541983154664379,0.11827279428337838,0.08039830950753864,0.0771107322881278,0.07573752540859935,0.16445699408685513
0.07713258251441404,0.09788016662523591,0.11238373749572006,0.2832958174470825,0.09999348562485227,0.0538890985879928,0.06131505199885645,0.16507038988545267,0.04903966982039331
0.1729443222296312,0.08497880584930896,0.10586225557598426,0.20335372062731583,0.114623211033059,0.04350710452056398,0.08450401952061043,0.14045258143812644,0.04977397920539995
0.04123433951704942,0.09486972600594878,0.11233665515355229,0.2006098053464486,0.09674745911956877,0.086663591109974,0.16347474961056327,0.17198872056097703,0.03207495357591775
0.09408351191257149,0.13535775673741282,0.14234157836302186,0.06889175789502859,0.1192689232204649,0.10561790245323312,0.13686993125199673,0.09306643574731722,0.10450220241895329
0.08965130382419828,0.08257361143441963,0.09684896176864229,0.24584693342650424,0.08983423593864685,0.07380046688793858,0.15184459570781997,0.11582517061789743,0.05377472039393278
0.14800522789339762,0.15651528438070075,0.12374805526736656,0.12494854483729605,0.15550585392991878,0.10298054225482067,0.05600089071784472,0.08755373109993213,0.04474186961872271
0.2222696225108958,0.07811813087710624,0.08276136980323857,0.22052821161995598,0.10588988107228155,0.03183660994409384,0.1159772094305198,0.11064264082110621,0.031976323920801984
0.04349146747229935,0.11706622921038516,0.12251723609337824,0.09484355537756779,0.12702545467520918,0.1446665747384851,0.13063270161066917,0.11324424158362362,0.10651253923838234
0.058623413547791076,0.09804507231846671,0.1007298572735041,0.08110307533818058,0.11199795061638514,0.09523347030842157,0.1570902936648035,0.09089339661430645,0.20628347031814087
0.16943127418525109,0.06766665115172782,0.0772453979405932,0.24000814018594818,0.08891601519195774,0.040234778863282396,0.04700986334953291,0.07060996966078216,0.19887790947092446
0.03539448760593041,0.10653743086979288,0.10790326754347536,0.2313257665348735,0.09178389091390453,0.1362956775478867,0.14000441123610577,0.1361120411898948,0.014643026558136027
0.14913876310571575,0.06640990990935237,0.1057265032840251,0.15542248485540813,0.1353198629165202,0.09003444153667532,0.05334272189698016,0.08713809902607832,0.1574672134692446
0.09038132909283801,0.08762389791894291,0.09021595753067506,0.2042983719146049,0.11337348521075723,0.07250317287008977,0.1420314124543648,0.1166457364013952,0.08292663660633214
0.04822041668708107,0.08642277389530745,0.09403912149379849,0.09723737786193619,0.11411547696514879,0.09742573012176024,0.26120324009662815,0.1127978162858548,0.08853804659248489
0.10589811472990784,0.09091808128189759,0.1228759670469296,0.13978091329764727,0.13114619495435828,0.07962163746134925,0.09391462295992396,0.12889189916281552,0.10695256910517074
0.2233702471485096,0.0976389178955132,0.09648209439637774,0.11965560538656984,0.14106604766696315,0.0747008163121431,0.06678299983673529,0.07968324705134942,0.10062002430583866
0.11735622037937439,0.10463574743258523,0.09051629185091577,0.1916813022933809,0.14845165506294425,0.09251422010652814,0.09569469201429219,0.12451395491332211,0.03463591594665704
0.07465553845331806,0.14869183130159452,0.1169196104799547,0.11938505815370619,0.12030281026298813,0.16154652262667837,0.1296752619317893,0.04952384808175355,0.07929951870821719
0.19760455816579084,0.08158764364489197,0.11276353622327716,0.10486575196327273,0.13882914182911543,0.035608955109819984,0.0942012799261986,0.1424281161384248,0.0921110169992085
0.21929075141248058,0.07221175776771299,0.10042162026808982,0.14574807194654474,0.08325816800633207,0.05745545150717518,0.0767971564021314,0.13137693970651718,0.1134400829830161
0.2715576278123716,0.07952153692486115,0.07721763864914695,0.15468522293380046,0.13798749474478064,0.04673567078116231,0.05212488277474819,0.047510123707794887,0.13265980167133387
0.08226255199801963,0.09533756744882309,0.10050580838790595,0.1560571825978441,0.12881355095740923,0.09558674942305147,0.071304193417791,0.09945924037647609,0.17067315539267935
0.061689815046476505,0.1597553570724761,0.127879714156392,0.1248443737166287,0.10027746538967171,0.1019086214804595,0.160503585199253,0.08361268852482633,0.0795283794138162
0.04615404886222757,0.1329318258794346,0.12038231839101377,0.1250796033647971,0.11375275180840512,0.10716713710585962,0.11836313176459508,0.17770508408388108,0.058464098739786065
0.061807201225668205,0.10598439433204103,0.11386708707134974,0.05830135989443561,0.16691810735181867,0.17388762019017112,0.11419210226397623,0.13374719788394385,0.07129492978659563
0.16373133087354372,0.11766971051540764,0.11942458518890396,0.10105303536870369,0.18246318370866976,0.058105266026082895,0.07574327390569931,0.08200722219218898,0.09980239222080008
0.13339806371013596,0.07605737284651563,0.09856715691124963,0.17957958913047,0.09340428613008471,0.04748445409804295,0.0734584871953965,0.10047646425657501,0.19757412572152963
0.15836369829843905,0.07383693401150977,0.11451703973347843,0.2246182067853888,0.12835618510657545,0.040659456309935095,0.05633740672885237,0.1409424634022839,0.062368609623537186
0.14700413363397932,0.06558412885449824,0.07081197588276004,0.1700523085982488,0.06719577945931554,0.06148987289017024,0.053168549263861074,0.052682743103630685,0.31201050831353605
0.15655974416406718,0.08417426472688032,0.09735439975056621,0.10747431289302078,0.09971507300245297,0.05281317905761549,0.08466421189493507,0.17168989332395457,0.1455549211865074
0.139473213262464,0.1119221463330059,0.09469427709949511,0.19696318367602242,0.09382207196208557,0.040172490250905434,0.0456928903191122,0.10401221993051597,0.17324750716639334
0.1772236366401613,0.11094028186392713,0.10362532030767078,0.19761323513473086,0.1268571091985158,0.065868235023528,0.06593920323633314,0.1120296636842264,0.03990331491090658
0.07461841015292296,0.10419680628015378,0.09530140407845977,0.0753711982214706,0.0946087202994799,0.09071798187261197,0.10963306695872939,0.10461194456385876,0.2509404675723129
0.1539374582931954,0.10086470295348109,0.10805371025170916,0.14559651225648407,0.13110232680961376,0.06829200233535505,0.07824775397814125,0.11663024844317911,0.09727528467884106
0.04491698832257803,0.12168261133763895,0.10602664586340661,0.06504224223452891,0.12209227159619439,0.07627948983680831,0.12122521970004091,0.07291999759295942,0.26981453351584445
0.06992711341397213,0.09596879048697228,0.1192013886009541,0.059216666154031185,0.09749841382325981,0.10066566514601144,0.20498538913161987,0.09140561531500609,0.16113095792817303
0.0866011422037498,0.07920225162807597,0.11058528654341271,0.15379110812251526,0.13816213603030156,0.16446586405297,0.18034666913629768,0.0761514679310182,0.010694074351658882
0.1439394717865118,0.10653032602440358,0.10596444691797786,0.14369456888098012,0.124183504437173,0.0579902915996795,0.07360847636708116,0.1292152853488919,0.11487362863730105
0.05880048357219613,0.18026798228172095,0.1041669664249565,0.03506721395412961,0.08058135163454039,0.25472863569906645,0.11658920784514211,0.09302991013089157,0.07676824845735628
0.1332088924756488,0.0792597209983888,0.08040033339935267,0.1761996958837342,0.09726517322567062,0.03891488751153033,0.04512881286130486,0.10049586693336089,0.24912661671100877
0.22494194098839412,0.08077670997104928,0.09497001636427971,0.18874262353975244,0.1054562244223871,0.04294951607978816,0.049225570224248526,0.04853802856778936,0.16439936984231138
0.0722989783660228,0.13560212916660483,0.1076960837288821,0.09172872955962375,0.14697481412558006,0.169427171519881,0.09078157268879515,0.09603511904973494,0.08945540179487536
0.17218290579549525,0.05983612955162002,0.07988161762500899,0.21400799183432376,0.09367174888418967,0.039421342624901316,0.053988969797770146,0.12119875483326349,0.1658105390534274
0.0872202667590234,0.1633190055480324,0.13107602721126205,0.0595901255288282,0.109593832717041,0.1846251637049964,0.12426296688435724,0.10273236165685957,0.03758024998959971
0.1184650306177617,0.09197279338417712,0.12067251182437239,0.09982270747152734,0.13187928663968884,0.11631353633004077,0.09205115604574449,0.12857469068305669,0.10024828700363075
0.1560447532270773,0.11034203359813348,0.10296293732067557,0.14167745809976037,0.14881984727670527,0.08115889950346822,0.0731716092691151,0.09722893521430222,0.08859352649076245
0.10276510276046487,0.06540975856586757,0.06897969693041173,0.18424698739349468,0.08726263043529787,0.04398978883088699,0.060337123800731786,0.053651902944824935,0.33335700833801957
0.16163361853731778,0.09589361639184758,0.09911788069559746,0.19333703419172377,0.07725385312378906,0.0704039901313933,0.06171942118588249,0.08243109288821802,0.15820949285423044
0.10970501525124653,0.08133352399050414,0.09003373282992073,0.10734851349560852,0.14773063791489868,0.052129935538657225,0.07606175466902858,0.10761936909052806,0.2280375172196075
0.07174743831519192,0.09940649694307495,0.10177631231441797,0.21972563305577109,0.08914565987255425,0.08967682159181602,0.05245260193672824,0.17968910904243748,0.09637992692800802
0.10991327430298121,0.11853433063694692,0.11827438113508133,0.113021121123436,0.1548630638674999,0.06366516997134335,0.10335001918901598,0.11085963521286774,0.10751900456082748
0.0470702785539776,0.12390770653748824,0.09339318019959808,0.11062641035361526,0.10552009409745959,0.06653460018615519,0.0761541144918085,0.14599766022681746,0.2307959553530801
0.08483226237219658,0.10759053123243094,0.11881325444749004,0.07375638602775815,0.10329350998362341,0.11012206499000876,0.16229036731683363,0.1371028969256953,0.10219872670396313
0.10048441791588152,0.12765039578894835,0.0914532929147167,0.07696329942419146,0.09717478013578125,0.25783797718604956,0.08859710993157295,0.10675248619974505,0.053086240503113113
0.18596951800010889,0.07233841517043126,0.09937330209226876,0.25884169513918837,0.09298820834080779,0.0845871143366211,0.08737270644220825,0.08388851445355172,0.03464052602481394
0.16672540991736917,0.05754021350692105,0.0730464665900174,0.2647307154360743,0.09185286411548155,0.059368944687707405,0.03857522264075277,0.09403474065844908,0.15412542244722724
0.18386935416025332,0.07707975085200029,0.07759386360785624,0.17182013609432154,0.0967769718924258,0.04167088210340975,0.05562967516586733,0.07240470343176564,0.22315466269210008
0.0857420656225019,0.09146821259418897,0.11094691803890216,0.2476073666341477,0.11430415186959693,0.05906998933404017,0.09104700375827547,0.1005954648194309,0.0992188273289158
0.11913506123780367,0.13281829420926916,0.1240729059621886,0.10782373687366935,0.1239279146544305,0.06142043862195817,0.1163987339224551,0.16118440651852137,0.05321850799970412
0.09022854242582355,0.12462711119108784,0.11631436626124386,0.0651252844103349,0.14039400370249622,0.14600522209648134,0.09855706264028365,0.11764211051347488,0.10110629675877376
0.1585339615385758,0.08029517835335194,0.10209400517988924,0.2851463642394176,0.0978308432672554,0.05507906121528994,0.06066154636020309,0.05670010459216468,0.1036589352538524
0.07878086509825455,0.10922609037173252,0.11978911710066165,0.04798903702912554,0.09398659187674534,0.076384874783388,0.1664233165723752,0.11676670270579054,0.1906534044619268
0.14682292958202367,0.08338277406201654,0.10007747775583035,0.2158417284933106,0.10188145571478646,0.06664077204862436,0.07858340318021528,0.12138467304541826,0.08538478611777449
0.0935504211672733,0.08619431459053113,0.0867157845706668,0.13309788366602318,0.12630039588650097,0.07807773077951062,0.08182061563800334,0.09536070993765296,0.21888214376383766
0.10655549844060219,0.11676022602249629,0.12052785255880939,0.19349937323158908,0.1306220372542202,0.09589400585644643,0.08419448909383853,0.11673943622082798,0.03520708132116999
0.07695170641590872,0.10917817148776117,0.1028190429829403,0.20183703561925967,0.10214661348842008,0.07231167070325156,0.11708106530645583,0.10978864872553856,0.10788604527046415
0.10647477014391517,0.09620330762486547,0.11160374084772497,0.22510534524735148,0.10140708267539937,0.05410895735600676,0.07847983203676212,0.0988783042246722,0.12773865984330243
0.06447208275138124,0.1710745231434133,0.11384537705290027,0.11836577958603527,0.1209692603861744,0.16962944111550926,0.11369317307750794,0.10960988753639689,0.018340475350681503
0.23857887687099746,0.06215427866656973,0.08593815175371984,0.15309342808802712,0.13136460322761548,0.0392969148873692,0.05749047867344178,0.06513025355054679,0.16695301428171258
0.12200095783712446,0.07104063645902613,0.0797481642240215,0.05882301364717451,0.12184570208251022,0.06401128531547993,0.12294002958503446,0.06823797277240594,0.2913522380772229
0.11814408625013251,0.09125356746013326,0.11504884276701538,0.20000523805117273,0.13537809623846242,0.0846336553299384,0.0733877830344696,0.07790900311470877,0.10423972775396691
0.09906621684507226,0.08426090408954413,0.09103459846353533,0.16207371607717555,0.10499910769253194,0.09481039169793715,0.049089693606104545,0.07185034500692183,0.24281502652117717
0.13374616264131636,0.08007151814538317,0.09346966275735764,0.08546837770733973,0.18545233139150263,0.12298766352116057,0.059529087402460656,0.06017935194678379,0.17909584448669555
0.1355461161517388,0.10359969177719507,0.14045843465616595,0.11145182533304386,0.1394890072182474,0.12623203838750965,0.12134355580977962,0.09245554462826198,0.029423786038057592
0.06373128691872665,0.16295994232226377,0.1327828167270331,0.0811934918780134,0.08869015172682092,0.1452872116791908,0.09892385025939171,0.1185518973430334,0.10787935114552623
0.06606558656100683,0.1229090298093023,0.10835412999001277,0.08865739254797422,0.12503377098266968,0.1850442868151839,0.07737284254533947,0.18779191872083834,0.038771042027672585
0.05594077954624647,0.12881184840033028,0.14693909319354279,0.03087873642760591,0.12581108554800347,0.26839146760197286,0.1385688053319185,0.06311435769304673,0.04154382625733304
0.07824066920927876,0.1100987249811715,0.10955049338745583,0.10481233672033519,0.1302324476193004,0.171778995917527,0.10108990293207347,0.11411973918569818,0.08007669004715971
0.12231485782696443,0.0946573312049993,0.09143118972970225,0.05601670076348401,0.09593573475513473,0.1346513156340239,0.155912763711434,0.1281558387281678,0.1209242676460895
0.09300179768509814,0.08090340547069029,0.12316588630097026,0.2768483553781124,0.12733053354593185,0.0827209811596653,0.0706204144523831,0.12734488973944896,0.018063736267699637
0.11931253555106895,0.11355559220328244,0.10187077641106042,0.06279556351238859,0.12118809726531111,0.07355693324269218,0.14813738104152144,0.07137935030469927,0.18820377046797554
0.05825991957902557,0.10002152529685321,0.09303484568402505,0.055296123854288566,0.10245774721401257,0.10169893178905016,0.1138025710879358,0.06876066371794182,0.30666767177686727
0.13474387327879925,0.09762391619721578,0.11613309646438187,0.13003627277804175,0.096497266432135,0.053607026260978595,0.09385736021592833,0.12036442071915458,0.1571367676533649
0.1888713572812375,0.0905691487578455,0.08692282972101972,0.1980487368812042,0.10658124623297487,0.05707057688096142,0.04856505785681037,0.05796295739160546,0.165408088996341
0.12409375132901089,0.06795036278205648,0.09089705114096396,0.09713775218765258,0.09520025585632513,0.049982528370130015,0.07989304488963357,0.0812527904951202,0.3135924629491072
0.05654586613543585,0.08475442884901942,0.0983782189272032,0.037101778149873935,0.12048297775067285,0.14229706433425482,0.08461384670883913,0.09003981358392622,0.28578600556077455
0.10360391472104676,0.13563435774740681,0.11263499988203,0.11500559942033688,0.16405827376475488,0.1150285782467626,0.11045301093380083,0.10656977487444681,0.03701149040941442
0.1388284226507515,0.10215765611043777,0.09628815429393534,0.15190435727576057,0.10202553601064109,0.04958331328283663,0.1377789026585904,0.10984532989876444,0.11158832781828225
0.17330777178013412,0.0866684963086642,0.10361321006018594,0.13835985277557492,0.10713044741280124,0.04934429826331398,0.08044430372404647,0.13026508558682692,0.13086653408845222
0.0908435900180438,0.11423118907248082,0.0777359993851125,0.23845993633168494,0.11481488220393443,0.07836916569388536,0.05523553781090254,0.14691957658647295,0.08339012289748267
0.09638791270848919,0.09159266390481442,0.09178349183068292,0.22621029415209862,0.09222299984364585,0.09388854903971154,0.04773322832776252,0.12897538233510195,0.13120547785769301
0.1717322240094912,0.08477929185879492,0.08864901218034045,0.1423741088141891,0.1223571190758274,0.1252830310461299,0.05872733080895622,0.06825591924918949,0.13784196295708126
0.2666023802229312,0.12480468612349384,0.11558229626762724,0.07253429408119332,0.12910458744699962,0.09528240502227488,0.08748837245276196,0.07550979969376305,0.03309117868895492
0.14365136727238056,0.07551608405334377,0.08372301666552577,0.05738457385298144,0.10039605135621908,0.048767594352014415,0.05824042685588487,0.09855549174251022,0.3337653938491399
0.03724617921401954,0.07688886508722445,0.12254345210793356,0.10863997431519777,0.095834667287014,0.16270171644600237,0.15946185984070052,0.07005557280022699,0.16662771290168085
0.16056435283760767,0.07897023530622159,0.10764386420543125,0.2174658239531793,0.147405262616324,0.07439534510885003,0.0548834218939395,0.0719591716995026,0.08671252237894415
0.07214556414913552,0.11221128828725456,0.11455681605147076,0.10442482565324111,0.13339220251195236,0.05842640577623306,0.14712580331919292,0.16450874280403818,0.09320835144748167
0.07605813810001294,0.13241458987602933,0.1269095938878314,0.13956970586773496,0.13082493241089851,0.09798478923356473,0.10766188513602443,0.07872775133546868,0.109848614152435
0.043965601756460415,0.10547720132644155,0.09325632743443564,0.2761656300056194,0.09310316688365639,0.04634250664304305,0.08391016322697693,0.20049438135314604,0.057285021370220644
0.15258538365555033,0.09813648554463317,0.11041519965669151,0.28496298364768974,0.1318028831692359,0.06958149197834546,0.04486245947155063,0.07051276930807371,0.03714034356822949
0.14114521246402997,0.0738713321511437,0.10918439970206527,0.26124030974853046,0.11868549631048082,0.0639443578567173,0.06520005348102498,0.11182889852194905,0.054899939764058416
0.1953813858993121,0.07821379678181818,0.09448715841028658,0.14652862217818963,0.08861963087836765,0.047487460332049314,0.11535551307827067,0.10943613272279774,0.12449029971890802
0.06199478495506313,0.11991043920992506,0.11317936113659359,0.07076372611074074,0.1370614492494712,0.21741653957258475,0.14701245810021635,0.09940410396339049,0.03325713770201478
0.12575259342257927,0.10698619685744859,0.11006580607436676,0.06978073131215932,0.10723013711718515,0.14797200240413813,0.084094560799169,0.06397745541991669,0.18414051659303712
0.2301077740226691,0.0997717582955916,0.09805234505794957,0.118732842049715,0.13467804608068623,0.047004812570783615,0.06752887376177029,0.12406022053842806,0.08006332762240657
0.17488849928425296,0.06601625453259079,0.08430108046930074,0.26523771811297986,0.09814167186077671,0.0485821408459152,0.06094120405666007,0.049793377809901083,0.1520980530276227
0.08125123098826582,0.10311029138854282,0.10743226378261844,0.11111123194533719,0.13827033048387238,0.145520419626477,0.19539142279177824,0.10065586059003655,0.01725694840307174
0.09956730378913421,0.09295832977921724,0.10579364892529446,0.09416091851456625,0.0922300600811391,0.06800905629757541,0.13676307856128905,0.06683374677175426,0.2436838572800301
0.08134022728726918,0.12697470135965913,0.13542755144666446,0.13343096432011106,0.13803912422907286,0.12295534763751102,0.10240585181545775,0.11577523948860148,0.04365099241565299
0.12139506702095863,0.0662669627147346,0.08223257473222341,0.22135755193507078,0.08092870091354361,0.052815320384482445,0.0686083283965059,0.07418596221830424,0.23220953168417635
0.04514943953326469,0.16577266462893334,0.11277929289462618,0.23330134102061365,0.09352243855804328,0.11812618788739267,0.056298262796371075,0.09862384318996185,0.07642652949079323
0.10523520241911681,0.0886099860014277,0.11747145132922877,0.19862717330177468,0.11383940640168372,0.10848100324867171,0.13134206898391287,0.09551103238889107,0.040882675925292766
0.08824163421532705,0.10041173566121885,0.12018218512551365,0.1630964922179129,0.11423217946425313,0.07326873433231586,0.1368637055908578,0.040170799988257795,0.16353253340434304
0.029274908743636557,0.13856496395393067,0.11405427588084815,0.19459512778101695,0.120836640701059,0.09367910797028293,0.1740721234712593,0.11393860768747728,0.020984243810488995
0.122934049313437,0.10363634205115631,0.10443268947760502,0.17827675476183094,0.1565543720835402,0.11218931853490731,0.06434301893002445,0.10698905872359299,0.05064439612390578
0.15484630785387624,0.08925403883106836,0.0925822186315317,0.15275391404781524,0.13281865591703004,0.10738409464869629,0.09542750604995437,0.0640515966887809,0.11088166733124688
0.056017993511103814,0.12136205424930795,0.12060512755825677,0.0504217576424336,0.10658273320185556,0.06290341263551176,0.16851435686103278,0.18447745971448892,0.12911510462600898
0.15909895582815384,0.11011952499944878,0.13007089880620418,0.06451596590542526,0.1357298502771341,0.07210916687863929,0.14313339326885186,0.15674067237159986,0.028481571664542803
0.06207388482822357,0.1844260136129586,0.12281308078571022,0.030237226593169544,0.12198400555312561,0.18399457977404607,0.08632274418071571,0.11246353096701217,0.09568493370503849
0.09991891985577833,0.15105626768854918,0.10918595765576017,0.12133431619848394,0.17415149596167576,0.05337509041436178,0.04898703375999373,0.08978946361828981,0.15220145484710731
0.048763264132870764,0.07307782648535767,0.0711537353429798,0.10844500512572862,0.09688355451411151,0.17476514309919375,0.3145773318031508,0.1057031064102296,0.006631033086377468
0.10583872164567894,0.1381121325825941,0.08885359779658575,0.083387749967607,0.15762753169917462,0.2596749343309265,0.08858551399615844,0.04854515036242962,0.029374667618845163
0.04660072275200672,0.14244071015422424,0.08237733462772655,0.048829738223658326,0.1301098511186898,0.13415488233491166,0.12536824548754769,0.11974265584041975,0.17037585946081527
0.07435408955663148,0.08877389825022063,0.11261834797828986,0.11721638503686038,0.1266320786395354,0.11963022386464735,0.14576484638390733,0.10915276843104187,0.10585736185886573
0.17961342838772967,0.1040942389840076,0.10652260616343501,0.09149256311825643,0.12310644908610562,0.11449574587068824,0.07367463033482602,0.12455551376046096,0.08244482429449049
0.11109730721125488,0.07779184789930392,0.10768522513546293,0.3131218179557656,0.1093893935164028,0.06026276902709404,0.06455365029705022,0.07982653377246392,0.07627145518520177
0.17501724440806368,0.0855516139642778,0.0935483964589965,0.26574611866270526,0.08893094280180348,0.0319410020379416,0.10006383694420533,0.05426051076164332,0.10494033396036302
0.0898428627864568,0.12277259919064835,0.12013198594214447,0.14620464126211122,0.11082809009960319,0.12405073065045687,0.1150500144745659,0.09628320382752621,0.07483587176648698
0.07556962626895794,0.19057206210745314,0.1245637745756641,0.12698617625575825,0.11764935288482199,0.12017598961447616,0.11749476891094938,0.10501845594660662,0.021969793435312374
0.1296358894445447,0.10892837925132424,0.09755816066042834,0.12095686531180043,0.1174498175417364,0.0671695946552421,0.0752343816860896,0.08377594673006884,0.1992909647187653
0.04557465858858467,0.0746198444756463,0.10979941832713758,0.2758929187110459,0.11554955887643419,0.050321343365899274,0.0992062397993476,0.20003722160791967,0.028998796247984848
0.09989205918361849,0.08370227665567452,0.09881109133689324,0.27050756509747625,0.12977444269480343,0.11121825213778087,0.09804867321283117,0.044688008320017125,0.0633576313609049
0.1680414656140876,0.08052413369058796,0.08440320481093934,0.2596400622192971,0.10347613829515566,0.042580021155220686,0.05091162683860539,0.0682599772399231,0.14216337013618321
0.14988209666926822,0.11184434214797778,0.09807157783681203,0.13022930991018464,0.09158172608278241,0.12467649184915568,0.09193971074939462,0.13278775338330456,0.06898699137112015
0.21594063306378494,0.07839264919383662,0.11549562468340684,0.1430866958114553,0.14426826805016002,0.055595756331051495,0.05983179829167323,0.06716577575932142,0.12022279881531021
0.06821489624430706,0.15228635992986608,0.11634973524328394,0.12996584621756332,0.1734942839916821,0.09641832824219669,0.10010877553709945,0.07775372446150011,0.0854080501325013
0.10125394787403812,0.11812313387263446,0.10607997982090694,0.10311053018409537,0.09900261144812716,0.16706544827760408,0.1476851546064937,0.09486968499227814,0.06280950892382205
0.1251569603782842,0.09465345181779261,0.10169441211741781,0.07192607880793005,0.10172667807765808,0.0651527941900396,0.10984701911538569,0.06670917631260112,0.2631334291828909
0.08160236774968398,0.12003141369398139,0.11885942525236833,0.1227616434328404,0.11139029030064507,0.10654118838163408,0.08085061824750588,0.11581834923008812,0.14214470371125285
0.042466944415532594,0.10088545848397067,0.10389982191698177,0.08609093911534499,0.10205044251982691,0.17838316308892674,0.27346367498809626,0.08204454374560637,0.03071501172571366
0.10323647246503946,0.05771926176821385,0.0692693256779691,0.1745207462246059,0.06966716189927101,0.027871555130790596,0.04989975687020729,0.0819745998694551,0.36584112009444764
0.15108373347626722,0.14697472228334493,0.0973618861948428,0.12103813178326284,0.17886043548163524,0.0956557760284311,0.08360240384778246,0.09587605101570891,0.029546859888724634
0.09016771957186676,0.13233005193209152,0.16247787520797283,0.12851537361836804,0.12454281994324796,0.06464823166875673,0.14040827464592745,0.11788008460810045,0.03902956880366832
0.0696108300300667,0.09979825492825341,0.10784632710386483,0.2364611048575085,0.11562794631217944,0.056235412544442705,0.2145246984617972,0.09126839243375291,0.008627033328134293
0.09820254667957318,0.17050266960790975,0.11658411424544923,0.10721388524366876,0.14396619388286078,0.08892586555656389,0.12728722515570456,0.11840218011590957,0.028915319512360222
0.09845000470646725,0.09579698363775313,0.11970053162210115,0.12909835137149236,0.0945995803632282,0.09127791708460233,0.14104703861287712,0.11045060832564894,0.11957898427582947
0.1377009518461723,0.07909027911429882,0.13589387273594558,0.11311708769767,0.15766001254429107,0.0785421790248557,0.08605900099118065,0.16475370750699325,0.04718290853859262
0.04628753638738411,0.1283574199089764,0.14544957772991005,0.11637972541791175,0.10729640832149927,0.1351651080991091,0.167960930556013,0.09561839149290081,0.057484902086295586
0.05359892098505289,0.12494507791840975,0.10994990710355435,0.06525199396140557,0.07386848598782964,0.10816457602856806,0.14379970852460733,0.13515277898747946,0.18526855050309302
0.16623113498108835,0.10925821198416345,0.10568259065760809,0.11967535089023366,0.12447038247095343,0.054656871413699994,0.06565846599064241,0.11225558506547313,0.14211140654613746
0.08664365646302426,0.10471598249592699,0.10532075986881563,0.16717248158814724,0.14440926082189756,0.09504328563416815,0.11663125248680023,0.08774452656595638,0.09231879407526362
0.10421394736947343,0.11075683785482904,0.1260874281703239,0.1282170811151734,0.11889188773980582,0.08983614344603885,0.14845473159190298,0.07025535519891418,0.10328658751353843
0.05928076524086906,0.11907937529340391,0.11799453783381096,0.0916648293807411,0.09883755584831583,0.17394830877452835,0.12945938873520457,0.1610921878225846,0.04864305107054165
0.04890226253968085,0.13565370090386794,0.11646088543711612,0.06264935442891335,0.13388829783298392,0.24547125960499572,0.08907522919649365,0.07987206006803067,0.08802694998791778
0.03686018538909403,0.10115217662312596,0.0702336289784359,0.04086126508442705,0.09334752525441141,0.20293997855235082,0.2444246779353315,0.06554982725006549,0.14463073493275783
0.049375263511041934,0.13957615777111518,0.12445690642491081,0.06380580721825695,0.10201198864031348,0.14164834398552673,0.16087473271886002,0.145977221558664,0.07227357817131096
0.13270962768164918,0.12995961395716793,0.12548839240689472,0.0789040941921815,0.1301675375473739,0.10915264177443289,0.08981030934277152,0.11850236536490884,0.0853054177326195
0.07913241701208829,0.10775468644885755,0.10615914073300031,0.22526067538681904,0.11835185025607996,0.12082808535918611,0.09722400440388045,0.09926296031662435,0.046026180083463895
0.10584015207029966,0.1517322391765664,0.1073079771542923,0.08305765435832818,0.13040010244715441,0.1375917287529962,0.12046224998929288,0.10239878004767662,0.06120911600339323
0.08113787382260217,0.10706657153055206,0.15989003105424673,0.04044475701924907,0.08549534518765567,0.11282770190286089,0.14810579020034387,0.11804056940711921,0.14699135987537024
0.18743986649829478,0.10597143390039139,0.11885814304721092,0.20810101673453799,0.11502383920446291,0.04372095877380747,0.09034562926960456,0.06232397943299287,0.0682151331386971
0.07172175907980101,0.11030903993170992,0.1299828422144976,0.10249115410163408,0.15122902108475142,0.097460407704182,0.2030803085288353,0.12121615374221124,0.0125093136123774
0.07841048510693423,0.10497207504549255,0.11575031674714338,0.10208600571749617,0.12343623814518712,0.10643281028613581,0.14429088067857215,0.16204776067171708,0.06257342760132147
0.06612995871817336,0.08343999915962814,0.09511048391920233,0.15806932035174087,0.09846643109423477,0.058507586057182724,0.0856340067633387,0.13906078453127374,0.21558142940522548
0.10268265954011524,0.1129715124776247,0.09195056806315878,0.1854331104596374,0.08973562819544419,0.12117095972346915,0.06112635541392702,0.17105303168528005,0.06387617444134347
0.15265027496279623,0.13085968336084663,0.12046681807189212,0.1062304589587325,0.1673239988286146,0.09599157374300944,0.07749207561847728,0.11313213868263365,0.03585297777299759
0.08219425463864914,0.1448857433248303,0.09967745640726487,0.06983050805742992,0.15446899419288837,0.17777044162384206,0.10381008996858378,0.13975562161324198,0.027606890173269404
0.10395198766263052,0.13767238449604408,0.1204433242365938,0.07922802149618724,0.1192242463120581,0.10850388237576247,0.1311611753097409,0.07273128474505546,0.12708369336592745
0.12653520420627498,0.11886189296838705,0.13323209218506624,0.09630926475214881,0.1501932324431174,0.15024841317816742,0.09028526666544796,0.09353044139774076,0.04080419220364931
0.18487059213187707,0.07350709751652554,0.10283913390717252,0.23232385493362906,0.14003297341228674,0.055058526885409305,0.051654930116196394,0.10542146538504517,0.05429142571185816
0.12084152203037245,0.11573824554144467,0.10560899116524296,0.10123561580295896,0.13963814444802006,0.07567712123879955,0.1036915566792251,0.11889855128862392,0.11867025180531232
0.08914085669772716,0.06359525875896221,0.09304221039824238,0.19467980051667003,0.13667673709036796,0.06421420104162245,0.07540010227669192,0.05879281844452141,0.22445801477519448
0.12336328688104066,0.06564758338910343,0.08369262978750884,0.1581513787552482,0.10592707274201339,0.07753717399054216,0.05610342583062602,0.10371132286734942,0.22586612575656786
0.051562400472676136,0.08814900431279987,0.11583717316747948,0.08322868559043947,0.10896888204171672,0.15018159850114937,0.09175585548409239,0.17107201544792613,0.13924438498172045
0.11096625428718217,0.1304280252858634,0.12037267760536215,0.11402694969620654,0.15492708732215865,0.1208389991795127,0.0889707927608613,0.09072312820797108,0.06874608565488201
0.07270224054094519,0.11635879587160286,0.1345511903874778,0.06112619761069393,0.09669094466541954,0.11581344099821889,0.21881963716357875,0.15893618700390197,0.02500136575816106
0.10291851041729853,0.15580558937108874,0.14583843522142514,0.13908351410567069,0.09703318909935697,0.15580189165501368,0.1013179690295362,0.07813347969730565,0.024067421403304482
0.15213068338010818,0.09350035513614323,0.0898164948430948,0.17332663072994847,0.12813386033304208,0.05407631249492045,0.058340246834062866,0.11012566974248296,0.14054974650619698
0.08818124290944578,0.11331844728818852,0.10076121104640905,0.21981846566453989,0.1208266580993213,0.08437739375488736,0.144322073151868,0.051822997562467436,0.07657151052287263
0.1873749714606494,0.07449907930861856,0.09327485954760915,0.28597947923984673,0.109062236791955,0.02869843544139734,0.06223081404580263,0.05774698050783434,0.10113314365628691
0.19873206116815967,0.0727623473715567,0.10651019899467752,0.24833316559868357,0.11757135386952387,0.07870385006159598,0.05637561834994912,0.08796212848760948,0.03304927609824407
0.043199337276956164,0.2097133328695976,0.10868701172604078,0.08720926392459198,0.16338446243437432,0.14906919279263028,0.10153201410322328,0.09640767479274072,0.04079771007984491
0.153898673962517,0.0954729913560255,0.10140251911154476,0.1392417850663271,0.14807486932131,0.050175529458714986,0.05808101491288583,0.1766500433463308,0.07700257346434398
0.10668797541401065,0.17406930012224583,0.1088600484773929,0.06145998372399494,0.174742914601923,0.1290927323469839,0.09541316783530966,0.08358622947640111,0.0660876480017379
0.09113655796634035,0.1043366852838929,0.09802978793609585,0.2469036073115408,0.1176132897538133,0.14970505640267134,0.0676543555047463,0.09803328389456739,0.02658737594633186
0.10787560808691309,0.11984997923489231,0.11444138304577302,0.08532636093497144,0.15769884292158295,0.14257132620707558,0.08761173510274821,0.15210133041719304,0.03252343404885033
0.1264387740651488,0.09969823103412902,0.11552879383038572,0.07877322914073326,0.149687267756496,0.06201577686900186,0.08685989414456245,0.10459284007035201,0.17640519308919086
0.1090327134119084,0.08460095068360994,0.11798465273520647,0.24993407402070478,0.13934507293970463,0.054482572705861924,0.08624100416728615,0.06124964415415888,0.09712931518155887
0.13890032922058826,0.1193590621748253,0.12582084817991768,0.10728715097300555,0.15469440790101185,0.08308107201583571,0.0669643334301261,0.1295607721567008,0.0743320239479887
0.152393672554366,0.07329010739494195,0.08103501229756682,0.2062132243141169,0.09904789140219579,0.04999777995077386,0.05474902573698404,0.08828868855481954,0.19498459779423513
0.25267529167307706,0.07800476602081763,0.08593922609859868,0.1568108514751667,0.14266006948220364,0.04873742528332919,0.04887931530388071,0.1046040341388681,0.08168902052405833
0.053140726331364,0.08638308074966543,0.105037628168963,0.0811234030824795,0.07326495820511947,0.209973412906414,0.12093163553672857,0.1974722657753657,0.07267288924390031
0.07742763967007728,0.11701356658114526,0.12059855998686746,0.061024693789898964,0.10578838146870469,0.1467176541674402,0.14865859648294097,0.18406401124230667,0.03870689661061854
0.12569829630020746,0.07678168904906503,0.1145328065361668,0.20600729890506098,0.14717862450039548,0.08174554949798953,0.09596545209277425,0.07345920468971702,0.07863107842862352
0.05502604365557454,0.1405586836860813,0.13264032524877842,0.16519795853374897,0.11172734185046396,0.10572810372252213,0.10088174072213185,0.12636716607373918,0.06187263650695954
0.23610600003568852,0.09925569268013017,0.09420948756495716,0.07206146295890274,0.15028488467886567,0.0903935001402283,0.11528406540229641,0.10649856256785896,0.0359063439710721
0.09783693361265877,0.08897412180761659,0.13120955125101166,0.05415637483806593,0.11829290651384368,0.1597295431010374,0.08037695068748234,0.08789477106623267,0.18152884712205095
0.10542587771843626,0.10928189457693409,0.10595325353627816,0.17962736386271283,0.12259141624768931,0.05645890908991876,0.0870112512372439,0.1010741150306476,0.13257591870013904
0.11860007231346574,0.11383561343577975,0.1089234040148692,0.10573223807909105,0.11322025291999209,0.09311931365044372,0.06862548570209785,0.14832353134974915,0.1296200885345114
0.08627809188662657,0.14713055252390492,0.10864686171446834,0.05941142035200875,0.1265680562587764,0.1414141088597192,0.08806745895422473,0.09660906908983695,0.1458743803604342
0.13570830567909808,0.13161955859577112,0.1095170543755044,0.09566561393327781,0.11218254836154827,0.1224497142818267,0.09186910818122625,0.17792766720147202,0.02306042939027531
0.11908402244004927,0.10116443375077026,0.12438504073641542,0.01405958650153384,0.09026090609218956,0.17306037057862503,0.11087731408369857,0.14258889945128075,0.12451942636543718
0.12027773160260431,0.13379242532267624,0.12283644584014936,0.07695862375365797,0.0680811805159668,0.06906330703749797,0.07331770015959661,0.18201920461014895,0.1536533811577019
0.10984502332749276,0.09936361990592396,0.12006009051063371,0.13699024085604825,0.12167262576487725,0.0771882254760491,0.10746286767942603,0.19044387472570715,0.03697343175384179
0.13746718946853523,0.13097572198154528,0.08261467768088848,0.2386851025872457,0.09771828191971432,0.09163043807206477,0.04716526015881837,0.08745856375475526,0.08628476437643266
0.22474250030165321,0.11067546103650285,0.11021657982867006,0.10140582406382563,0.1272636584097633,0.07987679180438179,0.11528591974794555,0.11328299067906894,0.01725027412818866
0.08946437200021747,0.14996466330093064,0.10287090539197526,0.22097467929106177,0.09667572937632535,0.07700216212083422,0.18320199581234753,0.06965788766992019,0.01018760503638764
0.12094442182833365,0.10060438451498506,0.10122442223103184,0.15082008528498295,0.10864866380203286,0.10445467789458225,0.06715317280995857,0.09773976057691192,0.14841041105718086
0.14557766909793662,0.08755202047306392,0.09741093639342546,0.17980197289422273,0.11034273458278225,0.04602522446399777,0.04033510466465407,0.0983912293580635,0.19456310807185365
0.12612726276499597,0.1465232192077367,0.10097776462526444,0.05406008609567767,0.1334121648771295,0.09657378602354257,0.08759532120988671,0.20953078893441082,0.045199606261355524
0.15539670282923532,0.07896221772830848,0.11434887253848325,0.1567760159797422,0.1304509240228412,0.04858230130618232,0.13290923319235193,0.1226550398653186,0.059918692537536684
0.15051684039409569,0.10206034978109746,0.11555554892033877,0.2202989611410736,0.09481333192992188,0.05163461018871623,0.08099862856237329,0.06815425039099525,0.11596747869138783
