0.07877607073674452,0.12142717199652268,0.1121653834499996,0.07648441682656996,0.1254380233852951,0.14635878569208924,0.10582224955717777,0.12242420163463426,0.11110369672096687
0.027023509023424725,0.13952603253406903,0.07030420884197726,0.14582548385843186,0.10994795302769898,0.08534836884721238,0.1374929241220233,0.12679915277889273,0.15773236696626974
0.052620213325919374,0.09802227521304237,0.11781492902350475,0.11490955605430127,0.07975850549870694,0.12972456406104085,0.14802319601508165,0.14642864138647085,0.11269811942193197
0.05674483219239721,0.09315774458582542,0.1583062058110381,0.07581496738005074,0.06123392010729423,0.2775513359055712,0.12358485154693676,0.08984306677957354,0.06376307569131283
0.13297362306560728,0.11872357900874105,0.11300073627683892,0.07592996938178677,0.11823781345665911,0.10928832176697552,0.13202996500618172,0.08661771784007714,0.1131982741971325
0.09085906399061035,0.1255369638650863,0.03340329064049335,0.10860777215790736,0.2518441277941942,0.07067672244337658,0.09523824374618083,0.08973431649074103,0.13409949887140998
0.08311324805693804,0.12338666431930816,0.11248888634118502,0.08593539211519861,0.17603471090735764,0.0953126774185953,0.12070101417854394,0.0932526748192065,0.10977473184366683
0.10303806770248954,0.12939684823698014,0.03814149787733304,0.1267583340739493,0.18670738250115848,0.07130462491740498,0.0971186941246387,0.10975838386297303,0.13777616670307286
0.11607658891671295,0.11995361416017279,0.12167400595127902,0.09801956319171963,0.07705013187684108,0.08866730501546155,0.10360702870384098,0.13058071044573918,0.14437105173823273
0.1279016855168626,0.09091962101254253,0.09461439173686752,0.16130464930959632,0.0625002129476475,0.12186970819912096,0.1397211667981062,0.10245100148760748,0.09871756299164891
0.10432491396132554,0.10448613062001977,0.13336017616070242,0.09839609265440276,0.11555822601989503,0.13725314783884351,0.11893278037952972,0.10575062923622608,0.08193790312905518
0.08272190709022144,0.13195151307966704,0.16694422275082557,0.08417158586917883,0.1092324441174108,0.08564052737819712,0.1015362653044083,0.11572666603783767,0.12207486837225327
0.0152425827634645,0.13482521474136352,0.01040745682704185,0.1085262928248637,0.1682021233025434,0.12068082600980429,0.15485393223525137,0.11509892744484691,0.17216264385082045
0.16346150224721148,0.1096905708439941,0.057378747158135235,0.11090738504504762,0.1761444319551051,0.07508444709908653,0.09825206090202578,0.10350608176788538,0.10557477298150873
0.044752651857834023,0.12766998515344363,0.11544263877481913,0.1242476969679938,0.06267593897547467,0.13642599793468235,0.10641275220453249,0.14887271117400672,0.1334996269572132
0.154433982992126,0.09990022784540509,0.1550082935909157,0.1053448379060481,0.05669045466864628,0.07925559601351144,0.11215436824666426,0.11621760837858874,0.12099463035809437
0.08751025250661189,0.12901227326236758,0.034540934046605916,0.08798989462577485,0.1622111367623231,0.09592262578369899,0.11059143576061194,0.13538444897821614,0.1568369982737896
0.09212027534579252,0.1191352956161123,0.19677504274117066,0.06962264221603554,0.052760781467828984,0.12398919374289086,0.10861160925708176,0.11402926479307181,0.12295589482001551
0.07077715711994258,0.11084205837644462,0.1840077244870104,0.09466334181613338,0.07873052047291494,0.07087349420387266,0.1068540740183429,0.14684987119853524,0.13640175830680334
0.022913853990553828,0.10512075176822017,0.04832561598396739,0.10234381857724913,0.0447711499698921,0.28554250667858094,0.17081214628532107,0.08979669543038232,0.13037346131583305
0.20232045069036042,0.10366322525135356,0.1559138517912817,0.07487400353862679,0.061430332787397214,0.11374220008953519,0.10295895027351726,0.08921178899982318,0.09588519657810461
0.1618423799734472,0.11280916489437831,0.059605553131218125,0.11511202590479093,0.1443595835656252,0.07206051542911875,0.08805364259735789,0.1178652788683784,0.1282918556356851
0.24651447721357309,0.09271705976457956,0.059937491495775284,0.0828509379780188,0.07170806203693757,0.08766208811104155,0.1165627108020943,0.11737318285544651,0.12467398974253341
0.16167207533572867,0.10656138592914556,0.08230109082348991,0.14203801818001285,0.1235501680413058,0.07940495621832863,0.09730828772066637,0.09874501051996498,0.10841900723135724
0.08786227655970415,0.14349982728777916,0.0478765990720619,0.07003687170468602,0.2137487173046122,0.10141621935383759,0.09400873838714241,0.08990942493657994,0.15164132539359668
0.08571997206397712,0.12033420851006993,0.049487605278857115,0.14626024571622345,0.1243744433199671,0.07338964830525783,0.10340201356476365,0.13714544674844567,0.1598864164924382
0.0211953029239689,0.11161689165908995,0.09282553280099858,0.15331649692990176,0.10075808600319158,0.13486992547685198,0.14900744012175365,0.1296598248536248,0.10675049923061886
0.09414960751144204,0.1330712767223007,0.07688094814764836,0.08779823513557301,0.07993157634721332,0.0818678402942035,0.11116462465480102,0.14507051326569645,0.19006537792112158
0.2664879748095214,0.11119259003991604,0.07669000827723801,0.06278487861958541,0.11977849819541599,0.1097205992098817,0.08108352894154153,0.07749984012852411,0.09476208177837575
0.01868383303408552,0.12854584673107944,0.1477660186121135,0.13687717295394042,0.12054878757761865,0.0887876775736675,0.13133394749665173,0.11861119510926506,0.10884552091157818
0.156456974263521,0.08878329781120979,0.18137582977481026,0.09065723522553903,0.059114127135059515,0.1462129790289355,0.09382087849981362,0.10497391266722973,0.07860476559388163
0.056483738441189944,0.11236916823037635,0.1520031696209783,0.09103492584434796,0.111691144158098,0.15390271975931885,0.13944212182818097,0.10452807370145012,0.07854493841605943
0.07693242830016268,0.12154168999260435,0.13899070705050498,0.10248639720367314,0.08719784226231497,0.1643686407443903,0.1134411889166741,0.1108786188063417,0.08416248672333376
0.12110101575690228,0.09888972854442028,0.09762522677599676,0.12697750118745996,0.09218427511814808,0.06720775121966648,0.10686847608115307,0.1596222493497572,0.12952377596649592
0.05806689945641128,0.0897336797988569,0.0978070520877745,0.08471954082985217,0.16766403086056525,0.2517041304027781,0.11879961937742271,0.07957474847648195,0.05193029870985718
0.0441732866538098,0.09862899326085213,0.2392227614164709,0.09015883388955397,0.07100974453901367,0.1301754170895206,0.11173248744845647,0.133552671273965,0.08134580442835739
0.07588809844212001,0.12095325343896834,0.04952915102057686,0.08425829066244074,0.2452086927520057,0.14257873518901573,0.09878165333330362,0.09207014532967694,0.09073197983189212
0.14343590397734704,0.12662231891119982,0.10617314612902407,0.08468901731610344,0.10276046665579903,0.07844939146362263,0.10198615839285745,0.11108662910263413,0.14479696805141232
0.2679416933557241,0.09279260373816074,0.09164986392603118,0.09254296177977155,0.06600821895702597,0.14535296800972938,0.08980972543572134,0.08195969316266088,0.07194227163517479
0.13145800183793174,0.12186514242639261,0.07065530238713338,0.08675449364383937,0.14109621041804077,0.1141999935476533,0.12078259488081648,0.09670052082939273,0.11648774002879958
0.088287534368506,0.13803558865830087,0.02156368529295546,0.08780130219010608,0.1700708693210793,0.08984407269550483,0.10744453158379756,0.11551017307292837,0.18144224281682156
0.04923008665122932,0.07134381690441814,0.23763554078712348,0.0868215514452491,0.045404186519571975,0.23918406866192696,0.12600795912679488,0.10336018399486392,0.0410126059088222
0.040661978186297035,0.11960343207524653,0.04891443921474653,0.0908287530674861,0.2768875633475096,0.11509831435188748,0.11603582871129424,0.09691742802681343,0.09505226301871905
0.23787178256276217,0.10635683548203602,0.024876815030244043,0.08200937694770753,0.08542602799601033,0.07645578034151244,0.13837229904873835,0.0974107237073261,0.15122035888366295
0.04076173464119236,0.12649866084989525,0.12951801471592725,0.10118547920240738,0.06825305476774902,0.13797244538525003,0.11453822182254007,0.13180159780581419,0.14947079080922449
0.06401783010703076,0.11434251111325137,0.04462214393828265,0.11470835107508748,0.21939045626247236,0.15975772269883456,0.11538454128619839,0.08353598583576416,0.08424045768307825
0.09402211594657013,0.12006381185469596,0.10211483734758758,0.09349824416928586,0.168881701683957,0.14139670547489022,0.10666244843705104,0.09875900403074238,0.07460113105521979
0.02753868865173383,0.11536872833713041,0.053930472247944505,0.14284873047363403,0.16480568758407763,0.12281041795287578,0.10929349671837545,0.1382944389296226,0.1251093391046059
0.11711314772678598,0.1266568324853851,0.06191690076037471,0.12671178195939842,0.14637782441306768,0.11224749606478068,0.09258140813178435,0.10374919240591718,0.112645416052506
0.04421358045613638,0.13182617485879441,0.03201283422291495,0.1385788417458362,0.1784231934889469,0.07346648939771976,0.10163602722005598,0.11376959765109078,0.1860732609585046
0.17464115872040856,0.11403851662297977,0.12413660813592038,0.06848170532144728,0.04641876394403519,0.07292828876129298,0.10184404082205628,0.11921372464873643,0.1782971930231232
0.10734564432090277,0.1253572107563713,0.0366346417292412,0.08994500882991775,0.2632381414809551,0.08387056164449364,0.08556218056410521,0.08958125032288132,0.11846536035113166
0.1945585964517417,0.11397427964321431,0.10346522550309158,0.07585352376982606,0.11931574869691892,0.10899744858339178,0.10014935778113243,0.08040377272333768,0.10328204684734547
0.05688380507807796,0.13734418338530568,0.06506412446830666,0.11409577828390899,0.1798970854159042,0.06985131709199469,0.10528876670101116,0.11196374217154391,0.15961119740394666
0.2828276064984639,0.08583270954763596,0.048329030875944555,0.12593778341820608,0.047956711167906486,0.0973602885298039,0.1094549725310212,0.09390944080692647,0.10839145662409155
0.11996073471607456,0.10120586434861605,0.026860534142748305,0.21501152084141037,0.08349630772509635,0.16019757691884082,0.08345869432609372,0.12928946746911132,0.08051929951200858
0.3134553395233289,0.08489567140143434,0.03932479906125101,0.09597832490835624,0.1053577830411599,0.0880244674457743,0.09197014181645163,0.08965731428078434,0.09133615852145932
0.27475008401626216,0.09467187691243666,0.05755542701968278,0.1540923568204895,0.05568896977575758,0.09207297284139875,0.10381840650601291,0.0731161466065526,0.09423375950140707
0.09281997344267275,0.09822708870436607,0.19016096458531281,0.08635026239855298,0.09798842960027936,0.08782228484255439,0.12594620345791568,0.11441427575220485,0.10627051721614116
0.2181614598035642,0.10905115662326977,0.018754239745169207,0.09220942043072074,0.09953042378148347,0.08467049098106862,0.12282158953596756,0.0982062963349815,0.15659492276377493
0.09987846299781268,0.1274822808178246,0.05049737753237735,0.09776582103438979,0.17825576252991712,0.09217589899495433,0.09770797003851656,0.12089742862213959,0.135338997432068
0.11946288973375753,0.10190886509729852,0.06749631769389602,0.1117500715473279,0.14255504206446132,0.09226203900140711,0.09277190260026369,0.14306366655956673,0.12872920570202112
0.1628883401187329,0.109050030116852,0.07023322891929958,0.07359508237171056,0.10696555448276318,0.10273427117240623,0.10736881368312808,0.12722085446038242,0.13994382467472508
0.050877388519973664,0.13737550519001676,0.06467037923138412,0.10266744807100818,0.15035653117366624,0.12871027809139,0.10677824259789193,0.12562669976527843,0.1329375273593907
0.09731673519324774,0.08657217501447928,0.2549743621027206,0.07712826803393269,0.06446620043090075,0.12939889654960007,0.10390157994765825,0.10669955920067158,0.07954222352678902
0.1295903788753856,0.11510025539129963,0.04163890588932855,0.08732140727165989,0.2065749810394392,0.13461093053514192,0.0895443355424359,0.10504993598671841,0.09056886946859082
0.043848085045350205,0.1272938006504816,0.11147239624187984,0.11341104701927036,0.07007849277598104,0.1324160207654516,0.12226992459950721,0.1414618425534784,0.13774839034859968
0.042624450272425375,0.13399464249734813,0.02957885189577417,0.08691016906201715,0.20769892485065358,0.09065152301124883,0.12156305195415347,0.1105950573459898,0.17638332911038954
0.09696628650402317,0.10507631417644257,0.14574523681179952,0.07407057561514631,0.12888879015664123,0.12604784482197903,0.10491244648696774,0.12130660851482422,0.09698589691217618
0.12318463031294298,0.09800072595386689,0.1752697296934924,0.06824576375355242,0.0665175843038852,0.1678339069654119,0.14660760820887617,0.07273977062875457,0.08160028017921749
0.12452523991470009,0.10600804729786047,0.01851485564880391,0.148162146523532,0.19182823743902322,0.10245278632477366,0.09106337990816227,0.11155829321119815,0.10588701373194633
0.15566929228904058,0.10281409737443747,0.1254034295832155,0.07585930834707556,0.10269244961579359,0.12220972295729919,0.10742343242854464,0.10873718436706625,0.09919108303752718
0.022723766688050474,0.127123889988388,0.039028650948428396,0.12572602395558763,0.17082031865359656,0.14468204563696843,0.12422634786258673,0.12621387776609724,0.11945507850029657
0.0438159927109791,0.12090395513102514,0.01474445489439353,0.08977782866382167,0.30958125267954134,0.07688707649037246,0.09782662226003387,0.09608282393978784,0.150379993230045
0.008728438775278213,0.09981103498532955,0.20293404593683673,0.12261044712974538,0.11157942727253878,0.10457500035066158,0.14499698968558875,0.1290643322927388,0.07570028357128228
0.04784847361260394,0.14146388722844716,0.058030403630911886,0.11963500231164532,0.20752587091185062,0.0681221581592125,0.09153600131506386,0.10354733288074487,0.16229086994951986
0.12197742116799105,0.13458673171696725,0.07920902344252208,0.09487683130132596,0.13151813321524738,0.07281565727289209,0.0950951519416982,0.10705412889726713,0.16286692104408887
0.033592343022888604,0.09894636462051548,0.11827308277667904,0.1468975328946822,0.1119363765049793,0.1521618452793001,0.13797503889944254,0.12710370185652112,0.07311371414499154
0.03438689265381658,0.10262776548186497,0.13557297934085166,0.10767033309060954,0.0841983746355696,0.22074035704283787,0.12008165137216177,0.12449059180719846,0.0702310545750895
0.09976845140474493,0.11889671462045692,0.13922554496460868,0.10410901985749405,0.10190209047905374,0.09029047107814377,0.10441594451464804,0.1229335744845347,0.11845818859631514
0.30674761217218977,0.09965994557148232,0.045071861190066544,0.07370331294355374,0.10085355068241446,0.08694468882999488,0.09542710287312589,0.07837751585481588,0.11321440988235643
0.06676589698005797,0.09699135698476231,0.25485544142335526,0.07832322920151334,0.11413970551287744,0.1038502766997339,0.11036166703010492,0.09841761853685195,0.07629480763074285
0.035931674042448895,0.1406944842990039,0.09851502900752979,0.12386780939743776,0.13605999716282194,0.09501780588282971,0.11022072737239184,0.1142448889433056,0.14544758389223056
0.009678941191935011,0.08744280993767954,0.08094865839769459,0.1159355575246553,0.23934598785991043,0.21095829675634878,0.09767059809232499,0.11869305031351662,0.03932609992593474
0.05388470078454483,0.12747884553103864,0.12155638007329068,0.12377614861852289,0.051572138946261246,0.09833251152863864,0.09945067228564149,0.14608652920665002,0.1778620730254115
0.02417302252148677,0.11544026286377922,0.07550834340003724,0.1606809059175741,0.17809302947625258,0.08686316020492672,0.11270414398770295,0.1275145685549288,0.11902256307331162
0.0676704182264189,0.12914524406231606,0.13592634123902647,0.0983438469642056,0.11000808634444538,0.14101190131109936,0.10496260747637987,0.12070007664748646,0.0922314777286219
0.08189175315699371,0.14062423310046152,0.1290622486668911,0.0846308863710119,0.07899676379102584,0.07894841267433267,0.11534715281913843,0.11690120496472874,0.17359734445541605
0.15450363543781828,0.12349740582297025,0.05525641379381496,0.0866104392644017,0.16954406694584515,0.09813897798473266,0.08741191449756215,0.10413125438949582,0.12090589186335905
0.08338846982278185,0.10738858462540862,0.11043090094994934,0.10834361243558356,0.0320565238219978,0.12878068934174294,0.17898384897556738,0.08911342285631309,0.16151394717065545
0.02070385305677807,0.11013626105464384,0.05349827465133367,0.09802478019345255,0.07414186900516749,0.2093687026168777,0.16300025072037436,0.09130041988703812,0.17982558881433408
0.0981260708121547,0.10883927603902133,0.04170004916628403,0.08279804804126534,0.12025254828096343,0.19233759130732894,0.12436460705962475,0.11682271433903735,0.11475909495432013
0.05258274115952718,0.13429923096542193,0.10599673075793871,0.10665033963459707,0.12529034378308399,0.0649664580218162,0.10711386309805064,0.12708719111327693,0.17601310146628732
0.07875886502171159,0.11619984225374497,0.07359751579016507,0.10383885971647792,0.260008959398007,0.09622985587629745,0.10352117954309957,0.08111965454125335,0.08672526785924306
0.039439879778845076,0.0914756690356268,0.24315023911367306,0.10918549299977132,0.06238576865860124,0.12957254825602085,0.11251297333905834,0.1348917460587621,0.07738568275964124
0.07948777272980528,0.11987788288961092,0.059247718765929124,0.09495802116410838,0.2599102706333576,0.13360213692350392,0.10102868163452333,0.07416966310497705,0.07771785215418446
0.04186213188717735,0.13565640541250595,0.07048817394320268,0.12183425919499101,0.2181932380349356,0.07776319363143024,0.11388462033353451,0.10293116803866427,0.11738680952355847
0.037275555311171375,0.14365033573782918,0.04297538614770465,0.16027259624542425,0.13630595538327825,0.06523560780925246,0.12495332707552505,0.10762695895507797,0.1817042773347368
0.14759464469059844,0.09512586756597541,0.18277154748976276,0.0803704008957357,0.06055416622300808,0.11519376650324564,0.12007180564462323,0.10029498150016601,0.09802281948688468
0.07165219403096319,0.11697710592382188,0.14155046007046315,0.06744069938146874,0.11687956487254868,0.1290610917465608,0.11693500828497765,0.12034622465340283,0.11915765103579312
0.052097790700881864,0.11119637160477162,0.13768354325709134,0.08860448181129428,0.11621033313589618,0.20587148558411214,0.12307740353427656,0.08300515873767549,0.08225343163400047
0.14214917603223268,0.12566941512775226,0.08323954777508392,0.08334374797963962,0.18815166339826295,0.09003329725914493,0.10024402947921653,0.08442998713689072,0.10273913581177634
0.19069003876833102,0.11827468993617492,0.11506507068428869,0.07719776618569421,0.04765878081235001,0.13288559187409557,0.09942605279551336,0.10615346849092233,0.11264854045262995
0.08636305318755637,0.12467652482123603,0.13034730728692012,0.06806164773404044,0.1137538652444942,0.15234634481728174,0.11516729188045965,0.1010689562564354,0.10821500877157601
0.04172764751087781,0.1346336363045739,0.061691042446874234,0.11225090929185495,0.1249199852033022,0.09614722894158577,0.12112632047103343,0.139193795649441,0.16830943418045674
0.06763702019088637,0.10910405586800338,0.14789628330791119,0.07419412214926807,0.19586211765475525,0.15410265476349552,0.108363244180173,0.08330050933263193,0.05953999255287539
0.08649598706972263,0.12548169598033665,0.05368863842604599,0.10201842547611699,0.15868241110708256,0.10901643467992146,0.10304279539313344,0.1275083534911687,0.13406525837647165
0.0801991991161562,0.10974895778327849,0.08517518776612669,0.07232356177657752,0.2086519185325362,0.18376030553145592,0.0977979026345787,0.0918729820300444,0.07046998482924592
2.6128986062058386e-05,0.09028406560903895,0.001849374082986682,0.1468193648209237,0.019439883210582914,0.2184633958817054,0.16233403663373122,0.12195275451470731,0.23883099626026172
0.07685402345642628,0.12255188293967202,0.1305648174479889,0.07582015386086638,0.10381579584027754,0.17514213957634792,0.11370234710049654,0.10162560496377039,0.09992323481415415
0.18671761360213945,0.10768630889780728,0.09731523485938225,0.0878385483786787,0.0899141797602696,0.11036885501427601,0.1288827090293374,0.08471238469318156,0.10656416576492778
0.08450678096279118,0.12034627168844923,0.006060636516918737,0.08497414926072884,0.30188192953084975,0.06441929700478015,0.09097353615815378,0.08322727856627436,0.16361012031105387
0.03913705780934073,0.1148337368412936,0.05813891558992657,0.14620017894115053,0.12461629728181493,0.07371591491888195,0.13127438121783433,0.15621902313900995,0.15586449426074744
0.06422752767787854,0.1293855095850133,0.1373780446912918,0.09450736366579848,0.11495916528478178,0.10238005621184422,0.11519071956091186,0.12118937278511098,0.12078224053736913
0.10760666811390811,0.11719349127379013,0.10136815368903147,0.12018956629695277,0.09353707312401321,0.07882360702611085,0.12721586997281564,0.11053788823753996,0.14352768226583787
0.1962700166865198,0.11627087715580925,0.032974556238489265,0.0974404241381377,0.12286187282276916,0.1052346556058374,0.09932566959245755,0.10454823292224796,0.1250736948377319
0.03531433911346445,0.1401617525259925,0.042879478513780954,0.11209208052504142,0.04686603365432612,0.15329011328515418,0.13984116449063796,0.15056393960369713,0.17899109828790524
0.12773768867591376,0.11051684338288369,0.04587903231233829,0.1479056594180741,0.13233819547361253,0.05289633797791976,0.08737875961584395,0.13123899320027563,0.16410848994313834
0.11862905274737633,0.11940584354910495,0.062349479238706616,0.076289800658761,0.23268876373496053,0.09833346052878444,0.10044111177572967,0.08996870268543782,0.10189378508113865
0.05383461941173706,0.12052568029079579,0.062282204387578255,0.087526805062226,0.23577943023245154,0.12588465164153315,0.11179584205957839,0.10329477955316713,0.09907598736093264
0.12615742921563153,0.10298053465252187,0.03692642461492749,0.09415582203074092,0.19284668077508893,0.2108554750093001,0.1046456687979247,0.07138202006116563,0.060049944842698794
0.10961296996250879,0.13741414367344645,0.07492222346337521,0.08647129474933106,0.1720787821232931,0.10340755831513827,0.10575348516021237,0.09492854905499937,0.11541099349769542
0.09225376424125993,0.12818077134093087,0.09455013327609674,0.09662716693666977,0.14637847749133195,0.09663167593809961,0.08956976088097736,0.12278849261900858,0.13301975727562518
0.047511990624486806,0.1080525196991828,0.20010395534099298,0.10430007116274938,0.040953979562952915,0.10337680682925514,0.131681422464761,0.13842692805032525,0.12559232626529362
0.16416509716881686,0.12331296337714164,0.07505746966141229,0.07674207213027502,0.15937618134159312,0.08867901671045537,0.0952810668280979,0.09324381419386873,0.12414231858833912
0.03255466422946546,0.1262326322200071,0.09929482843343089,0.09937272756213329,0.1759042492607926,0.12257082235542886,0.13672962751388976,0.09829248698109806,0.10904796144375388
0.19876366883523897,0.09560065761592333,0.07818990939575254,0.0906579464231832,0.12113713356002181,0.12204243408736071,0.10687290750070429,0.1014419600942154,0.08529338248759978
0.10907649106422516,0.13917844378087915,0.04954569104352358,0.09510838134437864,0.19817613755258445,0.060362353623493535,0.09753196870735943,0.08297780636944392,0.1680427265141122
0.11002174992295212,0.10273488242033414,0.12868933883197456,0.11219472358543177,0.05020590898330233,0.16648570143409358,0.1541252514856703,0.07415189291714956,0.1013905504190916
6.042661827968203e-07,0.0886837038453737,0.006064929626011885,0.09642708691344254,0.0037284955956801377,0.22030573732289158,0.2119372729988487,0.09774371963494782,0.2751084497966208
0.21811800725941588,0.09295395482364,0.10508764410681759,0.10034256007556512,0.07720689606320717,0.10481258671606473,0.10912703265545198,0.10366683320434524,0.08868448509549232
0.16989843399822327,0.10046161364789856,0.06267936440840821,0.06258437549028728,0.18699433922719033,0.11953635307555627,0.09995430978751058,0.10051074193844585,0.09738046842647978
0.01553276739103967,0.0965010934466385,0.08724250488475276,0.20149859398816708,0.07951943113572037,0.12674603129175058,0.09780236229477496,0.1837816801762365,0.11137553539091971
0.01703843898091856,0.11306188595724669,0.1332516027306319,0.1237966704803609,0.14072393251324875,0.1456876237106967,0.10476324735156135,0.1366097655768568,0.08506683269847837
0.022885265082294135,0.12130824385939447,0.10059683855620301,0.10297157758018383,0.1642753061595071,0.14918956215551335,0.12480965537757159,0.10073445919253171,0.11322909203680076
0.07788992728358389,0.13333414196679286,0.052717730101647466,0.0736724662592773,0.22753192719937612,0.13315856824378686,0.09684753803267322,0.08838042290013898,0.11646727801272334
0.14058595010871536,0.10860416632087828,0.09077789444262839,0.11345208420571729,0.1435045161101031,0.1019179121036356,0.09049788420792881,0.11734688844941814,0.09331270405097508
0.10105894056599674,0.14340990861340522,0.04489675810699697,0.12041577656768321,0.14957485228033254,0.074892738888938,0.1076516101723684,0.101272120801407,0.15682729400287196
0.10404159761831407,0.1290374768786209,0.029766262072698918,0.09977712845135418,0.12091074672545699,0.09936803574707952,0.10636218396903117,0.13600127932891234,0.1747352892085318
0.034759493193481074,0.1218577162596064,0.10816312783384664,0.11887389796731584,0.09597127317823285,0.14483112495748174,0.11763439136031589,0.1329122866632794,0.12499668858644013
0.06231354762505247,0.12685843993017162,0.07222385824264076,0.11664882770698948,0.1502551420390731,0.10461896096353919,0.09976948784471966,0.1374995903956548,0.12981214525215895
0.09538912194080483,0.12050317469677448,0.035420553996200296,0.11141202994156,0.18511702419250353,0.1362572243741267,0.1013405429443086,0.11053224905317992,0.10402807886054159
0.13240041611902467,0.13361965041341287,0.08955407353591872,0.10020195528275533,0.11765036028050341,0.09266652573382166,0.13349201188805626,0.07410557459578652,0.12630943215072057
0.14934023173879238,0.12912114072561803,0.03954290054546115,0.10197457980450246,0.11476304375985784,0.0661437542087042,0.10128994310918153,0.12214921155671103,0.1756751945511714
0.057366770657965686,0.1169951004986383,0.1332670105858184,0.09196078397911685,0.1721177263802015,0.11839079795705036,0.11135651945188478,0.10868237999096657,0.08986291049835753
0.03694459678619599,0.1004851777103851,0.1202158268643954,0.11497396080362365,0.0644572529279069,0.20404905621232175,0.11216813911697453,0.14127448159269956,0.10543150798549715
0.1728793280886037,0.09943917390716432,0.08942888822565563,0.09739781780462214,0.12730605503835443,0.12521847344859346,0.10642988087566457,0.0968196081562024,0.0850807744551394
0.07668870859202172,0.1321514613655924,0.10488271847128917,0.09625576867774081,0.12660066164007774,0.11037018969804878,0.10431662467261378,0.11965038970235575,0.12908347718025998
0.06107244134844599,0.10318411377642622,0.15358064477466626,0.08070523424835714,0.1832889974717664,0.12973905364449506,0.12807368385176568,0.08694518812967227,0.0734106427544049
0.018182537457134103,0.11082201690174591,0.1914071962187965,0.14746257698061285,0.06890954817294775,0.07507154406292872,0.09939653736098795,0.15206177628651388,0.13668626655833233
0.1376039099224511,0.09127445353866663,0.13092208880310444,0.1739763235668473,0.03209170658658391,0.12925696740059486,0.13583640248760862,0.08397044531957608,0.08506770237456703
0.09331283907728884,0.11552404954695576,0.1689922839191261,0.10397377430505834,0.10989787683645791,0.0944019983914352,0.08920654274855237,0.12440355826673948,0.10028707690838602
0.11871703873249796,0.10908304382442531,0.1315158094798884,0.09158900793559588,0.09697240127740675,0.09601375207814415,0.11962996256896057,0.12022385823257405,0.11625512587050686
0.061028879101884294,0.11899504103208706,0.0575903875221155,0.11900676815262612,0.21417048132231506,0.07229648505116838,0.09583608819542572,0.13205129515677475,0.12902457446560303
0.3445450087854982,0.09699276583462861,0.05102402192353663,0.07240244926308903,0.10130380937998014,0.07282901611833188,0.09585298421741502,0.062075211685953126,0.10297473279156738
0.042541107774109,0.10326244428566017,0.13151757635684821,0.07024330697569162,0.1186827386421906,0.21804965021552247,0.1259258874006431,0.11340585428826144,0.07637143406107343
0.07733436164200248,0.10611617317993338,0.14477742679451683,0.06289741025678623,0.15898141526088863,0.1819990499281301,0.1189348657809244,0.07663655753719661,0.07232273961962121
0.027166771829829735,0.13348003480982706,0.041776854439441034,0.0893000788992968,0.26565892909285027,0.1029523904534057,0.1117509644069299,0.09592955555689835,0.13198442051152112
0.19496382254558167,0.10275661102190929,0.14233987116826177,0.07396759867646394,0.07601438476165144,0.10484449602655523,0.09721335586251424,0.10683229211282048,0.10106756782424185
0.14904622142079163,0.10544723889865783,0.08606871794547089,0.09330047024187989,0.10946974877466603,0.14816191819002708,0.15010419800087263,0.07193694876334185,0.08646453776429218
0.03837875344207819,0.1329900597626963,0.0876805117677854,0.1060834745847506,0.1354572388610667,0.1263654351127666,0.11708372184664366,0.12957944028110926,0.1263813643411033
0.04933973405609037,0.11276695086261217,0.10133820151403027,0.13076123761738698,0.075659718934304,0.1602678891380593,0.14930370870616816,0.09572346578337838,0.1248390933879704
0.09542316148322764,0.1194155916992895,0.10447077248262678,0.13101736826324226,0.10767076002869247,0.07675786145500339,0.12563215945197626,0.10160514394228942,0.1380071811936523
0.0548062234321384,0.13972385220897474,0.111675394921673,0.11809342435293409,0.16458576867095537,0.08924446437966989,0.10744570859040199,0.10773355022696367,0.10669161321628878
0.04705574382385785,0.12521743176326208,0.03757473513833319,0.09510886745328882,0.2323388811535471,0.1369378603347436,0.1170323434755859,0.10677752212608899,0.10195661473129253
0.04142300052544549,0.10869382166881632,0.050950708677227674,0.11427021813485921,0.13964212747435964,0.18036617712075745,0.14576981999371,0.12161007037769399,0.0972740560271303
0.07749892190638846,0.14598649065325017,0.10713566999886248,0.09828599176480786,0.10675847192761494,0.08958201347763022,0.11391231683497195,0.11086469427815564,0.1499754291583182
0.07977028189417923,0.1280678725090406,0.07318983674456066,0.13353942853279585,0.12633612362440688,0.0909276084244478,0.11835741479461276,0.1112628879068162,0.13854854556914006
0.17464982406057394,0.10069977505414307,0.05095902835987693,0.07932192320536678,0.1847764947307555,0.08886633056328759,0.09763122544297971,0.11365180263761636,0.10944359594540014
0.05126537734684459,0.12040032935649499,0.0997327230712033,0.1067870233059605,0.13042200864607542,0.1425685869018873,0.10571209746279957,0.12815121664003967,0.11496063726869465
0.10798613617902764,0.11302863226961919,0.08349016507323853,0.08382474785294698,0.059353838031369476,0.20956943657698016,0.14248316188183033,0.09831852011818658,0.101945362016801
0.12788584395241437,0.1281022596507755,0.12316184814080373,0.09826985477658927,0.13766359331906253,0.08546751094945065,0.10073073856907451,0.09100466931636653,0.10771368132546294
0.2976461612771631,0.09519056115503878,0.037588382044106174,0.10000859762040104,0.15221438679392366,0.09988523935093141,0.08515003222637026,0.06143107307460962,0.07088556645745585
0.017337376214622155,0.0944303041532601,0.1865088667569789,0.09203318276903431,0.06844051240606859,0.2832577838931582,0.12174566546007722,0.09010731853018267,0.04613898981661776
0.11023837551527634,0.11601387684200011,0.06359584240577239,0.09523130064170075,0.26368339997817053,0.09216219431943008,0.0827060618054073,0.0916244612178204,0.08474448727442223
0.07627490320175499,0.1396150850084739,0.08701719075466906,0.09045600202457414,0.114140399171534,0.11113757937691666,0.1133643217823153,0.11405407857209209,0.15394044010766983
0.0778022472575257,0.12358469870711052,0.07311022398619275,0.14601937233034126,0.08921641080834943,0.09278660532791883,0.1098298012810492,0.13737112870009657,0.1502795116014158
0.2806636729276974,0.10061596481149682,0.021039894764324232,0.08758708402154063,0.19124140275530013,0.052799106448472945,0.07663356373983556,0.07087275500706902,0.11854655552426317
0.1968811512459168,0.09245080641444207,0.0690272401558556,0.152840825434057,0.04644917261467655,0.14981191109262412,0.12082092053034343,0.08220554997118623,0.08951242254089815
0.03703452956206431,0.11415448791893651,0.010320967358165357,0.12007186380045827,0.25804719891046995,0.07692779310816932,0.08919507886136667,0.12817428565861066,0.1660737948217589
0.1039465794102772,0.10341268619429862,0.14424372355747075,0.06876959888409659,0.12666992824853124,0.16248066494097116,0.1003861313048433,0.10897005570331608,0.08112063175619509
0.14187619055827316,0.09542670131776441,0.03657307259352375,0.22143163589369919,0.0976205682424523,0.05928387335811536,0.10985821111991867,0.10300310282532336,0.1349266440909298
0.16108528288138743,0.10028947702845172,0.048955109972477706,0.10777313683807561,0.18375741098972467,0.10744115175884326,0.11315617904124768,0.0906198245739601,0.08692242691583187
0.0903873446095342,0.10531642067184299,0.15564667135248245,0.09969015245886194,0.07771971911825859,0.1358178339475474,0.1375638103216186,0.10134619838174726,0.09651184913810656
0.19501464598872634,0.09306346721135204,0.13452594228646536,0.09351343682434861,0.06515838693751658,0.1432743409144777,0.1006835241440424,0.10522275469547433,0.0695435009975967
0.025260585221741506,0.11738895960164951,0.03386107861306653,0.1112543207188837,0.3568118379444161,0.08283222416241286,0.0819768051060395,0.09180556437194681,0.09880862425984349
0.13998515928281882,0.1156608619235604,0.13384671434790021,0.07881313766441217,0.11974783156545848,0.10678731468091801,0.09708827650720442,0.10770779536327339,0.10036290866445409
0.09956549401351472,0.1204025437585184,0.04616088653381804,0.09171109653775979,0.1563398891979205,0.11610908661084407,0.09914015827494559,0.13132364923924164,0.13924719583343728
0.043031499026730084,0.09550180040441712,0.15623313972791855,0.1039060303204732,0.08369397524699958,0.23364746681175683,0.09019185930913658,0.12770521530640525,0.06608901384616285
0.019367590745550778,0.09818609351922021,0.09250334404615068,0.13111943987114952,0.06308451268388245,0.20067156676899525,0.11873822776244108,0.16940555054225012,0.10692367406035992
0.049797216226920286,0.11485087774836945,0.017037806469113504,0.08284564187541049,0.4285093910977058,0.07098852304090882,0.07571303243015672,0.061270168538336,0.09898734257307888
0.09580618908710718,0.13839214302210245,0.04390136902718783,0.10797086367186354,0.13762808207435082,0.06987198738308177,0.10980650393186982,0.10209652507731277,0.19452633672512376
0.09292427159823437,0.1265878089215041,0.12111758929186454,0.09802219246014687,0.07106580401649908,0.11788568888796204,0.1137215097261614,0.1305803001871935,0.12809483491043408
0.0834037842213694,0.12086207763044897,0.1133081804997752,0.10269280776974359,0.15419031030394167,0.09172726845129497,0.0949466371549615,0.1332582437072807,0.10561069026118397
0.11724858483388724,0.11004902287100572,0.12356297955927985,0.09279243291292244,0.17917763198080494,0.08475116216908833,0.09258475582938037,0.10962509108667727,0.09020833875695379
0.15072260016165456,0.10811354316749222,0.10519406453785214,0.1275434932629785,0.08696036807506753,0.09736365326138725,0.10274386541274146,0.12273344357772048,0.09862496854310582
