0.04911132837926258,0.06524689618377333,0.15012601649507365,0.09079599117757946,0.11942979390502972,0.10565749696887898,0.0672701283885727,0.18182271281146156,0.17053963569036804
0.0596626324842078,0.17369457576325206,0.13006294340651534,0.1142943692996116,0.08880602649371727,0.12668786530485684,0.028441296222761692,0.12688360826624442,0.15146668275883304
0.09389046659900428,0.15652717709534933,0.1177710405800178,0.12365992103487673,0.06972513542413578,0.12955801760470095,0.1613749779961996,0.103160657174932,0.0443326064907836
0.10720140869371819,0.10713978823655879,0.08236758971950232,0.10694221845718284,0.06950467010996406,0.10790064532111564,0.13713047737653306,0.2013869061826031,0.08042629590282198
0.08219541744844718,0.1610801772452307,0.14082881566433147,0.10455317618285609,0.11915383528854802,0.08469122001139238,0.030221163746238202,0.24301388261213908,0.034262311800816896
0.042253272771221484,0.13028738129461126,0.14247894271976783,0.10727578719703358,0.07919112296887536,0.10516227875054783,0.043343740827712196,0.2700702241580236,0.07993724931220686
0.1934563291599647,0.12636954156099547,0.11453052319327711,0.11094992452782236,0.06446275897832553,0.1103050191046981,0.12178215166720735,0.06267782325088193,0.0954659285568275
0.11991747338837434,0.09858686503172549,0.11724596343359807,0.1122121431848236,0.0990758208873251,0.11521581207190834,0.23855984071342498,0.036209258120678524,0.06297682316814153
0.075095713583389,0.09518449308738021,0.22107935920491198,0.1186094150394761,0.10302561026757366,0.12321451963807528,0.10415088316156322,0.088916544839701,0.07072346117792955
0.08045717195559239,0.17365147569072348,0.13725466495936933,0.09916510555393292,0.05054985808157534,0.11102406396945556,0.03835094495539806,0.20689938890815593,0.10264732592579706
0.11684630383477668,0.1075954573708345,0.07845121301873392,0.12349154158392883,0.18453903130173752,0.11587638690735334,0.19901365601976226,0.03544515796941272,0.03874125199346022
0.14907606438699542,0.13669502769335556,0.06992556550937797,0.10325542461798666,0.050497702598603846,0.11249434141320813,0.1153469689640419,0.1740524620174028,0.08865644279902772
0.054790574715184226,0.08221974155017664,0.14061074738854817,0.09438027553280799,0.09430480909978668,0.10335531329910652,0.29290918362556323,0.058440578363950724,0.07898877642487583
0.1125763471589573,0.17071098553821715,0.24110359873243645,0.1092868527301173,0.07240519770294483,0.1042521732086566,0.053283770095548945,0.0737573872471606,0.0626236875859608
0.058796306699679175,0.1555029971887297,0.24172794319641022,0.09381277049461716,0.041888256300454646,0.10369536521446422,0.03597713649698891,0.09432671557550698,0.17427250883314896
0.04958420574395749,0.09669759284461178,0.09653883204457146,0.1304343678468368,0.10811211609854543,0.11287494592144631,0.13041611461313196,0.17244015926173303,0.10290166562516583
0.19493460572961838,0.11682263026711505,0.09588939507140039,0.10089898870976606,0.08029003302537695,0.1153116798820535,0.07314837160794661,0.2050320221803723,0.01767227352635074
0.07708137689430487,0.13294859770358078,0.09935514723341943,0.09253600728039975,0.09283676489583927,0.11273863993901627,0.03058113193448424,0.05401289730221263,0.3079094368167427
0.12567734526586746,0.14420969174900253,0.06445433991387961,0.10259060656907411,0.12358972398792784,0.107588108908121,0.08557749104878502,0.1256725985287793,0.1206400940285632
0.10067684394796061,0.10836022165728297,0.18091944408722802,0.12461308343651518,0.09972713912921305,0.11484343517252683,0.14607777835266866,0.06548956050156401,0.059292493715040695
0.054136135938831154,0.12002100686338828,0.20227094263525922,0.10599608725503244,0.08233293665248949,0.10785544035724125,0.04679279037915779,0.08716509322888331,0.193429566689717
0.13188024748114655,0.09266594655447276,0.09070357913072684,0.08708115044394195,0.14182780319316773,0.10316695146492989,0.04755130289512904,0.047609236917474686,0.2575137819190105
0.07163247487725051,0.13753345183596924,0.17711423436831544,0.11249186260273893,0.08487234837846808,0.11610465568298628,0.05799215726991408,0.14534437807694364,0.09691443690741373
0.09099422408379837,0.11057758635506071,0.1903509539589975,0.11753362047940175,0.1668867531300274,0.11799962554951145,0.08007268293374437,0.04223648074311508,0.08334807276634337
0.16890216119668766,0.13480857915535663,0.07949836884880276,0.12078833055007747,0.15889381897647598,0.12980614105554525,0.06388223733606342,0.0464355877486127,0.09698477513237813
0.09100833363159659,0.10318522635423143,0.0844340628147328,0.11719638937853645,0.10982532910981442,0.13483046302115095,0.09835869720557683,0.08417833349584941,0.1769831649885112
0.12332584675974871,0.10185643651248612,0.16185541623202568,0.1073089761682103,0.08490659835520163,0.10091902443497759,0.05299832554618228,0.17654625872265772,0.09028311726850997
0.10165981813566381,0.17420532413653922,0.18257318672350095,0.10597047044866571,0.07744423179931648,0.12034389835896746,0.045601011822587835,0.14007175100212246,0.05213030757263607
0.1916560770043829,0.1487319939768705,0.1574269484964744,0.10198035253179559,0.047664788744947846,0.11011328604595533,0.048080311083877926,0.1363880758252635,0.057958166290432066
0.09284399147768552,0.1280065483632448,0.30557392813851947,0.11326291076491118,0.08061816036290943,0.10580588784048235,0.06041716391134749,0.08907665961059151,0.024394749530308357
0.11077044179305358,0.11223630987173899,0.07605625895908387,0.09697161346027834,0.16561332991822988,0.12044008551709723,0.07225804010058212,0.098711640973927,0.1469422794060089
0.06357511209609717,0.1106491411986091,0.15957427154924608,0.11041648539609254,0.1085694445082862,0.10574108158282164,0.1774261643352577,0.017439613576618374,0.14660868575697117
0.13557323758610065,0.09168330507309956,0.06405823434866786,0.09460365661734854,0.11396286872179025,0.11864434728204372,0.12847407086557225,0.12018837196041936,0.13281190754495784
0.051835588510506764,0.0662473207676627,0.16559222774120555,0.1153817430368898,0.0908896603775904,0.09286181231355668,0.11183930816281619,0.20201354108373826,0.10333879800603372
0.13471909183702868,0.10004991537102857,0.09042793118099336,0.1052655968440443,0.17517903062232668,0.11355860883215983,0.14527456451647003,0.08403681665895502,0.05148844413699353
0.1728836286050273,0.16804527099088298,0.10102212805260853,0.10544883481661327,0.09662047805042455,0.11731060816961912,0.038291720283548124,0.18546273478687977,0.014914596244396275
0.09332937097313514,0.14716241715283354,0.09204300847923451,0.12292547922825235,0.061768974328596064,0.10667307357529372,0.07423163163889966,0.25595290937004916,0.045913135253705877
0.12345512659417217,0.09612743255237793,0.10456395240148482,0.10529047206895316,0.19025041193273873,0.09434321113028317,0.02957125088823531,0.17705600889542597,0.07934213353632884
0.09336178825962947,0.06837472551039146,0.08598439006658475,0.09418332751526821,0.16601947334637987,0.11051330603509342,0.17785236757940268,0.1037327834459596,0.09997783824129058
0.1343389718242776,0.15369670570661195,0.12319966969961528,0.10528577409308933,0.07099597146392843,0.14202720531742782,0.10980125618773201,0.1074897074029429,0.05316473830437468
0.16118189018588513,0.13443020801255265,0.23372155684992846,0.10542832930133418,0.09473668847853663,0.11707290862343737,0.0911218957521761,0.03540376877723672,0.02690275401891289
0.0726764895116178,0.13877343525926547,0.06152975542054697,0.12078091606065587,0.09762857519483335,0.12194655803632463,0.15065784505657467,0.12369791710183857,0.1123085083583426
0.0635298852890347,0.19084076220934287,0.1208236729212498,0.1122184318512331,0.07124965915857628,0.1075508361635385,0.045201619426480745,0.15349190099543528,0.13509323198510872
0.09371501722844955,0.10109480787954554,0.14108748799806592,0.11618690885801891,0.07050878950563795,0.11070568807219923,0.15443615532449903,0.10542473383735097,0.10684041129623278
0.08534100198522765,0.1283804327752663,0.07573417757899768,0.09750049789482795,0.1154968136167045,0.10946304300093711,0.09476305433151787,0.05572387959498345,0.23759709922153752
0.12636430224193937,0.1297292292283627,0.11534733481164694,0.12221643707352332,0.14146371686161888,0.12018312137518766,0.16925379355784245,0.05608120500543704,0.019360859844441657
0.05413414110946332,0.11005259335703893,0.17653208703575007,0.09403865413367359,0.11758153322100756,0.11293993901083436,0.06674997802320175,0.10379548183393517,0.16417559227509523
0.10141540120695698,0.14710909706510286,0.14064236120556045,0.11489360149736196,0.12668373213687087,0.1235885632862469,0.04602228642005448,0.15297598640406013,0.04666897077778546
0.10603387518291407,0.1835297213588045,0.1431014780176272,0.11316305767764945,0.12736475184302457,0.10661379265353953,0.08316493644174305,0.07665892900869582,0.060369457816001705
0.06428922648220843,0.10675249215661464,0.13738734640765893,0.0929166390955728,0.09871288419823804,0.10917246391681452,0.06259556354179853,0.17182082782315136,0.15635255637794276
0.06602526206181508,0.11078393641811128,0.19062025961961063,0.11163476654271598,0.2387747579387333,0.11390892037826299,0.06948176366259297,0.027799209849936734,0.07097112352822106
0.16394498897773657,0.1351769207176368,0.1201194650763517,0.11818387359247222,0.11743440586559412,0.13254072977051465,0.07048068013257115,0.1081823321296574,0.0339366037374654
0.057487543585183654,0.11588317528909586,0.24327120685369338,0.09023590053278985,0.11190787864653713,0.1103817365732529,0.08349121389727245,0.12570521860110426,0.0616361260210705
0.07083852333283057,0.10284485000540507,0.10373556293278792,0.13112355807154982,0.14292653258954377,0.11100253585177239,0.20358103825431373,0.028547085870344064,0.10540031309145265
0.06763550376734671,0.16671279897355504,0.12049311096800257,0.11634142473574362,0.06277404826978349,0.10765790916816421,0.09202155890588205,0.2098194142777967,0.05654423093372559
0.051063477801236275,0.0832119241801185,0.10654230535976165,0.09152941830073519,0.0767441707069443,0.10638036198721734,0.236553270524802,0.1026575811189835,0.14531749002020133
0.22532420892233151,0.1564418504693387,0.06118913243644205,0.12217163184450186,0.09994305458960777,0.11361844665458772,0.12881728529885572,0.02706050773530376,0.06543388204903085
0.09641509920053522,0.1790130475367593,0.08266613383404248,0.12436025296054658,0.19733533549156046,0.1239383962030584,0.07228447667700466,0.0734841084192661,0.05050314967722671
0.06600287065364524,0.17392101825556075,0.09473536770792602,0.11338939565639343,0.07442398484065292,0.1339160059743271,0.04743616497917993,0.1804440752265132,0.11573111670580138
0.10451726635863529,0.1285935792928977,0.13806498679358833,0.11043902634168608,0.24895366304268526,0.11731328318021701,0.07889215436879626,0.031959020700858376,0.04126701992063575
0.20961425400823766,0.1043839520911121,0.0693222856853888,0.1081900747989016,0.11932859774519233,0.12776107660587935,0.08739819214508023,0.08413236719358182,0.08986919972662609
0.09977662457866128,0.11958767921416226,0.11231378103848026,0.12273642733033367,0.22727566225170745,0.12295979850867228,0.08092843558493704,0.02405634693569254,0.09036524455735322
0.10639423911390843,0.11626382215409677,0.10917739937546438,0.13720544683689362,0.07860272082278828,0.1318720469000488,0.11400336567809131,0.14983921634611527,0.05664174277259323
0.1134993162661768,0.1180227399959377,0.1009980127054891,0.13188296095683646,0.21193915706200572,0.11513734618096431,0.10331682121202855,0.06415930653512981,0.041044339085431446
0.056191141507279864,0.09120751619995116,0.14724289851842073,0.0960203035187069,0.08670403765184387,0.11525804738935486,0.11589084772079473,0.1785900557160196,0.11289515177762836
0.06681158958720694,0.1363578173762363,0.15647899038015056,0.12241285036544182,0.13706708280991736,0.12272473483033698,0.06467780008680492,0.05936436270264641,0.13410477186125871
0.16241472411610555,0.1460752690975867,0.09823000004165096,0.11348279292471432,0.10328697938440873,0.11636945037765845,0.07080687047027906,0.13633214059069607,0.05300177299690012
0.11649390633927818,0.12592698310973252,0.10858132885964332,0.10722620878791,0.07384832056127695,0.10974149919936026,0.28457497898316025,0.02201527372898465,0.051591500430653865
0.1290640197425802,0.07285742216450476,0.1101169695566679,0.09318719129698545,0.08224653716518886,0.091694271328932,0.03427105662843554,0.23660641312837805,0.14995611898832717
0.07327465489454232,0.0929326077395627,0.16665971429702833,0.07994820258118591,0.05368471897088541,0.09764515480196036,0.02738163087765275,0.3268227998137567,0.08165051602342549
0.10572158469798403,0.15261940318166556,0.06522221284569037,0.10501407621930935,0.07430572709218736,0.12951296365938267,0.06681189860104723,0.22944317548047788,0.07134895822225558
0.1125630517748711,0.09851140129073088,0.12898129841573427,0.13849215162269246,0.11533538441662532,0.13357256959738648,0.15005702526870937,0.057071804992916884,0.06541531262033316
0.08507274181420892,0.1698451407301316,0.1570857959464941,0.1193276395129696,0.07980437722791033,0.10331948933444723,0.05190804540107644,0.11269433515043642,0.12094243488232542
0.07393712153509065,0.08313296520572043,0.1262134142503027,0.09504638176899056,0.08590372957186186,0.09529037437992437,0.03948245007519816,0.21671156417462822,0.184281999038283
0.11707447795856518,0.10320739320114151,0.1098784587892442,0.10094957857436138,0.1055049953999495,0.12097551234732652,0.14097657671552608,0.038853452361482355,0.16257955465240329
0.0975563062740697,0.10656842947097367,0.13982065989900763,0.09482801010655041,0.09472429985653895,0.11078239825349719,0.047292924578548085,0.2390361742356408,0.06939079732517352
0.08491392199022642,0.15707722262998705,0.10031815155186864,0.10442207541146474,0.10308338668648558,0.10824960896079616,0.07191517396075998,0.18968587836249481,0.08033458044591664
0.057104398355561414,0.14716983327353028,0.11625747299792659,0.11976349911030655,0.10007663944992333,0.119159477510337,0.14890624632806096,0.08357571692357052,0.10798671605078336
0.10890187219231684,0.11434758075394909,0.12779811057522936,0.11542467258399641,0.10491178979473388,0.10800122887654946,0.06725970698852339,0.09144270741085553,0.161912330823846
0.12234386918169275,0.10452810786280292,0.07422548343618914,0.14499077077991737,0.13770335631821137,0.13445200753110118,0.12910380100338462,0.08797483791394829,0.06467776597275242
0.11881997689686308,0.11745398187424477,0.04642863550882934,0.10557089507898565,0.06996332075688416,0.11238543158836883,0.16205188244284877,0.15321239403996134,0.11411348181301395
0.09545810421997684,0.0661820444515506,0.07130647551128678,0.08926924654037655,0.1165992534090949,0.10956242765281671,0.067376778877849,0.2610561905254713,0.12318947881157734
0.12267462513062184,0.10182249361897122,0.07945712611747781,0.11156596091597647,0.12921387031476675,0.1126109588331004,0.0350599250869722,0.2681740804585004,0.039420959523612936
0.08790002564224757,0.0764281603254785,0.09112136866455016,0.10613133260430435,0.12546788988187743,0.10237176343234056,0.16745372284759785,0.14276379686496385,0.10036193973663983
0.09007032090869227,0.13663927513578084,0.04428939986875401,0.12979989284182822,0.11616511372239419,0.11636339325555922,0.1844556736729681,0.10517958066605337,0.0770373499279698
0.08370361711227142,0.11895328196105981,0.07828738133745856,0.10863095919104687,0.12577145017940197,0.13341162816122118,0.07767903129621956,0.11533810917755383,0.15822454158376678
0.12784647143689595,0.09721498676356315,0.06614955725682108,0.10588012864253461,0.17994067304252445,0.1098344753091306,0.12896914757228822,0.03534142467737932,0.1488231352988625
0.20982271523713047,0.22255907965383123,0.1348039691658986,0.1145888333752001,0.08462546738885346,0.09717294931937943,0.035655118918328434,0.07238100182546191,0.028390865115916247
0.10037557268259234,0.11828994844671475,0.13763675969714542,0.10401126954780936,0.05474862708904449,0.10975685930625355,0.08035563682934928,0.1800131799220035,0.11481214647908732
0.09865273012143716,0.12919298906744833,0.12556532573572005,0.11578769811014783,0.11213045344465604,0.13118446023086783,0.10594584923279925,0.05433812853613193,0.1272023655207916
0.07597129299843587,0.10500684418510305,0.10560734443792237,0.10702593847313373,0.14688488920519846,0.12201834410366437,0.0778203246749191,0.17328165324917158,0.08638336867245146
0.09844798575056764,0.11179665614811456,0.1297567093525864,0.10921857870686891,0.13111599249707803,0.11902107481518852,0.14842847483490668,0.08774064769819989,0.0644738801964893
0.1672412364114285,0.1072637708375797,0.052192130312631535,0.10535365883152131,0.17320018392826356,0.10261602989405601,0.057872869314359136,0.015103672562744237,0.21915644790741615
0.09342146606776132,0.12833695179765167,0.16897168310011343,0.11631216033528903,0.12128200687402692,0.13424740647091235,0.16968952428453818,0.01800358829113874,0.0497352127785684
0.08667199057366763,0.08318367112548462,0.22326739158192777,0.10352363233054118,0.06281170287375448,0.10933827333691852,0.08168189709053374,0.1721890278422363,0.07733241324493574
0.10854293399938554,0.12380348303411363,0.1716797034221551,0.10572311496964758,0.09854996757972852,0.12059190431741458,0.11596424387903308,0.10253387628224607,0.052610772516275904
0.16564570484173058,0.09836196427201811,0.1750295968737631,0.11223463515563696,0.14490418773981337,0.10626545279855294,0.09340784612724683,0.019438321570296766,0.08471229062094134
0.09701143874782704,0.08807508400343887,0.13931823423924278,0.1026212370131591,0.11282774417246111,0.10541680037517738,0.16056769382829808,0.09152817622918208,0.10263359139121349
0.21069972038844179,0.1286659821415809,0.1630680214013337,0.09378713111454444,0.05426381360082014,0.09820211337531363,0.09003114105603749,0.023766203917639974,0.13751587300428783
0.05601264358539134,0.09832368057035949,0.041015935859275036,0.11368357233017688,0.10741959104260405,0.11198088926115879,0.2484049614776671,0.08322285330431282,0.13993587256905451
0.0696608609067843,0.138805863517244,0.07909680593887301,0.12561588348345573,0.1804610861116751,0.12053984193626484,0.16543014803991066,0.04041577983871516,0.07997373022707728
0.17218537484531152,0.06851174389462604,0.08067702180848221,0.10746820869559899,0.10964736223279181,0.09665271891168169,0.05504923041572065,0.16273392798614392,0.14707441120964318
0.1951398874179748,0.10334958360175289,0.17639068880386788,0.1259293235510113,0.07845625546386938,0.11565086764143849,0.08130600363315449,0.0763592859787552,0.04741810390817569
0.12309917224133425,0.11778796107553259,0.08995151266574242,0.13407756791824374,0.11137335670190902,0.12132455045904582,0.07955343373209937,0.02801857862818431,0.19481386657790853
0.09499667317474085,0.08116456266457626,0.08760334512145267,0.11594324007644342,0.08602667158927442,0.11365065430195705,0.16453864989529707,0.0857804477821253,0.17029575539413302
0.0817003042834288,0.10917909295059197,0.13748199326071212,0.11507048464970211,0.11158592126647211,0.11408452885736235,0.10269998223918392,0.07685776261944965,0.151339929873097
0.0586779277448811,0.1244327847308175,0.12695528537665327,0.11552660310047398,0.08329387363229561,0.11440987494166642,0.07205189601965918,0.1783156015945276,0.12633615285902544
0.11691763648620652,0.15687979708183994,0.10445573801012237,0.11670676571979088,0.08512550895632058,0.11586790118274037,0.0627854403944854,0.09140129557011796,0.14985991659837591
0.0705982591996464,0.1872109647988278,0.06906660878817683,0.12453295320004676,0.106187052463152,0.12079016610409532,0.09055647326980398,0.17434987497712873,0.05670764719912225
0.13768092797919868,0.15904829994240433,0.07059191697318769,0.12013181370143973,0.08920552510789818,0.12928926974583468,0.04813384969143875,0.1053590920877545,0.14055930477084344
0.08601977716778249,0.11968115381023701,0.08999523742642712,0.118950243518828,0.08528793869695044,0.11115290871201682,0.19567645266406172,0.08405611226204934,0.10918017574164707
0.06230207698538335,0.12221327070945587,0.07355118054297967,0.10498304663228808,0.11122184781471915,0.10761708746466177,0.07647172938142399,0.03817914581055637,0.30346061465853175
0.059008714501738634,0.16754616771730446,0.2042253693824856,0.09362493291882501,0.07816633775710406,0.12211211721212127,0.05842503238568919,0.09748925514706408,0.11940207297766775
0.18127417075340946,0.13719866197785072,0.0915680385506034,0.0950866844927073,0.15531034901164428,0.12509681968659567,0.10575982666592763,0.0815155547779662,0.02718989408329529
0.0697461201003258,0.09766432821288079,0.1259566085575025,0.09681656275522481,0.09265540063471124,0.09970596693076834,0.09092357846085046,0.09342623235085085,0.23310520199688523
0.08463850687702329,0.1380507329022038,0.11334199297326679,0.09391608628506169,0.05294701110756402,0.11353563830907691,0.06476542803869141,0.3034246440449386,0.035379959462173545
0.04281042708727861,0.1274611930156184,0.1377633792519238,0.10022748388981285,0.12892929939992,0.11403676270637902,0.059696218024291925,0.06772044504993459,0.22135479157484086
0.14855772242918605,0.12624730738654977,0.10702789211434705,0.1312607957589434,0.07341123121785768,0.12036100285825035,0.08457751392340447,0.12129638243746736,0.0872601518739939
0.07060700061714659,0.089565530962876,0.11681562417591577,0.0983648346842803,0.08462453237673849,0.08952687615603706,0.12164905833751775,0.034832775412999624,0.2940137672764885
0.08361367258969388,0.11417390102305958,0.058471853452261684,0.10090642979408881,0.14050995004708414,0.10723658999676149,0.1749995716529221,0.07544118068600733,0.14464685075812098
0.0659683552526752,0.11754179068958776,0.13813267978613983,0.09597966319639029,0.1721801389830585,0.11151465605350924,0.07261425469975318,0.12504896655859105,0.101019494780295
0.04870873547971816,0.10324920093484365,0.10023426927691131,0.10248874247496698,0.11005965064407792,0.12232494782198826,0.11880359281306802,0.176589743283992,0.11754111727043358
0.09608841820374119,0.12877209266249662,0.16362840580263793,0.12659995920021408,0.08926813897850616,0.1269892098718137,0.10979431925208709,0.12405564164406972,0.03480381438443363
0.07147356104807553,0.14511878443067291,0.11871364174513183,0.11113918746754455,0.29738730627061793,0.11252404549126704,0.04734234876006118,0.05197923115170349,0.04432189363492554
0.10751134769845612,0.11095678658026949,0.13837614392313294,0.11540093146349889,0.0876374754690626,0.10643337149786929,0.10942101301722136,0.0975001750138666,0.12676275533662265
0.12977413889283795,0.11567146908144303,0.0821831398217931,0.12746729959814482,0.09330691288545001,0.11719589625442965,0.13715720823379327,0.03913612405194076,0.15810781118016734
0.1054550209387491,0.110500257457609,0.13106133109530368,0.11233857721190547,0.1459868386940606,0.11091496987938505,0.08496081756453581,0.09846892639502919,0.10031326076342206
0.1711567963895301,0.12372314913160687,0.10080699252236718,0.1161760208217082,0.08517262739383313,0.11350930837682577,0.051775512639751164,0.060735639762614174,0.17694395296176335
0.12839035468581902,0.105873082725428,0.13196846243704843,0.10400830113983867,0.10378032688064155,0.11285435349983337,0.04904249712201108,0.07773950313168634,0.1863431183776935
0.053749517254088296,0.16942617821964148,0.11933893750081075,0.1460225136120554,0.14841544377560623,0.12898087688702306,0.12759591740474222,0.03482209908418774,0.07164851626184487
0.1002815748185457,0.12537248195929074,0.06289981326819412,0.10495532900878358,0.135663114670438,0.1270590335792446,0.11200678139926179,0.15324989013177445,0.07851198116446709
0.1115436405159717,0.14195367315303084,0.10686231447200419,0.12507741284759724,0.15951846981363374,0.11787655976524385,0.05715063375769336,0.09843145652656105,0.08158583914826406
0.20702654241430105,0.12687518793338923,0.09346108219593237,0.12078145276073576,0.11873165673725306,0.12487687579535638,0.08072644673724418,0.07390757989532944,0.05361317553045858
0.12426365432986518,0.11647456785786288,0.13946525770729531,0.10616354684741162,0.08190693041209646,0.1116101731668047,0.04924328118581348,0.13204411910416677,0.13882846938868362
0.0793475860322201,0.07567656705609473,0.05190562101281281,0.08523092479261096,0.07099850886778238,0.09945693949930488,0.05412503086681782,0.23110339041983793,0.25215543145251845
0.06045483397745425,0.15527756641642584,0.17221542589181835,0.10440867096629557,0.07794774033346824,0.12532628123752432,0.07504933136853935,0.12071567751810615,0.1086044722903678
0.06824149609155701,0.09342896398814919,0.10778048210480413,0.07730660148847233,0.07071153134522219,0.08685285456399498,0.0447196482590246,0.13276300501678537,0.31819541714199023
0.0587260995676978,0.1757360866705521,0.21862120740010785,0.08949606709236842,0.06612384562030023,0.10599689176091416,0.0373203534391326,0.2071219768468909,0.04085747160203592
0.3235612154794149,0.08419944605559875,0.12439620802561902,0.09077976729368908,0.08488339905036436,0.10798040732832959,0.11673466833733925,0.028720997692979724,0.03874389073666531
0.08141308767171311,0.09079799423880723,0.09321691875086136,0.1084352381583069,0.0836923476035019,0.10137510592415744,0.04380645173423068,0.07480184209059491,0.3224610138278264
0.10424298332885044,0.10921484214082516,0.07004952069677599,0.11885676677590919,0.12612876534353543,0.10747684679873071,0.21006575201304578,0.029817703924486096,0.12414681897784126
0.1477564218579265,0.12363928419966415,0.10711328612310113,0.12788748843250078,0.11409615289063978,0.13355618923770884,0.07016165358629418,0.11276238324185849,0.06302714043030613
0.059955186671011663,0.13517723703514384,0.18259754380310486,0.09805607002742012,0.10291737857646706,0.10474423893012554,0.07730608950339092,0.06792162377049361,0.1713246316828424
0.11285791850591,0.09873938321665109,0.0493605862499368,0.11603371757873367,0.19957419896718123,0.10315740222584331,0.1553652375059769,0.09384897666279818,0.07106257908696875
0.12431516628656404,0.09691015844838292,0.1468016560918157,0.10931090028976047,0.07028639218450113,0.11429227262581254,0.07632377415140852,0.06777408836229391,0.1939855915594607
0.1648671837368325,0.11555426660788082,0.11807359878592945,0.11597064670130408,0.13969134462439461,0.1069635370456568,0.11086316930542855,0.03746328397209394,0.09055296922047924
0.2767078438834847,0.13910169586961138,0.08925050507878811,0.0978612587782665,0.0615041447723261,0.12394771102363537,0.07244340598718985,0.1073554412658639,0.031827993340834144
0.21273847714650504,0.1128105403597721,0.078302564566143,0.11701309676147618,0.04960470325384359,0.11092617966710296,0.10674406137501342,0.1330525322625776,0.07880784460756614
0.08815887525420012,0.12944479967824044,0.1181911092032996,0.10994301714913823,0.1353114601652454,0.12247342756445206,0.06008292988796029,0.13526176372288715,0.10113261737457664
0.18429148103364182,0.08655133670580739,0.09032387582738936,0.11157118869650962,0.12772114304670562,0.11758657930667399,0.07887319658389519,0.0793147833595132,0.12376641543986379
0.07014073804838626,0.18253835373225316,0.10311608310093119,0.10537689771691543,0.2133006369870797,0.13259797258360947,0.04986310095492111,0.07935796653220972,0.06370825034369403
0.10916096074380528,0.12137209438758549,0.12846809131814332,0.09389907684162722,0.07440144032378972,0.14123088783375257,0.04651729462963771,0.07502892650166565,0.20992122741999306
0.14780488729538124,0.11142389111187238,0.0827906696632162,0.12099022059851845,0.09438749814341152,0.11008468078615664,0.06743375628218058,0.05343281141881503,0.211651584700448
0.051584055682702995,0.13242733984519636,0.12420714646075669,0.10722350689931713,0.09483923707179565,0.11730178532166345,0.09600306940934639,0.23952269764080314,0.03689116166841828
0.10122518526498876,0.13950524853584503,0.08149609712314744,0.12419382864780175,0.10381559268691838,0.12643526314680362,0.12316375792078549,0.09288142574418606,0.10728360092952353
0.044168555039279,0.08560202693872698,0.17024739733590713,0.08551624504572132,0.21848640003239206,0.11242632484194137,0.0698857209594951,0.15958045291334835,0.054086876893188605
0.2013072690963393,0.09217463452279724,0.07516057440899304,0.10043754991745292,0.0603320751904971,0.10557699083001681,0.1469321263994108,0.10138282483451787,0.11669595479997497
0.12472749153709799,0.11115716215360867,0.06276592595386339,0.10909405351303376,0.1253977397584176,0.12998927225442572,0.1359424812187237,0.1376918790480287,0.06323399456280052
0.09105323078450143,0.07734630498475924,0.07293341233457308,0.1269586388692426,0.11945041519332854,0.11776315422692894,0.1616299032352748,0.09201622596146719,0.1408487144099241
0.10423366764803627,0.1003666235758915,0.16961056687639883,0.11054070707038081,0.14745997860989699,0.11023110470940967,0.18717520162787046,0.011371509597197063,0.05901064028491845
0.07594242787110489,0.10795326263915778,0.14447616038045388,0.09977344343576973,0.08420338537103123,0.11744277149282349,0.11587469371868014,0.20876212029000155,0.045571734800977225
0.09940121051984373,0.16337003299932953,0.0815661267655406,0.10483369710377559,0.053524963900078486,0.12321799947021035,0.04614895034349618,0.1972998237089727,0.13063719518875283
0.12186671624823742,0.10755649808911426,0.10117908178637076,0.11653684240982487,0.09922525090636924,0.11006464166600571,0.09686168958229817,0.2006213470332335,0.04608793227854607
0.190215312362687,0.10294233893889342,0.1288353171654494,0.10408032538831898,0.10342182873513057,0.12684293261997615,0.1340028664299553,0.06658890980931641,0.04307016855027266
0.0705999788859659,0.08456923504419,0.03715237792704504,0.11630070163104472,0.08908114694807186,0.10999009720521065,0.25879579912438166,0.07020372838076576,0.1633069348533243
0.31521381352950134,0.09254999545979127,0.14271131810445284,0.08676293683565299,0.055901470244958784,0.10406646468634362,0.05965979363497876,0.05532205529299392,0.08781215221132659
0.1846193524704566,0.095256942890891,0.07112101951422338,0.1276991494260916,0.08966501662464403,0.13046342929049803,0.1262426293586406,0.04706405875727956,0.12786840166727514
0.0939446226661315,0.08914428758164883,0.0899722111208741,0.10123583495854784,0.09895740659509883,0.12495024005896949,0.14251135042077698,0.11870180968898204,0.14058223690897045
0.11543133402812066,0.10676144263342711,0.27038102657763347,0.09780327373078922,0.15284661544354852,0.09920450952060272,0.10539581478814293,0.012713246771361585,0.03946273650637381
0.07499675742061734,0.09345229875600912,0.1489668013549126,0.09753177564406545,0.0800596803140567,0.11821056937219428,0.04556883019667916,0.24598927377892377,0.09522401316254155
0.2007490435843385,0.11865121742084606,0.12638790116312135,0.11445942257275256,0.0711714822971985,0.129737965755369,0.12729590272163432,0.0470285840561071,0.06451848042863256
0.1039476501448926,0.09043467431676895,0.07670028220454171,0.11037525244731607,0.06837222284597351,0.10889702228759772,0.15911320738033677,0.10823885205865068,0.17392083631392188
0.13812772036245258,0.14424047727425068,0.1624870692161338,0.095518973845789,0.08096956311581856,0.10614355741501807,0.05066561106879889,0.08552509772171214,0.13632192998002626
0.09298932542341289,0.11553163990138304,0.22588834984405168,0.09013732533316328,0.11346487443301662,0.11199411715128559,0.036372440858971365,0.1681179311277957,0.04550399592691984
0.06330280633222134,0.12039883981038439,0.1480273373982369,0.11263836257305514,0.1583916164518314,0.11632719349858733,0.08560347866779149,0.10034048311143567,0.09496988215645631
0.1273645602014952,0.08967045318908505,0.09138359629101693,0.10335924636450224,0.07496939048485285,0.10909001017468296,0.12367055114030483,0.043562859826137355,0.23692933232792265
0.06809460201013795,0.1542320166484132,0.10516804324189599,0.11970258223299785,0.06298374078880949,0.12806555827225533,0.033766049882762376,0.16688754689340832,0.16109986002931953
0.24426226262340234,0.08594933555373734,0.28852951251688597,0.08776098393219274,0.04317821606520297,0.08982156064195478,0.06683840600259588,0.07803929327078714,0.015620429393240884
0.10306140475727177,0.12060824173690395,0.0890648046431773,0.13856564489702508,0.15807124135470288,0.11947486525497818,0.11838789629479203,0.07811608444174083,0.07464981661940794
0.10384386666642659,0.1383612629480241,0.11882520217254322,0.09469630211882323,0.06524183530852357,0.118794608956397,0.04159654444437655,0.19835759360335706,0.12028278378152867
0.12421779987239222,0.10848726138802985,0.23124451247102848,0.10026545916727052,0.14755484664001328,0.10806001098269906,0.07822934104211292,0.07261124503476958,0.029329523401684127
0.09878556242702526,0.16962818669185262,0.08699796118858623,0.11392380367881949,0.23186891576223334,0.1251559381744413,0.0708515351760285,0.06721519681256506,0.035572900088448225
0.12183111168605527,0.11930698291945722,0.15554701294364315,0.08996691640026683,0.08967010941399832,0.12134971896872747,0.056438603298152694,0.16618369438855404,0.07970584998114498
0.07649650998895939,0.10745034384189933,0.09331990210012038,0.09746462342428151,0.11079443701940693,0.13042033939410402,0.23472625182635717,0.09995335875258816,0.04937423365228314
0.13328904138892647,0.10721617728379207,0.07954229189006794,0.12184578821668234,0.12284783196097566,0.1098587580487289,0.032561979749797666,0.13632404346902596,0.15651408799200306
0.07931606665713459,0.08185272482257305,0.1410997792334607,0.12285879854623093,0.10127730867657274,0.11034807716942413,0.11520561606913478,0.10940736527025492,0.13863426355521413
0.09067744936048901,0.09432774021427866,0.1395445385274847,0.11311479600849904,0.11323287263039201,0.12376107840696514,0.1823265270020399,0.09152525661735662,0.05148974123249489
0.06848307983610931,0.11624523563762008,0.09307537983780573,0.12264947128103353,0.10955738656917961,0.11896498614636762,0.12639637598608686,0.14994071354073304,0.0946873711650643
0.12409026537937899,0.115853921114431,0.056969054396673324,0.1244358670661669,0.14132514039020336,0.11017104541242617,0.0629588352735083,0.21335646813831632,0.05083940282889567
0.07642778093285925,0.10525021349304964,0.24211461534138645,0.08641810826647132,0.04146482992145758,0.08412605555272573,0.026607895674261806,0.0838783500583412,0.2537121507594471
0.05365792703757394,0.13087074097155219,0.10201134799446769,0.15439698679024708,0.120411747693606,0.12287511782720777,0.10074792517516867,0.05686077676590928,0.15816742974426748
0.10522354630227548,0.11901952156124374,0.08237575907254271,0.10401341422872673,0.2111024862422531,0.10242953469840592,0.08377436372928426,0.010359695678226822,0.1817016784870413
0.10469997887816407,0.10889257856362387,0.06264694334967372,0.10921944562321645,0.060792336739646964,0.08997553350684041,0.33189550815083796,0.011484385467545696,0.12039328972045092
0.14284437316695228,0.12859751914014936,0.1358179591886566,0.09838425245080995,0.07833439112350377,0.10556349664020709,0.06238051444503215,0.20286677308663636,0.04521072075805244
0.11122722124986122,0.1440711224360883,0.18074375005838691,0.11096186082143278,0.07918032642626138,0.11517706724344341,0.044911529101165276,0.07046248528928155,0.14326463737407924
0.058545060291077915,0.12653081263994995,0.07133869201046154,0.12263318758537974,0.06542662505151167,0.10494579699412622,0.2227015639414365,0.13542864143167951,0.09244962005437696
0.06605248722486924,0.10554824077667128,0.1758994281702367,0.10750293917457432,0.21881033158548976,0.1339828246277681,0.08642761785040586,0.04054767175278056,0.0652284588372042
0.0862173384488343,0.10299534718457004,0.258768169304326,0.11411888935371611,0.09093497531217644,0.1280623326655745,0.04653671690862967,0.11192487854167688,0.06044135228049604
0.050810786440368655,0.064159026223039,0.07559570624131508,0.09069480837156939,0.0806314881757491,0.10093624606379259,0.19089600598160983,0.07221909573685827,0.2740568367656981
0.11516597591929195,0.0994119695769267,0.11944333152586571,0.09228621667930777,0.0667153053351265,0.09290021813243284,0.07605843401444924,0.1606884973013115,0.1773300515152878
0.09820968928261105,0.0970098532294329,0.23581267243830503,0.09017244785461435,0.05691179087590995,0.10418197727944978,0.04960344077425936,0.17427941415559967,0.09381871410981796
0.0635936092769223,0.1308392632485938,0.09625334049588442,0.11103483843144864,0.11409509299629672,0.11264758630797217,0.09374710084027982,0.09520402369984586,0.1825851447027563
0.06489611534899084,0.09741626920837808,0.11155695813480526,0.11155359319247081,0.09924726669676957,0.0997206255819762,0.09544211712803234,0.16903438221280565,0.15113267249577123
0.19232042640224098,0.12245020972044952,0.10636018543696356,0.10188278781928756,0.15626947129238813,0.11938713054560124,0.08770963691897721,0.02599785354215191,0.0876222983219399
0.052100915384147704,0.11319661920601697,0.07740680017068162,0.1073600154903626,0.07476531138703803,0.09784194419780505,0.10438554609239363,0.19133337576551715,0.18160947230603722
0.059333637585726906,0.11748143386880949,0.14256850511384533,0.13320797886234867,0.19018860168036356,0.10666788576240464,0.142601695406014,0.05883075013494738,0.04911951158553995
0.10360341807468819,0.101206377961504,0.13327707966819866,0.09261081630369687,0.06703872120174612,0.10277676884994745,0.06677765245619165,0.18361128312933664,0.14909788235469032
0.09112940363276867,0.07971736061612446,0.039540337460201636,0.07090969564318876,0.043883314986556454,0.0870978385584652,0.04366880396725787,0.2558085750359041,0.2882446700995328
0.08714269900647442,0.08942102566906031,0.09344695594268194,0.10740242771745824,0.08526935735068107,0.09518252405101894,0.3570598926905875,0.027526311329356682,0.05754880624268082
0.22676983216889066,0.09604034721320188,0.18401660969634845,0.11144932741641857,0.06847207882560852,0.09624474299861396,0.032053516796431064,0.051763933042647654,0.13318961184183925
0.12525709632595247,0.09025312176051448,0.044918148221213754,0.09779418683499509,0.11779600658459323,0.1023579655543046,0.07499446740074144,0.2714629643985486,0.07516604291913635
