0.0756495239756743,0.11810503224307096,0.12861491131934788,0.10871241560229737,0.23799087758423557,0.0975867359012048,0.10119930936105069,0.07106958323021502,0.061071610782903386
0.1413289659883747,0.04435440806291758,0.12365680834151775,0.10820735006616423,0.08401083391898244,0.08484563047775447,0.09093242925094763,0.14506162734458697,0.17760194654875416
0.21767456093064216,0.14052400339731733,0.09043527343424355,0.1034865285898447,0.04195193733542163,0.09527279572629145,0.1042154119740435,0.13689346034526334,0.06954602826693236
0.11510761545618038,0.06455746802437622,0.08714708404183451,0.056511399013829615,0.19272682271209737,0.09847516763115198,0.07549453207421562,0.13060624188684797,0.1793736691594663
0.11692090218773055,0.13269816669228726,0.09465042215236008,0.10270346226888728,0.024516356110875177,0.15273368511648602,0.10168443070165477,0.13084269654058428,0.14324987822913463
0.06104013619781776,0.07086240729318151,0.11586639847697833,0.09558306069354039,0.22068228094920284,0.09552674355732867,0.13525147196435192,0.14659987765958585,0.05858762320801286
0.09209995538727019,0.10890459182697619,0.0774481298998614,0.08728261419233578,0.16514604791010407,0.10326617455311689,0.07977124306564719,0.10718468378355717,0.17889655938113105
0.0669301905976496,0.15784668826469808,0.06990784894487427,0.1134760392191227,0.10617847398251175,0.11154353633276391,0.15443398388154037,0.15551600970316934,0.06416722907366998
0.08810431295641984,0.0410088183513828,0.11866788070164508,0.16270861470061734,0.20511405566299026,0.08807251486075601,0.14556095431089178,0.12331828757829683,0.027444560877000052
0.10573071755415224,0.06635691025208755,0.12946187308124882,0.13863204693819545,0.07272615249678684,0.10849466927558056,0.0847141475352174,0.19695557421705492,0.09692790864967622
0.15588514688265107,0.08712889502253762,0.09377136547289688,0.09912835852578868,0.1318636471297449,0.11586300805857079,0.11341651374514265,0.11154581311140345,0.09139725205126399
0.06739073973625483,0.03865117958581598,0.09091994164398981,0.23454935878428282,0.07123866904754515,0.16668334231947526,0.10249877030259967,0.143725455102572,0.08434254347746446
0.06795280316161272,0.022920251169221584,0.08891771914931364,0.13928486046335217,0.02009912780427441,0.14454179480029794,0.18591060731515263,0.1652260749189837,0.16514676121779112
0.05195559750384537,0.07715955394608215,0.11098684975744778,0.06686127314959563,0.0536652135473514,0.11253159367498995,0.08822329337724312,0.1451167574974166,0.293499867546028
0.0585317644021515,0.13776978479028734,0.09595628117626488,0.0942946339980314,0.0838608513244411,0.13206368375151378,0.0877610340974541,0.07491759190724152,0.2348443745526144
0.09907248709219808,0.12153669879524438,0.11529026427305526,0.1010080477136562,0.104845498610966,0.17601619482434952,0.09380113836507759,0.14456759462600505,0.04386207569944794
0.08471039053121181,0.02405522059774172,0.05700279379214629,0.05545171630941461,0.04105782741188812,0.11460211370422628,0.09821669240055987,0.14588927305332303,0.37901397219948835
0.13435009331054834,0.04468846861631762,0.10726909500690855,0.06023849421857558,0.3144145653609111,0.1255566298645724,0.11589301833743532,0.056749177095581416,0.040840458189149734
0.08952817288019499,0.251113419629051,0.13407976100837615,0.1114510400576088,0.07057434509862955,0.11029556743023093,0.07750416410116605,0.032097361216036596,0.12335616857870597
0.04041156130935191,0.22105414619517239,0.10186652478338017,0.0976338775582856,0.03730908915226249,0.05263402247220091,0.1049509658801236,0.2746852718899245,0.0694545407592984
0.20460975850160426,0.018366016944106566,0.07188271618388625,0.11562901268291954,0.07063457618913815,0.1092732746009293,0.10143753055694431,0.11834591084323758,0.18982120349723397
0.13714496924091116,0.2353101551142589,0.055222978390794486,0.07053081446139216,0.11320557607664938,0.04302808642463491,0.04842181394348493,0.09403944951299724,0.2030961568348768
0.05534287585718554,0.21637152967251874,0.08645765672740387,0.13365909568359255,0.042259685109786345,0.14673360429991458,0.16267902787521155,0.1431598565801764,0.013336668194210276
0.06415207197491947,0.022073249474201546,0.13051849916039335,0.1312464784741475,0.04836421205888721,0.11564673374808289,0.09525189000281865,0.172392886475664,0.22035397863088535
0.08200191512538905,0.06146782362012005,0.14411769976671024,0.08861018740053613,0.31906454928207556,0.1214628994148822,0.12266506926542131,0.03482905490573837,0.025780801219127108
0.11208935332472897,0.1284416864964725,0.11910832829088587,0.09002819124752516,0.15556177881607722,0.09579228830351127,0.09851724013873575,0.15100160864878662,0.0494595247332767
0.09531642803231961,0.17331519157434752,0.08805032402055064,0.21037392324982804,0.10592504197580799,0.07162985814570058,0.08162668033199975,0.1499682106470794,0.02379434202236644
0.04756187807655666,0.08100780784168153,0.13489876689424557,0.12469683717265373,0.10847251461810485,0.03942861926418568,0.11569570880174457,0.2129937044505674,0.13524416288025995
0.05790738298896237,0.04326817741680842,0.1430348969429955,0.09136946429961208,0.18694147447089074,0.1298089676546496,0.1119135074213979,0.17214187168590156,0.06361425711878176
0.05859694236269206,0.0588471570098478,0.15673873575807334,0.11924721248007936,0.05187627982321594,0.09502010420291372,0.14489201134769167,0.16005022736999752,0.1547313296454886
0.1213789524908237,0.03123272254966177,0.12440134664551039,0.11094515120852855,0.14841979846829675,0.19661033051984442,0.10731248813420258,0.08273807615111062,0.07696113383202119
0.10121758574031849,0.32948776564468824,0.10055511728141231,0.07679777233559938,0.05347408564164799,0.05896859689013529,0.07061659002662422,0.10193000724609491,0.10695247919347912
0.1442580009015858,0.06065054582620442,0.06900473320622098,0.06566469028931397,0.09829696604740518,0.13755591736529374,0.06734754951672275,0.22040949435954846,0.13681210248770478
0.08018723742892318,0.03206545087044196,0.1589330763593493,0.12112085561161164,0.1029966222170275,0.1713724236316959,0.14112556721801994,0.12242344842621992,0.06977531823671068
0.1141494121323783,0.07098638561686378,0.14355922628523196,0.11135544841849436,0.09577465827584127,0.10047914271802334,0.17270380041227393,0.0686794378254387,0.12231248831545444
0.08284045736175262,0.3399250501128012,0.09601639031667554,0.11917186421795078,0.0437779140163855,0.058659218090643846,0.0868994752950953,0.12783000765853322,0.04487962293016199
0.06351029830394218,0.0781143538575083,0.19565417674029043,0.08223555190413497,0.12164946008674438,0.18339851239387386,0.0954132410787744,0.09371211101142363,0.08631229462330786
0.11009333580638463,0.08196898828707158,0.08878287148584259,0.14582554210942353,0.07092219576006699,0.14860118167003114,0.13731076140259663,0.1267956707651101,0.08969945271347272
0.09611045889215314,0.051379863797587584,0.12087802237732333,0.07507998237041803,0.10616987493886819,0.21456078245086965,0.11474727022852925,0.12327234339597702,0.09780140154827377
0.1419338953417927,0.08589208212463219,0.08232837618646134,0.17187363340402015,0.09520288328320703,0.1079216903352274,0.10953813488405377,0.17557620845537167,0.02973309598523388
0.1627316649898997,0.05800628805204208,0.07320960378285292,0.06419794189040236,0.15663607614898786,0.09676538367634376,0.06669821108275929,0.13336902199393688,0.1883858083827752
0.11076154612915867,0.1526041081534107,0.09891977536668543,0.15286508726159279,0.06076614629669464,0.09313320890619092,0.08707543561054647,0.1247454832980716,0.11912920897764889
0.09492483270449105,0.08254778891580966,0.12967432650534036,0.10311374213412942,0.16825877649785273,0.12020349062092915,0.1278045595147116,0.08134228228999839,0.09213020081673763
0.08163255352774453,0.13676585739325733,0.13337766899907713,0.15003491221235665,0.05270530898165499,0.11828693863538063,0.14084709914102492,0.150329567132233,0.03602009397727083
0.11964489696195531,0.07898447412919768,0.08391840217398322,0.14221947192111548,0.05451510624077104,0.06531095242211697,0.06433679378210395,0.10218278604518698,0.2888871163235695
0.1446623469165287,0.025388913989574702,0.07596025546899288,0.11492482720090484,0.20170749885642936,0.10476797650113838,0.09380281440211928,0.07576062126523765,0.16302474539907416
0.17814535358254868,0.09268464733898613,0.07323087189529784,0.09789890805598095,0.053230266488732046,0.07465019348478384,0.11132320419270018,0.13414758177759614,0.18468897318337418
0.09001368808704906,0.039140962973357174,0.09359073002516904,0.12618186278095347,0.19194591927428895,0.08694783176681468,0.09358823941254357,0.15999140246317062,0.11859936321665343
0.06944430101597145,0.06773109801158335,0.16089417219232152,0.12518944667725015,0.06592049115555781,0.1451011749755872,0.12634222480198057,0.17266826517696623,0.0667088259927817
0.06345319268693463,0.09277528598872703,0.13188696246504017,0.10227422288174687,0.12788571706267293,0.08755388170857431,0.11454314389137708,0.1015211621405054,0.17810643117442163
0.10710383164959529,0.19640117302809926,0.1255205490236676,0.0747761361043876,0.09229764660981361,0.11546865039459824,0.10052064581332538,0.08239034251588864,0.10552102486062433
0.05779963037029579,0.17885852831569102,0.10065871852563746,0.09243010051475588,0.0504694559207555,0.08277689967939927,0.09860530131540739,0.26970552076789406,0.06869584459016365
0.06450528166297671,0.263161771671486,0.10363913181804048,0.13227983123476275,0.04088842236240236,0.07349457478824739,0.08620446270086884,0.1485864912824393,0.0872400324787762
0.12774761890775013,0.1503683487250019,0.09768286053934967,0.11831021737695291,0.18597890909723783,0.11411435541488123,0.09794355550103723,0.08489988541531902,0.022954249022470005
0.18805263364544708,0.1491752010044964,0.1282568394002527,0.07138632211206311,0.14156011512748654,0.1119763032206562,0.09610895458764007,0.033764617814915764,0.07971901308704216
0.08344179146020148,0.0491642334876074,0.10937830860272874,0.13600018530785296,0.11778986560575887,0.13165048816059374,0.08667287613301718,0.1678850850743303,0.1180171661679092
0.058129546299710254,0.37913090693040763,0.07920393081181146,0.12956276035659556,0.06884786604235678,0.08709361532733194,0.13147145886169095,0.04908652942784677,0.017473385942248565
0.15282540311249648,0.02366084993107194,0.06927662985548955,0.1433910215215617,0.07556517103231963,0.09719046363723192,0.08849231234928479,0.15075458373685083,0.19884356482369325
0.052698057292182694,0.053347268819224275,0.1324359998694463,0.09693632023762706,0.10367151973942823,0.12567625683588293,0.0886582718513665,0.24788565210018162,0.09869065325466042
0.1565213381669688,0.026301349857573906,0.11670070936326804,0.08220792774608769,0.07153017164111627,0.07836907611206519,0.10545872661578932,0.13258121250532925,0.2303294879918015
0.15813528354947273,0.16704315559392602,0.08123502271221043,0.1251719828110344,0.06286756699905911,0.07974502055409809,0.13635380055928922,0.11320966799545462,0.07623849922545538
0.07488092095694023,0.06932704027964044,0.14056063245905767,0.0871067678640135,0.1468022340124966,0.10410690354627801,0.09815781225844139,0.07268557766538997,0.20637211095774224
0.07818605779716352,0.12743090420756786,0.16699909187599205,0.07659026386277053,0.09629994470688079,0.15823339948560236,0.1499495079115274,0.12567157311060048,0.020639257041895103
0.0648837673273659,0.010817963131792225,0.09466756319049581,0.17219151372353156,0.09956385413811286,0.1438224539731986,0.11120768075239522,0.12870429158440944,0.17414091217869845
0.14992667700524925,0.09707331070895497,0.09132778213109653,0.06695342172162261,0.15758438555825913,0.08635330921091931,0.09368490446751865,0.12513893398253886,0.13195727521384068
0.07480097380442698,0.05391838963933937,0.11086411752495251,0.15267206697321103,0.08299669074278386,0.11800712056041425,0.13081344334757064,0.1660985697756793,0.10982862763162198
0.051498912975306156,0.2715165851197408,0.08789781235193185,0.15858368615524057,0.03541290945801815,0.05772402494277041,0.12866842830602535,0.17307243486326676,0.03562520582769977
0.15562016295645384,0.31710985158885985,0.07750243986586614,0.08646260433116697,0.05647563087573635,0.06800606465311725,0.0856346411699324,0.12732218004123588,0.02586642451763131
0.08733062774639876,0.023341579823967114,0.10848587326028425,0.10734333311553329,0.08044266943458496,0.11841114805004811,0.07546329677858725,0.10155081655969399,0.2976306552309023
0.11453650199929562,0.1382080573005764,0.13630449835705724,0.0910450349870739,0.19441255597749021,0.07331376683282134,0.08642299641551025,0.10679095496648472,0.05896563316369024
0.09696667616729575,0.10095309202588437,0.11880359553074255,0.07675270388031386,0.2618444238272862,0.07733048477765113,0.10882594833490122,0.09647738612019079,0.06204568933573418
0.1103546281070525,0.09909092329069696,0.1534881758220483,0.0733165767921513,0.1225275160685829,0.10996300824038946,0.10216403472656234,0.08226526593601885,0.14682987101649736
0.06978031891657245,0.08826775514913243,0.11530835554276538,0.19546270418139025,0.05769499575025893,0.09799796223765576,0.1214031081457941,0.23933946746761314,0.014745332608817491
0.11909153048258798,0.01753972257262908,0.1270549458009171,0.14546210788524272,0.12359034663425665,0.11996671192148216,0.14806801184213017,0.0590811296079495,0.1401454932528047
0.07776715700785025,0.13364327162758718,0.07835810231737175,0.1591290005531378,0.06691163292070333,0.07072261651642975,0.10097495535937989,0.1712471147023231,0.1412461489952169
0.1097761744139714,0.19872402680026455,0.0872202040415629,0.08773540841768297,0.15203687794515316,0.07874661015649431,0.08864312009605001,0.080466270847267,0.11665130728155375
0.06895631785564894,0.06020116654293011,0.11197010015810153,0.1265403510533629,0.1552269464816534,0.07908346665758527,0.12367912749821793,0.17255050701928767,0.10179201673321231
0.03824568862105485,0.059206587632019116,0.12423051446734311,0.17566850563649763,0.04685656468091256,0.130937012866041,0.14264548268111432,0.1524571081571476,0.12975253525786976
0.06570046835152411,0.07390995168992313,0.1264775193399009,0.18656127388185928,0.03840629347950405,0.08799080290350873,0.1424703239692449,0.20789381802336668,0.07058954836116826
0.1859858820810271,0.04892201509951846,0.11813162216505473,0.08052898671020019,0.1269003044575394,0.08679178118575297,0.06448363929450647,0.07188555562121424,0.21637021338518655
0.07775525041237624,0.0888231123641177,0.1496197463867358,0.22949355069597185,0.07120556435870541,0.0606496906216557,0.12277927311520853,0.15902355053615622,0.040650261509072465
0.15771310426779875,0.11803160858677746,0.05912817364031622,0.0402291600513029,0.09135091355549797,0.09279553965615524,0.09201254748746024,0.04676895069064371,0.3019700020640475
0.25142041940735493,0.062030351821386304,0.13430946325879475,0.15396984526010457,0.07518836926415663,0.0754878575523858,0.08984356762644001,0.10161776167612058,0.05613236413325647
0.10363584407630942,0.1684525030001691,0.0925928395073456,0.12697625409810948,0.17723023837558396,0.068717348639157,0.08847173407477037,0.07142027132669092,0.10250296690186417
0.15972419655244322,0.17090887739412786,0.09457516307895482,0.07436980515006668,0.08401618020241824,0.11643461567649689,0.10931889570281761,0.1580952443336229,0.032557021909051735
0.17733184800194088,0.048677717923016145,0.11930184819339522,0.09828509840011024,0.07036151477129021,0.08816622097621045,0.06934878706319351,0.12601548852104302,0.20251147614980045
0.1340628923010889,0.03437996013364945,0.10604322639296138,0.09090239941193372,0.06346065074155191,0.19913630024757636,0.11310646643743653,0.16975706769387156,0.08915103663993017
0.10556932523670866,0.10151344341358055,0.1212908864792367,0.10900549623562104,0.13435567478881572,0.13819458256780595,0.12731776098469116,0.10148424542412478,0.06126858486941542
0.08163252757575155,0.06225221606471639,0.09770098940183945,0.1548795664269144,0.17272281192329272,0.11680552445345677,0.11162813946051285,0.08084402060689977,0.12153420408661615
0.1443111651410864,0.13326664212112335,0.10033568866654179,0.0649384777555519,0.13718290717397963,0.10070243603925146,0.08329836863737573,0.09282549890410939,0.1431388155609804
0.08169256881998578,0.019976033627232572,0.1550600663146164,0.11540991278729724,0.10636457965106273,0.06668721893805725,0.13086996010543636,0.15532187741820372,0.16861778233810795
0.11368907590038484,0.041824074948812746,0.054512173104963146,0.11260790090164056,0.02834213388448067,0.06957388421156795,0.07010405371525773,0.20151815272592202,0.30782855060697034
0.05763984459221236,0.1859585296080836,0.0934579716523044,0.13342967391940988,0.05674180088689721,0.07277908578922153,0.09094777205610248,0.2188962264982738,0.09014909499749474
0.10542120758712632,0.12879699795942467,0.09938457663636552,0.12376830496969367,0.06711262418780965,0.06834303069220288,0.10231597869420284,0.22869971860176608,0.07615756067140829
0.06320433468834906,0.13426505139520595,0.14910382120603924,0.17248556646926838,0.052266561578789374,0.08279206993742454,0.14332560513587753,0.15472318309066413,0.047833806498381835
0.14407494568106335,0.04808008894480232,0.08090050571012751,0.05693984182021814,0.20484079455993687,0.054477985895187986,0.05973690764783878,0.04674690543733795,0.304202024303487
0.14872686685155245,0.02028181994226631,0.11082760699100687,0.08078710088506419,0.14235660504583433,0.10278201904865952,0.0793336007070982,0.11231728759935017,0.202587092929168
0.06916892592606579,0.017948832001003057,0.13282569012996406,0.09167079352565287,0.1411457449389574,0.14641315151689507,0.1238063076609554,0.058400950358929636,0.21861960394157673
0.056630501674596566,0.15549970726251017,0.08882059727641041,0.07976847764755224,0.09023727649371212,0.06979165233757095,0.07356034996042345,0.18142917538737102,0.204262261959853
0.06885096192816963,0.1704168919886777,0.08589334114598517,0.10189790681693676,0.10384390756394486,0.14071798711367675,0.10829591401642098,0.09121536462138846,0.12886772480479966
0.05966679845837037,0.3419823975960987,0.14024901687040373,0.1167146706635518,0.024985074724766992,0.07292785087422965,0.12169038630844785,0.09610993257754748,0.02567387192658344
0.04959814629999207,0.06082840675748816,0.15422935251587497,0.09794898245473543,0.07283821776715578,0.09838354149743449,0.11872082509450883,0.1472675617509183,0.2001849658618919
0.19941136989940578,0.12964750589229165,0.06018603448137929,0.13358907176582327,0.07781449977992215,0.10516393655240991,0.0956250870401366,0.12443676304688826,0.07412573154174308
0.2094878874908541,0.08156197862723945,0.07987360202212175,0.1650907977698011,0.06111448754525763,0.07467953636471149,0.06201902661808421,0.17321890464831122,0.09295377891361911
0.14378173604848257,0.021566778458233554,0.11635678532057687,0.061172300917426536,0.15050909977557286,0.07914288188359299,0.10618671674662061,0.12560761132265444,0.19567608952683954
0.09928887479125348,0.27186066069075543,0.14481042907699918,0.05694081799876988,0.10259794447358557,0.09931580222757326,0.14083561615423548,0.03858734581782967,0.045762508768997935
0.09141878359962803,0.040718403457512896,0.13468153035303104,0.1336997289296886,0.03783106118376911,0.1375816747208237,0.201177535627357,0.11483264932159742,0.1080586328065923
0.04978259918659231,0.19405071306248156,0.0890127477616976,0.10675753239334966,0.04316350569022199,0.17084202785863925,0.09651889198310021,0.17686984771495218,0.07300213434896514
0.08790398243927589,0.2433895029727542,0.08714208798918245,0.09196624109172213,0.13598622700608864,0.05356650957361902,0.08171994604037884,0.14785552909599603,0.07046997379098292
0.05737261840647093,0.0365086032613632,0.17401376041343478,0.09395499498456343,0.11387035380190237,0.1379188775486042,0.13832847762900738,0.11002231146379854,0.13801000249085513
0.04636082104445425,0.07161146911815078,0.058412032383750756,0.13790543323702764,0.08556853355711037,0.10398842068638947,0.07451497843844146,0.28515402801943546,0.13648428351523986
0.11538291231175668,0.05027789702098018,0.11088288946453724,0.1796115563567585,0.13026444759636055,0.0760805051418074,0.08607194256267321,0.21146277316541207,0.0399650763797143
0.21152620826839097,0.06617174983487072,0.13517829876665408,0.11630980122213519,0.10588673685834034,0.08261894701153608,0.09116151165825438,0.057968205304714256,0.13317854107510405
0.07772738731869132,0.10926124266165188,0.08657637835104519,0.11913058382875495,0.06502541573293535,0.07254697868377417,0.12602052299398894,0.19436647199406099,0.1493450184350972
0.1483585310236458,0.1172082037226763,0.09776383853321913,0.14245009111446946,0.08186177653811048,0.09774798336280643,0.10707887716776214,0.07860800095460695,0.12892269758270336
0.18028860884106476,0.07586765744983702,0.08485466013691655,0.08127237864137894,0.1162899016547242,0.07922200253259631,0.07065295046288128,0.14004615245342547,0.17150568782717546
0.07778377508867206,0.1591563890386988,0.1006968564857476,0.0899003163874193,0.11796015580667889,0.10112304798036055,0.14107603147479128,0.141956907532701,0.07034652020493057
0.07574430411613357,0.034090806107963494,0.1366816778391637,0.16090200494181023,0.0779090847139527,0.13225119439980748,0.12732828459634107,0.1639779963358182,0.09111464694900946
0.13570405096120564,0.06583549942131049,0.12978970552293564,0.09870492985306739,0.11203352560647645,0.11794240967873597,0.06904729922578279,0.08307818922552433,0.18786439050496131
0.048305787577147465,0.10556514093593843,0.09609767065380952,0.10406670424258198,0.05105962922719748,0.08462033033016318,0.2177302045750573,0.2113402434838856,0.0812142889742191
0.144245689685141,0.06350242824585822,0.12642421144443503,0.08744912214005653,0.122560313954187,0.1055415824917671,0.09536490233574697,0.12331924334942997,0.13159250635337824
0.06171830265747732,0.07848868601783217,0.13674986348924187,0.09846381570313656,0.0759921777857413,0.13190118229093387,0.1373585628849977,0.253969158920958,0.025358250249681292
0.031079248813120477,0.07498461582407286,0.10704760792305001,0.12835480359679852,0.1563575823682055,0.07308698186090608,0.12170251832122347,0.2942220559835807,0.013164585309042381
0.07388922444603244,0.06383358517302129,0.0782192560890219,0.10216231306523667,0.13614459734781617,0.08999998329718673,0.1634153447258915,0.10296421209111783,0.1893714837646754
0.07543452530381378,0.14029688203684557,0.06544873995571573,0.05425240433403972,0.0888834454750446,0.05101972302313703,0.07499878803682349,0.05970484011347712,0.38996065172110295
0.036778400125096686,0.031245743937688905,0.10893198158581892,0.19357037754963177,0.0779928569203061,0.09435815755986486,0.14792675512204856,0.1980846239853109,0.11111110321423323
0.05927363159881899,0.1360009184174253,0.05806892473912175,0.1222726404874064,0.11312178082404596,0.07104858831512206,0.07059180566955232,0.19889395442948965,0.17072775551901764
0.05252233312195242,0.12221533591935758,0.09245209742543496,0.07737685575529644,0.06971498793668618,0.06806440265700993,0.09255110186278052,0.08570932038090974,0.3393935649405722
0.056209289927657474,0.24917181140248792,0.1026225400378953,0.12220851498788043,0.05835509274112647,0.07018712808223093,0.07624298538746643,0.21087828137448505,0.05412435605877
0.04771810230627657,0.07227865198137214,0.11891811381834094,0.11669422507527279,0.041736044486724834,0.08587616515606407,0.09500243965928695,0.21602185809929328,0.2057543994173684
0.20257488303418159,0.022549124764379754,0.0934752142819019,0.11779397688454556,0.13034238821710506,0.05316313509661461,0.08421852083663985,0.15411539831543272,0.1417673585691991
0.1994288984065636,0.12698161050946918,0.07306474138627121,0.04343177391300321,0.17095687704264806,0.14740342469486345,0.10735034101923369,0.05678232285696488,0.07460001017098274
0.05577073340815906,0.20988915113360837,0.11275994448618872,0.1274125618534099,0.07053154981884409,0.10566394689683446,0.09654231163139625,0.1328149852789173,0.08861481549264194
0.18888495705586825,0.07674973635161943,0.07146809802645625,0.12253220424578737,0.17721140247716397,0.08040730231510916,0.0805257910728654,0.13903647923586562,0.06318402921926457
0.04787880086995274,0.031480826250031194,0.10076239166061057,0.13801167125060146,0.05314966895069575,0.11896171904249937,0.09430452170359858,0.29567199868327376,0.11977840158873661
0.10358459837925198,0.021646738370050326,0.058642617300877976,0.10324703647995685,0.15600358884517693,0.11634996384306491,0.06894186894757943,0.24918045159408667,0.12240313623995493
0.06193558269916796,0.023526186566499824,0.2008637733985232,0.1613373110815345,0.09116262029271545,0.17452816816023087,0.18978956099919572,0.05338278224807286,0.043474014554059526
0.04143972250735348,0.2960247588441482,0.06106842854827521,0.05757165952196606,0.033239392019125166,0.06768312481403709,0.06760313529352897,0.10948661965511108,0.2658831587964548
0.07362034752295368,0.25901509928664224,0.12661877482077646,0.16028745972715802,0.058305627778658026,0.05881927094841067,0.08966367066644405,0.15425550248970896,0.019414246759247827
0.13759283160147817,0.10234529372897967,0.13178011459939756,0.09220796538909082,0.03637786459879356,0.1636948215775036,0.12010932478318226,0.13599238079818599,0.07989940292338828
0.022966868204309404,0.04324322722513343,0.1021810626995624,0.10446528801776267,0.06133851406746397,0.08038005362967413,0.16145216860991127,0.273931243555409,0.15004157399077378
0.06873247562372603,0.08407072173735697,0.12011736185658438,0.20677402283474203,0.10281618028624272,0.1227543393503916,0.10021396296675363,0.07059623089154791,0.12392470445265473
0.16927558115092708,0.20948805669964118,0.10645914767547243,0.11179825333424082,0.05070888533113516,0.130656859039572,0.09413468079822185,0.08391428521920201,0.04356425075158742
0.20898788179800065,0.14239830209628532,0.10460756644634651,0.05850468645090869,0.14965762947165298,0.0767189553490898,0.042166968150434,0.038489043595339716,0.1784689666419423
0.18632236110916955,0.0765858627574572,0.09539239129101079,0.09980274023070773,0.07615979761668439,0.09761165862530742,0.13628742852262543,0.21827120564268074,0.013566554204356757
0.13618831740862386,0.06311767774293318,0.09471959764971626,0.1770035424838533,0.1450630867672226,0.10988260705829962,0.1261262522599095,0.07419282022243605,0.07370609840700564
0.06843915112873583,0.16977299534711374,0.11261765847864941,0.12994052522299118,0.046355308588050044,0.14573065902435997,0.13416738651769092,0.11705911949735708,0.07591719619505194
0.19880489153200523,0.07505070308292318,0.08149163930745916,0.07505003856325902,0.21271426394519624,0.10241320746549325,0.07348295976955387,0.11660508644792367,0.0643872098861864
0.07807437954608706,0.09584161084619451,0.0837226919690901,0.11960629909455407,0.055440494515797106,0.175781064734386,0.10126758293569298,0.17499069982167273,0.11527517653652541
0.12451497571116883,0.036412822810378935,0.10853755713336403,0.23093515551139332,0.1398878076675343,0.14056779807646616,0.09856288459699396,0.09670169333875649,0.02387930515394394
0.07090173314207267,0.07253800065469336,0.0787537232439814,0.11376130316448983,0.12474434494268406,0.08737734295041566,0.1202819324874817,0.13680039564974378,0.19484122376443747
0.13692969202104302,0.12898854894806092,0.10436344702030843,0.08210776685938376,0.09634097235792838,0.06817169057255833,0.14729400587627742,0.17886384979762746,0.056940026546812274
0.06716931559130117,0.02915171453126141,0.10967568633371405,0.15970736755293288,0.17790318347161202,0.08280316257023779,0.09037838652142118,0.2090424552014621,0.07416872822605743
0.1467250514556487,0.08673344169764907,0.09627736431973315,0.093023252631578,0.15256555615014653,0.10714831957205039,0.07931700368328598,0.07088756327623531,0.16732244721367287
0.05349116782549718,0.0429608740085577,0.10959441851979494,0.1020158796511849,0.10658127046326293,0.14944006386407815,0.18401963577622346,0.0530662456905337,0.19883044420086704
0.1646818038001113,0.15158596509168745,0.09697381142164346,0.09597046885280104,0.0855532650617798,0.04388159708759872,0.1814721524762304,0.12194457380097878,0.05793636240716909
0.09916727623442277,0.05815257057022669,0.10982359085084441,0.10814900821766671,0.12462932537267442,0.1473282509496863,0.1341951402317203,0.154663019905345,0.06389181766741346
0.0947759645581115,0.035401096055488405,0.09987696604967618,0.12118701637462682,0.027346928012646373,0.10188619497726521,0.10088515191773689,0.28935365871507257,0.12928702333937606
0.04877274061291926,0.037514688679169794,0.10834696221038531,0.19048342870411453,0.06680634224362227,0.10913441876851215,0.10264216706796575,0.2303189395377979,0.10598031217551307
0.12669497983816316,0.14824317807564688,0.1378010169887357,0.05934252961212089,0.1504498628717101,0.10058859986410741,0.07275887022301923,0.11325569723444567,0.09086526529205086
0.08569240831585112,0.17373508686602768,0.09846394895889625,0.16707714455553976,0.13606961660063446,0.09122650743943957,0.09535014217989146,0.13882600725682992,0.013559137826889736
0.11602737616194303,0.16000092606587646,0.1664903066166812,0.05939098733445034,0.1976843249096243,0.07187957589206696,0.06194064615366917,0.03601524963301989,0.1305706072326687
0.11473997155022159,0.06155994496695857,0.07310233491269648,0.10255127400394443,0.103257716701964,0.14659779568688602,0.11392876501198768,0.07732847287122753,0.2069337242941137
0.2028773330598277,0.08680377815775726,0.19455824087340182,0.07387231537107887,0.0764245884159956,0.09289491478888678,0.11637116770381452,0.07552463249053407,0.08067302913870332
0.12017335164372393,0.04932706714236759,0.08617834419852799,0.09616373653859613,0.0772605985215722,0.09582259494985212,0.08154228023243984,0.18261439986974545,0.21091762690317473
0.05980174990932379,0.19670537826839488,0.07002751674218509,0.1351812353932665,0.036813737485500826,0.05837369490593336,0.08030311836472835,0.15595826876103303,0.20683530016963417
0.19740324331593842,0.03447665725902263,0.08035705265430214,0.05585259539650766,0.24921171971736147,0.1339426306571108,0.10006915213783174,0.04311255678733755,0.10557439207458759
0.09882807094716765,0.11826207223254105,0.08095819402655827,0.11701770982182891,0.20780703612425044,0.057336096691581406,0.07177386041787899,0.2250168705396177,0.02300008919857555
0.08705747586375367,0.073096796454399,0.0968530048744437,0.1308120532901649,0.10180318597817828,0.11005553044135463,0.08146191048868799,0.11832871777272368,0.20053132483629413
0.16021181756340916,0.023027393805925445,0.09860144228136863,0.06588675495240935,0.20216046410564373,0.10805901827546925,0.07034171093258505,0.07320772402878352,0.19850367405440592
0.06608851911994806,0.31906003299150876,0.055834938558693,0.08541382017454753,0.1935188967763728,0.05549567806695183,0.08095630750745614,0.10201002382360354,0.04162178298091838
0.06499133771619932,0.2805073102042622,0.10456530894107409,0.09744819259615789,0.06297261335376252,0.06811556054365878,0.12317196178416838,0.15743966279613697,0.04078805206457992
0.1527548793688335,0.20936710623930224,0.08863971280379994,0.06958230892192091,0.09290129874376356,0.07206885634142601,0.08651706481687828,0.08219162110321326,0.1459771516608622
0.06425419611338688,0.044467971801713836,0.11027356718475712,0.1355988332235838,0.11976480406810643,0.08334997815564171,0.16696689057468558,0.1503647353066303,0.12495902357149434
0.04228820042429152,0.16464749264614958,0.07713623401473907,0.2058047154594994,0.05001615405955786,0.10973730891898713,0.1335349891150969,0.1641608779173563,0.052674027444322265
0.11260332118365385,0.052759025202909905,0.11130537533452119,0.09965267923939403,0.08235538897368816,0.1325623439214832,0.13624026918906443,0.22609097410872367,0.04643062284656163
0.07356915449531876,0.09330669153676957,0.10730615226689577,0.1616832774576226,0.07123112343323547,0.07035589516101924,0.19876525166255843,0.17671023070087852,0.04707222328570165
0.06274844566223663,0.05493257572259308,0.0833180789373172,0.09851160379827044,0.03651093270493896,0.16316737237218334,0.1462108159482671,0.18383383520103655,0.1707663396531567
0.10367007295965854,0.1762448768472953,0.136621532442838,0.10505715836977096,0.13821685725605684,0.10648176214999532,0.14658175788627908,0.06635199774708812,0.02077398434101778
0.1260355101706355,0.14760907634402823,0.0808235871618826,0.0955505666663119,0.05056237022194782,0.10416063312146234,0.15187697177722864,0.19232623066050522,0.05105505387599774
0.09608569075045505,0.1850549224036526,0.129176498781901,0.14474708034171133,0.12067407734915796,0.08610936097736137,0.12086569313067853,0.10440244665773174,0.012884229607350592
0.06600380845151838,0.08622529292843008,0.11838417037008213,0.15993964875018507,0.10072638823867784,0.14471890100717075,0.16587039776636148,0.13800669628215864,0.02012469620541565
0.07358952186849631,0.11309516271552593,0.07893437049285085,0.10132150676367026,0.08076468573636908,0.05611712991666993,0.22165622013282194,0.05374737992020312,0.2207740224533927
0.03239184412196366,0.01828293466334301,0.1069882243505856,0.05902304727947847,0.13618229357437742,0.06822799322753731,0.08355203640126573,0.2033134921499481,0.2920381342315006
0.0804688632559154,0.06223113798989933,0.1181636161188551,0.11361048504953668,0.10843596770190785,0.07584590084458381,0.16102740780736477,0.16794170729053925,0.11227491394139778
0.05004843488656066,0.11661197838371436,0.10039852831911254,0.06431067335893977,0.10600129248019151,0.09710503704875667,0.1453955346453306,0.08430503615406672,0.23582348472332715
0.15010324625045562,0.04315104404150288,0.07574955298695359,0.14954769707161633,0.07083004293761683,0.11849757822609709,0.11425555703712342,0.24984327411586515,0.028022007332769036
0.12574157593576063,0.131758150206424,0.16881686068213755,0.14963357427292637,0.07393282459694521,0.09388395070180224,0.10179300620272885,0.09142906454729582,0.0630109928539793
0.12685060830182304,0.03652322235774657,0.12449630294258261,0.13927005722811028,0.07906954778925256,0.0940188636727614,0.11486456902342072,0.16158662317504544,0.12332020550925739
0.053582979614609005,0.14667596890400278,0.11177686410275593,0.18162499642509514,0.03773219164013581,0.15690495252036407,0.12457644766727775,0.13694886266641823,0.05017673645934126
0.1418335796874798,0.13550055730454313,0.07809872358978326,0.05379052186452802,0.09959554533720771,0.06456104490096636,0.07311123969058463,0.10335702498156919,0.2501517626433379
0.11223651830947458,0.16384315723523352,0.09497560175584552,0.12141684359658673,0.0941345853795345,0.13652093372009555,0.09675563068228238,0.14000908485229413,0.040107644468653066
0.06339326936546837,0.06884059806212695,0.14863904201433215,0.11140417167081766,0.13340602453358333,0.07314190749974596,0.14359274691211327,0.22802529291276966,0.02955694702904268
0.22670606480897668,0.14098004006559148,0.08477678445995314,0.07715836106661843,0.0810838818503651,0.09995882640368202,0.08848254239327653,0.15796759401676122,0.042885904934775426
0.14694827118392853,0.12284052326170007,0.12472149491978905,0.05218410450722594,0.23560859536106024,0.1007841825306814,0.07152470933943786,0.09022618678819737,0.05516193210797959
0.0798727276484034,0.025009268864504636,0.06320914268531641,0.09677124807887649,0.20240877591407788,0.17640379527487282,0.07818128852964523,0.11559881655089188,0.16254493645341125
0.15563476430531742,0.020537489388792986,0.13100614371480282,0.1060262743504901,0.1062067347948048,0.09573958761399141,0.10340822289399172,0.23035689888783617,0.05108388404997254
0.054291131561835536,0.1279291604923787,0.09687529248509168,0.12914375179145174,0.08673971774613957,0.10620927693801661,0.11003043578902129,0.1509510173624727,0.13783021583359215
0.06067631193290759,0.3295002359258801,0.08834167644755696,0.05658033515334848,0.09123184864555467,0.07749678480722676,0.06290902189158866,0.06151599883240655,0.17174778636353025
0.0636034810008237,0.1395636149515929,0.0819205032145534,0.14674800865938853,0.02617383456581936,0.14022660486931457,0.12012141156427454,0.2270622308742817,0.0545803102999513
0.11720595307161956,0.039087005739741706,0.08484870156689113,0.09881709188339764,0.07803663002892068,0.08073435010950598,0.08753068021326839,0.12324972415970008,0.29048986322695486
0.07455680515885875,0.2090683957088424,0.07188183721080336,0.06890644450912588,0.09004119253104342,0.06595846785204203,0.08382199346740238,0.16640382663330108,0.16936103692858073
0.06218788275430883,0.10977457050796174,0.11150913524487831,0.18584722616589974,0.02850988590167412,0.15045503978736177,0.1444793870361126,0.1440979444018553,0.0631389281999476
0.14477855876757517,0.0887050146392858,0.10133701520857137,0.12485220168486988,0.05416319406878959,0.09144714329649162,0.1109568570399674,0.1842742713026747,0.09948574399177446
0.11381396466293471,0.09942306475428342,0.1072116464230179,0.0588391197131904,0.0938721214990841,0.11287361298387938,0.13424469825892457,0.08773824761378039,0.19198352409090513
0.07521683448083216,0.18678610822099526,0.140405195618912,0.09823020541315258,0.07299255364083575,0.10687011510663864,0.09347384271753191,0.09855388399636993,0.1274712608047319
0.043686782036745676,0.14837199952926172,0.14205985623681236,0.22256769318864703,0.09731619283605379,0.07626276850896312,0.07763936178825907,0.17762616442831583,0.014469181446941417
0.05646463300378644,0.06736778616311835,0.17245283556643756,0.08919524628930531,0.13227751055002104,0.14316858533068236,0.20417781682587,0.06823892019936219,0.06665666607141678
0.15010992786671326,0.14366507116767482,0.06394532426465628,0.05352077354739835,0.187163011947548,0.11083782137983973,0.12109719874064179,0.146883121857144,0.02277774922838384
0.0932881925731832,0.22465979780251513,0.07601974704594987,0.0467526893540137,0.08518058269334111,0.05514499958510391,0.059615279789922315,0.04445603162914822,0.31488267952682253
0.20283744773945353,0.05405998290244618,0.08913160112023545,0.04446198971486784,0.21469786881898711,0.12674815069305267,0.0784321401998744,0.07004620296620716,0.11958461584487567
0.09361047871880372,0.028473622862163577,0.1866150420320831,0.11345844093432238,0.0947195941658708,0.13932468323098682,0.17429102395128948,0.0832518467429893,0.08625526736149079
0.11671859027331494,0.11607933528438337,0.11587488124101103,0.08645081646831161,0.03726952932564975,0.12464100908173585,0.15778135247309688,0.08352429385114701,0.16166019200134948
0.0953741177196659,0.18320485193592276,0.08716849642579637,0.08937556721391764,0.013572554834171587,0.052796032151261905,0.08564136812096014,0.2381082155601563,0.15475879603814727
0.18591932106233425,0.06851494112338134,0.10442046791053185,0.06936918985284411,0.20656698954169972,0.10251625160602729,0.07376217344365459,0.03514940714498361,0.15378125831454323
0.045721534195015824,0.07313249800639894,0.10205916018689583,0.14709317395496982,0.04741058472282956,0.07473493499113758,0.09270755820979636,0.17116396231201844,0.2459765934209377
0.050147441816928186,0.040388631243163366,0.09320217832412225,0.13305663185093405,0.08269472944247533,0.11586540918676612,0.17340025594493189,0.19328406000604226,0.11796066218463662
0.13087336633812574,0.10551099114590745,0.09394019957036924,0.11441093231647008,0.18364502186513607,0.08423259166816695,0.08890940704184998,0.07242122633854542,0.1260562637154291
0.07170537082648208,0.028145557428257376,0.1319347839347442,0.12418771358235614,0.08983313563862642,0.0825906327579364,0.15452259154806566,0.1845377197537481,0.13254249452978353
0.09488567628791367,0.03289436253270822,0.1380829354086727,0.10486306376586778,0.08174283103215534,0.12011803637778336,0.0921761736828254,0.2706155513533278,0.06462136955874569
0.1113007980259948,0.11107696578469205,0.12438460189878385,0.10520125880233756,0.18130494232936503,0.08519951511727376,0.07409368138303425,0.1316997945015482,0.07573844215697041
0.11534927592748911,0.04107529152670992,0.06408514477170556,0.14145815091275443,0.03381692509644918,0.14138176245524128,0.07934837682578304,0.21261618115831762,0.17086889132554992
