0.1218182242876751,0.06811366011890564,0.15763198460906616,0.07965462339925876,0.0925541813414932,0.11032026042194741,0.08514235807756036,0.17177793421145424,0.11298677353263918
0.0687425204221639,0.11404955599605116,0.05663861471013873,0.08701049155766204,0.0750185957940177,0.130353932474919,0.15804119242156936,0.15959488187669701,0.15055021474678112
0.0558870972609894,0.09434071114923102,0.15902769425932287,0.11441700337209239,0.12883812512729623,0.12064020320428355,0.1574947993132226,0.09382071592894886,0.07553365038461309
0.05831194758981468,0.1283610256096289,0.10096860626549614,0.1505281833677303,0.0696003143103306,0.12512459882382868,0.11652094102735361,0.1725071361479008,0.0780772468579163
0.0529523021784258,0.11815197758019126,0.20770037750503986,0.1192757451083008,0.060275762157091295,0.09794092480801493,0.1780317920791774,0.13770280465923523,0.027968313924523456
0.07017258884021203,0.10157302934115957,0.07139112022703148,0.09334084702584788,0.12000535382738338,0.13855222945376186,0.12724405662509475,0.0677741356795639,0.20994663897994512
0.03785394402027555,0.1367489583654513,0.17686337746460382,0.13054463010353615,0.11750412610386242,0.1436660400930157,0.1094210439402485,0.07338370424535991,0.07401417566364661
0.048561298198141034,0.07939555826315775,0.08751275761984546,0.11330047704847217,0.21114569040413597,0.1274663082637345,0.12895756175192308,0.1425834292299318,0.0610769192206583
0.01981378270556845,0.16315241826491558,0.03641693006659119,0.09618859767347215,0.10439045478852077,0.10389343131776481,0.13285828671152544,0.11825626387488934,0.2250298345967523
0.06297280554208014,0.12947198942016114,0.13140830523781052,0.11993735613837116,0.10426333392859795,0.15624124142158866,0.10867420632411755,0.11324858633223285,0.07378217565504007
0.043761803166243896,0.09930921686952832,0.06390259594457619,0.09958288437565777,0.1341835874744535,0.1348759528303173,0.18631344897038682,0.09774089200608338,0.14032961836275284
0.05053420090378078,0.13543022875603317,0.07449133179464312,0.08642472653741733,0.1172347232463975,0.09055498139909064,0.216581088813622,0.12298529579246333,0.10576342275655214
0.131980999308856,0.0764969950672786,0.03898576647752388,0.10689405876164411,0.13867175480407795,0.10150943310600664,0.16294970653803778,0.07537166789420824,0.16713961804236668
0.07766367850506989,0.0739884878459025,0.10839590072877232,0.12397257203845907,0.13236326889514446,0.10258794621648948,0.12403020757311489,0.11660212050110065,0.14039581769594675
0.05535759311047514,0.162354384811492,0.14886336287455146,0.12034066223751021,0.1085566205772594,0.12109363216834401,0.13749810936067472,0.12490750882998385,0.021028126029709115
0.08321976588127858,0.13319702003640804,0.14586034081381052,0.13265628758782214,0.0931919620262147,0.12114668262787058,0.10146135954239716,0.10997093144920878,0.07929565003498949
0.12187521855208555,0.08149979595269845,0.061239347419802394,0.11177471782273081,0.189410773981591,0.10492215481258953,0.1352080628340853,0.09417982227784728,0.09989010634656971
0.12410685132205852,0.06341049324367994,0.09319085480634952,0.10604199591330354,0.09481173583596815,0.10898948802971192,0.1833786247354493,0.17970287885098843,0.0463670772624907
0.0900299630470925,0.15202698044902851,0.06496136399734372,0.08399009080186914,0.10031028102100148,0.08731678711046047,0.15287954059074696,0.1921380573243818,0.07634693565807533
0.046017119396249334,0.15183865538939637,0.14420138449905973,0.14537429198854954,0.12540094195198562,0.12842026659836714,0.0667228445153452,0.05137296392643064,0.14065153173461642
0.05668711857183808,0.0946874395779408,0.22038475213429773,0.12960259810810296,0.09184266184358407,0.14215051473906914,0.07116556323933315,0.13573526685552414,0.05774408493030984
0.08217692738748206,0.18315176130990976,0.0633922525479494,0.14473280027969745,0.08796073189876635,0.12320655278712377,0.1052430580059301,0.0989499475008098,0.1111859682823314
0.12793258933331866,0.13476359807189645,0.09688928692960717,0.13097945327697894,0.09946595462889536,0.1456216967330521,0.07487500902160447,0.0965261369668187,0.09294627503782811
0.0959672480195491,0.08728063245836347,0.038320399532439396,0.08866285346531384,0.17159195465258748,0.0919435427048243,0.2436259509327324,0.08687635599169348,0.0957310622424965
0.04354322882618681,0.08775332298888762,0.204207345888484,0.16749613904799876,0.08208272213256915,0.18365170258306165,0.0908800830930772,0.0902071925611617,0.05017826287857313
0.11034733172139664,0.07999753040242635,0.045822031230279225,0.11246693608990549,0.13492076186258226,0.10123925906496178,0.17812962510763888,0.07160643775932245,0.16547008676148692
0.05984879225013371,0.09485733354557778,0.1968663756808531,0.107645511992573,0.22713445529871204,0.11317106476471923,0.07401067219099784,0.07161604985678828,0.054849744419644964
0.036516725118172,0.060562438425833275,0.03339544303541319,0.07106518851376387,0.18975845582959158,0.07320017643254172,0.2042169358311574,0.16667637515760803,0.16460826165591894
0.04812748852067553,0.06463478595665001,0.10079832191103104,0.07774646742365542,0.11457933362183266,0.10399149621457687,0.16555393033779575,0.09909779293313388,0.22547038308064896
0.02594620805794053,0.10592697971590243,0.24483849193144702,0.11479819306281565,0.18020691813075054,0.14130782941927109,0.08101070048225525,0.08106429181009243,0.024900387389525085
0.061914610388117776,0.10711799712571686,0.028424321063895804,0.08166629835095031,0.13074603067570628,0.08685565601808072,0.20898588454974265,0.17108289302783777,0.1232063087999518
0.050379850519944556,0.09548624629834983,0.04281921381463033,0.08632055068112117,0.09642993745572082,0.11677855658367431,0.2615220143024693,0.16115336185309828,0.08911026849099145
0.19145357778299976,0.05492753069613141,0.06246694340457488,0.08467237305336939,0.07492608565848437,0.10991681213557032,0.1349954459476429,0.14553620332399111,0.1411050279972358
0.08801786373839865,0.20107513624881865,0.17200580912191812,0.12603699792995396,0.0702920331809912,0.14364690353739465,0.06731781605437397,0.07481792662727213,0.05678951356087864
0.05089038120693204,0.19506875186126962,0.07201259690279029,0.12174766746375082,0.1711514353645922,0.18611084309374712,0.057762766622567414,0.10516811465867688,0.04008744282567367
0.04305393830095428,0.1294081320667236,0.06246866965107568,0.13154871255831413,0.14623399663473916,0.1281548098580919,0.11941825243361281,0.13022286885700654,0.10949061963948181
0.09424470393889602,0.10453284857597407,0.049804514090702946,0.10026339867122454,0.07338026786025448,0.1394386737808506,0.1651400170828181,0.10926571903643041,0.16392985696284879
0.03480853958948803,0.09206632434818103,0.20522142104201668,0.10346593917523057,0.07915543869402633,0.1487445302992175,0.09453267960439547,0.08053395949518642,0.16147116775225795
0.05406767214074624,0.12240070880731906,0.06568351269265194,0.1413789645175535,0.07683600402535999,0.09737218811810265,0.143716956885133,0.12016088228882656,0.17838311052430708
0.04546172266072468,0.1340039451001153,0.07060995163600861,0.10660880822294827,0.07740355932497767,0.11513177480032916,0.20126071876737894,0.1381474234036512,0.11137209608386615
0.14885950751334862,0.06480433651795613,0.13188400736523634,0.07487713743773856,0.04411191447498206,0.09173031160597898,0.0881268916039377,0.23985064659909114,0.11575524688173046
0.06778145674958139,0.08151104527359658,0.048092660732371895,0.10342738286365671,0.10669004751574936,0.09639500664686222,0.1661982326578728,0.12259183823810828,0.20731232932220067
0.07487646495211005,0.10523080934251695,0.05878607762821789,0.10424357187064838,0.1153534642630712,0.094228319366874,0.15314434763444992,0.10620073689299898,0.18793620804911249
0.03872395850173551,0.13872016863284195,0.24914023349758918,0.14301170678172223,0.0608618145466282,0.13525114570774757,0.15321995263522314,0.05570846398094284,0.02536255571556929
0.07243301905783904,0.17091200310673274,0.05721730727771677,0.1277505299183194,0.13083466750631573,0.14681677161786336,0.13698889867675498,0.06640688015726655,0.09063992268119148
0.027239185682764084,0.07543412099218959,0.056095562604161965,0.10274359445318386,0.0807761387592993,0.1046897079343891,0.20708904352818494,0.1212747326519607,0.22465791339386643
0.07641054057624519,0.16985186925641108,0.07486733105204384,0.1160433219319536,0.05543629383040507,0.09781014052141083,0.15259685019150568,0.15855096388619425,0.09843268875383047
0.09679359019697364,0.08387689661593663,0.055687643193012094,0.109024844890515,0.2371385741368843,0.13299541425504383,0.09868528857698021,0.04676755491454613,0.1390301932201081
0.03725828620020416,0.1637912164517197,0.10213984379136326,0.1405956311250597,0.0768350490132561,0.15146511162697976,0.06836366536436883,0.1725689479886127,0.08698224843843567
0.07059091327659432,0.13346475682111306,0.11201964612453337,0.1459483064150742,0.10631914138791981,0.14811267577124304,0.1355426961041392,0.08283379077954084,0.06516807331984222
0.08548689583920001,0.11758982338095621,0.08022112851669912,0.13574698720326575,0.105464368443552,0.11978643182097864,0.17664014324971888,0.1458521755999921,0.033212045945637404
0.1810446957602291,0.10258368903175481,0.03007626520019237,0.09218373404119334,0.0957852470472974,0.10511176858988724,0.1877769422589652,0.08291722197009338,0.1225204361003871
0.05273679656882272,0.11645339826755974,0.11305593703678028,0.10237229095336142,0.13463550774784588,0.16972995066328064,0.142145209135098,0.07894564105678999,0.08992526857046128
0.024935916584713193,0.16937319938361597,0.07605342397499948,0.09922207447245389,0.12887713180808325,0.09481083971802777,0.15010873806225197,0.20080545531691998,0.05581322067893447
0.03744700991281639,0.17144436762268797,0.14477883252769844,0.1196642465398401,0.06353094972731742,0.15201709188805926,0.10362276944977994,0.15294944495104443,0.054545287380756126
0.02757308196655887,0.07658514443685845,0.07586966748237639,0.08502720616466271,0.24863521567759758,0.09130173244468036,0.17180180815682755,0.09405799001274544,0.1291481536576928
0.0641850888267677,0.1388424746735726,0.06243507913537577,0.11667805827769455,0.12094635167978031,0.1046825064629135,0.17709493648823127,0.12642364822932275,0.08871185622634155
0.132024935495849,0.0469482174025734,0.0860054658717445,0.09523344201040433,0.07985842285884294,0.08765014332098836,0.1642548468824575,0.07505263165615714,0.2329718945009828
0.05690417294493385,0.1029417079330971,0.20459961414630223,0.14334641136703746,0.0910961856865008,0.16318847791937616,0.06270556640503894,0.12141743767343727,0.05380042592427627
0.06682729299211339,0.07776119863452315,0.040386618025700614,0.11912792889563661,0.24667191004394529,0.10222052453397017,0.15999789852364263,0.09319469476697306,0.09381193358349504
0.09915459234274539,0.135629218149928,0.05305271788860824,0.1186563222294346,0.16806175943313847,0.09892068975213715,0.14839147866523053,0.10534615307908461,0.07278706845969289
0.11899007250854965,0.08059887086366387,0.14147005394053816,0.10928815006704855,0.10624246954302614,0.13360488092330847,0.09865507722780249,0.11584640842476916,0.09530401650129348
0.05955669158118524,0.1314068690292445,0.10137873725577311,0.1521766854511612,0.0883536852910885,0.1444846158513036,0.07394016825892534,0.2376301125368022,0.011072434744516461
0.15272958743555695,0.11046208086906871,0.04775959513636512,0.07641551420690666,0.12002479746182954,0.12291866780975262,0.11177256437348419,0.10963647808632511,0.1482807146207111
0.2471637532616665,0.07878288781086594,0.13970981196712545,0.08603929698106134,0.05547255011693361,0.09163138108320955,0.09539668091759727,0.0730518572454982,0.13275178061604212
0.07570322341821704,0.18710113476131318,0.27935734626125974,0.11051245356066307,0.08049977217874661,0.10180472893219693,0.07116744499999113,0.07063347275601757,0.02322042313159463
0.04902298517773932,0.1279182023005558,0.4047715553479126,0.10593362970116511,0.04330752859752193,0.11165334500455694,0.05885821710359143,0.0850788865280188,0.013455650238938008
0.0660343381151729,0.11464174739918098,0.057254194676175874,0.12029767071791618,0.09549891766375547,0.13286755624795946,0.188874662052974,0.0925620036328495,0.13196890949401557
0.045102686785490426,0.06916372066295856,0.054882430144297355,0.10258258070061686,0.06952443474213514,0.09357818418287019,0.20259503469321907,0.11880417628926294,0.24376675179914944
0.0912503199617356,0.09672644610008896,0.2043921452012901,0.1305546880353353,0.14938083058461735,0.13971349072675732,0.07078990724457371,0.06860085071203022,0.04859132143357151
0.06962143254350613,0.13224273203342324,0.1441404052848354,0.10486526486032044,0.1496075318187147,0.12847492885733025,0.12114824903723413,0.08781791663928336,0.06208153892535231
0.04166800647099845,0.10688007480822227,0.17116319759218182,0.11657726176030934,0.07753542343561913,0.12096528879810871,0.15689140983790614,0.09928084747688475,0.10903848981976932
0.114058458174906,0.09818140958112585,0.09792059375123265,0.14701983132650973,0.05612301240500433,0.13455605970577378,0.1195051030697704,0.12830699394176873,0.10432853804390844
0.06180761029437065,0.14924348899218406,0.17212109557878677,0.11459833972292244,0.14878543278881354,0.10800571311711032,0.10838303761272298,0.06602687715155783,0.07102840474153145
0.054619153412871456,0.11756892497539302,0.2558089263283084,0.15039802877393796,0.09173982644928948,0.14635759603191442,0.07263105252074822,0.0756087402208343,0.03526775128670271
0.08521195699570283,0.1596513551724276,0.1992277541356782,0.16440442799086358,0.054268462438461056,0.1279099220844053,0.048858520737106455,0.10003551372707087,0.06043208671828417
0.04448307738455865,0.19002499386283309,0.22932927495815567,0.09211918197296298,0.07072427562325724,0.12985949272372768,0.09180332662181849,0.09772015431197734,0.053936222540708866
0.03489605790136221,0.11982309341439905,0.09875256132116705,0.10769871166221782,0.2143632072870978,0.08205393035699886,0.15523354081897436,0.1352999671692429,0.05187893006853994
0.02131808113563186,0.12830822247967158,0.07083157661200438,0.10398891670940984,0.09312378280001636,0.13301885821196643,0.08733591222911537,0.16512175107745256,0.19695289874473168
0.07761041130956142,0.10670613900080274,0.05588521187965484,0.08808932511992489,0.1860588091999776,0.13955464048033003,0.16892511221162798,0.12207295849874712,0.05509739229937327
0.03381630081319171,0.20122068272754093,0.06784243814628133,0.0937423627316326,0.12430564295065545,0.10771104586965623,0.1490211482475257,0.10644729723659135,0.11589308127692473
0.06557714643137179,0.16315538872477356,0.08520169387270005,0.1359734017686248,0.10283708278333914,0.12855994207199217,0.11861750639945255,0.09262420238051328,0.10745363556723257
0.10011624937301782,0.07463460856550737,0.034881852049665346,0.11963500616116651,0.08962574775358619,0.11831254788694179,0.08849655451079554,0.13367420070030958,0.2406232329990098
0.06912858437864,0.14410262165703325,0.2019457225365965,0.1253983201711171,0.07924656727954167,0.1529158162597957,0.08959280325393716,0.10049708110455846,0.03717248335878003
0.04689426523766823,0.12885945845424032,0.08623011163857523,0.1292185227200283,0.08917053522171975,0.13498047794741755,0.16130829199164465,0.12296245941609298,0.100375877372613
0.08209846333771283,0.15329236694918516,0.10482501902818904,0.1068284433734835,0.12506960512741339,0.11498154141945699,0.189752957227361,0.06763011642200806,0.055521487115190025
0.07901147540803488,0.13862751120026567,0.10159805651473734,0.12184249721169345,0.11963896322104639,0.15541466485507718,0.09164713482345728,0.09264222004981114,0.09957747671587669
0.1049866029072486,0.14084861290016745,0.034259816389951514,0.10383740219728665,0.15355310825563348,0.1031943548928995,0.1498599669385791,0.077231685812334,0.13222844970589964
0.19806074064864335,0.11342767844468493,0.051632348054134934,0.1303459017601193,0.07895040819702322,0.12599721657588522,0.11431852307779544,0.07248925311063291,0.11477793013108067
0.03006897415709835,0.0905232449947649,0.16014261027914606,0.07880507951386594,0.30453114598369324,0.10004548390584916,0.1393362205372784,0.08873041371659458,0.007816826911709375
0.09542080579846217,0.1565376952720681,0.1071057223454822,0.10766603907768908,0.12300542019306158,0.12551129968426342,0.08642376140693937,0.1187958595907101,0.07953339663132408
0.06946573892065412,0.14392270516585626,0.11449850956794327,0.11262193916283188,0.07502770207031706,0.15158438488146764,0.09178795412431917,0.10305237119853873,0.13803869490807189
