0.16278290895478884,0.13900376101097664,0.0888305306435016,0.09797595654664863,0.11600595504853746,0.09503370326300442,0.11701838384797004,0.09780218441930118,0.08554661626527109
0.13712628986904146,0.09518866564481403,0.11234103594483602,0.15209732949777752,0.09815386950568977,0.10621356701341678,0.12498398210188501,0.10863488135558545,0.06526037906695394
0.11922250698388277,0.10322580670097443,0.11407118546142196,0.14401609884481115,0.11177622284145866,0.16166053475275163,0.10005445430660172,0.10300408846918614,0.04296910163891159
0.14369773793328508,0.13789854511495667,0.1380970638048806,0.12601543711010588,0.11331510970476381,0.07856328678676305,0.09877279986644827,0.08348716085427998,0.08015285882451674
0.09071990592532848,0.113746552503443,0.09528858466998652,0.09654297775837041,0.08766159654387072,0.1842745976263033,0.13036394883776872,0.09858910044574208,0.10281273568918674
0.1531525040745824,0.08467233236007865,0.09798118799197093,0.1273878505922241,0.09013026472622337,0.07149931971383423,0.15303114863781472,0.11633716843779346,0.10580822346547815
0.08505931234675601,0.0954570153333781,0.10252591094289065,0.1209556656895775,0.11677819127271587,0.12759304576212613,0.11948545266059163,0.10987336526162354,0.12227204073034048
0.1373326208351337,0.08593341878735183,0.21822224391118494,0.08857199576185885,0.09471389889259729,0.07702572596010264,0.14860976952296565,0.10117236867748806,0.048417957651317116
0.11185969739299957,0.11862699393824484,0.13218483271781736,0.12862275214125554,0.12392080209873046,0.08942570757573282,0.11585386985603326,0.1018610841229056,0.0776442601562806
0.09139291739712162,0.10472917075386039,0.09040083418775198,0.18128708319286194,0.11073116684442137,0.07236617241188593,0.12076860504268627,0.1219875697963602,0.10633648037305028
0.07679760693257748,0.0919184069114709,0.10775454229869584,0.11594037898776403,0.11284940272135564,0.17201638334598923,0.11684286873792514,0.11342800156032017,0.09245240850390157
0.1374136955656016,0.10310854137446153,0.1069100902351124,0.12020885244891986,0.10112375162772613,0.10922534885414086,0.1745329610363705,0.12772428491463514,0.01975247394303194
0.10084848927589625,0.12408635314770446,0.061985810063580116,0.11309295455425354,0.13239907325039443,0.10824656488139027,0.14301438533476202,0.11974911824764838,0.09657725124437055
0.1348089711260442,0.0869446220242801,0.14809291194834354,0.0983977856158254,0.09848957384577199,0.1406084762687458,0.08468291622543041,0.11596579895238968,0.09200894399316882
0.1415099533967065,0.12049397466806498,0.0749510274362476,0.09660913462979277,0.10821426685225767,0.0757641459431941,0.1385049913448721,0.10581604578570343,0.13813645994316084
0.06987872065126159,0.12225789511522793,0.06600518240645172,0.10513172594493164,0.1303356411957352,0.11024414764187222,0.10484879054545797,0.12338232630610313,0.16791557019295866
0.07185450430213915,0.08420513587421379,0.1397805490962644,0.13444712220160085,0.09057735744659778,0.18342084818151524,0.08743907346838946,0.08472606284021961,0.12354934658905965
0.1003951347919338,0.1040812047631856,0.1796792593456706,0.07685106634164203,0.10596884033007331,0.10896536137801838,0.1566320894740504,0.11914159088720098,0.048285452688224935
0.1004303613312829,0.08989133320404925,0.14950570996383306,0.11612343788398295,0.11638343090817078,0.09988666259547589,0.18264956399335,0.11571418545131736,0.029415314668537782
0.10299535277407716,0.120466124384632,0.15382214463147556,0.10054396922852267,0.10838648909104082,0.09220909111324309,0.11780116491501764,0.1058376456302732,0.09793801823171787
0.11167116143237678,0.10062391562245039,0.16893342005844714,0.09632646790488857,0.11608644401521755,0.0972188170625875,0.0922576669987741,0.09180999466242061,0.12507211224283737
0.08365898889800492,0.09401623331287352,0.09240991006481342,0.12896953504685746,0.11989417180799267,0.0918656348038601,0.06629572028074644,0.08144788997664919,0.24144191580820226
0.08878575930656457,0.11173796173910468,0.10705924951901902,0.11392856049197597,0.1479638523385131,0.09762324046831751,0.1403436755279847,0.13960665701613897,0.05295104359238137
0.12236981938924292,0.12035883334140907,0.08407692035960547,0.16013622403180827,0.11347139881803518,0.1014667536238101,0.13344356159757417,0.11631568399087432,0.048360804847640486
0.07187994502083563,0.12781605905478688,0.07797608161937343,0.07184596876362657,0.09579415518023691,0.0805865294587116,0.07569712139026027,0.08491073143585831,0.3134934080763104
0.0858953845942465,0.14927804919062596,0.07764076146686365,0.0583871477116401,0.09586843554487355,0.1336398649375796,0.0981803654288374,0.0966120395852595,0.2044979515400737
0.23863279538132112,0.08175132357957715,0.09321704801556584,0.17559947323771916,0.07671326279860433,0.07469541686954331,0.11500513020942403,0.10366069188100029,0.04072485802724482
0.10426548854980705,0.11815131766095092,0.1598218668943722,0.10821209810523524,0.11455443398366788,0.09815047729269681,0.1400958070870932,0.10956714177415598,0.04718136865202068
0.18769434790146744,0.08002851653839907,0.08579379426006108,0.16740530199264145,0.10399537549663533,0.0781688144078162,0.1551936824317225,0.125250777810881,0.016469389160375988
0.0667732527982253,0.10782369368997217,0.04860429553822148,0.07901345128582804,0.11132267244018745,0.14126618291339574,0.10601285577525406,0.11414279235077525,0.2250408032081405
0.07609215381518664,0.08544453769808123,0.172619543864581,0.09395077154608629,0.11747027834495193,0.11601193327375244,0.09375497981953357,0.1013517785057901,0.14330402313203686
0.04473274505948538,0.07874246981639545,0.08745152677410865,0.06676395141663884,0.10333325007065175,0.09982277407061994,0.09449838058172766,0.10401631386187309,0.32063858834849923
0.08830925804723595,0.12211130508906533,0.06630854010702723,0.15716695671047934,0.11207480052527082,0.11181946236894119,0.09304542475647531,0.1033815903654101,0.1457826620300947
0.08285114757587775,0.09931585216978545,0.15779120162516713,0.19374127777871566,0.10349782051269109,0.13644543422027466,0.10481257881116933,0.07903612431790034,0.04250856298841862
0.11813578733702762,0.10223680168106168,0.08144108470175744,0.15630240556442865,0.10617968484187144,0.11943050178827423,0.14426818401994998,0.12078951959096938,0.05121603047465961
0.1135872434205117,0.1028593967864464,0.2136249335474024,0.12030698558485287,0.10218261358030094,0.10033631944006749,0.10229276965646883,0.09574956550742646,0.04906017247652298
0.10692565126046909,0.07496206560234801,0.18402966942390017,0.1046834627710181,0.11089005048968333,0.07421934556898052,0.140964817345589,0.12948951841349324,0.0738354191245185
0.14611867640215515,0.0808946781847018,0.15271651927460475,0.11878482642341669,0.09066987405872635,0.07917554470634598,0.09409500476518122,0.09157388263251094,0.1459709935523571
0.07485679025532528,0.0905372654527502,0.08383336209689857,0.1371458273183381,0.15652517121737766,0.0832691288460589,0.11698397572468439,0.08871724984856848,0.16813122923999835
0.12022326532680015,0.12626414958050824,0.08024883405810944,0.12837611181172756,0.07986259699044292,0.12164944701525708,0.10387515006350063,0.10769119063834483,0.13180925451530912
0.1173816496924291,0.11278921199927584,0.13169545735716137,0.04420061421652368,0.09825832360962429,0.08208153014480708,0.2225299693352654,0.12035224121802131,0.07071100242689184
0.07667419496904321,0.07463151185020545,0.1266433575614028,0.0839000956265783,0.09814904507682498,0.2241602903561762,0.08404950543101697,0.0914559423352402,0.14033605679351197
0.1104514112847337,0.13828887653911365,0.08213979119773555,0.11175459473573668,0.10954300969768486,0.13433414969034027,0.11485846862019082,0.09531389249827606,0.10331580573618848
0.0887245067187055,0.1262965307379014,0.07404238077468489,0.09593334092650964,0.11720353114134902,0.09582169284870772,0.1250153311659672,0.11761515896510606,0.15934752672106853
0.08822150724895121,0.10324931334648409,0.21366533147044317,0.06254213627642756,0.14068522154368432,0.1128784407972994,0.10613754685382147,0.11698208017433454,0.055638422288554236
0.16727351025901963,0.08757542703875053,0.07903919260803727,0.1383551882955206,0.10984496502638592,0.09471317036931413,0.10409413675693502,0.11729095007230324,0.1018134595737336
0.15876723687043015,0.0859109370784385,0.1675439561608787,0.1416611753182002,0.09683614745223255,0.11688289148773194,0.07690851194799546,0.11707440240320943,0.038414741280883104
0.12040036919090201,0.10967145339902114,0.08640346637663121,0.14500914391869069,0.10273125352086417,0.08622805845039251,0.1165955490514713,0.11429466170541876,0.1186660443866082
0.11714801884229697,0.12357655984759854,0.08047646630486148,0.12662513772722866,0.09877672649977304,0.08608052080289726,0.18311055143408886,0.1082332172404386,0.07597280130081642
0.16728611470246102,0.09314053788815572,0.18388631411330347,0.12566087090848635,0.10155304747176779,0.09401506924130824,0.10054423882788883,0.1030493773408549,0.030864429505773755
0.1453902199165608,0.09875369290349001,0.09467421170013189,0.11095810545627922,0.11169557065373024,0.1157832182169468,0.10865946836641688,0.12883296668625727,0.08525254610018694
0.11881461103870687,0.1302904187873339,0.06784141121760494,0.15219768809331688,0.1281442127182752,0.11322326483066565,0.14300219196373484,0.1126512598091236,0.033834941541238124
0.05356537065578163,0.11925509697057861,0.05988444010260541,0.07064471212011915,0.10992719360934512,0.1531524344534442,0.08428118120030294,0.09429676965615337,0.2549928012316696
0.05130393140961529,0.08709006892667516,0.086448752757324,0.08775575444443283,0.09406293529703964,0.16370803380610066,0.11726728724460152,0.08918552715988186,0.22317770895432906
0.13208823695704264,0.12112852897952149,0.07186021012023248,0.12098048660834308,0.0949102048735434,0.12086994881244627,0.13120259022621894,0.11459058095125496,0.09236921247139684
0.12455939828877495,0.09994636424080118,0.11058969027245792,0.16323015939029573,0.14778084483683251,0.09871069138995299,0.10871815840433213,0.11185940350919282,0.03460528966735964
0.12803831734840113,0.08949361384821468,0.08636342688525729,0.12835774324908272,0.08275975671707379,0.08468457776338201,0.2210384005808553,0.12701104365481145,0.0522531199529217
0.07278103636694112,0.1387718043428319,0.07702586314600303,0.07306767394650276,0.13782966146841927,0.10688996889978312,0.09383124512832537,0.11120814903653657,0.1885945976646569
0.10576792622233959,0.10222040623690391,0.10625741739703452,0.13634170446898888,0.13098482529848635,0.1372900002655307,0.10099532276056004,0.11149684342797782,0.06864555392217823
0.11752473416807202,0.11540729487120165,0.10196269505634266,0.06627925773940378,0.11252853588321753,0.15929224813068127,0.11026937703902957,0.12456183372349523,0.09217402338855628
0.06355264673349413,0.13725189169984334,0.06351441155971885,0.12293862357752951,0.15095820858972495,0.11703237865837206,0.14941569476897995,0.11472676793341034,0.08060937647892702
0.10333742355336112,0.08501694684663941,0.11525517747363319,0.07796872408212646,0.11234732378566292,0.07675543220226867,0.11640383110439763,0.14537142483735496,0.16754371611455562
0.1256567369860084,0.14955636615267456,0.09704097632009397,0.0998410721463087,0.10610699863007884,0.08558607799740786,0.16154519181887575,0.10005937805326671,0.07460720189528518
0.11412723589938627,0.09974369200691308,0.10741608249590873,0.11971789028001112,0.10513563481448324,0.09144096823756481,0.12109226809413874,0.11504596610255001,0.12628026206904402
0.09689921208343587,0.10338965411605516,0.11792827479857276,0.1197301662414915,0.15339943805102135,0.07143847238684785,0.09928385405863964,0.10368091267004413,0.13425001559389163
0.1236156167721768,0.09217580953955384,0.13147547186266514,0.09789933313493888,0.10960279247440514,0.10351719312224983,0.0763640273513264,0.10117057266015457,0.1641791830825294
0.13747337219916603,0.11749632008518641,0.08781745475299045,0.16107749795078352,0.12069158690200767,0.0990406972970284,0.11181934578540315,0.10495525935410681,0.05962846567332764
0.10240692058999223,0.17857186726892807,0.09794174356426814,0.09314484189959314,0.1056147093358177,0.08758609857396477,0.11784689209317217,0.10733426964870478,0.109552657025559
0.11211009235143654,0.08991934531186146,0.13984025146026954,0.1020813243787303,0.10036395351379444,0.15591041735406974,0.09586016788089946,0.10952648551889262,0.09438796223004596
0.0984181061830009,0.11265622597429152,0.06751673318830458,0.1472986355432486,0.1079356843849943,0.15553171957862244,0.11139062312298914,0.11636457043568267,0.0828877015888659
0.07931563249589234,0.17377307033720524,0.07528535731741547,0.0918268849533781,0.15740112346250063,0.10588044262809765,0.13338188682967064,0.1192465590882668,0.06388904288757309
0.1364198248464958,0.0899944858045018,0.07146740998541494,0.18591561858661998,0.1274162764025301,0.10051162120541131,0.11755182971161991,0.12724092037145904,0.04348201308594716
0.08708528625607881,0.12660033686759867,0.084909727502518,0.08967044538428326,0.1097391896566731,0.08475214057175051,0.15346453931850626,0.10200746985884213,0.16177086458374929
0.1339927061370671,0.09790741913335062,0.15465704370033018,0.12127562672955251,0.0868155585861794,0.14492994602683565,0.11547705672701773,0.09159587526610957,0.05334876769355732
0.0691942770669788,0.09443035237667978,0.07240565214423024,0.07816470391631836,0.10860431550411957,0.0948633632914279,0.08925242542037937,0.10554039348355222,0.2875445167963138
0.10775988091050474,0.10758069556475924,0.08628330998310905,0.1252757855404412,0.09816406188146291,0.14577689757044063,0.10980521716991125,0.10787799551880577,0.11147615586056525
0.1492262314721375,0.08811045039841425,0.2097467504277146,0.1400218375069364,0.08258388420385569,0.0951779555115852,0.1110043592864088,0.09171558775126964,0.0324129434416779
0.07907051633936694,0.11930927354585226,0.13475588413752512,0.08239503860190085,0.13584960250573827,0.11233982280357906,0.09960507158674164,0.09497630778398969,0.14169848269530608
0.0539793488155448,0.1355410630088952,0.0900511063330423,0.09535162342692273,0.12869394887247912,0.13455088177667204,0.13633730366370256,0.10506050609932734,0.12043421800341392
0.1308468717565783,0.11110364213978259,0.16477328092721377,0.09099693552231546,0.12122915620229746,0.10911915074960453,0.10324939561583911,0.10678339339987754,0.0618981736864913
0.10183502424590052,0.0937299314104874,0.16868032619973916,0.11409000577948325,0.0894112071687803,0.10177701048791771,0.13183728097425948,0.1009948127504711,0.09764440098296105
0.12210095529663072,0.13444758604513027,0.11395158146660418,0.08427062879426268,0.10490589077144576,0.08057211342450209,0.11577467672831916,0.09441242396630349,0.14956414350680167
0.08394909715159671,0.08161890345435052,0.1164805739382308,0.13024927471832826,0.08851034716705702,0.11442439228344024,0.1531504354806656,0.10299103582145491,0.12862593998487595
0.08660130352628183,0.10350879965783681,0.0622858240727023,0.12821746424179725,0.12398425938881046,0.18688655240531196,0.0913939855667208,0.1269820851872674,0.09013972595327124
0.07473764796383746,0.09445932014551604,0.0936929201918247,0.1155500991244186,0.12231892790540654,0.23792228714938482,0.09842064218670703,0.10929303520667522,0.05360512012622957
0.10190054176787051,0.09242486591532406,0.10781438978401259,0.11313784168551,0.1322113353207479,0.16590184899691557,0.10022739437910226,0.11685726140566201,0.0695245207448551
0.08173139180528115,0.12806673949436073,0.08642199675506346,0.0869406281053942,0.1063476884052098,0.18499793314624913,0.08159122388685756,0.08714093777509067,0.15676146062649335
0.13196022599264048,0.1090938011401214,0.10947104824406134,0.09927485642217641,0.09369195775196826,0.10712572115878692,0.1836795658060327,0.12008567561815636,0.04561714786605617
0.09166623239323357,0.07250847686442362,0.10604600846241251,0.11335082371795979,0.08325013827900456,0.19411985075009255,0.11572031941623277,0.08834569639645938,0.1349924537201813
0.07569985763545421,0.08129965975396537,0.20795579072077874,0.08315190376304442,0.09746750313532447,0.07122639548470232,0.09366533454325947,0.09398497921810262,0.1955485757453684
0.08018778786636784,0.09799679361919113,0.0870252787903914,0.14562151891084144,0.09026100454072834,0.14306314891995042,0.17135629265974317,0.11520980972900219,0.0692783649637841
0.09468299378419381,0.10769702351064853,0.10733638550436471,0.08662666266658721,0.12918790678587888,0.10722178161514447,0.10034374652325834,0.12221045675255282,0.14469304285737117
0.1373898973877344,0.12627881908085895,0.10372622715315481,0.07435465261027699,0.09932075466140973,0.0790039379105351,0.1364167660560849,0.1070565665154728,0.13645237862447226
0.15206968794134748,0.10108113911805046,0.157371942074761,0.0996326016579301,0.09742447076994164,0.08347551470203536,0.13064847083409212,0.11389269872013737,0.06440347418170445
0.12463615450829853,0.10372948113680203,0.15369609551309224,0.13640292992622732,0.11450780962945212,0.07447701749713481,0.10322051911927015,0.11481739054020536,0.07451260212951741
0.0747682847483722,0.08269741470558374,0.15815160037991052,0.12278862041175005,0.09238847076522683,0.13671288551091296,0.14836909774792448,0.10981686167475772,0.07430676405556155
0.09139903479160634,0.11015920687071756,0.10875586236997192,0.07796640681585112,0.1015161061067199,0.16328714678470202,0.08515099090332172,0.1076651835693707,0.15410006178773875
0.09150683279226753,0.12561457120960715,0.0941547752273027,0.08469162445261784,0.10442192230065533,0.16908970419973968,0.12230485559629706,0.11922622733145562,0.08898948689005716
0.08067904073623959,0.10739364301498243,0.07774112691520561,0.09687263479543588,0.08939001017214508,0.06744183076415737,0.1156263274868039,0.09643541131907905,0.2684199747959512
0.10370871501314798,0.12820240259243484,0.1361779419249657,0.07145174965550322,0.11854307475722796,0.09456387833242745,0.1320377598474928,0.11948403659384188,0.0958304412829582
0.1348561699948855,0.0941810646910945,0.08192297123021129,0.14347547769315974,0.12820872941082861,0.09465366723694202,0.11337863407939948,0.13578433852928448,0.07353894713419439
0.08302757785626341,0.1681477762508962,0.04316332885403388,0.09859078022103633,0.09247632925144694,0.07471020303862184,0.10999680865956486,0.08637506568057236,0.24351213018756415
0.09859589446521462,0.09608517229637753,0.13792567344499387,0.08881847434858604,0.08933102402676901,0.06754163419523959,0.09138177652871199,0.09705495706096777,0.23326539363313956
0.13215146232649247,0.09718975651344758,0.12884919552758164,0.10737943239212266,0.09642804577972874,0.09390399754055427,0.1530184997520332,0.12386433067661011,0.0672152794914294
0.10734483098715471,0.14646616819885713,0.09846245777499696,0.12344774406270324,0.10573300058406963,0.06949884158385124,0.16262968762781768,0.1145227939590664,0.07189447522148301
0.09341696429444685,0.08073368853057827,0.11581390721868541,0.1051636699845002,0.10559177023594529,0.10209504193736928,0.14584500901189112,0.1305269031290495,0.12081304565753415
0.06200792566478374,0.10459542280365491,0.09317196367908433,0.11169710195542402,0.1362847224281468,0.11893029536406745,0.10753987550784627,0.10844638426283955,0.15732630833415304
0.11186175854444141,0.1023811589656594,0.12425396300670755,0.10715492371844244,0.11956483638557514,0.11870026904767372,0.08684023471709097,0.12065489658790603,0.10858795902650335
0.1143916924898053,0.09220136816595335,0.11768066273034206,0.14494750198365156,0.09373031883697469,0.15253907454265506,0.16940329186350436,0.09967651565765255,0.015429573729461054
0.07559416505001622,0.07355069271067836,0.12687514656731078,0.09672497475961611,0.07920113144230434,0.0985267256743233,0.07945481740000072,0.0812181021973702,0.2888542441983799
0.08320671582304394,0.1272096135798232,0.06874072510004327,0.07453613004098543,0.12621779090271293,0.08167082682591703,0.08879271926832172,0.11543526287541599,0.23419021558373654
0.14614312095861473,0.09649915635561557,0.15115329939998204,0.10527845802177582,0.12496900256986614,0.11164788926742976,0.10602192488173905,0.12037960055778989,0.03790754798718701
0.09236276401684008,0.13241010566077235,0.14994539676203006,0.1100807492169303,0.12765635991583724,0.09564164575340785,0.10636628460684315,0.09888430930486643,0.08665238476247251
0.1315511527586504,0.09118397208456012,0.16848136626212595,0.08012188655082216,0.09854074227545517,0.09840742957700567,0.11661655786112383,0.11983914471751277,0.09525774791274387
0.05173258502951008,0.09435938758606205,0.05110615989836138,0.10676036870903116,0.13342817356709666,0.211647241432221,0.1028349847649749,0.12943981320063483,0.1186912858121079
0.1819564514942822,0.09518070001362648,0.18783891720119272,0.08535600200190463,0.07934420711391872,0.11201967079040574,0.09076603138662663,0.11271285319206677,0.054825166805976135
0.08192760591140504,0.13609756708894807,0.05573010041551796,0.10362950000241593,0.11820002558786562,0.177875276866676,0.12457178145152215,0.12299329121325871,0.07897485146239043
0.08464297642768585,0.09725226754517798,0.13658652717083136,0.16785554832492477,0.10881503965367072,0.09992200332629773,0.13567389363010485,0.1046599398232243,0.06459180409808242
0.12640903656042565,0.08317686777923204,0.13044001947356587,0.12058777295752882,0.10131535930087869,0.12407064232091368,0.1507102738433894,0.11499186400935528,0.04829816375471061
0.09837076973254606,0.14307670217227456,0.060294102645223564,0.13324494323424027,0.09608772396194493,0.1496683408362891,0.11586124404856185,0.12194900953239983,0.08144716383651983
0.1369588971442817,0.09730717001433598,0.0959122516662513,0.13643100798793514,0.12585241710322734,0.10419078979972791,0.12227506634939107,0.1270776065939658,0.05399479334088373
0.062498186097843335,0.09232196780350517,0.1039227027206145,0.06530656707629034,0.14502567937349722,0.10776620248716884,0.08119265520253664,0.10337197186486148,0.23859406737368252
0.07555901099229557,0.1277720042444669,0.12531427517622418,0.10881518837437824,0.09768865844393308,0.08858152287887593,0.10589606792965617,0.09587654613470374,0.17449672582546624
0.09840251947877399,0.0998644914757119,0.0710912554061159,0.1496260277324787,0.08285165013457461,0.14807215541832264,0.0936423573254876,0.09960411609589669,0.156845426932638
0.1193932661422748,0.10300567165597213,0.08600687928500785,0.1109497119743673,0.09078999113580688,0.09846435596618673,0.21376361021599719,0.12094045526818964,0.05668605835619753
0.07347597767928195,0.09064309545832905,0.1711828794064556,0.12473962148712751,0.12368341577590487,0.1319040973265916,0.09953276149548267,0.09815724851680364,0.08668090285402312
0.1639846179387034,0.0982693427584639,0.14151879084155422,0.16677380018939555,0.10480786932702656,0.09037896828042531,0.1040297525594915,0.09407998748263692,0.03615687062230256
0.09450134345082535,0.12011380000808074,0.08708061244601989,0.11054713550279889,0.10894022855721207,0.1314954392673431,0.09463042366696302,0.10693935667826188,0.145751660422495
0.12829693062017491,0.08850417005036164,0.12128022393488998,0.12146905807304038,0.10587277489452031,0.08116100362587066,0.18283803672941323,0.10794589430045627,0.06263190777127252
0.09341584133426543,0.09469967573753912,0.15674918050769626,0.10447687023116166,0.08878856425379515,0.06984697089763166,0.11980199213961479,0.09742760498453683,0.17479329991375905
0.12727126532635882,0.14757716964238052,0.05334617822651172,0.11318733624673012,0.11564153104703227,0.09206642706154607,0.11183840889031359,0.11017706323968628,0.12889462031944063
0.19029267524175217,0.09277739370710396,0.062219339138027685,0.17363385262988915,0.08838941026655363,0.11455840284054203,0.12364475876198051,0.12378074077724777,0.03070342663690309
0.15106186536430113,0.09613734327025879,0.1547637493861382,0.13537344837721257,0.08935405806642684,0.07148817970825948,0.1744092647488391,0.11234488272877181,0.015067208349792064
0.11399850497756958,0.10416306777310413,0.134807423878018,0.07795677764429287,0.10010623688875764,0.08328986595794256,0.11709973214914327,0.1268950816384484,0.1416833090927236
0.1600671538774243,0.08326921270887029,0.21134842968477907,0.06996835535917077,0.08828616697205897,0.0681121928487931,0.13437264523823123,0.13551443738229674,0.049061405928375636
0.14446044922777831,0.12244359568640163,0.05837766204421151,0.13867309390483032,0.11841315797920055,0.10147054403109242,0.1122223607053412,0.13416532577185017,0.06977381064929399
0.09681422876733602,0.1314752558743437,0.13613236913864807,0.09802043296786982,0.08384681528284842,0.1665150055586966,0.11751529737923298,0.0965163605501062,0.07316423448091817
0.14005794965376125,0.08139788754600048,0.15464719911501873,0.122288918644473,0.09837239585347296,0.14142326472003908,0.10032103389458837,0.08965992995209367,0.07183142062055238
0.07770950272624094,0.1059370147617859,0.13247641670106997,0.074713095839802,0.1172536097035856,0.1310831478433295,0.08084069530858135,0.10822721138859757,0.17175930572700718
