0.08275996890280275,0.1229976192264655,0.13855763834565943,0.06333431643309022,0.11718654998993616,0.14841445730935185,0.12225312486489869,0.1288945252614762,0.07560179966631927
0.08127291059473034,0.10257057492770587,0.14166484628226053,0.026354325776753108,0.10766248577330678,0.24183056366418287,0.09804881786673482,0.12600254170948336,0.07459293340484233
0.24064550548309524,0.11076308133752262,0.03669625665151419,0.0710873383999366,0.07210911380092622,0.13948655648897768,0.08298040735692853,0.11813190780710936,0.12809983267398953
0.1022814288229091,0.12562464417129576,0.09017185101282704,0.03828800242659796,0.13893520494974868,0.12384629277181673,0.1210750195179477,0.11601695918192677,0.1437605971449302
0.1727031544217732,0.10755361780258227,0.04304529796726123,0.028196209220911688,0.13972378205309852,0.16072987608999348,0.1103215219875181,0.10611064534964722,0.13161589510721428
0.10765916851052659,0.12487349928433722,0.06839603973597226,0.10076097036183358,0.15755131696470523,0.09677438298567333,0.10564226384336951,0.1324438270970511,0.10589853121653119
0.11873747935482083,0.10902258010452641,0.08448317561643809,0.19141794687885763,0.09366480998793862,0.134663690858652,0.07787789384874517,0.11478235384573608,0.07535006950428517
0.03273488461266852,0.07035833934431499,0.4071770412886062,0.03811666753893914,0.08247716003911558,0.07512640253355182,0.0797261195028604,0.07150464506359824,0.14277874007634514
0.177747232607493,0.12209098300116948,0.07002568470006053,0.08468407779129021,0.13122056816670227,0.11389075464794025,0.11499808810125482,0.11910666956269707,0.06623594142139229
0.096201753317905,0.12232506791833848,0.05834904207526733,0.1238866120430937,0.0914453354957117,0.15096818418565885,0.10899451751003485,0.11760718297828253,0.1302223044757076
0.1261715240615174,0.10514194466187231,0.14671021547876426,0.11592888593168194,0.11904253644676195,0.08937083644061661,0.09927837749057089,0.12349844489682472,0.07485723459138997
0.10799182237831034,0.12928889666654828,0.14194882585473304,0.08821167439387538,0.11482673835490048,0.11020994458148438,0.11409762530303698,0.10463464221753149,0.0887898302495797
0.09680444767354002,0.11859819238024112,0.028917810351997388,0.13035405327135438,0.10231994567317444,0.17408735200112677,0.0990747608204311,0.14511942772279313,0.10472401010534167
0.08739195537325668,0.10851137817268762,0.12041143188604898,0.16023306625337244,0.08120281860087661,0.1467805402925986,0.09382924624022719,0.1116714850190176,0.08996807816191432
0.10510365995834348,0.11968081058735718,0.14414329640853238,0.06679826938843525,0.1265003080432667,0.12288174617270907,0.0763581373922545,0.11888717590997215,0.11964659613912931
0.07227363614406546,0.10940503340159623,0.14559341339619458,0.07086396111267311,0.11383437366063415,0.12012301326668469,0.12852123246523067,0.10285657950336807,0.13652875704955303
0.038708996097960593,0.09380839732185509,0.36679919563298596,0.032203414311081396,0.09194161759443083,0.08025847272787574,0.11332649676392237,0.11048797823197172,0.07246543131791626
0.0577314089159538,0.10599366822831235,0.08032622416546782,0.221033009489203,0.11210716354714166,0.1366686807036305,0.08849617909036685,0.12510368872240357,0.07253997713752051
0.07606953553969964,0.09309752430976881,0.15820768211622474,0.12646488180572754,0.10365031540145413,0.09135804136622701,0.09636199848904191,0.10817178481380228,0.1466182361580539
0.2121625354921334,0.1213657731623325,0.02788624179927672,0.09231420457382222,0.11087490234099821,0.16724462879623858,0.08460511747008614,0.09099886987980531,0.09254772648530689
0.06817808172336749,0.10169927825306474,0.1649271261062278,0.13953186790486613,0.11683784994981912,0.08754404144881169,0.09406904650274994,0.11871235031233822,0.10850035779875485
0.04713123753371636,0.09068597295374638,0.20050695280263617,0.0866584869162671,0.12034365668057567,0.09379346307472154,0.08761114402436936,0.08944744991236135,0.18382163610160604
0.0820794037871128,0.10589751081826886,0.3279832423315305,0.02690717983751718,0.1255653363600553,0.08340334813930185,0.08208591590598015,0.10151817768149085,0.0645598851387426
0.12591124469469792,0.12811180637500377,0.09924035295894813,0.04222172828857545,0.12953902162632389,0.13357939394824514,0.1060603949328378,0.13018402246184588,0.10515203471352202
0.0630246580158801,0.11350184252706481,0.11703669509295204,0.0937563098307775,0.11135071406107731,0.09775835919463577,0.14682025014771272,0.1187764660568823,0.13797470507301748
0.0973646324347011,0.10214771581506525,0.1865288277728641,0.06561791371764512,0.07021364447599786,0.09579589170573292,0.12242898929117225,0.09765585867658844,0.16224652611023294
0.05238501061332859,0.11156885596184245,0.06339202190935962,0.06682040900823262,0.17199917988300542,0.12841520808404064,0.14085657728397474,0.13053541956629552,0.1340273176899203
0.07813355949884626,0.11321110352087267,0.05044427916800168,0.17222621762854462,0.13602310081714195,0.13778128632811565,0.09597365751126224,0.1255989432184891,0.09060785230872588
0.13826374260115487,0.11426016590695931,0.0775672862752357,0.11868625945758797,0.11510960701566342,0.11735842539907847,0.1240649816413532,0.12214385217387452,0.07254567952909254
0.18029509396956098,0.10247993308668585,0.15255750607878502,0.032012495413954754,0.1256931976053208,0.11927848012528026,0.08694772842013221,0.10343961677821578,0.09729594852206434
0.10356982844612062,0.14128115731470373,0.11822293855982564,0.0478689108427758,0.1609337957767197,0.09898404495195688,0.0956258976940519,0.13053123876604003,0.10298218764780569
0.1480752722277235,0.09230644334626698,0.28916339221021414,0.03707768776463593,0.0661966064479353,0.06472357101570557,0.086985562187887,0.10303031649608198,0.1124411483035496
0.0657248357001331,0.10849007393440817,0.07456702974088676,0.18010245722769117,0.10737065631643354,0.0850436359163167,0.16004258776678557,0.13319759568712056,0.08546112771022436
0.08347358844519916,0.09383202466504652,0.2000172558607165,0.17350307529546896,0.0871578780824455,0.06943569251784303,0.10080607340350263,0.09496996271787696,0.09680444901190073
0.10111567650101354,0.12335028311849726,0.10093448449053362,0.04055391096037158,0.11534744477139829,0.11790210126825684,0.140976185721132,0.13211581077872733,0.1277041023900696
0.1060974629201301,0.14009279313519332,0.12944597488334442,0.04590730214277191,0.14875641030715173,0.10011275561307748,0.08537849456062573,0.14382154520893356,0.10038726122877169
0.15769009833341596,0.11976502385249305,0.12281939645935867,0.05823829137181438,0.12128606221296885,0.12397427259390019,0.08591170565501226,0.09689542524972737,0.11341972427130927
0.08048352522591214,0.12162748541889203,0.04453826005408642,0.14242288865326203,0.15349712186071462,0.0869500309684861,0.16266319286177647,0.11784956698832953,0.0899679279685407
0.12094998199869537,0.12851552523262977,0.06276672331021695,0.08489484430736678,0.0802776716147189,0.11779393315853005,0.1333280368254838,0.13967428454759878,0.13179899900475958
0.1086346605713583,0.10283994527380497,0.10586100699002036,0.10635378367516858,0.13322476364911315,0.08410741248593549,0.11070051807235344,0.11121036413534813,0.1370675451468976
0.15192656553143033,0.1310243077933402,0.02671863919260013,0.06424412027076423,0.14875596644837158,0.13291122962333285,0.11194150654975159,0.13966897544872112,0.092808689141688
0.10244432141316989,0.12632218917387264,0.10517638503994221,0.14035355385474654,0.09050227649816717,0.14583584328717694,0.09056449571443104,0.1306428304548363,0.06815810456365733
0.07710096862377903,0.11200295439364039,0.2303018070827054,0.032316677382581004,0.09292828111280092,0.13054067530163468,0.08619174569045225,0.10430406594873613,0.13431282446367018
0.10733526240808054,0.09703973798388893,0.12035996253562302,0.07672746921603603,0.10690445476029431,0.07926604613917004,0.11553642563032201,0.10235092563672489,0.1944797156898602
0.05194429914235698,0.08935686915161246,0.07108011353231247,0.2537070746727183,0.072828148307457,0.08764422770921933,0.08848887021280133,0.11610395187358162,0.1688464453979405
0.1867372174511389,0.12534969277443145,0.08620239205769227,0.08029394974424406,0.11658500133628556,0.09019764158693355,0.09414933143258597,0.12890878456136437,0.09157598905532387
0.07474177053192052,0.09638703940784794,0.14193095228764163,0.10537918673931339,0.07560509623454599,0.11716994308202648,0.10900908692644284,0.12067580662379385,0.15910111816646733
0.06621080698419445,0.09648023102972958,0.26480210060480874,0.022714235572917293,0.11996197622326842,0.1255802126102048,0.11273332967660381,0.08501770742370264,0.10649939987457024
0.06857644920937436,0.13317144351605248,0.18382217235709766,0.051512340510198866,0.13121895361760136,0.09336196269509238,0.13546601492930088,0.11400603331117422,0.08886462985410777
0.060555840026154856,0.09361480376080962,0.12750015467546527,0.15937500828925513,0.0830551542028186,0.08183168345197263,0.08200887614368091,0.11073580568343118,0.20132267376641177
0.050083923566682904,0.09851922716002541,0.19240720835953584,0.1666699335204871,0.15098018753476025,0.07771665252802802,0.09645952872387588,0.08712003893949533,0.08004329966710926
0.19290639762626827,0.10958615453662264,0.03811037674524434,0.13682234094858156,0.11922212697153294,0.08717008704083314,0.13138894563535566,0.11754629879691558,0.06724727169864586
0.09067879344075751,0.11447803156617435,0.12968192230544412,0.10447820120509767,0.09578263030922281,0.11054230295237984,0.11676998805177491,0.12083558601750911,0.11675254415163976
0.1445351529869481,0.09202481087554236,0.1887624328579713,0.07042986283721937,0.11461570107041515,0.11181270215577808,0.10423616026329618,0.07665583368125187,0.09692734327157755
0.11809194130486882,0.10328253236509137,0.15226407798804945,0.07274636161333942,0.12911636293339251,0.06530953939188582,0.07241071730558367,0.10186182649990627,0.1849166405978826
0.16918102237583063,0.10094687157196587,0.21576063487822317,0.05396374235172255,0.08072695381486523,0.06749017672166456,0.1044390692373404,0.10642239376307489,0.10106913528531279
0.058509520380319556,0.09796657788051533,0.2391516970949513,0.06510747819733773,0.10976785425909939,0.10437511997330369,0.09221745475543112,0.12872600392502967,0.10417829353401216
0.08607076496120875,0.1082494104059799,0.12160274083162577,0.06681380552763841,0.12670797171196205,0.16168448731315202,0.07911946198401303,0.11073829059532096,0.13901306666909904
0.08623013099748826,0.1254278318079911,0.10799591649088107,0.061275888735672045,0.13042819462223978,0.1816181088104363,0.09051429050119215,0.09601383353245646,0.12049580450164273
0.1232886910630107,0.1130201564910544,0.06655650036626601,0.05949387367564746,0.08892435225718302,0.18370172438156165,0.11849706170524689,0.13237824848641172,0.11413939157361812
0.09954921361157583,0.1223109817835439,0.03446061398141261,0.22068177148695503,0.14330272772366587,0.0963240922381491,0.09827648282607686,0.12013924859587903,0.06495486775274173
0.05346234277467441,0.08342456959636563,0.2648911803007204,0.0475347487744395,0.10231832185109145,0.0875157535463894,0.11239444948098663,0.1006951117113752,0.14776352196395737
0.04994577976420852,0.10377386879056005,0.17086951807950135,0.07731312569780929,0.10219561475936038,0.13492871517499358,0.13903860542005653,0.10265241429768042,0.11928235801582983
0.05807656943246451,0.11513863545469082,0.06223669752132316,0.12832714478958715,0.10859016288547052,0.1716401401775144,0.11085520617385299,0.11450385555275584,0.13063158801234062
0.05995972848354616,0.10228062441746004,0.3152070440545459,0.0431716201478636,0.08161544532407373,0.09783158543616578,0.09145100739753716,0.09860573980097857,0.10987720493782914
0.12057128376436906,0.09899812971731813,0.0801203995017845,0.0354266677821947,0.11747737694896687,0.1492104509804539,0.11256313622815646,0.1015948985050718,0.18403765657168467
0.13971828702922023,0.10493361801728512,0.14549061241471692,0.07213751200844472,0.10102780306673476,0.08031225482791554,0.12287317594559159,0.12999988447770294,0.10350685221238816
0.04198361821245803,0.0871009930755297,0.20364146982051642,0.08814842205033535,0.11953175339981038,0.07475936766274412,0.12331862802503152,0.0980089444060963,0.16350680334747825
0.1101585851886142,0.1359177713606781,0.045322304499256255,0.0935395478663717,0.14249126182578511,0.13105804630890944,0.11656427627115047,0.13743892134118899,0.08750928533804576
0.08295932627091784,0.10521547185398965,0.1713263926774006,0.08590646987872576,0.11549664778415043,0.08157703381102287,0.15253687319273881,0.09537085072071494,0.10961093381033908
0.06545037504642569,0.12393330776390815,0.04954482405066779,0.03582592564417683,0.1161749107796014,0.21565344791769522,0.12545727706008247,0.10114699919114005,0.16681293254630244
0.08421351968737796,0.10393641643148106,0.14878515837203804,0.11685165736017612,0.13307627106298583,0.11414475632912742,0.09025878041673623,0.13086565312467743,0.0778677872153999
0.14217808815944774,0.12138004077588328,0.040515558629195876,0.07905526110028417,0.10055093319559598,0.15324014225153004,0.08998417856573622,0.12420917444665762,0.14888662287566903
0.06725595232687609,0.14009175546366662,0.08771658485693117,0.10462724717213956,0.13697576599219252,0.13647982486037824,0.10998256644054609,0.11740297544692903,0.09946732744034076
0.15878581224098676,0.11746370255249466,0.031187755171523644,0.06517351511955903,0.1481489048365814,0.1332872954420799,0.12016359951980297,0.12705664410904613,0.09873277100792544
0.13976592903663976,0.12823045444559186,0.04046805433083022,0.1044582156270051,0.1353129306539719,0.10336503142184561,0.11908816604639483,0.1254523476134719,0.10385887082424883
0.15238550412277443,0.1315754870578483,0.05533653328503849,0.1308067232257306,0.10635315435618357,0.11497041249056794,0.09283625142003887,0.10601375809241943,0.10972217594939825
0.07376446517099802,0.10934665412314282,0.1291554537819256,0.16510955632055138,0.08755601536325414,0.08550620638244007,0.12823976086306005,0.1261040595106571,0.0952178284839708
0.07379965395606704,0.11625196664980225,0.10378010739644876,0.1321136769216068,0.13351691953585332,0.11715090922710447,0.11136694990180991,0.11089323828927639,0.10112657812203107
0.11409589773099797,0.11924236846682246,0.045959435367453165,0.06314488141013608,0.14137850052930423,0.1222998876749792,0.1214067245916991,0.15938838382978052,0.11308392039882735
0.057692888665647,0.1282352556356535,0.1554207229879243,0.0545112075066011,0.14366815324051052,0.13246072329193884,0.09360644636575177,0.14398694066043402,0.09041766164553892
0.08125978042599045,0.09417768815433707,0.07531239573609755,0.14543890192999706,0.11657158753248843,0.07232217062352447,0.10947981310926208,0.12242888633431825,0.18300877615398461
0.07360224739234263,0.11365945150823885,0.21671887108614726,0.05653565537464927,0.11130793054395655,0.09653844696090567,0.10478530597380235,0.1307908177250106,0.09606127343494682
0.11070992549541046,0.1284127458532315,0.13121361217749994,0.04728867832657887,0.11904389226389715,0.1119834853961042,0.11660159438448876,0.10837335265042208,0.1263727134523671
0.15531653549768729,0.14082871252207643,0.05479842243148941,0.045562083273525365,0.10568468445575607,0.16885878805745155,0.09754764292015172,0.13298857951471646,0.09841455132714573
0.09256779110474744,0.09039048900528128,0.17373516871001418,0.14561519462954056,0.08513767411693855,0.074019505345195,0.0918390146679573,0.10434845445195969,0.14234670796836593
0.08750082588046561,0.1254126590127782,0.18624387633919826,0.06394362674244222,0.09935501197218795,0.09875186171823869,0.12879736324921115,0.12169182963825557,0.08830294544722232
0.10726694418575915,0.1302379325725328,0.03757702547319335,0.06812759011435822,0.13702239102962935,0.1717989793606788,0.1027639164999266,0.11015672345172878,0.13504849731219287
0.08847786111492932,0.09772006743104666,0.1084965833244468,0.09512434186912817,0.1171131737562875,0.1225745404478995,0.09444835191504053,0.13919468757803186,0.13685039256318965
0.04655403159108129,0.09397163825580168,0.3168777446427744,0.08813749075095356,0.09400187222650891,0.09976065049382903,0.09166185674135667,0.10200206350766189,0.06703265179003266
0.0686181571303202,0.114773603093014,0.10493797802723324,0.1228987804364534,0.08735191666148763,0.14679745687017268,0.11835306611580683,0.11736128027709071,0.11890776138842125
0.03138619866078926,0.07910925696192196,0.42216077388932943,0.0385748576351705,0.10213377605335787,0.06120673534622941,0.08602292897546755,0.11232808452000921,0.06707738795772475
0.20500540042218232,0.09589993909249377,0.08509493741766831,0.027651530274372477,0.11576163012473155,0.14061403959500166,0.09684451676163475,0.11091456502913116,0.12221344128278404
0.14699839240971377,0.12661443789915702,0.03584119948271731,0.11414634226677693,0.12530139485247263,0.11424762699495809,0.09654631650006544,0.11972370036645587,0.12058058922768287
0.07034017767127489,0.11714475132699835,0.05837581698339364,0.08948544358465603,0.13587402871364176,0.1435487065725847,0.17335599335709975,0.13134715444287778,0.08052792734747305
0.10460679975187033,0.10496371027980807,0.0823699484197374,0.06656229983159086,0.10505937555080924,0.11558556168573475,0.16425803791569565,0.11351818325270802,0.14307608331204574
0.15268298531096477,0.09403324273086354,0.017606520966999373,0.21152596642071017,0.13104125217961474,0.07763850092698296,0.08949136933838477,0.11053850278415724,0.11544165934132243
0.14726975114102211,0.1312617413189742,0.04647019531959426,0.055012594835928165,0.17505018611742537,0.14697399167290082,0.1103885510768061,0.11332923036724767,0.0742437581501013
0.06470105979282406,0.1118849337745184,0.2326454848468129,0.04179269788677309,0.10038140481398679,0.11101223470095695,0.11820161763265319,0.14651299308419233,0.07286757346728231
0.05261624694711467,0.08021946973499765,0.06455292761195101,0.25793537344697587,0.07142106557004492,0.09392708017964957,0.08529981505317526,0.10321822812501497,0.1908097933310761
0.054185106961423986,0.10999125299555758,0.04768147686328262,0.1714717491500982,0.09595963634840125,0.14787375331149155,0.09288957652414966,0.08972885105464695,0.1902185967909483
0.04992034984063246,0.10883881382347772,0.2195164457860859,0.044055163440536727,0.16860348927891464,0.059310604258298906,0.10829172261279012,0.14909556222802808,0.09236784873123553
0.11787559398734522,0.13357823023774304,0.0648303798853497,0.12144775571493464,0.11851695119495624,0.08327999673238162,0.1179101252986056,0.12924773448684776,0.11331323246183626
0.07419733797976033,0.11465548843219407,0.13818822379203555,0.1372012418963324,0.1100040092808335,0.12345244112936267,0.09239725159035789,0.11796847337699119,0.0919355325221324
0.049712937912617466,0.09257953516247365,0.28461049129927735,0.07564967386068468,0.1229454893940402,0.10306261325992395,0.09507893821039703,0.10773328814603082,0.06862703275455491
0.04028743564921474,0.06858925289152566,0.44932627687387766,0.03283384370374546,0.07647824699889504,0.06086987612151379,0.05372871443474253,0.07668160434209247,0.14120474898439273
0.1183846507622307,0.10709349028313288,0.0673922644718136,0.2086147699209394,0.06889425963906472,0.13539499281176004,0.10718820404472214,0.10430192568871115,0.08273544237762528
0.15232853815149583,0.10654612257348851,0.02327797175560455,0.2701825149953115,0.08555148001521166,0.0673846106083227,0.0889248432650502,0.10827313404769094,0.0975307845878242
0.08325030774068949,0.129302524212927,0.10376614020543228,0.06931043878338118,0.13462727279351253,0.0914205060438345,0.12333616833774708,0.15207729464818243,0.11290934723429356
0.0818669246230561,0.11126464572010038,0.04655521055214391,0.2663953572984466,0.10358160923365295,0.07629325277154106,0.10095202364255895,0.12672544620365664,0.08636552995484341
0.06051540052639744,0.11956616334719539,0.11073584553576975,0.0736022781563276,0.13780527446678648,0.15365398222644375,0.1185663251365679,0.11439637075276288,0.11115835985174882
0.05012435900907696,0.08524786285004975,0.394503799525562,0.024319920905164036,0.07553945170655352,0.08281896789236562,0.07402403224032537,0.10499299097328146,0.10842861489762129
0.14088947213632955,0.12481843631287752,0.02152657211007308,0.044609244614786325,0.15190703302516714,0.18468503826302385,0.10560990399454205,0.09810679294667153,0.12784750659652894
0.06553014633418426,0.09707239699649167,0.16045645703858677,0.09087789690878069,0.07928077558926679,0.11090298879179383,0.0954403568312232,0.10512586431305225,0.19531311719662056
0.05890228227289101,0.09602319827238028,0.23258152230681736,0.10512221933560112,0.12686656956349515,0.08564158921782032,0.09543275789200889,0.12196955117155088,0.07746030996743498
0.1646875894294038,0.1270382756667098,0.017664713865720928,0.0665577104126124,0.14743670322568384,0.12743268026770369,0.09001174988170134,0.12116269826127495,0.1380078789891893
0.0834520746043081,0.13443244606183724,0.05180679418431309,0.0980122594441793,0.1288790574623291,0.1502764512906054,0.1446869480462318,0.11210156337483006,0.09635240553136586
0.08846635075440344,0.12328511830759792,0.03300916732359194,0.2609426638207983,0.10828503936835514,0.069440401019448,0.09973478275048098,0.13021293215545934,0.08662354449986498
0.057701969052620594,0.12382764398992559,0.17005633670013132,0.07876646646834538,0.15515954660846873,0.07560595697511036,0.14384720856732666,0.12592913240171447,0.06910573923635695
0.07604299713088934,0.10850859194119501,0.07552645216720293,0.07054043723763538,0.115036304281683,0.11123960016155536,0.14605631372275218,0.12139384798739485,0.17565545536969185
0.10144408135265832,0.13666395193494632,0.13050090175484386,0.056484263194539384,0.14486471378054233,0.10562992309676135,0.11090042642397092,0.12030121128437898,0.09321052717735849
