0.10150452750451444,0.06491644904200734,0.14220522075153044,0.1038604012001169,0.11264956583834707,0.1146392626576931,0.2107806125253422,0.08726233732900657,0.06218162315144186
0.09867708802983373,0.10271346440113953,0.06877431323599441,0.15386563017929353,0.1152092919189992,0.2215345088574353,0.0737146487862273,0.06555459609586178,0.09995645849521523
0.09970856207359509,0.09492024305523479,0.20489570622673314,0.1196039987662096,0.12186258107093238,0.07166120176481261,0.1370543474631585,0.11838896104826419,0.03190439853105972
0.10537322162269909,0.06110347784255773,0.032898265597100414,0.13360669300565745,0.10151901045671051,0.29915524834343477,0.04672500697569484,0.13054666474294657,0.08907241141319865
0.12024204275198325,0.13873997782004663,0.048266383067542606,0.13371022114334277,0.12011820684067505,0.21725935719126888,0.09184423357588949,0.08196790529313773,0.047851672316113696
0.1366217706988578,0.19245859994479297,0.036483818722826494,0.12114140706410421,0.10410978898836538,0.09769662755656316,0.17364623664402382,0.11919240364268695,0.018649346737779127
0.13966139332286742,0.09207003812346419,0.07650511937898617,0.13603024693300453,0.13274116460799118,0.08324032209350532,0.11951085179086433,0.16224984178911298,0.05799102196020389
0.0916855657426938,0.10375401919112463,0.1798629950104426,0.12447923677528483,0.0998271972874714,0.04484680190989427,0.1516822156113967,0.14872499142753906,0.05513697704415269
0.16261607140334192,0.10218573325162285,0.04818171855421318,0.12955013567060114,0.10668229662396883,0.09361608033809625,0.16439724841709363,0.0881833762587041,0.10458733948235814
0.10212516055581401,0.02674051223435352,0.036428789014285014,0.10807380768987289,0.103257057182352,0.3730280087482563,0.1623859161489208,0.05846850759845834,0.029492240827687064
0.19256631047682396,0.1700110757718238,0.08722620354502182,0.10970802446165683,0.10974729893222361,0.07487563662159935,0.05351028536049816,0.0541454166407686,0.14820974818958385
0.07654891426551745,0.07165925697180536,0.08721249777974077,0.08990881158287556,0.09970387175937141,0.07872250280004818,0.08327278094539771,0.1146429370946203,0.2983284268006232
0.14384274534281127,0.15151097795696603,0.1743163249981028,0.10371561587011185,0.09499297775076247,0.11799722675928416,0.07721676648769428,0.09459653850877481,0.04181082632549232
0.11797942582411496,0.031287386917278275,0.10770592395261984,0.09681842951990112,0.12490545186001456,0.1344658268509518,0.20555208720663046,0.09483105983086466,0.08645440803762428
0.07769536646452561,0.04428159797838741,0.1120026467252977,0.10700713781389927,0.11887370209414538,0.11580415160521045,0.13846671382200482,0.10623344084783191,0.17963524264869737
0.1722400319168581,0.050521819098433035,0.09334458068459127,0.09126434274425858,0.09807424032481317,0.14799018535499134,0.12507489522108223,0.08018611515769676,0.1413037894972755
0.13512413749019633,0.02580454464159027,0.055626711427382465,0.12702222934263033,0.10289699816033926,0.19236868287283881,0.09180010184454522,0.16814550256497393,0.10121109165550334
0.15349606294022838,0.18564275600888078,0.0651695523995664,0.10901874397434629,0.11846885492072534,0.07310373387253565,0.07724730057162771,0.11908076523498969,0.09877223007709975
0.11853617684095834,0.19603038692069766,0.17817229183823066,0.12184457882152155,0.13482140984096302,0.05265109375027353,0.03864182008347728,0.14493596081197924,0.01436628109189872
0.12239033498347007,0.08229330806251327,0.23967606828710653,0.13319299682134947,0.11397615145125917,0.0773731704887299,0.08408293166352361,0.10459146082668218,0.04242357741536571
0.10151496942303366,0.048583234169628974,0.06534336250474738,0.11115891881905256,0.09886094973975863,0.23095930003394835,0.21572931897320236,0.07123313131390246,0.05661681502272562
0.09797109941539373,0.01199189268912687,0.13729146245186272,0.06948966599109423,0.08312047003859545,0.40241435781971147,0.09490139119766101,0.0807263789940136,0.022093281402541007
0.15235878935852185,0.10500595110118022,0.13142426200227605,0.13357193771300604,0.1010197227615058,0.026269517482683583,0.05538004710564853,0.2045217798786251,0.0904479925965529
0.09597734485225617,0.09228393564455428,0.11608709396707022,0.11840133464288688,0.11112127257142128,0.21054796102554474,0.06269658579717428,0.10927084280068482,0.08361362869840738
0.13617828727363912,0.023144158757156474,0.04922026333056539,0.152624518412222,0.12042889794910529,0.22290525815524043,0.09268588068703888,0.09976221429214176,0.10305052114289075
0.11860677034825877,0.19672314199402804,0.05389260469018873,0.0940307020229621,0.11880283972431581,0.10961768450658038,0.1101344447650463,0.09113125703634695,0.10706055491227291
0.12668295123802187,0.06277460432756668,0.02305959962785599,0.11537731107003324,0.10110150213314446,0.20264364472934873,0.22448242413614775,0.056588677173879075,0.08728928556400223
0.11622745966889919,0.02278346736174572,0.19917470054543496,0.07026386963321259,0.08152259844156907,0.2861689392021806,0.07542514004717871,0.08825469443327455,0.06017913066650469
0.19924200838905579,0.03444768097369163,0.06123441554158084,0.11313095666046359,0.11659153784601618,0.08741507835150923,0.046917836161038944,0.0966665790532462,0.24435390702339765
0.09908322367486277,0.035561592094391976,0.03790360490052316,0.1028654942014176,0.09743344142913614,0.3256084203733986,0.2359509962750126,0.049895297802029136,0.01569792924922807
0.10597126053328158,0.15522577845020305,0.1752837032576224,0.10266037449530328,0.09196670708907334,0.1084356526356916,0.12365327481345868,0.10515704495526527,0.031646203770100766
0.22359091822699972,0.06642119971121503,0.12003340606516262,0.12301855159437154,0.13285481411102906,0.04188573822362698,0.0899940173821197,0.18222860806889027,0.019972746616585213
0.10257206868175084,0.04192222408056411,0.02785197673502189,0.10709203726926493,0.10249493162812605,0.37164978649574026,0.09100070565523867,0.13046936516730612,0.024946904286987037
0.11838628731364036,0.1128512337561594,0.14820681326098115,0.08251508450280004,0.08329442963683197,0.012358507816402875,0.0722200540457051,0.15486113031920198,0.2153064593482772
0.06074909267578221,0.053497292701815385,0.1116909565502991,0.07302657128382654,0.0935189257789455,0.3553541097480566,0.08770548009760203,0.05023773234101625,0.11421983882265639
0.12329492876891389,0.12052088210032723,0.06850742611260355,0.1289818402978997,0.13301533230584658,0.17032348170382894,0.08176501587390574,0.11865489059496309,0.054936202241711245
0.08281410340385055,0.0313066211636517,0.0422484871277124,0.08856547833517313,0.09755406574378273,0.42566760814007204,0.10632909703113524,0.06422315600696081,0.06129138304766144
0.10018526991096373,0.07398490435486423,0.06058434206356512,0.16279078317564077,0.1387340978541506,0.2611778347456501,0.0847314761932455,0.07479065923167799,0.043020632470241925
0.13982834829983418,0.038047782934427725,0.05776682089820973,0.11135529403276094,0.09118547831591771,0.29951557056587025,0.10686243540578187,0.0809552220607225,0.07448304748647513
0.09552181232276595,0.38154015041127093,0.1221188284289942,0.08670673494204702,0.08616871579518649,0.025175501713392303,0.1022697882000949,0.06293823884010312,0.037560229346145196
0.11524965679237538,0.10699437940192742,0.15406778746487249,0.084772090455683,0.107929204420482,0.10078903955764944,0.04369071149510186,0.10696270391284575,0.17954442649906266
0.12186903117066224,0.2026886225832852,0.11564350489161516,0.12165588363503815,0.11558363781944896,0.019760375057850815,0.12011509793207265,0.07020976465352063,0.11247408225650618
0.10308986724673581,0.047769418033981735,0.07616675842768626,0.11513341057343514,0.09591311208269047,0.06760400524622961,0.06268281825469217,0.21691206528554666,0.21472854484900208
0.13055973655503594,0.03881970991096597,0.04797245448810619,0.10543923132537059,0.0862703780282606,0.2848155719380605,0.05107172291759434,0.06624140265422158,0.18880979218238422
0.10242504672888249,0.0783263739246263,0.09122798145894255,0.1113673468359333,0.10265980090929887,0.2908172471515304,0.1531625319719284,0.05313392113338431,0.016879749885473427
0.10191281660110775,0.04846015013828749,0.16988570565516162,0.10421335908027274,0.09540854226722906,0.167800407687234,0.04735315069016824,0.1399832530815449,0.12498261479899415
0.15351310333608317,0.12486205442762699,0.12331284938653296,0.11760140604861168,0.12151475559574769,0.11441270405145591,0.061013193900041764,0.12710190369940932,0.0566680295544905
0.08854314847976141,0.0385627658804947,0.17563990428873713,0.09196757748408013,0.10599863966940178,0.21381905154157435,0.078170738670853,0.11164165451633372,0.09565651946876369
0.07215217781224652,0.19007434110331722,0.19294917567531114,0.09620030271431823,0.09583056249152216,0.09220422643311425,0.12396285608615694,0.08037282390878255,0.05625353377523101
0.11607440206447182,0.02167375270235176,0.10756856975540052,0.10094678908913608,0.10304399633874373,0.30220468746150664,0.11322331133793351,0.11507110447670904,0.02019338677374699
0.11993966328779047,0.06925469350665749,0.0637539578375353,0.1008339541402596,0.11005755908525487,0.314175594976195,0.0996095062675884,0.085573992692843,0.03680107820587583
0.09013446228209175,0.037097700147677576,0.04624163548164482,0.1342003809305477,0.12083121022456261,0.2648661787839366,0.13838998921026577,0.09679872007880115,0.07143972286047201
0.12152226907506296,0.11001152440277874,0.10268221930801104,0.12494958078465512,0.11819531918241155,0.1746855118749886,0.0568169531436028,0.11520996575599045,0.0759266564724987
0.16645441253757898,0.027234411301965716,0.06703708563078818,0.10726294063579316,0.08583016918191788,0.058236326199282394,0.08497109602282822,0.09738206487597785,0.30559149361386756
0.1522719549594919,0.11134670520917528,0.07440380187566549,0.1311262416284776,0.11643992261409804,0.11071512557676101,0.14415904404272017,0.13599277771327942,0.023544426380331083
0.11984894900625265,0.19812505012363615,0.14149859919698876,0.12922539992108337,0.10424619354761279,0.022546326846607123,0.03654525494466742,0.19546170873209776,0.05250251768105388
0.08301591766743432,0.22783524155901155,0.03213650125520715,0.12043362936365663,0.10834102451594962,0.022560501507213126,0.2021840949053844,0.09731185099921709,0.10618123822692628
0.1907335644273147,0.05104588281055802,0.18696104932869387,0.08493444748775092,0.10092411907343385,0.06993740416053117,0.13136773931772933,0.06477205785341034,0.11932373554057785
0.19244126293390754,0.10157234439722602,0.1404132399215515,0.13505653152143102,0.11899407470061585,0.08856232002731419,0.06000603502087728,0.12231008745506215,0.04064410402201436
0.117615062387129,0.03171723656107503,0.0848034202425132,0.09507499315789429,0.10673641780956333,0.2563128231040465,0.168449577172172,0.05628319411863348,0.0830072754469733
0.08277199184614165,0.12161170844091503,0.21115452159347745,0.07320211454005089,0.09612021057884639,0.04610744445892697,0.0386868724255831,0.10968497770697046,0.22066015840908806
0.07429542582471799,0.12629505879989475,0.0827078975234487,0.1103378965745458,0.10963784278344335,0.16012662875333294,0.18178223195954776,0.111657747065692,0.043159270715376626
0.08673020704657385,0.1380885700684834,0.13049551564391285,0.14546268054752132,0.120593256868252,0.07106744263667163,0.04566265446551674,0.14686494959965748,0.11503472312341072
0.17474598181410136,0.014132230581629485,0.09768269502752397,0.11244846127701547,0.09970974065675808,0.21079830484945336,0.13409848303055816,0.06821566649327697,0.08816843626968318
0.09474116408739898,0.12096407429022143,0.09146923573614583,0.09836353112627481,0.12444317379707566,0.22605373545551477,0.17997798912020743,0.051744329819823555,0.012242766567337601
0.10653048220602572,0.10375973339164724,0.037931828314984165,0.09745754097890942,0.10465957835191582,0.16161309540865454,0.2667744009168467,0.058860312258285676,0.06241302817273076
0.07612061267961447,0.06441571574754763,0.10679323030510007,0.12794468340393397,0.12557964474463534,0.03635951171353518,0.11534113691203052,0.11998084810900596,0.2274646163845969
0.12141892286362599,0.11272646922011838,0.1845908025000218,0.13572749347589838,0.10910593436509237,0.044415514416001944,0.08801176910781087,0.10019577822781804,0.1038073158236123
0.07230377513895157,0.21653634492090382,0.1316491169995474,0.11770547913743652,0.10083886828495404,0.10159652126319203,0.10254872778055052,0.1292128554432914,0.027608311031172603
0.10829524676873557,0.1952308658665424,0.12365702406481886,0.09907215017822457,0.12196361652525499,0.04791009192698042,0.12030179030688966,0.06850321205656736,0.11506600230598607
0.17773840928314402,0.05264080361319295,0.09967531767421271,0.12434399489165042,0.12231720304552218,0.16418329784004704,0.11310067184868562,0.10212357768705878,0.04387672411648632
0.16122719593713658,0.10454169475272213,0.07503299025643136,0.1046476821627711,0.10790449529638753,0.22228217293348052,0.08243752915742801,0.0995928808367403,0.042333358666902486
0.1272798482123216,0.11989006263153108,0.10247731727192233,0.13328977986939247,0.10957960937162697,0.15815127854168523,0.11371911379995615,0.11320978047641295,0.022403209825151222
0.05981081010164339,0.10374026622164316,0.0372368962986117,0.08308750962252888,0.08958296845674264,0.3630041729070181,0.08895841496927337,0.10721197809092199,0.06736698333161678
0.1165943549925625,0.13146233094870233,0.11125147074729876,0.15073984288923367,0.12018073424356734,0.042410051440545236,0.120703997580234,0.1075777161161678,0.09907950104168843
0.11783233162909713,0.07223691503350588,0.03261363838232766,0.08607892871087765,0.09857804340177541,0.2516081810926765,0.19296796374640035,0.05622034060672051,0.0918636573966189
0.08000474266087809,0.1175964577860759,0.1211324617612567,0.11794516828394581,0.10965044274756042,0.16236047810136692,0.036060879473316564,0.1583539212478193,0.09689544793778021
0.07433346599404572,0.06944677103419215,0.037812118620795025,0.11774186623564419,0.10595499928952617,0.4071927166925963,0.09034308342271759,0.06912205160791951,0.028052927102563126
0.11952600913766352,0.1617276226889913,0.04691073789223469,0.1616689403110172,0.12246416626457174,0.06956010318833947,0.21317554910513326,0.06822379550277873,0.036743075909270055
0.1288634821745703,0.13191855773225444,0.10525917415277207,0.11357596864264956,0.10587524717136,0.10062440438919733,0.09372107881515644,0.09555256260991045,0.12460952431212945
0.14550511875039082,0.08401115487758369,0.211572667334212,0.11986373327292314,0.12068804272817542,0.08328265343195353,0.10734737296186984,0.07330130140940705,0.0544279552334845
0.06350860324051623,0.04251988483758509,0.05574136672154806,0.11068046200735726,0.10709300262594139,0.42575221804218377,0.0743314683353908,0.05930664989591991,0.06106634429355742
0.13769899263222005,0.10445443242103984,0.07115176929671263,0.1253546728248058,0.10735848858437613,0.12165080966880232,0.1641038952755055,0.10662241703119683,0.06160452226534091
0.07870430339806225,0.19760375797880628,0.057450929493746965,0.08927428284773063,0.09689201934253988,0.1009085141376986,0.21420148235777306,0.06272032191589862,0.10224438852774374
0.11367794650694489,0.16280961421651205,0.13480885472422124,0.10371042760362216,0.09429041661676298,0.09018798083458938,0.2109117539560171,0.05130892189382305,0.0382940836475071
0.1512289808792293,0.14048814183964767,0.043098069057620335,0.09825073737976642,0.11415023042312018,0.0139816254808591,0.12588009812663095,0.12876546113731596,0.18415665567581
0.08160086651142966,0.049712231252275835,0.09558995718519069,0.09461130582286996,0.08720299025462934,0.3608906643427168,0.06956092556473725,0.09245731488969554,0.06837374417645482
0.19200407268475994,0.149990735388377,0.08622434067773015,0.11336701253482591,0.10348863361100964,0.07914982556893545,0.10308394342018624,0.11780556304765084,0.05488587306652489
0.09550649994085586,0.06933943558826276,0.12870794289589219,0.10515789716892533,0.10653899752055139,0.10322879063903423,0.21502315682319773,0.1029033036346908,0.07359397578858971
0.12715284923431266,0.07258068942690529,0.04056412539887271,0.10528356412802382,0.12090851839171157,0.2831708064365208,0.10854082541908044,0.12658709312583036,0.015211528438742315
0.0902429687441435,0.1029975542001438,0.19933407161138805,0.15268992690018704,0.11817584641380524,0.02224781675249675,0.12856548670015971,0.06606051160442246,0.11968581707325339
0.08341286343777139,0.028181003360322046,0.04844995539169524,0.07946663785062053,0.08613720862772845,0.43173013273433675,0.10103528276138495,0.06056792687820928,0.08101898895793147
0.13058881843911851,0.16886669070345897,0.0796044905023596,0.12073161273248141,0.10174275731129818,0.028782578732319198,0.1250780467909847,0.13688748146899865,0.10771752331898073
0.11839871810385189,0.07140067410720126,0.03523648311091805,0.10677149771372905,0.1102728359830059,0.2738621533301463,0.17976728355951144,0.07239855612500223,0.031891797966633884
0.08041321231236769,0.020170040754987874,0.08661132341707002,0.16386355490059076,0.10189471922060735,0.12290173350022682,0.08974318361058457,0.16270033426208547,0.1717018980214795
0.11987149121674502,0.05664107082785188,0.10309999087042254,0.11077443534909408,0.11723766211743869,0.1965204788866394,0.16732883967993092,0.09516593586704836,0.03336009518482908
0.10165613345998185,0.0499823790189271,0.07103695294674003,0.1016321656047491,0.10708408170841117,0.34198956304475914,0.07370763971586286,0.0581107280504666,0.09480035645010222
0.15578564074432538,0.05489696618838067,0.07245628980050749,0.12524141368816674,0.11251574841575185,0.10039143911351354,0.23652965784852187,0.11339214653137675,0.0287906976694558
0.1383641271935186,0.08630585826636339,0.05069740374474869,0.1766105446881375,0.12752393864919745,0.06362313612375962,0.14266079680367835,0.15003174397354488,0.0641824505570515
0.2297006886747339,0.1853482416716349,0.13529462102651615,0.10802947536609536,0.10668997623721743,0.04282207144678454,0.07007968043856928,0.06827520687159727,0.053760038266851114
0.08652653247403126,0.12736808965032845,0.02415967954604716,0.0934481197098239,0.12458569070489096,0.2152100157179521,0.18768834255413813,0.09975787150639137,0.041255658136396575
0.11087101215726702,0.02554669634674796,0.059868453503447654,0.09146793743455388,0.09255665920139393,0.41290928370624785,0.07043920205771169,0.10118674107562782,0.035154014517002154
0.0962230692458736,0.027472688622148564,0.10033403023073889,0.10512840852323461,0.10596354226250133,0.25530229639555463,0.08025676808046778,0.20958604203112785,0.019733154608352798
0.08688256943034182,0.05886390178384914,0.047826301873071166,0.09691424214022985,0.10538647860414797,0.24792712126958963,0.17514791701155874,0.12296644965992394,0.05808501822728771
0.11955585653299089,0.21261948932836253,0.06021079618785207,0.11483190550189155,0.1266235306314357,0.06840036648269326,0.1465749590861637,0.08301270892280928,0.06817038732580098
0.10158789603083611,0.05049725535181759,0.0479763917993565,0.10499310792925715,0.10827089669983576,0.3075292144510234,0.09517223564881144,0.08744362314114924,0.09652937894791296
0.1268023944177762,0.27141276701822986,0.16548374804995528,0.08057479441564008,0.08511146453226293,0.039150091775928327,0.076190953327731,0.07954339908093874,0.0757303873815375
0.10192688107106773,0.06479577308085659,0.0505604240879565,0.1313488130253646,0.10858511184556334,0.15922514187600778,0.22099164001320096,0.12161942696407735,0.0409467880359052
0.1081878168794183,0.01298236018795968,0.13690885287442425,0.13693837311872128,0.10862723260289586,0.2815316611336705,0.03489449263114752,0.10997941186977682,0.0699497987019857
0.09087557518888752,0.02683425458522498,0.04441833191030134,0.12337504116558236,0.115237950982273,0.19723961920753372,0.29712118551918204,0.08170390132794553,0.023194140113069483
0.13966139332286742,0.09207003812346419,0.07650511937898617,0.13603024693300453,0.13274116460799118,0.08324032209350532,0.11951085179086433,0.16224984178911298,0.05799102196020389
0.09956542210409676,0.2003765962565662,0.22078665710671375,0.11373243719605741,0.11155081207386376,0.046659604542480665,0.04239946989173334,0.12616888783287755,0.038760112995610524
0.06914375558741213,0.04028206428419696,0.15778977243913564,0.12443472188001792,0.11198688064236428,0.2147090460576823,0.05707737503639068,0.1271709332775037,0.0974054507952964
0.11597604285261114,0.12201873808414783,0.05848226993811203,0.10723881541182238,0.1082289414470989,0.17441562213180375,0.16527513736710966,0.06072304604458936,0.08764138672270493
0.11437198677556408,0.11305281307694703,0.17143267412747498,0.10652270391456735,0.09490539097098068,0.056412291285801476,0.23996836571559718,0.07364699373761154,0.029686780395455675
0.16294909151180959,0.10004215764753477,0.039395350988398053,0.10861986857497162,0.09572905955585666,0.16308614635783783,0.18773413799220276,0.08003700365130434,0.06240718372008445
0.09183477029369912,0.0923042764586192,0.04755494907727583,0.09229498394552416,0.11636328551616766,0.1688655693717586,0.06407317520096174,0.1473389143944692,0.17937007574152455
0.12128061090325408,0.10075255836497649,0.07453037026275061,0.11184581403850986,0.1123198332405549,0.16711315073628594,0.14282051514258307,0.09590193316702396,0.073435214144061
0.04749233294961116,0.2539610675616503,0.20173521491313642,0.08029656610526885,0.08500472014202493,0.0230024922681613,0.044634527523199456,0.08395633186200253,0.17991674667494503
0.09759936753931964,0.02220327720386173,0.03179583551464443,0.0852427659124609,0.09866808365824846,0.3782586023053645,0.16525174082510882,0.07245561936860438,0.04852470767238712
0.11112493548193109,0.07457761074072207,0.11649418595469284,0.09918638992482204,0.11726410534361277,0.17332412072419554,0.06680093417399273,0.17372150345005322,0.06750621420597781
0.1444983819048661,0.1386018381735623,0.06469747641358593,0.1389435447769393,0.11739637412181325,0.08574690364851208,0.1632051144052036,0.09401728001503236,0.052893086540485
0.13554546547681146,0.09144319769214981,0.036899856220855946,0.12056010449286347,0.12976966015299654,0.07494867009561636,0.12079369029081495,0.22785573211165785,0.06218362346623352
0.17451228106983377,0.054497236069187494,0.17682158988683228,0.14951881675032413,0.12728885477160554,0.08631953058927773,0.0954717035469218,0.09287934443113348,0.04269064288488367
0.0823200420344908,0.010868649703508877,0.06252747535512634,0.11738732517987809,0.08901459317665561,0.33502329173271744,0.05146822067723115,0.16994006576056475,0.08145033637982703
0.135328911049067,0.08436431761043006,0.11380009339658452,0.10550908114436651,0.12270048317399808,0.14027698955740855,0.12685537974605213,0.12511457450595517,0.04605016981613793
0.07648399273482684,0.21204038227802072,0.04127119062095058,0.11265594996136996,0.10015805742000433,0.13522943120283812,0.16260570044027456,0.0844904476654627,0.07506484767625224
0.14980078011942122,0.06661449457420177,0.14435028452447154,0.10839904662781952,0.10326999805933412,0.1441990691614959,0.16890353138081649,0.07503561955180499,0.039427176000634445
0.13527965251310228,0.06879326616377836,0.22086565932324367,0.09669814281230564,0.07379530167472872,0.02509143200928154,0.020729015123661657,0.08673879366305796,0.27200873671684017
0.08862584072767828,0.04464137974339596,0.12009696031685684,0.1181657675812477,0.10049357402469673,0.32376655049648134,0.04575155993029501,0.09033883674108721,0.06811953043826095
0.05816521262972885,0.07598829357800142,0.06632394110529152,0.11111950697735318,0.0924514896665392,0.3455703569848463,0.11227557304181764,0.11098749913017775,0.027118126886244123
0.20121241942787926,0.1293019723051846,0.3089980034782055,0.11203650854942292,0.0987325688836601,0.018454655509176836,0.012507701984053925,0.09119324346509851,0.027562926397318336
0.09055510585918147,0.19126576591815247,0.179711735368597,0.08872150432102298,0.10590506261048215,0.038415596417515574,0.0315555636339595,0.16138349807938512,0.11248616779170377
0.0658930302512855,0.16544590870163903,0.3492796908427111,0.07762839348333093,0.08151721690442894,0.03848992861497794,0.0333286362496854,0.14852224654569515,0.03989494840624604
0.1704354674928064,0.12844560065651323,0.06759575866453349,0.1672301684617531,0.14294259462414366,0.05296122325397747,0.07252472087875259,0.18459526173839866,0.013269204229121397
0.13217292203384787,0.11460867204487844,0.11199975918173892,0.11795870093170165,0.12081362360061526,0.08918331914667992,0.13797579553974193,0.05949697656972983,0.11579023095106618
0.12416651917130046,0.05399774914844718,0.2454106948541334,0.11241065464874365,0.09734408539131408,0.05979932771216229,0.07311115736412827,0.09014006274817771,0.14361974896159307
0.171680851639292,0.1703628214389444,0.05143728344391269,0.12351775024359445,0.11824065233891752,0.057953279990951616,0.09119515737393387,0.10450785355302479,0.11110434997742868
0.1145482986242729,0.09888876567161275,0.03575367274589062,0.10904281146169736,0.10763907954318015,0.02522480894204702,0.3067244640720609,0.139445774305712,0.06273232463352636
0.13684525912577597,0.09350638803815266,0.07901477075065626,0.13744411027454684,0.1287770719790513,0.17321003799432158,0.08962202280673322,0.11158071186805817,0.04999962716270406
0.08375796107442883,0.037918358274664166,0.06716636010938583,0.10745195049530125,0.10204499671109778,0.2957436802267503,0.13293201877191826,0.04514672767005553,0.12783794666639803
0.1344434083333628,0.025567851142152553,0.16138159014556064,0.14449210641257818,0.1118962231528115,0.212962635731891,0.0314341848035545,0.11932871126806817,0.0584932890100207
0.10433989340732767,0.06908652460993446,0.06195508326601348,0.13065758427601626,0.11443679324851952,0.24027647882846373,0.13688231998686226,0.10691566636659698,0.035449656010265604
0.14528799371962772,0.06824602315831065,0.0473766552232465,0.12517497017751364,0.10651272259673285,0.22892475059890463,0.0509675971400502,0.10304390268501866,0.1244653847005952
0.11247707513164802,0.11143485694945472,0.2769606860978165,0.11789969806238206,0.0824030377202666,0.015639612858415492,0.08409332414173647,0.1039939206386759,0.09509778839960413
0.14612209214001584,0.07401652026171983,0.05955842858001764,0.12090100740314368,0.11609030230306527,0.1593974380019349,0.06234640823278246,0.14543103458084708,0.1161367684964734
0.1084290566920272,0.15157093253866483,0.11099949704336835,0.13806205251066805,0.12195977238676166,0.05645862809663715,0.0731038422637595,0.1323514017009886,0.10706481676712469
0.09255839670720946,0.11721804402292331,0.07184448460642967,0.13200204115760134,0.12711251152718767,0.07294568326748226,0.20160610286375244,0.14102166519104586,0.043691070656368014
0.1242118056901806,0.10754620803780512,0.05703642923460702,0.1206555464652546,0.12296565034754213,0.049745927882721974,0.2753119573858112,0.11486599404750948,0.02766048090856781
0.0785290042766239,0.07383209331758224,0.03657660990372077,0.09006172731278693,0.09439581455347029,0.11190205585175,0.1941641956407449,0.09182668225175529,0.2287118168915657
0.1723393503114804,0.0388560851203713,0.14070657305532794,0.12755699753005093,0.11215472333810812,0.07871228553249683,0.10609159295334114,0.12185548253233142,0.10172690962649182
0.08599065634800505,0.2767289554122829,0.14354647971455592,0.11006866823302346,0.08935787965378779,0.04510119073614627,0.13500811456252135,0.0779695487643708,0.0362285065753065
0.1586555732096991,0.0657892562940438,0.1003735214156408,0.11387812948499067,0.101000183310218,0.1326018799412123,0.06658486947042633,0.19350184424234382,0.06761474263142504
0.17773840928314402,0.05264080361319295,0.09967531767421271,0.12434399489165042,0.12231720304552218,0.16418329784004704,0.11310067184868562,0.10212357768705878,0.04387672411648632
0.11841320782388547,0.13344588019277176,0.0412655235996623,0.12096908668281042,0.10304027487412666,0.2179834406702591,0.0943297205439088,0.07178957965193022,0.09876328596064528
0.15396965196628168,0.0387183038273313,0.07975865759889456,0.11278501860772827,0.10249225750488071,0.1586988208609249,0.03717673779382613,0.10591990189101802,0.21048064994911445
0.11703029183447437,0.10695406320080204,0.06667509285785489,0.12215937691184657,0.12005079000686793,0.18371102890500776,0.15273797072745898,0.0783772804710935,0.052304105084593905
0.07489321834660778,0.03393709257351456,0.11887841400274142,0.08311754301358959,0.09423416691936252,0.28625551085640416,0.12649150909639387,0.10965287918500351,0.07253966600638258
0.08046329092767808,0.14559653431829114,0.2618560673156019,0.10115496712263054,0.08576609189564316,0.03935647943741719,0.050657762073822186,0.0778014086575169,0.1573473982513989
0.11290634852934141,0.06020075870537667,0.057496040648072504,0.13737670962145965,0.12831648713630636,0.09181813943020493,0.16794101448816437,0.17199840701686472,0.07194609442420942
0.07440087528496514,0.19367832605624158,0.04822471913182674,0.13692334625257419,0.11516861735587129,0.20437971710354527,0.14198842343831883,0.05120575129231677,0.03403022408434018
0.1281344193406092,0.14080471649789142,0.14547411020023746,0.11582235530053349,0.10958533579387719,0.11449010842977375,0.09689563734026317,0.11439978770287622,0.03439352939393818
0.152844242776675,0.04319726125533794,0.09797011570608867,0.10559479924445773,0.09947157381620682,0.15856977795909513,0.14140827028754085,0.11419796639824732,0.08674599255635052
0.11490863234709021,0.01644463892481889,0.1507886880928309,0.09535488982934932,0.08864081159252592,0.30967662623730124,0.0419518669828669,0.11138235561186571,0.0708514903813509
0.1680715001375904,0.06715462229676245,0.028503362633272963,0.1012356242997901,0.1262403028235309,0.24058040357845153,0.11133782026706111,0.09253064082329367,0.06434572314024685
0.13520433574917182,0.12783988617598363,0.04938714605898095,0.16363775303417624,0.15567381398806626,0.09294253939360936,0.10981210442862809,0.13969458239630794,0.02580783877507573
0.09702203378278405,0.27686340000239096,0.127233894463587,0.09748231609306264,0.1022416683737286,0.10534415399724552,0.047378413297296355,0.07438895141778086,0.07204516857212408
0.20804509169055155,0.049769925944510233,0.04972990134840899,0.08666745830289586,0.09302753348831556,0.2677350238865532,0.1277231733398655,0.09739283805476644,0.019909053944132674
0.12274264413722542,0.10759169725425399,0.07036148311874629,0.11315985938672096,0.10468030573716088,0.05847049245370664,0.2688170306272462,0.12456685196927514,0.029609635315664462
0.16225106489296728,0.040620956599199703,0.10486285406430136,0.09781144224659999,0.10634344273306197,0.1631806502057954,0.1614610804479,0.0926351559780677,0.07083335283210654
0.06987302750811565,0.07006351164110625,0.1279433088639317,0.11475034824999993,0.10538983128811948,0.2090977066548739,0.20142290688657563,0.06925666531831595,0.03220269358896151
0.12718586409268334,0.16616325764668452,0.12096900050488561,0.1362894341913691,0.12205612298012715,0.023245085740351747,0.09727004233981927,0.15390434214405083,0.0529168503600285
0.10573760725379029,0.06820888153340741,0.0778426843578731,0.13365362185523624,0.11901638333994113,0.04453852408762889,0.2391727130962067,0.13360524379740166,0.07822434067851457
0.12570263108823213,0.13975641995979668,0.09106421359782813,0.13135023190645898,0.1263770454200698,0.04176966189628319,0.053471811890965004,0.1106216162335194,0.1798863680068468
0.101816996640819,0.04402459817207594,0.04189534495696253,0.09554694737932834,0.09627953002785926,0.2214607643750761,0.265333380848047,0.048309116834334004,0.08533332076549781
0.1255393927139403,0.06474579144155411,0.09323838760166937,0.11761258861850005,0.11881375288193997,0.13575645501747394,0.1714375698511542,0.09985553012959754,0.07300053174417052
0.13654115653093968,0.0783335461607164,0.06623195891446314,0.13023048675736057,0.10144306364198487,0.07723360743545227,0.11057666168951898,0.1544058263576085,0.14500369251195566
0.10976682758470903,0.10935956576417016,0.04717588386376816,0.10062789557615287,0.11474182640812036,0.1527833407679571,0.11180464627816115,0.09329280482690122,0.16044720893005995
0.16320086778625628,0.07492071590627677,0.08192059026255331,0.10663149319010023,0.12298522484737862,0.19371105416657117,0.14494762810231757,0.0829420103402665,0.028740415398279595
0.058070262424393955,0.24263407652151506,0.14926141178951513,0.061664342554344505,0.07389199313432926,0.03299017783730458,0.04312063446994085,0.06747133227068962,0.270895768997967
0.0842668568092511,0.0904607183327036,0.18822329657172698,0.10085783614041395,0.10006188702933654,0.09531164511214595,0.21150110728299973,0.06689932417279833,0.06241732854862372
0.11842128618871613,0.11434344658162747,0.07893809746934663,0.11307150561437991,0.10498694162110878,0.2162064376739552,0.11124045048682056,0.10169270073448598,0.04109913362955939
0.0871906323112782,0.2508697751658525,0.16317682800872654,0.1060219717484898,0.10310689347140056,0.03853736853968701,0.041126647860502595,0.09184863713925395,0.11812124575480876
0.08081967048337331,0.06480346557351635,0.12836760224416663,0.07217740627161091,0.1149777096007159,0.040960383920805955,0.05810072684970549,0.13483615238869862,0.3049568826674068
0.17876499308956872,0.02224494109336292,0.043056645745264445,0.11505502133826594,0.10405936396680643,0.2577553262538048,0.08516085546643208,0.12069324987041956,0.0732096031760751
0.08081922414570868,0.1908416489694603,0.07704312333725619,0.09056670081571928,0.09397395059658338,0.07738014443957174,0.25594572264938437,0.03555192388195606,0.09787756116436015
0.10802572611280153,0.14271764559580138,0.030687471900076087,0.12861014488933356,0.12299464623659873,0.14229187927682221,0.1573054433794713,0.07633572853444724,0.09103131407464791
0.11563375262783548,0.008861023156416748,0.09676777011165916,0.11674510192047904,0.12929422361590256,0.20097005948109903,0.10518217695967398,0.12981391432768752,0.09673197779924637
0.09898830809384446,0.2469731074717809,0.04068250900420991,0.1275876364917173,0.10787560896719894,0.16065636481585957,0.11654696839854752,0.0758013714930343,0.02488812526380708
0.0808474265654317,0.06533487726031038,0.058838659645578766,0.12525120471725074,0.14258768180758696,0.254842207069278,0.14105576654960597,0.10037113121371248,0.03087104517124502
0.10355430013972355,0.1123264582101657,0.07353372400314634,0.09369952122575577,0.1243050185706948,0.07858687700527127,0.139262584773903,0.0960201546698644,0.17871136140147525
0.06448928659247045,0.20700697121068204,0.1446943594411472,0.13094809551018202,0.10003032531538271,0.05793378601553708,0.07625364893265983,0.08416414864066168,0.134479378341277
0.12207379865492125,0.031044716821915775,0.048944450187681586,0.07778930730676996,0.09406973628013814,0.45423953661879074,0.09343592670604078,0.053232388476990335,0.025170138946751502
0.11560736762510754,0.04471810895783845,0.03664273857483482,0.10433673404601439,0.10520143457321669,0.1835214607051919,0.09749373331953824,0.08608259833540348,0.22639582386285448
0.09325231747213562,0.014394392882372825,0.08695484443088923,0.10583493389006304,0.09181157454389899,0.2925185719527599,0.19043793051253124,0.060959155355998,0.0638362789593512
0.0859310008123307,0.029598143247530805,0.0814620109382123,0.09042550186122206,0.09211735916715107,0.34511520647608457,0.10156271524461573,0.11423373597793403,0.0595543262749188
0.09339587225879807,0.024851080430772943,0.025700637199429027,0.09430568366070209,0.0781769877558346,0.30429037030351463,0.08279554577204522,0.05067571958975636,0.2458081030291471
0.09908322367486277,0.035561592094391976,0.03790360490052316,0.1028654942014176,0.09743344142913614,0.3256084203733986,0.2359509962750126,0.049895297802029136,0.01569792924922807
0.1404869111789426,0.0341124042708362,0.05891087412966021,0.07824249991545451,0.08510884105224724,0.06300477493102502,0.1107805232456629,0.10419019985656518,0.3251629714196062
0.08413418184487019,0.027467279283312034,0.1821780180702136,0.1304963929512187,0.09798618960754589,0.28751006430252185,0.05461107076137143,0.10375321352596212,0.03186358965298414
0.04926614118436712,0.1160468727699649,0.05288377645943899,0.1044444319464644,0.1120439773438547,0.2489577906446534,0.1263974899585782,0.1461453065334223,0.043814213159256064
0.17486075777233245,0.0652644802799066,0.06271120011033143,0.11560227982189415,0.10799826117152715,0.10919220519520445,0.1768280475232168,0.09077978660088952,0.09676298152469742
0.11303136622093184,0.13849775089213967,0.10618076594750141,0.11072133776314076,0.13107382049193306,0.0794715052664498,0.08729977839804746,0.11257759698074782,0.12114607803910826
0.15713825156318814,0.020173467553342924,0.027645411482779516,0.10079831776123428,0.09605195635892357,0.403116063332513,0.06341011956415053,0.051827632578099636,0.07983877980576845
0.09832143669719595,0.11440705311214716,0.14302919822830856,0.10245350110073644,0.10017013003751117,0.1957802854827219,0.14099416856902974,0.0544902437335525,0.05035398303879659
0.09077313750978318,0.030453765832497575,0.09765750615503538,0.11415602583247275,0.10479948067870275,0.12839952268325852,0.1607625510210309,0.14376252188648778,0.12923548840073126
0.13489086934449515,0.21123356458353268,0.07274850370459975,0.11847658471442424,0.10855753780850859,0.054556667565675177,0.13107625978915083,0.10275537338244517,0.06570463910716846
0.11934353208905739,0.0940514714341068,0.042023941262189134,0.13286749666331166,0.10228290915470079,0.13318455474282145,0.2482428394528512,0.054293671972563746,0.07370958322839781
0.0979748250033846,0.08240311969156866,0.052629048684564916,0.16256964887022218,0.11157578246076465,0.22497542446009247,0.15421552319695261,0.05849847063893182,0.055158156993518066
0.14015063719047502,0.1113827626260407,0.06636589547823425,0.14200790374018132,0.1342498074395884,0.060519121258308266,0.22226574713236655,0.10672284123038452,0.016335283904421048
0.06629851147281372,0.1677513366330672,0.20655914134011708,0.09235566196398896,0.09141701623100841,0.0690364690443845,0.0704202835385714,0.17242373639740224,0.06373784337864642
0.13144054847085795,0.06352620149916945,0.05109819066725329,0.12094121553490343,0.1176080064846007,0.17085466922273077,0.1504275715743366,0.07571308576408368,0.11839051078206415
0.17258065064607211,0.030121799946396337,0.12590582506951595,0.09852322193850431,0.09961617852083886,0.17460776282529322,0.18646708891535324,0.08925446880053885,0.022923003337487077
0.06496494023990529,0.16729495576977338,0.13059895791510392,0.10553791094618714,0.09224484758335803,0.1312646185036039,0.13442761382687837,0.10969577934223797,0.06397037587295192
0.10870921660404474,0.05160040247580547,0.14728216305322048,0.11650886452822733,0.11493825372676099,0.18758908823384202,0.14772079367595176,0.08965589222014725,0.03599532548200001
0.07750484774764309,0.09842649356122096,0.056146277152771505,0.12868279811748332,0.14590134108812763,0.09249000064308395,0.23172863780114183,0.12374180740781893,0.045377796480708776
0.09093244439891479,0.15609273312664895,0.09625960840071814,0.12216651264938587,0.11999997359692649,0.023870130246909534,0.12106400797770979,0.1343354307069461,0.13527915889584044
0.09333570327848632,0.038121104811039606,0.2409347368279052,0.10107929127558457,0.07686056342864218,0.02080196228431534,0.2143484795978767,0.07035937976728578,0.1441587787288643
0.14236990121633397,0.13938770368201128,0.03447006352223743,0.15821980829922022,0.11220012936660158,0.04785337897217173,0.12357804621095679,0.2041489912104575,0.037771977520009506
0.08978599526988508,0.02350894355642796,0.037735897605409255,0.11015429473729081,0.0990297078581087,0.3072700407817976,0.17519294049118997,0.09734849738318457,0.05997368231670608
0.14664563040045478,0.027136549322789482,0.0684148914577013,0.12683854039974787,0.09767760246991886,0.11287614555335201,0.1984265485237622,0.0911255452713245,0.13085854660094892
0.11560736762510754,0.04471810895783845,0.03664273857483482,0.10433673404601439,0.10520143457321669,0.1835214607051919,0.09749373331953824,0.08608259833540348,0.22639582386285448
