0.22247759866349345,0.09834780748644294,0.11386914972524538,0.04689936277521425,0.05688858597620804,0.08187861064205533,0.11548520083382785,0.13468256618081412,0.12947111771669878
0.08565282418658404,0.11303324917416259,0.10148815308267439,0.07889453406385354,0.08464560603642446,0.14287562076292484,0.10034597521571298,0.15402551611660775,0.13903852136105543
0.18921000082643205,0.12431136973403345,0.10800068975194466,0.04957696464174218,0.0446632303097392,0.07447213015003967,0.14103054751797003,0.14150146372657355,0.12723360334152523
0.13795945908331353,0.11460815907205506,0.0888771700670709,0.01035247731277405,0.1843544021474003,0.11480799365698195,0.09732941213156864,0.14768971301157785,0.10402121351725768
0.22953156111872772,0.10538644770645578,0.10745592429938135,0.08399335738987819,0.040437436145829314,0.12021707187406155,0.0899432488635762,0.1200080356417777,0.10302691696031226
0.13679418608480878,0.10747068971928654,0.09072200611528008,0.04952413440234336,0.1743451434150425,0.08238383967811035,0.1377475774333886,0.10483808506470477,0.11617433808703498
0.20945904753671488,0.08999164918933152,0.08740675928855425,0.008623433937985057,0.27543059545550613,0.06665576239998643,0.08103701946857929,0.10265604147065517,0.07873969125268719
0.22370711299789262,0.11768925134016751,0.0981226240784393,0.05548080089868907,0.05007122497426031,0.11498280386874475,0.10208756335557097,0.12976137896823303,0.10809723951800247
0.13649421797611605,0.1386367710817444,0.10434934198793518,0.10036532096287769,0.05008722679945634,0.16777047876390727,0.10009518146343233,0.09825317774483255,0.10394828321969822
0.1536766373883999,0.06843150310073716,0.06903504667631281,0.06097530020736666,0.2857461562445914,0.10348036740019695,0.10525799994526149,0.07643753787260467,0.07695945116452896
0.20765852933474704,0.10777901873256558,0.10956264964455736,0.06575364320431899,0.030724279424208304,0.13228898856708513,0.10372807697229508,0.13728852573840103,0.1052162883818215
0.06760765498386893,0.1001745705740174,0.0976074631900455,0.10973138887338686,0.12235766006687517,0.146061854851366,0.13365881945615432,0.09430257274994658,0.12849801525433932
0.11979892809884303,0.11033611963531555,0.09394161328380642,0.037627393791254196,0.10231370516817417,0.20948920267647422,0.09692933581900672,0.11416100032052283,0.11540270120660283
0.1685148016724879,0.10889345284640976,0.11129678252778646,0.10951964293229877,0.03117186564090314,0.1068837704484286,0.11308069625044091,0.10944150428915422,0.14119748339209018
0.05653606422104648,0.11177662160237532,0.13207913290658665,0.08813099553973523,0.09753389262272187,0.13240418788057592,0.12199403383859009,0.12976433335179902,0.1297807380365694
0.16588639440683997,0.12762988849828075,0.1308856592227245,0.01743271942707431,0.1314372177463004,0.06799984026312501,0.1038034552237251,0.14948671316090803,0.10543811205102187
0.08550126557069632,0.12753208741663666,0.08652871371368363,0.037681131271503056,0.21595126908218812,0.08291676620062745,0.12117038125947392,0.12112493865520411,0.12159344682998668
0.057843539098959416,0.06873353134876493,0.098936048645643,0.028759795407866637,0.3859761341680417,0.07150378766242681,0.07513158691075916,0.11768190456963246,0.09543367218790583
0.20551308857754688,0.09877439419481499,0.10939565067578748,0.034663394258666304,0.085468148270061,0.09387588315651346,0.09171947173496997,0.17814918994596304,0.10244077918567689
0.09792260930413803,0.07162806374598163,0.0940080081740209,0.051032107029714606,0.35583965884575264,0.06802217464454534,0.11508955917875836,0.06736388909541212,0.07909392998167648
0.1598949066404117,0.09583283529650692,0.1226950017646498,0.04234494197388402,0.08983484839661006,0.09605062268546978,0.1114661164218708,0.1496021455797506,0.13227858124084635
0.22169978526856604,0.1275425847000109,0.08568574728606264,0.019361019168432136,0.17437956386714212,0.023889423098849644,0.14570305267907535,0.11464699943209493,0.08709182449976631
0.0981403913501047,0.06953414329174731,0.07740947179478529,0.24246181173095982,0.11719578942719255,0.14081480519647863,0.10925531433880283,0.0592210809583136,0.08596719191161527
0.1025215307191251,0.11539264416125182,0.1250118899158206,0.22609054785822968,0.044680686123388304,0.09026494169625317,0.0807653792879889,0.112033344307939,0.1032390359300034
0.13401509158841818,0.1583734856574832,0.10772103093014236,0.025015968039834535,0.013489773069526574,0.17965499805740345,0.11530432843707938,0.14032186845318442,0.12610345576692794
0.11793003464799778,0.17463340577793787,0.12493406896869737,0.030497410638612277,0.02011519996708994,0.10797501114840703,0.12237357516399856,0.1615633685307959,0.13997792515646326
0.0852011415749996,0.12597552800265224,0.11366956200721191,0.13178316796712594,0.021963074032420146,0.15103106329691654,0.13347351199167634,0.10014094482926317,0.13676200629773405
0.09627583368935168,0.0962329496822482,0.10616548122478535,0.1724634971735556,0.039568721433241034,0.19979497388890524,0.0724684013276539,0.11645620771377622,0.10057393386648271
0.08335000206271698,0.10747829420574832,0.10026247497200341,0.12764750125479135,0.016928131301137087,0.21716867521612127,0.12553009456820444,0.10467361223451342,0.11696121418476378
0.1570283957379538,0.10037247885744816,0.10938193422599518,0.04845034397700481,0.1956739246999113,0.0684828535789253,0.10285262025939566,0.10850002900228488,0.10925741966108098
0.15732372550016047,0.09689252562164852,0.09624846169396563,0.1025365517048649,0.13288167028683348,0.06562580759184372,0.09551597055657819,0.13403978777814643,0.1189354992659587
0.11360623865555075,0.1187066990298525,0.09068301826757343,0.08628864356244652,0.10953319582437093,0.0727805398283048,0.10578780871629782,0.18005539454401923,0.12255846157158405
0.05197355679986484,0.10707354660130484,0.07345452334047657,0.049653677785648824,0.27774957559089625,0.058731584156850515,0.13504275922870207,0.1362154769246748,0.11010529957158134
0.06892860610578429,0.0927552419727881,0.10597776920901807,0.2155730009746757,0.13985461548659553,0.061791805187837945,0.1332756143950261,0.08129776934822076,0.10054557732005352
0.11730961291817621,0.1002460168791125,0.08609587445684332,0.06749557265306211,0.08331380336025801,0.1629000087887725,0.1423508598358394,0.10499706400473711,0.1352911871031989
0.15812145058734975,0.10973601248423304,0.09575880291411391,0.04089161556220596,0.13874670347239007,0.1598297355652646,0.09657791018733426,0.10585058246558883,0.09448718676151961
0.0682723923775892,0.12042168139757924,0.14316294885079892,0.23652672268969654,0.008533630728726408,0.04235609563789893,0.12652998772853147,0.1198496168584375,0.13434692373074184
0.0988926558833817,0.11072640055648418,0.11888352262775846,0.16074203157921083,0.051809188634262406,0.12748396491726646,0.1076501031289825,0.1186737299947077,0.10513840267794572
0.10008673956543679,0.1722464387065772,0.1191855577203953,0.08505700406950227,0.023519733585944665,0.06873209244583589,0.15871424196572012,0.1422323482273506,0.13022584371323714
0.2177853678866195,0.09745349757160392,0.0852328118169328,0.01042878516726809,0.18229218468218275,0.08356360844818278,0.07129460073029778,0.15973617740913607,0.09221296628777621
0.058777186661585434,0.08126170926594804,0.12170400036543617,0.19777728451438611,0.08862988493671513,0.13195842716272843,0.10867008050021487,0.10250254516433838,0.10871888142864743
0.058222682174604405,0.09742191239601533,0.13964990516433232,0.12730809252354972,0.06462105987678889,0.2387376460800156,0.08541094187834138,0.09178679217699089,0.09684096772936135
0.19964387419902563,0.08345442796758794,0.10570980928991235,0.008864046181603503,0.23132789490748562,0.12891075617997672,0.07255324543796608,0.08945402200033836,0.0800819238361039
0.1699308515765169,0.13829247810330436,0.11820281187093525,0.05700061571512769,0.046349996931099924,0.055737349311323736,0.14676229958330975,0.13975442916674027,0.12796916774164213
0.24775282976037985,0.11843066478650478,0.11019452636507104,0.07557371780940918,0.03308424737919619,0.055719388148473804,0.14475044955595104,0.10973517948338783,0.10475899671162621
0.09985538684334744,0.10936925929988439,0.10067353175172306,0.1228904681697253,0.11288447607626562,0.1523973931458551,0.07697280844263811,0.11660682891037344,0.10834984736018756
0.12885682436769666,0.11220711510780194,0.11345713556162511,0.0807669402553318,0.1497499299774304,0.07592440900397009,0.12727977837525214,0.11049319023726845,0.10126467711362341
0.1656999892265863,0.13280415099288348,0.10408280101800564,0.024131260307821836,0.13366076225349627,0.0975572728956683,0.12301180431465197,0.10093807557780295,0.11811388341308328
0.2391713523538623,0.12053165268880313,0.12108345136714634,0.09282726654220191,0.026637183666610328,0.08913198369459348,0.09792698160383097,0.1151998761739319,0.0974902519090196
0.12421552855199285,0.1305395560719219,0.17554484119047697,0.059249044377341326,0.03842310484576369,0.06939328718527542,0.14127091101883452,0.1312551397814803,0.130108586976913
0.20301463550730803,0.09433314173898984,0.10252066906912659,0.022994532864324697,0.0924548622654785,0.2306108111651074,0.08254957766642611,0.08771015551618638,0.08381161420705235
0.11654578891876577,0.10135134915132334,0.09369187109776979,0.1470621367625818,0.07756569828326704,0.08061235791093024,0.13718257565916583,0.11231184617060867,0.1336763760455875
0.1882419975381898,0.11213577797871153,0.1043615532447167,0.07040970894398475,0.1108015366095864,0.0704279090062689,0.1280275578778043,0.10354025234879195,0.11205370645194561
0.170869547557832,0.1464216739789194,0.10139412608836827,0.03797680840834699,0.04641975333972124,0.08725905387080046,0.1606525034759113,0.1255663507590957,0.12344018252100468
0.15592044187679896,0.12050994002039327,0.11302620216516829,0.0315912045883557,0.10231339357865914,0.11937848879366202,0.08839659445732649,0.1575346172010723,0.11132911731856383
0.17056437379666142,0.12700476409838748,0.10810964473638658,0.061152826486697044,0.10261916010498102,0.15805312493250753,0.08637044763745293,0.09225849100873451,0.09386716719819149
0.1380072610300974,0.10660295206337811,0.11614742904663866,0.11495859585935848,0.09201554165746957,0.16609533159675247,0.09073583684959956,0.08675621141551625,0.08868084048118956
0.2396474691065433,0.08358132121303248,0.0820269385622784,0.0012492074586662714,0.3533794491103764,0.025371591142117924,0.08863066304736267,0.06519906623244899,0.060914294127173446
0.09034156944062255,0.14597530340628648,0.09803428287867288,0.03775989447827429,0.17977556963522703,0.05943079806816043,0.1392099117631387,0.13508968759556014,0.11438298273405755
0.12951663534341837,0.1075829678669394,0.09290675364075617,0.023490985974227233,0.08762963646245281,0.24459541808912458,0.08617823473654314,0.12822416864763334,0.09987519923890487
0.0659082696010262,0.08200532129122744,0.08875872467110929,0.12552251003831763,0.1962082935265468,0.15372691197887176,0.10221878164634968,0.08031203002544435,0.10533915722110687
0.0568688168044292,0.10710060611413115,0.11129784594248264,0.07039556742433313,0.1522234256906252,0.21703356442684518,0.0935154276131712,0.09607677642665051,0.09548796955733178
0.17755177513501852,0.13103332711198848,0.12395067613548727,0.08700023390687468,0.02444715535151004,0.14939078155612343,0.08763817127705391,0.11765884323202591,0.10132903629391782
0.1063808297482255,0.11816102023735292,0.11942164696780205,0.20383657145537715,0.03609412610332915,0.08368764039101262,0.10089088879943724,0.11680659614693552,0.11472068015052785
0.11806204802723774,0.12582636937630642,0.15637284564370035,0.028715726500685813,0.12486233618312616,0.10381059172824865,0.10037796592294197,0.12396487075432598,0.11800724586342687
0.11695695129204409,0.11281944733193842,0.10615956445571946,0.0759079498024835,0.028993659417077183,0.17167770506048075,0.10027950989488847,0.14911105427649776,0.1380941584688705
0.15159640660394233,0.09464250124519846,0.09179045563439446,0.04918146617352054,0.16989757573705777,0.12202551849333576,0.0971662535431083,0.11657568142873831,0.10712414114070411
0.12759919601071126,0.11096038530264668,0.10192693277065377,0.06635065927738572,0.12487087924615148,0.0644292971975266,0.1255903036328375,0.1627349313681042,0.11553741519398279
0.09797718074606822,0.09955492531343202,0.0915095152823283,0.08373072855365304,0.07410809623368818,0.20749397491178131,0.10999464872625382,0.12270283224090073,0.11292809799189439
0.10928975812242842,0.08800945349790638,0.0959422589927945,0.2615335183532607,0.020351796249102033,0.19829710923250857,0.08595458754882705,0.06745499701600682,0.07316652098716546
0.1788900260960737,0.11165120091851462,0.12292439189668451,0.05631705684200391,0.06605209134252729,0.0797521591326143,0.11416034571869922,0.1440714169364157,0.1261813111164667
0.12608103703142648,0.10388682994260467,0.11805809671172991,0.03603974748450688,0.20469261392417681,0.07125822724156412,0.11136953684126993,0.1261780821834899,0.10243582863923138
0.26753052427115676,0.11372282025403906,0.11661397180859877,0.055611755285446145,0.04495024973622838,0.07277687928397882,0.09945457928587421,0.1306971985078389,0.09864202156683906
0.14730497991164762,0.10320578507666038,0.1078745356658457,0.09361230715706269,0.0719080065594381,0.2175887274102316,0.06722894086939209,0.09519358992011477,0.09608312742960712
0.06525411729633282,0.1774751311862409,0.19887523841098945,0.11988292085081148,0.005843721913806468,0.16478035279732642,0.08647124619628888,0.08620718744865698,0.0952100838995466
0.12899967298748763,0.11405072658639505,0.11366043724720998,0.16940372765259784,0.011939134026442184,0.16201561039922122,0.07966515733024945,0.11048176063114018,0.10978377313925648
0.17261336717699605,0.1017824773047723,0.12106363557246042,0.06270267533730188,0.06367486863341897,0.10806692713628313,0.12516588685145444,0.11720069529958627,0.12772946668772647
0.12603462780616226,0.08702029492582564,0.06586936865249167,0.020748031618449677,0.34680208119227135,0.0489443085427243,0.10152884497662319,0.11719043959026283,0.08586200269518908
0.1821201149709153,0.1209293095300043,0.08696837859582056,0.0459056316625959,0.10198130505589824,0.0759600388502192,0.1309171152814468,0.11572928675647536,0.13948881929662446
0.2331075689660904,0.09341414220118525,0.10099300636149156,0.026450843321973682,0.17582307848452214,0.0410766717040465,0.11128461080832769,0.11280334375347321,0.10504673439888955
0.05853993303901237,0.09908908061377125,0.12803020980463464,0.2792553414710401,0.08407354037176741,0.07186732069728109,0.10812187285882041,0.07830637088464733,0.0927163302590255
0.0751953361728866,0.15765259434623752,0.1261648145065388,0.05574735394918118,0.05820127269638676,0.05578959731754859,0.15926348087426354,0.1694309759693279,0.14255457416762915
0.24232161605436878,0.08385181404544666,0.08393473181587985,0.02523020544173862,0.14665210485358307,0.15510211367520543,0.07595335200379648,0.10474895129919017,0.08220511081079089
0.1790803036461497,0.13770382925915145,0.11982427576865928,0.07195518870755419,0.047884636688743105,0.047710237439072684,0.13104827231291036,0.13335613470947985,0.13143712146827938
0.08099015825012208,0.08817985511710329,0.1277698554215816,0.13393228540467186,0.08878873923398557,0.18034500810856868,0.10840519346261002,0.09631260834899813,0.09527629665235872
0.10553532372105012,0.09656476660600082,0.09844034491544744,0.04970555722576022,0.03796686024121199,0.29742846688475433,0.1190784756875616,0.0911858524495276,0.10409435226868591
0.12732620461076175,0.11701052300797062,0.12185077920959754,0.1484503385048708,0.03199377834701889,0.060726121808891885,0.15279533484347782,0.11560306667698883,0.1242438529904218
0.13158425640800325,0.1092447264176899,0.12367100824905192,0.07664967372380847,0.022418954137273534,0.23482812692382962,0.1002882314679746,0.08942094695705893,0.11189407571530983
0.0613503818698218,0.08663431687344247,0.10988059840958973,0.2417932829835666,0.025083113678058905,0.24737808585828805,0.06756297687451146,0.06887668370347723,0.09144055974924375
0.21768623893700104,0.10531332261419053,0.1277815873238676,0.05647643593784066,0.05165017159486896,0.14281463000691008,0.08075888750872863,0.1115257091695751,0.1059930169070174
0.07933525650694209,0.15872725062727658,0.19833401364582925,0.018449057739913764,0.02082258502376878,0.21249812411981395,0.12156320296687034,0.0842369857066505,0.10603352366293468
0.09117798853110687,0.08908551005076044,0.075360347501581,0.04870596301427051,0.20998644773309494,0.2046508231223502,0.10847050589242764,0.08686071277420877,0.0857017013801996
0.155614239897641,0.15632885664427057,0.13608997090261285,0.022689171972372746,0.06627330359444496,0.06852172593361422,0.0945462519025372,0.16604150347570795,0.13389497567679853
0.0652596677229424,0.09623354326261645,0.08737662140269864,0.12984564666272125,0.08367097699639685,0.24191732194221094,0.09942032627471052,0.09177604651154109,0.10449984922416185
0.0820332270514099,0.1133913021665975,0.1043456953779598,0.11982601672212999,0.04249123516693052,0.2371674273427069,0.08444746453894168,0.10574905897448655,0.11054857265883711
0.07810686099981688,0.08438777426160742,0.08071871472245025,0.0965274368233897,0.26864611094226404,0.07874082576739248,0.11308752234330334,0.10761962586242606,0.09216512827734986
0.19109161007341124,0.13621433505290514,0.09874170276729592,0.03814926051971621,0.012519609529247182,0.16094228893251303,0.11215560093697347,0.13275887612249174,0.11742671606544604
0.11860259933354972,0.07121817841836586,0.08782366816612856,0.09010913734347192,0.08253834796103213,0.17403276564730882,0.1253931240304453,0.12373834274233804,0.12654383635735963
0.2759702242381356,0.1075670184927513,0.1346293095410789,0.01307164021122796,0.058989070834630154,0.09599299164423229,0.08490281150506923,0.14071858993597638,0.08815834359689818
0.17323064950490807,0.08639888993770765,0.10930411817571568,0.09593001247254646,0.05490183399753563,0.0708558714523641,0.14430850081096497,0.13187774949220815,0.13319237415604937
0.1607176250176379,0.05618986637846316,0.06667068625062057,0.012691383693871664,0.39475322074014646,0.09256127757125356,0.07555077706351807,0.0753673877791764,0.06549777550531227
0.20437256177405963,0.09310412200599301,0.09111361979225933,0.04333730951071061,0.15157835321845048,0.13590804602854997,0.09084000338609871,0.08834969739781895,0.10139628688605933
0.22017471854519796,0.11493276105357374,0.11976699667529829,0.031329977362931936,0.0678552828173731,0.07491017815216806,0.1308849933304865,0.1231057806214569,0.11703931144151343
0.1046455004005602,0.06700950062138962,0.08137224791724416,0.045336466716368866,0.28814066021402984,0.16114805213903027,0.09340456640074213,0.08041877315280227,0.07852423243783273
0.10503361361872578,0.08523415287176121,0.08973356461582432,0.21215231764082032,0.13164143496591513,0.11904950760180387,0.07000130529571032,0.0972005049392991,0.08995359845013991
0.1913038544343244,0.1408097460465401,0.0949280368587158,0.04865888260205357,0.053685241221975766,0.14840122681482246,0.10014357919386585,0.12325191836808795,0.09881751445961401
0.21877499553985216,0.09355404072815497,0.09660064292084251,0.06025061510346267,0.03211660666709409,0.1730734703347155,0.11887249378093373,0.10160411945878882,0.10515301546615559
0.08133565144576448,0.11632117787923284,0.09869940691181278,0.2288303544917084,0.04929899860719661,0.10106109478298286,0.09241702680936832,0.11506894381121723,0.1169673452607165
0.07163976613338902,0.07468305632800985,0.09473835042389002,0.3245283073537328,0.03139263190035174,0.11306012144407578,0.12816839148035944,0.06887890137400245,0.09291047356218896
0.11957055045519503,0.08938030220203436,0.09696845775243794,0.08784446314853185,0.09332315115084827,0.20534000670868943,0.12595097035139377,0.07997832278000659,0.10164377545086285
0.04654129402573092,0.0675516424549098,0.11565762758216196,0.46268461122365423,0.016331513151525905,0.02343508029525283,0.1272770869916334,0.0720379878167763,0.06848315645835466
0.16030925336941945,0.12863309525627473,0.12892585622296385,0.05469436244538284,0.06876620346746738,0.07154179937910356,0.09292552688738309,0.1639707326125026,0.13023317035950246
0.17703059387751618,0.12392820375455016,0.09683407156057944,0.04053662138036809,0.08105155616906506,0.026584829573669113,0.18734048022570202,0.14413969566018567,0.12255394779836426
0.12281607503648273,0.12296816100716694,0.10535247667344026,0.05130299695011042,0.06848863017475035,0.12589100419193808,0.10195522745061826,0.1691181115540871,0.1321073169614058
0.054584304733721924,0.09340154541489025,0.0735409423076184,0.11761400045006436,0.24586726542486562,0.14142800807125736,0.09477506067866004,0.08611390281455894,0.09267497010436317
0.18322315679031245,0.09924648401791149,0.0714553162491386,0.015193386240504878,0.30149820875661576,0.059884632698394925,0.08486075689082821,0.10218259007602566,0.08245546828026794
0.0836795891022253,0.14857330173372021,0.1318366400151682,0.05293931317660622,0.04885606353408766,0.07330693196989348,0.11531772996428319,0.20236082893770901,0.14312960156630672
0.15076113312233866,0.10595337205805094,0.10323662659190101,0.10708741717231979,0.029042204909369675,0.19971707717029008,0.11503405060049743,0.08374163359677533,0.10542648477845705
0.07615851197599659,0.10134088861739476,0.09536271219702484,0.09365858149258456,0.1488395329699286,0.1588006355545552,0.09155732021250289,0.1264064493126602,0.1078753676673524
0.05454734837391923,0.07087119937979218,0.0798414205855245,0.288208210234157,0.0350653529607964,0.20661590137055488,0.13559850168798904,0.04566596063589542,0.08358610477137146
0.047620189941836116,0.07573088350997594,0.0842634871944929,0.06753916633534544,0.2779394410736194,0.20029652126966158,0.09666350091158349,0.06625568308115527,0.08369112668232988
0.11155045245622397,0.11325283462913031,0.13645162476226155,0.13589938569325494,0.07584811747018251,0.05391862644976738,0.13285326666588995,0.12028924231536749,0.11993644955792192
0.060698512652066376,0.09786246946901951,0.12832953004673764,0.07945178674743954,0.1816558679733189,0.12539566458965706,0.11618805792964511,0.10461371887675074,0.1058043917153652
0.06722308574941638,0.1167411271377035,0.15197793906212473,0.12398734170739208,0.018748512120865653,0.15308145015169186,0.13981667668148154,0.10653532068050493,0.12188854670881936
0.11806506449242589,0.11219361363301182,0.10159294654890827,0.017010532161612985,0.18868613621227556,0.17963238015812755,0.09253548442143283,0.10462236135958292,0.08566148101262216
0.09359058431213453,0.09446833938768856,0.11939177641375347,0.20328489803881541,0.10714610762802146,0.08780909521175068,0.101346462179766,0.09922519195548968,0.0937375448725802
0.08272580662219482,0.13636920567394378,0.12186476248031726,0.03238225235211299,0.047764621147320774,0.2444503072938198,0.09764327950155277,0.11736710281304896,0.11943266211568877
0.06462368426718909,0.11840825668287029,0.11976163189891315,0.11840546748996832,0.12472232286897957,0.12335919169070153,0.09150276261538977,0.12286835571157961,0.11634832677440875
0.1269408837415715,0.09659142310195436,0.09987464639766526,0.05568504029523288,0.13241947657927955,0.08331261511982588,0.10122993467173617,0.18884856043470832,0.11509741965802604
0.1328372383068214,0.11555135662901904,0.08593909080206343,0.04349590062129787,0.21020746554742942,0.08163400846704127,0.07970349459332994,0.14188326973018697,0.10874817530281074
0.15263207919638777,0.11541310691322242,0.09779947650038122,0.025843769527574455,0.17998756958020326,0.060839500314786264,0.10882594290973624,0.12929898767465076,0.12935956738305768
0.062308483108024316,0.06771502851945045,0.0771806587887971,0.2994022528821993,0.13568465730387336,0.09683009628689117,0.1156037029799462,0.05777868759734339,0.08749643253347485
0.14321550579519018,0.11405820314577235,0.09065322777780827,0.1639201356434476,0.07050950545477014,0.05793280711154384,0.11789978857621135,0.12787531057493293,0.11393551592032335
0.06579708246765097,0.11337478991580881,0.11213426231799302,0.10019044477561895,0.15263245355808783,0.09036706829761303,0.09024401864882318,0.14363945431855746,0.1316204256998468
0.19214495562536293,0.11097005878402882,0.10377591318273001,0.02718181222833753,0.0655579537794582,0.1397319102324828,0.10516308143631363,0.13512301448765648,0.12035130024362961
0.04712188760154686,0.10298160448999251,0.16537546275230489,0.29638535199260146,0.00731969065227488,0.09878607362900717,0.11996264700616643,0.06786642158993816,0.09420086028616763
0.08316947781162697,0.09126065726574172,0.11810865513652358,0.0885816007435699,0.11113396531055302,0.1338549064326258,0.11963136259954106,0.1333497700189287,0.12090960468088931
0.1495144813699689,0.12730788573010476,0.1284242266016676,0.049502940844886247,0.1150948202270008,0.06999693815797506,0.14295083040192622,0.11231869648626551,0.10488918018020488
0.09639164510585779,0.10294780922398357,0.08652236282773758,0.14128740967032868,0.047186660891007676,0.17834154164504948,0.1374228902939215,0.0881526414352668,0.12174703890684697
0.246417375523399,0.11602498998936601,0.11299381218944819,0.03284370954976808,0.10133974188659134,0.05819947825835342,0.10917409984832725,0.11283458147987686,0.11017221127486987
0.16954415272527856,0.1454235952125919,0.1052389398755988,0.08804120477104314,0.018156397510568845,0.08035200365402052,0.15082001388889488,0.11279451590280588,0.12962917645919744
0.2592019904202965,0.1133804487032692,0.08663974146231977,0.028549750905116068,0.1539485200563396,0.020004871287020217,0.09648435798086565,0.1669794120980066,0.07481090708676637
0.09257226735234247,0.14067037392140855,0.09233729894214804,0.04377674581927582,0.19307224675117843,0.06969238511084776,0.08811553775357239,0.15645360028189534,0.1233095440673313
0.11877821887869129,0.09517342660984711,0.11673426973375922,0.11419444659863949,0.02258367932314814,0.2603633913585878,0.0889008927734583,0.09064232494842227,0.09262934977544644
0.11454036401081552,0.18131256081012337,0.11153900415081375,0.07046663062581576,0.023642562214070035,0.08139029493621353,0.08699084980694012,0.16886602360236327,0.16125170984284462
0.09936552890837146,0.11769999805345462,0.10818584777315908,0.17836932599036323,0.06433430963867671,0.14234654022296114,0.10077009817688304,0.09685496681645005,0.09207338441968067
0.07640976082495407,0.09403752437649493,0.10615813066162423,0.08162613692064129,0.23740977818682749,0.11880191836219418,0.098819883105644,0.090049127872207,0.09668773968941287
0.10862769510096833,0.11309364468558776,0.09726999914045222,0.12819168464144662,0.04642672274102675,0.1859400744147579,0.09300630172209756,0.11535009687843624,0.11209378067522659
0.09355414608415025,0.11444123148309003,0.10185093692903259,0.03640093392187235,0.21317970192672672,0.07595549577639464,0.1012243021401999,0.1482530608910072,0.1151401908475263
0.16112782663699957,0.1222640028804111,0.13273002496045702,0.046459025695752006,0.059720573294578354,0.10218478830459682,0.09190241539871814,0.16574863514815777,0.11786270768032919
0.10890446234041314,0.14513511384367714,0.13404254629497314,0.02603143968305686,0.06292600337818904,0.1708325197529622,0.08852827184526713,0.12351291552425721,0.14008672733720406
0.10994227309538772,0.11565566639965581,0.0871174787538303,0.02389115540825835,0.1314313709438528,0.12405863999341173,0.1588387517552575,0.13324174955079174,0.1158229140995541
0.056451079476135924,0.17114513946153362,0.13571920502038645,0.2060189272402647,0.010177424023420511,0.05915326468456974,0.11911703571649508,0.1270792222610968,0.11513870211609718
0.18428342828895447,0.12028125931981504,0.11044909063729201,0.021921170100405632,0.09715261624442802,0.10554823439283721,0.11853087860413436,0.12892912944269874,0.11290419296943456
0.14927105377057517,0.11557782184748226,0.10898277904652466,0.0878454703870941,0.06720582942936927,0.15176497036618014,0.06980204404762141,0.13874993106371358,0.11080010004143938
0.13289845251421853,0.1125181753005523,0.09093012275157299,0.08672945261316388,0.07272457859230642,0.16788185582788143,0.1029287707752693,0.12324533524823068,0.11014325637680451
0.05311728640483313,0.13041214010961677,0.10839101924432072,0.08368367349183575,0.20023992785826725,0.14450324374272552,0.08734407990976249,0.09483821582491488,0.09747041341372358
0.10465651767959457,0.11045447502553435,0.08965262987474366,0.08836199979533747,0.14371358663260475,0.12066123627215959,0.08785366388123937,0.13883985666675894,0.11580603417202735
0.20129909973567436,0.08798684819399565,0.09208966261370218,0.1431968395960017,0.13405794095452983,0.07265150608847715,0.070654824875245,0.10456522339943226,0.09349805454294179
0.1253788826207061,0.12703166972311075,0.10474447422941835,0.07330976761031448,0.04185789591375932,0.1993635780322661,0.09123649751380743,0.11720015587970926,0.1198770784769082
0.2641279910610008,0.1333406495242176,0.11534633863178205,0.013538399341138443,0.042071259388334385,0.0859704285495509,0.10468721057586981,0.12858117689564746,0.11233654603245852
0.06139049656871429,0.13352917009165483,0.09460518473122381,0.20481070544909982,0.06355108258148784,0.07042811723814481,0.11173303635677874,0.12838729100182852,0.13156491598106737
0.1532102532426128,0.0876615835249452,0.093144099300193,0.03100612549077063,0.25649926570141746,0.07231372655481583,0.09394033852616529,0.13326423608214516,0.07896037157693461
0.11135226390081206,0.12655416400434594,0.10501033709072766,0.05539474872918559,0.04277325673610086,0.16824590726571653,0.08619459932420992,0.16495619802628228,0.13951852492261918
0.22946173690504623,0.08731196172384358,0.1007752397257229,0.06087291317086419,0.10905261575861282,0.07677405297810395,0.09569797264018932,0.12614221382584645,0.11391129327177052
0.13388188217002958,0.14043962146033992,0.09696002283817767,0.07246656246390266,0.052204652099721534,0.1780458630260379,0.09373934166565406,0.12173315583083481,0.1105288984453019
0.13360662691668207,0.11389769038424928,0.1084652051955064,0.05153217416040736,0.1304084793563894,0.07839057392771,0.10243953578726912,0.1621953939598513,0.11906432031193508
0.26281016515454336,0.11817514304549269,0.0981101153289135,0.008766747683516325,0.10617756247447296,0.09521227964717198,0.09068081668662281,0.12247966738649152,0.09758750259277492
0.1588095084538609,0.06618694534965507,0.06559081316379556,0.015982504127029482,0.4410917045852763,0.03644708652606607,0.07193730922667828,0.08373680141824007,0.06021732714939834
0.21831638822920754,0.10883447623171727,0.11208915388248443,0.019535727248587587,0.09949395268960527,0.058777889258643044,0.10593613243101345,0.16460925619418262,0.1124070238345588
0.057509001072313624,0.11384285958555189,0.08533360737254696,0.07295178078845481,0.15983123437546962,0.15969550853133396,0.1282125458697371,0.1003418606772103,0.12228160172738174
0.032938922904038374,0.07705310665042146,0.07406887148970168,0.1902024428867338,0.24656285027816302,0.16899855511811093,0.0869564095888612,0.05296971854377897,0.07024912254019063
0.1925716098332262,0.09315293985236943,0.10401952756652343,0.03670796951835961,0.12847032337593003,0.07200398027236327,0.10595617675547582,0.1397990366676744,0.12731843615807795
0.18335129709892617,0.10778197341157142,0.10431987550590378,0.07991481620765509,0.17733448740990268,0.05065817654981015,0.07470583433481563,0.11738108068341073,0.10455245879800441
0.1743674150586021,0.08193125406570197,0.08314608978617478,0.054387624744971184,0.21800328746898576,0.08060520921106322,0.11016313046965488,0.09565094037199112,0.10174504882285505
0.2557326510736549,0.09100300888890393,0.10050254571118868,0.06824152792093253,0.15044319027597883,0.05957943416401875,0.07741973305896578,0.10697355761088674,0.09010435129546997
0.1504069804269544,0.09552653234624144,0.10493435522756817,0.052360342222514435,0.11638522743338635,0.08603958203205446,0.12498940574290918,0.1543517846517152,0.1150057899166564
0.042695971236497175,0.08429240367219241,0.05407137814323279,0.03708917689561513,0.437655641790065,0.04865462503671266,0.13048541804037658,0.07969063147544014,0.08536475370986814
0.10011205480712355,0.1552738246616395,0.10459453133111679,0.06268175003921303,0.10393225609610635,0.04940832893587648,0.111387438550816,0.1820181029215112,0.1305917126565971
0.2127677838491746,0.11531594332902993,0.12819363061915587,0.05130304378889097,0.018971378681380945,0.09955958853169844,0.1189406538822696,0.15108292942821597,0.10386504789018368
0.2005745536295371,0.10067616356073716,0.11458970032358316,0.13626796040993625,0.03074604976019789,0.12024905832009707,0.09506386761076108,0.09432047970331793,0.10751216668183235
0.0930620470979101,0.08185519693086747,0.10195840320202258,0.11839736614743723,0.11594053243074487,0.17775105035602431,0.11032682864541861,0.08864577443994741,0.11206280074962734
0.09640616409395313,0.12989839536173764,0.14001922491776675,0.049421616177342385,0.08024088132285716,0.13105174313303988,0.09792750759266389,0.1435616962150104,0.1314727711856288
0.11979525855509372,0.09340885366274726,0.11976720789050505,0.05732237852684104,0.1455783820039386,0.15998021409451438,0.11917164658745309,0.08594337791330099,0.09903268076560569
0.14113883134292607,0.14211886513994795,0.13120733765717352,0.03358494247736421,0.037753524596114356,0.10975062667960805,0.1154986269074794,0.17092916737039318,0.11801807782899328
0.054638217773199486,0.10646357260236285,0.10185060682284847,0.09716133724235802,0.18593397965779648,0.0890401161749393,0.08832092540206922,0.13427336013774915,0.14231788418667699
0.13406337477885924,0.1306006102655295,0.08737173069147065,0.05356014822580909,0.14505040264359856,0.07733020765541486,0.10724526440157899,0.13146080429843568,0.1333174570393034
0.11818065478808086,0.1034619876587839,0.10555988733627163,0.09187685338977165,0.05194004223043699,0.15718732818498418,0.12803659482257881,0.1178344167372587,0.1259222348518333
0.05812176155960851,0.12294164794616858,0.11813519121501052,0.23473567187464858,0.058073794043871,0.11117638733426825,0.07348149595913854,0.10774529918830421,0.11558875087898185
0.21773942998005127,0.0771678734744672,0.09223733361856967,0.21096815616112194,0.07854282018109758,0.05570502368524544,0.07369874933335992,0.10810377585525201,0.085836837710835
0.1075309575769886,0.09380517077469848,0.18489297351576908,0.3225272751012332,0.0033665216147578864,0.00269614763536462,0.15675301328280963,0.062065964018147506,0.06636197648023108
0.11421803832768455,0.09839731929777208,0.1286842902548271,0.10347540805939413,0.028047981175743513,0.24483735565174128,0.09835305802753654,0.0933511137728108,0.09063543543248986
0.1638284601740435,0.12383701030325987,0.15590917701398496,0.06313380377670964,0.03805183455422991,0.12199800987847446,0.08972940675102732,0.1409075180463892,0.10260477950188117
0.08357547305440637,0.0943467612069216,0.10201543447393528,0.0734715001174601,0.1648748785028478,0.17471816501052392,0.11773452791008447,0.09226045011091176,0.09700280961290869
0.22037474466216636,0.1089064807618143,0.09942363000229754,0.028232260737275954,0.13855410787755865,0.09252731634506711,0.10127030442798725,0.10917199673399479,0.10153915845183814
0.05736819009958679,0.10483542450920319,0.10387805564290893,0.10631086696221098,0.20191303171830863,0.15783641291133055,0.09211534981719749,0.09497508063109174,0.08076758770816157
0.12459135656677527,0.13336578026346899,0.11978828609801395,0.03466970961781407,0.12145677707866304,0.07753389348541652,0.12546168129993915,0.14404358013881158,0.11908893545109744
0.07218515700663158,0.09678276018448033,0.11717806056076434,0.08057253304494415,0.05821065463909785,0.3417175839615356,0.06466112783277289,0.08625125398214657,0.08244086878762681
0.14175730738578607,0.06985326117521394,0.06307846871318097,0.021248439619212717,0.3581577374633295,0.07215257298339407,0.08983575283343526,0.10344550303816658,0.08047095678828085
0.1815597377296234,0.0970838108976244,0.09612988143222993,0.15171616625737697,0.07614313948477114,0.06879489584385139,0.11609028502134887,0.10753951214593256,0.10494257118724142
0.08375560396334747,0.13711221212489613,0.1398938010137075,0.08636832858485564,0.06038534143048163,0.14758603321075883,0.09000768487007409,0.15001641755241185,0.10487457724946686
0.119113687770534,0.09687322380303391,0.12174812185675055,0.13700808323748276,0.039353274694311845,0.11485226664410002,0.13413555384189368,0.1168640715811012,0.12005171657079217
0.035237038237134845,0.07966477279849983,0.05351648389028657,0.03062219466538513,0.4577976342863985,0.06852511912171926,0.1101342401275916,0.08716302414270265,0.07733949273028154
0.17172555157486613,0.07969364307025902,0.07956033176217167,0.0607023991757206,0.21847833174405262,0.13504083728743813,0.09650668943440138,0.07194514752061158,0.08634706843047875
0.12067912508879164,0.127587586710783,0.12446850175338213,0.042079461406680736,0.14189105585293335,0.07489511185924745,0.09669401066469767,0.13146412450561734,0.14024102215786663
0.13346999947096494,0.10368972878655919,0.09504249630985163,0.07675247790785945,0.15715757621219237,0.05330278348500306,0.08328842750055877,0.17808341196759467,0.11921309835941594
0.25341290060258365,0.08947444251696864,0.09049628192274252,0.049543873778039205,0.18538058297571328,0.03985854583489781,0.08084021198060164,0.11822474448967739,0.0927684158987759
0.10808192892093704,0.11812271623026095,0.08291049502535237,0.040809845385483746,0.1741282606923046,0.13143246470886052,0.12526988460974434,0.10249205788237614,0.11675234654468031
0.25134886980144727,0.11813698669133592,0.10020835820337848,0.10536720375015458,0.02788417565863002,0.08514209897553666,0.09429573613816056,0.11293509359243319,0.10468147718892333
0.12365017099260606,0.08374792450184525,0.07657715135530489,0.01833003953030377,0.33280338426047246,0.10562555813741085,0.08684950188786107,0.09322332667935262,0.079192942654843
0.05238389043964608,0.09845701071862067,0.10229457077224309,0.15977697297484722,0.13078746565876612,0.14969280450185943,0.07037445573583297,0.134922365675564,0.10131046352262042
0.07917795053857377,0.10325673350639959,0.1444827760401073,0.1086480121665533,0.09418174612090009,0.10564978447358793,0.08997789115149694,0.16128786691686936,0.1133372390855117
0.09500172406676961,0.1016231904382107,0.13677438472269313,0.10354378781811735,0.14508790069571514,0.11037176915833773,0.08101824817831298,0.13346929348405345,0.09310970143778996
0.15157553431553006,0.1187746857116055,0.09966477391500465,0.0069892034188673785,0.09460923918061169,0.2487770235333454,0.09127106047044199,0.10592845528809519,0.08241002416649802
0.07889793859142123,0.08016415493262828,0.15438978544596485,0.13333394228570045,0.07684653967363919,0.21227794634792138,0.09914628870804809,0.07686119604087378,0.0880822079738028
0.09335519333653569,0.1292819683588264,0.14451704014512914,0.10710600983755941,0.05306076967344737,0.10538624702172728,0.13003075924354865,0.11354614171620288,0.1237158706670232
0.1495237183648859,0.15065865337672676,0.14398548114895296,0.06409001309175422,0.03277339521276736,0.10670220324320022,0.09484308451534014,0.1363604112195235,0.1210630398268489
0.12521926396305935,0.14111947179615517,0.11397089181131122,0.11783769542313986,0.01788666258376132,0.12195724413639275,0.09176174527846327,0.14030646641074443,0.12994055859697262
0.11209991297722294,0.12612099758087866,0.09549449851940843,0.05102994221837951,0.19612919507047766,0.05781501262145186,0.09634976853660411,0.15824615616340595,0.10671451631217099
0.13242774021553153,0.09410667705742404,0.07465368448592112,0.018369120050026836,0.3052694177268385,0.06329427360208441,0.0894886839002486,0.13236312419609822,0.09002727876582668
0.03845195724725947,0.08400605447384561,0.11431361088290926,0.2744912397455191,0.10495656268056523,0.1341125991289205,0.07420618150988938,0.08411944963353535,0.09134234469755609
0.2570329312446075,0.10524135076063885,0.1022128217506213,0.06678980980266865,0.031780572035189615,0.1055817122665464,0.07950325562639717,0.13342276516305265,0.11843478135027781
