0.094751512855073,0.08967591306016111,0.08271670422694842,0.09362147615934742,0.11651611361154825,0.11247269356574992,0.10824295044415276,0.1923336060721498,0.10966903000486934
0.09169896168942031,0.12893395907317626,0.09927463838952734,0.12981593791187698,0.12953118034177555,0.12205715185127508,0.12374462179776753,0.06147507390802662,0.11346847503715433
0.0972077757812882,0.12681904239180872,0.09225192065312898,0.11840241214801113,0.1289765005589328,0.11527222814842648,0.11105311772173108,0.0937534058387189,0.11626359675795363
0.20350125299947885,0.016943292200937696,0.018576908705739612,0.04920868071008617,0.13602536131250162,0.20481575419487555,0.13598804949724583,0.040881134246693096,0.1940595661324415
0.08553534621346309,0.19855618263181027,0.11380508728969352,0.1627351935344671,0.11750978730543589,0.10676021334845148,0.09424271364854538,0.0149705601443981,0.10588491588373512
0.07950762799476237,0.042783086725256915,0.07378260613450754,0.05789878941182767,0.08202655754163332,0.10820245077687234,0.08804397134791213,0.37887475733366843,0.08888015273355925
0.08684388322817872,0.061479160666595055,0.06432650631477346,0.06755773642915756,0.09453764293553762,0.1035515809079491,0.10704106867009118,0.3262470515861591,0.0884153692615582
0.09588746624280213,0.14656567151924668,0.09623409889853224,0.1292322842849583,0.1303162424866929,0.11406719862023347,0.10865654307926971,0.06278730390583553,0.11625319096242899
0.10542574973348773,0.1132458490033325,0.1356666716413396,0.12726650268161996,0.12822195936404254,0.11607425755799246,0.11106370728349234,0.051472055288533186,0.11156324744615968
0.09692734910722513,0.11039760554499119,0.0887818488652863,0.10877193918334706,0.12533252019358213,0.11536680454582697,0.11189792190889682,0.12800202308993966,0.11452198756090487
0.09052641260272513,0.14251061841665755,0.10154680644032434,0.13631733481432548,0.12964798596626,0.12017328287376768,0.11890345729283804,0.04737660261542645,0.11299749897767532
0.0922836371741849,0.08626385778251487,0.08502363081323312,0.10296117201869943,0.12164513140429996,0.12054566924515493,0.13965392162537668,0.14762821011953084,0.10399476981700516
0.20875322835203622,0.16561924035107176,0.07977516087048785,0.15478039212766478,0.10742584733823292,0.0834037518482273,0.12161443348845387,0.010393163868741681,0.06823478175508367
0.08588360040444554,0.0751978039932771,0.04583518702479699,0.048118110964788796,0.08377587942181568,0.06084302834693971,0.07462719228411857,0.42889574292553195,0.09682345463428566
0.09311354065536508,0.18190096195690675,0.10154138249496884,0.1444828834738164,0.12588256006910428,0.10720696244599211,0.09998942972017273,0.03249279461770036,0.11338948456597353
0.09247473276945445,0.11748923625073748,0.09720615550338667,0.12376915415605327,0.12839024447791655,0.12312550841975807,0.12692340631953547,0.07725923898657099,0.113362323116587
0.09319854157247387,0.0817206427906917,0.079525157455871,0.08642570564969754,0.11159312717486503,0.10995496238564595,0.10424036045247698,0.22651824442681115,0.10682325809146676
0.08621996860945487,0.1891268478231863,0.11077012186919873,0.15757115998926882,0.121422667446893,0.10984726382068255,0.09833213900695985,0.018885336808238968,0.10782449462611692
0.094987493125695,0.08855402046444316,0.0734692358047719,0.08120384508433394,0.11073016792189411,0.1006755046571557,0.09108520236463243,0.25118690544313726,0.10810762513393642
0.07868976145041538,0.16286590198594422,0.059987874467273695,0.16580636150532035,0.14951873087568876,0.05923897555287618,0.11118748056231026,0.06792276834801142,0.14478214525215974
0.06671841287295216,0.11629671055791968,0.3523448143637295,0.09346748472045711,0.09034403943213587,0.0786584820335624,0.09362393526443287,0.036234376016734175,0.07231174473807621
0.09335860958165691,0.11565639337009449,0.10688916741761752,0.1240458217504677,0.13101644056912456,0.12314444384631527,0.11566497869576198,0.0754908483106838,0.11473329645827779
0.09626582287535268,0.14405288912315983,0.09557447117716254,0.1276548980678902,0.13030708569804805,0.114124426903271,0.10884944248492685,0.06673201438145863,0.11643894928873007
0.11038483040513879,0.15456480035073938,0.08472279962981565,0.10467819946010949,0.1206872665915717,0.08691028320813991,0.11232003999404289,0.10653891394245925,0.11919286641798292
0.09276684425595931,0.08139819929990484,0.0624537318119986,0.07401148419930219,0.10864792626680546,0.10228631525415326,0.0888644912583148,0.29959382017603703,0.08997718747752455
0.0945090312566958,0.10474012686876266,0.11364841535211552,0.12267916064464161,0.12729045340957557,0.12350845360844291,0.11660035141559866,0.08207502515477279,0.11494898228939443
0.09293283598026401,0.1359452045506734,0.11080129023100332,0.13393481881435074,0.13176215709114378,0.12009609505857698,0.11077585971997563,0.04991949817386294,0.1138322403801492
0.15608915222280995,0.09214290945410135,0.06806520550876557,0.09166595565895654,0.09318978514849134,0.06511396879489058,0.22356400618338182,0.14252915060526303,0.06763986642333987
0.08688596808171445,0.06434745949622389,0.07647557687539396,0.07907486825036947,0.1037346562872075,0.11514389612223379,0.11418482033337363,0.26045048992396985,0.09970226462951348
0.08892936903857168,0.1592389292234016,0.10435917926251208,0.14379340621296735,0.1282572069760801,0.11715197430515956,0.1119231547987708,0.0345907957361003,0.11175598444643652
0.0888193750286793,0.07205920010666499,0.0794289843969515,0.08669833373728335,0.10980206856427537,0.1177562394371084,0.12010721777477962,0.2222355884410907,0.1030929925131668
0.122778644267227,0.0815464253614352,0.03959569954943823,0.05427493271984171,0.08826980222331106,0.0628961335351722,0.08021712095330104,0.394206206605276,0.07621503478499754
0.09291779957048331,0.09915568966574749,0.09324809224681008,0.11241274413070663,0.12397169527217629,0.12336040889914525,0.129316469200582,0.11385506647112471,0.11176203454322424
0.0932491145201501,0.11850991167637075,0.10510665953910096,0.1295350882983691,0.1261896395856863,0.12263791869343772,0.1256352339487648,0.06524640196515363,0.11389003177296675
0.08626734680446262,0.188532280566013,0.11060458803078149,0.1572679900225039,0.12163019380797054,0.11002428972189347,0.09859948406597574,0.019142968112955263,0.10793085886744391
0.09525859401926666,0.16116941786331282,0.09790655653478504,0.1349942875758511,0.12946191757226586,0.11125507724701313,0.10483619100746672,0.04934934217590901,0.11576861600412969
0.09198527079170206,0.12513039719818148,0.0986098414751236,0.1278757949265524,0.1292686321546146,0.12247296060646178,0.12490998466772463,0.06625485102821793,0.11349226715142163
0.09147154262649791,0.13922621709024155,0.10967936091949258,0.14060898625313625,0.12600497961608628,0.11964089357586476,0.11775251297513929,0.04247259793018091,0.11314290901336059
0.07365643241884061,0.0405752335933572,0.04981061296733735,0.03975376946591194,0.06613864894447004,0.07558400428416606,0.05837633716333057,0.5158516311255789,0.08025333003700737
0.09199639201852804,0.1333741305750458,0.10800694265285904,0.13738132779150777,0.12654654927855827,0.12068603878657293,0.12031249131050258,0.048190654289214326,0.11350547329721127
0.09643576198210328,0.10903072774629884,0.07089448685148657,0.10202142629831747,0.1364944077674748,0.12233474753353117,0.10317762896840187,0.16281245367431238,0.09679835917807363
0.08658724608337354,0.18463858028016877,0.10957702239516458,0.1553306015323546,0.12289743157325587,0.11114252037963858,0.10036598061582182,0.02086990643510489,0.10859071070511735
0.09272036020563633,0.11236397822439796,0.09619725852344703,0.12083077980369984,0.12750946942175484,0.12340328538200694,0.12798288794522386,0.08587224093317092,0.11311973956066228
0.09226615992552555,0.12099604090812656,0.09786336018645148,0.12569135914228802,0.12885447663255326,0.12285860564327598,0.1260582889495432,0.0719580613450701,0.11345364726716585
0.09064162149516893,0.14125818370115176,0.1013404626649601,0.13573973310844548,0.1296866871275065,0.12037027132515778,0.11938741568500777,0.04851245977152755,0.1130631651210741
0.09717470132566579,0.11894288956238325,0.09074733260403166,0.11406617824137982,0.12757140871589118,0.11558151317713412,0.11183651884877273,0.10846475986044202,0.11561469766429938
0.09260084089116223,0.11505643555202383,0.09673503860341344,0.12239452173945514,0.12800326031363637,0.12327494986332936,0.12745849138267748,0.08121221397877014,0.11326424767553207
0.09683185063680577,0.10650310555116375,0.08744321488149094,0.10567876534434588,0.12390585608494918,0.11466865088160583,0.11093606299871228,0.14014593579655957,0.11388655782436674
0.08634801314895642,0.18753153639260922,0.11033141674289264,0.15676237076009053,0.12197076611699866,0.11031834237243471,0.09905108466942016,0.01958008289457944,0.10810638690201824
0.08553534621346309,0.19855618263181027,0.11380508728969352,0.1627351935344671,0.11750978730543589,0.10676021334845148,0.09424271364854538,0.0149705601443981,0.10588491588373512
0.1802515222528506,0.06655819907076203,0.15491479690644275,0.07902376278272323,0.09815108990804022,0.06708962416841831,0.23414896200741855,0.04710785189878359,0.07275419100456065
0.09065214048066422,0.1411432586110837,0.10132152017833335,0.13568654766217905,0.1296897607877204,0.12038812888168922,0.11943149355680667,0.048618166356668914,0.1130689834848544
0.09756130057136565,0.19486386732005626,0.09684419851662968,0.14027520000991064,0.12246504685400905,0.09840761653770852,0.09951620546558791,0.03498770528774323,0.11507885943698903
0.09399700328422128,0.10255182012244175,0.10129101122344213,0.11952742056731712,0.12365567383090066,0.12358065367912459,0.129369216645196,0.09289934373981808,0.11312785690753842
0.0934078012042231,0.1430252852146389,0.08685982686141909,0.14216922959132675,0.15725301635965952,0.13454379191025242,0.09560969394207225,0.051819584403019536,0.0953117705133885
0.09577748600911277,0.13659034797437153,0.08706518518145351,0.11827277548838398,0.1322361899486465,0.11486986734839277,0.10950907050521907,0.08983968397642383,0.11583939356799611
0.09115866345359962,0.07748280393378458,0.08689747125945278,0.09523264254986469,0.11339589625205086,0.12005679187862044,0.12521648198795343,0.18411358622994187,0.1064456624547317
0.08553534621346309,0.19855618263181027,0.11380508728969352,0.1627351935344671,0.11750978730543589,0.10676021334845148,0.09424271364854538,0.0149705601443981,0.10588491588373512
0.09907786015037755,0.16618303392411646,0.08483383767704082,0.12145658323700921,0.13136040213538624,0.104336461060808,0.10016021609546077,0.07449032604306328,0.11810127967673782
0.08820893594073487,0.16673970615339598,0.10571990922880832,0.14709860053286558,0.12711419760154194,0.1155698616071199,0.1085703274756498,0.0299864499822947,0.11099201147758891
0.09175840786192778,0.12816946663150583,0.09914246771499712,0.1294309246162398,0.1294871338282433,0.12214512686419916,0.12398662004712546,0.062402322811915,0.11347752962384659
0.1998465459695465,0.010991231524232913,0.021300126014732464,0.025790104863334672,0.04186001421543429,0.041330330283726985,0.18139692586519862,0.42999396187647304,0.04749075938732048
0.0961484530414542,0.17939686471518568,0.10161896708698655,0.13671995608970447,0.13088032617286227,0.10655671597309595,0.09952064246630371,0.03646338321752049,0.11269469123688669
0.09293746980564511,0.1013506712075466,0.09377924718708491,0.11390628051762623,0.12469817262495891,0.12345489692436495,0.1292567715931179,0.10854494901300062,0.11207154112665464
0.0896500192749748,0.15177531158688082,0.10308167696417336,0.14049764312168292,0.12907484510263675,0.11858698266667318,0.11514144856472763,0.03980173968372189,0.11239033303452868
0.08278685051150585,0.0672103438009119,0.04766722295951615,0.04858339440424587,0.08499876055623357,0.07214172919743767,0.06710933722285352,0.43700514809382773,0.09249721325346776
0.09151070968575425,0.1312857747726357,0.0996772978491874,0.13098583504286274,0.1296401362728164,0.12177334916453832,0.12297720469843627,0.058721833505966194,0.11342785900780271
0.09263296789665178,0.0912663985217053,0.09117940430460199,0.10669213936992468,0.1208576168653724,0.12268193645956531,0.1288901228247367,0.1354727840805651,0.11032662967687672
0.0938627707906331,0.1731087399777643,0.10014092050349561,0.14074619545112452,0.12773458457281514,0.10926415026270851,0.10217808396447697,0.03852256556866219,0.11444198890831973
0.09142084616092487,0.18531203127028392,0.0956081862853212,0.17539643656313797,0.12359638721941783,0.12482329069130522,0.09647211794742362,0.018563001740865556,0.08880770212131982
0.09135640293073292,0.12111319151305133,0.09089087829997279,0.12080070354841904,0.13088996555489907,0.12307295492735136,0.1266540444182163,0.08241829994207235,0.11280355886528474
0.10400165135653106,0.12969649065851907,0.07212236292540912,0.09991524260290614,0.12160000450984905,0.09835660965150789,0.10022084923187728,0.1679475692067498,0.10613921985665065
0.08796361463469,0.16332690429019844,0.09730948634344012,0.14011116634203957,0.13182075978170263,0.11750484484669081,0.11271850458345817,0.037641250748129955,0.11160346842965017
0.09251357546392103,0.08943387622858945,0.09066059872401637,0.10527979479323933,0.1200168465715638,0.12244252293786866,0.1286327597487681,0.14110458743489787,0.10991543809713544
0.08964812454160566,0.06961520906765122,0.08406622938934999,0.08778528322248778,0.1079408413816947,0.11770931794553392,0.12100921950421219,0.21883587060566315,0.10338990434180144
0.09211040817870715,0.08478677852928795,0.08927634438769771,0.10154869787323405,0.11767884234303193,0.12168723373252315,0.1276804867635107,0.15649942012122556,0.10873178807078175
0.09132202432028215,0.12194720191969095,0.09109593717102583,0.12128345497303188,0.1310085731529605,0.12302177744362781,0.126483654984036,0.08099432401617458,0.11284305201917033
0.09092825010552195,0.20505038064138872,0.10699815872854194,0.15597290717641685,0.11764692261263222,0.10059137806852576,0.09489845466756076,0.018930409154943525,0.10898313884446818
0.09255073793515728,0.11606116939385581,0.09693122634250168,0.12296650588666187,0.12816973481437674,0.12321694839757051,0.12724429428685713,0.07955102009421844,0.11330836284880058
0.07337885830043604,0.18317376343663153,0.22998080632124174,0.1345164255982009,0.10166800394183377,0.09241232113677446,0.08830676151066214,0.011854592027337546,0.08470846772688194
0.18133094383991757,0.12330037091596996,0.15871017818014715,0.11460762088454124,0.09377070023684571,0.0722368260456307,0.17650509871541561,0.009430740475101007,0.070107520706431
0.09176866346248803,0.10200318153489941,0.08724670638509181,0.10971023728830753,0.12597322776832914,0.1231620599074386,0.12850633164515676,0.12056597699453513,0.1110636150137535
0.09226911512361807,0.06259117844528732,0.07015858885008991,0.08010025591653873,0.10489655181270696,0.10277434860211343,0.1830054125854561,0.22837945406448948,0.07582509459970001
0.09263530698914697,0.11432884046421832,0.09659148070286115,0.12197645559470915,0.1278767429943788,0.12331358666687675,0.12760744855432726,0.08244110452051212,0.11322903351296944
0.1690530403542916,0.17632938673947995,0.06759929870317756,0.14801384259704742,0.11170944157075237,0.11454773637196998,0.09345444476720328,0.015512038654281779,0.10378077024179598
0.09701013901589499,0.10727326009510159,0.08730600275688938,0.1057054243998876,0.12402856470028896,0.11431741296244728,0.11030682717897906,0.13999920965982993,0.11405315923068109
0.09705107435683336,0.1319482961293917,0.093255417080303,0.12121918592292998,0.1296227894724973,0.11502341078909493,0.110512569043139,0.08488624373219207,0.11648101347361872
0.4035141195413458,0.03911829549325695,0.053983590941319805,0.07631393036453316,0.08177243045536635,0.12257599250536756,0.11672703629355702,0.018434241833633246,0.08756036257162014
0.09148540977472257,0.11915047879405243,0.09078381989277802,0.11992630562645752,0.13048612381101465,0.12317540551004134,0.12701363237377059,0.08523672406014447,0.11274210015701853
0.0876318142796118,0.06338538796448133,0.07229067757673911,0.06945295709017904,0.09782409993544257,0.10377104186099166,0.09230090440701127,0.31490900531514193,0.09843411157040123
0.09689380053992053,0.12356036075550507,0.07629584822433187,0.11257139055010779,0.13492791291337144,0.12000819781915045,0.1157103685612471,0.11770866766791359,0.10232345296845213
0.09225834371960762,0.12111865943611012,0.09788591383673124,0.12575737378490945,0.12886878542330407,0.12284823539575584,0.12602615603287357,0.07178070129724352,0.11345583107346462
0.09241391957557336,0.118565418693781,0.0974104481057917,0.12436625516747202,0.1285442011615619,0.12304984977027322,0.12666927799798497,0.07558420277515122,0.11339642675241064
0.08639296372253728,0.07227747767085142,0.07769877830622685,0.09909903830587719,0.11224483422000285,0.11258670722213615,0.20327752983657402,0.15288030035627664,0.08354237035951755
0.0766037303866443,0.08098053279467539,0.25536122894288876,0.09589933934644097,0.10481615141110534,0.10320013583194147,0.11285326786396856,0.0858930139378765,0.08439259948445872
0.14677502466440215,0.03778908572437307,0.33037575967124416,0.09997934828268547,0.05669437523457313,0.04847637648942598,0.19659587068244042,0.015297500069162168,0.06801665918169347
0.09366433400768465,0.17245582142932916,0.09164111779887159,0.1337316863878341,0.13240464702988985,0.11025019153780391,0.10273944045798665,0.048080829072745725,0.11503193227785442
0.09566712068187729,0.10021598626936744,0.07169412176767502,0.08599259091486021,0.11716739203520406,0.10278953076692755,0.09318930214963346,0.2230037484357774,0.11028020697867758
0.09133969458747733,0.133346426341621,0.10002586857582131,0.1319939714389473,0.1297036132601598,0.12150902918079769,0.12227783935200004,0.056426431605899,0.11337712565727653
0.08843254839101262,0.0647443427962925,0.0821923707101588,0.08283320079520624,0.10412032297467268,0.11599188781787946,0.1174377175219697,0.24304911401148208,0.10119849498132588
0.12903737233761906,0.10096763800958801,0.15257593006656914,0.11808432887482549,0.12178273066548108,0.10482742815476474,0.12949443274206046,0.0409030433869284,0.10232709576216359
0.10954964821337726,0.10846780806640732,0.02285138582508427,0.07626832127502217,0.10270117645682898,0.055210279346775394,0.10570170854308054,0.3254503338360433,0.0937993384373807
0.1009530846772404,0.14025716767769167,0.08794612250401684,0.11538737840254336,0.12814386777364903,0.10652511881790572,0.10208224717650417,0.10004317516626855,0.11866183780418027
0.25814791902435325,0.039245423506601075,0.021405655945073612,0.10103807716013917,0.0775532005316202,0.1597683295630822,0.08502092671614175,0.031825492468776834,0.22599497508421187
0.11645950558804548,0.149421531925451,0.07915275044398397,0.09349706263835461,0.11784783922975921,0.07903400205341003,0.1212439564784127,0.12759596446868002,0.11574738717390298
0.08366372958068856,0.05409504260855167,0.06852711105819567,0.06034354100818152,0.08911219223762323,0.10040465682618456,0.0831354782696911,0.3674587129223386,0.09325953548854506
0.08553534621346309,0.19855618263181027,0.11380508728969352,0.1627351935344671,0.11750978730543589,0.10676021334845148,0.09424271364854538,0.0149705601443981,0.10588491588373512
0.09184206933824852,0.12707281559819888,0.09895165418528096,0.12887438212782584,0.129416374818999,0.12226752599902109,0.1243270787509913,0.0637612686285971,0.11348683055283725
0.09338848809334994,0.1093964352038201,0.10586612420544121,0.1205137269545243,0.13008860270336697,0.12366209725889643,0.11631139932675884,0.0861426535431269,0.11463047271071525
0.1840137929151754,0.05551973361278337,0.11879912369790883,0.108268328117826,0.10896056745380772,0.09889553231004267,0.19839516305127813,0.054668612163288555,0.07247914667788938
0.42702090893588324,0.004231566921697225,0.049547511854862995,0.038451806283804874,0.07626217685924157,0.1167346643200055,0.1806006085202819,0.027356755847389547,0.07979400045683312
0.08525196354172788,0.20844829346235572,0.0816180234751596,0.17902274978024277,0.1264883775850939,0.08791282906610227,0.09744109401375929,0.01660349996321781,0.1172131691123407
0.09777262063171022,0.13376840205270868,0.10098478165250042,0.12766307900872206,0.1273883929837349,0.11467462128348604,0.11056281152604701,0.07022494955731713,0.11696034130377357
0.09210788939803609,0.12338749978649981,0.09829852019675349,0.12696508012521499,0.1291109582249451,0.12264438900056272,0.12540999007225864,0.06859107372050814,0.11348459947522099
0.09476885056182809,0.08945849488502983,0.08228026474499579,0.09294395323367051,0.11620705348527978,0.11196283657864041,0.10735281095374882,0.19545880898273857,0.10956692657406825
0.08608321979560886,0.06704896846331011,0.05414544116156598,0.05166012203718711,0.08498565441366777,0.07124607151751942,0.07027144339352381,0.4188288461568335,0.09573023306078343
0.09280176831409188,0.10482659396445153,0.08954017263674374,0.11638033098002369,0.12928184241840965,0.12198967448466265,0.14049710203367397,0.09782274733014405,0.10685976783779894
0.09514082211091283,0.15879887563700446,0.09790589298877161,0.13447467673951444,0.1296813028659932,0.11199822871121501,0.10566484467704595,0.05058864229486882,0.11574671397467368
0.08811517627352046,0.16772656763957436,0.1059069305527467,0.14753595161695662,0.12693893432774941,0.11535087886722517,0.10812271731794433,0.029421010344057603,0.1108818330602253
0.1022528505615159,0.09012068133920224,0.1223686244355738,0.10998716282653422,0.12775994560255852,0.12048908091221106,0.11062400924923273,0.10384215043775656,0.11255549463541496
0.09915185524177265,0.12412772377292469,0.10653988955528276,0.12744821055602976,0.12441225056368987,0.11503398311460666,0.11209889501289329,0.07386733930706862,0.11731985287573166
0.09280933260276027,0.10989865973814372,0.09568820852095955,0.11935734144063308,0.1269940382864578,0.12348407483432396,0.12839567950071898,0.09042081212618669,0.11295185294981598
0.0908413020686298,0.07557773388586872,0.08623651326095745,0.09349146995470374,0.11215535451862398,0.11954251701922454,0.12435714428115933,0.19203598014041698,0.10576198487041545
0.10697570048032164,0.18284613168037026,0.06396307578085489,0.17788148118502511,0.16175280444572446,0.11086425762035122,0.09688140394863191,0.022181902728107144,0.07665324213061327
0.09046534750932726,0.14317010070115052,0.1016554269596958,0.1366200549182803,0.12962380268666335,0.12006782296184533,0.11864602979588039,0.04679013527173521,0.11296127919542188
0.096241082394993,0.15570553230586592,0.10500063485782367,0.13834951100495896,0.12609831729576862,0.11120835975145527,0.10559044506587471,0.04586885008384219,0.11593726723941762
0.08956474984466099,0.15266138200152338,0.1032306086827403,0.1408910396946641,0.12899422710857608,0.11842381944365994,0.11476699781761605,0.0391455634548665,0.11232161195169256
0.09144129322964047,0.07935088963477231,0.08752952671324454,0.0969019404334327,0.11456265889221721,0.12052567617696003,0.12596828061237786,0.17663888686643256,0.10708084744092237
0.08962844102806065,0.08382805478731897,0.054104522594398886,0.05972836132923506,0.09768516295968055,0.07930536224288738,0.0744937227169543,0.3599432080578638,0.10128316428360046
0.10059565863197024,0.12490545009735,0.08462989725152598,0.10677997403579158,0.12565373376863673,0.10652351570175388,0.10100086060467213,0.13255939336325506,0.11735151654504446
0.0979818369646172,0.1236071054480951,0.09886783967357554,0.1222003479408119,0.12679245304493655,0.11582773964930089,0.1126013774673796,0.08546141616489539,0.11665988364638787
0.09530227410687457,0.15015817105013182,0.08858132307708355,0.12406055060506942,0.13329924421855366,0.1134463173069795,0.10716634483254839,0.07191675671310849,0.11606901808965066
0.08527138925249766,0.20835849599192927,0.08187298781507048,0.17887213576493824,0.1264104127353681,0.08810189703777077,0.09741716683724659,0.016588263169305072,0.1171072513958737
0.09589653595200749,0.09401696060204802,0.11256178202305644,0.11166374236480242,0.12798703291917327,0.1230077654206647,0.1105121728725552,0.11049003658244518,0.11386397126324728
0.09710310082929956,0.13141824813433833,0.09310796155407242,0.12086354182805185,0.1295570724458634,0.11500342783379307,0.11050149907033009,0.08596459685204731,0.11648055145220404
0.08553534621346309,0.19855618263181027,0.11380508728969352,0.1627351935344671,0.11750978730543589,0.10676021334845148,0.09424271364854538,0.0149705601443981,0.10588491588373512
0.08869768321176523,0.16163968355730443,0.10478436690578115,0.1448493897324146,0.12792702902706668,0.11666110217291588,0.11086081983947592,0.033054562744474235,0.11152536280880192
0.16808887402818107,0.08101226219723144,0.30033927787269366,0.08234298256326344,0.05234206495880101,0.04657809452844858,0.21678891155718436,0.005986582464128587,0.046520949830067826
0.09326283770912112,0.11779988200712493,0.10458385916596909,0.12888460649926126,0.1262466755774921,0.12273407924724794,0.12591397584668018,0.06670611754764237,0.11386796639946095
0.10886547359885945,0.14299286869609315,0.07017851421269092,0.0870383863669904,0.11483022812136663,0.07794620709709472,0.11123542233158949,0.17020852694843702,0.11670437262687816
0.0866905728028275,0.05610488764247793,0.044667961612985675,0.04111866625360186,0.07193060819081817,0.05376820956532469,0.07235035143265346,0.49965635933961977,0.07371238315969104
0.11680032161866975,0.13784582744918678,0.07964415229107706,0.1305347108835584,0.13190078637460934,0.11035543103898593,0.10963688860865402,0.07287897925227858,0.11040290248298024
0.20161415167624863,0.058451468681633985,0.20650624435228462,0.07857983834945635,0.050582504826940385,0.0509157842228432,0.3033204122993061,0.006613444723979647,0.043416150867307
0.08535887876699295,0.06935436676820944,0.05435850847411026,0.05538224273250014,0.09186830319136192,0.08326454320137383,0.07049809122284527,0.39418879119926536,0.0957262744433408
0.10697570048032164,0.18284613168037026,0.06396307578085489,0.17788148118502511,0.16175280444572446,0.11086425762035122,0.09688140394863191,0.022181902728107144,0.07665324213061327
0.10942515989424406,0.0999804085301063,0.09524958552946282,0.09103207506232874,0.12351454818984882,0.09899331660790389,0.10979187650270095,0.16097896686303023,0.11103406282037416
0.0920881285197514,0.14550163193570495,0.0991224307027595,0.1461949040518052,0.13109172494966367,0.1235374667167699,0.1210463005738572,0.03955598119468443,0.10186143135500379
0.0895141176554396,0.15318685228908216,0.10331921377015356,0.14112397275366337,0.12894432233127331,0.1183261377342895,0.11454388311147386,0.038761489483877545,0.11228001087074713
0.09115848032226387,0.13546706461914126,0.10038123901127215,0.13301627584979908,0.12973881834211007,0.12122251358875114,0.12153360372453144,0.054171079564104295,0.11331092497802665
0.14677502466440215,0.03778908572437307,0.33037575967124416,0.09997934828268547,0.05669437523457313,0.04847637648942598,0.19659587068244042,0.015297500069162168,0.06801665918169347
0.21273800583708946,0.02938490909754111,0.22115860378460617,0.07262733263184577,0.05003128745833837,0.04077442370027837,0.3209584499426421,0.008539223413162591,0.043787764134496
0.08924460206369371,0.11185902768542173,0.07645748557550597,0.10615157841938372,0.13115020077650555,0.12268345257393935,0.12644724138676233,0.1261602722577716,0.10984613926101598
0.17258567210866327,0.06700377486389895,0.3045136382579443,0.07593904384897958,0.049029255323459704,0.04445159496629694,0.23459903080097952,0.00644497224068944,0.045433017589088326
0.08839977542585108,0.1730416991524479,0.12614239724446483,0.1616766763970259,0.1143650107394849,0.11008235070313777,0.10013595499844062,0.018100634275389677,0.10805550106375728
0.09163863253417921,0.08077784722223112,0.08800144645384188,0.09815188808526021,0.11542080377969317,0.12085989662821184,0.12648446506728298,0.1711224530874448,0.10754256714185477
0.1693842536224034,0.03648408122746043,0.048912279306956075,0.05599136488311818,0.09515888389440506,0.08389209657422152,0.10836086418645034,0.34248815839328334,0.05932801791170165
0.09062817512241494,0.1474093686338983,0.11079782315433621,0.14417883584107938,0.12542436117179498,0.11818079777888979,0.11434985750888449,0.036529776785325006,0.11250100400337693
0.11228599819367528,0.1338717088980015,0.0943380558165579,0.10365399299243709,0.12461290182857311,0.09296793594467483,0.11330630576062885,0.10851207400930168,0.11645102655614976
0.11437075270137152,0.08751023642670401,0.43291965973009755,0.08297136145227164,0.045409148907122575,0.059180746932008255,0.10236479182562215,0.014219968856272186,0.06105333316853007
0.16594368540724372,0.01820239848080751,0.3237118699758182,0.056782373756286454,0.045297574311913315,0.016047803996021386,0.32298642842857506,0.009694966907801911,0.041332898735532475
0.17761738245118974,0.1162858174772366,0.20240765000425598,0.09713477077383498,0.06860305674877215,0.059400608407125,0.2168654099452595,0.005233554939542583,0.05645174925278351
0.10383869846949308,0.08264059419094694,0.09131441578760106,0.08808114367848485,0.11877206839653996,0.10979413216546567,0.10678608531438512,0.19757970459996754,0.10119315739711589
0.09356317647256523,0.11309383645167535,0.10360104878858382,0.1261494140152826,0.12570777994104199,0.12313793811937511,0.12723576561465513,0.07373377352733944,0.11377726706948144
0.09105275306632186,0.07682684581032201,0.08667173969342834,0.09463756177221432,0.11297453070836809,0.11988379527692972,0.12493137682176765,0.18680704794714684,0.10621434890350111
0.09274467659810239,0.11174348387998818,0.09607069490329745,0.12046377810568061,0.1273855562361238,0.12342702961161343,0.1280930464084914,0.0869909495007032,0.11308078475599946
0.09538357937136883,0.13847869803990784,0.08855663884463238,0.12059581150560024,0.13238684173365,0.1154107810072484,0.11034266927732782,0.08308273727161142,0.11576224294865296
0.09947760298169794,0.10810656771497408,0.07205536918806606,0.08550614693371138,0.11479792861162641,0.09387825779190596,0.09008016217673143,0.22266659573950257,0.11343136886178425
0.09229604589371221,0.13443093849206,0.08976298292551571,0.1347530613044543,0.13481462952798343,0.12604412464230322,0.12885438747274924,0.056604217115652465,0.10243961262556951
0.09293435185917716,0.10351641168199575,0.09428598914407486,0.11534082028704451,0.12535833021689088,0.12351140942865783,0.12912948180409645,0.10358142194823483,0.11234178362982768
0.0863084833371976,0.1880201824237209,0.1104639661672654,0.15700854277741638,0.1218058164208805,0.11017536411303856,0.09883033377865046,0.019366092360747367,0.10802121862108287
0.0889933618139175,0.16862530657159444,0.13271727483996645,0.1638374175954154,0.11120733154750051,0.10957795638737322,0.1001571560955074,0.01717135841573599,0.10771283673298909
0.06778185128778161,0.08618641710721885,0.31554022730036246,0.09510552619247202,0.0972510560124585,0.09299286394982077,0.11456836717012862,0.055775469902231,0.07479822107752622
0.09049491614726445,0.07766237628569606,0.05256142097671162,0.05690028437239636,0.09675804948569562,0.07734602154987441,0.07883203339348674,0.387121750323746,0.08232314746512866
0.08553534621346309,0.19855618263181027,0.11380508728969352,0.1627351935344671,0.11750978730543589,0.10676021334845148,0.09424271364854538,0.0149705601443981,0.10588491588373512
0.13360869660520158,0.001941302202050175,0.31848304975870023,0.056810483481291675,0.05565474067997415,0.01020030123049785,0.25481032588110925,0.10052427337081532,0.0679668267903596
0.09618438302528105,0.10338277180286344,0.06516491397348204,0.0783910174541921,0.11296168093963473,0.09247984283050792,0.08558232273408307,0.2558804107527128,0.1099726564872429
0.09243461530762405,0.08837473595489832,0.09035383952005166,0.10444848494185298,0.1195101114690617,0.12228928088000957,0.12845438464021805,0.14447089214898545,0.10966365513729819
0.08324725978013592,0.05725161975145965,0.057915735705352585,0.05095339505734956,0.08232850974836141,0.07955927642647063,0.0673946870646595,0.429539595549743,0.09180992091646763
0.09426610284370263,0.11943943709026479,0.12029351669625216,0.13947419607172376,0.121021738731254,0.12107083462383107,0.1220157491109674,0.04836600860467879,0.11405241622732547
0.10129919579459874,0.11703828621449153,0.06861254225028039,0.08340860905746905,0.11278630382148254,0.08617878408409153,0.09164327414376598,0.22397115542333776,0.11506184921048246
0.0957392615090451,0.15282208423766028,0.09685166874090746,0.13158563512665233,0.13010733078924783,0.11282599840062074,0.10690025773686383,0.05699009108226984,0.11617767237673261
0.08668077318526264,0.058617591442535866,0.06427984894488963,0.07677601984376282,0.09472836341234321,0.11323857505744893,0.15687520507998828,0.2625499855452032,0.08625363748856542
0.08852823933608918,0.16340091748047567,0.10510205382262372,0.14562465423795326,0.12766365494324208,0.11629179242107758,0.11007457997348662,0.03196619642017051,0.11134791136488133
0.09028920146983847,0.1450576024795842,0.1019664246664449,0.13748143051220976,0.12954026238704214,0.11975949889059195,0.11789977449401763,0.04515431742936347,0.11285148767090748
0.11530574138438271,0.1225771769390247,0.07459035165230374,0.11302987592323843,0.12750440089827708,0.10439879998716117,0.1054623060174611,0.12481604784601759,0.1123152993521334
0.09284641241562913,0.1086455235330972,0.09542287669283649,0.11859234064438119,0.12670791920604704,0.1235108452065853,0.12857922509410832,0.09284216271012363,0.1128526944971917
0.08553534621346309,0.19855618263181027,0.11380508728969352,0.1627351935344671,0.11750978730543589,0.10676021334845148,0.09424271364854538,0.0149705601443981,0.10588491588373512
0.08947428252414093,0.15359996646971277,0.10338903136685429,0.1413069240920054,0.12890399394288996,0.11824886239484673,0.11436793787108179,0.03846213738413243,0.11224686395433574
0.10545311125948899,0.14417698046472316,0.07430705699279001,0.10921174895066404,0.13091507127832655,0.10325585268962939,0.09953076916034535,0.13025607437550737,0.10289333482852514
0.09052768856444139,0.142496807633712,0.10154453163916764,0.13631098504925057,0.129648464469756,0.12017547869606715,0.1189088294380181,0.04738896904683259,0.11299824546275455
0.10507608545105467,0.11163103710344059,0.10348269230440156,0.11350946984004834,0.1180199746523037,0.1054926291612468,0.1047575079033366,0.11852872696656551,0.11950187661760218
0.09348892912833669,0.11418566382050706,0.10374129515231108,0.12673567020844936,0.12587813015926883,0.1230589628947308,0.12695842046655817,0.07215049268094807,0.11380243548888998
0.08093265796536171,0.04541024021455353,0.07463207899752085,0.06097802813981507,0.08515260828827476,0.10887564155960318,0.09291608644524091,0.36056169527136595,0.09054096311826405
0.09275686416181932,0.11141963507688407,0.0960042297797355,0.1202712169132924,0.1273193441906868,0.12343852419316935,0.12814889192969917,0.08758170980616682,0.11305958394854654
0.09047949792751159,0.14301753366939682,0.10163029848609784,0.13655010690542388,0.12962962930189892,0.12009232582881214,0.11870573997924509,0.04692510978505057,0.11296975811656318
0.08553534621346309,0.19855618263181027,0.11380508728969352,0.1627351935344671,0.11750978730543589,0.10676021334845148,0.09424271364854538,0.0149705601443981,0.10588491588373512
0.09584911969319461,0.1085858160024445,0.1285572350952172,0.13926663721100893,0.11728177201138888,0.121422618893547,0.1238645925639474,0.05087384535194908,0.1142983631773024
0.1017464860554426,0.12010433276735084,0.10246342697546344,0.13221854433668132,0.1270048233461519,0.1201488400829922,0.1171093074481283,0.07387798751229485,0.10532625147549453
0.09838549233258442,0.15610272434873868,0.10597645803805596,0.1322523060562786,0.13043029485059052,0.10967826772358713,0.10340098681075932,0.04860664783739924,0.1151668220020061
0.08553534621346309,0.19855618263181027,0.11380508728969352,0.1627351935344671,0.11750978730543589,0.10676021334845148,0.09424271364854538,0.0149705601443981,0.10588491588373512
0.07251512967021581,0.042468136145591584,0.04190697873513827,0.03726834855941365,0.064161062442236,0.06542047293319359,0.06002266172995341,0.5376423136681249,0.07859489611613285
0.09280759056618043,0.09488188266911428,0.09215972016758879,0.10938448429096859,0.1223848419796089,0.12306159912430152,0.12921683332721395,0.12505321111788958,0.11104983675713408
0.14436542294207977,0.06292720902368147,0.2603288968128145,0.17211632752644612,0.06423091001735216,0.06846557068239216,0.1358456972314413,0.02217405623203163,0.06954590953176094
0.09293883440744537,0.10218590868952071,0.09397666638828701,0.11446404081048595,0.12495933627875923,0.12348090671880156,0.12921551279339608,0.10659899223173641,0.11217980168156766
0.09227409142295336,0.08647508491793103,0.08979077870209456,0.10292942899407033,0.11856270369308342,0.12198662534532607,0.12807802057350312,0.1507176483121572,0.10918561803888094
0.09588746624280213,0.14656567151924668,0.09623409889853224,0.1292322842849583,0.1303162424866929,0.11406719862023347,0.10865654307926971,0.06278730390583553,0.11625319096242899
0.09258928769929552,0.07897921100958902,0.06886282900786404,0.08256122302806924,0.1123164909690408,0.11271460605747553,0.1066988292846548,0.25281698052112467,0.09246054242288639
0.09089666493558264,0.0758975145651782,0.08634860076058938,0.09378649236029261,0.11236716636282156,0.11963135605772927,0.12450811546901146,0.1906848137142343,0.10587927577456052
0.08971013498829589,0.15114963783092777,0.10297684777913178,0.1402193522460379,0.12912909466742398,0.11870101849254361,0.1154044777910963,0.04027166356987095,0.11243777263467188
0.15081183289926806,0.06892338811859651,0.0445138976449742,0.050516313511150414,0.07616831721585755,0.052048754313833136,0.08715459345454929,0.3803739399664669,0.089488962875304
0.09197894782896583,0.12521812052216505,0.09862539106602718,0.1279212581018704,0.12927593331770548,0.12246400424788322,0.12488423159277917,0.06613977925038479,0.11349233407221893
0.18544681920962716,0.09624531669670934,0.07738576733246931,0.15336358590158652,0.12304565397536284,0.11062182734547871,0.11991093812738322,0.05707371482868492,0.07690637658269799
0.09183021693620448,0.15713838859501725,0.11386296183660242,0.14259215991592777,0.12938542666610864,0.11568773293334449,0.1046965296565866,0.033302196385049256,0.11150438707515913
0.09285614252729357,0.10827989691727313,0.09534458638340755,0.11836703507200853,0.12662129899543584,0.12351676995682374,0.12862930667058847,0.09356302126722527,0.11282194220994385
0.09264399093430392,0.09210012754548476,0.10273733777141547,0.10911272362313527,0.125195881939719,0.12368314046662336,0.11536302540614096,0.12618029657117355,0.1129834757420037
0.08935532197022122,0.06835527447760889,0.08358937609745837,0.08652938204259743,0.1069855097742121,0.11728199886214614,0.12016281913770994,0.22489589833462154,0.10284441930342435
0.2788799856882085,0.037731970413149,0.033533369820697274,0.035606046141625936,0.04049361839876836,0.02737256627552088,0.1201281790705806,0.3581941646770516,0.06806009951439783
0.08553534621346309,0.19855618263181027,0.11380508728969352,0.1627351935344671,0.11750978730543589,0.10676021334845148,0.09424271364854538,0.0149705601443981,0.10588491588373512
0.09287962597595127,0.09719974994405416,0.09275913108758159,0.11104699431713703,0.12327421028456365,0.12324305636768083,0.12930753347014162,0.11883512192544642,0.11145457662744342
0.09674984755032873,0.13766573736069007,0.09435408071943928,0.12428881539242498,0.13008908145814582,0.11464956287862764,0.10979130989988632,0.07585652462351962,0.11655504011693758
0.08936499408114124,0.06685703986220559,0.06313219172962951,0.06546158516319844,0.09426982272028016,0.09477461670100108,0.09064560418329769,0.3464349449649649,0.08905920059428134
0.09140524489712025,0.14613548234923007,0.09103616413326583,0.14099704585610884,0.13504243494994217,0.12468544248808112,0.1240808901570951,0.04546372817199986,0.10115356699715676
