0.13514600503645388,0.13398392377177756,0.11776708346957764,0.11520367406217054,0.09996416475211711,0.09550310794297495,0.09543597916332976,0.09359973939884104,0.11339632240275754
0.117510470167885,0.18394378720846097,0.09716634024827515,0.11544502452328943,0.1113511621529321,0.08552360450784514,0.07525351768243832,0.10649221969042645,0.10731387381844744
0.177184012024,0.048071457555373516,0.09147055992294133,0.23386423669640752,0.05579118986678866,0.09649992177643407,0.06092090186707424,0.09891494470879192,0.13728277558218882
0.10668286835023984,0.1526869655670058,0.10799089491342724,0.11476011515127865,0.10875755247739956,0.08592106851441807,0.09556873657608572,0.11711037490859595,0.11052142354154904
0.10341581696763379,0.13264005929931935,0.10077547571913652,0.12893554300389254,0.07354378128801183,0.08804977442876634,0.10106829027724822,0.15276256275834343,0.11880869625764799
0.12044510376908524,0.14602239870864084,0.11162565595653672,0.11191004347994164,0.11860235527616773,0.08912242574904887,0.0935855419188402,0.09905220423239987,0.10963427090933885
0.06746461279358539,0.016269984484600434,0.14223411029749064,0.1541118890064619,0.04036033328870319,0.0849646902166854,0.14713354168215417,0.18001648729751282,0.167444350932806
0.11151077042324635,0.1536801168991553,0.10907482718201389,0.11294415466110581,0.11328840657935424,0.08675116540117574,0.09462390407672976,0.10862145896515647,0.10950519581206232
0.15041367286441568,0.09426072433465273,0.12119350251946437,0.11659246425069951,0.11984657110126119,0.1000822364221635,0.09209988914465374,0.08798929645103669,0.11752164291165264
0.10012281639856312,0.1390181416488936,0.10709213758975546,0.12010361938910148,0.09947337875920391,0.08578031396842878,0.09758909880268778,0.13641011071368275,0.11441038272968317
0.03387364738518878,0.001526610152138743,0.24879645025355737,0.2710586628539556,0.013079471681965472,0.055877383804715276,0.24725072448146893,0.029562314738698706,0.09897473464831115
0.10527481181304399,0.1474026947584042,0.10562407412361764,0.1112624323734136,0.1348970430904523,0.08344798372862179,0.09225991636315246,0.11186054477975449,0.10797049896953954
0.11579587635304629,0.151113323439212,0.11023248398329626,0.11216665096843231,0.11624882376351757,0.08778561048520718,0.0940375959082788,0.1032972918163735,0.10932234328263608
0.12147001003603995,0.15705875566260216,0.10895911681806307,0.11587274287135975,0.09330820059876566,0.0901747566129457,0.09675480791636866,0.10528730129519363,0.11111430818866136
0.11651332926815823,0.15045954904239314,0.11043963795966423,0.11209262899781147,0.11666534542694944,0.08797922378316135,0.09395705755178034,0.10255286617538424,0.1093403617946976
0.1096175465544376,0.15389277450747,0.1086168639841123,0.11351287242167114,0.11168447891116456,0.08637503495123545,0.09495235251897365,0.11156791244063337,0.1097801637103019
0.31192374047211163,1.6758659318373813e-07,0.07458468714172063,0.2558599145752655,8.558864784634971e-06,0.24033215072953618,0.006285200078986149,0.06164255382446266,0.04936302672653948
0.1034869946114751,0.18265687215844187,0.10266514690540385,0.1717630107424705,0.08981272006565948,0.08186247089705916,0.06805117134329418,0.09774530810342387,0.10195630517277195
0.1053034368859845,0.15130362831333907,0.10773841978563525,0.11553819228724048,0.10716364460403612,0.0857744545705103,0.09591165107486617,0.12023090800682308,0.11103566447156499
0.1291817648209332,0.132710519455533,0.11444788983519955,0.11248080039014967,0.12115586166566732,0.09202659881872614,0.09304650066278648,0.09378910205804825,0.11116096229295631
0.12880194444352747,0.1333538805827332,0.11432251502496271,0.11243537338346339,0.12108838005237477,0.09189260969499159,0.09306468200762606,0.0939650302112241,0.11107558459909674
0.10904855378976974,0.1845458790632977,0.10575941809487059,0.1111439680990778,0.1178744792518287,0.08601919057440079,0.07342960114132618,0.10454917950689646,0.10762973047853201
0.14927427836248255,0.12489565265731596,0.0892072358539353,0.13027722080633738,0.1026331983988061,0.08507982825253975,0.09136818217814802,0.10824907873019089,0.11901532476024408
0.11378030801708305,0.15413753955243606,0.10517046110532381,0.11458846253609119,0.1108925585792937,0.08661763921896472,0.09490756930680277,0.11016295639358381,0.10974250529042077
0.11726251311058107,0.14656771445911032,0.09941914624240682,0.12090400993215039,0.10562693563114256,0.08421659106875325,0.09412390676879533,0.11842872128219711,0.1134504615048632
0.1344258356769872,0.12348478157804481,0.1161809903090694,0.11324541537377664,0.12173052990222571,0.09392781083438584,0.09281975574247604,0.09171275114714372,0.11247212943589062
0.137413017098563,0.11804198884397392,0.11716026933858414,0.11377548085982325,0.1217771507721294,0.09504557396234072,0.09270066090112822,0.09077297834827507,0.1133128798751824
0.08829254884649486,0.13172956637770414,0.10201123061734069,0.13381388372431405,0.08327045330025223,0.08588040882781489,0.0786746017247921,0.17412998336192595,0.12219732321936112
0.10350043077989406,0.14848545780497485,0.10745559373618267,0.11679008507046999,0.1048277362674408,0.08566334960608625,0.09642011905019149,0.12494491962143507,0.11191230806332486
0.1350106351092537,0.14278267767899602,0.11069295386681828,0.11644719638896477,0.09487460623500316,0.09451369476414616,0.09659364566926225,0.09690598508537403,0.1121786052021817
0.10687159310792989,0.1871378436052801,0.10126466598149035,0.11415986583049904,0.11103977599672638,0.08478984985709426,0.07441441785803048,0.11233826646389451,0.10798372129905498
0.12110136454277205,0.1539353138019285,0.09168236710906541,0.1221753061678141,0.09929758607517654,0.08571241395191959,0.09623735964178803,0.11897459166992304,0.11088369703961269
0.10701779555991618,0.1529359032045199,0.10805650716216118,0.11459152582849848,0.10912195288136299,0.0859637025050367,0.09549096647950513,0.11640747198204625,0.11041417439695311
0.10687468060022291,0.15283342697117222,0.10802827329639288,0.11466265090615374,0.10896727491275832,0.08594516750682325,0.09552394619799076,0.11670536732998012,0.11045921227850579
0.10573785636879059,0.15180476954979105,0.10781474400972664,0.11527787384361567,0.10768240047098836,0.08581535492825347,0.09579959768390556,0.11920694329766889,0.1108604598472599
0.04810709737046084,0.09145164067043722,0.13519821596031148,0.08470380624768753,0.28166605323655564,0.05898357326898122,0.1338517038558216,0.06529839028525726,0.10073951910448721
0.09552063882473487,0.15682810845768122,0.14668675779798324,0.10461087951553331,0.09391189328350676,0.0889451111027984,0.1128327495339808,0.08761330731788587,0.11305055416589561
0.11690773717649028,0.15245452141166996,0.10618589595187511,0.11387428208508686,0.11321337790557934,0.08736241443971528,0.09446437735006503,0.10597859105153719,0.1095588026279809
0.10120547623583993,0.13114719241542824,0.10496349112604719,0.1271313249691786,0.07668075737788775,0.08809772886178102,0.10080872944566514,0.15126505531353965,0.1187002442546325
0.09032323991502815,0.024167492955639875,0.07511094989084689,0.18271835589957308,0.041916747208574294,0.09081808575760131,0.09407192769497291,0.24588671688573882,0.1549864837920247
0.11224591805805569,0.14912152096766035,0.09903447877377229,0.1254503038932939,0.08000037709516045,0.08640854731386556,0.09847140832785388,0.13364895739101837,0.11561848817931952
0.11070701153294794,0.15418207284306373,0.10451380472906287,0.11552881077876465,0.10839852815085253,0.0860576737268358,0.09541419643949844,0.1149800165006743,0.11021788529829969
0.1016126133994039,0.14399294274339614,0.1072239439210726,0.11845753869695168,0.10201600288465297,0.08566747588824293,0.09703576047063849,0.13084986369586807,0.11314385829977329
0.18711111313134152,0.07185274635194855,0.09502585427516379,0.13921240059290532,0.10202795859364495,0.09096229568890331,0.08626023192338365,0.09503487751337654,0.1325125219293323
0.11909475119969055,0.13582789049168334,0.10942083675323093,0.10905713977927807,0.1458175933887775,0.0869211768257863,0.09032717010341362,0.09576355594035663,0.10776988551778294
0.09954739955353113,0.1366841958157439,0.10705361633844508,0.12083487255661231,0.09840065203697394,0.08585510435976255,0.09781981952696794,0.1388183548460783,0.1149859849658849
0.12980147915269294,0.13165210505111674,0.11465263703907885,0.11255811568481472,0.12125819961358238,0.09224641293830234,0.09301749644163886,0.09351025498486713,0.11130329909390611
0.12402934975651386,0.1410032495407529,0.11276241001079856,0.1120101936169245,0.11991577210391484,0.0902636483888578,0.09332784952581342,0.09654899020669581,0.11013853684972837
0.0991446136739836,0.13489461316948428,0.10703066982160585,0.12138293268543117,0.09761601114227923,0.08591915707374224,0.09798705990353902,0.14060291722353546,0.11542202530639915
0.09903385482215162,0.13437864127254298,0.1070249239602629,0.12153919418779692,0.09739510922276512,0.08593855647557691,0.09803387458042974,0.1411088037731253,0.11554704170534856
0.07477476501978716,0.1261460210230186,0.19890645158913753,0.10971563697642821,0.10536097877696826,0.08171795829217023,0.12087450419301977,0.07168761128635646,0.11081607284311375
0.13482150881161867,0.1227692275909813,0.11631128201559093,0.11331217453336716,0.1217480033971186,0.09407461412589485,0.09280381978042329,0.09157938640918285,0.11257998333582238
0.11486302419097044,0.1672012019392564,0.1005737504637106,0.12276531525225465,0.12468287128258077,0.08850670673574118,0.06519685435094039,0.11078926403507651,0.1054210117494691
0.20347114601009905,0.08445696426724282,0.07976015604167623,0.1460824727624148,0.07096111414748311,0.09530932766663598,0.09564941626708896,0.10338635679691155,0.12092304604044744
0.10356125902640807,0.1486018752914522,0.10746419583937648,0.11674290523932934,0.10491171323451332,0.08566541713347582,0.09640175894970356,0.12477246986824646,0.11187840541749472
0.15041367286441568,0.09426072433465273,0.12119350251946437,0.11659246425069951,0.11984657110126119,0.1000822364221635,0.09209988914465374,0.08798929645103669,0.11752164291165264
0.1396352506262792,0.07626674924997404,0.10020807274389683,0.12437861898195564,0.07068638818104284,0.09230144638678871,0.18939783423576825,0.08081237346617066,0.12631326612812385
0.10718204979672315,0.17051667479395358,0.1095929237233858,0.1354435834307813,0.07387261604084418,0.09441250048822658,0.06720964904759184,0.13031859601828832,0.11145140666020525
0.14497687572616533,0.08939709356412219,0.16211668318580016,0.11926685795190685,0.12253480654218063,0.09526233349436286,0.09401292875939445,0.07513849244009356,0.09729392833597389
0.12199959299292912,0.0695549780171635,0.18639949392848032,0.10331148448134642,0.11429896255294218,0.09359092733298187,0.12299734303344827,0.06790072835558138,0.11994648930512698
0.1430458034316803,0.07599268175548889,0.09864422220464297,0.12538753605132066,0.06951646831563711,0.09243995662321365,0.18694552044199586,0.08183469160284197,0.12619311957317855
0.1350106351092537,0.14278267767899602,0.11069295386681828,0.11644719638896477,0.09487460623500316,0.09451369476414616,0.09659364566926225,0.09690598508537403,0.1121786052021817
0.10917031561587483,0.15383999385660405,0.1085144498370008,0.11367192019822059,0.11127505170232728,0.08629495196335092,0.09503733460908766,0.11232959901807031,0.10986638319946347
0.10409237739841566,0.18682983479004603,0.10466121291333952,0.11629779819042019,0.10903946575836503,0.08630985969160586,0.06977061988027018,0.11466306973688568,0.1083357616406519
0.11722418395332963,0.16925544663976702,0.1102211179699815,0.12183812960660641,0.10961720534943509,0.09306548793892526,0.06498000111067105,0.1057768617815079,0.1080215656497761
0.09671234523708772,0.10859746989605801,0.10253784922089654,0.13071596278635544,0.08600702975907465,0.0870632219537059,0.09994005021327397,0.16634285034743093,0.12208322058611687
0.0758458126446054,0.0560699251238845,0.12983250062472187,0.13168566301964466,0.07161594172148343,0.0805104603841224,0.2715831519884442,0.056693974154475184,0.1261625703386183
0.119230145103032,0.14753160636544227,0.11125104711382798,0.11192972527040358,0.1180629586408245,0.0887555730391361,0.09368893904640409,0.10003886543637837,0.10951113998455118
0.10019288324099618,0.1319622017656772,0.10275068840492818,0.12417042337933071,0.0940556789261446,0.08589165565182982,0.09844576351179839,0.14603181575950033,0.11649888935979467
0.1144806580128442,0.11448611554479461,0.10145570879923232,0.10327783317215093,0.20949713244428134,0.08037389590785866,0.08251300765357006,0.09043274137202724,0.10348290709324061
0.11899059913074057,0.14781573133717948,0.1111779682234788,0.11193723511160013,0.1179505926566442,0.08868458963211286,0.09371044187822775,0.1002427738313605,0.10949006819865569
0.10861817593345957,0.1537145876048657,0.108391308414159,0.11388261527807286,0.11075232962640842,0.08620114431076982,0.09514646132414402,0.11330820120029605,0.10998517630782455
0.10965971577372786,0.19440479802797975,0.1076883138513081,0.11534916783814801,0.09032867354667218,0.08859566484977699,0.07420417387632311,0.10997978788862615,0.10978970434743789
0.0966047842538033,0.05979256206765146,0.09242436564583249,0.15056930084912604,0.05499728013597638,0.09255473218240277,0.10342600451678456,0.21250175913215041,0.1371292112162726
0.09951001142733258,0.1365236647922908,0.10705134887347496,0.12088444721711118,0.09832902403359604,0.08586063146405591,0.09783514442418965,0.13898045990307673,0.1150252678648722
0.109356266085584,0.15386710010491314,0.10855674746956152,0.11360456036946248,0.11144677543054209,0.08632781396939286,0.09500163723528243,0.11200962427558227,0.10982947505967926
0.102172856832828,0.17327329500156174,0.1078886485259012,0.1350742953382411,0.08415253347533119,0.08559264857972922,0.08044199673949813,0.12093839637066213,0.11046532913624725
0.10268917454920401,0.14030554106450746,0.10253918749166063,0.10737877944275946,0.16618888861836636,0.08039390900934433,0.08842562822290768,0.10711717977412692,0.1049617118271231
0.13397943129540127,0.12428960402444951,0.11603383337513047,0.11317146197694623,0.12170659154071534,0.0937626852036079,0.09283784851731425,0.09186672743147219,0.11235181663496292
0.13691438793998623,0.11895606123955343,0.11699760867389102,0.11368301433006057,0.12178288413517069,0.09485755711016973,0.0927204518941836,0.09091958311445873,0.11316845156252604
0.11489344409424611,0.14519510416961756,0.09383314843115576,0.11864304455694213,0.12409454962214893,0.0825700798927252,0.09264402284604724,0.11761134534933555,0.11051526103778155
0.1156806199494516,0.1543923057374228,0.10188859802096335,0.11612648994459303,0.10859318503354935,0.08646726425178348,0.09517617229121052,0.11171164032380583,0.10996372444722004
0.11633665033271183,0.15408281651071212,0.09475049060636835,0.12067240016354187,0.10091855835557872,0.08557835838361222,0.09623406153622503,0.1204523684731937,0.11097429563805615
0.11322697190794088,0.15295797879079875,0.10952040257771355,0.11255702251232375,0.11457741174759584,0.08713806841315712,0.09436542982170815,0.10629017629435993,0.10936653793440206
0.3443569474659604,4.388613027121243e-12,0.1012478850088404,0.1733107413698881,5.108992796528006e-07,0.2829048543213855,0.006903934091488251,0.045577930607071444,0.045697196231697663
0.1871005571381289,0.010240271464300569,0.11318187274078935,0.2976499770144339,0.03515352326667881,0.12699040827596655,0.032996003712734596,0.10810138518064827,0.08858600120631911
0.09595436349652325,0.0656244552043219,0.1040776412176303,0.1465944174179399,0.04991452574829707,0.09349226796565652,0.10409807312652174,0.20466055177289935,0.13558370405020995
0.07321964483979748,0.10558895194612339,0.13906180559953132,0.12417475369700527,0.07820659353410188,0.08116633093034546,0.16247062042253105,0.10101073570570375,0.1351005633248603
0.12740819603050577,0.13567645462326375,0.11386351129230088,0.11228216529358215,0.12080913506320133,0.09140599653477154,0.0931343724321282,0.09464517107331293,0.11077499765693351
0.10956665997957866,0.146918894005336,0.10671726658960355,0.11001705454284712,0.1381996182016544,0.08435640549716576,0.09158252168754721,0.10526180424351424,0.10737977525275315
0.14434199886831633,0.1357211919097894,0.11993629679471922,0.11544723928628965,0.10698965004752141,0.09987696642909878,0.07449996349193004,0.08794635479204345,0.11524033838029168
0.1276968316663666,0.12109477451124524,0.10483268815906559,0.16398353807789698,0.14494333799824305,0.08551507373867658,0.06385489550488932,0.08189962208073495,0.10617923826288168
0.1079745896783023,0.15022600746202663,0.09990788019441908,0.11975509618818449,0.10101538603427039,0.0853935640765554,0.09670454340795102,0.12696463648739226,0.11205829647089849
0.10140570972797602,0.13015482276157306,0.10140560810629662,0.12556549842569995,0.09341726538733432,0.08527755532688934,0.09799619220632572,0.14742308889824474,0.11735425915966029
0.14474816628020995,0.10452955406830651,0.11949481425318996,0.11528371043294959,0.1210969763248183,0.09786229769523729,0.09239184904708198,0.08899684993895475,0.11559578195925173
0.12056305770153235,0.14558527858677897,0.08850632974972909,0.12067999291210361,0.12227016279443371,0.08281460706618012,0.09294077747830216,0.11668733359495283,0.1099524601159871
0.08241539290804108,0.14634337647279386,0.12488814338343769,0.11410652126460423,0.09563263253925221,0.08624414802945707,0.1112508958884099,0.11591901698473306,0.12319987252927085
0.11040013659996284,0.17659113556745054,0.10271644541353513,0.12424575584198548,0.0909196077653524,0.08634168997858384,0.08790101478070804,0.11129396465090446,0.10959024940151729
0.1393183590197666,0.08837166154303155,0.11179683878313085,0.11050963047365119,0.17350328600900503,0.09155243479735475,0.08582763419340017,0.08649623175618383,0.11262392342447604
0.17739011132964647,0.0030467676800216693,0.08852848773012624,0.25794874029792425,0.019724937549375102,0.1054721697893214,0.08566326787357426,0.08062506913670932,0.1816004486133013
0.11235346686346581,0.15338263972414976,0.10929028014741023,0.11274008553379881,0.11393979670914993,0.08693611642401389,0.09449265930070687,0.10743989368025168,0.10942506161705297
0.0971968488938269,0.12410832186093373,0.1069601097315022,0.12453242240278628,0.09336534388129758,0.08638755045083561,0.09885967193068235,0.15059388957126738,0.117995841276868
0.10303814874728036,0.14324157500204995,0.10311659009732094,0.12059044346626042,0.09914231412257368,0.08553273290065527,0.09737853761719077,0.1342629105005578,0.11369674754611081
0.1566920268801818,0.09345002329026614,0.10858386003652604,0.12175213298807214,0.13952065315470177,0.09494607320944333,0.09284646969509308,0.08495909302967679,0.10724966771603887
0.1006119564307107,0.14081188390816649,0.10713030335969513,0.11952608776170694,0.1003437130795402,0.08573108760466686,0.09740050670879645,0.13448331683840056,0.11396114430831666
0.11049772301769277,0.1538775382602162,0.10882504362703671,0.11322834279303944,0.11245536503661673,0.08654273608538617,0.0947935786761752,0.11014467068324901,0.10963500182058782
0.04733961495367878,0.03246509416498773,0.13412363817584452,0.15707931258546923,0.0485149324540775,0.06617872185818965,0.3367023778737928,0.04697902978014024,0.13061727815381952
0.09471014163427227,0.0897093211398618,0.10256136049240673,0.13570987104035145,0.0803900175925871,0.08816428524005195,0.1006842969158712,0.18134043310298462,0.1267302728416129
0.10425853672930241,0.149824953792457,0.1075676036091165,0.11622787048887188,0.10584762300981114,0.0856978590914218,0.09619747084460328,0.12286569069165411,0.11151239174276174
0.13204702725144196,0.16799261437933644,0.09672623049768626,0.1382618680888115,0.07369045148920732,0.09275858263620494,0.07000101735973557,0.1194308095055679,0.10909139879200803
0.10123658674597924,0.1372875436959332,0.10317645115336042,0.1224059457856896,0.09645490616542013,0.08570164137304649,0.09796885440367094,0.14059249013532574,0.11517558054157422
0.09361953136638489,0.12416431503918675,0.10208632493995505,0.11668008924842732,0.14008995181812797,0.08100675843513658,0.0927358404814318,0.13767546536215688,0.11194172330919278
0.08852182860771046,0.13519458164627463,0.13591388000304203,0.11096555148915721,0.12532751022195443,0.08305312192832655,0.109268055632465,0.09881677628736074,0.11293869418370894
0.13841811140382482,0.12035050772930643,0.11282452842891193,0.11599139642809812,0.11979604928431697,0.09292418585452704,0.0923576729200817,0.09307373851656907,0.11426380943436393
0.1486972904944216,0.13992581218964525,0.07289397424764728,0.14660633577018356,0.052033020677551924,0.08745811294107252,0.10180608381045538,0.13678669669430976,0.11379267317471276
0.10878036746848481,0.15152257225437024,0.10028331781500494,0.11905571059532401,0.10221580713031754,0.08545982499847486,0.09646749212380729,0.12457933848221629,0.11163556913199997
0.04733961495367878,0.03246509416498773,0.13412363817584452,0.15707931258546923,0.0485149324540775,0.06617872185818965,0.3367023778737928,0.04697902978014024,0.13061727815381952
0.13470072811320458,0.14023670997757745,0.11666584663447781,0.12242614334179526,0.11736957434962215,0.09940839680938597,0.06397973059798368,0.09538881467051676,0.10982405550543635
0.0977104561535036,0.13376423927436468,0.09904891548356896,0.10473228336890128,0.19249456704258552,0.07713200657962288,0.08539218484442827,0.10711701378742298,0.10260833346560179
0.11249329675629781,0.15332235544557907,0.10932666646811466,0.11270889125233456,0.11404438552557757,0.08696776377223588,0.09447170536390574,0.10725087203466648,0.10941406338128823
0.15041367286441568,0.09426072433465273,0.12119350251946437,0.11659246425069951,0.11984657110126119,0.1000822364221635,0.09209988914465374,0.08798929645103669,0.11752164291165264
0.09289397151713352,0.1331694901972836,0.1480460478069531,0.11878674227074472,0.08023132210088482,0.08671333728224971,0.11567258257984793,0.10389357951695423,0.1205929267279483
0.09796129092662947,0.10496433323973155,0.1043688556995901,0.1343119839687484,0.06906244306246527,0.08948568737747,0.10221962217220931,0.17289807546747596,0.12472770808567986
0.11278349233489766,0.1473728894586472,0.10360375321281727,0.11878568836436838,0.10737474027482097,0.08449795304231673,0.09435797314366035,0.11836830073923739,0.11285520942923405
0.1354761641325388,0.12646966010324634,0.1120983808929412,0.11442293573024775,0.1193568090131955,0.09324524463740029,0.0931963749284049,0.09337963370074176,0.11235479686128358
0.13117881661034858,0.12926468786593656,0.11510818483173374,0.11274339602337417,0.12145181633334194,0.09273998574637049,0.09295560927941883,0.09292499362219865,0.11163250968727702
0.15041367286441568,0.09426072433465273,0.12119350251946437,0.11659246425069951,0.11984657110126119,0.1000822364221635,0.09209988914465374,0.08798929645103669,0.11752164291165264
0.10209402154963776,0.14531219170223852,0.10727633526057433,0.11799222890919081,0.1027730434962018,0.08565301371544708,0.0968700424252071,0.1292348506588761,0.11279427228262646
0.08891530927042375,0.1471951880767078,0.13710607529951485,0.11103995621773373,0.07986880045384882,0.0865269848726517,0.1370407521409159,0.09018882777656906,0.12211810589163434
0.1279271440835896,0.0910874305746164,0.10847751231214835,0.10475472024753295,0.20590162680521104,0.08678032343287419,0.08268301756999293,0.08502665554526233,0.10736156942877216
0.08746687604031911,0.05966047688672477,0.08322108319096608,0.2764185985866156,0.05625316719632723,0.08078938529842548,0.04739802335380652,0.19487823104893057,0.11391415839788459
0.15054567333644056,0.10800220066904331,0.122913037832646,0.11854816677485018,0.09564165432199494,0.10155187246844309,0.09524960484559086,0.08965061236399924,0.11789717738699186
0.10568765290581926,0.18280630275189527,0.09085916883946717,0.12332870449790563,0.09494332040786006,0.08291926522687501,0.07757003467150021,0.13208968159912424,0.10979586909955315
0.09944055000778719,0.13622243766306932,0.10704721155953784,0.12097724289005907,0.09819530494261497,0.08587112387401952,0.09786372393569039,0.13928351992849544,0.1150988851987262
0.12935656837879525,0.13241303992610629,0.11450562204522274,0.11250221257354591,0.12118569874137163,0.09208845364755565,0.09303823889539369,0.09370943122255727,0.11120073456945163
0.10301582357229816,0.1474989882839615,0.10738952987726226,0.11717959943313432,0.10414473024395925,0.08565148442567462,0.09656957478014383,0.1263558706098543,0.11219439877371185
0.08604768467863606,0.1269911961096359,0.1893797972505041,0.09783115740360449,0.12067158331629602,0.0851079040177166,0.11921080635126936,0.06628711669799899,0.10847275417433855
