0.12130997276039823,0.05351586203765973,0.10101866321977704,0.1658636469111819,0.1027761808407112,0.12803168346945826,0.1019173216605175,0.11271412401404797,0.11285254508624816
0.08553122287470986,0.11928700701639607,0.10860704946887816,0.12750273689206768,0.10839635015561011,0.12181836725865987,0.10261363141772989,0.11343172809567224,0.11281190682027616
0.09077767110178886,0.1069415283246002,0.10969957923417446,0.1214893502913052,0.11079214495649271,0.12174464182175639,0.10634507112965463,0.11627895705868135,0.11593105608154615
0.0882597764110747,0.10998169687512675,0.10977147763407478,0.0950404258525072,0.1174703700669355,0.12304169737796282,0.11509187374490275,0.12051796823603055,0.120824713801385
0.07559148952522361,0.13096411112776474,0.10939990392011804,0.08068946904939626,0.1202426319704477,0.12184357184222128,0.1172868650700447,0.1223731192044298,0.12160883829035389
0.0823723907769024,0.12568432360675255,0.10870454982211931,0.12102591594175893,0.1090703614869556,0.12229670843606881,0.10361384379657738,0.11393198715294998,0.11329991897991498
0.08909589198650526,0.14665204288994083,0.1276583944955664,0.05884046505353887,0.11939139487345624,0.11335093571526866,0.11406160335765832,0.11465874616725517,0.11629052546081027
0.08246733876940353,0.11746329293142677,0.10961994023737737,0.08323501036071058,0.12346551039558752,0.12134070332058933,0.11894929474653003,0.12169906297955231,0.12175984625882258
0.07952558039624398,0.1331223682674282,0.10844600729275855,0.11549330648857893,0.11004196154787321,0.12206409169764426,0.10431476943201923,0.11384479516491379,0.11314711971253982
0.2875251190795567,0.012663457238318713,0.07298748879670315,0.09066858160617937,0.09904342980193848,0.10113016681254956,0.12014684725456533,0.11037240796142826,0.10546250144876042
0.19102564211838105,0.03312698040736197,0.23622170756013203,0.034853883574263354,0.21383029043892257,0.05992247326154876,0.03305501463633279,0.12330384130266799,0.0746601667003895
0.0876489536458656,0.11514146102152802,0.10849585715999784,0.13189531397266951,0.10796222075134121,0.12141115496776507,0.1019200144146452,0.11307549960024856,0.11244952446593896
0.08199731878051195,0.13135549900508364,0.13374607350598122,0.08988331940437629,0.1114194760931627,0.11182079592339388,0.10765710920999268,0.11575932761034513,0.11636108046715248
0.06872522929237716,0.15613209773947342,0.10806427090351696,0.09460479622558436,0.11264413536064934,0.12216169326816197,0.10744370625067594,0.11563196641789512,0.11459210454166567
0.03762378804048396,0.23323029645504575,0.09324519370992702,0.04251437546047509,0.15607852814817766,0.09559803761195766,0.11632929191996665,0.116758985981075,0.10862150267289127
0.06769515606264524,0.15433150074635993,0.10605827580398015,0.10432564768992382,0.11296979115627298,0.11417159344567614,0.1083786476925162,0.11640229608530474,0.11566709131732074
0.0778267034558885,0.1353311020327743,0.10869170542421425,0.11190897391612857,0.11011440568611362,0.12268110256196174,0.10497843899649399,0.11458316428232018,0.11388440364410485
0.06230162850809482,0.1619825371549436,0.10714450674038756,0.06986207151800905,0.12385071915900725,0.11820562294605585,0.11675855699541406,0.12090830996521314,0.11898604701287467
0.10013545070356505,0.08724641349136042,0.10694259778675834,0.0638996585507864,0.13409558659691853,0.11540347557557107,0.13308713315580847,0.12944100017540217,0.12974868396382958
0.09600818964804236,0.1039467489813272,0.10668613530507691,0.13093950567012713,0.10821124443965231,0.12472123825509523,0.10367710293605513,0.11243401008041554,0.11337582468420826
0.12137539973545619,0.05283910200232059,0.10135419691059866,0.18365229407930275,0.10186611044212339,0.12216314328102588,0.09692527803817115,0.11035180878519463,0.10947266672580676
0.06437435050099614,0.15958798848820532,0.10732390967732951,0.07326369935319003,0.12250495091936685,0.11885341553867561,0.1157886764636145,0.11993971427031269,0.11836329478830941
0.10906454777655387,0.07979698415771995,0.10570153144956274,0.17643503631618573,0.10405825422512727,0.1145801615747819,0.09408977193250688,0.10875342201569214,0.1075202905518695
0.09006059333021148,0.10488308213193905,0.1056488893460646,0.15498267156698203,0.10675311730084198,0.1127324902706542,0.100476179525409,0.11244035247370578,0.11202262405419183
0.0764569946031139,0.1419949629045725,0.13316265404286734,0.0823686891695345,0.11320115618876563,0.1111607196875554,0.10886643632628544,0.11618450963155269,0.11660387744575255
0.07705117200585103,0.11070533720497423,0.11150611852609953,0.1104757585431992,0.12646547092830449,0.12911506394968644,0.11110502296274773,0.10609506310600529,0.117480992773132
0.24357209938733707,0.020512410571016187,0.2334009206796069,0.027576728299159387,0.1943413249190721,0.05330372727753146,0.028817545326420335,0.13401691087603215,0.0644583326638244
0.057739783611819924,0.15618171493977626,0.10558452209035603,0.05539393094458936,0.13800670228691392,0.11221245237024585,0.12511920771150728,0.12696446843424344,0.12279721761054797
0.09847697363026457,0.09918130240180299,0.11367489129030994,0.11119174618621445,0.11294540519003161,0.11737513501292308,0.10845263774775622,0.11881400104113637,0.11988790749956084
0.06416276452814279,0.16723947273175946,0.10741275544932681,0.08650207120919184,0.11428560018671267,0.12112902217898396,0.10855215070829616,0.1160285889055984,0.11468757410198788
0.09318921104616863,0.08102614567603889,0.10547612327612226,0.11800233015955675,0.11161165411307745,0.13612757934634626,0.11357353510649681,0.12066856128783494,0.12032485998835805
0.2821471223029235,0.008233615769282844,0.22711795205612187,0.018769240733168435,0.15429096471247158,0.05533623945963156,0.028576900440711237,0.17332921382507396,0.05219875070061499
0.07309285148511956,0.11091341880347734,0.23691084969192525,0.08238918503786824,0.10657229558675647,0.09721233559275899,0.07322674003695608,0.10984504736984509,0.10983727639529284
0.0614175241018404,0.17411188370332728,0.10690009341300204,0.08183020320208488,0.11546180196874169,0.12021871493869081,0.10918186946908072,0.11622633842022582,0.11465157078300649
0.09645218931763545,0.10344648191772825,0.10683186885720451,0.15097982500145576,0.10777791604646166,0.11739203515758105,0.09844224620710222,0.10980070053486109,0.10887673695996998
0.4036864236531461,0.0013830175320842786,0.047430797795799846,0.13779838211513187,0.0793820131207206,0.07897247600075459,0.08730174748262282,0.08323273836153822,0.08081240393820173
0.07348411345501292,0.13943503117599995,0.1089837903227336,0.08646818594128425,0.11760851108378917,0.12229250403202202,0.11353098375766574,0.11942913502453474,0.1187677452069577
0.0468638079546931,0.20898591523136814,0.10091026691364831,0.06573102888282764,0.12703600679937033,0.10491351812631512,0.11340086199406486,0.11770002888930513,0.11445856520840736
0.18983006711120665,0.018973257754298627,0.08544117232265153,0.18197429536986157,0.09002916613542555,0.13735729774370964,0.09408704482604924,0.10099211938445829,0.101315579352339
0.08754797743829479,0.11533649407013576,0.10850196453814914,0.13168510221444266,0.10798264147201996,0.12143205023648256,0.10195349620144926,0.11309285219584982,0.11246742163317604
0.1147369771622937,0.056801586145074634,0.10066433040367873,0.14337329364562942,0.1070585483422866,0.1352058293107099,0.10938929593589246,0.11640716373839888,0.11636297531603575
0.07132140952950183,0.15000574047976928,0.10833052747663136,0.09939443629493254,0.11184155407518871,0.12250503055484908,0.10677609403345258,0.1153678965844484,0.11445731097122618
0.1088934863873774,0.06931064355488777,0.0996462748247755,0.08574818849050504,0.12266615099860091,0.13194910615716446,0.12939189475020751,0.12555659123124832,0.12683766360523305
0.06395798931170044,0.16574540802336635,0.1077399531128959,0.08593048597524695,0.11402537546203086,0.12167755322018693,0.10883908125884324,0.11672124420830148,0.11536290942742788
0.09797869846370993,0.10355617683683982,0.16322043314078746,0.0861553902224078,0.10989287303389628,0.10466643822222062,0.10523507171540618,0.11392900850199394,0.11536590986273802
0.05776502290142891,0.17635813462594763,0.1261027363700148,0.06615186608761717,0.12416308122302233,0.09990155089795026,0.11361460684641662,0.11836645180741136,0.11757654924019097
0.0740478823287616,0.13843896853749882,0.10903591771700287,0.08761987228232355,0.11725861249991182,0.12242538833979259,0.11324077164576729,0.11927499121458814,0.11865759543435339
0.07138564846582258,0.04988422654862243,0.08785919259835855,0.07032437760883865,0.1614479210135926,0.14515866400600216,0.14746091406252546,0.1388623132500836,0.12761674244615415
0.046584296054038944,0.05686259143139649,0.0491819755630688,0.28949047320384097,0.13603584812288108,0.07373776846957944,0.16999977329487204,0.10410908506105133,0.07399818879927089
0.09680563677275568,0.10167161514730265,0.10678460275738721,0.13188895523121516,0.10770916985571966,0.1251020531939816,0.10358556216496141,0.11272615033281393,0.11372625454386272
0.2923871811951007,0.005201128587703972,0.20675314006037035,0.01742625744864486,0.12851373141330438,0.047646001990369106,0.03696923673934262,0.21937657588902812,0.04572674667613582
0.08475936973871882,0.10501635051999393,0.10868686752122074,0.06481168631708842,0.13247905453485723,0.11668205780179224,0.1295247892932759,0.12956441334355284,0.1284754109294998
0.16407458528936866,0.013464997912517951,0.07830118795109219,0.17884495954329138,0.09205228429604663,0.15172480727907459,0.10524531106338664,0.1094108008508482,0.10688106581437377
0.07380512658179111,0.13851018611388213,0.1090222768315126,0.0862570714002523,0.11779722208408583,0.12229938655561816,0.11377861112388454,0.11958499523321071,0.11894512407576265
0.12666308134460366,0.04485886722525445,0.09515752252242271,0.13136858583294608,0.1064207319177402,0.14343154065951555,0.11490490248015069,0.11847707741746517,0.11871769059990155
0.06543451528819168,0.1641019707426223,0.10761880982520211,0.08871895414158414,0.11379317461481227,0.12147493658348374,0.10825118382512904,0.11592661415096994,0.1146798408280047
0.10906454777655387,0.07979698415771995,0.10570153144956274,0.17643503631618573,0.10405825422512727,0.1145801615747819,0.09408977193250688,0.10875342201569214,0.1075202905518695
0.045144841865880574,0.20445874150496543,0.09351577608811923,0.059040364780776615,0.15499967222301583,0.10692863195319939,0.12140259678761474,0.11317859592292616,0.10133077887350213
0.10330328624259048,0.09306459990986478,0.10565731919997157,0.13542639913038237,0.10704831908149892,0.12617833042354304,0.10351634214872409,0.11205911295071397,0.11374629091271075
0.10906454777655387,0.07979698415771995,0.10570153144956274,0.17643503631618573,0.10405825422512727,0.1145801615747819,0.09408977193250688,0.10875342201569214,0.1075202905518695
0.1136731138859494,0.05866739085076846,0.10285603973887654,0.1511423725400229,0.1025803724367839,0.1328038379405325,0.10494711754978092,0.11651526097523507,0.11681449408205032
0.06167195316719326,0.17172463082522435,0.10726663276319369,0.08207869233255269,0.11505500125207097,0.12082879996831401,0.1093347069866328,0.11679900219889217,0.11524058050592606
0.041169289441886,0.22612657295165392,0.09943081203362543,0.052396902806180035,0.13484795584317452,0.1049083726598833,0.1131310032644064,0.1166781012748697,0.11131098972432074
0.40999641553905847,0.004271406592940378,0.057604111610756736,0.05072724805225295,0.11862409040021478,0.07429722377767056,0.11281358977434437,0.08105940567738189,0.09060650857537993
0.10013390057540962,0.0956048860948907,0.11193910610201234,0.13772605575637706,0.10851994104398548,0.11589945044466578,0.10118082864189104,0.1144842109180506,0.11451162042271738
0.05423191463047833,0.19261140023872536,0.10507585152473627,0.0703621594981315,0.11956621061954142,0.11666284294191533,0.11071319225984137,0.11660025631808672,0.11417617196854372
0.04231178712031392,0.20230020916707006,0.09894322757365581,0.04670938756090315,0.15123818643347287,0.10082963368672453,0.12107633307487371,0.1219618631641594,0.11462937221882656
0.11606612084214285,0.05406191105018302,0.16471211376659964,0.14464224865590466,0.1199187742060321,0.0909888273797582,0.09449031698682585,0.10644962931812112,0.1086700577944325
0.40848758327531814,4.683004973071592e-06,0.024600766100301083,0.13669826568302212,0.1491929349816738,0.04242889136732746,0.09256840009699648,0.0963534583587549,0.04966501713163296
0.07802657519215367,0.13489620127575216,0.10869624809899898,0.11230400812214537,0.11006622270294082,0.12267237724776207,0.10492031816499477,0.11455628566975755,0.11386176352549454
0.0890735064054224,0.10474897736464188,0.10938967408353313,0.07849595843588418,0.12428171484476624,0.12123323461785011,0.12281734601350265,0.12484712927106952,0.12511245896332981
0.061729467230688416,0.1291316771378118,0.08991951126768603,0.18506156394947046,0.1135644615911192,0.087809367544061,0.10585862910352091,0.11287402472268811,0.11405129745295407
0.14766471784285276,0.04553520092122062,0.09932434594574809,0.08380270035583622,0.12096668451829318,0.11909113565897655,0.13003359120812263,0.12599539205743276,0.12758623149151718
0.06549536829861123,0.15530265128632328,0.10782367693105667,0.0741977064935402,0.12181682885460932,0.11971773095490541,0.11596427992475726,0.12058098151991543,0.11910077573628124
0.057131069900199165,0.1850763493653845,0.10590132093018552,0.07485456864060992,0.1176932664173896,0.11831491696182621,0.11011439346908931,0.11647446537982427,0.11443964893549156
0.2929176132558611,0.007916149939642934,0.21544486633945473,0.019812523370284003,0.14379226855077556,0.04691637510971553,0.03220368024432693,0.19178202854149407,0.04921449464844518
0.07119706440889807,0.0805121385112424,0.08216667435280739,0.26943729350558127,0.10545703336218115,0.08497357957372369,0.09345448255352173,0.10560154786897452,0.10720018586306969
0.08160940097257657,0.1272675174637683,0.10871532660977527,0.11947746155165705,0.10923879540774778,0.12238737326272403,0.10384910870364228,0.1140470443767062,0.11340797165140258
0.09691930465869703,0.09759614218242824,0.10952528980538291,0.10709661448900405,0.11505370240765155,0.12259306455095496,0.11255539048036985,0.11901168531814825,0.11964880610736321
0.07336328968393964,0.14529310661099926,0.10848969908675783,0.10324695273987672,0.11126148969487004,0.1226609357153587,0.10623133448406209,0.11514050606230253,0.11431268592183318
0.0794565503864867,0.13327519314454744,0.10844450113869357,0.11535593691490371,0.11005864790189414,0.12206761393714598,0.10433462901092631,0.11385287682200151,0.11315405074340068
0.08680795429919481,0.11161626645004791,0.11020245089827714,0.0938991003757978,0.1181252577294239,0.12195644275338428,0.1153378921444525,0.12107609806932718,0.12097853728009449
0.08448318359901467,0.11893217489027685,0.10950501314653578,0.10479518360362754,0.11374118819900648,0.12319311624844287,0.11009442024662443,0.11766374024000766,0.11759197982646363
0.12258460514117904,0.029380634930106536,0.08785983551041154,0.16327238361876648,0.10361741485866367,0.14438243515858765,0.11498546964336681,0.11716847054057304,0.11674875059834537
0.09206791876334706,0.10545175734333818,0.10842857670524624,0.14092027226590578,0.10662681889525939,0.12092256307371373,0.10054913244338314,0.11283262007036525,0.11220034043944131
0.07613613116579508,0.10963608644597207,0.10280445673998544,0.09145560179760354,0.14968001641012652,0.12393306218165194,0.12743037983973682,0.11160272584664103,0.10732153957248762
0.08219312210120037,0.11461739999465897,0.10364727933039582,0.1541066381489193,0.10793737848623645,0.1073934813131544,0.10280271954395875,0.11369212957393494,0.11360985150754098
0.08460523908269268,0.12240434412658456,0.10840364333376519,0.1257851748698948,0.108917333989537,0.121504861123844,0.10277441369527009,0.11312923620724641,0.1124757535711653
0.12000236285710884,0.05911083478129716,0.2264622450238896,0.04173785085636103,0.2215977524357532,0.06678091359654446,0.05575341862688462,0.11676228407291354,0.09179233774924757
0.097441849997848,0.0959804519593443,0.1100874702762006,0.1335657048126004,0.10751774393578901,0.1250875618224109,0.0935839488786163,0.11873630771626176,0.11799896060092874
0.055559100026979995,0.06016760076912612,0.06482891982978288,0.33346587070781036,0.1217030912793619,0.07649079878378774,0.08874407819788264,0.09820505346112678,0.10083548694414161
0.10334786605807104,0.07610563226632187,0.25397663155123373,0.08050587616673038,0.1265046733694534,0.0911180684194754,0.052834315896271605,0.11181424304344885,0.10379269322899375
0.07282801094069276,0.14895081876271546,0.1321142148087329,0.07518513678160034,0.11548584770349574,0.11073577257536914,0.11075408371351501,0.11669626480178424,0.11724984991209438
0.06765020471063858,0.15871132478714653,0.10793233633165521,0.09265869392055143,0.11300157365147884,0.12196933647011786,0.10771215935819367,0.11573313016508464,0.11463124060513334
0.0657663144376728,0.15693315416840767,0.107614723344077,0.07567155032911653,0.12135772334449746,0.11955977813187914,0.11517205293841319,0.11965634772192986,0.11826835558400633
0.10292545908304244,0.08870842626370294,0.10676305108409996,0.16392434956545654,0.10510056566750253,0.11690667234838907,0.09645070410790851,0.11009395845873222,0.10912681342116577
0.09503767900483508,0.02168831038512772,0.08289260698737397,0.09409830667354153,0.1606114678487036,0.16315472419415164,0.14814416542062603,0.11284960400990536,0.12152313547573508
0.11443167613384005,0.03308025390477815,0.07785952706880168,0.09959407409619057,0.1711422529482333,0.11927958701756453,0.17395825882416704,0.11576178741329006,0.09489258259313456
0.050758887694685506,0.21103891743554848,0.11062816890039932,0.056068038414991805,0.12783218293088014,0.1078558413050648,0.11156247575061833,0.11356040295410093,0.1106950846137107
0.076832010115704,0.13810741130195806,0.10682371845563915,0.093202150084294,0.11316903481267904,0.12792637418511124,0.11076614254018037,0.11612996973236005,0.117043188772074
0.05052938276933907,0.18964699588484793,0.09596212094837482,0.06647746077194368,0.14744190594770923,0.11202153466111668,0.12073054578972849,0.11414920328415262,0.1030408499427874
0.08530967195695165,0.11840325806938816,0.10967059205088305,0.10994949463168362,0.11338363919496088,0.12159759991822333,0.10860160436238314,0.1167436501205056,0.11634048969502059
0.08242015141787011,0.12349493468414167,0.1142627427443012,0.08418268357774734,0.11924813672518793,0.11665374382491807,0.11440270219343716,0.12238383909291428,0.12295106573948222
0.08719747922223349,0.11601552237885193,0.10852254533783066,0.13095599435769692,0.1080537310279716,0.12150345485598464,0.10206939993225538,0.11315280293717456,0.11252906995000085
0.17954133689209958,0.09829312634809528,0.09481545927403363,0.09956037491062943,0.10088795118937043,0.11557908641962189,0.10063468547985432,0.10498074723974671,0.10570723224654865
0.06962604908175422,0.1351222477326243,0.12260410706163465,0.06410188104123826,0.15038840931611042,0.1045235206698435,0.1262038551784689,0.11792727412184258,0.10950265579648318
0.08047128499039717,0.12793669728000248,0.10904369469710855,0.11692162273885714,0.10908860729543608,0.12312273216295506,0.10438233176363383,0.11482604751368171,0.11420698155792781
0.4243123507341253,0.00664142503615896,0.06400949955370484,0.0790173034213445,0.09691284256294919,0.06083063951137715,0.09284536811615092,0.08667047473453943,0.08876009632964976
0.13039111801367287,0.07582181827883648,0.09494641270725453,0.07117242291377286,0.1441008417249031,0.13855122972133785,0.12992057944615118,0.10829180906856613,0.10680376812550506
0.11713181061839884,0.0761142690529164,0.10663186911774498,0.09476056252954575,0.11683715030791768,0.124177475367213,0.11926815581090568,0.12116809787887767,0.12391060931647997
0.44905931668337157,9.410064968088256e-05,0.040417448381637855,0.032893776356844366,0.15736403080544126,0.038363528308594234,0.14048821544335344,0.07302809319091207,0.06829149018016438
0.07381853078210393,0.14425546986796445,0.1085193383660994,0.10411569890611609,0.11113745129953011,0.1226826490889122,0.10610747137941472,0.11508744240800857,0.11427594790185047
0.08572095130835394,0.10790726251175624,0.1090169021883624,0.07224639634183498,0.12742574944949533,0.11998454000222943,0.1252890281762084,0.12628881824639634,0.12612035177536296
0.08750943241919328,0.0711806129045901,0.12890681765467035,0.07984469801785497,0.13474545569192084,0.13340481308158333,0.12635700950306167,0.11387187523279119,0.12417928549433431
0.06133969792350168,0.16372326935134485,0.10690416851456125,0.06830202590914193,0.12478873422238572,0.11760421286948303,0.11718781857436933,0.12112087753871052,0.1190291950965016
0.17621330950953631,0.05610896550169938,0.09373837935986652,0.14485224057251392,0.10794153782072242,0.11561395994994218,0.10153033048883363,0.10435730703292885,0.09964396976395673
0.10884761985010484,0.09610823946708062,0.15841844564338473,0.08295097375284355,0.10837432309547405,0.11345616398721364,0.10190520254546793,0.11432911738058427,0.11560991427784643
0.06456681242002604,0.16048350803639885,0.10594140111226348,0.09790968935085768,0.11390502823970011,0.1138891909241857,0.10950112171069937,0.1173557253378078,0.11644752286806094
0.09972317028676014,0.07981240761797304,0.09591225896813109,0.11375013146245194,0.1465757808887267,0.11852986780688267,0.12686265633089427,0.11544968340775486,0.10338404323042533
0.07512589242853725,0.1362124843871874,0.10913618863411907,0.08899450946013361,0.11697269073358785,0.12259560808081636,0.11307986573237605,0.11921128756809123,0.11867147297515124
0.11976393229739964,0.05271716516004656,0.07638844917279254,0.08576765212565268,0.1548111448545679,0.10177555338778714,0.1920126288065925,0.11948341225686582,0.09728006193829523
0.10460899830392606,0.08616857711853369,0.10648876169834036,0.1673979067557767,0.1048082794137606,0.11628814227306349,0.09580933707097301,0.10973166127221878,0.10869833609340733
0.0817083765380482,0.12835555445502764,0.10847073342433709,0.11986829263353362,0.10952622949371714,0.12190724664409354,0.10367550536823666,0.11357811821303455,0.11290994322997157
0.05866013362595599,0.1811366255474904,0.10628666964813742,0.07729762494945809,0.11683284745228024,0.1190649211068589,0.10978847981150146,0.11639441579008514,0.11453828206823245
0.09283892402618334,0.10547489205858633,0.10807908979002682,0.1427724484091729,0.10694401487614123,0.12015599625124225,0.1001467125204371,0.11213701097692826,0.1114509110912817
0.07881196471744396,0.130289139706108,0.10341658706312208,0.06077530819022953,0.1330680754506324,0.11605731264203269,0.12697251067724488,0.12532808595416503,0.1252810155990214
0.12018154868556952,0.11477289837244631,0.1546121109361641,0.03830366998719054,0.13027656783535302,0.10040975336318674,0.115275189911711,0.11272898012907702,0.11343928077930178
0.046532378202200665,0.20608271732354574,0.09902464375803699,0.0724734110770368,0.1281414323954205,0.09913963386912923,0.11452648775587708,0.11841427114986068,0.1156650244688923
0.07308663136775416,0.08195126578235425,0.08171810276591486,0.2432772650096823,0.12347687740808229,0.08933453997043678,0.104354616512406,0.10605227553020362,0.09674842565316573
0.0998894479723443,0.09417619074251253,0.10790904590147694,0.0980141315056099,0.11553340648965993,0.12702267551788557,0.1158545850017635,0.11978606811335966,0.12181444875538755
0.08622659833731194,0.10559523795069188,0.10768132755472405,0.09821335436132618,0.120758659393348,0.11194879629156264,0.12001179773688679,0.12462942266600462,0.12493480570814391
0.10906454777655387,0.07979698415771995,0.10570153144956274,0.17643503631618573,0.10405825422512727,0.1145801615747819,0.09408977193250688,0.10875342201569214,0.1075202905518695
0.05434712544845944,0.19231071715003878,0.10511113305721247,0.07053717648075869,0.11948494968923752,0.11673446229236724,0.11068985581268369,0.11659591476269897,0.11418866530654324
0.054132942017501386,0.19101724591572836,0.10537810161030146,0.07006261557052128,0.11934596251796055,0.11709500041575893,0.11096016811229449,0.11724042310738048,0.11476754073255302
0.06577299368382718,0.16361008789471868,0.13252720726659928,0.06806215146517074,0.1183895398051114,0.10756347538054656,0.11099512216390957,0.11666590107949369,0.11641352126062295
0.08183196960780613,0.10142748509252146,0.09722584539862367,0.1936990088859231,0.10664098547363299,0.09684491156975156,0.09966989888216425,0.11111883178348418,0.11154106330609269
0.08611426139144678,0.11938876296928506,0.10834087593459611,0.12889948276631413,0.10861251836420827,0.12124224190975402,0.10229130568091294,0.11288249487754916,0.11222805610593352
0.09119568847647525,0.09078388846994562,0.1006778695914576,0.19030206452274054,0.1043851643167274,0.10252577428954392,0.09769920665361294,0.1112384903568146,0.11119185332268221
0.09765417912178094,0.05713669281485886,0.09445572004516944,0.06725338714599421,0.1664130187366928,0.13275492916806209,0.14981146242051874,0.12092984367418173,0.11359076687274128
0.10906454777655387,0.07979698415771995,0.10570153144956274,0.17643503631618573,0.10405825422512727,0.1145801615747819,0.09408977193250688,0.10875342201569214,0.1075202905518695
0.07300986320068516,0.1316328938404289,0.10855591966589417,0.06995476991945283,0.12709327648845917,0.11937882733660372,0.12231282378725232,0.12461990339392977,0.12344172236729399
0.09475879314906531,0.09791220550910762,0.10947425515707487,0.08459147069575151,0.12203721477939515,0.12174851965182187,0.12116169916624202,0.12380441170571511,0.12451143018582651
0.06945748790689436,0.15438927830670288,0.10814678313546001,0.09594302394371046,0.11240953166751043,0.12227559556015571,0.10725819415407921,0.11556031897658026,0.11455978634890678
0.07025822925469363,0.1479282574064561,0.10622743585540478,0.11005109657807592,0.11204707574565807,0.11433050199693312,0.10760895474689632,0.11607691004657957,0.1154715383693025
0.06742572788748125,0.1592529385031273,0.10790314436453356,0.09225514633715547,0.11307828216709381,0.12192532405197794,0.1077676370819644,0.11575365179949239,0.11463814780717395
0.06921400200493437,0.14642801532961378,0.1092476732410239,0.08197154423685633,0.11861008155014219,0.12084806421454175,0.11402162570624047,0.12051491080750813,0.11914408290913912
0.06905568397462385,0.1569269339953402,0.10781266017426173,0.09539683639810863,0.11282822196200064,0.1217044243857119,0.10717169628599789,0.11507012379570991,0.11403341902824526
0.11108176009409194,0.05964861699425724,0.10242667042560889,0.1664875565254038,0.10267027538390262,0.13003017202868647,0.10129289816443195,0.1134024906434953,0.11295955974012173
0.054184493364949175,0.16904298114728444,0.10527423230026088,0.07863455077284405,0.13504842925225216,0.11386164828295296,0.11656957153340314,0.1109952290254503,0.11638886432060282
0.056225917394510154,0.18390656685318676,0.1040304343686586,0.0819197963407004,0.11866041595979666,0.11058645667977063,0.1114391023456867,0.11746015996036174,0.11577115009732841
0.08213126853909773,0.12293791841322925,0.1093184319291411,0.12002647658375847,0.1083128635001095,0.12351527609415142,0.10402978444441265,0.11514927706090271,0.11457870343519712
0.05544318834097329,0.1894546319486401,0.10543634191809509,0.07221675578794116,0.11874153035016265,0.11739075778503534,0.11046597033508267,0.11655187293831255,0.1142989505957571
0.054117824624260985,0.1866644021123959,0.10319465887532175,0.07561690481841561,0.12111180985575569,0.11023811053182302,0.11349158773358325,0.11866741707483047,0.11689728437361328
0.10221668799339056,0.0858082981133448,0.10769157659399457,0.1617752146868384,0.1032849952246546,0.1188903572483732,0.09697183873186459,0.11209098911962383,0.11127004228791548
0.08353813284422773,0.12403191800498252,0.13083076588464468,0.10373935031863334,0.11135130497548966,0.10540410535503049,0.10775754304838588,0.1162015838672913,0.11714529570131438
0.06743581230191038,0.055194084166555246,0.09907713144345047,0.08999858068170712,0.1589157365057023,0.15679250997057695,0.13760827045026341,0.11165747283854628,0.12332040164128782
0.06660656084549907,0.16964423963300349,0.10613412586161501,0.06861711164860124,0.12372837267471264,0.11155968395024883,0.1152794181300308,0.11943215749808762,0.11899832975820131
0.21734283043825162,0.037799557393301285,0.11235705882790774,0.05611039274641544,0.12337727015716071,0.10512928242870351,0.12421346256023834,0.10645526073542456,0.11721488471259678
0.05916940905444084,0.176258120421532,0.10478184584559334,0.08707291630970226,0.1168619455081732,0.11206991057905934,0.11069165618759191,0.11723778251022936,0.1158564135836778
0.09608473307871461,0.11246171995339149,0.14199002445101044,0.08776646118523945,0.10957046815305127,0.11599089053632367,0.10431916558536487,0.11540411386728107,0.11641242318962307
0.05975861457631118,0.167525448877753,0.1065108162420416,0.06669086067487444,0.12559500537225846,0.11682358533957926,0.11726237569051064,0.12107654181499523,0.11875675141167619
0.1125772835638046,0.04672379478220834,0.09591867548657695,0.11019465380943505,0.11350349057579305,0.14868511676443283,0.12424081832377946,0.12426735055430145,0.12388881613966823
0.08064272191885724,0.12741861957594025,0.10913080278007092,0.10854380020926335,0.11204733656436798,0.12335318724604759,0.10738621100857755,0.11588368515388105,0.11559363554299414
0.06380681903987921,0.16812303522509678,0.10735158140935652,0.08588750580120662,0.1144289667143616,0.121023797400991,0.1086353181927583,0.11605595067074763,0.11468702554560221
0.09044644330201113,0.10877922201653362,0.10933494434761677,0.11581454002351081,0.11198561920520239,0.12266179211290738,0.10795000223567247,0.11648701567302593,0.11654042108351957
0.04296911218769788,0.036431281842471804,0.04678182086868706,0.37618998903460055,0.15027781214382177,0.06328031810767655,0.09684526572288345,0.09458667755560392,0.09263772253655694
0.372058882717395,0.008190532448834066,0.06807364607710992,0.10377911386322743,0.09456843256790075,0.07275179962734223,0.09514626019736923,0.09138483514563846,0.0940464973551829
0.0798451230990098,0.13098428319907537,0.10872051398947719,0.11592396389506272,0.10963815411658144,0.12255751442917878,0.10438353883305247,0.11430426192507144,0.11364264651349076
0.08763286069005889,0.11517252646461891,0.10849683583801455,0.13186180701502945,0.10796547350930841,0.12141449478106668,0.1019253532421865,0.11307826757281562,0.11245238088690107
0.0800298171497948,0.12826302543081977,0.10919291619645909,0.09748599616608589,0.11545026498838724,0.12269278858192467,0.11134427263815434,0.11790077904119338,0.11764013980718087
0.08342442400114836,0.12477397514764231,0.10098376470616272,0.06874378372031704,0.12022637838562357,0.13892672119651792,0.12268579780823617,0.11813391237862125,0.12210124265573064
0.06715070074154732,0.15991793284927605,0.1078665970912212,0.09176206362819099,0.11317328518066827,0.12186956242815243,0.10783533821487183,0.11577851155009677,0.11464600831597514
0.29199223725637824,0.017352483373594577,0.06669367724116217,0.11013796275498487,0.08291743976891047,0.15043940312540302,0.09701983477951169,0.08590280957668454,0.09754415212337046
0.06497132444886927,0.16524114115441782,0.1075460067367432,0.08790773131938436,0.11396905832596377,0.1213543266994118,0.10836149777399479,0.11596451869534664,0.11468439484586827
0.09415592005934943,0.06361098706168959,0.1099685670806525,0.1251418288303073,0.150486443244384,0.12408962622409166,0.11600428249498813,0.09750635132573361,0.11903599367880367
0.079318462376859,0.12638649251822445,0.10648040809333648,0.12519268263245972,0.10953433884535557,0.11616698787924812,0.10593231162248291,0.11549204865936523,0.11549626737266849
0.09553052615824353,0.11751649134263664,0.10595912280685284,0.11706277393591945,0.11012509379947283,0.11699749700379745,0.10688645430732302,0.11559992738536574,0.11432211326038856
0.09678216883217099,0.11061618345155606,0.10445888433850593,0.1307672139696351,0.10788090720413761,0.11790102165240592,0.10478566013836586,0.11345167639078309,0.1133562840224394
0.05122900036610878,0.18562912171899273,0.10362300178908145,0.05636608929369818,0.13440859501716215,0.11045239888624385,0.11914692876672243,0.12165426002173607,0.11749060414025438
0.05981723705171111,0.17268080931290045,0.1051496125236247,0.08852259301200578,0.11619910636509917,0.1124933997021723,0.11078590450285836,0.1178287765432936,0.11652256098633451
0.06938954809989013,0.11629807936189622,0.10358046769556273,0.04803960490721645,0.15591930451034697,0.10675442293089771,0.1380107992704343,0.13355330783084274,0.12845446539291275
0.08242115920953703,0.09409865525228962,0.10502610258670515,0.09514296054388686,0.11851025610852517,0.1374450243185814,0.12028338349517191,0.12396575433433023,0.12310670415097258
0.08638635398103874,0.11561185193539542,0.1094848774481499,0.1081796523727001,0.113177284606621,0.12309624482813945,0.10945045376083236,0.1173152803890674,0.11729800067805563
0.062295891231335575,0.15067605006204457,0.10643810630951522,0.059763705936596745,0.13429488873622455,0.11445992022417197,0.1241237533995835,0.1254459494151986,0.12250173468532925
0.4080701671865407,0.0002896920188072273,0.03605748831657025,0.10784526733231466,0.10773908661971991,0.08170726516388056,0.09987778952379228,0.08428884502155554,0.07412439881681886
0.07183887030413262,0.1402101805836019,0.10386727870871147,0.12748038823218122,0.11157717874418405,0.10764694414300043,0.1068635958467724,0.1153850864513114,0.1151304769861045
0.10423060156058211,0.0549266014967786,0.09807710732266389,0.10867892247987278,0.113685332085334,0.1514795765374376,0.12296230728371922,0.12235679864915557,0.12360275258445619
0.10906454777655387,0.07979698415771995,0.10570153144956274,0.17643503631618573,0.10405825422512727,0.1145801615747819,0.09408977193250688,0.10875342201569214,0.1075202905518695
0.06332473269076949,0.07731338537057462,0.07169606525272253,0.28627960708523553,0.11308788139426477,0.08022725832013201,0.09734590969731689,0.10443271408117917,0.1062924461078049
0.07009977466391808,0.15287013348481882,0.1082143253742522,0.097125113514426,0.11220926558531279,0.12236433907820454,0.1070936820184823,0.11549564319722157,0.11452772308336369
0.18124996180425335,0.004038124575146079,0.25047913498086816,0.07076597460745572,0.152172063950444,0.12919237681659135,0.06236523955755854,0.08277968661932095,0.06695743708836187
0.06930258885168596,0.10316828066668911,0.09829534819063991,0.040596149680874626,0.17886792857998193,0.09823053782777112,0.14580787332255743,0.13714858192249685,0.1285827109573031
0.08754797743829479,0.11533649407013576,0.10850196453814914,0.13168510221444266,0.10798264147201996,0.12143205023648256,0.10195349620144926,0.11309285219584982,0.11246742163317604
0.08750705197201265,0.07706696194602701,0.10623986755707303,0.13002122388908635,0.11559117458546088,0.14181804973664752,0.1114299074277802,0.11207355515088126,0.11825220773503105
0.06552321979119748,0.1638842834961957,0.1076324615152468,0.08887480307291744,0.11375992711820089,0.12149734010410039,0.10822996580077672,0.11591925510685035,0.11467874399451429
0.44569281752254897,9.756052553503037e-06,0.02763139486760631,0.09612516772290598,0.15568659370142515,0.039587458386200335,0.09731125671515535,0.08245349455486821,0.055502060476736205
0.058587946925918045,0.07755299211036401,0.07446642360822027,0.2665765855590052,0.12974578169932693,0.08235619843778448,0.1020964763912483,0.09891136457681392,0.1097062306913188
0.18589952930806786,0.025437025779928707,0.08344224148342472,0.14238054249543172,0.09747067956091833,0.12936493235245852,0.1108447304363198,0.11272064568820424,0.1124396728952461
0.08421686575202485,0.12191794508233171,0.10865779253040875,0.12479570075028364,0.10867257123120538,0.12203695153521614,0.10303488989536952,0.1136444978082659,0.11302278541489408
0.0890119823364524,0.016129552143205925,0.0839270055850931,0.12205791278891165,0.16120488437185318,0.16359323647249444,0.14710030578174735,0.09748642414943376,0.11948869637080817
0.09435927166188746,0.10247112444778338,0.10907436081264217,0.12324388159537292,0.11094524135154799,0.12199325839534224,0.10649717701960378,0.11566904237135966,0.11574664234446042
0.07891606532032876,0.13297262283498396,0.10871193431244347,0.11406891577503868,0.10985459397666895,0.12262409156149989,0.10465955996295025,0.11443469173627215,0.11375752451981387
0.11927900547720582,0.04689334181879415,0.09327448650964199,0.10345291638323907,0.11602881383145593,0.13741143767007744,0.13025977376715084,0.12568180927114417,0.12771841527129066
0.07919450257803289,0.13237448203550528,0.10871533658290959,0.11462364740718024,0.10978925057342735,0.12260584825699848,0.10457722936024427,0.11439596835674977,0.11372373484895215
0.07014787104207887,0.1522185457603009,0.1065334097758089,0.08501293833298995,0.11497955293577211,0.12594136252472068,0.11161029253414208,0.11665813358072623,0.1168978935134602
0.29310668221311736,0.007198141536952314,0.21332195824829447,0.019270021629831997,0.1393284349978908,0.047633107896434386,0.03247507778690374,0.19958631855069633,0.048080257139878534
0.08547423299794209,0.03587811393826481,0.06464285462416158,0.2917335734381416,0.15129479031751983,0.07936155545721768,0.09035851813708001,0.09386504487446974,0.10739131621520269
0.13039111801367287,0.07582181827883648,0.09494641270725453,0.07117242291377286,0.1441008417249031,0.13855122972133785,0.12992057944615118,0.10829180906856613,0.10680376812550506
0.08555836494060991,0.08020283522192677,0.10338153567061975,0.09716763884378038,0.11935502090117461,0.1433844029354047,0.1219809311220028,0.1251032286703205,0.1238660416941606
0.3293410907197652,0.00799228662343352,0.061227779865958704,0.11053475109764999,0.08185753326534469,0.12566177143737384,0.09963412819757865,0.08764550897437778,0.09610514981851766
0.04155801038929035,0.21789287756139206,0.09895320096543787,0.04975896527631494,0.14218751200132848,0.10300720385872841,0.11641236570575379,0.1180548320508051,0.11217503219094893
0.1431328456808033,0.055291867262490885,0.10401430287944959,0.13813702733214778,0.109375002086768,0.11432324422757818,0.10625164249157326,0.11388289867653399,0.11559116936265501
0.060767764404112794,0.17575698237779222,0.10676468344452118,0.08074754762661811,0.11576607212334526,0.1199691112004656,0.10932707802915897,0.11626869375695363,0.11463206703703226
0.067319546108262,0.13780763004810073,0.09200277898896013,0.09209277322413528,0.1609628643241708,0.11494147668001532,0.12643381625303576,0.11205742387585627,0.09638169049746363
0.05881180884724543,0.17738311813243246,0.10610160141794078,0.07217589036390033,0.12112335174468003,0.11802268149593098,0.11291136120473656,0.11767201544970689,0.11579817134342645
0.09121235403730003,0.08318591603006543,0.10557562777513535,0.11421188040906473,0.11249953287853172,0.13652637920246635,0.11459569596609968,0.12131881557718456,0.1208737981241522
0.06284577605881343,0.1600393717845653,0.158514909448726,0.05220674296954809,0.1295944590067686,0.09619783541761745,0.11122159678074454,0.1148956840872603,0.11448362444595628
0.05969709432871407,0.17512001919475836,0.1295182684594959,0.06204206924119382,0.12182818712448958,0.10584997731585753,0.11214450121924073,0.11739994175865907,0.11639994135759084
0.11269240892203027,0.07609634946065674,0.10646045048388131,0.16047690114588017,0.10700627748890867,0.11669433314602744,0.09885650504007154,0.11093994186254814,0.11077683244999577
0.10799555403723453,0.05097873085997572,0.09721016112729597,0.10750967392611549,0.1147656607284549,0.147852779942635,0.1245096292623916,0.12482323862102944,0.12435457149486735
0.10580084541017104,0.06995413431530621,0.10235034098620738,0.08886449720902463,0.12102734545337175,0.13319446602059712,0.12627516403417688,0.1262416733863332,0.12629153318481176
0.07565476152389426,0.1420933636341062,0.1079394777818618,0.10369702859509805,0.11165753572692798,0.12339704981972179,0.1067109940010544,0.11459782126172936,0.11425196765560612
