0.1449449252822644,0.1371165086169477,0.11108771737387908,0.016809685013389437,0.03542061125029577,0.09990237156137939,0.08488724705529198,0.270710110839475,0.09912082300707713
0.09932368943466074,0.055666921726086914,0.07625945128469382,0.11713220816458486,0.009198427171028306,0.18609001926834004,0.09841485890326872,0.24222141095690689,0.11569301309042974
0.04897787630470693,0.12427889452294659,0.131572691974408,0.06088056765006899,0.04088099146344822,0.08241493875247967,0.15081128058025603,0.24883598719214506,0.11134677155954052
0.2437244496255262,0.040573939602057796,0.09295172041377459,0.013766957519024578,0.02961627238155753,0.16518708559014872,0.08831933528438903,0.24323345388656414,0.08262678569695743
0.17154709883502628,0.11655085043719364,0.14741022641425633,0.09224691251506273,0.0492965415904587,0.12487603562853034,0.09401171323848563,0.110878003402847,0.09318261793813935
0.18065238774655443,0.03691029246600595,0.09179252818629464,0.11842049801456185,0.19478794548318815,0.0551420470726634,0.08869254146223297,0.10015472840115758,0.13344703116734105
0.09600238801024578,0.08329903331055687,0.1262945571471901,0.11325576376264253,0.1583969656401085,0.08860057109644111,0.1007003397114475,0.14088684430046516,0.09256353702090252
0.08524353435309673,0.057448018753714865,0.10089657327463684,0.05079107048383344,0.07813052414032377,0.21789223947616324,0.10030498329355281,0.1807488163647443,0.12854423985993402
0.1128863662609182,0.08776043005563981,0.10882217875373411,0.1691222591488717,0.025395608665705404,0.1003420577726935,0.21662566488474674,0.023817516087297746,0.15522791837039288
0.20518466255212783,0.12069193090540342,0.09170480676459462,0.06543163926100734,0.19715943481084328,0.07730879213319647,0.049971333840500655,0.04792857350665791,0.14461882622566855
0.09365147413473605,0.04255956365823024,0.11344606986855695,0.12781356892792703,0.030581091858620513,0.05057893636394142,0.05702084219982614,0.40468009945438127,0.07966835353378042
0.11175613276178238,0.11951084978365704,0.11193839170186042,0.21942012894499943,0.04578139924677908,0.11079614521306302,0.05133170406348012,0.07891606185003992,0.15054918643433865
0.04613725786878633,0.07341341183056743,0.08035753090195831,0.060870688831555386,0.07360481505206135,0.4315963360944382,0.06997535832791858,0.029943990144060472,0.13410061094865397
0.13348259889422176,0.19815129920323957,0.11315204729041826,0.09564696820289235,0.024332310670300367,0.07411830839527542,0.053563378928234116,0.20215637895269822,0.10539670946272002
0.09942433039869936,0.23440595077166673,0.13482142134075695,0.12218731026177676,0.03888689378674049,0.05694019416458543,0.06650313467745851,0.15451772469435865,0.09231303990395712
0.09378517201257647,0.10437302376897974,0.19553991592772316,0.019602094864710592,0.0847714585896554,0.034701941437886734,0.1927060747212791,0.18885336832525967,0.08566695035192912
0.12596144544684496,0.017804332634944995,0.07192677304080768,0.0878159974421847,0.3877507094464429,0.022160077546079876,0.13991874030483717,0.0434897026027814,0.10317222153507644
0.03937895197102947,0.1596111263176671,0.10563471667221326,0.053512440593088906,0.08012421057711781,0.0625781376637538,0.06721518723764716,0.3158300325010694,0.11611519646641306
0.12196371149480889,0.11019311360687435,0.07790367662751292,0.03285799184498821,0.008197897154166994,0.03706392342539022,0.140303150201339,0.39886360930507614,0.0726529263398433
0.06730077783673875,0.189743399405054,0.08929878208853137,0.028777155986788653,0.31649503290109426,0.14690567033981147,0.05586601716434054,0.009899806867804386,0.0957133574098366
0.11162609484732255,0.13099621961332075,0.08144797609645371,0.01295706282723063,0.0054129383583356285,0.15386901189574054,0.19595981994801173,0.19389383270025765,0.11383704371332681
0.04376481875960097,0.1881670431243647,0.0633909237653342,0.05687611258744438,0.16319947806542204,0.010491648243899877,0.09660975809082216,0.2942814552730017,0.08321876209011009
0.26257064476825703,0.043163313266204456,0.08738220728832485,0.2695053818815904,0.04675951556695643,0.0882704037394253,0.09649171646674276,0.02401152475157484,0.081845292270924
0.1480446979539702,0.07823784164068537,0.1290429761835656,0.26324203855526873,0.10341456591246456,0.02491545812598744,0.038299559085457215,0.13482678410415883,0.07997607843844212
0.07032928138131733,0.1116298255357493,0.0951812715608532,0.04809233525068235,0.01756091177278731,0.13173337745762925,0.18847633609743233,0.14968408186669893,0.18731257907684992
0.029829690579802014,0.4557274350388541,0.05008704295081051,0.027408068621856616,0.0940301004689209,0.06412013447724534,0.14743412990880053,0.026635684413718996,0.104727713539991
0.11745318517793031,0.1918885894488647,0.1311118870972577,0.07141662628327054,0.01512187714379977,0.19210385025545193,0.12930412971668548,0.03506696413249974,0.11653289074423985
0.1804809939780204,0.0818834858422874,0.0725045434663318,0.12589603398038315,0.02574359257216899,0.16347432088411176,0.060672412304901675,0.16539081558856772,0.12395380138322705
0.12833475864068022,0.036613774404258594,0.12660042852725908,0.1612962169248828,0.022769113815920904,0.25690501817227157,0.0961106837913976,0.05224949477486812,0.11912051094846114
0.08128903143962514,0.16912288367749498,0.20496138775215214,0.0536588592115566,0.09967607387965,0.14282332135287698,0.0501791645240607,0.08203651211267017,0.11625276604991332
0.06286383034916875,0.15020151984165866,0.12492191906930256,0.19818787561795112,0.07807235733468688,0.036417044529295534,0.06245077696009893,0.12953699335900257,0.157347682938835
0.27774255990886904,0.06617695084155474,0.09495232661439212,0.06526376434443897,0.14959173569762615,0.030305354360803838,0.041120274588006184,0.17794586747424682,0.09690116617006207
0.15694534276990016,0.12412833684251422,0.061482949994712675,0.1942690732175533,0.1659790308178282,0.012631837561021932,0.10547653527970334,0.09492687611742646,0.0841600173993398
0.05990225827441789,0.21407026437206758,0.10315562328685479,0.1364854976921622,0.11116159554873355,0.13550260743353912,0.09544195101838687,0.022348643242466482,0.12193155913137159
0.39744726894762367,0.09903993757174034,0.07026271657554659,0.0724243276529143,0.012908994570294874,0.2063877088386075,0.05819151055080705,0.016271437369871387,0.06706609792259424
0.1778238264200643,0.12346285499128536,0.13983482692112484,0.09584039701925,0.06435870675087897,0.09539630572601183,0.06823410243900598,0.13497411612072976,0.1000748636116489
0.020446622830944377,0.33004158082636653,0.07881411808390824,0.1224844511148543,0.011008196428266835,0.07361440128443818,0.2644360327640764,0.007788338862464334,0.09136625780468068
0.09992913654403497,0.10381394488052487,0.11686806056829768,0.09755202361170984,0.06721793430870542,0.12816805305448273,0.16495568904719374,0.0976978513120673,0.12379730667298343
0.011831441344131046,0.3125941223605562,0.08386125946683644,0.16349026284335494,0.02198472580828144,0.11788029774136549,0.07818223299036556,0.1427302956368127,0.06744536180829615
0.31315199437016966,0.0787534470044894,0.08890464380639536,0.013609991505053542,0.16245084289877082,0.04734360442230721,0.03345234364995581,0.15230077045083548,0.11003236189202274
0.044382737551322195,0.05202636161203084,0.1717430422826299,0.09797081367999032,0.027823095690345797,0.2926939670339809,0.06685432372638862,0.12511783740420232,0.12138782101910921
0.04958439970005122,0.13177225134694895,0.10400461969704529,0.12684370077284515,0.06078388212782629,0.150315388827064,0.05657924713699499,0.21928957930458473,0.10082693108663941
0.010176866510623018,0.11425699039499611,0.10921407276209179,0.012549874512804288,0.06535180670748064,0.33505158843429844,0.15885325734062095,0.07464645115553996,0.11989909218154475
0.1112193893018419,0.2580166902536341,0.1324844808774438,0.04553667519058346,0.023311740696453347,0.04876531403402625,0.13471258315039203,0.1378005681896982,0.10815255830592685
0.044668219565503375,0.3315060518975335,0.11530505152485741,0.18369682219566022,0.016153816529616036,0.052197078878363896,0.13296660697431356,0.04814710393699797,0.07535924849715409
0.2015103473968762,0.09188117720270313,0.13041454913865616,0.06523261262450104,0.06933805602272687,0.1172122623861462,0.08720538896880865,0.04904857621791364,0.18815703004166817
0.3262110975313031,0.09866893077565046,0.08575430924740073,0.05253190316990006,0.1479749523640824,0.08031800943139851,0.08482189279585335,0.026537587673474267,0.09718131701093718
0.2242529435012572,0.20745592176849492,0.12040198315871982,0.04958578237705282,0.047632465615915276,0.05149711854831026,0.14277862154194987,0.016415316665938127,0.13997984682236167
0.33287191529617427,0.15763080416008127,0.10882753319162569,0.03246289175873337,0.024388589349548597,0.0735198515829412,0.06512736949229812,0.11742672406338277,0.08774432110521481
0.060993063390687934,0.26203265584542546,0.14485857752049738,0.05583366684685834,0.012730812957273583,0.12295036675658579,0.14161142214657144,0.08643434242014103,0.112555092115959
0.024532956181469157,0.07394207607094885,0.11522967981602901,0.0816474178218695,0.15356001731100033,0.38578740806562006,0.07667122956719313,0.027582312621656932,0.06104690254421302
0.17314705726206756,0.0982101793078145,0.15831998094707925,0.1122294610098289,0.08078434696422189,0.09445054054511855,0.04944514955937502,0.13552694026245068,0.09788634414204363
0.0692244455699121,0.14717733214274242,0.08703048668423757,0.20246222128200542,0.04945262585545471,0.07406635477964202,0.21126857427063775,0.04338285091571775,0.11593510849965015
0.5075510849800876,0.08875987494907,0.09137764609689765,0.02775330124445971,0.020983155188010933,0.04215129908150931,0.059792867747106106,0.048044613151635836,0.11358615756122277
0.09158667259726148,0.07404224779846696,0.12495627215114158,0.06435456328570167,0.015516161686914741,0.14695339524762133,0.09722164015652561,0.24241110245120898,0.14295794462515768
0.013618076625148842,0.10379713145165216,0.09022830964200264,0.18640429364420238,0.045764910007621264,0.20800669346388898,0.1574860547413231,0.07357631312457961,0.1211182172995811
0.29613488731414145,0.07987043349229046,0.06269886268226212,0.05550356123211362,0.2388725731740998,0.11059888047447175,0.042228558811107875,0.04090096368497647,0.07319127913453646
0.11280370861500937,0.19634602434612725,0.20567368302452652,0.013614912605296367,0.07491253337450936,0.006713862012938364,0.24544068691435258,0.06804938185379857,0.07644520725344169
0.046122926325026126,0.3267295671688773,0.14244550622301128,0.05936070557210105,0.11280456307018005,0.051553851771945575,0.12554904166048977,0.02772614943839048,0.10770768876997838
0.1865507225744182,0.05169374999893824,0.07230837676793388,0.10073468886958509,0.17963037612171737,0.04489362555639231,0.03257520869124599,0.22964903909995474,0.10196421231981428
0.11087357176968876,0.019247074437584947,0.09536314312826151,0.19179175457544806,0.058317186417389005,0.11154970429493705,0.19255575519350673,0.05943895703981858,0.16086285314336526
0.10890723159965267,0.05346658994437192,0.10407040595619833,0.04317512866221124,0.41478784923880313,0.10601578128690366,0.030951506955486527,0.07590563461642029,0.06271987173995222
0.07787518548124002,0.08097094020984485,0.15244520231090306,0.21845332042498644,0.023479322239809156,0.14767725056416717,0.08982211723362833,0.05595755015178323,0.1533191113836377
0.015782668671200276,0.08124373248333681,0.07958902988197036,0.3134576470758438,0.08569724456615108,0.08117017445942128,0.1818014613850225,0.055447964897649436,0.10581007657940451
0.006355522149974959,0.0626210567631718,0.2306777151040645,0.009506005496705027,0.02410611932344268,0.4424329983225633,0.07479360209595066,0.09124263888066052,0.05826434186346663
0.16022143283818166,0.05427065190696124,0.06936158223357015,0.08159523418499452,0.014340405550569845,0.1974164801271789,0.07313662166617917,0.23250934256583852,0.11714824892652607
0.3164051850251725,0.04449428014333388,0.08139656894254481,0.014583742549934236,0.17816440329257743,0.12204540067809333,0.04123973054375434,0.10331854553973961,0.0983521432848498
0.170937852285954,0.11567647377388644,0.08249679022560072,0.16790035153374513,0.12700368806785398,0.02952228279315669,0.1011990523705804,0.08660681959052006,0.11865668935870255
0.20322850671800563,0.03407914686704102,0.06581647497115252,0.2236641173792058,0.022245662658415766,0.14445030529157585,0.07910404902756053,0.13039275124635977,0.09701898584068312
0.3461656457167496,0.0444428648593069,0.08722205837241355,0.2674450767221002,0.010451451185367527,0.0995352726489832,0.03788494222977261,0.018604561991868298,0.08824812627343799
0.02994050361591133,0.0464759344147058,0.15355038407161437,0.05074899588337934,0.01884814024556178,0.11323599019356062,0.26303813633494477,0.1799245007216116,0.14423741451871033
0.20602586165286665,0.062150880561912696,0.11275960385526033,0.020559213885714824,0.38665431529520805,0.035791722755800635,0.04088631908217421,0.03626161092313034,0.09891047198793228
0.30569722894234375,0.14057032712594963,0.15000467781840085,0.024461122587913938,0.014681371085226718,0.037407508382931436,0.06951185331484905,0.17631784275708895,0.08134806798529566
0.217324415204724,0.08228150531545755,0.08911709442120565,0.11251460458799772,0.09025853148838679,0.16310832046378,0.027698677868963933,0.12523914337971223,0.09245770726977216
0.020581182710173573,0.15259408594655774,0.07616813801067879,0.299236514094336,0.006306459088070165,0.10342160556699505,0.25537637151170084,0.04128059548063574,0.045035047590852056
0.08294899385783973,0.12975628560495897,0.09814011779462102,0.1319521426878766,0.009629991562049092,0.16892774497129856,0.06979838414530865,0.2151747814220455,0.09367155795400177
0.4507013639593677,0.05895059851532036,0.115074340621151,0.020641229830994853,0.035486333263174186,0.037391656436662174,0.05804620732661738,0.11428283294921308,0.10942543709749931
0.24929986365638776,0.07863232462365943,0.1417935767475074,0.01951024122053055,0.23149389499739137,0.015564463555676089,0.061316529561906474,0.08583223876785014,0.11655686686909084
0.11283896199762733,0.05101857870188877,0.1529644747267668,0.04832390650486593,0.06425238509158528,0.13028735464549468,0.15282302296861328,0.15700573359563127,0.13048558176752667
0.024533319827786077,0.1800391001871732,0.27005668199466987,0.04939253583077044,0.024079050661129742,0.08165134699210867,0.16395422756004063,0.1177747763948341,0.08851896055148724
0.13088791274069841,0.10196294141741517,0.24104089092274048,0.22765679507466632,0.06050524150459983,0.07459418933746315,0.03139632747342903,0.03383059487967009,0.09812510664931755
0.016445252168751857,0.3634273682016844,0.07953886878207286,0.08957402413289874,0.1168430511573091,0.03890393613890602,0.11937765017793718,0.08945428788168495,0.08643556135875485
0.40667282633672946,0.06306394011454038,0.05173689551295396,0.024559369543461395,0.23111116484875374,0.06349429955986784,0.03101932717386563,0.048907881733194124,0.07943429517663346
0.02859857814896702,0.179985688938761,0.12592701347629473,0.1654799951459575,0.005074290918427787,0.09538364172246322,0.21056007240956345,0.1147609975481097,0.0742297216914556
0.1337020729361441,0.05380037606721763,0.14962135922640124,0.12091193423921333,0.01898490965226886,0.2260473724155043,0.055872849254215484,0.14557661858071566,0.09548250762831946
0.04214846164991564,0.041429368135836524,0.13720139072391316,0.06240061566708303,0.04772244796574151,0.34154961738658884,0.05786073896125782,0.1613691510832503,0.10831820842641308
0.12259596340083455,0.3153692982336609,0.07037087227166378,0.15502017484043462,0.01587822107217664,0.06590733190852889,0.11737487658188221,0.04803750950464677,0.08944575218617161
0.091888358071802,0.0648295016333772,0.09946660249226778,0.1271018594341697,0.010546800717751931,0.28946235539053095,0.17640529338266983,0.031112750867538702,0.1091864780098919
0.09870871474356856,0.06565634199395931,0.08144771110866574,0.246393878443082,0.061460764112805676,0.20591612978705254,0.07159053047728989,0.06725080120548878,0.10157512812808756
0.18749351051575336,0.06357338545130108,0.15872402861402782,0.03255340240396449,0.02991559258679567,0.18305693340520843,0.12381924107910085,0.08448099958731652,0.13638290635653183
0.04950217462036472,0.036796151890189734,0.2422695239365202,0.11190155018596686,0.016554220359711186,0.10782141117150279,0.24559257057688022,0.11041301906724804,0.07914937819161626
0.3957869313262751,0.05954162080659378,0.0459631634262385,0.07122950664304732,0.11581888269663178,0.0970651463253218,0.06455561730408323,0.06271000804637948,0.08732912342542913
0.01739256227496247,0.12381643423618278,0.09640604638632176,0.016851334019832468,0.04222241639861885,0.10593409895804644,0.08914786430977867,0.4151175267468632,0.09311171666939329
0.3017015288405114,0.04774229782991892,0.11553380231269116,0.1266627096060994,0.05356033395441983,0.08367154593938218,0.036523403473900214,0.12250616087890837,0.11209821716416847
0.06980555863098155,0.03471748634902224,0.2107722518492313,0.14422830290767022,0.04710374351030375,0.17317091512170393,0.10978122641675958,0.07859331825589431,0.13182719695843312
0.31441145263283254,0.10917748002195694,0.07658628798656074,0.09276701773565682,0.12485084276833695,0.054038094810562105,0.044234657885595795,0.04799753949635971,0.13593662666213832
0.29055772014224535,0.02362727441320885,0.13450045504042119,0.03589944618771575,0.05959323957842691,0.15496852423609278,0.07050006860053752,0.13171908184886716,0.09863418995248446
0.21327511255647047,0.07375368314628093,0.1046433349439037,0.16834270345747615,0.014294266656765411,0.13110401567090393,0.06709169315957249,0.08546973913681614,0.14202545127181085
0.08084121923798802,0.13393234401254123,0.18050680472975691,0.042800966011347696,0.016471357035943355,0.2618821561651807,0.15164862298229298,0.03180692195042037,0.1001096078745287
0.14743638194490974,0.10281132403891981,0.09397766881556413,0.02945558136801478,0.013319973353452995,0.11780147633065315,0.22158103326867576,0.13748687806125606,0.13612968281855353
0.22171916722049603,0.1454920456224351,0.05862575588290869,0.02639250948094533,0.28006149481025583,0.056750920382128124,0.06720581340744385,0.025109927613277943,0.11864236558010925
0.327207270626507,0.06075159768546822,0.09350770491507802,0.12923336424929313,0.0641036049805282,0.1044285700618402,0.08311507440005277,0.017137302111426073,0.1205155109698064
0.16862528517093323,0.21058008885312737,0.17637539612379627,0.043726750389821635,0.023183232993724597,0.04737352055939791,0.10586511486593016,0.07390814354375205,0.1503624674995169
0.09956019897900659,0.06455226561805717,0.06974069333739508,0.02811052767314813,0.3553522719557048,0.17719217328028466,0.039975006219194115,0.06830129377281495,0.09721556916439451
0.17424991199252035,0.07634481932233243,0.0743855564240442,0.17258897271066176,0.03697222131377329,0.20624192599712923,0.049356092267846645,0.10775531766417414,0.10210518230751787
0.38641626149315655,0.08724528215171123,0.09312860256386674,0.042107465318880315,0.07155532534916012,0.12890648101627986,0.05604406695229049,0.0506665070842634,0.0839300080703914
0.2322756456431356,0.09069415218971194,0.06828827118297062,0.249319406255065,0.0340803165925671,0.11630840427098017,0.10985792499784652,0.021072940962848435,0.07810293790487462
0.05944871769827786,0.05684674011352703,0.10661595935583967,0.14740150835702717,0.048504546146157096,0.14167025263101493,0.06536250784212155,0.26641284772034807,0.10773692013568663
0.06127467732342546,0.37720574099455856,0.05262792156799887,0.24339429778917107,0.018377126345298922,0.03396401920453398,0.12994196094888696,0.008149425249332652,0.07506483057679351
0.2787058808724358,0.06184891286727196,0.12071619628484809,0.04814643099018314,0.144580567411887,0.118465625948665,0.08354016411524395,0.026268582077766115,0.11772763943169894
0.0952740489706974,0.1856420469466201,0.13531675386342232,0.34860580473300457,0.009858966562602023,0.04254871597686332,0.11380463680595836,0.015838803308200408,0.05311022283263158
0.15659801262980655,0.17649962672343875,0.21808606083269988,0.05817418306500454,0.030263433868324207,0.04928476874156933,0.060374883005491244,0.14160242608551873,0.10911660504814673
0.04125191311244121,0.4683295223902814,0.18398816855746933,0.04287228271776181,0.014425122253880896,0.0026309350719882388,0.14939415377272605,0.010032744788745392,0.08707515733470571
0.2644868072548278,0.19310248136202857,0.05115400960959085,0.05335126224838399,0.0913264968071547,0.06050640477767675,0.10094134118396984,0.05822692600293237,0.12690427075343508
0.05912980958513636,0.05078209083918328,0.09981786532439212,0.25536057313108196,0.13540044943835183,0.08765563157830157,0.07535769590748727,0.10688620906227797,0.1296096751337877
0.18048917504863707,0.07104422954415072,0.059863681492792586,0.022162335365334643,0.14391759244768415,0.01733210697156769,0.18425290265985592,0.17119682946570705,0.14974114700427013
0.038830161302233934,0.2575651866204298,0.1102510357651016,0.04306872278786972,0.028732915574211825,0.06125654607769965,0.15599947892777524,0.1906271309575718,0.11366882198710639
0.1233953639132649,0.1171450580201171,0.08787477923578733,0.12422889573936201,0.009874318875472451,0.27546158007751215,0.08579982244385824,0.019613172869791386,0.15660700882483447
0.14525379760603455,0.055737528736648605,0.08453947514915588,0.10711895011471588,0.18967344926308694,0.14139170102985882,0.03284803186803324,0.127270009259291,0.11616705697317502
0.08990997097777405,0.0913911935339683,0.06164436304989936,0.39447882615401414,0.035637612510699225,0.16791888877528835,0.07050713729180581,0.004286775449589704,0.08422523225696103
0.13169119342065633,0.024404446792829822,0.05313259669865439,0.07913588102441903,0.4575200284425415,0.0788177572571523,0.03146821710260586,0.06487141926197122,0.07895845999916959
0.04727396800793044,0.24336385727560125,0.10770424507038116,0.18208044513210767,0.022122649106751806,0.05903372051324676,0.16490431931355287,0.06131309156660019,0.1122037040138279
0.12044785408314616,0.04883670050076127,0.1703407762834839,0.05372843523370804,0.1571380626821002,0.11603059946600987,0.07952570705325336,0.1406345277293354,0.11331733696820179
0.05039246018160176,0.22823341555853915,0.10758709416987429,0.12972829037941289,0.021726913428154773,0.24287175379768278,0.09352944004817564,0.026893682197248175,0.09903695023931063
0.10982755071874316,0.06564764548550456,0.10779418135914366,0.07083093655595352,0.2748879983883426,0.10890595066697278,0.1039791341872172,0.027906821544411254,0.1302197810937112
0.12888894189119604,0.07711777080728845,0.13697530281924875,0.2607586710674501,0.04074481524440338,0.09966142166050233,0.08690895464935615,0.059608219020351384,0.10933590284020335
0.0706184488141018,0.07016392075789056,0.12418273579217587,0.06169001185363779,0.03201428388388757,0.21625224866920045,0.17007831140692767,0.12991482956855413,0.12508520925362415
0.20967690593924818,0.07959469894862416,0.1739616479182835,0.06666229495213925,0.14144573667410926,0.07266774357227562,0.028133114282275603,0.09972466263078354,0.12813319508226084
0.12345639082306997,0.11210465556379895,0.11236774809501737,0.06165075057141459,0.022964588144137533,0.07933404967581002,0.1261946393891288,0.26740956595090637,0.0945176117867164
0.11195014261258363,0.14287472501732026,0.05494179610931612,0.0978924993994255,0.10049628457643368,0.1326673421447954,0.06698793703014268,0.2026502743948951,0.08953899871508757
0.0807307370775431,0.1523245388007173,0.10532226316141173,0.019973089417080394,0.05656878654447539,0.0310163865350753,0.0949815633295435,0.3653907560139554,0.09369187912019783
0.11722265611476401,0.14697826578534023,0.06080348275352554,0.2823719744897911,0.04896081356572666,0.13836660815558163,0.051588545311333056,0.07043453445998661,0.08327311936395111
0.05095960756150725,0.13366945276160994,0.0781585787578374,0.2845791994817521,0.05731619407757941,0.08967000174748015,0.10875673731514139,0.10110232907852168,0.09578789921857067
0.040230439292541116,0.06915629405749225,0.09447492969161524,0.18718732166667876,0.028825643135458438,0.13650455947504755,0.09531592880550292,0.17589314884486243,0.17241173503080123
0.24914607116019852,0.08143008586077517,0.07776330783405686,0.05053471355185018,0.015968752139893985,0.2427671337259217,0.10573937082330977,0.0850078628934587,0.09164270201053511
0.07418966170539186,0.13569805743867677,0.20159677418547006,0.22070412767695266,0.03633732342974321,0.12885509944392168,0.07672602367851193,0.009838971328968,0.11605396111236381
0.18482842657431844,0.05970419925015646,0.1813454717470384,0.13598863130061192,0.07957210519696285,0.03771193345173667,0.056461622985129196,0.16832900464774106,0.09605860484630506
0.051981539096797445,0.2788640297367284,0.08692797575344552,0.13784344267428575,0.08536310882238651,0.12011555028488573,0.09668167371809622,0.0662838225326158,0.07593885738075858
0.10104497264062266,0.1621068248251348,0.047099476505172065,0.021861718458537304,0.034305680164076514,0.3770836395752202,0.05978301799415376,0.01888216724117033,0.17783250259591243
0.4270978391879128,0.09100343119943022,0.10067242063255603,0.04300971601486264,0.041862687154811944,0.028729508476068782,0.14592759120213716,0.023875430816706355,0.09782137531551412
0.08350920636830894,0.10933469318312149,0.117258349669376,0.29309290128477294,0.03950862850305879,0.11134724571034653,0.09140786231422177,0.026461273721987963,0.12807983924480557
0.23221323930444626,0.09047714401951196,0.055220622398532045,0.07928328779126322,0.22371099299408118,0.018906973985400182,0.15046291348541943,0.07270808837269145,0.07701673764865426
0.05093333531745967,0.11518946289029684,0.1031726218174535,0.1735616643823087,0.04190834072950673,0.08415461384260885,0.09243538577847339,0.2080861802073898,0.13055839503450256
0.16402478891658348,0.11921238364672354,0.10534219809674723,0.09956643286075445,0.01524227941903161,0.19910879892844222,0.037190391226474724,0.18091842784500137,0.07939429906024147
0.05372633118095998,0.07579097178593484,0.15126006778056658,0.10543188724708358,0.1319457320858766,0.08178138762591984,0.14641117061380193,0.07660696500735907,0.17704548667249762
0.15861623468024377,0.08695622733781051,0.13744785615821145,0.19894401979891227,0.12585782043742902,0.11612441710881723,0.0416243378173069,0.0345966489661776,0.09983243769509116
0.09531972563352788,0.16376228582522478,0.09749339296667929,0.16191689819612265,0.10800617284838242,0.10908491142094123,0.04631533479880334,0.09256523169767585,0.12553604661264256
0.039567233120404145,0.07113557717714032,0.15452047114329953,0.10933115779292575,0.046256130338386436,0.22273787364261008,0.09653696860048018,0.13268220690190718,0.1272323812828465
0.04946704300984833,0.06738540290095851,0.12564595221995437,0.023239118581207446,0.21852526449678408,0.1460446211452324,0.08534839281069269,0.1477793429084733,0.13656486192684889
0.03153969248500106,0.05287091766041318,0.14667487860792255,0.03234109893554402,0.193963130182787,0.11965932148774387,0.12463339978624055,0.16576650788193395,0.1325510529724138
0.12608190146821494,0.14291503104663875,0.1297824670008293,0.02490521505269731,0.061591971348369946,0.0773480653481937,0.10576596287189514,0.15194850031468965,0.17966088554847126
0.19498536720257323,0.15407014871233657,0.07224125240583616,0.030797815915951557,0.22619440833727045,0.1109902604888331,0.05272483041504178,0.04365951453255134,0.11433640198960575
0.09230616017438371,0.38049796913441214,0.12473279696252045,0.15635114430857325,0.04866118871403299,0.015672674675693814,0.058951734847437466,0.028480566367205293,0.09434576481574079
0.3401923832632092,0.1658643050351429,0.08471723611782105,0.006135814843270008,0.022159801117942694,0.0678883030565173,0.13723967628585013,0.041736924364085666,0.13406555591616107
0.1675336374797108,0.09897967726951601,0.1117894407119087,0.10178272704652724,0.015122641478362767,0.042143933086916996,0.03785021965355976,0.31098666163991945,0.11381106163357835
0.2004569376005807,0.03476485891190142,0.11225683055147391,0.03581229636272575,0.056430155437497694,0.22999092907466345,0.06270347136774429,0.1569871761772376,0.11059734451617524
0.1774189704052416,0.16832653249464194,0.10276445708604574,0.1300599636508397,0.07594596196098129,0.12068450033453258,0.05032721123499179,0.025057998401078172,0.14941440443164722
0.2097251501170163,0.04211924153443089,0.08049465064379387,0.06103514990178379,0.11379905250334431,0.09757414371507234,0.06719617507447938,0.19408031019392524,0.13397612631615385
0.14300463683139364,0.03690646109655573,0.12813009402333844,0.1956820531578419,0.17464306498121593,0.11086472586684944,0.02955167781396148,0.056987376092683555,0.12422991013615993
0.2320097321102904,0.09471048860192068,0.10591700730414323,0.07518284147995044,0.10890027472961884,0.1499321460841235,0.07448914695450719,0.04624575673030321,0.11261260600514252
0.2126348466821529,0.16183551348079736,0.13863418932531738,0.036146101774580455,0.03752819589462985,0.1451532511457708,0.09147854940714445,0.04362314079076463,0.1329662114988423
0.12496000402542007,0.10297850336733742,0.11161225917128452,0.1094725726722346,0.010016622826549755,0.0910241293670974,0.06340683201922805,0.24984426643876131,0.1366848101120868
0.24900584836003745,0.08620732073459336,0.0790347175156999,0.06426027433407688,0.1872635859507181,0.10387808986374221,0.07128959128591887,0.08639218420902807,0.07266838774618521
0.060869721845705986,0.0657452923639927,0.0643242450075492,0.13150657660420043,0.014499284590367291,0.22857878721481942,0.10330633700697289,0.22462182314798662,0.10654793221840546
0.07255305945185846,0.10825300379338192,0.09814959856791809,0.10558131858732116,0.05830073140064649,0.04139677435581437,0.19573229620850707,0.1679340094135057,0.15209920822104678
0.1205499348934641,0.0772312954436888,0.09507639201887563,0.08575759426087416,0.02026552086211347,0.14969707858618608,0.11120718756334262,0.24906387576779623,0.09115112060365893
0.07569269351184817,0.11792177408032423,0.1385792619975275,0.1048722208588568,0.09574008313707068,0.07826843904931115,0.08383816696606657,0.17200369018720849,0.13308367021178644
0.03150748857860051,0.3303037414716556,0.07674996110656222,0.029466556738804633,0.17725862623034883,0.058262510544947355,0.1488678349483407,0.07027753109719802,0.0773057492835421
0.1931801066041985,0.09065226224935165,0.07855276602631775,0.02303782072230307,0.38495665962721404,0.01891348717296476,0.05107726498508039,0.05099381411668993,0.10863581849587996
0.026091533692143943,0.22273162279669734,0.1398612886079554,0.019308696465962897,0.021458844340459415,0.11667166916973926,0.12339524053626133,0.22122184465661351,0.10925925973416699
0.08792431136622499,0.13284230810894426,0.08282357996926283,0.15445052803685702,0.027729728672005852,0.2932463228697712,0.04239873771308097,0.07850417073993485,0.10008031252391802
0.17838659999387096,0.06400047648409819,0.09041698968954237,0.11244870670158182,0.17130149884851176,0.20353640059478761,0.02507795901519504,0.0783404848648161,0.07649088380759608
0.19907496933230484,0.053425302503864576,0.0976662574899358,0.048058320709657786,0.1076627776210184,0.048852775278471476,0.08544540593505374,0.18694673571258982,0.1728674554171035
0.2758091078464909,0.09600748908328084,0.162315136945649,0.03923388923542323,0.12551653480778954,0.025771558441584876,0.10360231568282681,0.03783467071116368,0.13390929724579112
0.1971958278372924,0.09538747457870582,0.11122579520685137,0.030035526143918228,0.06439116494731335,0.13809782266938878,0.08903680977129351,0.15758104709737122,0.1170485317478654
0.028055926079709387,0.14364926173824663,0.11312570229592811,0.09074793131176169,0.02079490568215028,0.1057955304698908,0.12967706189565528,0.28753331361108075,0.08062036691557693
0.3293700745691304,0.09388527078759117,0.08981490509994965,0.04183098307469777,0.06920765341017786,0.04251892661025389,0.06482576866586881,0.16878530995541094,0.0997611078269196
0.1828766718834154,0.1299665225926855,0.01696559514654304,0.26872021586500855,0.26622523841922335,0.01208858718469392,0.05468324040597578,0.023954710364231236,0.04451921813822308
0.0636848340604547,0.09420107699095055,0.1833622395149734,0.07639478441905556,0.06237903917727939,0.020120210700953628,0.12079838761005136,0.2273533258532946,0.15170610167298676
0.07179356934647413,0.19667488292875102,0.20303499872016553,0.09080427277029583,0.08136389589566262,0.07747042933979618,0.07758648453946858,0.11252476217212148,0.08874670428726462
0.17142949694910703,0.09053581230095935,0.1496215701232884,0.1563870528229642,0.015813672368728,0.11316843046322073,0.12874439363974646,0.07363853521528423,0.10066103611670159
0.04073780082421049,0.11240621692795642,0.10547994607442328,0.1042021925222489,0.0641060133271636,0.2330072751290895,0.06908686344924357,0.16642429996303518,0.10454939178262912
0.19469216603310943,0.2480277791197718,0.09382625928374004,0.04574833353954565,0.07261040585399378,0.08714094708341757,0.09113586700629156,0.05586399611407511,0.11095424596605503
0.13717358595882445,0.02707880756432372,0.13225553364872297,0.048867821531214606,0.03279208432488252,0.38014676092482164,0.11051735612071623,0.03196528320356189,0.09920276672293195
0.08947710789463527,0.110071742557532,0.13447380336503809,0.030702951540101216,0.012412924764817881,0.03592269269273005,0.06758279775723357,0.4469130252691939,0.07244295415871799
0.07879074141432278,0.05426539352001888,0.09971963403545052,0.07117229968732962,0.1110119053156855,0.15364436445632335,0.12241642826953981,0.14547510802074096,0.16350412528058864
0.08022325802070644,0.13428729280165919,0.13733715360841944,0.02212644752434072,0.04943625696089123,0.047271947859742675,0.083107577608288,0.2765074482943039,0.16970261732164849
0.020553017927547892,0.06406081802915192,0.10014023923323763,0.24432561760794616,0.05587297907664482,0.25965711506858224,0.06871079388082384,0.10626874656042318,0.08041067261564232
0.042283797240362415,0.055284816848216435,0.15840896552135234,0.2119888433404371,0.04330488813061189,0.17656172915352597,0.05489429367232723,0.13430034152632772,0.12297232456683893
0.02265163560903889,0.02622154243475983,0.08572952414058634,0.20165133316393546,0.035832755135850186,0.16986151133258676,0.10300203397017797,0.25876156681213197,0.09628809740093254
0.05340709939971686,0.44067328291352886,0.08288798356275327,0.033289538371584194,0.046234128990728734,0.029707508113499873,0.2588776055598901,0.001446309815973154,0.0534765432723249
0.4248337029926046,0.06356949700087765,0.14419393207760106,0.06089200223272951,0.014486732422407689,0.08291708886310827,0.07790447306837135,0.04433458323694587,0.08686798810535401
0.04157970929823362,0.08708956659520241,0.0871776817495492,0.01744226910806031,0.04713607272772463,0.24573983715381856,0.10880064322079425,0.26877395140505717,0.09626026874155981
0.07100001425620095,0.12400198074526815,0.08402860570862157,0.07255551625574565,0.34906886312563845,0.1306230249934942,0.030879129121986103,0.013501283623619001,0.12434158216942591
0.06252967934631347,0.20018152790601285,0.07432042360168932,0.0973879951502364,0.008966221101019368,0.09134684479199486,0.07582213507408815,0.28655975750851975,0.10288541552012587
0.10813543259752491,0.0787051637219498,0.13239719161742522,0.03429973020357673,0.2755044435988698,0.1774351143306511,0.03842090152391243,0.07321070029674771,0.08189132210934232
0.07542231743429802,0.1719463009413742,0.13420877664049793,0.07499663434132944,0.0790663732972193,0.1881255127179801,0.11393496360768796,0.03987901807074501,0.12242010294886807
0.015957271772548076,0.08049231364699148,0.11249537636302172,0.04955842992295575,0.03956673954099687,0.404881382719934,0.06862591297506299,0.09968677911329978,0.12873579394518933
0.22476203986627616,0.04918898245178352,0.04724090523019339,0.11504560374501903,0.352498996037873,0.01960736969596006,0.04112960185479372,0.06594163246657299,0.0845848686515281
0.06053756309163194,0.12091022974073297,0.07833151435931447,0.16718851763736453,0.039012923239053594,0.05185538260372374,0.11684679630740845,0.2761713265068998,0.08914574651387053
0.08896796101596595,0.08877673802146673,0.11902374747798054,0.11575962215138337,0.06362104909457557,0.08592650117262667,0.05290282281290092,0.25216341230696493,0.13285814594613538
0.17310844808123219,0.10376022613574347,0.2052394098200084,0.07766826450117455,0.07465708864555914,0.04600285150375954,0.0990793870466486,0.05599210586886752,0.16449221839700662
0.09597499137671972,0.03368747094481871,0.06475286171791235,0.08428984215700548,0.4829314305439554,0.04255072342580335,0.04822993794865422,0.03949176971341403,0.10809097217171675
0.04887753642700846,0.029954961984475087,0.10764535312644508,0.16767161832332675,0.119180501579357,0.1942248558662323,0.1022751138465695,0.07456428409282881,0.15560577475375711
0.04142383131448757,0.23779731974665916,0.1154600440419975,0.02491912663020018,0.021637877237166325,0.2429473530826478,0.1072662083209745,0.09726556283218496,0.11128267679368209
0.07630240621467355,0.08011580413613771,0.07679257108923776,0.10718507953489849,0.032147017548764166,0.09280030467505307,0.2258618476438553,0.12635865297519447,0.18243631618218548
0.0418184390164112,0.10027830691296492,0.14555557262064864,0.13433459241631732,0.04369233146418558,0.09647849545078174,0.1884180897198637,0.12936238389919744,0.12006178849962938
0.27240831152983463,0.030129826919920794,0.13087854540025037,0.04487439923333943,0.025897614470595298,0.09614420891895907,0.230255207709093,0.0806914545509151,0.08872043126709232
0.04786139868247998,0.10450560259812273,0.13482239380737318,0.21612168316348404,0.02897814336704232,0.17301792533827984,0.08469756247690989,0.08352706734847493,0.126468223217833
0.25142095889241145,0.03753197827220277,0.10849019959944806,0.025170570175293717,0.33845648757970226,0.034592303568683,0.04723585098232274,0.05028426531246858,0.1068173856174674
0.09925252307984056,0.0458487243704743,0.1135606632231058,0.11855903987283185,0.09460079389838592,0.15291991699933613,0.036685285019353184,0.20092988353333793,0.13764317000333437
0.008632376663932134,0.12177195219098702,0.12940180715221855,0.06560094720176778,0.05086954841041641,0.16124831265840936,0.0691293306388598,0.26855332172194796,0.12479240336146108
0.18263097225521038,0.14117388680678275,0.1208713895229,0.05654313386631851,0.08120358123278933,0.10713866952988443,0.03902790414304367,0.1926704804261354,0.07873998221693555
0.06409318409840577,0.044885683296006396,0.1458751688222561,0.035642553938352174,0.06269929892517816,0.2258903315493412,0.33109549810916966,0.008472332175936476,0.0813459490853541
0.00954413799110829,0.14497679457031906,0.06523273885225535,0.08265767056234402,0.07187733938361895,0.4600633435850548,0.06376311677410056,0.028504152765455922,0.07338070551574305
0.2261252003542719,0.22456590173287905,0.16694231345146307,0.0427934542756197,0.11524425399457859,0.06416803363457103,0.027387697093372295,0.026390867079442704,0.10638227838380167
0.04097195324644185,0.06880817174457825,0.11333175818925312,0.04667061369157514,0.021547126106589824,0.31438378824918406,0.13813109519550876,0.1298582435190437,0.12629725005782522
0.020887155100511506,0.0644076561483685,0.09007250570232295,0.20174677280764666,0.018248884762596475,0.23571656902260066,0.11288082882274598,0.0816563850018373,0.17438324263136998
0.06579447783977978,0.20790546207973706,0.07228998167979649,0.11248398844995598,0.03413917120080845,0.037282705153630295,0.1612621923182196,0.1315580433707522,0.17728397790732017
0.059980815122859354,0.059636061740642926,0.07408104820114957,0.07956871665512215,0.08147394932362663,0.11875853556558962,0.11109999093609617,0.27454121525192315,0.14085966720299045
0.03890882513872314,0.07832290474851912,0.10334927076503249,0.15819007618669292,0.24017863408640228,0.1600925981071172,0.03924415810448737,0.03781172063451489,0.14390181222851062
