0.08469208268790747,0.12681833276901097,0.11580451267325192,0.08835330043449974,0.07412921879359068,0.09328365449804828,0.2676481784936566,0.0732706153700723,0.07600010427996214
0.042757725200922254,0.024907948798407357,0.08973039873931486,0.07203319947017818,0.12300879762939199,0.10620711967288726,0.338647075344139,0.10923341726414747,0.09347431788061167
0.059894606061293675,0.2168262429872755,0.1523021217916606,0.08570109026617506,0.11123677499856238,0.09936031002528305,0.08083768948566948,0.11942486544778523,0.07441629893629499
0.11016435935977935,0.049611172335207544,0.12578730564427562,0.0935238254102204,0.1743049039239614,0.022551855937317,0.08152881395963134,0.2455535493561963,0.09697421407341107
0.06454518960819088,0.09838345838067242,0.11900177089986831,0.09783908286891178,0.06910998366868308,0.12151408345735963,0.27036204410834014,0.083231550046848,0.07601283696112571
0.04156599491592192,0.018672990004788944,0.08818827079557567,0.0887057224164441,0.08502694360465939,0.018754100352616158,0.20665656523106732,0.07379254805918704,0.37863686461973933
0.06118376567833398,0.20199341426688852,0.09488767611136506,0.08128046902331286,0.15643977228268885,0.05617753002225518,0.07807210673938227,0.21549268844148048,0.05447257743429266
0.08200861932256807,0.36836779818891996,0.08915206600406576,0.06725093609745895,0.0979517166027608,0.08655454136914324,0.0392168910647975,0.08661609324807158,0.0828813381022141
0.059149139218853876,0.11366475977194512,0.12516919127270146,0.10019640652194194,0.15432383472347452,0.11201405672462279,0.17265823131880007,0.10744649662208972,0.05537788382557062
0.10419325488814339,0.2576514496771467,0.16550248603970483,0.07139180481239506,0.08040111182592276,0.10766598176044877,0.0540686637952199,0.08578708401029063,0.07333816319072796
0.04463539791714876,0.02678587018787242,0.1184433186050819,0.13605077926759934,0.3129720294343219,0.08492963630237828,0.07080534557892469,0.10615472000994719,0.0992229026967255
0.16192345998440838,0.07023046778371396,0.07501335865524626,0.1604873603970011,0.0938901661412671,0.03669020786115824,0.23321970573623155,0.09767619641149654,0.0708690770294768
0.2109789535205381,0.11153919014156098,0.15131326624704314,0.08920314367571174,0.06787344619020896,0.10553627918482367,0.04668558315640255,0.17625255321452216,0.040617584669188696
0.08773170525313274,0.05010596012250743,0.1461274849426252,0.1807209013094705,0.023018704914465445,0.10155122700986956,0.16623759655099965,0.06047347348473672,0.1840329464121928
0.07265310086941155,0.02750164887564942,0.11492675008809765,0.08137068280291153,0.21051274881862372,0.03797821204882263,0.21927471773591578,0.2113709324111034,0.024411206349464244
0.037222316601639216,0.22999361966166276,0.10821761729006014,0.08659017903419741,0.05773775918225869,0.11463939351133011,0.04272081059021333,0.22670015311024486,0.09617815101839344
0.12191377498425615,0.05239217818768008,0.10625053252857451,0.12348986399774076,0.053134586060781114,0.17268553768764272,0.15971504690732763,0.09736053069200572,0.11305794895399135
0.058816267492934275,0.21899028821297226,0.14094445171557793,0.08958949283522437,0.20528502394867112,0.06898982535025959,0.0449229589659422,0.0750339653946746,0.09742772608374362
0.03534527575257832,0.053112323825969705,0.13004990948867154,0.14064320948940223,0.07528958265173906,0.18467253579841506,0.1509523695920265,0.18689568022292832,0.043039113178269195
0.08407028997533172,0.12353533399108073,0.1174920457162934,0.07244479481636984,0.11128403842931005,0.11615310256603247,0.1364687641271042,0.2122956116800092,0.026256018698468362
0.010741854790084484,0.11489187504625527,0.08735640533953287,0.15907165603633922,0.4547503828022447,0.07250050902279005,0.016544736316562097,0.04871619923960994,0.03542638140658133
0.03416771041154574,0.037631058340445785,0.0846467440574346,0.22568749581475744,0.18259144978133923,0.08284909042230683,0.03714717338329083,0.15558126562922622,0.15969801215965337
0.06040859925569205,0.06377427469411885,0.09934693985490017,0.1295262870579097,0.005625396483642207,0.07800906216776683,0.21792231924514102,0.0421765886467966,0.30321053259403247
0.056087617874999884,0.12110219142957208,0.169405653594029,0.14694336785295137,0.07326327638686522,0.08048594702098612,0.22429092795691988,0.05377834569834389,0.07464267218533262
0.052516316483621116,0.029189441447222773,0.14633027911962423,0.19122751697736473,0.12448987726642209,0.09141889198511981,0.025390376768636726,0.13491734574188827,0.20451995421010027
0.058775678888624006,0.1664314973428764,0.12092752514844851,0.07300803268385243,0.27471879873723765,0.0839419820174922,0.07532772951430383,0.10944439431812847,0.03742436134903646
0.05701341952038766,0.03624946574040396,0.11270650609852916,0.25320208204156774,0.13728800220669304,0.13282108884800772,0.03978105537744076,0.14928513599656434,0.08165324417040563
0.08010362099383851,0.07499354067956802,0.08915279462515002,0.0726100151951007,0.37682488470165776,0.022223145794712244,0.16050674406470197,0.09114942605636657,0.03243582788890417
0.13412432434725338,0.21341719776759602,0.10191080119581249,0.10356520122073994,0.09117356207597078,0.06366333029123396,0.12252974080434974,0.11048562845640784,0.0591302138406359
0.04626992812883165,0.10171332579333099,0.15651031792923778,0.14867000931468197,0.08877707965297772,0.09652145654007976,0.11858281463976565,0.12545963152946707,0.11749543647162736
0.05454648835567357,0.2994562527183861,0.10576349508412053,0.04507208826690693,0.19189789987987593,0.06102985002886301,0.14772523097238274,0.05616487770817256,0.03834381698561871
0.3154471959454083,0.02972923741332476,0.14370489267266662,0.09130875530198175,0.08473166624529534,0.06134381899152525,0.07029889555836223,0.1094246108306418,0.09401092704079393
0.05188164992868787,0.2187138196860461,0.1376804724253072,0.0920694147582954,0.12223690790929419,0.14131248909926605,0.049144626559584376,0.12334092281477715,0.0636196968187416
0.04215093180752837,0.04077777198387505,0.11701671580269037,0.0913999563513207,0.3373343661801122,0.08903845971309697,0.1078416959318272,0.13430049070112812,0.040139611528421056
0.03025029727611034,0.2079357088171827,0.13689723179568325,0.06403823031641014,0.018274004936979626,0.1286650629468666,0.2340510104030918,0.10968848493892476,0.07019996856875076
0.08642610651265785,0.03448157122853905,0.11176547875254633,0.11432496790576603,0.19124511247665207,0.0773458023841863,0.14399079350965324,0.15668978140735265,0.08373038582264651
0.05161179661296337,0.16062672554098714,0.1520393891313837,0.06208939458611188,0.10813929024881026,0.05666992436189988,0.04664648449878168,0.22947962788844078,0.13269736713062125
0.13776076524716027,0.2135352882793032,0.08707242616918061,0.0923699405757656,0.04564039549546686,0.08815076387661909,0.12146066233250603,0.17288945633157168,0.041120301692426635
