0.055662400250803386,0.24425477376412966,0.1516226345859243,0.08070808663370764,0.12389134515702942,0.15802075227587278,0.08762239781483062,0.013107237019418275,0.0851103724982839
0.040718914242312894,0.03233907744205727,0.0831022586763283,0.058650204185705414,0.08276646703478467,0.09204409980968366,0.06864223513821728,0.012890233901974557,0.528846509568936
0.04094351256534281,0.11722484790340122,0.15064257603105793,0.1456729704162686,0.10597245343320512,0.26695924182941505,0.10213299848427686,0.03327163684404686,0.03717976249298568
0.1850208008272715,0.17451733490741525,0.06943070653952228,0.12622116430946792,0.0530533800271308,0.23680597970290854,0.09837923821739558,0.02285656771711747,0.03371482775177073
0.12495676598330974,0.17733011945728994,0.12290906022729109,0.11106973745871533,0.07712536501802955,0.29940824659333287,0.061584370934753226,0.0030839190780976625,0.022532415249180638
0.2477006405263323,0.003374975550821297,0.06782927944533207,0.06749561177566045,0.06187212270480482,0.12409278254721752,0.07192477580196728,0.11984532745677112,0.23586448419109296
0.15880091225475046,0.012480295901420765,0.27991885171654585,0.10906874917669322,0.10862354639460996,0.14756121090697338,0.09567472512488602,0.040498666832966324,0.04737304169115412
0.01702432640719005,0.18021301334981496,0.02645063223031056,0.06692318740288046,0.07666479048775153,0.09213282051440752,0.08561504807602775,0.028499228412716755,0.4264769531189005
0.046559521273741994,0.11595389515499581,0.05839124397703551,0.16252227594945515,0.19274258414371626,0.1853284854172452,0.08923073426070792,0.09216768607532753,0.05710357374777464
0.37593689763417176,0.022743385660463744,0.10888439232607111,0.06270512067755951,0.06238915552429595,0.23175613868470427,0.0824738561000402,0.0037902559035180756,0.049320797489175415
0.07011311467956137,0.08215316507764049,0.02287637551652617,0.10168281146029579,0.19691252509445412,0.129562560187208,0.08811810424234053,0.010062666962928735,0.2985186767790448
0.18274659330184315,0.06673859612727527,0.25680603998647866,0.0464230227679135,0.13829777987421094,0.087216679861246,0.07358059224882459,0.031120935716616782,0.11706976011559107
0.09476463077306789,0.04004405277097905,0.0844736672158581,0.21920344226839536,0.12501582313139656,0.22512393307793074,0.10211145590137148,0.02133515711351376,0.0879278377474871
0.15616465363387033,0.02136585485392709,0.06486258996525542,0.07509991770250708,0.10034589177904739,0.3803200509597717,0.07270257147021385,0.09999698231063663,0.029141487324770482
0.019029382637707693,0.17896098759264722,0.12282024472599633,0.21625766449363407,0.06303783726008479,0.1933220297349104,0.0768804434599919,0.03850333941006706,0.09118807068496047
0.09252851743988655,0.023064382549848706,0.12948634997071762,0.17641061040507378,0.26388031870530654,0.1296804488835199,0.08179407169530539,0.027578821083194486,0.07557647926714707
0.1549950843225079,0.08984753861633928,0.29004678185578897,0.09217625399361172,0.11499257569060273,0.1396377894933499,0.05755111626431934,0.009799018485768913,0.0509538412777113
0.059520331728732896,0.30803851090205175,0.020736286679031556,0.07280833824381074,0.07481625486682446,0.09606608573901747,0.06925471201741312,0.01316788437324497,0.28559159544987306
0.3370802477840062,0.03797802487554993,0.17842815388562291,0.05192545857242468,0.04785949418495775,0.15235234827535965,0.07836916570959492,0.05438022958888938,0.06162687712359457
0.15786001289789678,0.04550702758351118,0.07356563442459975,0.11990950073957918,0.1414484612049687,0.17417836427565558,0.1205408586818894,0.03198466897244312,0.13500547121945616
0.08781515811672881,0.02140237245059179,0.23759878623881928,0.05495824736486684,0.19261497765888505,0.12282869050232599,0.09218773560868236,0.06739581730426002,0.1231982147548399
0.05261967898221063,0.0719204188203895,0.047555375177173724,0.18199076691248042,0.06262272396744907,0.1853554775214096,0.1070019826924193,0.03929402631298828,0.25163954961347945
0.04745013618496127,0.06655167738339274,0.04069226817615897,0.10268954142960594,0.074576625206665,0.27008423514119007,0.1175744223494849,0.07379022050302232,0.20659087362551878
0.06823395325151586,0.10007655238032372,0.1249883132928558,0.10870523777700214,0.12377121115627747,0.11043709336312546,0.10112651130779,0.013112025497736364,0.2495491019733732
0.06521759427050784,0.01994634034082043,0.2932229994339535,0.1351383691181931,0.13003795620843298,0.09351416905361927,0.12268273236476891,0.02530506603677829,0.11493477317292566
0.06455843705450899,0.019704459325241258,0.19219599317826427,0.10964363871149034,0.22375931231898485,0.1517369107612914,0.08333207070835434,0.005962341775720889,0.14910683616614376
0.02650557941503208,0.0325342947564043,0.14161596697904322,0.13097713391475352,0.10519097442962878,0.0589278761975203,0.09085968797179461,0.0217504592632662,0.391638027072557
0.41325175314728413,0.04058215146226462,0.05764628195919172,0.14390603610035108,0.13212820090234131,0.05344337464122908,0.10929044310118645,0.02016327260015371,0.029588486085997835
0.08050649522949142,0.0706558721347821,0.3846030583329541,0.09259783612678103,0.1187135765979646,0.08945202963997383,0.08738542705545727,0.044877579161242444,0.031208125721353144
0.06929361651156225,0.36387778015602956,0.02547488942836818,0.05551543009518493,0.08082580998053239,0.18952801357828997,0.08611747349207884,0.013544328301344034,0.11582265845660976
0.09735321085903564,0.05961005000059207,0.18598741743975808,0.06380168551682282,0.1774508388558751,0.06548609246195748,0.11814797264571031,0.12160103127140427,0.11056170094884428
0.5340984013361565,0.01698807885229649,0.09097019880540781,0.1070357478438082,0.09740214992796188,0.031241504153091182,0.0797651787624856,0.017037677748662074,0.02546106257013031
0.16793363487695143,0.018006075810872792,0.20279791129989602,0.11978115661770623,0.23258481514131554,0.1260166455441317,0.08118501197607574,0.018522757668335468,0.033171991064715065
0.2773444999731877,0.04771216723175339,0.31856884550231435,0.056204451746362384,0.15518805858776566,0.02874346530772684,0.07902439490355288,0.010485269667112442,0.02672884708022445
0.009492685044482007,0.46862699241594497,0.019041029010945683,0.07154567442158044,0.10361018219507222,0.1380396711285779,0.09491706674262602,0.05590626825875119,0.03882043078201952
0.068641234727774,0.09508684539973832,0.12072345628181241,0.07618087133990603,0.1636330633207263,0.07613366299703717,0.10015576048959485,0.07159519323670897,0.22784991220670195
0.04003451687900501,0.04499281626337954,0.11208735008245496,0.16747695086539008,0.15546402322037778,0.17739587664947098,0.1243272872358251,0.02002799208164861,0.15819318672244795
0.27631522139995696,0.009397753148963274,0.09798960651709498,0.06364694011675699,0.24004890458209147,0.07711162117125651,0.05993511316214901,0.025486657753910614,0.15006818214782022
0.43896823625873177,0.005501661679743243,0.2677106296941943,0.04016427930367957,0.05842286662063214,0.08454936394551299,0.05244898205775304,0.003948042909549017,0.048285937530203986
0.0634918375447351,0.029942126453630886,0.15060483568391592,0.07068224816721458,0.2359765688280695,0.08500090713133758,0.09122313754439353,0.04250675632309864,0.23057158232360428
0.32016319393742126,0.07717298041666763,0.05472910486596827,0.10318701801595816,0.10978613472391496,0.15657914753108013,0.0790963086118507,0.04142730213868812,0.05785880975845072
0.07756782029062716,0.2140085142774704,0.06959416239677298,0.06541613756674342,0.05574308901817077,0.17376083518143395,0.09369308583095319,0.011506387147033245,0.2387099682907949
0.03455398037021489,0.05475819368373668,0.05647890394612829,0.060640619599877606,0.097244025081911,0.044016454334581616,0.05940453748017329,0.017298695737978965,0.5756045897653976
0.24864324672530067,0.07699418313786525,0.10975216978054408,0.03658258782446227,0.20583460205448081,0.14209684646749568,0.05759896696853955,0.020445430551282808,0.10205196649002894
0.0998076457133777,0.2544404563094436,0.008889507435224138,0.05566196686474876,0.13101053395961748,0.10167207929715731,0.10162586343998366,0.05637650396474211,0.19051544301570514
0.09433214365622565,0.14777122418844627,0.044177933520832234,0.1151464016667401,0.08822115182015615,0.21501132663005715,0.14245050435259202,0.10063695278724401,0.05225236137770645
0.18625299804031256,0.07100654611698269,0.06476956932819845,0.13309106697630277,0.14276315990727717,0.2266967056271725,0.07991349754027698,0.009916429646680979,0.08559002681679584
0.16152179798238536,0.0258024506492619,0.15799763984902715,0.06351747455551547,0.2916694668933731,0.06290031707819897,0.126328734167197,0.01971256355496694,0.0905495552700742
0.13680718018976876,0.055254294153499896,0.06727746695387113,0.1093417082919906,0.06223435936715365,0.22881337322277986,0.08676059073936222,0.21050096254164397,0.04301006453992992
0.29082369527806695,0.01978452523282977,0.02912472013259843,0.11737905972347296,0.14541475815721958,0.06096526301688424,0.09831498274988931,0.04722011108043677,0.19097288462860199
0.4094467670258579,0.034731186570895,0.2237890812070049,0.05409025010484927,0.1338035720913959,0.059394750560622704,0.044385690520781694,0.008865693452615333,0.03149300846597727
0.045365993772706226,0.026975749803633226,0.07291755643855355,0.12324790146993096,0.2387593806616569,0.11855211472144937,0.09540553675123264,0.023038546314690957,0.25573722006614624
0.20733210864471538,0.024831054295350843,0.08869513607163099,0.09587920931300747,0.10629811135108293,0.1246953731247329,0.09405705728691037,0.02513145868146201,0.2330804912311071
0.0324949424633303,0.02238370699698448,0.08922110967440555,0.07875827990260376,0.1361942169433073,0.08786198452059972,0.07646261975510181,0.10700774208831039,0.36961539765535667
0.08653707755052409,0.06411034076002596,0.03277858873267968,0.17529155895721774,0.06924315586190267,0.20981779261165112,0.1703195134549855,0.09828241691959477,0.09361955515141855
0.39112213948078534,0.028132544689089992,0.06826820868103266,0.17271440147255246,0.11154498321039315,0.08082764635880112,0.11081205941869654,0.007765572982908594,0.028812443705740137
0.17399981374003645,0.046683332723642806,0.06592399417797801,0.11406994823643517,0.04695006614209394,0.39791015489742776,0.07247943795158641,0.02606149754538203,0.05592175458541745
0.08341925390928179,0.04318898485490328,0.020601148597323878,0.07513363016440221,0.28902480846994905,0.1134329248990631,0.07025167708895587,0.007195399412267334,0.29775217260385345
0.15170813613635709,0.32144543153354843,0.019319701307458772,0.08793202046542593,0.10765466633444122,0.19585497822362818,0.06187997478671317,0.037671257510211796,0.016533833702215422
0.08446662397656196,0.1527903751432401,0.03573505951949184,0.058473514826866975,0.2399804212651363,0.07927298150477526,0.08810567390670603,0.045978134185139,0.21519721567208258
0.041400111028581606,0.046309277771015935,0.05186873220725344,0.08228270569234601,0.23060822062774736,0.056911492205285276,0.09623268691614117,0.0465715838830347,0.34781518966859454
0.10389433645806967,0.013823556075337412,0.06085278287176358,0.0763254934007223,0.18967489543923444,0.15569580929308835,0.11528544158183085,0.016848316938945836,0.26759936794100764
0.06690019079853207,0.15286000378754586,0.07764886609586245,0.12693184854072806,0.08080958706463424,0.17819592496816108,0.10589428004237,0.025401912927962993,0.18535738577420327
0.127056091152156,0.04579138694775444,0.05586762872612646,0.1190161518865595,0.1259194227742492,0.2493148267468314,0.09954617499212881,0.03101527547547699,0.14647304129871722
0.3059400536924893,0.105148736723509,0.11185743329541019,0.08602588000815907,0.13624983815391856,0.03966447702312196,0.06558003277573039,0.025343333617506913,0.12419021471015464
0.2248743757450787,0.00696923582196815,0.2948762151141682,0.08979729902304352,0.06561898188544521,0.14870025331399922,0.07975157366416856,0.03686085343706225,0.05255121199506624
0.031916403583311846,0.07396434733108197,0.0308542147145054,0.06585601802547687,0.08558831062567679,0.029785269757963296,0.06621355305854376,0.04107556145914402,0.574746321444296
0.4690933200162412,0.05060235738679012,0.030287174901867723,0.06981045282462289,0.16856483640949751,0.12184246494885621,0.06743819888854932,0.0006520404830265752,0.021709154140548526
0.03507546940441691,0.2352183213105066,0.045952226091762104,0.08563045012791781,0.10787278373481153,0.26191866492564436,0.07784170309426196,0.0047020957552742606,0.14578828555540443
0.2530761213206846,0.10294888126068526,0.03545153181132658,0.11604209813917687,0.1254430974016085,0.1458280579215692,0.13477344479446904,0.028760559004023207,0.057676208346456814
0.06994395979067898,0.056798614471401825,0.09979108298363819,0.16446732354190122,0.18790688384977586,0.24616841480155638,0.07694526286501459,0.017552779864455827,0.08042567783157716
0.2598337058666183,0.04302186678041087,0.07753841394911604,0.07965835386037672,0.17795100057312765,0.15758253388613347,0.112968232975093,0.042965720349108595,0.04848017176001541
0.025546300318450604,0.24541932912418016,0.053291811177148755,0.07124515721439188,0.13056471744632772,0.23844839508551274,0.06892964519453677,0.040847201738579184,0.12570744270087228
0.09236103259792973,0.1055397064942974,0.041257789232111826,0.1080167302217417,0.10919305807232521,0.10374032991795985,0.10459738891328142,0.030485832673294716,0.3048081318770581
0.027925383402704878,0.027263367834592506,0.303243397847106,0.15018361581286432,0.166500685019872,0.13560365794155374,0.10018172997592178,0.027921743486965078,0.0611764186784197
0.5043519544117733,0.02109677901300654,0.07367805103061582,0.07376694830919676,0.10110019657792946,0.043795256369444195,0.08919292995159449,0.018423704608045686,0.0745941797283937
0.05685760545213948,0.06512936727771504,0.25995063868369334,0.09451067812680158,0.15611508604228103,0.14764670077913847,0.08149158262678806,0.028152249232776195,0.11014609177866676
0.006739767804938529,0.11001709562344542,0.12221694674452066,0.08124643482087827,0.14551113673766644,0.18247969780477943,0.07401328418110666,0.008200568778467582,0.269575067504197
0.16067841135883434,0.09746983166741678,0.22079406017569694,0.12244574211384736,0.14079496114237758,0.038101213052118235,0.09696420865886862,0.002987752045377747,0.11976381978546241
0.38042375965296893,0.09188200388677713,0.06785024674267308,0.07050537034025112,0.10363824015900797,0.07631810873043278,0.10852250158774639,0.041997248984794434,0.05886251991534817
0.07902348534592656,0.23167436472192646,0.10080058130907767,0.09116855762951044,0.11158041563119563,0.1902758841255606,0.11213432713754724,0.02424005992775521,0.05910232417150019
0.40040436633893917,0.032666161296194214,0.1163922427028941,0.057502398530453226,0.14597581216755387,0.12405426903490091,0.05512535844396508,0.015153751714310175,0.05272563977078926
0.4628258179314993,0.009808909596306273,0.08228998065648073,0.07856810429865647,0.05190934398232953,0.12588519659571648,0.07029202851144843,0.09643125658208596,0.021989361845476726
0.05419668615089482,0.024152975408078998,0.06764893316760302,0.0794100297116911,0.19094829822171377,0.06599891641528427,0.07958662199536864,0.029784726716281993,0.4082728122130834
0.17633463258971158,0.07043791678822249,0.17251293308500246,0.07450648472103957,0.13863518417455215,0.22626580530465357,0.09601522823603649,0.0068882007139504445,0.038403614386831215
0.4168520875959696,0.06687954926956466,0.16708153731301992,0.08507682437300786,0.06479456278134894,0.1456411190321397,0.04145079341342358,0.0018264800894115896,0.010397046132114195
0.2903777678027335,0.06687217043402964,0.09997277230946215,0.0351211640266894,0.0833064150635258,0.17804503649053385,0.06607217731434038,0.04296559404034258,0.13726690251834264
0.4161798717035379,0.15611892783647394,0.0643339587219145,0.08010218045057027,0.09542266886784784,0.1198283191980745,0.055877090447522926,0.0062516132569687966,0.005885369517089464
0.021129301898423297,0.06246167836569575,0.07420237203625192,0.08626731379514961,0.21372832298239705,0.08738372180372138,0.1233142951295083,0.08136741870335128,0.25014557528550146
0.2595428609619838,0.009544000824055892,0.2809081646248108,0.058541145931330675,0.11896017310039463,0.060083672100174734,0.09199916129828133,0.05547142871319038,0.0649493924457778
0.39088283522542994,0.08399037969515115,0.015481884330095752,0.12338898263023335,0.04671615648934735,0.16010066872271586,0.08414092303625452,0.031255921560825455,0.06404224830994665
0.26377174354988414,0.23300895605806235,0.16582514618196434,0.10346555485224075,0.11747703343432477,0.0509173292842586,0.06176633378637028,0.0001881615856390228,0.003579741267255727
0.01659981712691884,0.054536114616179604,0.05489723808173744,0.06955473875070681,0.1264940063788951,0.031192927953388794,0.06775269305514006,0.026544881100369594,0.5524275829366637
0.10766387291725399,0.11100031921244581,0.07868393822414,0.07412050369897585,0.23887927448335713,0.15257087429526328,0.14048115474174158,0.05015203259293851,0.046448029833883915
0.11346082186976565,0.1319693136386223,0.0703794002703738,0.10543723603681572,0.10080984209987498,0.19671967229390017,0.09779766708452446,0.06720346250078889,0.1162225842053341
0.3522172041187123,0.01866809482393009,0.11100828976742616,0.12384998535128365,0.06974820487238213,0.08579478804983119,0.10650572540802457,0.01435123389238139,0.11785647371602864
0.0183553619891948,0.06932567056547662,0.21556204972600948,0.09553447681449927,0.21599854089578632,0.20757232236598422,0.07259285702168748,0.03674842284799569,0.06831029777336615
0.37590127078496294,0.0368750468101125,0.09530922070439223,0.12370721543859416,0.11027326297754449,0.06533887729274203,0.09183851716979226,0.010035430672644894,0.09072115814921448
0.032167182044063436,0.03777666591931866,0.036102640963800205,0.060788378530962785,0.15411706151880966,0.10863723290253198,0.06038489169941306,0.0107950912441664,0.49923085517693383
0.16492035321337847,0.0385589238741638,0.21536442414247214,0.10333007242091201,0.09157292049027958,0.28746328518722314,0.06861527864959695,0.024616609899285723,0.005558132122688125
0.03193679225076553,0.11573559434148034,0.043575762451399304,0.09839361004618276,0.19144611571235515,0.22091381886837289,0.159545464649685,0.05657074575730973,0.08188209592244929
0.1716542370564537,0.0684636014628174,0.12779503061012673,0.1260437405918268,0.12473533569286487,0.09687565953789534,0.12922692865417398,0.06243975164412461,0.09276571474971662
0.049691597692601695,0.14446344246892415,0.12953941490811838,0.09863669431725126,0.1776767964268641,0.10325281568959362,0.09121058122513032,0.030570876601959302,0.17495778066955722
0.14075313524330904,0.07102066680041653,0.14940507118770105,0.08016492144472304,0.06324561345537118,0.06676273070067525,0.08415817534996783,0.0063011975484973184,0.33818848826933867
0.06974766970461345,0.15033809564155495,0.05461472302241976,0.10441547079662512,0.13735272169612658,0.2814416128648093,0.09961689266178902,0.018002801420663597,0.08447001219139823
0.43229678033004887,0.010006751777825796,0.19741842545391872,0.08425112670174188,0.03578249972055383,0.10308490066083609,0.07413989606668069,0.02421512170179621,0.03880449758659791
0.010339892582088256,0.09744540438254236,0.027018712431882603,0.11117201696481112,0.04393950452845308,0.3616470453170378,0.08312702719346242,0.06585481618414536,0.19945558041557698
0.08478605665713551,0.14941887434276438,0.07672577546369375,0.1307800730263465,0.10504731921428233,0.07808310018778718,0.1312607729192251,0.017786938043266268,0.22611109014549902
0.09666290858918412,0.013799787496583796,0.03532248246291738,0.06663686736994438,0.20754192032243698,0.06559389572045203,0.06069978180097633,0.03134266749952678,0.42239968873797823
0.0746907702757912,0.013700612631943901,0.21396391710863683,0.08221164003476715,0.14829433751965523,0.07198491583205828,0.07826645999556404,0.14590811722142397,0.17097922938015941
0.34367897725072133,0.14064902297753581,0.1606698197608197,0.08669818994850437,0.06884223949563074,0.08187927249695028,0.09197961966131252,0.013369498780555487,0.012233359627969726
0.3634862047637594,0.022383982435575694,0.31337949324435566,0.07773549813232354,0.048700928487879706,0.07144791164121679,0.06973218738504408,0.023069895803598597,0.010063898106246548
0.02876746201544896,0.12239318160925312,0.046585375892758796,0.16489983330148703,0.11828948920196454,0.16033104299938047,0.1046808882650843,0.06705059946801271,0.1870021272466101
0.03312729931538464,0.09045511789700116,0.1406697127322982,0.11639547430226203,0.12711537872294,0.09778275805876446,0.08174166138273621,0.02144882976178247,0.2912637678268309
0.26653844289629763,0.004154778882089253,0.2142720500080537,0.06054690551563884,0.1585007593273776,0.03529725139148591,0.046260478679034094,0.01927555967913045,0.1951537736208926
0.5476433468577748,0.005335091982110748,0.14258681485394556,0.058979047309583026,0.05967070819223242,0.10126914542722287,0.06488812438394274,0.013152246502540316,0.0064754744906474855
0.2657317545441939,0.02774166858674858,0.2150804441590858,0.027741986810288218,0.23069390320079786,0.09331970232107405,0.032523077740713564,0.0055196927249455624,0.10164776991215241
0.05909755002095463,0.0878633859824219,0.05246747246996276,0.12610455816943203,0.0755103889861966,0.1541066996920991,0.10222082397523218,0.10073683460054246,0.24189228610315827
0.016896872035707135,0.07476805828869516,0.04392632210557846,0.13250752397453955,0.06775445592849678,0.26905184488975736,0.08476658313562914,0.01758402683027462,0.2927443128113218
0.23851577562809792,0.008234235961110505,0.06027635912827437,0.06660518461455119,0.19905192562215776,0.18534060309631717,0.130394889589696,0.054881924888028344,0.056699101471766745
0.07317179497296596,0.2015763388240738,0.07954366585228587,0.09637471533341929,0.2002506474432082,0.16269458458286515,0.09587802261901052,0.03040848695791054,0.06010174341426073
0.05166286338684454,0.12023411853866788,0.037482421965300154,0.17338970957898414,0.17840827419772295,0.09828495250841356,0.09832488950483591,0.13014289245315494,0.11206987786607592
0.022064818800499496,0.0563175807038247,0.03896585100916711,0.09406692091620665,0.07984245655439391,0.07260267065873033,0.09166251199266913,0.025016930312561497,0.5194602590519473
0.34777179925186347,0.09494458566307519,0.1384650738109157,0.053921608625512325,0.04926747046680899,0.23140298097468304,0.057803691357511844,0.016564359941307758,0.009858429908321616
0.043966934627418484,0.030602702398615785,0.05562305498177869,0.1282153004895,0.2906489868494236,0.11779580302261476,0.08625561892023233,0.010021226854491276,0.23687037185592497
0.15165030832674062,0.20961931182294033,0.0324551533053351,0.14729089060243536,0.10243900640658692,0.2144656284035522,0.1098833027932292,0.0083919165625544,0.02380448177662589
0.051886528725332746,0.2106068566145224,0.22777690047994448,0.07532806384212885,0.14534087369852247,0.16209509085151635,0.050592617413184326,0.00582206963744052,0.07055099873740796
0.12153487145687707,0.09358261162424804,0.2467436201391918,0.052183901122070296,0.12564412730221922,0.2833126092782116,0.0332704750181341,0.013743094667127656,0.029984689391920314
0.31197836911076476,0.04883228323331085,0.15391129972508713,0.09727509070755858,0.060372691600958435,0.02877774739715286,0.13416308348679104,0.13716607591475025,0.027523358823625988
0.4141467582167695,0.03833434218385364,0.07820433927278968,0.041263283062174985,0.07221778705060776,0.2375536642211842,0.06522112025369232,0.005932889519012749,0.04712581621991513
0.03615952891033316,0.06266136972095775,0.03402096761999996,0.08352875974990998,0.07432549693343522,0.07607772636463721,0.08110620121794933,0.0367803590415301,0.5153395904412473
0.1826127232662289,0.01787534999056468,0.19732541664674338,0.06674368284105346,0.1601527045748052,0.15899946256139508,0.05700718852901598,0.023067944745753535,0.13621552684443983
0.40852183066504827,0.13482096314324057,0.18365339192833322,0.05799090948713002,0.04267476890109437,0.06340008959702141,0.07406600938984582,0.024477901440367947,0.01039413544791836
0.1970614618645191,0.11460209275488466,0.06994879796997298,0.11257959206724444,0.06255624446166368,0.17565392923952364,0.10646165928490463,0.03631784913021731,0.12481837322706962
0.042038794681779734,0.02308013194603283,0.2779786456058535,0.1350775383759928,0.050173744712601574,0.28659735141878523,0.061226294147408884,0.06249489032482111,0.06133260878672431
0.1928996738546068,0.34805959960609417,0.14599057880364474,0.10800586518511113,0.07925272457895359,0.044747047821362594,0.07792019650998866,0.0005208175212742728,0.0026034961189641184
0.13897048860290512,0.3098289131028342,0.0954488930457011,0.06346980067537485,0.06167090279634879,0.21296770582179203,0.08534362037622421,0.0059166566982940165,0.026383018880525702
0.20442318736805384,0.09872950423641429,0.11563200742888789,0.07067935887017078,0.16783375349711696,0.08705501027546118,0.1026352550444027,0.018275338430184498,0.13473658484930787
0.0656906588677032,0.04459185202302313,0.2107237442839658,0.12298992199021357,0.06932377227115155,0.0652423203885152,0.059519478845817236,0.01252541262531738,0.34939283870429283
0.0465899244767421,0.22326216383772657,0.18776507223549035,0.09544962117065015,0.1290888672837327,0.1821619320816893,0.09679757034537179,0.02290277973306971,0.015982068835527403
0.5331462864266096,0.02400414568899187,0.10060925418130125,0.08597621998965314,0.0905331955559478,0.07489835206812477,0.06766975871050386,0.010154562557537676,0.013008224821329975
0.22263933569503466,0.05092614213166111,0.09603031859403544,0.12247060396398467,0.19457779451461601,0.04051970969682738,0.10672270110521105,0.011636979804097496,0.15447641449453217
0.2936982126550574,0.01875651760351258,0.06900388778741616,0.10242527215998971,0.0691782543551752,0.2743075863943793,0.09357395197499925,0.009158300281125709,0.06989801678834463
0.21136052520427973,0.00539563498597655,0.35889636004245046,0.053002128127581004,0.11477714872819471,0.1102392195299654,0.053823080497242444,0.013224394100364792,0.07928150878394494
0.34777179925186347,0.09494458566307519,0.1384650738109157,0.053921608625512325,0.04926747046680899,0.23140298097468304,0.057803691357511844,0.016564359941307758,0.009858429908321616
0.3973647824613489,0.02617729862445037,0.05038132177156121,0.08177488459009352,0.12634202708297226,0.080272509891066,0.09435696910418002,0.05023176639028337,0.09309844008404439
0.06846571288700218,0.08758187535464947,0.07610400320513636,0.11967876869281395,0.14627911821689785,0.13553790183057532,0.1125859373994233,0.01745877335628154,0.23630790905722007
0.2079705652204575,0.032909588337596954,0.25523287702209846,0.04566139932784288,0.1750988742117425,0.14315752252955186,0.09101991694999739,0.008290568575026153,0.04065868782568633
0.062309620636837544,0.12490767019688472,0.12100268144959887,0.15342694856249953,0.09224574864474655,0.07198386286464166,0.07900372455338699,0.09764050852023083,0.1974792345711733
0.3522172041187123,0.01866809482393009,0.11100828976742616,0.12384998535128365,0.06974820487238213,0.08579478804983119,0.10650572540802457,0.01435123389238139,0.11785647371602864
0.4070669478157549,0.006077135163081032,0.3260994685209707,0.03176159784316817,0.038469073500095874,0.0758828174078553,0.08819396496640415,0.009033577961890723,0.01741541682077907
0.08879429597363579,0.05717743231392528,0.13402354535646435,0.20992320219286761,0.06607489120469252,0.10340830858744028,0.10564961575180304,0.04043480451227772,0.19451390410689337
0.1861744970163608,0.015280963336576829,0.2537583122050655,0.1044983008889298,0.18841985076393217,0.0326472695458555,0.10349925680099786,0.009755491573677921,0.10596605786860357
0.14071820738636345,0.03777127046037738,0.07956989796340451,0.11259826503981707,0.10063843977814795,0.2748353653567504,0.10556204263426283,0.09780690061136132,0.05049961076951495
0.2501803304538248,0.054157318651493376,0.21881072267656676,0.06880458619255721,0.09958617768774682,0.1533005951049464,0.05390881624003443,0.004940323339391697,0.09631112965343856
0.4229466904256171,0.02847968760704192,0.19544174351649016,0.07994478848353438,0.10106437401480729,0.07563597047935731,0.06749024117821177,0.008750674219817081,0.020245830075123
0.26723416342591283,0.13148939684099561,0.17003698192593755,0.059572465178723145,0.06477703375315352,0.19107255493240013,0.07029252090852413,0.0012595875627927093,0.044265295471560336
0.237193502696327,0.01959605197498843,0.1022699839485219,0.09610092152354133,0.13358187423057125,0.11797365478840155,0.1271631692790398,0.09008736670700192,0.07603347485160676
0.3842967087350373,0.09607993797051663,0.029398495750939436,0.13910531974183338,0.12478712215120043,0.02676380725829895,0.06869377325657401,0.024145337430775345,0.10672949770482454
0.1662938432758024,0.08002149717337158,0.3676208697388394,0.09713977169159231,0.0906225852353265,0.06194550855702821,0.09707432464812508,0.016919606839735268,0.022361992840179295
0.07682338589670773,0.06325016707812296,0.14802608679429732,0.06530661237927254,0.17866505700534555,0.08279042516757117,0.11563915144400277,0.02188743050500885,0.24761168372967113
0.3800116313686089,0.011889039465328266,0.20078870630057954,0.07481055438429816,0.03269486136375027,0.20922289836650945,0.04633670852603353,0.04230290221390579,0.0019426980109858878
0.020807408752309655,0.022868856071069244,0.12654973491748164,0.13441845428076174,0.09681826205832532,0.061200214657996375,0.16394804688467182,0.0367578916023741,0.33663113077501006
0.06177426131199285,0.016848602636552187,0.0881018797512907,0.12105721560778111,0.18244305171519995,0.08844008363989077,0.08083270226072897,0.022462594938870265,0.3380396081376931
0.17122406866713102,0.03863930166242671,0.22439138082509624,0.03882236838149336,0.2022525154945137,0.1721044360183025,0.042571251407687395,0.01341871784074712,0.09657595970260198
0.05309258174232836,0.33796557384193954,0.037438089548769524,0.07756415296382535,0.08249270326322276,0.090042540293788,0.11030934309475775,0.094152869315783,0.11694214593558572
0.29521095744604503,0.010303995147207541,0.0987150985155395,0.10756535011191835,0.18295767984090797,0.08209480810052143,0.09076578490886476,0.026770753914335366,0.1056155720146601
0.0943350264872363,0.120607418273815,0.06674707230555053,0.09224180224994756,0.20029220695256175,0.1443131207060996,0.12522545970838264,0.020396510527372284,0.13584138278903427
0.07700274846320651,0.033085334991082654,0.1283425422296253,0.13871667945234514,0.17133565737655201,0.06454416980161826,0.11046374599662574,0.05545144841697305,0.22105767327197143
0.06449231518367868,0.09260637371233897,0.05954119395642147,0.0705219478209333,0.13951114080852633,0.0828698784823483,0.12743926513798917,0.0805192320378434,0.2824986528599203
0.011359440592698215,0.18410586864959325,0.07333004137834127,0.12575064332533756,0.06722698482461947,0.15536113270700921,0.12298184132606034,0.05832632403123774,0.20155772316510293
0.08049174308682215,0.2722305302343602,0.05845535874147604,0.05185734600804171,0.09675582480199153,0.23808317325046743,0.08256685170151827,0.0209591425443424,0.09860002963098007
0.508773602235923,0.032266774880410604,0.07414903918077868,0.10915480924505516,0.09515689986111418,0.08691356946625761,0.0512567092111487,0.019337320932160007,0.02299127498715199
0.29002269700640104,0.09299646527691623,0.027242056928619862,0.16534840309129026,0.15433465155010737,0.15547435853397604,0.0671732324019294,0.005673471164920236,0.041734664045839566
0.34809759965540454,0.012712518167364767,0.18073662731871276,0.04619720225931501,0.089070736184257,0.08190652490130174,0.060109958684115096,0.007691081635644849,0.17347775119388428
0.2535458072069043,0.00857068181984622,0.23365170295996443,0.07908247363028187,0.10631323549989156,0.16123523468724218,0.0677281041842908,0.024288245090977583,0.065584514920601
0.18976602406835638,0.05501479890169204,0.17207620878996546,0.13044077095123152,0.11371392146116162,0.22659814307618145,0.059905422122002255,0.007886747247915177,0.044597963381494014
0.18538796726351145,0.0036588001487747796,0.08872284833974735,0.13203255548512194,0.12080030450737046,0.09653457911038443,0.1089089301303462,0.23516741959097995,0.028786595423763352
0.061259444502996085,0.09725943204057719,0.049798659663371526,0.06465814310467667,0.09150861232274038,0.05752336256588956,0.09294109242422155,0.023887322038295116,0.46116393133723194
0.08474472541810137,0.028335553607484253,0.33563987930721145,0.07121552406699355,0.16715246337895753,0.17510897476196088,0.08788818016482504,0.008442160446993165,0.041472538847472734
0.24686466754549027,0.17261476776098097,0.04768494742586398,0.09195727720266839,0.08920274749345979,0.15995460094394007,0.08142642789653012,0.0063686858875601155,0.10392587784350625
0.43564175835292335,0.009001782457522596,0.09667727532662633,0.0582715406443776,0.09254654730899448,0.09815083667526651,0.07318234825042085,0.0615694093818829,0.07495850160198538
0.049278246083423405,0.06420071589440082,0.17694385516287658,0.09373260896232803,0.1904604957088473,0.034209279766875406,0.14694458609884595,0.07125778751482977,0.1729724248075728
0.13372099431766168,0.13741852007539437,0.08045080573940314,0.1412711268183783,0.05623076640189273,0.22999619749892797,0.08010818688861344,0.006971941439670494,0.1338314608200579
0.014062423006872488,0.06401437141391214,0.09327564064874759,0.10025867038159704,0.06567088995603111,0.38226073115646003,0.12288509167394529,0.028565489105679936,0.12900669265675438
0.2400794805582026,0.032627510441106976,0.06208540171436829,0.13028791617284996,0.11007800914218109,0.10884348867673828,0.1030703443099511,0.017064254427992937,0.19586359455660876
0.015838463250041002,0.2759272305793386,0.022746704385136218,0.12314802593644529,0.1276242832979798,0.06969881168161739,0.1374524756051916,0.16208639764053315,0.06547760762371696
0.027500413591660017,0.3091850773613601,0.11009261451181414,0.10136186653304802,0.09629191414146708,0.1545506395948539,0.08357825212323294,0.015378970206879816,0.10206025193568398
0.053542467786109306,0.07747796346971127,0.2152659898255891,0.14440583269765483,0.1487047887261768,0.084248819397418,0.11655202191321684,0.03192508019873813,0.12787703598538572
0.03475443963866365,0.2666094703805146,0.11437641557799426,0.06554004438002702,0.1810940839873574,0.1960932520503891,0.0983016739152101,0.007215617380473796,0.036015002689370114
0.08763580722998543,0.021426896388480516,0.2938685937018031,0.11549425679662838,0.12563954192767143,0.11899458452957912,0.09572407803122614,0.03774692976466192,0.10346931162996388
0.03792653503872081,0.09381685361133817,0.024864317371708484,0.10185206874582338,0.07142059995397902,0.47349231726726143,0.09495674018402844,0.05738178439222019,0.044288783434920063
0.14337962441236327,0.031168738723993922,0.2891300698534303,0.05272008114112061,0.07972409339843696,0.28331996059401016,0.04753932378687831,0.013509543908002006,0.05950856418176439
0.03274933373447328,0.10719195814016817,0.06037786750005079,0.10624136893014872,0.10826868028481491,0.13986981532759665,0.09077476185474787,0.022988479278355133,0.33153773494964456
0.05700508686186389,0.04746524024475779,0.03496012551271566,0.11002823224027782,0.17221801031300857,0.04497389691700396,0.0701023231856349,0.02303729551592792,0.44020978920880943
0.025415884846067664,0.15772270414995185,0.0686693375970685,0.10214038605991853,0.10663786116709706,0.24968937074246045,0.09568038645432768,0.058817723256266,0.13522634572684228
0.09764779537153355,0.12467057662772422,0.3449417847370284,0.040619436900882044,0.13170736899028668,0.06051940977166367,0.07833014319457292,0.03647403491045095,0.08508944949585762
0.4548092525545074,0.04310845986849682,0.014770643990239163,0.06211151326799177,0.1284956475345634,0.0440990547146358,0.08092227836969533,0.00508946707313486,0.16659368262673543
0.20289821096559935,0.04584201621444664,0.061289660175875775,0.10730494986801435,0.18333272346105037,0.16634508236402593,0.08925781933235548,0.02052157204287705,0.12320796557575502
0.0190361912682282,0.2746483944293723,0.03341724325484653,0.062027440721013245,0.08936099968096019,0.1610188963660505,0.07277870526674825,0.02362152834286725,0.26409060066991347
0.31273184408869187,0.02932938907824481,0.20647087878464757,0.059222034858099654,0.15629985211251532,0.16257879851666204,0.04920553567699909,0.002469946786477,0.021691720097662657
0.14991338954269082,0.02259474339488852,0.06944003659294172,0.10547093391318592,0.1503435139409882,0.295630141684286,0.0636422175646214,0.03539841022909218,0.10756661313730527
0.22124773840834558,0.05048022033247754,0.07011469316870059,0.10709079242714252,0.07882193143154577,0.2985216558242712,0.07612422287018918,0.020331961785075355,0.07726678375225225
0.04503286669368204,0.08496338684249649,0.03386287052365421,0.10779723878249604,0.09662469222826493,0.1252799268964416,0.09251905748033558,0.026338546848112553,0.38758141370451643
0.5134883692919042,0.030654140937841873,0.02902044555389895,0.08627889665575443,0.07477306099065172,0.13881277931945524,0.06952841056207748,0.03349993722640925,0.023943959462006854
0.01702432640719005,0.18021301334981496,0.02645063223031056,0.06692318740288046,0.07666479048775153,0.09213282051440752,0.08561504807602775,0.028499228412716755,0.4264769531189005
0.18075239666455703,0.010507899880469093,0.3139853599843388,0.05258039711494572,0.12027356195256551,0.10971451177120335,0.06569332152844161,0.02609556128163307,0.12039698982184573
0.22521148755216072,0.13001350890066576,0.23222949042958438,0.04880526840131972,0.034170859808790366,0.2632595888041626,0.04939692192976089,0.0034533715753785905,0.013459502598177039
0.02759462428109688,0.07701449711927669,0.06536408765869074,0.1748273201954976,0.10395254976236183,0.10827690420169178,0.09145666170633704,0.04242588942039457,0.3090874656546529
0.40315050970889915,0.06491660869253361,0.08234714505648105,0.06746757988045048,0.06039846160734889,0.23641111971576692,0.05788291746165447,0.009652242596974078,0.017773415279891295
0.1546616027542519,0.0766361863758935,0.23423543938267402,0.039317538999313145,0.23628669693921198,0.0925775078498754,0.05748966591836346,0.015823115313655222,0.0929722464667614
0.053555915066513825,0.156146005868204,0.11025891315195872,0.11791133922872134,0.14467457952643142,0.13043222070057012,0.1208672292431351,0.029780954342511795,0.13637284287195364
0.03874442371644787,0.33608482506688114,0.022410838552339756,0.060839744263515745,0.07977618568942116,0.3122971752048446,0.06452965832333174,0.020437278105519777,0.06487987107769816
0.06166987700332616,0.039845833034809784,0.0979775589198617,0.1376708512823841,0.10116231548267733,0.18697219662889233,0.13570209929187482,0.06586540896100844,0.17313385939516535
0.3954679969512716,0.019496050144729948,0.23947285452756617,0.10550545664848522,0.076874566627066,0.08195566926476759,0.07773255760484854,0.0011784049316001788,0.002316443299664749
0.18205645758123326,0.10225424398115386,0.1410513941503528,0.0621978090724458,0.07263107045765614,0.2855260367468047,0.05401405328047972,0.040065489728013305,0.06020344500186048
0.2911379527269739,0.07529385340109672,0.2248791689313574,0.0443284549942661,0.1019786449898822,0.11018833336496121,0.06514836729081853,0.02557043223764825,0.061474792062995665
0.07983050406581699,0.06200723852788553,0.12450365594092676,0.13805218535252173,0.10256911734721863,0.08689251816349093,0.1099296548167713,0.024924633106833766,0.2712904926785343
0.08131447372824872,0.011540445351871367,0.06966156465535439,0.049003428163924535,0.11875680061166315,0.08055542079295512,0.06696931165230308,0.02295379231466957,0.49924476272901
0.1067418359007959,0.40786332562561406,0.0236660963204485,0.1027041646610911,0.047562889285006384,0.0858993003574456,0.1071390295968463,0.007793425507279375,0.11062993274547274
0.4074430097264033,0.015847121198782087,0.07529867098684935,0.05545352303997011,0.08289126473030302,0.1590259986692559,0.08220213123004431,0.05412013141597888,0.06771814900241303
