0.270462093975161,0.06532111328256349,0.13027934132659025,0.07073103061019388,0.08522534538263078,0.10250472794703919,0.06345117831969131,0.17116741058800233,0.04085775856812776
0.32702428005398065,0.06451666518554355,0.0966997590457342,0.06213334308867557,0.09368871518597133,0.10342598698560194,0.06770700052220265,0.1277014572329341,0.057102792699356024
0.29451153245898004,0.06391680031563861,0.13456052778703723,0.0677416423507576,0.08149461880717179,0.07816558767808184,0.061506967772720245,0.17796414914207268,0.040138173687539976
0.28778859687773484,0.06305875024880499,0.12006973981602975,0.07251896430206811,0.08421017275355551,0.09150296938675972,0.06284486569051996,0.16134326381807532,0.05666267710645181
0.28071644294941045,0.06817708364281565,0.13866125072890054,0.07844164529509294,0.08765187014484706,0.0628427717090983,0.06817875952924458,0.17291868331101648,0.042411492689573976
0.2714239775290599,0.059350212087248166,0.10321963859014908,0.05664979108118454,0.08252856438659174,0.08814369053494302,0.0599148285958733,0.22570229700949174,0.053067000185458534
0.24330101480568564,0.06341236040197369,0.1943022656028626,0.07094192511299664,0.08057187332793478,0.08079064523145289,0.06338827732487294,0.16407575739013006,0.03921588080209086
0.21063197548027537,0.07446235276583174,0.12177659470227897,0.12919427705253989,0.09243472650138579,0.10384201625195211,0.06930983959227109,0.15668353175844643,0.04166468589501856
0.18851635446311707,0.06664637384376583,0.10247230917855758,0.17623842994624583,0.09256022935098795,0.10363358226024055,0.07077421306134972,0.1420735677327174,0.05708494016301808
0.2792557979573149,0.06350328129872698,0.13723913210522562,0.06962680711509876,0.08354743652662466,0.08946633715272793,0.06137566456405802,0.1600579210763193,0.055927622203903814
0.3217294826936777,0.06153069978801784,0.13148587529081768,0.06779687210875766,0.07984518694613978,0.08444062349603247,0.05993249733469227,0.15473249486933985,0.03850626747252477
0.2517184641459696,0.05980056330042877,0.0816438220564653,0.1018307098974854,0.09008209637464377,0.06738422408682383,0.0641404341743443,0.22688746021191605,0.056512225751922995
0.18982017508016416,0.06700948882357673,0.25340060588917385,0.07746973910841938,0.0844727114530819,0.09181164707394796,0.06760685035004223,0.13134643483431746,0.037062347387276366
0.22591079488511215,0.06931502486263018,0.14492774383528786,0.09357779060502681,0.08819279057226193,0.08205127209429923,0.06599665166275909,0.1870119065651068,0.04301602491751593
0.17822154884059693,0.054019202642565406,0.08887192740214118,0.07471170943343546,0.08422660744233562,0.06495920177183538,0.0898925888399042,0.3167640850475624,0.048333128579623436
0.1876550618128289,0.09160942463793083,0.19120872618131945,0.08835545491985108,0.10285776661981595,0.08179631416539929,0.07876661587479154,0.1353906199316484,0.042360015856414586
0.22114385186510166,0.06910615458053862,0.16733104581486943,0.09084928016829269,0.08815492841851781,0.08583926977509226,0.06637027346073203,0.16939202272188622,0.04181317319496929
0.27622987349687295,0.07241461060783204,0.13457955800623037,0.07430569819502732,0.08481834945670497,0.08963471851801037,0.06519821227812196,0.16205048645163092,0.04076849298956909
0.21888028800693135,0.07571900576502466,0.16495896446271852,0.08116512638127421,0.08977800210875934,0.10114788394794849,0.06860550055857095,0.15810127691028422,0.04164395185848824
0.2515771548895414,0.07698593062872887,0.11445889754941858,0.06423342336914879,0.08579983758287141,0.06317426340014191,0.06595677553374679,0.22418490144679862,0.053628815599603474
0.26946397570728015,0.06505744179635439,0.16780005453500632,0.07010373684023556,0.08249433333097382,0.08684770706470059,0.06257365377462094,0.15621875873853341,0.03944033821229481
0.2745851168013539,0.0657148739164504,0.1376491627050965,0.09326185074417466,0.08564484329723461,0.09002574612022259,0.0641967899032918,0.15000586682725903,0.038915749684916574
0.16241852657205272,0.07570353156477623,0.1588021063337859,0.0636592225477617,0.088969507954704,0.13170813770521558,0.1158801527410575,0.17109653549836845,0.031762279082277814
0.17701896569135642,0.051895239986046504,0.12623077741804292,0.05593210926356818,0.06315606728252092,0.0815380551642265,0.056750883806583524,0.3627778654021026,0.02470003598555238
0.18971283750823517,0.09735691182555538,0.12172888805916442,0.08142402246034831,0.0929775724844641,0.13607853756279922,0.12756260895478097,0.11508739556035352,0.038071225584298936
0.23440245666567602,0.08416261069008846,0.08879866905197209,0.16882657579514407,0.09185558399109746,0.11526812071723659,0.07245993045016486,0.10875414105246815,0.035471911586152226
0.2762643878042215,0.06694646743065909,0.16488795585647398,0.08384985604204818,0.09001003041681586,0.06614820922699095,0.06959852729772338,0.14231747510849332,0.03997709081657375
0.17646723666414008,0.09117747807272404,0.1488224295255516,0.09594641846336237,0.08918564269561303,0.12166643638424057,0.06662017919193283,0.18180121995908505,0.02831295904335045
0.24132189400633186,0.05027726996435192,0.07487468769175536,0.048983145274626855,0.07544828043150525,0.08935955804462327,0.052846099349624594,0.3168652418962193,0.050023823340961636
0.18876947038831357,0.0813512565365541,0.21340204502938429,0.07750881534223727,0.09474416412734903,0.06895126231358609,0.07272723575219224,0.14517230739480871,0.05737344311557465
0.21949501580647776,0.06647837336883809,0.12248274663624374,0.07415196444797177,0.09220274000043303,0.09776847107815884,0.06601682757153592,0.16925864925516929,0.0921452118351715
0.2029266946355132,0.07779603645999007,0.13279450441176235,0.062474736146046754,0.07672532887989646,0.07946620131799226,0.05547581271609948,0.2754511884514723,0.03688949698122712
0.26633828907840856,0.05256527231508735,0.18818377049487625,0.0644826730711045,0.07109576649349923,0.08403872669425246,0.05446332428638533,0.18832419598085334,0.03050798158553299
0.2337578620069204,0.07147647670947871,0.14852066018925045,0.08189114701272268,0.09286963761288065,0.07060821002845084,0.07118947810240892,0.18491373491739074,0.044772793420496615
0.17738421707085603,0.078496594330745,0.18412669942241,0.06849727591976629,0.07887563238783218,0.08487607728858448,0.05957924465375966,0.2216916007805008,0.04647265814554563
0.26833493312806,0.06562816729579267,0.12966583343352367,0.06540745486714478,0.08651289088315296,0.11379232105447136,0.06495449782750395,0.12525753281264457,0.08044636869770608
0.19122907572689285,0.06954244174553888,0.10891281201886277,0.09784369591055103,0.0977631795671684,0.14083771465351344,0.12981627294452625,0.12403596893636394,0.04001883849658242
0.3506529782071621,0.054079891007012215,0.17178620283507665,0.07763340512428567,0.07786965684296214,0.06150485297243208,0.06079733514939297,0.10380038374413166,0.0418752941175445
0.1755568587021352,0.06263786823057158,0.1921258010831817,0.0819104592530082,0.08347375887209103,0.05447781890146885,0.06374414084040674,0.2318602887457909,0.054213005371345824
0.22911136942041563,0.06844837919016812,0.14495337011545742,0.07723686938782427,0.0885035304679811,0.09123628838399943,0.06663518255768265,0.18976571648770668,0.044109293988764696
0.22385721602647424,0.0716849641455155,0.13869166256096518,0.0894137999358927,0.0978137650808006,0.07202642568307348,0.07421089507698826,0.1665091165347787,0.06579215495551133
0.20452229852816792,0.06214063203717552,0.11890215837710427,0.07829415565652294,0.08852324967280562,0.06109968936452186,0.0774481821553207,0.25486585291310304,0.05420378129527811
0.22366684834979667,0.0776773456142277,0.13806154232452272,0.0802079002455761,0.09308047144138422,0.09849281443946649,0.06986626564793866,0.17587427918159892,0.04307253275548848
0.26498560113377506,0.06426048826097082,0.12898904289365096,0.0720642525036568,0.08643930711354197,0.09040891565043507,0.08722018354937822,0.15246389340712838,0.0531683154874626
0.22885291718092193,0.07087733109103726,0.14654668852997602,0.08256163256926452,0.0922636576664028,0.06454391194112626,0.08828179768743934,0.18159480141550488,0.04447726191832694
0.22406038895551608,0.06862045483326229,0.13875443480345928,0.07559848727096258,0.09105486129485064,0.09352467976764946,0.08098940302017092,0.17005882694255867,0.05733846311157004
0.19728521068683177,0.061239670349937374,0.11849344153071513,0.06781570790146312,0.08083040032882162,0.08679084675431932,0.057581978563872156,0.2923779422455178,0.03758480163852171
0.18114651859889921,0.06883655626310027,0.10621883210046712,0.17381122850118857,0.09489674425296497,0.14835047240496882,0.0686728245643893,0.12014057469462423,0.0379262486193975
0.2108424520465715,0.0576925847469679,0.22478789614977265,0.07451126427719844,0.08690852794381226,0.07814811636613318,0.0695510346978236,0.10037109278407662,0.09718703098764375
0.22278728900901298,0.06795529895487641,0.15197610511302806,0.0731520618486436,0.08558414485860215,0.08933326371644361,0.06555399832995004,0.1726536897329016,0.07100414843654158
0.25690357771425526,0.05900476613655543,0.13263233270077104,0.08427354467056584,0.09340228946259153,0.13916430573576272,0.06345820021157238,0.09553023060382959,0.07563075276409614
0.1692281122538933,0.060530499614436,0.17528837316191795,0.0632723989413705,0.08465769112479447,0.09905293446571552,0.0970950216270214,0.20680687748179458,0.04406809132905622
0.189140163793358,0.0938866525582419,0.2329218681041325,0.0679006267697143,0.09277568199514917,0.07154719877897285,0.07596680652447979,0.1354240006288854,0.04043700084706609
0.1859268303061455,0.06720454512463682,0.12670295762042041,0.08486439218908944,0.09818464697759421,0.16914460299399367,0.0840489218299289,0.11075171255752746,0.07317139040066346
0.2869208863179082,0.07298581999409849,0.11538191389786451,0.06726527214389671,0.0915744414583744,0.1177508682827403,0.06961053987052303,0.13827233219697607,0.040237925837618344
0.2422013769301127,0.06588659675522461,0.11742021984873531,0.07385944557894616,0.08455491061864628,0.09401180886751066,0.07684228463045435,0.19468905753486718,0.05053429923550273
0.2524839147437928,0.1548941801016538,0.10141245004134632,0.08266403521193715,0.0868235779190371,0.1131461497871491,0.06868544324102656,0.10629450455150609,0.033595744402551066
0.3687552259376055,0.05667451447246866,0.08388147364598246,0.07789585737056194,0.08252065341841004,0.09471973421414832,0.06535426578347739,0.12404736296562048,0.04615091219172509
0.24246187951610565,0.056699764445743185,0.10108029193516332,0.07054920402933641,0.08247216393835095,0.06380402418638058,0.09040794705548827,0.25685708752628145,0.03566763736715017
0.21708308687069847,0.06745767462266106,0.11937543187389965,0.10409008501850636,0.09427310199342838,0.09768846561170204,0.06788571440378008,0.16956296593331785,0.0625834736720061
0.14580684943668643,0.053048288642176145,0.09652117423422064,0.061879277582556846,0.07372322545272045,0.05271251034928596,0.04957437471251893,0.4390592046242408,0.02767509496559378
0.18967483914474917,0.06243692881872976,0.25333741468015886,0.074803938163776,0.08154034349151192,0.09243991278730146,0.061633814807006665,0.14542136763865313,0.03871144046811292
0.21865326270984017,0.0737359866448806,0.2555252262979208,0.073764008104748,0.09417085619398989,0.08112906062077267,0.07881867848318236,0.08928113326677539,0.0349217876778901
0.13002910874551596,0.055755712148913485,0.23171143058526736,0.06956621880159623,0.07641096219830469,0.08301282230174171,0.08060655732322969,0.2442932762435959,0.02861391165183499
0.19183687525246618,0.056611377701931975,0.10606926659281224,0.06745304149001634,0.08323666104173277,0.09476288528900073,0.057982424110413246,0.2856822067214663,0.056365261800160195
0.317395565172399,0.052629140637042604,0.08282350832328905,0.14476379404925366,0.07625878424735448,0.11613890206848677,0.059901150644914324,0.09345019220208445,0.05663896265517562
0.23209574138150998,0.06897196381878652,0.15484804232857433,0.07116259388047337,0.08579086403303837,0.08263374597224044,0.06526400838708511,0.19520519808076986,0.044027842117522066
0.08198367061246987,0.15842958980163754,0.04156045528695212,0.08558092568798277,0.07161079757491588,0.07630814280472312,0.18454165294881028,0.2781571588788224,0.021827606403685956
0.18652194760468518,0.0840834512914677,0.15482797680003144,0.07271135756874016,0.08349888372782167,0.10137637341875655,0.06044314297035736,0.20969967310169732,0.046837193516442555
0.20663307397151506,0.062015902922437034,0.12235217603085163,0.06891846368498343,0.08371858104926505,0.09015452959369159,0.06024058239323927,0.24795566334975253,0.05801102700426438
0.326104086868243,0.06902224126099443,0.08451888143192304,0.060019751454098574,0.07531357453072636,0.08831135256705414,0.05329091944146982,0.21238275868990406,0.031036433755586592
0.2074629591183983,0.06237419035071944,0.13591385964754066,0.06839786115836935,0.08171118469026963,0.0851399577202836,0.05757661231114607,0.2625135146101266,0.038909860393146305
0.22086263103265416,0.06784120268037826,0.12664546086050776,0.0790484157901069,0.09430067605809722,0.11579557442932642,0.07860046928232635,0.15981982592044708,0.057085743946155815
0.1958058785555962,0.08080890428373073,0.11643348924374454,0.0786888767833328,0.08246419772185197,0.08024451449988082,0.05715526939645405,0.25899334839050975,0.049405521124899245
0.21003205152779328,0.07472496295512965,0.20205618015382598,0.05849736521613392,0.07723443260545494,0.06972224896507265,0.058123456758823154,0.21818036461730142,0.03142893720046495
0.2138905862473651,0.06351238486513928,0.13468380361215493,0.06627029069953265,0.08138301209205338,0.07952456828960354,0.0603123342067888,0.2599833602847577,0.0404396597026046
0.2926528282102295,0.060226521157297534,0.09663838609615706,0.15505772786353347,0.09071783775694671,0.07459656694978739,0.07457312516962049,0.08406279327763533,0.07147421351879256
0.1803883914956387,0.07401184130655422,0.22646959250573484,0.100757059332017,0.09169731830691648,0.060753720925053455,0.07618445000680633,0.10585575029557313,0.08388187582570583
0.2756492735741045,0.08928846337427644,0.13721413316292067,0.06886494058919537,0.08352511755676643,0.0823618724209164,0.06195921369863325,0.16170401132325987,0.039432974299927065
0.37373369283949875,0.05645996740257664,0.16316407419398485,0.055026452558470385,0.08481833583879855,0.07960032031007118,0.06780428744965898,0.08668329486892644,0.03270957453801424
0.2319462232669135,0.06843441245081162,0.13735875088374105,0.07676039790266824,0.09203018432285874,0.09918630486392316,0.06736377517447197,0.18241296282035357,0.04450698831425815
0.24283158562469206,0.0630167118033182,0.2026052611083978,0.061709580163583834,0.0822091267255546,0.09483806317622824,0.06519028950230761,0.14852825961002797,0.03907112228588979
0.36362315534512724,0.0583264089993748,0.08973835557159911,0.05030225330838307,0.09040229057687654,0.14009290931647614,0.07128330777067653,0.0886941887436074,0.04753713036787916
0.21150502580268374,0.07585000270533043,0.12103863941841252,0.11598285659606906,0.09478016718867509,0.09397435606952405,0.06869640721951316,0.15850077234210333,0.05967177265768864
0.22103148627758062,0.07159687368445845,0.16032865704177335,0.09256786967060814,0.09772976299496734,0.08221305269471549,0.07504112524840906,0.14275141309293773,0.05673975929454983
0.16879463543174467,0.0659969456115538,0.19839217115245855,0.06127811787130149,0.07189299427594693,0.07860048453596823,0.05267777859433698,0.25960252465237793,0.042764347874311485
0.1931630776429146,0.06929485744255284,0.19626648175556047,0.07964177589473541,0.10142734349150423,0.08027267805211513,0.07660838695523933,0.14634996453907084,0.05697543422630713
0.1960048004108169,0.09772900211080464,0.10799362766151921,0.07959153601270817,0.09464532650179606,0.07047943666608407,0.06972224910876573,0.2282127949222262,0.05562122660527904
0.21398644047821838,0.06369639447949575,0.13523565960521203,0.06642928290420219,0.08133960111311254,0.07896354185227004,0.06032423156438004,0.2595051191271022,0.04051972887600678
0.2536316639179291,0.09407223293714106,0.10916619801170568,0.11271507508159555,0.08575415599078462,0.11283473876916061,0.06453286610448143,0.1299139257788199,0.03737914340838199
0.3143128723458971,0.06362070609872532,0.12077312164444982,0.07365776118636243,0.08335941845686216,0.0930321926787669,0.06111168578645055,0.15092279318317436,0.03920944861931138
0.161108889364339,0.05127273773437685,0.10785572316465447,0.06782562830582471,0.07807729180150759,0.09821397795534746,0.09305061920642116,0.2958067868276604,0.046788345639868355
0.39488158268671825,0.050960526296814156,0.07298713120603569,0.05615705713454409,0.08073481782663015,0.04788991035985716,0.05716629573062689,0.2073837251229805,0.03183895363579319
0.218230585132741,0.09868838857047908,0.12268480318207971,0.07896092238101073,0.09389479562103846,0.10468517519745336,0.06400509631630884,0.15413178832459337,0.06471844527429547
0.27278931620163216,0.04927203716281161,0.08557818662407617,0.05732376684530544,0.07065388355642892,0.07401172403685326,0.049029830821140145,0.29454294416049104,0.04679831059126129
0.27678478102316667,0.06661176579139917,0.13779003982724053,0.07277137365291761,0.08530029102333864,0.08711421789540352,0.0620984098985046,0.17076216869904395,0.040766952188985205
0.14827083091851925,0.057384914907823686,0.26589272452160456,0.08256628870319688,0.08226366873763728,0.06996891022010297,0.10168555696573445,0.1612549041501556,0.0307122008752254
0.22403187138754718,0.07069225765063261,0.13773513382655886,0.06842019885503403,0.09387437251396691,0.10047635946813156,0.0892352486897805,0.1723701368692484,0.04316442073910002
0.19316505284932925,0.062447704880784945,0.11564199756718395,0.09133173778871884,0.08782272472138512,0.11272290355644944,0.06683588204340686,0.23164493921943294,0.03838705737330867
0.23645622116686096,0.08249258239771712,0.1911963106144963,0.0757387525008076,0.08172804382227579,0.09993862006510922,0.07341946384873535,0.12367994113768593,0.0353500644463117
0.25122910927033015,0.061288453834774055,0.10309187105689267,0.07795242156968836,0.09344385702020457,0.06948088802661671,0.06388274787123938,0.1292922851948692,0.15033836615538493
0.2624306770881165,0.061100843256582486,0.10541512418003969,0.08204096489209238,0.08194882730449882,0.08624642697248079,0.06096244536970983,0.22343440878066914,0.036420282155810266
0.2315259831682781,0.0516892451219749,0.11775532459303856,0.06025754420814169,0.07199087663070247,0.07727949376828089,0.05169157667764898,0.3056550732262802,0.032154882605654155
0.20018385579539508,0.06247515501482859,0.13347593729444585,0.08740163411773295,0.08197989247589053,0.08806852935414805,0.06072314019228448,0.2494323110821418,0.0362595446731327
0.19577135950665367,0.06809993560207651,0.224991242043124,0.07766012197288616,0.08660786440432894,0.09561902195359283,0.06653439594223334,0.14544363294331694,0.03927242563178781
0.1784660372233747,0.066026573503278,0.08723734205827012,0.10914305771233697,0.09048687814380758,0.1066128710639533,0.06198824879693073,0.22328365049596863,0.07675534100208001
0.25444044155999146,0.07873267321709952,0.11164298520514611,0.057226471033861505,0.08193016712455796,0.10799527548204425,0.060700035897653964,0.21308774699656474,0.034244203483080445
0.19738854437081158,0.0643372579125824,0.12509832764005,0.07079644210163133,0.09615659810097206,0.14445282051778055,0.07445353673194317,0.1362761925989036,0.09104028002532527
0.28374587170088605,0.06932844315924146,0.11239691498401332,0.10080318351861121,0.10076675043116862,0.0657303372580688,0.08433566571669626,0.14017199659073346,0.04272083664058088
0.17055857256405302,0.04943908055082256,0.05945940946533104,0.17688694733284693,0.0735420075125814,0.05564487729493826,0.05780089596986011,0.3292207872354937,0.027447422074072997
0.16471830988306382,0.07893267693740155,0.09543631124490422,0.10705174570225608,0.10215772817664344,0.0723886017194781,0.06942474827884001,0.20600076517975566,0.10388911287765713
0.35536880805169596,0.046924084553432936,0.08857802061219155,0.057579724957676125,0.0732231203395558,0.09415403791820876,0.05155689048026296,0.20465551856130101,0.02795979452567492
0.20056274773755553,0.1212161252063451,0.09977165387862741,0.06588859118973546,0.08024835701694755,0.07577818229674242,0.05232084363953404,0.275967020381425,0.028246478653087447
0.3355028850923503,0.0758064692726755,0.07356663930388936,0.07087761092174881,0.08071549980406134,0.10800033985255841,0.05801512856864275,0.16777576522532078,0.02973966195875254
0.40271745989793734,0.07442760343323464,0.08841419992154648,0.07729216239806846,0.07601757542613748,0.09265064306450906,0.054703730770171266,0.10242359836982112,0.031353026718574234
0.3049980728800576,0.07194322653829506,0.1017561038880857,0.0746571622229437,0.08738481074488275,0.1210225593607196,0.06488953775526805,0.07721986813733174,0.09612865847241593
0.3043657095875355,0.062496700471760695,0.13633411505433152,0.07081120855237277,0.08273247923611643,0.09246292620766883,0.06088715261931082,0.1349654720457853,0.05494423622511812
0.2257577967374859,0.07311712686113102,0.15107807368816242,0.06256127125457661,0.08625618428640865,0.09433823575163691,0.06717441528521997,0.1921984314113098,0.04751846472406875
0.17779039140688901,0.07835578595440534,0.10773953083279826,0.07771948863295991,0.08812004497764836,0.10837788164780292,0.12282824299144503,0.20342876558220688,0.03563986797384427
0.3310348699988465,0.0516752482771144,0.16375983864658109,0.06603408994726064,0.06977419080166836,0.09354368781202943,0.05185585632908827,0.14545739280679063,0.026864825380620804
0.23209574138150998,0.06897196381878652,0.15484804232857433,0.07116259388047337,0.08579086403303837,0.08263374597224044,0.06526400838708511,0.19520519808076986,0.044027842117522066
0.21484555020273577,0.06653243947520117,0.11724071400138963,0.11664049713178214,0.09333795538706098,0.10325222121954804,0.06766898099549983,0.164957244238736,0.055524397348046504
0.3633743054970982,0.05486789225948097,0.1320571491136443,0.07719333791544182,0.08011037792289245,0.08802177993872289,0.059845267890046995,0.09952375213746595,0.04500613732520642
0.20540281111794215,0.06456031641032044,0.11252732806845882,0.07367652061121069,0.0914620738904333,0.06457489150171872,0.07766278968876966,0.24991292489919745,0.06022034381194875
0.2109837564615702,0.07137869730670937,0.12708159158955834,0.09167184654991312,0.09687990702650966,0.11789899006868489,0.09973675862851884,0.14273569426888108,0.0416327580996546
0.26443833354109464,0.06564632585779308,0.12749218448549945,0.07286756986655717,0.09032081175323438,0.0902743253311042,0.08343397316042463,0.1531475569803252,0.05237891902396724
0.22094467711925403,0.09277438523262692,0.12747684557526226,0.07537765360854892,0.093797853784523,0.09199119128159657,0.06647750404928178,0.16580684699625678,0.06535304235264984
0.17318524745820127,0.06909261951547098,0.23733964342795053,0.0862662759213539,0.09422935812145505,0.07541790768707479,0.08366726981697269,0.14353113942176765,0.03727053862975321
0.20389289279097197,0.06322731426526232,0.1345921527415745,0.08819353169268342,0.09107685519500681,0.06661598087026871,0.06413447929449424,0.24909689905583535,0.039169894093902674
0.24174661412605727,0.06483557750454547,0.06430428366924416,0.20510498280207448,0.07412433571710918,0.05647118607762408,0.05686604675517676,0.20915344493095492,0.027393528417213625
0.22759862980139078,0.07139279782857859,0.17898465921612763,0.07999191829163815,0.09013375953926128,0.06500626352639245,0.07038196837115576,0.1732143951672309,0.043295608258224504
0.2289798687395764,0.08119129655902295,0.14762542531103126,0.07625416875276396,0.09276282408137632,0.0901669482827082,0.06865829860184598,0.1715457813859019,0.0428153882857731
0.22052907926351892,0.06947523483474342,0.15598049282368834,0.06706975707723811,0.09354775227315854,0.11171417711093383,0.08667674062245391,0.1527439751359334,0.04226279085833154
0.22003924126692573,0.07093799690266735,0.1298324414328626,0.08647259595829465,0.0989205117625697,0.06555205549973916,0.07233373414229112,0.1552464642092696,0.10066495882538012
0.29007693953515706,0.06301863206594867,0.1272581979001243,0.0692981008973814,0.08287657259902097,0.08358344879711087,0.06166770425589735,0.17015682048738814,0.05206358346197124
0.23348366771901397,0.06844960653829942,0.14708607400091314,0.07353876168070159,0.08912886206447407,0.09056688311585798,0.06572475556512943,0.1877821828461167,0.04423920646949373
0.19907128752579908,0.06201269216332598,0.11858276568325775,0.08106925547688683,0.0883532273495748,0.052169241361381985,0.06652329929108251,0.29267712847742017,0.03954110267127087
0.18461945296529872,0.08539158252143908,0.21779126626773426,0.07383135498367908,0.08083014661170311,0.09604603976951698,0.07399773985977422,0.149135833815653,0.03835658320520156
0.13758711943028912,0.1675207424969153,0.08653328991060731,0.06792305328357294,0.08215948719007492,0.05633343612460051,0.05418326590404604,0.30590679501877877,0.041852810641115144
0.3126155399859098,0.06373952201348547,0.09623351276169655,0.10272995018882806,0.08868941602741309,0.10022966061763182,0.06720185002387064,0.13104365420377204,0.03751689417739252
0.2007218906947121,0.06959527927154305,0.19998650030510676,0.07719797525567491,0.08019953154855046,0.11117657717399348,0.061316052340188644,0.16888238797231392,0.030923805437916684
0.23209574138150998,0.06897196381878652,0.15484804232857433,0.07116259388047337,0.08579086403303837,0.08263374597224044,0.06526400838708511,0.19520519808076986,0.044027842117522066
0.3171699529896423,0.05764425233262515,0.1195761672821309,0.06943652014725454,0.08106575189917305,0.09977067435489913,0.07742171208933973,0.12726092752071794,0.05065404138421736
0.2278214622821839,0.06914942807559947,0.14649396087434152,0.07181409423288637,0.08773385444009307,0.08221856983509403,0.08278258744941563,0.18878485067460257,0.04320119213578341
0.28449177117232,0.062135058319495895,0.13167437792074974,0.08438345647685137,0.07468521058395429,0.044892807731247465,0.05422729328490609,0.2268649446964479,0.03664507981402724
0.19410412590379675,0.06679436878541356,0.1358186075550296,0.08276320919468487,0.0904185672615037,0.10704118732742977,0.15332052581008468,0.13124457310100476,0.03849483506105238
0.24374542986851702,0.052802990684606976,0.09361456318991775,0.06973195049367854,0.07477676732966793,0.08084434735908962,0.05241441918644698,0.2895062095545942,0.04256332233348099
0.23476614490426362,0.05948910720096195,0.0735921341835721,0.0822898310956504,0.08319961930905741,0.07337196900915825,0.08375249533440195,0.22103322056550576,0.08850547839742856
0.2245253032682577,0.09829962622086887,0.12361585086907399,0.08214828672383816,0.10095569849459847,0.07691810673325075,0.08300058229475817,0.16611376825561952,0.04442277713973436
0.22410805756100796,0.0673631173167661,0.13624389077177435,0.07323728246141865,0.08869075874697312,0.10638195988235383,0.08085912061261886,0.18046188595065302,0.04265392669643412
0.20978012057650605,0.06652391696440706,0.11302363399431241,0.12015957206834023,0.09402702229380132,0.0993171351588067,0.0681951391498017,0.16418894537673046,0.0647845144172941
0.19415768834398753,0.06813969450923078,0.21348631124039716,0.08378986648191028,0.0908229126652656,0.06073624877426876,0.07156158305001141,0.15490668908280433,0.06239900585212411
0.18955157736254466,0.06487347427236768,0.2142499029716535,0.08443904490902317,0.0872962181015227,0.1154297422238183,0.06583162580238015,0.12101992704606086,0.05730848731062895
0.31246244500427534,0.10564295868606575,0.08717175182737143,0.06889426853031473,0.08675376112907783,0.10601202424251921,0.06394538520610234,0.13146668572380368,0.03765071965046978
0.2836039002709261,0.08873433255489012,0.11798692637251747,0.08508340931976156,0.09298639673115972,0.06856536279140518,0.06740614320414237,0.15407546693401236,0.041558061821185134
0.2653632067259988,0.06652579781364658,0.1641892212558807,0.07218854447533048,0.08659403627267966,0.0887694332142011,0.06401460882616426,0.15282745421216234,0.03952769720393605
0.23079558370394423,0.06907367953760248,0.12783344302881874,0.08552205404314828,0.09654972062306562,0.07546989983204622,0.07147891339934984,0.1829959659241566,0.06028073990786787
0.18746294715324055,0.09292649430526796,0.12672137151829288,0.09281335644704201,0.09581111672970781,0.10479999066986033,0.12878666485485138,0.12139591356373193,0.04928214475800519
0.19588908087243784,0.07669809894196487,0.1422448233535674,0.10930126865318418,0.10051852030529362,0.06443490053293778,0.07574646418843482,0.1974405649887472,0.03772627816343225
0.38013130414784707,0.05998260234349904,0.07912573540611144,0.07460550823478096,0.09056978345334975,0.07412213043600821,0.06776313444751428,0.06174563467116695,0.11195416685972243
0.20754249902056487,0.06778997993403649,0.12284976021353788,0.1363351142472865,0.08897074142645135,0.07934990508879705,0.06563228931149533,0.17044341676097494,0.061086293996855535
0.21120537200065378,0.1422787603569071,0.12430700990604822,0.09349055889482354,0.09645926008380684,0.06339091725265848,0.07487334560856689,0.15138687215231147,0.04260790374422379
0.17521640976344158,0.08390154964303283,0.1879813062262626,0.07135193181391596,0.08482762074734014,0.09157767172067142,0.0609654097312362,0.19214193474011318,0.052036165613986135
0.2537861993471922,0.048678963934816966,0.18015307853262366,0.058023343059715286,0.06610948733479219,0.07732366104265882,0.04906835342161071,0.2369651132581435,0.02989180006844654
0.23468654147017945,0.07817978704574549,0.18825317913267833,0.07819178140465997,0.08560453458046528,0.09455999431592788,0.06697327727555101,0.1359910225569436,0.03755988221784901
0.1940703819849601,0.05527985430030601,0.06709998693363324,0.14112925424294978,0.09570725308501425,0.050403534851578675,0.07177905279419579,0.21614960259412253,0.10838107921323951
0.22993151955384902,0.07101873034520917,0.13096884319233087,0.0850561293268653,0.10074319462550098,0.07407628179623622,0.08895023578147047,0.17349126149229124,0.045763803886246714
0.2082654802596211,0.06079790713475031,0.1348494940662699,0.06404770843442233,0.0792901550406247,0.07671184725707421,0.057891331774387815,0.2791322487546906,0.03901382727815895
0.21855195714171724,0.0955828760903981,0.1345861484868075,0.09227098836048465,0.09121053291644958,0.09620881351125848,0.06503313162487466,0.16470570157758638,0.041849850290423436
0.23047415273332472,0.07250272883305686,0.14176754344794243,0.07598475292355819,0.09084675824709143,0.09465186138432875,0.07034328808293133,0.17966978429854974,0.04375913004921662
0.34514392277880246,0.07851778080627891,0.11551541562326277,0.0718059882781013,0.07830108640462884,0.10041473070971885,0.05859610871376714,0.10330671106168388,0.04839825562375591
0.193810200209766,0.07248469857806426,0.20660997284428803,0.07606764181289181,0.08679206185574784,0.10698042684672875,0.0667299482761689,0.15174907967156595,0.03877596990477849
0.1660311247805116,0.0552902569253089,0.17661729014887328,0.06870734435390648,0.07601606424918177,0.0866804260659846,0.09905316191081832,0.23715857787727038,0.03444575368814465
0.21299702847685298,0.1431186884313311,0.1283928059246877,0.08271230398058854,0.09037676939726542,0.06531270640603688,0.06957572717469042,0.1652420204497792,0.04227194975876785
0.3179575056543637,0.08385422892253318,0.09994914207384792,0.08838243204734235,0.08899975933965991,0.06769282036397467,0.06641180985770251,0.14698747542328797,0.0397648263172878
0.20734437474395837,0.062392010202103755,0.12387119582699903,0.06546393311082757,0.08268611654698645,0.07839625821988694,0.059285708764728995,0.257113036721572,0.06344736586293698
0.22642011128140668,0.06784452969027645,0.1428611784555044,0.07325437846979084,0.08708423241562095,0.08870934346657715,0.08272384569605011,0.1875608494866395,0.04354153103813387
0.14349903048879967,0.06622562768225254,0.18070117251718706,0.06294304735228787,0.08379843910741656,0.06439881567801513,0.06630565765033215,0.2712699449974796,0.06085826452622949
0.26175156601004845,0.046011552979920156,0.16873429121964953,0.06358362288565807,0.06733695311119633,0.051644858786819604,0.0887776232466075,0.22518590604843391,0.026973625711666446
0.25947009905874335,0.059171575480811096,0.12759890931007356,0.06318377745887002,0.07737135847705061,0.07963988598557058,0.05654909330120097,0.24028002671034032,0.03673527421733939
0.23209574138150998,0.06897196381878652,0.15484804232857433,0.07116259388047337,0.08579086403303837,0.08263374597224044,0.06526400838708511,0.19520519808076986,0.044027842117522066
0.2465652377660723,0.07675034688274883,0.12994591011511045,0.06549996698586814,0.07851481475249196,0.08243020331733761,0.056951299870701556,0.2282111786711927,0.035131041638476385
0.22450890003308074,0.18109464616701929,0.13651642419997778,0.08904634829165801,0.09887806358929335,0.06798777513857406,0.08308524956218837,0.08335629112076198,0.035526301897446315
0.20495490272154063,0.058803827514520235,0.14155396545843715,0.060637127022333204,0.07508339080932548,0.07505846776461783,0.05481231267654635,0.2920277934130598,0.0370682126196193
0.20586581566969456,0.06574094254663972,0.11516135108966524,0.07691433003520089,0.08877081219531806,0.0955910986949788,0.1445192715879995,0.16616409407570656,0.04127228410479667
0.2275582607633191,0.06759094957709812,0.14311585717601508,0.07316818370475595,0.0871784666242069,0.0893958704125427,0.08178809891765154,0.18660035748275536,0.04360395534165534
0.16140057157378837,0.1475262352543729,0.21508511149815224,0.08216759130592942,0.08361122275438632,0.10759028007047915,0.0636538927153089,0.10468222053282648,0.034282874294756245
0.32013855338614894,0.06299235261244046,0.10519132289947304,0.08051620017184553,0.08533661031305777,0.08498265444116092,0.0748913435196125,0.14776154279434192,0.03818941986191893
0.23751593271809993,0.05899174888162978,0.22585157374614054,0.0945546636774926,0.08566412162016392,0.055204476249221,0.10492392225808789,0.10315258715677911,0.034140973692385314
0.25730270578893416,0.0648020857697394,0.1057183399277611,0.12186106769775118,0.08811706038037996,0.0914228523770308,0.07878852932505676,0.15261839050783232,0.03936896822551422
0.23110527512569515,0.0690252580921946,0.07368224298180774,0.07133117823639674,0.08761344414077249,0.05914451982342813,0.05892603476253864,0.21488769184705545,0.1342843549901111
0.18919140284781566,0.054936518184760634,0.11769646471546091,0.05928835723401784,0.07459838627925057,0.07238418798560439,0.052909634607215345,0.34355215917942145,0.03544288896645326
0.28554885412152026,0.06654258951857923,0.1293800336167624,0.07698862646260708,0.08779822233215244,0.06579603199827581,0.06674333527369532,0.17849064486624291,0.0427116618101645
0.1647913126365088,0.07974683659624617,0.20522567611699935,0.077024655032985,0.07829844761519304,0.08142622312462812,0.05893448811220205,0.22133274756142804,0.03321961320380939
0.26965052728016575,0.060057930732669275,0.09705496268964865,0.0723211442601962,0.08387978156794014,0.12547007113041567,0.109277500832903,0.14564688992666627,0.036641191579395
0.210227655883106,0.05473707216875578,0.16100639726844104,0.07518007068169856,0.08527718132071867,0.10806675251709374,0.06453894210426417,0.1723497143493428,0.06861621370657929
0.2698223162051372,0.06567605688506338,0.12885430366788003,0.07636661589096348,0.08714747529584348,0.09903413496432757,0.06277106429408856,0.15631005188059974,0.054017980916096546
0.26316871077923565,0.08668907423416,0.1483733041732216,0.07327211577078067,0.08575336519326664,0.08767159149697683,0.0648186539469565,0.15071147085626077,0.03954171354914141
0.27341337301086677,0.09398242917293191,0.12662221278444985,0.07209101115522477,0.08554378215566183,0.09666291342788073,0.06158998379417782,0.15062787587410434,0.03946641862470196
0.20243927970892006,0.06762500323051233,0.21215471366814934,0.06357140259340201,0.08775974931580299,0.09606723502542824,0.06915245042254171,0.1603906330360057,0.040839532999237614
0.2744081518530496,0.0868242887684466,0.09889349226393218,0.08509448354964626,0.09088032243590949,0.09474980154248679,0.07984351093447871,0.13171702802254556,0.05758892062950486
0.19860662886429292,0.05996382092197148,0.13283063567737521,0.08138811664317187,0.07867651109421978,0.08022325571838952,0.05708345100989517,0.27534476678775266,0.03588281328293137
0.23544824175569037,0.07013616990501394,0.14810901035622784,0.0773020174823443,0.09078997683207153,0.06687529324234255,0.06860617477195936,0.19751810547328916,0.04521501018106092
0.23209574138150998,0.06897196381878652,0.15484804232857433,0.07116259388047337,0.08579086403303837,0.08263374597224044,0.06526400838708511,0.19520519808076986,0.044027842117522066
0.20778610877233214,0.12978568294645917,0.13550919939003644,0.08461471889936571,0.09501156215703277,0.07279667953173868,0.07030851939729389,0.14874683742599867,0.055440691479742586
0.3183039643174807,0.06339314355935953,0.09503524904634897,0.06395011897520034,0.09402433560208408,0.12109446944489899,0.07770659357680834,0.12725226330659836,0.03923986217122066
0.19681889102251993,0.0604355959578377,0.15997009251434693,0.073851762942835,0.07917404379870109,0.11624410611122865,0.06278986341100652,0.1591382944851243,0.09157734975639979
0.1541494653405541,0.08677745108214445,0.07354310278642656,0.16262462215484283,0.09496059524899607,0.12663420765760133,0.06929514991914273,0.09071661304586472,0.1412987927644272
0.2911303849043457,0.08359585229876887,0.09759928487379903,0.06636328702171039,0.09981412458021958,0.09993192642951398,0.08147708708847902,0.13904116348933132,0.04104688931383224
0.20612104767848505,0.06306807338503416,0.14473479858926527,0.07309640680480432,0.08200516661237774,0.05528383112827947,0.06258755176319404,0.2751735740030739,0.03792955003548607
0.22932312773300575,0.0701463827791802,0.15472409119135702,0.0752070999109899,0.0878142592679948,0.08998731115452029,0.06765742164222709,0.1816376898230958,0.04350261649762919
0.1835028782805278,0.08056275792156387,0.10254109543180885,0.06749138107652362,0.08138823122519522,0.05520756123370276,0.05761048702210219,0.32004246522005836,0.0516531425885173
0.22471510814509024,0.05600126755941955,0.10377056378131173,0.0675836240923396,0.07829692742831529,0.09201232604644778,0.08007704615739818,0.26301973555382463,0.03452340123585293
0.17773132800752847,0.054398190438349,0.09820407107115882,0.09107110194317969,0.07732611900612507,0.0870221321655169,0.05537718979030177,0.32403496242615043,0.034834905151689945
0.40248697357822305,0.06290269257393198,0.08737310828008377,0.08325695668434693,0.08465595281666499,0.07783566933860396,0.060277943693144265,0.09683549383267137,0.04437520920232976
0.23429177744142102,0.07044870341397241,0.144430304526622,0.07998204563007272,0.09245766029009068,0.06758790597519553,0.06972524364243345,0.19538676153020773,0.04568959754998447
0.19801526530339708,0.17972829186305336,0.11023152365347087,0.0738472943509031,0.0837203722218176,0.09530524207970541,0.06322762807895438,0.15621295320706832,0.03971142924162982
0.17351736833740064,0.052032345284702824,0.09908112457339169,0.0578301811130054,0.0721443709523341,0.07478255875924837,0.05091995840769609,0.3867601475533931,0.03293194501882786
0.1838681878266207,0.05739375038599476,0.11166674945307563,0.06527984697547835,0.07724085336665265,0.08739088285147394,0.05668633267887351,0.28085582258028796,0.07961757388154243
0.2270337531504767,0.08881510203741978,0.14551339578509395,0.07186346395140737,0.0876998449671299,0.08205322422426943,0.06573302554925133,0.18813559665307086,0.04315259368188077
0.2819581072091147,0.0639929100715521,0.13130009907088222,0.07104115264217618,0.08300154739300164,0.08570635136149646,0.06281504108933389,0.15903437182214206,0.061150419340300737
0.22650513524657012,0.08037103352576674,0.21290770648922744,0.05445545650605759,0.08448368431838225,0.1204609937718248,0.06576231711538318,0.10252512261504852,0.05252855041173942
