0.12936101038045916,0.029510355108651156,0.03656980046560271,0.11887435903853188,0.04914652877173507,0.2584006506493905,0.038134747954312036,0.1094730964041794,0.2305294512271381
0.13874650907997135,0.02793384161481757,0.05900017163304311,0.12357340981409559,0.1072248438324215,0.17338525360180415,0.03742598386333104,0.11375470457371929,0.21895528198679629
0.16539166367333522,0.07109631310931411,0.08808225546149677,0.117974997196806,0.04967925793558329,0.16143957800393657,0.03288103079673383,0.10673013443279437,0.2067247693899998
0.13477370988566598,0.05391285603499577,0.030691124370373534,0.11644166743830808,0.047838502879976756,0.27319786967716914,0.023630278944768907,0.12069586113657726,0.19881812963216453
0.14489218411858873,0.04018079341443549,0.08528778216200333,0.1161305822265124,0.06335387924663577,0.22335469400291294,0.01819330925511255,0.1021154182390459,0.20649135733475296
0.16842837333631036,0.03345285750610338,0.038970707074101725,0.11219705383192861,0.0489681456915037,0.21490043711406007,0.0594229052551572,0.09479571853813888,0.22886380165269607
0.1719629715293858,0.03266045322043889,0.0395348880175743,0.12252696429042553,0.05253934593791093,0.18472860793520476,0.04925519926122085,0.11421060791644423,0.23258096189139477
0.15921908983452257,0.029411792757371002,0.054289554454325435,0.10407731668433745,0.04896419063324004,0.1846172564788895,0.13047327160166022,0.08503267625667706,0.2039148512989767
0.14489026684314932,0.03024706067537704,0.03386923234064424,0.1009144220392726,0.04625662122034754,0.29566285174070334,0.045198047433296314,0.08355913003082106,0.21940236767638854
0.1078586972384098,0.04745360298728779,0.028820054708749904,0.09150279294468126,0.03823314888095039,0.22185293590207064,0.0345542507306796,0.07465754059433745,0.35506697601283316
0.15686247206400172,0.05364780038266733,0.028199943089783682,0.09772235042850004,0.050453005155005774,0.22010191727649298,0.03530058547926606,0.07984880750160044,0.2778631186226819
0.17627424249643062,0.04567785240089772,0.08304229701370529,0.0995516126239243,0.03858877129722297,0.19843656562496018,0.026917821099825337,0.0809641851576906,0.250546652285343
0.1377179093187,0.08566685785059373,0.03884705978330517,0.1258478422151282,0.04863866751158024,0.1794866718352899,0.04325378557478194,0.10602189517161875,0.23451931073900203
0.13125010620877578,0.024787327485883425,0.03293011041561184,0.10412310959419635,0.04963448869510156,0.22038289599642202,0.1598881912303973,0.08770642779748998,0.18929734257612174
0.17241395150818828,0.028818829499007003,0.032942938294512676,0.1090198515655008,0.04944917711924592,0.18859022691350993,0.1289746817452431,0.08914407254548722,0.2006462708093051
0.1492553221277069,0.02950349752216973,0.05663811023311055,0.10102865663023497,0.04577030356630238,0.15778237501637282,0.04715363358192457,0.08399509933034299,0.32887300199183506
0.20044896051947522,0.01423421692114723,0.11510828940662819,0.11484565913267591,0.037921430992509504,0.14280874417416722,0.13987886679139183,0.11105657653746741,0.1236972555245374
0.12052695969115344,0.0328497003423494,0.03727419398671076,0.11197314655135944,0.0475082551845776,0.2639900989442199,0.05061043366548302,0.09457988151239427,0.24068733012175225
0.14253222630513915,0.025356807358747107,0.030588966549129196,0.09853005542065951,0.04287574343434502,0.14271541393994386,0.03427217405057413,0.0972194550970465,0.38590915784441554
0.160306886911157,0.02704340695587211,0.05901388153471834,0.1061763634249695,0.04680843028299236,0.2113422020737533,0.042711567454689715,0.08687423997313674,0.25972302138871095
0.15417174673769674,0.038454988410352026,0.04070827499454328,0.10997258309332379,0.05336686433364807,0.1873078307343763,0.07368215314639322,0.09303319805278694,0.24930236049687973
0.17274027321480548,0.022261503708610186,0.07685121830707091,0.11069849843406128,0.05922959275701589,0.15258377769772644,0.02975943171206068,0.08697066161144114,0.288905042557208
0.13457661189459066,0.03552533275711168,0.04006417546772116,0.12008427493349531,0.05650644902986705,0.1924729122380382,0.05832167633444365,0.1115887808899727,0.2508597864547596
0.14900855677073288,0.029618825561307544,0.034049964751658515,0.10222536614430304,0.06686682227209421,0.16006825493863489,0.04715027699999841,0.08424491614830364,0.32676701641296696
0.1596891382772455,0.020262006430026017,0.030003092736637847,0.11115075756408806,0.11858426035749862,0.16644878668106264,0.027961429205496564,0.09546713314960471,0.27043339559834007
0.1901894614887294,0.02172875827921751,0.04332862632419059,0.1164442085830465,0.06239749051103851,0.158593932416519,0.10557027036145179,0.12721144071744286,0.17453581131836382
0.1396746709326894,0.025892724092094473,0.03147021859227284,0.09694267251193837,0.04348992394634355,0.1520390463986203,0.04225626481811761,0.09013087399007613,0.3781036047178474
0.11439327155261118,0.1631039262729855,0.02653610099558482,0.09746578822286713,0.03517459563750017,0.1232297792231914,0.09028391977735116,0.09482711502277996,0.25498550329512865
0.16838288500633947,0.029030392883125856,0.08213151677073777,0.10770944679607204,0.0452915656889639,0.22583032927167368,0.049057058231593266,0.09036124739791757,0.20220555795357645
0.15433666077818778,0.022206741191972135,0.04452402630746288,0.09847840312048584,0.03943677097493697,0.22676558950691772,0.1570969524447727,0.08088906354267246,0.17626579213259153
0.1426395903606907,0.21341840340305962,0.04697163167102144,0.09022848526196138,0.03297114802551443,0.13045552232388444,0.029725930932559097,0.07509469399772019,0.23849459402358875
0.10600371335145649,0.028746207133926827,0.03439278926899347,0.09723089144175327,0.037728102283867054,0.14889384155860297,0.24467068919384496,0.08405617762758726,0.21827758813996767
0.12018871944662612,0.05757730683628907,0.04172590747046868,0.09995874925021218,0.03614737486163004,0.13704325407587392,0.14126797179619285,0.09083885156966408,0.2752518646930431
0.15417174673769674,0.038454988410352026,0.04070827499454328,0.10997258309332379,0.05336686433364807,0.1873078307343763,0.07368215314639322,0.09303319805278694,0.24930236049687973
0.1546494633675568,0.02657632638678129,0.03452049983077622,0.09598944153987236,0.03822665601695776,0.18077571703658976,0.19993122071105718,0.08234687291080765,0.18698380219960106
0.19201615417284948,0.09370705881162573,0.08973753556850782,0.1120340469913041,0.042076337788233976,0.18246936080806977,0.029176483242005394,0.10152906973395902,0.1572539528834447
0.15417174673769674,0.038454988410352026,0.04070827499454328,0.10997258309332379,0.05336686433364807,0.1873078307343763,0.07368215314639322,0.09303319805278694,0.24930236049687973
0.14885427955289746,0.03381312935415661,0.03506158028222524,0.10262174028495392,0.04931071127667691,0.1668445668186256,0.15455394840534523,0.08569622515582588,0.22324381886929312
0.11624319531090059,0.0853102184730233,0.026049226660278004,0.1229016641265925,0.07494486652116104,0.1553503865809228,0.07157038462945725,0.11527526878693177,0.23235478891073277
0.13719822508253351,0.03316845226506617,0.061824023628456896,0.12048277350618343,0.07305987336052912,0.18989114325249898,0.05298507580037606,0.09713065878659162,0.23425977431776426
0.14644310558224666,0.03160572755145536,0.03509351709499383,0.10239965306682591,0.047363740899898706,0.27919022383478304,0.04907861193920837,0.08520378261858468,0.22362163741200347
0.14459440626393164,0.022136335279161697,0.08445217628813735,0.09775541248945457,0.08145802682291202,0.13111235446216876,0.17525276723675987,0.08150089195402967,0.18173762920344447
0.12498104237377743,0.044262621708135046,0.02629813185042713,0.10558054295716801,0.03891756185772135,0.36811062297434655,0.030697553953428918,0.08525971582815217,0.17589220649684348
0.1442988516563735,0.02565563534796228,0.03065600004775097,0.0943894360640329,0.03802229314905686,0.1374809486382295,0.035739397431530755,0.07969865711969608,0.4140587805453672
0.1659379528902298,0.030326296003687494,0.058452483402969546,0.11211234043174782,0.051665543810249674,0.22628664082242503,0.045381778098919856,0.09124263312572219,0.2185943314140486
0.06282042114401147,0.013604676389839905,0.020071815787563414,0.07926029012112758,0.028101970797770062,0.10318439274583147,0.36251998589730733,0.07105240910188909,0.25938403801465976
0.10623423599733717,0.02025333641225709,0.04726944635916053,0.0926693513576108,0.035993343158134135,0.1237167237247011,0.32531018828774894,0.07622366426389378,0.17232971043915646
0.12538102764187894,0.026333782733124048,0.03691980728467809,0.10983910969377615,0.03451499452985837,0.1642488002896417,0.20164416267804283,0.09672725668822439,0.20439105846077546
0.18875427210150228,0.029296625085442427,0.03682759372150887,0.12067191944368931,0.06517895789554858,0.18541726845064546,0.048142760542481865,0.1137074072179221,0.2120031955412591
0.1217542026071244,0.1637636356326643,0.031116442975178155,0.10664549503350691,0.03306969507406359,0.13427701729013913,0.13177129781760902,0.09811350132376818,0.17948871224594623
0.094020475769697,0.006916720152587954,0.011871049458184277,0.06692811763138341,0.024207855103812726,0.07965416989104034,0.3469685565969393,0.065687901111867,0.30374515428448795
0.13350515208691435,0.01669842458047842,0.01917124868098756,0.0875065432072395,0.3677853214576481,0.11579705264693634,0.018410124397230995,0.06403884336793585,0.1770872895746289
0.19017985670508356,0.06503350509531143,0.057614867101425486,0.11912288530281567,0.048237299664044296,0.174644944446624,0.045305294482406576,0.09976463785975469,0.2000967093425342
0.11531386992440906,0.02965360149170432,0.06296916523592486,0.12695115908334098,0.06292445509676901,0.22639644188630395,0.04307147781812254,0.10626086251078987,0.22645896695263537
0.1713869045630992,0.12269362820281782,0.038437524706221735,0.09533786417418222,0.16471996109539433,0.15843759038800628,0.016910796202788486,0.08437420985902273,0.14770152080846713
0.15900297372709418,0.01288300023302183,0.03384198491949484,0.08867113534481379,0.040156292829197617,0.2373466691273046,0.1696942061441826,0.06973912340424336,0.18866461427064718
0.11804869606561962,0.03042155346761045,0.037650561761466354,0.1327040894002072,0.10364739229037306,0.1806889349722899,0.03727484988462925,0.11718546355928992,0.24237845859851423
0.12887404690821674,0.05485162423311715,0.02827811268687441,0.10385122482080185,0.08389342055794902,0.19883503543821182,0.028357547636548745,0.08338551485606253,0.2896734728622177
0.16636771781973986,0.030283394839609002,0.1187184578128721,0.10920798713106006,0.04728589798414185,0.1751390410346733,0.052758071832315484,0.09137862202446845,0.20886080952111988
0.16824070313483508,0.034768608241576765,0.04019152236695951,0.1185980991862533,0.05252632329973084,0.1871373819614762,0.059605751525966554,0.0992206836878291,0.23971092659537266
0.15663335470012937,0.03187037720024954,0.03562685167873786,0.10696925540768644,0.046869237945428764,0.26005568431481585,0.04961829119688938,0.08968799063976678,0.22266895691629615
0.15267435983105757,0.034619933801651424,0.036861582111621875,0.1085539583028089,0.1099582847410104,0.17301355081457104,0.05687781939638562,0.08928592227365073,0.2381545887272425
0.15822687907039015,0.029411112926702936,0.035121664470477314,0.1087318504512007,0.049374577787518394,0.20112969019064722,0.04746873735811077,0.08927863160525394,0.28125685613969853
0.16294527435578912,0.03338694873501474,0.05867102810969451,0.10889991858260421,0.04816697419777049,0.21180741145739632,0.059765550409581536,0.09198234047049665,0.2243745536816524
0.12969655251342996,0.1731073628144261,0.03581218642152175,0.10965201490465565,0.043700267730951654,0.17120335202875817,0.04539748663454401,0.09214581263154302,0.1992849643201696
0.15685702769301046,0.031456907858368105,0.0358291394416675,0.1070822153398681,0.04710107259089738,0.25640884632787386,0.051184068835568704,0.08969018544895763,0.22439053646378823
0.09916772407182851,0.08554434794422688,0.04009525788024473,0.12897314278377517,0.026643551819040212,0.132026181862365,0.2003531331063139,0.14777822587719494,0.13941843465501064
0.14536771879281593,0.049265445561608646,0.06128650326287424,0.12779092261040823,0.058128452975168804,0.18563496704414972,0.04305127992765711,0.10141922053926682,0.2280554892860505
0.16890391470622057,0.026856591073879898,0.03535174025246212,0.11348930513777157,0.08746780608955156,0.22231210981365415,0.04204734166176296,0.10957974102036139,0.19399145024433573
0.136483802486608,0.019462166274439474,0.02659066717594738,0.08490237341042291,0.03127658080863512,0.34608589778532606,0.12113166506534945,0.07093585293957014,0.16313099405370152
0.15417174673769674,0.038454988410352026,0.04070827499454328,0.10997258309332379,0.05336686433364807,0.1873078307343763,0.07368215314639322,0.09303319805278694,0.24930236049687973
0.15180573542126266,0.09811000975399835,0.037909569909999746,0.10769518856487492,0.049356968056676616,0.17335067998195527,0.05808699153787487,0.0903144471657097,0.2333704096076478
0.1319379895524927,0.025500778998210294,0.03075787261777244,0.10921612191868481,0.09022191788619154,0.21236009670125675,0.11405672442205761,0.08755534378288156,0.19839315412045225
0.1532703099865477,0.03190368042095979,0.036170264476806824,0.10920321154080487,0.05035050063470343,0.25432568587898025,0.04754501204564085,0.08975412286978084,0.2274772121457754
0.15352245461394934,0.024560181609739884,0.05546107996720093,0.12711840993679488,0.04821135757868444,0.17555939719858224,0.0351385879094693,0.18040131775673718,0.2000272134288418
0.161632395868025,0.02071084210891321,0.046520265615564604,0.10970473775304661,0.04592802247583827,0.13589879193135987,0.09284744255460502,0.11033309478347224,0.2764244069091752
0.1584037933939653,0.04280947375548997,0.04403123386744922,0.09935283274046286,0.07075531168440967,0.21597034706392457,0.023562632572120434,0.08976284831500701,0.25535152660717103
0.13827436103847443,0.025703281407214087,0.029364886665428153,0.09442683411623694,0.12178267841741654,0.13227032333058128,0.03178107077327556,0.07650343192537586,0.3498931323259972
0.17993564750060953,0.06717737142935251,0.03580621280884363,0.12455910500664603,0.045219521400631624,0.16427033961395568,0.030150257240754447,0.15327526815621118,0.19960627684299534
0.1200270966451286,0.025237270662105616,0.026960789106665727,0.10676505089799763,0.20160257633688863,0.14080195150235772,0.09592791434827326,0.08442340530147392,0.19825394519910888
0.12780736176274524,0.02443658000109718,0.030316883410568634,0.0837286923605514,0.032986690907553025,0.13749445583994727,0.20608854755947567,0.07240680627753075,0.28473398188053084
0.14082350852726608,0.01914951000009162,0.024267364249326708,0.08990850399005675,0.11912193126919825,0.15842870197273964,0.02145642165453573,0.07216395122744564,0.35468010710933967
0.14934718776863645,0.029001736130319686,0.03240529439645367,0.09864891068517091,0.043244306774513706,0.19863033311425063,0.04442281846060784,0.08274253416142306,0.321556878508624
0.1731311454018899,0.04475151773312815,0.045546393076987046,0.11973175132470147,0.04469499613791164,0.134817369871692,0.0866727327114734,0.18110338765858938,0.169550706083627
0.16188526161238717,0.09797855166596997,0.03608147139288392,0.1043984055221225,0.046834993160935035,0.2113615192964197,0.05104342464191033,0.08688650895567888,0.20352986375169246
0.12398039047407593,0.030353235310507227,0.03403672708320669,0.09860583422314262,0.024235380759167587,0.18971372597004418,0.29158287034696356,0.0960072008084773,0.11148463502441491
0.15417174673769674,0.038454988410352026,0.04070827499454328,0.10997258309332379,0.05336686433364807,0.1873078307343763,0.07368215314639322,0.09303319805278694,0.24930236049687973
0.1815101847378119,0.05041694678837774,0.029263461216553738,0.11242706518871248,0.07128364907615839,0.15041685534420793,0.08880251680960843,0.13984795992153412,0.17603136091703528
0.15251257215433425,0.09113037574906961,0.0313763269453483,0.10083313661744951,0.04315608414881981,0.14601054894899426,0.03363328897581746,0.08241410909653991,0.3189335573636269
0.17452760620532692,0.02443455166476023,0.03156989161390928,0.10555238142502414,0.10816585776091947,0.24982655353831706,0.03553640657950382,0.0847577592803437,0.1856289919318955
0.11413265250430266,0.007480394971072471,0.01281559552866316,0.09488075884902947,0.044091041894063966,0.07395453194685915,0.3667529438303238,0.15713676076216926,0.1287553197135161
0.17182062818756727,0.03159733658727662,0.03822446770412366,0.11833167586503479,0.06942346435198866,0.18390652058121737,0.05191984357378926,0.11038098269701428,0.224395080451988
0.14719850371970164,0.18246749029797096,0.03527912557758611,0.0978925033178708,0.043337719292029085,0.1641951534952205,0.05224439719579375,0.08252614290764074,0.19485896419618642
0.15756753878825733,0.02222966727484679,0.026489350286555646,0.10604465071021262,0.17287451243054064,0.13579628806008293,0.08491280924893996,0.10938708563355663,0.18469809756700759
0.15492776580966824,0.028308635712678564,0.032285401432715605,0.10443989907544649,0.04648332538166394,0.28704010523143003,0.03810966188240376,0.09719521704413892,0.2112099884298544
0.10820117948192949,0.021348546418342985,0.04739835171971251,0.11314713737583038,0.059196232462826244,0.24059691276487458,0.026423036213810067,0.08803752692342208,0.29565107663925166
0.1491629138625973,0.030164627907937894,0.03525252372251066,0.10514199222123992,0.04672711497264428,0.15943402745088778,0.04476470997788216,0.08728531950285724,0.3420667703814428
0.15578545542272085,0.03186235307336522,0.03561914104923678,0.10836375051545476,0.12392793093116218,0.16927133261172633,0.05171532607013069,0.10236861066400864,0.22108609966219453
0.11579031869393851,0.06940855064201519,0.034314852206524346,0.09869296565647635,0.036530595868820404,0.15723913063360764,0.20374628239833695,0.08572369396866307,0.19855360993161753
0.15439304169703436,0.026681420621099777,0.0891071599586496,0.10203509408616919,0.047872283363809935,0.16590991506968697,0.04746870494157122,0.08268727559465226,0.28384510466732676
0.13387337844960992,0.02618206070386636,0.03120296428403424,0.08984398487988789,0.08292690770084654,0.13426733321750303,0.22546536249846474,0.07659558246000168,0.19964242580578564
0.14505026802925444,0.05367174781867992,0.07778763248437813,0.12889501212867752,0.05216820953309384,0.2360912779284304,0.017550776728308123,0.10051294362337215,0.18827213172580545
0.12156553649841761,0.2106625142668858,0.02535950257011228,0.0933241987208348,0.03169888166805755,0.12313252450979541,0.1577543202180279,0.07925961286134066,0.15724290868652807
0.13563429081283543,0.02462033121061007,0.030760755986115117,0.09169204254638919,0.03555538484281099,0.20431726438968068,0.20611728478518856,0.0775235025518098,0.19377914287456008
0.08404950469814598,0.021394117003928303,0.029690701265667082,0.09816128641820358,0.02894868849349373,0.12581754109370694,0.3248722284832745,0.092165966824783,0.19489996571879695
0.1431566429374389,0.022483456501691357,0.02677792532790228,0.09142474863017082,0.039423131456979,0.3203481198649105,0.10719553587911891,0.07433985205505322,0.1748505873467349
0.1666004904665342,0.08754749921161807,0.03662008234686744,0.11164707797733775,0.04697111026842176,0.19382019059265543,0.047199641920258904,0.09348142589337873,0.2161124813229277
0.12937676562338316,0.07619469148855432,0.06618884746057051,0.11829053006433715,0.04847779130333011,0.17777906215032205,0.05054897735603362,0.0998681204073419,0.2332752141461271
0.18356253619164917,0.09204295333981709,0.034331252515497755,0.11490623020637951,0.04947781310509521,0.16644746458683649,0.03860474781540742,0.14163764008304053,0.1789893621562768
0.15221771714061874,0.01452393197363433,0.022529566970094093,0.09154370765102215,0.03204082991126712,0.15087808262030028,0.1132246703069818,0.09504561856456221,0.32799587486151927
0.1812708449194813,0.030197672882436525,0.03779157230525467,0.12047166578894093,0.05266952315821294,0.1834132041069901,0.047179795083889836,0.1272315493925359,0.2197741723622578
0.14982032400418163,0.04538868851902931,0.025344511358177852,0.09366086320764468,0.03526116134458331,0.19814484385842338,0.1330900026361068,0.07628116341870647,0.24300844165314653
0.1273258487188385,0.06528632426456488,0.05779548573325192,0.13482624281998437,0.06724513555703403,0.16160938004283476,0.0904337904309873,0.1109738553471538,0.18450393708535043
0.15683406652954032,0.032575382044314864,0.036784226772708185,0.11279004053757762,0.10418179451532393,0.17130699875109082,0.04844344125034832,0.10446162334180227,0.23262242625729368
0.09436661543962695,0.015074808649686152,0.020686388869624234,0.07811448536216488,0.030465374109527713,0.22358865959118734,0.10616145481742034,0.06320785489728685,0.36833435826347544
0.15509402459593122,0.03239286972557748,0.06040375021253971,0.11104723883428559,0.10203889730309834,0.16962654224538376,0.047804381081846786,0.09029969413887236,0.2312926018624647
0.1073515750196481,0.02458404810585979,0.03005968446015453,0.09872173366313138,0.04045329345139622,0.29025003701115715,0.027508426937321365,0.08107438731913967,0.2999968140321918
0.11472919635331141,0.01899213593163973,0.027307350097937985,0.09629167924699579,0.04959847152883625,0.22094810066327478,0.025571618583156635,0.08461318259440374,0.3619482650004436
0.16355880610985163,0.03651657031444693,0.039834296786672115,0.11358414639050347,0.05567649051694986,0.18892179104270038,0.06484477573746773,0.09421507930681157,0.24284804379459635
0.13556869545375658,0.03400274724779744,0.046617305730708485,0.14144258756824732,0.047034673544382295,0.2142789275700364,0.07075335739354828,0.1577554842235366,0.15254622126798664
0.1608666445118122,0.08087492759233757,0.03847238863621757,0.11299597372657831,0.05204725660758323,0.18070809751636163,0.05415301744838433,0.09324115520604026,0.2266405387546849
0.13975259151326833,0.06353445096874415,0.045821105713690996,0.1080707205964307,0.2303116567431532,0.13733701278885124,0.022008400615934256,0.08687259735293656,0.16629146370699058
0.086209018789563,0.016464253627631088,0.0405931124398485,0.09255939546780956,0.06498428165942637,0.13479911170298928,0.2632793698614235,0.07249997988544804,0.22861147656586078
0.12929248288178918,0.0381957667746085,0.04194392890805498,0.11739944724676672,0.05161675972512695,0.1920738471303712,0.07011169326664078,0.1004749327375087,0.25889114132913305
0.09379346242590329,0.029454118999481766,0.03701683718155716,0.1276579329688239,0.04824073284515357,0.27123008668078136,0.03487727611922722,0.1185938555142233,0.2391356972648484
0.12817735974945946,0.03831151175491673,0.041335124763810384,0.11824713986244284,0.05631138553254961,0.1934340002907741,0.0655186964990502,0.09882296219797075,0.259841819349026
0.08800669372575513,0.009359211269264561,0.014586637419144115,0.06517478716473496,0.02268290356689474,0.0994209133544748,0.3204369604007868,0.052832115746243045,0.3274997773527018
0.1360620852170968,0.13738017713358738,0.027086492673598823,0.08990833209340772,0.036014343628162755,0.12942296415020035,0.027445287759154297,0.07328494856326348,0.3433953687815285
0.11906735088560437,0.03248884808731647,0.03705406779820213,0.11154248502923364,0.04702153098172365,0.2700209827221938,0.0492430486344562,0.09430307465399497,0.23925861120727474
0.1580461853914455,0.03715341419851755,0.04013583026319065,0.11100035952413694,0.05375061287992222,0.18699625296806152,0.06864814238440535,0.09915489433400937,0.24511430805631093
0.14664420098649183,0.03038931713900835,0.05706335119090746,0.10137392292902436,0.04935967845486721,0.16380513236611902,0.052563993376069616,0.08296835931348352,0.3158320442440286
0.11581230066766186,0.05812791092138414,0.042869794818925215,0.09505500887384788,0.21075405111399326,0.2199021035890341,0.01998981650946916,0.07617415654397149,0.1613148569617129
0.16289533889431768,0.02907220605003365,0.05635202882265969,0.10591829306944366,0.05174196821375617,0.16389749593965838,0.14112953145644344,0.08525424854332282,0.2037388890103645
0.16847136639709256,0.03431277675003652,0.03964613078484785,0.11865221937724264,0.05687452020351575,0.18864290847461104,0.05724922848551458,0.09699934509700803,0.239151504430131
0.13803569789039247,0.02987634179187167,0.036127439019879914,0.09287848844804832,0.037592918875753806,0.15936715216741568,0.22206877399462854,0.0814754099013547,0.20257777791065498
0.17007947251735167,0.03426054725430291,0.03881941633042653,0.1148596851296008,0.055974789834741086,0.18736030804843415,0.0583558686934463,0.1063015110294454,0.2339884011622511
0.15980573919192154,0.08305110356357036,0.0320233699124106,0.10335184972865476,0.044791322376006915,0.24001836965545828,0.0419568083611691,0.08604202781308513,0.2089594093977232
0.12646135681371592,0.03815380821496445,0.042088781081827155,0.11835468758168165,0.05140630376808434,0.19261988929219273,0.06964809501351873,0.10143431887845407,0.25983275935556094
0.11797689910056659,0.023839822314815937,0.03221342938504481,0.09752607741010012,0.03141149785605397,0.2270653354545901,0.19610203660237424,0.08563504534135485,0.1882298565350994
0.1464309531116072,0.0296514338786189,0.05776035359717352,0.10240338687677573,0.045335348213808024,0.15513240287728255,0.04364153192006668,0.08520889059117313,0.33443569893349423
0.1587417354403032,0.029707249688987858,0.05866995426807709,0.11096848223707075,0.04991322890141383,0.16816408916341463,0.04790832207353,0.09128544076754663,0.284641497459656
0.16766515267871465,0.02829485110035494,0.09994001042449545,0.11237487046336499,0.06417516766371346,0.17450388315191898,0.04730624596411159,0.1015439058333281,0.20419591271999785
0.14964803114717243,0.1448691349358627,0.029465907929258583,0.10586042864748334,0.05975569067328873,0.1267744000734705,0.10781747055682679,0.09213471434840086,0.1836742216882361
0.13243273150682516,0.13573988470654766,0.049645620667888885,0.11221017098117382,0.04213922150670524,0.14608731095323166,0.09849641887821266,0.10113969952777264,0.18210894127164232
0.12997514902723403,0.029235043715582148,0.03589537345808571,0.11762855669155554,0.045881471149899176,0.26637022550495737,0.03769474885362644,0.11096742214761486,0.22635200945144465
0.1512555939844113,0.10322461777624403,0.037810625187819934,0.107155903416197,0.04916728807630608,0.172147418929162,0.05670745166285396,0.08984200608717148,0.23268909487983425
0.15432922034057542,0.02943580248605134,0.05079250356852438,0.10431648843126318,0.08007807601156978,0.15764890929249795,0.13136554701308492,0.08517070748019417,0.20686274537623897
0.16501096115125213,0.08254611622272164,0.03440395486753378,0.09291152086567227,0.0915069779291285,0.21294365259802953,0.1129579332561944,0.08224703924658544,0.12547184386288235
0.14936076437701115,0.020600242972144384,0.03161809988055514,0.12147212597935508,0.04470659271767935,0.18230643488688278,0.02530575115454806,0.14320193222631203,0.28142805580551206
0.11853863653311948,0.053889025530442204,0.0350121533904792,0.13449458844738768,0.046298686258240414,0.15241953519804466,0.11588992478102601,0.13257949896780685,0.21087795089345343
0.15983877609566544,0.03642264036278311,0.04051137211677279,0.11572527006404969,0.05470053776194123,0.18830749249623377,0.06262053383991023,0.09629666670108376,0.24557671056155997
0.1645189308114226,0.08910601474351172,0.03738953733677417,0.11473873798209551,0.04777673254074649,0.17162154232261517,0.04501664711748007,0.10802090794956122,0.22181094919579306
0.11346335895736577,0.09509103835098105,0.029076127500294535,0.09008683405379804,0.02770581695303184,0.13261477046460854,0.2681331048550828,0.08419949010856369,0.15962945875627377
0.1333003376291286,0.11031774668811616,0.025340750158565264,0.08285444397215187,0.03235032543461345,0.11542193416320602,0.26302849918325916,0.06981720344033131,0.1675687593306282
0.15072262457886418,0.19451698939289122,0.030025925241636792,0.09763583824488054,0.08669360156354229,0.13925559259460255,0.031940933950510425,0.08206310098370068,0.18714539344937128
0.15758064168122787,0.09307029968172802,0.03780217579299727,0.11356074141224953,0.05095904440984602,0.17360518764661148,0.04955474124869544,0.09367603763990635,0.23019113048673792
0.15417174673769674,0.038454988410352026,0.04070827499454328,0.10997258309332379,0.05336686433364807,0.1873078307343763,0.07368215314639322,0.09303319805278694,0.24930236049687973
0.14964942878616147,0.02644082855419806,0.07303958736147471,0.10263203678314019,0.18348281478141273,0.15821681625216116,0.040837086586861804,0.08149804609532608,0.18420335479926378
0.15349742499656577,0.020217712224318615,0.08682758910042987,0.10235318684813545,0.051160136600669814,0.1454593699167117,0.030439765534524585,0.08221720587478058,0.3278276089038636
0.13711191115130264,0.019159164390962848,0.07846332512690152,0.10606308554093087,0.04072865131245734,0.3413789402871304,0.01635048683167187,0.08574634341592119,0.17499809194272128
0.15622173267345388,0.026989182449329834,0.035533355555899836,0.10819599275031401,0.04417140837258624,0.16719221883384858,0.045486845831706584,0.09028702067343782,0.3259222428594233
0.1655686354361382,0.028561838006123635,0.03137439824320288,0.10394657704492376,0.11541270078942097,0.20820848413268922,0.04457782683112022,0.09900954587059285,0.20333999364578823
0.15417174673769674,0.038454988410352026,0.04070827499454328,0.10997258309332379,0.05336686433364807,0.1873078307343763,0.07368215314639322,0.09303319805278694,0.24930236049687973
0.15417174673769674,0.038454988410352026,0.04070827499454328,0.10997258309332379,0.05336686433364807,0.1873078307343763,0.07368215314639322,0.09303319805278694,0.24930236049687973
