0.050614922193487205,0.21728455899563456,0.06510340061689969,0.010055722108177729,0.04789239623759653,0.11631136755171963,0.3272871689271088,0.07032396694808159,0.09512649642129432
0.05490616969932477,0.08821639849640255,0.06512144651016094,0.028272030155443547,0.05884920611963962,0.0464529647178925,0.3834189065923959,0.05642137572090714,0.21834150198783295
0.045459920840284225,0.136240846177246,0.10223287659795703,0.020379505097770537,0.07132986891428778,0.01942202256094924,0.21893096500464862,0.029174828008988088,0.35682916679786847
0.06307194952603835,0.08723902139459945,0.032554017931397235,0.0644611564830062,0.04449450960765935,0.07514028959092643,0.3306509679396025,0.03586472291057963,0.26652336461619086
0.03940114498986608,0.05869794315506261,0.047933481295974134,0.012887333459431797,0.0388500667541002,0.11178805616194065,0.3442591357665183,0.02991438212339481,0.31626845629371153
0.052544624810113294,0.12754500509686767,0.03919816820771438,0.012751846300654603,0.045609021329189085,0.054035874859039275,0.45393118287748574,0.07800106107115005,0.13638321544778584
0.07188322816763952,0.08461920741321148,0.04214811452763672,0.031008473835414083,0.1814625207505964,0.04625699235661516,0.3785481211560908,0.045444499954026295,0.11862884183876943
0.050777984659451235,0.08589787773774438,0.03749865895337927,0.011407194533879792,0.060148623915897405,0.19321386907307567,0.36534882705759797,0.044119017437952886,0.1515879466310214
0.10300558269086409,0.20107077864725817,0.07467784134605931,0.056576767440533283,0.048467834357670804,0.03759949311174752,0.3359476134018789,0.04246867703193263,0.10018541197205531
0.05372775625009835,0.07775462217721722,0.17468185044584458,0.02578038480626313,0.04335580022802573,0.04322178586322972,0.3585823619195776,0.042976799141379106,0.1799186391683645
0.12851951384332488,0.08769960333197928,0.03341660060722448,0.00801650504590839,0.04223444731230468,0.043280138925283464,0.44100463946548185,0.06440390818944507,0.15142464327904795
0.047267667564163535,0.07565391663039628,0.033634329869377345,0.0189776042233815,0.040479610840150324,0.18740588057973928,0.34030152648134476,0.05232217960418928,0.20395728420725764
0.047111882977710795,0.09286712216863056,0.019514294798403903,0.027831167076048064,0.028500732727702538,0.1769164485469803,0.27071284194378636,0.029557412466326663,0.3069880972944108
0.08754770148154822,0.09407066994955211,0.040537606365790894,0.04936815730584682,0.06268632097037216,0.05801547280871317,0.41647971931769767,0.04774972196072044,0.1435446298397585
0.049509539822390425,0.10428223066558934,0.14952355966709113,0.008842996738881925,0.16983419884472095,0.04613375375782169,0.34251556435914926,0.03813447005433602,0.09122368609001931
0.05856428518712877,0.09726787990415477,0.04218646074628693,0.040213287427472585,0.04918555859982917,0.060125101146763484,0.4236118263659665,0.06835358793776673,0.16049201268463112
0.05597838664097691,0.0920037243801769,0.04297964283788455,0.01214013627008808,0.04807952848839132,0.12593839511819854,0.4082568583183646,0.04608623040202527,0.16853709754389387
0.04912568895033779,0.0786299398838008,0.0744993454555709,0.02029401834263802,0.041650595690418915,0.053934647527247796,0.35400246293294907,0.03682452892581361,0.29103877229122305
0.043497958564899956,0.1184388303106463,0.1576795500130166,0.01195249616652039,0.11005368651388316,0.030774810142504553,0.3451659290039613,0.0302115946526965,0.1522251446318712
0.05141496058853276,0.0808811812175032,0.03454798101997853,0.03069414633225369,0.04237948818340272,0.09054113104344985,0.4240549653166081,0.03962427484912332,0.2058618714491478
0.042073671118731455,0.10578633598609466,0.02791745922803565,0.011525792775259974,0.062041811822182845,0.2515969727534967,0.2875641886630686,0.04138431184606134,0.17010945580706874
0.05870127255127574,0.09043718647389935,0.044109900704201906,0.07504377376120153,0.050412471516051556,0.05890986434464323,0.4124656203703238,0.04996599137208237,0.15995391890632052
0.06164497512131515,0.07846279516886283,0.029367788391595134,0.07313878877760178,0.038962054707546954,0.10160448024122455,0.454923151319893,0.05664063786882121,0.10525532840313939
0.124271637757207,0.10679282392066454,0.036525802599723774,0.007835745522584836,0.049526731356720734,0.021443429138166426,0.310522565426316,0.07015454220626009,0.2729267220723566
0.03697693194077442,0.08984726149251426,0.02424611998306384,0.012504023856414123,0.03132177605977958,0.15490609517378542,0.24578172283553276,0.028669103143537652,0.3757469655145979
0.04445353893671435,0.16693406970918032,0.07036608239042806,0.04712099915844872,0.04045832707876634,0.026134474576987757,0.42460498952298,0.03533976665813973,0.14458775196835483
0.07475863727875497,0.0963339224301764,0.060005082823582,0.04859904789813235,0.04888866121314481,0.05632852354556844,0.41484973762723526,0.04597641675737273,0.15425997042603307
0.06816271516530036,0.148029465396231,0.1373405524748749,0.023999779657344445,0.04582415567326078,0.03819080293798612,0.361483599951904,0.06849670091113301,0.10847222783196538
0.06798218540113574,0.12416038682675967,0.09658020239672228,0.012965763011550767,0.04597780203943849,0.04440333235138319,0.461280843671903,0.040707944633255076,0.10594153966785182
0.05317236798137471,0.08954071543415597,0.041528601841057694,0.012993792857798349,0.04582460677894607,0.15468869830939388,0.3870096078929013,0.04638761433289946,0.16885399457147257
0.054093403811972,0.09054894041147003,0.040259772266095305,0.011260219939412196,0.04599469976757561,0.061236355796032836,0.48037208952505495,0.042779608725461625,0.17345490975692548
0.07412390027592643,0.11022916884444177,0.031148332506902434,0.027156340653407548,0.04865926081117276,0.11997860515000625,0.3188809862420442,0.05776373279676502,0.2120596727193337
0.06693610731787963,0.07202866082780544,0.029447948021932884,0.03601660370732159,0.04499388438204183,0.13657928969351707,0.4851101622227881,0.050010014303992545,0.07887732952272085
0.07077473958645215,0.08633166117457573,0.1531205680819511,0.02425161637899058,0.04774863402788809,0.05201743048118495,0.39604875800380546,0.0493233533841932,0.12038323888095877
0.07573892252907298,0.07008689402602063,0.046720627552069106,0.007713028567549886,0.038544340051287755,0.031714844982373334,0.5070554993937985,0.054165849467721676,0.16825999343010625
0.04867104840269576,0.07735786801936877,0.03312738476505056,0.16616407961981933,0.041204709591524204,0.0426064027360345,0.44335102540916305,0.04195966573296117,0.10555781572338267
0.056264856222214575,0.09289625939096502,0.04373506993258743,0.013123531931085763,0.04802040624922194,0.06479666545510421,0.40768814980725293,0.09650203041971261,0.17697303059185554
0.06212800234791313,0.06337211100294803,0.050852210680698506,0.00624796959130074,0.03672004414076765,0.041908396266660104,0.30181812225566645,0.032947088398521784,0.4040060553155235
0.059569875806642004,0.07633261750160956,0.031714867180291186,0.04937402537846656,0.22321451078707275,0.11130396097951033,0.3213647817263366,0.0418934403059569,0.0852319203341141
0.0686231567244288,0.10061121476804612,0.055068476201246386,0.06432497906808808,0.05229278937345672,0.04515392701388238,0.45594273339823105,0.047389287096098964,0.11059343635652158
0.04531579498496833,0.07581621873466811,0.033251249144148905,0.009157504589399398,0.038010940099314,0.15187375671801417,0.32844727026435105,0.03645748155598094,0.2816697839091551
0.05503226262221972,0.09239688284954299,0.041503017892342876,0.012450138514861318,0.045912822805558716,0.06286111896782326,0.4083433526340232,0.11783484399952893,0.16366555971409893
0.058452279779482676,0.106991921970783,0.04248048332530293,0.028905047219512897,0.04972967102086692,0.06517466006870308,0.4276423689126021,0.04774342362936502,0.17288014407338137
0.07043009883829789,0.13363159872158234,0.03851109816724447,0.01200121614850292,0.04563565811758986,0.1388430930506677,0.3708777030222808,0.04334477074635055,0.14672476318748348
0.05260575645734176,0.08999553354311067,0.03756720361323795,0.011170839035745455,0.04657105254206268,0.05309765849984565,0.4454130690560086,0.038670003419153776,0.22490888383349347
0.04037149903779295,0.07038711705627498,0.02745682769575701,0.0837682595040074,0.033851537295276346,0.23970810133239592,0.3813319000855624,0.04062239023395623,0.08250236775897683
0.05536605714797893,0.18631546657564688,0.05535539952585267,0.02608801804472911,0.048130401821977926,0.04957756806412133,0.3873736939686358,0.06977469626936983,0.12201869858168753
0.048542167217221883,0.07542704027401509,0.07971418501438071,0.010332184452734263,0.07237135723427131,0.043557772096142346,0.33357507540929027,0.07104227314270495,0.2654379451592391
0.07382510365442485,0.08928708186126606,0.05122916440468802,0.013044481696797982,0.06512378266395906,0.05210503837335075,0.45979851446570047,0.04612915748583393,0.14945767539397892
0.0394779366698143,0.061560765029892356,0.025419406764280453,0.01621117388994653,0.04087946385806926,0.16170040822659068,0.25211779402512396,0.11975059400179737,0.2828824575344851
0.10792940607231716,0.12728884894514814,0.035290686171953516,0.010248136618208116,0.054809574381280035,0.04608706866115492,0.46284752347172736,0.04312484306836575,0.11237391260984496
0.046182273462980504,0.08207273746239031,0.022004667063610026,0.006341074851222879,0.04912864543446846,0.05279717672251064,0.34445189917024566,0.22738068872348707,0.16964083710908437
0.08117101002854817,0.08026207860943706,0.0565128665073415,0.03730235965516462,0.06032100671612728,0.03659236330438994,0.32273636371775666,0.06793075271759974,0.25717119874363514
0.06196536496687261,0.14685381820474444,0.030761460525748185,0.01149918128839253,0.042593920497071745,0.033612766134959025,0.37187426974870563,0.034096452761528395,0.2667427658719775
0.08064324739649215,0.21009554961405755,0.06909144647084253,0.012349480444732858,0.04273125584449262,0.03009545844945753,0.42303815209194123,0.05096082205968496,0.08099458762829857
0.05504241240636321,0.09244659834568096,0.03797825786295336,0.02191712831781106,0.10427389438234504,0.04901266786775741,0.4775086439147009,0.04172030261571127,0.12010009428667684
0.04208707918873459,0.06340558360997271,0.04202017388473081,0.007998341192931772,0.06893640380193596,0.07398455234534393,0.46859179306779963,0.16140294999053686,0.07157312291801365
0.07129792415689208,0.07375345370039076,0.03559807571248678,0.013625244422639049,0.07235202750124822,0.04186759019747571,0.33995938162526285,0.035164198328912294,0.31638210435469216
0.04526255864653137,0.0792627651607194,0.06231775566581482,0.018707490494888946,0.08404390046841159,0.20186825444475895,0.32500962832628494,0.09582838925770787,0.0876992575348821
0.049279373627375084,0.0863017921660148,0.035122203698540626,0.009381475764445939,0.0422229514475457,0.094141917329641,0.3577027145871335,0.05039588908463887,0.2754516822946645
0.05035961924652858,0.09195390655743473,0.16272679221377614,0.13976757514420143,0.04864328986254802,0.02641193133272322,0.25880186447138614,0.03734299858149435,0.18399202258990743
0.04324204194570564,0.07027176115941187,0.10375006793193842,0.006346131293916883,0.03377131042409833,0.10301992541437853,0.4428278111186493,0.03526666061104803,0.16150429010085302
0.07131800143984934,0.262644463048821,0.061137153264551325,0.008126901424276571,0.06419355014533194,0.08046809205974854,0.3353608042996015,0.053963087300788005,0.06278794701703172
0.0853848042789727,0.08892032190880228,0.057622307472345445,0.0476001172708902,0.05808026350318942,0.10177157951237131,0.3971664680537292,0.04847584843781568,0.11497828956188376
0.053695627996066066,0.20593146275285715,0.03255418967004776,0.022669222846415548,0.10369941687661315,0.03274213659348499,0.3316123916212245,0.03894565616481352,0.17814989547847726
0.051594588502979884,0.16141259454982096,0.17465806463699587,0.005255571419563464,0.03296602088902056,0.12575319676165728,0.34004653026043913,0.06079066236534345,0.047522770614179304
0.03227346019451851,0.08967004314528655,0.01744576661739601,0.06378093218551982,0.028300147500216564,0.04302153938732586,0.32255293044041794,0.07927434856241798,0.3236808319669009
0.05749881087435407,0.09561023341376246,0.25081108431536225,0.012554473839500082,0.037487493943546,0.08359097601725325,0.3665279775034476,0.037979940649474526,0.05793900944329977
0.05106063691541909,0.11340269353347227,0.053665473438840615,0.010759652657800942,0.043510675147399674,0.04572349213361831,0.504041207650978,0.06259321445610573,0.11524295406636527
0.05641144353005805,0.1470164129977546,0.08013394057333384,0.02241526330535268,0.0576519919486749,0.04850153928078809,0.3926726530129428,0.0741150521579053,0.12108170319318974
0.053815204973272274,0.08336700156820115,0.03926238464839072,0.016569743636551348,0.04722836823190949,0.04899364186037034,0.366423071466837,0.1009662675475479,0.2433743160669198
0.04858061419632989,0.08368973160723754,0.10132942296493168,0.00925599328878343,0.03819572325069425,0.14807236009716132,0.36732740539667214,0.08639729280201154,0.11715145639617823
0.049090879380690254,0.08121109255505438,0.023389023734379167,0.0307634286107611,0.039617110282348676,0.05438893663083908,0.40603482888807135,0.10655394959474952,0.20895075032310642
0.05136253176350087,0.11692137115614741,0.07418277340313785,0.020345985458359524,0.05133190219298234,0.035473873107989634,0.5133411152199086,0.05386683257920414,0.08317361511876965
0.08793479268126066,0.08149334097400716,0.057731191576869456,0.06807459879467102,0.0596011817839883,0.04001742179896142,0.3616104586247502,0.04931818791798323,0.1942188258475085
0.052225502550993785,0.09509645038451627,0.03494934881831958,0.00850947513995281,0.15357251641917732,0.047607781374952966,0.45023419206621296,0.03861221951070926,0.11919251373516503
0.055152545367134063,0.18998332868478415,0.09944757586201615,0.011497412818175833,0.04792809098476906,0.04967419744262269,0.3819355845938673,0.043339589665077595,0.12104167458155309
0.04560106746964427,0.08745374197704392,0.040263175199407836,0.011226728311906013,0.09945451542526539,0.024209663625947384,0.2470758266799685,0.029701070834731752,0.41501421047608494
0.03366224326808081,0.053685663235132464,0.019349994607064942,0.1953113747292872,0.037528882775754856,0.19795208443009518,0.1900620388328038,0.08441139357113513,0.18803632455064564
0.11564683317021641,0.10835160058442746,0.03183075790735374,0.01962663487931601,0.048499232603253055,0.0383064914692634,0.3337776539534108,0.09769041545614336,0.20627037997661582
0.07618750298339115,0.07637723868608999,0.10524878783305329,0.016988756430796448,0.08233301142107936,0.03000471686926152,0.39683188909996353,0.06319789605832132,0.15283020061804345
0.051735500366201115,0.11637461071974842,0.03762207400808712,0.012059754724438222,0.046335234264481794,0.048086865428408364,0.3570057008676095,0.09419008382484388,0.23659017579618155
0.059442479756081266,0.10271189920188462,0.05993777647244549,0.016359849971732232,0.05082647238434903,0.05432916901580622,0.41127345594594295,0.08379313241448183,0.16132576483727634
0.05205177713197193,0.0888791421705597,0.03757385380593165,0.02486118771469432,0.05867527140373254,0.1606957084051745,0.3820780322688302,0.045755262148897226,0.1494297649502079
0.05657557947689762,0.08974275984412879,0.07773329291448956,0.014313786549585266,0.06658115286894808,0.10236510203783604,0.3913607571590352,0.06258652291690028,0.13874104623217906
0.047593747216866794,0.07175261547972243,0.07438912320714704,0.021463185606987373,0.09795778932113035,0.03179087482659998,0.3647357206833542,0.05158074692979323,0.2387361967283986
0.05288270153341181,0.08226956500348308,0.0381155482668937,0.015016606812741876,0.059731824346783424,0.049179556449387436,0.4560552215905472,0.04159225617987806,0.20515671981687356
0.11538438457906221,0.0962434201328458,0.06090123051944193,0.025369073348577267,0.05048882450009734,0.04987553575342355,0.40190296793314667,0.04257081073444377,0.15726375249896152
0.047549596473983206,0.06861570626673631,0.08126932756018423,0.026616164099228772,0.043029341443011244,0.10204935217258716,0.31190379558751063,0.039438493437163914,0.2795282229595946
0.04988679774052343,0.07788441709356662,0.037688524224607854,0.009859753068884189,0.04305098291040541,0.062125434490262914,0.3604148597838279,0.0382049786086498,0.32088425207927185
0.054388408965829534,0.0858604373334565,0.0417340500636661,0.012964992906435753,0.04845618065108271,0.05791741671209746,0.3811806416250529,0.07193396815054413,0.24556390359183497
0.053009214355326184,0.13533216384231794,0.1000357045872256,0.021514796625036952,0.0574345867644275,0.03699708436679384,0.41643166650971225,0.07049662370620845,0.10874815924295139
0.07392914655608712,0.09371297927700689,0.041188920249716425,0.013713614371815052,0.10399825573750983,0.0612207750266825,0.4111948285367477,0.04513454363347707,0.15590693661095736
0.059052264498406955,0.07655117550828745,0.0500635693891322,0.009368481057807727,0.06806301785345635,0.050535572685162754,0.3514168879487401,0.0531782004607716,0.2817708305982349
0.046807201311306175,0.07583103371962112,0.07590559187326112,0.08742404046299412,0.04678985931566493,0.11986086644238614,0.41852212131069394,0.04510467373587427,0.0837546118281982
0.05315980296053984,0.13653836375373443,0.03905945737832912,0.011294215626490812,0.04601952601694121,0.05543740294438627,0.46139529353110253,0.041467459841230875,0.15562847794724494
0.053235213589898966,0.08534295965321555,0.09380426621275899,0.08333740291750713,0.06913593386769697,0.09185396605144414,0.37623094465547613,0.051053431128880174,0.09600588192312194
0.048055623516907335,0.07751937470935295,0.03386433776801582,0.008627486031615927,0.04076424932629259,0.048926215207124625,0.4289288666965361,0.03516648345395536,0.2781473632901992
0.0477463608274043,0.1083453134379,0.04377819915413522,0.009980407126604684,0.06803206011666656,0.034501784007528576,0.4119491246381317,0.09146398598457663,0.1842027647070523
0.03854736510119628,0.05732647598453642,0.03380433731332342,0.005513077485143292,0.03189165453405252,0.12986768046597008,0.30256793608458943,0.02936512777130181,0.3711163452598867
0.0543572270409399,0.08880694173670611,0.04063994988213373,0.011613274235425351,0.1453415498418013,0.06620750996959432,0.39692935286900477,0.04467986695381127,0.15142432747058318
0.058896993921220296,0.07623794920773296,0.07321507898478415,0.009316467123183868,0.03989459932981274,0.11413740579855043,0.3178120474010023,0.03438761462530685,0.27610184360840645
0.054209304090578087,0.08742154408017849,0.08279911253599659,0.011564905196928698,0.06189690684112884,0.12548140742685437,0.38085880556801927,0.04469147149309943,0.15107654276721624
0.05550288885055596,0.1550876385111971,0.05141288460706952,0.030620016854345424,0.05462380980398671,0.040073311682276604,0.3537311092840834,0.03866313723596393,0.22028520317052136
0.04655776984849877,0.07917357671460083,0.07456357350974614,0.00789851606276182,0.05090420622486943,0.09763988640837883,0.5220485079812981,0.03946133779182436,0.08175262545802171
0.07815538404597826,0.09409989290128522,0.043894746234855155,0.01757191673719307,0.07770815255240203,0.05810711398124785,0.4206417780581307,0.04710047662443358,0.1627205388644741
0.04867974248299647,0.07116082103149637,0.046218861559807874,0.010620005752624286,0.050288442643988386,0.03479818874456404,0.3994573259547985,0.040893813056901235,0.29788279877282275
0.05856038008643011,0.08992015965565257,0.0796761924034583,0.05741495598762584,0.07878243240956587,0.04855335606278651,0.4066469115212032,0.06778861060162933,0.11265700127164834
0.05018558758831523,0.06240866131046177,0.02677333893151822,0.006893303506625524,0.032411220162387164,0.1841103297629938,0.2722387900865831,0.03200769770688364,0.33297107094423156
0.05143497145022219,0.09335806018969071,0.0794177942814751,0.010610278861849495,0.04328993701853039,0.04800179185187863,0.44965015719261103,0.08671324725805929,0.13752376189568324
0.05032397517120079,0.20048916188874352,0.10703405068408023,0.020166648848871933,0.04658277038205727,0.0544168391813304,0.37411017439784344,0.04257462173367808,0.1043017577121944
0.04127056077245455,0.0730108538593198,0.028769882440085746,0.008607363456306817,0.03426705939419383,0.0396374716764858,0.3002990649867281,0.2058813761178968,0.2682563672965286
0.10004255561606501,0.28733648608680046,0.051132192541666864,0.0715046224408597,0.1245707046328771,0.019418143545219417,0.23137795228134306,0.05309167517590232,0.0615256676792661
0.07553670635042244,0.09207257097735717,0.04146219774880756,0.012374873805457673,0.04836307806912383,0.05884064221576681,0.4621818060038862,0.044601866747638885,0.16456625808153946
0.05610637083087095,0.09174562627139045,0.09697648012065985,0.011844505675215613,0.04754459891372059,0.06987066382720881,0.41114553505306284,0.04637936608131179,0.1683868532265592
0.05458278473151302,0.09130337558429542,0.04096391980031521,0.011568409186398931,0.04656409822301414,0.06284914454123039,0.47309523294900485,0.043421563392375205,0.17565147159185268
0.043622052150304506,0.15859930906511066,0.18167505118041816,0.007375666727362341,0.04004111121814307,0.02800345959595517,0.4186689065721083,0.04316315289726138,0.07885129059333645
0.05806791181125858,0.1205889885286074,0.0847141782763305,0.01217899776995464,0.05496366675260076,0.05750732299058118,0.4108420985554555,0.04600015489446132,0.1551366804207501
0.0483858810802685,0.08932321129084424,0.11926793500042804,0.014086669073679151,0.060849822146879375,0.04226058615734244,0.3350824703753845,0.03524161376054576,0.255501811114628
0.05830074893403022,0.09203753996478181,0.07580039696286159,0.014280001555894194,0.04947290795077339,0.05866883393037033,0.412022790986638,0.07720397421315985,0.16221280550149067
0.059239127197635154,0.10159819152466949,0.04005515179684526,0.025340101816899756,0.1492881646041491,0.04838968304567572,0.39890310871732426,0.04390894055825125,0.13327753073855006
0.04386637802496343,0.23815608161156132,0.04610352892387723,0.00921285288160351,0.04341878012628366,0.12710499414207138,0.3782444351243501,0.038418548728488294,0.0754744004368011
0.05486935898155713,0.09058425685208012,0.042497956049439956,0.012985080810535508,0.0464169036323524,0.06166566372559267,0.39761862423091204,0.12174472555844941,0.17161743015908074
0.0497586250189774,0.08586848252968289,0.035462202065522856,0.022651015345935593,0.041096188491862355,0.054971536092941385,0.46678840732210886,0.10877918238531714,0.13462436074765152
0.0565822254340696,0.09328132078256773,0.04304532354345363,0.012456387099452555,0.0953348530119003,0.06985799345431258,0.41366723334830796,0.04680826613705282,0.16896639718888284
0.051440141328783585,0.0772884832647933,0.050506790192517526,0.04667709012262827,0.04417161239494333,0.10008256729891678,0.42878947064388173,0.06410937040534605,0.13693447434818945
0.05197195076282304,0.0652623864153055,0.036588477856478514,0.007557519424814005,0.03976816470888513,0.20123956420908162,0.4899719411286598,0.03721418649778973,0.07042580899616273
0.08815538195908619,0.09464782456033939,0.04022263061791875,0.06503559316687718,0.047326646457533185,0.05787587890133116,0.4151065970379706,0.048479672088231764,0.1431497752107117
0.053015688009644936,0.07839037613442783,0.0561651865382126,0.012840224473966587,0.04315446465787262,0.045694728107846465,0.35558790765777987,0.039822818563474,0.3153286058567751
0.041404310748930674,0.05184709363822487,0.07489929469910817,0.23620565113753658,0.027304522976894705,0.017912668557106454,0.3891604630425129,0.030342443862918206,0.1309235513367674
0.04962305272496983,0.07810122221509187,0.09358035565804301,0.023695347036158915,0.043531119632940964,0.042367035772791654,0.4217569490465818,0.039248745220853726,0.20809617269256822
0.06790584731383188,0.06502965407907307,0.028430818843202282,0.009996466389408354,0.06502566149632077,0.1295284310473079,0.36446410796653245,0.042613418734675675,0.2270055941296477
0.054092543158898554,0.08775980688166472,0.08824450508555554,0.011668039164312846,0.04617008486933935,0.05686750788638858,0.45285300066338063,0.04280609516527362,0.1595384171251861
0.07263346030200646,0.18698432592120418,0.029377818856687565,0.009914361370530566,0.05862431353584895,0.03481357080806592,0.3097239611091899,0.20193432648938958,0.09599386160707686
0.047647975238972774,0.06756917579773244,0.038271751687941134,0.040912134205053054,0.04313844490175072,0.034720088466783934,0.4048381765301105,0.07060231415421019,0.25229993901744524
0.05859103435011978,0.09637927133025297,0.04607043607800868,0.013491435782845713,0.051018719632281224,0.07396482171378099,0.42265820937978454,0.047530475714094515,0.1902955960188316
0.059931668020770656,0.08074574478228118,0.04401232958982068,0.010521865564679178,0.03742451005491215,0.10598822280590214,0.42356317211327665,0.13866865933059322,0.09914382773776408
0.09067789921020519,0.1852910367333845,0.05425875930914802,0.017957104199590054,0.04363638321236043,0.029574708059431954,0.2990497019812985,0.054136609997280725,0.22541779729730071
0.054701163432087335,0.08916147701775938,0.03975504889113035,0.03692551802044882,0.046059511517669016,0.13414801414768232,0.3856600900833835,0.06879734920439522,0.14479182768544407
0.06250742847052176,0.10895281123890689,0.06901110738834322,0.010395800505123202,0.038692275659256724,0.037692013935914315,0.31292256267738744,0.14841337047830314,0.2114126296462433
0.08899522844807144,0.07446368776088981,0.03383526960302274,0.08054429214024222,0.049661071364356345,0.04104291893714146,0.33649375504800805,0.04074828442197754,0.2542154922762904
0.05726294770091999,0.19456994930994878,0.05990715573541858,0.012877063176001841,0.05140244376397498,0.052943059105263666,0.38502565238346714,0.04382828894486466,0.14218343988014034
0.057660886667606305,0.14232009863483644,0.04325467060518005,0.018699204993757466,0.050152728069294446,0.06525647397314967,0.41652429192730994,0.04761559877104493,0.15851604635782077
0.05219938394895384,0.07760340811675505,0.03646367249762456,0.02249596869120542,0.12509974160243298,0.04521660152459416,0.344402128097509,0.04002644097505579,0.2564926545458692
0.05264593011314786,0.07370635161568824,0.041840789076770024,0.18341046288167306,0.03411717913896876,0.05878761826053791,0.37245406981826784,0.031162032092106124,0.15187556700284027
0.0732473092600486,0.0854006058165457,0.18666783217460944,0.010878376524716217,0.047942994097822184,0.04694826099188149,0.37961560338380695,0.04463897627336457,0.12466004147720473
0.060248095494528586,0.09208049632347463,0.0989524007075777,0.03842875637344736,0.04337062507572278,0.1096739020313391,0.3148768880819988,0.036682378181376575,0.2056864577305344
0.05562439316168566,0.09331965758431728,0.04212384127202018,0.028093434558410468,0.04654441590014069,0.06341432156609,0.41219588996659523,0.095311647343515,0.16337239864722555
0.09956169289640897,0.09472441370419787,0.03929946803687119,0.010322466238248186,0.04647575871042264,0.05866747052024337,0.413535906824172,0.08256632309703178,0.15484649997240396
0.04670229286055963,0.08155369163216968,0.03384877227834122,0.010897501376951666,0.03838502062851309,0.04641503514850229,0.422527752553102,0.18931203534265387,0.13035789817920643
0.05242342253299559,0.09797822435668165,0.03563479645472074,0.014456600966819437,0.07723287487289546,0.14363381857740107,0.3842207491380718,0.06325614781125845,0.13116336528915581
0.04806026907718253,0.09866571670505812,0.17405689574409292,0.008800771313169349,0.04227261674542975,0.04265105094213371,0.3320075797537864,0.046989174004332,0.2064959257148152
0.0871245340320423,0.1103691304218004,0.03638472293084848,0.033679116465462025,0.06032912210471771,0.04245753669517921,0.46603730260240955,0.044391913645880264,0.11922662110166005
0.06698967570654095,0.11338651796171068,0.05549703835244955,0.015798230286053302,0.05125327201189933,0.04284795977872676,0.354784599632632,0.05998733539333858,0.23945537087664884
0.05031004701684594,0.09079743690615388,0.03619709349449874,0.024571124932513084,0.040366482060942566,0.16497858990813072,0.38353007728900224,0.0646967136686642,0.1445524347232486
0.05859103435011978,0.09637927133025297,0.04607043607800868,0.013491435782845713,0.051018719632281224,0.07396482171378099,0.42265820937978454,0.047530475714094515,0.1902955960188316
0.054983058193517426,0.08922262330782353,0.04109686947989527,0.010812808154650156,0.046732161270268614,0.06264971626066053,0.3926623547498245,0.04195209242723194,0.25988831615612795
0.04721189807822029,0.07465596319048591,0.04642204238354566,0.009980463210609686,0.09030357393406441,0.03885527200099121,0.42321555603182937,0.16788164942373843,0.10147358174651507
0.06294283584399654,0.07498372650563295,0.16011155785133638,0.05861054377475577,0.039037052288080305,0.03260153545004336,0.42575666140550256,0.03818356807296113,0.10777251880769095
0.0526543460721362,0.0821817601160079,0.036783036540163044,0.03147562738770485,0.06128013460848674,0.049288066610399944,0.3620668518863961,0.03725245028406091,0.28701772649464435
0.055013449794598705,0.07120156436024502,0.04239648315841479,0.016160660493825228,0.036506777749868276,0.12265642081888166,0.38440577384502617,0.03359104955047868,0.23806782022866146
0.09166072676890415,0.0757649783769055,0.10043781748413755,0.014919595826888224,0.03692517121188237,0.15474016286718928,0.3362356528774244,0.09711292934857942,0.09220296523808913
0.050182255952306666,0.1920914737467355,0.03393513259518683,0.011838315109681962,0.05190113063826262,0.08887971608221579,0.4241476202222878,0.04200364266111752,0.10502071299220528
0.05107929911276079,0.08295703587866718,0.03754193269199909,0.010758190146333044,0.042734786085680786,0.11293902918301879,0.44687954040209527,0.08409506707505776,0.1310151194243874
0.05106112661390722,0.07992513186785408,0.03807957354776479,0.011755855322843262,0.04522876858272524,0.051584677107849426,0.46434846468220375,0.040279442862568376,0.21773695941228377
0.042706801757046615,0.08928618054178966,0.02720534750759732,0.005894426879981651,0.03613112591692045,0.03024827323761405,0.2745159392129118,0.07034416103296265,0.4236677439131758
0.047435103871142026,0.07790605329321264,0.029916487410802325,0.012014270417851693,0.05939539209930589,0.07495843765308101,0.47020891831901773,0.047494423501515726,0.18067091343407096
0.05576925633227634,0.08863511046436524,0.043275114650708414,0.013204759608372342,0.049959281937061534,0.06425929574016755,0.39365257352496846,0.04342905991874255,0.24781554782333767
0.05859103435011978,0.09637927133025297,0.04607043607800868,0.013491435782845713,0.051018719632281224,0.07396482171378099,0.42265820937978454,0.047530475714094515,0.1902955960188316
0.06620948293693073,0.09572962700495051,0.05248041767850856,0.00946307943131533,0.04158800451166599,0.12885688366227258,0.3413995235238174,0.042739172205067816,0.22153380904547115
0.07316366202730042,0.09575846488588208,0.03476354287580608,0.011154817217444955,0.07124833259715795,0.03577552335821035,0.3332539000356714,0.10110545241905299,0.24377630458347377
0.055753749477026084,0.09347503523606408,0.041605925395097824,0.011820457564432424,0.04765708280629611,0.06300781659447037,0.4650120727456845,0.04404873589814373,0.17761912428278478
0.06509443401166908,0.11842881110061683,0.09918962645718458,0.023453022715811133,0.04638507705502074,0.03906647439012387,0.45771810594805856,0.04495570827764455,0.10570874004387064
0.037576317074302305,0.07465293253383944,0.2675791879060753,0.006798118137953634,0.04457812678932143,0.02137404717255476,0.3494004438511888,0.030793293710664516,0.16724753282409985
0.0576532852142401,0.09054884950934401,0.10359482947550515,0.017124884105854988,0.04865203874484427,0.062974023898127,0.4152343770683378,0.047968879482131466,0.15624883250161517
0.10468221210237709,0.2221115273312059,0.058637716801654007,0.009174255136989525,0.09975628072748684,0.03760344311552468,0.3463231160369446,0.039608599440772226,0.08210284930704521
0.06469617107356303,0.04868489472990619,0.035111303610261865,0.03285108139819345,0.02994701392112825,0.017987557297947106,0.3776816802482621,0.09356251363494346,0.29947778408579456
0.057140235225618015,0.21381727333363953,0.03927166537143646,0.03233695633619726,0.05022975173123848,0.048062385441968586,0.3869599992497248,0.0445445702910802,0.12763716301909664
0.11917165336135845,0.14047219736916053,0.055572457862653246,0.021306726258998265,0.06504003322035934,0.0444708136895955,0.38022996933366,0.06957258018307512,0.10416356872113954
0.03598796248636473,0.05065949958187647,0.08295263083137668,0.10219087082022953,0.03436919467917645,0.05647743166305913,0.33950663559636024,0.02614811516844465,0.2717076591731122
0.042711483652309735,0.05850090387180878,0.02817092141480007,0.00905826496562095,0.041472346600871526,0.18233341333725916,0.23190688365104262,0.21525071487060296,0.19059506763568423
0.04393197064748768,0.05640813032555859,0.05300200608014575,0.037954466951858785,0.07823952792992589,0.018854884477647042,0.4681278923667684,0.026448287699668532,0.21703283352093936
0.05167638669027127,0.0874882757791124,0.038331275966211636,0.011788332915443255,0.06634580285185544,0.052181500946927424,0.3742091858028225,0.16477521187741473,0.15320402716994133
0.05117561672238178,0.08078723116663346,0.03893646702211132,0.010537561706874483,0.044441436795132204,0.0638098034527271,0.36947264030951515,0.039416000952550274,0.3014232418720743
0.05382745412252335,0.08641546033738125,0.03960641441596662,0.010058598745604622,0.045268935402263615,0.06094812042821996,0.3820920018816866,0.04056074800065499,0.28122226666569894
0.07904236812435149,0.13770515723054697,0.027109425080262314,0.021578884288879458,0.05227073485057474,0.025081277664434465,0.269741597865325,0.0406723131934263,0.34679824170219925
0.0763583107139331,0.06617240375862722,0.02366080298150212,0.06994921398137868,0.049702753465056336,0.37169200869790076,0.2459776590778129,0.04264382125524429,0.053843026068544526
0.05879853807474469,0.08393254563258606,0.04077803651801284,0.012164434739764468,0.19669424169844987,0.04399493425576701,0.36342415934044753,0.07749286564328467,0.12272024409694281
0.051105662435215804,0.16166882726186374,0.050041303187132014,0.023039234605441185,0.04338067466013743,0.141754444133012,0.360470660962803,0.04328108387721466,0.1252581088771802
0.07355649854560364,0.1757567307204836,0.05573378814593355,0.01135867860132895,0.06922399079398905,0.05081450282159561,0.3923979210679189,0.04290969217326745,0.12824819712987925
0.06356221266511577,0.18145445684822895,0.037414240876453835,0.010675038367033264,0.1501712929926596,0.04723706044102091,0.35917017494259623,0.04103967107668175,0.10927585179020959
0.05047852949344855,0.08293219754897385,0.03371183658325691,0.007983952807590096,0.055916503597659484,0.045936653334896806,0.4375949168621878,0.09623635670261299,0.18920905306937344
0.057272026460474156,0.0935890214074583,0.08538762501625059,0.02573328769158928,0.048235274435135596,0.055066513802590346,0.4002574661615576,0.06852903019363611,0.16592975483130806
0.052758241243966164,0.1594572371271059,0.05056084543144504,0.02337945227455962,0.047750093383390375,0.04411707581266753,0.3537413798168285,0.0546135450560263,0.21362212985401055
0.053147580635542487,0.08790468388995569,0.08124077762301744,0.024663751320015886,0.06505767187909761,0.04958598993731359,0.4599824606417706,0.041968770367886515,0.13644831370540025
0.058934351497139215,0.09567526050759045,0.045669353489934165,0.015746015349674458,0.056986324043517056,0.07078163336819633,0.4253372317035941,0.04797844243191546,0.18289138760843873
0.053131271433935846,0.08948752000798209,0.04149498219742274,0.012990573872110618,0.04578631631874578,0.15531919782392412,0.38672866157631525,0.04637936247724853,0.16868211429231508
0.056354606286506265,0.09415364449196933,0.04259861441264893,0.012220732517196792,0.048385733207969385,0.06546137824569455,0.4554154692178965,0.044856905590742825,0.1805529160293754
0.05881784691707203,0.08966781123210317,0.044931103097786855,0.013189055615564292,0.12063114215575264,0.06095558587529912,0.4076218463320244,0.04507666187152603,0.15910894690287147
0.05485790281512812,0.08623142299319875,0.039262747756033674,0.02105659108796618,0.06155133006084751,0.056659131415797814,0.39150247528131127,0.04345225360727001,0.24542614498244672
0.06591907051130969,0.06736312280178662,0.0282277696722953,0.024063138072422174,0.03784543672869882,0.07170446546661947,0.38768034529147216,0.03466028704379039,0.2825363644116054
0.12123292613467246,0.19630118821434261,0.06996939567367778,0.010907129043216134,0.054043847824372666,0.03796317742406971,0.3533347239583721,0.04367589749127865,0.11257171423599792
0.05372209437749534,0.13948122017636969,0.037210207849546637,0.030333489717025156,0.0455588360647646,0.1009993725520081,0.3811725163085782,0.08942848066416985,0.12209378229004249
0.10343002741165264,0.12345866225457053,0.13364509536613534,0.04170693799925614,0.05537624346632659,0.03728375017366888,0.3518703064682332,0.05891346400842149,0.09431551285173513
0.05673859847196267,0.29620255463570105,0.05517578761037111,0.014552118027411007,0.056184895239692945,0.036588127230231464,0.3380481321939602,0.04326776333198287,0.1032420232586867
0.042886941191122276,0.1558775256348617,0.058342841556501907,0.008846809255268448,0.036385540855984465,0.26622003947493833,0.3103447950800022,0.03663155941484721,0.0844639475364735
0.052708705539536715,0.0870351860751596,0.03866669205062066,0.012011894296112269,0.046584831944249304,0.052687380061871236,0.3678953657831066,0.1066682818143726,0.23574166243497094
0.060346111817978276,0.07746473893500501,0.03422112416604128,0.010918532109449283,0.09807893259430452,0.22793785623683505,0.33074641962382295,0.043671418140272304,0.11661486637629137
0.05268247924988325,0.08741546282842622,0.05448944826345953,0.05662863914525701,0.060309396524901894,0.0434904949100405,0.47420271417730886,0.0444515512932813,0.12632981360744147
0.052907506108097774,0.08326767691204358,0.03748865088267775,0.011094472069774557,0.1967861561905214,0.04692957709070842,0.3604800603438285,0.09013629222313162,0.12090960817921642
0.057857274466199,0.09563231534787592,0.053229727197026185,0.029501423582511625,0.04919735756171164,0.06919040626000066,0.42550416195223467,0.049208396301806366,0.17067893733063397
0.06637873310740199,0.07610596300759771,0.08020244391563228,0.009436632179689007,0.04452736739360647,0.04805156073195752,0.5261990966955952,0.041679229720745926,0.10741897324777396
0.07307397614588827,0.09168403483453658,0.03828269850142713,0.05984937275727229,0.0883752951513929,0.04774159752214141,0.3912621570362183,0.07496815520585824,0.1347627128452649
0.05092575729861484,0.08203990354733524,0.0638980023995336,0.0853041324806633,0.04177576184506349,0.052146722728595774,0.4735973139430916,0.043243900239935636,0.10706850551716644
0.06123752379514463,0.15682640876621282,0.0382879483421572,0.012483402119230505,0.052284369135317164,0.04906124865888236,0.41433068077650453,0.04436275832084749,0.1711256600857034
0.057186694124640225,0.1258385684757272,0.04406603081491898,0.013371100798190793,0.050032241582266025,0.0708930727765521,0.4176524717972642,0.04739234175640433,0.17356747787403606
0.05650898447893751,0.09353894407956216,0.06035470853413246,0.012330283753955583,0.04849267678540097,0.05922970816375341,0.4026312248287858,0.09667278124664862,0.1702406881288235
0.05490884415487679,0.09183578812647392,0.03871435718141693,0.05763201720714247,0.046860522147626295,0.05254659443398898,0.45853007108981636,0.04311354095254429,0.155858264706114
0.048983284164057526,0.07038933939153963,0.3080343182146182,0.00733274201561166,0.0400219963603704,0.043874257232369616,0.3379886682492952,0.03807069896669116,0.10530469540544667
0.05857617405270903,0.09682831834641616,0.043884359890073776,0.012455167653553817,0.07422592165370158,0.06728419350496159,0.41849757708949137,0.04514671189310552,0.18310157591598716
