0.09767296456405322,0.11296596850215768,0.13275978010179412,0.11562925668967716,0.11757978151693656,0.10657701424717042,0.07270089556187527,0.1155668698880243,0.12854746892831126
0.09378135956959954,0.14635680828436076,0.12217102575940657,0.08324480606637806,0.11731335339660437,0.10105181953688736,0.06797431072974729,0.11122717918358571,0.15687933747343044
0.1000899669342722,0.12519210582295753,0.106538308789827,0.09998587884458798,0.12104753432630351,0.10741017116025937,0.10942005483355786,0.1044044538592181,0.12591152542901643
0.1461474435357503,0.11227655424792014,0.11473456961441064,0.09357652824758263,0.11963379937770259,0.15632344786519556,0.07026962093625262,0.12733491299455002,0.059703123180635476
0.12348664862455087,0.10770246306958374,0.10688985149439854,0.1194349680131054,0.12415922591753763,0.10500892266526836,0.09210341404656108,0.12752772532792003,0.09368678084107429
0.13415126912951283,0.08730300277045362,0.12068450005117158,0.1084782617703468,0.13476858285987017,0.12555152071657297,0.06935492487497255,0.13792696954083372,0.08178096828626576
0.1035107186619104,0.18473537989359112,0.10124438110652971,0.08640719238370637,0.11530534857909647,0.10310380574180411,0.14124956957200135,0.10155292973687258,0.06289067432448787
0.08819001213250306,0.10107642009080187,0.14766564425753656,0.12222201709124837,0.11738185662283003,0.0771848782104596,0.06678745451037899,0.10710895137096287,0.17238276571327868
0.11591974759561025,0.09184010855983504,0.12182012065473535,0.0932760697552693,0.1353978232935047,0.0977311982285265,0.08978614805880632,0.13058200617447555,0.123646777679237
0.10237271220318271,0.13315314727177543,0.11263787262835445,0.10168605216012448,0.11729210221286988,0.09644480455490452,0.07730137011718997,0.11314031239969817,0.1459716264519004
0.12972975207704737,0.13940814500673138,0.11724219645142371,0.06777992837682095,0.11592714995910285,0.08017370880181304,0.11399090153855829,0.11775132669318038,0.117996891095322
0.08611462814187254,0.1344168148971787,0.13104310499366514,0.14313538202291515,0.11407623068875383,0.07778142698958561,0.1138677010389028,0.08725387139243747,0.1123108398346888
0.0866478975952195,0.16915934261169274,0.11195117180290126,0.10847948128248713,0.11826237114090633,0.08008235227682949,0.0946280021746132,0.10230676653138564,0.1284826145839647
0.11167158426892902,0.09191762752808026,0.10817177680029937,0.15112541389906162,0.11154205342100865,0.10747076924425013,0.07282111360264666,0.12673394766282467,0.11854571357289967
0.08468935626603667,0.15749886888552656,0.13257959094110208,0.09093582823056245,0.12787344884275118,0.09837722713681406,0.07704737198550694,0.1099857746287014,0.1210125330829987
0.14764683742390336,0.11169659894311756,0.10945741222045614,0.0726550236575776,0.10752726479970413,0.08275357313505789,0.18177065864304157,0.1148831602714578,0.07160947090568393
0.08692835396173244,0.13152309829345674,0.11211445730512098,0.1478070070275108,0.12287597920645277,0.09512589470986726,0.07149208655505769,0.11107562873747434,0.12105749420332705
0.10241180654837413,0.1410326177667843,0.12132297829660164,0.09546017877483359,0.11836738205762964,0.07655118212907587,0.08991406025505877,0.10844871860289379,0.1464910755687483
0.10791021640326821,0.1004371354408841,0.12093098954332437,0.12848422143282048,0.11668559391184358,0.08225905029346782,0.1173286911296239,0.11692736223048418,0.10903673961428335
0.09483088474573592,0.09240535455950767,0.10387337201652252,0.13683116679470178,0.11743247798649915,0.08787835101453377,0.07696915447663592,0.11551143957281457,0.1742677988330488
0.09811633014032124,0.12342080651205485,0.1317313677201515,0.08350687293156839,0.130411520697636,0.09960260928576352,0.0588300124345191,0.12802081593826597,0.14635966433971942
0.14007343174721587,0.11596074012438763,0.11390950783810838,0.10313948507665804,0.11556166604713947,0.128793638852236,0.09363982546476261,0.1220635602244875,0.0668581446250045
0.06048126205582733,0.147418115139232,0.1057068372808903,0.13902416121692315,0.09817369657161328,0.0666582626352488,0.08820350131372261,0.07353329540954723,0.2208008683769954
0.08233743324613758,0.12710662348051674,0.11881267762848353,0.09766655963231412,0.11441917967034494,0.08310414774504175,0.11721339740609193,0.1038539310521725,0.15548605013889683
0.12378756647527529,0.11003120982323185,0.10700011701125882,0.12769528585726492,0.11635813052419601,0.10028169623343704,0.1075191611802317,0.12535178679510156,0.08197504610000282
0.10293762473342472,0.12035210480184373,0.10395800993731073,0.10089911594722284,0.10991797235344387,0.1022829389088828,0.16628471135240472,0.10487552941504187,0.08849199255042473
0.11342650579590387,0.13092829710338735,0.11226734467738685,0.11521612200872466,0.12048530928158081,0.09229979011333839,0.10310619221267765,0.11916293104567628,0.09310750776132402
0.09047939131362126,0.1276747224832204,0.12650680866292632,0.08832292619146943,0.10935880233155047,0.09430667860270764,0.04373611667550884,0.11020770835235123,0.20940684538664445
0.08762326399138425,0.10134351267944959,0.1141844971001249,0.08711485306638102,0.1128613529035033,0.11221712416756473,0.1742667366596411,0.12277059658426741,0.0876180628476837
0.13104402638967325,0.10749539298531478,0.09818789674669799,0.097097945894144,0.10938927802372296,0.1296041438564093,0.12105522326282597,0.10843233335510138,0.09769375948611037
0.09352624477497344,0.12616999757561617,0.115881151821284,0.09842380424223075,0.1242819077529046,0.11281735753862777,0.0973934108507243,0.12112753799412936,0.11037858744950972
0.1471804344820575,0.10391934491997869,0.12676334971171932,0.0995309527270785,0.11959578933456934,0.08690911336851459,0.06478911538097851,0.12367816048996323,0.12763373958514027
0.11573313532687647,0.1002967445600688,0.11228249687917895,0.1234243779555833,0.11883182654959788,0.09366836244225596,0.1224820707500472,0.11659269945621158,0.09668828608017978
0.09710780742426915,0.12262363650808239,0.11831540752149354,0.14114278244505754,0.1197457825285173,0.10046946492112703,0.08827343008690554,0.11640076957494562,0.09592091898960198
0.10889740847288339,0.09529731784654155,0.11632791158849069,0.1434963236223096,0.11649548736164246,0.09511124190962006,0.07427360862072412,0.13284326930150456,0.11725743127628363
0.07308982840391111,0.16643393294491185,0.11447600312252205,0.11043278921188289,0.11582753603211193,0.0754254466986276,0.1328049987277472,0.10056294431454621,0.11094652054373921
0.08825316023848025,0.1116932497105315,0.12088483275508762,0.09442547572624871,0.11042079676973915,0.11123845759626434,0.08431522874476359,0.11084792577825775,0.16792087268062705
0.12992757127846832,0.11162989649185857,0.11943207896379698,0.10830839409264643,0.11838219916194302,0.10967852034092364,0.10175658945055603,0.11755082590961481,0.08333392431019217
0.12315660180085523,0.13261559356693922,0.12632800151197943,0.09520850334550761,0.10709391842640607,0.09375074891851626,0.0876389257876289,0.1077865039483582,0.12642120269380908
0.13992287312489612,0.11998319794346342,0.10190211909717921,0.10325876314151634,0.11747783499209959,0.13949418978543301,0.0759864842217594,0.13764919930173883,0.06432533839191419
0.0967517599208201,0.10743250713260817,0.12061575811391113,0.11996825901509518,0.11225555282044623,0.10560289130240323,0.09858024855909704,0.1164105735357911,0.12238244959982775
0.09729338897910068,0.09736820083787791,0.11182063110343239,0.17291397909052297,0.11223040061369555,0.07766038703273158,0.07144660198329744,0.10895689655582437,0.15030951380351718
0.11355326832020964,0.1367553214134721,0.10189829325765994,0.12125674222485579,0.10298508505888183,0.07320344378535397,0.09243242524367228,0.10163738264929677,0.15627803804659765
0.1244594026340829,0.11030721829969253,0.11525574746746796,0.11323205085191379,0.11852936406040844,0.1176502982362639,0.11752362804584293,0.1221240013957771,0.06091828900855042
0.11628380460188192,0.09842076941134144,0.11170300278165261,0.12247699944344959,0.1142895729392799,0.11240396666041352,0.09531909022702045,0.12332484774254711,0.10577794619241343
0.11706311040445157,0.11238094159652474,0.10591759003163219,0.14710256275289096,0.13146536167583908,0.11987075685610175,0.06648459644102182,0.1202768145272392,0.07943826571429859
0.11676922732448135,0.12349920213755496,0.12075667087132119,0.0885459529681178,0.12484814973341228,0.1096985583346022,0.11571909216012999,0.11764470600371753,0.08251844046666267
0.09761241939187171,0.13252826239296958,0.15286940081614733,0.097141162130636,0.12032074963726049,0.09910740700350533,0.0990602801976627,0.1168754720713756,0.08448484635857129
0.12896765074956568,0.14938247663189194,0.09572423486636972,0.08706985913759334,0.11208839392080122,0.10459276504078167,0.14947801394895457,0.09657898588596481,0.07611761981807709
0.07707393747872784,0.1789193443870908,0.13579284301460634,0.11397177664498741,0.11883234793987109,0.09331921079552653,0.07372049241141136,0.10144356027517966,0.10692648705259888
0.09187840713474067,0.13667698464775221,0.10585929901615053,0.11464674841389183,0.11839081193125388,0.09964061068417408,0.09505397049066956,0.11924991496146913,0.11860325271989813
0.12484305130399352,0.10593831067324083,0.12000761078494104,0.09115681078535993,0.11733956664355875,0.10910681013509664,0.08220431864537792,0.12689005901100756,0.12251346201742375
0.09312967799459997,0.10485785469761472,0.12499572073320343,0.10611787652606965,0.1131077152057736,0.08555416135672145,0.08533355456578677,0.11472681807086199,0.17217662084936844
0.13103023582033083,0.1317507135566159,0.1111701427326595,0.08877347050292299,0.12126796657702403,0.12359711013624314,0.09040126055169682,0.1142802741655708,0.0877288259569361
0.0942833124391438,0.14489393155137317,0.10913203473110335,0.12674408287433886,0.12388895710369112,0.10443230316251066,0.06487811543411968,0.12190165613296162,0.1098456065707577
0.10145421973567997,0.07601741880232823,0.14996635151051896,0.07216008535226408,0.12694741714100502,0.10303801738067049,0.1157807839282518,0.12003906439851925,0.13459664175076225
0.14042711326048027,0.11815132850839923,0.10065431300595341,0.07476752719650541,0.11190590307254179,0.1398818957105195,0.1309798647438303,0.1100572040331023,0.07317485046866777
0.12291425644038888,0.11579422196823648,0.11069507450252196,0.10591308008730461,0.11187275732443769,0.10218173356881226,0.08449112348418919,0.12767248503747178,0.11846526758663718
0.09923783485824246,0.1324176954500502,0.10887226985848976,0.09847516319724499,0.12026056907679365,0.10628493243371522,0.12234009557259447,0.11234320755331666,0.09976823199955255
0.13111455774004319,0.10666512264023735,0.11451891690720895,0.08051631762131856,0.10938384261850816,0.09360511463948108,0.12406541864088572,0.12241659429932221,0.11771411489299478
0.08580456672661957,0.11084569315821602,0.116537620913021,0.07335064658372609,0.10598255528507984,0.1389105632764797,0.1401695434743503,0.09821648013232147,0.130182330450186
0.1584780056291052,0.13197452004232982,0.09944815868696384,0.07131583601675208,0.10872069173755182,0.1470086257941471,0.09511176444900989,0.11140457211371728,0.07653782553042295
0.11556651519246823,0.11781641481033274,0.12809563160736906,0.11293786414545992,0.12766970524823226,0.11101382207191535,0.11071136816996197,0.1199721138378822,0.056216564916378296
0.0812575196145207,0.14909960887026782,0.11770456098331245,0.10955214419579519,0.12076089361728887,0.11351012861841091,0.07578558511319021,0.11231317232612847,0.12001638666108537
0.10022916154229367,0.09779665302106821,0.10985054795019028,0.1429224079891462,0.11059884697600379,0.08172795325441562,0.0881714184428088,0.09378878303777256,0.17491422778630086
0.1267238320947167,0.1270843470584565,0.09811372960242243,0.12454219449159919,0.12029174866123941,0.10539961284226283,0.13143217340304225,0.11501463194373401,0.05139772990252678
0.10825091324100573,0.12255945263082069,0.1375817271640851,0.0988416042821923,0.12450451947348364,0.1035711393266967,0.06274706304970569,0.1318947883305316,0.11004879250147859
0.11427044242315974,0.11506304405892731,0.1293871953404734,0.10194042389275354,0.12187456721228183,0.10952115459870437,0.09506276485614192,0.11887132888783747,0.09400907872972027
0.1311492320712437,0.1305687996759615,0.09553711194505822,0.12054366176185553,0.11089240627231567,0.13288340984208638,0.10728462266381326,0.10381316219422242,0.06732759357344344
0.11608833397767164,0.11288072771735436,0.1068335360086546,0.09266770754402155,0.11148271344618366,0.09878830780734961,0.11367378544067286,0.11927701619510363,0.12830787186298806
0.13533409718173325,0.13320230286142778,0.11766799175982712,0.08301786636435872,0.10878302535824745,0.1140081903913598,0.09652828843617985,0.12469736138079683,0.08676087626606911
0.09433668022462378,0.13904743105119774,0.09537427597592452,0.1052654595737978,0.13174249100284227,0.10058952295423107,0.1098997799416845,0.11514573911594084,0.1085986201597574
0.12319464852749919,0.12802910411647364,0.09707862003257599,0.13047529451619852,0.11084310517381839,0.09173036182796508,0.12576270337914078,0.10659729037344111,0.08628887205288731
0.11197732436497365,0.11151847319078682,0.09658077367870303,0.1390705686157292,0.11603881527356451,0.09735216488149878,0.06909947065069703,0.11986612712702042,0.1384962822170265
0.11266774884211474,0.120062261333435,0.10928832112129498,0.09985927019875925,0.11760535837117113,0.11427027215141777,0.09718680386384877,0.12302249615590029,0.106037467962058
0.0921247909800404,0.15492301509847242,0.1183763062728498,0.08220478359929974,0.10371804772681191,0.0874164602592662,0.08484401556660796,0.09943374857876382,0.17695883191788772
0.06704572054255321,0.15318011444568236,0.11443119790323004,0.1220977069572675,0.11483780625905742,0.08908469755197145,0.1331768174776716,0.09692328453644132,0.10922265432612516
0.10367616417591576,0.13591621878409402,0.09512441195839982,0.1711656839000025,0.10760536947656,0.1186374943452454,0.09235271642761023,0.10754261811028232,0.06797932282188984
0.13110393147482685,0.12018453390979644,0.10111746867508618,0.10159554430208921,0.10787783254256246,0.10177943905769841,0.11711700884320135,0.11222513962044635,0.10699910157429278
0.1343870159663952,0.10121406109092697,0.1160218558130837,0.11395873851934606,0.10772306622804144,0.10117979664844974,0.11970588078619725,0.11527245623048125,0.09053712871707849
0.0971388421336012,0.1561556062754913,0.11206277898818445,0.10111248906934878,0.11693864582457299,0.11309194519125236,0.07671783851816424,0.10399125194115333,0.1227906020582314
0.13155581423458293,0.10392188921392446,0.10162785459081353,0.08696730368957845,0.10652594692514761,0.15735932774707098,0.11146212246876129,0.11292414513698436,0.08765559599313648
0.07339389990641058,0.17296576072294148,0.10932548520346386,0.09432683220166443,0.11769419455262876,0.08787847577603376,0.06716476692337413,0.1177171775351777,0.1595334071783052
0.11260758969896495,0.11635756129648196,0.11517286765299754,0.10727763959375847,0.11863114347864201,0.11046907925797589,0.11086175495740049,0.12104529717265604,0.0875770668911227
0.07523631046752739,0.17482005155532435,0.1014835088225688,0.11320954059257482,0.11488012267556535,0.09008673503897698,0.08096100270543123,0.1070715658328187,0.1422511623092123
0.0897789558128252,0.10300690962509247,0.11285606601517455,0.13648827308679742,0.1172814154366354,0.09529889755700409,0.09023610958685112,0.11212737028273971,0.14292600259688001
0.1600363988851606,0.09810771030280112,0.10220668294480073,0.08252943686423174,0.10897716188288757,0.11620097588014378,0.11465944109520061,0.1104001141112051,0.10688207803356871
0.12619525911900803,0.12707557149658646,0.11294568750296326,0.10008030273423975,0.11744221170718307,0.11509088113294856,0.09911779598054386,0.11951733068036334,0.08253495964616363
0.11656344966307264,0.1242287231320135,0.09975035815543286,0.10331382047081143,0.11787362185404841,0.12640514321940274,0.12543238868718773,0.09280030957290335,0.0936321852451274
0.11814281968566458,0.10095349142661274,0.10760742322661361,0.09896031837815895,0.12516443128700117,0.09987477984119152,0.13417799563014307,0.11931111860250602,0.09580762192210841
0.11600245372027589,0.11702849175420078,0.10446950960897344,0.09152724784203413,0.10893911573800136,0.10237193448969208,0.0859298206171175,0.1218479080843331,0.15188351814537163
0.10310312409159784,0.18995547073316113,0.10525821571092593,0.121779848118464,0.10561968581121232,0.10124434929831216,0.08548574014722393,0.09737187081754278,0.09018169527155982
