0.12566355915874194,0.10737866652317964,0.09955473569293767,0.15136766309653918,0.09040758903062433,0.10661872069122469,0.11743445045112844,0.1197921964138682,0.08178241894175593
0.08488019312245787,0.11570718525348293,0.13907259703054764,0.11406743185339445,0.08982616945519516,0.11248707298056987,0.15096147320402273,0.08059975007993099,0.11239812702039838
0.08810324657959545,0.13923728522695986,0.12573742854477254,0.10794236041226712,0.0640043907448507,0.12639644833312333,0.14276310846764953,0.14046747805319706,0.06534825363758438
0.10974033229364753,0.09996554766418005,0.10173315546197276,0.09020770617282482,0.10812004910780364,0.13257382818441152,0.0934976766088409,0.15780936181798919,0.10635234268832967
0.09678418883862094,0.12812251242313227,0.11441806599351063,0.1414275668922252,0.11538156948912863,0.11346822536314187,0.11218160660368713,0.08095010363951316,0.09726616075704009
0.08512352650803294,0.1061110104541992,0.12499049648785153,0.13615093628150757,0.12716863197719935,0.10166220401514738,0.10993081995960503,0.11117350264513022,0.09768887167132671
0.10957142498070808,0.08809211237285436,0.09333068873539141,0.10710457606137806,0.1641851667299454,0.09350364151982112,0.11400437712926649,0.12030490016116267,0.10990311230947249
0.1277438970375238,0.1027476447043723,0.10829451929001525,0.08478916039965216,0.08577953963343077,0.10719858871109839,0.15797418916079276,0.15723646406283032,0.06823599700028428
0.06762738088540458,0.09347806269554733,0.13089758470523435,0.16581258605695878,0.12221911959736975,0.12886907593807229,0.10539621417011957,0.07844722197515129,0.10725275397614205
0.13463147674810103,0.1709852460691584,0.07732483892478288,0.10807061718669209,0.12499371115691282,0.0828630753100585,0.1115773526924756,0.10029526685124734,0.08925841506057147
0.11966403256543319,0.09192782186912747,0.1192491932689,0.13696158357883803,0.10086960617799472,0.10985130506721257,0.11582459857996652,0.12404035803101197,0.0816115008615155
0.19193180045507477,0.0739192822034047,0.09639572746324476,0.17676266926503428,0.13719131746197755,0.10782945529472267,0.09731846308393231,0.06579693200071668,0.052854352771892266
0.18029547942207966,0.1562072168510403,0.10185712171981849,0.07006534842626684,0.1142569136931245,0.10041901908841055,0.135691197496209,0.06509321271930743,0.07611449058374331
0.10074396638935003,0.13122917345660456,0.13346154818613876,0.14520078454919527,0.09277782941593864,0.12862238808127519,0.11090951075448163,0.07959132639028392,0.07746347277673196
0.137390515241222,0.1446096912032614,0.10738507667065479,0.06824393035996085,0.17489016689730816,0.11429588153195112,0.10959816226254936,0.07420993496510574,0.06937664086798657
0.12775967657102727,0.11386162491655949,0.12471887868406577,0.11337668275346864,0.12469297477430435,0.09692626786973473,0.09644935459329988,0.09997788309243277,0.10223665674510703
0.06146343179494773,0.08967770115547254,0.1337127865539808,0.12771183977321143,0.14056466984731975,0.09767054557392657,0.10358380357380949,0.0706125095337461,0.17500271219358557
0.13923940388403147,0.18362266989011053,0.0976469370197182,0.0572807814038949,0.09878586756792035,0.10309583595985444,0.1194643534318524,0.12050803047974475,0.0803561203628729
0.11388720069032138,0.09375468618433865,0.10624082988493977,0.09639264513947195,0.10103217094630097,0.09608046357583559,0.18128864356430285,0.10913255688862805,0.10219080312586078
0.07131004223597795,0.13999575164939296,0.11734610000061242,0.08309317734943072,0.13687174125937307,0.10856643646435253,0.11500105151583036,0.10084941434448758,0.12696628518054245
0.15226695645595817,0.09641833736783811,0.12347842810400846,0.08788270247611792,0.09631833461796672,0.09500195521709366,0.11994576507083714,0.14789974203774645,0.08078777865243332
0.1194646962428788,0.10385139588746928,0.13919309231428426,0.12809703914790907,0.08314680944743431,0.08582836160244367,0.10605299250205275,0.09903799164135378,0.1353276212141741
0.07880350865818801,0.09545734548528333,0.10364914767922007,0.12891600242794946,0.10902796998583204,0.13281718254060224,0.14718515151501232,0.07787097094318941,0.12627272076472315
0.19908197297173702,0.09219945577901627,0.10657324892750202,0.12345970896096718,0.08372356676411465,0.08172088186248969,0.13516651048543127,0.07681037912043696,0.10126427512830503
0.09087301140336514,0.10826763301635157,0.11956865718149905,0.085573149180309,0.24448233475461656,0.09787497527130196,0.09720063422562876,0.10180942507819919,0.054350179888728666
0.06027671881817647,0.10024688323652538,0.1041518253194124,0.08968098910860241,0.20320400032791444,0.11985553568499104,0.09810008466794869,0.07255814623770557,0.15192581659872362
0.14505630312292092,0.11908083628905307,0.10098204990291325,0.12596923279240066,0.08395437860528376,0.08652150114306334,0.09097835763505047,0.11019348593568667,0.13726385457362783
0.11590585036804009,0.09594367796190224,0.12598614170015945,0.13586346271247923,0.08758751405801697,0.11588025847898335,0.11322901477465992,0.13278677764847271,0.076817302297286
0.11037354907430459,0.10109745244229944,0.10665376950001881,0.1118848239375252,0.10259477423402304,0.10389310941656289,0.10619295293180094,0.13419773796990245,0.12311183049356257
0.13302521000618242,0.09361733396398327,0.10796710073129984,0.12505965911405073,0.08771595009168719,0.09319159902679125,0.1267490738100825,0.10071849402659765,0.1319555792293252
0.10401307031578876,0.11281559756612088,0.11310332314269084,0.11927230486238218,0.1153861725597873,0.10214862488555028,0.10084798806965184,0.11411230368236307,0.11830061491566492
0.07952669562218745,0.10777843923749546,0.11832793003460103,0.11167717327531329,0.11851424469648493,0.096018809351538,0.127893834666888,0.12819616849261709,0.11206670462287473
0.11955142270592127,0.11608018836543388,0.10115419443601431,0.13382860520384424,0.10185705819382822,0.0926031138602758,0.1439528166064098,0.0952391456218807,0.0957334550063918
0.07692388315563231,0.10765383372476105,0.13584187266750206,0.10147945541024563,0.13213460296393367,0.11899392638240196,0.1166973240106031,0.0966461966735604,0.11362890501135985
0.15155252439126085,0.1109328570471047,0.10912563586321748,0.07386607677455631,0.15039808503616603,0.11045425505482624,0.13605873220811032,0.10750316606707548,0.05010866755768258
0.057433767870254275,0.12681007648161816,0.1182436335943401,0.10814404266463079,0.11278510291227907,0.13150505994272776,0.10825092589326511,0.08101330427878072,0.15581408636210392
0.17905990795154428,0.10313579550129863,0.10501263161626695,0.05312830364161538,0.1235917440238532,0.10355525767523029,0.17181303081913643,0.09698290807502723,0.06372042069602755
0.1925340990163882,0.1691265622292987,0.09505984222831483,0.06233317589439147,0.10004038132128708,0.08778330300946925,0.11827186050072931,0.1119022648423705,0.06294851095775061
0.21927013012852203,0.10209896726278532,0.09625436721360714,0.1019191797706261,0.07370754722618056,0.09117849282756814,0.10135130788882964,0.10616028504456158,0.10805972263731956
0.08067781065817396,0.09437523038992111,0.11413473556078851,0.11867936480035439,0.16217311411421917,0.11563638330205846,0.08664393893385586,0.12845180553450064,0.09922761670612802
0.09279190263226621,0.1334822934808506,0.10876987390394854,0.12067224431252273,0.0839209880837623,0.1070492898054219,0.11841250786884416,0.0662001762309073,0.16870072368147623
0.15945378133993585,0.08129992487889601,0.10133573072691614,0.21443898064998068,0.08741152663089595,0.09327211900210275,0.09709178333115863,0.07766589349584835,0.08803025994426579
0.05624978832126112,0.07496883073115347,0.1166741773189132,0.04956783363978156,0.1544515548095055,0.13946229071084235,0.15698541047090953,0.11760206874266399,0.13403804525496932
0.1330862153651884,0.103872222838344,0.1259876037900565,0.12341125324296649,0.08619725896359094,0.0998287372880099,0.14142902385005615,0.11282128882024822,0.07336639584153935
0.06703835049773164,0.09173142355597559,0.11247111197833493,0.09710529876872549,0.08027108925186145,0.12266708869291067,0.16418353191181623,0.11369317567480963,0.15083892966783427
0.09788816460111764,0.10621624981443172,0.10723432978561553,0.1541048151088745,0.13689846328973565,0.11059626212302413,0.09870775561043736,0.10575220926018243,0.08260175040658112
0.09804534683470388,0.12712805505902688,0.1217178700495533,0.08882614448324504,0.14657514228298077,0.10312457342327831,0.1188284881485745,0.10013917247457606,0.09561520724406125
0.10512345826556486,0.08821788301129689,0.10800223523438561,0.09705886912992362,0.1662724676576869,0.1338973135558481,0.10614442315943855,0.10167401634095907,0.09360933364489636
0.10682580391215744,0.11015252001084143,0.12226348856949786,0.11600069952950089,0.12209827542249763,0.14303939997645906,0.10754037982093166,0.10347491558400884,0.06860451717410522
0.057487439422702825,0.089014818416581,0.09686996373597823,0.07926818565722,0.10495239840940705,0.09926328709855863,0.11229182307191458,0.08831425870049618,0.2725378254871415
0.19164864552349323,0.1755578006799432,0.10165565854585952,0.07824035902723354,0.12740772775773684,0.08171423266486193,0.0959076164181974,0.05332877368356261,0.09453918569911175
0.14319761683736906,0.12054512797697965,0.12498957506369594,0.10938709646847768,0.0850822770378714,0.09779330269693838,0.09654572139297607,0.08497609314082145,0.13748318938487047
0.19118545242132637,0.12115735898754731,0.10692704109961937,0.0920786495871118,0.08902607792371842,0.10982698259643477,0.09281742038237738,0.10330675453615312,0.09367426246571146
0.0695591276850444,0.09725001994810469,0.11288264386215159,0.1965004688300411,0.12351613509026753,0.09931696282575242,0.08771878012763362,0.07374337368779636,0.13951248794320828
0.07564767167512775,0.0818642466663435,0.13706561633385098,0.1006541458650866,0.09967950202201352,0.10680607514431245,0.1477266225779511,0.1338343722811222,0.11672174743419193
0.06498788783389856,0.1101319589508891,0.0944733975140486,0.1120667191606547,0.14031501752659328,0.11075005734672531,0.09855512540915934,0.07635126579209761,0.19236857046593347
0.08163995881028349,0.11798257004307906,0.13314407586786403,0.12094141580241428,0.1134536537132038,0.11364151847245728,0.12779760116077069,0.09452519626063154,0.09687400986929585
0.06530043291946276,0.06461670303172005,0.12427168968297864,0.07326563187056771,0.10074810494807762,0.13782366224950074,0.09907129801324664,0.08445356311496326,0.25044891416948256
0.07263201379252478,0.10523611618954165,0.10265909945493423,0.14331550521567019,0.11813157316089003,0.07459046297780637,0.10729379933896786,0.12825652616063796,0.147884903709027
0.07149338103714863,0.08920196011875887,0.11951350608957645,0.08748812651567793,0.09522670392212251,0.1257328773131562,0.18693644213836136,0.11747826823590073,0.10692873462929725
0.07184115272950256,0.07850148447618924,0.09366977678341953,0.196610840790419,0.11282120598547664,0.08837775846514327,0.12548157460311624,0.12243887157567246,0.11025733459106103
0.06356643165224747,0.12518354851235577,0.10032999128769908,0.04957402495240031,0.21680937106234496,0.11893406289392335,0.0822959605738071,0.07851058754123165,0.16479602152399028
0.09927192398099399,0.10143939823228199,0.11412732507889312,0.08748269122091767,0.10610788909175532,0.12257568886664716,0.17122307130190104,0.13537166246122642,0.062400349765383355
0.14166977691520824,0.1028371401831185,0.11582980501779921,0.11083098594279728,0.08882654816355585,0.10176331355200469,0.13287341306088965,0.12327423571146433,0.08209478145316214
0.20316349981057258,0.11452006490538515,0.08365346757492688,0.1128338491465748,0.06196216038062994,0.10008658665669239,0.09984174894673681,0.12925789553636355,0.09468072704211787
0.08265505736732122,0.10675858508087033,0.11642131394998669,0.15007639514295748,0.08489217731193016,0.11177678199984353,0.12935750020992565,0.11006984030453776,0.10799234863262717
0.054058166595807276,0.10547576935261094,0.11916722963448989,0.10988807209947415,0.15325261811216162,0.1315001196874036,0.09267365731912613,0.08754380711136668,0.14644056008755968
0.14839007595757703,0.10413818304714895,0.11310326506994628,0.1176216637628305,0.11641987953805062,0.11028136723199021,0.11536714033833821,0.11808773755970314,0.05659068749441509
0.07520892406027717,0.12808773785744862,0.10140371897975849,0.08005421068237535,0.12052434291761827,0.10066838909464522,0.10502135709912747,0.18827058461862586,0.10076073469012363
0.10790601659151755,0.11350259097701053,0.10803963511249222,0.1126186673644181,0.10103963263760363,0.09054547633149575,0.11580981557988979,0.1502262189832522,0.1003119464223202
0.08491983273032198,0.09863746882518376,0.10134297657780818,0.11284637836196643,0.11589996699883105,0.1077495316718342,0.14619789211560266,0.12977824329267415,0.10262770942577754
0.06803863498639083,0.1146483696822687,0.11870212839751877,0.07951300682448134,0.17549372819355505,0.1090187730782755,0.08104035978900477,0.11808637499300394,0.13545862405550116
0.15302286463192472,0.12909833874921053,0.10540693235583726,0.08623136928740595,0.09233031935609037,0.10986493346463004,0.07753603751315193,0.14430057331467375,0.10220863132707537
0.17958552837627084,0.08738964124658959,0.09942928217381887,0.1530606867441974,0.06924017911025672,0.0983710154365749,0.1373199796439073,0.10172018367073972,0.0738835035976446
0.07722448684687884,0.08808164947887652,0.10054449726919422,0.09877841045684087,0.1848972127919116,0.11953284096411403,0.09036145384857458,0.05055170895346856,0.19002773939014075
0.14174413581145745,0.0935573810184483,0.12302960410191566,0.14066245530755142,0.1176337363734976,0.10682195875024296,0.10521082499143813,0.08531064837378466,0.08602925527166387
0.09798997586867332,0.1378187593033645,0.09734164257222526,0.08525630616414166,0.12769434691946316,0.08236533934314723,0.1120456694977824,0.12120898894306699,0.13827897138813547
0.104060812171346,0.11768506131896815,0.1353518697705587,0.16588241882653373,0.1053313587913196,0.09531130681871203,0.1042083638286359,0.08714178854734367,0.0850270199265823
0.1325728061893652,0.09980328631243142,0.1022833914416534,0.07663259869465228,0.0907100021865394,0.09696678650148238,0.14894030267619332,0.1731482265826607,0.0789425994150218
0.08795493035815698,0.10213178326205896,0.11617700269151608,0.1260928810200436,0.10393454470164072,0.11213735571836762,0.16672123161494093,0.11054653504724055,0.07430373558603452
0.14435789963312287,0.10740671815227605,0.10100637560016479,0.10583285363016659,0.08122985060960947,0.0815283915973433,0.10693758523768766,0.11348103589008386,0.15821928964954537
0.13199120305758796,0.12998569098394283,0.09957123012648934,0.05980847403939468,0.15034969656282113,0.10022582148216803,0.10812400077252354,0.09000446781370326,0.12993941516136917
0.06492551308192453,0.11023696560902611,0.09963557287116297,0.07114398341164281,0.21387380138938208,0.14348906179858648,0.09316985901523626,0.09505118379265874,0.10847405903037995
0.18461998946261546,0.10090147125183119,0.08791961673352577,0.08696601247246231,0.11283819632546092,0.09242080340992864,0.12634226818463462,0.12586025067454934,0.08213139148499175
0.06515136493926993,0.10071993175102556,0.13207936438243262,0.09309523796671988,0.1556454241717433,0.10761296443318329,0.13201032113409625,0.1377966157199614,0.07588877550156779
0.056763291612939686,0.1347727971770438,0.12847639642921502,0.09055777491222393,0.1316498808968136,0.13948866524609563,0.10367252123789666,0.09319031051851938,0.12142836196925237
0.11051273884493784,0.12341498496791492,0.09598382061308049,0.15020190488127508,0.11760486256384657,0.12518911876435948,0.09372264341534457,0.11566514301478453,0.06770478293445648
0.13490705799450686,0.1129704077651802,0.1109901048046983,0.10863469017790213,0.1532781859404139,0.11056518797269775,0.10445792489144225,0.08072235888107256,0.08347408157208595
0.06960833726774951,0.09007953118221938,0.08794692271677247,0.12115485651239498,0.20456501681122527,0.12727395976522804,0.0952079749282451,0.06263268871453333,0.14153071210163196
0.15581494703996268,0.09632480762921858,0.12333351686053863,0.09495874342156108,0.11400104916112559,0.11391047624644242,0.15579621293411763,0.08886875250481108,0.05699149420222233
0.02662700256471938,0.13578766496239142,0.1564125809684865,0.1429892636794127,0.09924687125253175,0.09122584567227421,0.118939538697805,0.04091182922009623,0.18785940298228276
0.08063602432029865,0.11029348747239871,0.0921029602248733,0.14667924719215808,0.15107735920379564,0.11048228592938768,0.0879132066129678,0.08892880639207007,0.13188662265205003
0.17537889174735422,0.10121365959030437,0.11995628087473702,0.09423932712459665,0.07713018959661798,0.1231501872106987,0.13813520850204788,0.08155609821595233,0.08924015713769085
0.11220072080062556,0.1189034264814549,0.12108994723112605,0.12045446086578088,0.13616567613244282,0.10516830032277802,0.12240085764674132,0.09574792234802436,0.06786868817102605
0.11799197821142543,0.12158508965540238,0.12506156018497092,0.13768905182454452,0.07401890381431266,0.11007530629272982,0.12752927433079161,0.09762042049427318,0.0884284151915495
0.08916344589721441,0.10440438181504542,0.107478469678478,0.07434420402118584,0.13479962277222732,0.11329137195000231,0.12176173821935538,0.14792641558973912,0.10683035005675205
0.13119354202150352,0.09122930406116864,0.1148356586779757,0.1693802132486728,0.07782005375623524,0.11622032697430677,0.10539967926038302,0.10411453553113366,0.0898066864686206
0.04733476202467984,0.10010401310738166,0.10898710986623289,0.11339414994450203,0.08233963312823395,0.11275645759794033,0.16500250403344735,0.11813279394954761,0.15194857634803446
0.06347551197409938,0.11382602030785383,0.13224907776008632,0.06971258301475688,0.09914989796948541,0.1484203315318802,0.14783825119778785,0.0747746257520197,0.1505537004920304
0.09959921953523106,0.10579788079255088,0.1304906869027308,0.0824925920878657,0.1121039481434699,0.11823316784595005,0.11727488488128619,0.14971766586322943,0.08428995394768607
0.03971058713432992,0.08986620431188873,0.09034500900994963,0.07165375956391656,0.18413035061678107,0.13834362279943146,0.07983281700382096,0.1516109916360906,0.15450665792379106
0.06687513582028388,0.10956726100271241,0.10926865227516806,0.09374350867060026,0.17207913260476104,0.13329117939385887,0.07240047216644091,0.07619838444809972,0.1665762736180749
0.08876846951237045,0.10948741864817745,0.11440603986509786,0.07833293695674863,0.23710110493557424,0.1065502856987608,0.0733627450850854,0.0947991484699721,0.09719185082821317
0.057791387629120394,0.10626634189829694,0.11043489489900349,0.09124582813593111,0.15702239829000847,0.12171546059321699,0.10043932514029467,0.06296877399386054,0.19211558942026738
0.08830442170086798,0.10864272335211145,0.11750678150451736,0.09969722355829058,0.10783851384645508,0.10453230546746754,0.1287931166846941,0.11675756427278788,0.12792734961280808
0.08491816940595211,0.1333877289233463,0.12508424075487365,0.08861015942402621,0.1416705809572313,0.11171184313394851,0.10777577368621714,0.10714976790384012,0.09969173581056472
0.13196394452682722,0.12481819422317679,0.1173249263292201,0.07340091952759453,0.08164831196175719,0.09859605203613826,0.12904253027758683,0.1560817965595599,0.08712332455813922
0.10624131350312403,0.0998651278947374,0.11581559304206811,0.10591475798827947,0.08765982583502628,0.1220874301342388,0.1343035094710211,0.12783977668214294,0.10027266544936193
0.09412894796297032,0.10845615055186066,0.11986733520224158,0.09689458686653812,0.0893469431115621,0.1027711928277752,0.1645606166792327,0.10251949017717915,0.12145473662064017
0.07819933245188608,0.09749022539668627,0.09848261859345663,0.1539208128690205,0.10073169967512215,0.10906456091579775,0.10726839092296254,0.08540754780858549,0.1694348113664826
0.11497825760210166,0.11966753054119578,0.11221979679235654,0.08437289487256439,0.11786735587989806,0.09539150864606372,0.12897316317359328,0.08800758307333233,0.13852190941889428
0.1187071926777891,0.11894331053297297,0.10703130732286692,0.12961175977185857,0.08384828009735511,0.10743729255186611,0.10592084599480613,0.09646012911066289,0.13203988193982222
0.05571096377519225,0.11438506610964684,0.1074515458213639,0.16398201461055298,0.11442789263821584,0.09464530742225581,0.10463182262739283,0.14582229253743126,0.0989430944579483
0.08428838557160818,0.16902876241839726,0.10702391240621933,0.07176052798769075,0.20322403973666323,0.09013857120016983,0.06811167958896858,0.11275558721559432,0.0936685338746885
0.07581071527168529,0.10785646830986684,0.1098272348930663,0.12609125135102417,0.10792611868655211,0.11710482498220116,0.09571734258951732,0.13075916430659903,0.12890687960948785
0.09769144389253827,0.10251264768932107,0.11386123050822415,0.10116530902230603,0.11169759257951817,0.11757540430963605,0.1536332531667818,0.12070668742125845,0.08115643141041594
0.107689191667521,0.09492255400108653,0.12000656968724666,0.12674721279013754,0.13731100384905348,0.09362621397607755,0.12497568043536433,0.092565858575703,0.10215571501781003
0.10576113034389743,0.09354186288079498,0.10844110571122235,0.10864132246744816,0.1435003735266507,0.12669900845022333,0.10009122032582617,0.12054985681870671,0.09277411947523011
0.06495496099246509,0.11741030383430222,0.12565804576534742,0.12678433476779627,0.09603499599671124,0.11601691610321792,0.10953225529592443,0.1039637811139509,0.1396444061302845
0.1166098718201281,0.12221576824536583,0.09148074179811398,0.08016175361052784,0.09951722942665563,0.11347943719977115,0.11881400709356062,0.15854773481267934,0.09917345599319753
0.05953000403052797,0.0964711165589464,0.10180699278492633,0.06647711399063778,0.18470112725798069,0.14866303112871843,0.10684326409415566,0.10358671807477798,0.13192063207932875
0.10033597422417379,0.1105856874923687,0.13506193403593145,0.11089497389402149,0.08041222174086603,0.11010133551112224,0.14922112582587424,0.11776011527860882,0.08562663199703328
0.11013422083555158,0.08647526145832274,0.10948736736895158,0.07288681816707586,0.11844656588395559,0.10381020543212048,0.1702723839238335,0.1402212385111911,0.08826593841899753
0.08158498365813653,0.10963010008200913,0.13834674631393265,0.100111139399784,0.09103666561162915,0.12309754400322855,0.11215148911076624,0.06147510655679963,0.18256622526371402
0.05209858313998839,0.07845307323782034,0.09426019720622957,0.07157030382846412,0.1971568486553864,0.12883240557517608,0.0803358882864333,0.12137513937045737,0.17591756070004438
0.13086070390105972,0.10389899789198408,0.11923518468642925,0.07718105149626579,0.07979951083667763,0.11443319362920991,0.14677222801725828,0.1330180001407633,0.09480112940035208
0.08178200406325199,0.1495091201848822,0.10836274834638938,0.10734230552157371,0.12497482188053516,0.11056423140873754,0.08191448825258557,0.11336673845927618,0.12218354188276821
0.13361359318213029,0.11535532156141437,0.12590888952624488,0.09654472190912051,0.12088602131448413,0.09330414687605983,0.08289366650271497,0.10467770284912464,0.12681593627870633
0.0792189325810324,0.09969544960517501,0.12456525705645893,0.08773847672134831,0.12525709410046415,0.09601249938509641,0.120478146476006,0.16500980067912843,0.10202434339529032
0.11427177742483728,0.15372690810494904,0.10790789001998975,0.06342562898231378,0.16930881146180887,0.10855570518966702,0.08343030239568212,0.10776635744031243,0.0916066189804397
0.14068110202988449,0.14623490430546196,0.10134622496023941,0.06642431267632815,0.12300944180109331,0.09853690106332542,0.12278016210289755,0.11200634297508234,0.08898060808568727
0.059843056842548724,0.10341918432279658,0.1049327784832184,0.12646000336262542,0.09213265830512812,0.10314532726895047,0.1227213448376256,0.09744974981106864,0.1898958967660381
0.11666686980020968,0.11199276823909869,0.10654186639747043,0.09232437337601973,0.07872719828781329,0.12672428556758494,0.12210396399252886,0.1431515089034548,0.10176716543581954
0.11704654430865558,0.1226307178951213,0.11734553683509819,0.08325981768624409,0.10680752251945595,0.13141358216430593,0.11045137784872379,0.12071407202142252,0.09033082872097269
0.11702768224844629,0.10813225965074193,0.11227560019553133,0.10442260453432217,0.11264274255930773,0.10992718555506031,0.11467235541029268,0.13400750906763023,0.08689206077866736
0.1384315333238383,0.09163329793444312,0.11098781533487363,0.07336932651540397,0.12820234775711717,0.10695847792424046,0.17507434453314316,0.08705087537687146,0.0882919813000687
0.07742968533105266,0.09424083397077913,0.10202869749166055,0.1499312464244339,0.14797955806019233,0.10021250302775753,0.10987901860988579,0.12108602501610459,0.09721243206813347
0.09095051738740483,0.10507872331837807,0.09711317060584838,0.08385238931483406,0.10594600128873398,0.10030281899523451,0.17596921518826195,0.1160255856835772,0.12476157821772703
0.10112505840922344,0.0920354216092501,0.12121592580150464,0.10521978381826884,0.15200621651283372,0.12157138994179746,0.0923942337345013,0.13977525350934614,0.07465671666327443
0.09004397428119663,0.0920778950111615,0.14601522568409508,0.13287003158323216,0.12073705691594667,0.12221361649636459,0.10670154086550522,0.09395280140109137,0.09538785776140683
0.06133075779171993,0.12740204837343314,0.1172228911707779,0.12060701684723237,0.07929909821633667,0.11117428090323016,0.13016866922154735,0.13227175766057267,0.12052347981514978
0.08893349431414894,0.11914924023778455,0.12177167426837904,0.09438387321251378,0.17856135063611767,0.09528088289907932,0.10044248367787627,0.118089333797245,0.08338766695685551
0.14067853877579253,0.10147749199633828,0.12094156981311466,0.09124835787563297,0.08650583449598799,0.11601935272240853,0.11682118763404886,0.16055551656683817,0.06575215011983805
0.07271340941572552,0.0964230054835913,0.10754215969937775,0.12596775924490747,0.10978003423975859,0.1065373325399366,0.1184775106847868,0.09127642468321477,0.1712823640087012
0.07822794965434247,0.11136908813177983,0.13301666280968663,0.12198010169568209,0.10051379919463,0.1314298130708307,0.08772283759850437,0.1131618699899708,0.12257787785457301
0.06685144830383277,0.0990254450910601,0.12001657626465957,0.0822607154557244,0.13304721115730855,0.12135244384241069,0.11555032230692275,0.12529786601298598,0.13659797156509515
0.13089185949366336,0.12141317179325321,0.10674252929170865,0.1434409951655409,0.049988861201817024,0.10056721907986316,0.13736415918059353,0.11424991508500626,0.09534128970855389
0.1325815251317847,0.09896482492175,0.11366560871202307,0.10469374910203694,0.0719431257673572,0.10139798543557,0.15344963793424213,0.1405319507469909,0.08277159224824515
0.06625949089002837,0.11447980139566498,0.14353771302434634,0.09909208992389817,0.1302513246364638,0.11952635257940765,0.11824570094712111,0.11457737662655303,0.0940301499765166
0.12774482101347662,0.1114356060946915,0.12767136820220001,0.09508446856246534,0.11215383420932418,0.10115437643033326,0.12335533291047479,0.11961462782927139,0.08178556474776283
0.1504125265995503,0.10260276722055513,0.11340606562943699,0.12532552180692233,0.07388937842163219,0.11886246933701639,0.14562962908090402,0.09570682826201722,0.07416481364196552
0.07694343379845743,0.11118734188579542,0.1354364798638354,0.10747083425497188,0.12579196259425363,0.11435026180155101,0.11856205209804449,0.10444293601304305,0.1058146976900477
0.09339055597434327,0.13151700031289879,0.1413425596252438,0.09815934992131764,0.08937943984238006,0.11459965378948929,0.12293094194916872,0.10122141746023439,0.10745908112492399
0.07739854576212798,0.13016574935983197,0.11144182191800844,0.07699691439260982,0.18089773226990755,0.08547664050080349,0.11978053605895154,0.09626728553974229,0.12157477419801692
0.13012437083930387,0.11384560111524784,0.13877430061700638,0.12932106830946932,0.07992815233179483,0.1149608121986931,0.14487409889964667,0.10065966245096503,0.04751193323787295
0.10268948334160999,0.084726401707506,0.10398315967793463,0.15129224355248536,0.11529214866703608,0.09916989456177688,0.08730673539965732,0.12523550248744056,0.13030443060455307
0.11622512100643338,0.1139894390787028,0.10539752023235249,0.17188877767488828,0.08870194180377718,0.10578827215941362,0.10218761951485252,0.09039119688651172,0.105430111643068
0.08894182447844745,0.10378836316836677,0.12102790412722679,0.11493084867570602,0.11412815596847763,0.11625317099471233,0.13386246705061997,0.12997436281886068,0.07709290271758239
0.15736785285635743,0.13891940069763173,0.09161350104586048,0.06511147938179242,0.10202468918471008,0.0806825352694034,0.12121009344479015,0.12984808103030154,0.11322236708915272
0.07471793341388692,0.12079724583532664,0.12776126523730422,0.1144249158756997,0.09810938831113573,0.12788469943589087,0.12060293409438966,0.10947300746815004,0.10622861032821618
0.037865771964990746,0.1557677224420043,0.13655615093509127,0.07060385768092126,0.1391628806048263,0.12112629084583881,0.10016739086928998,0.07895355910051793,0.1597963755565194
0.1363678342022332,0.10736152284216406,0.12926641706312722,0.09524557293075213,0.0906532774848449,0.11128318580225083,0.12251684524580791,0.1368014836245246,0.07050386080429508
0.05394420614474053,0.12424343787551258,0.1092830628955662,0.16856655742583104,0.1551753895251183,0.0883516607406436,0.09206884805877434,0.12735745680545918,0.08100938052835434
0.1268931338557354,0.10011722847335895,0.12315395629745636,0.11268634633587686,0.08588474971795527,0.11340198143416673,0.1342930161577092,0.13030018092144083,0.07326940680630038
0.06442421618587545,0.09722471925036998,0.13383836114655215,0.11645379640326474,0.11941726674701465,0.11891615467600951,0.14282682591716966,0.12181017895559283,0.08508848071815106
0.1428842085697396,0.12526024297648644,0.10690316944077477,0.09796515346163659,0.0913837158400929,0.08521494866364737,0.07939516470557458,0.10640136795819362,0.1645920283838541
0.11269999220336104,0.0934588298586757,0.1098633236431052,0.07111497913537303,0.14972896289629645,0.12713572559683364,0.1176064102034348,0.12428442734222932,0.09410734912069081
0.03957368293533731,0.09670409562063664,0.11120293912494728,0.08172166849086332,0.13858285632534342,0.10658437230363364,0.08914838207269478,0.07137424298406787,0.2651077601424758
0.05831149793806237,0.1065119889000828,0.11583545161972504,0.08614442586457095,0.21843698195445285,0.10356468623718858,0.08855300208944876,0.1258408669076629,0.09680109848880573
0.18738312766709672,0.16460022885485276,0.12903441724492726,0.058565018750234316,0.060236767757836145,0.08690332884565553,0.08562862095187784,0.10210034397456282,0.12554814595295657
0.14476156133524254,0.10518534692173459,0.10845113108496078,0.10673283858868847,0.2054586396743137,0.08891662253355796,0.10099766790361266,0.09087495276925801,0.04862123918863137
0.0775603771814785,0.13605782917782552,0.09633226085050328,0.07190108546865877,0.17311909641455858,0.12208624087379727,0.08956234121046157,0.07508793907475729,0.1582928297479592
0.07961159883798584,0.11119154378026774,0.12340684889857728,0.1276805668577395,0.10144162096644742,0.11454288077690068,0.1113388292048319,0.09421762696314805,0.1365684837141015
0.07162623419575444,0.13031806245497482,0.13031217424628574,0.1127982305682441,0.08576542804950193,0.12113220818584007,0.16524150558102121,0.1029697095749098,0.07983644714346794
0.08199994044433977,0.17027040078500058,0.10555438526408328,0.06771992021745742,0.08674175953292486,0.10803382351882233,0.12483769087326398,0.11565021078497247,0.13919186857913526
0.1297133215593502,0.07970455611199141,0.11034185074245732,0.06401606116858234,0.07029755595682988,0.1258975111473927,0.17794630423702004,0.15872563611887308,0.08335720295750305
0.0584528510149707,0.10727014739717973,0.13352753197501344,0.138951623833152,0.1087641451961503,0.10171654100616673,0.11940620715233792,0.10968552904082403,0.12222542338420511
0.11589177022550852,0.08341943736561003,0.11236533448873674,0.17970195738945302,0.12698744191010874,0.10174692647700656,0.07898622824188109,0.10909660523293803,0.09180429866875735
0.1056684357524662,0.1377274689986877,0.11646562021516361,0.10692376806454873,0.1286285186613665,0.11206099749420524,0.11064533178368696,0.10659256906870192,0.07528728996117305
0.17828638831831597,0.13853516401248908,0.11338955257201834,0.07657707667674853,0.06627168311027114,0.10570976918714499,0.10446378216938802,0.12174749024238685,0.09501909371123714
0.09466633601186325,0.11964721280862174,0.11968100375443953,0.150356537369525,0.08989512715614285,0.12483839960860015,0.11824849720352197,0.07128805597526917,0.11137883011201632
0.19242324533638314,0.12593066091983138,0.0996526508261798,0.13495787890360034,0.07595253868756509,0.10693389249051981,0.0920472778082731,0.07674708621366691,0.09535476881398042
0.09072301849732904,0.14099637997741074,0.10353738474860918,0.057647171618385847,0.15124098860981597,0.11247837555026119,0.0797647039747757,0.1454761207401177,0.11813585628329461
0.09914748493698522,0.11540751535219422,0.09529076811118431,0.1714568604044057,0.1113065097128861,0.09380711611507497,0.08966496330414386,0.0813256213768561,0.14259316068626945
0.2046506124686086,0.12092323493630246,0.10747463722627475,0.10107029649581685,0.08145137317503905,0.07425726604406829,0.0945788977064308,0.1264202038109287,0.08917347813653058
0.09865506684625762,0.1058536266366079,0.11609706724829917,0.11291806059318325,0.08134542347266341,0.10722153524736698,0.1462281712344363,0.11350206819850829,0.1181789805226771
0.05607866197447592,0.10574660026718428,0.1337421631622511,0.09016769250391467,0.1039511490214603,0.11283674532692706,0.1374737567721396,0.12556251006715832,0.13444072090448875
0.14887905738561144,0.11821100652629031,0.09422318958641417,0.09740732871998681,0.09671388911489809,0.10015417564734129,0.10415561790025589,0.16427536822105968,0.07598036689814246
0.05114406869900282,0.10007414415874279,0.13844645154519197,0.13679876140391337,0.1053372262856253,0.12370938292108748,0.10137161562632875,0.09852413862207628,0.14459421073803125
0.07410109716532948,0.14042674131773514,0.12056247229174266,0.0930984254465111,0.0760182907118475,0.0980049515125098,0.09273641220430562,0.13580732044630917,0.16924428890370954
0.05303731078704385,0.09972058315245609,0.09425277633225414,0.06574500635476337,0.09119541776069708,0.08800277257184254,0.1581837887869568,0.11450261272299929,0.2353597315309869
0.08136602550281385,0.11459144269153022,0.08699842822032994,0.06156206443466141,0.2783818575835164,0.11046387854041499,0.07155396763151362,0.0824038737987265,0.11267846159649304
0.08165757243024618,0.14343988536179852,0.09978042605762416,0.07642101520509188,0.12315721281710042,0.11143156221808516,0.11772737772735009,0.07829987920417715,0.1680850689785265
0.04821558444257427,0.0826956640678457,0.11642509605041833,0.17395112357930378,0.13460707997169208,0.11173120853655845,0.14209851186952072,0.062239668052027054,0.1280360634300597
0.07505577585029245,0.10581118341702149,0.12383185630991489,0.09541609128116979,0.08383823148178922,0.1115475793476897,0.17736639227335874,0.10515777187760696,0.12197511816115675
0.10302711512951063,0.08621493743450848,0.09414486428305154,0.09341196955598767,0.1564554251599065,0.10901107760568167,0.08868853752343238,0.11802459662100574,0.1510214766869154
0.058327173383453355,0.15751018103717287,0.10825307948050279,0.10956825843222735,0.10707271038467697,0.10902331345217799,0.10547888140548924,0.12998667251757431,0.11477972990672514
0.1373204342514156,0.11001459207138002,0.08676128959007805,0.09693560264393529,0.1256579661002212,0.10906533604915436,0.10487669236567854,0.11175239443663665,0.11761569249150017
0.07737473686484242,0.10184795506342485,0.11852085779525863,0.09991343245103147,0.15319189198073138,0.14073337524756355,0.10993704149958072,0.1093421013541888,0.08913860774337823
0.11148523581511514,0.1154532706301331,0.1276032997990208,0.07620452361832332,0.10641321711526068,0.10690690896263665,0.10663431816318081,0.19159908263420355,0.05770014326212589
0.11443053666630613,0.110608879977741,0.11018106961624063,0.11097630819321506,0.1216966966006197,0.1066564232015829,0.0922315374588864,0.1268674288030127,0.10635111948239555
0.0680360574604036,0.11749941153617459,0.1161654664938796,0.07799847648494272,0.15187488222213294,0.11267977742032709,0.11579454927709913,0.15293156312183698,0.08701981598320334
0.07311373799228363,0.15224936310542383,0.11633884631318758,0.07716404429305194,0.1950194254223747,0.08903283040717917,0.07968566219400175,0.1344788133455391,0.08291727692695829
0.06602560850899875,0.0950635734730471,0.1228212100894261,0.059103377234683306,0.12055012763665411,0.1705832938352505,0.1164855007765166,0.12879685963776896,0.12057044880765466
0.0980210607973232,0.12386145419751633,0.1246903284650029,0.0791884252666167,0.10335344414011038,0.15476328575677134,0.13874409189278306,0.11034960553165436,0.06702830395222166
0.15750618106019917,0.11509751231215139,0.1180968529233699,0.11688455198213062,0.09209229153071134,0.0908263742522835,0.0964796083252731,0.10028827751734236,0.11272835009653866
0.09901027251018908,0.10572029368513507,0.1334037089514055,0.11166828940960283,0.08092013027852932,0.12114027468354475,0.14409277633766435,0.1230941447941758,0.0809501093497533
0.12622992116005016,0.10969370548722739,0.11082818007990852,0.08943243442999832,0.1029105754963846,0.08040272957467338,0.11483384015449681,0.18095168207976883,0.08471693153749199
0.09625516075871715,0.10051230127488535,0.11289061390725998,0.14570212308286964,0.10116563914088976,0.09315277903789669,0.10438708361052242,0.08399898669673823,0.16193531249022078
0.051820931135952854,0.10319949240234776,0.1001340678789529,0.1165423756257254,0.16810518639273933,0.0978438115902547,0.08074266278110416,0.11806497127872952,0.1635465009141934
0.05776268751625224,0.11631355771040101,0.12889489631136508,0.0958554032951272,0.1330443764983273,0.10261006388143949,0.1155174875415254,0.10080767011756266,0.14919385712799962
0.16696673489793623,0.08291930669495011,0.11755943530911613,0.08439707836735254,0.10582163086691099,0.10215789104155852,0.14904691605749773,0.13334979441994657,0.05778121234473124
0.07678842582303906,0.09563219121044601,0.09619746908048403,0.11714338066170267,0.09291247452664451,0.12305249665099822,0.10730935467252613,0.0850124563783633,0.20595175099579607
0.08703881342549236,0.09649438296133252,0.11062048312146426,0.08472356357899802,0.18928248256174443,0.10116233403586751,0.10933079611081971,0.11125622227741105,0.11009092192687014
0.05684950361620439,0.10533980441504609,0.10271858130860391,0.09932955158139363,0.14410559974715886,0.12598799797969795,0.10361988071744506,0.11690284884519442,0.14514623178925565
0.14301593295674012,0.11227610124561947,0.11469690156641088,0.13589985394472584,0.09683965234255126,0.10921516990741176,0.0839959901375184,0.08175303849682801,0.12230735940219424
0.13621213281909425,0.1028057782883458,0.11534105621789952,0.12532526903012461,0.0718860220960855,0.10557973333559058,0.15027122646133803,0.07044038510884781,0.12213839664267385
0.07622258874562306,0.11169657344225098,0.11563017883591603,0.11397083475097382,0.09894046241641219,0.11647987672227922,0.13122866109420936,0.08431059619225528,0.15152022780007998
0.12579062653931436,0.15470150128975055,0.10308417026025433,0.08728966683524887,0.13674760725840648,0.09281592310662047,0.08860543263965133,0.11449535607268514,0.09646971599806842
0.10299358612270387,0.10180635364453351,0.1192409066785705,0.10701024696355844,0.11074984446904752,0.09086513085115784,0.1780008749859502,0.12711460619931927,0.062218450085158854
0.05981167944989598,0.09126932848432705,0.11119597459666468,0.260998014004468,0.10111863913121961,0.11071649382488809,0.08495125519794644,0.07596531189616933,0.1039733034144209
0.1384624971402352,0.1413669397149112,0.0979334379589722,0.13560987027087942,0.08656912293927414,0.09747176578552663,0.08898989026461912,0.0822921495345005,0.13130432639108158
