0.08786177464299565,0.15993006558466302,0.08287633238817056,0.11433689397635627,0.07012177324366238,0.1098498545536179,0.1269609081118319,0.13100828395070693,0.1170541135479954
0.06551634971195447,0.0835825769891314,0.123643208797871,0.08177660834943712,0.10670747131471303,0.08981029497648702,0.1755006690504628,0.09895283679925888,0.17450998401068438
0.0842907615276655,0.15479817006006305,0.05374030459069856,0.10194001015600547,0.059675161504115976,0.0748767434550887,0.18585622318265746,0.1378494721453597,0.1469731533783456
0.16123963529622617,0.034247993537459796,0.088122259011038,0.17434506329076074,0.07145875832528033,0.027045182638334525,0.13074046621805238,0.22933232753053237,0.0834683141523156
0.12585595231895316,0.0786745627625043,0.06408326007453811,0.12308194805147156,0.08596083182082032,0.08942217448980484,0.13192070117427476,0.17526728446986398,0.12573328483776894
0.10893773648970669,0.11685599508180237,0.05885089224447356,0.07939791399233932,0.26844799864534435,0.032862753373330694,0.08331051276586991,0.0714099915614077,0.17992620584572538
0.17918068905783066,0.15597515216562605,0.06563207343991735,0.08986636402175939,0.09794530187944145,0.08043928558560738,0.12649278239037035,0.10832343707622326,0.09614491438322419
0.13878664630562557,0.09541243379039362,0.17712231547120347,0.17031665596218706,0.08999755929556198,0.10568635540555456,0.08306885430684817,0.07793734092534199,0.061671838537283634
0.10332172559683257,0.11667959003817148,0.1575836938345695,0.13869333532034475,0.07864956510524494,0.06263323285219484,0.1331513013992541,0.12656095403723025,0.08272660181615757
0.08985576935105204,0.22285853963658508,0.1075727172968415,0.09706200668889803,0.09315961805048063,0.1318923930061912,0.06027284751422324,0.11530618378314106,0.08201992467258719
0.09876441281203378,0.06911582428268138,0.14962063864393305,0.15610103753694246,0.2134906449955988,0.06303176910015007,0.08283119210228954,0.0806654049820245,0.08637907554434644
0.10812779050266012,0.08205376788182274,0.11100753447149903,0.16033157923683994,0.15151776763557115,0.09287189986021781,0.1405632961727474,0.09847268885124667,0.05505367538739511
0.15553302219711718,0.06610977776682879,0.07580115013711423,0.15442821773977644,0.174574931296786,0.09069278854176198,0.07247399181393559,0.09457459400216184,0.11581152650451798
0.09385654906482821,0.04308665659267974,0.07473472459877815,0.0767422958462123,0.15725168575766543,0.06288890911937725,0.3058369707081056,0.07100742619166983,0.11459478212068348
0.08969983772874367,0.04293515834871145,0.05435431183557188,0.16554141215467486,0.11949977194238952,0.06215448612086818,0.13686296630822492,0.1867684580286132,0.14218359753220233
0.09074351767213718,0.07575067771690326,0.11130638030662153,0.10197204365771073,0.1660165091774385,0.11429895477864387,0.1748213038368788,0.10462012848418965,0.06047048436947653
0.09026100386775499,0.35714814136710626,0.07634097100172,0.04720526699111111,0.07206477264331435,0.09363927382835974,0.1160569121468084,0.06804714409628819,0.07923651405753696
0.1674054848464366,0.05391265536560347,0.07729885574390938,0.11137021191460926,0.22814033108577125,0.08562502968485936,0.11066624307934829,0.09501884449502668,0.07056234378443572
0.0749289345763221,0.033185946810505386,0.07630915181786858,0.1012627259921795,0.10994961553493256,0.15603186788718312,0.12511357844464507,0.12019574690733041,0.20302243202903336
0.10812784433551574,0.11557998168502044,0.13233644293625693,0.11212611868022478,0.08342079961513976,0.12547453481899482,0.14151717938820083,0.10111961208469245,0.08029748645595425
0.08093158461535636,0.08437504951489012,0.050910330300127815,0.17811341574854764,0.21898434852742163,0.12046270487383091,0.08333825154244882,0.08707083858378852,0.09581347629358812
0.11011473009236745,0.09514467252081538,0.08095479579828123,0.09428368717709874,0.08045126551961274,0.120262602052164,0.18850130530072606,0.11532107048984874,0.11496587104908566
0.09144984499913023,0.06849451663725052,0.05727943213942157,0.13346059321541984,0.1640652499498465,0.0990748440271564,0.11849474801915227,0.0830536721008397,0.184627098911783
0.07354027137134948,0.07326270105461058,0.19223187248201792,0.11153786904080033,0.07305357980280248,0.10205983174954136,0.17927535882992376,0.10504247092389303,0.08999604474506105
0.07047475768728971,0.09609701322235187,0.06568960375029335,0.12456767764841907,0.16039494031392693,0.14971196105046788,0.08442131162119089,0.11758355406424263,0.13105918064181765
0.11110358782219554,0.08089496909490689,0.13488169776226538,0.07746748024547162,0.09486730153334448,0.15165137424254746,0.14102437732252507,0.1250086051425117,0.08310060683423186
0.21122171764132627,0.0954628257925446,0.0729009613690715,0.08063702317131677,0.09930598227650766,0.13608567757475568,0.10752138207469736,0.12008566302543143,0.07677876707434868
0.08887894220988894,0.15651499150107814,0.11728223589929919,0.12320364405709076,0.11178946322286652,0.07211945853492753,0.15793254391486453,0.09145494242923884,0.08082377823074566
0.08345665617387199,0.13099351642903015,0.11117286620310513,0.09460245783406095,0.07861188440719019,0.13081861880009651,0.13646387492214812,0.10464615438541292,0.12923397084508395
0.15732211058196963,0.05886646371691062,0.04602426896281492,0.07950479601903737,0.19483395708578233,0.11553096087833718,0.09309882091995501,0.1001920403646243,0.15462658147056854
0.07519572964307594,0.13927391310396411,0.1258609436964678,0.054138725261055655,0.10959141165089374,0.08532459974201538,0.16448750913297822,0.09256343474492139,0.1535637330246277
0.17526272771401386,0.08043910007032816,0.03977447114749482,0.05436908191649844,0.12615337086051603,0.059824255331411585,0.12582549496634793,0.20498232303505778,0.1333691749583313
0.1540567759266669,0.10121554963419939,0.05374998476622548,0.0547397399493571,0.10780330381963814,0.13817495453732304,0.15596904997774735,0.11639237024208726,0.11789827114675537
0.12976499153737925,0.08809477380219359,0.05659874718610005,0.145152957527993,0.16403554348143032,0.11439387764555119,0.11105691261748661,0.10785516551993586,0.08304703068193013
0.2148156000938927,0.1593523394490143,0.07638599811768779,0.09411244520428498,0.07022074921090714,0.04486134616775728,0.13241926294453144,0.11129733608615722,0.09653492272576708
0.12331002605090065,0.07719026041975766,0.05104960928409766,0.14410168541799465,0.17581357555521035,0.0828690417441096,0.09232226956441436,0.11314581235956704,0.1401977196039482
0.0889725162567498,0.06438633981549757,0.051223356707736506,0.0910872434345007,0.22197087551632924,0.08574850832602106,0.14670845862717372,0.1127891042920285,0.1371135970239628
0.13124379891284138,0.18723766350540064,0.13645655319486863,0.04910636597809559,0.07134903266653168,0.1264848893377495,0.11401144362760644,0.11144812611353427,0.07266212666337193
