0.0760330255151741,0.08506921187215692,0.11327339830077843,0.09685113364164966,0.13641154724209334,0.14522170887340854,0.13679012068247906,0.09624097650176137,0.11410887737049857
0.08613619109111692,0.1326756928727317,0.06985727696896786,0.14281855366867183,0.13768449767345622,0.1347981387099518,0.10401274907361946,0.09873440600116312,0.09328249394032119
0.07219273259640534,0.09698704327200135,0.10026702974506507,0.09622389361141957,0.14295325857699792,0.14151706895326588,0.1251201405637644,0.10865076641446995,0.11608806626661049
0.07511018341750217,0.09047275971559576,0.08707294080821766,0.10627053223934814,0.13458618924470878,0.16032608283057923,0.14415391567395877,0.10021263798467321,0.10179475808541615
0.10797249644373601,0.044945932956219965,0.1267179587856212,0.10152678857700283,0.11801647896709765,0.07750498085269393,0.09061010069481783,0.20047122619361632,0.13223403652919433
0.08786360176743173,0.12885990693256824,0.066535392907269,0.14666915111833212,0.13428386388811983,0.14122243348007277,0.10984180934220189,0.09566883599787784,0.08905500456612658
0.08621289468517863,0.29632022333851016,0.06815867923457308,0.1284440136321411,0.10522881200233987,0.04265709876179704,0.03201075467220479,0.13122269411094997,0.10974482956230532
0.07639150940842833,0.09192138217080148,0.0859814662723513,0.10822281187165379,0.1331172545270848,0.15884681634127087,0.14412998475348848,0.10040355508571125,0.10098521956920971
0.07992676090240199,0.09145730740447226,0.09804702808253486,0.1542671025458795,0.13397629162627414,0.10428773926509431,0.12057655970786015,0.10507381635887425,0.11238739410660853
0.09650601903631541,0.03545414457624555,0.1511097760803779,0.09471390801126656,0.10205184624957014,0.15733420088945674,0.19758385092313646,0.0710930329906864,0.09415322124294478
0.10747821809244827,0.10928103430385028,0.0859155574796402,0.1362019291022829,0.11064210069957607,0.0860256224689374,0.10271591778946614,0.15076951674900338,0.11097010331479541
0.07254988817891532,0.10263966163661613,0.10510537671252762,0.09375700631956925,0.14416483727680332,0.13099213811335678,0.11604739157727095,0.11293710262498169,0.12180659755995897
0.07217234349041707,0.09315266882320712,0.09627685295089848,0.09839190984548983,0.14134034079626248,0.14966634764494216,0.1321727175126842,0.10536882739971132,0.1114579915363874
0.08550280451067356,0.11952319821556874,0.06988191645308066,0.13863890047510793,0.13400611582092098,0.1467499213544616,0.11806168647894548,0.09649193028201615,0.09114352640922492
0.08409379060305859,0.0722280643200134,0.10045483460888256,0.10775145534072954,0.13496847609948762,0.13167188474067557,0.12407081187822061,0.1287446511697999,0.11601603123913225
0.08391445316155605,0.060318378122884424,0.0964613861831468,0.10130373429137036,0.11790871995706442,0.1788945233440301,0.1646040675415467,0.1024555273062655,0.09413921009213568
0.06723277107243057,0.08654233279380345,0.1279095189159061,0.07206646970592188,0.14210058179731266,0.12835872169696735,0.12430975376407505,0.11641370109656522,0.13506614915701773
0.09463988187088408,0.13150426618141345,0.08586985052005662,0.12772336067604245,0.1190722030677373,0.1022333076456262,0.10929326873718932,0.12128172277266226,0.10838213852838822
0.07962582503306029,0.06679707134312976,0.11198404829502122,0.09647148356911915,0.13617550506952406,0.12729797473042684,0.12411072013036695,0.1331931175035839,0.12434425432576779
0.07341530748301761,0.08962889177335087,0.08973424984849293,0.10309749457562628,0.13720673152604088,0.1596767970805795,0.14194029947781564,0.10100839790639299,0.10429183032868332
0.06269562726981119,0.07265548676336349,0.15702235091620595,0.05321352653857351,0.1364787564738509,0.12039179543137535,0.13023497918281135,0.11858320321760989,0.14872427420639836
0.06018822217957554,0.03805463715069096,0.1825779656970962,0.05049455964875521,0.1156498625208421,0.15120705753605032,0.19292214047100864,0.08565223792201553,0.12325331687396551
0.08770631261115418,0.12113145337291459,0.06908457386681034,0.14103722859882437,0.1310596133768004,0.14371483609447597,0.11864522530587011,0.09720527108127641,0.09041548569187363
0.08562533681985966,0.1178498632278695,0.07035927241685659,0.13755049221746016,0.13297186328231295,0.14725753866013822,0.12030260772862927,0.09678736300902012,0.09129566263785359
0.07250584713747955,0.09077756749257043,0.0929661586423861,0.10048028316364953,0.13952840044806492,0.15555054263046683,0.13753193629025942,0.10292815782774101,0.10773110636738219
0.11131770599053646,0.35631512366933377,0.1893977687591115,0.001535431121595728,0.0005015195540545844,2.8958505259062457e-06,1.3939321929040407e-05,0.18582027484085017,0.15509534089206292
0.057785826406118825,0.05568830243790035,0.14986065350351563,0.05011198897101008,0.1302250597370926,0.1454049419817165,0.1685636948606435,0.10837650814828965,0.13398302395371284
0.0749977311834481,0.09036893446971046,0.08719497727238351,0.10608666214530627,0.13473015004316144,0.16039909809743327,0.14410670014603766,0.10021907468716594,0.10189667195535333
0.08759499860317312,0.12464847221980634,0.06734495886483428,0.14424682049445173,0.13300178860201137,0.14377676807002063,0.11432911632677502,0.09581273981445222,0.08924433700447516
0.08765016816979072,0.12151834941977697,0.06876195463287917,0.14152835002356376,0.1313754687356178,0.1439959058950976,0.11811668151604639,0.09689307280038591,0.0901600488068418
0.0727707822751609,0.10540487933049265,0.10722576076493402,0.09266662880538007,0.1444413481429586,0.12631885109511357,0.11194512599812213,0.11489420448180047,0.12433241910603753
0.09113484172534374,0.16618730660580147,0.06645909400887524,0.1555443097880235,0.13642738135449964,0.10791316433747394,0.08015588646025762,0.10262242691334032,0.09355558880638466
0.0881596798589902,0.11995855960567141,0.07020279202384959,0.1406687861916141,0.13040917653147402,0.1403993190773427,0.11970674172908413,0.09889717225334749,0.0915977727286263
0.08396853219242036,0.26173945488315337,0.19406636817706846,0.012709085164317487,0.005189421166248348,0.0003356340100768358,0.0008920205064988012,0.22727578974199583,0.21382369415822056
0.07892578708401593,0.09652865370143725,0.08353503904879878,0.11316474255430901,0.1315550549966639,0.1548259306764764,0.140900818503054,0.1008830401343853,0.09968093330085943
0.20306301712309563,0.06398276818262112,0.21073837670123094,0.09773790754080446,0.04263098128219467,0.018945337958369807,0.07451258661826717,0.20509641849512195,0.08329260609829438
0.09526731349110366,0.041990266622549545,0.12036263395605946,0.09902734580928031,0.10426917542640694,0.1616565128774654,0.2115787093928065,0.07454840415052662,0.0912996382738015
0.09598878034401837,0.13215664469354935,0.2971036543993138,0.07929134796059213,0.05466825570822878,0.027277392361178765,0.015527394358323053,0.135215155229672,0.16277137494512375
0.125944783132522,0.01935036716767177,0.27378863107862306,0.08840333552285103,0.08003927153041042,0.10211555192594317,0.14226829325829468,0.06856894563923342,0.09952082074445044
0.12372668610077774,0.026341628602314853,0.18882831277015164,0.06861628640263569,0.0716045064214258,0.09461625781904187,0.219513143489012,0.09963411333818235,0.10711906505645809
0.1031873778968097,0.0867193118696139,0.07828441253216167,0.16067345825171053,0.11450226942899137,0.07411896557146697,0.11098934285977297,0.18144226787535586,0.09008259371411698
0.07727669199538752,0.07150187723989093,0.1250514769423942,0.09423713084938919,0.12970232283819974,0.15273001218999016,0.15158913549682254,0.08718599118584482,0.11072536126208082
0.0787337039816245,0.09538674614954051,0.08487226838381412,0.11137216039462912,0.13094830837998134,0.15418750901283373,0.14236651826907032,0.10157744782239424,0.10055533760611203
0.06667955623172538,0.054067518430908935,0.11814958343687598,0.07239294411856273,0.12076024180663388,0.17282320659517814,0.20186301707762463,0.0876826093755332,0.10558132292695711
0.09463988187088408,0.13150426618141345,0.08586985052005662,0.12772336067604245,0.1190722030677373,0.1022333076456262,0.10929326873718932,0.12128172277266226,0.10838213852838822
0.0851287743335402,0.36024317183283,0.07677002539400367,0.10280974330856892,0.07520551458991014,0.02385303041031152,0.021340876060139416,0.1352875500916329,0.1193613139790633
0.0805970813719783,0.23994275533791445,0.2763041343222799,0.001110931814047282,0.0009511721509985915,1.835282203844907e-05,2.3022545016691972e-05,0.26026801321809584,0.14078453641763053
0.13441262741983165,0.23841395111827815,0.39831345794690415,0.014700530352225119,0.0009360997361981628,1.6911046159019774e-05,3.0727391585036663e-06,0.058025885174390994,0.1551774644668543
0.0764868255608511,0.3906157386067513,0.06309948539785441,0.09029500056915367,0.07110406338809064,0.019643702851381895,0.018918577943619744,0.15195196141226494,0.11788464427003224
0.08494640434985817,0.12707021852297384,0.19445574200803376,0.07766640276412583,0.11380116609249485,0.07177414098600532,0.05398291973541592,0.1185858981017029,0.15771710743938938
0.07740897814403867,0.09332599346148485,0.08539460512758508,0.10964054365794085,0.13211367947959946,0.1570584223376369,0.14357350342578634,0.10081110161971203,0.10067317274621583
0.07270002970736951,0.04323099753473044,0.1298206613150889,0.0784987515626261,0.11092985379998421,0.18141810310082132,0.219357075269613,0.07006433541242225,0.09398019229734417
0.06827157337682607,0.08231004336911339,0.10670300044621432,0.0852559458809866,0.14036334255345917,0.15202462763787358,0.14156993435849963,0.10654525122987728,0.11695628114714991
0.07258097801401675,0.10304107302541486,0.10542127269834774,0.09359583164532026,0.14421599858918296,0.1302961550000649,0.11544043104423801,0.11322592469674453,0.12218233528666994
0.3661817359994988,0.02704290798724553,0.11234774316792943,0.04477531076845701,0.03489084842582863,0.009111788434336384,0.010107884937299154,0.2911955468573136,0.10434623342209148
0.07319365273935612,0.11048554377221993,0.11083414417546782,0.09073687819387237,0.14453982072850544,0.11841310413541302,0.10483191896354647,0.11831877734870011,0.1286461599429187
0.17724683025394186,0.015453780256444685,0.49575647379333593,0.08521937526498839,0.024813822243891667,0.015456600693769517,0.011863096405586549,0.05413270792872219,0.12005731315931933
0.06230302903829859,0.04645867657915969,0.13369226918189292,0.06182501214506989,0.1194973082712358,0.171805100159546,0.20755466437366402,0.08680439207799547,0.11005954817313773
0.0897080208788188,0.1812739919186499,0.07132820348202512,0.14830751726377298,0.13604281029147117,0.09271085566012323,0.06968724653157235,0.11018945005972837,0.10075190391383808
0.06861717521863776,0.08164880579307905,0.09028126089571609,0.18331462426027953,0.11495167386374248,0.05252804261066937,0.08351952147578841,0.22078604553402736,0.10435285034805987
0.08843390543704678,0.11651393649828483,0.07966625700105547,0.12782990266446254,0.12580803371070717,0.1303368059856342,0.12422153434391538,0.1073573230404109,0.09983230131848274
0.07637966475513387,0.07898313660287508,0.11141393225590152,0.0980519207736154,0.13351044967280856,0.15394121854678036,0.14767772933746934,0.09095957881134091,0.10908236924407495
0.07208897179280122,0.09728725132142561,0.10285475422576433,0.09512331897909493,0.1439657694874949,0.13667833966621146,0.12239833300939212,0.11069439188529169,0.11890886963252378
0.07684344178090108,0.0937290649645775,0.12403251557510431,0.09241795306138824,0.1373320155845755,0.12967897705340456,0.12002667283174735,0.10242684584110102,0.12351251330720037
0.07362569797425063,0.11582996142386759,0.11431047125232034,0.0887388779682174,0.14416225261981966,0.1109350864271763,0.09785856454123872,0.12172521694254461,0.1328138708505647
0.07441101805399535,0.15741925507776378,0.1536712127042881,0.05787533986725348,0.12224962736945201,0.06366577986848575,0.0517553548541663,0.14892163195791777,0.17003078024667753
0.09463988187088408,0.13150426618141345,0.08586985052005662,0.12772336067604245,0.1190722030677373,0.1022333076456262,0.10929326873718932,0.12128172277266226,0.10838213852838822
0.10456576622759463,0.10054251224446324,0.07203111273988817,0.1500811083951047,0.12240698918461802,0.12106269082859837,0.11107530176214296,0.12345428587844676,0.09478023273914316
0.07256503589632883,0.10283592209786967,0.10526019470308129,0.09367805797938662,0.1441903434967181,0.13065108277736748,0.11575011861970563,0.11307852817168594,0.12199071625785646
0.0963813982441406,0.10220082645052116,0.0684200159840239,0.14267587074087607,0.1227727113023712,0.14948532662379913,0.11171604047198448,0.11999426980274648,0.0863535403795369
0.0818293365766579,0.06713821115524878,0.2916101418610515,0.06915640419195378,0.09846547523359261,0.08314527029344264,0.05953550456722182,0.09691015417820663,0.15220950194262434
0.0794877431800556,0.07201682897959427,0.1047817445665712,0.10437695145819365,0.13120411848429378,0.13935103493735382,0.17262490423218713,0.08681430991088206,0.10934236425086853
0.0772482588208221,0.09570669136081732,0.12338678386158404,0.09401750853558953,0.13827918269939368,0.12615074305704435,0.11673970738436223,0.10396985148454434,0.12450127279584243
0.08101076889068673,0.16231679063894486,0.16369894186363956,0.06965144080283414,0.11473697376450809,0.06088709032193906,0.04684180959973929,0.1371426644290252,0.16371351968868306
0.0721737047544444,0.09312579409542009,0.09624498711305284,0.0984103605844661,0.1413250898038255,0.14972781812308608,0.13222686528204428,0.10534387322870337,0.11142150701495739
0.07599155640736295,0.06659966272086994,0.13870958999914226,0.0873991403894593,0.12810938472553787,0.1490628169410815,0.15117283431465892,0.08765362537899939,0.11530138912288794
0.10699027500374492,0.11435706098805172,0.06893930036880863,0.1609690580556164,0.12839553420433794,0.11298233511046962,0.09332521151429056,0.12112166609075009,0.09291955866393019
0.08658423409221323,0.12059985356354778,0.06904890785824096,0.1404262564148647,0.13274691283892326,0.14575374002753513,0.11803219301487183,0.09642562633430425,0.090382275855499
0.08224909320637586,0.1264668446453518,0.07759654103681617,0.1303436230720856,0.140716072805095,0.13310518466006496,0.1057704301307486,0.10316413378490798,0.10058807665855411
0.07888613853599065,0.06430366824637572,0.1014375928632794,0.10112420274803528,0.12059729574211318,0.17738940257598076,0.18878551326814033,0.07540643008847454,0.0920697559316101
0.07028069508349162,0.10302468185155517,0.13121777293310974,0.07374106041690913,0.1425545528688897,0.10990516631118698,0.10243828929052838,0.12401437898886568,0.14282340225546356
0.0908265737738649,0.12104098563375688,0.08508602625349138,0.12440311354022378,0.12232396160671516,0.11607921676862067,0.1194102454515773,0.11512629248094076,0.10570358449080909
0.07572603294814385,0.09373488663566332,0.08525872542444478,0.1094801767029464,0.13593429530607185,0.15909221899026535,0.1397218505497519,0.09991656894389156,0.10113524449882112
0.07260449574866315,0.09049173697217522,0.09243706324322254,0.10085715485038137,0.13919158571328336,0.1563680677113322,0.13832534598478283,0.10257380264033655,0.10715074713582268
0.08927123525839042,0.1435426258826645,0.06593590074145077,0.15184600146282343,0.13637682990891864,0.1283015563871661,0.09657747035371285,0.09775061172484711,0.09039776828002612
0.11663624198043548,0.09846314970063645,0.08602988051533494,0.13918775306109607,0.10392310778566495,0.07391467751775804,0.09573328011000777,0.17422155377281787,0.11189035555624836
0.09284519247404448,0.1264001638895729,0.08548343602086039,0.12621588452668306,0.12069096116306116,0.1087999975315414,0.1142192803939114,0.11826343946698493,0.10708164453334022
0.07257196036666362,0.09057778199470427,0.09260254602680369,0.10073761072974664,0.13929850633614793,0.15611704373728652,0.13807955291098548,0.10268330678650602,0.10733169111115587
0.13328457765260637,0.07641020718108323,0.08049989972759987,0.1502682697212527,0.10418770804023726,0.07524106150096506,0.08783051438098709,0.19013637106850023,0.10214139072676813
0.07722159060865735,0.06944239336546021,0.10593346936145609,0.09983338049411328,0.12692990641252308,0.16939860808402826,0.17016675407479873,0.08181397246429,0.09925992513467298
0.1375186012810605,0.07748261538766997,0.09446160479643988,0.1660704112323462,0.10935422087153814,0.10638086412377412,0.1144943348132369,0.10345996884562499,0.09077737864830937
0.08921330969653885,0.14294586322305294,0.06593368121686553,0.151691781776538,0.13633287464583055,0.12885896648287345,0.09706666668863967,0.09763561674453171,0.09032123952512934
0.08450571977107361,0.1093411925537404,0.07722541484990138,0.1263979961827081,0.12964659833939665,0.145378408729966,0.12994262551790878,0.10123975611479742,0.09632228794050772
0.06270468536480633,0.13007903490139847,0.07633058583929603,0.1586317565576395,0.13657406848854184,0.13971797119765927,0.11828653452982106,0.08295178360298729,0.0947235795178502
0.09463988187088408,0.13150426618141345,0.08586985052005662,0.12772336067604245,0.1190722030677373,0.1022333076456262,0.10929326873718932,0.12128172277266226,0.10838213852838822
0.07441708537661591,0.07156372417468783,0.09933654399120813,0.09716892729491379,0.12868310117066595,0.17160601245592944,0.17109019593742736,0.08645600844666392,0.09967840115188775
0.09678454984396712,0.10048277910907329,0.06950626817664013,0.14074712979927428,0.12116072093534018,0.1483135524120403,0.11344104219620317,0.1225415744196836,0.08702238310777792
0.10315044797882489,0.07666132374056447,0.10396338864268599,0.14174535835022592,0.09367876751185548,0.05893665926676899,0.11368469420425935,0.18943371173442122,0.11874564857039376
0.07592808901118457,0.08950618879033494,0.0883643237794277,0.10491737728090662,0.1318950737618083,0.15831143432822695,0.14740105378729426,0.10134914739760621,0.10232731186321042
0.46468830299096736,0.089084532920226,0.07198024613974242,0.017992915055473433,0.017704035047991964,0.004976292079104439,0.0012785374900632525,0.15401805333750343,0.17827708493892772
0.10756844731486666,0.04265734347626032,0.19879223348964545,0.10585633211974559,0.11128908103858363,0.09586964819260053,0.10797617086860335,0.10320887050959467,0.12678187299009983
0.08909804625716684,0.15656274386055746,0.0689150292021172,0.14996358479793004,0.13785966472369196,0.1137475455995434,0.08566714041714289,0.10289859904660058,0.09528764609524955
0.13520717266019391,0.08412807777242183,0.08721990029528333,0.13938039061912574,0.08869565406321822,0.04962309376420645,0.07740282284247879,0.22662975900196725,0.11171312898110451
0.11113664783542748,0.3552147299105887,0.1822875380206185,0.0014891873671309867,0.0005079190253589652,2.935726132098802e-06,1.4306535538196202e-05,0.19523569405389382,0.15411104152531116
0.07645555369084266,0.34116159415946584,0.08155617114612536,0.07535699210807216,0.07845289042274854,0.023708708131548545,0.022783413600649612,0.1639424327552011,0.13658224398534613
0.15181370240191036,0.0782831850209256,0.09156850145463791,0.13314173462861575,0.07264523650888248,0.029746243462653737,0.05613731547599748,0.27643065606250755,0.11023342498386908
0.08418332113851762,0.072160791803179,0.10125336646770085,0.10747736296239456,0.13515215241101622,0.13026818558158057,0.12291363240693846,0.1297786650952873,0.11681252213338544
0.09463988187088408,0.13150426618141345,0.08586985052005662,0.12772336067604245,0.1190722030677373,0.1022333076456262,0.10929326873718932,0.12128172277266226,0.10838213852838822
0.09278758028961058,0.1262419391685921,0.08547148835052874,0.12616577935380224,0.12074004533753045,0.10900941852878965,0.11437243430947065,0.11817026586994027,0.10704104879173526
0.08340144267169436,0.06778102903190687,0.10001094051057306,0.09116973378600922,0.1205753022179706,0.1393064324149912,0.21704064258055653,0.0815308610842536,0.09918361570204459
0.09067567762186089,0.17103403582307478,0.06809141765304369,0.15331223697763466,0.13656618282296573,0.1026725254611719,0.07661260882039182,0.10509207560944676,0.09594323921040981
0.07656132728864061,0.0921427714938205,0.08586945189298896,0.10846606994538961,0.13294151224280257,0.15857948667752317,0.1440645707350697,0.10045836323905834,0.10091644648470653
0.12328167983766586,0.09445225455021554,0.07187668390090744,0.16327951275414174,0.11818747639664877,0.09593662634019336,0.08894599297419448,0.1491400412822974,0.09489973196373536
0.08037453333727924,0.08205949219361344,0.14693503149525672,0.09235525427699187,0.13073985281859934,0.12682304105349987,0.12094232450985698,0.09499603506095805,0.12477443525394444
0.08495838764432617,0.1338241780794169,0.07282452787298195,0.13890942631016798,0.13928027423350098,0.1307163270456518,0.10154116023868666,0.10128013614099063,0.09666558243427685
0.07276857282578907,0.09015061866308573,0.09170477225874556,0.10140642743373984,0.13870026238337163,0.15742263576201823,0.13938466642966815,0.10210513094428504,0.10635691329929668
