0.11752867385539091,0.0696976276009603,0.04111506325369546,0.12053030723764807,0.09031648759297257,0.15259787664797939,0.14816567662587965,0.13967864511659525,0.1203696420688784
0.07406064520292216,0.025768484532387587,0.043476785999980526,0.059632818463003445,0.04444296727787647,0.11082521668829948,0.31985439446975916,0.13148014834219612,0.1904585390235751
0.13806923945110922,0.0469854640751168,0.2371601071858684,0.1296545815682784,0.12746525563203934,0.10526487511951294,0.13331856226909253,0.05176246289966224,0.030319451799320215
0.13165811311244294,0.026504425720889752,0.10059430210060734,0.05876596657129405,0.01544924718635809,0.2048898393902957,0.11120543807209615,0.18052138742487037,0.17041128042114564
0.12754027989782754,0.19872858261889056,0.2565509262645342,0.09023006383515614,0.009559370789002692,0.06422933852585144,0.07052536408593689,0.0924091719752051,0.09022690200759548
0.11894277005052822,0.11162697132380899,0.15734921345387065,0.1525835898154061,0.08921089255044586,0.10948983210636105,0.07780994887076058,0.12515077620165915,0.057836005627159404
0.12967163541325974,0.014931180902274433,0.12549249442080954,0.0835276286961335,0.1403505967564687,0.11341568679592495,0.2132337660908644,0.12938475049566286,0.049992260428601824
0.09640422747138892,0.2697466649573271,0.049272440608025346,0.09634499745930718,0.06805658638977106,0.10046336309812502,0.08862134610132312,0.13555460160336968,0.09553577231136261
0.0776448747193159,0.051348556599040716,0.09722122321534299,0.04883460253054791,0.056682965085004124,0.09693762848586358,0.37737192696875005,0.15459930911509537,0.03935891328103933
0.12713710348623206,0.26871634750193824,0.010982738157564826,0.07137558919710414,0.016441153425860177,0.08585255375424823,0.11440047248949899,0.13138392886742967,0.17371011312012372
0.11472953237992906,0.02209207771558123,0.04983765635365831,0.42494167394048565,0.041602014585131374,0.07209415043274651,0.05586453771807023,0.13102519490012596,0.08781316197427176
0.13426544636084542,0.19238145018335281,0.09160394270954693,0.10659045800320022,0.026642211967328466,0.0819921895865477,0.1877186917924525,0.1144432817759707,0.06436232762075528
0.1159354384106495,0.03781704754018935,0.05342955998940252,0.17923179664454345,0.0796167865204154,0.21418583452610576,0.04701373238616735,0.16537649363479426,0.10739331034773252
0.19520029720243773,0.04818544055736571,0.16127150671579973,0.1592820091195928,0.04618152489158251,0.08436949093050979,0.12504154331833137,0.07965083968439841,0.10081734757998188
0.1006393974155434,0.07626731883058285,0.1947751735610944,0.05669094258914726,0.14340169164283856,0.12594774478676762,0.15329361113279547,0.10552217098263762,0.04346194905859293
0.12483136506113783,0.024753265004792472,0.09892352187739788,0.05985801557575168,0.03469098044492578,0.13273343836570983,0.3004090872944014,0.11793802093404522,0.10586230544183788
0.14096071421144116,0.06174006016044562,0.06336083525261965,0.09638232641268123,0.11238558331017832,0.06369757542346875,0.28556453737983517,0.12748032049595456,0.048428047353375504
0.08684581962075873,0.06240371945229602,0.12185196785802704,0.19551247353690196,0.1793026976442672,0.11363330980593604,0.036523252342130864,0.09930830763776745,0.10461845210191469
0.12248154025635744,0.3334220085341117,0.10255246417805235,0.11176658840111597,0.02420605675294032,0.06653040693299689,0.06273090183422267,0.10641300994303642,0.06989702316716627
0.07159093641215658,0.28127291752701006,0.05350543820133021,0.08432071383818389,0.0688653683440044,0.12430286307528178,0.06396527259880501,0.07487118921741473,0.17730530078581327
0.12588451003174922,0.03005883950696138,0.06614284056510512,0.0705993957093891,0.11495533359773367,0.16224903361592224,0.24193861016893434,0.12528928775733575,0.06288214904686912
0.06932279422178401,0.09658654476739374,0.16259388794695837,0.06203565357461111,0.017015936477394345,0.1061232013913015,0.3054848110598666,0.05288438543036789,0.12795278513032243
0.11757931006217748,0.11742292684916843,0.08485084010738514,0.19769704299693314,0.12702480121853757,0.09311190991684004,0.05529803022244898,0.11423941992480673,0.09277571870170259
0.12177973976129919,0.15330618204457236,0.08618918573911534,0.13126670824638303,0.011186939228533184,0.08802431838944193,0.2509043246465199,0.09859699563791668,0.05874560630621838
0.2427501182732903,0.06498036543942977,0.2043299054469994,0.12284763254054687,0.04234269489009084,0.07299154477529872,0.018157185103876847,0.13073212342420037,0.10086843010626691
0.08557688469926432,0.015432893366217204,0.11051714965088182,0.0772413661855399,0.15273099967455545,0.11729336227295258,0.15311977176639047,0.10499090336271233,0.1830966690214859
0.1032625312768231,0.18253338270367214,0.03801350738184848,0.07185030749494854,0.08264732183860206,0.0986476123771906,0.3199926045238218,0.07890144136357567,0.024151291039517676
0.11805868499440138,0.1652498806566664,0.019954520717729397,0.11991188172412992,0.05155170651490549,0.15195144143128278,0.18842520376554103,0.11103015865771892,0.0738665215376247
0.1739449953704423,0.09365659938150206,0.026340373862272143,0.24321205387468373,0.05701852219157305,0.07122796917981412,0.09100977852682572,0.19029009770591668,0.053299609906970156
0.1007641109278365,0.09617754185800508,0.06981372935415898,0.11926500751833564,0.20884228575859584,0.156613203965841,0.08767874893634392,0.12477312479364816,0.03607224688723483
0.08078962250437145,0.11759346255095587,0.062130726201019025,0.05776702816829802,0.05001722609280676,0.056116797183557415,0.412776751361372,0.08210036681757828,0.08070801912004132
0.1370070984106906,0.060178494009592,0.07607134406429468,0.059391529262911226,0.03768582823078758,0.13243714708733698,0.36184747682417356,0.07392590547913735,0.061455176631076046
0.09140909163825628,0.03796769572957991,0.06803744631763839,0.10063570552861496,0.2363153313652667,0.07438387847649928,0.24782757771169864,0.112399175005376,0.0310240982270699
0.06278915092406641,0.14077668905338936,0.15812638724238978,0.07495097999233231,0.04719684038954288,0.11559186044673704,0.045573071703688885,0.09802264775508346,0.2569723724927698
0.10494056961294128,0.03893035298696828,0.09138864184773342,0.05719487408434689,0.12543174011241284,0.1200890591878581,0.3187850447831575,0.09717756089238906,0.046062156492192606
0.10230344399863663,0.04704067078339318,0.04894758030990503,0.07453746551178049,0.11527217654828369,0.10629286191342054,0.2674542387523519,0.15650536317507047,0.08164619900715807
0.12761114419847988,0.06460496083881621,0.09143697481850636,0.170233844261613,0.03988852505162683,0.17047683697151048,0.10654880451251991,0.17638041416197167,0.05281849518495568
0.10660901812169526,0.19839011202865034,0.07938280115178506,0.09695212447098452,0.024508804201805855,0.10628797418006475,0.1914064559381979,0.14775514335111287,0.04870756655570344
0.14260718020413743,0.10227291361477686,0.14851946341332933,0.13610792127794316,0.062185823641754755,0.10616896369715471,0.09074203631395954,0.14570365378884156,0.06569204404810268
0.10597916264165626,0.020569690065812208,0.04588363510049822,0.13741295193426242,0.05890826193059407,0.28513666940097887,0.08046831615744952,0.15098161160753423,0.11465970116121423
0.1334115389026876,0.24716269169209967,0.04372812606725026,0.11664024202855827,0.05988230552752886,0.08219204978465074,0.18193715866362928,0.08681382305020334,0.04823206428339205
0.16941325445543165,0.0558670448647978,0.05240786803675427,0.16314100315630875,0.1624909883725382,0.07587169196289617,0.10324936728273419,0.15464998993956755,0.06290879192897132
0.08467050252110331,0.07441474593915326,0.08177493843209253,0.07812162299032722,0.17666646433652808,0.06710430071656326,0.26247701130954676,0.147931598857898,0.02683881489678759
0.11247429538444687,0.0435662652717863,0.09342875289998719,0.08723196517549321,0.062106504311912496,0.11258444393216592,0.18764181612738273,0.12970939536939,0.17125656152743537
0.10899705685404927,0.033967980129025487,0.19750291428352107,0.10345174343285905,0.09008681447387142,0.13294898363214622,0.17045611552328502,0.12329537289528152,0.03929301877596105
0.10952113924177127,0.08073377806814751,0.03529607249504239,0.09792472564332377,0.03236829648142627,0.11936231772376686,0.26579462639223445,0.1750220490196972,0.08397699493459031
0.15216954155352994,0.08028785345737327,0.05010987642931181,0.08413976299796155,0.05391915341584227,0.18793045296993086,0.17044516569764356,0.17866920086437174,0.042328992614035
0.11208129861709004,0.026554063986194653,0.10014558228826248,0.07356405764749196,0.09297743217222477,0.13513510514637883,0.26115361938954895,0.1520430666693214,0.046345774083486925
0.15005100418070053,0.12295327003203445,0.03779019272685088,0.08262806120272013,0.09983877308022589,0.13353399466344093,0.16276201012629146,0.13742958551860687,0.07301310846912877
0.14519609844859246,0.0404054793465746,0.26248748215222395,0.06672314188541843,0.06485128938399619,0.10333147967090482,0.15629433855514704,0.0881424354109867,0.07256825514615574
0.09257591414276839,0.011931798963669587,0.04788461949778338,0.07640838762877115,0.07871171538453699,0.1969251541856174,0.29197479013655553,0.1323733675308424,0.07121425252945514
0.14141438542466991,0.05402241127383537,0.10778555842369214,0.3053602429294086,0.042881731380784056,0.057886581721565744,0.012023071563705653,0.07438135310162632,0.2042446641807123
0.12248964186033211,0.06147237055184648,0.04690482540684526,0.06297236110735192,0.04516763104556079,0.10373314955737749,0.364000588896491,0.14917302864233636,0.04408640293185858
0.08947349469291736,0.18420986788932447,0.09349897832018579,0.11104932305796815,0.0724118924716108,0.0889056167246448,0.13645458706786734,0.168365613986557,0.05563062578892434
0.11415396386161453,0.10390499703974614,0.08598860908535277,0.12428080866304596,0.13657378873274648,0.11303910727627398,0.05729236757877413,0.11048233337668083,0.15428402438576513
0.14129820300108112,0.1107443895578812,0.0657023779919555,0.07377630743509113,0.06706257746925882,0.0735744587527488,0.2801700373251043,0.14416302733945519,0.043508621127423874
0.1359428206716393,0.01703630788807157,0.4128692713885618,0.1253455446820369,0.019826313060493202,0.06156853946080169,0.04586258612311132,0.1429159406254815,0.038632676099802706
0.17140839656990536,0.04115758897516863,0.08429216422669804,0.06267251771587722,0.0315286093380479,0.06958038037944983,0.2539789484826998,0.1292355151177836,0.1561458791943695
0.1188184264413031,0.01502018330078573,0.03518080878046361,0.1504115177437168,0.2751106036183129,0.11923929070888224,0.10454431822128574,0.12169501993950749,0.0599798312457423
0.12525682286957182,0.050261068065314884,0.10131092625244219,0.07060770373412176,0.07168983539843848,0.1007316515970249,0.31237090942535745,0.09140312709831716,0.07636795555941145
0.16707540594463924,0.1440990022740172,0.015827656445647386,0.10240634382147844,0.17641258965618287,0.13252743745558068,0.08622795944983506,0.10727916430121981,0.06814444065139934
0.18605627035617736,0.04797308483731705,0.09392193915341092,0.07261857164573794,0.11720247318901429,0.10811785249157546,0.1038647634442618,0.10956773601591523,0.1606773088665899
0.0799148033984924,0.01934973523836246,0.05357297496088851,0.08806819767398334,0.08091457194245098,0.12205489854506772,0.3340920025385052,0.14396623134844697,0.07806658435380254
0.20030711165093198,0.06022484780825497,0.08686173312895223,0.04770963174783007,0.04762103764431087,0.06033893667983801,0.27245210372650003,0.07330004621635387,0.15118455139702797
0.12588304722653385,0.13086199851909935,0.050553627513348985,0.10419429189427887,0.18450605097016595,0.07868110383568405,0.10472139271727911,0.12757736783738086,0.09302111948622897
0.10415654188108343,0.09542029027568999,0.09679751611422621,0.09886452715124894,0.0858460675352528,0.14650325382381216,0.14840481363739183,0.09597754869041686,0.12802944089087784
0.04975549231992571,0.35048531231235497,0.03277873389383246,0.049674536058055295,0.07824348404071996,0.11612051252754478,0.19893937138358608,0.08758978305805248,0.03641277440592829
0.11393458368977112,0.0702724106955887,0.041857711504607015,0.16449678398235396,0.08534649254509134,0.12337998874094301,0.20833449289041628,0.12474064764300778,0.06763688830822079
0.06709573114043826,0.028168283069698086,0.05142848011874843,0.10834717402977402,0.13147462201104726,0.10195144318441468,0.3060206672074695,0.09568951521593672,0.10982408402247297
0.09426015585326343,0.02201818932845231,0.04271806267734885,0.057583199880459075,0.32668664680491166,0.13953326302827065,0.12595591071584358,0.12104259628863408,0.07020197542281635
0.11724453508892825,0.017547133201376294,0.09001580647491958,0.07040556992187046,0.14645550796300041,0.14685086274689646,0.05857982239207971,0.1580384099656007,0.19486235224532802
0.10012777840287317,0.21182059066288647,0.03645595829822916,0.17360103358794013,0.048140489699413945,0.08890544274557892,0.08777108533123018,0.11852102786683881,0.13465659340500932
0.09129653630030186,0.36918694679797953,0.007199143599056084,0.03804483815330865,0.02346185128394243,0.07483123320910877,0.1256136057214964,0.11414138530863015,0.15622445962617618
0.1796047262110401,0.052281147605434126,0.14261477767986316,0.07915358500234755,0.023333409923754756,0.1252366643928533,0.14246865609782824,0.20721805285624786,0.04808898023063087
0.11102530798957437,0.06431482757650726,0.14535025560958867,0.0831839822883921,0.18379878257755874,0.08416887425145407,0.10210788899743768,0.10775835907759984,0.11829172163188728
0.13171223584978534,0.0506791084363118,0.14629633257291239,0.13032716767128982,0.09494921039269093,0.11805894982302782,0.07039206589869537,0.1997856928016805,0.057799236553606054
0.10952647538033461,0.06814012269946626,0.13074913476737057,0.21869594925442173,0.06916293975916671,0.07578204722863037,0.1488349462054741,0.11029241431734911,0.06881597038778658
0.10087097621681977,0.03653842626064427,0.03243382047637728,0.12927256555551103,0.08194352408149136,0.10847981314949824,0.37137620149954204,0.07815166669321422,0.06093300606690175
0.1319055943663916,0.07217157057438005,0.06851616774041165,0.14914350011774416,0.06599650938591106,0.2376842293773078,0.06933814062155463,0.15926212627313086,0.045982161543168205
0.13134043103411172,0.09861587305713561,0.043891706897122955,0.1182258396689619,0.021434930953550826,0.17035613414809533,0.19444764650621585,0.16403054010006346,0.05765689763474238
0.10432437784058364,0.04127320635550046,0.0567582410143957,0.0879074298044435,0.07059323951681708,0.1263178515103403,0.33357511342979457,0.1445248933763995,0.03472564715172523
0.10382895547174391,0.04111352447141465,0.022846273011813436,0.08539137033015776,0.023253592511030503,0.08976723070429704,0.41834316689603696,0.09968390604983528,0.11577198055367048
0.13272930251393897,0.02925891064582335,0.3651442885066594,0.10542054842789868,0.03384753005372217,0.06942856024732694,0.034760399752314146,0.08371391897148045,0.14569654088083597
0.10072739672824965,0.007908589060376758,0.0685208742920763,0.14670465173490368,0.11438771633095003,0.1998148834884169,0.14827812159940856,0.13033420850111244,0.08332355826450573
0.09411725189445612,0.04667495370416097,0.09454147740148516,0.15350618298631116,0.06342225496772703,0.09889045056461233,0.10107035823024411,0.13757751145549516,0.21019955879550797
0.14142464768981133,0.03328296158568811,0.026942296425405615,0.06959091010617034,0.04661763976129918,0.1688667661960439,0.3456149149819785,0.1339268258367069,0.03373303741689619
0.1241633265950323,0.2142932313461431,0.05298387958309978,0.07193120550944795,0.08371400341534675,0.16659215743181724,0.03159700167241324,0.1909100612801716,0.06381513316652805
0.12430586632043061,0.09300712375352937,0.11514261232017266,0.07903443576974457,0.15305868580451476,0.16237564863085518,0.06663787877037514,0.14310431814368554,0.06333343048669225
0.08883510189220802,0.06414810727685477,0.052773302570522575,0.11147334604505377,0.035958315154898245,0.14922568411419734,0.14030803562708086,0.17101095683460166,0.18626715048458284
0.12951137356969541,0.029717502464815554,0.053940031025903,0.07319472349327953,0.07454544538838805,0.07062776341098052,0.3008587125189965,0.14414894475151097,0.12345550337643059
0.15152945417124894,0.048601239926196194,0.10025460978736556,0.14916851643357434,0.1109641762937113,0.09260918036982503,0.051483179057605945,0.12316824584371953,0.1722213981167531
0.11930196450122955,0.04864112054149947,0.09125257756452616,0.07665541447666796,0.08127041875418005,0.08738859242227255,0.3010940989073849,0.15215794047177214,0.042237872360467194
0.0869714215778874,0.12255260620675697,0.05765913976014162,0.17760711699848353,0.0383204436706111,0.24362129106282437,0.07752187564620047,0.11230260904765908,0.08344349602943553
0.08200351275181973,0.1952933093580597,0.08749898434113507,0.11938384874681618,0.10275593966830547,0.1323769692653024,0.06461338987722294,0.1418465090405323,0.0742275369508061
0.1028916146636174,0.06710972745312578,0.2023551902427082,0.09269749924276309,0.02567190586293652,0.09636278389978709,0.21820527479693355,0.14481182429668446,0.04989417954144388
0.15261575998011082,0.0768256699880859,0.10567935828437412,0.06989956842523655,0.05662618670562394,0.08885984817972127,0.26689960106021954,0.11529316497424497,0.06730084240238306
0.11763034786843997,0.026338053850808212,0.05487354159302449,0.1002801745572542,0.09571471369219799,0.1569901708035691,0.20612515267413176,0.16126941783729273,0.08077842712328154
0.09840076584240504,0.23143581892453735,0.10916853087767896,0.2049285844028407,0.02578066484477658,0.11122409788560617,0.06385337143696894,0.08760069069675692,0.06760747508842933
0.09957608782331502,0.06990208446352603,0.03962290871306703,0.07695561647116557,0.1490046372374514,0.09094693362275141,0.16761895641329264,0.14000579342339878,0.16636698183203213
0.08862044504657847,0.08090501817022748,0.04498292740930595,0.07195534875385412,0.05055892337362897,0.11281626718295623,0.2707255224431941,0.08159455930378515,0.19784098831646957
0.10180742709589168,0.26884919607794305,0.04695335436058593,0.05257898733245098,0.029761368777508856,0.23539642505489974,0.10039149268425064,0.13021121657062532,0.0340505320458438
0.10309128593360752,0.016890405071135612,0.24443966941009068,0.061666617527937985,0.11531452298290686,0.2178128434531972,0.0771754501118123,0.1088311862769696,0.054778019232342205
0.10895538581401527,0.027895593025889,0.06923913130538928,0.23402204796086992,0.14273039239990257,0.14928073326991476,0.04265614854136237,0.1241683644671937,0.10105220321546311
0.11926006648643511,0.1521268365224573,0.03495016253465521,0.044013472235296065,0.08262861172105228,0.07934084873225623,0.3067666286359509,0.10802384293924978,0.07288953019264714
0.10726504177433398,0.06786239748217907,0.04378769838972027,0.12669636171609233,0.03127972086451394,0.1606869575655899,0.2325063874676534,0.17416510001887295,0.0557503347210442
0.11881694969794565,0.04977807420188981,0.037958644114603604,0.08611361291693122,0.1632988928258716,0.15555711683245588,0.18699231870142366,0.1752306758223893,0.026253714886489258
0.1274069420899814,0.035793913241012394,0.03400838196404697,0.09399095753613738,0.2692862800300668,0.25683340354424744,0.038579691169104986,0.09706508335314412,0.04703534707225848
0.13954617333975042,0.07883347371007636,0.15387214036916833,0.12048426614591341,0.014157612160588272,0.07133424617626448,0.05994280141714664,0.1608663222944682,0.20096296438662378
0.3095450114880771,0.09129696915829749,0.08072800077793389,0.08071527888969508,0.1041828399223516,0.0977008194001827,0.07790313369170208,0.10412336758009333,0.05380457909166685
0.16710710870645706,0.06595843956444465,0.09220612554731548,0.12256998037587254,0.1936450186742087,0.06500671224945226,0.06274814225897322,0.10660337414578196,0.12415509847749427
0.10568846940021724,0.02406399001956534,0.0482672848152185,0.05466036772883135,0.09672065016160684,0.16465972037156631,0.32592396897463316,0.1198225101699016,0.06019303835845958
0.1645050384527064,0.08698755610941895,0.14418354700619124,0.11173896564736314,0.04473195626784335,0.11185679782335356,0.11058545622469418,0.18120292145864159,0.04420776100978754
0.09334909666291741,0.08633857998680716,0.07217835935656007,0.07993574477262698,0.05702377010302667,0.24511498711065846,0.1383201652535138,0.15231878056386713,0.07542051619002231
0.08561195986202053,0.023807565589667543,0.0951173872825946,0.08520640607383821,0.13809496647243283,0.1687969577873457,0.23708927507579122,0.1057261403899511,0.0605493414663584
0.12962432403971902,0.026955374447786146,0.11967687680720888,0.07300234100687662,0.08965505568986969,0.08301003516845501,0.2947996379168006,0.1189653051260972,0.06431104979718691
0.07490685616632266,0.10657107556299544,0.12399017601398833,0.10105210732892629,0.05077235193203481,0.2110930507250748,0.12032609542162398,0.1113787284881282,0.0999095583609055
0.09759720469168875,0.06144835428027876,0.09283299522173892,0.043062087014187955,0.02843687221744676,0.09276299101231845,0.2710000697002089,0.13680763081686795,0.1760517950452635
0.10293578516449255,0.04025420771084799,0.11005413007166731,0.15229507090219352,0.015009705080016608,0.15352041603709565,0.11048862452401005,0.13101318221614364,0.1844288782935327
0.10131920630822137,0.12119728654308741,0.07758834658693835,0.26793450264291635,0.049611138995046954,0.09261332935178233,0.05487333166746299,0.15075479541311118,0.08410806249143316
0.1078239730923231,0.007933564613429936,0.04996063607324288,0.12706307612205534,0.12271449663361166,0.16220292325966854,0.1904858021567676,0.13191830138152819,0.09989722666737273
0.10451208798279953,0.10114762810957205,0.07094809658360288,0.09792855180832354,0.039019639703979585,0.22084041530662946,0.05066528775550531,0.17978801935150704,0.1351502733980806
