0.04067467076492821,0.2085406242997784,0.18073826194814657,0.24700742550442908,0.018591600450144168,0.16971382762581397,0.07432617115959676,0.02987027053763243,0.030537147709530508
0.039709559381476627,0.028291592319024603,0.01894094069948599,0.04998127746031786,0.2717976683593685,0.02392966324427361,0.008502775523047026,0.04001676899275344,0.5188297540202524
0.07167795299550252,0.104122948706265,0.19309371061425748,0.09762371686293647,0.03997217666369884,0.30663448610740535,0.10463002190205438,0.03666177793397756,0.0455832082139024
0.11342139799278385,0.14150299703008354,0.14675283678839487,0.05049127050583722,0.10905620658715877,0.09275851248054796,0.2040892038338955,0.12701182440237765,0.014915750378920616
0.06398765802393108,0.09863630308693344,0.21707485674245483,0.06489606286208288,0.0682316411811348,0.2488040918757933,0.1646492337094074,0.052610986881745925,0.021109165636516422
0.13179834699670376,0.08876521500977508,0.10704527900803733,0.07374702236460322,0.06362246550491289,0.09654963077270658,0.10552257836000983,0.2547018972459465,0.07824756473730486
0.06619046523221472,0.15312705871828788,0.10408268160293566,0.29853848708224545,0.08317776215124559,0.11810966089822794,0.10321686476855878,0.05313710376580272,0.020419915780481326
0.017301395083246913,0.028711462785398576,0.018464527882357137,0.10096495376375098,0.17380235601581193,0.036306330787593134,0.030482967825034294,0.10248305452457708,0.4914829513322299
0.17068913965603313,0.0982016785168602,0.03933550784501314,0.15516979579796497,0.2959830610401311,0.08594507822194042,0.024442632933032324,0.03774845722359321,0.09248464876543137
0.07658742400388432,0.07819311598809221,0.07304649573064509,0.09605457671079065,0.19748662765773714,0.08558719550896353,0.1009493794848476,0.1632561969414951,0.12883898797354437
0.10126810776332273,0.03536789044651256,0.008639073514862974,0.01484931472050128,0.4574422775935017,0.045305480342701356,0.024498679241773434,0.039717429896817036,0.2729117464800069
0.39355192250495086,0.019803376068412194,0.06591280719260935,0.042704139147658006,0.04791922222532043,0.19865453536079883,0.08321618699682796,0.0754968795295552,0.07274093097386718
0.13262817210168995,0.050546483670932486,0.12533501080880774,0.030524764713517453,0.04715109128129639,0.19091316010058654,0.19722398411075484,0.10582439681371214,0.11985293639870244
0.3445316318437555,0.07419999356760108,0.15886654706695,0.06445029605057266,0.04241150408703636,0.12095386402267831,0.03114328687419467,0.11890282906977216,0.044540047417439284
0.035370717475061965,0.14462747393500133,0.10571554748558543,0.08092029791082628,0.1532032481585686,0.30525306947129477,0.05058918913225723,0.06275975483856436,0.06156070159284006
0.2212333615563844,0.08467752202821949,0.12517476516334472,0.11180062859254285,0.08887148530786847,0.1926353760360349,0.05040218213927928,0.06693935351284488,0.05826532566348097
0.17210631390769035,0.06289757294507485,0.07947167449751584,0.11128588777040248,0.05421597963665934,0.31369732553058083,0.08217674764366813,0.11197630089034875,0.012172197178059405
0.05182946315261074,0.10183200520165714,0.05067217539364707,0.11361504257911181,0.17705965868195525,0.05510424290306948,0.09975289251385507,0.02606449880474664,0.3240700207693468
0.6410300044834893,0.012544725264621094,0.05593126781168813,0.03606458325104489,0.03791457692730372,0.017662731701669845,0.06011823284169145,0.08350420200459131,0.05522967571390016
0.36610516767302714,0.0639236936501534,0.1792614513452918,0.05735203886867524,0.02097731570931688,0.14658471998621572,0.09620521475522827,0.026456242034662462,0.04313415597742909
0.06303693410729332,0.09195450929635274,0.2149761118066645,0.0295192644514409,0.22224477381003913,0.08445324251073864,0.046226440028459916,0.100593547392739,0.1469951765962719
0.1772280294097713,0.047492816100817126,0.11654423972829864,0.1097080138100112,0.06754571334242958,0.2137868767966119,0.056936249259933965,0.05053975380726435,0.16021830774486187
0.05936355968594823,0.30333514173498227,0.07620317266694783,0.2541167524442988,0.09457940585833545,0.0624975707711512,0.04052601530909949,0.04793553823011285,0.06144284329912384
0.06247287385304882,0.13712727174019626,0.22932735784127775,0.037410949247265665,0.25753961867296304,0.04865376229790034,0.05470410383809974,0.052280577608251215,0.12048348490099714
0.030723263091273614,0.08910387827183579,0.15788133630596124,0.26038748757440894,0.06535700575042448,0.1286287698662616,0.15980321175091663,0.0652176742505912,0.04289737313832654
0.11607214971151207,0.06785343206357043,0.15448439598325456,0.028580547195814137,0.1978169407985245,0.20040974668636266,0.07205343932198961,0.024773801161316073,0.1379555470776561
0.08208761682302296,0.04923277404374463,0.09643308885811046,0.18997268680671994,0.1978663999413605,0.04931235232252543,0.10259449531023322,0.06825824154390064,0.16424234435038224
0.5159226009475283,0.06548580842034567,0.07662879533850299,0.037106725123529645,0.05267379490496321,0.055278273905201396,0.12641987917797806,0.04137663510306613,0.02910748707888462
0.024949023796623716,0.09466372425244529,0.39362889790952366,0.13037808758800298,0.06477509293768337,0.18181082462873602,0.045486592234139256,0.04424906497012773,0.020058691682718028
0.08079839901580703,0.1278048334526404,0.0925757217801384,0.19434735779179915,0.09931522521296487,0.23843819016082057,0.07046618634720259,0.053501413865276785,0.04275267237335029
0.12572472504388085,0.08179143420322689,0.1037916455121541,0.04508977480529974,0.26446920589336875,0.07219520084197856,0.09767947235879591,0.09208824583209112,0.11717029550920416
0.2623791426563598,0.031900166827483166,0.0844302963755245,0.057730447680702006,0.20942227219006823,0.13744713015563534,0.004895313669387911,0.10860289751622539,0.10319233292861373
0.030099683764557617,0.06053008097563006,0.1311331713707751,0.02565317625203384,0.16786209183909018,0.3425667601111579,0.1665776672926442,0.034089777532705305,0.04148759086140578
0.2664785952113346,0.03469252063473918,0.23092614876349593,0.03688128902819767,0.20610969052097183,0.09905315252533557,0.06707838440028081,0.03351251480636782,0.025267704109276604
0.022314909560754947,0.33181975228272104,0.10004470449262365,0.13192502938605924,0.06188732550427326,0.1861228725475442,0.08692580530037931,0.03351098292334489,0.04544861800229947
0.3146154000885429,0.12095255286883168,0.1460182360689246,0.08419106589916803,0.08982339142245273,0.07089567865815677,0.03100755953344074,0.09400492329238858,0.048491192168093944
0.09638818765586978,0.1343488480436166,0.10389335343074431,0.08094063506495815,0.056563974310007224,0.2718621123674604,0.12535984997385827,0.04235635864076457,0.08828668051272064
0.3045081673992329,0.019273540490712213,0.09651213353120887,0.0620131657532624,0.10177246349961978,0.07048567554468584,0.10990657951780565,0.19552534496536342,0.040002929298108884
0.2462410807351977,0.020586820784511822,0.13162200770126894,0.02206677637458841,0.07143066523851997,0.029430090459983838,0.20050760390951416,0.17315783713464183,0.10495711766177329
0.30148443390390905,0.09974876203052614,0.013456644604574096,0.0438679457210683,0.24945583105831762,0.026523819520440462,0.07857304560337784,0.12118742614817467,0.06570209140961182
0.41092711580899133,0.036281948569846685,0.023702845044245625,0.07223847831969736,0.05493337291143627,0.0536228201876422,0.031220586727398584,0.2621530760825444,0.05491975634819753
0.11918253034892913,0.13189172982812689,0.1348229569657037,0.05578423668821467,0.0417197173575635,0.1600515546091077,0.13163086004660454,0.19800170548804197,0.026914708667707954
0.11810788892228048,0.042063456158101364,0.030748054364939454,0.03805221511885607,0.09596719644049749,0.021708653790752947,0.01593701411428023,0.04617899425147517,0.5912365268388168
0.08119025021143862,0.07050585224273277,0.023988924582455762,0.027720568504083814,0.32488739510352677,0.0676529758277359,0.011316721919044015,0.0943287575257275,0.2984085540832549
0.2845310535623003,0.09548011920929633,0.026675712584475902,0.07827373210335221,0.24965250585913476,0.055172323770880244,0.01852238380243067,0.08597854767312361,0.105713621435006
0.16024830408942656,0.30861187957812436,0.039788681566644765,0.06818555012639373,0.11648380469345676,0.09431344698748323,0.053196435787478506,0.09968006645165088,0.059491830719341214
0.060118647823270345,0.17380480593869985,0.18109836755993794,0.05852174115854623,0.12849321613135997,0.245707729474825,0.0585382129909214,0.0276281764265404,0.06608910249589893
0.21385838201901997,0.05019711519710721,0.1529014474301739,0.07485785834191708,0.12764012832533192,0.05072212968117187,0.054619113580850705,0.15633774094951164,0.11886608447491574
0.31099110009604136,0.08607865985206277,0.0438689970845359,0.07749837425595994,0.13077470815269313,0.029300894814838597,0.20511928693420542,0.04603387597596618,0.07033410283369672
0.43016803620689076,0.0875262898265756,0.08939222575273924,0.07152423851414273,0.09278343865215906,0.03610704943404793,0.018340904895684153,0.03443568128805879,0.13972213542970177
0.022375485058371555,0.12604578105443975,0.2609937244981324,0.11134816033141777,0.0543495512532036,0.14257274512039078,0.14145490599420277,0.07267222760259719,0.06818741908724409
0.20431958567291206,0.0737874855446038,0.05052899619097503,0.04935826093287369,0.11044404072216747,0.0447157649566961,0.04494736680410821,0.08953322203884029,0.33236527713682334
0.2723265001351131,0.053901123983387055,0.03903865365428921,0.21461108884593336,0.13610566353514944,0.0487756917587981,0.006315554744248348,0.08090912373688089,0.14801659960620053
0.08140031406419547,0.053172952312552375,0.026104906983272242,0.12202508103372099,0.12724337771982783,0.01308238314392269,0.036957511051423114,0.14735981789634015,0.3926536557947451
0.14078736628849273,0.06893977949985698,0.10964493289154605,0.14865033062516256,0.13008600078347812,0.11342279669441503,0.13742198032416947,0.08172201099517609,0.06932480189770292
0.5299495628241402,0.02546593151430307,0.08323084799504075,0.04545679150361729,0.1371217262755787,0.09685417210019254,0.030418497544772796,0.027906493011248003,0.02359597723110678
0.04490749189527108,0.18628534047999887,0.17997877560530914,0.08929066403120785,0.031306406027687826,0.3388938260586438,0.061769436631383075,0.044649473721609524,0.022918585548888773
0.006405639057991966,0.12484980335302888,0.02569216693337355,0.11733884915104979,0.3591853469310145,0.07907269964525822,0.0272605567575927,0.027540805600408825,0.23265413257028153
0.13904675741436448,0.041152705570154616,0.21938698469091686,0.08758214959972443,0.10328902204570717,0.18650222153217297,0.10735553406874522,0.10486351384808935,0.010821111230124808
0.33317725577764956,0.05474633565880203,0.030967447023012146,0.039733211846201134,0.18693132889971242,0.06630162475324226,0.03466702540372895,0.092641722330658,0.16083404830699352
0.03560238663760799,0.033884202192581446,0.0494950866620355,0.06737535833703388,0.33773458330781175,0.05486600467518732,0.09991522509053637,0.1621845719629381,0.1589425811342677
0.1379515631102175,0.0415041385958316,0.05005978537853537,0.1647256382045039,0.06995685405739739,0.3197894052277755,0.07658125857436739,0.10478695058608196,0.03464440626528946
0.32465044924747277,0.11799905040819807,0.12020098041760363,0.06884189278258812,0.059391559410953206,0.07499458956903904,0.0719898247450672,0.10886118534254634,0.05307046807653173
0.018923678142052713,0.20832805096746032,0.11565297544033089,0.22094023480896738,0.04784815928755617,0.18231678320419223,0.07135814268619568,0.03940534002223923,0.09522663544100556
0.4209479445189279,0.06838679972961957,0.04042452491090601,0.11173403786385479,0.11495937724655564,0.003042135212387898,0.13915288600680106,0.019071673936785247,0.0822806205741619
0.1406991565335772,0.03936107231056729,0.06624363682220027,0.10086938484059359,0.13020274320347883,0.16975098024061538,0.1420127114379585,0.15628930518671907,0.05457100942428992
0.022553705370357276,0.019842181765337766,0.02040088755918548,0.037102909947942894,0.1510065105126708,0.010300039707036713,0.006109474131724323,0.198870500022605,0.5338137909831396
0.21976185891029934,0.19306198216252837,0.11646974948083733,0.11055389146819063,0.16051983796839034,0.06217053448122057,0.09626213880621319,0.019768430457381678,0.0214315762649385
0.06580121077877078,0.12894348442242012,0.18985018517926008,0.08568249502006747,0.05429295584068635,0.10310816517714094,0.03599310778972946,0.19759287414430995,0.13873552164761482
0.2986607410646186,0.11743028808220897,0.09463328570607897,0.09152086678073508,0.07488686908646654,0.0952782199447753,0.009212441224838821,0.15348687638024705,0.06489041173003067
0.027533141479400853,0.4365653435987584,0.19811389573301172,0.08611863947289848,0.05617335814153779,0.09971722923162706,0.031135355831661007,0.04649054819295109,0.01815248831815353
0.2595136945199412,0.03723653282900993,0.10791867042772924,0.07787898376530772,0.08223956105559012,0.09857582205161149,0.09727544820989774,0.1452682093064754,0.09409307783443716
0.10867369845040226,0.06927735706197057,0.10153251855478714,0.03561956062923286,0.06725275350673217,0.47204047077639455,0.057310098633795166,0.0674738921853917,0.020819650201293515
0.05466292026048303,0.016565001533288878,0.07675887003331805,0.16258219021851822,0.11100132268588785,0.04050204316997821,0.25547911153675845,0.049536042291655334,0.23291249827011193
0.08180171509224227,0.10799828377006819,0.1481185563735087,0.0866370034420058,0.1723918083807068,0.06505572609109918,0.17855467256221666,0.11509606022661038,0.04434617406154201
0.4154822789010506,0.11566262173816323,0.17790386193244814,0.06365978856635657,0.03170639257938508,0.028777576337036453,0.09757806932650281,0.028182556080517184,0.04104685453853989
0.015294238930876844,0.1640249285164689,0.18315929082788343,0.1330967091704587,0.030175452333104858,0.15000984669034784,0.2769292272557725,0.032494575835357795,0.014815730439729164
0.03839997142650464,0.13576055377721763,0.07244582977524307,0.2196275907422114,0.09438162148316953,0.17587427890635596,0.14528965598717697,0.058423122419396074,0.059797375482724846
0.12556862523300494,0.19678526817007633,0.04609421734291305,0.10807477795382303,0.2868619928818983,0.11492608495044476,0.01681769160020892,0.05499946735919122,0.04987187450843945
0.434840060318925,0.048456109010191456,0.0425293842013643,0.051479272134019684,0.2601939837774277,0.04317561105686487,0.04219121457970317,0.03923045609275389,0.03790390882874995
0.16103990638175733,0.10564500869611769,0.21145391335106165,0.09913088700773509,0.07333130236013603,0.1934530560009454,0.0360915509831518,0.10118902019596765,0.018665355023127373
0.025555647496480243,0.09767615126642769,0.18375908740042415,0.0936695024978923,0.03052795205725541,0.23112522212364084,0.21720428445789208,0.03684838922057418,0.08363376347941316
0.2272293399701054,0.03648948354425052,0.1136061374156806,0.06573122337271887,0.044049365748860335,0.1784982373728422,0.05391776286606461,0.22299336299492212,0.05748508671455538
0.053170019302387926,0.0635491721307092,0.02259342633652157,0.06642779174033037,0.16968757256453149,0.1353581463475501,0.0121502889265207,0.06943429877398286,0.4076292838774658
0.2170797012079211,0.18317786985877035,0.17878645880585373,0.06941251286594029,0.12161253016026817,0.04995789820435875,0.07174210328621024,0.018101017863773314,0.0901299077469041
0.06022257344266702,0.07030160106105127,0.18501673480511002,0.1824756782740354,0.16495585636766982,0.09689148948430333,0.054065407619793004,0.10733842879108202,0.07873223015428815
0.22364323278053092,0.03592765607956963,0.23891510011189188,0.06240205470732115,0.08286762565270626,0.01979677269880895,0.2642813034641663,0.05235886023356621,0.019807394271438603
0.13428970314866503,0.07593498886629946,0.09654069543179004,0.07725380935881497,0.2076021036179554,0.06783442031199506,0.13694619151721335,0.12171527888980464,0.08188280885746212
0.08693165786449879,0.07672337441016437,0.11380956615268718,0.025044027785275785,0.2998278395585284,0.07606540520557768,0.0739609142569113,0.05766664953519893,0.18997056523115763
0.054179582809325035,0.10752556274369608,0.3398672800952695,0.07778003076617229,0.04090929653475855,0.09865514969298654,0.17878141687759344,0.059896626249376535,0.042405054230822074
0.21856261031216587,0.04308122834664338,0.11640245880775753,0.06037932248846357,0.08498879396177299,0.1362088617326909,0.19106934138120882,0.1116955846197959,0.03761179834950105
0.09613506083654093,0.12215139970255832,0.17487912955043802,0.27350548355108045,0.11057768112949863,0.05976942225012826,0.09736200599916606,0.028929670252235588,0.036690146728353835
0.023429319396810522,0.01175487591540921,0.0361717894316459,0.030846171546597106,0.2619484420812191,0.013698740680227318,0.004166388891317382,0.039096806568765734,0.5788874654880077
0.16045326517829325,0.1240517228453299,0.07498607122584242,0.060245990735120304,0.20570713338036528,0.09385948835327818,0.17362381435479704,0.045319878348227066,0.061752635578746606
0.11713082144813947,0.2751116390751993,0.1811775546253073,0.12446561890160512,0.06352173548548193,0.14077444654662957,0.04221833661242835,0.026683948697292122,0.028915898607916796
0.26042816753954984,0.08775646116552945,0.13764041991559703,0.048834969345171064,0.1150352433558367,0.11332540865993757,0.07486303880833052,0.08735256531281894,0.07476372589722878
0.023437699038572766,0.14207459785006551,0.3254844001571083,0.08074752428525632,0.043403070695464376,0.3178977817148106,0.012450664157441256,0.03262660131712592,0.021877660784154884
0.04044044460519712,0.08316425781253324,0.18523527265014925,0.17010360065129884,0.12456762636766809,0.253967909715473,0.06778011212352934,0.043249398309230185,0.03149137776492085
0.009956211054872105,0.021443119012094763,0.014589479415766318,0.021029874557503426,0.2648137379745365,0.019019079231650717,0.02667924642407904,0.09432337793458072,0.5281458743949164
0.04924595336440376,0.0760900739191026,0.16063731092499378,0.26392081030582054,0.04296392703386654,0.05695453429131792,0.18816461975903964,0.05007347491156967,0.11194929548988558
0.12723492331542163,0.10628347914053822,0.12079739137649163,0.10072930482237691,0.04705680865649101,0.16131302781323897,0.15810939127192847,0.1411386071465879,0.03733706645692534
0.12510471813399196,0.04329768563306918,0.08658459422826832,0.043496785118330224,0.07029608180656112,0.23208992470566633,0.2408872864117649,0.08583626473382273,0.07240665922852517
0.013071919805914106,0.08884366081465717,0.1975247467959604,0.16748876553339884,0.17132870597617936,0.22258615273218849,0.037426847779286836,0.044069521323800424,0.057659679238614425
0.03915425373350943,0.08591161563517273,0.09655111655566186,0.14616741302918546,0.06840668251133904,0.32628699929692606,0.054677883003790985,0.09419067937748798,0.08865335685692644
0.08844745231303212,0.38121974146065224,0.14033263672762827,0.043887001927253234,0.029206615880747494,0.06509308878231035,0.12346885804030099,0.05952150266105547,0.06882310220701987
0.08087746559600476,0.12002741732038787,0.08936719608923605,0.1136299726245486,0.17865373530997772,0.21584003142018335,0.05286976484027175,0.11264402758842618,0.036090389210963775
0.10180510083852658,0.3511585635501849,0.12184606078558079,0.05710533381868882,0.11558138043438111,0.11053564762985141,0.06431972216861455,0.05859497163380003,0.019053219140371776
0.0676686196932275,0.09736968389138238,0.14865338543313486,0.11777207109809973,0.0665823590057984,0.13603652487178566,0.21889349320081686,0.11430582814352153,0.03271803466223313
0.07619478544079357,0.06687834238799927,0.024631839446604197,0.0594572894046487,0.32918920636171917,0.03548331736251815,0.0066414088345979295,0.04066604403682941,0.3608577667242896
0.2972348419121578,0.05764858226848682,0.05888868902327627,0.04936789172605021,0.06381329311396815,0.09123138873982634,0.038313539717751845,0.2128222325407405,0.13067954095774195
0.3453453486922302,0.13426449538407492,0.09769762656775532,0.046968755379453005,0.07766476325330894,0.09376903588147707,0.039060770185597164,0.15555228333977372,0.009676921316329655
0.22106428549041915,0.14218160630640195,0.10903570191198604,0.08663530937511336,0.08956115011437327,0.082178726128368,0.10713909978949299,0.10296704706133797,0.05923707382250735
0.05579842967756293,0.11681486169888537,0.058961101620425414,0.2642415974160333,0.07384477653881942,0.17126643544965606,0.03968625176880333,0.06729146490895416,0.1520950809208601
0.03702218580001034,0.039403675938132265,0.04822045639289726,0.11919087523962708,0.15242029911561913,0.02843312941070031,0.05766069749429792,0.1552513968198539,0.3623972837888618
0.11503289798649391,0.1858498780961987,0.07431386095155801,0.08955505716916469,0.1582196551840394,0.21607756942051612,0.061460725873266765,0.021010622492219994,0.07847973282654233
0.452587609999256,0.03926019738120748,0.15715052122014642,0.0933440313492984,0.057129335457569284,0.052149998346152006,0.05200943821166743,0.05222699209337959,0.044141875941323384
0.3132643214424086,0.010421478349270335,0.1193487806218894,0.04286746340009723,0.3061949942999957,0.022766984180622705,0.045670409604665084,0.048249797783065686,0.09121577031798528
0.04445248612999142,0.14786758753442997,0.16126612436744925,0.09729245117504326,0.06841337563871382,0.3194942578544757,0.057138728347840506,0.05582005503185122,0.04825493392020482
0.04620237664529985,0.11386656573607756,0.09620289265142397,0.13236377512648567,0.06106153293526514,0.10670749147643672,0.006572273427525466,0.04185324896170978,0.39516984303977587
0.1189094259105611,0.08419760276532638,0.15160448178479588,0.09039125009201826,0.03904759032022692,0.0973898544606019,0.05936122718394036,0.26931178466154254,0.08978678282098664
0.04636967467875147,0.11539350701629679,0.14083237091163991,0.2648417103495489,0.1292801267711202,0.1216958154827061,0.09012600212645801,0.034254734049071346,0.05720605861440722
0.37586084439954526,0.026224872147269696,0.07902007412228526,0.11272455757266951,0.045453958483088065,0.07515611577383875,0.07424659645074076,0.17775685809098704,0.0335561229595757
0.10927819335473947,0.02658506580763195,0.010801042761862332,0.06256065765763573,0.0896781442364548,0.0295568074847328,0.009531328897722253,0.04260237027199365,0.6194063895272269
0.35338794498636394,0.03355813300255511,0.07195843491205321,0.053309983392899406,0.0673343569163926,0.21230684347881898,0.03561959617823118,0.11631425781774662,0.056210449314938925
0.05380799150089782,0.040679723585873524,0.054555364972695704,0.02088183894055817,0.2773524495086926,0.0177384724882529,0.08335307072470936,0.13328640158715777,0.31834468669116217
0.03096947952040773,0.15002053002962393,0.08993797668437413,0.14066929288280827,0.059933697134968454,0.357583183911401,0.07973080118523478,0.021877519069469605,0.06927751958171212
0.2611444290602422,0.09719801489892817,0.24083831241514386,0.0823336144280233,0.02453588864502237,0.1249424341219177,0.0163359884964254,0.14029521722972416,0.012376100704572825
0.017663756647070317,0.20631520664347072,0.07892915376063064,0.08043259124695315,0.24391656657005853,0.19075605538324883,0.09388795755132488,0.057702335183025706,0.0303963770142172
0.25631715097768426,0.06316083707815369,0.1876386765397837,0.045708592078404,0.09244511913688684,0.16465045103526713,0.04524002589765882,0.08581829540932588,0.05902085184683581
0.2643835108247447,0.056059682361157936,0.1506768067136501,0.06957272234874931,0.26564242819283607,0.07175621846159054,0.023948104931839662,0.05408220351461448,0.043878322650817314
0.018332743333619558,0.015691375504061727,0.014915186851078626,0.11171762185857755,0.19504016069130384,0.011589767023682584,0.007438137858690956,0.04270290695968659,0.5825720999192986
0.07572006709005603,0.06517922129517535,0.19816371243247025,0.13041731104978085,0.08667556861641675,0.27939699109538846,0.0523098289298673,0.07501125388014347,0.03712604561070161
0.2428503216873076,0.1276173313291276,0.10764644530276542,0.03156319819442174,0.1074685421678121,0.05645295289189517,0.17242145484844115,0.12453968438461659,0.029440069193612594
0.025287159256969217,0.03527093409690124,0.12121364872040984,0.021380485020908096,0.321867331625492,0.029326415351300077,0.2750206025194004,0.08047277805973957,0.09016064534887958
0.16503622024097186,0.056797851193940464,0.1915372186927732,0.19265788884802468,0.021958083208851356,0.08238954693176058,0.2498089726049264,0.026949907479630025,0.01286431079912143
0.0663508591093546,0.06815449282143075,0.12867479125562106,0.14523297882341857,0.05246599960436943,0.3513877809656593,0.09307229477458161,0.0797416418413509,0.014919160804213785
0.10760378327895194,0.13085707148479334,0.03268416902805382,0.13874615082545266,0.19949019648646418,0.07239343347806687,0.043125929490691856,0.027394674947660697,0.24770459097986464
0.15937266682498577,0.1975153757872634,0.1289499988322978,0.10589302653326423,0.11200500922296504,0.07073600017265093,0.11617523990575003,0.07342215367752332,0.03593052904329945
0.029489710238684522,0.07877902996565138,0.07902143773963931,0.03790213311587036,0.02855444754720611,0.166502852146825,0.04622572070692208,0.053478093465002964,0.4800465750741983
0.1362625162420261,0.030797282651652592,0.0867706156008739,0.0816216970604281,0.11751551355589197,0.10899928478102118,0.20364002473823994,0.01275860774708378,0.22163445762278247
0.3907931787933107,0.05006859905891949,0.12407718288092569,0.04708480407685325,0.09908268709785041,0.12388407198542545,0.023001327141636968,0.12073441016821705,0.021273738796861025
0.0593619707702624,0.09753983208938623,0.029448035541297143,0.046416820707395806,0.18972101044432432,0.2689308855826492,0.04301288874478771,0.16114255781017242,0.10442599830972478
0.13094694136576834,0.06793224999133533,0.20124656602526728,0.046757163031396244,0.1595916471628781,0.23848164810517172,0.0368464221792208,0.08918453909140985,0.02901282304755237
0.10550641359779593,0.11826318014428737,0.1563633741133801,0.17365617113043352,0.05552422385085742,0.20536910367294628,0.02769348708131147,0.10668898108267239,0.05093506532631558
0.35338794498636394,0.03355813300255511,0.07195843491205321,0.053309983392899406,0.0673343569163926,0.21230684347881898,0.03561959617823118,0.11631425781774662,0.056210449314938925
0.2417674603041634,0.026421689993284304,0.1910039544397376,0.03586142367502622,0.2036140145654405,0.08710180123452403,0.021084115951187393,0.11135978993365019,0.0817857499029863
0.06630038245485564,0.08162977442164177,0.05182772436971641,0.337303574501717,0.07571068681524167,0.12557561617060253,0.1398573929270218,0.10091230801127808,0.020882540327925126
0.04840169164117277,0.035084590393332865,0.058530347485765265,0.05811938520996158,0.28992082541685743,0.12396207267545256,0.12653290701999087,0.17169238570638098,0.08775579445108574
0.17077856313622478,0.126486737858072,0.07490546929606841,0.18918292413869306,0.039468242181805925,0.2436888668209981,0.07359078967306164,0.028486893900294085,0.05341151299478202
0.26042816753954984,0.08775646116552945,0.13764041991559703,0.048834969345171064,0.1150352433558367,0.11332540865993757,0.07486303880833052,0.08735256531281894,0.07476372589722878
0.018868741428788277,0.09243382551867146,0.11356941710349644,0.14042629668931803,0.07550733989390769,0.10821098260529982,0.3097519498418674,0.09378773161568034,0.04744371530297054
0.2967912165853046,0.14059234333659498,0.045894770256580376,0.07572526640794229,0.08018791771921667,0.07945803481826734,0.1445474912977672,0.08149915462475436,0.055303804953572254
0.12713231668171743,0.04053484475332519,0.19535074578302128,0.08276679704881265,0.19745882469662698,0.09694845581281335,0.12382608013093754,0.04953425419783173,0.08644768089491377
0.15983302235867125,0.06021333906240254,0.1152772969877635,0.03794809645679204,0.0940337708782073,0.12054233572385183,0.10163331885349759,0.27168179043287677,0.038837029245937106
0.41802144088022325,0.07845570897538075,0.1487465980286983,0.11608217001102157,0.03521852569807441,0.12560816355654125,0.04152541476362164,0.01177040871546888,0.024571569370969895
0.18829668750573206,0.11738187694341588,0.2677798881423177,0.1735063840229887,0.05050602942625313,0.027458093740330716,0.1067517925679247,0.021683810856554558,0.046635436794482545
0.042302673592710484,0.036086562098121056,0.07393850020541462,0.040228184290564926,0.20018716761643382,0.036352858921510835,0.08885841952606521,0.09773391799695681,0.3843117157522223
0.4180982342010957,0.08933900592786796,0.060770506763997374,0.027951086893892276,0.09433743070690732,0.07803674417899559,0.07715260570790047,0.11050883187839923,0.04380555374094409
0.024758995223194222,0.12094726734790945,0.06759656649615368,0.10177134472727149,0.40607421975561603,0.08613554580679561,0.012582461818289372,0.11739800243606552,0.0627355963887046
0.029592082651176563,0.24441489388829074,0.09359994360493577,0.1346622438768463,0.23037823546682823,0.08829202052440217,0.02765415466088504,0.06614809073168762,0.08525833459494762
0.15806544254100943,0.03197401223742569,0.11725107236275374,0.034646291116421445,0.18945878471302935,0.07256018497437394,0.18325902474912548,0.1372461764558016,0.07553901085005936
0.27189379320431845,0.0413408740716637,0.15132887015422491,0.06564580389027498,0.060090909173206475,0.11000969728098091,0.17528894388706207,0.08535123135061191,0.039049876987656544
0.047647167842816335,0.13208094877444204,0.14565409075485014,0.09189281205170725,0.07464477409942077,0.13814462931394447,0.2352098338184709,0.06318398781339234,0.0715417555309557
0.008684577529743318,0.02416796926622859,0.01349815088560665,0.025080519732333346,0.3129309241801204,0.09588396242355428,0.031844504927614904,0.13473400039369335,0.3531753906611052
0.1319032261506741,0.0334198953960653,0.03882236055954489,0.03573922858968269,0.30636135360833316,0.09308961821524904,0.10367707616325349,0.1106525422113856,0.14633469910581173
0.27970813118808585,0.07089339250364625,0.11615329691633236,0.048605276122900554,0.0860461707110397,0.14117766060961723,0.05410174234120498,0.05441312108238281,0.1489012085247903
0.4813979721484609,0.04842482917856783,0.042708602243065406,0.06797358752323963,0.06988373446753136,0.04433420422794084,0.0160272623861478,0.08852536041003949,0.1407244474150068
0.22471920092838493,0.09091987358719615,0.1580218091715527,0.06996400592184271,0.02507774007240038,0.26621424257568926,0.04308260077455837,0.07366746080743476,0.048333066160940685
0.1186931843611726,0.030016876117463842,0.24127081229447203,0.054062581395167064,0.08556759999714837,0.13648617179558262,0.016130895780695736,0.08997578103028714,0.22779609722801064
0.2061013874759429,0.04019352165853399,0.1516571188623049,0.15150187385574396,0.20772793538228493,0.044742063707663204,0.04134351655756982,0.11104273205287167,0.04568985044708452
0.01708223770492863,0.08175436431971922,0.11257042713160921,0.04737909967780757,0.01891006731423007,0.46225516274366973,0.11475541620471003,0.09119148967102196,0.054101735232303605
0.04355622320649288,0.2229336244342294,0.058259340866570496,0.07909198913779518,0.12535555510425547,0.046433183362374474,0.2860907854973726,0.06400490845270007,0.07427438993820942
0.4201638892118724,0.03956744803798581,0.05737444775351084,0.05602718823250822,0.06872725851965907,0.054927273335696324,0.16669292278800887,0.06203788853855288,0.07448168358220562
0.11967643718076011,0.10698490547903443,0.21064988617564162,0.03456059080706448,0.01721202462638896,0.297046702690479,0.1473199792053553,0.020557255677727104,0.04599221815754895
0.28720650244767043,0.10164656108408397,0.09265781256249243,0.0440533121220465,0.18839196052936769,0.04070795746822454,0.07280014658591576,0.056602286188273586,0.11593346101192507
0.09436170421963704,0.033957700793566824,0.13704870739084482,0.10729649396239604,0.3060450140837003,0.0646544423325344,0.07842555596065307,0.15879479844380517,0.01941558281286242
0.03280700036195479,0.17202961457012414,0.11430918801904118,0.24849597967124826,0.04546834113664348,0.21976312324710343,0.05806546619924132,0.0953201572014586,0.013741129593184796
0.12193958934838976,0.04901883005273511,0.07271787563315728,0.056154946171061836,0.03431769049829118,0.066105499022789,0.13718572688224676,0.4244800697072064,0.0380797726841227
0.2090656362198825,0.04769208284442764,0.03050543178708412,0.02365512408533382,0.08514630316070437,0.004543604676519602,0.02759092868400941,0.025894045324389502,0.545906843217649
0.20113214383321518,0.3099816105710562,0.09051249082498468,0.14948190436500858,0.02607257308173347,0.04712650574691146,0.09661204201884159,0.026359660323441798,0.05272106923480704
0.051954757813635045,0.4134570535002271,0.06060412215320717,0.05973847579975718,0.1067336242705146,0.08821859737382953,0.04041494494611278,0.04463830395276682,0.1342401201899498
0.24857195413259983,0.021018077270177637,0.05953637796016568,0.033102070094055,0.018307644477893282,0.15420278559159162,0.22072562684649974,0.21613002479475366,0.028405438832263586
0.17836530320437505,0.08101262152653964,0.08195205428330572,0.06948260654096884,0.046185181525527856,0.04950648409493702,0.12172596102819355,0.21624788182547686,0.15552190597067544
0.033429747670968075,0.10511709772350697,0.11790556522278761,0.11782086966795972,0.04053869161988608,0.22148392502193817,0.31326412047484054,0.027817185083304403,0.022622797514808436
0.021720692817321835,0.20377605272200885,0.12053450675490955,0.042232917083986334,0.07918901368007424,0.4130349098884314,0.05785417938884057,0.03367139619957639,0.027986331464850838
0.07386560691549222,0.0947337212178025,0.1514784753933467,0.15209326106250978,0.061966039252648146,0.2621041389747488,0.14014366850290683,0.03410457822074486,0.029510510459800198
0.04161184874694961,0.2397491933646565,0.06529706002850626,0.07523712234969988,0.11355185478885839,0.13147875434394266,0.06365600646977694,0.23740739804002017,0.032010761867589686
0.14340802066289582,0.27601176242887404,0.12623253406805926,0.07732173030035104,0.016721156496764606,0.09142625266136224,0.0867891535097558,0.10117528721090126,0.08091410266103592
0.10932218178712035,0.1784255216280478,0.16200558748917093,0.18354888083838564,0.09653176644542684,0.10570579729331442,0.024657808052010528,0.06816603523500084,0.07163642123152258
0.03725185907396963,0.1905095009233437,0.1448116099729699,0.20901978868284352,0.15810561027588277,0.10387791818683645,0.024671285573538353,0.07928982324265275,0.05246260406796294
0.13731471837257936,0.029590297409725953,0.2927365084266676,0.05679384981052967,0.08174898970348378,0.07571898748497596,0.04808336272086291,0.18119734374756524,0.09681594232360953
0.11507308490133322,0.07389328758657775,0.1937689528971894,0.03790254327030378,0.0465293625154218,0.4368169990311803,0.021843776326990767,0.04091883215885551,0.03325316131214739
0.16502000410090925,0.06962009345342379,0.15074755781017898,0.0713416822221984,0.18554294578847508,0.18824120703456337,0.058808187267528254,0.08651188003564937,0.02416644228707346
0.05406014956042147,0.1825010202600931,0.1394535742302168,0.12118257945421634,0.10311809584128308,0.2918549562438721,0.04041563829212439,0.05175092759738233,0.015663058520390377
0.01634018539499216,0.06550143690351422,0.03397764085238979,0.04261444894320234,0.19037277505708272,0.01135208050368818,0.003988227611162818,0.0815366827822487,0.5543165219517191
0.08279324687024463,0.1820556069653045,0.18112369579782014,0.113645938099202,0.03280165903283445,0.1608442841817661,0.16216398898359377,0.0252045891142684,0.059366990954966094
0.1515304344851106,0.16045849138769167,0.0693397201563413,0.09358207481330989,0.09885760460383143,0.08351125212739408,0.10546130893107682,0.10203576579131025,0.13522334770393388
0.5208847844411789,0.019171030186224625,0.05231782872894622,0.1263357818533195,0.07030351590199374,0.037415337384574525,0.013054933437011784,0.0947769020844335,0.06573988598231713
0.5356507027607573,0.05770926922111638,0.04265357483452433,0.03342478832434339,0.1446281291505284,0.04536634332228955,0.016521800443268755,0.022432170901970878,0.10161322104120107
0.10025089401620284,0.45186239755019014,0.03400152540132393,0.06585066791970688,0.194549484244219,0.04660303855916346,0.014541309551261525,0.041948579596695255,0.05039210316123696
0.15245352397545783,0.053583708257562035,0.16794986249870925,0.1147859738324996,0.16847685169147883,0.1396056302035878,0.08338055397448496,0.033389461645829586,0.0863744339203902
0.11327020520190521,0.089388353065278,0.08741200508856023,0.11341344133812303,0.08456361523657052,0.021553866476589606,0.10280873527177087,0.34640863715129994,0.04118114116990269
0.032991013023377605,0.20832450058098292,0.07359826348783638,0.07885162094400754,0.139009570115046,0.37763050140130344,0.010892919124097617,0.06141878233816165,0.01728282898518688
0.07977575256059062,0.1245983575755842,0.017905651288303393,0.043049042206236766,0.20422167876300726,0.028660858620436505,0.049637448765490665,0.17345114792130537,0.27870006229904526
0.3498400360375853,0.06561068803504438,0.04981765717422196,0.08113452141065446,0.07485640136886298,0.14973868564726403,0.02634027254511653,0.11291306676405533,0.08974867101719503
0.017301395083246913,0.028711462785398576,0.018464527882357137,0.10096495376375098,0.17380235601581193,0.036306330787593134,0.030482967825034294,0.10248305452457708,0.4914829513322299
0.10562617666956113,0.09214486025050513,0.16424919011375838,0.07468468064937116,0.19944887845075984,0.11718703957108519,0.08798919756326558,0.0448152974741971,0.11385467925749643
0.07733177190524805,0.1173407371524275,0.14803240152729827,0.14152665563739777,0.048880141031613145,0.13780902344798432,0.24105324040645373,0.054169370681883454,0.03385665820969373
0.03353490005450724,0.04649362754275146,0.1465900538281387,0.055114535506810614,0.1075893016926975,0.06045448514621841,0.019845550642927947,0.055868823753390175,0.47450872183255793
0.1147342480004691,0.0955371335060798,0.08357548093661481,0.13938353154483207,0.19897572970152785,0.11015002589574507,0.1371169338321423,0.08129201505424537,0.039234901528343684
0.14917397066389004,0.05322242789705833,0.05168004187937015,0.06976555850333492,0.25868776044089276,0.02195646011219722,0.014159812806349622,0.09738840880577977,0.2839655588911271
0.04224083155168288,0.05386837263721029,0.27663435201536446,0.044944775198292895,0.031798480767809306,0.4090811880213914,0.0523019901715919,0.0393643576983655,0.04976565193829143
0.15133249398153317,0.2501582100043705,0.10883592101857485,0.14632844310735943,0.12948431249407014,0.11249630197085647,0.010708049858456546,0.07981228892642069,0.010843978638358218
0.046826092740649826,0.09091360892171758,0.09348478392958681,0.14270188787737045,0.08016680660423105,0.3507602099363117,0.09939164378176464,0.035921509684755916,0.05983345652361192
0.1627520982516457,0.12416689843937641,0.28203482471264035,0.05931403909315833,0.06874720029828314,0.10561349335221994,0.06392439357960965,0.10763528014502627,0.0258117721280402
0.005320424237354027,0.18666167469324701,0.049066709420421684,0.0585263120654139,0.1392219508951436,0.2024416452195749,0.03436104461211708,0.18281003987816305,0.1415901989785648
0.21110403448887963,0.03897808253162682,0.08288887763402587,0.07143690633414232,0.08740456329933967,0.2838376499399459,0.03934488667319868,0.06198138794691924,0.1230236111519219
0.3590125067992103,0.0637237937182009,0.09423644977008294,0.0733491949648215,0.0798056425870007,0.1024057218297781,0.11577242831389166,0.0735615592858657,0.038132702731148146
0.014203261205637188,0.016093165973266915,0.0540397544351259,0.028957002889341433,0.21380744570351595,0.04229208515881686,0.02565493466129486,0.07574185294977892,0.529210497023222
0.030012726505062898,0.12499155551272016,0.19520461921383903,0.10938735644575663,0.07722359102456404,0.09446985064702408,0.10186529923560496,0.12056511396365334,0.1462798874517748
0.366497744236331,0.04380395134044641,0.10877310785843336,0.0506302886504299,0.060760491969987986,0.12802212055259116,0.03963331020162742,0.16907926470530146,0.03279972048485132
