0.05651437402540338,0.1778823439298353,0.15235813538897217,0.1331872717765234,0.13723097701146483,0.11107100482478865,0.0759326470854592,0.10872816007410341,0.047095085883449794
0.15400600348575447,0.0475458635879192,0.0715358103032297,0.2484071567879366,0.04596742086203762,0.08330109172556809,0.11012285492972534,0.14536666282469002,0.093747135493139
0.03716407106910919,0.1483104453526896,0.22901174228633023,0.21498499088550885,0.06939299971867344,0.07331925496231473,0.1086046476670748,0.059726005710025544,0.05948584234827373
0.3866242251306335,0.051018503543768544,0.12028684702817144,0.015760141207825,0.007473731024270329,0.05911538328660423,0.06829309447464241,0.1265919151632609,0.1648361591408237
0.03597909987106807,0.1062134724898444,0.08066113650239046,0.4453805129107093,0.07477390499773075,0.08911293435130502,0.09590426043801759,0.013506753290060366,0.05846792514887399
0.12378247296052312,0.1875481266337772,0.09013957921140074,0.07708232272857683,0.05915891447067473,0.13115302037645057,0.12953723141730086,0.029451300572161748,0.17214703162913428
0.04556764946228342,0.23021661451595873,0.08003724004518131,0.026075247295470158,0.0814706462599231,0.09464646156350515,0.08552050544492773,0.24459241488113173,0.11187322053161859
0.025025059858664055,0.22668135527612035,0.08153031372012802,0.06356255163664919,0.097007599890588,0.12911973239621935,0.10162022288764905,0.17464850713776028,0.10080465719622171
0.3777331020282271,0.10329759450758975,0.08446651265354188,0.014534570068987443,0.03390459140042004,0.07299005896592216,0.07128487105492229,0.20693310789883027,0.03485559142155908
0.0439619822564028,0.2975699879724321,0.1774055472807314,0.010818660317417605,0.028238416855933073,0.12211776288464732,0.1073449143234103,0.10673545473843536,0.10580727337058997
0.05162022702187118,0.11156501918644719,0.22848701182477593,0.02923654974767344,0.06473661584375556,0.13101214536174685,0.12311005786616137,0.13177124660828413,0.1284611265392844
0.04896155708469898,0.24405480818810485,0.11193311992071371,0.015347784183066334,0.040567146598848663,0.1245836825792309,0.12396662277642223,0.22154708419057859,0.0690381944783357
0.10901494821179003,0.04047115879017071,0.10131901265287485,0.389218395708027,0.032183225035239044,0.0754974994007075,0.08507939129871483,0.11531750666897676,0.05189886223349921
0.11383900604132206,0.21069664924081077,0.09326055649884246,0.08839794441929504,0.10652343732680374,0.1520982029255958,0.1446985198870566,0.02100147839545141,0.06948420526482217
0.09064586959414199,0.06824460785845486,0.06560858306499746,0.03464384334283075,0.01400449720198829,0.10368475524274438,0.10298838225409533,0.23439169555875786,0.2857877658819891
0.15444254961084233,0.1621537529457998,0.13814854229669835,0.023957277114496953,0.02842480203479041,0.11032810676549078,0.10910566385441223,0.10260891414750396,0.17083039122996513
0.20238903544399375,0.1764796499048714,0.11522791147477691,0.059558773713477876,0.11165423471368585,0.08947271931988797,0.11939752295812722,0.034413171753987976,0.09140698071719107
0.17597746675454318,0.13298123099603051,0.12223150912595737,0.02430439844368142,0.0906287600383379,0.09868699648277694,0.1385177360055834,0.05939769142299098,0.1572742107300983
0.04108301306629194,0.28119677634771006,0.07209935691680826,0.09690256469738072,0.026248756754215955,0.1373375973242852,0.0956198948143022,0.10798285099306186,0.14152918908594378
0.09256983622106679,0.0626724545866261,0.15425851244726219,0.02738257036847209,0.10409763036379455,0.11971917674029385,0.12008591001620356,0.18925888344681863,0.1299550258094623
0.02536940225059567,0.15070741814249478,0.24414216905444663,0.007768281292820294,0.19427462277364207,0.1327247603094993,0.08647756924837928,0.09151681529078297,0.06701896163733902
0.20939219692995437,0.056111836921161916,0.1026945061179683,0.15280166195630585,0.050582299178839406,0.10642152481392982,0.09105185806706774,0.14492514707420634,0.08601896894056621
0.0184263167840816,0.0469197481376477,0.10906205017678101,0.1640575154725214,0.010107655184192483,0.1033172953169821,0.11683429181138999,0.04216185681193382,0.3891132703044698
0.03610315920979365,0.18557410611476466,0.1146288987735569,0.026864782436540082,0.09685727547494494,0.17318458169348902,0.1588447193382624,0.09756363712932498,0.11037883982932338
0.11575175454579434,0.039830818455996696,0.2063449318939871,0.07558863871401213,0.06669831721194835,0.16703387720084129,0.14394954680935204,0.07497575342472004,0.10982636174334798
0.05408977493688546,0.1159449262516618,0.05750558714963716,0.058680860875758835,0.0942111965889272,0.16768357497541253,0.11470430562613065,0.21228486508354028,0.1248949085120461
0.08490007987294663,0.09925850735143282,0.2317543829657823,0.03249568552012835,0.19000535661704945,0.11122006319960805,0.10751018003450208,0.051297116046069006,0.0915586283924813
0.12395178246418846,0.04552705349332455,0.07836967694817444,0.07997457666261681,0.05146423074771611,0.15257468748460712,0.14620217344687117,0.17046277113409714,0.15147304761840427
0.07812891450389257,0.259807972570861,0.10193005132174067,0.039464740510262074,0.09235621767554826,0.09551433614987988,0.11879863064658276,0.1259222319612847,0.08807690465994805
0.09710100745414856,0.04261068158416768,0.061481363286992795,0.4343259135216695,0.07437462600864754,0.054487141029316045,0.0878756309837442,0.06174358789044223,0.08600004824087149
0.03686189468247387,0.05442677320335826,0.13143393506685916,0.3018484514436488,0.10669217760725537,0.10834212689134436,0.12548326968254944,0.04023033035363304,0.09468104106887777
0.06474630405895954,0.1508969634363182,0.1626110215990432,0.0674337321819289,0.10467948289939104,0.1327966809068438,0.1265602580682322,0.07652422334136472,0.11375133350791837
0.06270052450322024,0.15890806687986053,0.10328703144426594,0.04986542439458813,0.03830174597321048,0.08575238340414666,0.08425178839243087,0.1572187508638128,0.25971428414446435
0.14992309718848143,0.049221074688007786,0.18946470912564015,0.08303147238960688,0.07676115507577919,0.1058870970070448,0.14826130936180723,0.10005248419752576,0.09739760096610683
0.1232566651471891,0.0510629054861027,0.24062601218174137,0.13533633142925555,0.020752541753642,0.10630879411532201,0.10248995395581205,0.08537410397698454,0.1347926919539507
0.1611661699883243,0.08013087587511093,0.21447324148789526,0.08011723882993711,0.09314929153136398,0.06855837613536521,0.12388739903441408,0.09071086930877076,0.08780653780881838
0.1875735596593212,0.03958758052031549,0.16591220905511186,0.10760905535352776,0.012032003316843344,0.04890474562055166,0.07138403426025354,0.10972812391238956,0.2572686883016856
0.024780154292668565,0.22076893716458615,0.20935506321439942,0.040189397712991404,0.030754015120501948,0.12585599359832245,0.11374426312617815,0.1381021869548773,0.09644998881547451
