0.1904975692723058,0.04332083386637056,0.2745322639729627,0.08295038477926052,0.0454093901594275,0.11190071930902988,0.0625210807325342,0.04485666264179399,0.1440110952663148
0.15707869369127705,0.09770950065155254,0.14619236358530033,0.034775609457318855,0.05673238602437105,0.0881590491317099,0.09121033975719622,0.23987036661938,0.08827169108189407
0.11175734568817869,0.051091944778746436,0.08383177611478106,0.017607911035178284,0.061259744416882554,0.4440874185036255,0.05293018263701149,0.1014557600622687,0.0759779167633273
0.19679303103046694,0.12300334604713341,0.021235810525439932,0.20002665967537359,0.06832113100293837,0.024632320492308356,0.08623206269238058,0.23512501977076194,0.044630618763196926
0.25414177563672274,0.0640068623810446,0.10632566671996672,0.12066121468780054,0.031128566833304075,0.05736812937978893,0.13838259072717063,0.20278317818853056,0.0252020154456712
0.14954578198279483,0.040419482726171185,0.22036954468185732,0.05579992174392722,0.30765163708930615,0.08919092338761773,0.047767338348877864,0.07541443606683353,0.013840933972614045
0.09566327222150017,0.1100423900548021,0.08024753102521047,0.14304925004924385,0.019651790817883655,0.16786912308866833,0.1250541197252852,0.11992860847576248,0.13849391454164375
0.05464781028539802,0.12722377041752217,0.3662535708032843,0.1709095093999188,0.015387935917952294,0.03897614576011312,0.049752782367852154,0.13838056346402602,0.03846791158393307
0.16710614001034596,0.047362692031612974,0.0662949973996595,0.08171453800145233,0.02088278969009484,0.3533979053094272,0.10024158756607132,0.09805282382940635,0.06494652616192946
0.06122756757453301,0.07841504866593359,0.020168466279602924,0.22562887833787468,0.1387157478434032,0.08429978856910801,0.06138027094106391,0.303754563709228,0.026409668079252668
0.23393417359827037,0.02783285190497524,0.02909440920082523,0.07980603294526602,0.09676335787551012,0.013972911112652841,0.05969420787127847,0.17435856080207937,0.28454349468914236
0.20848114210845084,0.15714639886796164,0.06317239655987388,0.13640357052777588,0.024003196014999863,0.058498780517229704,0.082884067061906,0.13680384054436456,0.13260660779743758
0.06422059364910927,0.12052077064527973,0.1388986108298911,0.09291722909906282,0.03655153880765197,0.03212011799738493,0.2628952398583227,0.05488634123252193,0.19698955788077557
0.08841430161563923,0.13123268493390877,0.06022339401215293,0.05598100706362583,0.1199740389909772,0.13938088616659602,0.0311904072829427,0.2909916675243838,0.08261161240977348
0.17869387487628932,0.030458646402150586,0.13274758722391658,0.11807747051779917,0.018559576274452694,0.09341623625105883,0.07600244565862868,0.28142184564347744,0.07062231715222671
0.0585049936204772,0.10784987064951673,0.33153331965517135,0.10070628663632664,0.008355958658918932,0.025452375828260005,0.037863738461138656,0.1418934182772174,0.18784003821297302
0.05739969812062037,0.028358863785965253,0.11498639114488028,0.0052640437214670315,0.1021485162586329,0.5378763068169802,0.059067862492366514,0.05292353541751671,0.041974782241570884
0.034576107417784226,0.2778965574340544,0.06089973793645773,0.10121909751177853,0.045235234614112024,0.048762066702274585,0.2530095822330718,0.11532214147256965,0.06307947467789708
0.10822365773720576,0.10267216943948689,0.132731030723703,0.10779277051725855,0.14192639416542926,0.09426219414844572,0.15005488160244554,0.09501631460914607,0.06732058705687922
0.11385278148630322,0.09157241960239655,0.3144308787611641,0.1954094396640432,0.031088963346025237,0.07671105480756803,0.08376502583092156,0.04104348383877671,0.05212595266280135
0.069264786869829,0.08853897514827458,0.07130196703721504,0.017707024564011666,0.3893050455482648,0.004122925948289649,0.12510422755302145,0.12755545520465061,0.10709959212644322
0.0786951808265743,0.037116692564788,0.27249616873097526,0.12447459884510063,0.03874914161049615,0.1358647375015786,0.07786905797824563,0.18423635819798498,0.05049806374425658
0.21018264509306675,0.08696158902428869,0.0655029248249218,0.013265423561505342,0.024552263202046554,0.0640683649073595,0.13878962298606023,0.12137096565836018,0.27530620074239104
0.256776741684779,0.1811153877462656,0.19462511006658448,0.08737708934291442,0.011450974302855412,0.030858142475524264,0.20173525783381707,0.023998401331127166,0.012062895216132657
0.07350727667269165,0.15417010553748697,0.19380545329964774,0.03324983337161238,0.02386638899931991,0.08627487577914911,0.1367922966436629,0.24627612870739113,0.052057640989038145
0.12356254277133782,0.1870557430149614,0.16295652468212637,0.22215823885780242,0.01838150193727247,0.09591056711353096,0.04616106383373394,0.06226136051663896,0.08155245727259568
0.5214936840966429,0.06273465264999951,0.03308832167284181,0.11816304676953619,0.010711174009890329,0.03357864319911878,0.07474747789028649,0.0770422124445002,0.06844078726718378
0.15558085943688904,0.06891830316427279,0.10881974285079062,0.1819887393016172,0.060213636431124484,0.027221345532427735,0.16062836823554483,0.23251639091089848,0.0041126141364348215
0.18361687064080082,0.060220615974940696,0.11261329039444445,0.059557600456417704,0.04162973167702599,0.013192104867584292,0.3102275915390112,0.20815447995793557,0.010787714491839245
0.05814728675105645,0.0386835595705299,0.05613847315205852,0.129255409482152,0.07862960468672106,0.01991726145780727,0.2029698469753158,0.2629638772504231,0.15329468067393587
0.19045810600309765,0.04727829201550274,0.08203053761999506,0.10489970167687908,0.030847752468490225,0.09947257077229348,0.022971684870693492,0.214297582615297,0.20774377195775126
0.1580933918026167,0.04273284491666318,0.031736111453610126,0.2186336589489961,0.035796810912059794,0.16195183780910985,0.058461497632275934,0.2532378567837758,0.03935598974089254
0.1361401460238186,0.12671363777199834,0.07549169474201826,0.23589452178902104,0.01661035909193552,0.08906011140540615,0.07373287053511929,0.1316410221742819,0.1147156364664008
0.20360360232282057,0.0683022820019109,0.053465868954830804,0.10580003151746202,0.24168822340733187,0.03927003361386984,0.154426249480926,0.0760316198970198,0.057412088803828254
0.1214739612683755,0.02197960919769325,0.17322570711118768,0.1093753908489025,0.030030344854271526,0.0951930548288607,0.06620871895239067,0.12835124166204775,0.25416197127627055
0.08836873048607802,0.16803851404155457,0.10372091585756282,0.12919033101595098,0.11618560368260793,0.06522509691454197,0.1430787875300544,0.1681895666055062,0.018002453866143072
0.08436311808623505,0.1496621434495508,0.020370217370420402,0.1965324190051676,0.03190041581334325,0.10830729141013462,0.25874691829092306,0.12664638392689254,0.023471092647332537
0.12563870059243884,0.07089638835091082,0.011878274496515531,0.24961552435242965,0.08622878488419693,0.024308095599026105,0.03170252799373658,0.20773967721947448,0.19199202651127104
0.25711171561576335,0.1593927552772125,0.19262675659853604,0.048115866934409175,0.03997728533122548,0.02235475444151083,0.18180799279255644,0.056844914025734807,0.04176795898305128
0.18987994877864067,0.09778328505804995,0.035250691746304845,0.08596594662762458,0.20635409579928585,0.0844319685284265,0.0905016372967336,0.18853969719310024,0.02129272897183382
0.08152944430464867,0.07335742291610578,0.07111263063706294,0.11803387210796301,0.07411666578577131,0.15149850057350644,0.23269384451781228,0.1272422799912174,0.07041533916591218
0.1380955001416555,0.04750889673323133,0.07357095784695127,0.008181342393443187,0.055704570262965304,0.06611622796828986,0.029834418498188117,0.013169827882409703,0.5678182582728657
0.12074618001416627,0.07942426666580728,0.11427447913945732,0.14069203593848104,0.0701487427664641,0.05465383856444254,0.16187069224534756,0.12377117107437763,0.1344185935914563
0.14074281163936364,0.06243972130071996,0.0801797440358626,0.17161715208830822,0.09179608075094496,0.014378291668574536,0.03553619496245481,0.32719349143384086,0.07611651211993031
0.05617988732035345,0.07902384521454402,0.1820104648405753,0.11250680916628149,0.024101804510941915,0.10876279056058734,0.0844746407941185,0.27061676282689223,0.08232299476570559
0.1027027980034857,0.11922083855397081,0.16821215498209516,0.08579824355642562,0.07403094114150677,0.0532980644495356,0.07684802467218255,0.13263260284592288,0.18725633179487491
0.07599567887025209,0.12547019448800636,0.08892278355389009,0.04062770488748216,0.011079752149338623,0.061645757582263316,0.07661771006145497,0.4925276448103353,0.02711277359697699
0.17804107986898896,0.14575189569493133,0.03720481838465137,0.04963597805557979,0.1414705338485803,0.08076380535633064,0.2264636416260339,0.1266299012178325,0.01403834594707126
0.12292621749382193,0.1752387874174162,0.036965313213221086,0.03913998674157567,0.3063372959204645,0.017793071728847764,0.1325431784652342,0.06255612960541945,0.10650001941399923
0.213233979796129,0.08451565544458488,0.07033891630929386,0.17684857401770718,0.05229362590416093,0.0395860386771226,0.1789815372661071,0.10039696506306782,0.08380470752182671
0.09122708821771743,0.2926995134242261,0.03625947336700611,0.09221142271501426,0.06312590225999377,0.0436270347377359,0.13616579354794367,0.2316664720674985,0.013017299662864273
0.40824305478908324,0.09568334893143422,0.1038584658542568,0.07077224010505449,0.042453063991750105,0.035204680511641225,0.09206376660332628,0.11525153895475855,0.03646984025869505
0.026388727062418727,0.023323937216359922,0.042908755249434244,0.2799648687798158,0.046090045185512594,0.025128980921533078,0.061469189817634384,0.05085053032729836,0.4438749654399929
0.011847205366499733,0.09863952114540979,0.2488210200743766,0.05335116132343892,0.0334990236725309,0.13972188439208866,0.059957670088077876,0.1783563908710678,0.17580612306650975
0.04674404167648852,0.23254568919177157,0.0748764900453573,0.09583700883611113,0.08801296596942997,0.03991295498465832,0.08544024839074181,0.2966762209598585,0.039954379945582964
0.06561617807110703,0.19560770269326697,0.0798857728223464,0.09244378678566022,0.06806603474086488,0.04005153260843055,0.2571951083394754,0.1642046949462944,0.036929188992554145
0.043952214833526855,0.2167782183895958,0.02480212774893231,0.06243406649104188,0.00937690770479758,0.08651736636207917,0.28083930397612034,0.08169347330130351,0.1936063211926026
0.01486972946043154,0.12213955421402706,0.07709421185476316,0.047733847127738344,0.07941410716780838,0.2486170440850055,0.03574947368439837,0.18441676488240377,0.18996526752342383
0.0435963046014744,0.11892742205012947,0.05721059429259082,0.14841164021692557,0.17167002501332315,0.17370140377104407,0.06614480875722915,0.159602802584399,0.06073499871288429
0.07440467986907827,0.0339850111369454,0.19431478072424743,0.17538483085651282,0.052865194935098114,0.22347207845416348,0.1307497399311577,0.022815007361473,0.09200867673132375
0.13031804984232098,0.017845899445647042,0.12985178896824112,0.046283517107906354,0.0919485928909806,0.037375851531641635,0.13427313087556736,0.0551549115160297,0.3569482578216652
0.2016637490627418,0.05732404424455851,0.10094161415618559,0.07067176566923607,0.04341311919698282,0.1336545727444475,0.12188119059753581,0.09594050383860163,0.1745094404897102
0.07137851870075769,0.014956629552092772,0.08878840420772509,0.16712795022124596,0.016673578076149026,0.05151553394046463,0.17820495466558953,0.1921248386159744,0.21922959202000095
0.27596569670460697,0.0498931078081389,0.07742221951195279,0.05895006001779741,0.07252050731322293,0.04691948164712167,0.07334796992601426,0.2281495767138677,0.11683138035727736
0.060791900574939016,0.12564527012613905,0.09180162444964302,0.11370711449239444,0.08795609688759198,0.05025617231680899,0.22746904914394486,0.043077912552047966,0.19929485945649061
0.03086476332788952,0.09580479679477706,0.4313321384930746,0.01782623312227916,0.07662696361482185,0.08740064125461446,0.07939811167933535,0.16187692349294677,0.01886942822026123
0.07411863182693092,0.18531125208458188,0.09176179240854765,0.04414831630708805,0.048242866428651145,0.09230992857790053,0.12305348565829279,0.22019568331980577,0.12085804338820123
0.03463018885644015,0.12623610458827592,0.07506528526879307,0.09940945580755302,0.06652317504172987,0.07826060688778744,0.0465832628117033,0.3781894544865739,0.09510246625114344
0.1923918575903977,0.06507499432561369,0.05373140233676298,0.05376728288924911,0.03033511926242503,0.13545949070221794,0.14274098968582752,0.28095257523842787,0.045546287969078204
0.16750659986052485,0.0886000858185404,0.2518007090371868,0.10529841501653785,0.10338105007554371,0.15327449129510173,0.07659212093799113,0.03245731735791998,0.02108921060065351
0.06256151014535886,0.11396056376769957,0.09185678269607404,0.12966567602287035,0.027365139531822995,0.047000241307191985,0.0589431200057825,0.06472952455921854,0.40391744196398127
0.18757173516428327,0.09174784858983143,0.0605995518397088,0.12916107255315135,0.006525059579051337,0.20822045811725406,0.062203404099092495,0.16584730343852125,0.08812356661910607
0.10613540913657832,0.05506786032432282,0.05139009325664379,0.14031718235239368,0.1215364354316368,0.029885995396979476,0.21727613776802746,0.15129245591525012,0.1270984304181675
0.0870925113159075,0.18700757598434936,0.19261575973740044,0.1634815346801215,0.04024232646691384,0.057315697519940055,0.1081713965699494,0.1524725140757664,0.011600683649651505
0.0997318988068615,0.022541904030975835,0.2699883777437729,0.022627255883897242,0.03510837070347267,0.02954064786181587,0.1821611386169583,0.08860130045009212,0.24969910590215358
0.0782309631709044,0.08544046124021265,0.3049280141022092,0.0775289283604265,0.1583262922494674,0.03607156666453936,0.08223769336811197,0.1398951378460533,0.0373409429980752
0.1705820990164119,0.15014334263323817,0.08717303382523789,0.1344553030472562,0.06473769585384112,0.02968904129052526,0.22587112825963898,0.06961771267142454,0.06773064340242586
0.00656945935904586,0.046261953791778304,0.19603108221092794,0.058378952590269734,0.06616485964703696,0.07208031135299707,0.018719779048621404,0.12905811623194097,0.4067354857673817
0.14295947770959816,0.07807804782823573,0.1361471116182672,0.24045198282415162,0.15075032848119987,0.0362550000855699,0.05020869057228335,0.04399329674531224,0.12115606413538198
0.09204464387230758,0.05257264696176411,0.17235116411843424,0.26893689805259763,0.11666981370591538,0.03686483559907729,0.08218988442496235,0.10541640415704719,0.0729537091078942
0.08954161864493948,0.08875504079017316,0.10375064628463233,0.04856560227030465,0.0240154510544406,0.1513600032695652,0.11459980260017048,0.16736010157282788,0.21205173351294615
0.04378008317236587,0.08872800179984175,0.12117831132042174,0.12147676393227123,0.09535364761566782,0.23668866418185938,0.1308733285725524,0.14150687672725334,0.020414322677766546
0.02332298367312641,0.08479258021649111,0.35484066672393566,0.04198339521229543,0.2066974001312174,0.1362335408346941,0.04212339461854294,0.0903635306309088,0.01964250795878827
0.0856399483241944,0.1795726045222629,0.04025644579596408,0.11948423565706812,0.24918993713126106,0.04426258207651352,0.06197862226441018,0.1831505761077007,0.036465048120625114
0.4023037537428215,0.14630482861845986,0.04952070905668876,0.1906076587629614,0.02732631838094871,0.024464082891920882,0.08941111822755805,0.033668642731200384,0.03639288758744049
0.29950277604810227,0.06006435271647965,0.19569523560833013,0.05939815413274604,0.10809331126443138,0.03078574692139302,0.04893670240017861,0.18721968485930887,0.010304036049029991
0.07239078995899868,0.1263878771841176,0.10523910831532324,0.2728729491902618,0.0550213854343444,0.06345564345131395,0.0765531630304041,0.17860092242671674,0.04947816100851945
0.05539650720463416,0.039206733393622066,0.18346237221590686,0.12237012834843435,0.01319337531729369,0.027999713008444126,0.14180433432237957,0.33716361100523057,0.07940322518405456
0.37410461423880004,0.06632370696901413,0.040673367239667114,0.1747740565202646,0.009000951990632049,0.11522794193671905,0.1231040798087078,0.07530069234860941,0.021490588947585782
0.1685874427844277,0.06055424987437532,0.15208844673636593,0.09882583094061492,0.016910935405156587,0.025313923431959734,0.12894961861739032,0.19871596777379544,0.1500535844359141
0.1259879840626503,0.15077197501087122,0.030047867108251983,0.05111939532060796,0.03583763715239912,0.044075542292184605,0.2435199103404556,0.2742194457123708,0.044420243000208505
0.057795780689643306,0.048658700994795544,0.1910407189083938,0.11196750864514254,0.07498407335941981,0.1746106539943539,0.08074154633027193,0.23960539620532764,0.020595620872651585
0.20514665850598135,0.08687608752255858,0.02775429514661748,0.18423697229989633,0.08831366345882703,0.07470127237047801,0.09781609414858645,0.21853775210009443,0.01661720444696028
0.21478975980099865,0.05310333296572978,0.05782951095712604,0.28072699281901864,0.14326827825959051,0.044565393080337155,0.046649275255145124,0.09011533296087369,0.0689521239011805
0.2527778318361053,0.047718509724865854,0.03774392475817238,0.15604426940084737,0.054485528204179894,0.05785424278138588,0.2793970547502176,0.043424658291465655,0.07055398025276018
0.01937116112478787,0.08797304976294686,0.11178295570692265,0.05417191412522287,0.041095597942070204,0.5019990693404628,0.06518578557538368,0.030924023836643392,0.0874964425855597
0.14153639105833904,0.09264586247073647,0.08447836189062273,0.07777161547971057,0.03416195197783766,0.18326379516671756,0.15144886597881455,0.1140106989611242,0.12068245701609719
0.17060297555815032,0.0413079917281593,0.09996828980290189,0.16150876255726718,0.10771713037785369,0.04273521672632857,0.08817087034440585,0.24891720904040215,0.039071553864531
0.0854427783455562,0.04667714853502145,0.030898658047793903,0.06342716574844355,0.15183924426558193,0.22157320252459775,0.07113716036078227,0.3058918133679682,0.023112828804254765
0.15662599461889407,0.06347980590671086,0.06192348795796729,0.23371717288683425,0.0677583828007358,0.05081574663571855,0.05531158444557612,0.27993872494522193,0.030429099802341073
0.08860358111511153,0.11539506055484407,0.12116248181613039,0.22175691980008339,0.03973486941530927,0.2839138306354147,0.05130198563056032,0.03223106888691156,0.0459002021456347
0.0428373986139206,0.05498881352620471,0.035738622037984835,0.1011371112925911,0.01473484940610218,0.023220070853739783,0.15571382320792473,0.4494662043557085,0.12216310670582346
0.09824548583468252,0.09613510879605873,0.25806556629288574,0.15861025602866924,0.013130860721502243,0.12257271589877938,0.05162999774419189,0.1658780989894796,0.03573190969375063
0.09857993956039857,0.09545219150098135,0.04998574824847849,0.24821290129584894,0.052371765169174654,0.0681629715648688,0.13459899250105045,0.201244976995658,0.05139051316354084
0.28605152376646975,0.14307713867836946,0.03768648438413783,0.1305814800322785,0.020063375363911392,0.03445989521544648,0.09469347285648429,0.08594307932359031,0.167443550379312
0.11157369458330489,0.03029448415752396,0.42978425781176505,0.09196885466010467,0.030997119953111385,0.07266582464574531,0.0827107643778555,0.12721947448492069,0.02278552532566865
0.1731992705316021,0.08676134797695308,0.03142754170946257,0.13550358866949988,0.10943583299565048,0.0379319634990719,0.22190662138516049,0.1454025082309362,0.05843132500166324
0.0376117761191458,0.08199731023068058,0.13253124017446152,0.07000642637956239,0.11042012674972297,0.14412526228065572,0.08660064379140765,0.19280705399397147,0.14390016028039201
0.06120753550935896,0.12938000948913822,0.1556946442587462,0.08967134033896677,0.05925252582347198,0.19922291769698863,0.0829967904664552,0.05201464895895699,0.17055958745791708
0.5015821730629584,0.06163930873731083,0.019704623836022613,0.0872958111431204,0.04281005519691309,0.0844910649085024,0.06175271021790951,0.1203875818432486,0.020336671054014186
0.19312398025009977,0.05761996421224031,0.2689527595853117,0.1461672665334875,0.01734781565578576,0.053610777018776014,0.054830699326430754,0.07984159404992484,0.1285051433679434
0.06592993841468782,0.06003645158027885,0.4011222577004377,0.060575772048899336,0.0285266792216463,0.08817969494149064,0.02141775222528183,0.11130332624021816,0.16290812762705933
0.11169621271964196,0.08962463977548706,0.08628024945270629,0.19596178267366682,0.005283729745676047,0.05912827532903572,0.0744537060108887,0.33508924611862545,0.04248215817427194
0.08093929965919776,0.06643228014234405,0.04696220489913066,0.16245973355847598,0.05891558781771424,0.08696928099478511,0.10231778579563726,0.32635730648476224,0.06864652064795272
0.31845812977261295,0.07445080982838924,0.14612818745741218,0.20521035549875719,0.01713289242278094,0.08910889377880682,0.07139937947300135,0.041179122706955666,0.03693222906128372
0.12381391069267707,0.03406929807604354,0.06887239992040796,0.2756071530269934,0.17941964816847578,0.08746278369332035,0.12264024346871621,0.09309251000115872,0.015022052952206986
0.33445644739560154,0.12440243101611752,0.051061566739747044,0.2065084973082485,0.010478151716504113,0.06825024725555158,0.13405059508318848,0.0582817298347477,0.012510333650293403
0.11571521331203634,0.24534933899741532,0.04103108040173208,0.07799274479375524,0.046195171761656974,0.086171795695186,0.27158340356236227,0.03268559661074395,0.08327565486511186
0.07135067551145029,0.07340211803675355,0.2175712563455794,0.23630716026534815,0.018652034930271417,0.07886398964002317,0.09500890922249794,0.19621165430727702,0.012632201740798961
0.0929706291550198,0.06983903307691187,0.2778926626893388,0.06473999074604275,0.07072363335189726,0.13782024585341915,0.12151823464407224,0.07287243755643434,0.0916231329268637
0.009552393133422703,0.07324745285717287,0.2425783622447638,0.02068962155571549,0.06315914029553636,0.2979182709575183,0.04105184807203079,0.1877482384809159,0.06405467240292377
0.18734333968941122,0.07717593778703571,0.015585304987219358,0.10640816152442505,0.09178762145012065,0.044283202217463014,0.029283104191217827,0.18557688393803082,0.26255644421507635
0.14309048632250312,0.02670204179592936,0.12891014649180335,0.02404076201790335,0.11553088251253903,0.02214460717212501,0.14480629629346164,0.24918640276635853,0.1455883746273766
0.11897348781604061,0.029933624707505713,0.24963632916253362,0.33507567011478473,0.04588731277526172,0.11643631731719915,0.029719380539027784,0.034670279180628004,0.039667598387018645
0.2165681989337613,0.047507380914235287,0.17323228330107135,0.06612132075439188,0.013108245724748143,0.18178817857907212,0.0924304007895025,0.05330842340548484,0.15593556759773258
0.1486009181640159,0.17150595479450423,0.07649234774646581,0.16010643725882262,0.04825608053310154,0.014983197971437207,0.22842160885811527,0.06159389303685167,0.09003956163668574
0.16466969021937453,0.053423457350713875,0.13298942144678752,0.06152832987986754,0.01651858641406327,0.10348399306536545,0.0944914081472913,0.2227882814750618,0.1501068320014747
0.2700699090152419,0.06228530108814448,0.09098031218557949,0.09626912595359112,0.19611974708967087,0.03297094661904093,0.1114734310401226,0.07864135562702233,0.061189871381586276
0.21151641976868749,0.06360981847225818,0.10257569646070024,0.21864198537902535,0.07069324347189229,0.0929817553203137,0.037581299644930725,0.12075284563025734,0.0816469358519347
0.17148215214521587,0.026179334519903716,0.08692992974604956,0.07687943746932101,0.19465654551329217,0.015617170469025303,0.0993049734727286,0.217606651119696,0.11134380554476776
0.13672253764618858,0.12532178704391686,0.05443654495046602,0.13596355123454085,0.030296157442173014,0.1769071667320327,0.052365161402466075,0.06293532310485389,0.22505177044336203
0.17294466081651114,0.17537997201060862,0.13955271834275962,0.26034137539127994,0.021093738583139805,0.08692742384552905,0.06189909946665891,0.06189559091316408,0.01996542063034874
0.1531761213548081,0.13057840257345912,0.013331956390838106,0.3312729900179379,0.04080993664485357,0.04255935090958788,0.10289708428298076,0.14240709353243697,0.04296706429309754
0.03740453687125097,0.10815508742095174,0.06986728596320785,0.27196022899093647,0.08889832909782543,0.0973101528670401,0.15838724198174275,0.1491223010207424,0.018894835786302373
0.11880947613025038,0.1828580868484995,0.13699074359082,0.03388591391184519,0.02304731796415306,0.06860508718264384,0.12378080150293917,0.30079813026652596,0.01122444260232293
0.06246275977057894,0.031214542323353505,0.04354377656863521,0.07365199808616511,0.06886075347070515,0.18464262769151765,0.09036939054682397,0.24941867336269472,0.19583547817952576
0.1457337769725953,0.05408721155796561,0.11580816718897924,0.0852009982186079,0.12255347087614293,0.14614483598341868,0.06093682274008833,0.2459871404051915,0.023547576057010494
0.07753506143574983,0.08139813401979225,0.12234698123662908,0.11571212675771185,0.016544952415390803,0.3022678414472107,0.09790404570643911,0.15800691716695867,0.028283939814117764
0.0735721329848913,0.09216523893796448,0.05663039794962957,0.2366963037820872,0.08071853327800256,0.049753633700013754,0.15494904818165603,0.22998749901550788,0.025527212170247143
