0.09758342329171509,0.10238813087626181,0.12391778356849963,0.15792511851247817,0.08657359233724643,0.11632152180090587,0.12722426351582777,0.09913490543623689,0.08893126066082842
0.1168952810247164,0.11697530478452108,0.10750310173162969,0.13835262548398566,0.09559722844389974,0.09546072240807514,0.11280617104146073,0.08200832268102025,0.1344012424006912
0.11996098191864586,0.10847972722256594,0.13470879974003494,0.08854131684150884,0.10818312029470921,0.09611175284131335,0.12369862221963086,0.1041317610161074,0.11618391790548356
0.12039822661549561,0.11807324337690177,0.08691790429765106,0.05921128731792632,0.12851538284336814,0.11926508784351071,0.1065883294188502,0.17800832574730208,0.08302221253899411
0.10844860793837935,0.11819984866409748,0.06945761998223568,0.1510551142855469,0.11109539583460903,0.12754473929901636,0.11204447807756722,0.10261774095254622,0.09953645496600168
0.10941680604331712,0.12094127998109945,0.06919445067784097,0.09157601119856011,0.1036927209457849,0.10773572591740414,0.13051432389493792,0.10414666040966365,0.1627820209313917
0.09955401375458249,0.11667378550016948,0.1247825793723637,0.059627257378516506,0.07745181680675806,0.17773788230868007,0.07322285766120283,0.17321600407630158,0.09773380314142531
0.09920098192576358,0.11995040211009356,0.16398496761104922,0.05778580025423177,0.10502925071431936,0.12583518895555476,0.10508577931329445,0.11991027863394849,0.10321735048174487
0.11142967715577067,0.10960623177434066,0.10038607902161434,0.17714037752070663,0.0977317303654857,0.09157491348304629,0.08947507717438051,0.09393554026234696,0.12872037324230823
0.10392627171315372,0.08102450091927733,0.12478047335163069,0.10255413916608229,0.09574474974720903,0.16773116499430096,0.07545924711304648,0.16205897732683008,0.08672047566846947
0.11028962946387201,0.10094540190237218,0.131100484689317,0.06138683089774305,0.11165596451883227,0.13781308237685583,0.11060262655059562,0.1204521882814858,0.11575379131892634
0.1089898139915468,0.10172061762806295,0.09028603265241264,0.1920016297502837,0.09047366558358205,0.10722772855528628,0.12987374822447628,0.08613752401813324,0.09328923959621611
0.11500889887950337,0.0903932338487254,0.13087819203981174,0.14282117699260855,0.09643679522124483,0.10890128780422813,0.08792026440033897,0.09517076023267716,0.13246939058086182
0.10583082717006786,0.09998296202342598,0.09148505129957234,0.13479012217593997,0.11581040858218034,0.11851312611737341,0.11572026662095185,0.11563819712081343,0.10222903888967495
0.11538228141017404,0.15317140040675592,0.11944219586646256,0.11625366964875457,0.08405336872706688,0.11584656860408353,0.10283350452730022,0.09454653582628075,0.09847047498312152
0.10461050525809228,0.09756759976595332,0.055372878085305784,0.16192965718651917,0.11511315275576224,0.09943271943448517,0.10737718508441878,0.14175104264715183,0.11684525978231138
0.1117819326206267,0.11030758506058191,0.09291682177268175,0.07049272019712813,0.13649226119938335,0.12588669813919542,0.09665001996458313,0.15769905599986753,0.09777290504595211
0.10053466925445519,0.1134815422618113,0.07952214967408572,0.21037805660196018,0.09207202127030689,0.10451707722863078,0.1025440797427734,0.09494909708606276,0.10200130687991378
0.12132583576967926,0.10528951836710622,0.1440333221416116,0.09881354651450748,0.10592022525416611,0.09983113759765498,0.12637485161922873,0.08554281413607484,0.11286874859997081
0.11676995521547606,0.11727987428755347,0.08438258917462386,0.15501407859342894,0.10236623654034867,0.10852270908365712,0.10474923315148965,0.112929712705833,0.09798561124758927
0.11882361428809878,0.11897369001741087,0.1461040327623884,0.05689340326485757,0.10634468819648744,0.09503197042620115,0.13202572752757494,0.09466646529033969,0.13113640822664122
0.09064909086427249,0.10357988885503017,0.09939349221841591,0.16930231401944704,0.08494820297975697,0.10784645825327803,0.13196261873462503,0.09380849003665283,0.1185094440385216
0.09968347741699267,0.11901724239833933,0.09919121046770746,0.22528002060088084,0.08661980410654242,0.08444806380988663,0.09505283765863,0.08621721510991444,0.10449012843110612
0.11484946378473761,0.0965953499953121,0.21513725209160653,0.029787903984070056,0.09861714495171899,0.10477187185285804,0.09595214752715747,0.12104239327581685,0.12324647253672233
0.11354909530377137,0.1162780557136384,0.11233867769398977,0.14763029283723014,0.10144470003266948,0.1006979088276977,0.11445676720365783,0.10474225290813288,0.08886224947921244
0.12000286564506008,0.12907621944192862,0.0981141845068592,0.06605645247905362,0.10913396403345493,0.11420331884211131,0.11674741429924658,0.10748926145037303,0.13917631930191268
0.09626093836627518,0.09734507815023265,0.05987542688784112,0.21576076502246555,0.08718451554935629,0.12177611798591426,0.10595936488060766,0.10938443214149363,0.10645336101581361
0.11165482561077818,0.11346272516776158,0.08087206111764379,0.10254904474245728,0.1570372720828307,0.09562572970209691,0.099999817247075,0.15995317591390365,0.07884534841545297
0.11291503931853779,0.1392225612898366,0.131119608689179,0.10031304088391292,0.09789265619711646,0.09079194783683664,0.11678338249204652,0.09223730385935335,0.11872445943318068
0.10547262898527199,0.1191267192121207,0.06762470466189426,0.08443272225141267,0.12430804007702273,0.11077676184490459,0.10755031405788429,0.173091894741748,0.10761621416774081
0.11028781340261055,0.08690430719701675,0.05768099336023069,0.20367237091674742,0.13358073989695005,0.09602213083675375,0.10706280724583604,0.10404948692781964,0.10073935021603507
0.1232511039338446,0.11480206868736065,0.11428142549576133,0.09842286431278285,0.10547187961960523,0.11701361267935402,0.12724699657134333,0.08221147653792436,0.11729857216202359
0.10715556521882169,0.10578075775344298,0.07242852633185738,0.2001108893378765,0.09865291358468649,0.09992776737227776,0.10474913332962593,0.09681086682292572,0.11438358024848555
0.10859018801144955,0.10903426667159932,0.10202839674267718,0.07628247903534541,0.11952032595919988,0.12431755617743535,0.13354569355651572,0.11561996678127234,0.11106112706450517
0.10386265250626188,0.10709463800384893,0.13332955661740573,0.10404117081500804,0.09809432420898222,0.11772728395136228,0.12275932856035086,0.10343465957936905,0.10965638575741103
0.10964054874593825,0.10099242672126228,0.08186758393968231,0.20421952256967799,0.0998017735424589,0.09992909241980007,0.08485174271100493,0.11660959749747905,0.10208771185269616
0.10454719116862249,0.1042036995994551,0.07925647279727392,0.15265118628438104,0.10512763503035205,0.10887938952875696,0.13007019948119944,0.1349477200739755,0.08031650603598349
0.1082164626928863,0.09787538677127851,0.08634750921838015,0.15442646502456261,0.1058968979863772,0.11028480949746372,0.10447135676599202,0.13234400604592655,0.10013710599713294
0.11146716893896448,0.11062347930455368,0.10865714327261793,0.15737788456095367,0.10102249898926097,0.09342531332420285,0.1279193588073976,0.08742213812682176,0.10208501467522711
0.12058171890357915,0.09815163026555244,0.14180202345701856,0.0838088947010376,0.11840887236189306,0.10667452632967263,0.10954151652711712,0.0871515868108778,0.13387923064325155
0.09718180894318472,0.11533403498005085,0.1065453948552053,0.10709853151360826,0.09497965038429519,0.12786799293247786,0.11486423981279015,0.12393763136619702,0.11219071521219058
0.11651518186781566,0.09470508981114541,0.09279185584236564,0.13588977294471075,0.10728748808359369,0.11672034865864594,0.10044365729643395,0.10279167664025186,0.13285492885503702
0.12016323998148813,0.1288645520288024,0.10507545032233621,0.07102138992397743,0.12041435887069463,0.10843891423007529,0.1208241593919434,0.14059361004378917,0.0846043252068935
0.10650385199691496,0.11426304508284879,0.16184593912787026,0.04456478099841938,0.07613058936037613,0.12437220823797294,0.15155644586277053,0.08148821043556703,0.13927492889726
0.10235607956262394,0.119027351820496,0.10183677996918278,0.16851086784217792,0.09201530937077877,0.09731316743512468,0.10878457889317701,0.0916387257705392,0.11851713933589975
0.11838967704440005,0.0918836783559067,0.09940888238942151,0.1322910307669719,0.10041281153057345,0.1064612532935169,0.13404961814564292,0.0875983178731345,0.12950473060043208
0.10604032833653877,0.09627000029758599,0.08650273791741418,0.18586414914498614,0.08936622759895914,0.10658496404054536,0.08726316514882794,0.10162904972714691,0.14047937778799552
0.1306903964215644,0.1086297367834751,0.137754303120021,0.13346450094437276,0.0931593328548894,0.09461681418333695,0.10188887328058456,0.09659798634037052,0.1031980560713854
0.1174258898740253,0.09019115198002688,0.08877686738973904,0.1547035310484441,0.11114447225879241,0.11399634018758616,0.08434513137792478,0.10781344552130619,0.13160317036215513
0.10997718624423658,0.1260813672136111,0.09434052526189622,0.18069116694963913,0.08514775133585668,0.10010583584714562,0.11119901073828614,0.09390332432849458,0.0985538320808339
0.12506346877946206,0.10490013875577846,0.1236495406782346,0.10437575291308702,0.12319663548721421,0.0963586402563759,0.10587082597658404,0.1054475125116201,0.11113748464164364
0.09727754418438377,0.1390001679450087,0.06365440121383441,0.19480383777352658,0.07967083757105174,0.10117630885668279,0.10141167166974878,0.1052920304517357,0.11771320033402759
0.10315028214830557,0.09270922707085501,0.06349159208472988,0.16785710493936332,0.09078351009305759,0.14003673027858626,0.11630677647287341,0.11436879506025753,0.1112959818519715
0.11130688016531705,0.08934268892171378,0.07787430575635484,0.21649613584669072,0.09218887480309017,0.10612115603191907,0.12119533394064237,0.08111164912321785,0.1043629754110542
0.11429729287766678,0.10203130421199168,0.07908577386328088,0.1965480800461323,0.11497420480094638,0.09551301256791904,0.09396166278662553,0.10035432392059897,0.1032343449248384
0.11421977140586757,0.1112137543384711,0.08219366056244737,0.1264687533734863,0.09201927921987052,0.1447610087749753,0.08773294466452693,0.12318450931676965,0.11820631834358532
0.11770917658622061,0.10194608663197624,0.1016783351898239,0.1236322833866862,0.13129044413065247,0.09413103491700518,0.1062222268744712,0.10274283079851944,0.12064758148464473
0.11027862765274891,0.10816311093152703,0.11598334263294714,0.11848803314673965,0.10237929571726055,0.12311371148361783,0.12215919698453577,0.09795084272812853,0.10148383872249465
0.10958495902547033,0.09557704663875614,0.112823872364806,0.1388026778330773,0.08932341134991602,0.12704183494810636,0.10723337808006987,0.13122113160673046,0.08839168815306747
0.10150368552301953,0.09241598574715588,0.06543592929499635,0.2747292297297131,0.10770869434521989,0.08931429403972879,0.08489042933005586,0.10029478591733339,0.08370696607277728
0.11408329541709349,0.10177252875932237,0.1250205876901514,0.11281863614418615,0.0902181980286836,0.10750831480663264,0.1116867116761875,0.10596953410408361,0.13092219337365932
0.11384570269599414,0.11985555597625086,0.14244085547826404,0.055658166770955725,0.09920977268625845,0.12357812601428164,0.10807303259744626,0.12164307663359686,0.11569571114695211
0.1188252368605036,0.08733458625582186,0.07908227417580356,0.20256508877077117,0.09701968841608478,0.11057203118640398,0.10294821442341633,0.09358171958514115,0.10807116032605363
0.10923397192929084,0.1140174839187716,0.08953164110247334,0.11949906201531889,0.1156831544633909,0.11729532061916066,0.10098479081727596,0.13863048111533477,0.09512409401898302
0.10526140731143441,0.10244255077240971,0.056962848693364605,0.17174507202538394,0.10095531920292267,0.09685113880095768,0.1110563636920371,0.13600418444489554,0.11872111505659431
0.1268564661656565,0.10351382214772391,0.09523193827742175,0.08701819165282844,0.15377171459561623,0.11430413337731171,0.10727397321346475,0.11395837061994829,0.09807138995002845
0.11580441285947392,0.11727942892863785,0.10759612328706636,0.07255371210196258,0.12676968161406058,0.10689484554992916,0.12335745707255658,0.14070407923359396,0.08904025935271902
0.11886378842142757,0.1064600425111105,0.10368210636415287,0.14106599847176682,0.09006578366588426,0.128429000992422,0.08786943799024821,0.1129301149282847,0.11063372665470306
0.10751281747552588,0.11076840646121795,0.10479971549495498,0.11734603104510795,0.09943333845128781,0.11658056742077615,0.09877925682035633,0.153592098259385,0.09118776857138798
0.08818327687614537,0.13504597608711724,0.10419951237144043,0.048968617251914946,0.11697877959825721,0.12914753108665414,0.08449764491689703,0.21987593498017688,0.07310272683139675
0.12167595967248017,0.1123467765454539,0.1405214100437994,0.12195493510300635,0.09309251184049001,0.09355422047444915,0.13007470763102438,0.08410376215824533,0.10267571653105134
0.11226746865063121,0.1079550977461493,0.08050232543432989,0.19992635528060784,0.1079140010843402,0.09618295956104571,0.10428550208385101,0.09114506916479644,0.09982122099424841
0.11146540356316285,0.13382842807216885,0.1073599324224969,0.12113246844718455,0.10569499026416924,0.09603637656832671,0.10785926527967064,0.12317168519325979,0.09345145018956057
0.10753741306162849,0.0876040446172507,0.08976079988660075,0.06693099517825306,0.14161727026293483,0.14168611025284952,0.09332150233992094,0.18689881036821698,0.08464305403234472
0.1035782572866382,0.08935120165433073,0.06701455802686206,0.2331362372264226,0.09872513448474013,0.11351810384416709,0.10884846752399337,0.10295111900626423,0.08287692094658156
0.12088661165750382,0.07928964638227151,0.10300469826255515,0.09866090934432674,0.13040329214066304,0.12164632568072357,0.09412429835988177,0.1489326523477673,0.10305156582430712
0.12213225174995045,0.09253993855494451,0.10589014551563998,0.16537088470963593,0.09824574345681274,0.09888039328988467,0.09145421954483735,0.11832401275413547,0.1071624104241589
0.11284394427537596,0.0986447961477556,0.08030697852209881,0.1826765050339947,0.10565955073282489,0.09509289563719488,0.10462028653169238,0.10944596532084837,0.11070907779821443
0.09960349212343313,0.12860117593703246,0.12550062110592944,0.07366105902658791,0.08819390593820031,0.13572445497538807,0.0943380869930081,0.11893316206651716,0.13544404183390338
0.10595060139713712,0.10085779821677106,0.07695749090936264,0.2066245705948587,0.09667367821951045,0.09400742794767275,0.11356068642682471,0.09035535738161582,0.11501238890624667
0.0973631232947114,0.097901103744222,0.04903742979447656,0.2384640290096256,0.09080340608943867,0.1155532594171771,0.09690436066913222,0.1068949811686054,0.1070783068126111
0.10179359908712433,0.1300679344595923,0.08663087765153972,0.19849924246163295,0.08503641086551524,0.11331585736481442,0.10069866416073169,0.0891192985020186,0.09483811544703068
0.0952715293659875,0.10951790215404474,0.057754017934365263,0.29717738548468153,0.07829293147349085,0.10319556471828852,0.08948202674099226,0.08694530217182313,0.08236333995632628
0.11422898567080919,0.08988487110047587,0.1689756573714092,0.1063083490380727,0.10859991699606303,0.09030787245536535,0.09567874078640226,0.08404070689403181,0.14197489968737056
0.10889541525958833,0.0874093013379507,0.07834540195939801,0.21566588480805712,0.09803822106631842,0.09909693338503955,0.10733511954632093,0.09015438864629959,0.11505933399102736
0.11065328254556489,0.11165044523462157,0.10944499037032866,0.11404559533619334,0.10100166058751875,0.10358048816465304,0.1229097881629853,0.09106646481401896,0.13564728478411553
0.117480281793161,0.11236793756474157,0.11076058955851875,0.13669923545975207,0.10653965375587872,0.10242348762416335,0.114962026632404,0.09461744303016877,0.10414934458121185
0.11219173651931376,0.09889107743307068,0.12177468768317275,0.09749292839094792,0.10277482073423334,0.12378388603946106,0.11809479978052732,0.12066137990818963,0.10433468351108345
0.10458917657538236,0.09321449556461094,0.14166628173858345,0.13627372021562115,0.07579767787117837,0.12160390763434166,0.07481008320206554,0.13498175669091025,0.11706290050730635
0.10607256143662865,0.10711041265921906,0.08900232220816058,0.17924777339749262,0.11012190412872924,0.09740457160674791,0.10376639616960455,0.10242854635019187,0.10484551204322556
0.09499100698288643,0.09680960690352299,0.12688774975490155,0.11707309955587246,0.10451706713278697,0.09973841350592944,0.10345391399485848,0.13292352826249618,0.1236056139067455
0.11914386055091848,0.13552158453838936,0.15238813124749184,0.07703343047297306,0.10370564664059828,0.11209475198213263,0.0920681653724379,0.1273812366102657,0.08066319258479276
0.11194129628941418,0.126316667819073,0.09324563369567546,0.11274892198788918,0.08971303909435473,0.1363212634109597,0.0938458509382386,0.13959463532533978,0.0962726914390553
0.11398335383172666,0.1354095220086262,0.112729314099083,0.0832134940768426,0.11016345307481328,0.1088569947584581,0.1246646415026403,0.08388811727888816,0.1270911093689218
0.1122849361249237,0.11226761175564415,0.07906038264471713,0.20288204170042956,0.09304139353182311,0.10389364406566444,0.10580524609052844,0.08692410257961368,0.10384064150665577
0.12344239692541926,0.11571470955757224,0.10767074773141573,0.14045985870856717,0.10277118144227061,0.09967522175773086,0.11539101952785447,0.0813396658954507,0.11353519845371896
0.10687348015843405,0.12360786482768422,0.15313505186286916,0.10209521651574477,0.10983730338289571,0.09359716908213085,0.11811053610649476,0.07846755676460158,0.11427582129914493
0.09843526974210848,0.09486860726587464,0.07487589647250263,0.16282869074847828,0.09092763268714714,0.12660274263724922,0.09041424780923617,0.14734272553693936,0.11370418710046394
0.12442835181201457,0.09856924443684496,0.08478403845025385,0.1200657795506656,0.11071438193793848,0.11455535266859791,0.1380497713061016,0.09452054921026083,0.11431253062732216
0.11187178112567174,0.11087436635226894,0.09649436681836758,0.13422793849660955,0.09790847958755,0.10726587259644628,0.13165452008404496,0.09851769012612288,0.11118498481291811
0.11165566677569265,0.09341926938174748,0.1450143109530955,0.09919720662181226,0.10226299658250669,0.12684717992590508,0.09487072866688391,0.07695058457256908,0.14978205651978738
0.11267421804870069,0.09377484767161152,0.06658737790706598,0.13485988305747135,0.1378439867521165,0.11590056389298159,0.09689870993977738,0.15117987977821915,0.09028053295205586
0.10801916767472752,0.13206413032738104,0.09125463001447719,0.08741889491007881,0.10593091729814885,0.12976688790269778,0.0913590329771826,0.1620540831456405,0.0921322557496657
0.11500102715002854,0.10313737046353544,0.11788226121671054,0.144402995549498,0.09893487339647178,0.09718347297603486,0.1151752592464317,0.09806085994028783,0.11022188006100131
0.12062794977048193,0.09806532370926911,0.14669829762403977,0.11625130212557944,0.10581674449518101,0.09312249529964074,0.10248510046604031,0.07702501063113319,0.13990777587863448
0.1105850970664946,0.09430715230119935,0.1279729030620494,0.0873676115578388,0.09973875080005934,0.15665990170065752,0.08337111215324837,0.1501390543023796,0.08985841705607302
0.1158833948683346,0.10995073573106023,0.11023996324579989,0.06864939114562248,0.11907242415168688,0.14511519507450904,0.10246085648218896,0.13485631169398746,0.09377172760681039
0.12944558454761515,0.09807606551929393,0.10264668897057054,0.10382574034621482,0.12181625494131086,0.11194536363527093,0.12185858416583023,0.10109881566259622,0.10928690221129728
0.11414420676540393,0.12454562508616858,0.0999752154607191,0.06430788881661233,0.12277281656677419,0.12150802888040735,0.1175158160062516,0.1334096109511755,0.10182079146648731
0.10879243563891731,0.09945801596772086,0.08939062399659159,0.15258394529955263,0.11924835238273752,0.10078817164518777,0.11592268446554077,0.10571562933946,0.10810014126429152
0.10303043975221465,0.10844998850947359,0.10407863117168027,0.1474670448956824,0.09296861945837832,0.09817253620637345,0.12076972572953469,0.09315191702538377,0.13191109725127878
0.09528273715270492,0.09400617070054042,0.10276486314258748,0.12665297056909908,0.09311106007412902,0.15777283139815354,0.09235004858840046,0.14712158437721584,0.09093773399716924
0.11036567674250182,0.09895449845683531,0.10386016596523943,0.13573776148924513,0.0885287242935487,0.10741570773795733,0.1646704162306213,0.08507596338760388,0.105391085696447
0.11845192330170422,0.10223620647157161,0.10054311521503652,0.10331151573334453,0.09841792513592988,0.13610615376612487,0.09338460091988977,0.12410929719850276,0.12343926225789585
0.10917796961919618,0.10479279278062364,0.06725888249655478,0.12548429835715488,0.12609259571945644,0.12809292967459873,0.09912298660270202,0.15286929414577313,0.08710825060394016
0.1154519637412752,0.10930709124451245,0.1366142488861604,0.06338447619644233,0.1241168297489635,0.10342508865213311,0.10277334354542483,0.1194178566141199,0.1255091013709683
0.11979036605646765,0.10874194267997768,0.11338136982735858,0.10405511716123593,0.09269646978117213,0.14283771326491684,0.10786242316909393,0.10590485841118234,0.10472973964859493
0.11885200347503182,0.1147687455469021,0.12444265320094167,0.046278084587713826,0.1314334818673593,0.11562180785147975,0.12007500050089982,0.12261906783836289,0.10590915513130876
0.10285388473748891,0.09123957538855842,0.08292520081259691,0.11830861259767982,0.09168129391026554,0.1509448528639352,0.07869575424722403,0.14903890374363382,0.13431192169861736
0.10779888848676833,0.12840771899940776,0.15524204470952738,0.07398534222734669,0.09995071268820772,0.11944583827846754,0.09600070265698045,0.10980314845970103,0.1093656034935931
0.12322092211010609,0.10141724000046436,0.16792027334058626,0.05177203106917241,0.10447687909901937,0.11052664981360465,0.10362914648301698,0.10590171721850102,0.13113514086552894
0.10227666963001769,0.1098361325164247,0.12712309242077646,0.07376831147486689,0.09046632882775385,0.1205427902933181,0.10619015248136539,0.13495476408368895,0.13484175827178801
0.10681211312825041,0.12508671490873957,0.1198814724882164,0.05091959817156025,0.11305304184832808,0.13447538466011463,0.11398396963685821,0.1456119548435359,0.0901757503143966
0.10139377243587204,0.12845548825565498,0.0763543758590296,0.25392161417223114,0.07715017590068479,0.0860703164488429,0.10486819716761875,0.06693667399132726,0.10484938576873844
0.12349699448409007,0.10465931750280759,0.06958091871457049,0.09866574297693813,0.13171206567674396,0.12485459877838556,0.10951205727636613,0.1458642422851875,0.0916540623049107
0.11942928521672534,0.13221975844610206,0.10624803040095578,0.08549027468012389,0.11912013709730325,0.11050158942662625,0.10699889341903353,0.12261814021297197,0.09737389110015797
0.1183483892526405,0.12668852454977603,0.15267758824716351,0.09906178152848792,0.08910815494609199,0.09763345465299193,0.11961884601656858,0.09036181184937116,0.10650144895690832
0.11657314402931696,0.12187508832618359,0.08840966661695865,0.16144953063985057,0.10488278155140046,0.11578832882240542,0.09287142325962557,0.11405235250571948,0.08409768424853932
0.10838316124213222,0.13146411112325893,0.11103845280602877,0.09747693406590067,0.09049127783110233,0.1384259228327867,0.09853622904457558,0.12757624068076093,0.0966076703734539
0.11588816029872018,0.10867463826731616,0.11604368276909283,0.13651197103477,0.0908474698891752,0.11306929988006338,0.0971266817065966,0.0941320650462933,0.12770603110797232
0.10994466439434732,0.1396003970553015,0.07155871896226652,0.1331053839768848,0.11719338663897806,0.11132665859301587,0.10898846300126058,0.11160800740222843,0.09667431997571697
0.11228300664129105,0.12004941918553758,0.10221746142396222,0.15744323749429104,0.10085735653251811,0.0939942098485817,0.11849256777398837,0.09691954499703925,0.09774319610279074
0.10711080080117706,0.11234671831375971,0.07531416103844425,0.20137063511450645,0.09862709295420978,0.09828881526311885,0.10732164124985726,0.09886361437900891,0.10075652088591776
0.1182325643678438,0.09111582732813404,0.1051472473440372,0.09415605984625373,0.124820063340591,0.12317406638790353,0.10170506139033986,0.13500777015487062,0.10664133984002626
0.12132807108910541,0.10714671188294267,0.12842249677885612,0.07147030130475657,0.11791062572280912,0.13007332531555402,0.11655707266049105,0.09610313261346565,0.11098826263201934
0.11403037899162467,0.1046369495466614,0.10391714789193364,0.13271351152558217,0.09943216366919537,0.1136485602314633,0.13359888709453457,0.0980162688496702,0.10000613219933464
0.11260379019380044,0.10448407655841553,0.08220568987368458,0.20326815828498912,0.08957518307262206,0.09802190632285797,0.089944035185485,0.1039898039574213,0.11590735655072394
0.1168683045212483,0.11851753291001955,0.11389853142543671,0.11327179844815637,0.10688423166279938,0.09940728131166333,0.09464876319374958,0.12025578430258259,0.11624777222434422
0.10990387730176991,0.11857256524226462,0.10048777135833666,0.11360168117833647,0.1122617056130536,0.10196572224279099,0.12543527447228286,0.1058455313488843,0.11192587124228058
0.10444377366117084,0.11580745561350692,0.13883864107834834,0.06848616141293701,0.08872694436441719,0.1379632568928137,0.11795543981100716,0.11613061972534311,0.11164770744045578
0.10103614000672996,0.10656600270709592,0.0758452312107791,0.19803164166280432,0.08789947954804754,0.11237635824154137,0.08926447826421952,0.1111957882076553,0.11778488015112692
0.1201192940906491,0.08992879196664082,0.09935235737418736,0.1449054511829532,0.12209892905895536,0.09796844315950816,0.10432012970453598,0.10908388811945326,0.1122227153431168
0.11492629803119324,0.10170218430417999,0.08526134863072173,0.11721033863824971,0.11140263807339022,0.15823102824512983,0.09613645396359634,0.10645031037474702,0.10867939973879187
0.11456655242698777,0.10190739900964994,0.06324872877950122,0.1604281550607871,0.12011910095708385,0.11532909182968525,0.10732270032429486,0.11276322280119733,0.10431504881081266
0.12109486736688847,0.08986539604002299,0.08208370404847432,0.11891971063989999,0.11490796693377055,0.11914048789123699,0.10954341435636589,0.15141072191240876,0.09303373081093198
0.1137421566606791,0.10846361920217563,0.06997853978894873,0.1506515550218905,0.143241628798779,0.110174586627442,0.10472128115662599,0.11069907675027763,0.08832755599318133
0.10115634504602163,0.09703693401625835,0.08450565365483782,0.22057963909258552,0.09981387973775191,0.0923409260563413,0.10120847409207319,0.09369910200781593,0.10965904629631433
0.11697260005359537,0.1234950877335979,0.07656969276862413,0.15747761431350651,0.1029304393172185,0.10142456757100994,0.11693431288377654,0.10418498423418292,0.10001070112448819
0.10911471022982759,0.13498267982429282,0.06604490823725272,0.1464678858545008,0.11886202998532475,0.10252042755323769,0.10345298159910866,0.10913433404684926,0.10942004266960571
0.10298237009621715,0.09893370847569044,0.06298537241465164,0.25122009337342965,0.09708721310005874,0.12172167003946037,0.08449277011578554,0.0890546836396932,0.0915221187450132
0.12594758602768677,0.0871284185861358,0.0782517276803556,0.13953677957163527,0.12001746449217106,0.12557348292674042,0.10940003710806451,0.10045889044967915,0.11368561315753135
0.09901572109339574,0.11779718440803337,0.1384524357596944,0.0874871870483319,0.09321823026011843,0.11164460626017332,0.13982444756504472,0.10371059639412451,0.10884959121108366
0.10505711831922114,0.08927254290870822,0.13139325457038104,0.20832053142511078,0.09564459320452247,0.08701297480360182,0.1013780866102663,0.08580362087173844,0.09611727728644981
0.08883401680684143,0.1343765161411516,0.11480947731544609,0.07222118658532485,0.11673184582974587,0.0999433538706676,0.08463582689780193,0.21311448677954628,0.07533328977347446
0.12488476514386748,0.09085617116640277,0.111761041651816,0.062042470500123924,0.1398981144758206,0.11031514281988057,0.10329415733577042,0.13589611733962212,0.12105201956669621
0.11403797992431776,0.11002960813955122,0.13511434404884962,0.09476730844085536,0.09925290960547956,0.1320912673463762,0.0858639944484043,0.12805937982229032,0.10078320822387565
0.11611331536936377,0.09996255827904599,0.04819537460219612,0.26776122490931836,0.08499876598511502,0.10696372332600296,0.09953553348909457,0.0776943367102836,0.09877516732957954
0.10811864760649414,0.09998410591424141,0.13300910591329704,0.07849993102273946,0.08217737202870612,0.1698866384323101,0.07614243106542777,0.14540195307812423,0.10677981493865969
0.1155373918899004,0.09740653058389505,0.1172370345376792,0.11416845382868358,0.09499499051921402,0.12526684227121906,0.10703604653813925,0.08769468624861936,0.14065802358265014
0.10193357186269908,0.09646277554601825,0.09658726154244096,0.14478051252307733,0.10236115135497659,0.12961823654685226,0.08652073850532245,0.14239155290965025,0.09934419920896283
0.1104418916301753,0.13438869578564994,0.10309706002408454,0.12685500643959585,0.0944704558798354,0.10243132324643715,0.1309368874752872,0.09124917252954723,0.10612950698938739
0.1095841634489668,0.09405097652058615,0.05314161397893966,0.22284845007451118,0.11839705689099876,0.09317759086081433,0.09224259600623425,0.10844844353484749,0.10810910868410151
0.12384431918613753,0.12219224119422878,0.13207441496485775,0.10230918407688845,0.08158590473614796,0.12488474482842436,0.09273672685621563,0.1020275571950542,0.11834490696204536
0.10103058942430436,0.10029094270420262,0.053991653677244754,0.24746632687645617,0.09451764262734208,0.10356322147658333,0.09467658151966239,0.09595027539637385,0.1085127662978304
0.11121696879278296,0.13407592109456412,0.07460392656114508,0.15403841798554294,0.08789393057630411,0.11604784267014118,0.10920530377438342,0.10565510323435857,0.10726258531077766
0.10556219399257964,0.0896601014782004,0.059242478086634166,0.2025666530059506,0.10946665616739677,0.10023457499705334,0.08842431361949372,0.13209772620796256,0.11274530244472886
0.13030669292215785,0.11139533586755097,0.09721818783270575,0.0935950934133745,0.1052457763591756,0.13967354498792153,0.10409376011923717,0.11947514244436382,0.09899646605351281
0.11557672010174902,0.11662031830232626,0.16357492185442288,0.057005408683544,0.11583536020589978,0.09844261459964813,0.12648739990941793,0.09428420317732651,0.1121730531656655
0.11256049696931451,0.10042172101057345,0.12933662520534653,0.13332578755245858,0.1006179869754778,0.10437653910147948,0.09169583271557975,0.12127298799762436,0.10639202247214548
0.11373242883491962,0.09773123019896392,0.11613424834343654,0.1230437306081577,0.1128567394521824,0.10537715119988635,0.12178948792922617,0.11171767738403349,0.09761730604919377
0.10289023177091534,0.09750431621037563,0.06437973003187707,0.22245124569292707,0.12479012151048859,0.0986906448807714,0.1050496046387402,0.09785369628786866,0.08639040897603595
0.11644491014454045,0.10320486728783469,0.065694333675285,0.194698366031994,0.10003467872025688,0.11983875826440117,0.09690385598490218,0.10744751227111426,0.09573271761967135
0.10416116573466372,0.1490329654451532,0.12224757191844071,0.10799544224984318,0.08860268981395207,0.11075699988657363,0.12101763163748554,0.09508271120121341,0.10110282211267436
0.09745130179079903,0.09059120696519425,0.06267926857571633,0.22739254291560265,0.09277337796522915,0.10967263202932565,0.0918829241169642,0.14488924693031327,0.0826674987108555
0.1096657770901102,0.12060230767334479,0.10305380928643969,0.15514009837051188,0.08745293911475742,0.11223512523551543,0.09588007621588934,0.11173487073435391,0.1042349962790773
0.11372100741650436,0.10162389956961587,0.06338909043570876,0.17565376653257114,0.11217400464398568,0.10771597111470115,0.10770950672731656,0.10534320141513565,0.11266955214446085
0.12263649820209942,0.11968146481700205,0.1395264120249608,0.08143382849922541,0.10995237521895816,0.10568844739294209,0.09300335731005178,0.13703766906755444,0.09103994746720584
0.09329339236549676,0.13908131350013977,0.09432190315623841,0.08912452842017876,0.0784175604086978,0.12828220275404248,0.13770785503211494,0.11802033616947023,0.12175090819362087
0.13228578783976663,0.10153410307191542,0.12008141801966994,0.10846181805841233,0.10600578199070378,0.12371659787592014,0.10278268228414772,0.09731434996418865,0.1078174608952754
0.11516017194364607,0.10347681730991731,0.14717882806094326,0.10548205306718422,0.09984737450304475,0.10920701015348912,0.12141707772960526,0.09003640581524075,0.10819426141692921
0.10767644533082088,0.13319683426055048,0.10826454038889015,0.05940408046651562,0.10569465007422925,0.1279154622038087,0.09557568414237434,0.13801620307592324,0.12425610005688736
0.10118563321991818,0.10153041146694451,0.11833359599859333,0.09872587373288992,0.09496345167896147,0.12880108914928926,0.08714130486042367,0.14080324076245296,0.12851539913052668
0.1049624344759329,0.10861405032773679,0.13579453734718525,0.08468182370336819,0.09022272559387394,0.14845787501685184,0.1034477610857073,0.123784418057218,0.10003437439212585
0.11895504856227147,0.10658962226193718,0.13105463698728875,0.06614255544275567,0.10266710031258598,0.11119139233709736,0.13824135494329853,0.1160141135717796,0.10914417558098545
0.1017610521932073,0.11271353641734978,0.08219509847806915,0.09138817606631089,0.1088915872193827,0.12408927846913474,0.11532979300831747,0.14269025279764666,0.12094122535058126
0.10460037665323944,0.11189506955590937,0.11943024566422165,0.09882770435757642,0.10413646570902053,0.1116176223957784,0.11710827755144781,0.10477343734621188,0.12761080076659442
0.10846196292407462,0.10933991974552287,0.11199095835636613,0.08128690729925551,0.11784306301552372,0.11584983724492763,0.10407572792163111,0.14674560173411186,0.10440602175858656
0.10702246995559822,0.11424286208156564,0.09968697465813321,0.060226311036641285,0.10650179270136119,0.15090716197684273,0.11200333763591809,0.17002188192602863,0.07938720802791092
0.10744045337363517,0.09230136344312605,0.11592494519182657,0.0674160371101975,0.11542229375104351,0.12491032669718298,0.0963356111207576,0.15282055064507324,0.12742841866715737
0.11231275146483664,0.11216744414628593,0.09228525438968031,0.16434064651107058,0.10437209974621837,0.10491630795627077,0.1024834267016213,0.10862774530210544,0.0984943237819107
0.12204921704607972,0.09773538781781564,0.10460173397981665,0.06222558207143456,0.12151402319636195,0.10466303245457272,0.1376276702459707,0.12610088934042585,0.12348246384752215
0.11867677123619585,0.1335900772117319,0.2001664544609675,0.02883175523253298,0.0949959581347674,0.10802391429935547,0.10588203093194733,0.10853551110671934,0.10129752738578224
0.10971138887753557,0.10729540614820969,0.09273408940289546,0.04956845681290972,0.13064140262740995,0.13313325430614234,0.09559186917289697,0.18229592513573334,0.09902820751626694
0.1211510701195867,0.08718998427084736,0.12551074086531747,0.1712782892606514,0.09797587537718155,0.09855881790825,0.10054527373166078,0.08749120529770833,0.11029874316879644
0.09865045181826175,0.1078413875134362,0.07390798763377882,0.16766655320360657,0.08945068148241314,0.1330083622778595,0.10641227616648374,0.0952443934787658,0.1278179064253944
0.10144763274154563,0.100608947388021,0.04900612670762503,0.3010175335156013,0.0867285895718507,0.08619115467566059,0.10293587442898496,0.06840317637141367,0.10366096459929708
0.12894241924429942,0.10162462247822447,0.18618819951226126,0.05071468331350288,0.09648775182749196,0.1181217787236683,0.10455628383376338,0.09224055917576966,0.12112370189101863
0.11049759061298299,0.10648355796038005,0.12878802829736893,0.09815410917655837,0.10263360730065318,0.1207380295740229,0.09079002537036572,0.13494278936618503,0.10697226234148287
0.10125872923702062,0.13957573893337674,0.08651342800243793,0.06072215985727016,0.13954495186113347,0.12459712125168476,0.08859446959198447,0.18280992513752947,0.0763834761275624
0.10359948902074416,0.09059257812228234,0.08951235117077964,0.19023284812724275,0.08512015446669623,0.1388642652226433,0.10565700270597585,0.10619570104958677,0.09022561011404891
0.11795191089758598,0.10162405070986673,0.09068081246477584,0.12013079865379268,0.12053428378928059,0.13687390543216407,0.114617658755456,0.10376274652449435,0.09382383277258376
0.10465956397511882,0.1322959228473977,0.08775114487143283,0.13273227780686273,0.09286312417718785,0.14043130514211258,0.10425078096934319,0.12401569685594227,0.08100018335460195
0.11534792893944308,0.09044254668152805,0.10129389967485936,0.1438012189578187,0.10597548277644799,0.10294052016876803,0.09997644196893196,0.1291660384904294,0.11105592234177336
0.1271795862950448,0.10927504891756266,0.13056061885022394,0.10410423777255756,0.11198194035640695,0.11443401239293832,0.09819076096343216,0.11385366285232978,0.09042013159950374
0.12676593160828972,0.09321905764934191,0.1086906530869639,0.07216717828111774,0.13277409502035778,0.10817219486272751,0.11265968183967716,0.13042743564439996,0.11512377200712436
0.1253615328586778,0.11835450564821286,0.09339844884967217,0.10965398064322378,0.12705154662557225,0.10441253909331355,0.12302855036211047,0.10074564318218267,0.0979932527370345
0.10939261631517418,0.10637176652787299,0.08358412926208197,0.189621496241019,0.08852383276947984,0.1103310981314904,0.09071397135192343,0.10728339834990556,0.11417769105105265
0.10018886023264863,0.12713590070677427,0.08640279706574365,0.18029230660551354,0.087006351200437,0.09975850611158009,0.11340271670360785,0.10037926669504856,0.10543329467864644
0.12078903334098678,0.09720519756121115,0.10481665761542035,0.15167307729088075,0.09932185178849691,0.11493984905623837,0.12821820265394335,0.0727274232243106,0.11030870746851178
0.10371164519822285,0.11434103972475164,0.11259769251291239,0.09378520485757282,0.1151190328370345,0.10368708286716677,0.09424277654648132,0.16173417700179507,0.10078134845406266
0.12315346783834204,0.09302709990400086,0.10815740333241479,0.11231345194196729,0.11956453146704482,0.11990573468446641,0.1067663532737045,0.10342128082209472,0.11369067673596452
0.11204904691852934,0.10658085138567985,0.08640461347830074,0.2187015231389664,0.08762469464772767,0.1071968208681397,0.10045252280536503,0.0905294331825456,0.09046049357474573
0.12549435001993223,0.10721773847411604,0.10382970657743933,0.11226724122587507,0.11348253529937542,0.10494215974775432,0.1341037090201206,0.08080637898967358,0.11785618064571331
0.11251676139646648,0.08973237476373029,0.18353538138462197,0.035644312487964624,0.1429848425952777,0.09013269653104723,0.11974992471487877,0.10454398471747504,0.12115972140853797
0.10626944412312565,0.10727030061492693,0.07121077675441624,0.14852273958345877,0.11464963091369094,0.10664422642794036,0.09655001621160035,0.1514630402112148,0.09741982515962593
0.11946729720865794,0.10065401673421796,0.09213493528150203,0.10558524199920101,0.129737888192986,0.11225098577558101,0.11594304788188192,0.14070395648075695,0.08352263044521518
0.11759966510328516,0.11366445597269888,0.12139192736818777,0.06256083019215637,0.14595351817635752,0.1292930723422573,0.10349683916608575,0.12018888709444031,0.08585080458453098
0.11962580675332112,0.1190675899674471,0.09044464727567664,0.05823470639513303,0.1451731014023204,0.11276405126988377,0.10552861478304058,0.16062807468400028,0.0885334074691771
0.1259637950482515,0.09425469959550446,0.09291452540725947,0.11913141910036468,0.14283526868294835,0.10105198187856619,0.12197280716991483,0.09696043041915936,0.10491507269803124
0.11318149696657938,0.10211787063568238,0.0851268455447358,0.20027925257719828,0.11206428590655422,0.09532801773587729,0.09539844734107956,0.10138320688158257,0.09512057641071055
0.11367641861461271,0.11134985603850517,0.07723829035000664,0.20268557772084686,0.09879789369214954,0.10058118234046216,0.08898305278727292,0.0979072154990593,0.10878051295708473
0.11405114305014546,0.09139195286207587,0.08535665721581746,0.1597639945309868,0.1167778923447449,0.10898726041180667,0.10297673175326345,0.10127355703845085,0.11942081079270848
