0.12334450444641605,0.11810309484774954,0.14605374427840775,0.09974667994165816,0.1285948592906609,0.12547895311789017,0.1550447218524715,0.05308897226349979,0.050544469961246126
0.11776723850317712,0.08552842775673968,0.1474289997339756,0.110647991091042,0.113972870824549,0.10253270083296744,0.12380630073803216,0.06278082914079476,0.13553464137872226
0.1402414467766227,0.09107137667513436,0.15340918820972574,0.13507370599884286,0.1414387285986499,0.07721728441138305,0.06615272841507926,0.08529791710561714,0.11009762380894499
0.07137213041264796,0.09344176465119779,0.14513259807668774,0.14811846872311443,0.09306699797305557,0.13848222192576118,0.05923915702981175,0.14007688769014867,0.11106977351757492
0.12984674535349716,0.09499731642389336,0.12440717261849203,0.1716098069624382,0.08411353248259675,0.10610461762394557,0.1257214480564849,0.11154406630079865,0.05165529417785342
0.11732986818966142,0.17266669206533694,0.09308955816510522,0.1413932196952752,0.11780899273821928,0.12188093592670024,0.12589615733911264,0.06477688418860024,0.04515769169198871
0.13163378115961308,0.1025212554247998,0.10496453181707181,0.0841997327554266,0.116235315400652,0.0921983768582858,0.18339055062607015,0.11512802262290851,0.06972843333517215
0.11151378528200956,0.09906879020556991,0.14523376680624644,0.10712821121441762,0.08102404285369652,0.08078544653385637,0.07632955427017003,0.2424710443712509,0.056445358462782695
0.0921073380512002,0.12404016966198701,0.1725077729544587,0.10243299722633371,0.10994807825118065,0.17977540517354917,0.09125982577013277,0.0484156875470274,0.07951272536413044
0.10307751707879226,0.08880014184332924,0.09807272820759165,0.14592387602455995,0.11256229198631389,0.1405023722649665,0.06384914434412198,0.0489317230651759,0.19828020518514866
0.150807773260911,0.10101656411864819,0.14911338009848002,0.13609670962007922,0.11811864627860973,0.07681246779882926,0.11135435755887972,0.11974065346647156,0.03693944779909137
0.06781649551909928,0.11444351436544592,0.09325411866599159,0.10958229591871327,0.09682649716802975,0.11835182959591674,0.09776031107429732,0.1862036034005743,0.11576133429193176
0.11580678940383687,0.10840883804738059,0.09682288771947699,0.13705336491237957,0.11771918972988345,0.10260150061094486,0.12374805844712315,0.0903652497733548,0.10747412135561973
0.1010141731242835,0.09323890154351339,0.07908387572556111,0.1486513124570992,0.09496976809557123,0.09135170985219204,0.12172105874877887,0.0723649064112544,0.1976042940417463
0.13825947755271684,0.08340866171062729,0.10951744052283069,0.10672837325151703,0.12006559054053369,0.1045351839643755,0.09130346662646759,0.19223854024307985,0.05394326558785157
0.12344573301905343,0.05946437454942599,0.16787724025843562,0.14920526690123012,0.08731277392006205,0.08377583260907133,0.07219946650848713,0.15919673561610762,0.09752257661812667
0.08387169465794647,0.10864201252927864,0.16298571555730013,0.15674541306844966,0.09145552230566688,0.14041040448636902,0.07520803710997563,0.1010745174655477,0.07960668281946585
0.10608757806387575,0.05368322019877828,0.17928634717583825,0.1086901836529872,0.1456183631293366,0.1777130475434268,0.13315722370556057,0.023151715893189845,0.07261232063700675
0.14508665942655388,0.08936151408907948,0.11777012998379292,0.13368405270176054,0.090035937597428,0.11759935582881702,0.18736757313878064,0.08699203206604096,0.0321027451677465
0.11657498737064477,0.10512023127834258,0.06136356206918873,0.09507106604255638,0.09400094051604609,0.051039839000143965,0.052686161154664714,0.36321704823032136,0.06092616433809151
0.11629625107743717,0.12052674476838927,0.11584085589492688,0.1599362884496179,0.10392617615695758,0.12357328612296496,0.10531956900741811,0.07397080103288815,0.08061002748939984
0.07766723445198419,0.17292262672242134,0.1508521831653408,0.09009990870392981,0.0944331104359451,0.10184405736593616,0.09498353648185992,0.13798844820927,0.07920889446331264
0.12111407569556022,0.12276140676896748,0.11204732933608552,0.15314011413334724,0.08190887600658883,0.08833201740340056,0.1825831654272582,0.09227806440503779,0.045834950823754106
0.07007772171641587,0.09986241220848772,0.080755643845998,0.10300010930799879,0.1450183009095639,0.0937168599344707,0.06330132015209967,0.14606949004220854,0.19819814188275683
0.11980060221227662,0.1005688402406139,0.10587873189907077,0.1197053388306597,0.13612137942346456,0.15377726490161725,0.14683901290543913,0.05458944674732158,0.06271938283953651
0.0702438366895337,0.20920940162921128,0.1061115975539389,0.0887859379430037,0.09831501598294771,0.08981400751481339,0.08005858768582595,0.16838548482100604,0.08907613017971937
0.09575274338435853,0.134999717848562,0.08935154005024261,0.12526167853492884,0.1052850491265248,0.09320911409997928,0.06006588926009674,0.06386180034618145,0.2322124673491257
0.11454203091464395,0.08140955367177101,0.07551091894778708,0.14060236844988086,0.12891137863019694,0.08822304574116135,0.05639420745667417,0.1482639145771786,0.16614258161070597
0.09329221869924083,0.14074349765350977,0.15008556298405293,0.13056678980686925,0.06656411351459356,0.10287573181957643,0.09561850871520165,0.08451033534036839,0.13574324146658723
0.08735167148556268,0.1548168720236437,0.06147750712998289,0.08257722502996388,0.11824782458080373,0.0670722562591544,0.03875975699779035,0.3228720269880234,0.06682485950507501
0.11076797835344064,0.100861046082307,0.13831188615053588,0.10360306057016733,0.11830934058240243,0.10175292871830005,0.07968570173338986,0.10348395195453385,0.14322410585492285
0.11607696291362819,0.13091975506182008,0.12491906535725585,0.148607230875616,0.09412855530098281,0.1355450305310908,0.05509850300663157,0.10325479724967945,0.09145009970329528
0.10022877183908825,0.18938116500469393,0.14255416776394034,0.12527729172335178,0.09642708953564672,0.11811831796623622,0.0767635486567737,0.05945112456249533,0.09179852294777373
0.09521213460249367,0.10775855953756981,0.14693685120046296,0.1315018342159935,0.09643358161338111,0.16722040432879,0.05879199928607063,0.04879055976368407,0.14735407545155424
0.12268848903003549,0.11677802010592765,0.09061389818165856,0.08741533589820583,0.13306938351419625,0.11234016521085806,0.1449450624556836,0.07864588637412752,0.11350375922930707
0.11983613013645476,0.16054423508646898,0.1253946492007396,0.1512194093290696,0.10830773434731271,0.12884085628102535,0.05381927479249129,0.08416010452138363,0.06787760630505414
0.11984762603717948,0.037908459050747086,0.23517774643046122,0.10882804742339162,0.16722821857653383,0.06608534311131246,0.13054881099675308,0.06343445456426973,0.07094129380935142
0.09083667709758263,0.10411067144962964,0.20012607058253698,0.0859389375493463,0.09013063312950696,0.12975288781302852,0.06547739699327065,0.08724609543989402,0.1463806299452043
0.12309986697492954,0.12214577226348709,0.1482291936676368,0.0793471341028965,0.1303458773226964,0.11737676260932518,0.10910507827061573,0.10126116296321082,0.06908915182520194
0.12483249705107576,0.1528812870734088,0.1053771213914108,0.12530490803740496,0.09489310150182628,0.08468029308679004,0.13492392715044219,0.12762852061201937,0.0494783440956218
0.1079641833912775,0.0904140555526566,0.08968856212499275,0.14944295594737975,0.11209124790939073,0.11041448001020619,0.07544304993989188,0.07524498027616557,0.18929648484803888
0.11147335100629481,0.046036074654977714,0.21846373057607718,0.11282397336271777,0.11668710129749572,0.055358578786186725,0.05283979145951153,0.1703238329089191,0.1159935659478195
0.1310795310945796,0.09638918071734115,0.13127051221880423,0.1627193644885723,0.10741309336081356,0.1078529934616908,0.11907755877348743,0.057350704412897247,0.08684706147181376
0.10121037577414095,0.07139547735550346,0.17680020468929172,0.12189814143026435,0.1009941299598879,0.13516917948718146,0.061866120113901156,0.13203824033402292,0.098628130855806
0.13271123167389567,0.1517192075435667,0.09806987530154998,0.1198535846769459,0.10218268443583016,0.07715341106206058,0.08314794032577132,0.1808751679678874,0.05428689701249224
0.07696375943857366,0.07115396003085127,0.1602392431913923,0.11407470610930441,0.09598847468258936,0.1969123077707942,0.08142627229809994,0.044466936782632645,0.15877433969576218
0.09062830183121971,0.10932907184541378,0.19140899687409965,0.14955080221202552,0.06978146508930376,0.09525597694519643,0.06946414081648948,0.08162549536734288,0.14295574901890887
0.1146309200709756,0.06421238105736049,0.24576357979238583,0.16136020216321872,0.09750130785969939,0.07375928931777047,0.049997538610400384,0.1056638673130575,0.08711091381513163
0.09292697009644922,0.10817633823585045,0.08810132251554781,0.08306089198021957,0.11666277734835782,0.08496557732452142,0.05596082398282825,0.08613356225920503,0.2840117362570204
0.12193497520929342,0.0932168726917872,0.13859371806310486,0.13707411440330958,0.11002176505421925,0.12826336032879052,0.1663153806641435,0.04655423469477806,0.05802557889057359
0.11532904709282253,0.06670035233189954,0.11850988345274688,0.08697040388553805,0.13349427065434433,0.10309809968318069,0.17354018022982756,0.07255009426677277,0.1298076684028676
0.11049212554022314,0.10014165745159624,0.08679328793583448,0.1233662068215361,0.08477906162173145,0.07290279129726869,0.048375947121262884,0.31073358975068555,0.06241533245986139
0.088200003193818,0.09419169126968056,0.10117015399280271,0.1510732176671358,0.10560417086722738,0.11241182262143264,0.09730909604480716,0.1334139407028667,0.11662590364022918
0.1509524816770344,0.10142008467679624,0.10538665370646595,0.09576964101052336,0.12979502235193432,0.09022969545837801,0.2214819586364241,0.04484863613139998,0.060115826351043594
0.09529331701038679,0.06568672037892914,0.1323163978590985,0.08746787081888824,0.10131093909580739,0.1180258309430383,0.30040686847926074,0.032067459715530794,0.06742459569906006
0.11022072944405485,0.10299025229563497,0.08266196566734126,0.12318179409119649,0.094196668776777,0.08476066398384925,0.12136152574630492,0.21232960672578152,0.06829679326905964
0.13905061007042377,0.06823638056361242,0.13551132085204373,0.07733918347018859,0.1247080136543011,0.10779744885239755,0.24175632585136078,0.04319765185322414,0.062403064832447896
0.11146852731126118,0.11258342188304082,0.08649782384698118,0.08219232230531374,0.09545957771583476,0.08931362386585917,0.27057614612176956,0.048337220093408774,0.10357133685653086
0.13883091721505328,0.07846842560570784,0.15579891898912432,0.17483242990579248,0.08309145007419233,0.07154781562219832,0.07011202969146994,0.18084935334070826,0.04646865955575327
0.07925873713298597,0.21676636605249547,0.10157483309984348,0.1242055737092435,0.08484948990696889,0.0994137605877135,0.13393023315556848,0.0869935303248489,0.07300747603033178
0.077048470559539,0.09490738118808234,0.1660780850434849,0.15203115047688015,0.0699926926780593,0.1262291958670005,0.04328644856906586,0.08920648622453732,0.18122008939335063
0.10320027115298618,0.09407227009315201,0.16870727722147197,0.14305257801244983,0.11466329173842987,0.07764432648347876,0.11472969426031347,0.098693535530042,0.08523675550767588
0.11716632425733993,0.12604413925988198,0.07103456872755264,0.072818368853259,0.11456138686393573,0.08468635689213888,0.131758465963757,0.2160538827257602,0.06587650645637456
0.06661029181061333,0.06438258423683214,0.07267814022096954,0.10899199389063467,0.11682276005970361,0.14629258667501724,0.05236143018239802,0.1300317283892132,0.24182848453461822
0.08594290503231243,0.1826653361953889,0.1555347008201395,0.1142722370101603,0.10565670230317821,0.11426081430657097,0.09193214491878765,0.06969716141437521,0.08003799799908679
0.0994023407102307,0.07291989263582384,0.1226233829770022,0.09101844627132198,0.09322603730818625,0.11351394632198834,0.14083414276674083,0.03970788633738257,0.22675392467132327
0.09528922784261434,0.09754186732607865,0.07791376811771135,0.107548781566334,0.11058374386558133,0.09593928462021449,0.06944776314145364,0.2766709273527259,0.0690646361672862
0.08748684508773703,0.15458545470422097,0.09338788511578582,0.07823196595583276,0.10564016512213818,0.07531822394061106,0.04759339917054509,0.30580547217375814,0.05195058872937098
0.11407094226858923,0.06100797834357108,0.13448011151297146,0.10125631689257336,0.09596825254606502,0.10213255924802128,0.23236900505121127,0.04026942668311368,0.1184454074538835
0.12307194349066673,0.09602040825841902,0.20517939603776067,0.12788158535622948,0.09186360388720678,0.07648004908643315,0.0559630479572912,0.1597565459338143,0.0637834199921787
0.09104620551783375,0.14423546896338343,0.2094018948871251,0.11084316719909217,0.08575126789642173,0.13844445929680843,0.10535523494149363,0.06262012528622128,0.05230217601162046
0.10652405126699244,0.11148423049119904,0.09838375996624156,0.146556486400937,0.11496232849553362,0.13803514667165415,0.15142535585888164,0.05736568913257941,0.07526295171598117
0.12371318346949876,0.09237146335088342,0.11112647405638104,0.1894879954646196,0.09635401919231958,0.13130663773125448,0.09425090347198804,0.08817155039668063,0.07321777286637449
0.12094273719612403,0.057614032513665335,0.166151989937064,0.14120614132079842,0.10827266694095151,0.13618609024378428,0.14487996461968375,0.04225976389125221,0.08248661333667641
0.10410182278950147,0.10956244488027174,0.09182160739827228,0.11892070821795954,0.10404853599708008,0.09381146833854315,0.11870553718332433,0.07982835983398753,0.17919951536105994
0.09174098373884522,0.12182575540048944,0.09622958076583493,0.16983920616521622,0.11758342709899654,0.12969071137900814,0.06184926886166179,0.11401655787187774,0.09722450871806998
0.09050632028947077,0.097555054215633,0.14409415261751346,0.12481943659288618,0.10268449187313533,0.07439247220519231,0.039925177425959,0.10171347691228326,0.22430941786792677
0.10771032209035981,0.0727599923653114,0.21892837335850224,0.15533613952586495,0.09535040032191015,0.1202628055018995,0.11784426992603499,0.05358511800594116,0.058222578904175835
0.11841998753049754,0.10167122743487882,0.10892678103040061,0.10156682836393245,0.08892769954977205,0.07796033827976531,0.07596734984474618,0.2761182176807642,0.050441570285242876
0.08226365514736188,0.05354360443800418,0.2505021199198937,0.1478353323138499,0.10394549026663576,0.07520774963579861,0.1126305772507384,0.11407900081204021,0.05999247021567733
0.09790366755331847,0.06990859273933304,0.24477810217940274,0.13173040568759894,0.10360524874031729,0.14459356639997098,0.051438048957140235,0.09676297837915344,0.059279389363764805
0.08992907297410996,0.07797004244609564,0.13009292155342778,0.09850082176028009,0.10322608178818536,0.12932698265739576,0.1754552707029593,0.031175529158921772,0.16432327695862434
0.1361632206286767,0.09688785029228557,0.11479060599984568,0.0975771774668329,0.09800585541233092,0.05678733634656552,0.05830152244121752,0.2864772026711124,0.05500922874113279
0.09764807721513062,0.08898106493788817,0.12801283344985634,0.10986941653433464,0.12618662669613634,0.13433144528338678,0.11351549234681187,0.04981863334187042,0.15163641019458482
0.1172271221486766,0.12308695852768398,0.07880570675392244,0.1185733159841994,0.12280538027323507,0.08898961359393381,0.1926235363746649,0.04466184093282503,0.11322652541085866
0.11196417814305304,0.14457614224074558,0.11997512523636705,0.14268216265012465,0.11481720445376764,0.08724538992382501,0.10953404987027911,0.10298002030007569,0.06622572718176213
0.08313524403637222,0.06936064124635534,0.20833448750137043,0.14934623544709377,0.08251869559935752,0.10016854961055895,0.14874768224816884,0.0910099430447701,0.06737852126595274
0.10244074933818088,0.1276011762188354,0.12786117985901627,0.09477186499028649,0.10475924022316611,0.08720522925640893,0.19317368829236217,0.047776606756461774,0.11441026506528186
0.1521690440989589,0.07985105961286941,0.11501220955337803,0.12352584863485368,0.10546336750079915,0.10622729551953236,0.12920466722881155,0.13852751801710772,0.05001898983368915
0.12200653633509016,0.11232273129152003,0.0765658615855684,0.1315434755546748,0.10844236054744126,0.11379617189409712,0.10299485261506207,0.07737003867452136,0.15495797150202478
0.09863892192688688,0.1156515169592145,0.1640156720606224,0.12176543168179423,0.08478349693249121,0.08819008480275126,0.057803984365222494,0.19184471779038767,0.07730617348062933
0.09627802769519873,0.1379396360321494,0.06223435402522909,0.08586704872898356,0.09874578641255716,0.06895350701008464,0.08223856710530902,0.29549878877890695,0.0722442842115815
0.0714593935037217,0.07890072315251735,0.23768270477377315,0.13695721519796794,0.11263700799474392,0.07289535148230265,0.043338973777616974,0.18308351123231723,0.06304511888503901
0.1283849552727013,0.10333134135380634,0.0698735017956744,0.08255036373072401,0.08463145721494829,0.07642258816879925,0.08290128285329441,0.3345630366529582,0.037341472957093856
0.12768486426812234,0.10259722756080886,0.21073503635129107,0.15095555561477855,0.0804612497954787,0.08662648168900715,0.07045944152910368,0.07980713092077753,0.09067301227063213
0.11805823426547878,0.11697314234229715,0.09030862234362298,0.08928253510613286,0.12583041515166907,0.10026761214448378,0.08008954591130722,0.21151774760198006,0.06767214513302815
0.09788490169284098,0.11713169311193287,0.10623036959037023,0.15044043249111613,0.11892381995823459,0.14208998710567391,0.08603934752120741,0.0761243313673223,0.1051351171613016
0.11375220334104613,0.07597678161000336,0.0946031696371905,0.1388325948246594,0.13406998876720208,0.13398461470590609,0.14624336786325176,0.04756259995584627,0.11497467929489441
0.0901680759568539,0.11396259416969849,0.10880792401001589,0.0993395106375418,0.09359065392688355,0.10187749176234523,0.05827560702906578,0.2379944775968105,0.0959836649107848
0.07577184646028996,0.07699811693824281,0.13989252918323083,0.1346686578470666,0.10214491001004695,0.14804086127038046,0.07165778122983552,0.046452691240996886,0.20437260581991
0.12458416892148251,0.10385739332749183,0.15106807119571,0.10933017141579528,0.08763983016380245,0.09048472458528715,0.13037072118336038,0.08517399145655395,0.11749092775051645
0.09417470026442935,0.09865133362163114,0.11772382908576316,0.15359003055595852,0.10346531415139891,0.11348907647776758,0.05181701760191879,0.15895221247857677,0.1081364857625557
0.08273382305210149,0.09647239812339642,0.10303274093630144,0.10296132972354198,0.10077065483481622,0.08575402799748312,0.18518643473311078,0.11957320016013828,0.1235153904391103
0.14852140334828837,0.06851163002006663,0.16352369049007834,0.17627041177362834,0.10818332619653705,0.08228535395123839,0.05060401716371349,0.15245653587684446,0.049643631179604984
0.11383582071872304,0.09070476340347793,0.08836781397915879,0.10152101463985656,0.13929359214211778,0.0632109493435097,0.07060352186801125,0.18723007203208022,0.14523245187306474
0.133160541951557,0.1546431119836635,0.12902821825863667,0.11451647478215442,0.12891341153477656,0.12517161513424493,0.07808476082409772,0.07460882276946564,0.061873042761403624
0.06737784977397714,0.18417307279165698,0.08492155563354763,0.10457969597581313,0.09937802991751132,0.11712654146576977,0.18418604298169183,0.08202776335141258,0.07622944810861969
0.11620780784723549,0.11365612194332471,0.0788318025782264,0.08026613267702054,0.1282959402524887,0.06941565245931922,0.21377237407064562,0.11309868162113039,0.08645548655060893
0.11216079649220605,0.09787468448128672,0.10925759371161782,0.14083302065091688,0.12724174029658947,0.11394751766317494,0.1398020125030359,0.05742907160031219,0.10145356260086003
0.10088806256129391,0.08205658235642656,0.13284822532605797,0.12735773250618646,0.09838034529181112,0.14727561715703485,0.051199089570732347,0.0650676115906359,0.1949267336398209
0.08605400711082652,0.09732853893788114,0.07514903460539259,0.12203214167968078,0.09965782801149618,0.08780302162658005,0.0528941977512185,0.26994254493510245,0.10913868534182174
0.11846624337292248,0.09435002770868828,0.1794720670472207,0.15388820277328089,0.0956443648112086,0.08757951713562724,0.11917348996388011,0.09934552653853275,0.05208056064863891
0.1440868446854837,0.14572163066275787,0.10238048392065824,0.14637298197070658,0.10726402016079313,0.10732884381966669,0.15639231611316737,0.05770207349043089,0.032750805176335496
0.10271436121475808,0.16075038797817146,0.06110211038230901,0.07309725888230371,0.12121718012763065,0.07989767856698643,0.09876679042775244,0.2291383877297417,0.07331584469034651
0.09606142921166722,0.16256142510438465,0.0831262725731922,0.10935675737595434,0.11784705487574852,0.09668058977271916,0.09306060853284603,0.1669322844607816,0.0743735780927063
0.08750744891861194,0.08464036158581227,0.10330315366378666,0.1210759527687405,0.10946996424206339,0.12936963450359057,0.11286885973205867,0.10112090935127373,0.15064371523406228
0.10424882335561879,0.08205757320663325,0.17914631251541646,0.09660026068590767,0.10064128070421395,0.11923257987895026,0.10957207100691298,0.0759616028974497,0.1325394957488969
0.09256168211186026,0.1214000071387541,0.11535925461977803,0.12045749943421191,0.1327366806589372,0.14351419000295051,0.05999488689682322,0.11124618242189228,0.10272961671479247
0.1066077794515115,0.11352141591983271,0.09200904022191254,0.13985764708406126,0.1082940495606427,0.1207941565160466,0.08063557489177219,0.11874592616639949,0.11953441018782107
0.10624844552387197,0.10938365525226519,0.13368754612921654,0.13192822458630601,0.11380414300280628,0.1386806073462474,0.07779245032224585,0.0476105853830261,0.1408643424540146
0.11751986816103409,0.09723271985388714,0.16244506514654242,0.10115072743379515,0.0991170139382009,0.11104100713398463,0.07632816305545227,0.07565020011977101,0.15951523515733237
0.09474354078529468,0.10022978365798678,0.14376475999812147,0.07992006011174546,0.07721264461572894,0.09002194979562768,0.09459304230856375,0.23610054926196478,0.08341366946496646
0.16511286786215473,0.08060948691095132,0.09122048407105321,0.10925553936839592,0.08404612542792966,0.06635140411228486,0.2620500202034706,0.11073738607441418,0.030616685969345424
0.09252424377422282,0.09054814403501117,0.11582914851727089,0.10676572102408753,0.11698772833526137,0.12890280830971548,0.1639353912506264,0.05168400734222417,0.13282280741158023
0.11256537862660936,0.10186055346942557,0.14119797530836675,0.10345991365758252,0.09872525429645344,0.11079327831724012,0.20079468424365376,0.06647586403847734,0.06412709804219112
0.10148966180229783,0.10009306111539944,0.13586053025850733,0.1310788571060338,0.1077810017424794,0.11655995434154698,0.07516862666640906,0.11589325344919699,0.11607505351812908
0.11127902905632038,0.11507234280786899,0.09094202513699946,0.1457469950608429,0.10102181704399339,0.0774588944835909,0.18686080468120478,0.11987872294789438,0.05173936878128484
0.08479837531085847,0.18194696393307608,0.1115254886107565,0.08029579366937958,0.09081999563399712,0.0856784666243706,0.15341027674608076,0.1520864070587886,0.05943823241269245
0.10412973153725653,0.07736424928261505,0.17954067493110556,0.09500501389852183,0.0848126128935059,0.09522261717029566,0.05046541129273276,0.2509275287987977,0.06253216019516894
0.09355610925865891,0.09321401246661544,0.10557763575319194,0.14357744000420708,0.12645392502638284,0.09822198390566571,0.11413934665426835,0.1355877425951528,0.08967180433585693
0.1102642448095444,0.1276253062504965,0.13026634254521144,0.12618986611098695,0.10454761353542504,0.10443523747218349,0.16653962652865315,0.07652339068287818,0.05360837206462082
0.09787789417762617,0.09094183534230915,0.15698160828265564,0.09554244944117747,0.09931411144176328,0.16836035809643932,0.11688863672398564,0.04192497393651324,0.13216813255753018
0.12560658092880875,0.12466658184664363,0.18458055898612627,0.14262527292132823,0.08834847271681494,0.106383601934203,0.09467646942045316,0.08010632629013921,0.053006134955482814
0.11684426115909065,0.132335293277579,0.07214252782061992,0.0817131548271634,0.12200718361854933,0.0723466066222599,0.07593591231063028,0.27425354773535116,0.05242151262875635
0.09567900297211179,0.08032735897971076,0.14575079619269857,0.10935829801825454,0.07344875868001392,0.09114333855881518,0.11803558794156567,0.222551954166331,0.06370490449049859
0.07913104401523496,0.15290159589754324,0.07743122119288716,0.12552368765211133,0.12015200107812014,0.12766232405965328,0.020521980605908353,0.2212212546504887,0.07545489084805285
0.12371824349853061,0.06163595157421551,0.1440908479552773,0.11687614052155047,0.10878934761173682,0.16342370269858322,0.16554686709558475,0.03704863581470344,0.0788702632298179
0.08262863534581621,0.11972533664335332,0.06823691500539607,0.09467331153252467,0.10989528453719888,0.07131991929710935,0.25827534446971373,0.11397994260653495,0.0812653105623528
0.11877155335390965,0.12503106151737717,0.18645088796670137,0.1092464329908432,0.10127793589949041,0.1154968437729315,0.09393320107696627,0.09373873195326295,0.056053351468517594
0.09377837948835709,0.07299159784107427,0.11580201079421608,0.11714561443875,0.10947083560399988,0.09134362028387773,0.08692096373831205,0.051914203322425745,0.26063277448898725
0.12733427102956182,0.13266670446639994,0.08523284831561222,0.13491015312392776,0.1273307919136299,0.06425841418899124,0.09450185035312116,0.1115455212844465,0.12221944532430946
0.12279084761357391,0.12176969321470077,0.09159267489157204,0.12674428448037278,0.1087801437894893,0.09679217247352005,0.09117738851692452,0.0665101206395556,0.17384267438029097
0.101702392859797,0.10689646975174301,0.09001692794255983,0.10128410770768949,0.11526866624503684,0.11177664387969667,0.24275016631342305,0.03847674631700763,0.0918278789830466
0.09868026270273032,0.08020622524452131,0.12037274763824511,0.11129157169690211,0.08123511888967237,0.08582051224637527,0.28795987167347126,0.0289518236434618,0.10548186626462037
0.11030080112499968,0.10093969833371717,0.08056997722288553,0.10807464363076853,0.09971926149358795,0.0679759423954046,0.050446649238721164,0.20115843220961505,0.18081459435030037
0.09556024407371914,0.08144830840069305,0.2278721624557362,0.17412756891873357,0.08938689361738873,0.1435242663673339,0.05908964311070306,0.06233021917217669,0.06666069388351566
0.11422906158261027,0.10109578555734032,0.10084122058507229,0.14664129703189874,0.11240113195769152,0.0840441311374265,0.07491736991305158,0.22593638771164115,0.03989361452326756
0.12789747104842822,0.1404612047884359,0.0781508799728373,0.12943226548105646,0.12534193079599112,0.09520787883888142,0.06935334572543704,0.07784320659484346,0.15631181675408906
0.11284095320956855,0.06267171476360715,0.13975773919938275,0.11296494960363347,0.08199006339179245,0.0571714161097143,0.029619876094449344,0.3104543621911729,0.09252892543667907
0.11539596456414003,0.0976078568030846,0.06554539258771346,0.10537203106941632,0.09224644698014091,0.07825325294555803,0.07647335225246464,0.3199105072450133,0.04919519555246873
0.1097010613344586,0.08519486492265793,0.11528780978038962,0.10537455962744885,0.12973521580651298,0.1072633784873555,0.08088512441747236,0.05039771210545486,0.21616027351824926
0.11263065325404542,0.09129048691873987,0.10835794605946664,0.15720988647930711,0.11337241667647963,0.09491794160931029,0.09935211891643887,0.12016041084324036,0.10270813924297184
0.0925149703715112,0.13124429519221034,0.16588402934481203,0.14554168803276774,0.09248252330200157,0.1477403572345256,0.08691758847648005,0.055535272728207706,0.08213927531748375
0.1140058213653495,0.1288192898106586,0.08860463672011387,0.12290557007520848,0.12788802853079714,0.08373561834170734,0.18356516481169974,0.09032967964956218,0.060146190694903144
0.13568010399128738,0.0846762483202172,0.15622592075383657,0.14691057948697114,0.11378115825423417,0.12584639437432696,0.1245181242983544,0.04609261334311964,0.06626885717765253
0.12662445894183175,0.13960956741706262,0.13516814911083264,0.11225003204372003,0.07902276883662553,0.08296742689216174,0.2291402590335547,0.0635959995221063,0.03162133820210471
0.11928690168789328,0.07106998871177002,0.10570937821782893,0.10315245193868294,0.10025681431755169,0.09215097833932513,0.19458874691532513,0.13869156513603928,0.07509317473558358
0.1592929273964485,0.12741277661634906,0.08387650325593798,0.1056862707730365,0.10408017569892491,0.04532718101205694,0.09402335255333638,0.2635956464746258,0.016705166219283883
0.11107165020029318,0.11618732774866075,0.13420622866882037,0.1422462282447534,0.09162941329599988,0.10417618933418671,0.0812378629084447,0.162135887210081,0.057109212388760044
0.1163818037610251,0.08624697982402751,0.1317475078255538,0.08468608257724668,0.09591944708730075,0.055352315306711565,0.06200702263524397,0.3194920768152118,0.048166764167678865
0.0930273606839457,0.07833017627096449,0.16157507445177866,0.15713665836911833,0.08717561637816602,0.10454762398278544,0.1217946608188138,0.09445633150790271,0.10195649753652479
0.13427818177647813,0.06203369042231383,0.15528558525642966,0.09509039655431047,0.1624119461845601,0.10663329741726187,0.14031563929164023,0.045154654951112184,0.09879660814589362
0.09589145558251322,0.09205628504559858,0.23782089922111668,0.15585710355444035,0.08183227989469664,0.1317894826155025,0.06466027316301191,0.09107500845892093,0.04901721246419915
0.14432116308639967,0.08663768879963014,0.09965942784459879,0.10437155237185126,0.12372383066761929,0.09053974975499246,0.0810848145313183,0.18919225805426487,0.08046951488932519
0.10085511347348608,0.09201361704213033,0.10543931687339474,0.15032779177996372,0.10089687130735303,0.09171507349820714,0.08758688274661218,0.1383695134769966,0.13279581980185612
0.14661721730451724,0.06989767279834369,0.10742826778124771,0.14615461772396204,0.08756634209818398,0.07776903989413579,0.04126008495002197,0.28577918753899684,0.03752756991059078
0.12787385241520813,0.06827439664041031,0.16414792818045823,0.10292979071546922,0.11122155879414959,0.15225858633005623,0.1650617923588432,0.040432340751125305,0.06779975381427973
0.10255422164315205,0.1362992912046241,0.08782320578525458,0.14033286471325332,0.12141152019205782,0.1224058858911336,0.09608319382006164,0.11107181277830853,0.08201800397215438
0.18534086505710892,0.05294378538293234,0.13929413754764,0.15115477608311362,0.10984279202048675,0.055286739032843646,0.09032879175566645,0.19120847018530387,0.024599642934904364
0.11881935160455746,0.09298268960670432,0.17222915441003958,0.12054896474819583,0.09518075613875361,0.14634798682575823,0.12895543126231018,0.048190714437605586,0.07674495096607521
0.12226555550147421,0.11308921975118084,0.07184259143460474,0.1231305943972923,0.1175020185097907,0.10486887914158355,0.10620122010880344,0.14852615859070806,0.09257376256456214
0.14933537725766874,0.04258762118006417,0.19188455136678664,0.11975131081640289,0.09196346990152184,0.03919087991021813,0.17221695941168755,0.17128613734032416,0.021783692815325825
0.12233622343285716,0.07132718053085117,0.19124846831187148,0.19169948668382739,0.06890532882176202,0.08335781091077495,0.07681725484966069,0.1508022775577731,0.04350596890062203
0.11888085657341008,0.18289728497262744,0.1118200856558826,0.11969684025957346,0.08896463895446871,0.10447930224142717,0.06726007812539886,0.06375145649932062,0.1422494567178911
0.09185650665188982,0.14721000564826786,0.19379750422154232,0.12754600776058675,0.09137115851409668,0.1132628077055155,0.09343488017717061,0.0610467491101481,0.08047438021078233
0.14558964347331568,0.10566697221580977,0.06454386748160768,0.07615263139912747,0.12621810693908578,0.07693353519907146,0.1405628546695069,0.1997614957214681,0.06457089290100716
0.13768815889038707,0.1042208200011558,0.12414766419795559,0.16723641345903498,0.08305048695900555,0.09132003839703089,0.08401750800192753,0.13104623487631087,0.07727267521719182
0.09170701947251769,0.1242894438143809,0.10713479142052758,0.11099063262439368,0.11652423162079151,0.11060045609276321,0.17777618279322807,0.05216874481090584,0.10880849735049151
0.09413963725432307,0.13198211706633622,0.19158351191707637,0.10188531829898993,0.10715677604948043,0.1476331441696603,0.052062850140201865,0.04702872227378221,0.12652792283014958
0.0675307680651077,0.1153185835684631,0.1632695590305093,0.0676447384755014,0.07443351287770168,0.0809752362876464,0.18013558897686244,0.16341499121727618,0.08727702150093175
0.11072339720514983,0.17969830029690634,0.14247849229877244,0.09130973498376636,0.11150359034485101,0.10464667935400257,0.11385297877214734,0.05783586049851097,0.08795096624589312
0.11093329972948801,0.1324304416009693,0.20025173511792202,0.09685530837022177,0.09875931565692035,0.11561784214329718,0.08928188084268544,0.038219922839243727,0.11765025369925224
0.07627695067421224,0.10565424483826315,0.13912413496562256,0.06465223255628531,0.07157962251466503,0.12615765109011265,0.018649974005527398,0.1675048203684036,0.23040036898690805
0.0793319291053012,0.0885877780705805,0.10330260115416144,0.10021574340313365,0.1289620430546973,0.1076476901210444,0.08426045464501515,0.08505459891817597,0.2226371615278903
0.10052872753713742,0.10507260598854622,0.15414387699581347,0.09295989902060137,0.12842881086919097,0.10761166328925877,0.053741286002994215,0.11293149556045425,0.14458163473600327
0.10891338886659073,0.08944142435606432,0.19371896400711866,0.11114721015215523,0.09001182094811279,0.13665478494071712,0.11137648416361216,0.09881206095941608,0.059923861606212936
0.11196968232940567,0.06862904739264453,0.13063767403071636,0.16454394651564264,0.11095571856619514,0.09103461996572058,0.16755305721569538,0.07502701313183348,0.07964924085214621
0.10124472039494543,0.06312722764975448,0.23729586593465601,0.10299337684571595,0.11829145412547983,0.08089068115038521,0.10868114493068358,0.07109306298547409,0.11638246598290532
0.1403749396068133,0.14163728092998487,0.09489528537872986,0.1392225848704795,0.13944984835126314,0.07178948630157639,0.164723047969862,0.06407679353728456,0.043830733054006255
0.1002056109371308,0.14406188190574373,0.130749214671203,0.11429105467000707,0.12039123921819782,0.1423896350402297,0.12869988148357273,0.06701326210787772,0.05219821996603746
0.08474331706409156,0.2025029283855265,0.09213087009294708,0.10432039741772246,0.1080326704146388,0.1075311652738223,0.058006057418116826,0.07450681388476973,0.16822578004836466
0.12077079907165489,0.15549213408800536,0.08393111237835156,0.11600700780386053,0.15571762486774565,0.10754254449507289,0.06680366396356502,0.1028761749325333,0.09085893839921083
0.11043167522203905,0.07762106780905602,0.1524006976617629,0.15807716437936017,0.08960550083897491,0.07307994473542012,0.07111365520164974,0.2237964266474859,0.0438738675042512
0.09492867015719104,0.12968766129631656,0.11464344682585803,0.09029382842426321,0.10755302461929227,0.06621747647691346,0.032456080322158666,0.3081944337012474,0.056025378176759344
0.10503392604202227,0.07370144661043271,0.08541564040763615,0.08830764933572437,0.1272489867423256,0.09029252655082805,0.14443130995340564,0.033049352255272356,0.2525191621023528
0.13977124908019822,0.10110311300494028,0.12736863281672292,0.13908543260782436,0.09173323271012378,0.1031364539205477,0.1930436988119459,0.06977407719149971,0.034984109856197015
0.10467486230458138,0.09215085953631597,0.08025016238945563,0.10899818737167725,0.11607371690059133,0.08480882631448222,0.2147130803106281,0.06339522939316576,0.13493507547910238
0.09402911471016788,0.10742280159178652,0.19377034044485483,0.1394381143270013,0.10040795224813288,0.08160434787046388,0.12275933676512314,0.09010389271737522,0.07046409932509441
0.08516702744211224,0.14879682308352224,0.09037277191003423,0.08819124081324181,0.10159488988723575,0.07862545339067296,0.22877261783273165,0.07420986402847195,0.10426931161197718
0.08355980682376403,0.1275346545212985,0.10163484657727974,0.13100145035135422,0.12101442905198327,0.12523330116864026,0.0846537067595714,0.12385160114691625,0.10151620359919233
0.09415250462459245,0.09266311027900266,0.15822522437643458,0.09617933169976385,0.10599386628410007,0.14694748134296676,0.10060568472524269,0.09983354181852823,0.10539925484936864
0.06839697513805673,0.12425013525416696,0.21279319550466766,0.17879589141295715,0.060007460296596926,0.1428366164370299,0.05366787404357748,0.0935124213258068,0.06573943058714038
0.1347194906147563,0.09251635659649395,0.10113673590084739,0.13703630756950133,0.11323784333087335,0.10919038467647098,0.0790185209431196,0.11606774700376715,0.11707661336416993
0.0791575631114679,0.1391999294316237,0.10850626291391896,0.131991293036686,0.10075253962954621,0.113536625731235,0.06881654841381264,0.14064624280496776,0.11739299492674186
0.10645444375129746,0.12192447006157903,0.11188097563207829,0.07473960588729377,0.11071412366320349,0.10199124765209126,0.07028300314622225,0.10675390633623673,0.19525822386999772
0.07613621261015134,0.1304537595324303,0.1575455596133514,0.13382552143552232,0.09896954718349187,0.20426535390413028,0.07617348432404307,0.05969125420103078,0.06293930719584861
0.08082203736661818,0.1717558589248338,0.18096129370393185,0.12273909446589999,0.10133738469493958,0.11078446105676824,0.05715752065241053,0.07720804081101247,0.09723430832358541
0.07530950606312677,0.0599460059462906,0.207427367794212,0.11984276829337337,0.08612587669506189,0.12650164665510347,0.2234473705951785,0.061766431635518114,0.0396330263221353
0.12015252336289069,0.07850448960343437,0.13527203872265017,0.1291958686777849,0.1173289969419616,0.13020729119886085,0.16519677115613884,0.03746477551575183,0.08667724482052673
0.12635917094478183,0.09967727146398919,0.1611576399263888,0.09245763604110867,0.09582963272215435,0.09271592547472006,0.14311322243255664,0.05426749425865241,0.13442200673564808
0.10623644090723343,0.17033710583605352,0.09051595558645113,0.08900614575628955,0.1348592528385443,0.10733541911641194,0.11547212295733345,0.10181296074627048,0.08442459625541221
0.14611752064686745,0.07570015273950981,0.08487356950401202,0.0979072126229621,0.14877675375408392,0.09942682106690222,0.23782826322132622,0.049702426745505145,0.05966727969883104
0.10684445633686046,0.059421998773806765,0.16920503704189324,0.08281031877858201,0.12161568998999546,0.1080547341663422,0.18832266094810168,0.046424812290820516,0.11730029167359772
0.11142509163692145,0.11124995617233209,0.13330388904348017,0.19698845114423655,0.10258198775419192,0.09630059984720668,0.10434239196616962,0.11330624804791593,0.030501384387545596
0.11852722367605129,0.07158624359757047,0.09791110867957242,0.07136463135859725,0.12195590001815315,0.10997190044290968,0.24000323141209223,0.1141767269070817,0.054503033907971864
0.08766981361628433,0.07874951091038342,0.1104322867410434,0.13598593289305694,0.0946448307149383,0.10499547945326677,0.14960788141053086,0.11185635363946748,0.1260579106210284
0.13383060227211593,0.06124282465850663,0.1448052655962345,0.15954288787024287,0.10947562737503817,0.0601189766250697,0.06816503572062431,0.18017636464296724,0.08264241523920063
0.09396857385431105,0.07436288457451044,0.23415775967290162,0.11809745786602849,0.11225272283468424,0.06430713422218536,0.11226119911956615,0.08225863400695853,0.10833363384885408
0.08899998196974011,0.06949413222372745,0.22734613367032672,0.11754616221041718,0.10852503002188345,0.09845564817576176,0.11474602814338537,0.06189427489592491,0.11299260868883305
0.07236676219646661,0.13289364733536724,0.09534838853911692,0.09915870344049693,0.1028414914198833,0.08776176497043792,0.14726372845851257,0.17634237961987617,0.08602313401984231
0.09099857018137782,0.12902339792681927,0.08640068306992195,0.08781145978491661,0.12000640958550501,0.09008444881071768,0.06512904130234361,0.24423871918399986,0.08630727015439817
0.08676347469602123,0.1029385776013859,0.08916015930771048,0.17408995340036262,0.10821182080683985,0.10573433807512511,0.05071630258506327,0.11743272380729308,0.16495264972019846
