0.054549547582236735,0.08136898782330787,0.10498930282763169,0.1852923594110982,0.1737962980956561,0.1895322476454903,0.03532205107067981,0.09272780043261153,0.08242140511128769
0.10052867316202141,0.09097680517610413,0.10081381815948881,0.10713200978945188,0.14825114795633543,0.1591073076384919,0.0788968904917942,0.11761555774182553,0.09667778988448673
0.09519494112172201,0.10922079128349887,0.09442637547587969,0.15620243233459888,0.07826246792864205,0.09891595147487847,0.11521037685944481,0.15593409776644052,0.09663256575489466
0.09006179948216253,0.04251557018239582,0.10507065270510647,0.19244978438483906,0.15020427646853965,0.05551773964555643,0.1421227947618459,0.12074513409198966,0.10131224827756441
0.07391340851796806,0.19704537049851767,0.09940512927948952,0.15545760336283787,0.08584832414145278,0.09194836925180679,0.08183861481788782,0.10227715391255815,0.11226602621748134
0.14129100467249475,0.131973844292503,0.1061254896250678,0.04719191492260744,0.10807128485635446,0.09925353508318464,0.1273560811558061,0.13271788555031738,0.10601895984166439
0.13400820854140646,0.20878458381207501,0.07531691483628485,0.1051820151065506,0.11870231513987232,0.12564039832250792,0.028017877565005327,0.13304211377972663,0.0713055728965708
0.10882683056813469,0.10042899877727345,0.10693245329887589,0.16151275266849463,0.11881499734189922,0.09899308230948305,0.08034289511457214,0.14221120717877564,0.08193678274249126
0.07612797996452396,0.19071451853620325,0.1087657611624568,0.09117768180423823,0.09216806535124407,0.07172802333455806,0.1181974695961927,0.10590069919185513,0.1452198010587278
0.12155051824404751,0.10078171991924573,0.11723977932463174,0.07464038060918306,0.1325485464725915,0.16681699491358695,0.07477477074976308,0.10575987227653284,0.10588741749041758
0.09742889468346035,0.1235564680286428,0.12146366849273142,0.1461270959379021,0.11268911716596926,0.08247475021515088,0.06487026234328629,0.15024108935547276,0.10114865377738419
0.08133691020112829,0.126012142987988,0.12065324262046684,0.13609326205463568,0.09738833802280655,0.07316485645584826,0.11571105014249189,0.09303302923468182,0.15660716827995266
0.1394551243884217,0.14509792357586157,0.09780054370349518,0.0631268615700003,0.07192670654966536,0.17363707851233326,0.03444282852062737,0.13275331326860407,0.14175961991099117
0.09397461742264855,0.10164880939267369,0.08962725068352188,0.11050959364785373,0.13406831565262048,0.03610229254109618,0.20267811611038358,0.1262497133574748,0.10514129119172706
0.15815391960893538,0.09185004106549295,0.10649253776932725,0.15758480884536424,0.14720405679958734,0.08522372862643113,0.05885850038815102,0.10439536451028114,0.09023704238642949
0.11228428283223009,0.12249916378351167,0.1032786013432203,0.09264293597118238,0.12577211843817615,0.07579839459712935,0.11778219586905052,0.1484446760865774,0.10149763107892218
0.05806127527713554,0.26914850745499264,0.10326163970887452,0.07688608427891168,0.07869532597940433,0.19912755899208276,0.03191110701361324,0.1024199734292404,0.08048852786574497
0.19014362635491378,0.067188001894536,0.08729392601887832,0.12453083920827712,0.11232114176654245,0.0822990921812828,0.03577473014578084,0.16550516293196071,0.13494347949782784
0.10404450149938416,0.17928002565275034,0.10377810651956675,0.12638179691569199,0.10632356032516177,0.14613451145900988,0.052711775273131804,0.10428368898564343,0.0770620333696599
0.053122201149335545,0.054996322153681,0.08880098020187116,0.19037926023827798,0.10400265606387833,0.16177355618321218,0.1195532195479106,0.12826413618286828,0.0991076682789649
0.09148661599328733,0.10271527065272967,0.0824977848471717,0.10110254593609565,0.14095505325819027,0.14059858387045457,0.09110187221269504,0.12828087231808152,0.12126140091129418
0.061909813996896206,0.09753250884736732,0.11302936099432052,0.09417843245216521,0.13035865221346002,0.10000789846594597,0.15332944210969418,0.10908805051037418,0.1405658404097764
0.08934158060363534,0.1248809492094698,0.10856202797894703,0.11046167035681664,0.10311903101530549,0.08733564380898161,0.16373119471840597,0.11247324770351187,0.1000946546049263
0.07659736073193275,0.03926516377988623,0.08108991692660418,0.20889888809406912,0.09282905059497777,0.18435684916725195,0.11930570425280725,0.11230706936983735,0.08534999708263329
0.10134637563724945,0.0527669608620413,0.08341281864106083,0.1836682108143092,0.10715003250260324,0.09998987600956695,0.1791628041664539,0.09983029477967859,0.09267262658703652
0.16882109822020422,0.13077109687150285,0.08218730781388468,0.09868072703726134,0.11479410480424328,0.10198126912872603,0.08796751642164143,0.13273921886684695,0.08205766083568931
0.07032031764226905,0.051617194279958735,0.08215648842193732,0.09137468560965338,0.0802766943466332,0.20808053280605773,0.23031447817936626,0.09859185835346786,0.0872677503606565
0.08349302158629762,0.20261234446686224,0.08238104808434286,0.12553829376721878,0.0841500850419347,0.07635732101167259,0.07246025039952898,0.1684639492787212,0.10454368636342111
0.18827398022146982,0.08421573533723908,0.08504285572004117,0.11169973605390264,0.10399530614949393,0.15008943897507052,0.05667398927665995,0.13224498466308185,0.087763973603041
0.06357426421688041,0.1535360755979476,0.14767442621014115,0.08347424590340853,0.18386250119466316,0.07480410081328619,0.05592710485654175,0.1104927348582343,0.12665454634889692
0.18170905278804783,0.11656186408384511,0.10557159756850798,0.09448349675771896,0.09056522757278623,0.07731994692547063,0.05276487159695997,0.14403771989785547,0.1369862228088077
0.14434635682301591,0.07052683294909691,0.0977316364679985,0.06755392661878491,0.19289947348117734,0.11020458229157597,0.0918298119996312,0.11194336468496162,0.11296401468375772
0.07416884334162287,0.028385231817846412,0.08706139328897229,0.1317512469358174,0.12683365781732373,0.20621801983485086,0.1274609045886138,0.14317478969251254,0.07494591268244007
0.16735683616641805,0.10704880284374714,0.10911901814674947,0.09362973000184237,0.09370072389701394,0.15977853621745317,0.048363260291746285,0.11534828743219033,0.10565480500283915
0.10122583772192813,0.1401466934206943,0.12214496380881067,0.080049347685002,0.1603016662687354,0.08385819864364386,0.07079792681219464,0.11308131482965515,0.12839405080933589
0.17042581104628693,0.13185728558444854,0.10238483824662314,0.06334584872715963,0.1654676584904259,0.10052553214089614,0.04831181882778492,0.0961419295198394,0.12153927741653543
0.11138273696569988,0.17078380080725233,0.08329164407578359,0.14327094372317112,0.06782682898202366,0.0444115621346168,0.2132393313204536,0.10631543660332943,0.059477715387669494
0.15813934804055366,0.05117589569937139,0.08038190067210844,0.07363988636434998,0.11166972223194876,0.062412418664580666,0.2204263935242093,0.15285653960695111,0.08929789519592674
0.15329879591903733,0.08925826996050736,0.10528690731664277,0.048837999867649674,0.10345487397296886,0.08330416100223105,0.2144668586685835,0.08350952339927727,0.11858260989310222
0.13913719420100298,0.16303157558197104,0.11236942101298623,0.08574697220248657,0.07846381556311269,0.1171756932521855,0.0514828916787926,0.12553863264760448,0.12705380385985796
0.12084267477592826,0.06448516314856954,0.10254213329861099,0.0734575006262826,0.13809047182487813,0.2050743278487844,0.09396343115125483,0.11644696476502027,0.08509733256067088
0.10843701818917913,0.09950066010174612,0.0925353114282594,0.22488736103405618,0.09363704375742632,0.06005061429848541,0.060952630849454716,0.16075369986072338,0.09924566048066931
0.15031961028059973,0.08467737058997958,0.10172952202098746,0.09330753316118616,0.1749312027756557,0.08005846771409049,0.14158523529720268,0.09168872763892603,0.08170233052137212
0.10159197735529653,0.1235025656006798,0.09517858189905061,0.09987554910218405,0.12057913541689154,0.05257033421458237,0.18607945537744083,0.12996495554366275,0.09065744549021144
0.1494526734733426,0.0906078201496056,0.0668334863705075,0.14340447534168074,0.13301223780027216,0.07646116520460126,0.07372572253835975,0.17702948108480906,0.08947293803682137
0.08969852858299744,0.11465034317934782,0.12380538213070676,0.14066322904665474,0.12021726562338546,0.06729210517855393,0.0833494527192022,0.11736298854549343,0.14296070499365823
0.12711766185713141,0.0804970341985029,0.11173478605796956,0.1332359843625501,0.16623537574628255,0.07890684059601323,0.08244815210783943,0.11334318360917715,0.1064809814645336
0.06739248878600725,0.11448246706208032,0.07843860920710603,0.07177712730671439,0.1079854504260624,0.03757818383574001,0.3041033320805315,0.08867965128922912,0.12956269000652892
0.12953279514240154,0.10363613844121744,0.08777758316665811,0.1840319238348135,0.07768938456264474,0.07544817373535262,0.1160002571626222,0.16234683758828025,0.06353690636600967
0.12466743241827383,0.14133180571771206,0.10107352021456184,0.08275297228798247,0.14795605297933528,0.1200214611777674,0.028630424738724725,0.12802574124844526,0.1255405892171972
0.08005704188215236,0.0957477868109612,0.111919770664533,0.15429818523832686,0.12253596287647063,0.12081513449159198,0.11089601862202451,0.10133970530088886,0.1023903941130506
0.12323263699320132,0.07631691610540617,0.1127955351761248,0.15243009844929864,0.09552620627873586,0.14257128129089555,0.11059800177100744,0.1164450389633123,0.07008428497201791
0.06918502305480974,0.1339269569690998,0.1277970855878991,0.06909468161642722,0.19024996612566095,0.11900301868003856,0.05458915243059104,0.12207823734045731,0.1140758781950163
0.13670462250164395,0.10761390520740331,0.09336509800511057,0.10593456239199645,0.10602275528344839,0.06384317901861981,0.11854929689285691,0.19783591616257276,0.07013066453634793
0.0950783724732218,0.06377921778272233,0.12732983586496607,0.10909559391191304,0.09753292622020286,0.08270905923979295,0.11536007866635443,0.15263764468233018,0.15647727115849633
0.08018642052207091,0.1010716955127184,0.08145144129165946,0.14477922486287448,0.07698400424518259,0.2991089781363491,0.03521186973975309,0.0969045597256256,0.08430180596376634
0.10950489690879868,0.10129578246061531,0.09616968752763495,0.1552221726581173,0.1048570236000385,0.12656852262394475,0.09968364896994221,0.11638975758507673,0.09030850766583154
0.09485794861259822,0.08989068098807518,0.09273247799427282,0.09622711649699288,0.11587237592607769,0.04709460693223274,0.2202490674731105,0.14664905366798034,0.09642667190865965
0.12387871807437885,0.09625439960197586,0.09711332330594723,0.1275686474551779,0.14806167462350575,0.08069213964066595,0.07917621127734063,0.1674274000642523,0.07982748595675554
0.0947288286680376,0.1298931647984611,0.12188628530346024,0.07918858328998453,0.1525998931294275,0.0930433662745479,0.13170355901847694,0.09404793698191445,0.10290838253568964
0.12222634551108118,0.1106241182738101,0.10200208576866675,0.13507152978389467,0.11962922704902425,0.06844840012914917,0.0465467394975691,0.1472207717694255,0.14823078221737931
0.0350506143030662,0.08836015737400708,0.08807135677987811,0.05782137022759238,0.09430336602601887,0.060440374601226164,0.3548530290968848,0.11411871838686798,0.1069810132044583
0.05957777669905406,0.11527482104267787,0.12867218512023498,0.20928831774263154,0.11164302330483579,0.07370464179892035,0.09651654880687525,0.08784668259415467,0.11747600289061551
0.15912302728548575,0.10999846220820914,0.11063305518294408,0.09631504854650356,0.1296756679151187,0.11972007407301921,0.031678893147638325,0.13080163514710497,0.11205413649397626
0.048646263800861074,0.13642670279729088,0.11873233312157143,0.20014258729963888,0.09815499391710612,0.1376116125496281,0.064555184680526,0.11355716956785473,0.0821731522655229
0.0719607442687852,0.12093605968071819,0.09478513556467898,0.15189207720991563,0.16367690426229317,0.08977827822181196,0.07811614409767755,0.10494953792739825,0.1239051187667211
0.05587449173705234,0.14802234244290757,0.0957414187142505,0.10615054513087456,0.122646178510658,0.08003695982076424,0.1486454421419404,0.09531267205200476,0.14756994944954768
0.19881540602374806,0.11953529308670253,0.09058833856325843,0.08824432632561502,0.1444513474861662,0.0687528101654694,0.04324128762078482,0.11782389228138028,0.1285472984468754
0.10946370640301283,0.10611241928363842,0.10583353569346095,0.0914109667826596,0.19328693493837693,0.08874214370873479,0.06302982721894379,0.0903198100245896,0.15180065594658307
0.08438938235217391,0.13231764206154753,0.11823827428593266,0.09270002792854933,0.14830309456435564,0.0625859604610206,0.060714280089640256,0.1457224523650761,0.15502888589170397
0.236106508517019,0.11366654539161591,0.10178595996889346,0.09296140121943502,0.1163144451008306,0.0749557636694728,0.03347350195399476,0.12755470725356122,0.10318116692517726
0.09666353899921758,0.0961225950247116,0.12434212817898771,0.10326773085994062,0.07278771932701546,0.22376704758959667,0.08152468226726008,0.09178983898780775,0.10973471876546259
0.055849068049476785,0.12645499426986706,0.09579623208780431,0.10668069836856603,0.1108169846216146,0.07300371636569954,0.20858022532002138,0.1179371327759915,0.10488094814095883
0.1403219533487651,0.10280190176231778,0.09250281788300908,0.16032238756020664,0.15862619690161398,0.07573785851762545,0.04971751826542951,0.11009798306157935,0.10987138269945333
0.12786891465135466,0.12381526060998155,0.11349173554711918,0.09830715346727477,0.10398181539996265,0.14922911707876096,0.05103737668124484,0.10900175572070693,0.12326687084359439
0.14286826799689567,0.08089997393329718,0.09663576314509768,0.13491451212716166,0.13710536072906612,0.1245590259692896,0.05190578071504781,0.13431883403340203,0.09679248135074221
0.11928066922560264,0.16851113335679488,0.08168293112774004,0.05902456800282949,0.12304763419989222,0.0941751324058976,0.12407085172965142,0.12684996196268478,0.10335711798890694
0.09024349654002713,0.10480250614170739,0.12339152362672179,0.11298466674399206,0.08966656771371612,0.09982387399510988,0.12849882044141933,0.10571259202078644,0.14487595277651985
0.09936713396452383,0.08119513302934644,0.09116210038765367,0.08533670547451548,0.11788137189457881,0.17601886448589968,0.07511455691994486,0.14685148077258708,0.12707265307095014
0.07558545051001957,0.1251420076715982,0.10065904279644354,0.11572001476343313,0.11706151500338546,0.0679552872706054,0.16258333888412535,0.14846970101404283,0.08682364208634656
0.06646500617685042,0.12639490836699263,0.107081877776609,0.0846074164647845,0.12953005398096898,0.07684986598639941,0.16825756493275176,0.1104881535446568,0.13032515276998646
0.16742900880840705,0.1655155873847454,0.0962921840444641,0.06578564167910696,0.11423749270708287,0.07726958069440201,0.06145181568980574,0.1471713938630281,0.10484729512895774
0.15777809266053994,0.0676457224757152,0.09219873779344268,0.10637086382708111,0.09665048798723024,0.05325749653390607,0.16853966053798783,0.17282811516631735,0.08473082301777961
0.06335741834301073,0.12262515421092379,0.130796640122859,0.1584296072067723,0.1249420904297176,0.042490274783654434,0.13362317152175654,0.09336933318900094,0.1303663101923047
0.1064784676503176,0.16183529817218115,0.10035039179083564,0.10354356092143542,0.07472633695910931,0.10356372797673719,0.037303895416948014,0.1771354825213741,0.13506283859106172
0.15395634419204732,0.08059868767045439,0.0934011979351569,0.24878518527107837,0.10097086525263409,0.07485491038138033,0.07353473775542381,0.10177390260296805,0.07212416893885681
0.08325457055449069,0.10298506853906704,0.12323212653946004,0.14708919751571206,0.1767871371185962,0.03843656907061734,0.11999845053069826,0.08573690254122533,0.12247997759013311
0.10705511545171176,0.07712831331331098,0.09475666978720561,0.19901470170108607,0.11603430501993701,0.0855513716460804,0.06337929496801747,0.1414533921053103,0.11562683600734042
0.09863566933921199,0.14606699042754934,0.09126441364665179,0.13998443891265797,0.09913934359914549,0.08261119027970466,0.08355855192546739,0.16142071793327747,0.09731868393633392
0.08485889316143506,0.09851701347932461,0.0844721599133254,0.15654435845887393,0.1103493647583945,0.1035661220339036,0.13672618789200008,0.10990321023443957,0.11506269006830323
0.14280969151584583,0.16038161729596803,0.11665901589310058,0.10918437492244452,0.11383422483317225,0.060409153100999646,0.08362473496688166,0.13582603009876268,0.0772711573728249
0.08409410176007748,0.08681076750507677,0.10931523721339564,0.19714017872483347,0.11586696488621577,0.08044501802996033,0.135579058642429,0.09277968848688523,0.09796898475112624
0.06828808560878491,0.054627342823082896,0.08318208696643103,0.08838910559870224,0.1676936512113619,0.1786850291255595,0.15333366607409563,0.11134464969028673,0.09445638290169515
0.11440968281338669,0.1058653773814226,0.09121788071673281,0.06120007347572354,0.18619423843314473,0.22118324597449135,0.036131426460108286,0.11093048131539594,0.07286759342959404
0.14722692716907318,0.15776110633875198,0.09822635095276255,0.08525094027367551,0.14879477674079275,0.06798229019625368,0.03323169387368465,0.1422463101329805,0.11927960432202526
0.10746833114778108,0.13877959297740575,0.09706878040423646,0.10554609632126295,0.122239772112831,0.11201270454208669,0.08058465494223414,0.11572682759055403,0.12057323996160785
0.12510146473562136,0.08515850648571906,0.10028407210692214,0.08529613681144986,0.16753974963766752,0.0526706599351496,0.10386382387815303,0.13402034699564247,0.1460652394136749
0.06795787119996118,0.09940818148664311,0.11205540461491986,0.18346310069963082,0.11420953741804026,0.06021965805495951,0.17666482539481,0.08258202113976708,0.1034393999912681
0.08231765678487317,0.08630684216603592,0.10402044158259684,0.1575728456110125,0.13018447339542097,0.10383741817480753,0.08491831159641326,0.16998353633138086,0.0808584743574589
0.055075205792578324,0.04568628083755124,0.10233955615916407,0.18885410450289808,0.0882893857482409,0.12845276836000039,0.1658074947740564,0.107687073041138,0.11780813078437256
0.05077510880510914,0.11324434478228647,0.14601414307494853,0.16376832040991132,0.18533409751950122,0.04708894588564896,0.08320511273434304,0.07291738509095706,0.13765254169729427
0.083719893851668,0.11944791682701654,0.09337706955895164,0.14291623165502257,0.11824827203543442,0.11037129518232709,0.11151466096457856,0.11289330095320017,0.1075113589718011
0.07873050798143334,0.11973323474744445,0.08300226592882566,0.2366876165591987,0.15596699186501692,0.07991256677000376,0.02651259586762302,0.11257152163562023,0.10688269864483385
0.11909907982122192,0.15473826267397103,0.10133906512409861,0.06455901213944505,0.09815474520376921,0.09183658566564958,0.06621436342908453,0.18311186931222304,0.12094701663053709
0.059827633375226695,0.17873211134153025,0.07971798466341591,0.10263127565702669,0.12269086880241058,0.05053510392027873,0.15283528181328845,0.14158371914716375,0.1114460212796589
0.06728883070538198,0.1051190977821908,0.10674917150804512,0.11091581550505714,0.1579050612939861,0.03640092546240641,0.1857585618581994,0.07629759192980454,0.1535649439549285
0.10319039071804555,0.07188382550054474,0.12128787560312597,0.13179749290833773,0.14782425578723032,0.06243084570159735,0.10361748285182966,0.11853700614216278,0.13943082478712585
0.14055576478598245,0.10660007614948848,0.11653119260319685,0.08900143319486054,0.11598223356429573,0.06387860893064809,0.08563806126593664,0.16075123372211528,0.12106139578347598
0.08957168254252508,0.08591996299026543,0.09719590716480471,0.26328623802038215,0.11699460999637566,0.07957547923540297,0.07636524211969381,0.09561691699201842,0.09547396093853179
0.14990733343893506,0.08888119866953047,0.13582665064833507,0.05601381513787972,0.20325572008607376,0.03638690699165461,0.1546400162694216,0.07811990437557063,0.0969684543825991
0.15214542939583806,0.0997305223388114,0.11438267466674662,0.13082428750889244,0.09956958905119444,0.03515178692792761,0.14405787372264872,0.11030188167962618,0.1138359547083145
0.0883656426378953,0.06542631000623722,0.09618199103795044,0.15294058511622602,0.08036957704665199,0.109685488134511,0.16357844670220276,0.11624099739372774,0.12721096192459755
0.09925487329099791,0.11100317542489137,0.12790713222560315,0.08514579320541331,0.10512521393184966,0.07682968839455676,0.09487211410880396,0.14661580188575157,0.15324620753213225
0.14688017117576696,0.054431634595711285,0.10164219134788517,0.07708991384155126,0.1709216164617652,0.14638651517512521,0.06883854724254707,0.11418305782122089,0.11962635233842707
0.09113019519742536,0.10233379210240817,0.10231296117666301,0.09591985046160928,0.10107224002256472,0.07899495630890908,0.09958136547443708,0.18799275508364932,0.14066188417233394
0.13234277810133702,0.09271862647014856,0.10144438803523359,0.10294789735772887,0.11045813184130397,0.08873926496439845,0.1197847126074858,0.1534220806549245,0.09814211996743921
