0.11072155295538337,0.059282311613209515,0.08727360295823211,0.07593771506718859,0.09426711712415281,0.11516118264854659,0.09037046098733009,0.08410894653907695,0.28287711010687994
0.12814858245882885,0.04271211302543849,0.06112468853719438,0.14011827700955584,0.08124047223069293,0.13452690291275254,0.1252850538840095,0.1707671381812814,0.11607677176024611
0.08854848181644583,0.13627200897167033,0.07562188530170577,0.1252807649112129,0.11994420605042043,0.10881544094489158,0.11417689773995032,0.14470038987117614,0.08663992439252677
0.11127385591427759,0.1753599796983635,0.10689166969451502,0.1623520021469105,0.09204128001153582,0.09568780071133269,0.08699740978073801,0.0984028959322325,0.07099310611009436
0.11418900533063558,0.29891805596135973,0.08599146774316048,0.07920262206828527,0.09723351503176891,0.09610580367220585,0.09000632895272664,0.09400308385664524,0.04435011738321232
0.11422245712701813,0.08897084877134707,0.08719561358234985,0.1193528862932234,0.10438995129916827,0.11558925174111788,0.0988865762946452,0.13452476651573256,0.1368676483753976
0.1227147925379356,0.08980497357560117,0.17482515885207875,0.08331063119301925,0.10613908775906837,0.10216388428802031,0.10235866746163784,0.08304540718406377,0.13563739714857498
0.08250885038541814,0.048716929967049294,0.0922674591983809,0.09059194415966927,0.0986246962874624,0.0894077700408034,0.09681531142392973,0.09208444583988684,0.30898259269739997
0.11661995172256624,0.037884584409269124,0.09888784605836241,0.10400530767794501,0.1611900529266286,0.14126297122739928,0.12213154601309444,0.12024426425665814,0.09777347570807678
0.10598335013978911,0.14022658747308073,0.08571178488557363,0.09596425167284783,0.11118425143614653,0.10177363006548627,0.10576711175544533,0.12326119810849327,0.1301278344631372
0.13007891202475608,0.0535450963693408,0.13012339147982768,0.1203876536108958,0.12439601116331667,0.11996144425100445,0.12263731776875242,0.09952926436893017,0.09934090896317595
0.12058559867358165,0.13662074053207676,0.05254175985124498,0.10089016154214984,0.09898470594380905,0.07579124532409463,0.13425667222219853,0.1835512040465841,0.09677791186426034
0.10787854228870768,0.10860070935683706,0.057880742274974604,0.07237629046231821,0.11995338584434277,0.09289723953038843,0.11911082056347873,0.11910060235314746,0.20220166732580502
0.11803741565544289,0.05744791097605605,0.10277977365623575,0.13031610622626907,0.14388915863472287,0.1414659883631295,0.12375562896659004,0.12986113334666485,0.052446884174889054
0.11490530388076904,0.10341251405993718,0.13853930028908276,0.1098137823178185,0.08641589602647025,0.09804715631883738,0.12276740858730124,0.13044202099406763,0.09565661752571597
0.10013892603750836,0.15502675372583077,0.09835666850275311,0.1711255610911645,0.09577850248210977,0.1257719322542565,0.11747415246362297,0.09876709438228777,0.03756040906046622
0.089730063734558,0.18199085834198045,0.06765255872472632,0.08910464355780602,0.1635208766676883,0.10185771074921247,0.1110440007253513,0.1399800654067587,0.05511922209191836
0.1444387676981244,0.17639817253089676,0.04557282154273392,0.16948297569985568,0.07838173760616986,0.0932431311633184,0.14143013378226257,0.11182142336548168,0.039230836611156686
0.11349020442122458,0.04484933384231116,0.11865269070955936,0.07996654794040413,0.10874967254191757,0.08678341607737063,0.09224521947275478,0.11815363373464671,0.237109281259811
0.0805639320051534,0.10630835775142378,0.16367916984128936,0.09431537869203573,0.11850913015887377,0.1176201881724314,0.09216763898072246,0.09190293429342704,0.134933270104643
0.10361840534088433,0.2701446695007937,0.0746876269859381,0.10702132922129422,0.09801889134708552,0.09731679733793153,0.09881355968455376,0.12623218814225076,0.024146532439268047
0.15138109826372223,0.07465873452882697,0.12366508094834937,0.10181502480189109,0.0960765305595147,0.114135235284765,0.10157934658469521,0.1466078143295458,0.0900811346986896
0.11654097034452643,0.07793980895649698,0.10742899601949644,0.14680515010435427,0.12179379608242284,0.10834655387338805,0.09954161742769767,0.11386644899623684,0.10773665819538046
0.10625770371759004,0.15514746065519794,0.05945764142989657,0.105580067704101,0.16337132116944503,0.08356810728177157,0.09509823200145469,0.10746058878313798,0.1240588772574052
0.11082898654547625,0.22391771693687335,0.1500209481866237,0.08058442333665804,0.11569212493043067,0.09026642332350414,0.08850061909123987,0.09036589549011202,0.04982286215908199
0.10489610271526652,0.10097067090239621,0.12857475598503845,0.06847720158763027,0.09737226931550169,0.10206992759667828,0.10662309455030322,0.14718363113777183,0.14383234620941351
0.13917660675890342,0.21542527020871305,0.07533354619035228,0.06053892775701853,0.10971206947820482,0.08400066156956017,0.09572172836718122,0.16367450684137674,0.05641668282868977
0.09452109754272027,0.20846852416175912,0.07320824363659965,0.07222661957788319,0.09960787867756098,0.08564682757843613,0.123141563017648,0.11318961089559006,0.12998963491180263
0.13277870363889166,0.07272384373267486,0.11896457644735464,0.09365589792536418,0.11909571376439287,0.11266849597428509,0.11118169392461068,0.1191438454027859,0.11978722918964009
0.11899761731822533,0.1304730261346975,0.19740117156752138,0.06299577008608633,0.08541286082580228,0.14814947893136515,0.10914540403863926,0.10623594744330432,0.04118872365435845
0.10101479057575728,0.11662271635284448,0.06018594901565466,0.1260392831582241,0.09958938808910822,0.09032985066091308,0.08893913153630524,0.12952751756250316,0.18775137304868975
0.12058757938692137,0.04265368788247561,0.05529408422918972,0.2119291418713398,0.10350416462994633,0.09638425840166943,0.16678289287531753,0.14644236277309133,0.056421827950048874
0.08508642884600189,0.11700433067571468,0.08410313945153221,0.08585061926505642,0.10606171698157914,0.11492388503719858,0.11398741975026483,0.12989988051963067,0.1630825794730216
0.1296548477589294,0.2158080884316683,0.11532268592121213,0.06691111532733261,0.10548163843321091,0.10663553637525364,0.0881896727360768,0.12354255119560498,0.0484538638207113
0.12772910635344153,0.12360948514782855,0.14474463279733465,0.10652970540213087,0.11906375618011537,0.12116219541572959,0.08989542113171455,0.11351061078760638,0.053755086784098516
0.1067532531286541,0.14256847323253502,0.07749314027932486,0.09140423895440608,0.11112403470728316,0.0870809752372257,0.08492242851000818,0.08598804276475129,0.21266541318581167
0.11348684756969359,0.09626194330467303,0.12626562322969132,0.11398139231736708,0.11393375457406248,0.10921747685499061,0.11491295665977252,0.16856581189523903,0.04337419359451028
0.0959530422665366,0.3289227581680941,0.07331914592044332,0.06198396673079464,0.0825421242261382,0.09209699747458906,0.08868969903224709,0.09780112474644236,0.07869114143471462
0.12022239074469653,0.07384989727856979,0.05713239976029449,0.06710966904337506,0.09855048471428186,0.07305998310802031,0.11591827945867166,0.12013667890321052,0.2740202169888798
0.0937982649896109,0.15972787151081322,0.05887476761806881,0.08902212520512083,0.12926230681630427,0.1125573131660032,0.11044755706384664,0.11223105751088835,0.13407873611934382
0.08937057006783282,0.0405648492568251,0.1524555726535566,0.12227522812635923,0.11295156117341006,0.09175629098292792,0.09522007884014887,0.09492621050717576,0.20047963839176364
0.1300429832798631,0.07570981938252153,0.08937667247072185,0.11421376099480264,0.06673551113711564,0.07412939020854163,0.08637526799001445,0.13343713655328707,0.2299794579831321
0.10540235949548016,0.14400658951093193,0.08252878983936342,0.10568383414418192,0.09770060722645736,0.08827122055959914,0.10916429139562779,0.12918044083875246,0.1380618669896058
0.13412585945241792,0.16196742365234834,0.07527405854995951,0.07409337429587676,0.14228736450581847,0.144718734344626,0.10114508736965495,0.11128052486758166,0.05510757296171637
0.1556925206013499,0.17248800916882642,0.08773201248002079,0.06707674930101439,0.09156716861909049,0.1067473588339195,0.09334205374578207,0.13087725526840985,0.09447687198158657
0.09288501253849231,0.059577392972343,0.1505312019273399,0.08437687382012748,0.10622854041467704,0.1423501615906202,0.1102266280630211,0.1486728100387071,0.10515137863467174
0.10978936489528691,0.1624900693362221,0.08788570504078748,0.07903285841312255,0.10550981007663023,0.08073468633376628,0.07917464283496238,0.09944318752088037,0.1959396755483417
0.09499138802761901,0.2703457198829266,0.04770229351773464,0.05242819090620116,0.14465382877041907,0.08080263733960613,0.09657278889912872,0.10000225382187022,0.11250089883449448
0.12357624715765657,0.09143372822425815,0.11364898794844673,0.14780136553733703,0.13085384794132368,0.1095148289268768,0.09594206373826387,0.09408397365410831,0.09314495687172886
0.07726314569668256,0.2995271539132442,0.07178454439019932,0.1088861449381151,0.06507975314273197,0.0699188713638582,0.08633970393689964,0.11319586997315673,0.10800481264511229
0.14595628052251072,0.16377626899296,0.10485696334702617,0.08132606262638613,0.11008558985799567,0.10233797496704682,0.10372527582662065,0.12938901691717145,0.058546566942282496
0.109511945312372,0.04391067872995985,0.08143106631922695,0.12437885734689513,0.0882586788707026,0.10098892138077455,0.11609294255391082,0.10190496624740698,0.2335219432387511
0.09937688413758801,0.03848738192394263,0.18758777608780752,0.10490119452830958,0.12622755225429458,0.1185870292598935,0.09317671933211435,0.11831851068637146,0.11333695178967838
0.1287408667362331,0.13681349307892016,0.10004724556940454,0.12040281185946285,0.0961999718406679,0.10650876859358406,0.1227979275835473,0.11315154451105991,0.07533737022712017
0.10145321106204241,0.08394935123198656,0.13855823597614939,0.10718532832629091,0.14689905426029526,0.13325140825826984,0.1115734659797022,0.13268937789375154,0.04444056701151192
0.1262890053853045,0.1545651112998653,0.06021893619126225,0.1300683445650632,0.10768218983919536,0.10740379097287352,0.1097824464932668,0.12715365800469122,0.07683651724847786
0.10672252438316021,0.16700330054969928,0.06951822584501603,0.06471721201705773,0.10885887944177035,0.09717077453416989,0.11028068897863512,0.13865600492959096,0.13707238932090052
0.07495315930942036,0.18414532147349125,0.09082858410374373,0.08387638092522513,0.1031837433182257,0.10316231278952966,0.10778375194755617,0.08959635969501549,0.1624703864377925
0.1420004467651785,0.11129067639717756,0.14512311185599389,0.09596721270092941,0.11132458636016618,0.08228880413694344,0.09653223009783891,0.09987951686901231,0.11559341481675978
0.10856007982526246,0.03823364883900887,0.07938884391995611,0.19102435773420479,0.11494848360380187,0.12716691776091543,0.14350438467250728,0.13974154179630918,0.05743174184803409
0.10816276862244388,0.2680706563641941,0.04115662063926423,0.05164279957984955,0.10776940869172282,0.09278910905001718,0.09912768313154752,0.1422145405460121,0.08906641337494862
0.10771365478079893,0.1541806053506136,0.10827559781583966,0.08424173705691688,0.12856321186905997,0.12356982437226667,0.11228331111007782,0.08165437393199369,0.09951768371243279
0.13802609029704382,0.08614200857985292,0.14138786912017476,0.07735198501517458,0.14472234170949314,0.1003785341432933,0.1628936505262001,0.13226970675878588,0.01682781384998148
0.12221316041502901,0.2743074579134752,0.04565017589117424,0.08848212656413458,0.09259066967845275,0.09058223507083203,0.10523944940818049,0.11952234942249813,0.06141237563622346
0.11819717542646331,0.052332784676883765,0.09502414416158772,0.07867028809365216,0.1279790261444095,0.10583587607616794,0.12458520911380695,0.12136772808522085,0.17600776822180772
0.10773687769216911,0.09588274682765448,0.1766005527792509,0.0754127263385828,0.1309447433699055,0.10115892192200233,0.10618790275040142,0.09519203363741946,0.11088349468261406
0.12516900895279146,0.13112374062615179,0.1640246352193739,0.08400753172673066,0.08958802367297096,0.1339241648366261,0.10885957844924482,0.08594775849018425,0.07735555802592607
0.10128262972154285,0.14168502279701697,0.08269245917886725,0.13253700756364473,0.1043518000993262,0.12132711301936411,0.10971785764716376,0.16215891521913414,0.044247194753940046
0.1279643993793997,0.03899425697334013,0.05649393678040946,0.15007521766202292,0.1484016478284429,0.09827324311747414,0.1335820738226318,0.14153144747000132,0.10468377696627758
0.1110648312514833,0.11318990882537756,0.13811428317027852,0.0762730611248527,0.11441555114218693,0.15971496407639732,0.11053812616024106,0.12231364496726453,0.054375629281918136
0.09306721460644674,0.12370158502103801,0.0979690039380322,0.06363918839198905,0.07113036310646888,0.0744932373582168,0.08257077979403384,0.09745868229716904,0.29596994548660543
0.11331542301704334,0.1610152050320871,0.1076387448110848,0.1383997615317342,0.11877117788744714,0.09391010299705377,0.13147507138402828,0.09589696611266489,0.03957754722685649
0.11075441139044663,0.09096222144322373,0.1135727475589849,0.07435306084535893,0.141308351059641,0.11682593025581166,0.1167805348034041,0.12023769324050072,0.11520504940262827
0.12444626005941488,0.19795773828195892,0.05777954532504739,0.08871764824589197,0.12032783692991707,0.1007126671873088,0.09589131963404063,0.1007858715930885,0.11338111274333183
0.09788342469965462,0.21288288538336467,0.15677587954174452,0.04910604752566195,0.08627726582248126,0.07972718771331412,0.07282000244803198,0.09830271349777935,0.14622459336796753
0.10316914597090689,0.17708791321020026,0.1289789234538684,0.08062196848426509,0.1267036805671716,0.14600372438279374,0.09987121264212336,0.08697484360037012,0.0505885876883005
0.13969931885143108,0.3225462591307963,0.0389460212209334,0.07589519255049014,0.11425783656083026,0.06930594682894119,0.106830630143043,0.11840870813905753,0.014110086574476988
0.12398150172356777,0.11102019022801313,0.13394601855022503,0.07232221625474915,0.09886912725820267,0.13244401239386752,0.11036545462764752,0.14725712388212442,0.0697943550816028
0.09363569527114117,0.08371178343553436,0.14067862530603759,0.08794310439928232,0.09112354137242921,0.11935282605006403,0.10552945301483287,0.10204410274386617,0.17598086840681218
0.10910789287086624,0.18916387052015327,0.07044003423796615,0.1124295177902848,0.10058622939092221,0.13028214375168004,0.12556861695993562,0.09801563176556745,0.06440606271262421
0.12828178763309117,0.09143186186247308,0.03208677538509062,0.17539776925388728,0.06866694530826051,0.07707051709100272,0.11471083001781056,0.0948354768563671,0.21751803659201696
0.13756480618815384,0.05548188056262121,0.11404067631799124,0.09302647181317185,0.11218103826753452,0.09768339610118702,0.11272672201941021,0.14409614016045932,0.13319886856947072
0.13652205627539635,0.06912110506206544,0.0531428983248615,0.12586716802637882,0.09067973218879692,0.09016035058739418,0.09928755325591081,0.14855251800289124,0.18666661827630474
0.14113727848602642,0.06515075624423601,0.14012987483116193,0.1253141311328115,0.13328204291095028,0.11721438170407672,0.10948754676841933,0.10251332216876936,0.06577066575354847
0.13272355594517782,0.07669377247305177,0.11000469266046804,0.10066074301988237,0.1186372051742446,0.14789470155773587,0.13311982312734424,0.13438871602315486,0.045876790018940454
0.10883129648891932,0.23164309662911853,0.12388308037388995,0.09341639495106191,0.09993125487095023,0.07185444018984939,0.0895138501681136,0.13138257905726722,0.049544007270829866
0.11355195215576153,0.08921288119248759,0.15401774664062265,0.11422052639084695,0.12589139935531382,0.12322379264117445,0.1126405439561574,0.11142183776067782,0.05581931990695782
0.0902573001925129,0.23131603301055337,0.052138937554826244,0.11003374339507567,0.11448762925810385,0.0900075899929386,0.10341181083079054,0.1651549095098105,0.04319204625538839
0.13166430607606125,0.033323393698684325,0.09016744340247469,0.06411916133532532,0.08322201643026471,0.07287876652414975,0.08699940064302956,0.10327532730062815,0.3343501845893823
0.11880533139271128,0.13904260697591592,0.10276977261350378,0.048780043049060536,0.10085247543807123,0.09814104612743384,0.1072391364713758,0.135241866631452,0.1491277213004756
0.13078111814677648,0.15319770142261907,0.08970549976170901,0.10559617780770579,0.08287718797895897,0.10281252136826097,0.11879183805288483,0.09616739126782403,0.12007056419326077
0.11504071472801991,0.08650826303746595,0.1539261131011905,0.08093740865841413,0.09010886657753185,0.08831894450099809,0.09443660992107646,0.10625239292657296,0.1844706865487302
