0.058177657462446956,0.11668602649951725,0.14054860412713652,0.12273187423290714,0.07340705182348083,0.05646327829469954,0.12370748987596603,0.18520690024151687,0.12307111744232895
0.10294797823627326,0.10788710605169836,0.12085799642799751,0.05502605610300434,0.07369892056783217,0.27797376723350226,0.036852710980073144,0.09154271053192713,0.13321275386769185
0.0543205019584301,0.14746832464839152,0.13387561315539756,0.10551749031949026,0.12344633495580641,0.06137947708138495,0.14530968365728542,0.11283190096000055,0.11585067326381328
0.10753411238488376,0.14016661364420172,0.13340843651948367,0.09574793213541512,0.053916451659119756,0.1216539901594756,0.06513845663117594,0.1593295799477573,0.12310442691848715
0.17018028583545522,0.13827338847528783,0.13862337387076687,0.04939932780113876,0.035319522808746985,0.05624669782074382,0.03525223880671011,0.2952963213102507,0.08140884327089976
0.12119414761706689,0.12326770288855776,0.1365921249063671,0.10856741067155495,0.08757466817464743,0.058130281387216244,0.09361831849577813,0.1604513535971076,0.11060399226170375
0.04326632617328941,0.12312596382446593,0.1815614083822241,0.16440872324733255,0.10194090673628069,0.07531078234348833,0.04071398842817348,0.14759666114139652,0.12207523972334906
0.052226223927950705,0.12556079415542157,0.15960438773917182,0.07345351191406534,0.17746295932334819,0.08611864995258672,0.07478906749581844,0.159651823968184,0.09113258152345331
0.09579068089261718,0.19994443241819057,0.13072998518723947,0.06760376414669139,0.09167548177744957,0.187424540111232,0.07352296612830651,0.080289704463896,0.0730184448743773
0.05504352929815992,0.1114456786304757,0.15315254078160823,0.11303810596251401,0.11516480417920572,0.11607016776858832,0.05163569924564562,0.13060393447875812,0.15384553965504433
0.3470221779802314,0.21334972102908809,0.09397690297707313,0.02937279237793691,0.014297944563300545,0.08445149773252152,0.02672314853865411,0.11984524517439321,0.07096056962680111
0.17954184954043587,0.17637487612524097,0.11845076613227984,0.06119040165964305,0.05940548055119036,0.09988957228691155,0.03317033888163202,0.09172073763350659,0.18025597718915967
0.07605415963092765,0.08037251046668699,0.07885662097022632,0.022693432031603216,0.22221084031214397,0.26914321727111173,0.10357618958167492,0.09708816441429464,0.05000486532133049
0.1423927129327847,0.10379235068087833,0.1294008753756308,0.11116894958669289,0.06485233858257611,0.049369020433780254,0.10385807006167042,0.18955536616876026,0.10561031617722623
0.1323663061142252,0.10480498898054295,0.07511785026319252,0.19964145604629177,0.020490367843943137,0.18581849759210842,0.12664853564437215,0.057869746810739815,0.09724225070458418
0.09521363217763995,0.10999954701506022,0.1265654678351885,0.10188054083701674,0.0835402823083952,0.09223340187162658,0.11650432199343247,0.16245355715164655,0.11160924880999377
0.07649687535769416,0.11186805706233012,0.1539322993208622,0.10189098904918636,0.07758986031568627,0.06777978580973189,0.08890964011153037,0.14236949568461954,0.17916299728835916
0.059162972481108154,0.11444418717002758,0.11833936941421241,0.08113133437235003,0.04250452772284632,0.05601071086518966,0.2759946861218812,0.12120852191298181,0.13120368993940285
0.05433666508395891,0.06473745943326614,0.1365060629249694,0.18722682643246416,0.12626835065262007,0.18032750638688597,0.16242963977876526,0.04122603368118997,0.04694145562588011
0.07841651945839974,0.1149559747067377,0.1373122794798122,0.0496280914537027,0.33677813912801674,0.1252688497231267,0.01626142873950462,0.04508431642564128,0.09629440088505832
0.06652101916955666,0.09550651148638613,0.11342832536232039,0.29772993783621265,0.1927440139786616,0.10920663961876464,0.010624956923544223,0.05846155539324103,0.05577704023131261
0.04560651316363268,0.07896355993493544,0.0846537539594671,0.2111399388512918,0.32391253838034445,0.05109411930340609,0.05453494055893371,0.07659731319802406,0.07349732264996478
0.07371450541412868,0.11200612184376223,0.12370528460476453,0.10395257845000487,0.1231790971427783,0.10362166155833524,0.12481338360782472,0.1408216752819075,0.09418569209649381
0.03011439088716174,0.11096888696318614,0.1261627352236134,0.255437292357467,0.04470293160156775,0.052357269815904585,0.034398910080933744,0.20376884204633094,0.14208874102383465
0.0702169141025006,0.11432623904054041,0.12558876067389516,0.09479502888924601,0.06130097566388695,0.07004708782131906,0.083614627245918,0.2794755235243343,0.1006348430383595
0.10583502622917314,0.0902416526931404,0.11121774409683427,0.0548899706881445,0.06154132509187099,0.3497488191473534,0.03123005003894033,0.13797389737605023,0.0573215146384928
0.046933971917226015,0.08099146528368645,0.07611505626239856,0.524748976276385,0.019145665402273405,0.12619891299495614,0.021664570039883767,0.04630073230003717,0.057900649523153526
0.005786377546612316,0.07691920441661497,0.17595406679393633,0.021775486054390916,0.18911846645334926,0.24797171772624635,0.11234639034194065,0.0663121916071054,0.10381609905980389
0.0473126913343884,0.09879339629257865,0.11471956550816591,0.23176453366865113,0.12651779836661706,0.04573571570443424,0.08463243374769443,0.14143480812279846,0.10908905725467177
0.04380735933025303,0.10304891763901798,0.12945613453761068,0.3020320783705048,0.07742262011639939,0.053232948311626394,0.05549155895348743,0.14340915946436192,0.09209922327673846
0.04530670336013102,0.10616253047575154,0.10599115181661699,0.3196899502912719,0.042937143209035994,0.15639929849549644,0.04734895652246044,0.06441015960165995,0.11175410622757564
0.06842978578598646,0.1341761408975414,0.21131735548409206,0.04504440916797916,0.10430436200470085,0.1434633613928029,0.037039479742277906,0.08176357150881017,0.17446153401580908
0.18838532563491295,0.10937746924464024,0.09207943492215225,0.058815531627290564,0.01832424456911395,0.2787738404286948,0.03202716804507566,0.13355685139547996,0.08866013413263962
0.3857097206351932,0.049303833316972134,0.041325467356647154,0.015988791648375033,0.038155662135955844,0.31050445931006077,0.008213385607496603,0.11768255286602691,0.03311612712327227
0.042135554657928266,0.09409045921989691,0.12458613314103596,0.28911576718100135,0.13081865225359082,0.06658811396877419,0.04738834483251315,0.12756894307115427,0.077708031674105
0.05147116864785065,0.10951332804660573,0.12915300056657839,0.18969474093090735,0.06547726974061267,0.07949917520107234,0.08589359663571473,0.18524439967980763,0.10405332055085043
0.051050365739404725,0.11595645320419123,0.14615799270587507,0.1349918519475175,0.08414158200905725,0.05854130422218403,0.11245948390191024,0.16988695200729517,0.1268140142625648
0.03228297838977029,0.10534257361479847,0.1288745371169536,0.10283176400408951,0.09914315938120101,0.06849458194570411,0.09622777588470882,0.2818714717882718,0.08493115787450235
0.04040179978770118,0.1365281569766679,0.13759898570486728,0.04242844243367028,0.05478683401354482,0.19267773590742407,0.16402950327816868,0.12651881086626982,0.105029731031686
0.09647870372399257,0.18696582024555855,0.13049916473700177,0.10299659902151458,0.03521527548603106,0.09745911505367715,0.07635839119708643,0.11912872689480386,0.15489820364033405
0.06018408634717084,0.20674707105965992,0.14996474101625334,0.08988802398708325,0.07864044729621905,0.07390045040458103,0.10940016001837062,0.1029170523191311,0.1283579675515308
0.207123496886203,0.10558210268324823,0.08175431463437398,0.03916320327635733,0.05416235002220319,0.17448303602691606,0.055491793307535946,0.2213171866682322,0.060922516494930044
0.04002426667863875,0.0913894406634973,0.11470256157971476,0.2569272606489525,0.19265178468641855,0.043156026556554296,0.040395491557042064,0.10381107367753391,0.11694209395164795
0.31693360880199994,0.1789811228757601,0.06758076819732915,0.024990581576244692,0.011135403125828823,0.14224888998088736,0.007834211365223024,0.22095905478615271,0.0293363592905742
0.04440106862590481,0.11516090607091156,0.1318301873134056,0.12950983322625761,0.10912706059227162,0.09794835641306517,0.06616989800493475,0.2067082911041943,0.09914439864905474
0.0760204448058404,0.10672991352600782,0.11813909400591556,0.03722459968453475,0.3437814392426078,0.11687007608619927,0.03365946707739548,0.09677049317879617,0.07080447239270278
