0.05713054498516942,0.030575624822106903,0.05263233356699981,0.05758559270347551,0.09011317693948195,0.06032607023769879,0.4797078843809681,0.04711727007962788,0.12481150228447165
0.17117200680667347,0.031061958888297297,0.07498926628934743,0.3532519791207498,0.07561219932624767,0.08220595018311734,0.04861825234640154,0.1204032430609972,0.04268514397816825
0.10635949288967868,0.044487005504999934,0.10862946186870504,0.08961432586784855,0.0680571897855946,0.30576315723690595,0.07668309268860697,0.09686903105944171,0.10353724309821853
0.28860974879562934,0.04073179877807608,0.07545591730421329,0.1940887115957318,0.06922165629866019,0.11360747477158095,0.046315608412163256,0.11379562424261806,0.058173459801327036
0.16482142654738574,0.08943367712329776,0.07271823449144905,0.1958177061868772,0.09638857451522341,0.13100933897348796,0.05017728481761943,0.15653209094267548,0.043101666401983964
0.15210997569588425,0.06680837881323116,0.14807515808305552,0.07266576808716776,0.0501722957896796,0.15854755694611714,0.12470202245139018,0.06475507961459402,0.1621637645188803
0.07766854818526281,0.04224922834218575,0.0713569476703827,0.09154157156305258,0.06389956036596244,0.1390055114002717,0.396216943744025,0.057249247999411584,0.06081244072944545
0.10618113482720536,0.041080926256528406,0.09714324920175953,0.08467125536420005,0.0715813149217489,0.23420448873041663,0.1143455677640585,0.07200099369545993,0.17879106923862267
0.056800266279775434,0.09854771250549342,0.05550774449819281,0.21751294741625027,0.24601245500647892,0.1153204780653373,0.03907620308174701,0.051257135781132494,0.11996505736559236
0.03776587784332979,0.05955780916653014,0.048719891367493405,0.47954741773118764,0.05544979346989271,0.05058807613722905,0.03555727215238144,0.19168111303947918,0.04113274909247666
0.14145148630060037,0.05274470759847654,0.08545644766822218,0.06110644397929821,0.08994905588821901,0.17722872438173168,0.18048922122256997,0.05702305213503195,0.15455086082585007
0.1207729557379198,0.06353297941160203,0.10371897828894183,0.08917536927415952,0.06872767664025396,0.294383362979252,0.08111871055907925,0.07367225670913292,0.10489771039965867
0.10507389886888004,0.042950081647155046,0.12104523033564567,0.08416319352236078,0.052373892747961,0.24942146810547702,0.1292343847843235,0.07068563203480252,0.14505221795339443
0.09740202295112954,0.06494442705277144,0.10894266400031327,0.0782876262188446,0.04948779253251127,0.2197809558150827,0.18809352055072517,0.06642257300211186,0.12663841787651012
0.11763921249627485,0.04680224740638461,0.10911254507384528,0.08971538307487782,0.06956345426944317,0.310107173217905,0.07680288415169578,0.0751265877011063,0.10513051260846716
0.07414602962969909,0.048399860817891625,0.09361564738664359,0.08459495256784627,0.08251316798163968,0.14070670149382988,0.3360644323322359,0.06212209961183928,0.07783710817837469
0.17426755480088293,0.1635649471766519,0.09327951417109237,0.40467824334759844,0.023193435024692968,0.022529293453193638,0.02844539209118965,0.03675881901271372,0.053282800921984445
0.11936753779947684,0.04887176893305465,0.1083230100729284,0.09078637610977025,0.06993727393230108,0.30738393033418915,0.07700190986806334,0.07442341600408582,0.10390477694613053
0.10811403270405928,0.04302555067536268,0.1038334794208176,0.08275768351054479,0.10310400323865226,0.2550315090819794,0.08137430568853027,0.07351684416011295,0.14924259151994082
0.16477246464334713,0.06258007579132185,0.1260538828719789,0.07498836531089847,0.05966891773185057,0.24929671195077985,0.06814140930912978,0.0716658319052439,0.1228323404854495
0.07832285019556323,0.056507753514035385,0.4074931695361446,0.05880787703170445,0.052734704807911904,0.15190656833171742,0.060613597736850405,0.05851713533383851,0.07509634351223406
0.07389775423219834,0.03323215747673594,0.08212771831151695,0.0647820523337862,0.06085538781353946,0.09125269649733846,0.41441658699742145,0.05449294327718818,0.124942703060275
0.2555247253932202,0.03754746800323087,0.05233532420824125,0.24819858516681373,0.1466408421878591,0.11025862485747646,0.08355220985221994,0.043893039141336083,0.022049181189602307
0.11899434711197558,0.029906378557937235,0.08771469500776767,0.038830653342683395,0.16445019508448058,0.04053921224778402,0.44248259756782327,0.04312660239537012,0.03395531868417816
0.05466443547574784,0.03049682643128239,0.07167654509890853,0.04754239365608857,0.09549487501158997,0.050004103358882286,0.5606976728129225,0.04216420966325749,0.04725893849132034
0.10506311442619097,0.04424787224003979,0.08681136863294599,0.0720822060085534,0.06573473318549215,0.27513421075362904,0.1162813103395061,0.06699206401688923,0.1676531203967534
0.044685440936995426,0.043861978110357684,0.07048093923858612,0.04773489744873851,0.19320159580519547,0.032269276875260156,0.4759138119716175,0.03986280965549369,0.05198924995775556
0.05123299418822002,0.05883990354880758,0.6345143900109002,0.043813826922901124,0.043859421042318845,0.035933500847568106,0.04393995079753905,0.04383609332102378,0.04402991932072126
0.0729878024366269,0.0418516376121538,0.07158728704926529,0.06824565186338598,0.10454406030342457,0.2532385619807138,0.2897920269673238,0.05217848769217428,0.04557448409493161
0.06034313107146768,0.03137589055638978,0.05991416281854022,0.05091081084210699,0.06726676130109478,0.0988968519590192,0.49547518372725646,0.04772144772711718,0.08809575999700776
0.06056069584082676,0.07158654664150767,0.07018960295347,0.06452468804694095,0.07951073783923047,0.04040194332944065,0.1992149312201071,0.05579446279605508,0.3582163913324213
0.09888407011153592,0.04889625559542508,0.10831943280247529,0.07656593032771519,0.14015356601729204,0.18823817878798763,0.06612325560664775,0.0919937882929182,0.18082552245800296
0.10874751440976571,0.0567784281873474,0.1794380032776558,0.08611780176190625,0.06762696175914218,0.2552604511842406,0.07535221135641756,0.07179253271791908,0.09888609534560537
0.05670827338411294,0.028654632217415196,0.05065056839097792,0.04793579251606317,0.046576936848389004,0.0920457663886947,0.5981065121404087,0.04285066412146305,0.036470853992475336
0.10828989596944653,0.060343807196325545,0.11235689136294567,0.08343686658623702,0.07269053911851538,0.26120600166409047,0.12161791470567578,0.07444586708688876,0.10561221630987487
0.12220128209158694,0.05523987150589987,0.09796123559936176,0.088821840929589,0.06804582932649934,0.28199047880663647,0.12672215200801243,0.06830728957904529,0.09071002015336892
0.07138570676394254,0.0297544934039088,0.0741931440805014,0.06001410211347278,0.13902581487802965,0.07501970429370286,0.10657527003614188,0.060970474549506826,0.38306128988079324
0.06335537623217008,0.04499608117894236,0.06363779995922288,0.05413560143064087,0.09931339021163334,0.12253545877509271,0.021744366942306196,0.05043794343210626,0.4798439818378853
0.1955260141560663,0.025068499623977374,0.09153783029904139,0.28648273347183256,0.04209564837300169,0.10321239121415608,0.060448787398740246,0.11658990818112058,0.07903818728206378
0.05645732680296404,0.03523639897266175,0.050108785388522877,0.043699611605683336,0.08119476390791679,0.05344144267984937,0.6105335278351536,0.04155108786726751,0.027777054939980752
0.25643821915071235,0.038759447347274635,0.07653632533180206,0.37148011239034046,0.09651918305881417,0.04650376963737132,0.025224875758590008,0.044036637068246516,0.04450143025684855
0.07924894905467374,0.05656952207359783,0.09358832689742853,0.076131240231368,0.16740880014851603,0.11252265467051192,0.20542193905613493,0.06556798522112954,0.14354058264663946
0.2026565738430434,0.05559400065297296,0.21195795251795949,0.08578992843383017,0.06279041475388335,0.16430919420708628,0.06686503013394494,0.07352691905468697,0.07650998640259248
0.09314763028644406,0.04323196880831278,0.10543215253994394,0.06997876518083652,0.13622776600920508,0.16030291498985913,0.19755960597085795,0.06551107077215797,0.12860812544238262
0.09388746638151463,0.04610271490278675,0.10007624981718988,0.17441230164662155,0.05706258360333529,0.12849990579616924,0.20187253864427165,0.10412759280906718,0.0939586463990439
0.062020208809802545,0.03634720509249564,0.10537096961245264,0.05048542462258612,0.3346423892946117,0.05099811854048011,0.2883238468621503,0.0438055599221367,0.02800627724328433
0.2407871851177684,0.03452475655742784,0.09648610606484691,0.08333770596524019,0.05577458104051627,0.1866635602785345,0.06202456043638982,0.15385900105591788,0.08654254348335821
0.07482964268536813,0.035579710532571814,0.059807233667465855,0.05721700255522381,0.03934738454719783,0.4948912168832212,0.04282928953339529,0.05045233570274166,0.1450461838928144
0.06698011136031039,0.0570836671157793,0.10135089927732588,0.05766875522346629,0.08107764614584827,0.038922376250010084,0.25611154617735715,0.04468218136898381,0.2961228170809188
0.059650468942804846,0.03991591044753676,0.05518027096182162,0.060166162622204596,0.04358438522911429,0.15245753737781617,0.3281835372964044,0.0567482959921651,0.20411343113013228
0.05099893644821929,0.028087042095029366,0.04899124228685648,0.04734785402932499,0.02545342896331526,0.0868318405965303,0.6397802951545268,0.039282595402443464,0.033226765023754
0.36965553470764334,0.17497847406382014,0.04343090798037378,0.10247269210593958,0.12134038550742743,0.020289025121116952,0.06698769275427689,0.06801006377498299,0.03283522398441891
0.04425008900153835,0.36993526567782914,0.018304358287149956,0.2831536828030574,0.1958546997047196,0.026202658292803386,0.02159974929017686,0.02495938934029222,0.01574010760243311
0.05514392201742977,0.030098213633729682,0.0477599563299004,0.04947845266547185,0.0332890426551028,0.09255350827379905,0.6135967738419318,0.041508159110394044,0.03657197147224065
0.25640001700180065,0.4749907970482985,0.03993596575307509,0.054178401885993856,0.04212427413187578,0.02514056033906445,0.04538891838140428,0.0377008518504687,0.024140213608018695
0.06837239518089978,0.0363297289725898,0.07032344318879609,0.05922553201072286,0.19885845209536504,0.18031577017634393,0.16949168190724287,0.05838043466707077,0.1587025618009689
0.16660571087486864,0.2857956872164415,0.06927867396703097,0.21973465025110758,0.020393011135463344,0.050373075260909804,0.0421684945167598,0.0191861848919332,0.12646451188548521
0.1463622818727178,0.05734125197996542,0.10449558835751847,0.14266999919453113,0.03827523107107598,0.07955685279130449,0.054269068021969936,0.2682838059170462,0.10874592079387067
0.09709812022655566,0.04099722882200104,0.09506387520897215,0.08348727696699913,0.05372809097433648,0.2363916099584633,0.22778232518504607,0.08224984218137989,0.08320163047624636
0.07921029873594425,0.0554273408791879,0.06895938286782989,0.07198225506948729,0.0490970776509132,0.09923007011847344,0.12244147444466032,0.06128015730933605,0.3923719429241676
0.09576875743566941,0.04241226528380371,0.12216828789986094,0.07394423175235187,0.07407082107176217,0.14951650785261036,0.28198427539453236,0.06406726657164503,0.09606758673776417
0.06434431381711696,0.033254723667852544,0.058561718493106575,0.057281946882584624,0.05967918170203862,0.07522476657197306,0.4485943048557706,0.05243292875947547,0.15062611525008168
0.17912653293431954,0.09924408344821296,0.08313051677816846,0.13247355938836702,0.07816501365800582,0.16839548461225262,0.052458686419021995,0.13405503946997352,0.07295108329167808
0.08615798785867727,0.04995355611906408,0.07213789899018476,0.08230437693919361,0.13446313236456675,0.19230467756574485,0.07983987162650819,0.06975567637359643,0.23308282216246404
0.17809848119942848,0.05623381957780677,0.18570364499088785,0.1782309021910351,0.0465024954813171,0.10139097303410678,0.05869776945543594,0.12378701485010744,0.07135489921987449
0.11763921249627485,0.04680224740638461,0.10911254507384528,0.08971538307487782,0.06956345426944317,0.310107173217905,0.07680288415169578,0.0751265877011063,0.10513051260846716
0.08191753548475554,0.04029836210949328,0.1405571881534062,0.06583227182309247,0.1009891478603389,0.10993232089348859,0.35510278122873434,0.05343014561759384,0.05194024682909687
0.03307269405480003,0.12650991098721273,0.03706093241703465,0.2782595830685659,0.3923283111712803,0.035269861145988075,0.009875512538372586,0.05167321231159026,0.03594998230515546
0.12322932729091723,0.09597396734661523,0.07113180323206568,0.12965565549365862,0.14510843488019656,0.18342669758712324,0.12277481475669012,0.09066559392635275,0.038033705486380624
0.05986833019995405,0.09163143587487671,0.0562729090352044,0.06499587772487293,0.07932777132624906,0.1286996245551272,0.36671464111351826,0.04566028848965984,0.10682912168053753
0.09593877616380443,0.042911886157574075,0.2731462095605615,0.07514676018485766,0.051210206075724206,0.09459448633532612,0.22598960083348915,0.06403320696452897,0.07702886772413398
0.12425752040721454,0.044648754181450895,0.09825162445055528,0.16006072375651925,0.061216117537155605,0.24216450068441886,0.0721657544666283,0.10291120683211748,0.09432379768393977
0.14658073547951012,0.035921959353493425,0.08360053615591063,0.26958806035615557,0.04522594921137049,0.13709550550187974,0.06114067520357891,0.1442263559860888,0.07662022275201234
0.1172427666603406,0.05557634671002113,0.18350217823859363,0.09101036116429251,0.06682186176549465,0.197251484510221,0.09848511349227122,0.0783944253995697,0.11171546205919558
0.09367358752203538,0.10443979207687555,0.09799261290579842,0.11550986912592172,0.12313560851479259,0.18651655583248053,0.08434179018746578,0.07695044385379235,0.11743973998083768
0.1926566222652872,0.057510669996450846,0.061980716634531,0.05323815644512506,0.04243456014962957,0.10892145170122347,0.2069337770826706,0.05327639078920784,0.2230476549358744
0.07439230821801628,0.05438378741292076,0.05129061917738772,0.4776090877154342,0.14556013031757706,0.08558186312746068,0.039084830481941904,0.044800984154408585,0.02729638939485285
0.11832024594684372,0.06632020111472628,0.08656133020530743,0.08650516306071744,0.14383411130520174,0.17802784136371042,0.12491080286772731,0.07121644009405285,0.12430386404171283
0.13752382788958942,0.38599305850371196,0.08874383126091112,0.10163770354564021,0.06346590990242151,0.09570084265205003,0.046019582261140723,0.03691235319907296,0.044002890785462
0.10370723652997403,0.31638524768836657,0.05734311730440508,0.07227378460628636,0.029690656267962755,0.1343389313976572,0.05762313934598551,0.18943766723793812,0.039200219621424344
0.11218647500966877,0.1681075755661983,0.027616734593146886,0.2628967855181812,0.20862809680680436,0.01097182583145244,0.00975159782732277,0.17753643684319687,0.02230447200402849
0.06712476611656905,0.042690817135190934,0.06621734285062782,0.05291318700352316,0.06717328628056128,0.08411543656534037,0.46294130375418047,0.052148069295855935,0.10467579099815101
0.12226424994999795,0.12537766376449166,0.06998934425814655,0.0668215861423923,0.16488893908637972,0.1906995246358488,0.07823579943678158,0.05045011982605777,0.13127277289990372
0.09362662265016204,0.04492079699561191,0.04614405107886116,0.04840005056858656,0.4430272626408643,0.069386027397224,0.03659437401643679,0.054173112423349185,0.163727702228904
0.07507924622570887,0.0451914841564709,0.08841243936276764,0.05616064729930358,0.13010928436781707,0.11369181603257765,0.40029211261306347,0.05372838161248667,0.03733458832980416
0.13499258833262273,0.0779963868499655,0.11720445631914418,0.11537303727872746,0.06605015404020205,0.17401346359600953,0.08580352281247168,0.11775508976070274,0.11081130101015409
0.11453699215818862,0.05015461523940484,0.3881705171487923,0.0874932797961898,0.08465526840001003,0.09342686254809472,0.030816367319349742,0.0791553045038909,0.07159079288607906
0.07365083434071405,0.1292431249855963,0.05645992816176671,0.0673980644275562,0.07883723493866719,0.08560079313050073,0.07146069234409014,0.05758889627002236,0.37976043140108634
0.07507924622570887,0.0451914841564709,0.08841243936276764,0.05616064729930358,0.13010928436781707,0.11369181603257765,0.40029211261306347,0.05372838161248667,0.03733458832980416
0.20280827055694609,0.07288272274840073,0.08787881958127101,0.20841130047074682,0.0745738479890004,0.1289795779186413,0.054632809989890674,0.09828694679418841,0.07154570395091457
0.05327543040370297,0.039346134223701014,0.04945764634694144,0.057378448500536396,0.2992378938870269,0.08092263157664722,0.30060324438091446,0.044245401865015,0.07553316881551463
0.07639926171801258,0.07113772766669273,0.0729080535523292,0.34754876234470383,0.04666974047489115,0.0837840417209998,0.06660832592638574,0.17578275769856658,0.05916132889741843
0.19736879851709335,0.16644946610063718,0.08057898433575822,0.12560190290314718,0.09926817454592264,0.08185925335593203,0.033777953529117645,0.1035233301856957,0.11157213652669597
0.10222801761549527,0.05060474592024686,0.12322793355415429,0.07875091656845307,0.10813857693693334,0.1501308122192535,0.22927224663801893,0.07049895727212059,0.08714779327532414
0.1287046418852309,0.05268347127897232,0.17043440961433487,0.11894498069203359,0.11345232391396215,0.18548874750837144,0.05371067297396051,0.09446409251344327,0.08211665961969102
0.04185954714476012,0.028351495657720726,0.05441258591298951,0.04250104621092382,0.016630946591342063,0.1497621734500376,0.5823554203814437,0.03705569167412691,0.04707109297665568
0.16105948598501418,0.044498843480792784,0.06657863439328392,0.06367481818169841,0.22520388160481986,0.1158908156971636,0.13293533376832992,0.08205902009855716,0.10809916679034015
0.1128459527431576,0.05537236255757768,0.06988669852110306,0.04576779808652742,0.05484835101010094,0.12802611952035312,0.40949295032869354,0.04337147723437773,0.08038828999810886
0.14113853452693775,0.048466075694795295,0.05838899687887961,0.2598522134984802,0.03206756655939884,0.0660836509789573,0.04840413810782471,0.29709425310008514,0.048504570654641144
0.10564304164534784,0.08494485980648131,0.11736306337601854,0.13351346814980614,0.23645819676749444,0.12523252399775464,0.05672976157972267,0.08393816541754827,0.05617691925982615
0.09278260112986009,0.07767122212231471,0.10310461596577332,0.11264821093518507,0.13464524505958164,0.27486886726673315,0.06419664781366329,0.06932388702829577,0.07075870267859298
0.16115007046110855,0.05875843854942179,0.08403841810683495,0.11642832241486382,0.0657813181421779,0.1469449400954446,0.07483800183094967,0.2270277349694676,0.0650327554297311
0.0863002480681944,0.05662545011190564,0.06105416397436116,0.26624794942273877,0.11313253780118049,0.1845446737421069,0.08368843267663047,0.10659566546283748,0.041810878740044695
0.10334343336441217,0.04182339586661238,0.09521571756615298,0.07627766898951324,0.09748340769655829,0.2999522816548373,0.05523200803015915,0.06981461114336725,0.1608574756883873
0.09456671071227313,0.09603576106785934,0.08097133934296623,0.09561356157812965,0.139423600000221,0.1061720073406091,0.23035225588801447,0.08303477677270037,0.07382998729722674
0.12035554444691865,0.060492849400171654,0.27320808865588886,0.05813887500738291,0.05217512149977227,0.15101415751437816,0.06028783409041714,0.09651730476369395,0.12781022462137645
0.12180092439599889,0.0541914214084977,0.2036614011897568,0.09377912736424764,0.07302526621164675,0.20799236961626,0.06445307244487992,0.0803107579382672,0.1007856594304451
0.057059833782247216,0.030379331519257407,0.07061029380395033,0.050022330593396724,0.030305100615237394,0.07944173219007537,0.6002719363751249,0.04384000407517192,0.038069437045538806
0.06387640279777697,0.03388862535276123,0.06751357826641925,0.05536554660549035,0.058404836833413715,0.08828083778133473,0.4952820807540308,0.05089071414680322,0.08649737746196977
0.09905561308703041,0.04227460375932047,0.08670569379539479,0.07747441363432168,0.08008554421364056,0.2214984576029724,0.2347963720798006,0.06468857658634587,0.09342072524117316
0.16360685512178927,0.0755340923958616,0.04929472007538562,0.1941031176496818,0.10097887592324435,0.08907836638824686,0.04567668372423295,0.26181174913932403,0.01991553958223353
0.0955761799504049,0.06619074078537153,0.08866117326481542,0.2454362428242561,0.10176703418295609,0.18078197150816586,0.05578969153383096,0.0787947873734581,0.08700217857674108
0.14962140151129155,0.06646342965411252,0.0973298366522336,0.07476761777409695,0.05765795803500671,0.23753042512760883,0.0753441669695989,0.0642891486289806,0.17699601564707032
0.08757031861162558,0.1906459165975627,0.06518799956287182,0.06756647973066264,0.10299579242823646,0.12495195753356454,0.07334524542626135,0.0537894018047409,0.233946888304474
0.18444074584643788,0.03970260166693366,0.08689374494883634,0.05304905060418349,0.05757949544074528,0.1209178655485204,0.06548247328841901,0.32104359891698114,0.07089042373894272
0.06900120281099881,0.06374150862037635,0.08090097895756819,0.053945202612782704,0.1638826815320486,0.11185996445965514,0.14870466515778671,0.05602419187220714,0.2519396039765763
0.113702158805382,0.1810552976235029,0.10068936232043217,0.06512886222696913,0.06285494155454083,0.22572225736605547,0.06721510994891362,0.10479209382781722,0.07883991632638672
0.06631550982946638,0.05333247356497655,0.5328305224744162,0.045035217107307964,0.04203173193366124,0.09389752492639929,0.04506960904781763,0.0543384366770131,0.06714897443894165
0.10983139585435846,0.04637197810249737,0.10635281442516185,0.08459661449339784,0.07869270658384746,0.2253321373744521,0.15512678086858991,0.07373670192805305,0.11995887036964197
0.33865620816290926,0.08444044070116798,0.1363772279896889,0.09756606463113876,0.03476244356842108,0.06649485206837376,0.07804569887778268,0.06432612708202108,0.09933093691849658
0.0841925114516051,0.04569471883714383,0.08969782630406503,0.055680019434266786,0.04463117644741215,0.3609153528089833,0.05258461720104818,0.055071987230963126,0.21153179028451252
0.10066105058390327,0.1400865294412139,0.06914623404011132,0.14214275198997905,0.0646054406837455,0.09185727016391525,0.06807068811525833,0.28055782871092966,0.0428722062709437
0.11609469077450356,0.28675016473723763,0.0666172248747282,0.2741555386764285,0.047109537753204735,0.07109217411665858,0.062039411150913416,0.04885374920401742,0.027287508712308034
0.09153912379328492,0.04109658374211351,0.12050974943659927,0.07355033758162116,0.05134460515582184,0.14969906036190642,0.30120119444615107,0.06254590613151328,0.10851343935098856
0.3175925751678374,0.040613899811428905,0.09014005703011495,0.1199432589375658,0.035294149054224254,0.08253872364245517,0.04754158866749011,0.21601759601918855,0.050318151669694854
0.1066851767687176,0.05363330788289741,0.09423723365596064,0.07218750654730803,0.14359973918874178,0.16558096132062777,0.23516009969794283,0.06471869410173241,0.06419728083607162
0.10405692575318648,0.0490405905347731,0.2090756579037677,0.0825855108170476,0.06485227233817488,0.13701958315276366,0.17784379662536853,0.07056039581693403,0.10496526705798394
0.12425714772077338,0.27721303810517206,0.07897419931424132,0.08552199120391646,0.10311501634599103,0.07533772644295804,0.04426413575546284,0.05831362671344198,0.15300311839804295
0.0965280274454981,0.054563240216211284,0.08457437142613444,0.09085262344809393,0.10178148353887656,0.2968608418218976,0.09928716802783671,0.0683291568577864,0.10722308721766498
0.08376659289274847,0.07560483660022553,0.07136717107374287,0.20729767617350547,0.16689978638872405,0.11279372812303214,0.1520197589652195,0.05985428227565979,0.07039616750714227
0.07295061963852721,0.03768869081770943,0.06176833349115455,0.0642096236489252,0.05276182197739763,0.10733351718562036,0.20182028895981263,0.054331349355419556,0.3471357549254334
0.11925898575662507,0.05721698570970457,0.14476856882707784,0.08354985680835429,0.06649654723323026,0.2567006998962561,0.06093062657506478,0.07628398944072706,0.13479373975296002
0.3405020863749866,0.06731897351060089,0.05326940983375795,0.15663605692065524,0.05631126840500799,0.12753765584854648,0.07172291487243243,0.04802897734024103,0.07867265689377145
0.14494246961350457,0.11426769407350973,0.05441622368076466,0.09189456464368728,0.31479698329973804,0.0889166674122328,0.06396005990006402,0.05916465252522057,0.06764068485127833
0.11054370194145581,0.04630442418658545,0.1063177584278021,0.08520893553859626,0.08221403197728894,0.2727131973490578,0.13028005445151078,0.07393434991574181,0.09248354621196105
0.06931319941174537,0.08848775493125736,0.08842497943828974,0.2747489557774146,0.05302137716278461,0.19153540794558052,0.06394498159303347,0.08048046824200093,0.09004287549789347
0.29675653147439,0.07972329009270301,0.10756810255253178,0.0887222791212537,0.1524665825217363,0.050115044352256444,0.07278380652244894,0.07354555073926321,0.07831881262341661
0.0968142611286004,0.045900337497259025,0.08838027586826097,0.08689456343242424,0.0906578659373475,0.26766770808714535,0.2121952767311006,0.06413416946953408,0.047355541848327874
0.2378200722957791,0.12729140709401088,0.10026881545907941,0.12406784639819364,0.1352444060018094,0.11253015421209717,0.04275381243763412,0.058175777771479566,0.06184770832991662
0.08523564300407631,0.06884008801860772,0.07619797630779176,0.19935246504334114,0.20194765832366335,0.1333822631063726,0.09592104327507767,0.07055477019495125,0.06856809272611815
0.13518940760156117,0.055906137641764254,0.14572637619244974,0.07138552361790257,0.06235020283734748,0.1844823948593106,0.16212638074617156,0.06756495127993077,0.11526862522356189
0.1667913972630758,0.056124820830477144,0.1344781617723434,0.06859853116431258,0.05384230807693963,0.15881060521716286,0.14328682083311547,0.06638028981370404,0.15168706502886906
0.10868395582992289,0.045559379389800425,0.09876057422227792,0.08336643184859012,0.05666381451295973,0.28163075285351585,0.1530821027354077,0.07056618944202994,0.10168679916549539
0.3322323721412596,0.052320688851870405,0.1638019151432272,0.09215924098760546,0.04818931253597201,0.09729772091906834,0.061784731896798416,0.08115798970600863,0.07105602781818991
0.05140087677797963,0.07059008691161572,0.023780898422352936,0.11790894560216451,0.5179470972358495,0.023734644082571643,0.1197464849822625,0.05831195136977354,0.016579014615430064
0.10799234619232245,0.06572840538655424,0.10503779101982362,0.07752498567495762,0.09281933303898776,0.17051008713745405,0.12662168725538248,0.09434643020205206,0.15941893409246577
0.12175044670720059,0.07835126620580897,0.10785310170639976,0.11906450151129884,0.14322629019337765,0.11729289749535647,0.09736138597376011,0.12582772447749072,0.0892723857293068
0.07889152301303996,0.034810731862329275,0.06604722370337895,0.0637880372802913,0.04347644013190604,0.30845234187827697,0.28515104600011815,0.05369570287392613,0.06568695325673324
0.11051756487860907,0.07522873415895422,0.08894808732855171,0.1502671258746327,0.1957788445773053,0.18157974425420695,0.06050478093177569,0.07493522632389733,0.06223989167206703
0.1633076989470484,0.08674627753258503,0.07837528858500488,0.06781256619462288,0.0466983951157664,0.19804766033897503,0.05339886109787881,0.2262896453301614,0.07932360685795715
0.08564870206755341,0.03937394922713353,0.08336662176811584,0.07053474296233496,0.05925111140042663,0.16437947890786694,0.33737332245073975,0.06098881053423701,0.09908326068159194
0.18207882824148222,0.060847858568298524,0.07380634357481092,0.18162856023983145,0.046091017599441154,0.10519461516077633,0.05086831290810965,0.2423792684393408,0.05710519526790897
0.3674576658068139,0.046183998749370014,0.07564347439492243,0.2269880344088234,0.041685028785339036,0.07141756897712742,0.047126641530079026,0.04911343308621314,0.07438415426131163
0.07433927873548953,0.1016436900094766,0.045621095912782385,0.08158747190767278,0.2744952482468248,0.08891853404180516,0.2142858479257038,0.09620808405850052,0.022900749161744505
0.17379355245471792,0.11147836741721245,0.07610718889839688,0.11163868718369747,0.07281312990451212,0.2470064225059437,0.06525534301503778,0.08873053922935344,0.05317676939112828
0.07532751445585417,0.05098097082464408,0.07105475526382453,0.08530569916744536,0.26095370644286126,0.2921662061592823,0.08002439647817679,0.0561623914855063,0.028024359722405325
0.20251486582375225,0.06506416927139595,0.07577943787244505,0.2095453351766129,0.1525992586330725,0.10847834177271458,0.07169774852658004,0.0886946462954342,0.025626196627992457
0.03651829385284915,0.028934846392117686,0.03681483100641259,0.07524228421592849,0.28137446543979316,0.011633220591862321,0.0635725968505842,0.04192486400715812,0.4239845976432943
0.10228997836764901,0.04745935642470182,0.09038560324934186,0.08224491113804724,0.052312893596142385,0.17522455257619174,0.23776369550069076,0.06886988115193421,0.143449127995301
0.09255027668656139,0.179193179594105,0.08035760382687568,0.3496071837553924,0.05785641645778874,0.08571854399961308,0.06478461153423214,0.05780649131876528,0.032125692826666295
0.04663976961778565,0.03070636531431868,0.0493606291561809,0.040766898433103764,0.06618553688480157,0.02895016762002824,0.5291946292484858,0.0386654409540202,0.16953056277127518
0.11038259481378813,0.04662752531403474,0.10292415459464284,0.0929145506226356,0.14983948494461005,0.16940997998177745,0.12901864915182837,0.07695979956501105,0.12192326101167168
0.04333796956074678,0.028679124320794752,0.07237480185329256,0.1028074306999787,0.03724401136772406,0.11945959915639377,0.05535914225356551,0.4745540429256592,0.0661838778618447
0.10347832361000608,0.05777548993263265,0.11535689639597664,0.09385823398036634,0.07871300570398392,0.16336267108410726,0.14364892210996066,0.07690964647433148,0.1668968107086349
0.047495653164454976,0.026686172888896492,0.04959927657497165,0.042833668332150826,0.1589262749323944,0.04050221898577686,0.5125255402906483,0.041142120421517235,0.08028907440918924
0.027956527816804893,0.04404277137260305,0.019634953459501402,0.10591703090124939,0.3024154897221972,0.29316925478846617,0.0035594934460685995,0.04030563916781058,0.16299883932529877
0.10381781782939929,0.08383804160047943,0.07381066725723937,0.13456773307756623,0.0714568886335865,0.129315923653087,0.044918972141901194,0.30198461799247717,0.056289337814263825
0.12322418560419222,0.05351214663152908,0.11414061100460227,0.09649433972544069,0.07987143306518639,0.28569232578250686,0.09124760046019254,0.0765997707526656,0.07921758697368438
0.06074780564646234,0.04340994092811554,0.2280124779685332,0.06060547387024329,0.09894971091041505,0.04483647741913608,0.3666889413618471,0.047022142307961444,0.04972702958728592
0.13189644631944128,0.056710381260401475,0.1919653296029041,0.08641198174177082,0.054233854220063854,0.20038372319943007,0.07180357744377044,0.07202597313187224,0.13456873308034567
0.29640901322405755,0.0481150768551104,0.07368354733338782,0.14530938453411402,0.05668790008743191,0.10728875364798918,0.06451689625386324,0.15361421567648545,0.054375212387560434
0.08738909467418199,0.043548117184211386,0.08400384093437097,0.07960825969541437,0.07972425490593768,0.2294152985883103,0.09439885032506896,0.06885415964481137,0.23305812404769297
0.08640571992324471,0.039293446054161255,0.10325767644294015,0.07135483984862044,0.12142123567546853,0.13084175407152063,0.3157008508281946,0.05843274199912104,0.07329173515672867
0.12439988477796889,0.02308111669193827,0.04584075514311369,0.07182894827204295,0.030732447559689097,0.06417267546900703,0.03565761628857957,0.5771697339314131,0.02711682186624741
0.08523564300407631,0.06884008801860772,0.07619797630779176,0.19935246504334114,0.20194765832366335,0.1333822631063726,0.09592104327507767,0.07055477019495125,0.06856809272611815
0.07688442285609277,0.045092829714348005,0.06294568412332109,0.09207174620560628,0.1732245504132485,0.10610869494129106,0.3415001116559077,0.056826108306710886,0.045345851783473674
0.21157594322759996,0.0788385167061272,0.25399693150871416,0.04861797574496518,0.035971712863662415,0.0882424912683551,0.0803944670360575,0.059555910081434536,0.14280605156308399
0.0445015241973571,0.02799060637445813,0.04320548896706019,0.03723017455361377,0.3058192322031181,0.147437034602104,0.3436957724382202,0.03607329928104524,0.014046867383023173
0.06512160155225849,0.03333556138304548,0.07367028812093326,0.05674187376595203,0.1238269062710833,0.08511221747717329,0.40735073337291466,0.04980876780238652,0.1050320502542529
0.11785115097703895,0.07248408529849129,0.04301986174032632,0.07239766963265887,0.39853234163091916,0.04825132254386636,0.13675159480964666,0.08575150631488337,0.024960467052168978
0.07046975905328608,0.09078283823646345,0.08054616429205581,0.1060055176089648,0.3549371782740256,0.09256585449059378,0.08090579443217637,0.059653044447871346,0.06413384916456275
0.09941014384177764,0.05456971953285927,0.11256281571751843,0.09664848716126499,0.12429618043221391,0.19483296876946246,0.06286567980823954,0.07964126441979295,0.17517274031687077
0.16805793463279736,0.062344040806489275,0.11358675012751558,0.09549419420772488,0.14533903377967872,0.1983177796461276,0.04423338275829101,0.14452633523658145,0.028100548804794078
0.05945421125503908,0.04906744271832505,0.5854978754716913,0.05778497862653636,0.04454122116623981,0.06350173192364048,0.04593224759865805,0.0426134630408016,0.05160682819906817
0.08656286641447425,0.4902697865239092,0.06199316902780161,0.04780042959960303,0.04544263519531635,0.013992613963771374,0.03848800392217134,0.03709212139512311,0.17835837395782972
0.14796966217033844,0.05824853003142535,0.0773424607492806,0.11220749095014433,0.14017833237439378,0.2207764999949404,0.11230645735197796,0.07455459746650688,0.05641596891099231
0.0843434761189981,0.09834177479921984,0.09031557766912612,0.10299735046955104,0.15298196064672406,0.2881947531739177,0.06026158705881679,0.06320887892618321,0.059354641137463186
0.10334343336441217,0.04182339586661238,0.09521571756615298,0.07627766898951324,0.09748340769655829,0.2999522816548373,0.05523200803015915,0.06981461114336725,0.1608574756883873
0.07078467687337357,0.03290438393380356,0.06920172728382891,0.05477283417789999,0.10319438450458429,0.10233718059570036,0.4818757909444366,0.04846778454750001,0.036461237138872706
0.10767114018382397,0.04510104459505474,0.08834725876929865,0.10050728947507691,0.06194955467311431,0.12579748153765302,0.2692982330978739,0.0695517915913879,0.13177620607671672
0.1315085131312946,0.07784503400585811,0.08672583017305936,0.3161113077533802,0.04444134410388683,0.12097328566752659,0.05773632475590353,0.09765916016679226,0.06699920024229862
0.11763921249627485,0.04680224740638461,0.10911254507384528,0.08971538307487782,0.06956345426944317,0.310107173217905,0.07680288415169578,0.0751265877011063,0.10513051260846716
0.12899280717876394,0.03430513573184948,0.07036102545906973,0.07361532350921711,0.19041551492349065,0.08963332352825416,0.17402047166477488,0.0586218384810554,0.18003455952352462
0.09468490784406157,0.044742681177582504,0.14846987363081457,0.08191325128255121,0.05426030860881692,0.18358193992078464,0.16676968735024764,0.07031111034347097,0.15526623984167004
0.06688759316529054,0.05496103673338343,0.046159998477356086,0.5162755346002913,0.1086333468374902,0.07356993588724364,0.040133724595042365,0.06522240956174662,0.028156420142155802
0.09501523288097997,0.054465781336264285,0.06048619226506139,0.06425357727346916,0.2672315514980871,0.08605377747560355,0.30168934741928255,0.04758339069353306,0.023221149157718796
0.10615826340899466,0.04244492896580233,0.09588023400645958,0.0845630506747389,0.10996402257489611,0.24129276817004017,0.10092261556935234,0.07273694934725468,0.14603716728246116
0.13656564432898763,0.07274579945059856,0.10900774720640116,0.12316008349990011,0.0718341398787651,0.22709265833083425,0.0850151932287631,0.07911219716642014,0.0954665369093299
0.18579424884099463,0.07197223326065119,0.11920312804749907,0.19123930943741504,0.05635657552775527,0.15816301422748094,0.06520196250853799,0.06991903984986826,0.08215048829979753
0.05641498139311715,0.026598011617093922,0.059594181167140714,0.04110029065237552,0.2626288682743493,0.03770750838302198,0.41531436705955166,0.04253412792840169,0.05810766352494797
0.08133827160154523,0.05170412644413005,0.2915068626220417,0.07125541841105365,0.055254434822206266,0.27085368838055635,0.05085316777610002,0.05767902544063488,0.06955500450173184
0.09707366328812062,0.043510330934723666,0.11040230324927823,0.0764831930864101,0.10914182549097658,0.19140006749991853,0.08571064296884086,0.07164942098934801,0.2146285524923834
0.07638411451993155,0.03674894938636572,0.06374296010413498,0.07503183605194895,0.08130635356959176,0.15438637177998785,0.37667522410522175,0.05803747177455501,0.07768671870826253
0.040196112725296156,0.07850329275577997,0.05268941503084686,0.06561548105165964,0.22613229474353227,0.06937277547820174,0.009122172724657858,0.044121782028800606,0.4142466734612249
0.11763921249627485,0.04680224740638461,0.10911254507384528,0.08971538307487782,0.06956345426944317,0.310107173217905,0.07680288415169578,0.0751265877011063,0.10513051260846716
0.3215823428914329,0.37761438593140495,0.030681433954706253,0.10504708306348204,0.015131998065169164,0.005640460537784389,0.03647312449393323,0.014150583558252867,0.09367858750383425
0.050535017961857075,0.03055830671611917,0.03848377301064783,0.048365111255770234,0.27609617628441185,0.23518155840676871,0.014420046276895407,0.0450457018902968,0.26131430819723284
0.046530937910952086,0.02826730920529219,0.039089236817190946,0.043202956202232023,0.05722880534690614,0.04290157524211091,0.3719692080072226,0.03881159770186218,0.3319983735662309
0.10305657035716452,0.05389319639749262,0.07878795215945782,0.3415108342076554,0.058774055582572954,0.15589799903213578,0.07498098243353725,0.08377204138255874,0.04932636844742503
0.0582157312373765,0.05205889714610628,0.6269150300547414,0.05135753207190347,0.03497994561182316,0.034224889849487856,0.05158911517814929,0.03863160482822844,0.052027254022183535
0.11159602529701244,0.06058026005703646,0.15685617129486526,0.08466959956887372,0.06349267490678308,0.2538442766173214,0.07830851121157188,0.07516710978568397,0.11548537126085179
0.08872533243028176,0.04969231938720605,0.10628201499647101,0.05667254752603861,0.05498480712770351,0.12956692367984732,0.12498050437649355,0.05324278403588913,0.33585276644006906
0.10334414068405755,0.05887381376816197,0.11008003919529542,0.08122684333797746,0.09476636755095817,0.29848987904383006,0.07489513302963768,0.07294580311589684,0.10537798027418488
0.07115891752915299,0.030807716513821942,0.058034817002338535,0.05808761024467544,0.04038416432092778,0.5966152750029957,0.05122002084440203,0.049734234853333566,0.043957243688351945
0.10987656753535889,0.04375205184884162,0.10334748802469423,0.08534590266737639,0.06566507599966592,0.2757749775918587,0.06267097816634869,0.0723885597665081,0.18117839839934743
0.05481951942736954,0.036130935158180784,0.07306106883138809,0.0596857561615173,0.05258584619793788,0.08016441113030105,0.528450321888322,0.04631909900941588,0.06878304219556754
0.15279007309518608,0.07841895280923905,0.08742018851077082,0.04856031749377806,0.03652765613185339,0.1432751647214808,0.09050305235590948,0.05530112153032233,0.3072034733514601
0.09260723624500468,0.0569716743349602,0.08239082561947723,0.10241917369871419,0.07281466023553439,0.21165525600951707,0.13426453786721146,0.06938960258045518,0.1774870334091256
0.05361976045053065,0.06750131180303506,0.04360250712757715,0.031123964407544568,0.043843917911788516,0.04102153529763602,0.4973261975980554,0.03772965981124469,0.18423114559258794
0.04538101246315356,0.061615648812971345,0.649169677768293,0.0525132047746479,0.04346674782812739,0.024448137792334044,0.04222414853583171,0.040517250228499384,0.04066417179614163
0.08068134140144896,0.030832477216208246,0.04513069474888614,0.04512169825884621,0.10159835593951554,0.13748696762109516,0.013527718521384492,0.046204964259515514,0.4994157820330997
