0.05210841580152906,0.08247578995298448,0.1966407496394881,0.033413061438182894,0.14831011168992925,0.1493365756207227,0.13592131353807144,0.030529298983535208,0.1712646833355568
0.09069252982450277,0.12333786866879604,0.11917062224559115,0.09212503615883051,0.09285797355458764,0.0978136355965709,0.11974270681923731,0.15140181635836084,0.11285781077352282
0.22778471214536955,0.08448963909610296,0.036102660085696035,0.17703692356930523,0.10522186228807752,0.14037946570148443,0.09646316382072956,0.03546263808330779,0.09705893520992694
0.07648190381657465,0.11251566968733896,0.10094598894601758,0.16940105441938094,0.09736893842420868,0.10224586134895071,0.11083616323081098,0.11533509582790387,0.11486932429881364
0.07673603875029232,0.10372181491394601,0.09836547704452137,0.20162450577908006,0.09439307191451175,0.09894649155749423,0.10557970922974834,0.11230348550743574,0.1083294053029702
0.06614204904857975,0.11396163236541496,0.07649097719625415,0.1357624714854517,0.16423889916991563,0.12990490006279387,0.11216568699417682,0.07846710749874325,0.12286627617866985
0.06025351602463647,0.09146740898363892,0.1527620930018867,0.051941664936899834,0.09424055960814132,0.10562712553747632,0.13647550483476853,0.11690261902177833,0.1903295080507735
0.26319032339959764,0.07898321441160062,0.24086810086258983,0.03680098741998799,0.012014680659337062,0.1628215544865044,0.07440273370061865,0.013356290333430415,0.11756211472633334
0.11546111617750059,0.11726840969013065,0.12117118754955936,0.05014942322764576,0.08857533301499532,0.10022146483406813,0.12109888547594065,0.18196704659599727,0.10408713343416232
0.22851302318988512,0.025527333879457815,0.05355760713170329,0.036395631773105,0.3724465761891376,0.09340238765544129,0.07194936022533556,0.07714774083483446,0.04106033912109975
0.13281161755397533,0.03820336994064328,0.06219115618146781,0.06263414382882312,0.3638019840865511,0.10830762241901622,0.09124673261809768,0.07756589636120982,0.06323747701021566
0.1256882953094061,0.06956869202030508,0.13028190601143816,0.06380663711535518,0.21753289108613327,0.10546398605684186,0.11570303216749113,0.06958812307420657,0.10236643715882271
0.12517396598202243,0.06493195313248912,0.08143954879586708,0.07518755318716513,0.2840755762015789,0.0868301237953048,0.10203807656078921,0.08954290710024604,0.09078029524453725
0.07157306534018577,0.19209496755592195,0.10941590742672262,0.0550733805753541,0.08127981181719708,0.1284913536674884,0.12616324311280583,0.0746789983577954,0.1612292721465289
0.0912998424035865,0.13473213757489966,0.11555518092903001,0.07357900756206567,0.09507209092574759,0.10116874030336524,0.12272722484982194,0.14940450629262167,0.11646126915886183
0.08417606959106767,0.11734101888312759,0.1147713659902242,0.12487429228492743,0.0938100466864013,0.09794201599994275,0.1158288830646131,0.13764987175598722,0.11360643574370873
0.08509287002533421,0.11871523473304459,0.11521207772435217,0.11986682001907424,0.09385266996823544,0.09786101483175304,0.11657510404850772,0.1390780426510553,0.11374616599864329
0.0846562578851381,0.2032032464798141,0.07727724157747388,0.05321105429350953,0.09927248911496239,0.12077222014796869,0.12744321928404503,0.09362740429782129,0.14053686691926692
0.06022805577181425,0.10296599338547345,0.3016959797717195,0.04981891386733684,0.02267347934129658,0.1611656087887586,0.12041806549627038,0.05088225776981072,0.13015164580751964
0.03516047497295759,0.09226560295769477,0.34965733202249893,0.04377168659778144,0.021378962930865966,0.12438095329630201,0.12607403828262434,0.08650811383634198,0.120802835102933
0.07814554743304304,0.10753645961425325,0.1027915381974873,0.18123588919677847,0.09454906816702818,0.09868541316314106,0.10850033030540988,0.11823181022323644,0.1103239436996224
0.07553783162067257,0.14277427207990803,0.09931349893030927,0.10247647509114054,0.10474664520128801,0.1104567776026687,0.12162451050753297,0.11346079938118436,0.12960918958529558
0.23986397500622236,0.023753988553806903,0.05492683278857663,0.027335157429502138,0.38667234538792417,0.08979452757563822,0.06273576379013417,0.08002343846625996,0.0348939710019354
0.4892245243898059,0.057413328006683195,0.023359273543676493,0.15798106295201256,0.058798809423885594,0.14651055919873282,0.029191004975828858,0.014377512058472467,0.02314392545090219
0.07370720510205593,0.11886254376696563,0.09531267475983934,0.16199550480748026,0.1019168662931431,0.10779817762676798,0.11284183380452291,0.1069666876795851,0.12059850615963973
0.08646313484526418,0.12304419970683717,0.11286577635959771,0.09627526048789159,0.11303910475188007,0.09921193758090939,0.11851743495197037,0.1385245331385212,0.1120586181771283
0.0980730953224556,0.12409149995251305,0.11754567775563363,0.06589883222937533,0.11094951858858824,0.09844455555198595,0.1203140141986423,0.15756808826502453,0.1071147181357814
0.2668695432964601,0.10220245964138047,0.14626719631970767,0.059794393438025374,0.04925325674351308,0.09288177491939735,0.09920325790037031,0.06703917022217487,0.11648894751897071
0.07841534667000404,0.14272428480768826,0.06467366609987032,0.05468551552562031,0.22080110700864397,0.12530300391467733,0.11841873475300387,0.07881327345513274,0.11616506776535906
0.08925802113124813,0.1400565739132871,0.11307772471289207,0.07094891873426767,0.0966807581575116,0.1030109142462593,0.12348591776761907,0.1438390609307315,0.11964211040618351
0.07395427428858094,0.1684132076105577,0.09395763040671305,0.07220941719397114,0.10794108620666117,0.11486368797779585,0.12522961524206006,0.1071194240586359,0.1363116570150242
0.10237415539456353,0.12191791017469851,0.12232741715642008,0.06536686968802984,0.09055112364934444,0.09847479198695945,0.12145828172803401,0.1681912652974922,0.10933818492445796
0.07323115950278979,0.1331817632369687,0.09550244155084094,0.12752088132963443,0.10560568692803586,0.11186007032526207,0.1182890740747536,0.10661527142647247,0.12819365162524213
0.06851047552297952,0.09762962042603784,0.07461585764510657,0.26149908506591224,0.10048603020216777,0.11253172163249635,0.09628123219135583,0.08142101949675888,0.107024957817185
0.2661919514300031,0.06023630123683151,0.018572702777275765,0.3188014384187503,0.06717116595287674,0.14010563816618157,0.046348685997393314,0.013475143835081258,0.06909697218560631
0.08775276049725385,0.1205941186734056,0.11790932029182792,0.10563874314324943,0.0932700158090793,0.0977413766640089,0.11815956574573067,0.14528063131650085,0.11365346785894341
0.317057374461828,0.06139045112623221,0.051688860665872416,0.06710612655525443,0.26847890180892786,0.11008865553627967,0.07848697852569296,0.010999539480129243,0.03470311183978327
0.3355462540248684,0.042486718524905244,0.023166379276902616,0.11471228618080254,0.3281696965030319,0.08801563641297705,0.03703827947066568,0.017299842010651646,0.013564907595194917
0.08540312000416898,0.11867464772395607,0.11598467055558903,0.11758427341295108,0.09365015341610683,0.09785093974655729,0.11674560054105194,0.14038380414289134,0.11372279045672734
0.10044824481839361,0.12218563323625965,0.12236486763726144,0.06859153501641153,0.09083036162795512,0.09828158124807373,0.12130600665372067,0.16594403964757357,0.11004773011435061
0.09030730482081971,0.12185457782793403,0.11955035929409774,0.09504326098911808,0.09277598470445768,0.09771221787088445,0.11928479180187583,0.1502220697401551,0.11324943295065726
0.06317721030681538,0.14727649570428678,0.11904067368442862,0.08890078174562512,0.09442305598950766,0.11573609439014716,0.125238283088324,0.1114697532415705,0.13473765184929484
0.07788595447290225,0.12166475115081625,0.06471439796073719,0.07185870609590186,0.15973729869845552,0.12968250267045475,0.11074625174120378,0.05524804630784399,0.20846209090168444
0.07377064143439165,0.08261247683975113,0.06983150299428899,0.32920644787867503,0.0903078374435694,0.10087235765982423,0.08437705305228034,0.07960262622946167,0.08941905646775755
0.45921527837856974,0.05418238943089413,0.02220620982133575,0.20042349086280584,0.058799479790825615,0.12030459418221041,0.03849365339196321,0.016250206544702966,0.030124697596692243
0.08394903367988626,0.12116312050229049,0.147506210611118,0.11835716341677298,0.06995144548736433,0.10668986842871887,0.1179889298920302,0.10341170207760302,0.1309825259042159
0.08183965949606488,0.11470063308311124,0.11085580438632388,0.1427232381720062,0.09433839302910664,0.09815829091541702,0.11370424311528982,0.13064693898839833,0.11303279881428187
0.06912062255715817,0.1280831609772273,0.08668087867304224,0.14974734330261155,0.10989857661447573,0.11932624571654867,0.11489691936264441,0.09239739712808519,0.12984885566820675
0.20198770635090577,0.041046961293296484,0.03337115871143836,0.10824211755099478,0.4642213351163958,0.07977643962335741,0.0232450395291731,0.036526388722481706,0.011582853101956647
0.061343115575080126,0.12089564594806855,0.18717278063332066,0.07017326223836473,0.061662571324040565,0.10788472677822579,0.1299945820323322,0.13623749854653247,0.12463581692403487
0.09931154884457864,0.0838769829211105,0.14203427619879685,0.09726639582853495,0.11268985181066997,0.17069514874856573,0.14047020536443125,0.03876137039050031,0.11489421989281179
0.04358463978714003,0.07377970299505458,0.09472971891354916,0.07650596608997252,0.31176540948067855,0.0923918429241261,0.11020590609150156,0.10053918369818558,0.0964976300197919
0.03522378678864655,0.0915165415888301,0.04396050394384268,0.05053009093999855,0.4409213131519163,0.11457082276526694,0.08553380824952284,0.03981745704469155,0.09792567552728439
0.08632396844975354,0.11972711379565815,0.11653684345825766,0.11286814696541221,0.0935993845643483,0.09779226319237566,0.11738022201936849,0.14200854837445223,0.11376350918037371
0.07684450936873148,0.10227734939020265,0.09619621461662116,0.21018134587529178,0.0944388776836268,0.09882477528529714,0.10442898270805218,0.1090719737489066,0.10773597132327024
0.09195069726848037,0.12248115649849188,0.1195003574369385,0.09172323006817433,0.09282766626182841,0.0976055765076413,0.11980514921396661,0.15072482062594852,0.11338134611853012
0.08526241106702437,0.14268944901645567,0.11005922371492143,0.0770524021570234,0.09860167503129912,0.10431687849570981,0.12345104032795236,0.13603071760864557,0.12253620258096835
0.0793085003347387,0.11019695841472767,0.10573480479052293,0.167280459836847,0.09456929866356173,0.09849584940019934,0.11044609591624471,0.12248001294253424,0.11148801970062368
0.31938220997900996,0.0788711982914607,0.09589218090340255,0.04457784290138348,0.037263357875523824,0.1738899092135515,0.06938358328879025,0.009891062800621991,0.17084865474625574
0.08510744295579586,0.11868512952747771,0.1152878129382225,0.11971571980074774,0.09383029299073736,0.09786140415788465,0.11657956822199671,0.13919059822720536,0.11374203117993209
0.08949387541490077,0.13256893284612528,0.1156536662372591,0.0802396330346161,0.09535869469319998,0.10100223799685794,0.1220614612923973,0.146169459768681,0.1174520387159626
0.07404667243917908,0.09596534189860086,0.08509924728949463,0.17809792596251828,0.15020350372362676,0.10849915314232368,0.10628026661430473,0.09556456600092415,0.10624332292902781
0.056989636526807934,0.13395421129720286,0.1659788578864456,0.06667626386720828,0.07048829194386035,0.11632152976963879,0.14018097265033871,0.10903343871879186,0.14037679733970562
0.29666317881302745,0.09491584995257916,0.0776503865311972,0.10420495075133773,0.044042136672686284,0.12298390661263868,0.1021309986437491,0.042868376512385425,0.11454021551039907
0.10299001961942983,0.06816399167062824,0.03776591640357313,0.4743919380691146,0.07374977463028314,0.12932128235117313,0.036681793329103644,0.0363695085234046,0.040565775403289615
0.07507322783284431,0.09800460715136262,0.09170204821568484,0.2323630582735797,0.09380967026081549,0.09934354281058781,0.10092701969227895,0.10406111772329545,0.10471570803955095
0.09241039900149539,0.12228360928092101,0.12070121981672817,0.08773256392093172,0.0923021396396877,0.09775278001641312,0.11994273151435904,0.1541547504536761,0.11271980635578778
0.09896707067458461,0.12255646560376347,0.12211944615267567,0.07144884525010907,0.09113623853664893,0.09814274694230858,0.12119929254588939,0.16380973161245496,0.11062016268156537
0.08165365593614135,0.1145054501077672,0.11037651810451328,0.14451436240703733,0.09441003195588864,0.09817612918335195,0.11350624677551614,0.12989864451906316,0.11295896101072093
0.2378159856339694,0.11904624651249225,0.07137240463100371,0.07259416811630491,0.06190928882073421,0.13633673391247803,0.12408532716050595,0.05631132508943454,0.12052852012307702
0.42273150478972693,0.06913254009740924,0.0263007217123519,0.1789699362038293,0.052229607001350466,0.13764871235791445,0.05203134594061737,0.01561233202563869,0.045343299871161674
0.07546870134399054,0.09951569473545564,0.09345001379910502,0.22423116317235214,0.09400801301548618,0.09923427229477444,0.1021917218897338,0.10616023241716559,0.10574018733193667
0.10838236436738646,0.04547295538733558,0.06815346436306205,0.11616965073347076,0.3094805330399745,0.10526571290198046,0.09335084927124006,0.0829280821541848,0.07079638778136531
0.17665555751166942,0.08046114311594897,0.29170337522255224,0.03555032755812151,0.0069304821144085295,0.16246205009220707,0.10227231100107263,0.024974928516741185,0.11898982486727842
0.05141338489850192,0.10110011836467692,0.3242470630900156,0.02910151422588383,0.007760220702456275,0.132272484367674,0.15365995029635623,0.05778230484769165,0.14266295920674357
0.07162524323360935,0.11684629183253407,0.20638677346921494,0.03973517617646231,0.04746687882046636,0.11381807832851541,0.13924817538931375,0.14335362123813172,0.12151976151175208
0.3654202779860644,0.052174754995742846,0.06257640489602055,0.0464253925357905,0.22988559252232285,0.0898946563689828,0.05442867790609171,0.011714524784772189,0.08747971800421218
0.08044483508923246,0.11240762831778973,0.10825031221821418,0.15535334696142142,0.09449644225964209,0.09833263448781025,0.11205211303811259,0.12633817635194683,0.11232451127583055
0.08985091870808282,0.133039778572717,0.11569989743323221,0.07859856379278861,0.09532631897974997,0.1011082828311441,0.12222663337309585,0.14671211695139785,0.11743748935779158
0.09544156686303111,0.12276095696994925,0.12151588395138713,0.07931265177537773,0.09177725075409605,0.09788428199756455,0.12068412999211413,0.15878306930647476,0.11184020839000536
0.40175072634866565,0.058450122660198445,0.027215319702114025,0.21086591246055505,0.05386282185023486,0.11526692942576004,0.05999151999629582,0.02307742453284203,0.04951922302333406
0.06701204085152392,0.13061773759781992,0.082608804228947,0.1468121392293375,0.11392151558122865,0.12632289431636332,0.11469175646947834,0.08465878251552593,0.13335432920977552
0.15410233959425587,0.06777620292111151,0.07497450947075669,0.08875854228119068,0.2567320358135954,0.10238725717204611,0.10078264951237699,0.056430498207712156,0.09805596502695459
0.0829402042757371,0.13602119671545126,0.10987982926194621,0.09249143308448839,0.09864439722615244,0.10366202657091901,0.12165567084315758,0.13265444206534782,0.12205079995680024
0.06883272385002741,0.06563906896078436,0.08863367854240023,0.040615645160287636,0.3115048194653172,0.08709451895804116,0.11042689019025331,0.14860778298629407,0.07864487188659453
0.260785846477038,0.021994920098279327,0.04335345747537594,0.05973477881067576,0.40466599626380145,0.10805725853389618,0.03529599288183733,0.04657797101479797,0.019533778444298145
0.3255408702763474,0.09337050424140259,0.1358046842095089,0.047642811293447974,0.02600265954529177,0.1087529076629467,0.10055342930591944,0.03599837610136996,0.12633375736376515
0.10228617365649491,0.12193239866567569,0.12233099210349428,0.0655063581940585,0.09056365708997495,0.09846550897745147,0.12145257849672812,0.16809131805925612,0.10937101475686606
0.43681602046381673,0.07066004568175056,0.1325595634399945,0.03948562267683615,0.006194275286143802,0.11903832885975485,0.073924153988578,0.011226783885975138,0.11009520571715022
0.4752074215638949,0.0595835094521868,0.035362424157892036,0.15746900101239017,0.02960682260158959,0.1614758880818568,0.04007393946377102,0.012215312344375236,0.029005681322043352
0.08370252127675791,0.09656439938043326,0.1621798272190244,0.046768854040034835,0.07019683182213893,0.13794027284424334,0.22708073489911137,0.06147364425626559,0.11409291426199038
0.5250144135212953,0.06170645980502406,0.0401779325195022,0.060649490207043494,0.07933583373128068,0.12243530857672119,0.05585287278638305,0.009478655863571989,0.04534903298917806
