0.15594155459265943,0.13137487402,0.06695891645843131,0.21156889716506286,0.1361512629621002,0.02784396051392185,0.12675083162300063,0.0856243662336204,0.05778533643120334
0.07894450912709167,0.11116152121672972,0.5362980895812562,0.0840397642801776,0.05481157347577579,0.002776980401654972,0.05079692980529821,0.046137785771151664,0.03503284634086417
0.053976756632076746,0.08259491704586717,0.04060966636262047,0.18342971263256844,0.05989166287715012,0.004003953034782919,0.06517958674182028,0.05136764074960335,0.4589461039235105
0.12194443413551455,0.12459066649010427,0.04409019389661301,0.08716203629163022,0.13413050969293341,0.1351863235053251,0.12406077764691081,0.11923235679144828,0.10960270154952034
0.10165264905533129,0.12329155079457144,0.36554651752348094,0.099993722204764,0.06781181228711902,0.03001951461958641,0.07774791546291925,0.08591665941737477,0.04801965863485292
0.12803480700208283,0.13100383895746495,0.0451365598502036,0.09310552541278462,0.11256284158891468,0.1270984613040361,0.1309143132161861,0.12735771479439903,0.10478593787392797
0.1358545540845356,0.1459928209966702,0.04228578143776429,0.10241261626962056,0.09837129543302504,0.09468760354875295,0.13326507093081877,0.13875356685109355,0.10837669044771907
0.10838526883235083,0.10025443878630243,0.06877816314102404,0.0990331145320459,0.20605635240946385,0.11739197908781572,0.10801662775023142,0.08887579384027539,0.10320826162049045
0.09737336625791086,0.09311207229857392,0.1043270149354144,0.07940368797944868,0.07665302779368181,0.23641963787204134,0.11391454045661858,0.12893162740930073,0.06986502499700965
0.08749959448592559,0.08150793750432515,0.17167033603643736,0.07433611152323853,0.08441650361252802,0.2271213593603154,0.10108273787013193,0.11467447210884534,0.05769094749825263
0.12803480700208283,0.13100383895746495,0.0451365598502036,0.09310552541278462,0.11256284158891468,0.1270984613040361,0.1309143132161861,0.12735771479439903,0.10478593787392797
0.12803480700208283,0.13100383895746495,0.0451365598502036,0.09310552541278462,0.11256284158891468,0.1270984613040361,0.1309143132161861,0.12735771479439903,0.10478593787392797
0.1400902920030174,0.13809074864717094,0.0744817739760036,0.2579615757020807,0.09836156864985528,0.016280506362496144,0.1191630557770268,0.08403098369480307,0.071539495187546
0.09030827322871188,0.08475434570040453,0.09840313321019933,0.07533302041846456,0.08769172448884066,0.25716299490830646,0.1106477020397168,0.122640491566446,0.07305831443890974
0.12803480700208283,0.13100383895746495,0.0451365598502036,0.09310552541278462,0.11256284158891468,0.1270984613040361,0.1309143132161861,0.12735771479439903,0.10478593787392797
0.13621518233027252,0.11766952143930824,0.06612095900263697,0.1466894702544507,0.1251594958206875,0.08804930318771693,0.1386222631491502,0.10391389248733289,0.07755991232844407
0.09445818384298788,0.0885151934883129,0.08691232395313336,0.07492017601046407,0.08914199238394316,0.2559581280580014,0.11449135252950689,0.12439678145989556,0.07120586827375465
0.08403834000747185,0.08350307701790445,0.06574486005470771,0.06684038003151917,0.14843636274750774,0.2273006761073264,0.0998644593720901,0.11017888733688375,0.1140929573245888
0.08279298542455972,0.09369893418628143,0.04189135708141861,0.12084777249043449,0.07402411541349417,0.10065114313844027,0.10414657434500918,0.12061812612103286,0.26132899179932934
0.12803480700208283,0.13100383895746495,0.0451365598502036,0.09310552541278462,0.11256284158891468,0.1270984613040361,0.1309143132161861,0.12735771479439903,0.10478593787392797
0.08902932847589932,0.0827456225893955,0.12615492379973411,0.07340934507439088,0.08563882701592353,0.2538569669631508,0.10705446716286841,0.11949338773557301,0.06261713118306449
0.11507432018327347,0.11335504141811441,0.05280522031963054,0.08544959301394602,0.10327312672572218,0.17859003319478495,0.12759089644466073,0.1300796354529884,0.09378213324687928
0.12803480700208283,0.13100383895746495,0.0451365598502036,0.09310552541278462,0.11256284158891468,0.1270984613040361,0.1309143132161861,0.12735771479439903,0.10478593787392797
0.12339752303834796,0.12495192386425173,0.046820300723213526,0.08979826208190463,0.10921200703226323,0.1427550909801235,0.13063002385051947,0.13041730004364982,0.10201756838572605
0.12803480700208283,0.13100383895746495,0.0451365598502036,0.09310552541278462,0.11256284158891468,0.1270984613040361,0.1309143132161861,0.12735771479439903,0.10478593787392797
0.09685544112067528,0.10697432754544257,0.039896038716637244,0.07218564086111318,0.21435314938215008,0.12722891037895054,0.09411816814026952,0.09225710543053643,0.15613121842422517
0.12130310104437812,0.12398588658861741,0.04399931263476171,0.08655392840894942,0.1366455162480119,0.1357410638467507,0.123258430457048,0.11832538460986462,0.11018737616161813
0.1535933065791573,0.12899098025429376,0.06339101615516794,0.18361811102938452,0.13385645477326366,0.041779121684747074,0.13623760334480264,0.09330847256921838,0.0652249336099648
0.11624101624818035,0.1148530531646641,0.052005983901764426,0.08614457289467187,0.10411205901619291,0.1738891185233187,0.127995860377594,0.12994535012636785,0.09481298574724577
0.12523177480214318,0.11052373191835847,0.0690053744839565,0.11373656450561372,0.10573421350203975,0.14659560653863632,0.13677474738259898,0.1171855484437726,0.07521243842288045
0.12144450156600443,0.12199814637506878,0.04830802811593619,0.0889255930348828,0.10782529572309757,0.15171962142906623,0.12988205808308073,0.13003416631913225,0.09986258935373116
0.10120430393066453,0.10575334409940583,0.10479934019512528,0.08920426209275249,0.07221138002110584,0.1801928248461344,0.11496478627641911,0.14451169085815563,0.08715806768023697
0.1376375931713619,0.1483789976290617,0.04059852384366309,0.10283949451692125,0.10028362174607723,0.08923669765568772,0.133745115746617,0.13683719222666169,0.11044276346394842
0.11423120541719643,0.12096631131239548,0.07745291792207376,0.10183095128296415,0.07899671852546282,0.14480426595583956,0.1212825481115196,0.1419657620745998,0.09846931939794844
0.12466987235951382,0.13285100056127572,0.056178167445027044,0.3468362672102346,0.11774538076598051,0.0028730314208164315,0.0892249106021995,0.06620476139508175,0.0634166082398706
0.09621235047170758,0.0956117693861715,0.2435107486934274,0.08572238065921052,0.06881815435584716,0.1419483786523561,0.09700128444328887,0.11448568039289446,0.05668925294509647
0.1588466226097172,0.13384351989170998,0.0577282370951786,0.1931692150362343,0.13585754146969817,0.030412685368576026,0.13419688812024333,0.09090739523948595,0.06503789516915652
0.15957693473193893,0.1342930226694317,0.058579739949782994,0.20321233930579488,0.1364648984352355,0.02601884846858866,0.13128853871498603,0.0884421273507953,0.062123550373446
0.12450205491122261,0.1263734515598743,0.04641322058404932,0.09058602145670064,0.11001505122768367,0.1389920254344895,0.1307214524734919,0.12970604333844302,0.10269067901404505
0.1489311028153465,0.1282729291278669,0.055306966805572566,0.17974131884995215,0.13375388866863797,0.04356790966755688,0.1365219974998336,0.09523722543838982,0.07866666112684365
0.12447139591913096,0.12633383187308622,0.04642446061322834,0.09056415614281886,0.10999280121702702,0.13909621004397765,0.1307191109720808,0.12972592615947978,0.10267210705917039
0.12803480700208283,0.13100383895746495,0.0451365598502036,0.09310552541278462,0.11256284158891468,0.1270984613040361,0.1309143132161861,0.12735771479439903,0.10478593787392797
0.10044708593442177,0.10002754906605342,0.1331156370530242,0.08840473339825934,0.06973638767646088,0.19164631402491863,0.111306568151627,0.1312919237843929,0.07402380091084197
0.0903894573055658,0.0841730344540067,0.10739906451224564,0.07315888262019903,0.08641226318842882,0.259961742306267,0.11023937605556733,0.12244928021533548,0.06581689934238429
0.08809495059024915,0.08309216069013746,0.10394236772877019,0.07683326406171563,0.0875102461382753,0.25261100859649016,0.1084286832795054,0.12176980475032673,0.07771751416452999
0.09621060802562915,0.09059878725912714,0.07888625418455329,0.07523173913670012,0.09013722605540297,0.25120045054517104,0.11678070077514117,0.12678483786105013,0.07416939615722487
0.09791250072821722,0.09239802826597276,0.07605636848058807,0.07646096693569734,0.09139920889262172,0.24656710729224862,0.11754692428746573,0.1261215960823757,0.07553729903481285
0.12803480700208283,0.13100383895746495,0.0451365598502036,0.09310552541278462,0.11256284158891468,0.1270984613040361,0.1309143132161861,0.12735771479439903,0.10478593787392797
0.08657178066219123,0.09162735554091893,0.27432953081030637,0.08373241709314361,0.1179171092446385,0.08689410525948037,0.07968604583148316,0.08997732769027587,0.08926432786756201
0.12155012313709763,0.12422357099413184,0.04450181737934561,0.09169726176309194,0.10940366590816368,0.13841834153519847,0.12926828591406933,0.12921050676278245,0.11172642660611913
0.12055086771864452,0.12081973554779972,0.04876491551011928,0.08835607723405915,0.10717805701395013,0.15511460997310697,0.1296941225269328,0.13034785773373478,0.09917375674165263
0.1479997728753333,0.12876655527458003,0.05774354669794556,0.1891980354510884,0.12238073720848996,0.045226395583657125,0.1353917297877554,0.09468940827476936,0.0786038188463808
0.15188577468881356,0.1319862005674333,0.0534879284127201,0.1503515414980825,0.1305073168211861,0.056974304720296305,0.14210932388166597,0.1034931931589758,0.07920441625082636
0.08802587278851141,0.082949131074007,0.2150827160814219,0.07686312669695018,0.08461076196362721,0.19187987640674195,0.09626199610350437,0.10949564589142391,0.054830872993812015
0.12803480700208283,0.13100383895746495,0.0451365598502036,0.09310552541278462,0.11256284158891468,0.1270984613040361,0.1309143132161861,0.12735771479439903,0.10478593787392797
0.12438109951112754,0.12621719877526913,0.04645758349807061,0.09049975851844227,0.10992725729867199,0.13940314372313628,0.13071214934623443,0.12978443757390004,0.10261737175514768
0.12803480700208283,0.13100383895746495,0.0451365598502036,0.09310552541278462,0.11256284158891468,0.1270984613040361,0.1309143132161861,0.12735771479439903,0.10478593787392797
0.12634459877048843,0.12442172080604304,0.04612034747136832,0.09991881954346961,0.11330025032501718,0.12468291006491468,0.1331640387079623,0.12487924313554333,0.10716807117519318
0.08357474529716129,0.07862461058536196,0.1415133735751319,0.07082194144764332,0.10271170192916675,0.24255566531518835,0.0992634561953349,0.11136779023715952,0.06956671541785203
0.14334905032050216,0.12406085665122962,0.06254351567201849,0.21170734620878642,0.13598331885380466,0.03454181607125943,0.12725562421429001,0.08725119385580406,0.07330727815230516
0.11620340982346367,0.11480452439403456,0.05203127737734429,0.08612218529678893,0.10408501710593306,0.17404062140471543,0.12798311631929438,0.12994997038365166,0.09477987789477409
0.1306817622003231,0.13557474455402865,0.04394053007258022,0.0956107327394365,0.10241656161691226,0.11805121842064625,0.13311306567409065,0.1336105483070871,0.10700083641489538
0.1217379098226788,0.12238712132144904,0.04815971795817814,0.08911244079226173,0.10803758302224413,0.1506073536158015,0.12994134674259733,0.12992881853099073,0.10008770819379868
0.08888237116163078,0.08290280511749254,0.1403975188426951,0.07439338880636617,0.08579604211310386,0.2440711207916885,0.10518443599347473,0.11737286859003315,0.06099944858351508
0.09596381931116853,0.09877398492851952,0.14450370418694078,0.09904138629487148,0.07018424108635933,0.15833119102304596,0.10631920510748782,0.1279212987706432,0.09896116929096332
0.08918256166950789,0.08263481062931276,0.13952642662611756,0.07674428788668997,0.08692074718536813,0.23920269847611664,0.10601018926658219,0.11694913431634961,0.06282914394395529
0.1167676486042211,0.1277821623913745,0.03644813143024959,0.10623538827192623,0.09104550819825812,0.10384348760056318,0.12620111332181072,0.1325486055403615,0.15912795464123505
0.12125196757473045,0.12393826188482433,0.04399223667398158,0.08650555312978697,0.13684842617321885,0.13578233043534108,0.12319380109416422,0.11825264684801574,0.11023477618593673
0.15811284822874105,0.1329621475013979,0.06321519023246207,0.21889393580088123,0.13661558597011786,0.022083796577781145,0.1263106288509275,0.0849518885345716,0.05685397830311965
0.08368360468446438,0.08234567206275616,0.15623279410798868,0.09678370083446247,0.09067495778016692,0.15844153895808957,0.09565756332356916,0.11433096037156854,0.12184920787693414
0.13550906866792656,0.1522899078972683,0.10571160372287725,0.13976077855966518,0.10599146041130601,0.05135486965058559,0.11841266057293676,0.1199754016579651,0.07099424885946921
0.12803480700208283,0.13100383895746495,0.0451365598502036,0.09310552541278462,0.11256284158891468,0.1270984613040361,0.1309143132161861,0.12735771479439903,0.10478593787392797
0.1574849707010046,0.1320961569489738,0.06244813180973233,0.20652943327001747,0.13610053266122132,0.027223940934113806,0.1303527242699609,0.08775261817799894,0.06001149122697689
0.09160138165983277,0.08542818853181754,0.10032071787383186,0.07372336542938517,0.08726077614385654,0.25985833743874465,0.11153599475928043,0.12287458418889707,0.06739665397435399
0.0607418158573641,0.14103175900574821,0.49811940653678727,0.09292008157321345,0.053004744966764605,6.312726883835341e-06,0.06342678108400292,0.03293316012268637,0.0578159381265492
0.1443980492961889,0.13093278857966542,0.050473495778982934,0.12630013814846297,0.12489153017731246,0.07999570556039125,0.14170402482801966,0.11251964864507136,0.08878461898590512
0.12114825122269646,0.13490232651886638,0.038337134305837545,0.09006693611406567,0.15608107132432444,0.08668178074910138,0.114868640009567,0.11324991182288054,0.14466394793266057
0.11797163871523351,0.12842047593804926,0.030911776888965417,0.27172832951133136,0.09845275435504287,0.008850337847799483,0.11211412341169043,0.07663963770634527,0.15491092562554237
0.12286467864782867,0.12508570838107488,0.045511268903460744,0.09101307185246328,0.10959367704272575,0.1393571011019659,0.12999849680971717,0.12958692849069806,0.10698906877006553
0.12423636843127904,0.1260304224455391,0.04651073392075796,0.09039653839410174,0.10982215858850207,0.13989539176777602,0.13070078732675106,0.12987807590947897,0.10252952321581404
0.12139251246732974,0.12192933127861882,0.048334392593119085,0.08889247808582912,0.1077876688427986,0.15191683281652224,0.12987142756685163,0.13005271018659992,0.09982264616233076
0.09809333878911224,0.09270891903020013,0.07440345354400578,0.07622880392649513,0.09142063959832629,0.24546944347155678,0.11815536920395436,0.12725052304630058,0.07626950939004874
0.12803480700208283,0.13100383895746495,0.0451365598502036,0.09310552541278462,0.11256284158891468,0.1270984613040361,0.1309143132161861,0.12735771479439903,0.10478593787392797
0.11680819326422719,0.11598190443550373,0.050777391375052834,0.08596379862920228,0.10445739025522958,0.169430801165852,0.12878968191586668,0.1315524030719954,0.09623843588707028
0.14679738121433683,0.12468781560432834,0.06282729502625706,0.17095456030877246,0.131484497621191,0.0551688026127069,0.13845399345703766,0.09739980798365382,0.07222584617171589
0.15521407280590602,0.14155451543212888,0.06458288349812664,0.28888947338547316,0.1343568350869393,0.00462754533979074,0.09807852866416732,0.07194976587143283,0.04074637991603506
0.1245624576331557,0.12645153552562263,0.046391085526878956,0.09062909923159483,0.11005888020306807,0.13878681227295864,0.13072603257158308,0.12966684743647477,0.10272724959866324
0.09312673945077003,0.09391348553961726,0.3264664232940901,0.08564412290600831,0.0704648630677371,0.09589504231023421,0.08512307556166905,0.09882888372230407,0.05053736414756995
0.1386738016228841,0.13043323616313196,0.04843246503039561,0.11277155662655695,0.12059801336594356,0.09639391020387665,0.13930388518767398,0.11854529382754027,0.09484783797199692
0.15683340119221123,0.1432857560978019,0.06659975735796035,0.29536520772014,0.11960636985599639,0.00480291011413261,0.10095155345716007,0.07191091228735945,0.04064413191723798
0.12803480700208283,0.13100383895746495,0.0451365598502036,0.09310552541278462,0.11256284158891468,0.1270984613040361,0.1309143132161861,0.12735771479439903,0.10478593787392797
0.07997362283053237,0.07613304747597094,0.10180404773908232,0.06624252171130261,0.12642869391298717,0.25331842364962126,0.09786827325658337,0.10930345063681708,0.08892791878710292
0.1044502327288504,0.12867357360208334,0.1027057797910444,0.12436445530094846,0.08670077858567822,0.07558175663798263,0.10629320125601531,0.13118006830271606,0.1400501537946812
0.09903241232470734,0.10373403674211838,0.03227373563504312,0.24140842963189443,0.10526036248002983,0.016852426806635838,0.10435755683173153,0.07531324398391959,0.2217677955639199
0.09694879325462685,0.096810986355231,0.16631170101961446,0.08171145010397735,0.08035115004467716,0.18175318847378516,0.1036248928379538,0.12256332992415615,0.06992450798597814
0.062053180852162916,0.1577452800971172,0.06233738359469556,0.08085144609347394,0.3088425345140586,0.00011884975076478919,0.06661228248392155,0.03423070571207617,0.22720833690172926
0.11913956834904733,0.14933644564740015,0.16977936812575076,0.11799927907190637,0.0971942278180094,0.05198208797391424,0.10204810793348913,0.1189394881900977,0.07358142689038492
0.07786387578687397,0.07970856057962347,0.06358409574563069,0.10163470294221415,0.09135745913260739,0.16237813393946088,0.09834144697219571,0.11672078535688123,0.20841093954451254
0.128951464231325,0.12602137175978742,0.04815286512547023,0.09824856361508816,0.11350916208134271,0.12641575575324812,0.13452117424726553,0.12560841052973282,0.09857123265673999
0.12803480700208283,0.13100383895746495,0.0451365598502036,0.09310552541278462,0.11256284158891468,0.1270984613040361,0.1309143132161861,0.12735771479439903,0.10478593787392797
0.09980814711772475,0.09461969373318241,0.07130519913179802,0.07725551823797415,0.09262532763867339,0.23995661233323198,0.11917823601721951,0.12728883658197865,0.0779624292082172
0.12132408717159121,0.12183880958977868,0.04836913180024657,0.08884889057862931,0.10773814104743078,0.15217645000741564,0.12985737894950225,0.130077060645876,0.09977005020952956
0.12803480700208283,0.13100383895746495,0.0451365598502036,0.09310552541278462,0.11256284158891468,0.1270984613040361,0.1309143132161861,0.12735771479439903,0.10478593787392797
0.12803480700208283,0.13100383895746495,0.0451365598502036,0.09310552541278462,0.11256284158891468,0.1270984613040361,0.1309143132161861,0.12735771479439903,0.10478593787392797
0.10230600575910354,0.12025913954904581,0.04503012820441917,0.06994589950766282,0.2539701238478768,0.08853641323843238,0.08968803665243492,0.0855126690421918,0.1447515841988327
0.12803480700208283,0.13100383895746495,0.0451365598502036,0.09310552541278462,0.11256284158891468,0.1270984613040361,0.1309143132161861,0.12735771479439903,0.10478593787392797
0.09467045961912711,0.17943397201454717,0.1597794286411402,0.3189152974750009,0.1092916088736849,5.171943790148856e-06,0.06867929507761092,0.0549965076515077,0.014228258703590882
0.12803480700208283,0.13100383895746495,0.0451365598502036,0.09310552541278462,0.11256284158891468,0.1270984613040361,0.1309143132161861,0.12735771479439903,0.10478593787392797
0.12079531243444853,0.12307477944144725,0.043113626332728604,0.09273130427283406,0.10955391113599827,0.13728235134727632,0.12829794633598682,0.12788444990107262,0.11726631879820741
0.12803480700208283,0.13100383895746495,0.0451365598502036,0.09310552541278462,0.11256284158891468,0.1270984613040361,0.1309143132161861,0.12735771479439903,0.10478593787392797
0.12508080992874168,0.11408726814184471,0.04803270359430042,0.10829275912652826,0.2040467768705548,0.08460332024209138,0.11909242760193169,0.09215353207247422,0.10461040242153274
0.14041935397556723,0.130421177814908,0.048952242243316325,0.11663799368123262,0.12190171474864404,0.09097362987029532,0.14053258082805065,0.11711162674860924,0.09304968008937664
0.1469632689295273,0.13178453790966643,0.05910328265218331,0.2718947798649762,0.13754497210401553,0.010086202920394312,0.10892133663153569,0.0760374918618515,0.057664127125849764
0.1595562500203073,0.13425334469967454,0.05853208527338651,0.20290951277335723,0.13644266826693732,0.026116098252498807,0.13143852784831192,0.08854438136930436,0.06220713149622197
0.10950710701550241,0.23994651685566434,0.03231373726338043,0.14315822181888155,0.235353464330081,0.00015793767162510376,0.12767737779691338,0.05986618528639656,0.052019451961555226
0.12803480700208283,0.13100383895746495,0.0451365598502036,0.09310552541278462,0.11256284158891468,0.1270984613040361,0.1309143132161861,0.12735771479439903,0.10478593787392797
0.12139762042138376,0.1219360909671141,0.048331801119951064,0.08889573174341774,0.10779136585595032,0.15189745501187604,0.12987247368602794,0.13005088987170368,0.09982657132257544
0.09657429508718567,0.09241492605941674,0.06394472627662466,0.07411005930728545,0.1144311574679739,0.23777078369974958,0.11348614376596655,0.11866786444284468,0.08860004389295273
0.12803480700208283,0.13100383895746495,0.0451365598502036,0.09310552541278462,0.11256284158891468,0.1270984613040361,0.1309143132161861,0.12735771479439903,0.10478593787392797
0.15799758030630437,0.13331677180894078,0.06430543326532429,0.22881016403026486,0.1367475644899023,0.01874244240800604,0.12292997568575965,0.08289125153341599,0.05425881647208177
0.12163717485751974,0.12431395652857424,0.044510225989078195,0.09171671833345556,0.1094466636304215,0.1382670688746889,0.12929276235795575,0.1291861676546067,0.11162926177369946
0.15623445937377525,0.1314179777594634,0.06043723530428576,0.18788395622815354,0.1348735531071049,0.03610608422404608,0.13544688027428506,0.09225029524926014,0.065349558479626
0.12803480700208283,0.13100383895746495,0.0451365598502036,0.09310552541278462,0.11256284158891468,0.1270984613040361,0.1309143132161861,0.12735771479439903,0.10478593787392797
0.10340937879901936,0.23606497223479328,0.04597501957096778,0.14225065990865163,0.2393832019008536,3.194284197662322e-05,0.13464505448361622,0.05715121988209478,0.04108855037802683
0.08819422570924133,0.08360531137651589,0.07787673869131541,0.06647063429239979,0.12944906022868172,0.25439804375090397,0.10480004588836069,0.11141734975370887,0.08378859030887235
0.08072408860309224,0.10255639593767536,0.024806579158939034,0.11832966727079781,0.09952297052304016,0.05697710355359659,0.0969506197320927,0.10223491576376316,0.31789765945700293
0.11926359165799744,0.12282649799906542,0.04263970204802766,0.09311489482268069,0.10913381009899126,0.1357175850065502,0.12785673087678417,0.1282998403315546,0.12114734715834848
0.15678795953209076,0.13312761448567914,0.05614406901994342,0.17538947897183563,0.13424346171852905,0.039775281928494825,0.13837765052357517,0.09560560733876898,0.07054887648108303
0.14938661027663572,0.13031694202351074,0.06516135752561057,0.2557304267372121,0.13727441337451265,0.014131884674692756,0.1141514775037679,0.07846358501523042,0.05538330286882712
0.15307377371860653,0.13228010381958147,0.05409998682645011,0.1553022892500594,0.13141293764985076,0.0532469779775036,0.14148371028799808,0.10169551050804547,0.07740470996190456
0.12803480700208283,0.13100383895746495,0.0451365598502036,0.09310552541278462,0.11256284158891468,0.1270984613040361,0.1309143132161861,0.12735771479439903,0.10478593787392797
0.14170110457383236,0.13065243262548973,0.04948915357290151,0.11957081575974342,0.12286952516083931,0.08778576043218467,0.14075967334547002,0.11544036355172153,0.09173117097781745
0.12803480700208283,0.13100383895746495,0.0451365598502036,0.09310552541278462,0.11256284158891468,0.1270984613040361,0.1309143132161861,0.12735771479439903,0.10478593787392797
0.12803480700208283,0.13100383895746495,0.0451365598502036,0.09310552541278462,0.11256284158891468,0.1270984613040361,0.1309143132161861,0.12735771479439903,0.10478593787392797
0.1508367299383093,0.14005472928794946,0.060489376135129745,0.30188841042060083,0.12625410397432033,0.005189101497541172,0.09841270380664545,0.07131406491087615,0.04556078002862762
0.12228824182078919,0.12335783856240579,0.050065739482612365,0.09113724585155149,0.09600175767397985,0.15248482935248606,0.13072752501272947,0.13500692773106618,0.09892989451237971
0.12432949776755164,0.12615058266570797,0.04647652503083407,0.0904629570088748,0.1098897918248176,0.1395786079258494,0.13070812712934507,0.12981784358147394,0.10258606706554545
0.12803480700208283,0.13100383895746495,0.0451365598502036,0.09310552541278462,0.11256284158891468,0.1270984613040361,0.1309143132161861,0.12735771479439903,0.10478593787392797
0.14344502665752965,0.13081550629704383,0.050113597797299216,0.12384222075965819,0.12417639177739254,0.08273002609283202,0.1414384526494387,0.11359384467512013,0.08984493329368574
0.1626638724616789,0.1391713541410699,0.05611502428564851,0.19793965740604336,0.12089244182856902,0.02829864425232415,0.13620760209389896,0.09234688302395289,0.0663645205068143
0.08576800960891023,0.07994937512485539,0.10996145002784223,0.06815715054987652,0.10313095018172909,0.26437354582347655,0.10431676302182136,0.11535161622437883,0.06899113943710986
0.12135395240956992,0.12187831227248687,0.0483539637947945,0.08886791546494688,0.10775975892831709,0.15206312814076084,0.12986351868175303,0.13006644034237358,0.09979300996499733
0.05829789102458884,0.1521742197977282,0.21157206530522354,0.3246402076022295,0.07414715320486073,3.318416577401928e-07,0.06788948969258982,0.03598729412801918,0.07529134740310245
0.09431353809315428,0.09415060247334683,0.051760766596661546,0.08827353067863646,0.0960583046638369,0.20181252255382556,0.11503217090233059,0.1253799268363703,0.13321863720183758
0.07883416096953061,0.13471416211562612,0.039867710883916906,0.16228098465131935,0.10477795215944331,0.011124761763776343,0.10149543677968381,0.09064656235085927,0.27625826832584427
0.1560269380559608,0.13284024304042605,0.05560528659338548,0.17055578726020673,0.1336452412874225,0.04255369141005371,0.13952067892644154,0.09712983921439111,0.07212229421171217
0.0870750446839789,0.08194003604720129,0.12070644205143978,0.07684114551348738,0.08673922285828402,0.2468570456544621,0.10596847010437004,0.1198896449632628,0.07398294812351364
0.15897643086920885,0.14076319063998746,0.05063373761073672,0.17668371754713838,0.11791433235526312,0.03664795997671507,0.14011248587579903,0.09886120044823861,0.0794069446769128
0.12505015670777694,0.10862687871805184,0.08682469550687248,0.173213654379385,0.12781650385085183,0.07878818898353057,0.12919389006130869,0.09497317138139338,0.07551286041082912
0.07080033778096612,0.13412788447921123,0.20238737080075095,0.13184180120438163,0.23176461357627523,3.749071563880528e-08,0.14137548846103146,0.04215438032207198,0.045548085884595635
0.16008522709593892,0.13585783770865067,0.06092259365953436,0.23504620240731555,0.13709284588290807,0.015160666993549766,0.12061235631209122,0.08160646326680995,0.053615806673201406
0.12430830027097117,0.12612322504513118,0.04648430874081758,0.09044783926991222,0.10987439946582751,0.13965069965978577,0.13070646560775628,0.12983155981341712,0.10257320212638106
0.10659778966496351,0.11122463338401634,0.07299902776813792,0.09837028175698469,0.07470841470599039,0.16687088172160758,0.11989555192881202,0.14059709836381035,0.10873632070567714
0.09404019053880223,0.08816741579173411,0.08608595636484777,0.07426593196165561,0.08871268535890348,0.2568184465767141,0.11481448056722664,0.12568355711918627,0.07141133572092973
0.11073602770710074,0.11302959985418082,0.0805166689830295,0.09340123712994537,0.07534612620013428,0.1758829548910732,0.1216174398780465,0.1410801214813385,0.08838982387515104
0.12803480700208283,0.13100383895746495,0.0451365598502036,0.09310552541278462,0.11256284158891468,0.1270984613040361,0.1309143132161861,0.12735771479439903,0.10478593787392797
0.11412648544411597,0.12220896126200398,0.041559498656681605,0.0793662445929846,0.1824325169231152,0.12037785159892854,0.10811766925671452,0.10265388077414876,0.1291568914913068
0.12803480700208283,0.13100383895746495,0.0451365598502036,0.09310552541278462,0.11256284158891468,0.1270984613040361,0.1309143132161861,0.12735771479439903,0.10478593787392797
0.12803480700208283,0.13100383895746495,0.0451365598502036,0.09310552541278462,0.11256284158891468,0.1270984613040361,0.1309143132161861,0.12735771479439903,0.10478593787392797
0.15273078376765117,0.13457388538330606,0.05276825171048009,0.1527318861539869,0.12254951042453015,0.05370593017694351,0.14377666220482085,0.10625111787699881,0.08091197230128248
0.10047262904109339,0.09950402572975947,0.16305914045629732,0.08666941016857911,0.06873687362020103,0.18196078781957992,0.10800303153168256,0.1271458240763762,0.06444827755643097
0.11066534663031825,0.11469381890934534,0.04058885344516203,0.09445116659764002,0.10597134646802141,0.142215589244705,0.12339750711973381,0.12662430850613593,0.14139206307893812
0.13645825976211567,0.11955373428423449,0.1245635947989611,0.2556279417518098,0.13303688192981966,0.015835883415543102,0.10254168243292705,0.07306928341644385,0.039312738208145355
0.11603674691461091,0.11958588102539712,0.04342067157638755,0.08163867880371327,0.1597109288459503,0.13726936965856135,0.11606971137648385,0.1104859367833012,0.11578207501559452
0.14211197109564513,0.12318530347784769,0.059965020946609444,0.2068405007765131,0.1355013337048156,0.036495824059473735,0.12932488235026937,0.08901259720529654,0.07756256638352937
0.08274592923544259,0.0930018792162597,0.4355989905239976,0.09313230197586549,0.07487127133349061,0.026279027550352996,0.06348828514497873,0.07015348361545472,0.06072883140415749
0.1474115936394664,0.13131191055895644,0.05162446718574568,0.13481212101585124,0.12715012764339104,0.07103562828319582,0.14233165968192243,0.10908810174447199,0.08523439024699893
0.1355032704027723,0.13099612592211954,0.041233805517171304,0.16143100966067156,0.1456950637016987,0.04172242317697905,0.12480307868706808,0.09320107651459851,0.12541414641692086
0.12803480700208283,0.13100383895746495,0.0451365598502036,0.09310552541278462,0.11256284158891468,0.1270984613040361,0.1309143132161861,0.12735771479439903,0.10478593787392797
0.08408153869438463,0.07840787747847451,0.15109925218259646,0.06917701848176618,0.10349873758427265,0.2429449546292645,0.09807608673763053,0.10893825791211854,0.06377627629949197
0.09823676246047153,0.12294238733538974,0.04683644841586234,0.06623541391567302,0.2912110038380364,0.0684765354259624,0.08041906069033523,0.07634097528370533,0.14930141263456406
0.12803480700208283,0.13100383895746495,0.0451365598502036,0.09310552541278462,0.11256284158891468,0.1270984613040361,0.1309143132161861,0.12735771479439903,0.10478593787392797
0.12220453900650737,0.11860347641051376,0.052148890496030435,0.09341477219136061,0.10879217461725839,0.15426196153725558,0.13094565524448196,0.12542757320208398,0.09420095729450793
0.1601854632184119,0.13551799400241463,0.06050454190202651,0.2289379403369495,0.13711168985278674,0.016922195950646358,0.12281923890157072,0.08282684623734386,0.05517408959784975
0.12061031935523607,0.1365865241620173,0.1014486214549918,0.10941854089423135,0.08940132679378127,0.09954016930717687,0.11659987790952013,0.1399771301089439,0.08641749001410137
0.16360265578013966,0.14026758293238026,0.05927695942949424,0.24040832210663546,0.12300525303900399,0.014185326941665919,0.1227899423735977,0.08210507779013697,0.054358879606945805
0.12803480700208283,0.13100383895746495,0.0451365598502036,0.09310552541278462,0.11256284158891468,0.1270984613040361,0.1309143132161861,0.12735771479439903,0.10478593787392797
0.07819667933160666,0.1591931324575841,0.06010062196800734,0.0581961340303511,0.3729095636174072,0.002983275634290508,0.053298455924391745,0.0443107162232746,0.17081142081308676
0.12803480700208283,0.13100383895746495,0.0451365598502036,0.09310552541278462,0.11256284158891468,0.1270984613040361,0.1309143132161861,0.12735771479439903,0.10478593787392797
0.12423331105874734,0.12602647911850076,0.04651185749689471,0.09039435790922197,0.10981993787306592,0.13990579398275227,0.1307005446084411,0.1298800520358733,0.1025276659165027
0.12803480700208283,0.13100383895746495,0.0451365598502036,0.09310552541278462,0.11256284158891468,0.1270984613040361,0.1309143132161861,0.12735771479439903,0.10478593787392797
0.05333047754068107,0.1489454441370018,0.09783415745249187,0.3326024789436414,0.07953518112515633,5.925791809387052e-07,0.06867624941327888,0.030593645920737527,0.1884817728878302
0.12803480700208283,0.13100383895746495,0.0451365598502036,0.09310552541278462,0.11256284158891468,0.1270984613040361,0.1309143132161861,0.12735771479439903,0.10478593787392797
0.0689241433643019,0.07578451428049605,0.054380847053063945,0.1258812291558167,0.08678629404670483,0.07299026576442057,0.08451813778284957,0.09916734105273695,0.3315672274996095
0.12462083227157283,0.12652703228468554,0.04636970551575858,0.09067073049592565,0.11010122897283021,0.13858854729091322,0.13073041725136514,0.12962893748325696,0.1027625684336919
0.11594147023828832,0.12154210313037513,0.08535445112579988,0.0953407912245514,0.07862203309472478,0.15912727861012754,0.11979422413636448,0.1432676385142719,0.08101000992549649
0.12803480700208283,0.13100383895746495,0.0451365598502036,0.09310552541278462,0.11256284158891468,0.1270984613040361,0.1309143132161861,0.12735771479439903,0.10478593787392797
0.09719950725446506,0.09159681618003994,0.07780313267096324,0.07609551387537082,0.09091882047838014,0.24874030860669813,0.11701073612636638,0.1259081648447225,0.07472699996299383
0.1541707918755074,0.1303506790039695,0.05946121609369776,0.17428313351798033,0.13332205339735173,0.04460541989164954,0.13858035179264375,0.09600205663310023,0.06922429779409976
0.16014483812095512,0.13494898863322105,0.05973079702644888,0.21880421709080244,0.1369869098732792,0.020117243144354674,0.12644343545691125,0.08499641244131688,0.05782715821271056
0.13545491218140754,0.14738217503921291,0.04380976665045893,0.10424134242141984,0.09879181740473662,0.09167263522878677,0.13182601443819209,0.1406766088154868,0.1061447278202986
0.15369701884434883,0.14308989244611334,0.04518180523968485,0.15201377656553575,0.10995263797271358,0.04906008616834135,0.14222868386044266,0.1099043430433338,0.09487175585948593
0.12147580723929312,0.12203959952797512,0.048292165021914475,0.08894553241461266,0.10784795138618998,0.15160088739348734,0.12988844119065956,0.130022982214467,0.09988663361140075
0.1432024377400123,0.12133203033480448,0.06977640367833075,0.17665854196509367,0.1313140809142773,0.057846791719144586,0.13569949253585561,0.09510425166451653,0.06906596944796467
0.08415779112839317,0.08678039263854387,0.0725432024304055,0.05893853785014911,0.2099877132277881,0.18875516794453495,0.08958839099892142,0.09537906987247712,0.11386973390878681
0.09993622166233089,0.09978589167028089,0.05223639775662414,0.08758981811440474,0.09819802790085076,0.19684411330644855,0.11885446017281763,0.1266954378241307,0.11985963159211181
