0.018968762632089135,0.08102985883157772,0.22592635679584916,0.15107737654542225,0.2554433568752285,0.08079876749953219,0.055777068731110296,0.1213275204763057,0.009650931612885067
0.025468656832879133,0.04408647138562938,0.24033950434875004,0.08255495110338819,0.15060411747639166,0.14743715902834412,0.13106464074864788,0.1295006967618937,0.048943802314075836
0.1508097917957459,0.04047007146974054,0.038036918592472525,0.11583623069134386,0.1855060236725451,0.09593455985133087,0.14444095061976817,0.09854889195809985,0.1304165613489531
0.029971844847875097,0.02519673631516671,0.29186353169182827,0.06682120395060205,0.13810527600572595,0.11484057674745406,0.08208403325685892,0.11488797045071243,0.13622882673377656
0.07102508597589555,0.025063666898072132,0.19152812553663814,0.11716953249577268,0.14068096210458916,0.10276191840698085,0.1309461395233056,0.11705229094118104,0.10377227811756479
0.01679239926132621,0.11953724079650126,0.2713437659247652,0.06315354907327242,0.1490088716449957,0.08219581227566707,0.18589742938268128,0.09852355141579254,0.013547380224998254
0.050874275096347316,0.08892589065029316,0.12352361335982515,0.09772456890113379,0.40624526020394874,0.04869862757150378,0.0545365253194425,0.09783802286394074,0.031633216033564865
0.06692073013554188,0.02724788926062686,0.1645827401585759,0.08909011233985957,0.29767703871896006,0.05288212295935146,0.15701547486475223,0.10911033243663681,0.03547355912569531
0.02450831141705985,0.31706536478815583,0.10196662375597214,0.06385282329958304,0.13152101154362317,0.04643955481959094,0.09308118460152141,0.13305551381465383,0.08850961195983979
0.12478210804548251,0.07052157617630819,0.1579015792050391,0.09523070217330327,0.1398974920143523,0.07506685429696501,0.1116789445772514,0.15082740982995888,0.07409333368133936
0.01672476371389296,0.11382048958935687,0.39466486982972016,0.1125675693779779,0.08437895756513357,0.05864257489219451,0.07431639191248478,0.1167315665454447,0.02815281657379458
0.04454851677838808,0.12646845321377242,0.10622123542586519,0.11187521092805892,0.1296398841125078,0.08308419066276594,0.22714490348648889,0.1335997477451807,0.037417857646972065
0.04280233257771738,0.0995013478915396,0.10743539766556387,0.1187474353791464,0.17047422293566186,0.04011413873289096,0.2937848856394641,0.11108942482352167,0.01605081435449411
0.06902254722455752,0.05248444905759846,0.14920471625890241,0.08793068806484576,0.3510582873510726,0.051198132406803515,0.10737539600266444,0.09247721775584311,0.03924856587771223
0.10146673985211185,0.0667442519248682,0.2298998562618897,0.13911186431679148,0.0689149072184503,0.04888082883426751,0.18817024945849156,0.09842692617293762,0.0583843759601918
0.0618908224193321,0.10539869431017983,0.2162679705284071,0.06488963768725765,0.17376006818924214,0.03558643814841046,0.21466831793731264,0.09197120053549135,0.035566850244366705
0.03966087783597652,0.047340994898352196,0.16704573403829795,0.11332461431997487,0.1626041953660702,0.1513887750989983,0.15218831451716167,0.10620719881104386,0.06023929511412427
0.03509123948307073,0.049864049336350164,0.1624148571419426,0.11948508594659128,0.26478869215198575,0.07686833651938703,0.13346649805361768,0.11550989387295885,0.0425113474940959
0.07729112224431539,0.10683516498906644,0.1389653695052926,0.10505464481956689,0.041846874469430105,0.13226089162344576,0.14427695417351816,0.11498798161227415,0.13848099656309054
0.008016252213334905,0.06415173473644585,0.11349152802461926,0.10766443873587929,0.06916688625456573,0.14321362671200186,0.3373083851297029,0.10058950384816967,0.05639764434528057
0.15050455425410106,0.032188480139162624,0.13687139209663696,0.07931046231322386,0.07530389943563444,0.10190476793534621,0.19825855953892893,0.08696375566359514,0.13869412862337085
0.01343631069338669,0.05033696780145555,0.2656680401223768,0.08538278096873693,0.15456388299573295,0.07579948814468808,0.22150211200000294,0.09537345764636429,0.037936959627255705
0.08020536088931186,0.07170950224052051,0.20048065859549888,0.1485492176989072,0.14726171134207267,0.10633161683543217,0.05839032767140897,0.12694831002012982,0.06012329470671803
0.07378709327767051,0.027147861806665622,0.2690150736212188,0.10631704807833152,0.08200804574365717,0.20242452654027043,0.06985509851775823,0.0998638961544822,0.06958135625994562
0.016906548764554444,0.12207172577059605,0.24599494508298592,0.07476328662917762,0.26581693169601484,0.07069207293992685,0.07870336141778554,0.103651330053625,0.021399797645333726
0.06853584889430196,0.09141976426192093,0.1548173100302734,0.12288729908199462,0.14669546014746035,0.06591000858382166,0.10966728790273784,0.1473608079177984,0.09270621317969087
0.10380105156976804,0.07060083872654778,0.24208184266045485,0.09283600996834111,0.1888309566670043,0.06314964039213368,0.11476220773729691,0.1101400685959683,0.013797383682485091
0.05030299205261927,0.05271312565923184,0.09597507021237356,0.10703224842548076,0.10428488779649836,0.22870590153084835,0.08855447614351127,0.1556824096376477,0.11674888854178879
0.025738347074450912,0.013632051067586387,0.26972803367607506,0.07638975315657949,0.23410702512395679,0.06771029785114742,0.18944871307165256,0.07710315819910019,0.04614262077945116
0.11636339290926552,0.12123475474571922,0.18018101585172286,0.0799851938928298,0.18004756871070393,0.05522197855403129,0.13644458027352438,0.09609005233934781,0.03443146272285516
0.022327206876751337,0.06481173800514213,0.3634397682105602,0.06607094071275467,0.08677079600138489,0.1341782469630665,0.11804411725259693,0.09679356583436793,0.047563620143375444
0.013056704896894693,0.10772638234631525,0.3053046302550213,0.055001740740510806,0.19105417010656753,0.03231772298310421,0.18820171761317528,0.0832177889648984,0.024119142093512545
0.06609379499142871,0.03631003059679222,0.14387901720065746,0.13088693794713563,0.04978766055429807,0.1820287780588831,0.16316985140670906,0.10979718851225784,0.11804674073183795
0.03839008621095478,0.057447828611656815,0.19380121563818217,0.08307128143201024,0.12076981972033718,0.2488212986111729,0.09822449702731796,0.11039474120070425,0.04907923154766373
0.12911827800611766,0.0454180841903013,0.13688487192137985,0.10894749720308121,0.09002127728734238,0.07559995660680728,0.24090669829158165,0.11522129275330834,0.057882043740080276
0.027439612798132385,0.1297417437267003,0.23013604004874266,0.09215996246720769,0.12182678673285947,0.07094368605895919,0.0954249670181997,0.11179295259186688,0.12053424855733168
0.10070931589937275,0.08024750779043192,0.07593214780846323,0.13083855026634278,0.23281061122167915,0.05640202355428834,0.13004670943157484,0.11566488828122325,0.07734824574662381
0.01673275567006506,0.10103843559159575,0.15672771493144932,0.10325486584003195,0.08486753806104447,0.15717909219748524,0.2565353076614461,0.10298863769725371,0.020675652349628305
0.09378760788257649,0.04671125814952858,0.23009157654778847,0.10092114232337508,0.21339545164818666,0.07188229237008535,0.09546642623471739,0.10927897454115428,0.03846527030258759
0.02673512323963741,0.08593346974265494,0.16555452726579878,0.07550134857062697,0.12416744069008685,0.23547660909394383,0.031967072779099354,0.1318866589564586,0.12277774966169323
0.01676589416513353,0.07276103144300378,0.06307372910188992,0.14740263283480404,0.29310336866645476,0.16684498243442494,0.0673196575664125,0.10684753649509997,0.06588116729277667
0.09434533863181027,0.031374859951546714,0.16395405164114588,0.1391337025580381,0.07522890911741738,0.24785640876542828,0.02935319126755247,0.13150136161533668,0.0872521764517243
0.032584257871684036,0.02913806656943629,0.17279896191031005,0.08694164344087302,0.19608621680760904,0.07071464585257108,0.21473950575149847,0.11026862439067497,0.08672807740534312
0.015573192810870334,0.06702023192669321,0.14401231191761898,0.08728467508657205,0.07360698320766611,0.03981570302961033,0.17724087173473,0.0887072311172819,0.30673879916895713
0.05120622859031473,0.09282222751135809,0.076569156404961,0.12913495740509637,0.09235458523558455,0.15698031329520343,0.16574344471494148,0.13751954988675177,0.09766953695578867
0.13929512392597238,0.06967420751965757,0.195944900054599,0.12154704036592902,0.20836339339871068,0.05182706311156948,0.09138924546148908,0.09594882047727787,0.026010205684794837
0.029480572905829578,0.04333534613701876,0.24554714719567813,0.09138828220692909,0.09154950996852805,0.1337044856000134,0.15158193976948073,0.12878055927727258,0.08463215693924968
0.06276029019635226,0.07088019877723462,0.13706518155910888,0.1351359597852626,0.1357783316796148,0.083324754386129,0.19454168850172446,0.12342288638480203,0.0570907087297714
0.12508577904638662,0.034674014276050553,0.11001989158952408,0.11071131873006952,0.15758676630599133,0.14154256132603768,0.11862410832844655,0.11730244108126586,0.08445311931622775
0.18151999231027513,0.09717182015444148,0.09538602357317873,0.07616634484615968,0.13929548960640556,0.06513288741787632,0.08254871848407107,0.11314420911963674,0.1496345144879554
0.04769602688026036,0.06718963242772608,0.11380319665526467,0.06910951041658904,0.4628447749108169,0.043679538084831215,0.08627399637605897,0.09349699583013898,0.0159063284183138
0.131117601283272,0.11604418607125667,0.27582210942811697,0.057980499905259476,0.12852584265406367,0.04958482688345824,0.07742471354671618,0.0942043437913151,0.0692958764365418
0.00865676187008956,0.25590612241986643,0.18615179996327622,0.06581716986128107,0.05266032131579885,0.03029437424941749,0.1890893889917934,0.08522154635888703,0.12620251496958992
0.3587481035352902,0.10696988579845153,0.09282702351208483,0.0865947377483378,0.07413708927600458,0.08146836993723082,0.05742953852622603,0.09369767013637892,0.048127581529995266
0.06283614111643755,0.048185347078206146,0.25963799725063463,0.06793852506232517,0.11240535281400603,0.09398870161532298,0.11804933563375698,0.08876835073797824,0.14819024869133224
0.09676452570219923,0.10136430215380095,0.13445836016382737,0.1451093682690516,0.18259490604495301,0.08933885278386806,0.1037793518508433,0.12218468689854474,0.02440564613291173
0.12297970353410159,0.07630334707192817,0.21572175684911335,0.04628973817778203,0.22723495414613268,0.03975740370571581,0.028502717998343353,0.0849843892545481,0.15822598926233483
0.33753215437151046,0.04704065040174707,0.09279177495073491,0.07740995985573262,0.12767382817897102,0.041656299212600355,0.057513136174268675,0.08660691800520615,0.13177527884922866
0.02265838530778559,0.03650479142211214,0.09865823198923912,0.11005526262190897,0.1083616285268803,0.1528202644726411,0.31361202519800374,0.09992223744775758,0.057407173013671355
0.10243459545800133,0.08582485984277805,0.1406712418639752,0.0968854344919956,0.11241289571372244,0.1342918983426264,0.07822305632478836,0.1109853408002533,0.13827067716185928
0.03466404811137866,0.04980606710133765,0.29842714345068994,0.08455160108269971,0.029816953987268646,0.154419138528435,0.11075457748283642,0.10262460507074629,0.13493586518460773
0.04522263655940179,0.02247405120378083,0.4140055719433453,0.09946184867841205,0.07621332371813007,0.10015510456699102,0.10443269801534537,0.1112566616188309,0.026778103695762733
0.05561772929772022,0.09116212589479615,0.2780172939014258,0.08867460625413755,0.09117774484898096,0.15034752918519398,0.12519078590639746,0.0987830366251206,0.021029148086227255
0.022436062319247888,0.04072333888199594,0.15821068351036047,0.07378300858003267,0.07266529311852944,0.23859846054924905,0.13550410023537185,0.09942821158768937,0.15865084121752335
0.0682405880223634,0.036383505126232944,0.09144811230521295,0.09230086266997484,0.06447051982786046,0.30235192308731,0.16322166413017858,0.11594452300615954,0.06563830182470733
0.05011004859688317,0.07061114772132653,0.24600609084626088,0.0905688540865225,0.17232683685887198,0.059968248162304484,0.10263834600740555,0.10179030998944134,0.10598011773098352
0.16358742892206155,0.18031189748733834,0.1720735251613544,0.09586497461879458,0.19151551293143446,0.023429724537023824,0.06958076277657613,0.09302569188291743,0.010610481682499317
0.024938161191740322,0.04501197980453749,0.3754675246984262,0.1030335087193721,0.0756245869275847,0.10090606781807143,0.14619847780209294,0.09190456741561376,0.0369151256225611
0.02861808255584859,0.016474856004006912,0.3518934231397836,0.08359911656507589,0.0572816602366563,0.17164825056684052,0.07366717970672738,0.08093157438981734,0.13588585683524346
0.28270742065591253,0.12263076759008677,0.0762848636829456,0.07292466174520837,0.05597726513141044,0.0786759771537658,0.146130251705516,0.09292870487908046,0.07174008745607419
0.1328230358572046,0.031186490419267025,0.11634468854071034,0.10288277533696098,0.04604853947391041,0.08507607527875033,0.19878785940638663,0.09568115571126275,0.19116937997554698
0.04811786584195724,0.10421696809356946,0.13579724584424838,0.10218030398704032,0.08315135241253487,0.16929473609119108,0.13637178239629374,0.1439918746121307,0.07687787072103407
0.05766857358281605,0.12622406324856025,0.3307773659508286,0.07200234804664406,0.12191975473801475,0.062492931094709325,0.049001224828239875,0.09878745720543201,0.08112628130475504
0.0683932033897446,0.04438585834601838,0.07983847712954299,0.09848914754264819,0.07731486494265266,0.2520742915816803,0.1117385526087502,0.1672508016827919,0.10051480277617081
0.14796878028830832,0.14137902791157575,0.05877889344030111,0.11305836635810255,0.20343450380460393,0.058112769588659234,0.07286536675024861,0.13465400833678584,0.06974828352141467
0.07141448616390215,0.0926413657434242,0.07480448923371245,0.06698820443333994,0.30481981577304157,0.08144205574565312,0.14270401925826817,0.09011669753778793,0.07506886611087035
0.06720634261120077,0.04357160044211051,0.24983032633672775,0.0711898584182653,0.22809699722488985,0.07701223247045418,0.15444790314411003,0.08704030553558668,0.021604433816654858
0.00754755884358302,0.10131629923521036,0.23899817272648152,0.08767369733384596,0.18109379576606063,0.10239896836850242,0.11723204587952281,0.11207181081513366,0.05166765103165963
0.027134321543514823,0.09915235885410395,0.3143582678342626,0.07791336671378936,0.0715861918263749,0.14103890714943745,0.09064278369373667,0.10011697201583697,0.07805683036894336
0.04945911568005601,0.12466713067605906,0.05520533129941139,0.12827711744462578,0.30112412763335666,0.09509121197766963,0.059988626136461075,0.14293716354409028,0.0432501756082701
0.08700640929389312,0.07044311751066355,0.09214263706752118,0.08044653452310385,0.1051687071588084,0.07448709024445564,0.14042605634567612,0.14348112578368669,0.20639832207219144
0.061895854941231065,0.04366518684969062,0.11782903061297138,0.14917999021902542,0.09505500606333504,0.18563612570012974,0.06313454430033526,0.11214275745432171,0.17146150385895964
0.034992846791437694,0.10490582710796359,0.14288892019201052,0.09439238240741117,0.09581991556023584,0.12033684094215302,0.22178007902380523,0.1150477644504228,0.06983542352456007
0.2416985479254784,0.018494718365346385,0.07727415579425047,0.13272057336400442,0.11795175720116746,0.06638921357139685,0.09585317548561649,0.11517995903750163,0.13443789925523794
0.0064556886596654475,0.06062359087351479,0.22853171898549415,0.09019964583482132,0.03917086499158995,0.08957853774242357,0.16231941962328042,0.10000352072368039,0.22311701256552988
0.012717852731294539,0.02256229647659629,0.2111100024723521,0.05552892016123114,0.20151974002990283,0.09484644393111379,0.08583918564917027,0.09305057261470695,0.22282498593363206
0.029720063608212333,0.1217491031302431,0.24273807135599704,0.11159390411081532,0.18245667532829277,0.048279637117733344,0.09237896192491342,0.0978110878846299,0.07327249553916271
0.012078387585541523,0.03706137852611429,0.39261535883492904,0.09667633325411507,0.156189060763169,0.09149019744783504,0.052051064365058096,0.11000579582451235,0.051832423398725604
0.03756197881212617,0.1335172517723631,0.23253221260746826,0.14546812535132847,0.06743446334383475,0.10410185469356827,0.06455339630644448,0.11305843097107082,0.10177228614179579
0.043798428038641146,0.048302126931591916,0.260630276597075,0.06151400836229998,0.1245968640317164,0.034783111433752775,0.14720604227320644,0.09857001737262816,0.18059912495908817
0.010856611281604858,0.048220759830072735,0.2310064417760557,0.08667580714290447,0.3983251248678618,0.040264641843759975,0.09103646734279192,0.07767790451136125,0.015936241403587223
0.008337790909858247,0.0715275144983472,0.15938216123099455,0.17423641953578475,0.25714384886303726,0.1269444808856159,0.10754381514137044,0.0864595843454431,0.008424384589548504
0.0356601316052595,0.09690489948631394,0.10689750396398079,0.11837270552963854,0.13112475002705645,0.0897287998517619,0.19320731785647247,0.12399443526566493,0.10410945641385154
0.06170908509361372,0.15767821159211506,0.20576141819619495,0.07742405964523656,0.14119385172994992,0.04413885631754163,0.12355908660606539,0.09349849851054558,0.09503693230873728
0.058102241227104966,0.023956799695952963,0.30978269944684933,0.07076494277830447,0.1785971827197066,0.046335297107375474,0.07400591743036748,0.08573928360392995,0.15271563599040872
0.0318946467351004,0.041664249841723025,0.279786261660438,0.10178758473599499,0.1289006222732263,0.15677212490288348,0.06021559691975383,0.12825951573845404,0.07071939719242588
0.02923873331186563,0.24309055478518315,0.07519274678553318,0.1157707656434936,0.21705067482100363,0.1070136253345167,0.07211068115554242,0.10331953314631064,0.03721268501655113
0.026710815905302488,0.05918456682158957,0.22803164034272103,0.050198617486168294,0.2975713612837992,0.03541950772377327,0.15553847445475477,0.08943834634378274,0.0579066696381087
0.08411379737876475,0.07299810152647791,0.14401773052559566,0.150679349007248,0.06087769527591332,0.18197755165736265,0.13678177616523782,0.10442210781450817,0.06413189064889169
0.1416220843178883,0.07130204315227949,0.24947225455629626,0.08560874951370856,0.07835650332463494,0.07664493199660742,0.08556958060539666,0.10694453509168439,0.10447931744150407
0.014306683045855037,0.05018166963628859,0.11480741335944007,0.13635906859638255,0.18229451593127308,0.22972934662291525,0.12169697035324052,0.1362148950882401,0.014409437366364733
0.014204189384379158,0.0973125078736262,0.21676090215601387,0.08457406581974003,0.05702763748140699,0.04078133535200442,0.29521527002909437,0.0920587436514201,0.1020653482523148
0.037820266925715905,0.07678325040690537,0.26364542634622556,0.10018411029384089,0.14356841048195726,0.13760817822582624,0.11561083360747053,0.10413243485729175,0.020647088854766404
0.05126589561198037,0.05886977354828308,0.09285087510030915,0.08097014095838327,0.15614051690272987,0.06748351018405545,0.14175489072991543,0.1059176058768641,0.24474679108747935
0.05490655377473708,0.03187521893561581,0.12434213888337416,0.08845981075564273,0.2599203929842769,0.12821562927826094,0.09358391814615614,0.10167272509044618,0.11702361215149014
0.03180001861268248,0.037806865288695604,0.2531112605028412,0.08559361672120015,0.046106562274532026,0.11361957766512683,0.2287603394954897,0.08419904672503298,0.11900271271439884
0.057242664979273244,0.12777102984578695,0.20399897795231237,0.12904300580088932,0.21416934311730687,0.0482730200024521,0.08020295424070979,0.10865868573088792,0.030640318330381434
0.05407271340937531,0.04610315181552416,0.13254690254318985,0.07518989088362409,0.12294466088905055,0.1924704899870531,0.10915428212178235,0.11240383957703991,0.15511406877336067
0.0703654629823881,0.09855189763634487,0.14855092957793195,0.1263106486131654,0.16202706274660325,0.09778286567993799,0.11412683391453264,0.11962648293695803,0.0626578159121378
0.1379850611411113,0.05483526334112591,0.12911709896346957,0.12411458070970117,0.049951623544813556,0.10707439458419894,0.1665526148817337,0.10745081491822438,0.1229185479156214
0.09030950726267899,0.09379222550775457,0.1787469266036125,0.10980790505674964,0.2503253753935928,0.06282669660455949,0.04618870899142211,0.13067083899849277,0.03733181558113715
0.06582014972992563,0.0641487792877636,0.06168378820739032,0.10641165739294549,0.08985387656791083,0.07449054175505179,0.1666766769950442,0.08890123495247304,0.28201329511149514
0.044112176975206745,0.04422086233851624,0.32653621180624154,0.10715759224412282,0.06282317545363078,0.20341241288597792,0.047704203136431124,0.12208709566667432,0.04194626949319847
0.04381173740945612,0.09934897412998954,0.20016393293061394,0.0824991620108851,0.15041516827958037,0.07364015398946165,0.11893141928702555,0.11197297898204443,0.11921647298094334
0.04101410836460331,0.1136448630664309,0.2790780115641371,0.11654201351006789,0.12628674966436784,0.03529076873950666,0.07499706293204725,0.11681288942715373,0.09633353273168525
0.04206843982572445,0.05680076934372678,0.15665078295334128,0.15639267528555215,0.10794945269262611,0.10768013218348371,0.07240731602378558,0.11691950055943552,0.18313093113232445
0.010613342039806977,0.032256215228359995,0.2668122534475566,0.13686347501919863,0.12275405361021768,0.15193130041383918,0.11077486078535757,0.10746999453590278,0.06052450491976053
0.008660744154024335,0.03276632947058655,0.4289130026251622,0.05963622014304249,0.17677684343147834,0.1279513655730541,0.03580431780239663,0.08749287508738585,0.04199830171286958
0.012667729852156126,0.07005230549729576,0.27084135089642253,0.11549255473263424,0.15355924962373127,0.09056137001016303,0.18455248492361612,0.07738774048618126,0.024885213977799702
0.02376141017875465,0.06973405277113838,0.20718587254442655,0.09040535042342841,0.3766126448837575,0.09036459786367688,0.04325625746676559,0.09322405164590465,0.005455762222147324
0.03974096264049962,0.13898364843166625,0.2180875045095572,0.08869016584984929,0.20281063337720906,0.07639373323880462,0.08839812730608428,0.10092058204800598,0.04597464259832377
0.03297719434803086,0.07773772947782329,0.11190646391624966,0.11028538025550516,0.3245469465084302,0.06798587182909759,0.06698049997670524,0.0924270375755704,0.11515287611258763
0.07210657533346927,0.15192544115990855,0.20808375333086862,0.14120484589700957,0.1727021201046107,0.03952441131252425,0.0486601416230323,0.12827002787836012,0.037522683360216615
0.02874812320867287,0.022302067405757724,0.1908689969886271,0.07840786187413828,0.05575019616299143,0.13367639143187823,0.17109830046776112,0.12129078204597621,0.19785728041419692
0.006949249525927118,0.14063155346160908,0.26690340854079203,0.09037560701477965,0.1340889303954106,0.03727659944753689,0.1389590482617725,0.0937724246576933,0.09104317869447898
0.05741746322295741,0.0862241774469751,0.09812221027757277,0.11838225221761244,0.08584459831742779,0.1404228874848206,0.20955827554866055,0.12015663935259757,0.08387149613137586
0.033141499362098925,0.06127585735522493,0.14035001277179013,0.05992475640753859,0.11613980709348644,0.09999628907256897,0.07480590209731199,0.08349882077694983,0.3308670550630302
0.19988546936382967,0.06774689683030251,0.11325721268476306,0.13948467514428034,0.06671465631496844,0.17247752187440532,0.07944166293790694,0.12170579308693891,0.039286111762604846
0.10329098272878041,0.08096237651922403,0.283665710459429,0.09151000947589095,0.1384818834466334,0.11697022127963153,0.062078147534610446,0.08551983562977077,0.03752083292602947
0.01876335296383021,0.14578302182335448,0.2372772620371945,0.06712466945975411,0.2271183625510004,0.03625693640925943,0.08430126828623391,0.08931978048001317,0.09405534598935979
0.016670619343332648,0.07736265714400345,0.1855357630445682,0.09757972322189805,0.14423973087726957,0.24236565953843744,0.07003173153570975,0.10564949828480708,0.06056461700997387
0.1402450701617998,0.16968783153964226,0.04461598642705109,0.12132339292614043,0.24492358092303912,0.050474819155978866,0.11849168376301399,0.09848802652558791,0.011749608577746559
0.014140630263184295,0.048988996696702904,0.3075118972020529,0.11884025491037176,0.0658982731435535,0.19620029927029703,0.07351727441261123,0.12823308547548595,0.0466692886257405
0.06824799224223337,0.05949760009192101,0.17591114096278002,0.09576175142666705,0.12332769441594266,0.164451437253521,0.07044167990476745,0.11435784466147082,0.12800285904069666
0.048280456792217076,0.05549810107708226,0.26266365101490746,0.0639129142454841,0.26624150497854515,0.03520022026836526,0.05035316134755025,0.09495716277359996,0.12289282750224846
0.16651419642666362,0.08636519186365156,0.1297003140890861,0.07948963680290493,0.059824648087929165,0.10008434994156461,0.059783209251515736,0.08982563842030329,0.2284128151163809
0.03777137165740171,0.05131601924728463,0.24515406117442676,0.12731882876164277,0.06221246509856838,0.12481961065890414,0.12454300714942546,0.13020195060565468,0.09666268564669149
0.12068416660645025,0.04144436945611838,0.042233221032069175,0.07460084340333877,0.08737968057279881,0.29921570037396955,0.10026897633749289,0.11037757857792102,0.12379546363984113
0.11824907291858155,0.15951164536937248,0.09494240297856305,0.07231018762908788,0.16997405983659422,0.1274052024368952,0.08706881456760003,0.14680299186465684,0.02373562239864872
0.13681153799448098,0.0870130498859568,0.14889621233872977,0.10103186601108234,0.23542211689461148,0.06691849055394537,0.09645669582223693,0.10034265733917323,0.027107373159783135
0.05086593181335202,0.09639989403996135,0.1354725823640512,0.07262322111000041,0.143455456462686,0.1635119975091692,0.12404103093621255,0.13791217736000663,0.07571770840456059
0.026142176221218047,0.04157397903489536,0.3417487173758275,0.10628266893638068,0.1294141881833773,0.0876283431749909,0.11041894100855681,0.09132279141371895,0.06546819465103436
0.03875721304974449,0.02834912220403619,0.35496930486939576,0.054324553191889995,0.14879602836572106,0.03877683709476307,0.03037498342553401,0.07509378378683627,0.23055817401207912
0.018488230560035356,0.07590898602887328,0.07210326630996093,0.12936294430673317,0.33552838524179557,0.16045207969355624,0.06138579586935691,0.07730597408716995,0.06946433790251856
0.1462071465880895,0.045161975095506936,0.18995297876309636,0.11102875019561508,0.07686551257844257,0.15665789645580422,0.08891705310685978,0.11567172452080342,0.06953696269578205
0.08862443981163691,0.03143535103177186,0.17769696872181875,0.1374646505019172,0.06704128944264692,0.11307311650643896,0.12252806936956571,0.12618467897906682,0.13595143563513692
0.05563820349390256,0.0848216128691515,0.29890766040194866,0.06892404470708564,0.1472894176760118,0.04850274113683581,0.0820324654178385,0.10320624102866159,0.11067761326856389
0.1331688663492384,0.1674597663027,0.11242452154783643,0.142272605281747,0.08935409536438634,0.06727725856385393,0.12611656457605067,0.13588614932173687,0.026040172692450347
0.012753936975532182,0.07064608251412596,0.04059076091544607,0.21820600429198264,0.23439745654591068,0.16865711223886617,0.1378665464558785,0.0834912343379741,0.03339086572428368
0.04047404323287293,0.04162810937484493,0.1884347777200078,0.11073440996542548,0.05555014907325043,0.13983248891273567,0.12657831592461435,0.11616992433332345,0.18059778146292493
0.04208245912222371,0.03462067043689356,0.33436537008494244,0.06191401355947567,0.1729452025417586,0.12609315827223191,0.05314237615986381,0.10091996471372527,0.07391678510888501
0.13371615058072003,0.08898593467150011,0.21008862867010572,0.09271360726255495,0.18522761780372723,0.05126295167686512,0.07338723360391851,0.10311119700932436,0.06150667872128385
0.04114398607100997,0.03914460443237258,0.42609681809157246,0.10115118177166482,0.1769931494638727,0.04396068389721854,0.05443893164607216,0.08610483111366103,0.030965813512555795
0.0071261184597165095,0.06273833756301615,0.30183546630284835,0.07416453972569188,0.12182465238765988,0.11767167106662013,0.15575554493062518,0.0920322481922422,0.06685142137157965
0.028579838047282344,0.03452592082049404,0.21293894945981776,0.08757012875367776,0.28737329837019304,0.10025575076788389,0.0515507259404552,0.10519470131312768,0.0920106865270683
0.05870248299472694,0.032904588869446395,0.27801629207613904,0.10257394514216073,0.12293440577278954,0.10279902547413262,0.1481496181279661,0.10474685997794737,0.04917278156469133
0.34148711575073337,0.07081495829048273,0.1287780129674821,0.08208472823902069,0.06686711333755287,0.04668666384459636,0.05175403505054523,0.08768343395824486,0.12384393856134183
0.02652878787456776,0.02270303480114616,0.26091326427907985,0.054194319480728954,0.1165583873569385,0.17963426391821594,0.15165152595799933,0.0824055390557189,0.1054108772756046
0.27882906577760536,0.07943873504793138,0.11591457934988725,0.0767885241093838,0.1467284028033178,0.05126097715496738,0.07017393804466703,0.0941314777827124,0.08673429992952757
0.038002530284414276,0.1466065465403424,0.10871109492444757,0.06982591317658669,0.1460024216490868,0.06487330678751153,0.17629130395582246,0.09232274498452477,0.15736413769726346
0.040320304048357104,0.024358020913223002,0.36303809001216675,0.08968110787455791,0.24110667387431692,0.06518316176175987,0.016102068253629285,0.10967737117138222,0.05053320209060694
0.05307944433814988,0.1649563147919849,0.159018022041818,0.13868047709545528,0.17072026517287378,0.07083591805452864,0.12558902896004578,0.09895509950419527,0.01816543004094855
0.024928249530225582,0.040199571754683805,0.06686800631964292,0.08626259686060977,0.06466272681716341,0.15571891981664066,0.16383870390174185,0.1436873189148138,0.25383390608447814
0.1281401464605261,0.09557705831723062,0.10330301687878252,0.06545361127968806,0.13382496900032598,0.23445266093131956,0.0941305234324981,0.10543808087759243,0.03967993282203663
0.384181679203401,0.029674352482282163,0.14387431209629362,0.12474798976445828,0.05965368540313546,0.06052801019502418,0.019459588977623673,0.11368980087668475,0.06419058100109687
0.07209363919178031,0.067413386508079,0.2518079519631214,0.12748261845082667,0.09668843864220432,0.17273224579540677,0.06049679032799563,0.10651635119716647,0.044768577923419296
0.06148481862823143,0.03199915145636285,0.11542241000991606,0.12825806553160848,0.045301924853400344,0.24879884254820828,0.08826242529452755,0.1055517983444607,0.17492056333328435
0.027140145117294217,0.05018028171138609,0.08200275187754628,0.09780057269669189,0.3734500397880569,0.05505544380811785,0.2091247379068205,0.09791190894771129,0.007334118146374965
0.048367776520779865,0.056917710709306395,0.10626102007566367,0.11154962319355617,0.13633323368435843,0.24113347703620658,0.06907686578875172,0.09981489498662582,0.13054539800475137
0.16430071803424418,0.03527158737839072,0.1622075649402531,0.07051066542749274,0.05884285538906927,0.18532280599757622,0.06027586141055602,0.16044736237454607,0.10282057904787162
