0.11187467778332015,0.07157099060918883,0.10509941728436901,0.0658581213431428,0.059415621733152325,0.09377053844475537,0.06845440098422441,0.05346598677575929,0.3704902450420879
0.07184472337402602,0.029099592816405905,0.09699766431782102,0.10509244145480161,0.053604462978425194,0.11926670000132078,0.03382097575177275,0.05955968634717001,0.43071375295825676
0.15442070894531826,0.10596992374838694,0.09379168154212693,0.04938756141265396,0.05546784735747753,0.26714407994229955,0.07932112844848023,0.1531998280008056,0.041297240602450914
0.21068835132391692,0.04878938329966631,0.10084649515687677,0.11989290535095853,0.11445018281807799,0.15432159873646298,0.11371767064603444,0.08144263452385775,0.05585077814414832
0.1690402935559789,0.00849524097123555,0.09089340365416397,0.16095957730984492,0.3233387217647087,0.11492695495558049,0.03269554191615397,0.07730907618661916,0.022341189685714368
0.2099357691291336,0.05488857281669133,0.0690082049316952,0.22162592741004353,0.02620479419420917,0.22735577677845864,0.058172107929280105,0.032735608180217285,0.10007323863027111
0.15677293654019772,0.013228187468564833,0.10039544724754657,0.05984951750750517,0.06410801161095471,0.14586505582168996,0.06026195138531232,0.0662449174417148,0.33327397497651384
0.06895362214730184,0.07277045568688038,0.11222805847314275,0.05350384355965828,0.1347889847948778,0.09201849434027203,0.046273845731279684,0.061512387277890546,0.3579503079886967
0.22596124963780628,0.29280087170101093,0.07718298741065521,0.05392351157712718,0.03552882158713061,0.07259404040188032,0.09982485016025595,0.04888183266672038,0.09330183485741318
0.12680640022107945,0.029829585038845,0.11395152890488668,0.03973938201355119,0.292345194272946,0.174638794572767,0.04758042227861444,0.06686359624909306,0.10824509644821732
0.10895123896156117,0.03686577160787064,0.07543524263432315,0.09988089693766515,0.1145703068039516,0.07065375487864489,0.02890901877803657,0.044718143487443886,0.42001562591050295
0.21172332277779318,0.013432618468577523,0.07308643433304564,0.03612458304686418,0.04386637642256919,0.20041110992542246,0.03462343216841006,0.13055860582530268,0.2561735170320151
0.1302606374490015,0.005920190634534285,0.10015727177823884,0.1483489743040949,0.2974867330943707,0.08351312783956939,0.10962496137728162,0.042563002962792966,0.08212510056011585
0.1578306002935007,0.07583315116764845,0.1114750850420128,0.18270599166724222,0.15428119786273012,0.0871746558124026,0.05776215049502292,0.033434629418495475,0.13950253824094463
0.11414927801949036,0.08937519309915853,0.11278333924627419,0.10784748539374182,0.0811946792542102,0.15837906550998604,0.08380466897548788,0.05192246321593611,0.20054382728571482
0.1548461528035485,0.08239673301975543,0.10523266292752669,0.22076082008751582,0.0423914349466586,0.1074789235899467,0.04447346988770737,0.08970498164084563,0.15271482109649526
0.08210873653193623,0.016376157366012844,0.12019098823891887,0.11794718333643495,0.13471420214101934,0.09089866559852917,0.0895963138584399,0.011078381851844753,0.33708937107686393
0.11789767158471831,0.07792705314454856,0.11903660843983832,0.1215328011889761,0.06820917290393012,0.0890289394824373,0.062151640097476944,0.050071608755555684,0.29414450440251866
0.23020595136115451,0.08418780214862769,0.11003324522000497,0.10666562765999883,0.07341741029796044,0.12098917720661852,0.1510447438084794,0.0554417569959789,0.06801428530117674
0.20765957365831014,0.0316573582319203,0.13143075613264096,0.058700071840852235,0.04121967186930419,0.3059248868376108,0.09388136224518455,0.10907354147318009,0.020452777710996673
0.18820300363383724,0.0029676722110524045,0.13374431827029626,0.08571504495864458,0.16600244585960708,0.12631581980160325,0.022225785304850327,0.11330730399738452,0.16151860596272435
0.10115663855463296,0.04077198747465986,0.0740904242049331,0.22987634734441512,0.09176610051320906,0.15286514112798633,0.07270206061637356,0.05323057922098131,0.18354072094280874
0.11395594712005848,0.04724940812246068,0.13962101919341166,0.056208152627880335,0.18141634513363428,0.22605412831612826,0.0755767471175215,0.08053671074236256,0.07938154162654211
0.09835391483295354,0.020498251503438904,0.09464584328651897,0.17091684451903946,0.04642653680726172,0.15258777149342997,0.06437678672795086,0.06815681596289308,0.2840372348665135
0.18192271093875187,0.019995874206135345,0.10517487839242878,0.06613541687167693,0.07037135559715411,0.32338299831001005,0.10315767356376875,0.05024012559881038,0.07961896652126384
0.1841604203074604,0.03218621165364682,0.07424756105938336,0.05769760842217203,0.10035783421374543,0.2623705736399165,0.03833569329953158,0.05832967859594656,0.19231441880819733
0.13207297922353659,0.11287694013175831,0.11607298895101718,0.06837575411461976,0.0945613770463594,0.17966830389614188,0.08522716357099641,0.05468637810360322,0.15645811496196724
0.2706808555461924,0.13852719069297412,0.09164203424347088,0.051606042702029786,0.18550549108895317,0.08238306594389734,0.01617207161618472,0.0581946780939862,0.10528857007231139
0.1299783480074292,0.011905159426145144,0.06989808072780937,0.09703450682545862,0.1177738172030554,0.1302599378098124,0.0719565938904307,0.05735541257236713,0.31383814353749206
0.17926507673379688,0.054881271893562455,0.13912420563809066,0.12611920273910593,0.1049382646007024,0.11727144751346812,0.09937901457403249,0.05195025432699188,0.12707126198024923
0.1098423382574834,0.022257794785233754,0.08828286511905353,0.05680346537133015,0.1162418073556404,0.13675342668254561,0.043898515313231634,0.07072475211027841,0.3551950350052031
0.09915372500416907,0.20626778827471628,0.10477943488567769,0.08653006781067411,0.08050109994844402,0.18315515099796084,0.03919274337346627,0.08404953056956753,0.11637045913532425
0.2415845975859446,0.029025150082073636,0.13068896577638742,0.06015262332688807,0.0600026712912354,0.16134365452083424,0.07120752878280472,0.09900653572738216,0.14698827290644975
0.14622013609249654,0.0095657575676468,0.07417674372228276,0.09668518727541281,0.08030325295241503,0.11052317767396547,0.15767319960813456,0.024876762305042033,0.29997578280260395
0.08505331900607065,0.018901143613949272,0.09281959722782751,0.12101099675060513,0.12561571511114603,0.21303870298882802,0.2016093419400292,0.03410067272720199,0.1078505106343422
0.12566114897863956,0.016541579048534958,0.09873800884334401,0.14160306017179303,0.021843009822202015,0.19806415765070154,0.14310705244003144,0.08033894486812493,0.1741030381766285
0.09172513860422686,0.05405743470494508,0.09335269882606768,0.11311930938629898,0.11383834805772408,0.15163001722476613,0.06661132935386631,0.026482387752524438,0.2891833360895805
0.2653099975033349,0.014554547355792875,0.11123562072600468,0.04526098178612115,0.164515353054888,0.09785893999066823,0.19436096511209158,0.05089457356461705,0.056009020906481466
0.2475003786637794,0.009721710294728049,0.06888704047711768,0.08196346731602167,0.049875627311575105,0.2063743923628627,0.033159529832284484,0.04383008662120915,0.25868776712042174
0.168305302277065,0.021615910306955435,0.08076507448836541,0.03974287686394545,0.04566627786570419,0.2113609536441342,0.03249869501866945,0.044735763761607115,0.35530914577355377
0.17102580663767938,0.09057683209868184,0.1301700517192236,0.0737435007611888,0.09301215715402426,0.178440833838705,0.08637736066741163,0.10151147784034997,0.07514197928273553
0.15170954046633509,0.037951245800471635,0.09629368651744001,0.1394919175445712,0.07724052381910075,0.21112376709072098,0.0820326825824901,0.07144904230573701,0.13270759387313327
0.06945812713085976,0.0567185265377033,0.08282469505914665,0.05084925295226531,0.033606504763152883,0.08856099723442258,0.05183918960435909,0.0562594785549582,0.5098832281631321
0.15088851346148655,0.00913933974527354,0.06638475539760207,0.03384902272374789,0.0950121998230395,0.11396865797635164,0.029075456971251325,0.06764777302906233,0.43403428087218526
0.16705255970933527,0.05656579740268101,0.08524694428932127,0.0477341787776226,0.283102986517677,0.0945281645061352,0.05836968206052218,0.10065537649220553,0.1067443102445
0.18565074573092474,0.17181205773583177,0.0944433893967425,0.12553278791325828,0.06411021320007099,0.15537595954098504,0.1251913566632211,0.040540217225648496,0.03734327259331706
0.2859970634966486,0.020117161089970702,0.09239611779687852,0.1537814854159186,0.0688618676984724,0.1488744014941128,0.04877254104601463,0.08016214083936136,0.10103722112262231
0.12086473492993649,0.04818829674711775,0.0987793624800833,0.07751374254075201,0.1875838742910992,0.11607520841897569,0.061767164989862754,0.0627195637292019,0.22650805187297093
0.11041916380340085,0.023378114564012842,0.27454785275656474,0.26021641451688565,0.036254391627049444,0.060551766549739046,0.021346298172481914,0.02070991289569579,0.19257608511416976
0.1443993181062888,0.008458052675094347,0.14579745545757442,0.2493732605946574,0.06979784032436863,0.04999207306289701,0.04978133278301308,0.08331409436663403,0.19908657262947227
0.29846937033140214,0.04705498535990577,0.1472994267910603,0.11534830800749436,0.04663217962965685,0.14596609070745956,0.07958856051734042,0.06380186841011186,0.055839210245568704
0.11067226006444277,0.0713300473944536,0.0905431622448001,0.06084150305630583,0.14357343233386452,0.16299146497691935,0.09695792869597074,0.04783244072664186,0.2152577605066012
0.21085192907231928,0.002492030270471426,0.1992536184390988,0.17699364103765483,0.045930813613156374,0.15596101165445267,0.03755633589467521,0.043430173271947155,0.12753044674622427
0.12544484828775346,0.020426617573677367,0.07070204323926965,0.08668227596453586,0.10080672702237685,0.12969535803129498,0.03557899366261653,0.05765890130956241,0.37300423490891293
0.1030674617926654,0.16278455519074184,0.08676731413831969,0.07317634684147249,0.07929816021626834,0.1266868991796627,0.18431733884990523,0.04030437117125982,0.14359755261970444
0.11514678730511606,0.08365453204960437,0.0870659344087409,0.2729287817149531,0.0732408621809754,0.10129249648801365,0.04616720117292658,0.02485761342471227,0.1956457912549577
0.11865417845530442,0.015991725528940275,0.13049548964845567,0.33593983216640627,0.0326328067865336,0.1638476117006051,0.042616687018705836,0.054495089827402476,0.10532657886764633
0.1666410452336887,0.022432969689974686,0.09074922223842403,0.0701540861821565,0.07151371726311344,0.13463554505340422,0.05318492599930789,0.03298934474186009,0.35769914359807037
0.1620412677691844,0.01876654488296348,0.09904700512536453,0.10638460971893143,0.06811345589293648,0.20847506214290554,0.07293987222232295,0.043354236815272625,0.2208779454301186
0.311099537269963,0.005220609821051078,0.13580372961718634,0.04539200099923585,0.050771808910035736,0.12580748167340056,0.15267992837177127,0.04446961738980876,0.12875528594754743
0.10684654025140043,0.04667572291106794,0.0856418823173446,0.041726354142862986,0.10018712673101426,0.082628994401796,0.09865137623876134,0.05031923563622145,0.3873227673695309
0.15388733846421884,0.03176013177484254,0.08408036831616959,0.0874903184973412,0.14290285025372387,0.24188111934945647,0.09541913673246559,0.09155146412247968,0.07102727248930223
0.1493044807863141,0.04136789104434754,0.1220250680547627,0.08531751149094219,0.13284850492703892,0.18940624484034083,0.04750263935831086,0.0726626754469772,0.15956498405096567
0.10734347384355736,0.18765469628744155,0.1061624762220394,0.07368082467453191,0.03845946672567937,0.14408155420937716,0.12493048214886941,0.0588780303514966,0.15880899553700725
0.1494014027822312,0.0767213187012283,0.1304582300623458,0.08101374808000865,0.08265326364724329,0.1184488954591983,0.028774389517082766,0.07844326820145416,0.2540854835492075
0.15578221115376364,0.07356992962368038,0.10363526334889228,0.13122210650888788,0.21106994593857786,0.14874491614080923,0.025134734559528627,0.06182580069297836,0.08901509203288176
0.07141473624321182,0.020909004449742277,0.0764705152509871,0.04388822681151137,0.0481005588558339,0.07690476655303757,0.04433967239216315,0.04991346464941923,0.5680590547940936
0.24023883783354383,0.14528775744914926,0.05596367751327939,0.2947505182967837,0.10578860820333469,0.09959856976098587,0.010434046763552043,0.04585734473457075,0.002080639444800522
0.17374828308327703,0.12454696279753469,0.09999238075502825,0.05617410515249544,0.1505636745033044,0.12248107737441889,0.05258067735859514,0.05399469253237815,0.16591814644296796
0.19803109636489702,0.008747793747890814,0.24237367482841066,0.12320414954223217,0.06517867125121048,0.17934756157829945,0.057671697227584945,0.03719872208534857,0.08824663337412582
0.19926093008667486,0.10801637599340574,0.0976580997197566,0.14563002034975916,0.015028830452557847,0.0913335904002901,0.06575146016872738,0.06234764667850897,0.2149730461503193
0.22819519166785976,0.027919180781332115,0.08319596883486745,0.05936412777826464,0.07591706609924179,0.2238071571220952,0.03865536221044849,0.050722513055891934,0.21222343244999872
0.1330991823153164,0.14990615920440584,0.14217793791072872,0.06335721966715943,0.038116912235666746,0.11033539491320433,0.19850861559428587,0.03170026515148267,0.1327983130077499
0.1842305877486786,0.04468356659679409,0.08171126505555612,0.06156345385136325,0.10608308436708674,0.15138722630594845,0.05521818829064634,0.04742853754224822,0.2676940902416783
0.17691873749388184,0.01442240442198645,0.09487498373785934,0.06209128496873471,0.07344985119333299,0.19140028507428006,0.15703523790824656,0.10961116220960716,0.12019605299207098
0.3309718868398422,0.023198211015387032,0.0743602383212869,0.04122607830773623,0.19936560834684577,0.054645848137831625,0.03999250450613067,0.13969433087052335,0.09654529365441622
0.06540450194532113,0.13683995088340975,0.09293693334657478,0.05648140227673637,0.09502203923616648,0.1575239314611595,0.0755787792495437,0.014176506908144357,0.3060359546929438
0.12761488280366123,0.008026590461847359,0.06631088196734067,0.039085587038901616,0.07032177444348779,0.18223221031067527,0.1971144996967744,0.026142419022448193,0.2831511542548635
0.24183690480761796,0.022749898160162874,0.11199726318776844,0.1833605175039927,0.06908518804286738,0.14032372902170331,0.02855862059125294,0.03737384426531905,0.1647140344193153
0.21612118202260686,0.027624223334786143,0.1509762525658323,0.10859598630680704,0.1668111038576109,0.1768757147853889,0.051036604323505784,0.04410126262455604,0.057857670178906084
0.20276418869904797,0.053704242399125246,0.19336655903123726,0.0796790427442756,0.05300212973807265,0.1391067680012538,0.0917563053126148,0.07407664138225382,0.11254412269211889
0.23991217864596162,0.08780239291714122,0.09908857522943015,0.045828158944927526,0.05180235683073001,0.10318163811138847,0.051187081517790715,0.11330331549521362,0.20789430230741668
0.20597287535287676,0.005037737596619717,0.09508553822184153,0.05215714618723066,0.11850472951907183,0.22109500590303566,0.1842250683765426,0.03232794171216193,0.08559395713061928
0.09944336974691481,0.006230480661886321,0.07542779956452529,0.035662604678181165,0.09438575764007423,0.09386682112374678,0.052792424126257696,0.03667645493232039,0.5055142875260933
0.2373023386705927,0.008640718327505155,0.16896174850520407,0.06612598800969931,0.17501436806531545,0.15717956144744571,0.07224793607543493,0.05202536582921466,0.06250197506958806
0.21495146655026462,0.08509232836720644,0.07663748220824951,0.1705799092578336,0.1362714542749334,0.08894035791294959,0.021719836165636174,0.05495851258957368,0.1508486526733531
0.18771566947861476,0.1396129559060211,0.08779439854963532,0.060452621479575565,0.025086920956866182,0.11308943275382853,0.07273320798781287,0.05921608833822031,0.2542987045494253
0.3321383144853261,0.016444374003773403,0.16113130161085643,0.0904426293112417,0.06930924900975183,0.17031607525318315,0.02125406197244613,0.030825968613491007,0.10813802573993025
0.1391131649563612,0.02505950092652855,0.06906549162579445,0.040485020909440526,0.0607781397953422,0.10095965243127984,0.09196574546491071,0.0473623884975449,0.4252108953927976
0.17961639622717396,0.008483418068522118,0.07943270574600735,0.04739877267836581,0.1146796747626151,0.1877135931243922,0.06035929007030114,0.07839445850914754,0.2439216908134748
0.16123950645532503,0.03816371559974064,0.2296136832225749,0.08567328764054338,0.04830583101919674,0.2077124147949222,0.1325357896733392,0.059053278611622496,0.03770249298273548
0.31827832601851513,0.123798072926645,0.10800230437204777,0.04669907720093147,0.1423362277045244,0.13545237059802603,0.04206147399865511,0.03909495237677123,0.04427719480388383
0.09493914202013105,0.009990304370272025,0.05879876030209883,0.07151804276814773,0.07373347616802174,0.0843698198030055,0.09153414792152,0.057937178189870896,0.4571791284569322
0.1570030683069518,0.016289866471828885,0.07015745568239032,0.05052137209608534,0.14985474324123269,0.1293499170750694,0.10640768630700159,0.1398698736377294,0.18054601718171048
0.19369828520734375,0.023134319136344034,0.1351275059783231,0.0532923092432446,0.1095747896598972,0.23470785144373232,0.06464442875543143,0.06860846073463903,0.11721204984104454
0.2820835545165908,0.010629378724867966,0.11958716490459492,0.08973480011755343,0.03671936689784507,0.15177645617750687,0.1140922364775518,0.024873002889496575,0.1705040392939925
0.08524215994303948,0.04795544625587352,0.11723367816910583,0.10959126005355942,0.06047589908213407,0.10457667249202185,0.07001348635391262,0.0350162777669745,0.3698951198833787
0.20575072432977307,0.06017139700580077,0.15898176945901124,0.08022431382049447,0.06497062092864798,0.2121805483484144,0.07737804203076824,0.01648117996874147,0.12386140410834838
0.07674932600035046,0.00735180031023994,0.07238739876592974,0.0463734384783516,0.13326056224621102,0.1342517457125509,0.07874547039400849,0.04365659742086367,0.40722366067149424
0.1788609759111717,0.03933308346908982,0.12411155339520703,0.07542708485643224,0.19501394065635944,0.1455997135841691,0.052033711713213276,0.1528153104691998,0.03680462594515763
0.04934791171321096,0.34892941254548315,0.0984955515005681,0.06617829490839434,0.05155257982786831,0.0775065558023575,0.24043828617475538,0.04000465096488856,0.027546756562473764
0.14555079067994312,0.18324353020477702,0.10506392216160458,0.1433998434407416,0.06860190317742239,0.07402098524370959,0.0485115754834769,0.03704330391762096,0.19456414569070382
0.11653130809542206,0.03838637246986904,0.09485501722568436,0.059664395156755035,0.09286236631797107,0.11083082215275124,0.11273958477017125,0.04756189295254404,0.3265682408588319
0.047349458729303774,0.12179472681024417,0.09400025042661515,0.21064090919233966,0.043893805746044734,0.1302609268296472,0.0659713560029691,0.03993467559302944,0.24615389066980675
0.15613212158247183,0.03839973267327337,0.11792968893548202,0.13115456004330453,0.060439912224708674,0.16726012070171137,0.13992858008634165,0.03174537569439773,0.1570099080583087
0.06600763357790441,0.10574928404703587,0.10426078832745446,0.2515474921238079,0.07489287744098794,0.11858306172456827,0.10273348374112241,0.052233923919039006,0.12399145509807964
0.16912358154767906,0.022255246761050007,0.11042242264014886,0.05539209976896526,0.0828538582661739,0.2213704385817826,0.21588361189329078,0.03981407600062309,0.08288466454028642
0.13064936809454036,0.06798202987850245,0.08374541932805035,0.09991560157337177,0.07857186888259422,0.16983866149179727,0.2250719927662491,0.06321327807453696,0.08101177991035756
0.11232452967315594,0.018765802488136103,0.0627251844324338,0.042530738186883084,0.0781569354103912,0.08856369451733281,0.054471667136186334,0.056262669638417216,0.48619877851706356
0.18073899969045595,0.055493299657826345,0.18917284709685347,0.22876789644223802,0.07131303829486926,0.09772912660781073,0.03730868656449988,0.06170034133083363,0.07777576431461262
0.15239327094978752,0.011143905057793778,0.21018617388276953,0.08112172662612355,0.06058174082607732,0.23785460818486928,0.14734871870791608,0.0614180951315694,0.03795176063309354
0.1463122421768713,0.0013483628241063473,0.12260062317645419,0.2778535749191972,0.07105900162768937,0.26190279945883893,0.018266905772548428,0.0660312045270081,0.034625285517286254
0.11128062323426098,0.033330303344986635,0.10978003206685367,0.1055810820762693,0.14310195863951994,0.1864020963345071,0.12604641235241248,0.056427149956956586,0.1280503419942333
0.20130918459592642,0.03458920823726885,0.08835486651994302,0.04339864236803768,0.03775132721353692,0.1409759118076548,0.10316865469918095,0.03733085682898694,0.31312134772946437
0.21487889719921918,0.0038703314405001,0.08702564669072471,0.105026409319194,0.05235644555767854,0.1333691925400254,0.04559228206190422,0.037522428368072534,0.32035836682268126
0.2339661474869488,0.01292197115728573,0.07196549277314888,0.2259018432889032,0.22871458936225797,0.08155418892036866,0.022430867346651076,0.0815740533508267,0.04097084631360886
0.23563425377062006,0.013046690388326523,0.0799583474224063,0.034762976182803225,0.052467372350588175,0.22663337561139882,0.019745742355384,0.10114508907064353,0.23660615284782938
0.1319642072899776,0.11175381771660364,0.1497157086426969,0.12268608543999537,0.11032578645053477,0.14045771523349698,0.043379243026196446,0.04492521179270589,0.14479222440779238
0.09499887640987846,0.09398964292691947,0.09732532357330763,0.08637173561940702,0.09565867787621507,0.1258435446315291,0.055867313223226654,0.0384158074893817,0.3115290782501349
0.11109142890929348,0.03415734843670818,0.11181571593175255,0.052298873500816905,0.14551332870020883,0.25981220812769096,0.09056318269466705,0.049814139294225346,0.14493377440463667
0.1169422657749073,0.014251663138403993,0.15367775173397233,0.1979287039234516,0.08810400937917817,0.07749628550361544,0.06151892689486085,0.05030616238683024,0.23977423126478006
0.16469037999346534,0.007492343938612665,0.09870584053886744,0.09547424584233778,0.0704784128039986,0.18379954104895344,0.11553413691412319,0.08854602807836265,0.1752790708412789
0.08265079959997604,0.008207180085499262,0.05734609541502608,0.051489060652026186,0.08472572487416284,0.10176607776647006,0.05811443554649639,0.03230091174910615,0.5233997143112369
0.2578826831829542,0.010008639842372885,0.2280417744188358,0.059295870766767365,0.19692420379813028,0.05153955743804384,0.08635357510054022,0.024755720507349286,0.08519797494500607
0.19943036663676847,0.0028291738967007565,0.05849454482974403,0.04453398826972308,0.12467033467888111,0.11055168707042114,0.1838082521793389,0.0362643010781424,0.2394173513602801
0.1665913897492352,0.026177216126627826,0.10261917848721179,0.08888729935533718,0.2737921780936599,0.1196371981792404,0.06841349597504721,0.05659499277119262,0.0972870512624479
0.11470898124713869,0.03183160650019906,0.10595472939612068,0.12339088165659347,0.151108163812395,0.16198529244033727,0.041681820372042044,0.09921894020220158,0.17011958437297217
0.16762996969610225,0.017099145905242554,0.10359226773726811,0.10935871836766888,0.03607491116095241,0.18140386852508184,0.07283303534181192,0.02995732098480912,0.28205076228106296
0.10471838626969897,0.020721430362180163,0.09952020355971296,0.14086982160016193,0.2037111353889329,0.20717617342265982,0.10840210626220854,0.04466303802181424,0.07021770511263044
0.18487191666730873,0.03194317303217805,0.09557214127872382,0.09860361158315946,0.17469010544787025,0.1413583637430296,0.028442880087079205,0.12108792188345639,0.12342988627719446
0.053418857030312426,0.05107171698865306,0.0673250078652149,0.1632932588375788,0.14624309638647168,0.06801495850479272,0.028582105412474218,0.03702266489678315,0.385028334077719
0.09133843856459863,0.11040554531075379,0.1340315715351222,0.060310452448213654,0.05555123179374875,0.1591745688663909,0.0860303210155251,0.04223853893651911,0.2609193315291278
0.23463369115357877,0.010102291479591808,0.13375538001371187,0.1806813960339918,0.06379250388703016,0.23656856862200026,0.08980469037008731,0.0317245995250324,0.01893687891497556
0.10970126072797266,0.01246808116622485,0.10390234845537383,0.0668179627951318,0.06700187529074116,0.17181235411362428,0.07310252163113086,0.052507450801630495,0.34268614501816996
0.0981214944860019,0.0247227262188203,0.27735577819070983,0.11073419212831533,0.12970307944793624,0.10200996592899225,0.0662946224279802,0.11732138532070924,0.0737367558505347
0.19015109330438565,0.04497671738929615,0.1092713591774845,0.19471939806041785,0.21840746114893536,0.06881881455581716,0.07444759895471013,0.04024218905450647,0.05896536835444661
0.0718651930070175,0.11377446970745386,0.0982285273826224,0.043026733092007406,0.16967300188036183,0.046967598173116826,0.024632729626516844,0.07966947529155526,0.35216227183934806
0.09710420670499091,0.017924962246570978,0.1466693383897946,0.26322263526605827,0.04315067703609598,0.09475509354530448,0.03936224529798663,0.05087132409709095,0.24693951741610723
0.08737366442509775,0.1514992458970489,0.11246728589628945,0.05829837076760467,0.04096790146824065,0.20410392458857238,0.08395030279214476,0.0403841196649202,0.22095518450008125
0.17520401449387915,0.08342089281494784,0.11345163235148026,0.15858545286579526,0.10500642553893184,0.11959007295619846,0.12206748306188275,0.07984246180231669,0.04283156411456762
0.30972863292080793,0.008281623998251327,0.094207240271877,0.22565912560626997,0.08217569195806917,0.0881323621251744,0.0565379829427519,0.031346170693223714,0.10393116948357461
0.08533550785803153,0.13760757954655625,0.115239000797257,0.12666331069159356,0.11621353852536324,0.15382480979533644,0.06735789909486528,0.06444221996957746,0.1333161337214193
0.3345846817878783,0.0035333372271016297,0.179091949310051,0.17282705543674917,0.03941291145101177,0.09577042383687895,0.0879911780203455,0.032519755808104685,0.05426870712187903
0.19545979530678745,0.00876264865925064,0.08457903690315395,0.045883890500107764,0.07615171062510818,0.14561721224087762,0.08656609456736741,0.03140821111647382,0.32557140008087315
0.2578826831829542,0.010008639842372885,0.2280417744188358,0.059295870766767365,0.19692420379813028,0.05153955743804384,0.08635357510054022,0.024755720507349286,0.08519797494500607
0.14123001422164438,0.020646094166410056,0.09644199396035726,0.08835190840151137,0.11090649817493886,0.2177471675792213,0.10571319474371414,0.06438477759762101,0.15457835115458152
0.22441700261056421,0.008273869925218598,0.1072786953327447,0.1898052776980799,0.1056940937141292,0.15897653898986236,0.10490820325942563,0.034640588808239996,0.06600572966173539
0.3304232638779075,0.05374104823984994,0.07797176436901958,0.09129154383713305,0.23018126492341948,0.054060166369783454,0.023815782551910605,0.05412083699347688,0.08439432883749948
0.13195343345269914,0.06896624685535165,0.10420214711601151,0.22275507519352067,0.12838030876066955,0.10889332495487312,0.07191426877473012,0.06822905384973905,0.09470614104240523
0.2820835545165908,0.010629378724867966,0.11958716490459492,0.08973480011755343,0.03671936689784507,0.15177645617750687,0.1140922364775518,0.024873002889496575,0.1705040392939925
0.31659932843676164,0.009715154019673168,0.26674937042723884,0.0833202898345047,0.09205839761098043,0.10511689527263175,0.07764915955477093,0.03571779423404356,0.013073610609395053
0.11322690114956334,0.016597455846567584,0.11677294652972066,0.2767508389221443,0.04616158421146738,0.14751289414318258,0.1535622370641163,0.047152847384724826,0.082262294748513
0.17406171761566622,0.00559012552421475,0.16485407956237122,0.2941192388941414,0.06021662385366688,0.08911267357987403,0.044644468274476046,0.04913496118094255,0.1182661115146469
0.19931880433811786,0.053700853817507305,0.15135304150935971,0.10753847474775328,0.06221861265158576,0.10119581262652623,0.06205237667193095,0.08905999061114418,0.17356203302607476
0.2757544825412622,0.011668691962744919,0.09847081350242282,0.04832078966016789,0.08399343293858413,0.1859184044238671,0.025259064743633094,0.11576984804319153,0.15484447218412636
0.3899965463403152,0.038566572052044425,0.13618059125382567,0.05830164350649358,0.12999201200852453,0.13361504984364858,0.03154703578681516,0.04365680094077773,0.038143748267555184
0.2546487941409618,0.04021932206320478,0.08004353281541134,0.1265570960633633,0.10569756805215351,0.07316740741676757,0.12330951186887912,0.10968262485089847,0.0866741427283602
0.27942992569141806,0.04345918302606095,0.09581821722886041,0.04185196162424142,0.17871322637980022,0.12022501458228076,0.06753422315012846,0.10372135130236315,0.06924689701484658
0.0889079156705022,0.0038126370104166925,0.25461552143190086,0.07749134135484928,0.09995031922122159,0.10898449191711246,0.14568750918124185,0.09648059924717163,0.12406966496558341
0.3019873090376957,0.007493608815482215,0.17670018811126909,0.08405688517522603,0.051207503848375684,0.22799580213241935,0.08472743730900702,0.03114100564193228,0.03469025992859267
0.23527197583542905,0.007884603490347121,0.18468408032065586,0.08272129768672719,0.0861306540193819,0.10307328201509054,0.19743650656811207,0.04028028680595861,0.06251731325829767
0.19965882052995956,0.056881520869120655,0.08882481469361753,0.1773223364310453,0.13054335913001872,0.08887114147895342,0.06180296177514327,0.0838664780959026,0.11222856699623895
0.056977290527447676,0.050856768341914514,0.10236042516483722,0.07609245024777322,0.06622185455678054,0.11147997631277105,0.10373982638824648,0.0582919843169127,0.3739794241433166
0.16526726226310426,0.012870225402120863,0.07917280541272248,0.05088751501877189,0.12539756526398657,0.10027394033582425,0.09387034158954549,0.04088830288397168,0.33137204182995256
0.2969325203048682,0.030167679400170913,0.06230439535647003,0.06910764153522579,0.047804514379586806,0.10223335129219364,0.01956879837328279,0.048324575245482865,0.3235565241127189
0.09810286193450601,0.17706811333096217,0.10936170394488143,0.08091647115205426,0.07208338081042491,0.16437663860248358,0.10540928170960588,0.07435995658672184,0.11832159192835989
0.29661553964932613,0.027584918672962522,0.10185537119800765,0.040874954926033366,0.09538754794640647,0.14884757745795338,0.05244070240581058,0.05337404678578978,0.18301934095771002
0.13918552731607473,0.1133150471439602,0.10243848226182578,0.0926725192481098,0.14206441563231012,0.20873707680779552,0.07905128854956912,0.04756768198355094,0.07496796105680377
0.14003525525028507,0.11100080725776347,0.10786823862933514,0.05504233113973833,0.04049938066826804,0.13509645719740285,0.08635426496231018,0.07866953105999795,0.24543373383489894
0.16352972231378315,0.007074084539723774,0.35512844647175806,0.050178815236968155,0.029401465603670202,0.13047434562758523,0.14416381042039672,0.032988447058955137,0.08706086272715963
0.09646436972043192,0.11975089615245722,0.10892579125342512,0.29939474435922026,0.06575480565308973,0.12182596119898625,0.09193125829307812,0.023409805603663042,0.07254236776564833
0.11314841535643438,0.016458299684604695,0.11785019101722087,0.07684105164724679,0.06855040172437449,0.1593220236603984,0.09282207933710024,0.08412181260351746,0.2708857249691026
0.2507907256682274,0.0245264281605402,0.09905937839956347,0.20699679169549942,0.14468384502196655,0.06281902539451781,0.01476725365536384,0.05505899969850162,0.14129755230581967
0.263680691228185,0.02806157222156266,0.11914268610431848,0.11247096114009474,0.0858018751866388,0.14664560286475356,0.03630054940070141,0.038919874861787676,0.16897618699195763
0.17964149248752212,0.00247671704809527,0.261190858401364,0.06354939427759453,0.07286952465679566,0.10695652855968457,0.03598086206294699,0.03402408285766969,0.24331053964832716
0.23670025694579003,0.0688253080304616,0.0891795544874165,0.1639670050799253,0.040032328189736885,0.0818502354578081,0.03198474059352182,0.059129413146411756,0.22833115806892804
0.2116694370344275,0.056494501448836894,0.10081615505995785,0.09846002302494404,0.05680060876490444,0.13749857214670597,0.045706539410722447,0.03967730984671213,0.2528768532627887
0.2141547900662034,0.027970176265231534,0.0909180508058915,0.049295427840215955,0.04629368877666815,0.15188159427795245,0.19579703386782218,0.04336696995834768,0.18032226814166719
0.09678138682901072,0.026543558703953505,0.08047731083198888,0.0750387822723144,0.08142340313785885,0.08848460022945763,0.05483935602011598,0.02508676910468771,0.4713248328706124
0.2895559077671724,0.016651231005131436,0.07471560535128596,0.06896997830421206,0.07241238536935389,0.15738618978341187,0.06313648883355709,0.0770062161361098,0.1801659974497655
0.13028605286571085,0.3238973503871205,0.08491807702280234,0.08164569314792068,0.05758509036696833,0.08505386479793131,0.05885530936199549,0.05802320076357468,0.11973536128597591
0.2831157233325259,0.07899377435217614,0.09754391453778412,0.04277001314826607,0.033067221519486455,0.11636801572625834,0.13008435445760816,0.06020752614369096,0.1578494567822038
0.09615319870963814,0.16879064372427924,0.09992006530148224,0.04673910080250195,0.10564384083870067,0.13102209106974386,0.06979088915774599,0.1135329231827245,0.16840724721318343
0.09130757578929392,0.27415149537745537,0.12891516270299774,0.1550368412787691,0.03185771452490375,0.07586379180642137,0.08137113207411119,0.045654590329094635,0.11584169611695287
0.06859377125536648,0.0782283808831173,0.10135466674805778,0.22372345588777579,0.14942365418022263,0.08729646647364293,0.15317670311698345,0.031790722497270385,0.10641217895756332
0.3280498952416437,0.02622409885224314,0.07692649772135014,0.11521825093126077,0.059747348326643746,0.10602807674510915,0.1062100536498266,0.049460312965277094,0.1321354655666457
0.18749473739145472,0.12330203439709747,0.1230818002621236,0.11408546937501766,0.05518321871322205,0.08137084820683584,0.22110314586123614,0.05688675314892359,0.037491992644088944
0.14365202408574582,0.16689416786094424,0.09373660426204859,0.051638981770345614,0.12789675319780494,0.17230356299908103,0.11898894306603498,0.05282435030939653,0.07206461244859823
0.1157855188746643,0.050683742603126615,0.0865408105256152,0.06048907194001521,0.10006706796688257,0.2002991535200752,0.1249908386668037,0.13136183226743997,0.12978196363537722
0.1831812265996812,0.014339645983709343,0.09664732040102582,0.1240241110766096,0.1351118955517127,0.19082041761784638,0.0501111335152867,0.10279261955388859,0.10297162970023958
0.11127408604057935,0.10031743625343144,0.10827047581855541,0.12470347627522453,0.04170136726225015,0.054616800642867246,0.057401024136442665,0.04711463128470311,0.35460070228594615
0.0994958539661842,0.0803683702062523,0.09643565934182075,0.12792575807256115,0.04024333874551365,0.25150959879894585,0.17762088157913972,0.07292825186308212,0.053472287426500294
0.33217299823911306,0.005545710910601271,0.09212477785349443,0.03714658404981965,0.09062275894360595,0.1669478327714926,0.05559657009864188,0.1088245543954438,0.1110182127377873
0.07203501368949068,0.011715503578303,0.09894599932875137,0.08772140469609684,0.07538422374309173,0.2231107969534318,0.03724569629118454,0.04767620202249676,0.34616515969715334
0.10734198008857422,0.016021527022355906,0.0811335851289134,0.04321406610475092,0.09321021386912597,0.12212699750052601,0.0702008315794012,0.07708244896523257,0.38966834974111975
0.10045998880029679,0.03737482369130259,0.12448610538101425,0.04755842502275376,0.11973400084608737,0.26282067113603863,0.16589730316533066,0.02624854497358778,0.11542013698358815
0.1859521795795972,0.06479260526137731,0.15364076016571718,0.05954778979551495,0.08514536263992249,0.11151980875770566,0.04710819951484008,0.042314869712612356,0.2499784245727128
0.11682613590873266,0.00427522018842012,0.09590312605270236,0.03656492807801156,0.1118612440827338,0.12031789338614668,0.07575390991445165,0.03575922160900357,0.40273832077979765
0.11156540398115587,0.02976032354409419,0.07463868713651779,0.08547820331598621,0.06589296484612829,0.1366319208715637,0.064197536979986,0.07733301278278909,0.35450194654177886
0.08512185782728808,0.0430417467468576,0.09503868336434067,0.07075459342956031,0.16593289319397433,0.13761711729812384,0.17494062880845407,0.05041220230890898,0.17714027702249222
0.24333619945909804,0.008035078116624829,0.07169999206902251,0.04858596328174627,0.18251427137817555,0.16784826089493152,0.07595862640354546,0.11637585932202922,0.08564574907482654
0.13652360571282132,0.028006920584543325,0.09056599976166498,0.047532256462898805,0.05059907648403337,0.2231513783028236,0.06461564838862631,0.10079153252195794,0.2582135817806303
0.1058753514138046,0.008640405018301375,0.08355252902698514,0.40460294814513315,0.04691271222906501,0.1802759486548109,0.11774258661520125,0.025669240196815855,0.02672827869988288
0.12069736330380258,0.054864087364548585,0.08339582242780562,0.050123380972464854,0.13809773945495826,0.10418069765092662,0.08220736794450027,0.04035395764408283,0.3260795832369104
0.1799940126625287,0.031690115068509994,0.1177786728777721,0.18694447300582592,0.09533082210037282,0.10003748376169996,0.12182829490570624,0.05149411187344999,0.11490201374413421
0.06895362214730184,0.07277045568688038,0.11222805847314275,0.05350384355965828,0.1347889847948778,0.09201849434027203,0.046273845731279684,0.061512387277890546,0.3579503079886967
0.11989911849393153,0.02235951566675044,0.09059133782950612,0.05254071652793781,0.04268807678683408,0.10398315278736557,0.08552944397531435,0.03366665038380301,0.44874198754855704
0.14620831377019136,0.015567444854147927,0.08957696692127513,0.27100671815566985,0.11382782605009545,0.10174531125688242,0.015015060664159028,0.1245786821796439,0.1224736761479349
0.09261863501000973,0.06035791382585302,0.11159214354134432,0.10993076182272048,0.06102181255466214,0.10858378579304877,0.026773905267374335,0.020239929579281325,0.40888111260570587
0.26999043087522706,0.007671999168671481,0.1227853030666045,0.27564925684685204,0.08290352187882871,0.0981352828848268,0.02359670143552244,0.04953913746263336,0.0697283663808335
0.20978284768568498,0.0739682230889756,0.07737796497615172,0.09858755735671076,0.029236028178005163,0.12322713514874872,0.013926476339756131,0.04222333773135161,0.3316704294946153
0.08853803122902942,0.033659720852044626,0.11627707614428505,0.06177783293951625,0.07672731633120099,0.18746133204672744,0.17211372818343906,0.06397665607573337,0.1994683061980238
0.22161247362938374,0.06676620538066516,0.10476260982958445,0.06343220029993445,0.08940118210221663,0.1259151176170463,0.05450469484335546,0.13864645260936068,0.13495906368845315
0.08174667455323402,0.053229194030588976,0.09134888198495916,0.07984313537986064,0.040257458308981656,0.13035168358671817,0.2512437216672429,0.0495625412296082,0.22241670925880616
0.18652969830701668,0.1325498049919884,0.0652732684039094,0.2607396206802755,0.14691254116971494,0.027216374596043685,0.12974078823128907,0.0399187744186398,0.011119129201122577
0.1689043643999719,0.04417843363351163,0.0833794648714895,0.05000671970429992,0.10786069964898833,0.10835097623293118,0.015378084438217065,0.08690811930063007,0.3350331377699604
0.28170252402930335,0.08579277042074458,0.12381129929252101,0.0838637393202434,0.036513963807770104,0.11382665148063466,0.03831222509862006,0.07019988704998732,0.16597693950017553
0.10096112728540045,0.02541352965812893,0.0927964140126382,0.08201981418695084,0.088166422301589,0.10842002564667026,0.16517012820918886,0.03562761666010992,0.30142492203932353
0.10264445917699716,0.020630911431068773,0.07675268122794347,0.05251429267772489,0.09506747029217354,0.12240756662974257,0.022846024481529264,0.07626366688225822,0.4308729272005622
0.10780247986883129,0.0874164667497662,0.1110431854992834,0.06419356676164008,0.0977052785168067,0.134236785912717,0.12795083954756375,0.09787899768134346,0.17177239946204806
0.18309665146076523,0.1313159506860969,0.09647731609658265,0.0632046050449215,0.07529386965453161,0.10813696352356124,0.022468762538463163,0.09043109926714839,0.2295747817279293
