0.24329493661422133,0.13160724468037044,0.09592672194865937,0.06050079079650952,0.11289675286635459,0.09572679766872504,0.15000692060121726,0.0736283084448864,0.03641152637905601
0.21502682269028403,0.1396871351401133,0.13306929808559673,0.09998860873885947,0.08235070835965103,0.07446211544016851,0.11102058262315055,0.018741989302866947,0.1256527396193094
0.07807264665148383,0.0935220726072258,0.1559464001444561,0.046599645041586694,0.15552129556691094,0.17067191652303085,0.11135961095968185,0.04486385198109314,0.14344256052453078
0.04661311478905137,0.10325238011119277,0.10063221408883648,0.23249552632303327,0.07526137603739173,0.1263859292899522,0.16124421074631679,0.01587234926369568,0.1382428993505296
0.14334174232544936,0.11482153030614373,0.09189267352244207,0.07388008761838341,0.2332535325361272,0.15113939378592242,0.08914361010783585,0.039266919595514455,0.0632605102021815
0.14389532798570867,0.13897149306236586,0.17249985069234006,0.12889470643575507,0.0516410148094795,0.10310360874730895,0.08585583003503405,0.15017375126647148,0.02496441696553643
0.08196011611516069,0.10831453359557858,0.15509151110265038,0.15130035216686108,0.04871051973683647,0.1594177850071202,0.16049441952960458,0.1012285190451913,0.033482243700996665
0.31379763107803355,0.09670520031016704,0.07155605595470586,0.06581047910196397,0.10992298664595994,0.12183430343778168,0.10832949601233009,0.046823964307117626,0.06521988315194026
0.14626449060333557,0.08800707734570697,0.0667432212832502,0.2597514987605873,0.0655113258627662,0.07313346730628383,0.1457813184019762,0.06355420086237157,0.09125339957372214
0.08951409189448167,0.1414177427273341,0.2060877702050988,0.0853225415292762,0.053253562921753726,0.10081191251862398,0.13164262795875195,0.12321743933440472,0.06873231091027494
0.1060122129278594,0.1098459652653771,0.0994188143029553,0.369691311692198,0.08383274615846743,0.08461949875652124,0.09919546972642952,0.029795423126920257,0.017588558043271817
0.16423291882305627,0.12493378552169267,0.25180698732952234,0.0816808851833284,0.08087033888181562,0.08761774682472691,0.10213571093116984,0.07085080220162777,0.03587082430306027
0.08126320885168724,0.11416815643999645,0.11156719660920421,0.07411119629577856,0.2390108294672119,0.12550927297044173,0.09014598300834314,0.06210937336948578,0.10211478298785097
0.08936422825903623,0.13502835423631807,0.10302139979776671,0.11148967356370776,0.11609745723298644,0.14091171314795845,0.12391030665918468,0.07206027748786013,0.10811658961518156
0.16014447946508423,0.12151061045370633,0.1748161508760415,0.0700723041425358,0.05733072348602639,0.0585052895444143,0.07272006964297202,0.2336824952916964,0.05121787709752303
0.05920570361504967,0.09010303919913078,0.06414739822957062,0.08230517987878344,0.08373086055424585,0.2438743361602489,0.07005475987131672,0.024369161659110846,0.28220956083254317
0.14639606373099345,0.1009730298617469,0.2084919073992262,0.045459781089433354,0.12333920907032399,0.12454094674166381,0.04699247019351265,0.12650477126614465,0.07730182064695491
0.07529357368838742,0.12242240353430688,0.11469423612301895,0.1711406218063991,0.052162866116265395,0.16908542872054003,0.15669811897606908,0.08525283342023952,0.05324991761477366
0.12101834434423543,0.08282343206365954,0.03318913127721103,0.11539348757152613,0.14740946505591165,0.08965231114253973,0.1519140016077716,0.06409915069466864,0.19450067624247624
0.13429836945418006,0.08963604232992463,0.11567196766720224,0.062302010394340156,0.05274821600603052,0.06283646095481216,0.055112645283150415,0.250396608700785,0.17699767920957468
0.04816038735595791,0.11694018022908019,0.15643877015825977,0.054437729853748874,0.05935035108284594,0.06257716859660317,0.23759005427725408,0.18198208280914777,0.08252327563710232
0.16976817099004524,0.09869652241043807,0.1654757924760006,0.2925941290738436,0.03401940369967368,0.021215039228821054,0.02264808888475049,0.1717751874907921,0.02380766574563516
0.25561236279166405,0.1255890376264348,0.14744002552754443,0.20895534444820815,0.030332886837772615,0.07902518226412858,0.0861104631431218,0.02766096393607187,0.03927373342505371
0.10397097160602696,0.1499533233773868,0.316411721336528,0.07711668947347344,0.08313032895791626,0.0447119854125673,0.08760173363671224,0.0745278857208315,0.06257536047855754
0.1769243226740647,0.11773368212758555,0.16922491975501697,0.06937889506902377,0.14068567457347605,0.042801889102010916,0.15983696794090407,0.05712027851395768,0.06629337024396038
0.23579281967391397,0.09239642133061297,0.07226705628352675,0.1495599503889484,0.07209208620326983,0.045085671940149306,0.16593970610773914,0.011274008087168615,0.155592279984671
0.09669350400954287,0.13732943790590907,0.08199986569364147,0.0774357126846003,0.20882918750721569,0.14358350864279437,0.06012020939837943,0.11824714550691863,0.07576142865099823
0.2058774070177619,0.10148204429066461,0.044444235258156245,0.07813770674483303,0.11216391204636532,0.21107567971677152,0.1026150328473217,0.0357600108037476,0.10844397127437815
0.15310907658005019,0.08878590295734064,0.14466081278083362,0.04509768245103268,0.1155950734228856,0.21970422032075443,0.10920604571413932,0.08660609247544766,0.037235093297515905
0.048086766681352644,0.11407772900409506,0.08280069823979337,0.042724455391759564,0.21895201413787194,0.05569564133328874,0.2757566745499312,0.06299710587112123,0.09890891479078621
0.18047076875262782,0.125745609310155,0.2253479963841649,0.21460294459607154,0.016333287081136186,0.04276042186735609,0.09142160690303337,0.05920050627836317,0.04411685882709194
0.1383082537854635,0.12182390566784285,0.07490278175485374,0.17880115871677146,0.06670847112321258,0.04217873938973234,0.020290683015283188,0.25137550262119635,0.10561050392564399
0.10444367244267339,0.13953715749914117,0.06795463433008853,0.1601919812681125,0.13454113610929122,0.13387462533959799,0.08589010859894049,0.07072479743585391,0.10284188697630077
0.06984989274730878,0.1142444851598068,0.06737404809292957,0.03693200615130299,0.26718419952840966,0.1612555371072759,0.08947301605011537,0.05298295533509573,0.14070385982775518
0.10808712853413242,0.10060632225425087,0.11001203615157105,0.06951931596800963,0.14120121862777266,0.05324603978857281,0.2839060715922223,0.04561326483967415,0.08780860224379407
0.10440657799304316,0.13588344157529578,0.11726664338805959,0.14787694144175997,0.10036349381865535,0.07927033193980901,0.15721067175117717,0.12177822308181889,0.03594367501038105
0.06135405166733123,0.0965854049880091,0.05276526512981957,0.2182154627557192,0.1400930678749268,0.2040627031500675,0.10400551572660405,0.04379549599557886,0.07912303271194365
0.28447136695650316,0.0926172836378562,0.13456140657194673,0.19377816913333298,0.06348753707884715,0.05320377185600981,0.11353630566530153,0.028330322777342546,0.036013836322859885
0.07165194105599716,0.08558722298383221,0.08378504097481426,0.0788009566294437,0.22734588282814028,0.0596770226680087,0.25154076318433777,0.05142851659848541,0.09018265307694062
0.12416476652168894,0.10902284472439687,0.14501960712749482,0.19164983968455232,0.09782136821810677,0.060162571057167456,0.055314699077203135,0.10712675896310205,0.10971754462628762
0.05289759772592242,0.07854034576324326,0.0925724901565312,0.04773717087294358,0.29758974477896954,0.10893486653966188,0.02506786545299421,0.08372324216406302,0.21293667654567097
0.12112811925341334,0.13172033851763346,0.1223402451421549,0.09770750663846998,0.21390059250322976,0.07669878802161789,0.14229682253318185,0.02498024182778269,0.06922734556251613
0.08534440886369439,0.11226721051676593,0.09024313829373604,0.05906357695996534,0.1740173150690232,0.08277541750329129,0.2516974902736611,0.09880333519072548,0.045788107329137184
0.11447732241794976,0.10637290963997433,0.07392641542134931,0.06863693879828424,0.13194826498964962,0.0866187712544974,0.11248715279709025,0.07218105882897775,0.23335116585222734
0.05641443286732698,0.09433280786013304,0.11433688189521711,0.06995648103491432,0.24927547773964087,0.0980531971712217,0.06773695187297492,0.12818158943548905,0.12171218012308205
0.06505738814693741,0.10432096392857189,0.16367883084227905,0.06129244047429059,0.23973948460633557,0.09456233610748317,0.0753233652444643,0.06311279852170747,0.13291239212793057
0.03958042774437475,0.10044061087594928,0.22887417767816007,0.04354096833849199,0.143937420481011,0.13917875498465276,0.11202665249788828,0.13191259914320144,0.060508388256270425
0.1092273970753247,0.13511506323017597,0.06812345230355753,0.16794708317958315,0.1045842451444688,0.13526723301092727,0.10327735845097502,0.068674750558375,0.10778341704661264
0.06641273181760171,0.0840377487984142,0.03464860124751495,0.06658907861713063,0.08671387010741126,0.0324666619706378,0.20467161925094554,0.051191062345698,0.3732686258446458
0.14042836901405245,0.06814584204339097,0.02790388078211796,0.05961436991774962,0.17885455807802464,0.09742150416345785,0.05998696926409555,0.060363524963004594,0.3072809817741063
0.18772819707443741,0.12171346670984935,0.14058774013372408,0.11939697444085344,0.04604024507775454,0.07565830854291487,0.052097978616908534,0.14483615832720664,0.11194093107635111
0.10095430498161334,0.12912442583960626,0.12616771474516505,0.08087217809326018,0.14419792860557257,0.10441501972049703,0.07138121180137776,0.19225472097648058,0.050632495236427176
0.1610433929855842,0.10714164211705118,0.372043274726461,0.060093970308816,0.02712595457936472,0.0699533088443516,0.031694349064437986,0.03774973055891884,0.1331543768150145
0.13504513978703156,0.08246380849212825,0.12976438579489036,0.04132636618004466,0.03878806890203972,0.08395684054954229,0.23589695623928844,0.05592670304797024,0.1968317310070644
0.19066506271943817,0.10944012354034331,0.2225384994548257,0.026772823581319192,0.21064564278625927,0.057179792895704,0.06621762271449166,0.04400818944803436,0.07253224285958428
0.11057405700794748,0.08335602038924171,0.07022943908209538,0.07075066825231714,0.050198446752185905,0.11053167756962463,0.11310189069589292,0.01963694873029351,0.37162085152040136
0.25135528084604336,0.1424569301446342,0.15316637656250923,0.09682506943827544,0.02179217158675352,0.12765302638148768,0.14313532832119377,0.03227461850256028,0.03134119821654252
0.11062385688581333,0.12031573464720041,0.4202063481108813,0.03035945039963828,0.08004607951236004,0.05411776075518793,0.08485452398557847,0.046074377500245095,0.05340186820309505
0.1676726723312896,0.11539176075827536,0.1296997629773616,0.0803484942962936,0.17750083735547406,0.10083723782070862,0.06648238964580393,0.03308359262321672,0.12898325219157647
0.3881264803386976,0.10527913060233575,0.1772016864640338,0.06759976630164737,0.062322919807290676,0.06208058616624238,0.08986294378706085,0.009421389529058853,0.03810509700363267
0.07015943805379769,0.07480590918985126,0.12298722659447815,0.11837072734874533,0.08289452331381084,0.03559252466315089,0.10408196338171323,0.31611051396114526,0.07499717349330734
0.09671131846172541,0.10881340133063448,0.3411951990086028,0.05675396344142977,0.03463093588951514,0.11022768154409562,0.06519168626579246,0.09730862215626353,0.08916719190194085
0.11345800818598488,0.11082723821957947,0.07465711238956724,0.08348284381245104,0.09879602132095903,0.1065229761635813,0.254448836796679,0.046041907926796695,0.1117650551844014
0.10630089743317073,0.10432868669191338,0.09447320399956173,0.10437561226731178,0.18846010578426756,0.052513538765696643,0.02752123606975636,0.11881373957957615,0.20321297940874564
0.2153494902511277,0.07629478193976343,0.07938783212133063,0.21714819638771332,0.06342570349219917,0.05965393482239308,0.12150069454659927,0.015054930305629119,0.15218443613324417
0.24870837674684573,0.08855196885045058,0.20717736736409675,0.1889615338150451,0.028005406395233686,0.04636574445904778,0.05035571314353313,0.07407945508709335,0.06779443413865385
0.28606199944938104,0.12682123414683757,0.19742094509917144,0.09646418478459083,0.04074750992349622,0.042452349845691684,0.06068289392771431,0.07418213357524328,0.07516674924787366
0.05228608391586337,0.12169835092428805,0.11338725754669003,0.06870340222939518,0.2617834434387244,0.16516982344862186,0.05247718635552933,0.05925677637959383,0.10523767576129396
0.11666152187330138,0.12281719411322008,0.2839683646102113,0.14760752954252962,0.05095248050974092,0.062130152161308023,0.044963076184947985,0.07692535419582157,0.09397432680891915
0.13448432083902268,0.09254257290961398,0.05354071455865091,0.11446395275159564,0.1635029727753073,0.23210181977776076,0.14459380950980824,0.0367006520040785,0.028069184874162014
0.3040509180075759,0.08712532760720271,0.2699889832357228,0.26516520073932554,0.0055700606511070025,0.017371016626002444,0.01835232426710529,0.013386012353112459,0.01899015651284594
0.16744525936658464,0.1311974011605882,0.12444771120623467,0.06784342981901108,0.09631993112444964,0.1014750762885359,0.08929563702743737,0.05778753725780115,0.16418801674935737
0.23658196543024443,0.13755928255470398,0.15000597265030438,0.088410506013334,0.11289329356842985,0.10393451616509673,0.047460313577665836,0.06487695091255298,0.05827719912766783
0.25661522692838706,0.12459850348952771,0.10410091490036481,0.06658793976957617,0.03456547546989098,0.07169026885345035,0.21328555509880406,0.0613034435955209,0.06725267189447792
0.1384531458433779,0.14286939986402847,0.29114422813086,0.046258460334001016,0.0675020294347748,0.05913151627527486,0.05127499359403941,0.1734147470070508,0.029951479516592633
0.16674790377726703,0.104200791548947,0.11788383258803137,0.19344517830602825,0.12071637051020938,0.06651720517982815,0.0403659719694518,0.06391321777980206,0.12620952834043495
0.07218200473098807,0.1219315192212906,0.305824909250015,0.08162358441204569,0.11931311215575158,0.09583428534706538,0.12690722428499504,0.06298353878230696,0.013399821815541604
0.07544213641984349,0.08410769874849439,0.09905030693370641,0.03935711915253826,0.2104893890149464,0.0877985244206495,0.17255705871366012,0.09616982784580574,0.1350279387503556
0.26743328063690774,0.11169839582256513,0.2913238642405209,0.10269012459058176,0.036132783460884055,0.03571156575096927,0.028442408188110484,0.048353928817539284,0.07821364849192135
0.19412856639946263,0.10755552971987559,0.19095760326994723,0.07745236630963125,0.0667625784929758,0.11772148864459016,0.10549409131797556,0.053235460140697057,0.08669231570484466
0.16076767764160585,0.10880900698848628,0.07147805981362505,0.3146933018744307,0.1095854144227874,0.05465872349742184,0.049037635075628826,0.058248598960441066,0.07272158172557312
0.1641843963548204,0.10923405568710319,0.06270242249410495,0.07394634842062249,0.21305260130422096,0.16075992607076328,0.1314000952408653,0.021799434523444457,0.06292071990405503
0.28530751784822656,0.13001368323509752,0.08792366017652281,0.10764918856231064,0.06280128598451942,0.1415700689769034,0.07374809589805344,0.05401020400608425,0.05697629531228199
0.1695295779181728,0.12034040924747504,0.07373528729623254,0.09160321163424416,0.23934990522781718,0.08435371159017563,0.12769668650620417,0.0219618592905117,0.07142935128916672
0.08053518008140427,0.11375704527849227,0.06789271562865568,0.08381651967859059,0.12158048027995734,0.2224614075635243,0.15841290599048366,0.11200926392177886,0.03953448157711309
0.09550475564957435,0.10130103453185564,0.23517962676009443,0.03219754793210684,0.24763201717842329,0.0931718882592245,0.06977691587789196,0.0445852459283145,0.08065096788251448
0.08491202373836321,0.1022963341389182,0.05365472770470226,0.10838627790931794,0.07985303981632491,0.12257157513622308,0.39682366398826724,0.024580404237386305,0.026921953330496785
0.08559581566216168,0.12645526483097205,0.10715186952102396,0.08618131310185151,0.10105016493404743,0.23718549699141234,0.14079723692504423,0.02473180653544561,0.09085103149804129
0.1994586177976243,0.12984502410678633,0.08028212113254497,0.05996205042074814,0.07913088665777716,0.12104586625813885,0.15065410950738098,0.11098311237068748,0.06863821174831176
0.06711545484834046,0.1282873617671918,0.15678350793597728,0.08217114710754825,0.03570005530311587,0.06579966766715516,0.07236706609983155,0.2558142886714115,0.13596145059942819
0.09400438183007398,0.08284627131797966,0.10848382421743807,0.08473673416029216,0.18286003257504166,0.12160598997655901,0.22065958034945385,0.026667006076993502,0.0781361794961681
0.07310480406999756,0.12948787276280416,0.17521492753336157,0.08490795653902268,0.12697050189167314,0.10737863912019828,0.10023365409831209,0.07177786621443465,0.1309237777701959
0.22195577359340357,0.10458316895079305,0.2897842581096377,0.123981441565875,0.04934787958586306,0.06259919508703633,0.04552786293434508,0.06776141772767352,0.03445900244537264
0.2491485939860545,0.11586900571421398,0.23200734521570035,0.11166735941060012,0.07410975553001949,0.031723992550433115,0.04885901229620563,0.06659301705153742,0.07002191824523542
0.21327059991115452,0.12797510212267824,0.13684023904180986,0.1501578764028428,0.05598677534479212,0.0899584368010173,0.07081163137806591,0.052886645476316836,0.10211269352132242
0.12163169077225278,0.10306173310402365,0.059108129820315554,0.0740852998689534,0.06997738870663645,0.1467506046339778,0.09026052485362185,0.15197527526349955,0.18314935297671905
0.05799013712174192,0.12989855218895138,0.09228265331786702,0.07114630854768468,0.27824983569565415,0.06958388985612592,0.13671029471503826,0.043502531860585524,0.1206357966963512
0.11454577858909108,0.1053639970631018,0.0938336352664691,0.09895550040604577,0.08154214896177428,0.08428868530362961,0.24667765120433094,0.08513049755393948,0.08966210565161786
0.16301321971338137,0.12556340210403488,0.16258138448667583,0.05717195804107237,0.08036989953059426,0.07932510356726219,0.04415941520336195,0.1195662819026488,0.16824933545096835
0.09355218879824245,0.10785658906597607,0.05649357943768637,0.0458491325126413,0.22439845870673725,0.1351506911469246,0.0996267757175,0.07553789746544429,0.1615346871488477
0.08267533035741632,0.10971200670903462,0.05858090731720734,0.03634247356502234,0.29339610001508626,0.11796972252501335,0.08370782221259927,0.13597649337738948,0.08163914392123107
0.2682262146056612,0.1122010673209497,0.1431476178288803,0.1349011632252106,0.022962216442655805,0.05665028632406377,0.1286687559811572,0.04310988556108197,0.09013279271033947
0.13141564345001203,0.10369084596090321,0.06322658371461208,0.09744916009611422,0.2495933251318753,0.1341040253441815,0.048110635058509744,0.015235661283110588,0.1571741199606814
0.11495296309209263,0.11762927846636566,0.10502385082042853,0.24046155761737342,0.11478654106486448,0.07707857891364006,0.04352168404509355,0.14178826819027282,0.04475727778986887
0.09468801428466661,0.1067126012867371,0.08441767747965699,0.049103329106556216,0.3672260814681394,0.10917887558060844,0.04297522029266984,0.07751010274975693,0.0681880977512085
0.1801786594651615,0.1031145548419143,0.06381550862020072,0.14786839862057025,0.11982143690290432,0.10296824388353049,0.07779194703496058,0.12523292696416444,0.07920832366659346
0.07395938361078608,0.10875252710915256,0.1176372117288567,0.07160906315419556,0.25586138971703515,0.149950808200853,0.06727547347613394,0.09551073516938091,0.05944340783360621
0.03741657704733185,0.08930791255030233,0.3670906707018031,0.03672990979891842,0.042681739413622466,0.11451147536758377,0.08337715983078657,0.11860017486868828,0.11028438042096318
0.05912511569396933,0.08777483211389243,0.039445606294380806,0.10253620711777633,0.2805630263900327,0.06920273525229578,0.05982520868964921,0.07272315989112609,0.22880410855687736
0.17574516264955564,0.1324711016394805,0.1184629323317435,0.12072334022249176,0.024137698111919317,0.10933770389497122,0.1145021712773383,0.13901408828212045,0.06560580159037929
0.28929562669133235,0.11126463781434126,0.24054292682537082,0.06872098941516931,0.06371402946571171,0.04521141876203819,0.050703009822044696,0.10142377944623455,0.02912358175775707
0.09024516975187986,0.10355533975414068,0.09542846669298749,0.04360762580648379,0.1907005601887155,0.06549555105447691,0.04856950513881017,0.16282882951038372,0.19956895210212192
0.0777994850008788,0.08884349261033582,0.08247878623429152,0.22342816639992288,0.05074137420273133,0.15177725277041418,0.1259729233612559,0.05311359943153918,0.14584491998863042
0.2188821557178425,0.12170883777650991,0.05981390499946734,0.07140019206334278,0.08566573653823102,0.11208041839675353,0.2167657524427992,0.02954773093831291,0.08413527112674081
0.16714804847722742,0.12044231475500562,0.2036910188892244,0.2303359016328301,0.13295517759910394,0.05465400377635051,0.03499231051499223,0.020876892981762058,0.03490433137350376
0.13986332769176532,0.08403305947798667,0.1707351886981354,0.21586298964000084,0.11414540564521007,0.0572629065085869,0.04154320812414781,0.015251941425909623,0.1613019727882574
0.1701997579863556,0.1292730869677037,0.24632389307242186,0.04869038135854647,0.059211203238469234,0.11614883394175946,0.08711629773653833,0.06501463217969644,0.07802191351850889
0.12244232746055757,0.11214206856619628,0.1573909275089739,0.11004334520855642,0.1981418504583697,0.08927967609947045,0.07832698734086453,0.0667924714233142,0.06544034593369687
0.0899491113411978,0.1276089579015984,0.16391126963993816,0.06929317030001488,0.08970445561920892,0.12045704718815076,0.12121832356640365,0.07885219874659105,0.13900546569689629
0.1671278249908806,0.08662047060646816,0.10327285289321238,0.17790679409941454,0.019716539424999003,0.06687471735817416,0.09461668977428123,0.20603011349792796,0.077833997354642
0.08528521389190126,0.12298580264257297,0.09146020496000189,0.2809381191722867,0.06640986659806751,0.12212015953414124,0.08988112387091012,0.050541989153393065,0.0903775201767253
0.09872882347319704,0.10904497055993917,0.07637126682427858,0.2445617231110501,0.18798747384038206,0.08260222011682354,0.05716548076806688,0.10432640664404232,0.03921163466222027
0.1374124753666008,0.11603441503533135,0.20717826252769886,0.0596859850368478,0.06763470800155132,0.12369400576286953,0.138793540845516,0.09995320751691149,0.049613399906672816
0.07877358113683441,0.10352856614965537,0.052922457110513334,0.03538913358714654,0.2522749911673392,0.17534804797535597,0.1914799133574967,0.041552352901885393,0.0687309566137731
0.05688147044718512,0.10923782069932923,0.10207314028744559,0.1991976731934526,0.12783619441536778,0.05005592310753968,0.12747672094953647,0.025132419394186856,0.20210863750595665
0.10349678115783435,0.08967629189810468,0.03666703189197874,0.1453357125201191,0.08160104589262655,0.055223546278354387,0.20490843636136713,0.038256690448350124,0.24483446355126492
0.10409466409906798,0.09974306845968332,0.14978987551975528,0.15202955967440349,0.09148388213931584,0.1075192314217213,0.09649165420614754,0.12365649740025893,0.07519156707964635
0.09844643687011384,0.1019482571770383,0.08559174756670834,0.048000242444250794,0.32606916312966944,0.14580603642537512,0.06782237797406122,0.08622446028437751,0.04009127812840551
0.15179617022777706,0.09268811306072766,0.06192213839073241,0.09017738956305048,0.12437132616235469,0.07245611037907178,0.14821704850791256,0.03666419999827486,0.22170750371009854
0.12822377197818993,0.09849519596703016,0.07159299159762812,0.20493950717875298,0.10566252622396288,0.16064580457100017,0.12146163849018138,0.03325198944022336,0.07572657455303122
0.09817187268080131,0.10034813203104241,0.04476439904712887,0.243980457414959,0.15138897773047702,0.14090054084726164,0.1692684509359804,0.016751337539876343,0.03442583177247301
0.1578101607776591,0.0996196592152644,0.07290267356389749,0.04310477942594099,0.2511881974136592,0.06503357520791686,0.22994368966546677,0.03676714810108143,0.04363011662911371
0.07560967914310703,0.142633899404663,0.13561310983406147,0.07278029003563007,0.21969001736112606,0.06222807027509958,0.12095892305132894,0.09351194168261122,0.07697406921237272
0.09275985715335988,0.10971140487422272,0.15088152734886434,0.1388402459541528,0.14179422723169358,0.17579634215967244,0.10295227995987932,0.022629937215385327,0.06463417810276963
0.13890001259837273,0.11083538005428344,0.27918858570529326,0.07889401939105037,0.0433958314719863,0.056654400530692345,0.1437177146257533,0.0647504092871769,0.08366364633539136
0.09043237654145998,0.10389569575012979,0.12099188255946543,0.2461520172950371,0.22107568778101505,0.041266084063982446,0.10780874281833257,0.024245633027943192,0.04413188016263442
0.08014071825395626,0.11055470329391703,0.1086938144372915,0.22148041655502626,0.1710943842823832,0.06624731859037124,0.11599747579834889,0.06362729288046394,0.06216387590824179
0.14098301851796002,0.12437826744351654,0.3445237751680367,0.06947845522000258,0.04359063282030206,0.03175283627849981,0.03578836438766323,0.1580720716224997,0.051432578541519273
0.2782007136626215,0.13156595471390597,0.17389276865478012,0.08155336678682047,0.06982893076592957,0.06521923142418773,0.11821092564756314,0.04731993138263161,0.03420817696155986
0.17884395856897425,0.12384823894625487,0.2198557545980503,0.06903241441249212,0.12224442655632611,0.062315894577331055,0.07492332559347338,0.1207180357989865,0.028217950948111335
0.10495023312931336,0.13174812093097707,0.1353746606019604,0.04303205930304722,0.15519262515327337,0.17124534967708338,0.03494667434746559,0.1093006565097515,0.11420962034712816
0.15719386563489177,0.12613156103453496,0.1546970063120451,0.16598189368654617,0.06927195602837566,0.16972872293189578,0.051803545375975896,0.055600028578023486,0.04959142041771114
0.21787387649441692,0.10607934185712659,0.29412308714316265,0.1492973357256202,0.05861240950784633,0.0625716533792386,0.050550497339370205,0.04154495888202042,0.01934683967119805
0.16862530025083056,0.11753640057265331,0.05992546977819985,0.06672325497816324,0.12925757317340394,0.1513735057544996,0.17905798403527196,0.038214619984526736,0.0892858914724508
0.20870441349675506,0.10787849036068065,0.2593425406331989,0.04872208250833735,0.06549364885573124,0.04968114930141362,0.0504873537866537,0.19415378878504905,0.01553653227218043
0.09466541288591633,0.11450636402144049,0.07874372697069447,0.026518102497686307,0.15130736651350915,0.22004317167212162,0.12498401971894964,0.08862937217932147,0.10060246354036047
0.19588795351662022,0.11594576959551546,0.09017601610940595,0.08542596267104756,0.1187283789271897,0.093945819889855,0.1918029376025081,0.05400494486921831,0.05408221681863971
0.06385194467006729,0.12071014371649687,0.09636162253177065,0.06531772605601179,0.15717342806897225,0.097896808722486,0.1556467551706134,0.07465256713001155,0.16838900393357017
0.0670159075797734,0.08197105967231182,0.10230515424699595,0.15662018212808096,0.043824205932337566,0.13669511803362758,0.29216808062650323,0.07343797106153462,0.04596232071883486
0.08001814150203186,0.12539621682957072,0.09732453114982349,0.09453237134104307,0.08987327200453954,0.1066016832866441,0.1662952263760976,0.06049885426672635,0.17945970324352326
0.2095263593190975,0.11708543508269115,0.21673543338309723,0.1598968314435289,0.04920977194980266,0.05296143737554034,0.1040993258490129,0.033405166959277026,0.05708023863795233
0.11565905076593298,0.10999659567437549,0.060946328442968156,0.09765172800041406,0.029242746270683417,0.14645237127451913,0.1437428951962554,0.07789432921246182,0.21841395516238948
0.10300209006012619,0.08986278679149395,0.21215867382535794,0.03850714983674216,0.1318133822928351,0.11662609567849365,0.031560320657258105,0.1978902367253346,0.07857926413235826
0.195993008705183,0.13170919349497182,0.07431860997660858,0.14874507915977028,0.06866231743798133,0.15955606435719577,0.16936651084012436,0.02795910258781671,0.02369011344034822
0.09220979868470214,0.09184979432425307,0.10341808807358262,0.07048956772821773,0.24258802029069473,0.2448674803324018,0.08988865044877442,0.023774071035060688,0.040914529082312835
0.07770663195406319,0.10844040092369713,0.14026890217950314,0.08911494566281224,0.14217256629170602,0.12634079577462495,0.07216607018300902,0.07426906940659149,0.16952061762399295
0.09340084689161554,0.12128072914071279,0.24594082575331436,0.1109359750409004,0.049125824637608194,0.0679312045382398,0.05473684095825457,0.17063413220913062,0.08601362083022379
0.18046297329614003,0.12146162642539109,0.3464575839831882,0.08331758173427752,0.06767848344752603,0.07601143837503203,0.06036147644802639,0.04241982843986406,0.02182900785055468
0.08449372968298687,0.1320732315037413,0.08394535815482533,0.04748364015495329,0.08017755395050528,0.13124626861572042,0.23092881663421036,0.09130845734091726,0.11834294396213996
0.25879952123468714,0.11127436372383646,0.2584191958240773,0.1650904530400302,0.033463367246239606,0.058526358113470595,0.05303843148459387,0.042676384756075804,0.018711924576988958
0.10569470210505055,0.08766429130180693,0.11237943481300411,0.11353330807197358,0.24104991761417285,0.07552610760525225,0.04498370300700303,0.06855143030589424,0.15061710517584256
0.13233224731256502,0.11856445957315166,0.0861024591759408,0.09548335156641742,0.13654615947953017,0.1209646755833765,0.12987593879386394,0.05470301209445516,0.12542769642069926
0.033070780641386945,0.09269544506052159,0.04517799406736223,0.0996595792297339,0.0758475568191821,0.07909776019423279,0.3828983858286798,0.056241986048798764,0.13531051211010184
0.08772285488610894,0.11323495579476017,0.08858187025435797,0.12038220698422473,0.0717343913872706,0.11237412197423235,0.24843482033988398,0.05068782392728516,0.10684695445187604
0.08342006482755505,0.13788213047064826,0.10558175885249325,0.04606911274024137,0.1107131746917603,0.2503103933242116,0.09739343066082627,0.10881585683660526,0.05981407759565863
0.13380550042471767,0.11799887290008688,0.06217513071745153,0.08222184852226654,0.0757307891635459,0.2462679990337252,0.21204012649523332,0.02970568604567542,0.04005404669729756
0.08136424403709464,0.12417220558414044,0.15696010333108315,0.07144823064723459,0.22285885678701875,0.12744166744291427,0.06270414976874165,0.09926152324349373,0.05378901915827881
0.200011615132295,0.11663642784635579,0.205990322063811,0.15348307556249913,0.0558807916750974,0.04321756400183931,0.034272630641673095,0.09636212799222303,0.09414544508420623
0.16460460221022408,0.13284562533649644,0.13927114366132728,0.06006720240313409,0.06085251045698456,0.14069452659709522,0.20016416642164758,0.057016046715524925,0.04448417619756589
0.1562261686270774,0.13397382098456445,0.10507018602393402,0.09376855598495354,0.07193736979847219,0.1215949608461021,0.13503739021553732,0.11972775269814086,0.06266379482121827
0.24480358833152785,0.0954381253061743,0.13314355001216935,0.14127021165490092,0.04776754459299278,0.13996697801010313,0.03786923508355091,0.136434665120394,0.02330610188818674
0.10792224524593096,0.12854305072828123,0.09892649269160635,0.0543612430919878,0.11772497337980688,0.10903575838882025,0.24454913904591777,0.08510597144791661,0.05383112597973217
0.12350370866392524,0.12995572782740883,0.08126400313426528,0.06588993851781728,0.04788135385047585,0.07346532026451681,0.12496755976203178,0.21089521262066913,0.14217717535888977
0.22493513193110057,0.10033323290758596,0.3959483587637824,0.03024667932121007,0.06072039392782693,0.03998154418666774,0.047032059309214606,0.03258743972751026,0.06821515992510149
0.06417130663765866,0.10353723370482926,0.07105157554367289,0.07166416161170773,0.18445179446305474,0.11039718106997794,0.19176124124276897,0.018466139864063674,0.1844993658622661
0.0833012935947006,0.13415856068786994,0.11674331630972455,0.24612347328151038,0.0305090377683789,0.03269962937855496,0.03478049134362906,0.12317803547221388,0.19850616216341774
0.07610683589300911,0.13403811767040383,0.06563149564817945,0.10687359812085424,0.20755175268905543,0.1400628760465432,0.08111731828724254,0.07770749769256403,0.11091050795214809
0.10180420728245772,0.1080921993929062,0.06609935837839781,0.07330897837966556,0.13039537079083563,0.16099543431194693,0.19067709582645612,0.023743062936664682,0.14488429270066927
0.08554206146674859,0.10461984022157715,0.11023662989015996,0.05693209559359899,0.17647860937290702,0.11511866719300971,0.0698401307964409,0.08027177695993716,0.20096018850562056
0.1919903797287129,0.10244906233969286,0.17852769969312568,0.25563787718091757,0.027992393469269888,0.033592099780683955,0.054474841244297446,0.042678110369833044,0.11265753619346669
0.14755457224834242,0.10461788296678538,0.08247791660061612,0.1626910473249337,0.19822593525980528,0.10884330724331294,0.11682555731768363,0.012662418254160224,0.06610136278436025
0.10348861945334063,0.10766514811280169,0.2932478115967437,0.04368589554579879,0.03159582898045958,0.08890151745350333,0.1634530230575195,0.08200260163762246,0.08595955416221039
0.08006718114718837,0.09741991643216456,0.053139431924001806,0.06289495470784014,0.18543943227693357,0.15225694709284418,0.16242114955425488,0.11932805213916364,0.08703293472560897
0.061091417206342154,0.1059022539968822,0.08572958501972167,0.10492724285274953,0.1985441675499506,0.04895670937635702,0.10419657686001534,0.20572281209227364,0.08492923504570783
0.056970889939417284,0.090261297388585,0.10815283213060072,0.03482006518110983,0.15645185779316903,0.031029271272152992,0.033330159824916515,0.2778763853055271,0.2111072411645215
0.2753045694178424,0.08984502430029044,0.16984152438144892,0.01810115186812754,0.04213413214567341,0.05216335875562159,0.2278124422850538,0.07135734929470693,0.053440447551235025
0.04023629480219724,0.08363700952342508,0.06661081079629601,0.05429501200988383,0.23250270695281836,0.03758789661160847,0.1385307630004174,0.048666002632466974,0.2979335036708866
0.17665766141954586,0.11940190875110146,0.21719074919504655,0.13269145101753188,0.04765991760026761,0.06570248850692915,0.1680073249075835,0.03464491709442612,0.03804358150756787
0.20743755486135418,0.1072574268303314,0.237284539047706,0.08141709852190766,0.08444681025043314,0.07151081642861379,0.11732689892513,0.07914510883158592,0.01417374630293798
0.15863611256992285,0.09629745454239164,0.24220066246030558,0.14347103800513414,0.01730695192927039,0.12435898697173502,0.11255659161394709,0.0845011834406718,0.020671018466621536
0.15170140042338223,0.1163456298263652,0.22558704745695116,0.16899556535065408,0.015548852873458079,0.04781444961367387,0.10344333441639779,0.1262821787938333,0.044281541245284335
0.05511168245100856,0.10804448076914142,0.07982596974699852,0.04682478219240849,0.12782889511832293,0.17352046684218392,0.3225712577761419,0.04731809633166134,0.038954368772132944
0.2500498869085711,0.11265952606497835,0.12796491054405754,0.09414493570774919,0.16659731640736158,0.08250339299462811,0.0976674431548248,0.04016871768477432,0.028243870533055132
0.07549880921553062,0.06136931202380458,0.09295381813228924,0.038312295464362316,0.10742298429870578,0.16356016494961065,0.06899991759767739,0.10710339142011867,0.28477930689790076
0.19578029098226982,0.12178131444102762,0.15113734690021563,0.07586860317236932,0.14448144178966574,0.08613269939348318,0.07690795829269391,0.08687748415026819,0.06103286087800666
0.10850886105905168,0.11978541461490598,0.058917483905127764,0.07643304290114218,0.16784800254390633,0.15032324189481341,0.16688141222234928,0.052980279960671096,0.09832226089803221
0.1318511583294483,0.121313171472891,0.11496909980748411,0.053615192193247126,0.15341851155195893,0.17118911094698674,0.10074202388014573,0.09204545638211754,0.060856275435720565
0.3042487238356225,0.10167069111035243,0.19504650069557447,0.21025750376761013,0.029101460533451907,0.029146244149456546,0.10051194483012403,0.017499141078224967,0.01251778999958301
0.10601555431040345,0.09179489407099735,0.1509813104949912,0.0349105224402643,0.04605495745749665,0.07841431903146885,0.29443088773287573,0.10485796415898463,0.09253959030251784
0.20457738798901007,0.11578291942380962,0.2476866428365269,0.12313554687514659,0.019583490955167104,0.04408354707559805,0.11225674136711448,0.06729774677461693,0.0655959767030103
0.059241612221983285,0.1223659332575905,0.2217024268886203,0.043049811902981294,0.03623930050321784,0.17351160916349487,0.1462972237196644,0.1341815720380502,0.0634105103043973
0.11565207897341824,0.11369736875016474,0.18205818626714268,0.0776926867912049,0.16848860727421763,0.09487088930831289,0.11325756879927033,0.09610463033596585,0.03817798350030271
0.1154639155258202,0.1193385538610389,0.173337518848505,0.18503741869311718,0.08511352407459079,0.07954421164328619,0.13843393559848305,0.06755547657580464,0.03617544517935409
0.045639996545595064,0.10611341330752704,0.18756637509959995,0.05509073540621908,0.0797092001718445,0.06105741704572667,0.10575332706227399,0.19844734754395402,0.1606221878172597
0.3142195697549835,0.11631445411430419,0.18774729094279766,0.11694607654538625,0.056736153783542874,0.057960906117473475,0.05793179725535134,0.03357641142740549,0.05856734005875525
0.07878283469596392,0.1159060704670653,0.10314837849303721,0.17987488520668418,0.1279513147625759,0.10140273510655584,0.2165628259710302,0.018562862366948582,0.05780809293013884
0.22470436638543878,0.10045577490058732,0.33696919654172236,0.033484119336604286,0.046278815776581904,0.09815083966515709,0.06849459889367002,0.031561093032586925,0.059901195467651415
0.21007322052205432,0.07982807000024834,0.26062440056935693,0.04700890943531233,0.09941245337858452,0.05669334431214316,0.10279105963916686,0.022711021046777396,0.12085752109635611
0.09790452756603336,0.09801044658913076,0.06037376112080145,0.05987278270674307,0.09747834601953875,0.21959859055335854,0.19275492854720874,0.05567286651888578,0.11833375037829959
0.05727031636465837,0.13380540698034185,0.14794860107641347,0.06828699278210466,0.15956413420318696,0.21697291992637205,0.12230687004787255,0.04769935808975897,0.046145400529291135
0.06040375120868211,0.08760403547566936,0.09103142342403919,0.07242736257845432,0.32267949759583353,0.09674327358127943,0.10637376702644963,0.02892465030418991,0.13381223880540258
0.056024378631739015,0.10579140951564477,0.09082612301360195,0.052952096453479404,0.21716788687661379,0.12133988153470521,0.21781205687839691,0.10401065647996095,0.034075510615858035
0.1285433869503921,0.12073561975919107,0.08414084230325554,0.08919320663033366,0.27447073792520205,0.09636718576121857,0.0389013777594412,0.06428088244177753,0.10336676046918829
0.09702920709790397,0.1305993749747162,0.19355812095961633,0.103258742409995,0.07165266722384585,0.11556149335399152,0.03095539902746605,0.20198740843252047,0.05539758651994469
0.17386881309390914,0.11817839987927081,0.15935835415777086,0.18697843523112612,0.060208133891234916,0.08321590552253837,0.18430921941580947,0.01435609196299815,0.019526646845342176
0.1971541659483431,0.09398130806545801,0.03161503287631206,0.08333404033936749,0.2544839630953495,0.055351025933336,0.08961818249063173,0.012281875402192922,0.1821804058490092
0.08709999770068295,0.1168249252644198,0.08932176175276203,0.05376048433117301,0.34384500287250025,0.12310499640661095,0.07401915659574877,0.044895146700549865,0.06712852837555239
0.2449700150396558,0.10417451036218782,0.20867843040157574,0.17833607502381707,0.040686050603289586,0.0353914795660825,0.037771643439474735,0.12410551506098273,0.025886280502934
0.09239434496131615,0.12607505691120793,0.14545541440256268,0.2530340189857005,0.035635070280472934,0.0954503342985618,0.09232017947227057,0.08738963872499816,0.07224594196290927
0.1001322884302631,0.0931605521595258,0.0799717732112474,0.0840068045354813,0.26151602212300046,0.1148203198495474,0.08898926770666803,0.06600076500738819,0.11140220697687835
0.05962710633428519,0.12758452512183416,0.1001908094391253,0.20471529518084952,0.09425018837237086,0.08340670934649214,0.11219009074894508,0.04109959102559901,0.17693568443049876
0.05963815442567824,0.08862673946298112,0.05802665503470431,0.18752412753298597,0.11664335213944549,0.08989860474549287,0.09219717563145642,0.027045576070149614,0.28039961495710597
