0.18610381118253258,0.008951200935958517,0.06566811293032825,0.16035623855448358,0.05784402253337901,0.09696409122897091,0.11906004363419846,0.08711489232507465,0.2179375866750741
0.08671847863620931,0.161270009271776,0.13184665685592534,0.1662411395569965,0.05725873108732602,0.13380693656475748,0.04961669408883478,0.06647912712195665,0.14676222681621795
0.042643422219959565,0.03819134180901358,0.09595458803320144,0.06566126369631543,0.10640906072533407,0.16047762581086075,0.07082253608250474,0.09024889260335835,0.32959126901945207
0.09196388154532663,0.09502411364434965,0.09633771993341493,0.013474544854994233,0.26242796858045275,0.0778353382685582,0.1378115202431149,0.11645585275357168,0.10866906017621708
0.09206980537946653,0.15656498303246916,0.14452870887032765,0.14107002055091622,0.09263004529301484,0.1189107556285053,0.09403129706930564,0.10732034269406414,0.05287404148193048
0.11739564355904442,0.1587211824377968,0.09048735492597802,0.041046350983667795,0.24194179092598936,0.0822812327892402,0.04957675705198286,0.08144758502311689,0.13710210230318365
0.06304187974843553,0.11081951439423583,0.11658083739337867,0.08407273100580132,0.10567348963432942,0.1258584457822909,0.14327309417123738,0.1048016195232518,0.14587838834703917
0.12175992597000701,0.01088451286475829,0.11914507228237563,0.06883166224407251,0.07807547057186048,0.13995995706514586,0.10194305925921547,0.055846673166788464,0.30355366657577626
0.07467504306026167,0.2966799256908612,0.06339978224249197,0.041677777090739075,0.12804590606468605,0.09308057543447619,0.0831223851876741,0.09494338571394356,0.12437521951486613
0.03825284497644493,0.05231980613097831,0.10871724577563585,0.08256142715463989,0.1904681675479937,0.12139616450413744,0.10709207479613492,0.15234002408861883,0.1468522450254162
0.06230431546902196,0.06260107240437311,0.0863133651681387,0.02845118989983095,0.24801745005077894,0.10407325994532311,0.14380415228685517,0.0755494479739255,0.1888857468017526
0.08395055777910498,0.1211698510529557,0.056999508348986185,0.12237021825149559,0.09467773517746043,0.09330110614773156,0.06343757839393843,0.08348378898404751,0.2806096558642796
0.09213036928542118,0.03871810311299768,0.11733940604191645,0.1530493997773991,0.10995047928135003,0.12284868474432271,0.060086381640863294,0.11059862729725572,0.1952785488184738
0.10637624634354607,0.07909013166711042,0.17042663446261444,0.23085533783814116,0.09670888797617612,0.09104355792307929,0.0450341395014904,0.11035828856635206,0.07010677572149017
0.04983535124622996,0.3476105606705593,0.13707910382235988,0.06823420441424169,0.05821568627822766,0.07891514621138672,0.06230897201627211,0.06472269589863915,0.1330782794420835
0.16424844823867776,0.031670312960932645,0.15451383838060526,0.08246052362425545,0.1872379899208103,0.09175449378218596,0.06389499777738897,0.12091446070536654,0.10330493460977706
0.10643281241827159,0.3322843856924706,0.049875221764966726,0.0910923677682081,0.08241354788749931,0.08960192244152998,0.12055824975029976,0.08480304967793,0.04293844259882396
0.10836724816323735,0.10222936660019978,0.09570309452746095,0.037021237854707824,0.155539140101028,0.09695431057022826,0.13074636260493097,0.16755497817359988,0.10588426140460698
0.07197261621071806,0.034015917943582274,0.07714450850450479,0.13768349514292974,0.18113196385790564,0.11526276239176109,0.06424106560784688,0.06997736210582876,0.24857030823492274
0.09719852099921616,0.025000715066092444,0.1815569717349875,0.09588812796154246,0.0434245543313867,0.13044519704883656,0.06836274365497633,0.13454517166737068,0.22357799753559124
0.1251821208732422,0.0704246475326792,0.0677581827568373,0.27479277062179536,0.082349557893842,0.10562365600491408,0.08425716615194097,0.09045408856500124,0.09915780959974758
0.10415063734057668,0.272998762458687,0.055072828278968776,0.08217388106128763,0.12348386785918335,0.0756683608818118,0.14173776177584202,0.0593564060040444,0.08535749433959838
0.056418921628099215,0.11094208660013494,0.02484241849781015,0.2073005512939213,0.11222950866076653,0.11636720307911837,0.07070761566738198,0.05083715283432008,0.25035454173844734
0.09191222264855053,0.043771408309996894,0.06663361161469983,0.06512091009684624,0.18184905552821182,0.10864558207697246,0.05861391500559641,0.06627346909040542,0.3171798256287203
0.05852561673948973,0.23745369314207443,0.07620537061946613,0.11424206173320052,0.09074417073460594,0.10598953822502856,0.0788773909512371,0.06466321779538901,0.17329894005950863
0.09067715035149597,0.12242380910501699,0.10246142276786759,0.12959637194136409,0.121542697794381,0.12095902110820818,0.09185160060634501,0.10151130027735335,0.11897662604796788
0.06702124829322079,0.13600710510630912,0.07974903959761527,0.15778245960683515,0.11589261624049359,0.1159036402422436,0.10751114079346746,0.1031955168959386,0.11693723322387634
0.2633471975770404,0.0773566617144889,0.13314771512748527,0.10133877878123738,0.0929859104465706,0.12810229761512001,0.09557768864757026,0.08168052169324118,0.026463228397246064
0.06532303352568349,0.3656188356013194,0.0989701564799229,0.1653618710509573,0.07470755231793477,0.07635148009094865,0.07885723730963733,0.055338481839609065,0.019471351783987068
0.07659534045356421,0.08218870600627518,0.10373975464077047,0.12299918024230073,0.0930103213044249,0.09817582285918917,0.139356830642038,0.16690376943341004,0.11703027441802723
0.15233346443926776,0.0698221052213845,0.0838820174707301,0.14122205324798184,0.07913811229434498,0.11808724949756937,0.1710495015025919,0.15700916987295563,0.02745632645317383
0.065477940865851,0.25610469909287487,0.08137174330861373,0.06756281318165079,0.11032555428850303,0.1254695413294426,0.11573966734906167,0.10584810426873721,0.07209993631526516
0.1196144209856962,0.19396361782892715,0.06540787170760116,0.019047678531586242,0.18787865576924043,0.11156272642940403,0.07270851286462027,0.11790892441568925,0.11190759146723532
0.06902330462236413,0.18412228138822592,0.09470395527340793,0.07181055479939251,0.12205595661856224,0.092926335360964,0.11597974275003509,0.08035040375413814,0.1690274654329101
0.1463477597444216,0.024228140283620258,0.13892714574209067,0.03366783528100909,0.05200658464606534,0.13424302359522225,0.09196861173743241,0.12991987108929134,0.2486910278808471
0.08662879995684486,0.13129801152587206,0.08198071920856004,0.17309287795713893,0.10147789634802522,0.09560382637313936,0.09705716450222623,0.1797105821623206,0.05315012196587273
0.23559771492521633,0.006299294936954644,0.051752085844148775,0.06391229553894946,0.08553429245267567,0.15696210277079634,0.08952535308309954,0.12381831043815145,0.1865985500100078
0.15443046169991262,0.018312317404971832,0.1960568590433531,0.09104272124615342,0.07144069453426771,0.13012276306619086,0.08959683109199885,0.09351781639117014,0.15547953552198146
0.03116861763444183,0.18312367065517635,0.11860170062390478,0.038149584755238934,0.17547102645437698,0.11858139332856914,0.05760746058764866,0.11435144858524775,0.16294509737539548
0.04898758447741864,0.2614822889320188,0.06074361656655131,0.07363289482348503,0.15896997762066947,0.07930050355342234,0.20362210087530608,0.06656914781198205,0.04669188533914634
0.07786212631253005,0.09200704756374382,0.09964957428509245,0.09087552602217981,0.25315666629276073,0.09937441211723735,0.04257558902501279,0.11171156870269572,0.13278748967874726
0.08653542542219221,0.04738248854436533,0.05247238633315837,0.11767890902003175,0.06821685039036905,0.0981593102964065,0.04780444802526949,0.12119779868920466,0.3605523832790027
0.1348218549312571,0.0317941949321488,0.058754271897079546,0.0773292622231078,0.0783350730096875,0.1323418790070441,0.1488496416819622,0.09856756732885248,0.2392062549888604
0.07056577865312175,0.24266629730993886,0.09457330508859534,0.11999460858703918,0.07722988101512591,0.11133254098797381,0.11221616907873731,0.09386468247889113,0.07755673680057684
0.12102605273903123,0.03466626099756449,0.2418312813783966,0.12463003362892115,0.08219323276910422,0.15805719719003467,0.057641826223990354,0.0634589299190751,0.11649518515388214
0.08383336162200161,0.09826052269511286,0.056134725061968156,0.047804733718275205,0.09032285370319214,0.1093189931860029,0.12322287427271654,0.08050459428162327,0.3105973414591074
0.11804609848295206,0.141773086349657,0.16658381722395907,0.09298378331216246,0.12306041873305185,0.10468042412640449,0.06663560906170246,0.11378660151536853,0.07245016119474207
0.0702990220247375,0.14968149245459608,0.07293623803568335,0.21721404656422238,0.17937568613010524,0.08810360238779424,0.04408991955620034,0.07532898375330173,0.10297100909335914
0.21697343546825168,0.032271358460372546,0.11326253263328011,0.032584206808117085,0.12371587436922638,0.10789187503028085,0.07741132605194698,0.06602705032486837,0.229862340853656
0.04661938385483691,0.3211732347297224,0.07315398184655159,0.12902910415850558,0.06978637516771961,0.10013600212432178,0.07069058671058259,0.10235741070015562,0.08705392070760383
0.217814735736266,0.12875576757574744,0.08039964261244985,0.0443824125447759,0.0846492071871151,0.16846241976500034,0.11730187624407036,0.08249445668514614,0.07573948164942879
0.10853057455341125,0.06578062964464561,0.06923046954538267,0.08608300290178889,0.07062150619333937,0.11192748232213962,0.11048808950333804,0.13285789023727398,0.24448035509868057
0.03439175725458675,0.33910144053765806,0.0808081742678076,0.0535918769313953,0.06716055458603855,0.10476576769332867,0.16637002406792897,0.0816376853047816,0.07217271935647435
0.11981281255613957,0.16056751617498505,0.1149147307276427,0.090977021417484,0.10646610840697342,0.11000668256344241,0.10650387465955845,0.12589714936878557,0.06485410412498874
0.14310268540798443,0.08012986499830474,0.1705651073647917,0.08944356664197735,0.0720474538386837,0.10553629918624031,0.11380486477207986,0.1532695184447551,0.07210063934518281
0.0811326855627625,0.1415849052719581,0.1474433362897918,0.05981715867179721,0.1240878612439769,0.11389892523346622,0.07614369276358439,0.14252296393803418,0.1133684710246286
0.1852302670597923,0.09275495752607803,0.07946786365103227,0.12990867855377883,0.22877606407512321,0.10499754419098949,0.0799441798096168,0.06283271017551878,0.036087734958070265
0.044910115905796466,0.2245356303296775,0.11490233263154809,0.1332155815482435,0.08222725278002073,0.14583058892777112,0.10004793421551068,0.09536932485326062,0.05896123880817128
0.15940273718688858,0.025800837402605647,0.10981031930005362,0.10337037671812603,0.058911377946613025,0.11258033365285058,0.09979372947507727,0.1075050824206583,0.22282520589712704
0.12988828077676523,0.09739097513984091,0.22110489146926193,0.07326776048724586,0.10431812229509511,0.09838027725542026,0.10366518688875058,0.0997603731495696,0.07222413253805056
0.17108628450551988,0.13590015304789002,0.053092589656858834,0.08280511014208045,0.08535897918212698,0.10741687560869835,0.14426017685750867,0.1452908952594302,0.07478893573988664
0.09108344321117501,0.20958475333108995,0.09390101146231657,0.08073062101260975,0.16493658959297267,0.10187509363100668,0.08785419040546151,0.12404564024207625,0.045988657111291686
0.05421306984037715,0.04575381478443202,0.04553670843701865,0.2180435347134421,0.13583186823562088,0.09974937379431342,0.22376156199635053,0.07024599282690865,0.10686407537153653
0.12606088471423674,0.08683837274984874,0.07419971297532267,0.070796599320608,0.16799398120941078,0.14049517327475947,0.14749607762249356,0.10812679373291978,0.07799240440040023
0.07996354096229327,0.22560151609507642,0.1587497220759467,0.13330341196611073,0.05715563697309493,0.09305275101618667,0.09724613488076594,0.10014030246392643,0.05478698356659889
0.09777995455550471,0.10051573574270274,0.11191260331858664,0.10581774261082331,0.0715745352380385,0.09644361120212548,0.08810356405945081,0.1380360782351136,0.18981617503765416
0.10125548153025384,0.04901122995430599,0.09838324388846063,0.11403715526636593,0.09931000676219785,0.13969362338329663,0.14624120829386608,0.16880207501993053,0.08326597590132258
0.10754094720395284,0.1347335964293939,0.06175452333723319,0.2023183469541039,0.06520024634384936,0.11997194528740411,0.06023649170222591,0.21956942654625422,0.028674476195582634
0.04515877547804479,0.2549794464649656,0.06454322982388566,0.09623005821919232,0.07976572264921941,0.131271923770934,0.15697034828899323,0.07539559485762114,0.09568490044714377
0.11772599101641328,0.03168266977600958,0.1337928051562284,0.09619375149617544,0.1360832877695628,0.11205405670372337,0.17419179316439928,0.12250455722469121,0.07577108769279668
0.20490542357230568,0.01802048959630934,0.12218163663407293,0.033235928151040255,0.19048339245522516,0.12516084205686678,0.079992188704421,0.16393104405116612,0.06208905477859269
0.14453724774179644,0.028196226749453445,0.05888557459630952,0.09768701151952608,0.24174617961455036,0.09412040812019018,0.061676343663340405,0.08418789064176907,0.18896311735306445
0.05513625990893911,0.0270113916084813,0.05314599845814977,0.1484445939404115,0.2257391858177089,0.12082030598898996,0.1062723483765014,0.15217879921605024,0.11125111668476788
0.1305959803493182,0.008345190801198159,0.12776957934334046,0.0633359339531412,0.08856603076880314,0.11882702029525787,0.07850472464203091,0.0457293286527618,0.33832621119414824
0.20069143098270079,0.20325830165733852,0.1643774459755137,0.0580527409199229,0.06000390649420867,0.15166710791362795,0.05792596799392469,0.06938088595032231,0.034642212112440375
0.0751512394378938,0.21204978298207944,0.26006936621401644,0.05736158717648746,0.05878309023186212,0.10536761679806995,0.07737722640015136,0.10312184344886978,0.05071824731056959
0.22606982109724427,0.008551863666674998,0.19139822996173358,0.05261877879462639,0.0709617621549902,0.1766633280127449,0.05720076653709538,0.06292461100511873,0.15361083876977155
0.07281634244902023,0.24552695807930158,0.06060950707153817,0.07496306445813035,0.16735248610608702,0.09047389464721937,0.051918022164593756,0.07323900141059571,0.16310072361351383
0.06592650244526438,0.10140840650453604,0.2097697212552454,0.08219111377307224,0.09286581946231885,0.12152363737647393,0.1298711715965001,0.14601220650769842,0.05043142107889065
0.05121215575291801,0.19272244751189768,0.2105694137265273,0.09570871033713009,0.07840068536103326,0.12197205650734828,0.07140765863172986,0.1211395043170626,0.05686736785435281
0.1522562149443343,0.09395954219017004,0.071827583312203,0.04354587777567894,0.07605493158301192,0.17083060696461674,0.053513620463464695,0.05136193018701226,0.28664969257950795
0.17916963003001588,0.15090111822050634,0.05251145389104354,0.14931239015084838,0.19801804240243573,0.07935910100501753,0.060276481715616274,0.09634529529780811,0.03410648728670814
0.06438516195460543,0.14171334863272844,0.11350483045226283,0.12725297669599958,0.06834365333141494,0.12070580894104314,0.047650573327934896,0.057888985373627466,0.2585546612903833
0.06074514278654821,0.07281837574761861,0.14633352332620855,0.17839582017416689,0.06545772692406314,0.12143369672133823,0.06450016178076758,0.18116733655865871,0.10914821598063013
0.08136034408474495,0.05317911782213617,0.07281835187678562,0.06482367113751136,0.12430463728998296,0.10982260325364705,0.17413909848451928,0.20771527680240218,0.11183689924827044
0.05748598834059599,0.0949217356751846,0.08598162533974758,0.3186237529038039,0.07233320721065618,0.09061379177707031,0.09818767145556546,0.09497210262381077,0.08688012467356519
0.12118558125731421,0.08115182369223371,0.269112315054058,0.08439891289505123,0.06797234368010686,0.1128012339788902,0.08605913463037997,0.09910351862831303,0.07821513618365283
0.07664312408799688,0.24728412525734944,0.07600596156451044,0.15376174529613554,0.06786273396032928,0.09974648518381574,0.10047707603173135,0.06990330378617524,0.10831544483195603
0.27714796182255813,0.020497088836700456,0.08602676991074676,0.0406661770619165,0.22898659175776306,0.1556438333382363,0.04240705012259114,0.06965369487375228,0.07897083227573538
0.16220669625938536,0.07320315807633233,0.11962773990392155,0.028289823244754837,0.08365041086997722,0.13077694979200644,0.03599316572291462,0.06872771003642755,0.2975243460942801
0.168102557751827,0.06368955522611497,0.14238227226824138,0.027217637327903593,0.2224396186750486,0.13784746072815288,0.05607249360414673,0.11692635478010416,0.06532204963846068
0.13033908028064567,0.022740506774633712,0.12494475407937533,0.07479110154439911,0.10835304500657912,0.11043278650927797,0.0535001056288841,0.08296679245626072,0.29193182771994425
