0.1464766029190545,0.020463221219899793,0.02995549178776616,0.04698135131202829,0.0606193089066196,0.5072278178625539,0.04149217528854346,0.0958169236304171,0.05096710707311713
0.198958660339528,0.09062630189452707,0.06025038966225308,0.017189589946338044,0.06967597905483996,0.349583525323391,0.016433668168613212,0.16632344087633497,0.030958444734174705
0.4598782544073928,0.14679720391878984,0.07978177112750423,0.04898681655133311,0.07328499985891213,0.044867636790490224,0.03748619364548656,0.051218422341627635,0.057698701358463465
0.22670431742576155,0.1705430287994547,0.04467798077849886,0.10590705494651782,0.06248017189890639,0.030317887378580464,0.20251051504784992,0.06409310014859311,0.09276594357583719
0.18030370866927728,0.029457178080931585,0.0353720802466315,0.028698120159418927,0.08709085945252147,0.41652998727721435,0.052497961925598934,0.1575911971688985,0.012458907019507463
0.22399978478353053,0.02213480616330431,0.08086378981382843,0.10633683212780405,0.05089174669915523,0.3286681967148928,0.1286059755184335,0.007746338451421278,0.0507525297276298
0.09642208088676059,0.014483478274116744,0.2867023256596728,0.17834773893544129,0.1580549107059261,0.03503673296180717,0.04030005427430597,0.01777339133084853,0.17287928697112087
0.035547840806864954,0.029935761368343028,0.22402769076943843,0.08734190051314548,0.26903985849386514,0.03471930742911474,0.08261968602232479,0.019537427756432905,0.21723052684047042
0.14587825730483028,0.06829062756919374,0.10655633586124147,0.11648393108917761,0.04954184524962823,0.09295518888401479,0.08290252904415335,0.06578363002035227,0.27160765497740824
0.13079049811876794,0.07605253058843532,0.22410924771611362,0.3001242834958289,0.06787982076176573,0.05021141639440218,0.02125981335887706,0.07194411338945632,0.05762827617635275
0.3677244627045048,0.02195470947748328,0.042497780274587525,0.21962305609060792,0.051749155964363115,0.01249645595297042,0.09945389249395614,0.08645424246165008,0.09804624457987672
0.2615304237134346,0.2069173434559343,0.14041883304733963,0.17411367765548377,0.0679920144770281,0.022559195631148304,0.02963960887226605,0.04260601261164019,0.054222890535725016
0.14511384426168608,0.03963287989379328,0.17496142454547173,0.29642603319555827,0.03399264427481452,0.028788330262366685,0.1444846970230239,0.02387631510064121,0.11272383144264436
0.37231942686294395,0.031118893191628628,0.06683495858697723,0.09924602185191105,0.144806505413814,0.012214063443102526,0.06969999221530439,0.012379036242504249,0.19138110219181403
0.14223909658744002,0.03703811184435457,0.130433567399383,0.07765018190460175,0.09058150240840897,0.04867119431838859,0.026060255057130336,0.41122110159764125,0.036104988882651505
0.37005115865026844,0.06226998484597742,0.06674080163700366,0.10099448795769828,0.14063761428100152,0.033127845508817706,0.08342233639396836,0.02612721013160468,0.11662856059365999
0.2231965171955934,0.12330550720070849,0.12753246689219677,0.034461737401323314,0.04486678870283448,0.35209135309500333,0.02113692116174898,0.017298973296508986,0.056109735054082344
0.037828631349635634,0.17566299930115659,0.07964898928894855,0.13995772428859696,0.18926355537240505,0.14192223808671775,0.008770698730413423,0.005774168159534386,0.22117099542259167
0.12570099883253447,0.05992620879980309,0.30076357081804855,0.1936521753164849,0.03805887345961448,0.025621886602937894,0.161202184782402,0.06158756820418515,0.03348653318398947
0.08322367349519283,0.04449881364113182,0.3569222829921688,0.051892212039468456,0.0355081805292382,0.15676653963276055,0.05558899528456218,0.13817487336533532,0.07742442902014193
0.1635922645791197,0.07050027919705616,0.3120037615889799,0.08667998604775877,0.09178461008682319,0.13056715819814776,0.019689828511035387,0.053154671648904826,0.07202744014217424
0.30333040057354066,0.03402283075148844,0.12415994193710161,0.052625312948365276,0.1342870314283724,0.1881195626813612,0.0573884308654658,0.029748907772412406,0.07631758104189211
0.13082585822957676,0.23732817653089924,0.16997395398272383,0.04448977942263077,0.06085158825863879,0.01955549662264174,0.03607483050453806,0.014831118977547667,0.2860691974708032
0.07906072398508544,0.060763817961419005,0.09972249396029846,0.07167613909303039,0.11118362630355627,0.01981548228625984,0.06218978917024851,0.01594381603260824,0.47964411120749384
0.24612979514163133,0.0683749422822048,0.07499423242270879,0.24473272236189267,0.12410130114547413,0.023877263552955875,0.13548755854878447,0.05026279451616641,0.03203939002818165
0.2923365629092198,0.057748822067527815,0.1879933054972308,0.10639532267976858,0.12236347736747365,0.011999029142667343,0.022476914388121823,0.032071628610606445,0.1666149373373837
0.17662841067266488,0.1525000177724843,0.22970948564679852,0.09205472034633928,0.13959496718367911,0.028431398712092323,0.01918118487347942,0.06886406956222092,0.09303574523024127
0.01753404102470725,0.0691403269352952,0.3049823963895042,0.06912579574225879,0.1015638771754623,0.0053908903165401706,0.04314633765862033,0.056176244451259676,0.332940090306352
0.07568277212662877,0.16358253403004794,0.1079672193083221,0.3652067962979071,0.08728810033204203,0.027264882876066848,0.02256063175908027,0.1293560596196447,0.02109100365026023
0.3443772006813937,0.05122656107368567,0.03023130630230092,0.06988058235275628,0.09154094754707189,0.05775764005211117,0.05848951376767328,0.02180163634960947,0.27469461187339755
0.17654211393474672,0.029420532342372768,0.1238651264397369,0.06341792643202847,0.08425984448387298,0.0897267935311339,0.018713127249544492,0.3453869837199632,0.06866755186660056
0.2472409350387791,0.04515083704233505,0.17621448071733606,0.056115685432653,0.06354276508935545,0.03888560100939389,0.06585768693988912,0.15433684376171855,0.15265516496853979
0.19337975219478235,0.011308743000943347,0.21899744966016857,0.11922991383647634,0.07674353465317801,0.0739775061249741,0.015568398643498049,0.07793108373134738,0.21286361815463173
0.11687106710489574,0.050912507252470506,0.2511301465760898,0.08259839734255113,0.14603016958259735,0.016305755702375288,0.14559992733442886,0.039062727299847416,0.15148930180474388
0.2406751543535747,0.06179339212538668,0.042451854713193286,0.1106737320293224,0.04740138421081593,0.12053926348107587,0.2279882868198627,0.07792604054290667,0.07055089172386166
0.23890574822279617,0.11543017901621833,0.3610728463415786,0.04844846026244345,0.055410030605160414,0.04019637567814313,0.014454698486800787,0.03838954499932858,0.08769211638753056
0.21800353745735265,0.0583618047768227,0.13157184550568468,0.12640172659215937,0.06935167985511438,0.0872085467280899,0.13531642519614234,0.005851891354485092,0.16793254253414883
0.3585545702305639,0.14948307016115167,0.04995888142448296,0.05871480179332614,0.08727263210647479,0.051790719759304715,0.08939104306386915,0.05835139288930243,0.0964828885715242
0.15146605065653593,0.007874627598106042,0.0823229590723964,0.10341967034650602,0.045243461906663875,0.1150944193217731,0.3803296352174854,0.04148500036002383,0.0727641755205094
0.08619442290201129,0.06839041714957632,0.030370889524252483,0.4784242573468597,0.04519933511326533,0.02023504618904266,0.08434924711399926,0.019707074648370307,0.16712931001262257
0.06704834190004888,0.007905864008700856,0.10039094212995821,0.24885087448451157,0.09883851470904544,0.2021386217362148,0.08996457226211833,0.06321550146561182,0.12164676730379015
0.2279477110677494,0.04304571202785492,0.22755924306924438,0.11018233328980688,0.08134499930401333,0.021313499142637648,0.0571174341020243,0.10946706848495424,0.12202199951171488
0.048763125579970666,0.24805803621558875,0.12146652988557816,0.05521855167935482,0.08102368016340568,0.21112696707150302,0.02305780491737427,0.08073993750974157,0.1305453669774831
0.1460477582296138,0.0942428125359152,0.14114472472912018,0.22308611265349274,0.07564761940361073,0.11031092339861566,0.06403991798812969,0.07345355408189741,0.07202657697960459
0.250821874979451,0.0772968373951639,0.02668855234774353,0.2089258585654125,0.06418555897633303,0.11869414831133168,0.023097184614991745,0.20866522467737872,0.02162476013219397
0.09138787801882813,0.0587675411367117,0.1424333479955612,0.10075069050741643,0.10766069761863539,0.1565315040808685,0.10561050799998417,0.19889815361854746,0.037959679023446956
0.3016407742454661,0.03246448628500373,0.2904688162795042,0.03737208021259228,0.033230494139012016,0.03848960927727691,0.0716988309846086,0.014469108587993917,0.1801657999885423
0.08300660060059029,0.02372447331224647,0.18323065172623207,0.06300264820078046,0.24272922748800152,0.008601710246983063,0.161002897160246,0.023678497813435378,0.21102329345148474
0.1256676662347527,0.05074589452249889,0.030448615225150587,0.4497091117341799,0.10799878998773997,0.023408592674156698,0.0301304812291479,0.10769967207035071,0.07419117632202267
0.06625608250151703,0.021516341134994666,0.11216218900691637,0.3889861254460394,0.0797533711183579,0.008041190109653812,0.01583240219163776,0.24405125062919808,0.06340104786168511
0.12871407690845324,0.028111905592884217,0.09119153390383448,0.10978952483913601,0.03878370231131934,0.08607441925592325,0.29149277765783016,0.1388104140745027,0.08703164545611662
0.12167489375459885,0.023259875499027253,0.08392054845488443,0.11531559502915499,0.2739659171068296,0.02751806346139742,0.1817254657289605,0.012753846659322261,0.1598657943058247
0.20163236203821175,0.12129863892048491,0.15005778208909015,0.06290507671824953,0.042749033618599754,0.03564227081095516,0.10854658454849529,0.017486614428495858,0.2596816368274176
0.14437238299291585,0.15932001833938067,0.06423413352862595,0.12209076275016535,0.1295585376933456,0.03930348798297056,0.0875724486533828,0.09821459672724357,0.15533363133196962
0.06261052540782559,0.061064267314232694,0.1288068337642906,0.07678861646805668,0.22692806657889175,0.021840051568018968,0.20422732196953045,0.04740593224551057,0.17032838468364267
0.21044106488398218,0.08950284438725896,0.28896664846918363,0.127251556620762,0.06544592978646689,0.00454580981597667,0.009586986557130835,0.00955985331178505,0.19469930616745376
0.24886353902803635,0.11576446753244078,0.016532316626021493,0.06349349059891389,0.0568085851265272,0.07454553717119779,0.03691331563724119,0.3457438157659804,0.04133493251364085
0.014780894922061263,0.02141618736256332,0.2701012894229785,0.03739908132625137,0.28969594448190733,0.0062821179886909965,0.08577897020751962,0.013014200628336461,0.2615313136596911
0.12297188709806049,0.08487436058865049,0.049202827464144595,0.18689142730758404,0.02305013253648788,0.06489760891053463,0.193213170735807,0.056715482184288964,0.218183103174442
0.016474979922958103,0.05636694267193262,0.5305280587590099,0.045873968892181316,0.04583379967268266,0.04281297544540116,0.04572458159026365,0.035492968063062826,0.18089172498250775
0.288341351182621,0.03974973348432856,0.10207272166268001,0.05142438902724498,0.10974891196633023,0.15004107754880094,0.057242670877884455,0.16418957275869528,0.037189571491414615
0.1421860298358695,0.040435900252336496,0.1576207218187793,0.08840467166488371,0.08800690296144449,0.03979589464395761,0.1606250878453858,0.09125133524387881,0.19167345573346425
0.1544939901452799,0.048758689246793885,0.28707157627428165,0.0723056349960164,0.08054611802598187,0.08735884863495796,0.12683604773682566,0.08260392598893308,0.06002516895092952
0.21516901405064778,0.1522001671431578,0.18267255178543806,0.029777853779887953,0.0274542386521382,0.0157644344558788,0.300214598566918,0.05115955599168472,0.025587585574248655
0.04798901844889326,0.04066488796960565,0.13793295996719898,0.11229257643213164,0.0313253699969705,0.05858283308291276,0.05848764073402546,0.34248323863678376,0.1702414747314779
0.042452343064632546,0.020651139760424743,0.27464187443946936,0.18876431215559475,0.02202799390900757,0.018282042055248863,0.040614539859567485,0.006934109167686927,0.3856316455883679
0.15409057443263421,0.022156891189037093,0.18204981508188534,0.05834980312345677,0.18641968567003855,0.06275148907384588,0.24845018241665448,0.013958393032946284,0.07177316597950137
0.031070501631280112,0.11970955358349962,0.43070866229107857,0.04949632765712316,0.0352908461576527,0.005519933193302022,0.15607471654208127,0.029390253841769114,0.14273920510221338
0.0515911802680494,0.06070775364187168,0.4503674238666802,0.046172838478075406,0.06520265391121206,0.11620015463949562,0.022930215972796944,0.10650367735971307,0.08032410186210562
0.032699334161418576,0.010518901646669564,0.22146809716763047,0.15395602363775396,0.3088502011906092,0.10281930633629914,0.0276686232833296,0.07397967495515885,0.06803983762113065
0.1739193149712069,0.08943855496078086,0.0982806262515995,0.02424503780979392,0.10376214126972187,0.1536272872023068,0.14666863715773434,0.03189183682454983,0.17816656355230595
0.1379395012748238,0.1568888552588258,0.21441650470592746,0.059677332907548876,0.02210132142917799,0.24895770104307502,0.04481452671588982,0.019754948934363886,0.09544930773036737
0.29113978372822774,0.025837724939663752,0.04645906913955385,0.11795494508383546,0.03584827159443782,0.10149780778060526,0.20167317403688947,0.016532621387734894,0.16305660230905175
0.24720695638961535,0.13702384994157288,0.05498926128393224,0.08004959828293935,0.06014738986141619,0.04207280971189564,0.12881144518011978,0.07761758517614874,0.17208110417235978
0.31063726634865146,0.07358083274575919,0.0772116703352503,0.045344243417573,0.060094203716452826,0.15571153056027845,0.10308842982277806,0.09869032723472752,0.0756414958185292
0.13076899956878868,0.01780297805304436,0.18035882782469995,0.1794629724395517,0.054852576040674596,0.19032919852061672,0.14428570546805788,0.03134857847040859,0.0707901636141575
0.29488425482485453,0.036321156878879594,0.13338862215749564,0.10172815510300158,0.05929257072040637,0.024555914769457555,0.26341828012799196,0.04572648635979296,0.04068455905811977
0.09593427746216089,0.0627860919973345,0.23613624363284735,0.0758378445123825,0.06985585130585768,0.18332323758316668,0.018587582931589464,0.20302327726501837,0.05451559330964264
0.2733301984823356,0.036190930032974945,0.02113976984543535,0.17329253371076483,0.1991757112684078,0.024757922598875926,0.007861746122933354,0.2003307273602801,0.06392046057799211
0.08895127057531839,0.08357690134233696,0.04966818661307129,0.38372541057102344,0.061416356077552144,0.02700186568504014,0.10249293021680077,0.14605584147464126,0.05711123744421557
0.21976331967405338,0.031196090648561926,0.1362438198391757,0.11937078748903261,0.10114999975475752,0.04823032283245004,0.10183064583148471,0.12871608146151592,0.11349893246896836
0.2526096622411576,0.029747540528454616,0.1941471155777007,0.14114817634402596,0.04741165361294456,0.08092399656126452,0.10755099651595346,0.033039145433067935,0.11342171318543048
0.15129252998708623,0.013469228658669084,0.04543786250099993,0.2813249008202244,0.026556708387037383,0.026030399710203826,0.15339194908353795,0.2184502077388019,0.08404621311343922
0.06611997953635101,0.03826426342214787,0.06942797503989614,0.06499680188961691,0.3254268821413932,0.015009536949077024,0.30285094776729293,0.05218974129143111,0.06571387196279373
0.09839555807380218,0.018407387605610403,0.2314597615724441,0.026510382537712453,0.08126356241955168,0.298873772791248,0.07358232415951203,0.02681331299733874,0.14469393784278042
0.09158076440426176,0.07477253618389396,0.3350799640020991,0.14242729415105107,0.05390307616656176,0.037097638732827,0.11716419405444901,0.040868228390885636,0.10710630391397073
0.10241625275573024,0.031087940309078733,0.41341984870061066,0.039832143474790555,0.12524337149945605,0.025715416834686325,0.005247549862445567,0.02389807691436203,0.2331393996488398
0.32927375251203006,0.037341159265595926,0.07439623546515402,0.035108097570630936,0.13123364628691336,0.03601796630527217,0.12794177229114037,0.15489909786732878,0.07378827243593436
0.1995484002654748,0.012921045900500153,0.1788670777564186,0.10190283419151479,0.07436446954731667,0.07089741352328871,0.03344370382102794,0.2690570586159388,0.05899799637851947
0.06827480188945731,0.13735722694490318,0.36613237152769457,0.05999614965034672,0.041172465964477774,0.009754260745832261,0.017332988111732783,0.058413129855663416,0.24156660530989202
0.21569086847003768,0.09582295082083929,0.0351845354113951,0.0656654538974288,0.057523053929441494,0.07499752063813897,0.1780766323657567,0.08136990962500003,0.19566907484196197
0.1654979915086523,0.03946321483488361,0.28345557253075154,0.0889037141391365,0.042912825501216965,0.13191776330320873,0.060901266825669036,0.1187194542187263,0.06822819713775498
0.057470915472450756,0.0763148649955589,0.4303051860241706,0.05677312237115847,0.03380906726843481,0.0065059088748873825,0.006204636155067955,0.008460544087363207,0.324155754750908
0.42571620889990136,0.017101840152537563,0.09374016013799402,0.16325597424728308,0.06701561636834476,0.021046923226749805,0.06472741613164475,0.03795418211985987,0.10944167871568483
0.12851294138906333,0.2848401273994927,0.17023409459292457,0.05494384195271188,0.039287722722027435,0.0606087652380554,0.0282130999115786,0.0941308509019322,0.1392285558922138
0.04838155831613249,0.015619230485912421,0.1379576729818733,0.0972467987448263,0.24917004860594894,0.022217685326072555,0.2852718611302041,0.041596513986718535,0.10253863042231144
0.036473383083226986,0.026963747306524177,0.057219168330164605,0.534002692243927,0.19418666282544997,0.01760008391111975,0.01605955471427625,0.010349744007779611,0.1071449635775316
0.23364037895905287,0.14180476749627133,0.022711412585475793,0.07068420615979215,0.09800905243943124,0.26818200801767045,0.0732584219867486,0.03508427152758115,0.056625480827976436
0.10748085336180369,0.07676531138649048,0.2815979483241662,0.09622053848410446,0.13806828758152004,0.025556307421446284,0.09481662177528855,0.1001593255193748,0.07933480614580556
0.14683783613602883,0.0944346156151968,0.22797558687075328,0.03915986889745963,0.11898642611959491,0.09309710179926285,0.18880140844334337,0.04498335616660528,0.04572379995175508
0.12001941620096838,0.21083368133636546,0.09352153174153477,0.08235504953536765,0.10233812132658988,0.08655105069382858,0.18349502659046232,0.051603800963127576,0.06928232161175546
0.1991568228205637,0.07797334124101311,0.08460112186477427,0.2723278969556815,0.040110316314280185,0.03392587911224498,0.09609956376513014,0.10682747033413298,0.08897758759217915
0.237554149246643,0.012979101929777742,0.126051157317833,0.08430533638804073,0.057922439625741916,0.12925811421623692,0.20659366792855463,0.07582403380407894,0.06951199954309316
0.07833960713561378,0.002332777225525997,0.1054424384937467,0.08467022425970776,0.04186441750990094,0.2037300241283033,0.14069819687223195,0.05527698104208594,0.2876453333328836
0.07826863059298667,0.2023568534456716,0.15306673511001426,0.05287320238933737,0.043540019765525184,0.26058422183280144,0.07492397311302774,0.0191773938444377,0.11520896990619806
0.08404099304930236,0.03173660750739308,0.26768413171837935,0.13168191191760945,0.051828974482341784,0.0581329359871649,0.11059982805075634,0.21714593382635686,0.04714868346069576
0.06946146549291006,0.09121474181103395,0.24383355639881607,0.17975782547828925,0.05245474396601022,0.021070424242653655,0.050676604495360544,0.2716920623113909,0.01983857580353539
0.409622813716992,0.1963402490439731,0.037218675511139054,0.06613630235463247,0.040379815722466746,0.09910250802046862,0.027652510224449815,0.08341861981749439,0.04012850558838382
0.02811456158293241,0.03070882749059248,0.09931906162322744,0.1609794328806647,0.11127374298498265,0.14549375953063215,0.16059525541887557,0.04611472267705897,0.21740063581103364
0.12024119730785697,0.02930564048253913,0.30852024056107386,0.12391229464157034,0.15123801010607127,0.06818359461653997,0.08766766577406869,0.012607307404464821,0.09832404910581487
0.3060530179157347,0.025868638249067998,0.19158909498665486,0.06618497061460982,0.06537353460453514,0.02596509598644518,0.04438863302872825,0.09092023842594617,0.1836567761882779
0.10172790923662467,0.07093742385600005,0.1058255706940629,0.4034028723584559,0.0977092121852912,0.036074133582722455,0.03923822516068636,0.11985054087579027,0.02523411205036627
