0.31496427543436045,0.05191356171951048,0.054162704953404174,0.14320682069906265,0.10496452670162588,0.018003389191501764,0.08037120516979257,0.10773287010203851,0.12468064602870345
0.033842936669072836,0.30657042561510883,0.08583569173122674,0.08523999996449,0.15017177799777567,0.05535868756991471,0.1590018632519955,0.11018048903136701,0.013798128169048721
0.15049729464848308,0.09539221484455841,0.042370705234884794,0.14851147591271635,0.21983857885205108,0.05934869638756232,0.12416821612788616,0.10038935880391829,0.05948345918793942
0.044739066033812114,0.138522126747088,0.14098901731309663,0.07646422237126259,0.0874122381416877,0.15684154912751613,0.18096598321505555,0.12034145091728471,0.05372434613319658
0.02079807481963925,0.10771015695319326,0.0663404374162581,0.2605580994201155,0.28680326151364316,0.016462387023326048,0.07039932075292017,0.10089778234170622,0.07003047975919828
0.10727479048030682,0.10681019274136555,0.09405411959295058,0.13086476576855385,0.12464124568555052,0.16869129877524894,0.12434639680630159,0.12536430166300097,0.01795288848672114
0.0093679287320047,0.14460799633916346,0.3822892143496257,0.19732807582964,0.05785439534286783,0.003243469637719786,0.10065735871200254,0.08366637712089035,0.020985183936085627
0.11106658164607247,0.04793693200196227,0.1095994762677938,0.059352088696376,0.04768394983467452,0.38032896588268944,0.09425875948391456,0.11120752277659181,0.03856572340992513
0.26576273117648075,0.061650420857139544,0.07661607194559905,0.10674221834071686,0.045742336511983527,0.13116079630516606,0.055547837868936585,0.15601314055308751,0.1007644464408901
0.1552855199438724,0.09283225364998403,0.11244119666081502,0.06129036180303854,0.03756018051359666,0.2270914328028589,0.11816174659985203,0.113873884303561,0.08146342372242153
0.0584234790651324,0.16606727129419094,0.07570963609901012,0.10616856572629575,0.3389967779319127,0.03149847680882587,0.09821230080617187,0.08498540582628684,0.039938086442173615
0.11430431569556247,0.1611734912094077,0.12974110914912085,0.1170431852775173,0.1471310546499025,0.024577047654688947,0.10770760611221598,0.1300728974617071,0.06824929278987718
0.16649572733940712,0.15956074194799463,0.06635050049918947,0.11395946354163417,0.16268873206898904,0.12603062476880322,0.058893175338438825,0.12709137627423236,0.018929658221311246
0.16402732514135676,0.05913492945403668,0.0342308012950377,0.069703762415873,0.06040794217204912,0.28142710300146173,0.12280815164342995,0.06551061361439707,0.14274937126235798
0.07135852408346878,0.12675065428861923,0.06834255767665555,0.05437657030766744,0.07337558771909711,0.05811782094479115,0.11371234100097538,0.13183350910916788,0.30213243486955754
0.11135558180940464,0.050647386330276156,0.09076651563760098,0.03321177972631669,0.10384268494614525,0.35873751637954143,0.11257504407023171,0.09550103024659051,0.04336246085389267
0.01271782155688731,0.06538895436755596,0.0661718182091498,0.034583730319366464,0.3354859980082834,0.017649145468528176,0.02732404990065963,0.08730333855710111,0.35337514361246813
0.07121148813139673,0.19245486580129825,0.07259811884822266,0.0653427648948158,0.05665884261824048,0.0469157253503272,0.2690337721701848,0.13393366644436586,0.0918507557411482
0.043590365001469226,0.1798239493213328,0.04236285297675326,0.08279908201296159,0.20865452391939812,0.11352680275091746,0.12075832403822802,0.13349830268731808,0.07498579729162148
0.19599696736397307,0.1015881871884096,0.09884196247577386,0.1362823813354226,0.199028837839014,0.07649554482170445,0.05574519878690961,0.1232391119030005,0.012781808285792234
0.20856163918730278,0.05558508660250616,0.19496872468156864,0.035306009764132194,0.04783353971846244,0.027337481449880196,0.18865100978106697,0.11097876295304693,0.13077774586203364
0.29704019299166007,0.0871402762685533,0.03638384640297084,0.0976278401166643,0.09015583841959507,0.02141470476986559,0.1116317722730807,0.11681325314888592,0.1417922756087242
0.11574275037400479,0.10255278524453461,0.0889017049797991,0.11481492250171066,0.0886807386007198,0.06449838362328078,0.21635627864206186,0.15241111745288463,0.056041318581003786
0.014409153367746862,0.07590372975073423,0.09515877223816217,0.10910323758253472,0.12668831214206994,0.08853857023450214,0.09598482782693428,0.10004949883144425,0.29416389802587145
0.1333937208981911,0.11470634089889653,0.08216732113863125,0.038292177251246624,0.08610261239747873,0.037946484000504564,0.23526791513626155,0.13041655459577414,0.1417068736830155
0.4096352724909565,0.045594095050437745,0.03986882341204523,0.05956561553612646,0.11080265701803742,0.019317113336038787,0.023628474040731706,0.11214832950444747,0.1794396196111787
0.4068852366191574,0.0764441883009226,0.04172527396759431,0.12670520439933552,0.04916645080000607,0.11608551841225669,0.035481499913971926,0.09658267285147466,0.05092395473528082
0.05051544783618717,0.1309583101234496,0.10107933295517575,0.17986655748783273,0.20978824752554534,0.008182160274080622,0.08640117539981203,0.10501441081759622,0.12819435758032055
0.02638289700949517,0.18091467250243207,0.11937750208931024,0.08399340061912465,0.053449619133491034,0.29709534272284815,0.08098526898866784,0.11408588738743634,0.043715409547194495
0.27155363355736173,0.08144238424758478,0.1290586806946454,0.04025549894438469,0.06387661884485292,0.0767134506442472,0.21627482625058478,0.10189514186916467,0.018929764947173886
0.0336479200595751,0.11286557804035513,0.07257099480868036,0.3408309952072086,0.11656930563694011,0.02489159878873599,0.10205813780238304,0.09470469784440794,0.10186077181171371
0.12380173516689656,0.07099581678899554,0.07799449823682177,0.1484081094975681,0.25688828727425045,0.07960842219780166,0.06507963558634154,0.10756575778048949,0.06965773747083481
0.24382518197994604,0.12651406961605763,0.02848472083900397,0.19708789690619685,0.09403929026643558,0.06516206624050461,0.10192496866727059,0.10431702532970209,0.038644780154882624
0.04611497067754189,0.07135526385862632,0.23772090863039574,0.16862033572268406,0.07472134514690874,0.17352672768962127,0.07977696051708498,0.12097866397813278,0.02718482377900423
0.03239730631986867,0.21288451634046313,0.1384428243764145,0.049919520769532766,0.01757298351093668,0.012445604624111506,0.24631522167647824,0.10248326004576686,0.18753876233642766
0.01564031186354821,0.3433102809442281,0.03417149736923406,0.05245777595480325,0.13111586473657547,0.1197676636832159,0.09260116560619458,0.10695483252076504,0.10398060732143548
0.08782035679655159,0.07063807545559202,0.05561087512679843,0.08197251421812739,0.21737507297161807,0.09799778583867262,0.07041882680633281,0.12216476141019204,0.1960017313761151
0.14920611445673534,0.1239431728404215,0.04114844838191065,0.13725928388653783,0.1728128654816038,0.12618679495477597,0.07632155505635822,0.11753731861227523,0.055584446329381476
0.08976731293220779,0.0905313470872005,0.09459354084789577,0.18121848444224922,0.12572958368123413,0.06896899637875688,0.1226724295391155,0.14119065834979497,0.08532764674154523
0.014417348914094524,0.17533657495640328,0.05908227409703832,0.2357086346507112,0.22268149253445566,0.02820282381603194,0.10960182113969492,0.09023867877335105,0.06473035111821916
0.24894935512545033,0.15010027374947937,0.0439213260700953,0.102424969475661,0.23757268209422056,0.04537641211509586,0.04119226803728405,0.11105356209470145,0.0194091512380121
0.03961107196717417,0.13126153801068502,0.07839318813702874,0.11057889718837323,0.2085712958204853,0.10412246906878302,0.10721264686045497,0.15553680886900909,0.0647120840780065
0.02668373064854489,0.13554664986632173,0.19528214638540997,0.048866410702252616,0.22933363159508932,0.14380891846709837,0.06858821560787885,0.10018785590557237,0.051702440821831924
0.09484599172967255,0.12819424025766554,0.0746388652363963,0.08745128583952455,0.21403487590390732,0.03613487087354186,0.20990576698608676,0.13054594669210876,0.024248156481096416
0.1379276580209879,0.08539982857419039,0.04420198333598412,0.1279796060054292,0.03657367025709563,0.2998838133728015,0.10180612667889018,0.1336150751757,0.03261223857892104
0.04932602881136011,0.1657181839417642,0.23773003235008117,0.14940954155989153,0.12506733291250557,0.06040398001102707,0.05380961779322982,0.08627244510625692,0.0722628375138835
0.29560744033942904,0.09973475272375903,0.03859749908816309,0.08094166717325772,0.044269208441786,0.22916161402970103,0.0592079378202206,0.12724464657053666,0.025235233813146896
0.29665267614617435,0.12191016519472936,0.1811849050111466,0.08284703732166349,0.09295679964345444,0.013006448583037294,0.08747421441354719,0.11198052535537983,0.011987228330867369
0.05924359399303528,0.07504193791698795,0.4061496639395415,0.10395242779534936,0.10194098550425096,0.0051144540655978935,0.07324000991523906,0.10374554481643018,0.07157138205356783
0.033297446930422685,0.2602290345016112,0.10357544391857398,0.14936449032477414,0.19754704934587938,0.005318709406341216,0.08877107716902459,0.10198851677566567,0.05990823162770701
0.17048473922673624,0.16728892613734805,0.10661677962986127,0.08964177719523055,0.09878522794390947,0.030308602374673085,0.16124334241334912,0.12976812017566022,0.045862484903232026
0.3063362342378736,0.0682953582535218,0.02531378324394713,0.1571998788149922,0.05425529955087224,0.08406539619754379,0.0817869926817717,0.12198907544968478,0.10075798156979276
0.06290200228809767,0.19942184931175577,0.07566795276692245,0.17814239125778797,0.18226863923855327,0.049265040914332016,0.08492654803501332,0.12653887350647355,0.04086670268106401
0.038107826262228445,0.1363684432109324,0.2016718330667385,0.067617090898961,0.09434434146076594,0.07221846923810465,0.2150375245015422,0.14757492602044028,0.02705954534028666
0.0632364085617441,0.14922906623349844,0.11076890369406371,0.0825105490626135,0.2474087130619719,0.03542911255444009,0.08141545171653895,0.12029102373444112,0.10971077138068812
0.21638308646703305,0.1341915096252055,0.11643412544038478,0.13896212075138134,0.12003270709614351,0.06621583399652413,0.061863560252760776,0.118803063398929,0.027113992971637923
0.10137781790929518,0.14867577342479324,0.07884242547086712,0.08558528295293298,0.1100883568000189,0.032001656351158765,0.23994802285348693,0.13877587105046002,0.06470479318698692
0.003579194708970321,0.062393186081495335,0.03616842683198732,0.06603892166784024,0.2726557330120976,0.0020620615539500304,0.14274700150921496,0.049420915173035186,0.3649345594614089
0.11767531471740676,0.07657517269968787,0.4034158594248165,0.022716551722399225,0.042634679946828714,0.025296495994738603,0.14996156694516152,0.09434039396629575,0.06738396458266498
0.16175044249601,0.15879093581108047,0.07731155980924427,0.02667026728503812,0.19432729364183463,0.017774078384841546,0.22949249734204855,0.1151960278853454,0.018686897344557047
0.05504102971509775,0.16038057319824592,0.0480508899924083,0.08746224694667222,0.2296878615206901,0.049352964624019585,0.1833038756466626,0.10478919847150346,0.08193135988470009
0.27155363355736173,0.08144238424758478,0.1290586806946454,0.04025549894438469,0.06387661884485292,0.0767134506442472,0.21627482625058478,0.10189514186916467,0.018929764947173886
0.03502708415618253,0.08301918613765936,0.07320768009109553,0.08413801648769027,0.19781010283327627,0.013361497591396551,0.2998315990875759,0.10575690356177538,0.10784793005334814
0.029444445586733464,0.06446831553198158,0.24146485079137836,0.10082216592412972,0.24696356043737722,0.00777061974916739,0.04336665191933937,0.09595619768323378,0.1697431923766591
0.03751473297105828,0.06609130587149631,0.10681223877178032,0.3221875250016523,0.14356230081688162,0.03327299075801734,0.09088021644130295,0.11953588931466463,0.08014280005314617
0.00905798120251067,0.23536347096341062,0.0813405925822024,0.1441548849664844,0.28220341280032035,0.006496713950082482,0.07032764426737868,0.09663132742261203,0.07442397184499834
0.11915180465675196,0.06893984930832213,0.04685803688063472,0.09940749814836225,0.1550599004171797,0.020239981585007755,0.3105656112108359,0.09657321142528384,0.08320410636762172
0.18092730264088497,0.08659420209208646,0.10084195228715027,0.1848280308137453,0.06442937852472572,0.21183019332580136,0.042721125870819006,0.10137093801046985,0.026456876434317027
0.08821696293252057,0.05706294195760638,0.1131920838236779,0.08467245232858332,0.2519609595720019,0.025750159184226424,0.051926134059403724,0.09379398948504515,0.23342431665693464
0.04716610997124032,0.22376781246685382,0.12222723128056408,0.13222569001087284,0.09692743738967506,0.07747951407236615,0.10262351187470424,0.16925769117476638,0.028325001758957136
0.12436638153131141,0.05324398730651777,0.1402177665097226,0.21337825152207493,0.0867312948898523,0.10161842009627821,0.15347840039350943,0.061663209837322465,0.0653022879134108
0.016088757949049858,0.08647507864493333,0.3720765076578669,0.029465949041062933,0.27167013119945044,0.020415165425927233,0.06827600743512229,0.1022503666246879,0.033282036021899185
0.09651669413355997,0.2623287702744219,0.09975686733395923,0.13485735891958003,0.2287229963226125,0.009931460418632417,0.048261072406453796,0.0969300412512969,0.022694738939483223
0.010199946974092816,0.11059623716730886,0.19362988069681142,0.14962109503277096,0.22120559328484543,0.002348971048054901,0.2272340223218745,0.06292009761372701,0.02224415586051413
0.19991156656660078,0.07936276359734608,0.12832645845775395,0.08295646872717964,0.18469136063091654,0.11610995057305296,0.03865134108960175,0.12213138224506852,0.047858708112479796
0.015549902972428262,0.242246207150276,0.07298921760095,0.09876344411773345,0.08102180173184376,0.319093703761075,0.040483366832639145,0.11029836388978705,0.019553991943267332
0.2086447323009708,0.05053658577929024,0.233983135622255,0.1401328400831933,0.1534547388691902,0.007881614599446743,0.06254603031020324,0.09901347815535529,0.04380684428009518
0.08762785618774833,0.06963490513482146,0.03591618528310428,0.1049767723221855,0.13802105616883928,0.18782770399868598,0.06342107898305004,0.08882193407265832,0.2237525078489068
0.24219181176092977,0.04903314090812785,0.078690996361113,0.02971689561042425,0.03160442983779201,0.3281553893559734,0.064715911432234,0.1123023810148976,0.06358904371850804
0.35201133201655904,0.062318318198489764,0.15286185760791007,0.07104800504942749,0.03368972736690603,0.015602140060065273,0.10043884397726037,0.12775721904577278,0.0842725566776092
0.1518580415318019,0.09482622920914524,0.023832705170540213,0.3474907960691378,0.08645180061545275,0.04136009570812248,0.08618534339438216,0.10218181784296798,0.06581317045844945
0.2656800886549519,0.134770505478351,0.07741400603458458,0.11031917480879665,0.11672942575867491,0.038672038472881885,0.09445732261723373,0.0992986364442879,0.06265880173023743
0.14526938772127296,0.09599665643388826,0.12944767782766553,0.06050228496605873,0.09870486505463749,0.2271158200026898,0.04911021375832999,0.1437991216195065,0.05005397261595074
0.14578313247490152,0.11969105105796275,0.11768990555905838,0.09374788144026718,0.14383853340080993,0.18860883787029667,0.058808030369374535,0.12417435736811448,0.007658270459214561
0.046719403711598405,0.07857642074503814,0.11130787235444993,0.11071019666547625,0.17349220432621515,0.02006539047460913,0.2714997849518965,0.0967823881153545,0.09084633865536203
0.04616158584567642,0.11417987148850837,0.11520992945216896,0.10816754960235009,0.16028672188206358,0.02639259994212388,0.03890118363032322,0.12815013453294258,0.2625504236238429
0.012303364329350088,0.09425091444045343,0.14911215672337477,0.11303404723955916,0.2058096458119366,0.022232850296065105,0.14157528389589225,0.09062129593576052,0.1710604413276081
0.06478519528801067,0.16049283012178028,0.12048869538974878,0.09026980629974785,0.09349209150041592,0.08709312841650498,0.13064351423711898,0.13344774081712088,0.11928699792955162
0.3615920631304441,0.10388606202774335,0.09720792548773204,0.07692538456405482,0.09710708020240967,0.03383327353721222,0.05917178618965648,0.13131238343505605,0.0389640414256912
0.1793285434499553,0.07424134525482455,0.05162588809481178,0.2166832327555085,0.09140645946099869,0.1477405728223459,0.1013165769013213,0.08075532865639178,0.056902052603842235
0.18505658975398395,0.17078192236308817,0.07532210835442014,0.055552426891954665,0.12715287478930506,0.10800730581491068,0.12711519202425828,0.12563205510171238,0.025379524906366694
0.04868904939054771,0.17556497152453443,0.11604990591883498,0.07611629089877041,0.03617519734294835,0.3345100350920715,0.10315927546600324,0.09908396960543547,0.0106513047608539
0.03926310829138376,0.153110443065135,0.2204422567847707,0.05677504505484254,0.08869523109579802,0.04733321533534205,0.15240796877112828,0.15932226293135782,0.08265046867024183
0.03097471716762648,0.20995539692577847,0.10197446131754069,0.17009156793936697,0.2111430207672851,0.024382645317992623,0.1047949541927982,0.11453792497661935,0.032145311394992174
0.06614269073458054,0.13119034624850515,0.08043775373858354,0.16623271946601345,0.08849157138962109,0.13170672974252562,0.12576983434780822,0.1413259591364301,0.06870239519593226
0.033155639653852494,0.15394867283356906,0.07279152482736075,0.1045148300414459,0.13764490916759917,0.0547169535744386,0.1733903798653852,0.127903682331467,0.14193340770488186
0.007909001175804979,0.14276643990832802,0.0642282789962807,0.22419229945934527,0.21682627830093157,0.10817028109272266,0.12313893175792155,0.10078723477331851,0.01198125453534682
0.18192542607969983,0.17100847947560738,0.05108026242474931,0.22478765451277896,0.09169754183952367,0.061683670594170126,0.05671818375759604,0.11540470418627913,0.04569407712959552
0.14196700131256812,0.09486347473220848,0.20745467799830553,0.057642184154672815,0.06936357408369953,0.10896612481766255,0.11871147376898411,0.1602252133456568,0.040806275786242165
0.04439460223282105,0.1358793247245201,0.1476691875877966,0.1714197694655831,0.1702616807180357,0.024634492941474195,0.1623037833180642,0.10202016127766844,0.04141699773403659
0.05582904390402174,0.14253848965699026,0.10104557342936064,0.15418852824837428,0.20363640301756689,0.13218468496214728,0.06995598524042261,0.13435462727016625,0.006266664270950031
0.01852443787202453,0.06708744458550618,0.3440953606033965,0.08909493405412283,0.08304374047045683,0.044705747706828,0.04966016381604484,0.06913493354587931,0.23465323734574095
0.17873463747845877,0.09532433391345412,0.11553186374066714,0.18830078890670252,0.17988835935479583,0.009643312634518463,0.034123987292268454,0.12022414686383436,0.07822856981530037
0.33203674735998695,0.10649841812721646,0.049307181850467986,0.14311627267254565,0.05947791209333264,0.11433429572537084,0.06084655279070556,0.10928653609230454,0.025096083288069337
0.042764966556128915,0.08086917606803139,0.04495871518089609,0.09882996247103713,0.16348590832124818,0.1705727216853424,0.22708402090477783,0.1391435117501397,0.03229101706239843
0.2934224071216535,0.13823664808762134,0.0886028913897618,0.07564942939040356,0.072350486045138,0.09104568318053036,0.07769583315954494,0.1294176411087399,0.03357898051660654
0.015296066981301398,0.14270079774335354,0.2517150496020084,0.09294685571757912,0.039199308581359255,0.04279894706566643,0.2534897718262797,0.12492125171675583,0.036931950765696324
0.06246990141566556,0.1521352843045916,0.03893706276684073,0.1435128512501688,0.2751738608948793,0.033125458683969496,0.07745151228657009,0.11393183087830659,0.10326223751900783
0.01079719465992345,0.06817311205768382,0.26652446662973794,0.05362650161739746,0.051370847551500676,0.11068719148127448,0.12751532062429466,0.09892832196297162,0.21237704341521577
0.07650211638540012,0.17664250695565561,0.15955506515561127,0.06249229571386206,0.023741882345366186,0.004102154236038571,0.23722255658040944,0.13320368946984854,0.12653773315780825
0.3334581741452574,0.0679553710035343,0.05141626991864525,0.09084354149089718,0.15207604986982118,0.02432800704482034,0.040012233174693164,0.09653709411459184,0.14337325923773933
0.17428320140455203,0.08895701012460806,0.051838572468608124,0.15871762563688252,0.12593678828172664,0.11015550260498179,0.05887242241234205,0.12312185060501651,0.10811702646128225
0.08929814505077399,0.24157172224500734,0.05692841298985557,0.046385441269243384,0.205404631374512,0.18041984713572942,0.07268852856846615,0.10112015219427035,0.00618311917214176
0.433656761978205,0.11376328494508743,0.06611990725004437,0.0545192417565391,0.07127740696570571,0.022329739979180835,0.07194328692885053,0.13115850045540334,0.035231869740983794
0.12321476957341415,0.07451967425735942,0.3244410853609893,0.19557094929186492,0.01413173192434019,0.040931581304148264,0.04100990719354448,0.08969241069061873,0.09648789040372052
0.1807770399594594,0.08111637752517763,0.11355888225714512,0.0936294798965797,0.15372656219010036,0.13653194907951396,0.0611512806609264,0.09777850392147192,0.08172992450962553
0.015296066981301398,0.14270079774335354,0.2517150496020084,0.09294685571757912,0.039199308581359255,0.04279894706566643,0.2534897718262797,0.12492125171675583,0.036931950765696324
0.10694428655476451,0.10779818071591464,0.2082858698546315,0.07852288263574497,0.16082061737402664,0.04430180043637397,0.10484767984689881,0.12497000454967883,0.06350867803196615
0.2032761524994485,0.11215280400216915,0.06098709105324526,0.16636149266136888,0.10897754212275,0.0213211940045418,0.08252387438091115,0.09217530871796363,0.15222454055760162
0.14830712868350066,0.08903921910460122,0.09639020957757043,0.08054452107502434,0.1391400965645726,0.10261646897619141,0.14631451088746825,0.11445850089575517,0.08318934423531597
0.006164044958667052,0.0923644164475621,0.1551067157018107,0.08281638834314277,0.138866201578194,0.04724214788792749,0.07528647990921408,0.10152021724833205,0.30063338792514976
0.02317283506936683,0.17436302505140663,0.07250920983522054,0.1871608066200027,0.33155766369101813,0.04935482427024023,0.03972948437082501,0.09224330562928502,0.029908845462634948
0.013592735719416134,0.1290140619202196,0.07771677057580346,0.08254282344905912,0.26842522512906414,0.010687624836330794,0.11287237718573351,0.07558049661609281,0.2295678845682804
0.09592112251835634,0.20852974794805326,0.2307154387322602,0.08276003789780566,0.07090979520689714,0.002250141567949776,0.16012231169651348,0.11690896660122863,0.03188243783093552
0.24595734526877613,0.049327469910880294,0.06585427818129504,0.1437333505668186,0.07889731902176172,0.1935799187389142,0.07206642801166811,0.09700439037829445,0.053579499921591445
0.2753337007532437,0.07462330448434586,0.17919217293581527,0.10170910475649236,0.024838665116375155,0.020723530886034448,0.029597801086689315,0.10758271245630413,0.18639900752469973
0.08045219125529528,0.19411911863457595,0.23711367571914818,0.05744928532629424,0.08954777132498803,0.017738816884248557,0.06533596920511567,0.11883885453575987,0.13940431711457404
0.034613957478097125,0.06895667724878458,0.044179470819617095,0.08936496825922845,0.09629464851599219,0.15501241431110688,0.12688693094060235,0.12699179162368393,0.25769914080288747
0.06378710984667699,0.08564382104224035,0.11946309886728763,0.29849276807665764,0.15099345010987175,0.005475899003407729,0.13622445938012986,0.09897429787775287,0.04094509579597519
0.08743859786271053,0.13158754753565186,0.1490032271537793,0.28056130833166093,0.07211184376751482,0.09665952686674954,0.05351730229889038,0.12116633169446411,0.007954314488578456
0.02565389547148415,0.2210240471316088,0.15609880409226698,0.0503251355247879,0.3530890593556784,0.009165106782748338,0.06128359031840169,0.07172960772479671,0.05163075359822702
0.02685534222438493,0.2282781462808746,0.1903700669211952,0.045500938955209326,0.3333743582335657,0.03188274779042934,0.02966208295252527,0.0840226208216825,0.030053695820133192
0.1530087676215358,0.143459228405913,0.11450259864806517,0.04425699155843846,0.32102589345412563,0.06740973713064775,0.029729837158667272,0.11035955674322917,0.016247389279377796
0.0919373020260309,0.1514095417144036,0.09969259309067424,0.11773340717656301,0.043285439364877436,0.3024067643250941,0.06131475283554554,0.10073925387636302,0.031480945590448124
0.4818263415745778,0.07092428948418215,0.05356686913880615,0.058361822530711226,0.04052047091457834,0.03284964818590954,0.08280270081884998,0.12173044002486072,0.05741741732752411
0.10918681243884672,0.1571686305263336,0.07592043445806357,0.19036948226749537,0.08187571785779177,0.030311720706933554,0.09535873457603154,0.14758597671964824,0.11222249044885559
0.1118477107525911,0.10486012708071941,0.12227940545969795,0.1730265306944477,0.0847393456308828,0.15156483392657824,0.10724597881589742,0.1134331357292722,0.03100293190991313
