0.08264806464227292,0.06500133805858925,0.12492651431149494,0.15005266574238066,0.1328120795071529,0.22342732901567053,0.11763094248932421,0.06489068168604965,0.03861038454706486
0.11091296367707681,0.09719306242613435,0.04411208753600091,0.054191937418291376,0.11851275253695294,0.3968593491940368,0.046614717192421246,0.10249402415752155,0.029109105861563945
0.3099797217799846,0.15678667458408727,0.028190887327543667,0.04491720617219777,0.09889816798893858,0.02442250770108052,0.02057210084068332,0.20270992471066684,0.11352280889481736
0.07917176353510778,0.11367087540403135,0.05005497030250453,0.1444618093910201,0.12443868382906403,0.21983730996786566,0.028487979476098466,0.04337592199669978,0.19650068609760837
0.01934688362661875,0.008888466125234378,0.03849987145560109,0.1503083516317636,0.09489167273110231,0.07809875397452472,0.45046714595141285,0.059771090322644264,0.09972776418109815
0.014990939226033997,0.0810278677018,0.09657820666073282,0.11429421412989389,0.08790492222571718,0.049766613638651154,0.3436944182937194,0.023060285044346415,0.18868253307910507
0.331894545052349,0.08816048543998424,0.051250691925578795,0.07234282667834611,0.1217293458906384,0.16799281587869905,0.08214176248136895,0.05927672443659216,0.025210802216443385
0.17652489731225396,0.04464653928443609,0.021914886958866883,0.06757727754002124,0.1071684371478883,0.036219614084796285,0.15193611686945716,0.08538508573769556,0.30862714506458455
0.10888742307614614,0.03870813113586056,0.02571183921323768,0.13030369053949112,0.13496424662345377,0.36377036424475545,0.05765225490225708,0.03522056084971045,0.10478148941508758
0.029935029909285427,0.04723029504219963,0.25617410217917147,0.13848300032723446,0.10110179725333752,0.23783700089103607,0.06398751102377193,0.02004346931606474,0.1052077940578988
0.23098416824940313,0.08051405992109094,0.02220375720728292,0.04289424036798347,0.10172620032843399,0.02633206745424081,0.06514921640331058,0.0648926567582737,0.36530363330998056
0.10404986534609584,0.282881593551435,0.04613151641048271,0.10135660660937475,0.11632543522200055,0.024843805946457714,0.04526154711253003,0.17554353955139312,0.10360609025023026
0.08043286464191775,0.027627939385879114,0.0312789214681305,0.15903201761048194,0.0821869689651913,0.01066762978221644,0.19540886049813522,0.04213495011869379,0.371229847529354
0.3065611886093404,0.031983896949681095,0.07899904640045728,0.06271970923113622,0.11732980750710538,0.2507217888489482,0.08568859213741616,0.043820806940980395,0.022175163374934956
0.15870959537356663,0.1263375989535521,0.06014479044477437,0.09564989865912778,0.13773732492211993,0.26036858107474775,0.04636102001951755,0.0799794434442032,0.03471174710839072
0.07839041457851284,0.052593440906922716,0.09124736903712287,0.2214035864088082,0.10100430984082782,0.06625136697097918,0.07272669842272811,0.016529139980141012,0.2998536738539573
0.11656608361195815,0.03705651394371486,0.10507063001295831,0.03527760718392709,0.15100316956558804,0.1109081548266615,0.2265969502046674,0.055129151902248985,0.16239173874827564
0.1118457772214577,0.21112070614272752,0.10341572544149936,0.05575990371394154,0.11083614448986213,0.06988230374934323,0.03756281526876747,0.08259535166480499,0.216981272307596
0.19192250678401238,0.07521329304315304,0.021537745576672967,0.17173538737998492,0.10896373511922781,0.053764027392556535,0.010872909214155698,0.13552856020552204,0.23046183528471456
0.0919239294897732,0.08430469497717309,0.07085952752164769,0.058926841752553395,0.1437342442572368,0.23508711111254152,0.05549903552538799,0.125951096464871,0.1337135188988153
0.09665391582618743,0.17724308690206483,0.030774864403347757,0.15748988834901342,0.09570361564867147,0.1518865463331463,0.041806239882421214,0.019613501456866345,0.22882834119828122
0.17016503498390992,0.03437888691708974,0.020288229012136286,0.1224059895744567,0.1206897288527773,0.36181924236412094,0.035839084573820006,0.06292409157599137,0.07148971214569781
0.0970234948212158,0.08073970357328403,0.1065424548353107,0.14901848498009748,0.11650142200936027,0.01509530128469623,0.014042522814064184,0.34666045636923276,0.07437615931273847
0.09100634072795433,0.04223297357752729,0.13905060331742125,0.09737457794965865,0.13487581628382478,0.1395565270351565,0.0962702609054078,0.2195559369511957,0.040076963251853594
0.07291450524862993,0.07030182391736071,0.12437652974013631,0.033655713993332635,0.1271905969526412,0.3515445863806271,0.039345800215528005,0.09605052285789861,0.08461992069384534
0.2186332163755568,0.05670241007722962,0.17872412680713326,0.06041521291039026,0.1290355921557131,0.20983811062861893,0.04280716088249296,0.07630322463618881,0.02754094552667626
0.16061639208396783,0.018772240766755974,0.03165219315141694,0.2690565219274507,0.11916131654084945,0.2885825359447045,0.047071336789113384,0.02029741722648549,0.04479004556925572
0.18016041323881712,0.07886181114781234,0.08307608570364798,0.0979409887457743,0.13848487361860137,0.16832989110066784,0.1286164349204487,0.05198323429897019,0.07254626722526038
0.14252736155846638,0.16668064262374896,0.04558146674542115,0.1582524233364743,0.13409960942354662,0.10629895501314136,0.13991649999536493,0.04404088193491986,0.06260215936891646
0.15397846449404842,0.01935348054105425,0.04792293646794183,0.08948990652650579,0.11522631726547826,0.44402161513338995,0.061606940455097216,0.018194888114736827,0.05020545100174748
0.09514662895718873,0.06340292896796351,0.023007867383001628,0.21515463626811435,0.0966351274077905,0.014172456016743086,0.15163420702648697,0.1686656327076149,0.1721805152650964
0.21615240511487563,0.21173587084116044,0.032311721007447884,0.02886586526770783,0.10730609258363664,0.038812546787610036,0.059697260508720235,0.20159592430260076,0.10352231358624057
0.05874089388770833,0.07775415553718912,0.11270472528340386,0.06476604398309739,0.1337056362480809,0.4146155329946795,0.011032726794661303,0.07726140047347624,0.04941888479770326
0.1996987479450951,0.13131215208337507,0.15637587932545785,0.048537424621698556,0.12967287856112938,0.14229011967600524,0.04733822323629483,0.06577879294755748,0.07899578160338655
0.05730119592146989,0.08806331996045415,0.10089878285961573,0.05997456462676081,0.10915080093778669,0.48073804948919735,0.0320925756074017,0.025025100004181858,0.046755610593131824
0.17477718518206264,0.05196467825692083,0.059526452165939624,0.10968457652773293,0.10349385038887478,0.38575531173121286,0.023874447638721163,0.060693976300080686,0.030229521808454587
0.0774557228227676,0.09435109129467696,0.020898504654319517,0.1398064268741352,0.1157965885104449,0.41303520390967846,0.0978392781441242,0.021786024896732935,0.01903115889312022
0.10334194246864718,0.14876009151542113,0.04286267989404164,0.03781163336477689,0.10035566751616533,0.3286652521056262,0.013729105152597449,0.19459120005141917,0.029882427931305005
0.2066760142298024,0.019921267096903995,0.09927777730988914,0.12685555569610005,0.10832518302451856,0.3155611092959032,0.021213386460446692,0.07346311829232793,0.028706588594108056
0.051044979912575394,0.24012744149072776,0.024841881673732163,0.06275778544057098,0.08712706093578278,0.010785475221027505,0.025554833515611223,0.06867923866398105,0.4290813031459911
0.11892570060414392,0.023481743636984565,0.10835612620278712,0.14400278261226743,0.123754320047538,0.03633810034757743,0.04659257804649716,0.17520220206360207,0.22334644643860227
0.06821285790139042,0.17231924545996766,0.07351196319812107,0.1016059433036809,0.13374920464756848,0.05286206625472825,0.17361204571843825,0.1363073802833403,0.08781929323276468
0.16131797371977033,0.03976281397420145,0.02416458601489446,0.11271661756561553,0.09790811531457622,0.02929013741940703,0.17111398956123894,0.09076932400838895,0.27295644242190703
0.07023915426009146,0.04561613397641209,0.09066639474059925,0.2265787997665868,0.12334120182994547,0.29929944625474003,0.011266189202870125,0.03909885971706233,0.09389382025169242
0.16672573844223693,0.06759179656418961,0.023965397415849913,0.135741924893363,0.0955197697271029,0.4375763269928515,0.01089002910344066,0.04508033319287632,0.016908683668089095
0.062436110901617076,0.09401858044142657,0.10682282439273809,0.14016520149708644,0.12500846900061816,0.3308889887518451,0.01991131476945852,0.10214519063591293,0.018603319609297102
0.04870141937215957,0.11153770034792869,0.0628858163267433,0.061849409607255185,0.09878369062736986,0.0866608154950349,0.1126923921913885,0.06077686727459842,0.3561118887575216
0.06828726631852183,0.07924587009931144,0.10111357458075887,0.15957859411044586,0.11597633842726048,0.37477322468077157,0.019602260626591008,0.020839394521726378,0.06058347663461261
0.10916475542287174,0.09168752964347505,0.04179881100727182,0.0842099100185421,0.11840427324627402,0.3305651718210374,0.05404476660409659,0.14762157088893288,0.022503211347498445
0.16781979203331768,0.1729267587539763,0.040841181560667884,0.0940870329185451,0.11453953992206707,0.3078939781170291,0.05407631957871819,0.03043490440758326,0.017380492708095285
0.42070124986538465,0.0321460184086936,0.04167350121933472,0.035937991058538746,0.10523220474032256,0.20822874189950716,0.11264730045984368,0.017966005527854417,0.02546698682052036
0.054701972647557696,0.16630776339252584,0.09455980004401454,0.04957007324736883,0.12635191377104152,0.3523587674642894,0.0918142297675247,0.05140001442138629,0.012935465244291218
0.06605345868928277,0.07211973805665198,0.2280617968696479,0.11164099774939067,0.12355897804870164,0.12305750398234379,0.03188423545325803,0.1465097123485294,0.09711357880219389
0.11362768844206612,0.06835837946023425,0.027450595771695452,0.07398976423792453,0.13294085229428718,0.04346713372069158,0.21295250889578698,0.11639817749911226,0.2108148996782017
0.19056856861692173,0.054199017802447104,0.05259575842187445,0.13447240972596844,0.1268590815320201,0.26204127214059875,0.08373028401607523,0.04604770654771732,0.04948590119637678
0.0856120022743106,0.2597236353252445,0.06956713685378992,0.08511852976652841,0.13398411824114959,0.03902858250910085,0.1332545726242432,0.09561559364040717,0.09809582876522581
0.0787521230892294,0.1924428926095483,0.01512746374483963,0.01998201675061323,0.08906956302629103,0.0041003387325890825,0.049951094567026504,0.06991452824362837,0.48065997923623444
0.1403457861269154,0.04292384546803418,0.29395490663527474,0.016705973230727214,0.09325494782921033,0.06692186220800884,0.24745056535160095,0.06429862372837462,0.03414348942185372
0.0506196899323846,0.059169678230249996,0.25632893131876866,0.14059659171183655,0.10727425930594647,0.018491788353228844,0.0903114913715732,0.10019119354217597,0.1770163762338358
0.2028227487665415,0.019970947637637345,0.06876189598218206,0.09518673991312655,0.15122137310204775,0.29825619391688474,0.07349711634784056,0.033965858432760336,0.056317125900979086
0.19203427221044908,0.06381120216124987,0.03165486509870049,0.051425855155936846,0.10580220355560976,0.01825031408654564,0.03688763727782817,0.1314490857896023,0.3686845646640779
0.0748295980146202,0.13431076355937485,0.13172833874851156,0.11765368592882686,0.11979412260807865,0.060824287650412374,0.05269534094795001,0.0617058914304231,0.24645797111180237
0.04590255148423485,0.033191679081596585,0.06731208598860645,0.05887413217967622,0.10021988926304226,0.04548784256479752,0.19541120903046338,0.34208090798692165,0.11151970242066123
0.22520924687877655,0.016959035403732378,0.07199235908356756,0.03272530524426024,0.12962883126210265,0.30928526896093816,0.10354672718554052,0.0385880920409372,0.0720651339401447
0.1465630249787588,0.03454650666079686,0.18417646864763082,0.10581858967726608,0.12756743891942177,0.19958470426096497,0.07309322960585934,0.08238774390868579,0.04626229334061546
0.035003107868815414,0.017768081591622062,0.3428311680741665,0.03797807276554985,0.10064547569301723,0.056598109424590065,0.19180961735239185,0.055726479983979955,0.16163988724586706
0.14834010393319386,0.23883375671328566,0.031239602983876957,0.04276149946788438,0.12243997666313645,0.06886535052923733,0.04544703917292611,0.1869655107771201,0.11510715975933918
0.1330373742400098,0.2322244007400165,0.10144033919412503,0.07232994257306748,0.11586063260755557,0.1370294570173563,0.10347391664440823,0.03768758470838452,0.06691635227507657
0.08985879435677102,0.21023987360510601,0.15978407232443084,0.057384084223675504,0.1329728224506775,0.11627095411474131,0.04647736590648599,0.11846667660369603,0.06854535641441577
0.037212824342801015,0.0891349067680468,0.1808123008523379,0.06376275820776757,0.07890648269982153,0.030292796416600553,0.2615157889263941,0.04968660534475366,0.20867553644147693
0.20878011936246663,0.0511638492470494,0.07107502077814788,0.05598163579464627,0.11476477469282054,0.3020774135375593,0.05113000502933488,0.11353603149103997,0.03149115006693513
0.0992787553891424,0.05067221179629877,0.04059091904317963,0.20460130348113706,0.1290669653488062,0.028886623900453073,0.20613942650998998,0.13193272074391418,0.1088310737870787
0.12498252220635457,0.10437476651796906,0.057610053681768,0.16792833055941447,0.11520194333315274,0.30218254428466435,0.010434744192448157,0.0290273549478956,0.08825774027633314
0.03689545339289376,0.2279053936233856,0.17067558829978122,0.11620193041059183,0.11245314155252632,0.24235405987387063,0.03796856494722734,0.021014129444893514,0.03453173845482991
0.10534843715128223,0.09713428703404932,0.06908314410644666,0.047118886219525084,0.1061980982236091,0.027635628673747997,0.24413463367914015,0.14171495587388597,0.16163192903831347
0.21008237167241603,0.08069783358882819,0.07216089868951263,0.04291533029072475,0.09934230986447856,0.3717494174572297,0.02356889008741933,0.031454164923963114,0.06802878342542769
0.03963650597117269,0.06187269262729125,0.03511728813630886,0.10162645828874306,0.13353019849319253,0.35600923811938495,0.027651878820747253,0.21387461886489234,0.030681120678267046
0.04490389504983113,0.028840474969351576,0.11726488932492933,0.2407184947580551,0.11389111642623784,0.2789057468103151,0.04979820771522392,0.01901124699626161,0.10666592794979442
0.20577794110573086,0.06143978126747059,0.170305657297539,0.13361777288619106,0.12534376024044533,0.06764569338642411,0.11943913320005493,0.07998064435828604,0.036449616257857996
0.257063502510013,0.0990250160632532,0.03505240737105033,0.11605349092048599,0.1083225558527378,0.18457057131213497,0.010052712668675655,0.13251350063725018,0.05734624266439895
0.06338596669663997,0.2221234594703734,0.2632898597009524,0.12918105155435564,0.10852621193821921,0.027429230220730783,0.04521976822848319,0.062138255630798465,0.07870619655944701
0.009969374865543166,0.004663704976796155,0.046998551918284004,0.4055979306387448,0.07981652986579309,0.045193160767868175,0.18423911704248394,0.14389240812846718,0.07962922179601964
0.09057786029860988,0.09553438723545143,0.11644837100064465,0.03769452288279677,0.10677199063347735,0.3872937587164038,0.013736004550771517,0.02828021968767229,0.12366288499417231
0.16215082753065924,0.2469453509657716,0.05859117465544553,0.022522753175753297,0.11475742426204154,0.24864734926164525,0.03733418979639038,0.039061247306780185,0.06998968304551301
0.35880645584649146,0.0509345524116363,0.015800388777103117,0.033397975082423696,0.11212686511817416,0.18696527803108406,0.09313966018930657,0.11542248651897297,0.0334063380248077
0.17423682072685157,0.0983593674866533,0.08960647225368984,0.04983330653657778,0.11086135815127492,0.008247501041806528,0.029869901065384646,0.2710897061924566,0.16789556654530488
0.2162838947943432,0.04977792457769448,0.04063619573869905,0.11284453680419519,0.1060404915720281,0.4087428100788996,0.029876818042143427,0.019612316648204165,0.016185011743792808
0.11339834529553684,0.2019252078406553,0.10293406480788381,0.2883931566659499,0.11153107631691939,0.03616114997188858,0.036614936862620566,0.08006608047910908,0.02897598175943659
0.07080403792140277,0.15358138541609415,0.10464787847224305,0.15727408545303703,0.13267444434173353,0.21470747527215783,0.08265597743099305,0.06803959557561186,0.015615120116726722
0.16969210892796646,0.030984833321243355,0.025930026555626474,0.23598860298645138,0.09715198231755275,0.07961843822214934,0.040080941621431186,0.05832304229368714,0.262230023753892
0.15723742734422377,0.15546204681015124,0.105732638158753,0.09266283591628709,0.12817187177822803,0.060336242191308787,0.05367340524391456,0.09076661087078713,0.15595692168634637
0.11223515258500999,0.08752825169115692,0.0661807106615453,0.04298970172162306,0.10854507807349918,0.4277484295007745,0.022639022378588763,0.02104887313166881,0.11108478025613344
0.07225981487340159,0.15427495355444323,0.08896566695312325,0.15459816943547763,0.12072751247078056,0.023511850963833816,0.017901869226407265,0.20275772383642396,0.1650024386861087
0.2171772950469654,0.07971644729193894,0.034413255660006255,0.14243967256459616,0.11258246467547812,0.09858784634938934,0.025903642813970323,0.12002795228881853,0.1691514233088369
0.17856280166159277,0.19750947249378512,0.03597771097534125,0.07554285353593333,0.11179538518299366,0.31880690111921545,0.011310593924013906,0.03249720017063836,0.037997080936486134
0.13265429139668142,0.04299449849264605,0.17147314599797933,0.08346113518202207,0.11086037721781423,0.3665131736663502,0.013466106432666396,0.056103533714596365,0.022473737899243933
0.07237326432526879,0.13200047931381872,0.05908715298551507,0.02934764287927281,0.11594443696632506,0.4074952737428105,0.05432221893503083,0.0874254270880845,0.042004103763873646
0.06418213952024583,0.0780313281289282,0.044743409626742135,0.019873124131877563,0.11118070810116752,0.43512028300946426,0.052851801004965164,0.17547516787072018,0.018542038605889134
0.04204561013402933,0.018820479535694646,0.29160284975777934,0.10459028056181591,0.0919020130568015,0.072483445791078,0.0436480895065805,0.21109557627528033,0.1238116553809404
0.0765058825293194,0.13526294110740936,0.016307925284650474,0.11544969077409935,0.09704540398107282,0.04329225422538626,0.08205027823848467,0.023428908512219942,0.4106567153473577
0.23605442536479712,0.10447199796569899,0.01072319703228817,0.018251147980035055,0.10270866910137096,0.37104732555945735,0.04701047289461905,0.029192545625961335,0.08054021847577204
0.08839464049268127,0.07909460557869873,0.08412450385795715,0.13218475577791453,0.13267101235653656,0.3529497410633922,0.07818602555637189,0.023592966921935132,0.028801748394512505
0.17025630881102297,0.08976699161661866,0.04754495601140116,0.025126345934507622,0.12220217825925407,0.3529594806042207,0.10166131691637516,0.051577596625902576,0.03890482522069697
0.1454254938348962,0.07368128898994371,0.03267207973277127,0.020991466176991696,0.10275335512028128,0.41877093493312856,0.03677949698636781,0.14561920494324457,0.02330667928237498
0.13356251414528805,0.17426122578901151,0.11080220742041064,0.08252889982746404,0.16405865478973342,0.11117569117399523,0.06703768024266189,0.07296122962082689,0.08361189699060832
0.10558942514932257,0.13379613958121006,0.04511328954341403,0.21969746001097787,0.12895365905860592,0.2071959727550572,0.07555709798098209,0.04464713301571408,0.03944982290471623
0.14826978741319927,0.06478840270853393,0.0657464213995723,0.05165950765243485,0.12000118854020371,0.08197563808553916,0.1041202026219874,0.2719482424490996,0.09149060912942979
0.10752139157188101,0.082844436270889,0.09346715594201595,0.16308961078491688,0.1327628153839499,0.28273768610220235,0.028754317257751072,0.03250830109297758,0.07631428559341628
0.10590143957334458,0.05530722669431717,0.05003838839008779,0.05765587189115493,0.10404471494705685,0.4731420455493451,0.04261551429525803,0.09707549586219315,0.014219302797242435
0.10095654635574292,0.056769358490152716,0.06583958867065949,0.08869796390021732,0.11185803671662597,0.49573959099447357,0.04062566791026329,0.02337966144492804,0.016133585516936593
0.331894545052349,0.08816048543998424,0.051250691925578795,0.07234282667834611,0.1217293458906384,0.16799281587869905,0.08214176248136895,0.05927672443659216,0.025210802216443385
0.2646698184298522,0.15128908797946264,0.04103464384975908,0.047644970824664894,0.10820638109841045,0.1017260683043331,0.008046211079283229,0.226374214371309,0.05100860406292539
0.2667166782668812,0.07468487183166204,0.036825772192652866,0.07763515487080015,0.1194674459422141,0.16942591455166522,0.030320841230959596,0.0316017714495079,0.19332154966365692
0.35434353478724767,0.03690225353883206,0.010209244731736601,0.07062608028236947,0.11390185589553148,0.18607825718331053,0.03165050743074394,0.12513213580344126,0.07115613034678694
0.01325803152084636,0.10985720486991646,0.07102376021264274,0.1053673440010946,0.10055308201404023,0.0637796511744671,0.06798039106074882,0.022627471987745815,0.445553063158498
0.1942820083746777,0.05902322336528502,0.04748754176737202,0.08414565400691355,0.13303751598402686,0.35144767997855836,0.01595627544687552,0.03824802612347819,0.0763720749528128
0.2265151619919287,0.041176689652551286,0.04683020093806154,0.3082891218885892,0.11270494749243666,0.03729455131568447,0.08239549854386635,0.0641541804819654,0.08063964769491637
0.10024980429568954,0.025328222533517474,0.05328112466951024,0.15509810631921025,0.13974035007661068,0.3752426173630363,0.05794787669134637,0.048607975143815735,0.044503922907263405
0.0743337114058293,0.09941487116263951,0.2389970083668493,0.09307700266833115,0.12388716513409374,0.03779455442059591,0.06582001283024787,0.17994827991610507,0.08672739409530812
0.08371302869346649,0.011839242411208963,0.04659738246500289,0.18681682304988353,0.08906447372699662,0.5027408174430927,0.011413876924506355,0.048375303652664146,0.019439051633178234
0.4447911808542378,0.07282878809985305,0.02962433861303852,0.04919832301754832,0.11351636845308943,0.16148421877570138,0.018955730168384057,0.07147308037681833,0.038127971641329084
0.038348776347783164,0.0663653540518659,0.16047686390786672,0.04269050300646623,0.09327286727697298,0.07617304143940366,0.16873780295914773,0.018222805557193814,0.3357119854532998
0.0829128769514416,0.06679516551223398,0.032528237259775945,0.08169264964290428,0.12708178887186108,0.0940700567013215,0.10932630741418566,0.11957063196250262,0.28602228568377325
0.33685709952869813,0.10498231112100227,0.02611729922480392,0.05204610485423119,0.09953921074875331,0.14049480809240894,0.13321489157679012,0.043624033034471786,0.06312424181884035
0.12622316583349616,0.06445677511776483,0.07273975523657585,0.06917128269055563,0.1169656502419867,0.43537723103890985,0.01058072073433987,0.07304942344220632,0.03143599566416472
0.08683398115515507,0.05408866844121257,0.0374034705568055,0.0697946374939754,0.13684328230458873,0.2788551763050556,0.06876678934141765,0.11124144635865034,0.15617254804313918
0.037829317031972114,0.07880334624105974,0.2711964773159859,0.1724804954569754,0.09497071232858345,0.017027710595572284,0.04983202317308144,0.023090672964835985,0.2547692448919337
0.016530021610812674,0.08989646729792035,0.10535607075512392,0.07677685461487192,0.07440831576968235,0.019484111786493494,0.18404265294697594,0.013488065675439935,0.4200174395426795
0.04734274594699439,0.1853994474416288,0.0810764625801701,0.06664875522015912,0.1170255692737453,0.04156147567100369,0.021231007885075943,0.3439827666448319,0.09573176933639073
0.088061149142605,0.06236808003101473,0.0770455575326739,0.2802382055646388,0.116878304407296,0.08754543107591743,0.1311136684698543,0.13591177020172487,0.020837833574275016
0.07177147980621212,0.11807127730848295,0.03921593538527319,0.052415126246695816,0.14734279890372093,0.25588202360575546,0.051799898687762046,0.14550749818004147,0.11799396187605597
0.06796838659348786,0.14149379185104757,0.11595249088327052,0.1963156461306084,0.11458848593108655,0.01613249683234881,0.05565444642401742,0.1082312681259054,0.18366298722822758
0.10932789125699799,0.0886429484838029,0.018934597456857466,0.02073359076368797,0.10571487163275022,0.06228679762947777,0.11185035563524394,0.33520724603348134,0.14730170110770036
0.10714502257444292,0.08479984046551725,0.09451180885088079,0.05032295422661486,0.11860831298012207,0.02250153812473639,0.020819771425648323,0.40287698171803027,0.09841376963400711
0.036763119959569796,0.2893506858598265,0.03638468213853258,0.04812930502633463,0.10185899754466265,0.2136683581297694,0.22014544759997381,0.02465910390682473,0.029040299834505835
0.11700017228963555,0.03530407090780924,0.091327600224343,0.02991324688841357,0.1141317630294141,0.07424688141791096,0.056070106736883,0.29550564752264313,0.18650051098294748
0.2663835587225685,0.07454972117924513,0.05763120612437392,0.11256058453678479,0.10327898871474478,0.0179176750659787,0.03674668341127905,0.07506138007426626,0.25587020217075873
0.191220643688452,0.05710154508883505,0.03327626860873346,0.1032301959793136,0.1195589082206439,0.028261088432667354,0.04193045475506707,0.16782023307743058,0.257600662148857
0.11867257254006149,0.2512409058995079,0.05065929103676182,0.15286314403490442,0.09620024755583383,0.023227246474956054,0.037919810634986055,0.2012754032624867,0.06794137856050185
0.06919372434130065,0.04852801645605526,0.08418122163496222,0.08069193035321508,0.1260030141193834,0.4173374283766787,0.047640497100992364,0.05909092114442793,0.0673332464729843
0.22371710131804914,0.05163805407615149,0.020586378566871438,0.08896063537497657,0.11313330057738014,0.3691504873200886,0.03921387255140601,0.06502753657449768,0.02857263364057888
0.07418549299639138,0.04642005135455548,0.05183232918616976,0.15620353187155003,0.15426485683486682,0.130220352484494,0.2722537065195982,0.055925183828770715,0.058694494923603645
0.2891460385799254,0.05887165364111713,0.09138256822808803,0.1558574692574396,0.1181647312858161,0.09009187455542916,0.10017684468213577,0.0653578626597715,0.030950957110277382
0.0830707854227996,0.07572604025955566,0.031209709166362204,0.07627377146146623,0.11576276056850414,0.4579656949393763,0.020340677712898266,0.07396101990632968,0.06568954056270797
0.2353670053261964,0.20640713467716168,0.03118919268087994,0.030505381444943174,0.11501716721573836,0.048130629467284414,0.059080068203696184,0.029222136731013048,0.24508128425308673
0.3478249010068104,0.0428160368081639,0.018457396777064733,0.05200574076655611,0.11883700382421475,0.11872706801352913,0.053600686278140575,0.14947624850742536,0.09825491801809501
0.11027844035277007,0.11853036336890099,0.028592151614364833,0.04643532401100423,0.1341976290448135,0.07892730975897294,0.02414284453400967,0.21273311450916108,0.24616282280600266
0.11097932550461277,0.12909576579770357,0.10911377657891509,0.029184683326489946,0.11394617049758309,0.385319869255124,0.02069119450080478,0.07677903093954729,0.024890183599219434
0.035949863321389136,0.1567538950486634,0.0679014297234214,0.06676687904847435,0.08779827165885545,0.024819577353002623,0.06959478856940053,0.03923929940470532,0.45117599587208784
0.06174342436104799,0.03758725478156225,0.08167804142756525,0.11894719540617282,0.12900672432788798,0.05312475342058909,0.15645022565389488,0.20985231780111524,0.1516100628201645
0.0798645522088866,0.03512778315509984,0.04397980981338843,0.18382963875781852,0.1145725726441325,0.15276195559994532,0.0412844096368836,0.04490643213073336,0.3036728460531119
0.131278879826553,0.11330616318817137,0.15335472750993429,0.03316260231131995,0.12519105986541493,0.2995259824234103,0.045916278106007874,0.03835781032884878,0.0599064964403396
0.08758773247002967,0.1560808235852396,0.041742376066809674,0.05478554630262119,0.118596935619746,0.3318327385528599,0.0201557830183667,0.056004152216416414,0.13321391216791087
0.20878011936246663,0.0511638492470494,0.07107502077814788,0.05598163579464627,0.11476477469282054,0.3020774135375593,0.05113000502933488,0.11353603149103997,0.03149115006693513
0.06814771354362607,0.17923833005394318,0.024324638474837026,0.16467759513792,0.11111923006993511,0.3304409718674785,0.01656006210577118,0.025501569609252886,0.07998988913723604
0.17336404556432475,0.04923205103398862,0.10200699807085777,0.054963589276566666,0.09882548479600345,0.08036585145065266,0.056168798215250816,0.1556897696515582,0.22938341194079706
0.13774402665123212,0.12288733847475153,0.05242464888133907,0.0893957417559313,0.13402026859268323,0.31339356337927843,0.10050864690152812,0.022527690098629972,0.027098075264626268
0.18691463569289543,0.08509507326745537,0.08709245563155261,0.08709584323612728,0.12127955060790852,0.36455562560326843,0.03971016890925678,0.013610395964306491,0.014646251087229117
0.1508053951758317,0.2589027302123051,0.09904809401604497,0.08656903628835184,0.13874328244274833,0.08355830867837133,0.0739697847153759,0.0572937441859027,0.0511096242850681
0.18134986548430096,0.1368044899371528,0.0676489685212407,0.06578505758851376,0.1311876887945602,0.2050206603710595,0.03933520546936389,0.09566941574325055,0.07719864809055767
0.07815653551944415,0.13046977436101848,0.13740458093442878,0.15946524380833363,0.1251579520826672,0.1496302626471662,0.045681919327195196,0.018306360254919586,0.1557273710648268
0.1237066529647372,0.1246077539756379,0.01700770118992392,0.011468941357986687,0.0995629467252062,0.18604731874997374,0.21408963321177202,0.1632545552299742,0.06025449659478809
0.1417391327910074,0.02497429604506837,0.06953905013940381,0.09758641707014494,0.11155358307383366,0.39431317700591434,0.013565063363770566,0.12727948743330406,0.019449793077552884
0.15603719240699726,0.059312513049012645,0.06810187462253708,0.03176104613119319,0.1296129947270052,0.4178360903934542,0.034443835150337214,0.06623717737195223,0.036657276147510874
0.12106789931957411,0.027523850215469114,0.14492809205938603,0.11856871447640294,0.1064655081045477,0.4157162083575878,0.016969840322520705,0.03647358674730845,0.012286300397203229
0.23136685528183162,0.026720058912101417,0.05940396498975354,0.11432739124303715,0.10528546378543426,0.029788142715234472,0.3023699263924404,0.05867053360682691,0.0720676630733402
0.13945076329043174,0.20883516210484734,0.029121538234137673,0.03225124491083895,0.09882531154533993,0.01486664351283084,0.056231124510101545,0.025611126850221336,0.39480708504125056
0.2597797182510446,0.02908209582981622,0.0390442950900619,0.03891227790149565,0.1364474735698913,0.18732966974190132,0.1343779496333419,0.14727453738748073,0.027751982594966352
0.11372110006860785,0.11827000126033536,0.028300288141148478,0.3696724374110867,0.11418288547475446,0.05059142117231925,0.02590097552420181,0.04247671821477698,0.13688417273276915
0.2963188518462772,0.044007211474571116,0.01937991746186561,0.08175019121540274,0.10897878915191463,0.2906949417564109,0.018750375942966874,0.019904896662135074,0.12021482448845573
0.13618793827210848,0.04798890830453062,0.03383984913472839,0.064556509577493,0.13922567732854038,0.37456511004358334,0.05359870471220241,0.09918590292753304,0.050851399699280354
0.15535567651310206,0.19272789094913353,0.03202839250012792,0.10809947604053953,0.12337058531569063,0.01179322697024631,0.06666425970558669,0.18216659732558785,0.12779389467998548
0.030814963359297166,0.16108520827489833,0.07108356536000666,0.18141009506124006,0.10646156890234092,0.019436639798378137,0.04254359867191887,0.1754867284880246,0.21167763208389534
0.10111804398532347,0.12938824417793068,0.19550115383281863,0.10239385667901996,0.10593735661261551,0.015251527563965429,0.11367896896452433,0.0876888032104269,0.14904204497337503
0.07465692030054538,0.09720043443502961,0.20746384141482263,0.08199810140174466,0.1118647177706114,0.3281412088702863,0.06529723316674528,0.01631429533299799,0.017063247307216724
0.40689177289082706,0.054627534346681265,0.04660107490067067,0.050243809625151604,0.11038339865522788,0.19029099630536325,0.02465285117466535,0.09514516341683049,0.02116339868458245
0.05394123164800781,0.2755353204115476,0.0809617724752356,0.07992621593849925,0.10794814164094191,0.07844794782706684,0.04168387604041555,0.02926216758644846,0.25229332643183705
0.2051329580845931,0.1502332403224279,0.07812582359192748,0.03629966947134561,0.09859272521525064,0.21648703153610718,0.01398190326009305,0.03544199504802945,0.16570465347022564
0.11271889276069041,0.04559987988561017,0.04164976825240745,0.14118440221329043,0.1282735843323141,0.14433347341001468,0.06056324275120963,0.19417890386555212,0.13149785252891108
0.0641088822855508,0.1488598264838359,0.21910334469865775,0.020118255939074053,0.10623390986408045,0.06040125473577628,0.0217341995450957,0.24645416090802,0.1129861655399091
0.04711121184109243,0.05204263969570306,0.09961596871564195,0.19452170376823763,0.13079702278174588,0.23546024661546947,0.015109582028691329,0.19325326434027568,0.03208836021314257
0.106623059481878,0.024065048723256367,0.023151793573823815,0.07170306369667086,0.12288888868099879,0.35687990458855157,0.10651941890397938,0.127074570011395,0.0610942523394463
0.07596058950678171,0.05850924801972066,0.09944542113498898,0.169572937664475,0.10956823820743367,0.027512091383863593,0.061255359772982326,0.04993429835945973,0.3482418159502943
0.05172697987379904,0.07122997283295922,0.06848567077406982,0.15068641909223804,0.11797223262076424,0.03790757143939293,0.1651419721352314,0.14187916172887424,0.19497001950267104
0.09721317343166315,0.08130329577789179,0.1356240868929308,0.09104564793716746,0.11080341675732909,0.38744569372224374,0.03814928846263148,0.02929318047417238,0.029122216543970098
0.07063410479778398,0.05441008752668965,0.12596184959620674,0.3317860859852802,0.11951906350170272,0.06816034206191847,0.13713262197551454,0.02778857227496363,0.06460727227994005
0.022805252928063374,0.04637424290252631,0.022786237812857723,0.09640448697838833,0.09818688888848215,0.03548232558014113,0.5564188642683963,0.06666104978172947,0.054880650859415236
0.11364698293689257,0.015428672379209944,0.08520532139300933,0.045395823519421785,0.10954255410250631,0.43425310240241916,0.04408155030293335,0.13250870800533845,0.019937284958269106
0.07987953902150417,0.056217727582132206,0.05962260778292814,0.056436297296426206,0.11006407058327822,0.08440546734989275,0.1890949192721917,0.14933991046320425,0.2149394606484424
0.0589746818189599,0.10269266011586843,0.05797450015526587,0.07404448993909002,0.11412518127595618,0.4395852680227501,0.07381641716236972,0.0479467499308971,0.030840051578842714
0.08867842347242814,0.01771160610207817,0.0618559924401405,0.03280934128355228,0.12880159196493138,0.11298198132616179,0.21165548454162963,0.23675203715830087,0.10875354171077724
0.024042444210303302,0.10415478187119216,0.05759257954371006,0.15588589818841445,0.10518611300368758,0.044589402025119663,0.14493881085546703,0.024242138464686272,0.33936783183741953
0.1554741624808997,0.023459227421700233,0.07897084422303265,0.14310207204266853,0.10683325102045078,0.4071668098635362,0.033719325557468545,0.040492714850132644,0.010781592540110555
0.19149900194912137,0.20654688463363524,0.021033443407691574,0.02166628792935195,0.10494354799155227,0.08633489887422462,0.0949981460804666,0.013924822613777338,0.2590529665201791
0.13721325571103918,0.045266356299990686,0.021244410667014168,0.10887784283701601,0.1374325370372231,0.3226465818616178,0.02773226698033296,0.11541747360117383,0.08416927500459222
0.157761598767886,0.08470762183505083,0.08242495687330653,0.027783299943829443,0.10750281247760773,0.4221224798905494,0.027789310586001887,0.07733335920110002,0.012574560424668353
0.07166060481223982,0.009993693305427077,0.03523645263050102,0.04531973813893672,0.10236789432021882,0.22125029837929744,0.3554281884268516,0.08951172135518122,0.06923140863134625
0.15397846449404842,0.01935348054105425,0.04792293646794183,0.08948990652650579,0.11522631726547826,0.44402161513338995,0.061606940455097216,0.018194888114736827,0.05020545100174748
0.08445043319454203,0.08062120040043257,0.03206792158149074,0.022435765009512876,0.10702401086837539,0.03000652853086354,0.09862511224613335,0.1579047395674452,0.38686428860120436
0.2949215450966903,0.021648699050279524,0.048690236313024916,0.08818850758756076,0.12570705829882478,0.22308795425145045,0.04977520803429638,0.09490486900332235,0.0530759223645507
0.08820047742600957,0.1738109708604995,0.17562084195121444,0.042040098645929835,0.12606846188348778,0.19846609809076973,0.016436193795703158,0.1534446930477129,0.02591216429867302
0.03471029917122882,0.09292130752655015,0.14078822594276177,0.1279724617466545,0.12160501070319596,0.03450370715844167,0.14955562999680905,0.10986140652743796,0.1880819512269201
0.0937162912669391,0.2709051011142576,0.0372399036057349,0.12799006483828326,0.1282108284140141,0.20166320808679286,0.04182550835546755,0.04864818924807249,0.049800905070438134
0.08404674215165443,0.12286240893916626,0.0646336536555726,0.0836456555563374,0.12094105690007177,0.3927196472319059,0.01661462588750138,0.07981428695626719,0.034721922721523225
0.31455959182578086,0.019039599207568092,0.14902052230005317,0.047447712209728855,0.09634288503616313,0.2932618325542841,0.008061702764876085,0.048037547493821386,0.02422860660772433
0.20640804665334558,0.05259768527770577,0.04587381396122719,0.06397876551795914,0.12873861494385289,0.04137362377149514,0.24188894964636684,0.14798440167333984,0.07115609855470767
0.05695889699914674,0.19191035577552248,0.10151423421058774,0.10899986444648928,0.12732386970270249,0.043129645981952236,0.09430636821131244,0.06305065365135633,0.21280611102093028
0.10988219775498896,0.05815247937496554,0.03133649711810336,0.2585053741086622,0.11195913389309957,0.037176346671920935,0.15838764679661252,0.031602229632538864,0.2029980946491081
0.16095143311089238,0.11463372556570883,0.055476353299565184,0.024272438895122216,0.10310059016366324,0.44911836511931136,0.024730753383764865,0.02940345236580201,0.038312888096169985
0.04117033469129767,0.07991334541632034,0.17636756919631047,0.1222901714163472,0.10642599573299949,0.04993057576652727,0.3446951230718174,0.04347057951032865,0.035736305198051536
0.0998024392245515,0.08608375383869421,0.13041881799036711,0.03534993227684219,0.14745653986684568,0.17943947499940452,0.06603025011040649,0.22052891615834413,0.03488987553454428
0.32215297640571416,0.06393010829792138,0.04383404474918012,0.03908568808572673,0.10601641802649596,0.30456859478331194,0.008382177542972968,0.05837608413673162,0.05365390797194506
0.13235135132628517,0.06363550831454633,0.10911229497167745,0.053636036108555475,0.1095057022102024,0.42988271488275237,0.005375944423559826,0.0373310831076536,0.05916936465476752
0.03261853784426097,0.093963171128223,0.1373057316371576,0.04239904547427165,0.11400959315784713,0.09902731567681207,0.03747721468170245,0.04062704552883744,0.4025723448708877
0.18266472808858128,0.07320804925588241,0.041664623436020655,0.0674471203985144,0.12790879944216557,0.3533866070625366,0.06668635585964806,0.04920284565934405,0.03783087079730691
0.23598191192152215,0.05846187742139267,0.009154697834928033,0.04520478169870282,0.09287303221561953,0.025005212568129626,0.1065909011737101,0.24419673712997905,0.18253084803601594
0.08764316802537708,0.06001089089663302,0.07735036922765665,0.07171600378151277,0.1353148012388812,0.06086763172641876,0.1455168688457996,0.14818523112448756,0.21339503513323335
0.011905058694825964,0.07291429838362733,0.42663404570049684,0.1514105906062514,0.09561650829233546,0.04963479405408309,0.02376276297218247,0.13389195153023353,0.03422998976596398
0.034647671748895034,0.03228548325723609,0.12721496958646336,0.0682154576485684,0.09671845794188315,0.03345688586251531,0.331118627887019,0.19202529615093145,0.08431714991648813
0.1185706141456433,0.08735150394519554,0.07011794512147877,0.19199529794503145,0.13446825887442534,0.2184454896668069,0.0271252196975932,0.12217352828456728,0.029752142319258292
0.09674459898643001,0.17825113906856602,0.14611830305091952,0.08101605430947034,0.11858657325894627,0.28600979142732547,0.02269419056734606,0.02985470458443205,0.04072464474656427
