0.19310392953341335,0.11918897666455432,0.18295971620732923,0.036800133542259965,0.012178598583820735,0.1605103616488734,0.047403844402003466,0.1754563309285938,0.07239810848915172
0.2371672160312459,0.11851733356365725,0.17172657881487183,0.04443284219247079,0.02499293797790705,0.15957088365142388,0.06493405068152128,0.11598809917775482,0.0626700579091472
0.09734977893502748,0.10146088842255084,0.14607483714192446,0.057456182877819284,0.052378826985157105,0.14289439472074253,0.1396552774802742,0.18014580447236325,0.08258400896414085
0.16746716678599252,0.11054465125007236,0.15982085025199996,0.03678288827386545,0.06655169735504497,0.06920135447974449,0.14481322812327227,0.1686348645678697,0.0761832989121383
0.10049664612411746,0.10675114781204169,0.12008900159155846,0.10961269956744558,0.08037299770133614,0.0911664566029477,0.1794770254839759,0.15868693861387795,0.05334708650269906
0.15943260837306655,0.12716779627560032,0.150432545990991,0.060952332533372566,0.06745705018727266,0.05760005933466755,0.15747936581086655,0.13081025409691924,0.08866798739724353
0.09070053705648291,0.0679600092400653,0.23343717778856266,0.004577903876400231,0.3279985771350995,0.10950031709482795,0.10525113461026088,0.042035488606370096,0.018538854591930463
0.23984978924173786,0.11662903337940302,0.2119785885969517,0.011783360577646007,0.010976009811981583,0.18187424837338417,0.026839267233182865,0.1230118684348316,0.07705783435088112
0.15487915482800155,0.12790468649860856,0.13352433468199415,0.07867139476595421,0.14524829279093657,0.08212787634736494,0.06944474336758849,0.16004934938647322,0.04815016733307833
0.1918747411482847,0.15146138341936505,0.12161170367259755,0.09924900459180515,0.0638759004781212,0.14428486610253502,0.05002189644148067,0.11677048538108936,0.06085001876472137
0.14943563034988902,0.11982325243295304,0.16792998971550266,0.044352959978202024,0.02861575028899425,0.1813387427126625,0.12958053414232282,0.11959096998637153,0.0593321703931022
0.09502034591951318,0.09696347808888621,0.08019452621108537,0.16751402480615088,0.17316423122680116,0.15668498797268518,0.04315806659330785,0.11087579337534519,0.0764245458062249
0.12251931889943905,0.09773785885483278,0.18702732726727556,0.021558793047732335,0.16681233992327904,0.1254725467021188,0.16833529511996118,0.07300789159311394,0.03752862859224736
0.12162738493764813,0.11613798547816252,0.09188838992304044,0.11236634220824143,0.22992890823067125,0.09419721635263696,0.04625584513169397,0.1366857228379484,0.05091220489995688
0.13517075701817324,0.09718363395659062,0.10123880127916103,0.16233160949693853,0.1317251330530351,0.15318972933640293,0.06669028047517717,0.11012007879779924,0.04234997658672213
0.22720957183835935,0.11275195361924235,0.19657897933523774,0.03289069415538158,0.01628869721367039,0.1169576827102717,0.12212903897584211,0.12650597537163746,0.04868740678035727
0.1110552352014197,0.12939848847312374,0.12838180812050348,0.058533269320100556,0.10334229925304035,0.07463064504008425,0.1936633142487605,0.127670063298552,0.07332487704441552
0.124120701639714,0.10449848504213738,0.17594999852958781,0.023851421164343745,0.1950666756634948,0.1271907462421693,0.10560703885327787,0.11051854784428818,0.0331963850209869
0.17178312819019825,0.11293211286284939,0.15413656254694705,0.04888441054806192,0.056155631911415003,0.038242758675501747,0.22164119200762603,0.15124026603714144,0.04498393722025914
0.06851479047617036,0.10549620881820965,0.0983360885301217,0.06922538322966186,0.21364300324141794,0.14529435202906107,0.04608390517456213,0.1425154229687052,0.11089084553209001
0.11393811913937513,0.11081858399606943,0.11448353023819213,0.07383543368785658,0.04978201214504783,0.03765286479295227,0.2996619433634576,0.12804716039586958,0.07178035224117937
0.10020828725914264,0.08881218791960371,0.14207573623329153,0.050379971591090644,0.14611008680497772,0.02530588875957145,0.3180506743997621,0.11318447446015532,0.015872692572404788
0.119587492751817,0.1047513881952365,0.09171650393977286,0.1777951054732697,0.2024223616387091,0.1019597536344606,0.08466973934569755,0.07312927534888962,0.04396837967214701
0.1624315648665219,0.12092798317221477,0.12505727374525166,0.09297402568463814,0.18176479162004885,0.06279609544300978,0.11822017447339239,0.09967768637631569,0.036150404618606795
0.17469299505936586,0.13909194292125115,0.16309348834122525,0.048149650154920696,0.020240618942422985,0.14225023042052143,0.060775571305314385,0.1608908418339747,0.09081466102100356
0.12070498772929956,0.11688383232232091,0.14878200349099183,0.09061705135830972,0.04866764474285167,0.19836507230464703,0.07526031848966959,0.1502898650420908,0.050429224519818884
0.13146669792501026,0.1139776625460251,0.10508124900865527,0.15477703209715005,0.06627942887597417,0.20388264482181284,0.0758037364297977,0.09689489197507371,0.05183665632050094
0.09487096240232003,0.0973921676449912,0.09922261971572337,0.1883397587460863,0.03520609425805038,0.20286131616473177,0.07309415699104847,0.12022506596510311,0.08878785811194546
0.09904700014462857,0.09705585263391049,0.12199448919250196,0.10405501356768225,0.11744413407541111,0.1777325305644283,0.07261974585222421,0.17394763141884692,0.03610360255036613
0.10883202393862822,0.1085668816244841,0.09500311317702226,0.15203148961760413,0.09376183274836497,0.11954610059448505,0.14604449716110343,0.07081454702405131,0.10539951411425667
0.13538122045475545,0.1342394108289854,0.12386069522383732,0.08090304345630504,0.14150319217793803,0.05880132305754134,0.13392016043671573,0.11941215648791502,0.0719787978760066
0.20090946277052782,0.13712989859173727,0.1319728687731819,0.12437510948979842,0.046180506183915476,0.10629593071749845,0.07850196864485239,0.13484437682113548,0.039789878007352786
0.1645033861276234,0.13573895982658044,0.14402066504394398,0.06744459849748692,0.1575706129730993,0.14678651363685205,0.08255776518736832,0.07849591987132151,0.022881578835724118
0.1161716812764683,0.11632802122011092,0.1290280426044087,0.12969769855056343,0.10286328794289405,0.0565665576160494,0.14157647036939278,0.1478210946583566,0.059947145761755805
0.1509654828648934,0.1191570119948853,0.1087007588757003,0.14758805246389556,0.0992019248657347,0.10855020742738386,0.11277932015212737,0.07732083261266649,0.07573640874271312
0.2314724830647749,0.12311427569164574,0.13459951713076337,0.0634950073121907,0.06138696620130862,0.1529732597366895,0.05352352530411179,0.11663413224912376,0.06280083330939157
0.08949040304938005,0.11847544969276413,0.1038934690465682,0.12461770713925592,0.128641028618936,0.07305375260163714,0.16447858996922235,0.11997800257327389,0.07737159730896233
0.08117239752732097,0.10731505830577732,0.10183837250548772,0.08941641415406804,0.16705835896411694,0.1870148998164544,0.058853231285759,0.07640681682284499,0.13092445061817065
0.1047817215271006,0.10850683034170094,0.10755424052289762,0.10244637032887316,0.10135677665587177,0.04972388494101689,0.25377416197396807,0.10075761165169518,0.07109840205687575
0.16618533249565415,0.10653418657330739,0.11348551028482363,0.033860834743176034,0.03826121801906659,0.19379208135245352,0.03654342713745336,0.15492248601146066,0.15641492338260463
0.171149613928837,0.11959763560065557,0.23303108915256013,0.020951074808099653,0.12136631646125555,0.1754111345010815,0.04855464511633643,0.08441394132999556,0.025524549101178535
0.13085412401745444,0.11522237053594393,0.137631008178137,0.09422841873257161,0.198206764360355,0.07627253567493254,0.04430080972172471,0.15634121686563973,0.04694275191324101
0.15048164438593845,0.12268384883076018,0.21292841461258102,0.031208356984292338,0.032699026888958316,0.07205960104703574,0.1054764410239817,0.23337802032665775,0.039084645899794594
0.0916420851470322,0.10812427838622851,0.12142539223967426,0.1010987268447071,0.16121824477191768,0.06396614142989106,0.24131925960681064,0.08032814745205484,0.030877724121683655
0.1816947826982198,0.14298461957996855,0.16778527365377557,0.05277692403111937,0.03220150740010481,0.1256021402763563,0.15384343766946215,0.0971873620679679,0.045923952623025545
0.15048900461187883,0.10283266218745953,0.1200725030725615,0.11538361586350852,0.08459320077767464,0.15421124722892635,0.09397935361407173,0.0931641525254387,0.08527426011848012
0.14264294292379645,0.1191282365995997,0.13855459672940418,0.11442244011086967,0.03666858581496534,0.1262296771721756,0.17292668543237802,0.08543704394502773,0.06398979127178325
0.06567368278687323,0.08752719683384685,0.13753519078399,0.025379903142803705,0.3927131069221495,0.10706719993114457,0.07688524936643269,0.0767397759951313,0.03047869423762807
0.22109750343086246,0.13112351841583428,0.12584958365691193,0.054446301292310956,0.04597492617289962,0.16354644427955792,0.035083633500997434,0.13932860010514794,0.08354948914547751
0.1244391799368153,0.11256539642811898,0.11561651650854816,0.11872320930518572,0.046174125345965704,0.19133857103969362,0.09416640087269858,0.12631168943818014,0.07066491112479378
0.06807703794331627,0.055304551851076446,0.24374555620872637,0.005676536053660059,0.351184695397329,0.13245007250836752,0.09359819292273698,0.03576133421514348,0.014202022899643807
0.14042777482252816,0.10776952277883085,0.1275666561208703,0.1041288380462856,0.08747721651013801,0.07358035122583792,0.24968024769336813,0.06785837196546557,0.041511020836675454
0.10489209323750708,0.09760041515289236,0.13194476372135433,0.05975882382248471,0.05926900217817855,0.18855871790207032,0.10946554845123367,0.18389339401542815,0.06461724151885088
0.0790475033730598,0.10367256634626641,0.08589245935444752,0.20352981287704533,0.0669056764215115,0.08998476713023056,0.0672360086846398,0.09923392927661873,0.20449727653618033
0.18875030416118468,0.12943652208939296,0.13277604743806787,0.06912417922717747,0.045455599328003915,0.07075573838490952,0.16893201459257343,0.11655562252426528,0.07821397225442478
0.11551497189687043,0.13156930144878784,0.11304532035853454,0.11817398924541311,0.05824862988561938,0.1090161846077876,0.14079383038855756,0.14945580733968322,0.06418196482874639
0.09783778601528077,0.11198740209562079,0.0822048296486921,0.15445378238923854,0.2837515108457129,0.05411773452446644,0.08225776828765724,0.08276281402094925,0.05062637217238197
0.074477147635131,0.08445403709997247,0.13309450299871342,0.019786255809519496,0.02973974655247023,0.024285033295364317,0.38047919486146714,0.17665592433611446,0.07702815741124748
0.09224545105181318,0.10911977174876016,0.09936026453851753,0.1638990420484048,0.10735361355697542,0.07208625695318616,0.2427916608002967,0.07514369849380473,0.0380002408082414
0.12310053333317045,0.10639322415793838,0.09400362519002048,0.1367212977790777,0.2580515693885287,0.0867033932396804,0.0747714603465128,0.09393551045518707,0.026319386109884033
0.18265261258924523,0.11585181186133732,0.13828800848179726,0.11724152634041973,0.04753517607176213,0.11445259944294368,0.11460861486046843,0.1072439421097085,0.06212570824231769
0.14319094193078016,0.1229041390778904,0.11516934658524951,0.13166319191373552,0.18781981759276023,0.05301763025338852,0.08806873231263797,0.1168679522302113,0.04129824810334639
0.1650007181396014,0.12611326732401146,0.1141290287754929,0.14451139042372316,0.11811647900092696,0.11925316561617473,0.06364286078929392,0.1010765923740134,0.04815649755676211
0.1866344612887211,0.1358076636140596,0.14137005079223927,0.10057273624014657,0.03446678606066999,0.1812226120033217,0.07142036908679443,0.11032541134666272,0.03817990956738451
0.14602741755888723,0.10822735891921975,0.19425752023962184,0.041922428980244945,0.119790901686058,0.09970414572636573,0.16600589961176845,0.07201731717334113,0.052047010104492954
0.17858036200857116,0.0922139242122249,0.16894121396147613,0.02842320041144415,0.007271151002251696,0.23738841612043182,0.039612277880503144,0.16848767038481727,0.0790817840182798
0.16648109142354608,0.11793520035509075,0.12382312658456614,0.04601975586767323,0.24771681423018496,0.05815088382077208,0.04123227294275177,0.17296692647945608,0.02567392829595891
0.11795340409007866,0.11814639610726156,0.10032391144244684,0.10139347299397213,0.23456886688983034,0.06431965236205589,0.062231555898334366,0.13788505450128052,0.06317768571473963
0.15072855137840332,0.1064661483164867,0.13409051657399493,0.07129119675015788,0.06706751951767993,0.1394944124244094,0.08394623618359792,0.16013195961136054,0.08678345924390941
0.0949992442684802,0.11651118177598578,0.10393986100097292,0.12572195359884342,0.28733761269274377,0.09286389545190125,0.07520898978851563,0.07456637110465873,0.028850890317898215
0.10265129446694025,0.1037717747272352,0.15613224826575023,0.030476416396114855,0.036854329158862505,0.08336350934275161,0.15318733834222106,0.15112854757876068,0.1824345417213636
0.10592013586292492,0.10687959330204276,0.09170189098264643,0.1698422535585377,0.20302973601933508,0.07916679809206732,0.055524203247925424,0.13591874156682218,0.052016647367698156
0.08966858223074829,0.12351141162342573,0.13157543822932363,0.07880525311849151,0.1669222561005408,0.08200685627684123,0.15581053146280013,0.1509342029092481,0.020765468048580538
0.1288053621629036,0.12301601395940077,0.11738030847709806,0.09419276283509959,0.2376695540888818,0.10493047737463301,0.04996061234689964,0.0902758046798791,0.053769104075204376
0.11638032943071379,0.11065956675352323,0.18586900647698804,0.028322587467067683,0.048811924539396416,0.1164849721873043,0.2282875894395819,0.06324375131507237,0.10194027239035224
0.14816752600689773,0.12156320320669335,0.10947858632863032,0.1421071955893988,0.05394095862277823,0.1717629021290643,0.0839056521317821,0.08784098627849661,0.08123298970625858
0.15582311206416563,0.11585042008798563,0.11629102318555552,0.10475041659950912,0.1791282624305143,0.05466107372513907,0.11336613508595476,0.10141234179811455,0.058717215023061396
0.144863299109825,0.1192047004180918,0.10787253694971688,0.1171843066645239,0.12305197230968494,0.12582216737453608,0.058564306504592545,0.09528903791908354,0.10814767274994537
0.10152121781749529,0.12303886208054089,0.15922439942142888,0.037867481865731335,0.08505533489980753,0.07633304509325019,0.10296937628778051,0.21938015511251505,0.09461012742145043
0.09267644884445968,0.092504054066953,0.1429495000049889,0.04868851009280875,0.06766004829826854,0.0287631454998817,0.38463630190900844,0.08895963332448308,0.05316235795914792
0.1636987382542633,0.12552057201155406,0.10741345946253751,0.13650254631120404,0.09492023929657978,0.1495936208745938,0.06304713375505516,0.07771205312210837,0.08159163691210398
0.08359654174869514,0.0918020019895205,0.09193056170358903,0.1488699488685367,0.09451254639777645,0.26079920636359283,0.10021582623677013,0.09501360478520371,0.03325976190631551
0.26290514697868145,0.1539280858975591,0.13044379542530724,0.047372090241956516,0.020269989477380006,0.18024888087497168,0.029593267609521013,0.10317194074784165,0.07206680274678137
0.16208919258345503,0.13503848085917575,0.16022232836968012,0.04941033615000682,0.0390049332051461,0.0851513632605292,0.17110731787814815,0.12572932915819954,0.0722467185356593
0.19318972879779786,0.1253656913215834,0.12470152431389929,0.08239814745707606,0.033926740866930614,0.19822229438934333,0.050168772629206826,0.07477547429904698,0.11725162592511568
0.0838195106740981,0.12722590900428565,0.10374714565278154,0.15209855700393618,0.23598084651000872,0.04068958001626192,0.09371357066127232,0.10238178990513798,0.06034309057221757
0.10143381894349773,0.1268820898792156,0.1266242968797234,0.14815768401893709,0.10830426646298925,0.10127564883866584,0.07378750597445585,0.10018435242575585,0.11335033657675932
0.13106348175113627,0.12415065302811124,0.1539484438693968,0.14881394180684335,0.12897389726457156,0.03200812040963427,0.11262330393438676,0.12629523346713842,0.042122924468781374
0.08760459353691864,0.08636786105924553,0.10658755039326022,0.047046194849419805,0.4566198225967903,0.10568051073082833,0.03596130371213269,0.05606222991419225,0.01806993320721232
0.12907229145885116,0.1218001385408376,0.1562754752630951,0.06540432695261542,0.1600108611689138,0.06856465494338028,0.1068893780897401,0.1641794627031403,0.027803410879426237
0.2370233782765249,0.147770159208188,0.2714659215302716,0.01626308639568574,0.04736943188382351,0.06007093020127754,0.0824463431856635,0.10229728915739938,0.03529346016116589
0.13280783517161973,0.094668778890336,0.1056010918349057,0.11380940743651329,0.07571074111113317,0.19488051749985283,0.07396232398848478,0.08509994516513951,0.1234593589020151
0.1688086338024176,0.13309501783938885,0.1426548035219713,0.060447802970520305,0.04393346909180484,0.09042090808951621,0.09874029274734247,0.16900345313643741,0.09289561880060093
0.11456012215387106,0.10357940529767208,0.08096731713256024,0.21480972964858125,0.2352968638180493,0.06349959201809234,0.04958303263870956,0.0995996694554806,0.0381042678369836
0.16807045364726847,0.12031481622452271,0.1294762638132961,0.08863335129904082,0.07371443170146745,0.1336521070029317,0.09088156800739328,0.1446175120400691,0.0506394962640104
0.13508575963165068,0.12832722501269167,0.1081076009229603,0.1532478194494483,0.19267243351690708,0.0604881243929854,0.05442630470819922,0.132424559145223,0.0352201732199344
0.1309153017960983,0.11871464776825445,0.10421617109084691,0.13447797723599586,0.15637618226058278,0.05055201302432296,0.05947081118440812,0.14642016489520204,0.09885673074428851
0.11787694511049268,0.10733995832257208,0.13268395095782307,0.07914682514886201,0.18415966142063536,0.07425569984572876,0.10633308495085635,0.15095678643306717,0.04724708780996243
0.10076361428058633,0.1075454305627942,0.15836960428767347,0.030249104737199356,0.04051586778077425,0.07497454656865084,0.2427962913251848,0.17009972113301516,0.07468581932412167
0.09457451635686948,0.10251860680122743,0.1296650132222005,0.06618079448482046,0.1733049814329375,0.1485707333381913,0.09722332068078798,0.14821985726041498,0.03974217642255037
0.13119897368605418,0.1246538667536361,0.1152132096483645,0.07848455683357505,0.11905375692610369,0.06864303100836318,0.04817701724857206,0.13792784171209113,0.1766477461832401
0.0892133892389587,0.0880215784227711,0.10918721753656428,0.05325675013138625,0.3719884255491614,0.09689373736319802,0.10674476153081319,0.0525582145666352,0.0321359256605119
0.12423133679859537,0.13050142236156673,0.12125084844215388,0.11270743958272095,0.1641676279281402,0.0625240159939933,0.09985432821843954,0.11255041865130505,0.07221256202308497
0.09672728482207991,0.09755023947926227,0.09370221223939111,0.09682049524026058,0.3363188974942664,0.06679283448864975,0.08517455164546998,0.07913079788492712,0.047782686705692835
0.15038056419671786,0.13462625914370654,0.11675374346557814,0.10967622910301311,0.0405417463168562,0.13459882634981268,0.06552762791975429,0.15600713055242488,0.0918878729521363
0.12879204034204653,0.11125619685036203,0.12453204005976333,0.0785987472076836,0.044421768386807566,0.06915288544086277,0.296538279467679,0.09688859793733623,0.049819444307458854
0.1441839839930731,0.1173981672522914,0.12014646185573552,0.12113546524654639,0.1179163983148812,0.09929895283843415,0.07819035179526886,0.14683599179283782,0.05489422691093162
0.10327616937795238,0.096485011685779,0.15689261492336393,0.027569592347016614,0.22452762241346869,0.16248295102001495,0.10753056578906482,0.07260929232467223,0.04862618011866726
0.1625945292347924,0.10910803406643892,0.11863224208125296,0.14128885058852625,0.06408446032288481,0.1604185019757127,0.06711394113778678,0.09064524439386411,0.08611419619874121
0.07211804209078321,0.09805784213486346,0.07835633234948297,0.152979977973194,0.09461432116265112,0.16778859175151753,0.11930713754247073,0.08991712212318126,0.12686063287185576
0.08292138783221971,0.10976672480613497,0.11946937861881428,0.06487747189548256,0.25128827922591973,0.030123717309275013,0.07843444262422393,0.2287636593290375,0.03435493835889228
0.1580562238331334,0.12014541717607856,0.13874216895183825,0.04796387002739499,0.05577322949619926,0.0605349714017907,0.14709263287559618,0.14817169820003598,0.12351978803793262
0.17141199171230595,0.11924378171083581,0.3058912964952086,0.10834333306646947,0.04708787880385976,0.018423811638318775,0.06702627998256838,0.06614335261851031,0.09642827397192294
0.13563046991141756,0.09300203650397414,0.12120046617690199,0.03228094215749402,0.023761764988667878,0.2311075591142929,0.02797102169227787,0.17277754018585248,0.16226819926912114
0.12119176242289227,0.10751586416109493,0.1287670054013326,0.07045505817947752,0.1369847173516017,0.19523839919759114,0.10188921964633879,0.09247051298114939,0.04548746065852168
0.14019915519484902,0.12596695137371125,0.1164921094016859,0.1137718854397638,0.09794279867768678,0.1133382771335019,0.0856569398991786,0.10101976083680837,0.10561212204281441
0.14817802412982733,0.11936175992547814,0.16276504898518282,0.04960336172840393,0.04217885173218738,0.11563485177647921,0.22228969329855838,0.08894162073679453,0.05104678768708826
0.1100797396289402,0.12237976798892787,0.10570118955069195,0.13218255558358333,0.1334708763718701,0.07797938886720714,0.14825060553085992,0.10387270180241959,0.0660831746754999
0.2056804171785729,0.12840205399703872,0.1281415480525895,0.06969790872989919,0.0722356655531974,0.12665387704685996,0.0721195971437602,0.12963064766137025,0.0674382846367118
0.0965205366363651,0.09091841191992178,0.08322243824610284,0.1296239341251115,0.09219025804439519,0.25411589993679,0.03487216569521274,0.07268698293867713,0.14584937245742377
0.1513473882149554,0.12288438555715668,0.12226947457889285,0.0852490100556914,0.21257511361300618,0.1021308892809572,0.04314651348068432,0.12841285807740851,0.03198436714124746
0.10044332986947312,0.1004231200351694,0.11997777386174463,0.12008404981291661,0.025598824947931975,0.1619987114078456,0.11741899205547324,0.082779933932235,0.17127526407721042
0.14477080750653012,0.10437384071788909,0.16399663870972525,0.04664037585056035,0.13537935452140676,0.10033007279206302,0.16049813011230732,0.11150868577131118,0.032502094018206855
0.08181678862493791,0.12276111142150159,0.09354713906415252,0.21596191223394098,0.09342294672233081,0.1098734149429219,0.09163021130677802,0.07247201531803564,0.1185144603654006
0.2333976283418018,0.1382965272054764,0.1235564301772386,0.047866263514828755,0.04427807478013401,0.12489014763180833,0.050354858304675676,0.1324447248106755,0.10491534523336095
0.167098957425492,0.11027324782511834,0.14717913049590312,0.06980387636364375,0.09389605596980817,0.08667941094391735,0.16850690845137226,0.09288231998550488,0.0636800925392401
0.10061573251935839,0.11996407005061889,0.12523496021946964,0.07229531472073865,0.0699137264364155,0.08287138908503539,0.22585138639040755,0.08700588073037419,0.11624753984758178
0.07449693614391427,0.1037633542535305,0.08166319785826755,0.2137853634235891,0.23523519723589126,0.09801286806534738,0.06396051961054482,0.06833079693471544,0.06075176647419966
0.10301968667773727,0.10057024593356473,0.11319503123036222,0.08423600207735955,0.10314142826231454,0.06826982526623072,0.2997283571913944,0.09240587709572302,0.03543354626531358
0.10090929772067016,0.10992921409313072,0.0978999270706054,0.0869952241417045,0.11989652448519057,0.07826673832285073,0.08888633834691695,0.14134239024670514,0.1758743455722258
0.13088910914760654,0.11314084401670747,0.15870394659709972,0.05355351112615331,0.15559826866157886,0.08918983788396027,0.12428663674723824,0.14405795830045784,0.03057988751919778
0.10141692094516551,0.11215058230572457,0.0905260469458004,0.17392341061559294,0.2218219947997511,0.12770638648091306,0.06210963744108456,0.058041196409103775,0.0523038240568641
0.16801423842268812,0.14006737830559332,0.12337236096338827,0.1347127080872141,0.03393843981697945,0.16457774300777225,0.04081343323565546,0.11881773715519812,0.07568596100551103
0.14888532064558452,0.11838756011008549,0.1294056428561771,0.10377563510443481,0.14136455452274896,0.05792276744158925,0.0946347408570289,0.14176281132324434,0.06386096713910668
0.16499112514103936,0.13693247927804028,0.1460905928063426,0.08105624603808274,0.09130462334022793,0.13936336100349536,0.08976254860144434,0.1092221514148846,0.04127687237644272
0.13179120539511924,0.13380650338666553,0.1344193339598407,0.12090947175213275,0.02731513927139616,0.13699110568381792,0.12266333372097123,0.10819367079779,0.08391023603226654
0.11642354075878382,0.09836673141121414,0.12720838627784126,0.037738695804047685,0.31907373236711095,0.10812170372471268,0.10466906685285743,0.055834006995974045,0.032564135807457914
0.17082124040066407,0.1208510100998837,0.14327334564042693,0.09812088935503614,0.14464327938193963,0.05511097569316629,0.08178358462496514,0.15306813243177672,0.03232754237214147
0.1305186430110038,0.09886724346871362,0.11146464113921677,0.11217623639539191,0.03641992634030331,0.14508483120452012,0.1856718204222747,0.0975215563819915,0.08227510163658429
0.17507644941137748,0.11617944866873327,0.13911721059145052,0.07493604541070832,0.043807394349501594,0.11179981583505305,0.09893865660007006,0.14431177988225832,0.09583319925084732
0.07838378780134071,0.11181433873721587,0.08937688826219348,0.12550666558233692,0.2735794735883706,0.08782297908020131,0.05747018841073873,0.09632942303874885,0.07971625549885343
0.20410125478679678,0.12029240749165464,0.20889787301525276,0.017777768520801863,0.009224101221742696,0.07527677563286089,0.07142988725721368,0.2312034624578845,0.06179646961579216
0.1450811898386968,0.11810055240263528,0.1230720194238713,0.07105922280590078,0.16069103617423966,0.058109547938191515,0.1053028808329709,0.14628138986137565,0.07230216072211805
0.11986059223814442,0.10460398231464917,0.08303206909747789,0.19499452928874764,0.08367083762963551,0.14801808548107231,0.05498075648967172,0.0711647459139468,0.13967440154665453
0.21704176265420197,0.15994201021878837,0.13435035386114805,0.10756986160513717,0.010228922080809534,0.09560433788953689,0.04190753098735674,0.14567767296691134,0.0876775477361098
0.2190496989756824,0.12478498696693947,0.11091072584303067,0.10084003779770971,0.06529170626445273,0.16658122323442773,0.03962607815467855,0.11026356736441595,0.06265197539866278
0.10507781504229775,0.11063279177835768,0.08884718785829061,0.18802521134886271,0.14823245006525024,0.11728536618175783,0.0700321890922543,0.06679309734867296,0.10507389128425591
0.16020020954505795,0.10105669331951365,0.14564909234987858,0.0775230592657864,0.03528624397694332,0.14719098126450378,0.1999838094568099,0.0816788807156663,0.05143103010584019
0.07890095492084502,0.08105512199372904,0.11824566729485697,0.027736140929814895,0.3515531545090583,0.10993247910820243,0.1644501041295506,0.04575617028754599,0.022370206826396705
0.166415940334995,0.11386883285353504,0.13843698112881828,0.10260062559280159,0.13627445399866697,0.11519944564933608,0.06883673257354524,0.10770619439817307,0.05066079347012877
0.1205232620397796,0.11480796465334113,0.11240126075054002,0.1741465621970344,0.14811822846081024,0.08565137716350298,0.0921737032139374,0.11077389775192047,0.04140374376913381
0.16801251637041667,0.11842184234633084,0.14268178503201787,0.0743192624589025,0.1238045765987759,0.056851962944848955,0.1580842445155345,0.11355659265929881,0.04426721707387398
0.10373733375455964,0.12211139122354153,0.11076160686955887,0.1387496720400129,0.15424573973709244,0.09420694252903183,0.08619678049463729,0.10312203838071894,0.08686849497084646
0.1496788216417574,0.1046916468119762,0.10103740638436774,0.15376757263061894,0.09454166988754059,0.18038782916332116,0.04769754583776504,0.11507319562616776,0.05312431201648512
0.11341544896125005,0.1229335153050819,0.12703625993916684,0.13857622326549582,0.15195426464074788,0.036880704211933846,0.15721522050330808,0.11910641905378165,0.03288194411923393
0.13083760825659632,0.11133972354327944,0.10849514243185086,0.14102749589222444,0.06948201449729914,0.16662094773421496,0.08986055565198818,0.1409764205252908,0.0413600914672558
0.123524541996874,0.09714645866480687,0.09206645525027175,0.13111133954245122,0.05031236802131398,0.27610516050691025,0.0382372102945262,0.1103858333591509,0.08111063236369488
0.08727804583803818,0.12043531279710469,0.09980392308144047,0.10537876550102639,0.18670791284739263,0.14560271460389684,0.08444321022159477,0.08502841051353134,0.08532170459597466
0.13396458230881045,0.11786874980410551,0.09187391969618282,0.1418944152618686,0.20426334003392935,0.0715121437583251,0.10342179812429515,0.07693925863316019,0.05826179237932292
0.12055312796386743,0.11655925862778634,0.13179836449912727,0.08428715664360785,0.17269320309859193,0.12951754110943867,0.0907149339080537,0.10614062353913878,0.047735790610388025
0.0932787257230367,0.10965134104631043,0.0915603753419832,0.124889880914228,0.11100960674927159,0.14150511808929359,0.08854090827940615,0.11078098311765949,0.1287830607388109
0.09906740559708278,0.11992842319763315,0.10077126036660068,0.16728129415375703,0.1426667960425189,0.07789169464660683,0.14420003842677878,0.10404098268909494,0.04415210487992694
0.1758690131330594,0.12855504459412895,0.1268145430711254,0.12090111111606922,0.08662722849194597,0.1050050734330515,0.06318222726126306,0.14009541432825925,0.052950344571097215
0.16318180037686744,0.10448807818533806,0.14880419094440978,0.08073865025057332,0.09401761611651893,0.07796774217809883,0.20015791805778585,0.09302511617003062,0.03761888772037711
0.14167805064548764,0.09152392875873278,0.11326930726042772,0.14051756489415573,0.07478774653698256,0.1723565094440113,0.09220072281750663,0.11763931776229423,0.05602685188040138
0.1243323795975199,0.10447645009212807,0.11719830850422501,0.10134137657188168,0.11467189678298552,0.0719078778564373,0.213995258681388,0.10610295275449251,0.04597349915894208
0.12266229355873155,0.10221691680957416,0.0943303481033665,0.1545565803107809,0.16945045455738483,0.10978920150634042,0.09054560488933829,0.08079014429180872,0.07565845597267465
0.17257502267580038,0.10787035958222867,0.19101924686006524,0.01922071034608985,0.0325537114955967,0.13798543705499833,0.03973974462574804,0.22637307281794672,0.07266269454152606
0.09068631625952472,0.09160825922936801,0.07303390305802583,0.1482128460272329,0.3491747230199053,0.042118523858637326,0.09844150455345202,0.07622724707517435,0.030496676918679546
0.0633639755070747,0.04774904738831751,0.26285017277918005,0.0034507697860459035,0.36627257573970323,0.10234640754897663,0.11259399937336141,0.02974474802056969,0.01162830385677093
0.17184545858913347,0.1273896199692477,0.15791779561427308,0.09433975774921455,0.04452990504741897,0.13942343300150797,0.08792249834723646,0.13219889477637115,0.04443263690559657
0.0755918785032406,0.10152598915061435,0.07865539999495123,0.21363189397147062,0.2751613506857841,0.08614004051369989,0.05248951406847583,0.07465576500968414,0.042148168102079164
0.11093896033228857,0.11353489997251166,0.10285285530195436,0.112074862448286,0.18323244061763835,0.07850397507514695,0.14522928057655177,0.09448649833606042,0.05914622733956202
0.2262844700853245,0.11996177542662612,0.14130929119508676,0.05682697271557031,0.023112841248047314,0.16825555287386,0.08304632742920777,0.08763751956456749,0.0935652494617098
0.09796594830219225,0.10901692226729696,0.09377320439276733,0.14337447096003453,0.17277328499530664,0.06259110418801772,0.19453883086450166,0.07734923261361686,0.04861700141626598
0.10988452200098318,0.08895036212845027,0.1360473387131478,0.08683124386463671,0.06489942525097307,0.09639566613236995,0.29782060528162363,0.09937266051993358,0.019798176107881798
0.2792796168206597,0.14977342663987075,0.15955067382845764,0.02911037487690328,0.026641104883233176,0.09025920926783122,0.03274691886236992,0.17017738751966394,0.06246128730101038
0.15830217401699473,0.14668253447510685,0.13825990026769172,0.06722410587943092,0.17533235072468045,0.1340351508771875,0.05564498395261621,0.09971531829856049,0.024803481507731234
0.1260242740091265,0.08281994938598519,0.21158852254465924,0.016531607015723523,0.043501885271472536,0.3212087798967173,0.06052376411834239,0.0832203043139594,0.05458091344401391
0.1302681074806753,0.1135385897635619,0.11156063982014235,0.10993544687763122,0.07772412572957094,0.0656813587906946,0.2578303222130159,0.08480891771656678,0.04865249160814104
0.22385041253489593,0.1283039193991685,0.1470154976605523,0.06685979700547887,0.0383903998271476,0.13159013296980868,0.1175670082710496,0.0868321512288191,0.05959068110307942
0.09331069809067338,0.11186155785791174,0.10383300420326431,0.08206185737597531,0.22907818478899378,0.051051982527532604,0.16126868242857265,0.1266890010756724,0.04084503165140379
0.10708439180673306,0.09437074698623205,0.10690808446961701,0.12380066392750988,0.02737535000974291,0.23839295619197545,0.07473240220389447,0.09443897267315744,0.13289643173113774
0.13535957550570618,0.11708609579938821,0.10927183556820148,0.23943167938380824,0.06370376528144264,0.11276942183184767,0.054075841282700626,0.10209881415558841,0.06620297119131663
0.214995508323824,0.13345241311853193,0.16078426848624575,0.04132527621049344,0.01501486520563057,0.15064943122885752,0.07879825802850432,0.12986591386430787,0.07511406553360457
0.11348914350086999,0.11427042021016122,0.1520593861043928,0.056398557282814184,0.13018229955896635,0.13196944542744335,0.08527606229560263,0.1502298583680243,0.06612482725172524
0.13143007618831806,0.11992785584563458,0.10375939661878784,0.1268136430752423,0.1135475763257035,0.06289499285420375,0.08397072036137437,0.1579372182148705,0.09971852051586516
0.1558493084160949,0.11291190393994316,0.11990434872239812,0.10198276239385962,0.02405341960971316,0.13154336222027133,0.09846670958849942,0.09275848714902073,0.16252969796019964
0.09736247580410166,0.11436033691976717,0.09510389991027103,0.13795680159325166,0.17326698268511911,0.11783409209377553,0.0822292297976316,0.0972857263568195,0.08460045483926266
0.13635352318472374,0.09512735398697784,0.15633153716581097,0.06396114302715973,0.027970260115304818,0.09060449999821026,0.30476769537580295,0.08865549994492107,0.0362284872010886
0.08251821696541804,0.10057505039083807,0.14289219641377635,0.04701594630488808,0.15552922197845218,0.08753228962034332,0.22996321415842733,0.0852707987369683,0.06870306543088837
0.10182838052992821,0.107144385384979,0.09111284334637232,0.2019330013567614,0.19391003356973843,0.04468200274393038,0.1103528838376419,0.11724617500491315,0.03179029422573523
0.17171491993631963,0.11564639017113783,0.16721631731473166,0.06383685756625683,0.032122386535304734,0.11342429019594995,0.09494021234055723,0.18115189715089985,0.059946728788842295
0.07863480138667561,0.1189331533944785,0.08714216164990445,0.13362959856488568,0.24704152057010034,0.08736600938012963,0.09965686036839981,0.07309740770125737,0.07449848698416864
0.09687336994276007,0.1009905850595668,0.18572897127441612,0.03279080717733218,0.1361460232245508,0.10617859927671087,0.1843893072575273,0.10738759806166147,0.04951473872547438
0.1585150576794531,0.1044611304407147,0.11408147092646138,0.12809272852028203,0.12314358038190643,0.11907707547194817,0.07430976588506538,0.104411672481984,0.07390751821218482
0.13809954977989713,0.1272578122056066,0.11237995750963183,0.10768290217280514,0.03672899512275896,0.13468578232271913,0.06651967278450194,0.18196790389715714,0.09467742420492196
0.1369724714267572,0.09040369404164884,0.10847918945030388,0.10108501671405358,0.24800739976673913,0.09406513088694578,0.10703714018317408,0.08754536483777935,0.02640459269259826
0.12161138861236737,0.11570151270099405,0.13718400922074073,0.04210152275945817,0.14130090646054905,0.11364662858439796,0.04055099116510501,0.16690109112517348,0.12100194937121415
0.07623518979753778,0.10852442736465669,0.10713742358653766,0.13935084694771754,0.0904844269991968,0.11672490038819511,0.1120234990861852,0.15077077972114386,0.0987485061088295
0.10303459116479276,0.11580397813547572,0.08534956819469597,0.15072775194336632,0.22662289727965843,0.06110180197310025,0.12689453595984374,0.07575703876243789,0.05470783658662893
0.19069159195005222,0.1349993290012333,0.13220034399183186,0.0905733796927305,0.0294288546982374,0.1259666345946913,0.0597395149894079,0.12091086033814726,0.11548949074366836
0.1345914895111631,0.11380422100308712,0.10993755044484303,0.07063147586313999,0.0700403569614516,0.1160455346922028,0.06646241278882449,0.14751500502326628,0.17097195371202153
0.1782363505479462,0.12645909210558878,0.13987055518086047,0.09958829958342168,0.10198351501848284,0.07835374697020048,0.1280102445595226,0.11697037682702742,0.030527819206949563
0.2885508242052552,0.1506181514881252,0.18466540033038528,0.019370709383086552,0.010982426173245552,0.06290631222352477,0.0454017153886451,0.16652999791300116,0.0709744628947312
0.11345907827310958,0.08750688199119627,0.11470614731055874,0.07950302389434745,0.05724827849726937,0.21803240199819318,0.11171634908662038,0.14647743613771969,0.07135040281098544
0.17564716600263805,0.12564156827399486,0.1508119833708663,0.04840960160299155,0.021407028544364173,0.14562641205713797,0.1009301012457076,0.14479648599024675,0.08672965291205288
0.12077140094023553,0.10321358259683468,0.13346455569309376,0.1656838693609879,0.058951090628979456,0.09793686766305688,0.1815311352940545,0.11508583426047925,0.023361663562278204
0.10672095807564987,0.12803132703559808,0.13753737873880267,0.06329576890636401,0.11485157295567539,0.14759730680599503,0.08878655007389959,0.15765305982011477,0.05552607758790048
0.10533256317486535,0.12182825745580607,0.09460015446764496,0.17633958352343404,0.15008134601054546,0.10149253041477692,0.09312043598046187,0.08149344083445088,0.07571168813801445
0.20233346990522957,0.14352308698979646,0.13156093891284967,0.09784594547600244,0.07882178766030103,0.10754840669422677,0.07699199507750568,0.11427267930197782,0.04710168998211045
0.12910475053635118,0.10036216088889253,0.11354133601821796,0.10369813876664535,0.024279591948455654,0.24613934463234366,0.10893484412497435,0.08463577008869261,0.08930406299542676
0.1905937343819326,0.1386826348013605,0.13054629794491943,0.13436631060472443,0.035534034275797176,0.13889893164147915,0.08167252901922022,0.11703749958733616,0.03266802774323035
0.1468287304047637,0.15665627600376736,0.14995963007566201,0.08594355963955393,0.009245522537868577,0.08915158732644407,0.05562645533244143,0.2339284128841355,0.07265982579536341
0.09860473447869117,0.11121339626393312,0.1388472319969639,0.046366235281554195,0.21760981337003457,0.17380113003851727,0.06416857210604898,0.08374793352507588,0.065640952939181
0.09953617607162114,0.1065845150236807,0.09897355105261592,0.1309112146712086,0.07707813633823267,0.15496052390514412,0.057822985585575894,0.07964112819766592,0.19449176915425503
0.10741251355737146,0.1148446903599062,0.11412828403949284,0.09532979984351049,0.04732559329853234,0.12704005276772007,0.14483957337025374,0.11646423500759306,0.1326152577556198
0.12526708699123865,0.11235199098113198,0.11360596764821318,0.1349889491897704,0.06655088752989059,0.08240216568297042,0.13985186476967426,0.12243836870134879,0.10254271850576185
0.24165947360671922,0.14534301523955592,0.17964985098342237,0.03014831911988879,0.042356777197534334,0.14358410033751653,0.037623538898212044,0.12376638912923442,0.05586853548791637
0.09256900140488018,0.1036919734082405,0.11465622487565742,0.06635542079934097,0.1096366140599178,0.1272342830137818,0.15974674165024497,0.1586423808113233,0.06746735997661296
0.09614493474176482,0.1149880598215759,0.08488134745588834,0.18279247592170353,0.19640776647587896,0.06928902508557937,0.0675337909170594,0.09196241223216406,0.09600018734838565
0.1633626372253673,0.12971187847535862,0.17629870228543917,0.05455371035874427,0.04979795111580409,0.12032373228885523,0.0646552529373794,0.19532378021736044,0.045972355095691475
