0.07641881213904445,0.3899094529765228,0.2029613215843349,0.013874203489148557,0.16390375317172604,0.025479489124311545,0.03861310388579229,0.04130066774170361,0.04753919588741587
0.10270337930037088,0.03930756793660239,0.03850597411581744,0.16352064952078152,0.3723834889636448,0.03460867321415611,0.03833850471672191,0.10236553745310983,0.10826622477879505
0.34218155853066684,0.02244176036338877,0.018573732716591265,0.049465690782461914,0.1067846045491504,0.010866770742540574,0.014953750835586721,0.0880853458012986,0.3466467856783149
0.19534698691931754,0.024191692854604176,0.013927381896521285,0.023123591863947444,0.5428882313933454,0.018738911406424655,0.01472909375459898,0.10940476086358795,0.057649349047652565
0.025974551418748364,0.051425929764186536,0.027463476466533215,0.1374088695817596,0.03147921701134205,0.3113715907594304,0.1327635984932903,0.044187949171196235,0.23792481733351326
0.09962720568288674,0.6287295436186241,0.05387035639101203,0.016133296977197138,0.03389235646885521,0.024584749743825445,0.03610746770760828,0.03904941644058609,0.0680056069694049
0.47293974521047205,0.08030471563868556,0.040850820789889365,0.13724574317434304,0.0967340615375311,0.009667379238072248,0.03040312696724236,0.09678722502593506,0.03506718241782925
0.30810753450940864,0.09761002124633229,0.06698261388498454,0.09941659249918793,0.10070123262007517,0.04071693904009276,0.0370826855295201,0.08292808096399815,0.16645429970640035
0.3164602016787342,0.04943809071290357,0.15341994298371006,0.07241866833340262,0.026363464934275698,0.026892551098330428,0.26965301456378693,0.06798545644559612,0.017368609249260297
0.07379665367766593,0.026506182231105874,0.2911065203542134,0.10756039108811967,0.04445992313852364,0.09263974045516372,0.22465386506265203,0.05727371545185763,0.08200300854069813
0.09561585838961839,0.19471139292075346,0.027690722780743495,0.0622537398825005,0.18746202841295445,0.04124670772239341,0.0774273818928779,0.12855438636570451,0.18503778163245385
0.16616501290969113,0.02454984275467473,0.027893803726056474,0.0263899747048216,0.29063742359603356,0.03395309451016941,0.018222392569559695,0.18257507721739633,0.22961337801159706
0.01692009177367064,0.06323101960026495,0.060507649485277794,0.043587539349845494,0.04629423818384341,0.6388310023408977,0.022304587224290195,0.058965858620829925,0.04935801342107974
0.14760577489179286,0.13517941143080747,0.10300807337966807,0.05718996780547452,0.21617078417929295,0.07867669458091354,0.03491482055528076,0.16083375710129022,0.06642071607547952
0.10347046238024922,0.14016780155900735,0.2537500622212136,0.05175638587429784,0.051654470660072914,0.11244232825938062,0.1983092364875406,0.031567356430258105,0.056881896127979836
0.4906364893400665,0.0651062904783392,0.030098852782992864,0.05269736685407714,0.16283313411336572,0.01407667752318692,0.01647076097503963,0.12675634607803482,0.041324081854897256
0.08681532800608639,0.054643435225762454,0.05807643649933219,0.057102710314161635,0.08887532945450864,0.02967877175844537,0.016153457308618138,0.09130509233841007,0.5173494390946751
0.2548899283368138,0.04788880445017454,0.07241239712587412,0.24082217283045718,0.17366261492577237,0.041439025402022385,0.0840372880546834,0.07239590242210835,0.01245186645209397
0.06886174162244961,0.6259334975273804,0.1371679934214136,0.017825162439330564,0.03070478896827657,0.013219738325111455,0.06140188572153016,0.029444420056415163,0.015440771918092554
0.06456481233234494,0.024371417332607014,0.011933969054393992,0.03557809677902789,0.0823973055842126,0.09002380473758753,0.009731301907931271,0.6576177347981729,0.02378155747372196
0.044385416410067026,0.012314840893287299,0.025451498026799108,0.06274450500177914,0.03651843962908741,0.6027072767836813,0.02771131900194948,0.07800761601401379,0.11015908823933553
0.041436590270826384,0.6215301677699555,0.1276608598628008,0.010290526783809253,0.04572812300274318,0.0431118475527297,0.017493475085167326,0.03368359305316646,0.059064816618801315
0.09581322970977618,0.21504892066565662,0.13436248169940687,0.4169795391250641,0.03435374552816314,0.02769171683211023,0.03596083334276589,0.01752390702904182,0.022265626068015205
0.02730485783513731,0.0335670870621386,0.18190663190203213,0.056332218240940535,0.06414646916386092,0.0658997588581172,0.04870840530208393,0.048861717251251074,0.4732728543844384
0.0693660314847902,0.029380858380559996,0.01891748619167016,0.0790536824354414,0.5692405004562213,0.048307079069312496,0.15051433224780073,0.016713375555818116,0.01850665417838553
0.016902423206528173,0.5163487167661517,0.0607681107096687,0.11701646934144554,0.0398296673526123,0.047605707153419385,0.07715742712271843,0.03340216719237694,0.09096931115507896
0.04155843723976186,0.023496975396489598,0.22504048439228766,0.4657161848899621,0.027967596077067596,0.05016490937119681,0.025963758632801325,0.04330566406890282,0.09678598993153019
0.1640395733592257,0.08198759078556968,0.022133856340870377,0.05924040501680935,0.22784406106261326,0.035905207781378456,0.011100919985675625,0.2091675659431357,0.18858081972472185
0.2157774423628103,0.04771463344136156,0.09688632133493623,0.022605854723336444,0.24076423751976975,0.0069899490368857675,0.027770500859554865,0.21898334549983076,0.12250771522151434
0.12745619906355143,0.21552261259099925,0.0958438053229026,0.0706743712263987,0.11022767486464596,0.12206067671638395,0.02873541691983918,0.1638657155186354,0.06561352777664352
0.26912977586078335,0.08245679274153313,0.23004045123573902,0.045173699508472685,0.02760206591897521,0.058193275412657154,0.22531711566387844,0.04748705555305576,0.014599768104905259
0.022234275550703564,0.43044003825426996,0.242192191800767,0.06136422917655938,0.03503528313046087,0.05334567019303842,0.04326272108700563,0.016127829894954725,0.09599776091224048
0.31818405794600746,0.07063542972516997,0.30939483994596245,0.04682336153567387,0.06295085612946268,0.030195016493626853,0.004797780886598157,0.09152676631258566,0.06549189102491292
0.012814144840147229,0.09275997958958086,0.5206950043058578,0.07688448411772723,0.043389262875554,0.07196900926813452,0.0894604461072052,0.043805075405119444,0.04822259349067374
0.1374762107230311,0.04416532491189291,0.10640696862354393,0.03239956987852446,0.09293125201229678,0.02908833133265536,0.48661273232619423,0.053800323981777275,0.0171192862100838
0.07009937484756194,0.31863148261636026,0.04832166442451421,0.1976597756845376,0.03582394576236009,0.13294298083256997,0.09693712508724932,0.05782570260325628,0.041757948141590284
0.4010357537733789,0.020919708304738927,0.04741566482441065,0.17759520369463397,0.06884458262921307,0.02365583908793134,0.06311244508711371,0.1270911960935428,0.0703296065050366
0.06535063621654738,0.03412947262316433,0.08028231821798916,0.06391536791861058,0.020808713054793964,0.13199149501954158,0.051445615096514186,0.04418832758034289,0.507888054272496
0.3548537057627841,0.03740370927684919,0.013747948956918084,0.12454683646587457,0.06581901423580751,0.05478964501494874,0.03129115481039596,0.1959193907212107,0.12162859475521115
0.13082568125754726,0.24830214530472708,0.25425661460927956,0.10971232929332504,0.027060596165625533,0.03297927320632014,0.0741265846678637,0.07369531387577427,0.04904146161953754
0.12933626429449427,0.17903133044186367,0.11547116455785672,0.05926035571897995,0.07262947510896639,0.1555610023209902,0.09637501252828723,0.08912070319423149,0.10321469183433017
0.08495924752231472,0.02151084762815439,0.020148465972868897,0.04076363041554223,0.033324541680331624,0.010238079246325136,0.023914555432682293,0.7100257336462038,0.0551148984555768
0.19036866513547757,0.07818923328327108,0.07889557986193367,0.07373298740496835,0.24765902335476028,0.013167919955633477,0.013123029412120847,0.09233310917622199,0.21253045241561278
0.07359059444170361,0.14452980204584503,0.1837716279074112,0.25227049424055686,0.05548578608717094,0.09735777062644757,0.0769130000237742,0.05506630214138606,0.06101462248570449
0.11006743823439957,0.2886268200004243,0.07450188715765065,0.12626284705986376,0.06772566502398518,0.05590725133640633,0.027801763035375737,0.10601264683362455,0.1430936813182699
0.10855943430125659,0.08868001549628446,0.01871262790528105,0.1763528112042176,0.1327436346597037,0.23122061950965142,0.07548814835483593,0.0920518325279852,0.07619087604078405
0.03580168917523592,0.3898404200298005,0.07580364710178561,0.05218177759888217,0.052305141306412416,0.08698456107067465,0.24463950422061811,0.044891140839516584,0.017552118657073987
0.09518171365320238,0.013093967628479858,0.06969783714358324,0.05742441234116815,0.052945778987606246,0.01940677596065146,0.015989825902656896,0.10137179885130693,0.574887889531345
0.2830480657197539,0.10597813840523218,0.053856398607317814,0.046615007353620064,0.12494990239598132,0.01944245853285113,0.015594064565968022,0.22449091722500825,0.1260250471942674
0.14034890127745772,0.2072264968731973,0.12981780504562573,0.02987029692654659,0.21866924974175606,0.04944820083246473,0.01691966553044157,0.07018830152734791,0.13751108224516245
0.11092042756692488,0.038517057626304495,0.0711647563517001,0.07969709473356774,0.041063305831373215,0.038855945681382204,0.5455920226287408,0.029007866771261593,0.0451815228087449
0.07713645161578521,0.06451963238576978,0.03418737746969714,0.06787527105356796,0.0640329909438655,0.01302729155639345,0.006224349614152788,0.5925254777575902,0.080471157603178
0.12409384716916681,0.08639367918174434,0.014953208347866731,0.02883863850188829,0.2590076273917716,0.012230248240657592,0.010431829529622653,0.2755010884280731,0.18854983320920896
0.06621209758623336,0.5743342696803964,0.07575413955513914,0.0734147242156008,0.041237561398208826,0.07581252384931593,0.02065780400184771,0.04015381804575727,0.03242306166750055
0.04432302533880104,0.3983164230496983,0.3380867730897516,0.010261584111953187,0.0731037683471275,0.08208851806040328,0.021294497124803063,0.021151518029549274,0.011373892847912738
0.35172722520488003,0.034421459004412035,0.14319489996316034,0.09800969855948634,0.07273991167758698,0.02795060924690575,0.02054820180905914,0.21234111017678556,0.039066884357723736
0.12297215338571894,0.038611936005653213,0.06117395635838744,0.0701090548975639,0.015017585214086136,0.1378647500147078,0.5132190782507504,0.03579115672311517,0.0052403291500168385
0.014841069444251231,0.08132794175853224,0.1080321134877953,0.12865130374290945,0.056526649424469895,0.2073583108910285,0.23584066268170645,0.04524850373899337,0.12217344483031362
0.18797124671004817,0.04968428613420444,0.0212286140610432,0.16748950745504218,0.2322334609308951,0.01996907197999874,0.017314906577320138,0.24184304842020443,0.062265857731243636
0.08112204295276683,0.10251872218891,0.10478417096333544,0.23845100456862522,0.05485953800262087,0.15069001923670364,0.02043091917722918,0.09765812947677362,0.14948545343303524
0.0699600628996403,0.054374239257129996,0.20781275898132381,0.35074019326102035,0.04834741448186163,0.07311331183056295,0.04707664474628218,0.035053289591235604,0.11352208495094325
0.013012005850655296,0.5497096829508825,0.06830058061502886,0.04807741241578691,0.0388488276917928,0.16441964837637787,0.03094403025755471,0.04060891987745721,0.0460788919644638
0.03833104015953704,0.5722390427012646,0.09458036330600865,0.010300838507035205,0.05886891109848743,0.03922403488079854,0.019670443500448824,0.025329326185842688,0.1414559996605771
0.02798419688931213,0.034088421989410846,0.0240198967431537,0.042792124433992974,0.027523665231560347,0.6023526855294081,0.09759206905076236,0.05401706957797444,0.08962987055442516
0.027335444019213898,0.559850378027905,0.038572575973373525,0.18889345687087356,0.031233329768981345,0.036044004386440294,0.07100273088750537,0.022999600680206237,0.024068479385500663
0.021786865441767386,0.07018404652890382,0.15271531773169061,0.093724794966851,0.02377852197574042,0.11208200048223765,0.019575845515033944,0.07094517806966871,0.4352074292881065
0.11536331453410298,0.11190247884292759,0.10914803173951422,0.3558038830912696,0.05411767723268494,0.09128334054596865,0.07487352520760425,0.05404185213927359,0.03346589666665415
0.13009689772131253,0.1684277488609759,0.04323039602595082,0.14612195907826522,0.16074289843271072,0.07460942128752128,0.006205269423163756,0.14122396142031787,0.12934144774978187
0.06594711770327248,0.0734194612626959,0.06391714685236084,0.04619876366959345,0.356763162948478,0.005896139088897076,0.04118290751255405,0.1650930695468454,0.18158223141530283
0.036752795518816085,0.5569262179959763,0.11981814645889333,0.09133379373823476,0.04614848061457621,0.022261021995379396,0.07970535068373015,0.025019049723089395,0.02203514327130432
0.0918414658254934,0.06547321590726694,0.21816782415438307,0.09716069962098776,0.05277727718976444,0.12361585351120896,0.2548898648308268,0.038920659004373,0.05715313995569556
0.03322031798854932,0.12795547428845486,0.06615256665859122,0.03368867014680571,0.06262747928664929,0.4797397687540883,0.07043785247569813,0.04187290372830277,0.08430496667286047
0.030577261908384012,0.06624512684779153,0.17128416778250818,0.31751909864785577,0.024583840117827698,0.10387643663668424,0.10292030244177885,0.07808727546996781,0.10490649014720199
0.2956919162952945,0.060746766558813746,0.11521247016404756,0.0348762677405915,0.03597520003859579,0.10577957099669329,0.2909026773617824,0.03195243524448655,0.028862695599694666
0.17452011850870505,0.0723785298342448,0.05064965014381739,0.10116255103497844,0.051324264546796505,0.052993147188265956,0.02895081554278971,0.15043728173876988,0.3175836414616322
0.12985280542183994,0.055987047762898194,0.027043949174182458,0.2319244966462323,0.19773414221766808,0.03934224844939274,0.018900890589154246,0.16959960823441123,0.12961481150422086
0.027142247910584408,0.30093236815980223,0.12019674571662,0.04906031023010458,0.1367916203129945,0.04248636040284359,0.0018414854514386687,0.08303947624835835,0.23850938556725368
0.08688959076827434,0.03768126757481167,0.31393975148973735,0.35729215733934794,0.017131979827588968,0.04736732215245482,0.0955514994983226,0.02899441509601489,0.015152016253447378
0.07941070632228077,0.020279625274077576,0.11141722127349386,0.46484537724415814,0.028995435886947737,0.14926384978684223,0.0817419442445626,0.04421059661684829,0.01983524335078873
0.12109666592443884,0.08898159551292528,0.022971894650892135,0.05173647613779109,0.547766882040393,0.03368536832827473,0.025375207136920864,0.07816348150141514,0.030222428766948917
0.016208114713631063,0.05689519111788268,0.13888744381512605,0.432070015651086,0.026869999884949872,0.03955293201847007,0.18669251911682505,0.03347744070711062,0.06934634297491866
0.14064963914154027,0.05403011762571214,0.18890597987524535,0.023290757235419613,0.03448506117611947,0.07494571695136758,0.05140779836546586,0.0414671829623304,0.39081774666679925
0.35367413909347983,0.07028348459129861,0.0474829581798332,0.03514927761283598,0.1434692811032493,0.02347664582077603,0.02806124902110117,0.16577941620290412,0.13262354837452187
0.1237394497793799,0.15300601813361978,0.03131607359003144,0.23206720126289568,0.1182418982576347,0.061274660209739595,0.024847287442246596,0.16624416050152294,0.08926325082292937
0.2694419505950692,0.052364647435529245,0.023597795290742806,0.08288944667799147,0.24282965103584342,0.03946589075696053,0.045343278807112065,0.1589275156496411,0.08513982375111
0.05264157568140367,0.03105562501094386,0.09981348539946326,0.10079777254505251,0.0687211037778075,0.0751921651427594,0.03544470587714378,0.0613915489098002,0.4749420176556258
0.1851340245675843,0.05608164830554674,0.08902892020579874,0.18245127904863068,0.05422824623532448,0.06217745346502013,0.019216065854496523,0.15950080226014146,0.19218156005745693
0.34250074088834476,0.0910716400000018,0.05579994045886611,0.12437388328028441,0.1261575691266799,0.036299137628553045,0.06662965854136764,0.1243668124046849,0.03280061767121733
0.32703033924821034,0.10888125820289336,0.08315825158015336,0.09923292527817677,0.07766455430285969,0.027298593898793494,0.09982721094413667,0.07253977329298968,0.10436709325178672
0.07968325633248406,0.5975896056186562,0.11889085423083805,0.07938986662298345,0.03897345593434017,0.03325552984931638,0.010660486670909929,0.026483596168443202,0.015073348572028617
0.07651617814965178,0.038225599507507944,0.04586021918269572,0.06628550144858181,0.28319980494020375,0.039148265036218925,0.015331910775785405,0.3040839393146642,0.13134858164469052
0.081098241938508,0.023127883299347892,0.03669853053388144,0.03520031202520215,0.0746120734646815,0.024815496488793717,0.061970000187991946,0.6368072162891236,0.025670245772469763
0.39148860195453855,0.028664651529267792,0.017117411200379743,0.29182370416040476,0.07035385186309677,0.018289476872081777,0.039544114099542234,0.04569749955219989,0.09702068876848845
0.0945578059589472,0.10033091043516172,0.08923029406466214,0.0881605888354735,0.13484936342900278,0.09015248870014216,0.03872952437264963,0.22118124833286332,0.14280777587109758
0.04319147753427254,0.027710639038675933,0.19377489629336486,0.43020290315267656,0.04523732601530911,0.156818875703968,0.028161128118867673,0.06180349733899912,0.013099256803866297
0.02587778982147317,0.482948836719947,0.164760091446836,0.016204723851665267,0.04191322993895417,0.06682166009234375,0.04029639135544797,0.018745869876502865,0.1424314068968299
0.068678070305764,0.06885952300321745,0.5490760071986951,0.0323922459307261,0.042196188978024386,0.10391311024472409,0.05653435941702754,0.017730961222889533,0.060619533698931825
0.04661483022314111,0.07911615155742581,0.4954026315517288,0.0362099970047228,0.015959071254021878,0.13167610543216246,0.13137202365728315,0.03715148431242669,0.026497705007087164
0.17419170312672763,0.04471601938241868,0.03186829782043243,0.03622288832772675,0.05628922906354309,0.014156091986641006,0.017335341634843324,0.6057502573313007,0.019470171326366272
0.08741956929733073,0.13564767742845826,0.09830689682879741,0.04945208617321792,0.04112821521065569,0.20385987040991316,0.02942827685247888,0.13756651024521382,0.21719089755393417
0.22470706899317108,0.1339249126482779,0.07871715847336762,0.08511583983304057,0.1748694291389055,0.026468912772898135,0.020125068133589188,0.07803689045656292,0.17803471955018715
0.09228317431664095,0.11736529801010913,0.024297111847749197,0.0910498721832144,0.10943834765664597,0.2917252343516067,0.038024310938255236,0.1323207097742997,0.10349594092147879
0.10119739208136765,0.038247231727105126,0.014867934154767814,0.08819795671521323,0.03630964059275788,0.4508338732457014,0.04531964067027339,0.037650675038489755,0.18737565577432388
0.21397046776411374,0.09507999748391016,0.024792297806287545,0.1337811368221059,0.09101332561088986,0.04209061625498837,0.022135136823394286,0.187768714830734,0.18936830660357606
0.17190654002992187,0.24356732196611453,0.14721475916901705,0.13595764139848796,0.09976903425485432,0.08391250391105004,0.00970761854122813,0.06511380561364193,0.04285077511568416
0.07056196316410694,0.03218840825278896,0.28449009987263935,0.06551382532212378,0.01596172321256407,0.07880847437831773,0.3567019831966072,0.07240809864500432,0.023365423955847692
0.09983606678392414,0.043807022831827615,0.5610958355436514,0.07515894522828377,0.010463245333772573,0.051333983048979605,0.10763107417868929,0.028130977547123893,0.02254284950374783
0.2636900725768811,0.03241406595651646,0.008412325848392223,0.06693863670135292,0.2965472578761776,0.03436586848723359,0.05228102231370485,0.22197390448228274,0.023376845757458537
0.07209089292710258,0.07162432918989751,0.22310739602684246,0.19760792659443957,0.06396940737918393,0.21162718194663752,0.06461668693063131,0.05566003799316586,0.03969614101209933
0.04345803360106457,0.0577081676563719,0.5126150843748782,0.19397142368313935,0.0628960568398222,0.025797012794655756,0.041360654118136504,0.019282400787288743,0.04291116614464265
0.03144900656479197,0.012911273231798198,0.027891577041629523,0.15924727739851174,0.0301760019155335,0.0535600918918552,0.0066977885108574125,0.28710414701856685,0.39096283642645563
0.2237673372942501,0.024608261564288348,0.03398100487244216,0.045779195561943486,0.029417336747891817,0.0441367889889146,0.00490472019024847,0.5112739463041968,0.08213140847582408
0.3972719266285934,0.08135229733121023,0.06781866311464925,0.1341349817601443,0.14356650320189182,0.0332024409111916,0.05837466749408287,0.0487363471245587,0.03554217243367774
0.10232856778952831,0.20080387427473054,0.03914966134337438,0.18840492698931502,0.056063084268222936,0.15904274900457907,0.014179270911128174,0.12339234944051664,0.11663551597860496
0.06393359494338932,0.6383003430314819,0.04743959613383888,0.015295249610200512,0.0074012135043219724,0.08666863338724871,0.01730108404468031,0.048669987315500034,0.07499029802933836
0.5941895218157273,0.03278341616488125,0.20505490287923633,0.028894274187427012,0.03868423618246376,0.0168276485728344,0.019371227363033094,0.048715034918073385,0.015479737916323526
0.023567587664529144,0.6348958701996811,0.08225393998302065,0.05824847155663616,0.03739982030944384,0.03466659403985567,0.04438651649205217,0.02489310628695175,0.0596880934678296
0.5669778457752621,0.027735038913185,0.15862082034006864,0.012747428786176638,0.11597320718384312,0.010393371851488484,0.033525838761204116,0.03464548785239657,0.03938096053637522
0.1911751960687246,0.022909683346449272,0.06774661741093674,0.021244246427703773,0.253223326190852,0.03580484488191337,0.03814864983669579,0.21572336393327488,0.1540240719034497
0.0969038536071015,0.11071315993426083,0.01792375492722747,0.07630426291434475,0.10252192904317249,0.040051386817374975,0.008245529174545145,0.49096923530932823,0.05636688827264458
0.331209648484202,0.0523911620186708,0.10861765108108501,0.0460379909178256,0.20354238105243339,0.012228798171833177,0.019211693473522792,0.11089434557528888,0.11586632922513847
0.027502218889536325,0.6553131555998812,0.07371825156411639,0.04524305468505887,0.04936222866074675,0.03622769991241012,0.05288223201788037,0.02588447270104553,0.0338666859693244
0.07545460630243232,0.04035294490815942,0.01791826889527746,0.04769806667771354,0.07364136097724332,0.02966001746978335,0.02622226706042564,0.6275528374859008,0.061499630223064115
0.054574828902785776,0.07245311369311658,0.09021099040538794,0.056048072624079785,0.1394744636892576,0.1115749752987908,0.14177663239774171,0.06089272055867775,0.2729942024301621
0.058459001378626196,0.40655468853811144,0.11144770189114316,0.215256288284421,0.03689232687510135,0.026853030431775643,0.06004825756477831,0.061481040788674245,0.02300766424736855
0.6611470174222359,0.04675476363727422,0.029948097896489723,0.021800031425001216,0.08962292966691077,0.008152082149368236,0.05065173669326432,0.051951788762513273,0.03997155234694232
0.11446760874074265,0.0577387916262103,0.0639352040163943,0.06498867531026582,0.10065628926411724,0.07825374400392811,0.017802750650050662,0.13294768767559334,0.3692092487126975
0.16369602448082055,0.04057126547332931,0.13991127137196904,0.1957590934531567,0.07540772243626236,0.10410991473537967,0.022744185230154118,0.07243930065699176,0.18536122216193643
0.09649849058138121,0.04327820352691117,0.06098863932474908,0.1071693815266233,0.04291057916352903,0.03185359558446028,0.02609162647035318,0.03892940337781892,0.5522800804441739
0.03298802734047802,0.061158413527255595,0.1327549781056934,0.5580193084213971,0.019352952912564007,0.06430424461816057,0.04542950406159032,0.04446307143477716,0.04152949957808389
0.1307961949742664,0.07825882352372483,0.15124606597702805,0.042769684019401906,0.18093391732939734,0.09577041326063711,0.016842143399959982,0.22030870798193825,0.08307404953364611
0.022233538918312465,0.007479762127441118,0.20844966868015682,0.06017353028507704,0.012965446878185372,0.19353766638261094,0.384878840076817,0.04581773942341913,0.06446380722798008
0.16623681606228735,0.12466761952134464,0.0769100959052366,0.03070887232171529,0.21377021743180147,0.10804545078762967,0.032504937616880024,0.13217754121838457,0.1149784491347204
0.1979193957134913,0.02880609428247785,0.01091862847313139,0.1084504812302551,0.16596039117497496,0.01970021204942519,0.019432659251658466,0.24573304839935614,0.2030790894252296
0.23957776039354317,0.04101755026687621,0.0352121897048207,0.13765107566864673,0.19572607565649494,0.017361809867112082,0.03081252125046101,0.19471487150246655,0.10792614568957866
0.056439269630759126,0.20070042217186015,0.06882227181663629,0.053156112312529126,0.07210419657892357,0.15534412226304825,0.008908398309185247,0.028371318022644643,0.3561538888944135
0.14301960809728806,0.017477693838771884,0.16669622537950726,0.015540678407904171,0.023279792464838012,0.04219721632938636,0.5462071012349932,0.01654042661999426,0.029041257627316904
0.01719511726749468,0.036680877647000905,0.03123904963614414,0.19471642243920548,0.06876833830961655,0.02531704133208854,0.052641837564153054,0.04021056084744989,0.5332307549568468
0.5892312621264456,0.05780719816903316,0.027751201706852257,0.10004045822289821,0.0436498304850608,0.011818580782800918,0.0569137166515629,0.08685900504516371,0.02592874681018242
0.058551016972597396,0.032164129052821344,0.2419155172813141,0.44041188138256365,0.028918524555225644,0.04804255641636638,0.07471219337000372,0.04908632627902921,0.026197854690078445
0.17201830649684133,0.037860282913048486,0.04463265868496546,0.2688300448983772,0.06542896337832725,0.05223740812496968,0.06547863157881191,0.1863906102683545,0.10712309365630424
0.021198811380988503,0.47564730918628145,0.06866339148512628,0.04983864220814349,0.027267010705218576,0.11666734830118893,0.03228910061846698,0.031169899000765028,0.17725848711382083
0.38606600406302527,0.030839579089923196,0.02017721470443092,0.21965221665366752,0.06504598268579743,0.017336873976786422,0.10126821115054911,0.10982083471785602,0.04979308295796404
0.052256540435611225,0.46050028463710285,0.06111198455832809,0.07969874601378064,0.05252686659260478,0.0429857538072441,0.04414171108811379,0.05807414372944606,0.14870396913776843
0.044495367693691355,0.030420718359382478,0.16401397312858357,0.4415128741912721,0.033653984836571914,0.14083748128011261,0.07733391412854704,0.03554400025505761,0.032187686126781384
0.03626199680318045,0.10138194060096022,0.5069717664147423,0.08519860064818091,0.03804689355872232,0.023886959630981502,0.11164245373305941,0.06424895263839585,0.03236043597177705
0.5871499475844048,0.05459697148006699,0.05378825538736006,0.05874900899766439,0.1304208869182468,0.02139752761120584,0.012199619348396319,0.06202875405542066,0.019669028617234238
0.1585843589046161,0.0415902582901465,0.04309966593307046,0.35966535439311237,0.09484626201777553,0.0317083476487185,0.014033852611208519,0.18128801671592135,0.07518388348543069
0.48511761139017673,0.05554415003325689,0.030881959451398145,0.11033620405835148,0.07850964956528551,0.06006875465077268,0.013670656268650473,0.07475901156508385,0.09111200301702417
0.1737695805397423,0.1148187832791308,0.10520570454330391,0.14959043548587014,0.1186079836247614,0.06123378097910347,0.0288953735560985,0.15093642712702282,0.09694193086496672
0.08377356333494017,0.0835226778598297,0.24910014009620293,0.06479475692088803,0.05851581862029564,0.3230748032928441,0.031814161028182825,0.06423734375459493,0.04116673509222165
0.02542407794248379,0.4627708932949422,0.1964626043819883,0.06703773868831979,0.043769489687754064,0.11186798571065219,0.04167240819903134,0.034360105257421565,0.016634696837406735
0.47503122808991716,0.027438085766657083,0.11960863951969736,0.148640999129835,0.09133378330524328,0.037164373863787716,0.0072982638507964985,0.05693785185131542,0.03654677462275052
0.3084320596327485,0.021159910274392416,0.017124227527722538,0.05465345240105305,0.12274426227631145,0.10133792675670628,0.021128441829725685,0.2661110419488812,0.08730867735245877
0.0455233816864315,0.023288755012499274,0.6338392826183276,0.06083411966407006,0.031549192785308884,0.04731544669450357,0.09741879960258097,0.03782643966285207,0.02240458227342622
0.24660935729767022,0.10044860430856695,0.050278432883185176,0.14862882706712902,0.12931683986001263,0.010568421637107106,0.030690953648764896,0.19537700415953493,0.08808155913802912
0.6204358619981739,0.016652478725793052,0.03707936134669137,0.02104873969123068,0.14115947469431503,0.013207770581955443,0.04151296282336695,0.07762513691887825,0.03127821321959537
0.15523393938200997,0.011905789233190594,0.005019633320396284,0.018134083514238723,0.0246964664087882,0.023332927453300414,0.02811977179330552,0.6348594479107844,0.09869794098398581
0.030183595823005227,0.11138017983844241,0.18176462990209366,0.40741163187835033,0.03471321783773193,0.11502338525715912,0.05559619997395492,0.03438257503217643,0.02954458445708595
0.03379740728994456,0.6439464533913151,0.01846443540335906,0.09022751589475365,0.018645720144383277,0.036957153896552526,0.05485856788807517,0.027983274752622297,0.0751194713389943
0.14795005699675784,0.09633245273022979,0.08144498801186571,0.48681995515115,0.05452006619114735,0.04866749207862075,0.014456657984499474,0.03491679115580092,0.03489153969992808
0.4191411308791662,0.024833664601792607,0.03405566193901449,0.05252256608821487,0.08802684350738277,0.011018910740174396,0.10310699515610294,0.15432422661915904,0.11297000046899257
0.13053558502476634,0.473777619812616,0.07642007776648242,0.04601336260607069,0.01856031845506442,0.12569646072011176,0.04723160831382789,0.033973041173205015,0.04779192612785549
0.26620922749998294,0.040434845434016146,0.1158393511158844,0.13850593111859924,0.13779067380256646,0.03630885191551506,0.12908369172949608,0.09588523816034887,0.039942189223590725
0.017578535461451193,0.06477843288645929,0.09744702091877712,0.0368878306981583,0.04091428848741411,0.2054929210139825,0.06890340637688935,0.3114639394848598,0.1565336246720083
0.06070644735842229,0.018589300227690748,0.03589994803292367,0.03274476681264644,0.045303386831226054,0.056334345858889266,0.027400992658982926,0.6367119553988482,0.08630885682037044
0.02249356401619129,0.02639008352594513,0.21099080237264475,0.0919170844991427,0.033082981074496046,0.3748735395515422,0.016789717605261906,0.09272865281247293,0.13073357454230303
0.3646904599411051,0.09262091343199814,0.018721682015550408,0.10444528580394058,0.07754771134303061,0.08590107564925908,0.010199825563574199,0.13419632731756426,0.11167671893397761
0.5759314136732837,0.035832450593608685,0.046991825847280864,0.03071443716899837,0.13493631260542663,0.008769233073480194,0.02113225864533402,0.07837725851703924,0.06731480987554839
0.07161939500131749,0.07627089309603079,0.14537305973718817,0.11200801684326428,0.1870163730474342,0.09903031575892669,0.04386840054127411,0.10051853753318696,0.16429500844137726
0.043327829002023116,0.49869949303688815,0.018600969327261994,0.011703909087242961,0.1105182367120639,0.09936034985483573,0.01840441974570461,0.02736715635772641,0.17201763687625313
0.5417367404168155,0.02722578390906612,0.019619309082307027,0.018839663630161776,0.06441672969705632,0.010367403811785669,0.03286291862729807,0.1400901818582659,0.14484126896724347
0.42209576813251903,0.02197493459006006,0.06139047358655827,0.08674268777403298,0.06944736953955268,0.037435380222127834,0.050728908025481266,0.14775661278109145,0.10242786534857655
0.11071870017993228,0.16527348219263957,0.2034692659185953,0.12961975733689504,0.05976848178609109,0.05375715316068055,0.04230778260960438,0.0341104818404181,0.20097489497514365
0.5408510734605112,0.03531870187087116,0.026824783347933475,0.03816315845695573,0.13132689290140395,0.01742418533492776,0.025698260653726282,0.06634482557743732,0.11804811839623315
0.5287289032440845,0.07720568534238802,0.08921414515374598,0.039035118426478256,0.09395504061337345,0.017446237385990288,0.041652786997212504,0.0859284884498827,0.026833594386844423
0.34073889322419876,0.0780298652657929,0.040321808706643085,0.16966338614232931,0.03211451052102213,0.05420344059869473,0.027798118262580107,0.1627947490539395,0.09433522822479944
0.6255265714359495,0.014533104987382249,0.015612571069452281,0.08229855541137845,0.04560663915717219,0.027635201047973994,0.03129818875020699,0.14216333125959693,0.015325836880887502
0.3122200321243827,0.05278726803309036,0.07177304765725286,0.11409216868424266,0.18405939920462852,0.023154477560452757,0.036084181117624244,0.12572955658688764,0.08009986903143823
0.06393098416367346,0.040297838391472766,0.10099694968006016,0.4382784257586769,0.06583240972202976,0.05012719976198774,0.12234240215862076,0.031403131637443994,0.08679065872603443
0.40155165754598565,0.017329779878194947,0.09239119832832567,0.05810946926435658,0.15629669326567971,0.02955173698445526,0.02711573272836001,0.14143684795050857,0.07621688405413368
0.0424444560876881,0.02242173061298729,0.30026991808346043,0.024564706240776505,0.016947222310618595,0.11208296601595015,0.38160851758117453,0.04868667012454442,0.05097381294279998
0.07317989178898059,0.07229280662506894,0.1005624948186209,0.026954606157051156,0.3176345899366682,0.049900792873166865,0.23494712534099416,0.07428423762956493,0.0502434548298843
0.0193577445729258,0.06871265181568466,0.06764469918640233,0.01804707307065434,0.04022448651968246,0.06209032249614483,0.07625163637304115,0.028123318117315502,0.619548067848149
0.08277312653584133,0.03344295963821115,0.01208318386541963,0.24146989348143663,0.21431953152809954,0.06547680569711956,0.09318979246336989,0.17020193151515375,0.0870427752753486
0.253538388826957,0.042334895344635005,0.030719233442123833,0.06940562306023408,0.18552418064392007,0.010635808492777558,0.012622388782212321,0.05926868442326063,0.33595079698387953
0.03211328944026207,0.019384673151555697,0.10612128780339147,0.32622683668116553,0.04063283746387116,0.21085634246129184,0.07758017049646014,0.047107745262012335,0.1399768172399898
0.05981085727193088,0.12966285288518867,0.1874890959652248,0.16602489374501475,0.05823177706703533,0.20593511033035242,0.03192916216932747,0.04251783777728873,0.1183984127886369
0.0914407702885081,0.5743898202920107,0.11203095838092873,0.05681313916033263,0.02468247592741821,0.024267556729422574,0.027278021958797954,0.026335018329423254,0.06276223893315773
0.37874512315882364,0.03472639028759112,0.13022981268637215,0.051830080373971986,0.00717931159075393,0.10767127267646504,0.197575579531622,0.08144274841941139,0.010599681274988762
0.11905087162552253,0.33512575229473324,0.1158550539317118,0.03646181064564677,0.10126029520931784,0.1925343763239685,0.012410138979012988,0.043588565033786976,0.04371313595629935
0.14600924479476005,0.025919960714769413,0.021145026264570464,0.08273702178594537,0.09275623839978642,0.055913115032567906,0.07222304770181982,0.3856433195679521,0.11765302573782832
0.1504574167001378,0.03542987790254574,0.10004059082864088,0.03445586559233058,0.05788633606048386,0.026247208763252167,0.014911496549376296,0.5088836381013546,0.07168756950187809
0.02563505027730574,0.5959967429741251,0.050816310346802555,0.08216501803327099,0.030939272842084625,0.05442235511568736,0.0367514019746441,0.058000728305990755,0.06527312013008885
0.24561469672968786,0.01175244215548261,0.11124857846227615,0.041940105474247806,0.3693609795489488,0.037131467455253676,0.026030523430541543,0.09135820902593779,0.06556299771762382
0.0766860103441155,0.10124890167036109,0.050607001279258566,0.07560462199717362,0.15205280398199858,0.08830269263612965,0.03109799421560276,0.13588901108954024,0.28851096278582
0.0949755361212037,0.06318497524681181,0.10785948636967439,0.05983849695416157,0.04088908134641575,0.23478691367100515,0.04413270866381188,0.0747501953737208,0.2795826062531949
0.01743478162899104,0.029057376231248738,0.2784383624449413,0.44004945804222523,0.04974840665012106,0.08289891777444974,0.02822634392068467,0.027946489475112694,0.04619986383222555
0.20394341323108242,0.07254710379665866,0.11952251095772264,0.17692499719142285,0.10685042554172626,0.0831406168881806,0.031184223242667213,0.11747999295486183,0.08840671619567757
0.04238049893604442,0.10892935800668367,0.08366302248848535,0.5686322331299222,0.01660803779758296,0.043216219134221086,0.026864374110075407,0.0781726350843502,0.03153362131263468
0.11049042029957316,0.015452561499185405,0.026378339147650347,0.033656308974965805,0.09057241321509851,0.019898117552209323,0.027510037436144313,0.13287680033650093,0.5431650015386722
0.13626913295504897,0.33739173083401797,0.04052532253488292,0.04803660451917705,0.05173109679535737,0.17701298606972302,0.06786056583918007,0.07454048565014425,0.06663207480246842
0.019738514595281934,0.03321551814739398,0.040762990231444786,0.23766323040888362,0.028640344809499205,0.3485887118946082,0.1593511068802568,0.05647018208636862,0.07556940094626273
0.07907471068546454,0.08087674698748522,0.12108917764932288,0.3562443652407519,0.03529581540177179,0.12275783298111936,0.061808660672863946,0.032140293761711965,0.11071239661950827
0.14000930736532624,0.09710419376847912,0.10960420775307429,0.21020406997336494,0.10615066415563446,0.0745318213092399,0.1941890100271194,0.033279036430846835,0.03492768921691484
0.018457207745556047,0.07521622093330162,0.050431467204797464,0.25883458604545767,0.02970844310143511,0.38352573496484976,0.011998750201220966,0.07630729955727203,0.09552029024610935
0.17274287662046062,0.0923406087137219,0.05024813003339399,0.04956271594216142,0.25628493879996017,0.060634059735701046,0.03835897717793865,0.26610630323866585,0.013721389737996317
0.04622365523069764,0.020373215864884553,0.21393708116567137,0.06573612305272708,0.021161822441595004,0.1294128143042064,0.35575391882002694,0.09056166280208784,0.05683970631810332
0.13766151614880848,0.07416197497714974,0.30562291800984703,0.021900525695865484,0.044617113244360185,0.049855139310265535,0.2996093275397665,0.03193009465102906,0.03464139042290802
0.35794680944667995,0.07091955734836451,0.0897278750425573,0.05141495905669465,0.12626340694663188,0.04244126799208036,0.08234884967097704,0.0953185591022339,0.08361871539378037
0.4858032110212512,0.008272363989075668,0.10590285058950616,0.020983584543826674,0.15395744024295824,0.026458586205902582,0.017158427440374584,0.0687693072846454,0.11269422868245949
0.052491185828965864,0.019859015680319687,0.07502125353671618,0.05597801235285659,0.03674994083082994,0.17206699700926184,0.45833579391815893,0.06090103427786853,0.06859676656502252
0.1666496764113163,0.03773054625785255,0.48612371049872366,0.07383872883912952,0.03717295486484851,0.044380589458611175,0.10239329469984788,0.02979119544648993,0.021919303523180524
0.023444070512217394,0.06940542923216031,0.08751200910219993,0.5786531007372134,0.020338593260925342,0.11465439459469877,0.01805464255755548,0.054889167883013935,0.03304859212001547
0.062084508569457963,0.11193435848079236,0.28370629567689937,0.12642913738218828,0.1754289464278043,0.029340505483066298,0.052177143830085516,0.1087326158574492,0.05016648829225669
0.656549817304025,0.0697219595843267,0.0351244199421603,0.032318201337172225,0.058487778886041175,0.006919528840544042,0.021482102593797615,0.11081224869798321,0.008583942813949917
0.5944648442014567,0.0523988509764639,0.010887936701029962,0.023514728150327815,0.15949244776913604,0.014268409584290409,0.004485366650320458,0.10613996369299405,0.03434745227398061
0.020219553678043845,0.5581952203869173,0.04154335380702065,0.06735628697190153,0.03771180392168432,0.0676145166340015,0.0757377723358695,0.04927162218570549,0.08234987007885596
0.10869615037976087,0.05258641776263953,0.5674993228427544,0.04386534638477336,0.0407625615725197,0.030280221890570756,0.10921204160992258,0.026591023143931875,0.02050691441312702
0.11607448317021653,0.015877876955012648,0.019353707909557955,0.03118231955138478,0.07514816395014837,0.02709069641010822,0.011082408695640386,0.6737075632934619,0.030482780064469184
