0.07048221332975142,0.056479393097688436,0.0515060360133224,0.042551317095851526,0.12631331939798152,0.0926000502434539,0.452600775667263,0.028384412979723366,0.07908248217496437
0.35030848414493004,0.044776377565489585,0.09420282357425469,0.12452299074827948,0.15959031783664415,0.024230417876371712,0.04836873499800668,0.06250906775670653,0.09149078549931701
0.12279091291418899,0.027519859770669435,0.030023888398571497,0.044388976121322164,0.03827164194337291,0.08907302013201647,0.04575965067696409,0.4226678653107457,0.1795041847321487
0.3008730764592467,0.03914118160693884,0.03238319751564441,0.04385396073535028,0.06675137364544594,0.13309908316490282,0.045360913471187835,0.18149360455820351,0.1570436088430797
0.17211409240149037,0.02356286015737204,0.06097329078129184,0.39465595031970163,0.08537772388075326,0.023256306223211832,0.04333819642880163,0.10702311098752355,0.08969846881985373
0.034295142808437006,0.11790025107901318,0.052417807318323094,0.027842831157038204,0.03822586611976831,0.06635514508751618,0.5539418542226618,0.040514884051928594,0.06850621815531364
0.10637915391168434,0.04988933436315795,0.04216560536665694,0.04927049097615479,0.13565028873533996,0.06423638721933207,0.45152085376404,0.009967030280936616,0.0909208553826973
0.07702754755949917,0.01416245989449924,0.03692841066035812,0.018411036655212067,0.353456992401016,0.1613403166817999,0.11396145767815073,0.06205589702275529,0.16265588144670942
0.14274858349211142,0.021572816886338952,0.03063504290895075,0.05534865374969735,0.2514624550588228,0.08245639957937846,0.08130164888764811,0.04181249969277439,0.29266189974427775
0.09231535408761289,0.020324452366083767,0.03720856343370951,0.06967360379569448,0.03539542739913393,0.029229871506333275,0.018769976963445362,0.5376559722593445,0.1594267781886423
0.08127270589251374,0.05558001090131474,0.1175398769451187,0.14118214244924662,0.10692316830207042,0.11506228459605243,0.16670099300136534,0.021777779515177665,0.19396103839714027
0.07319088985972418,0.02425347525109665,0.05474216519723903,0.04821118107284745,0.049314780430426836,0.08500700628345675,0.5686834822008194,0.03872716728124723,0.05786985242314235
0.08247239687878201,0.014751854994611133,0.053807176344122326,0.02198541250604789,0.04264160351012151,0.46493348028813547,0.06815401487280269,0.029486945156162184,0.22176711544921476
0.063395191625789,0.09345439310790193,0.050634860816293814,0.05071215161305781,0.09312859720933246,0.07645370465795752,0.369404070009097,0.05573405279206654,0.147082978168504
0.09875110127009845,0.00959611356954695,0.029460059863777466,0.06029057250077328,0.32811377197394315,0.310040485871641,0.02647409168622883,0.04396029997793111,0.09331350328605979
0.04690809485521897,0.03644963226447609,0.05616496206463426,0.011756986541629337,0.031628235673460806,0.15058019101400943,0.5768302931331234,0.01116302824265531,0.07851857621079246
0.12271108216050162,0.4700948031337558,0.07741265462755442,0.1385960619298948,0.03201258109939754,0.03712669991230084,0.08053785874344134,0.028095589179013305,0.013412669214140324
0.05345886271905944,0.03753688236615722,0.05480337301783167,0.04050464187235451,0.06783093106106383,0.16221466161143053,0.5154678261002389,0.0219569681829189,0.046225853068945034
0.05127283895332204,0.022757297048936625,0.041603410020389364,0.012793688594210323,0.13940463593497335,0.1735820562648148,0.07426739091038694,0.25930199656546676,0.22501668570749978
0.12449774804096336,0.05611926038597556,0.10821144274677234,0.17409646553478675,0.05531640268669082,0.02992559498436911,0.17949531272150732,0.16358183121485562,0.1087559416840791
0.07368581980616812,0.09914211228589613,0.42624112772259193,0.21990231668199678,0.05822303467919607,0.023440101576821245,0.031389872987882046,0.03935590497047311,0.028619709288974563
0.09847763768412376,0.03350909972954499,0.05060944884423535,0.01892300981035772,0.15086028363202358,0.17156652813063678,0.3783979012673701,0.03053296684943275,0.06712312405227498
0.23386418884224994,0.12568249027515058,0.05857010209315911,0.21720693473668806,0.07187012363720494,0.03349078330943212,0.030530754905691165,0.09040456553579017,0.138380056664634
0.02542040780012089,0.03829119276753231,0.046159298432274065,0.03656544610716559,0.08939512900146644,0.23168108365938003,0.44076047280997094,0.03626506826149211,0.055461901160597626
0.040043484448838186,0.03927024124808929,0.040041803018088094,0.018816237658667755,0.11526966094453929,0.1137245857270472,0.43959459128762085,0.15193255236541406,0.04130684330169532
0.062025911202283755,0.04821967897350991,0.08796711453914619,0.19594915561673432,0.06817697539302198,0.072446318938781,0.3544975590938089,0.015038826186029475,0.09567846005668439
0.02853729958765476,0.046681291422426836,0.03451242394836105,0.021001551404944863,0.0673482924225247,0.35687939981620254,0.3767809921449523,0.010658859636958286,0.057599889615974696
0.03687566750108217,0.09059422843265041,0.6672230801612414,0.012900713414632956,0.07901204989494069,0.006890840778577166,0.023609139863616013,0.05581447665401799,0.02707980329924105
0.09730101535662976,0.05082657172306754,0.045397443644679826,0.08260540799340559,0.17119134321411034,0.06670531168868915,0.4171582711149544,0.022850893105549237,0.04596374215891411
0.026452669603180216,0.030822432791795168,0.10395186660394279,0.01141954568495191,0.07351824445376316,0.062108789703946905,0.5370346365891582,0.03427736240716817,0.12041445216209351
0.08106082376987768,0.06442951711649615,0.052918517723969105,0.03138684043313022,0.12622822924331895,0.07672522433819738,0.34201171952127823,0.07831836490141235,0.1469207629523199
0.1199924546152129,0.021557054695825844,0.07846774628642929,0.032844742101581635,0.30165358322239927,0.15523813987019297,0.03235801723668255,0.09652051799420712,0.1613677439774683
0.053031020877085666,0.2082567784143801,0.6051764230895817,0.015370379608666905,0.02953003395602875,0.009774871180507223,0.029863551707781363,0.018937534912536923,0.030059406253431342
0.050283328136295484,0.055063673334098145,0.06785824350332263,0.02965364636411331,0.10115585847976961,0.054453256855184894,0.5583049782977416,0.033962085674679364,0.049264929354794984
0.056984547684198444,0.0449132300611376,0.061724000945185174,0.09927644051879392,0.08162360162833467,0.11943498663985846,0.42167696280242417,0.028306374205960105,0.08605985551410744
0.0733764423453738,0.0355543963666485,0.054619488595179594,0.0394902578121528,0.018832737422107965,0.11406812450982971,0.5959810501948007,0.014451192746965153,0.053626310006941756
0.04411102875232314,0.06146484985153095,0.12041898865938788,0.10978622908831491,0.23115660205243638,0.07568251635300723,0.19833209134302732,0.03260027110853513,0.12644742279143706
0.07757689543744568,0.025768683732067147,0.031312465768173904,0.014069508623619864,0.049875946441440645,0.2675280220573306,0.1535505002813394,0.1115042853017153,0.26881369235686736
0.2048018819900513,0.12801721651766607,0.10117079946206535,0.05327926433650062,0.1289757660538295,0.01988857443591206,0.021240921995709178,0.21654798130066424,0.12607759390760168
0.1097101137252473,0.056008057600826715,0.05854547665733662,0.02197155352114281,0.04594233907953695,0.10518618669984525,0.46829264365319184,0.034204657259426,0.10013897180344654
0.11225818700327102,0.10842599346172617,0.08479629642755053,0.36846555741557724,0.11603046768188159,0.012578682029639824,0.05275755461502337,0.07020264229929245,0.0744846190660378
0.027988423614101716,0.020889066851251453,0.047921140175526726,0.03308010020439253,0.04467579407946237,0.13489497801674025,0.6114754663501024,0.026901020645915152,0.05217401006250736
0.11048610644002542,0.04950428506715223,0.06296495390091376,0.046784036415767616,0.02272213273649143,0.2102408632754942,0.09070463335865053,0.30891945927451797,0.09767352953098686
0.04579562493332348,0.0448936117980765,0.053514574298342575,0.020016462072813084,0.033912455252216284,0.20316635129787688,0.4705630223168841,0.025240568970100036,0.10289732906036704
0.12942740499584068,0.051413231971488754,0.07488345966346018,0.05151660176138142,0.05123689343951245,0.08260193135514216,0.12933552450350233,0.2934912005188814,0.13609375179079067
0.05612535927607168,0.02213863076513374,0.08057727597399396,0.12384723118014689,0.13470428345516686,0.06392361626060443,0.4218215445462615,0.04409835791593391,0.05276370062668706
0.16214074175380194,0.02519579778244788,0.05766970511430283,0.09055912592649738,0.16843459414553288,0.15485869621971304,0.021826308537486638,0.24971989489799876,0.06959513562221865
0.04311965471964183,0.04514517669609009,0.05745897379403913,0.009593688697504814,0.1068531073724893,0.4945692490967606,0.15543129913960727,0.03848978113697168,0.04933906934689528
0.07671061019439905,0.03692289328787863,0.05874155136374737,0.033772411941792625,0.05671685568445959,0.07001590533144918,0.5749659649108517,0.02259032840384532,0.0695634788815765
0.022896708334427845,0.014473949044788131,0.03462725386783338,0.02784575382857506,0.09791019427529389,0.22671807577050287,0.11730681831521422,0.056337861830938946,0.40188338473242563
0.09114831316984033,0.04485214447963065,0.057889700553455097,0.030595042585736226,0.022299662623954077,0.16871517967207592,0.43781620678330113,0.07452836238445805,0.07215538774754862
0.1312744191043892,0.13033822887526478,0.0656017956968124,0.19721641656146305,0.21403636112479804,0.024652876368389743,0.03409966114370292,0.09784148629586416,0.10493875482931574
0.11571993568767343,0.518838898885478,0.10717832609533821,0.049653615625061265,0.02178903554593716,0.018699905330957042,0.08215849726596736,0.05099337297628314,0.03496841258730454
0.02937617692533084,0.031807634969845865,0.06600081968144596,0.03349356143734472,0.01839775831887814,0.1505810695716235,0.5978195211568,0.02662586726569614,0.04589759067303478
0.14056038557834657,0.5556324615116612,0.15010222845312135,0.025548031610520872,0.02401234009831804,0.020485130865989576,0.03274137639296062,0.02981882386729262,0.02109922162178904
0.02793918353812841,0.04258712140700926,0.05172007943559268,0.10484683205904378,0.12024293693793801,0.10798184433586432,0.4782375318687795,0.02681044074936927,0.03963402966827482
0.0739469822597565,0.5981332197259136,0.171961260379069,0.06946293701028423,0.010241005774484396,0.014270975888819476,0.014508955028340736,0.018440584114300804,0.029034079819031205
0.13506982750813198,0.24575102020112324,0.1176289195397663,0.07736253458684304,0.09239585173850547,0.04317405388328598,0.07855852369492192,0.15337730334872923,0.05668196549869279
0.07078489211590973,0.023574002586621828,0.04548489013447293,0.05628609566200723,0.14070715772617856,0.04062990549177722,0.510893270992264,0.08208981875860454,0.029549966532163945
0.15020609458858322,0.0210202534990561,0.03252379132591601,0.020347480135998394,0.4207977462231692,0.014984734854109722,0.09992599609997242,0.022384650801627038,0.21780925247156793
0.08043341244919446,0.03748127599915028,0.04721226452928735,0.034044109015191885,0.04707465999270439,0.09096780443878212,0.5997826158229423,0.03596091748680887,0.027042940265938342
0.13005907474947834,0.06452952425098107,0.038791233246719785,0.024369283444870386,0.049462919664754135,0.1380143677637182,0.46800086472008645,0.029237231641694682,0.05753550051769699
0.036409631284555155,0.09890053094176023,0.10609274817842902,0.10039156475772025,0.18674988234383091,0.04149024536025866,0.031163668133027383,0.09865821100616545,0.30014351799425293
0.15283235684478838,0.03839395057775047,0.04006835656323074,0.12410125666734122,0.4276006034477964,0.03890320645011793,0.02697390445638718,0.05698679489052985,0.09413957010205781
0.2462893228184615,0.11168755896704664,0.056250632835301566,0.2279739303386106,0.12892425254383708,0.024861684921381827,0.029918191964786234,0.13344805338578405,0.04064637222479058
0.06639286943855165,0.026651887108615574,0.044298921604576075,0.10529435048892878,0.24386336873783088,0.03318647765363793,0.06051480178283691,0.16235383337210907,0.25744348981291304
0.04765578207838881,0.025908146676772426,0.06379465739999769,0.020965932705672197,0.19626618266237972,0.09698910440475883,0.08430390195555366,0.04424006925350473,0.41987622286297194
0.045403904178905656,0.5208362843462587,0.15032565998499695,0.03768477168720956,0.09845758297774176,0.02151617612092069,0.05467306420539264,0.03954892256728581,0.03155363393128815
0.12339696036813413,0.0981146462577673,0.06765865368776734,0.4015858763181615,0.10590361060732933,0.01718951145459658,0.057940060181138724,0.07273608690357257,0.0554745942215325
0.10117781969945838,0.03268766946076825,0.03937536710421344,0.05226308053613741,0.022933998319224175,0.10322634351686266,0.5605694902050153,0.020585782789863453,0.06718044836845695
0.033632365579635774,0.09778583842601245,0.5918717750889414,0.04846505866381856,0.07763061054898995,0.029061464312537755,0.059993137637750736,0.029298395143487855,0.03226135459882549
0.13429935975476484,0.10832456788245919,0.05411914192023129,0.48723921909116896,0.0197517707421219,0.010103936472984435,0.04855905365211579,0.09593925759320576,0.0416636928909479
0.10300565104545956,0.05876696631890837,0.061747059456239185,0.5071087515940395,0.16547971150445398,0.017826324970155214,0.013768488135567136,0.016108512292116583,0.05618853468306059
0.03920489585387291,0.09236997362132648,0.6379209745818528,0.015461113000247542,0.08155771791525188,0.018650650259991557,0.026836850302738857,0.03541169937682192,0.05258612508789603
0.11048082727133086,0.03706021599691837,0.028311435160754225,0.01198488685732945,0.03966272035472073,0.06120309454797446,0.6180979894157439,0.03856254161496048,0.05463628878026753
0.020624239583484597,0.04222035620296128,0.03921500941826151,0.07223485509389194,0.06743409997237786,0.07015912206548154,0.3910994546603123,0.1375654831572896,0.1594473798459393
0.14105577786023754,0.06093102167662901,0.0980077426988411,0.3288018971201409,0.1547038176500038,0.02091054283864352,0.0167434646046687,0.056853635986517194,0.12199209956431813
0.14102994261793664,0.09224148469598865,0.07485999911498509,0.04277473078529117,0.13185967711038962,0.07115843912423099,0.3549623827254898,0.015198825155275745,0.07591451867041217
0.06808183639575156,0.1882737721420862,0.09657081721439058,0.34142232778095655,0.09636611551087437,0.04949332886483371,0.05072555741075296,0.05567119998252076,0.05339504469783327
0.06896237899321701,0.04382005551914033,0.036542928576154966,0.281179804170961,0.019691157932537288,0.1021722686523135,0.09582096303110534,0.25690297516506705,0.09490746795950349
0.1954000724319843,0.0461607962840892,0.05371261388656418,0.3647733119182952,0.060946874125182134,0.08367143792585319,0.02692873557805148,0.061328037814494946,0.1070781200354853
0.07770923458200173,0.04333976539055798,0.03683803941076009,0.012776560721644325,0.026523158248957845,0.040294159968435446,0.6638251746955475,0.020895511670784735,0.0777983953113105
0.10402163667593871,0.07596006228383802,0.05956887676947668,0.05378650544516436,0.1433163944514819,0.13507051895658106,0.26652757727819704,0.047349982264092934,0.11439844587522935
0.07407202327702526,0.04186182826058085,0.07993223690881791,0.04885943384641323,0.582083733695725,0.030764414554440334,0.025958740894070572,0.02889189116782967,0.08757569739509719
0.054325652167849174,0.019194585698071854,0.06567705612787418,0.028309221294528064,0.12196706455529965,0.11084991960572792,0.48001084782210174,0.03221934322059997,0.08744630950794742
0.14049466137357056,0.06944317331904264,0.06431195610515338,0.45713228207318046,0.06304513014352754,0.02461774925187339,0.026808505410177607,0.0646844106922725,0.08946213163120187
0.07149091520912614,0.14602800185530243,0.4877870188919542,0.023455228505105268,0.06842620928105535,0.03856796074007712,0.04071926719123114,0.05321077808954858,0.07031462023659966
0.12162508514328758,0.06271697102399387,0.0519043414273673,0.06275660257707757,0.05151473858769207,0.10237968624324174,0.39845486219885234,0.03669884848738107,0.11194886431110651
0.054325652167849174,0.019194585698071854,0.06567705612787418,0.028309221294528064,0.12196706455529965,0.11084991960572792,0.48001084782210174,0.03221934322059997,0.08744630950794742
0.16932618907340916,0.04323870079581166,0.06263795682268646,0.3552979867531793,0.11443060276512303,0.04281465244407459,0.03944013692601828,0.09983049480832128,0.07298327961137623
0.038179667647878585,0.027062629647023505,0.05298681047314879,0.01969506644834061,0.06389800374583303,0.1314427630042189,0.5516763699038912,0.022178580661139133,0.09288010846852612
0.19026466710512435,0.05553987516799442,0.050172142345630256,0.43064998852569225,0.05942098688955697,0.04512479461204586,0.06586956443547376,0.09032755206098954,0.012630428857492602
0.18016076092753827,0.027237236084412763,0.06627375068612414,0.08887093800627273,0.28438981011492775,0.0825075672463119,0.049053213121036575,0.11693750635799889,0.10456921745537695
0.05857241444289396,0.044170523825114716,0.05743801833207105,0.015748498037984622,0.07757035995649166,0.1102936646601213,0.5204545028907347,0.019037587949798793,0.09671442990478919
0.10026411361307523,0.18197094181727147,0.22819034255335746,0.04814113891694973,0.022909922929858165,0.015560060920914255,0.28228394678684227,0.09339576641272325,0.027283766049008118
0.028569976663562494,0.026063503929444745,0.04153961871360956,0.019314109863096264,0.12928938985080138,0.15006855766238292,0.504194855019328,0.020442755040783325,0.08051723325699128
0.031248582367101988,0.015456506480374976,0.0415091437933384,0.06134136532407708,0.06598217311159554,0.1304175731428337,0.06629302901119026,0.09654148705803904,0.491210139711449
0.10668577285815783,0.10370265592088979,0.04692832431349719,0.028874796749389156,0.08546043552757711,0.20955727362610477,0.3604360852869142,0.020908881827147164,0.03744577389032271
0.19593288494192015,0.05311633507571143,0.08256267396784282,0.4406056909392176,0.040172755267044634,0.015613871906138582,0.043039302737958814,0.08998605810794502,0.03897042705622094
0.17973109539593254,0.05605850352622712,0.055458021155818306,0.04290909451682418,0.441635162025853,0.03281163363536393,0.04029388181496133,0.054009011432016696,0.09709359649700282
0.10040775304867504,0.1253394890689391,0.08482888987129716,0.053570341196272776,0.24747817978576447,0.02965485114634016,0.21855983744955865,0.03508187874648587,0.10507877968666675
0.11104288641421656,0.03255667961446795,0.08194973427955708,0.5039458927184323,0.11370136819238219,0.029869203013334206,0.020664320916392004,0.02614984853954189,0.08012006631167573
0.13600321407623606,0.06508027076083663,0.07171508833196658,0.4679020824359667,0.10929477473884748,0.015254944932917541,0.03962002860962201,0.05616527514378061,0.038964320969826445
0.12831933960814057,0.03867702898487513,0.09901832270662346,0.10922937043552765,0.262048945507617,0.023455103490170253,0.12110779308722792,0.1269928629511353,0.09115123322868275
0.028609803608796138,0.1179523476016392,0.06334366507893492,0.07244962366578434,0.07143657401288349,0.058971766314266684,0.4788568661894866,0.023014341467069387,0.08536501206113926
0.1709057507102636,0.09366862729027074,0.088798218169814,0.08920003989199625,0.0564218561798984,0.011684548484835966,0.2439193373556144,0.17937538109449833,0.06602624082280836
0.016039410297072523,0.08864665131981087,0.6612557156391647,0.01076185448415199,0.07209520186104251,0.04958569687262767,0.02831373728356948,0.031491827695591904,0.04180990454696826
0.07811381346913589,0.029385886850536475,0.05391193895611696,0.009600408152632122,0.05719454551878068,0.06869808222243708,0.5813716043717483,0.03414404679066275,0.08757967366794976
0.014239479752739781,0.10618949272756321,0.04852930888653484,0.014093454063607248,0.059759176773687334,0.05320056415081522,0.6231110645637706,0.011995258390629308,0.06888220069065243
0.014780554126771981,0.012570129773453292,0.04057035454811222,0.038414665947706275,0.03623209124707054,0.1417737284612368,0.6519883482448156,0.012598629998842764,0.051071497651990594
0.20393995528836525,0.0398196338375312,0.030738380560794153,0.026820956331421383,0.027024222931326666,0.13110597434700122,0.02486845580715109,0.36991131245262227,0.1457711084437869
0.1547307950013018,0.16135114291468564,0.07796965650226038,0.330235009439328,0.11471002182443642,0.05392219182785638,0.016368275155590587,0.04640067567967223,0.04431223165486858
0.0611037430071158,0.06608808529130503,0.06456332318421548,0.0986906737454749,0.05113409806373336,0.0769611865585233,0.4343782393141257,0.045265500372286216,0.10181515046322026
0.054400848074537524,0.05611111908363351,0.038890339344076014,0.06592858909217399,0.03150123546428877,0.10538188381515874,0.5240451027153583,0.014484998957507047,0.10925588345326609
0.2577131507294328,0.06455432729920935,0.09924681711999335,0.06166889655154941,0.19769623002671852,0.019133752733539993,0.03553970242926582,0.17718514306649633,0.08726198004379448
0.10046809748086565,0.050374405005486934,0.07214528523897006,0.19771801775300454,0.1122261105230159,0.11129942733511948,0.20956875776305708,0.031197713322524634,0.11500218557795573
0.09251225176677186,0.22922565922693908,0.10454535635573585,0.11472744173302013,0.04900980175120458,0.014294873251454468,0.16081170394088065,0.04301959078471168,0.1918533211892818
0.06215774915823677,0.24474436716699813,0.39551480822697216,0.04226059740105107,0.03794783611383606,0.014196459715550655,0.07405454824216263,0.03837486205253304,0.09074877192265955
0.0445871502865183,0.021912434161274072,0.07335124440124478,0.07114898502788881,0.5669717745881099,0.12083827480912794,0.03543158779872688,0.020807904296505815,0.04495064463060371
0.1449727439999334,0.0827069153031766,0.12509812105672863,0.2860437114137613,0.12957434449166702,0.03227081710698026,0.013056380831514556,0.05650896766328641,0.1297679981329517
0.029741480094284303,0.02101753347017112,0.053817690598557316,0.035890653566661865,0.14008549642633325,0.17545065566073434,0.030759544203726383,0.14608875970963595,0.36714818626989537
0.16194301984757456,0.05564813396728139,0.0415241027399053,0.3682451813051782,0.0800087177391172,0.044309892321618714,0.08964078987037034,0.0856303047657207,0.07304985744323356
0.10670095374756927,0.4760534938288799,0.09135354306997061,0.14458928878163446,0.03812786208237316,0.012166319452625569,0.059531414057041356,0.04196138029799234,0.029515744681913415
0.03891600739072259,0.07283816353070997,0.053571901165665514,0.11714361629725474,0.14372227830331696,0.1928308861273483,0.28320697865519756,0.027133979909413953,0.07063618862037047
0.07300786410938319,0.03947456148995827,0.03829665500559545,0.06676909927934858,0.07044551850730353,0.030850702345112876,0.03917195954100189,0.5450044060620245,0.09697923366027167
0.030729160130218428,0.047755459179951866,0.08715647941546208,0.02224571839106165,0.08637112541342518,0.18655431592088143,0.4046846575096736,0.02344826091913169,0.11105482312019409
0.034354364461321264,0.19006552074309221,0.4912164174666723,0.023680190401109368,0.054400446047850694,0.013230431484156951,0.04313248378668311,0.020397309710328552,0.12952283589878558
0.08015195338393848,0.20389650716205507,0.12381802580112411,0.03781444902273929,0.35897182138438616,0.09826232858345674,0.02420710577089497,0.025721861639560428,0.04715594725184467
0.10580140866034275,0.04232142992357361,0.04554144416754278,0.035747809105134525,0.05616782013113219,0.1115990686046482,0.5019749389244202,0.03587554784677098,0.06497053263643467
0.1324909214659087,0.07449610765851566,0.04528249325730263,0.033095949209075146,0.05679490184844027,0.12266306633541364,0.4221237847151283,0.05949522675003064,0.0535575487601849
0.057578376605473706,0.05372197889036631,0.03272967926743651,0.078568329500718,0.10490630073320999,0.08753634154511288,0.5073621841663397,0.028287089876012264,0.04930971941533071
0.03191821336228643,0.06160568448132989,0.7187527522158005,0.012340581174678497,0.0502664258635418,0.01212901796508433,0.021156137853508977,0.037846340404653955,0.05398484667911568
0.16857512704636549,0.4971780237286954,0.11305328854305839,0.034955242610660575,0.018616453096489433,0.024465236514944293,0.05935459344079561,0.05960728032172561,0.024194754697265175
0.19524696642995085,0.040951800255136034,0.039508633925882726,0.022612253996371456,0.20308415556970472,0.05956839634213625,0.2787126088420185,0.07824121096591945,0.08207397367288011
0.088232404989538,0.030733797539060016,0.0668537763809696,0.04076442644314041,0.5306888888504117,0.12804348011640912,0.0519841174935606,0.0201706711889052,0.0425284369980054
0.25571643189263366,0.07998545734023055,0.0508063584180036,0.32289587955071847,0.07487199809884448,0.05464729109444739,0.0467363223368946,0.0852956530053079,0.029044608262919252
0.32053101339774875,0.18412397806875888,0.11226337450207036,0.14132801463215935,0.08026224513456778,0.013121236833741607,0.06723124681042847,0.0465004114854076,0.034638479135117174
0.05456705183096542,0.03638031889848246,0.06866490090822595,0.030193971143104754,0.16588134184601858,0.08433246645975978,0.44086280415876344,0.05849487699847152,0.06062226775620808
0.07169615195479365,0.47646181016161965,0.1321662635686747,0.08206699406155425,0.06549714866390881,0.022988910039089632,0.053579789540268985,0.024758304196706733,0.07078462781338359
0.05487300452791957,0.03246483431276557,0.052272222727793895,0.04359832348657772,0.017565375471528994,0.11499753531486612,0.5532859550877749,0.02770361167009866,0.1032391374006746
0.06549427030255515,0.09952914755182772,0.5699608778465679,0.02474588187585113,0.09798639917530878,0.015317035291026843,0.06953438867333667,0.019695531508409175,0.03773646777511661
0.044130436715321714,0.20004636377702437,0.3405503966563348,0.06758843777287628,0.12702878509725432,0.03205217458532057,0.1019937664078628,0.02468635658373224,0.061923282404272854
0.14068291477117248,0.039663191794342176,0.06322352931395732,0.035951487996203395,0.03651882929648723,0.14974482117030521,0.43613119258426875,0.05956092265164003,0.03852311042162346
0.12119738936043188,0.12311226630212484,0.18447282149887825,0.31757344992684344,0.04572650659399063,0.016863516625176277,0.07283055766187922,0.04367872573236777,0.0745447662983077
0.18583658476961196,0.031406269684733805,0.029638685615401793,0.04624910894910048,0.41811687066199626,0.03539345976330782,0.0309780405651562,0.08607420859924188,0.13630677139144975
0.050935438462854886,0.05541171813918563,0.21602564278498204,0.01748608930255731,0.22886316390969352,0.07040076082024958,0.14878804213301386,0.10990952451926994,0.10217961992819323
0.06682467653651654,0.017086621906188964,0.04119215709442902,0.0823717623440995,0.26510615009002897,0.03890111058872398,0.017015905997243494,0.19717728814181412,0.2743243273009554
0.06149945185758723,0.04755407202271442,0.05845508070824614,0.05796268994088074,0.2555095157962169,0.0488099921985897,0.31027370114833247,0.0696823690976603,0.09025312722977212
0.06657129040272114,0.03463669181313202,0.026958336238250873,0.03289943264265228,0.04483822157208934,0.06520518481244114,0.49235852594628576,0.026750552607974386,0.2097817639644531
0.1776205911080572,0.028833802366596734,0.034050265491896436,0.051321427705750655,0.04089368625949678,0.08019653055592593,0.02378499893883823,0.19886792771336537,0.36443076986007256
0.039569092346283634,0.05079200632438289,0.041038847351568125,0.016557980044010948,0.06550589834506164,0.14501732769259743,0.5600719654088202,0.020531013711030468,0.060915868776244664
0.2299696925014001,0.01799419229101222,0.05320707684894097,0.01652503144578449,0.04037192972767447,0.054987547671515036,0.02477085109055643,0.4527398250154954,0.10943385340762084
0.1639153827613382,0.07048516082276164,0.049613517237719,0.5293290742646218,0.05002787151982488,0.030957241334750085,0.03749709420335905,0.03005451998143514,0.03812013787419021
0.1776461410331975,0.03232626575590815,0.0443795414803437,0.036924293870060444,0.043871789516366416,0.049197143003616835,0.44542156399711313,0.12231436124594468,0.04791890009744922
0.09937623103108771,0.023823217166954267,0.059529949068806966,0.06824308671002578,0.24973020237249824,0.06418295261390704,0.0189350794188403,0.17618851333033692,0.23999076828754276
0.06714336612667858,0.06580986537243484,0.04181353706830685,0.057000517702431384,0.12884387619911053,0.10086065187862003,0.39990519119236234,0.028550528721029176,0.11007246573902628
0.15130462475734083,0.03079679700353472,0.04350018207358536,0.3517002278844064,0.2796336907747327,0.03890086062118773,0.01515570556253125,0.038193407458507855,0.05081450386417311
0.07834548917078692,0.03791073731152388,0.04339025836328483,0.06321354339385606,0.05039544941720745,0.15420938240260681,0.4285212059953171,0.12342559787441576,0.020588336071001304
0.09473616040808712,0.04309925979344217,0.05645047723040824,0.034604007000042854,0.14246206174580803,0.19329603402713133,0.3006340016019419,0.030119907589347922,0.1045980906037904
0.3245541268921099,0.10448871889918204,0.09592694077983276,0.08716358045010315,0.1915295326938459,0.05847359053259462,0.04383475668816474,0.05120606556755486,0.04282268749661208
0.03199525241885009,0.04618900958778999,0.05979008660814778,0.0646517542686665,0.11745835013677448,0.08762913916851696,0.46181730206353633,0.01875713827382322,0.11171196747389461
0.09768122006366008,0.03983653932771686,0.041125165660096885,0.04466415220230255,0.22374714551340336,0.07228457664876081,0.16744570920802607,0.09264469873601876,0.22057079264001456
0.07511551143807778,0.03305441283193087,0.07922011050315757,0.05077076505087011,0.036694331739339094,0.11195144121940524,0.06282858020918754,0.481037138548084,0.06932770845994785
0.04618475369384911,0.05948372387747854,0.052413215679979815,0.058596573654476146,0.1460983444017524,0.09911809885474172,0.39744587946678117,0.01371374529488431,0.12694566507605679
0.01823288638527233,0.04278165518848479,0.09596820816712859,0.014971337932741524,0.0935822091902279,0.0823955172617855,0.5838383954005337,0.026611664637200175,0.04161812583662549
0.03668743208947999,0.1900943148886615,0.25032383076155335,0.04587532915461925,0.06239678479530383,0.17856915972583187,0.059323934902369445,0.12161510602201829,0.05511410766016258
0.08590863831771049,0.028026679583150495,0.04679705635145609,0.033101799727998725,0.41791996655150615,0.06097243595877169,0.007138448288518378,0.16318604433158157,0.15694893088930642
0.1393108819074196,0.08983162464374826,0.09783080031723433,0.12636309341401805,0.07930510465668626,0.0361426747208966,0.2662240818533843,0.037161305530672824,0.12783043295593974
0.043740781213374526,0.0583249447252667,0.08482207448163509,0.053195996378109865,0.3118616890228322,0.06456553113475443,0.27292326122597954,0.05225109505664857,0.0583146267613992
0.02404577544379698,0.12608352462074374,0.6116606752823609,0.02287687469386571,0.0966369154037194,0.011012772522069706,0.04450136971621823,0.02773088777246055,0.03545120454476485
0.30845448533772596,0.05911656418465555,0.05410469255176178,0.29360268031440223,0.07736395818377757,0.03740481128707008,0.05408575567201723,0.08171900953668072,0.03414804293190887
0.08405569963401276,0.018350243538742598,0.0389368772832463,0.02905551352873233,0.20472204321332363,0.3279859681614082,0.06528419184456384,0.049121501070197034,0.1824879617257734
0.07867468308985752,0.014261627217838288,0.03771850857033306,0.028802874550917835,0.08600429902820184,0.15794584548830445,0.5069003462993505,0.0395631667481904,0.050128649007006094
0.07569411401761887,0.020840402714312336,0.04097363142691899,0.02332184152305374,0.050843531302970764,0.19411268038850202,0.045211689803530554,0.47892498557340685,0.07007712324968592
0.05487300452791957,0.03246483431276557,0.052272222727793895,0.04359832348657772,0.017565375471528994,0.11499753531486612,0.5532859550877749,0.02770361167009866,0.1032391374006746
0.043134646388288705,0.09348178663166155,0.043746345717108275,0.027313933983745084,0.10657988617766155,0.1240650165883977,0.4119473782510215,0.04083446210592443,0.10889654415619128
0.02451655040681702,0.24251029786899525,0.49145329791922254,0.023582176351919226,0.06190159895518871,0.0062766642130825355,0.07057575290962391,0.02729564165748724,0.05188801971766368
0.026579536651769774,0.06215329162176814,0.05113148970078638,0.060743944348848534,0.054664384779032966,0.14975594442526,0.4433480211019322,0.017317662576416766,0.1343057247941853
0.03471428045452002,0.023523641975262605,0.03532723900037726,0.03383322743415761,0.19102401260138793,0.053374802793935895,0.5115480230382173,0.05261622385127985,0.06403854885086151
0.1357131194495472,0.0156109181350915,0.026369254328691253,0.05274768876142497,0.06691798715275395,0.09815135618873394,0.15550542907763024,0.10395828576176956,0.3450259611443574
0.11284528408878075,0.043433803386016136,0.08881890901431704,0.024590869432605467,0.11544623709769104,0.14620827760512048,0.29372300667002804,0.09252792219917959,0.08240569050626145
0.03788886470954791,0.03516375215023369,0.08249046461682581,0.03492287895008861,0.0920075436296106,0.09500012283754644,0.5310247229134749,0.047101698981590556,0.04439995121108142
0.10266420691923074,0.1725247649280736,0.0910478005730142,0.17128629255981018,0.13762994390967734,0.10154911039469429,0.03204334902103489,0.07030573412126913,0.12094879757319561
0.10856354126582209,0.08892190026050417,0.6489447541658631,0.0257471779948588,0.0332010540100384,0.007966799702979291,0.03815641097362409,0.0202762439927904,0.028222117633519728
0.15949110436607866,0.40550451408417293,0.07924713465460312,0.05214881549743505,0.08163877613876895,0.07511506990092856,0.05858426190551117,0.03702304224721654,0.051247281205284906
0.08804142326183502,0.06863712170930193,0.04348529743174967,0.019017265771288455,0.12258759474368897,0.04731155387317168,0.5094119612862681,0.04013356979068036,0.061374212132015854
0.09387458589627062,0.03677998917457458,0.051260388783827826,0.05758676139191287,0.36200427607730745,0.0406697548046078,0.029496983417928183,0.08956945196172987,0.23875780849184092
0.12831933960814057,0.03867702898487513,0.09901832270662346,0.10922937043552765,0.262048945507617,0.023455103490170253,0.12110779308722792,0.1269928629511353,0.09115123322868275
0.043577518742840875,0.025102651728332342,0.056741689464344526,0.030960818559947312,0.026185858840093557,0.07091591196741616,0.6922697077558603,0.011142180218604405,0.043103662722560505
0.05169014597367722,0.04417785566097932,0.05805621472678459,0.02811275144320265,0.024609844456518596,0.19846240865356868,0.5045703197933645,0.04634055040411181,0.04397990888779263
0.3503659674392403,0.07361844230200866,0.0329203851281492,0.18575004814598417,0.03957027950182254,0.017067247623407944,0.047178672736218896,0.10779935845510874,0.14572959866805948
0.053102984200504404,0.01021290400229302,0.026817147419951493,0.021358533915901798,0.03220343536618088,0.41222459441673925,0.08948500770660824,0.09688704212520731,0.2577083508466136
0.08241705151728575,0.018872315890345787,0.05008867577170417,0.03145110641864202,0.1570992832667056,0.3300572806231347,0.045960902051588724,0.09184268200283437,0.19221070245775887
0.029707085865066932,0.0744531546845509,0.5496183292267833,0.020383476616588462,0.14334817026636587,0.01907346497436901,0.07544367215841186,0.015386738455907203,0.07258590775195638
0.1256596556961619,0.062397503167597734,0.07275451323248587,0.380341748549654,0.11561143612426876,0.03478344898506458,0.02783206653302683,0.05247334682159213,0.12814628089014818
0.09185242024330975,0.023195005448086142,0.054424430289398584,0.019144581982188037,0.13609268917215214,0.24597279061040786,0.2149408129474761,0.05597786137183023,0.15839940793515114
0.05589556339270179,0.05473374984477406,0.0638682683428451,0.14175389206187305,0.23014287982482043,0.09852361513549308,0.24104258204534226,0.04118538561711603,0.07285406373503421
0.10523185372387811,0.04926574153170493,0.02795965036023429,0.05884664798664441,0.025864777317785078,0.13743594680744745,0.050664885243563995,0.5097962933030143,0.03493420372572734
0.15674991101356697,0.046608764866474806,0.07573758355850226,0.1369883154975473,0.38849138134873545,0.030374069781255546,0.03701068236395356,0.09264649074146203,0.0353928008285021
0.0568030231945264,0.008918585040062621,0.050727861180273275,0.0246037668095649,0.09098309007540324,0.1417009263109983,0.5756307673912283,0.012810441047251722,0.03782153895069126
0.23321138494903648,0.07482432390188831,0.07478073380229032,0.3351338573403913,0.036541228878767894,0.020476046279025707,0.1478364827156547,0.03749496109265877,0.039700981040286444
0.0761911331578166,0.03162467569895012,0.03946742152101317,0.01562711858944574,0.0809780949046879,0.12849571611635247,0.46912228796893646,0.054914698200228096,0.10357885384256944
0.1700148119899444,0.045483932552541656,0.03889030357633733,0.01655106766980947,0.026617863572921757,0.12765659291585113,0.5167527547026728,0.012381256356623549,0.04565141666329794
0.03376065983189781,0.05819545807131143,0.05817379341236654,0.04196215917673452,0.5897856129282611,0.020905030819164987,0.02305799305205003,0.013507515391871895,0.16065177731634162
0.05292409651702692,0.008740586294038495,0.024194807137379926,0.01711869332069479,0.0670337137186535,0.4283628768320233,0.1055958762572856,0.19979702943909317,0.09623232048380431
0.1383919241839858,0.5604545852426566,0.0533881311293784,0.024605767299236223,0.026883059421084644,0.022868777954062596,0.08885964223947125,0.06693164394420333,0.01761646858592114
0.027607734696923725,0.020004015423643304,0.06705403997143398,0.12029688077959833,0.5065470601497234,0.09885802558293018,0.07652001047461228,0.024938113477993407,0.058174119443141416
0.14654038973097505,0.019697394321700673,0.03412520334122515,0.023477976396653815,0.15827941938678436,0.059220318301898535,0.478279635121933,0.04049494411072254,0.039884719288106836
0.2033640993908852,0.058192848621501314,0.05098836576538793,0.27124623896871136,0.07296241805796701,0.07907947909797762,0.10043870515515746,0.09234640676732013,0.07138143817509202
0.08186060736518506,0.20386118726515243,0.5887829746163736,0.014925011636798149,0.014424480105228107,0.010294298048707644,0.012307831931086434,0.039138531492550165,0.03440507753891847
0.07656368748265903,0.08336369781529251,0.5005045863323739,0.017663815640746757,0.06351894051723975,0.09547699732335362,0.08815014725365518,0.03999570027003211,0.034762427364647026
0.07861811640890777,0.060685713432020005,0.05385389965328128,0.05578702797623053,0.12780374887483612,0.18362646467480306,0.26346075096664634,0.028239176991326272,0.14792510102194859
0.2261193059807021,0.04377452906634948,0.051022551722227825,0.11956105757621427,0.1649247084297117,0.0779485173709733,0.1712941568192825,0.048447745924652834,0.096907427109886
0.035481064792451285,0.014389836922517087,0.042749732929848155,0.052475573980560096,0.06900330502521969,0.4140333720679949,0.10094853490139466,0.03656836303673105,0.23435021634328315
0.09787535662527874,0.02713618150720466,0.04529366996759677,0.025631925537188464,0.06266451452115059,0.12060907472027278,0.5049261529305589,0.054601924165089216,0.061261200025659844
0.07556158306828366,0.023116923961652085,0.05092333183438435,0.018720558799390854,0.03865834148352442,0.13592064416209704,0.5709038652861472,0.03793752474947549,0.04825722665504487
0.10719851715821789,0.03260553997671963,0.03537035363645177,0.05716037974547337,0.05065411076980852,0.051571761359577306,0.4726823258110831,0.0867783190427669,0.10597869249990156
0.07155167817327875,0.05550735587105211,0.039666026937600206,0.09132298934684983,0.09580642675728245,0.0797172492347914,0.32533033882402107,0.032845456894006926,0.20825247796111732
0.037870151928373584,0.02411209085746896,0.042969440103323535,0.0627601291096557,0.06916923576772456,0.10165014883163048,0.581233777734019,0.027538399359797638,0.05269662630800657
0.04616101691084209,0.12678096809792222,0.6235700648485781,0.025760054537577917,0.07712714627295313,0.006328826744772195,0.025941877293029044,0.03961967942674959,0.028710365867575697
