0.10464564991564702,0.06338594835982171,0.10413211670346693,0.06530545105934871,0.13905025484262765,0.1050812653989573,0.2009251074384434,0.10110323620644025,0.116370970075247
0.1056248173969085,0.1110629652592141,0.11273453626581013,0.059547565944301856,0.10446508973397693,0.11475436887438695,0.1657561352911808,0.11224981156288034,0.11380470967134036
0.07722471071979131,0.3005182293659545,0.08947932529629447,0.09182996727925534,0.0752474979009826,0.1039468933278916,0.060449480346962646,0.09849284717024455,0.10281104859262295
0.10074092346222023,0.14619144640917495,0.10559006829916136,0.04677212754954058,0.09583252973862555,0.0892682516043874,0.20076890431469432,0.11035786850369865,0.10447788011849694
0.1586820404825299,0.13071275016379533,0.07898281797655264,0.11914156069823917,0.1346194047714102,0.08496371826379485,0.05359598892399661,0.12018679421754137,0.1191149245021399
0.10994294803192241,0.09658742650046025,0.12794290268630468,0.2670837482835356,0.08338206474404058,0.10127165880913297,0.04645539511475166,0.08744793242775496,0.07988592340209691
0.10905566961589218,0.11221452526032487,0.15624356104212236,0.047094063659477915,0.09867182006958859,0.09763694857721451,0.17895951032156776,0.09190128517927244,0.1082226162745394
0.10530018128990026,0.11887487767618543,0.11055955629953769,0.09231364371795814,0.10338666259153978,0.10715750590197941,0.10753752314935223,0.12939856855352685,0.12547148082002016
0.09579473243275344,0.09431456463942738,0.09663529015702314,0.04364923683280831,0.10379422773965481,0.06100469778661552,0.268511684260408,0.1113582486055314,0.12493731754577796
0.14376019832782885,0.1300203277164019,0.08829523603068844,0.10889807511437798,0.1244885929661708,0.11358983421444858,0.053347856794997456,0.12491118891299414,0.1126886899220918
0.1340537833280983,0.1498077767387946,0.07957110545115505,0.07539507361651175,0.11631308515559824,0.1154143830284237,0.09243304357252342,0.11520655107417728,0.12180519803471761
0.11219161685822036,0.09443937536100884,0.08909146295103663,0.04343939300297588,0.12109723111408209,0.07191520850052102,0.24077362018982618,0.10771138109971218,0.11934071092261685
0.10730173712911355,0.10153634459231521,0.09825593928480109,0.1195257810800429,0.10153174175111941,0.13453869526893328,0.10503554981233948,0.11827346918071613,0.11400074190061889
0.120866585374601,0.1655603877090696,0.1330579499568072,0.060462593902812056,0.09177865407296992,0.12059734539844214,0.10417139053650122,0.09189541607855913,0.11160967697023778
0.09972328889672255,0.13909005392961107,0.12575318906179503,0.08678605052270057,0.1251877272186681,0.09253888464685406,0.1250718800547261,0.09051103152032891,0.11533789414859354
0.11171977086967648,0.09273657337184926,0.10553005311314233,0.08076088260552615,0.11794695939664951,0.0921081919055619,0.16803895015424983,0.11745151824695345,0.11370710033639113
0.0998347026696191,0.17990480966451072,0.11031419428018685,0.04065734254204825,0.08743023970888224,0.095999226545619,0.17961527885588632,0.10926952072552787,0.09697468500771973
0.10873743997317342,0.12422305729126015,0.11886775375426316,0.07417101436969233,0.10515969633638422,0.10625304253084182,0.13426390177903638,0.11249921302161126,0.11582488094373732
0.11695480892999939,0.045451071602640114,0.0743849754281192,0.14914322043843775,0.1251507788311062,0.1543313126614503,0.11605696899884925,0.10380956252170868,0.11471730058768909
0.09708148700308288,0.09274410713969657,0.10505765122675537,0.06746407536561655,0.09360329055884757,0.1901405379843922,0.12698534777078999,0.10812476326367611,0.11879873968714283
0.10645912626448749,0.1259730423536589,0.10826424651949973,0.08997876352654281,0.10510525275513272,0.10069393005539969,0.1322194049782417,0.11564210880694932,0.11566412474008775
0.10518375228018621,0.06633218713666415,0.11560891107048198,0.12765306513990596,0.10343254253430784,0.1552624021516632,0.08309442563333248,0.1260477014192573,0.11738501263420087
0.10761366773950143,0.0714933152719654,0.11060643614441856,0.0638034252900503,0.11657870845482698,0.14473134819178957,0.1567085342360212,0.11131153529531419,0.11715302937611238
0.11211747676908539,0.09135717946929345,0.12825363507145152,0.08512879207194234,0.09660855695078037,0.16409610233439317,0.10166807211102323,0.1068219640062994,0.11394822121573112
0.11743408539330964,0.09903026574091522,0.08427347527408123,0.06540020490952646,0.12631454961894092,0.08845320594937607,0.18545107889460202,0.11014013578610064,0.12350299843314773
0.1017359559555212,0.14563933033075127,0.09633004241335413,0.09564252884407481,0.098940300507051,0.114613481624374,0.11991070961339345,0.10944092393254685,0.11774672677893332
0.11993673230625296,0.0930911069892092,0.10346844179181447,0.06631761015618255,0.11293225221934818,0.058140173552108106,0.17833100722818793,0.13271006579041475,0.1350726099664819
0.11509832440479882,0.057329728372442885,0.08633597629622879,0.11961152057693529,0.12214174586796582,0.14725533298813595,0.12149337162342559,0.11590035299730257,0.11483364687276439
0.10129075794911051,0.12887793776682535,0.13509429217761212,0.07649476994110863,0.12026399881033041,0.09547456042334068,0.13463431214479116,0.09325104300135267,0.11461832778552834
0.13071293634540246,0.22947764396484918,0.08937327854177263,0.06654197482940154,0.09464382164820205,0.09272832468811552,0.05691573473435324,0.13082388143457394,0.10878240381332945
0.10944491328798528,0.06882502772232565,0.09228099116812832,0.06463619731516396,0.12670372023353946,0.13103199503957982,0.1785535121538997,0.1091774494507471,0.11934619362863069
0.11463666419320977,0.09115340441596691,0.10328439022385366,0.06350668646280301,0.12757836165173284,0.1425435097497191,0.13219442808273735,0.10906858973999284,0.11603396547998451
0.11889728321369593,0.10412592874488184,0.1382365550977834,0.19473721286936865,0.08678311782389651,0.08057149755079691,0.04598926224723084,0.12538730966664483,0.10527183278570117
0.10792579063840274,0.17429987867331398,0.1201286397359816,0.07791362447371514,0.09519247680675513,0.10637555451781759,0.10326838478757161,0.10000165936705029,0.1148939909993919
0.12431306489497218,0.11758588784618294,0.10524688648010581,0.14815217296442326,0.11366615943248475,0.08677437116187081,0.08462866635232463,0.11112158946186235,0.10851120140577315
0.11226389286515642,0.09051940534633611,0.165929883609463,0.12399040820359881,0.09969376113284255,0.08882744703804385,0.0738950379885726,0.1321135831874595,0.1127665806285272
0.11012912965372808,0.0675339172574674,0.12603643677106877,0.060455599955656726,0.12186245077947296,0.12143306763036528,0.17093132025175606,0.10138533964908636,0.1202327380513984
0.10765635646831138,0.06547913446645524,0.10517664460923769,0.07503379919659837,0.12714517276183004,0.1408334134001322,0.1599554736379248,0.10488746460469633,0.11383254085481398
0.11519910806375244,0.09340642390727612,0.093825758844978,0.13530681334864222,0.11540122499389398,0.09369489338548397,0.13118767908098364,0.11004943148723771,0.11192866688775187
0.1044030657785509,0.10604934444482066,0.1264500744763466,0.0467462166666879,0.10557157842672643,0.09833096723416086,0.20150577103378073,0.103437172437425,0.10750580950150102
0.09294359539072679,0.06762138244247111,0.13096152430287286,0.04530474069373951,0.10476345750719186,0.11847923935004519,0.23075871164834885,0.09182217054058917,0.11734517812401467
0.10924014316081943,0.11875865594068209,0.10629554958069061,0.14406964936222677,0.10272873910702984,0.09683279947528729,0.07946231684062574,0.12493413085665116,0.117678015675987
0.10865131556512365,0.18539128559751802,0.09231569308676875,0.10068934851243001,0.09270827290275539,0.09533775322578085,0.07888950901184971,0.1283621853960157,0.11765463670175784
0.1038972816266535,0.13594625466983679,0.11047581206742219,0.05864300345189231,0.09653953553769536,0.10872313790351258,0.15196229153407195,0.11800964451111072,0.1158030386978045
0.10216016960395415,0.07465695384645361,0.185750120350871,0.05128182190765446,0.10479050691129022,0.13021679809153608,0.16296030219541144,0.0843425199337197,0.10384080715910933
0.09807507436437952,0.17039455936122308,0.1163337264170739,0.08210430673553278,0.10053093214484128,0.09773384373611171,0.11679001746841601,0.10178783677788117,0.11624970299454067
0.11904818013972585,0.21042950217964473,0.11749141037769877,0.06402393899608745,0.09626188758409225,0.15861467663083492,0.05038721200272286,0.0889511223762568,0.09479206971293637
0.10458087980883819,0.11297199264475118,0.10948381512968179,0.06597520561253128,0.11288346694381196,0.0846244194980345,0.17985862464138033,0.11531406098463563,0.11430753473633515
0.10006332074047303,0.0655863674954736,0.1346452502464375,0.14931449693069146,0.09725947931485512,0.21215611795401101,0.04534480968841114,0.10237562837855592,0.09325452925109122
0.12215535464769829,0.09284312252762268,0.0866420457502381,0.14245827338468456,0.10727918549249049,0.1818859263186533,0.05272624803920419,0.11131127105657318,0.10269857278283516
0.13176946778328688,0.06758127453636531,0.07682692185816041,0.13827222842407463,0.12405121700837711,0.12792141452898376,0.08539702318240323,0.12153027221868506,0.12665018045966345
0.09143471514588362,0.22920507548899072,0.1036954129512176,0.07638230433634559,0.08536862682828976,0.09889583467520284,0.10697699768704054,0.09583701153073983,0.11220402135628949
0.10312102346873049,0.056888134869634864,0.11375370029658168,0.27561579811369735,0.08911002224512908,0.06592208212524465,0.07744530581455855,0.09460824355465293,0.12353568951177035
0.10353717549920445,0.10381620497309746,0.10234307248103902,0.05970814734134646,0.10667369421661828,0.11746762688672557,0.1841628599855446,0.10636633760407183,0.11592488101235238
0.0980563285060639,0.18003003257813557,0.10074380543885038,0.04254097207368001,0.09508357792576466,0.07624785087863091,0.198991837775514,0.10855824996687306,0.09974734485648744
0.10445767632020451,0.11005155258744903,0.12564175818391943,0.03541886304050725,0.09729634182112751,0.11155376814529006,0.19942005110549732,0.10801823794094023,0.10814175085506471
0.1110949860440728,0.10828969286728667,0.12927180254716775,0.09764373048184771,0.11108308348058986,0.1008384826299276,0.09020873115793397,0.13053145942800978,0.12103803136316398
0.10581181410490519,0.15790147690206605,0.11886974434710186,0.060223450939637636,0.098590030648537,0.0876915224772357,0.1486908071167646,0.11566600201916594,0.10655515144458595
0.10574088872377417,0.14072242207198762,0.09854416171124143,0.15583135861558253,0.08943644807142764,0.1184885884138192,0.058856839799958593,0.12121139752253046,0.11116789506967834
0.10201294774277081,0.14462836244242092,0.11537699697150106,0.0619106366585831,0.09690951115817903,0.09964820525836306,0.14699409515140557,0.11691480310401436,0.11560444151276211
0.14860138863402395,0.13762217976869162,0.08222278098524681,0.11007113760891594,0.13356522334448848,0.07004370922072288,0.08415354853062673,0.11461271060651101,0.11910732130077258
0.1016214533857232,0.1301181459696362,0.12116861618019432,0.07842548596766052,0.1175636501642413,0.09933937830791363,0.13611947003159827,0.09739484641445158,0.11824895357858096
0.10561329870575172,0.06324384459607993,0.17177100339709125,0.07465582844095714,0.12366301228683378,0.12570058054749594,0.11139150466438379,0.1082187052885113,0.11574222207289514
0.10700415805792755,0.14149622142996726,0.10847915844427251,0.07752108525269336,0.10062816250516284,0.11130741685580796,0.12646829232556275,0.11162498508290412,0.11547052004570157
0.10976296020484873,0.11809664282406045,0.15149413531738154,0.12319984359241187,0.09353743952646014,0.1432808237736255,0.061606680980177624,0.10368943200736798,0.09533204177366611
0.1142264356235992,0.06758186622435584,0.0773775601847089,0.19874092591475043,0.10490892774862702,0.13702680425387423,0.08196497430902111,0.10451570792610308,0.1136567978149602
0.10164411053758841,0.19898431370626266,0.10946642384704519,0.1098773259401488,0.08035399521731947,0.09424292068752461,0.05578875298991825,0.13964954024978338,0.10999261682440918
0.10877605296068103,0.08933725329553362,0.11440241885713016,0.1494205879038499,0.09828182811424195,0.1370723229717313,0.060592814572218566,0.12699721371135786,0.11511950761325564
0.0971993472197973,0.1913669648371792,0.11080214259697711,0.09516197979956198,0.11046612717702718,0.09495090585425743,0.09896865430379165,0.08581068451216327,0.11527319369924492
0.11685663596078422,0.1265469009136231,0.10747507547085404,0.1089685357665378,0.10409945645036833,0.12191091193696912,0.06789695883461865,0.1288905705813936,0.11735495408485119
0.10120974262485456,0.05141081796144433,0.07216101211045543,0.09545140253607125,0.1074513837393804,0.06260942172087278,0.25422069344402565,0.106656762497634,0.1488287633652617
0.13240331225260202,0.10039237108102589,0.08540836889268792,0.0894337427256751,0.1303475470806395,0.1049103047606123,0.13676279090067064,0.11111780977516751,0.10922375253091911
0.1061982944892176,0.13312946002123147,0.10482387884489171,0.0871294311789571,0.09281724135056361,0.13782279455724486,0.10831145496223016,0.10826803696094384,0.12149940763471978
0.10814274454774575,0.07527205924739865,0.1480007779281554,0.061793941396522646,0.11614888338539386,0.10809828777528019,0.1674155204329774,0.10018013478071297,0.11494765050581311
0.12563486378848635,0.11162800793553222,0.09182911530694471,0.07205912124141918,0.11686723155446117,0.08862578907845171,0.13548457050933246,0.1344333137444332,0.12343798684093894
0.10921686248707135,0.10321917326360293,0.10209525793062225,0.09142726174893118,0.11384637241334528,0.12685273439473366,0.12038884289416037,0.11330187837994342,0.11965161648758948
0.10304042887670868,0.09710799343900119,0.09399623520409543,0.0850262748494804,0.09736635208322358,0.16833475445643764,0.12785274190843576,0.10724608621883769,0.12002913296377964
0.11452231495733965,0.08037703607034268,0.09337619889739757,0.0707318001693533,0.1132394478396065,0.10084705914314618,0.1796416458336696,0.12751847374761338,0.11974602334153113
0.09781123877556565,0.13452807429224933,0.14699108633428778,0.07552416304496597,0.09260432641066722,0.0820871974803955,0.12009920832081011,0.11944719023209723,0.13090751510896112
0.12093326432404346,0.14797644904666332,0.09966531593190979,0.08526029260649702,0.10169391092444202,0.1154410615770446,0.0716718546061846,0.13747636371706032,0.11988148726615487
0.09886203717143631,0.1618464878197663,0.11721413396008291,0.04651072343369863,0.09545490008303337,0.07909263515369823,0.18647004538900291,0.10658260195957414,0.10796643502970726
0.10790516291464096,0.13293797558217416,0.11141915450382879,0.08729282378516405,0.10147301423131255,0.12167802521738308,0.10712135941504185,0.11055985208438528,0.11961263226606932
0.11303842461204837,0.09581821464601224,0.09104019463977242,0.06262137679712074,0.12142053960196408,0.08885218055463547,0.206409939487555,0.10889834360838467,0.11190078605250704
0.09705141062884386,0.19118092228227448,0.1065288691046405,0.08255864451358563,0.09380083531507914,0.11660557449812904,0.10168166759537245,0.09620264877525543,0.1143894272868194
0.11236645571951802,0.05064653176847545,0.0825537157373152,0.2003499396871904,0.11606390217840033,0.1056684172546825,0.10045381315199725,0.10770125481301462,0.12419596968940617
0.08275309802442031,0.05590612001579595,0.16882555587681225,0.226056312069563,0.07806862882922654,0.061000746272125324,0.10210265879553336,0.0957440514238908,0.12954282869263253
0.10117079862408813,0.0892177037517175,0.13542467619360332,0.11779939063137744,0.09314900505077277,0.1513764084387267,0.07719545817105815,0.12163378215370331,0.11303277698495255
0.1104485684131034,0.13261560270620876,0.12407475518467621,0.046520212258006725,0.09443904174106398,0.1081673567280988,0.17625182581483378,0.10157955054929767,0.10590308660471077
0.11215836891547222,0.08459371446962455,0.10137228624939865,0.06985334766634849,0.1171324211562406,0.12967297058555885,0.1706504714186107,0.10631063455649192,0.10825578498225395
0.12146023963684426,0.08511416549197105,0.10507202813985772,0.10887757028667461,0.10774779601246919,0.16748493769437864,0.058846046840891536,0.1279008734236359,0.11749634247327716
0.09962845242128919,0.18800825987604766,0.09898554857624715,0.1082881850938517,0.0892975094533552,0.09170374282279146,0.08676781042625331,0.12240145526820705,0.11491903606195732
0.15262999265111646,0.13291298074813296,0.08706652476498959,0.08171978286894775,0.11925059841102668,0.07771516677839878,0.06569339187288357,0.15140139755491677,0.1316101643495874
0.12807765898440146,0.06821475675148425,0.07043069086326247,0.2908258488620073,0.09906226872581998,0.06227420102892999,0.06158746813425762,0.09555885051327075,0.12396825613656616
0.10090257053886291,0.09861574051997946,0.09585434087750026,0.08003769822319586,0.10632195270183942,0.10576169068830632,0.16481037301967705,0.12248284944032854,0.12521278399031013
0.10310682979787611,0.13081850986213006,0.10536696056612375,0.055183593290417186,0.10854610799987881,0.08124303615778154,0.19957195105760692,0.10814020314672994,0.10802280812145569
0.11087399150527322,0.05831443918674508,0.10020949789354339,0.21257329936245253,0.11095412057692094,0.16879473785443924,0.047579867613616045,0.09918923478941388,0.09151081121759563
0.11643079073624163,0.0757677425920444,0.09166335633285065,0.07187220304754278,0.12954077137001718,0.11096761847704467,0.1646766620266931,0.11921699587607391,0.11986385954149166
0.12145621113067186,0.11868633106643223,0.08480236131897112,0.09371352370892179,0.11556945519874835,0.0906221597587367,0.14976583396368737,0.11444241525378669,0.11094170860004386
0.10833780746431872,0.14669858271277025,0.1132401950598213,0.06315512981498067,0.09606490403009199,0.1121306319243384,0.13986082307641437,0.10237834136979057,0.11813358454747373
0.07954151803372146,0.03687384717262311,0.1796413572405294,0.28080402912525165,0.07460619717840951,0.05805011556231195,0.0908085106001421,0.07956979713177657,0.1201046279552343
0.12873141429654603,0.1150179803095344,0.09569291589278574,0.06147824149185896,0.12503543911662698,0.09285900810488279,0.13600715423959978,0.12607866842764984,0.11909917812051539
0.13780155146414388,0.13100777109353756,0.10887312927890318,0.09416967970364959,0.11395005146344939,0.07979609158426408,0.0662761416540758,0.14463996100078924,0.12348562275718722
0.09472619297572067,0.22682597969495064,0.10324405511298153,0.09560080847231134,0.08535275610422555,0.10228255768374223,0.08033499415058747,0.09836858287097028,0.11326407293451031
0.10736599352607153,0.14616383293314436,0.11171196116504027,0.07900814918687166,0.0962668955901792,0.11238299003599889,0.11766483210668625,0.11165561381000118,0.11777973164600664
0.09704461749894255,0.08381996344129113,0.12056403439119172,0.047846515852379416,0.11491223952302161,0.08775496612025517,0.23191764000277482,0.10154750123423473,0.11459252193590892
0.10839879441641868,0.0785258596298219,0.10834543807062173,0.0798396459001194,0.10898543088789663,0.15472155402239607,0.1347916681333168,0.10202279253646185,0.12436881640294693
0.11528719723421725,0.10991864332107211,0.10723217645175065,0.3001105125426213,0.07867756095160659,0.10768322733281555,0.032862140740059456,0.07846058995287054,0.06976795147298664
0.11950095497342877,0.13398936871853687,0.08919448044010746,0.07236486241892502,0.10551427107624863,0.10526583960961379,0.13993714280464462,0.12299782202892522,0.11123525792956963
0.09330599535547635,0.07688871912798247,0.15147419661035233,0.33125998398224504,0.07334862566622266,0.08902233444683742,0.046600346238652945,0.06375986718745102,0.07433993138477969
0.11214459490695526,0.07065333119074033,0.13102846119479608,0.17895908069498975,0.09914571753284694,0.1029116569967325,0.07053582960742945,0.12375039088655441,0.1108709369889553
0.10691177531163655,0.0776396519927542,0.14941896417357955,0.05379047581465491,0.12603265454476148,0.09230552381908465,0.18017661553927145,0.105686780438578,0.10803755836567915
0.10139823324314816,0.17928389467427155,0.1019834509794813,0.04297295196253494,0.09150303234323721,0.08974627313663243,0.1811084316923828,0.11142923358129585,0.10057449838701558
0.08743766897976636,0.04856385079988559,0.12198833039562401,0.2961655288434897,0.07583648570500102,0.04211137821780536,0.10040206710601907,0.08323731791870476,0.14425737203370423
0.09420545565202802,0.07169044250331855,0.11864525265837848,0.09985141254089776,0.10818493188584699,0.08279065300570009,0.17330048344724022,0.12098082423057387,0.13035054407601604
0.09942869292346042,0.05471786659997555,0.11325363847947095,0.09980845783856812,0.12772197032994972,0.14216213914311368,0.14021661684161282,0.10639106575616615,0.11629955208768246
0.12708438752442086,0.07452959629295126,0.11352598849890165,0.15699873306193912,0.12721742314248516,0.0791387671327215,0.09110702542882415,0.11891494122815115,0.11148313768960517
0.11966990419492975,0.10625868217137702,0.11137889428107652,0.0946766138385458,0.10718199366373847,0.06979975668463632,0.11949666833088268,0.1388177323060004,0.13271975452881293
0.11008455113769222,0.0799470419713756,0.08326582884375994,0.06658521631517421,0.12473042875387037,0.08165164467648883,0.2228221286197225,0.10605017821914102,0.1248629814627752
0.10723931409952386,0.09516374880742647,0.1292548104308631,0.053746557231150266,0.10953392867470706,0.10060752182631287,0.18073659086337904,0.11003119520127896,0.1136863328653584
0.10295303397650409,0.11522138658559204,0.12014205555565749,0.16187761760118885,0.0944741530621412,0.07855760521323187,0.09650331952161162,0.1152143632739024,0.11505646521017043
0.11772185644569384,0.10483871148035452,0.10839188321300147,0.10566201389398289,0.12210282266425827,0.11565121309887826,0.09210016799372366,0.11922647079698002,0.1143048604131271
0.10281923637829736,0.10770936214726534,0.11259286172149387,0.05467076160805343,0.10113120816567948,0.12214288685493153,0.17244615849078562,0.10949240212481481,0.1169951225086785
0.1127552317108897,0.192701397528893,0.10128824206258291,0.12622746021010045,0.08877866565944496,0.10078932969850034,0.06539091811425445,0.11132308335741203,0.10074567165792213
0.10449844407793829,0.12751602690619637,0.17193146138657825,0.042897145984566,0.08215064028145896,0.12834623813738386,0.15003878506552254,0.08865593212555362,0.10396532603480192
0.15048793274841107,0.1353681160592607,0.07293689215721953,0.1971638010581539,0.11509249859401732,0.05864373650413448,0.05499967096152029,0.0954912925007688,0.11981605941651396
0.13002660700280178,0.132235875683172,0.08682082677295384,0.087462315730646,0.12431563793626095,0.07513865310719685,0.14239085090281756,0.1109563897323931,0.11065284313175794
0.11851062978523352,0.06696884146347033,0.0830971655976977,0.1103748337658668,0.12198684211696748,0.09046327406782377,0.1485807396860283,0.12530490578518516,0.13471276773172688
0.11147844582737304,0.060248982313641064,0.1349584630602343,0.28221175779798313,0.0874258633434868,0.054712741338737735,0.06272884019315464,0.09738992346405145,0.1088449826613378
0.12791112604542246,0.1726837731005705,0.0957302511142737,0.07353784211676795,0.10737149379737716,0.12573674420336833,0.06164384783881848,0.12445280812036146,0.1109321136630399
0.10620583093722114,0.11026182820833501,0.11709672797090155,0.05952934487483702,0.11177444540176719,0.10354423588789456,0.1846339467482169,0.09910500071883088,0.10784863925199568
0.12508237811544698,0.09450546371657352,0.10069312433406792,0.0917108743714874,0.1293973420121021,0.11299171728038733,0.09922763432346764,0.12766734273586136,0.11872412311060572
0.13483360212253634,0.09490838407928288,0.07889874290417632,0.08449026041697132,0.12700894146881134,0.1090855815221175,0.08508709448305884,0.13786187434251945,0.14782551866052596
0.10372558210352727,0.18121418923384788,0.11648127565061432,0.05037781062371399,0.09243213965997565,0.10029825898035015,0.16337556354100324,0.08983974102286153,0.10225543918410591
0.10584004326671513,0.08042577289219666,0.09889449773348145,0.09445279201987528,0.11754224151862802,0.13688102190164067,0.15161367683581486,0.10213452771563954,0.11221542611600843
0.10476862578624659,0.06893764282138518,0.11577591519495613,0.05949768690114621,0.12987269240558694,0.10195127144941214,0.20556126669520566,0.10109490038225467,0.11253999836380653
0.10554798677630244,0.10038336582060771,0.14860073684562214,0.07281300518008409,0.09580961193667059,0.19310623790688541,0.07355333438648047,0.10413329946969056,0.1060524216776566
0.09660499933544801,0.11181611320264334,0.10520263107448467,0.03318962302744435,0.10376627380753806,0.08712772615108728,0.2507318168179195,0.09258202480702611,0.11897879177640869
0.13501802511106378,0.0895994070050088,0.09359464753613685,0.1789669055831904,0.12530205967692407,0.09572833620075677,0.06180954695529389,0.11569837167550179,0.1042827002561237
0.10720425724932603,0.17861842276818654,0.15323649754240018,0.07838178183922466,0.08394576588244912,0.14928315077296841,0.05793771012071208,0.10010253461036822,0.09128987921436482
0.11288316927432435,0.1267344829547371,0.11439425800936616,0.05622445929674578,0.10930608141947569,0.08437955550486402,0.16294969078165716,0.12117964671343068,0.11194865604539916
0.10657088465998081,0.06718977413941198,0.14298308386678563,0.13569626473645702,0.11171841560647455,0.0673807565592443,0.1257711593809534,0.12108004650278265,0.12160961454790976
0.09394076554080899,0.1536365387540881,0.09353026836524907,0.0509312267861714,0.09366789033060492,0.09152242522655818,0.19068191729998463,0.11743579829847857,0.11465316939805618
0.09799395186884495,0.0657434255104997,0.08678736908826486,0.05657825783526276,0.12187750629982778,0.10163286416406503,0.25039372938500204,0.09659726757348676,0.12239562827474622
0.09883134640337855,0.14305414662602642,0.10140221594236554,0.05286925913978707,0.09641608335973596,0.08773044960949349,0.18446604231839628,0.12039098284740334,0.11483947375341334
0.11067365092948327,0.06382267486379177,0.11089105687445537,0.14597509902291217,0.1088609189255866,0.15357969080248354,0.07098579313982493,0.12047849286251343,0.1147326225789489
0.10325364690117193,0.06426568730896379,0.13471586764382149,0.056132947878352324,0.11694326991990635,0.14790780061678,0.16017457222356404,0.104492707889144,0.11211349961829604
0.09094517543387709,0.2534014880137841,0.08910401921609916,0.09415147199795441,0.08360298392529995,0.10039293051689797,0.09403886090353657,0.0937149239420161,0.10064814605053467
0.1014359701115692,0.06954628198775957,0.10527534255670355,0.04950497628003239,0.11308823986802148,0.13036978665942836,0.2098449773765231,0.1045876876529146,0.11634673750704776
0.09652139925638491,0.1320367268563458,0.1353111297076924,0.05718953782296007,0.10194815696883346,0.1012444164143856,0.16733342662702408,0.09675862983015183,0.11165657651622189
0.09153870356326332,0.2335343478400853,0.09793074100952698,0.09597478219156552,0.07996630408658487,0.1106966386745385,0.0778435260736362,0.09952752294809665,0.11298743361270265
0.09460477800770517,0.09949799784258517,0.12572076466764626,0.0889860942772635,0.11367296554418826,0.08412297211181025,0.1775920639899601,0.10411044155258115,0.11169192200626006
0.10876656891704732,0.1006294050036891,0.08989643445137792,0.04395614873929429,0.10923223715662471,0.09520446721840074,0.21790326922213799,0.11839193294946027,0.11601953634196782
0.10373188822120775,0.09534819393417449,0.12439936983668347,0.048443661654799464,0.1095236818364595,0.09391319552589221,0.2133239583353932,0.10102797325744546,0.11028807739794444
0.0986051779709619,0.1536928222647793,0.10077789486014697,0.08263421975667296,0.09824986298656004,0.10360716039922518,0.1260136548522702,0.11530365867085755,0.12111554823852595
0.10253354780716119,0.1742998353823694,0.11158348521490642,0.05959635725719272,0.0914133339099397,0.10680856316898978,0.14307904242403832,0.10093077571487641,0.10975505912052598
0.11065587144978929,0.1290811453528066,0.10752473207525359,0.06196788334554811,0.09802497400253463,0.14542761742966373,0.10451656578767825,0.1252488790144856,0.11755233154224011
0.12298591081828862,0.07763481766962306,0.09921949951463238,0.07114942847368637,0.1392575832382092,0.12410702550883286,0.1193796076469446,0.12439051738920963,0.12187560974057328
0.10251945009436265,0.13367290928014966,0.09848275579026146,0.13266586843424447,0.10322512542682964,0.10318591662160174,0.11788767585041199,0.1005567740463224,0.10780352445581608
0.12200136384905631,0.0635442866865053,0.09384718143199015,0.21522930804416776,0.11307922272966027,0.15841401226053017,0.039953100717986044,0.10340312363809345,0.09052840064201051
0.11324105559509177,0.07923607803115056,0.10861842693942325,0.06865501679636841,0.1263294840514957,0.11906661519083145,0.14761513887392708,0.11923347031683725,0.1180047142048745
0.12191030787277916,0.10128525210762511,0.10592723661120078,0.1565199021951786,0.107348729314448,0.06265956014743673,0.09919638186013006,0.11837883478702778,0.1267737951041739
0.10401147719627996,0.18285003122311694,0.11893831167889803,0.08092786167071758,0.09327802067369656,0.08747348760864215,0.09999718478735357,0.12145500739501858,0.11106861776627663
0.11319412392820703,0.07040515064449702,0.0922714472721634,0.07003121377929204,0.13632904541359536,0.14188566934541283,0.15099023682302692,0.10537667962651888,0.11951643316728659
0.14158120100747107,0.09903209049531896,0.07795476971913795,0.18742720672649457,0.11553320556545094,0.13221317694756396,0.04096048962145422,0.1083111392820272,0.09698672063508122
