0.1344176509364545,0.07476976381119359,0.12583458466245198,0.2256951380268681,0.0035764597385109474,0.24168732323760686,0.10830333553427086,0.027788138587842137,0.057927605464801024
0.05151824087004795,0.10422484329943293,0.10903019755239675,0.058740449622713235,0.34843666744152935,0.0775938462416152,0.08885661361545473,0.08458185903969469,0.07701728231711515
0.07043309945618446,0.10900566184069459,0.12346875095047705,0.17886851705101994,0.12043745205286933,0.10253839429039525,0.12008616589830297,0.0698764410009428,0.10528551745911359
0.12641165124987663,0.1354720105146778,0.12309611528351606,0.04985874193973083,0.07001392887473025,0.11136830267912712,0.12084492505485751,0.1803934090636449,0.08254091533983891
0.1396698826737667,0.1192374621071608,0.11927768747620889,0.08074256941288904,0.17529427524196906,0.06979509011563508,0.08704442853225558,0.13909986696941876,0.06983873747069601
0.1044619230982829,0.10107646886612726,0.12093904761514297,0.04770342522972879,0.24611395512444387,0.07151371872374969,0.07595891552658565,0.12085510954213874,0.11137743627380015
0.09844591520837824,0.09986662853763473,0.12643729847709975,0.23450341747062867,0.10280948204550565,0.10715367578664999,0.08185784789092192,0.07511605910262235,0.07380967548055868
0.1836595925169698,0.11225065986814207,0.12213710616172758,0.05887790685372309,0.06435767009560726,0.10283244705041093,0.10125639102154467,0.1847814187588597,0.06984680767301489
0.019195424280471024,0.06785909540124789,0.1043272802237991,0.25221499288149557,0.3122654504999292,0.04214689707125082,0.05503748454941751,0.06296126155370475,0.08399211353868419
0.06312665123106252,0.11083246450819724,0.12764648177344476,0.1561523268884748,0.11652177690485166,0.09311856026134825,0.11251056814413411,0.10669853529949358,0.11339263498899316
0.24509607481119833,0.09884952961983828,0.12097135193417079,0.06430473136812273,0.09872910122180002,0.09222634875620044,0.0736912026304644,0.15522775452732177,0.05090390513088335
0.041166609611983214,0.09397477070359994,0.10805407633111223,0.12228888362541716,0.3542013910158934,0.0454028652100072,0.08605418634549396,0.06045831009974361,0.0883989070567493
0.03283745796182106,0.15712175558112187,0.12366998573022615,0.07503643877863615,0.061746674468923256,0.1654802764257016,0.16794477965448804,0.11435252293847759,0.10181010846060425
0.13955085478294824,0.11391085934020778,0.1258199430521147,0.07790638710930427,0.07851145140600807,0.10290657971998363,0.10632486555041959,0.17780787914926002,0.07726117988975371
0.024358926347923266,0.1633127915833188,0.1221742286225881,0.05607192521386669,0.13789931361645982,0.09067775400286528,0.13378412815965915,0.10916353240144376,0.1625574000518751
0.13254228988027245,0.12090707455341343,0.11682224623938757,0.12865885764475174,0.06761868394433429,0.10567956921769311,0.13414694343676836,0.12477178550461027,0.06885254957876882
0.09579066632974322,0.10733011374742903,0.1184968488392996,0.12550732847665216,0.20467793877293453,0.08965735165281162,0.0971318938426869,0.09456382346974945,0.06684403486869345
0.09669303437470778,0.1096954725507151,0.13560951965135581,0.15836147657421737,0.00906744919574671,0.11743384102391678,0.17413731142053143,0.03891647405497956,0.16008542115382948
0.033345033147355534,0.1006188967310488,0.11832452383202746,0.16480356901553414,0.2428582018903099,0.06069750004506408,0.08589838236820198,0.07640561734129542,0.11704827562916272
0.022025009634843263,0.11188497660175785,0.12818086514309446,0.1814606908758275,0.04310134017706088,0.15477427820335707,0.09974201215156196,0.05062634867060697,0.2082044785418901
0.20680959148461453,0.10198262297408268,0.12177514038436503,0.05542378127629325,0.07852168337496009,0.12076325943809574,0.09391460705427644,0.147102249378393,0.07370706463491923
0.08535354246700709,0.10333949653325286,0.13037551219783214,0.16174588878688587,0.04485726486264633,0.10598372897660217,0.11815679739774794,0.16377838135111156,0.08640938742691406
0.016109921350460483,0.12621838727596044,0.12995911705313232,0.17076340975682436,0.0033753687838834513,0.20198477106792914,0.12816300971148298,0.08695936809864696,0.13646664690167987
0.0457664915099693,0.13423507253208625,0.1245566223071752,0.06245978763811136,0.18222974509891224,0.06842987528390854,0.10782623337567139,0.14421879936433277,0.1302773728898329
0.049611044022112895,0.13838757680520156,0.12873421242403976,0.12322731235986355,0.004173249083253404,0.19559319626242314,0.17452313146288564,0.0811087108414225,0.10464156673879754
0.03406239759338269,0.09053752781087558,0.10944458691133647,0.1659398970342051,0.3056026229322429,0.0531098727705993,0.07112645616185222,0.0808344589099122,0.08934217987559356
0.06778330194709731,0.15056363718932583,0.12095333106876073,0.07569752893073088,0.04583123579523019,0.1471483626781489,0.17057395603788908,0.12309495539346936,0.09835369095934766
0.040448743244660586,0.09851053699916275,0.11939202497449138,0.16662731713203593,0.001189327703077181,0.32198732716862555,0.12652590704276737,0.052062728236954826,0.07325608749822439
0.3859862230121021,0.08381612504934287,0.08847716826076531,0.10802499117973614,0.007132474946317013,0.10087691142259032,0.07224575514571051,0.12009379947145427,0.033346551511981445
0.0394675149343986,0.14089358522921447,0.1308631622469847,0.07547572575475478,0.08451277679315193,0.06492014000110842,0.13591046676915441,0.09368127999270648,0.23427534827852617
0.10277326489521804,0.13037559725476702,0.11148029212713599,0.11663420936843226,0.03603832774591987,0.13963101648375595,0.1562291912572318,0.1414425397229758,0.06539556114456332
0.019772510407927515,0.11156667258731945,0.12220960048023259,0.21500594485009575,0.10132755789040955,0.11039211061237451,0.11419636559396262,0.06357871201750136,0.1419505255601767
0.18146549774480067,0.1075366640544898,0.12524338424234308,0.05502783130728955,0.05939242705245531,0.1098167921925064,0.09144720324563503,0.20581007993848802,0.06426012022199218
0.3212510339518306,0.10151199997625178,0.11201608692414743,0.0776281610231923,0.0579914922420439,0.078904067402688,0.07752724338774779,0.12388800811885951,0.04928190697323879
0.11617076316720121,0.123021283044284,0.12371236729328305,0.06504419127235245,0.16352513279582379,0.07545989625758782,0.10850551957955201,0.12591909141791605,0.09864175517199956
0.06488603438868462,0.12203405051616995,0.1259865706416003,0.10269828644919103,0.06129015758690213,0.09611378090060296,0.1418320264969429,0.18087571648085798,0.10428337653904818
0.06856357483128202,0.07442039278885441,0.13258730586789189,0.3403312911127833,0.009658283230430699,0.1882415463024388,0.07590439185712534,0.027114060469300427,0.08317915353989325
0.10336217318514022,0.11023647062758161,0.12916098809295687,0.12610091419493105,0.15598002515733297,0.05940775225192977,0.10414296965952836,0.06603944779537296,0.1455692590352262
0.05016138022413993,0.140908080902258,0.11574424306105856,0.0588617036554648,0.08618874474760263,0.1632870167348913,0.14472288554309662,0.13247241789161465,0.10765352723987355
0.061122447236537814,0.1304981000486202,0.12431845979792645,0.04803505420026354,0.10213642599114507,0.0866529845637037,0.1299000837610754,0.18557403977171927,0.13176240462900857
0.06547293485802778,0.11864648005166611,0.1192502963924973,0.08745340532088514,0.22775699629054114,0.05894638405621531,0.10489544552623405,0.12202962491454268,0.09554843258939051
0.060233048974342694,0.15143616821358316,0.12419031891609944,0.05876761932704739,0.07283798214763144,0.09654728161518793,0.15072502218805756,0.14906668610388815,0.1361958725141622
0.07252897369731413,0.10961652399170002,0.12279449688437716,0.1579133737555649,0.13531741010975046,0.0900128441165949,0.09845019338029808,0.1418609263121142,0.07150525775228622
0.11622280282078051,0.11427851817239308,0.12598310333341226,0.061207355475617085,0.19627178066282028,0.0694932365504397,0.08499864354299393,0.15446376216441038,0.07708079727713274
0.14137598670557752,0.11430087539995441,0.1262736250491676,0.06347638350030536,0.15913795098265027,0.06876629691777009,0.09266768589505474,0.1473717492449108,0.08662944630460923
0.031207940648226826,0.13075745267555755,0.10957562253449105,0.06477728680187637,0.023199273439153498,0.15733988094529103,0.15055595301203956,0.23880408335013548,0.09378250659322866
