0.033567357295499346,0.024532806864746987,0.023775533299460434,0.03466640251401508,0.13053008204457675,0.043774921034889384,0.4413256582246777,0.03352988062409434,0.23429735809803998
0.3159260693946629,0.03145290627628589,0.08415645964069281,0.3086166601842201,0.051932861551380625,0.053334881494914034,0.0409068897757704,0.07802449124463791,0.03564878043743535
0.06506932214327125,0.0469716669333623,0.15655104348390123,0.08277950624824876,0.10822334646105514,0.17729753569973014,0.05133392119878782,0.2525261776898901,0.05924748014175322
0.3515099703316811,0.06076418083101857,0.058529810424996796,0.1472061621485873,0.07393881519750052,0.0704857915067248,0.04097922076495098,0.15097893697985512,0.045607111814684805
0.1310403325987454,0.04966865664536746,0.06907640931386688,0.19285689122740654,0.10199546456436574,0.0820198747593925,0.043363912779876355,0.28425597875058717,0.04572247936039193
0.0536124816920738,0.044082844024260964,0.1137829314835755,0.04430922529014395,0.08986741233471424,0.11496017563439942,0.3945218886653861,0.04784365055443896,0.09701939032100697
0.03935997457271564,0.022925308365404008,0.043269389829371896,0.039262930434287774,0.09305625075152284,0.03497793692649521,0.6417996012579525,0.0356423443274629,0.04970626353478721
0.10559941828800258,0.040027960872986344,0.1219521482305987,0.09420346993140094,0.18832028474727922,0.12347199281147632,0.06867114459057132,0.06501419984988117,0.19273938067780347
0.05074829420551958,0.053336090321931706,0.037356586892656564,0.07877426850904305,0.08455724410506106,0.03363567475656295,0.04456377933151049,0.039695328697204484,0.5773327331805101
0.05065171050136114,0.10281075290140183,0.030452473351928425,0.3623181992339148,0.045394714161387344,0.025939804767588736,0.036279852804907,0.3209502836063596,0.025202208671151125
0.04676265926643888,0.034803967387706844,0.08375021510930965,0.034204287537837004,0.21192535645436925,0.015023103805058958,0.14927200086111517,0.042270082274729746,0.3819883273034344
0.04454365856355764,0.049331386721355126,0.07774044614633946,0.050277948534325934,0.07288434640537267,0.12044213818843615,0.1713772231019537,0.041704416305152446,0.3716984360335069
0.08036970702008012,0.041737270781102315,0.16591078459813025,0.07492109305321365,0.07883530507241648,0.12550754904446862,0.2773421862160021,0.059681349185984923,0.09569475502860149
0.030504812448577792,0.02888364061838677,0.023949276547266196,0.03239498162520855,0.11637906652321124,0.05173329575271496,0.4792398193513519,0.034240276081337,0.2026748310519456
0.08682449990756691,0.04089181471590611,0.14707531277275918,0.10427458799677464,0.13749402972831437,0.2949782892612857,0.03976820813928849,0.06903857415783844,0.07965468332026622
0.04198811768152658,0.02604093717279154,0.07827326746854935,0.045790125700931744,0.12621550121787908,0.018622086367121298,0.5298541807831384,0.03741379873633107,0.09580198487173103
0.23503625803068018,0.3012039993191598,0.07014217901587583,0.23241159712396953,0.04000811311346706,0.02918958977154644,0.03001200351203871,0.029261981767759848,0.032734278345502583
0.043382099907716055,0.024427829663949147,0.06451107813908147,0.055652054139238294,0.08132238112988038,0.04012049633587774,0.1959796751675911,0.04307054451836736,0.45153384099829846
0.051634030599870005,0.02661486221266618,0.04915207551281273,0.053065442041975025,0.16768506205854625,0.35628902910414006,0.11281535406974146,0.05351005920440818,0.1292340851958401
0.14360591881355997,0.131903640661195,0.1762858140413425,0.06193691944809521,0.11628144766976543,0.17374197296927085,0.05287936057269813,0.06769369459669432,0.07567123122737858
0.0634706068082967,0.0561293810112791,0.5752799020421638,0.041628065066622304,0.07143745282664794,0.07492429507191765,0.03038288175657199,0.04984770711887803,0.03689970829762234
0.05046398703305172,0.029679500908736705,0.07759465126183444,0.05875745472810814,0.08582119041262198,0.07514930446672076,0.42827108558572125,0.042847863239994156,0.15141496236321084
0.21909349374081835,0.0377397711399593,0.04487021457812782,0.39496040446029107,0.10024181041794589,0.07158084701074259,0.03929541403702714,0.05639608902876694,0.035821955586320835
0.04468964095760324,0.019186896314939788,0.023701943471867215,0.026794719606188493,0.16387743790189824,0.016993634556501304,0.5442347472570043,0.03172143992661986,0.12879954000737767
0.04987191058399181,0.023911143979093007,0.07336800962217965,0.047339700416237314,0.2981080132728882,0.08055624800014687,0.32356242505081995,0.04734149711793192,0.055941051956711285
0.1149415634818055,0.03904025285891979,0.1840847607242153,0.09165933793965798,0.13760757643773638,0.12489407305752313,0.07665656302966578,0.06178761936433962,0.1693282531061365
0.05871168923133894,0.03018016377721428,0.04342586574104895,0.029563341804846405,0.3113052239477322,0.037252940940962466,0.2151694459491826,0.034674759926051915,0.23971656868162236
0.029444304640097275,0.05093645803003224,0.6613472200194295,0.044974121784054105,0.05987311429271938,0.04632108475560556,0.03151439684401119,0.039996051137168726,0.035593248496881925
0.06706218381666895,0.04748167603323524,0.06943124226407393,0.07451443525565311,0.24703910221191241,0.10175744299282097,0.24118872081041756,0.057364370704742505,0.09416082591047527
0.04378402085644354,0.02429659615310371,0.06634185940484634,0.04220435136781991,0.17732331454167563,0.02408096708300401,0.5240587694576849,0.042031871532472044,0.05587824960294987
0.050970144785631055,0.08849810668297482,0.07451673433274926,0.04979420600909263,0.2501246373124704,0.04091911785237201,0.3411769094426724,0.045659675062534655,0.058340468519502676
0.12734163961788442,0.04645730590436733,0.0817250021596939,0.08476805268363151,0.18697601085105653,0.09616858531088752,0.09190736121230343,0.060075935301431786,0.2245801069587435
0.07848213481140147,0.039553593424254054,0.4707562274952977,0.06151763033555751,0.06481854571365948,0.12120412485297355,0.03167202117868174,0.0546938428939325,0.07730187929424202
0.048194635500763,0.03138499270500982,0.05947081016635921,0.04536365532008659,0.1377926636141489,0.043805869588987544,0.5386647679704836,0.041610965185640406,0.05371163994852102
0.055128104759560904,0.03503954292029081,0.08274169186781595,0.04975451588995058,0.06804512600216192,0.04206213035643994,0.4177366723849127,0.043245027691668346,0.20624718812719892
0.03191891039096401,0.018683534808708102,0.0355934746650546,0.04076724989223133,0.08355476734066986,0.03390696052388867,0.2479316244055636,0.03595410492796208,0.47168937304495784
0.056937023305389696,0.033722752807222665,0.062064134350043605,0.060020221828421566,0.20982847045661734,0.03235310645483148,0.21036689904768294,0.04804018314908448,0.2866672086007062
0.042103299997450126,0.027278213711005514,0.038706399558713495,0.02391172034815084,0.10648939714227784,0.05416762762853818,0.1396036772013445,0.032405601974231875,0.5353340624382876
0.20301569290883,0.023429952737917606,0.02035541714205351,0.3799655365877754,0.042215012314572704,0.0342872719669235,0.038501157739212734,0.23335465603673164,0.02487530256598296
0.04666993605904729,0.032970102564071214,0.039055841653311225,0.03431708787046792,0.18994510331181483,0.027169527942870853,0.410657712911884,0.035915989577842394,0.1832986981086903
0.47498667513083753,0.023386473590274192,0.02757000323489937,0.24506213350129047,0.04424579493450587,0.033447255308655104,0.030153268215529303,0.09750387595311187,0.023644520130896362
0.023311647084348196,0.02322223096247981,0.01747858847056245,0.028381121978555506,0.1095174608088934,0.016435511138287454,0.44697438419273555,0.027541496048117137,0.30713755931602055
0.11392536743189807,0.06312564304119062,0.46373855031346717,0.09018270022911194,0.0625017153452792,0.029693323111856528,0.04370550989134229,0.09485856847521279,0.03826862216064144
0.05933295955204156,0.026714725166821204,0.07166217537583258,0.06042982123829696,0.14307219582465852,0.09337707555816226,0.441439600848827,0.045093675934837964,0.05887777050052193
0.1890125342551209,0.08393250715148065,0.088667279116029,0.13605905522740483,0.1403637280819047,0.058099072085059156,0.14392550701855933,0.12667905444237126,0.033261262622070194
0.04402091492480275,0.023513099997867253,0.15168071123056645,0.05919798547833046,0.28108023935519005,0.19483771289003818,0.12254569976345615,0.051939176846101,0.07118445951364766
0.3251609932944153,0.03819567547270919,0.07831868813468168,0.12626563038276503,0.10188498950181347,0.12723400939606452,0.04422489768491853,0.10776062883231892,0.050954487300313385
0.04806572555422645,0.030694807026902537,0.0425451035130455,0.04638455103407394,0.11208567263461307,0.6152553418533695,0.018422183505390793,0.039938374669440585,0.04660824020893769
0.03379198583334505,0.03284031682204688,0.048397560750546936,0.038956872667449266,0.04191557846320273,0.03342228309148837,0.5701872663266828,0.03376636427824767,0.1667217717669903
0.0253755911037785,0.0215114055233661,0.012973473253240985,0.025775298737307783,0.09344473736245416,0.1689272713048846,0.12713577450521898,0.038545212875017394,0.4863112353347316
0.04935339075766252,0.029239817997005813,0.04830697603883099,0.0413493191963225,0.06669426669706473,0.05360484263888465,0.6362375336714213,0.03482874496951924,0.04038510803328817
0.21742679614287144,0.2268656211354594,0.049649771938669596,0.08652782581653747,0.12490779819343589,0.031020891061896854,0.09854617805562005,0.0646874868262891,0.10036763082922007
0.20362463246513365,0.33992152666631065,0.035329674430397924,0.16828603111333804,0.08775337543759472,0.03910760947932857,0.05520624214788986,0.04013633646545143,0.03063457179455514
0.036836657108705186,0.022432630923070795,0.047063578895067265,0.043443424750726954,0.1391910280563232,0.0645970258365176,0.5644383560722938,0.04064348407024319,0.04135381428705214
0.07804436194185076,0.5956213912629073,0.04693549976321709,0.0828235656986751,0.04824780230697873,0.034140516896347166,0.027576827400017462,0.045061711326306673,0.04154832340369972
0.032176984247122696,0.022934269578671368,0.030681861512251773,0.03647641696570078,0.35994160724409435,0.1013064708413051,0.3230621990106644,0.04002556786677148,0.053394622733418017
0.0709479939478423,0.6550814929755953,0.02630696970660101,0.10608548156624405,0.030068932964579725,0.03237549478886242,0.031118417827405608,0.024114463920543127,0.02390075230232638
0.2391140760313373,0.20655413580776846,0.17065914049608275,0.05286561076903365,0.03740518321991094,0.02440599894595689,0.03448457161008151,0.19824764565473874,0.03626363746508975
0.06443290637308309,0.025242096619662063,0.06608410450822874,0.04544726076453326,0.05880954671245572,0.07220760110514074,0.4996429727229749,0.09678420818486266,0.07134930300905891
0.037321336580660676,0.040202534487777074,0.027848454311851317,0.03423362233529043,0.03958848960534423,0.051967826393698846,0.14943092273436864,0.03691723087957435,0.5824895826714344
0.04032157460241628,0.02137906093579901,0.13441490096543937,0.03804160426345077,0.09838737224881387,0.048592922401494355,0.43661867326184584,0.04239969464535634,0.13984419667538417
0.0307192467299246,0.020471331823323773,0.018403550411676534,0.02840660772629521,0.1455887097952561,0.015494204173431109,0.24801573698881305,0.03160182117254807,0.46129879117873157
0.2086850408498863,0.0691242526465237,0.052597019733446805,0.07367677441578463,0.11901381328540601,0.10978686870364167,0.1194301104535201,0.14304819731406113,0.10463792259772957
0.07741009812701348,0.034887662525537384,0.05594820554898578,0.07229716706216655,0.3203475196670827,0.07835902743805317,0.1108685239556066,0.05725051750161771,0.19263127817393655
0.37253133156979773,0.03787284265118789,0.18280601431392574,0.19388838110263903,0.03923787358218125,0.03988043164554566,0.03576746611870235,0.07124974709425923,0.02676591192176113
0.10560719822707167,0.03934403663325684,0.09858850881985759,0.10348561637612573,0.19328675315511412,0.1133019955924268,0.05347503385292115,0.06515229987009462,0.22775855747313148
0.03570149065554657,0.031274520793286846,0.11098873937736442,0.03965804365758257,0.05323151218277624,0.026635617112064414,0.4761234903950682,0.041875588636416806,0.18451099718989386
0.033041674060539365,0.09804818198763675,0.0244092748806732,0.11051681211603333,0.2635771102734677,0.03681471414699103,0.15003320528247988,0.04443044912756804,0.23912857812461072
0.07491819351072532,0.0984475967635479,0.07375020373726587,0.3938973953945013,0.10944375494945495,0.06894492309592344,0.0433676795384949,0.09685671222365481,0.04037354078643145
0.0475336879315272,0.061851622417392414,0.04049954701142674,0.03986270542631834,0.04915430952086233,0.09278324560873197,0.48107335352044095,0.03638525869853287,0.15085626986476727
0.051595706850724864,0.03529020223966418,0.4940677752715487,0.053664190121733533,0.050226027207722006,0.052685262390296396,0.11561909250816708,0.054991864342163875,0.09185987906797942
0.30652693126906905,0.03338107780711103,0.04616714512180701,0.4008331922088871,0.0449626456166258,0.035080702192063745,0.03340302262136401,0.06730938236421463,0.03233590079885768
0.15765929405232823,0.04130402900011671,0.04827324093613743,0.34043524631713445,0.07124611983488581,0.07773262584344494,0.0425706872141089,0.17556190773934635,0.0452168490624972
0.07367276144602107,0.0435563980748924,0.38744843704658893,0.09033400389973446,0.08337529149757876,0.1175283880957785,0.052485863380501534,0.07044133163675628,0.08115752492214807
0.047135597117870985,0.05495032288534333,0.03411576830532126,0.03184496656204491,0.19179524283592278,0.03029234722687092,0.43663005701695834,0.03293526444331434,0.14030043360635308
0.05532458542477869,0.023749490204810066,0.009271882478276925,0.01785120527798064,0.22018129485486973,0.09043375863797998,0.37997740385553863,0.031110466157153824,0.1720999131086115
0.11655886556485832,0.03216953947865767,0.04007791155125034,0.5102685985977826,0.07638115831541364,0.050850204437183265,0.0474298142897483,0.08812803856348038,0.038135869201625434
0.04101969414567775,0.03775929870383642,0.0793191629289442,0.048345605572610605,0.13278124673210004,0.03326150052459179,0.27025658624805854,0.04226809423027875,0.3149888109139019
0.20376055752334235,0.38841445841192695,0.1811312344908811,0.06166899991217079,0.05066185676972464,0.023796215923357428,0.028617891083904518,0.0255851692771851,0.03636361660750719
0.059026424901207665,0.1547805645335145,0.046414368024704084,0.3579123830504669,0.057826423167811725,0.060900308132776464,0.04223911127050903,0.18148369677618426,0.03941672014282543
0.11664199717814562,0.150151603541588,0.03766271974856671,0.297222687725378,0.12318833155785115,0.038173925355430245,0.03136825260950336,0.1720215449625726,0.033568937320964276
0.03949994334915586,0.040778716446879686,0.03285827675122837,0.03809222295669365,0.11728777739101383,0.017130668323989368,0.5954396148386627,0.03467838677101234,0.08423439317136418
0.04407046514905328,0.05705984568590019,0.029643421557857142,0.03369214029578411,0.12735029955043156,0.13178131530428447,0.17552752694096027,0.03640466552298102,0.364470319992748
0.05947195661044419,0.03159109682851682,0.039144336929996214,0.05104251150921162,0.5248428765943683,0.06373799112601537,0.03798287286761104,0.04474778403834456,0.1474385734954918
0.04348798950105772,0.033172845958473786,0.08845539728945019,0.04793386927751619,0.24511410378011803,0.030432942750329952,0.43158879298774994,0.04387645034871257,0.03593760810659157
0.10382356888712722,0.05747581750804043,0.04391170674934538,0.4478266211010025,0.07777108118697608,0.05890918650409757,0.03883313299704144,0.1172002875049179,0.05424859756145148
0.06521039764784968,0.03216722029663871,0.5281287383396519,0.0675113708282728,0.08658360627054508,0.08503751196514224,0.046440431088422274,0.058164337548926276,0.030756386014550954
0.01826383283849373,0.04213224497015747,0.010559226310624564,0.02064595372261966,0.08593681005236359,0.01184249844926417,0.2943861310349913,0.027379576993967408,0.4888537256275182
0.04348798950105772,0.033172845958473786,0.08845539728945019,0.04793386927751619,0.24511410378011803,0.030432942750329952,0.43158879298774994,0.04387645034871257,0.03593760810659157
0.14308518896129585,0.03774438185541184,0.07989144807387007,0.311576314559256,0.0767582708592372,0.06003761758746268,0.04044052370213627,0.2109479736796426,0.0395182807216875
0.04335568219931115,0.030572286175146627,0.04380421134708157,0.05162169298086344,0.3817871238423287,0.22980974707245125,0.11080930177801684,0.04065185906180427,0.06758809554299608
0.0453375205596547,0.09475021488618318,0.0551894315523451,0.2897494542428051,0.052195575829184604,0.050152014026231984,0.04739175580416599,0.3359368207877978,0.029297212311631512
0.33049034515160586,0.13933026747993033,0.0694257676061556,0.06943033338031655,0.10301177480671397,0.05122599843072101,0.04354036357772672,0.10837932668624205,0.08516582288058795
0.03909276691025113,0.026570290610192105,0.08744659451061121,0.04340235099481358,0.05183239809837433,0.05712506887498958,0.5554696975316927,0.04939914203014631,0.08966169043892898
0.31815156939678063,0.10078226875032152,0.26689763604712935,0.051937108440284374,0.05755827338195335,0.044588818788424134,0.0362051320867418,0.09077514340090227,0.03310404970746258
0.032817103377701023,0.02196432710146715,0.04102688506795835,0.03302987724561263,0.11840298943064574,0.1229466547624557,0.5230265181972124,0.036319023648333136,0.0704666211686139
0.06388075063770077,0.0348160531430686,0.037196329732627965,0.04943751985485023,0.09319794797036174,0.09108957719310697,0.06146722027135421,0.042057501549349535,0.52685709964758
0.05547248472776219,0.044550973043611324,0.0444920768772596,0.03115706071375358,0.17670178041029225,0.08653318937914113,0.14412038954933995,0.04852542731594869,0.3684466179828912
0.09720908144796277,0.06979304440850792,0.0677822486261434,0.30043267593602074,0.06252232185048455,0.06978662387717649,0.037560748164917154,0.25356187810130476,0.04135137758748215
0.0913833514653171,0.06640632716450756,0.1288172567697532,0.09455359854454502,0.33271238181298624,0.10345953377752896,0.04757079411114015,0.06035812890461101,0.07473862744961077
0.058246992373329864,0.04210101865519583,0.10628377934976763,0.07607703635509305,0.36008543987510766,0.14748384565825948,0.10676036879947252,0.06089986548293228,0.04206165345084167
0.18922457186989783,0.0802792821259174,0.11589924086566121,0.13183353187644217,0.09410022248330974,0.10591531766851231,0.04770836028251139,0.1853514057650831,0.04968806706266488
0.08296437470681,0.09013505568483099,0.07510573392826776,0.3684213680041262,0.10989219175833277,0.07892610483273217,0.0643033479059754,0.08531485981156756,0.04493696336735706
0.09306147460788988,0.0412488210931408,0.15803734968582636,0.1190143817313643,0.1447184005992058,0.19062074909400697,0.05746764793064335,0.07242707651993824,0.12340409873798432
0.034637768959888536,0.05526068003349088,0.045415202857154065,0.045720783025461405,0.11585955987993385,0.0167728892753279,0.5283624945007303,0.03694873968019257,0.1210218817878206
0.052392445181562754,0.06163127302168107,0.39243066291049455,0.05152108252081122,0.0749437415714964,0.09719883483001855,0.04652622502342139,0.16207897484390635,0.06127676009660768
0.07707042813880288,0.04524328982803735,0.3839547359866717,0.0945914934457669,0.11323937599793026,0.10611063396475517,0.05770570746498275,0.0665686701926042,0.05551566498044882
0.03724405927964874,0.018839203325471163,0.07906117202524642,0.03460873428609452,0.12799173004182537,0.015700152951950277,0.591819092988258,0.03774987013720594,0.05698598496429961
0.04450806201581351,0.03158616476412115,0.04893424517117887,0.04191454561046511,0.1285018915659195,0.040595260307183384,0.5473049307737828,0.042081446616971996,0.07457345317456357
0.03773769746466643,0.017282240323629836,0.017331449580659738,0.038527717370258056,0.2104743892088324,0.19023593338244407,0.34473358097348505,0.03719733842336379,0.10647965327266064
0.1659630264470127,0.07597150814172442,0.02999927033070285,0.18038316975050903,0.08216962205665591,0.022218299780229354,0.031740259018955504,0.37953085058558855,0.03202399388862174
0.12334774692982205,0.05103485381180076,0.075766261965648,0.4034388005508247,0.07503150794605906,0.06999790586091016,0.04304104395912397,0.11694391108968882,0.04139796788612255
0.034573664214191786,0.021365464310815156,0.06228840808336325,0.033437440563590305,0.08442107936394912,0.023104806064813545,0.39131128939054616,0.03415545212659599,0.3153423958821347
0.03937526569110776,0.09453585644001833,0.04545711822341836,0.05120501174364281,0.08312992945110015,0.049222920954936356,0.26012006423887574,0.04241475809219062,0.33453907516471
0.13722561295397126,0.05960951059299438,0.09610485024040484,0.08147618564120863,0.0793868025245329,0.09790193668975361,0.05519126141965224,0.34490576646346943,0.04819807347401266
0.07073723180006401,0.043052641152206035,0.09723622121547831,0.03654752334947467,0.2427278175278124,0.078852018613277,0.22569082728324533,0.04451907077505307,0.16063664828338922
0.2996714186681182,0.17856277264908316,0.23190622010059458,0.020080919553299437,0.04707337614628602,0.06815263339271664,0.033905648533385284,0.09200544920301645,0.028641561753500206
0.05426232572199583,0.041862833365906404,0.626619681863546,0.05391810183637005,0.05672356270013126,0.05075256643874539,0.03074962661975615,0.03800768842536761,0.0471036130281813
0.06672340943568933,0.032461562366191216,0.09426341348797818,0.08388002927594716,0.16360565679237435,0.06588800709847732,0.15203538494767835,0.05809988838084421,0.2830426482148199
0.24821282752634963,0.1149511189162008,0.17109002400314255,0.13822134574380024,0.042415953860200285,0.03061679027736247,0.036954829504219,0.16435794524160147,0.05317916492712357
0.08619027817060694,0.05750855765692478,0.14498271573619367,0.07232020997471619,0.14438466899017063,0.10897985588848241,0.15480012178470492,0.06056802953243915,0.17026556226576128
0.09145406741658622,0.07182756615469839,0.09695721666752836,0.1293703827846,0.09910595514605754,0.06765536945140131,0.04782156167519841,0.3608711034852649,0.0349367772186648
0.068100918679085,0.53131983843052,0.09423115293557688,0.11061197819706063,0.044072428894947335,0.03136548158637861,0.033631205512893524,0.04954582842824661,0.03712116733529147
0.025864182320454523,0.01658042438516703,0.03302211900700642,0.028067891959253705,0.15052207501403744,0.054822113513156,0.5380830378036399,0.03648497919499145,0.11655317680229359
0.2635023262532405,0.028611006931884703,0.08929115146340742,0.09697257371735139,0.0634043092689268,0.03945377677918454,0.03254924464432734,0.3505765082621756,0.03563910267950174
0.04590409929583539,0.03491072407188164,0.04255575291722217,0.0445138917859809,0.08790865450292402,0.13337400794721682,0.44600865623757774,0.04151960682987455,0.12330460641148677
0.06407896324754787,0.03441697684835137,0.38061606815105403,0.07654176633215147,0.08838863077527591,0.06408049554554614,0.07341417506099289,0.06324270554937443,0.15522021848970594
0.1759312621118556,0.37049572387682206,0.058949325947140724,0.028615901438002384,0.12935289216178245,0.026665438356337567,0.05696923673376931,0.03057213964972057,0.12244807972456935
0.050205149689594476,0.03493478153195123,0.039959728227288153,0.06007493875686504,0.31854821761182395,0.13844595989889424,0.22199306977807806,0.0483357659604003,0.08750238854510455
0.04770159633015856,0.041908453621539256,0.03049609842407612,0.06827417918797823,0.098093740895514,0.04956896700539892,0.5664721082405052,0.03743713473333971,0.06004772156149004
0.033283326396065537,0.022085170499354895,0.04339095096778802,0.046622778015611877,0.11568298156863582,0.01566330145348078,0.4181367138745041,0.03723348389773156,0.2679012933268274
0.07593231516121905,0.04293404668717982,0.32507151976567655,0.0691069385387878,0.08531231303272092,0.05704629557289744,0.09201056804736496,0.0621333773964193,0.19045262579773406
0.3659617250240303,0.23875973888502813,0.08215944562249917,0.09565158880542775,0.04943014356410739,0.05387614562118873,0.050197268274514296,0.02408860032280202,0.0398753438804021
0.05407353464969664,0.06399185675447967,0.019961926605629246,0.03823193478568417,0.33699200352195274,0.014982192574108244,0.054692748362683785,0.029358742816077494,0.3877150599296881
0.05007466859997459,0.028911668055878123,0.07656015332466827,0.05894405142430988,0.3314394502218252,0.02153201706735089,0.270502744640637,0.05751003968010052,0.10452520698525554
0.09775003425584909,0.0791369907982351,0.10026210788303562,0.3215106699936933,0.08379237591181926,0.09533509043652044,0.04016035095205243,0.11471333386601183,0.06733904590278295
0.4541790548750218,0.08367002489637866,0.08726113433836864,0.08155503497735739,0.08828706578399052,0.03279699865615134,0.03959818097951168,0.09575487081642742,0.03689763467679249
0.047977317009476134,0.02972446375426586,0.057755004828983936,0.057931971467024786,0.09678390762362954,0.05520170072932331,0.38984044669164647,0.04733775932086482,0.21744742857478513
0.22882827790485014,0.10807529901457041,0.2546671543139651,0.07906631128012435,0.09788444725241618,0.0781044994576698,0.03983116843090528,0.05957631710027966,0.05396652524521916
0.03669113226794331,0.02852454286546426,0.02103592672447562,0.04236693814598284,0.06290148231583631,0.02230620887206843,0.574747474934079,0.032807382951527464,0.1786189109226228
0.15617035745735783,0.08275520311956298,0.2607238043527531,0.05493848570653747,0.10505583459815383,0.12302646182522416,0.07841541475922048,0.04712748770818979,0.09178695047300034
0.09134371142730101,0.041071005117308775,0.40066179891226067,0.06226977156604265,0.10723602592976296,0.05710683139929118,0.09051387137136839,0.06074470096685871,0.0890522833098056
0.039882953335620225,0.023759667391661604,0.14920852677721605,0.06847821560961215,0.06560014364935256,0.07287459825813364,0.4271758421139282,0.0503233399526855,0.10269671291179022
0.3253963452147211,0.05997102397348355,0.11630634164164137,0.19409055542214884,0.051393978353454224,0.04544991720784176,0.04592708840135052,0.11960664488868393,0.04185810489667485
0.0786001253342609,0.05124676605165233,0.028931426947206313,0.06639600279570959,0.4032487911441082,0.033249241900272085,0.07556496303878509,0.04525391207476546,0.21750877071324
0.05204149131754718,0.035935130135128564,0.04805122603702689,0.06402402699673782,0.27551787294482827,0.06997559127457702,0.24230433650518626,0.052706906912826534,0.1594434178761415
0.24770786092256705,0.04593469724055279,0.09336813514225277,0.09302046115194358,0.11345353870375004,0.12251839935923176,0.07020285977852443,0.08624097209660113,0.1275530756045765
0.0486646127414054,0.027190002256825014,0.04625412578670778,0.04121113794580183,0.09538170234759487,0.07116057542218207,0.6111314842159362,0.04216852496162523,0.016837834321921562
0.032795567942453106,0.032396407070539084,0.03409422500730184,0.04849254064922712,0.09275355344926521,0.044608567952215405,0.1058530416926295,0.038393849419071056,0.5706122468172977
0.11391805778249205,0.23113993618253978,0.07664297485567523,0.015495856840006159,0.04479412634811714,0.08050488311740471,0.04405688404994925,0.35022126171836515,0.043226019105450535
0.043807471130918374,0.023378095057681472,0.052849506243747235,0.045102833704321284,0.08286842754963271,0.04769310072027567,0.5724630492520907,0.03934552608377282,0.09249199025755989
0.14613836830139706,0.13117184321189734,0.05605884389876814,0.1307342171644815,0.056761030557994196,0.047325100562017795,0.038952786102984034,0.34908466774383595,0.04377314245662395
0.28892236704930724,0.04739293264198574,0.03740404231882049,0.4301599469840696,0.044254335846344195,0.04547695414754136,0.03073893350967623,0.040890139026288165,0.034760348475966936
0.12969329750977052,0.09365331366586295,0.03732554968410498,0.05508102103906274,0.17790561717317135,0.11079097160008765,0.2002010570908186,0.04534750902311154,0.15000166321400962
0.25905996245804624,0.07745006171122593,0.07829344905401549,0.07434166524221562,0.09268262496668529,0.10502385290236362,0.05404744097144454,0.2155545351375915,0.04354640755641178
0.036919171435002014,0.027504623204574183,0.0749843154222128,0.05935083103783114,0.30484162527698105,0.0520156557116303,0.3419759181883175,0.0466901469864514,0.055717712736999485
0.24145683886870037,0.04840568078279039,0.06897307787305153,0.30339537702280306,0.10976159216913105,0.0522053209330282,0.04845966191076295,0.08930831687932628,0.03803413356040619
0.023621651369741856,0.03159095863392667,0.0156606631001998,0.039042989795013756,0.12705796105579487,0.029583591528959046,0.16025686908013492,0.034416903226737176,0.5387684122094919
0.05967728426670369,0.02242323187657509,0.033848487338149415,0.04328326476152061,0.07309731573519264,0.052631066222562674,0.6086382630972026,0.037813674472089005,0.06858741223000443
0.14985497654476312,0.22434905497345128,0.08048880304822688,0.19585280577411615,0.06196436557047965,0.05577675268381702,0.04925916395938717,0.1512625254505227,0.03119155199523598
0.04223681976571316,0.033751585195797934,0.07734893337898317,0.04714625624408476,0.1274957524827549,0.029787986609202653,0.5558088559692898,0.0394015612204229,0.04702224913375066
0.09996926328790436,0.04413655145873207,0.10440209194830567,0.08576270716758687,0.13867619119411145,0.11619037988759191,0.0977718432321006,0.058095428922843306,0.25499554290082377
0.06997994988120182,0.04166191253073772,0.0912175194976305,0.07788690581762313,0.08384309097039566,0.08389840287912431,0.044002490085408054,0.46292046068467235,0.044589267653206456
0.040287327452131844,0.02730451552472024,0.052244781326313494,0.051649488019250185,0.08020184378295438,0.04643661001594244,0.5325244855184742,0.042829864849835676,0.12652108351037755
0.03586966665298282,0.0202020408264031,0.061692240208171024,0.03559112558579453,0.09331054520988852,0.06345259566254148,0.6100129244221266,0.03834733614507348,0.04152152528701838
0.030331487343572272,0.03827910155281198,0.01981905745612197,0.05778035719189386,0.3978540740461322,0.02971687349140038,0.17791035472974806,0.04305907326543389,0.20524962092288535
0.1263361331063801,0.050863440952731494,0.08499732984606834,0.18916409196570153,0.12623039839067526,0.11680251378627761,0.03996119536227781,0.21695991799373435,0.048684978596153596
0.07955043276567915,0.037634282599858994,0.10277029920099616,0.06451112910980378,0.04689607163058177,0.08285216928673052,0.10088350017888997,0.04848610463937541,0.43641601058808416
0.03280305638466106,0.02416046034619569,0.09318389344841456,0.039225373445286434,0.16602710189753214,0.014116149851251836,0.5583859940258179,0.037341811631790386,0.034756158969049954
0.06454265878081189,0.036995499056581733,0.2915835102015798,0.06590904032859475,0.15635874471382868,0.034427089837874826,0.14869530410917084,0.05959504845270827,0.14189310451884926
0.2872810414631626,0.04916050697802018,0.06431182635786307,0.2038366150809634,0.07648370857144114,0.09917559854693848,0.04929418218958904,0.12912061123060434,0.04133590958141776
0.030553630581372938,0.021566586346912876,0.025764222789617958,0.040939320370137984,0.11644912222420185,0.054111395557300414,0.2566480772252769,0.040642308260395776,0.41332533664478327
0.0350947975885147,0.021165195403650597,0.0255256489933449,0.03062084636765548,0.15034139203867602,0.27507733746822227,0.32603569556600553,0.03470324887675597,0.10143583769717457
0.09422000116108947,0.050753762116322126,0.044484260700301405,0.03726989089174052,0.05196655713828304,0.05052649619329804,0.027061476202326434,0.6132059417661507,0.03051161383048818
0.03669113226794331,0.02852454286546426,0.02103592672447562,0.04236693814598284,0.06290148231583631,0.02230620887206843,0.574747474934079,0.032807382951527464,0.1786189109226228
0.04588919156942159,0.04763356935007579,0.05613054992991832,0.05768539367884007,0.1801708832491752,0.06854392712157607,0.45830698986105683,0.04050540497962052,0.045134090260315674
0.14516306260863515,0.059234245203798754,0.46737309397270943,0.04041107621276165,0.06587517777672915,0.035425696876676044,0.06747515418602383,0.0496413854662582,0.06940110769640787
0.03667489067785875,0.02254423647434618,0.030578667487960842,0.03283503096862413,0.32665846597204906,0.053221945077621034,0.4041974613812367,0.03544964954300512,0.05783965241729817
0.03986114784954872,0.0239524802573495,0.05400050320251221,0.04083123175442729,0.19307792276251942,0.0842604695900369,0.39212543049019444,0.039379869133263294,0.1325109449601482
0.07211739629522164,0.06928933431013524,0.02968339876667787,0.05818847547390212,0.3362351185533569,0.04197217321228028,0.12527616552474666,0.04476154963925041,0.22247638822442875
0.04431402700660233,0.0408092627473375,0.05960839500021167,0.04674704171175742,0.1580493763772833,0.07176712345329335,0.3009050075343032,0.04302135328736013,0.2347784128818511
0.034572789889206,0.02764027345800751,0.032090775274338956,0.038495717895084235,0.1572385097228214,0.025362897104100317,0.38743960437133745,0.03975990076494776,0.2573995315201563
0.13429362572650252,0.08835313431079106,0.14642480138191763,0.04166701793581701,0.15507795815518693,0.04579667584884476,0.055979452290730584,0.2909690540520331,0.04143828029817642
0.03717305411323248,0.053148888282730615,0.5917414990915151,0.06538217151584101,0.07208383858150036,0.06274461282539284,0.034604675558674164,0.042799288976921916,0.04032197105419136
0.0360712680904017,0.5501327360762495,0.11634499524097376,0.0699282909778474,0.05285824455604358,0.032293528490450786,0.02944978595878971,0.055229901128465965,0.05769124948077755
0.039363592048597885,0.025880353243383402,0.031699489025554715,0.0356065655457375,0.11798682833943154,0.033263027290324064,0.3293162300842118,0.036853408975640496,0.3500305054471185
0.05716024062788713,0.10110423661687658,0.10707501343026715,0.1045980013855603,0.14361376025971104,0.12844775711855436,0.031896235654549764,0.05997570617541428,0.2661290487311794
0.09306147460788988,0.0412488210931408,0.15803734968582636,0.1190143817313643,0.1447184005992058,0.19062074909400697,0.05746764793064335,0.07242707651993824,0.12340409873798432
0.0551871706443135,0.02899730189393378,0.09765764139784251,0.058610987136954985,0.1738155798725446,0.05497430508327426,0.3950724238474108,0.0481036524790665,0.08758093764465909
0.0527132943931665,0.025131036908102384,0.09599651743167663,0.07910877013717586,0.13186770605900625,0.03789846006167622,0.490355787322376,0.04415735766097745,0.042771070025842774
0.1966454539078835,0.06001666490580534,0.06426382359406585,0.3703667494728788,0.05795790756887181,0.054458994574636356,0.03984999664345245,0.11711307156054385,0.03932733777186213
0.06489995913446066,0.0314825903470974,0.08484540327426303,0.0774590986297125,0.06898188686652555,0.18858512518764112,0.07772438178597142,0.056540606580897435,0.34948094819343095
0.04879596496683678,0.020030528290450076,0.020380471091245498,0.038222813545727714,0.0800408412973075,0.03473004704914944,0.18281737089688463,0.03300958404584548,0.5419723788165528
0.07302977915163947,0.03810248762235823,0.30735902329855774,0.08047448600593207,0.12836463381370902,0.06971131207302422,0.10745098486690953,0.06324377751362674,0.13226351565424285
0.16241867663493767,0.04383387490954537,0.037943033482227904,0.43310475631010287,0.08234382253902449,0.04179279716576533,0.03323862844582433,0.12882062880082004,0.03650378171175213
0.054970591552938576,0.05368581346076675,0.14222381588982952,0.05570332455101831,0.1625489281126028,0.07270112821751584,0.3016587488025558,0.04958736315465012,0.10692028625812222
0.11286057272891194,0.038004741175567104,0.08648173610233904,0.07596646001751933,0.27491788776268294,0.12434615496266137,0.13881377082652327,0.0565898008223428,0.09201887560145228
0.37923139603860695,0.03076839062859051,0.07735742853269816,0.21540262049306125,0.04228837665798644,0.03372058391528656,0.044169023618807,0.14778786061935417,0.029274319495608922
0.4021796148630606,0.058315053699269224,0.07189125869696505,0.1748157180211615,0.07613792829583953,0.0711158389129351,0.0371254538182231,0.06377462627577912,0.044644507416766704
0.045845881181121845,0.019999399699894962,0.05158912905375665,0.03679172926183543,0.21185714641692868,0.08336069803172004,0.47537392603741274,0.03713217998105126,0.038049910336278435
0.07054151859097131,0.03125410876215191,0.5976972319901327,0.05967815752517084,0.06582084201336155,0.07756942035241178,0.027900630447226644,0.035766063813607085,0.033772026504966114
0.04404419215072403,0.030586344607668403,0.12445276507994929,0.04381983094438521,0.0916507431010928,0.047667809061110324,0.5037583098230337,0.05547583067264311,0.05854417455939307
0.03338568674273688,0.023800753864160504,0.05611157747152598,0.05953939522362356,0.12307009549568937,0.06454739641372993,0.38463108751381236,0.05805653358842796,0.19685747368629344
0.03135488033498379,0.039100743485648855,0.02735121236281345,0.04067148403004934,0.4893335610288423,0.09824858915317536,0.1487847038629299,0.0436721712815926,0.0814826544599644
0.08236286115283072,0.051985843895876016,0.08695772662375147,0.07849145355131766,0.20254190652623963,0.25756996940274585,0.037837974329743514,0.05604445247656061,0.14620781204093455
0.3538796613196176,0.40641375493214804,0.026101235918966695,0.062723864395538,0.0206755282978079,0.016606352411808346,0.02741139958215212,0.017398997759199893,0.06878920538276137
0.04262971537106908,0.028953107515707423,0.03102338104510848,0.05075568714309237,0.456241959306289,0.20850413058936415,0.03535560980199757,0.0437211580023511,0.10281525122502082
0.03773841954729719,0.030148845277811535,0.04685395672270754,0.04992908683909217,0.050977337251882714,0.03485645901102543,0.3802077997474151,0.036793507053509845,0.33249458854925856
0.13804617570868746,0.05703106256160439,0.08854769188763806,0.25864540995904206,0.13868271518444195,0.10463207034474914,0.044201018436812456,0.12181792068502807,0.04839593523199642
0.02393971899905945,0.0578059293831753,0.6669253782453763,0.05200073180100676,0.054343244975107674,0.04017778371190153,0.031017630974126704,0.034086135640367006,0.03970344626987924
0.06929226552916808,0.04528223196399556,0.38982555052238577,0.07662330959549475,0.13067818323691868,0.06083466950180846,0.09321477328969281,0.06185705946649297,0.07239195689404292
0.05894063678523622,0.04551376380947525,0.1257516256200756,0.05827394657501315,0.08952593830126128,0.062451099836548486,0.2213485527856105,0.057333429002198004,0.2808610072845815
0.040236818802760345,0.03965030144084241,0.026012849035890215,0.03145534623341927,0.12226891028303451,0.2104327441935521,0.15957623026097356,0.044079896841639134,0.32628690290788837
0.04582422529910111,0.024433181309081026,0.04209733534806298,0.04996491037354561,0.046412817182268,0.6685794025600583,0.03839841885943653,0.04309823491200467,0.04119147415644173
0.045485511463072316,0.02827468344663514,0.027654410272604846,0.03792276087788269,0.1064776607294246,0.046647864182048776,0.21229730678353573,0.03798822496516641,0.45725157727962945
0.029519081166656882,0.022008880219400197,0.020367723562177115,0.030165191052941118,0.19083830511678168,0.10065523673216892,0.5242903745648767,0.03155601136468377,0.05059919622031365
0.08710074913354786,0.04710601794974149,0.042871449114669856,0.041229319847560286,0.22188998111234412,0.1686517080868827,0.051760434255548264,0.04077849646416023,0.29861184403554525
0.05125945066413253,0.0321921049408225,0.03979015490224901,0.06439966935653425,0.10634180297568356,0.04622162241110463,0.3082071778903706,0.04026330330425998,0.3113247135548429
0.03573586515437314,0.04250673287441481,0.03859706864852674,0.03460805406622063,0.1493667158905132,0.013768172182458733,0.49433563366713074,0.03721146127980448,0.1538702962365576
0.024007820665590512,0.06490092126015964,0.6760807494771388,0.04524022248319887,0.058663496474079646,0.033799601509883044,0.03338022638902082,0.03310429442532326,0.03082266731560529
0.06814899276989506,0.02562655265147239,0.052296076846181004,0.04676413490584269,0.15128817225545013,0.07285073290745445,0.07980693365500569,0.041824564906692195,0.46139383910200643
