0.12545371646462197,0.1286731439657569,0.21781976843288273,0.10616916252806607,0.07574075836352616,0.05819937328551142,0.042112774685258814,0.03940064392131599,0.20643065835305996
0.07372771324173778,0.0883109885261905,0.14036037594619416,0.45221013763853835,0.08581782603060262,0.028256311702147974,0.01436715636380879,0.0292213878131542,0.08772810273762562
0.12233519161241657,0.12192533623006684,0.09475822873711166,0.04394668841926395,0.12289588862687649,0.04623445877377714,0.13469708635736677,0.2556322636103426,0.05757485763277803
0.11178282761992224,0.2553644272603222,0.16652512918947113,0.06415762418374675,0.09326682556704241,0.08107971047248368,0.10854873367546285,0.0776978323647513,0.04157688966679741
0.12778518301821343,0.1362330909739522,0.11672212005307016,0.1921367447693826,0.059981354220813264,0.08030113959577896,0.0871196922868707,0.0592373805298709,0.1404832945520477
0.11495039677524449,0.09378827997793088,0.10213665584318239,0.051412993731645325,0.14290663948463422,0.06670747655508326,0.24486794560591688,0.11397772978461268,0.06925188224174987
0.15167341617134358,0.11588566979632564,0.10936548698540094,0.05068444966167284,0.06115735656069271,0.046904329722682186,0.16537112994833866,0.26220367007991924,0.036754491073624204
0.14780829251071828,0.2052715210006194,0.14267171554827415,0.06922787155124119,0.10252290106400208,0.06587010277965034,0.09794853965918104,0.12654047790997552,0.04213857797633789
0.12268979324147618,0.13912540923925895,0.1337956990544363,0.07253521071959927,0.08740412318826572,0.06221051742912306,0.12857664359769697,0.1798951706149737,0.0737674329151699
0.17369310381304223,0.15207285953079888,0.1226179442168054,0.06581102021392596,0.13351415173172262,0.05960019288873847,0.14572332191035994,0.08002843597130525,0.06693896972330117
0.11771200687343453,0.08334338502932094,0.0760589765724199,0.051935629336126,0.16084985378492525,0.04083052439709519,0.15985277770683878,0.21820563060945342,0.09121121569038597
0.10051875358708433,0.08847784944607484,0.16426380883417,0.06195579257889048,0.11823616732047015,0.32712694053505986,0.039194114904581585,0.03339456313301196,0.06683200966065676
0.08814559531379622,0.09898516692597988,0.1570142290547153,0.1422083664684757,0.05519325166870401,0.2535378007758227,0.006479729805470424,0.023328610557661947,0.17510724942937372
0.11816116155369855,0.12179678305307312,0.12201642467078762,0.13691974752496777,0.0990362391329594,0.09478462381521553,0.06812636906702196,0.035992996234463434,0.2031656549478127
0.10842328564526786,0.13314045289950194,0.12091481748143568,0.07041043502940546,0.26631670576479066,0.05559600360947644,0.1686160217420188,0.022759230045690623,0.0538230477824127
0.08839640033783963,0.1027837033974623,0.08306656689512258,0.03827426295786928,0.3239649781376684,0.03040426004172067,0.03006404415474966,0.25620333200207285,0.046842452075494624
0.1177932065578942,0.18061855972589927,0.10512925703015864,0.053581090620674364,0.10758712312059314,0.06155145032091206,0.10196730232720834,0.1590005383254067,0.11277147197125331
0.1016793183327163,0.1002016052664945,0.11562278663545729,0.3277488085186137,0.08421575871985655,0.15027861164015485,0.03860275599755361,0.0334930462493283,0.04815730863982495
0.11790853694205712,0.11482656064226061,0.09981372429837972,0.05226990540392337,0.2676377136533067,0.0435557742197712,0.047508834411864154,0.1995248439647077,0.05695410646372948
0.11156061845053962,0.14068237086206914,0.08160786886272858,0.058728230796161386,0.19506344008805962,0.21820561454301446,0.0910641557860311,0.04718643575386685,0.055901264857529255
0.0975509938691137,0.09439172022509135,0.08350973314453902,0.046236444165422476,0.339782103058289,0.04002345771244508,0.09227078570754838,0.16943824145106726,0.03679652066648376
0.08712378539968425,0.0905299058529669,0.11272381287280286,0.020414021051137796,0.040617773989355205,0.5278167194805438,0.030518448622596964,0.0471344092545675,0.04312112347634464
0.08114677942895589,0.0529812567357793,0.06542652081055435,0.037565626779138994,0.03176898837623714,0.030372113466066487,0.4316629987801503,0.07565901644614485,0.1934166991769727
0.1219897469287936,0.11657612838281443,0.10112405481674869,0.05935821556979846,0.14070807435246474,0.050366276326521076,0.24418204724518203,0.09718838032583554,0.06850707605184132
0.10409748622162597,0.26121465252893633,0.15743930746465443,0.07498349633879553,0.1446309050419368,0.05238625929751587,0.06891597894964267,0.08180500443574525,0.054526909721147154
0.10385809835755987,0.07679118957947413,0.07425894211586348,0.4114243149916909,0.09312960728882676,0.08347877204229061,0.06794996262926935,0.017719528883834063,0.07138958411119085
0.0897535349217788,0.25309431096927265,0.12109950433912291,0.043906527300127264,0.19410631435463743,0.044381474646322666,0.03145811453124983,0.2024870677597528,0.01971315117773569
0.1564703204524128,0.1539418142889617,0.1999769223663466,0.06138379020663238,0.16073575313289182,0.0607427653175781,0.05832737104005702,0.06369624790181408,0.08472501529330546
0.14469882656112343,0.12133275354008981,0.11222170795281851,0.05392247769413731,0.057031362384101836,0.044717694854605354,0.16839418509623513,0.24520061867545925,0.052480373241429394
0.111439924395771,0.07577093572952236,0.09459571955349011,0.04546785441319904,0.05221223276889194,0.04128994611424375,0.2583294330698019,0.1773298203411718,0.1435641336139081
0.11000429328465834,0.09570303050724656,0.07967278122691997,0.050340423640244804,0.06184088452758441,0.041998628827922595,0.2431273801881418,0.22856945331741518,0.08874312447986636
0.12884599307659406,0.1254853671867907,0.11466469759133784,0.07470213718105269,0.11250951139228743,0.10710607936377049,0.12643820719907825,0.0849904332702483,0.1252575737388402
0.12434394546550098,0.08462806336326407,0.10116280447134536,0.05574303504278974,0.08267520937388922,0.04054427220916688,0.26357254156346793,0.14531745466307844,0.10201267384749739
0.13115372767487601,0.13967317321782177,0.0831761252409323,0.052711934199380306,0.16768092636495954,0.04194807781165285,0.14136250531032293,0.21330689131824068,0.028986638861813668
0.09457964045475392,0.07282651739421775,0.08586854749049366,0.0402063471507774,0.04545171168224362,0.04532540926796245,0.33220558591793303,0.10216462053769111,0.18137162010392702
0.11429850163789891,0.13519432813480584,0.12274142290720975,0.05882557940056171,0.10888508432683659,0.08234196079526647,0.17623422491525495,0.12207737960052029,0.07940151828164548
0.09495775263913776,0.07797732429531169,0.11388278956170532,0.04397371940577302,0.037248835077741266,0.4944942118938726,0.02091808509521049,0.06572403593358102,0.05082324609766681
0.11223418519766648,0.08769915247758486,0.07840250012668495,0.04986285281529477,0.22754717152921997,0.04439310155480333,0.18638145711135345,0.14887184844917933,0.06460773073821284
