0.026927235501857032,0.06260105209613905,0.02504239661191844,0.4754891353017072,0.06906947121134732,0.09331549973767522,0.08115390678830565,0.07437901114394516,0.09202229160710503
0.05108200125829376,0.07539590767756331,0.03965485902298232,0.09513425332742032,0.12807309844938128,0.12824163428171928,0.046469063544336324,0.3379002939888807,0.09804888844942276
0.23989348449361628,0.039255821209830045,0.014759585563387044,0.08224831756141142,0.25660199777111214,0.07096388073804855,0.08679834590633954,0.0343914163252295,0.17508715043102552
0.05944044845449368,0.0887358276560997,0.10592940505056407,0.1665033937829271,0.15314381389681192,0.22577949348057666,0.08990738971425143,0.03942250645751299,0.07113772150676238
0.06572935573824219,0.11263130431376044,0.07405057536710588,0.0468040006272854,0.12816282937979798,0.16335586086139117,0.07606649877380674,0.2002496179193777,0.13294995701923243
0.17739453426166474,0.07641393807503534,0.17737930281540912,0.035515639129430836,0.11812720603343228,0.11995961213062245,0.07284197251862394,0.08936713909066395,0.13300065594511742
0.0552782230093389,0.08653856679694584,0.016444530116347316,0.03253472972982407,0.030742252908941493,0.10824739076458213,0.032261598075220756,0.569558752777186,0.06839395582161355
0.04068769614852407,0.04293617712291851,0.6253613573200059,0.02980122627340655,0.07473584136810994,0.038741852248003465,0.04489772424081142,0.02314653475161727,0.07969159052660298
0.03219157710968831,0.05375510130638419,0.265370110534936,0.32225562637325095,0.11141482180573609,0.05069513795447613,0.06532248520460142,0.03828083509297427,0.06071430461795271
0.03862249278398459,0.22106843252203387,0.021203983928066775,0.02228473320005214,0.034093328834021906,0.24170487137864857,0.06467520845428167,0.29074356149495156,0.06560338740395893
0.04743667096501295,0.13418533055411727,0.11971680812540882,0.13945446277800275,0.12560795538672906,0.21257066706759856,0.12065876848725705,0.03299262511168268,0.0673767115241909
0.10182945932088477,0.0891371418110274,0.03957762560535452,0.09798445993046573,0.2668132953599864,0.16493871910035662,0.04306724912320555,0.0597348234972227,0.13691722625149624
0.2171740410593812,0.060744771837417146,0.055382265349606837,0.040986871148808744,0.1664035036717855,0.061137240726973074,0.2068369316304011,0.07486840687285491,0.1164659677027714
0.17031961072258642,0.06963535388363802,0.04209086194921674,0.03868202378179149,0.2416273374488351,0.10123985818741167,0.05736724021499142,0.068034415063906,0.21100329874762305
0.045814395853525675,0.26090483210578214,0.023883065815213936,0.1709502425654361,0.039781069157589215,0.23028806461562143,0.1029958428157508,0.05885560751411432,0.06652687955696643
0.2830733385237055,0.07581886621683596,0.05999746670885936,0.03232773786705171,0.1300173667542854,0.0774758890465892,0.12606334056936708,0.08445229833523282,0.13077369597807292
0.10330034183769671,0.07247036629821464,0.047660759132571597,0.058667700962109263,0.1856636162465787,0.11931679918242533,0.1518821558861603,0.05710396191366416,0.2039342985405793
0.23713097726637786,0.07452155275956651,0.0529403543813187,0.03410752955386198,0.23353949772366214,0.08256018621839309,0.04346192252799252,0.09200650355497138,0.14973147601385586
0.12957457146014928,0.06133500185072339,0.035986876608241736,0.09766797045898268,0.2220972332668877,0.126871947391532,0.0525226162003766,0.13084775769861612,0.1430960250644905
0.32430513354621276,0.05524668820114828,0.034606703244578325,0.0422202049429321,0.13959007245128277,0.07909758093265523,0.1696727737402678,0.05104121215046684,0.10421963079045592
0.09787991203037794,0.09983606210983192,0.10479126931919207,0.037824767389945724,0.16163443981174305,0.14343590034114803,0.06126031853122007,0.15626151902921875,0.13707581143732253
0.2359906893232394,0.09291880718908686,0.08040302736508693,0.03570255066904845,0.1521961034791379,0.10901721063846175,0.06813692612656623,0.10838588299802616,0.1172488022113463
0.4447669253993758,0.04531595901349217,0.019949817192422958,0.03624728811524245,0.09594937896883345,0.0718334352898324,0.0769163834801588,0.03315580322264814,0.1758650093179938
0.04399324542827595,0.21239729663393506,0.05310585011491425,0.017697469092518448,0.05458413554203855,0.15715010772289217,0.047499319888563984,0.33502747865709653,0.07854509691976508
0.11453686654304901,0.05582636577246795,0.038876753322428445,0.03593176291340997,0.2676775213861003,0.07897302586549414,0.24288246501571628,0.0865933304503947,0.07870190873093917
0.18741165749139288,0.0737594320194983,0.037742092072117275,0.054766015222674574,0.18286748856730858,0.09675606523293567,0.08117237238482199,0.08060266201574688,0.20492221499350383
0.08073167218357441,0.09594315574920965,0.037904900531483904,0.04668482404890256,0.03505006091706767,0.052387403260567435,0.0581685151125923,0.5323521697728144,0.060777298423787714
0.05471664966712639,0.05888814739463303,0.034214808057484954,0.04048170678286554,0.2018741259692232,0.07410886250094294,0.21558809549496302,0.03775367662638018,0.2823739275063808
0.053429283409738924,0.31128981146781615,0.0578459460429861,0.050920776351864316,0.09075972113203323,0.06340061461825224,0.09389866582219027,0.19405051594102596,0.08440466521409272
0.0883980622518714,0.16558294606741217,0.0541405187158411,0.12817912124854525,0.10588838852149336,0.16723638491848858,0.06336296144565084,0.1023584424673073,0.12485317436338994
0.2741629906304482,0.06884185689254697,0.06185875761711812,0.03847669589407555,0.13698981033561225,0.11811274968307243,0.05446298254422699,0.11551081319638094,0.13158334320651854
0.23655997415204025,0.06196879705802603,0.043865536524152156,0.04624116928808949,0.07214553323527105,0.09201391761821827,0.2363261090457304,0.07124917994742573,0.13962978313104657
0.03172275879767175,0.06132791429848278,0.5776684578399153,0.02621163118670941,0.05968134499169967,0.06891426413923259,0.04239540596655025,0.052199021251472744,0.07987920152826554
0.41545916271672184,0.05089269040388059,0.045926580387861925,0.03178148308324337,0.10269488491330588,0.06658392486376928,0.09910347931268997,0.11917418773487909,0.06838360658364807
0.0587288295459504,0.16539797221443506,0.13661495393378464,0.07530737327356359,0.24984303092601523,0.04982684779025435,0.10021521250175731,0.07066136644313124,0.09340441337110832
0.05701140496051727,0.16338511808422565,0.10229535327924381,0.08293766891925117,0.13955000508962348,0.1491852895578878,0.06766373791178229,0.11939950052621544,0.11857192167125309
0.0775094091907954,0.09033567874647046,0.13545687259503958,0.03825776745811516,0.18634470108577647,0.12572969605399395,0.05540482402852051,0.17212803023363588,0.11883302060765265
0.05632282271623416,0.03010706518469564,0.06492933965894632,0.1431990548200969,0.19258025438542373,0.1440380897215096,0.10710528445143623,0.16186456193731702,0.09985352712434037
0.17882268292914386,0.055783359344505075,0.03144890117041002,0.03980837513499207,0.07357726859714493,0.0637778740666861,0.3926343172026107,0.06657705792013814,0.09757016363436903
0.4960051189800965,0.052065777300209753,0.029178364868841344,0.029486413975908773,0.10213283914680872,0.06041474211040878,0.0403504932922784,0.10603443379027443,0.08433181653517331
0.07300146020323524,0.08589448329780917,0.09006050011720328,0.04075852869304739,0.3353312330360259,0.10559233826226655,0.05482976873313267,0.09661217470387805,0.11791951295340185
0.03589052778233854,0.048875108265631885,0.009859190284542787,0.5312881961421837,0.10265236848898433,0.05261392350018781,0.07577564548056619,0.06457508551879008,0.07846995453677467
0.06814281841380328,0.13154609947704277,0.07167433233865891,0.1634694500855223,0.2068390530934194,0.09177830289586454,0.05048333865420828,0.10664597128086116,0.1094206337606194
0.06322792273591603,0.08484755853486721,0.10221843690572328,0.06360832858286238,0.15405156304525858,0.1710093489932536,0.07062570876513125,0.15659692757940802,0.1338142048575798
0.03558126296189413,0.06718884727939771,0.05946388618505078,0.197444455927181,0.20909002330562573,0.15842662793205275,0.050743308650849694,0.15128381329390148,0.07077777446404682
0.052720525679260916,0.38792118886418697,0.042667834120418614,0.11601427263462515,0.1188773061696206,0.07305819433484388,0.053084960233189836,0.08079171704233339,0.0748640009215205
0.06246551458662239,0.09877433883495808,0.072682263781454,0.03777614575298079,0.10918276404549515,0.10823234538775874,0.050331296675022195,0.34155502008170324,0.11900031085400535
0.04553326889964205,0.07334546091960822,0.07837088266133356,0.03562416221140207,0.07867690379704466,0.07712743900361994,0.036719615474021444,0.4801993125743114,0.09440295445901652
0.1441736479021887,0.07969716792257302,0.044815606030352624,0.062436052216790015,0.18859475706100162,0.1423024853243994,0.0491315025591863,0.10717007734679758,0.18167870363671076
0.1785686482435902,0.08495907932557879,0.051562400278236664,0.04035457310238489,0.20790207155335771,0.14158708778173568,0.04843994002868208,0.0752310219064818,0.17139517777995217
0.15612875336357238,0.08554112348148928,0.06366228325772687,0.04197190393604689,0.14768342393311984,0.10605346013043775,0.1393075534768037,0.09363627272257724,0.16601522569822608
0.03994459493087129,0.06219441554453142,0.230575169548446,0.12031054165406735,0.12290361621289732,0.04432260540992724,0.16113998282123612,0.16053580390858566,0.05807326996943755
0.04879118689710821,0.09571568570980023,0.04104909556418631,0.10732575896085073,0.04134713158445261,0.25689560690916663,0.06607953946405394,0.25779656876670615,0.08499942614367524
0.03475650394837828,0.044446619425176165,0.0636987162956854,0.18992225972551754,0.08804052179497758,0.24804217982319454,0.22591424076021838,0.030400425226690318,0.07477853300016177
0.13791209979500343,0.07879547825159218,0.03829151604071953,0.032225895413420254,0.05852279466936835,0.08833213027361513,0.13094576327072183,0.35644209672781885,0.07853222555774035
0.05162125963237985,0.04431635914293591,0.6323461400450742,0.02503371403987963,0.047984853824999535,0.049378745558010195,0.04612410919075189,0.030593825840660022,0.07260099272530877
0.20016012972346298,0.05800244426912717,0.0639753112937857,0.0612887108754128,0.10789554208499363,0.053607613223269394,0.23642579096096564,0.13936589342379166,0.07927856414519104
0.06133241329226225,0.2533467002653916,0.04735638248200267,0.10730721467513933,0.2669984751566392,0.048601163875184095,0.08499839414624262,0.04762244479769832,0.08243681130943997
0.04974114283107597,0.1144547211590368,0.026253874171494652,0.13469722784561677,0.048092101071689604,0.2894510389890311,0.16107378462280253,0.045300781609634154,0.13093532769961838
0.057411116035734955,0.3384604234042059,0.019757207588636905,0.02605997768436154,0.08699150181789349,0.11735558247877487,0.1372690575671675,0.11362879560850396,0.1030663378147208
0.02478417738689333,0.14763842901124333,0.03685860127941859,0.4550818852768703,0.05152703394355731,0.07034254732886795,0.11132702466901973,0.02377688565748153,0.07866341544664783
0.04011487578449116,0.05089999733188213,0.06722919721242655,0.29817857841689865,0.05677463048634327,0.09443195000385468,0.13433542026971904,0.17501128316361828,0.08302406733076632
0.025153963739819568,0.2688221368775275,0.020689198424668143,0.047729954482950726,0.02151843458860533,0.131173387541335,0.04287451493839974,0.3840895406785556,0.05794886872813835
0.26329129759753683,0.041980901359379215,0.03527441737363147,0.04017465794467547,0.2162948112883356,0.07727010653145064,0.05008820944528375,0.037434516921725565,0.2381910815379815
0.02573113073645687,0.07742577242807926,0.016151106931651654,0.452026992399945,0.04283241191448178,0.03989763244489309,0.05579010865540842,0.23201545014365976,0.05812939434542419
0.05785329139437793,0.12111648986543877,0.1577481944045799,0.10607365260677627,0.11359446257986831,0.1644317150083051,0.11061918541432965,0.08888688145136193,0.07967612727496211
0.05863125499131897,0.04545851760235179,0.6131883947302325,0.025286648803555717,0.07226641461971789,0.03988574419530769,0.042406812657694255,0.03368272886863835,0.06919348353118283
0.03232759478805463,0.024124949520852118,0.0690468356637971,0.24761428396177465,0.03444681963621601,0.2562910677843313,0.2634889846550904,0.01534311121595508,0.05731635277392869
0.263337772883731,0.08481415622164795,0.06434229110508538,0.036785629275264346,0.12559742430249568,0.10425558066838891,0.062478218658531946,0.1277090905784507,0.1306798363064041
0.1698724557346812,0.08602159568471962,0.05644288725176013,0.03676813701016359,0.20455193337463295,0.11839037069502827,0.05329014570730992,0.14170006524992804,0.13296240929177627
0.14321059963583258,0.08851344635517204,0.08737487209224078,0.041459452278846266,0.12745717590247882,0.10842866828619192,0.044941384592642936,0.19370883949930773,0.16490556135728693
0.02250677889324527,0.07806748436205445,0.06349261367221855,0.03785283333659301,0.1058583622297874,0.08009463262158516,0.42297303203786063,0.07274210988080775,0.11641215296584768
0.08179655450662114,0.12561826633947207,0.06553462533179068,0.057290355531687674,0.07546464279274696,0.0984877050679241,0.0932105130977381,0.3270310269960736,0.07556631033594564
0.3298744874028911,0.0743891324757518,0.029823208360237524,0.04903571354624147,0.19324603637219848,0.06177232825706647,0.03840346880684842,0.09844648658667698,0.12500913819208784
0.09831855046401057,0.16881506828737328,0.06756251501694406,0.04752930765223925,0.09490667709228358,0.16472116277143767,0.17653577432663917,0.07534073353629432,0.10627021085277806
0.0384480755584169,0.16120419310207376,0.08997799037247552,0.07007230034222109,0.036898931879659716,0.24045682088269685,0.04488061232804391,0.24512418666359212,0.07293688887082014
0.03996854300471423,0.10299335587844109,0.03964666191842437,0.1888354992927037,0.08142817311990144,0.18926008279927076,0.11152805871660372,0.14321593172519143,0.10312369354474922
0.14179497770137547,0.07002771151640906,0.05835245352898599,0.03260625183779154,0.10302519154447702,0.07794549400915707,0.12065180659093282,0.05872440421116351,0.33687170905970754
0.04439103756585108,0.19954318718469746,0.049211208046542304,0.04349009074778528,0.08585546859949011,0.11212295722725811,0.06294088298758704,0.30059299448949245,0.10185217315129617
0.06732543008305494,0.10693592919582363,0.05234436404299881,0.12908067843684645,0.2639514173310194,0.14023518518988926,0.08133907695908692,0.05782831725276035,0.10095960150852028
0.05407379540357435,0.06398715160961753,0.03190574056126574,0.04918609217932076,0.27039259988342496,0.10974493800871214,0.1309978666422377,0.04057291080393157,0.24913890490791538
0.10856455024294139,0.07979033491061586,0.05349180216319699,0.044302097838765125,0.2556297461480725,0.1300614306223621,0.0766832085414177,0.1109605166287191,0.14051631290390923
0.28321315621756804,0.06646253945882037,0.026548399102284292,0.06824889613774425,0.10742463362229597,0.15019259213906316,0.06404227848116308,0.12681379892925812,0.10705370591180263
0.02406337134473505,0.07269781939031643,0.02264145949744049,0.28666891658860677,0.1837352846727515,0.13906487834111841,0.057804974527189475,0.08196448505460312,0.1313588105832388
0.032015709031456986,0.09155900264971113,0.062313456824900505,0.19311164787052315,0.07242053661880996,0.11741762933531176,0.1276635618620446,0.21926301138480067,0.0842354444224412
0.34028137291158217,0.05902777356126596,0.07647502217770552,0.035641676539635396,0.14501198255542644,0.07026216407572346,0.09677898155854925,0.06272147916611925,0.11379954745399255
0.04194334146681059,0.08594276286965209,0.10976924023598662,0.1909103607068001,0.03447491574745704,0.27824537459796755,0.1711256163294955,0.01893666013146029,0.06865172791437017
0.3489207147552528,0.06383902599258477,0.04002765411386819,0.03571799039565416,0.15572996783200552,0.07804250303113834,0.05174267467803883,0.06393538612337134,0.16204408307808596
0.10693829813983764,0.09880390131520478,0.12556646898648358,0.041380358426785634,0.09793058253636416,0.14575972898404754,0.1273803676826211,0.13596977957953246,0.12027051434912313
0.03760288630313433,0.09720029098274426,0.03624916754373091,0.049557246509792964,0.030785115871435963,0.04978084240743972,0.04296919737001301,0.5938851663101422,0.06197008670156657
0.044724897249328155,0.05903117256241843,0.06657675281123517,0.26279322190141985,0.08284433813324753,0.09922456788657323,0.2654570410845021,0.034445427437071956,0.08490258093420366
0.024689495045333517,0.08833073968692935,0.021371117650865135,0.4671428798841862,0.0629457490905974,0.03271800479191073,0.12083923963718753,0.11710825623458976,0.06485451797840029
0.04189525371120473,0.013407572470092284,0.01991252306018135,0.28733322507648534,0.27418986356258196,0.12232493746955421,0.16576192100963222,0.025101421947834393,0.05007328169243358
0.03965838794281016,0.06492829799555339,0.1417655485648057,0.1950833018145648,0.2073252128196654,0.09316532639873926,0.19179298121648602,0.011371908219267207,0.054909035028108066
0.06661851502569172,0.18082439422859667,0.05140666989090061,0.09432179832368316,0.11693080216991286,0.20635092068574348,0.09603694046083895,0.07325579970166146,0.11425415951297108
0.06409674207865741,0.051008712540870256,0.49164485447016254,0.02586216210919792,0.08049692210232752,0.07953788796293874,0.06209065884827952,0.06261138875004542,0.08265067113752068
0.36066254459442876,0.06545905239208255,0.06164246020482431,0.03130793846965583,0.11211020541726324,0.062245481375220436,0.10505280132732624,0.11615656006449038,0.08536295615470818
0.04967518867272969,0.12754957827460625,0.17786197259033998,0.3192223579423929,0.054064327542160374,0.10800576579767053,0.038173584636791234,0.0493252740518135,0.07612195049149552
0.03949021867729887,0.04657178074344006,0.5874952248390574,0.0269734213730858,0.07579422471779429,0.05222318350455698,0.06041096716567327,0.03737414765123101,0.0736668313278623
0.039565410142147574,0.35073853911529246,0.026263204566719458,0.10076665500228084,0.03884478440241442,0.05823454682366763,0.1396829193995678,0.17259118544152038,0.07331275510638946
0.03696697162467256,0.057120495787220234,0.14441795319240822,0.27927080783123875,0.2151987768876392,0.050833192733677306,0.10068045632549572,0.06253592138133365,0.05297542423631433
0.11595573867120602,0.08773081175731917,0.07146734467931908,0.04582285309279042,0.1303718693462521,0.1400533173265688,0.12488789174292081,0.13974854839504722,0.14396162498857643
0.057662310558725706,0.05061059411169553,0.1313645485542867,0.10564137146529669,0.25527072782183585,0.11918506801689531,0.14570035133212864,0.04086483020620237,0.09370019793293326
0.3045247176209515,0.06854806509338585,0.021119802930227177,0.06609226395178776,0.10814488685893779,0.11611850049603421,0.15808993061048487,0.04651449035194829,0.11084734208624264
0.5429656255861632,0.039626790899461764,0.01947259559433757,0.035594819157522155,0.18969340770302176,0.017924149007975895,0.03717980317006014,0.06630732491727055,0.05123548396418692
0.06709087584951905,0.04272711127143641,0.5832411134879205,0.027659971664581503,0.050239600497263115,0.05246861569080438,0.0772069526998216,0.030440475579347218,0.0689252832593063
0.0723826675108781,0.19448379827315085,0.05363444901634403,0.2532700369645052,0.036128942173769135,0.11690258708458008,0.11302382646688458,0.06586621779386652,0.09430747471602154
0.027365620779125025,0.06844292974487946,0.010910967731741043,0.2096236835810871,0.01602681464547329,0.05009745908345914,0.07482151413342178,0.4949614606990795,0.047749549601733686
0.06668148464937833,0.10574415545756648,0.05053031830965655,0.10055808177800991,0.12064592745658599,0.12871712596561316,0.07362914558379498,0.20701743063416456,0.1464763301652301
0.04513010204041698,0.09413166058583243,0.06105108137133567,0.17804756788203854,0.11410819547597702,0.061147368554404724,0.20329413571338129,0.1456540732840318,0.0974358150925815
0.06430366956339433,0.043440839464517704,0.022986543767070697,0.11639988996333632,0.1703540780128796,0.11609558003952265,0.11350924495866906,0.22736332338703513,0.12554683084357457
0.37757466814925406,0.07372061865551655,0.036590243159028694,0.03354103507964364,0.15006134849646194,0.057070199352982354,0.038262741297771664,0.1112749212635119,0.12190422454582912
0.05842767402968122,0.09512480448857819,0.08100251183085243,0.2691237925825836,0.12948176493888067,0.10072116235482946,0.07531471134723526,0.07736124510319525,0.11344233332416391
0.03248524779452936,0.04707621010366844,0.22458999503307106,0.2745498951208763,0.22455223324622922,0.04870677750253694,0.05269589024188746,0.03264074174115366,0.06270300921604749
0.06761770598034998,0.04946362233196916,0.5712578467311871,0.02941076209829487,0.05736465048040324,0.059050414230285016,0.04179927848455248,0.03862381497736549,0.0854119046855928
0.08486516850587784,0.05565731730824838,0.03142094470573835,0.04243694311436822,0.0554564372788347,0.09000864368726003,0.11861900162826945,0.4420300600207292,0.07950548375067369
0.03840176790731841,0.0944538383691619,0.03456941541255936,0.15014033825959042,0.08838543731472537,0.13270055378108558,0.1754568807082945,0.1990175961435836,0.08687417210368087
0.06285578826327023,0.2183983588324272,0.034437151106458286,0.09065306209939643,0.09153302270141528,0.19203995622536052,0.03985157775372677,0.16658561165758398,0.10364547136036122
0.3513003596414173,0.059742662273127,0.03529903713842092,0.043921019503538244,0.08798698359202002,0.1358401767071177,0.12237999497445118,0.034559062463646616,0.12897070370626104
0.030893333069735556,0.19473925615664342,0.022823950958169466,0.33612247268983125,0.0869217309317173,0.08372964117478054,0.15551368525737339,0.018353122585274072,0.07090280717647507
0.06302572543833855,0.13512013574516812,0.17384697167841268,0.06449291276100934,0.15476847141760797,0.10026839780737597,0.058304774766798635,0.1518834462633928,0.09828916412189591
0.15932115601775665,0.07363595097242807,0.05944994557949756,0.039105004206378906,0.1367760027914903,0.09205329147341745,0.16984129315986618,0.0861877883266197,0.18362956747254522
0.04209849100208987,0.048590255903151414,0.6182832230229941,0.023382275663230367,0.05672862329003539,0.04651332526266702,0.041263444662059744,0.0493903693646213,0.07374999182915086
0.08025588673028068,0.09669587961668787,0.07535320159805496,0.04391385668595835,0.11730713016598653,0.18948431291297305,0.1264557152484248,0.13421690502919817,0.13631711201243565
0.045792857824905366,0.042416757153841946,0.07607746187219143,0.32852083858465897,0.10689840300550081,0.1710083178245232,0.0762221654734284,0.07327644135179318,0.0797867569091566
0.03228638298863445,0.15573548803190695,0.021571372477737046,0.31208455634255466,0.02690072989715035,0.1350508063239595,0.23809791358863874,0.018515177538670827,0.059757572810747395
0.30063568881102404,0.06885280985411874,0.04613894614936357,0.034774109179901015,0.17896396926816457,0.1082294809144021,0.07588778122389177,0.08914996653200742,0.09736724806712672
0.22964112394173286,0.07450129510326052,0.0622233348049846,0.03529063464550488,0.11813611738914594,0.07668869567079246,0.11822359096302609,0.16703988551640533,0.11825532196514736
0.29101213644735857,0.07814619791636603,0.03779007450291126,0.04007128335741783,0.06899239780195628,0.0819148898785955,0.060133368346863815,0.0876754961160488,0.25426415563248184
0.41554037372632907,0.04849256931844952,0.03667227340747969,0.02933763972486818,0.17708582571858167,0.03333844347823952,0.08138778464577551,0.07415367194380136,0.10399141803647549
0.06852508265196607,0.06368413438862669,0.06689914348187757,0.042100114255220644,0.3275990089986552,0.09254932244003507,0.17673129452489444,0.07024316446840814,0.09166873479031619
0.2578756376585058,0.05836481716174766,0.034062206121906434,0.02840286131813342,0.269358890682478,0.048165238797842264,0.1392498873467818,0.04278352418421639,0.12173693672838826
0.09123596592893425,0.08055976601011235,0.046725200468694855,0.055386925743151565,0.1814847781961152,0.09845150493407512,0.10527567254860808,0.2239971285986985,0.11688305757161006
0.09336694141413054,0.06099347411560885,0.36017902864511936,0.03916068002943269,0.14023552364892974,0.07506461855237541,0.07152662737103198,0.0356506324445825,0.12382247377878901
0.14504371413446782,0.081400036701895,0.051277469784390996,0.0394361276218685,0.19954991514070156,0.10418308218540921,0.09535163988723218,0.08835202205565694,0.19540599248837778
0.10791425840045003,0.04143646344941362,0.5814614200491136,0.02268845458992576,0.05712928690657024,0.054287422032461376,0.030982529100713318,0.03451195410485524,0.06958821136649707
0.06094913284368946,0.05105453939536098,0.5798142870318986,0.0256725215139809,0.060058215203436405,0.06022919184810677,0.04035907657546864,0.045236567595565325,0.07662646799249283
0.031973414512072924,0.08700662040942393,0.030982066690717357,0.04928981722081854,0.0311262664223475,0.10936942573192683,0.03327108113624148,0.5596463458661662,0.06733496201028506
0.42396043318114174,0.06290885354268168,0.05258806545626571,0.028487113361417304,0.15950616064565928,0.06333798971295006,0.07318612469760312,0.06256837647439635,0.07345688292788473
0.061650052866717465,0.0643378616913882,0.039702692652805766,0.07846516529242174,0.13435298880778482,0.3334479144018618,0.07247755569091935,0.065816505215076,0.14974926338102487
0.27487864283377256,0.05407272022905352,0.04049955303214822,0.03351457771652588,0.06868875832638828,0.06967332206669809,0.28175431557903535,0.05115668689788383,0.1257614233184943
0.0629709247756264,0.18703281705065647,0.27263528900870093,0.12106911573233144,0.06035467746301088,0.05959103340641179,0.0547166269087729,0.10037166326408065,0.08125785239040852
0.06019725424077486,0.11665639088006424,0.05373908443201377,0.04399694658141504,0.14856263389202387,0.2103881836437489,0.0660236297831226,0.1667763091318423,0.13365956741499446
0.04444639444667467,0.05710923179989672,0.0301481919062202,0.511657865608168,0.1731001917360735,0.011930133707883586,0.11973564988022732,0.003348270855787661,0.04852407005906856
0.33955779140783743,0.06329164191462976,0.03750537830456785,0.035977667233316815,0.2343281442143009,0.05343158032716785,0.06545877753601634,0.05696921824245166,0.11347980081971136
0.03369134279393156,0.033112208661088216,0.22861057760664652,0.265827118976828,0.2481752862469837,0.04023253864543019,0.06518645059143367,0.03214681082660834,0.05301766565104978
0.08380302474162597,0.16304817016188491,0.029371460404375955,0.05397017303182347,0.045127788452355544,0.056322921769213496,0.07729801458138304,0.4129169466800293,0.07814150017730825
0.0545641174143302,0.0663349330979524,0.19610184195489702,0.18838317330213117,0.053267120790944734,0.075531634628674,0.039320837553686164,0.24736360928725287,0.07913273197013139
0.2193194117891187,0.058588473932750414,0.07226078063380553,0.03901324240239464,0.26461440854101764,0.06417816831408946,0.08229883367491446,0.1073019532872536,0.09242472742465553
0.03522998949601904,0.07207927269665214,0.05793295358416756,0.48188811001301285,0.09524635382567838,0.04262943541271296,0.08724428103126369,0.056397956429524054,0.07135164751096941
0.028641772466864026,0.10654854376669093,0.050939859108267795,0.2649098617517694,0.3032707374969393,0.0247656208947822,0.08230645484374555,0.0927653335412421,0.045851816129698776
0.11879615031505823,0.06353146535409777,0.04617886367292053,0.03886967135221044,0.15885976825574946,0.21842946644940264,0.08363435734832013,0.059051052316531016,0.2126492049357099
0.04369497214218055,0.10059229343032285,0.06487857127091813,0.4518006056555794,0.09435561281284512,0.0341566981050378,0.044042465413280614,0.10100398409933194,0.06547479707050373
0.0367687548304951,0.05273216350762595,0.016352497781884728,0.2502298145464708,0.2957063392796047,0.1166750649326076,0.06442878330238119,0.07676497258790799,0.09034160923102179
0.04453993812199845,0.148752860756717,0.15427768838502828,0.19007068782026357,0.12663251973159065,0.1988424835188494,0.042310377839052005,0.023952819888334465,0.07062062393816616
0.29112974773952827,0.057471397463948824,0.04479950837105933,0.036810563423889296,0.1543727738020535,0.07203619764321477,0.09990923964237398,0.1528650555785246,0.09060551633540738
0.1744577533268333,0.08248561714664045,0.07669289989566773,0.034127026550209306,0.2328714975427489,0.10871468342756407,0.10141487028425211,0.09696649010826759,0.09226916171781656
0.08657890697025038,0.07535299528883796,0.06486814797379602,0.053719153771566296,0.26449681296977007,0.1183592770046135,0.06551551994540894,0.11800368588699721,0.15310550018875962
0.034944004414657164,0.017761980896804495,0.15551418624912033,0.13012070231327968,0.17245256423865798,0.2330387197904654,0.19202917504310488,0.0121876869901656,0.05195098006374455
0.035727549367258055,0.03596163850099676,0.07470743992695625,0.2134671819438471,0.2607133270733323,0.07792176139797799,0.23037329392092465,0.018565360605834705,0.05256244726287216
0.043254961552789344,0.11270909449591486,0.03206499599622383,0.36984948676920143,0.09672869837391197,0.06793047798627466,0.13285873755531755,0.07504016080570715,0.0695633864646592
0.07256666075056685,0.1060811998062192,0.0874977055053295,0.03876357605400524,0.17232346973234525,0.16673101726811876,0.0621927412864726,0.15168851688867038,0.1421551127082722
0.04089348426960173,0.045376156158753206,0.6363118878305231,0.023100055434072994,0.05349649929112551,0.04361086889650028,0.04273587172055652,0.03995564876778388,0.07451952763108279
0.04694490605973577,0.058555407075365856,0.1170961127004187,0.2838892181517915,0.11158736006521637,0.11352296923375609,0.05968992203931991,0.13490455126575288,0.07380955340864293
0.028972141570284885,0.16600957914332815,0.04338396644524383,0.032906710694781495,0.04344420119381606,0.042207532499471324,0.04213893411576827,0.5250901234129638,0.07584681092434216
0.16979412319752663,0.1019100280947941,0.07023143383811185,0.04256937244215892,0.11676518535089786,0.14195413994123587,0.058746790764718816,0.13665493544589438,0.16137399092466154
0.06259351048552152,0.10450699980290114,0.09862275670860803,0.24367633247747958,0.0967701211951853,0.14255321189861422,0.10234088184287436,0.052709755042846966,0.09622643054596884
0.04368264319225219,0.13909182103445866,0.14806315506471432,0.2856525606994455,0.03878657032631923,0.09049569010292584,0.0648428954110516,0.12277468243227467,0.06660998173655794
0.03632044243116437,0.04723889547602413,0.06784863976770344,0.14131493456957425,0.09960337893844384,0.15384250872901647,0.07294283254180715,0.27678427744204526,0.1041040901042211
0.05139578818978364,0.07628792945987033,0.10795971667979465,0.0654045603543038,0.0963876213044863,0.09250979475775002,0.03175788008959019,0.3943539448600135,0.08394276430440756
0.055557318815715385,0.07426328459150812,0.04280406163886446,0.05808980770167635,0.2681425078294123,0.2121804343117503,0.06524886210359364,0.1124511114603049,0.11126261154717464
0.20983323648783517,0.07401278894762958,0.06775303897856534,0.05169111151407848,0.08687331180756148,0.09048771980544391,0.11057436047585971,0.12168270209585223,0.18709172988717407
0.05138704764684059,0.1789738973059775,0.08808482586035686,0.1719569017747562,0.17949377280060308,0.07180751533474537,0.0820597711587564,0.10919330371317594,0.06704296440478805
0.14250686057438472,0.09757943606079351,0.0698916937696855,0.038398743276331304,0.1592763450365603,0.1396771762843663,0.11461036243247791,0.12061020622333544,0.11744917634206509
0.06559276588446881,0.17903454816257028,0.23372592184233584,0.06367907358268039,0.1129114069881122,0.07942159175403152,0.10107267116648111,0.06672460965517497,0.09783741096414489
0.04637093998883584,0.05224724025437005,0.04851579679982054,0.27838516106138206,0.11420375568382117,0.07488258147191186,0.03160623895854427,0.28288508226263637,0.07090320351867786
0.3618461901726154,0.05407383438560642,0.029867464465431367,0.06646674276348526,0.08649914497892741,0.13895268429371013,0.10072342046589228,0.06471985510536957,0.09685066336896216
0.045364530859043135,0.06788248119893928,0.08615702981045155,0.06180996154110529,0.208574101123341,0.13096087655659608,0.05562278217614638,0.25013446141526935,0.09349377531910795
0.05491403379697773,0.08244733170171085,0.1048048710579547,0.08268583172598054,0.26804669436015566,0.12631711477798782,0.04831009030356908,0.13571592854093062,0.09675810373473297
0.22919811024305572,0.08122815004526189,0.03452823082561276,0.04477644778599127,0.04813455833158562,0.08946198400282974,0.08567001655228418,0.3077660598576946,0.07923644235568422
0.0675626750867086,0.13437626389132004,0.09815977339281438,0.07149144423872086,0.09960216088373851,0.18171971491308123,0.08603896208051338,0.15200073074609752,0.10904827476700545
0.04190474482291796,0.0752528404546637,0.02161065765523566,0.35286676598400507,0.05767144091418027,0.20299000809811266,0.09090386419912812,0.05183280183975066,0.10496687603200579
0.061795333571219246,0.12210869192682412,0.09786686600135508,0.11740698103833806,0.1205285489820983,0.14320189705374156,0.06805705014180922,0.15751050159190494,0.11152412969270949
0.05855849621059322,0.04638029446860065,0.0406990210102395,0.5457820655490041,0.05245203950292535,0.09365468693752471,0.08743524874110221,0.011369074467595138,0.06366907311241514
0.15491896230434982,0.0867731928163739,0.0529936856887546,0.04765608881698478,0.2679779109916165,0.10350076838793722,0.039505189507627846,0.1144309472418978,0.1322432542444576
0.04066505422534209,0.03723026339160589,0.0670158362310476,0.2640383670572233,0.09730259059726774,0.1784665338196153,0.18009096781410538,0.06242312911401313,0.0727672577497795
0.0342250669851192,0.0673275941892258,0.057062798912764966,0.47712356742462525,0.03923751966249593,0.1878896252584673,0.057668192802057205,0.016167673527108153,0.06329796123813612
0.05239107944691095,0.1898637168299604,0.03837980279310616,0.2590565104187053,0.07035655222705078,0.0805563132461476,0.13535304425731975,0.10486342645280666,0.06917955432799246
0.04720636384643628,0.21217015995817834,0.05063011123725625,0.12757556399263023,0.08702816390586442,0.10786636880501005,0.09758992003475936,0.18524137023900955,0.08469197798085559
0.13061335735774504,0.05020025733538547,0.0799085061801945,0.05095926625360525,0.15661223216586517,0.06502493793968749,0.0741552487981537,0.2830432323188034,0.10948296165056
0.31333479425650473,0.04615457388913726,0.019950576826928263,0.03804389678497172,0.16465402596378811,0.07444786985203464,0.1439229949094497,0.07203945211364983,0.12745181540353576
0.27424956204506595,0.048417154289839066,0.03720156859260754,0.045270660834547366,0.2818316350099876,0.06838857137854273,0.10279867531778471,0.06791918203996267,0.07392299049166239
0.08631219491391323,0.0564318746572491,0.03737865996682776,0.04142280321092608,0.07635086611283068,0.04078021271479216,0.5251397908821804,0.060810234667934955,0.07537336287334563
0.13245141387441875,0.06465713785752515,0.04037918673306197,0.06749488040487849,0.31686555051902143,0.14796408585918666,0.05463739464815778,0.0747920746893587,0.10075827541439104
0.04738566883590659,0.2135498392765739,0.05773976990126332,0.05265091309592205,0.06349445376891884,0.11679785900990114,0.09596253149337149,0.2762930565359664,0.07612590808217629
0.03020536467390897,0.08047813187676402,0.06754798506147204,0.3119310461683975,0.03099526593358087,0.16771688029381351,0.23070628391538675,0.017140407817363857,0.0632786342593124
0.07966392963198861,0.09483330777951111,0.06808530231282604,0.05161499350655008,0.22539376540717757,0.1297169996750431,0.06444839028898415,0.12537297233635022,0.16087033906156922
0.05992510903644067,0.12019236073638695,0.03853926092701368,0.09254204293411371,0.22424804296976253,0.05142870246766045,0.06052057268623806,0.24178793061035134,0.11081597763203255
0.19284706214826852,0.06182238637350939,0.06510189813509522,0.04149911843412653,0.08046377780200865,0.049721712259676,0.24299402943984352,0.1507223978745307,0.11482761753294146
0.08264206842478995,0.04211209239071299,0.5901212218509698,0.021553937393085674,0.08446447900999865,0.041743676241360876,0.037326474546376325,0.025649662073264898,0.0743863880694409
0.06001427533815754,0.22368027053021552,0.0921101421471411,0.06466152968825235,0.11574906756851651,0.11425648644511144,0.10593184163626801,0.12711058507933426,0.0964858015670032
0.044195550064022676,0.09709859356957411,0.037885126938125936,0.24047121288023454,0.14456257411781367,0.08829734986648223,0.1397390646446193,0.10379880407560856,0.10395172384351899
0.040467970287528056,0.19197756681185182,0.03054861414572484,0.4309312165603054,0.03104364299210198,0.08133656995520937,0.08831563160080762,0.025123434768885945,0.08025535287758478
0.0330686466709605,0.03317751192142747,0.32566610412231367,0.06900388335412995,0.10341811417332673,0.14800194810504091,0.22494904993197665,0.014303369588082995,0.04841137213274118
0.09487146576057415,0.06295308833668345,0.39710609455157203,0.030070901240216847,0.09194379133577137,0.10794243186317402,0.04624541171565196,0.07654925925082094,0.09231755594553522
0.049675147476503284,0.06953743378078288,0.09594814442842982,0.05068341924246256,0.3982252070667139,0.08037491418142363,0.042941151136742746,0.1263254856362364,0.08628909705070471
0.04989251431334318,0.05972963417819669,0.4441183437010039,0.038692647012866864,0.09709020999125728,0.08588661013443959,0.04057604055619443,0.09223512791834292,0.09177887219435515
0.3314152967049388,0.0689493894417291,0.04818945768304817,0.03285190847383515,0.1438660645970081,0.08839288771795012,0.061024476875738774,0.11486915339573066,0.11044136511002127
0.11682070652167265,0.11026278394663136,0.08783639903820717,0.0448499044813338,0.20802041964312065,0.1417719278840418,0.051519880510838896,0.11388965165008669,0.12502832632406696
0.10251776752522118,0.06957261312040043,0.10741312128789741,0.048276359095705525,0.18666371224803577,0.0801088598828657,0.08105838158703856,0.23078530136697176,0.0936038838858637
0.04464123460016035,0.08716913961664108,0.015816859105446834,0.39794660291469747,0.07527687178903954,0.08433272216853586,0.18866183830280933,0.0308411267198003,0.0753136047828692
