0.10409251782595393,0.08322266805826574,0.11052662277662946,0.11761012039598873,0.08249849347587403,0.14382922706117368,0.12457496585591504,0.11889145478996345,0.1147539297602359
0.08735924603872391,0.19902031841869042,0.06709398679607158,0.07309557370475343,0.05798863987006747,0.1904503878834646,0.09295003396372692,0.1286616294764306,0.10338018384807106
0.10466988184795334,0.1659561905053421,0.08978924273053053,0.06862602153695725,0.10463996362668772,0.147160109021338,0.10407053378156328,0.09625026951931141,0.11883778743031632
0.09396451385617617,0.09253974352446297,0.08304617717543585,0.10428239305418881,0.11475293013022377,0.1723201995127993,0.145088329973788,0.09875737802396252,0.0952483347489626
0.10338190072046867,0.08365977453285202,0.10339641340503526,0.122302982704754,0.09493423886724532,0.14065720240663257,0.09410181913582828,0.12387874026477859,0.1336869279624053
0.11501263281211706,0.07450428627259843,0.11648665550491044,0.0958625165039388,0.12284822785706001,0.16599946528104895,0.09342999003994774,0.09965587840940544,0.11620034731897304
0.10888554710639846,0.13210218004165744,0.09998587327297281,0.16957353526875474,0.11384901093918946,0.05392123013726263,0.14964594190775735,0.10415401737195602,0.06788266395405104
0.11161676286730653,0.09830098074504022,0.10146074737505338,0.11893624083588882,0.06870715380674286,0.16763108449810224,0.11063584811732978,0.12082367913423714,0.10188750262029904
0.1483590113046571,0.05444396490903495,0.14123643883991696,0.18307607639871845,0.07987945713556853,0.08172680145981959,0.0852426949668984,0.1277453206176805,0.09829023436770551
0.162564583302737,0.1323038571657845,0.08970867609928668,0.23209560247996439,0.10674752628054725,0.033806031378973374,0.0783722712588359,0.10588281559119135,0.05851863644267961
0.10916591813281469,0.07064016321561639,0.08719994893906423,0.12961362132724208,0.13749010878570941,0.17674891209785146,0.09923994303571049,0.11568014206885495,0.07422124239713628
0.10409251782595393,0.08322266805826574,0.11052662277662946,0.11761012039598873,0.08249849347587403,0.14382922706117368,0.12457496585591504,0.11889145478996345,0.1147539297602359
0.09954482707540584,0.09004969843933508,0.08314529243710872,0.12946408621825567,0.11082809237973806,0.12311801834059462,0.1727670454681485,0.10578483988960907,0.0852980997518044
0.10409251782595393,0.08322266805826574,0.11052662277662946,0.11761012039598873,0.08249849347587403,0.14382922706117368,0.12457496585591504,0.11889145478996345,0.1147539297602359
0.10738441972063795,0.09920844989416487,0.10157944225222282,0.1153822739430063,0.10248323902859524,0.1369975286645439,0.09997201499840562,0.13438686915311324,0.10260576234531012
0.11155083653289066,0.07348719596463599,0.08542241024239876,0.215524924824673,0.11159813043343096,0.05639744805751886,0.13416497090887156,0.12748049825207203,0.08437358478350825
0.11257769968283797,0.11948369798436304,0.13356169456030723,0.09188535059890114,0.11857118760579761,0.05273181790019831,0.13129213303515544,0.14380856427582092,0.09608785435661843
0.09984438534488727,0.1482322721250261,0.1193705558610757,0.11368814894090717,0.11166635588612843,0.07024066960860276,0.09016858518993742,0.11897702152611055,0.12781200551732466
0.10736456144183064,0.1354403362872836,0.1093185700708011,0.1218558653481766,0.08170496240529997,0.11657180590986893,0.07092602347567119,0.12464216494428354,0.13217571011678442
0.1161766809392994,0.06394879612549308,0.12648003002735328,0.1456306396001359,0.08913501164936784,0.09598110198166206,0.14623207802801588,0.09680964775737677,0.11960601389129576
0.1042298051196054,0.17778582602117343,0.08681181331527481,0.11094933502832272,0.07650957168903248,0.1298310582690871,0.11684904405849043,0.09300836296730508,0.10402518353170852
0.10409251782595393,0.08322266805826574,0.11052662277662946,0.11761012039598873,0.08249849347587403,0.14382922706117368,0.12457496585591504,0.11889145478996345,0.1147539297602359
0.11157013261628083,0.056451109783736915,0.10470371841784389,0.0826109259394099,0.13865490167889077,0.1591642646395727,0.130621640493049,0.09567696015762532,0.12054634627359066
0.10409251782595393,0.08322266805826574,0.11052662277662946,0.11761012039598873,0.08249849347587403,0.14382922706117368,0.12457496585591504,0.11889145478996345,0.1147539297602359
0.10409251782595393,0.08322266805826574,0.11052662277662946,0.11761012039598873,0.08249849347587403,0.14382922706117368,0.12457496585591504,0.11889145478996345,0.1147539297602359
0.1112375307076633,0.11123443773309079,0.09194915140469011,0.15152701992493597,0.13676550033769522,0.14337370395941637,0.10398000345366394,0.064148801969978,0.08578385050886637
0.0961405451212637,0.11005992764858576,0.06783801206639453,0.08534696611082421,0.09790829418061564,0.23238568222453435,0.109374262751422,0.10463558199187462,0.09631072790448524
0.11925269682384428,0.16865459027610785,0.10006129395855846,0.11731380853327468,0.14477480224794925,0.08481465254589982,0.08291644902021181,0.12385895856557505,0.05835274802857881
0.11020229390303794,0.10303080142349852,0.12977833463954888,0.10813949360730268,0.10791038406168396,0.11019875215844792,0.1410141837972669,0.10627818016099977,0.08344757624821349
0.11498719037896998,0.060976107304866224,0.10724853919267935,0.14545152409379822,0.10287682503535707,0.10702807404024263,0.13123708312680762,0.13163344009004566,0.09856121673723321
0.14031873730642125,0.11590507597754884,0.09572412928616088,0.10214424548724825,0.1601285621358601,0.09547346211821732,0.12550756847964706,0.07353591345604002,0.09126230575285636
0.1453478678440201,0.06890082461466941,0.13118035776548054,0.1493044399070871,0.11334902053559494,0.08147965528944766,0.06087194516303107,0.12253388257454016,0.12703200630612901
0.10527000670445504,0.056967146722324086,0.10137610122406938,0.14061761449787938,0.09702879830262529,0.19592184834284812,0.09294616624888902,0.12920257007474942,0.08066974788216037
0.11325384250332414,0.05515603116533493,0.10547007873317664,0.17248823340231614,0.11341294339708234,0.07436994089886202,0.10248348862814233,0.14697301113981573,0.11639243013194571
0.11475439189107528,0.0770142223140957,0.10936725310208494,0.14487723826305013,0.1043315896181299,0.09359117866465484,0.0963158958757084,0.13658535795203683,0.12316287231916397
0.09910905753498611,0.16253846364574778,0.0897975151253897,0.18003484872648626,0.08375038203229034,0.09926030687581301,0.11009109465514184,0.09275117371657053,0.08266715768757445
0.12052798510902511,0.08038637710911656,0.079027911924114,0.11431030442274814,0.1250842595739129,0.17712920891960013,0.127575222479044,0.08566155145798933,0.09029717900444983
0.11580854723104271,0.23168076070779478,0.07150481215583727,0.059500066072613676,0.13180688427571938,0.12961765042798593,0.05799982491350556,0.10996128685510083,0.09212016736039985
