0.1251361790129308,0.1582813643742996,0.08470546965845416,0.10234409889386265,0.09550752713020105,0.08892180973605408,0.13302860998890184,0.11425475535696099,0.09782018584833478
0.10051104406149665,0.17236706217181466,0.08930337350145824,0.12302441406314879,0.07884890019132906,0.10448786366203672,0.12524442316911968,0.10795938930182396,0.09825352987777221
0.09333041848863965,0.10081311797118415,0.08487060451157508,0.11235208014441188,0.19584088027929933,0.06700609757033656,0.12395207537321351,0.12069065910471109,0.10114406655662872
0.07442014592044575,0.06089136714354987,0.11458387289022376,0.0839957580944566,0.05402617347767591,0.2242316857888829,0.1287143168788248,0.12172456176579431,0.13741211804014614
0.1212486439579309,0.12998973655869725,0.08418396144230456,0.09717294495153928,0.1361767481810681,0.07680737309444709,0.13309155903962056,0.11998708184555242,0.1013419509288399
0.06606595061358327,0.08201165356203477,0.12880541608802457,0.10693442702394217,0.17591248903181497,0.07570748367240901,0.1272031597015356,0.12226706399750875,0.11509235630914694
0.10843302760921336,0.1436610672651447,0.08305019238443993,0.12383330664527226,0.13551327610223027,0.07282935389864849,0.11848148873636026,0.11793112410873835,0.09626716324995238
0.02615604045205731,0.01225410984534705,0.36859852948712657,0.06538825908289132,0.0726476550165156,0.10499104354293572,0.06638928404061716,0.08130324179942965,0.20227183673307958
0.04555559111185911,0.0965354893160643,0.09825644880157137,0.12584204218402315,0.07333592196075157,0.10040395674538805,0.2391108541527249,0.11260053217736882,0.10835916355024873
0.09247001739805039,0.14776001450402393,0.09711799959519063,0.11928990117716949,0.07061612189449734,0.12800077468549334,0.12800774437833687,0.1103076128259199,0.10642981354131802
0.09478343059178222,0.04763819392590112,0.13389633534152906,0.07110488566783703,0.04907189142952143,0.22857179101332284,0.07706946814128686,0.16780904181886594,0.13005496206995346
0.09403624994214899,0.11032145004737114,0.08550578235450645,0.11360408956592592,0.17928069137595296,0.06961283610714301,0.12510627674903096,0.12036952178535383,0.10216310207256674
0.06982090854435942,0.049213516391259704,0.11854179761043733,0.09753117147605499,0.0434985730022788,0.24546424606356998,0.09939153245380128,0.13413464952164764,0.14240360493659085
0.07590838891863749,0.02111098787926856,0.08349356365288364,0.07118325337454813,0.15566612406335043,0.10519771721987725,0.11721780777410255,0.15636198860778502,0.21386016850954692
0.10375994536117084,0.1789031403268767,0.0862527368019379,0.12415979877498473,0.0847323912729367,0.09525598734426181,0.12397736419948162,0.10755281743819656,0.09540581848015312
0.10757582610381072,0.1703860391871387,0.08236981861300595,0.12405274474775041,0.11076853441199375,0.07877037087210771,0.1227969103220457,0.11009366350719485,0.09318609223495222
0.103986422356794,0.1792042401434516,0.08604439436529787,0.12422683869965229,0.08527659340380687,0.09459427956512033,0.12389222535838967,0.10755078599389883,0.09522422011358848
0.10575677690958224,0.1513469857434481,0.08258975314458626,0.12170718997963974,0.1333022166211548,0.07362762599820266,0.12335872826842992,0.11339604817693623,0.09491467515802005
0.1048981402249593,0.14583613369609402,0.08280230988798913,0.12091934355703675,0.13950980883151887,0.07268088394635062,0.12353980978177377,0.11428061252946102,0.0955329575448165
0.09733090832792317,0.16346592699477144,0.09238663675387748,0.12169239139527466,0.0749821674583104,0.11355264276628428,0.12646907205806193,0.10875940272993635,0.10136085151556033
0.12745188855705938,0.035361793620120506,0.06855106971304092,0.06166898552723016,0.14283047961542353,0.20679467536591334,0.050471869807050686,0.1887139193301541,0.11815531846400729
0.05402447866637608,0.10440236918995138,0.08033713053793595,0.2194087510494652,0.16884426054400947,0.07171741410304909,0.08728349133613393,0.1003045265582541,0.11367757801482481
0.1043368964094551,0.1796143718505813,0.08572282973393201,0.1243261679389866,0.08617244108230444,0.09355924224660174,0.12376194911966147,0.10755751550653832,0.09494858611193908
0.07326369621780933,0.07402725791456706,0.11344485508064135,0.09857813641593487,0.053642927277385614,0.21516861264954254,0.12191082919266862,0.12071500528992925,0.12924867996152137
0.08446763522755278,0.12169879942591826,0.10430440000728612,0.11415053843369838,0.06477888353228581,0.15405429931496917,0.1286107522834781,0.11308233251758777,0.11485235925722365
0.1059524947610709,0.1802901083784042,0.0842433648928592,0.12468420635767248,0.09157588319710795,0.08846900969749888,0.1231935957710924,0.10780948312608378,0.09378185381821018
0.09366320593404749,0.15172276499102938,0.09596826027875739,0.11992313814203155,0.07158370308447061,0.12437536029213987,0.12768754309179753,0.10990892014475175,0.10516710404097444
0.11940271824299019,0.14156542887320503,0.08240898002482455,0.11540937510022509,0.12628173092137826,0.08285681037014664,0.11109048391305225,0.12361928552156116,0.09736518703261675
0.10643309769924204,0.17986809663570943,0.08379547670271968,0.12473690880534576,0.09389760788225875,0.08674780724181996,0.12303976968344794,0.10800081635380893,0.09348041899564762
0.10366359375923895,0.17876708416858586,0.08634151874738248,0.12413065270766617,0.08450834817828921,0.09553606457075574,0.12401379170393818,0.10755507801448533,0.09548386814965804
0.1014541985445092,0.1693982442293289,0.08543759058564533,0.11564171728150756,0.10496149052636328,0.08528603629852095,0.1273085503005211,0.11166705250860343,0.09884511972500025
0.0820569618925198,0.11131858318052622,0.09613897194327359,0.1376793776440765,0.09210508748728398,0.11806419167318416,0.12191958971436954,0.11865401343822407,0.12206322302654216
0.12952055882520772,0.042088685511890926,0.26567649831980117,0.061642250470205294,0.12245659769110773,0.13654053715041883,0.0785376757776623,0.0869672612027113,0.07656993505099473
0.10796447810365345,0.17825752433287279,0.08288160696838569,0.12270139251019964,0.10020249165453088,0.08307813524138902,0.12332196471290123,0.10852108078862688,0.09307132568744055
0.1170889070849015,0.10809455694989517,0.10039163994517292,0.08531166972936897,0.06594742579194482,0.14443007901066227,0.14420071196587603,0.11940630662230738,0.115128702899871
0.18952080543504168,0.019517404020455077,0.07391552512723043,0.03138300889185202,0.07906859118810684,0.09957876370827778,0.16725935745795742,0.14708144230645276,0.192675101864626
0.22515568047418855,0.0008748431195922639,0.04503792171362952,0.008851499120011153,0.37092680585537874,0.08512837908922528,0.027995064372852495,0.10515397281029092,0.13087583344483103
0.10723624530680287,0.17749818976156692,0.08299548610497086,0.12467188541190388,0.09988424077361253,0.0831852951625764,0.12281499356704167,0.10863932348822242,0.09307434042330238
0.07745009491625418,0.09977811719198482,0.10965276444893951,0.10803371980709377,0.059399140510021715,0.18171640487045357,0.12577929906487342,0.11606399127303368,0.12212646791734533
0.21390938476729138,0.1473541119728937,0.12711617688867743,0.05673036258999353,0.08959685936808894,0.078564526236324,0.09654669579533688,0.109167456875707,0.08101442550568712
0.14241856716050713,0.13498478147742696,0.08690635787275476,0.0811648313141342,0.08798831276043044,0.09767585129542655,0.1449497163169289,0.11932768202666826,0.10458389977572287
0.1166239206888768,0.15630402692111145,0.08978100068666635,0.10387231901873269,0.0790696215161447,0.10620392756941278,0.13380606981688917,0.11302291946004106,0.10131619432212506
0.10026286515873407,0.17174063874924586,0.08954118858467801,0.12292735715884202,0.07849934139297177,0.10518849229385034,0.12534231848809285,0.10801125811113071,0.09848654006245433
0.09079664713864725,0.10361113799358553,0.07070590179078047,0.1149899681880392,0.1962880030189548,0.06920538255777521,0.1273151957286391,0.1231219367236065,0.10396582685997198
0.14045060241664406,0.14027830681252876,0.08674122737079941,0.08587174046086361,0.08573002324730572,0.09802416394711817,0.14235768405280838,0.11804407441059572,0.10250217728133611
0.10729112554708937,0.16486735904552596,0.0822956298551364,0.12344301644322499,0.11770276715742628,0.07678982294738897,0.12292533718428933,0.11110337984571184,0.09358156197420688
0.10263795357616529,0.12553637217312244,0.0840113524755254,0.1263175355969218,0.1545141053572351,0.06977995864185664,0.11492282050539392,0.12321677983829,0.09906312183548942
0.09767398567069518,0.09098085681023847,0.08489251766831318,0.10476774989046071,0.2042987699529926,0.0668423692925196,0.12523742235966592,0.12302516283961,0.10228116551550437
0.05435757495581545,0.023241234529984302,0.26428158636347354,0.029047433356709753,0.14470610541522225,0.23890234944186683,0.07396801269004975,0.08142407692922253,0.09007162631765553
0.18339264457306603,0.0645764890242322,0.16327900181244606,0.05028881714410847,0.21139921592145475,0.10015108368494326,0.0947970038631986,0.08474504288207894,0.0473707010944718
0.09258071562058318,0.14812867914292288,0.09701189983493241,0.1193499261747772,0.07070389988241514,0.1276621129726725,0.12797997920180917,0.11027034076270442,0.10631244640718313
0.09476417526016638,0.15534063707969184,0.09489772796384953,0.12048142810860184,0.07252583651664996,0.1210774267479408,0.1273546548190733,0.10954890638777308,0.10400920711625328
0.15223835936417993,0.12475849120450107,0.08766367584815822,0.07562519950004903,0.08048272256926904,0.10368539322763454,0.14899864440197827,0.12067447497318923,0.1058730389110407
0.12214638326484724,0.1684434822049882,0.0846765900934305,0.10617195539361508,0.09257023678771885,0.08961642005484076,0.12888683774714113,0.11111896099821099,0.0963691334552073
0.09598257319452619,0.15926675894306522,0.09370663065060915,0.12107163102626024,0.07363906972328955,0.11747807249224401,0.1269508325825412,0.10916343591943743,0.10274099546802706
0.06384355813552338,0.02044337092673145,0.3547560377495021,0.05061390729636503,0.08688431235123022,0.1424016848378659,0.06213807305525857,0.07604837250344136,0.14287068314408188
0.1075234923271872,0.16878546663874583,0.08232801402583458,0.12388372435581256,0.11284836735285658,0.07812465231468267,0.12282775510636085,0.11039303436537289,0.0932854935131469
0.10719556212261606,0.1777207609971302,0.08303993863573911,0.12468484045258703,0.09944643046771323,0.08341110981481818,0.12282467199118781,0.10858720614120765,0.0930894793770007
0.10640843268964685,0.15215172373235794,0.08253912356552473,0.11990879114015301,0.13317646654355228,0.0737548616169319,0.1238975443099309,0.11320820723816748,0.09495484916373498
0.08331738699685086,0.08365356462463308,0.11129727831362157,0.0939598018866619,0.05693365444912298,0.19566154827120588,0.1297035501995625,0.11926823424515827,0.1262049810131829
0.10652578139040404,0.17972985879998338,0.08370772525626173,0.12474196172742937,0.09441485923655045,0.08639403442746711,0.12301133800742625,0.1080485211303883,0.09342592002408935
0.1019862438990623,0.17576719512965097,0.08790328754216799,0.123574130064167,0.0811676972251376,0.10032607078275114,0.12466254748665634,0.10770287550984936,0.09690995236055737
0.09872226833584574,0.16757006632771176,0.09102952613791282,0.12229822824621801,0.07652868272407778,0.10955872122367283,0.12594385003548106,0.1083772043023214,0.0999714526667587
0.028995246190130133,0.012821336813918465,0.06633924194819422,0.11353706266364842,0.27565491566692296,0.08468147118658438,0.0567293963725183,0.12700290434966596,0.23423842480841717
0.10144561096585998,0.17474218783968987,0.08778194450061787,0.1262527266689303,0.08188821833557342,0.0993954827290353,0.12388210895188904,0.10787844849557437,0.09673327151282977
0.08574844397661152,0.12573438861861067,0.10322956554620151,0.1150902914132808,0.06569034259501565,0.14962582082884637,0.12873459845844307,0.11262468101565302,0.11352186754733744
0.15098879162776135,0.019375852814930324,0.33341555370173287,0.03415264816922816,0.08661227792150698,0.14819023066017645,0.05211847785405413,0.06566471094224749,0.10948145630836222
0.12102359900488831,0.05275940630827835,0.10780494642857678,0.06393065943355938,0.05135995636688873,0.20216498758848703,0.14115508355182435,0.12721280746802852,0.13258855384946847
0.13528428335866755,0.060897568390571304,0.1100603167272658,0.056477765571915535,0.1571678288533084,0.1783965939687114,0.08268244850174848,0.12004370505864802,0.0989894895691635
0.09070451655156407,0.09416381436725747,0.08510357586977792,0.11060615639003601,0.20608528605332724,0.06615698695904595,0.12367492780505213,0.12149803861449904,0.10200669738944008
0.10590893708222787,0.14137864961860191,0.09559264728863297,0.09507856954451437,0.07531709409576455,0.12144552490090939,0.1396160494295988,0.11532921516370802,0.1103333128760421
0.07243342116779093,0.023643535594979132,0.1133736794591949,0.07096881829039586,0.041335745174413865,0.30032467590047907,0.10675311462541677,0.12909489743334218,0.14207211235398734
0.09169232584751448,0.14516790081881562,0.09785958655887828,0.11886061189573695,0.07000930591893882,0.1303937432677434,0.1281907711988839,0.1105707169500787,0.10725503754340988
0.10662808248820806,0.17954970752323887,0.08361008538226346,0.12474502513854113,0.09502022832522576,0.08599247276175988,0.12298051821095794,0.10810644295153875,0.09336743721826617
0.09150935917532926,0.1445579902809537,0.09803302424670891,0.11875764811230816,0.06986884149563084,0.1309603006298695,0.12823065676603007,0.11063289301193215,0.1074492862812374
0.1024175562054439,0.17661953291141586,0.08704795857532832,0.12573287064429708,0.08323141498871535,0.09733980084874112,0.12379766596718815,0.10774075341153933,0.09607244644733093
0.10692747903486695,0.0972267445236664,0.10457233421065208,0.08612640748266753,0.0626153602838254,0.16145566295351285,0.1419768797750058,0.11960579422286148,0.11949333751294151
0.10706240491048553,0.17832940483524087,0.08318048943782264,0.12471584297031839,0.09817296470996072,0.08409578955004528,0.1228582016038361,0.10843979265651639,0.09314510932577404
0.1067298111501966,0.17933760268611454,0.08351199042063662,0.12474504561832926,0.09566381021974647,0.08557963860529332,0.12295052063261923,0.10817035166978284,0.09331122899728106
0.10431745077323444,0.1424696696518912,0.08294625612977381,0.12041580153176945,0.1433136144995727,0.07215900579625358,0.12364533896878223,0.11480940078021784,0.09592346186850476
0.10753542051427234,0.1690842382368277,0.0823343122243751,0.12391581668111684,0.11246538331708227,0.07823990126642122,0.12282150376143075,0.11033761770160494,0.09326580629686894
0.1003060362575648,0.17415491314353695,0.08712406732009141,0.11363122885349246,0.0930451559171775,0.09288835462674194,0.12850809865477728,0.11041486590129738,0.0999272793253203
0.10369017180224077,0.13681948625175225,0.08319110660774932,0.11781416493875742,0.15043909277234602,0.07137752804818563,0.12434605807147021,0.11560047831301677,0.0967219131944816
0.10617822870828926,0.15438409544282464,0.08248922013153648,0.12212220627282426,0.12987087958996135,0.07421276569953499,0.12325699180869881,0.11289761768240193,0.09458799466392835
0.15046476623012583,0.1340704867818193,0.08493403598616535,0.08346219381372368,0.09214390480669349,0.09154552838722857,0.13759245283824698,0.1233651754156429,0.10242145574035387
0.09192273793185847,0.10228214634980752,0.08532986731374093,0.1130706774503386,0.19204466732709946,0.0679725312858147,0.12490069205600762,0.12059726160387108,0.1018794186814616
0.09832972042874814,0.1664402993150469,0.09141147919229693,0.12213086334259353,0.07607301392709313,0.1106802776043138,0.12609428774865217,0.10848076408859658,0.10035929435265885
0.10260190669726647,0.1358774000283697,0.08326289432348115,0.12116374873189627,0.1501128448746151,0.07121169270981466,0.12328648293311141,0.11589784864392756,0.09658518105751769
0.144928909109542,0.09895140219222563,0.11549585452578853,0.06903127050805058,0.1587693625049168,0.08025999388197276,0.13709476952799746,0.10212998430107678,0.09333845344842946
0.10712653746964133,0.16286180585074472,0.08230733922925149,0.12320494929398564,0.12009796631699614,0.07620633303712933,0.1229834022599781,0.11145711009498661,0.09375455644728665
0.0952342810309444,0.15711957774461574,0.09412772040085775,0.12266579562652553,0.07352873063376177,0.11824772261402254,0.126543164031569,0.10939215649813962,0.10314085141956357
0.1424260302949382,0.1394816712704233,0.08538129107722327,0.08569103617609745,0.09191800238077996,0.09280825735536917,0.14191424312995524,0.1186135168660436,0.10176595144916985
0.08489498426190063,0.11906411150638509,0.09396871182717209,0.13772164496463124,0.09504189125562867,0.11128626818397609,0.12180614462353113,0.11773858193428234,0.11847766144249268
0.09673339941510893,0.161627776478921,0.09297141057928197,0.12142142506943947,0.07437058123898792,0.1152850193975264,0.1266864813052755,0.10893499441267351,0.10196891210278532
0.10573698227535629,0.18035513681219503,0.08444182789282373,0.12464960095041566,0.09068258682892849,0.08919582965054951,0.1232654457631226,0.10774713498459236,0.09392545484201632
0.13920529064252687,0.03485766366508251,0.2814096343084324,0.04988110365517498,0.10483923980831755,0.11453220220657295,0.08100283691468858,0.08638669769517764,0.1078853311040265
0.10710767127887548,0.17814030222118205,0.08313342790774801,0.12470699248744117,0.09858228093520383,0.08387105589707222,0.12284652113249783,0.10848646558829489,0.09312528255168444
0.08616864863122702,0.127580037130435,0.1028588953381812,0.11389054989265218,0.06569346302817024,0.14895740244277203,0.12928162865234025,0.11243603512596699,0.11313333975825503
0.07135508974512672,0.02364909460849895,0.3431563395252886,0.05265493252277687,0.09354573189291822,0.1394032905455986,0.06488750834575506,0.07664255940885896,0.13470545340517792
0.10050474199720842,0.12447083158118834,0.08380162610227011,0.11740632098149244,0.16432955702193078,0.0697941120386658,0.12407330498370729,0.11750211397859356,0.0981173913149433
0.1514285702407864,0.12375805412521847,0.08723968466625777,0.07749330212001304,0.08125243663156557,0.10280537159993207,0.14952126103360489,0.12170607445172411,0.10479524513089754
0.10748810246525682,0.17535436195687845,0.08268614575173966,0.12451805989905068,0.10363005555132661,0.08142964380471605,0.12276574029044772,0.10911034114758167,0.09301754913300227
0.10673519467028485,0.1812208234787268,0.08403551323139626,0.12283336056242332,0.0920694864658992,0.08809018304726642,0.123633307531897,0.10769786397659625,0.09368426703551001
0.09756039152359079,0.16416091356522103,0.09216225949819708,0.1217947336636066,0.07522477535704968,0.11289018180390827,0.1263841200670569,0.10869362695051148,0.1011289975708582
0.04713335654291199,0.17300463811620673,0.10206637061739265,0.12677288269446627,0.10126053728911107,0.15476950990273292,0.13168492157083644,0.10842724895881596,0.05488053430752595
0.035007647596235626,0.023941119564026486,0.34447369285739904,0.0727901906238984,0.09574556202019106,0.09350295736964416,0.08752467250239114,0.08388105183654897,0.16313310562966513
0.10759422418591803,0.1715726033685342,0.08241538364130663,0.12417302562449017,0.10917493826064249,0.07930021146078894,0.12277892833313965,0.10986733077630713,0.09312335434887264
0.09711737286004014,0.16281358887401726,0.0925955450815974,0.12159630197105002,0.07476036742260687,0.11417048652920365,0.12654742141166753,0.10882146216222187,0.1015774536875954
0.10382949087631145,0.16579688667706108,0.08279475369287413,0.13428479865203066,0.11038949041576425,0.07863303371379891,0.12016921675637669,0.11090134920913221,0.09320098000665056
0.10531387148682132,0.1484110451018459,0.08269886155545837,0.12129304070019498,0.13660911951597932,0.07310711618228209,0.12345614862293881,0.11387034248365441,0.09524045435082479
0.10695081709089875,0.1609992927439153,0.08233112970892302,0.12297723282495725,0.12228495853864403,0.07571029271635951,0.12304053304941338,0.11178065297351784,0.09392509035337089
0.2788187740827391,0.08601692413253105,0.11339627152663072,0.036593543714279926,0.07415809688778624,0.1075105054159155,0.1546040900116207,0.07825836614282759,0.07064342808566919
0.10389150581619844,0.15289175629686666,0.08313352901593,0.12037158872891625,0.1307128450969939,0.07508095733591817,0.12488488597167802,0.11317757500412302,0.09585535673337553
0.10515792231592586,0.13008256535991672,0.09864892949347331,0.1010805514434318,0.06905368846245355,0.13431450557260316,0.13621437579236265,0.11516256981285107,0.11028489174698179
0.039796542118872895,0.029786108760801507,0.32182908748366706,0.07656056394081037,0.10669410425019399,0.09007940133502056,0.09500886389009955,0.08891530524112522,0.1513300229794089
0.0915206347998907,0.14459557336845472,0.098022347899966,0.11876401540230064,0.06987747444759061,0.1309253456257459,0.12822823482094378,0.11062905865497101,0.10743731498013677
0.101938927573321,0.17566777460322391,0.08794781372661375,0.12355727751682703,0.08108588313765185,0.10045980056833559,0.12468113141646374,0.10770953494064435,0.09695185651691877
0.09954175603537752,0.12068582329918161,0.08398594871582366,0.11669491481704684,0.16899011834026664,0.06934689908644849,0.12411999451684164,0.11804038025584283,0.09859416493317075
0.10644758994972836,0.15649436384538837,0.08242845169630747,0.12240242056544719,0.1274729837747817,0.07465297408244684,0.12318658378373872,0.11254625635957514,0.09436837594258624
0.14147222835636974,0.13645199537224684,0.08419099185387004,0.08710118884529199,0.10311713535616335,0.08657404248335764,0.1404037460053483,0.11951113676157378,0.10117753496577835
0.11387777868041493,0.1724671117509514,0.08518035755281972,0.12153055448115445,0.08552143977899139,0.09513349627216605,0.11531907292502909,0.11471241319167207,0.09625777536680093
0.4074782708538714,0.0807950659533547,0.07075514636127576,0.04898718549023135,0.05242008204202473,0.10031423434065499,0.07470454187692654,0.09010359597492797,0.0744418771067325
0.22585444831454263,0.007911052085137649,0.2846481486736518,0.03194244017116146,0.192364364389103,0.07766427269848711,0.05006337476332156,0.057864117344004345,0.07168778156059037
0.058370842612617053,0.08487322783101446,0.08076715484936377,0.09440114608300255,0.1806132969991604,0.054099014863782435,0.20484053525792537,0.12294449712882367,0.11909028437431031
0.11000501650294055,0.11117923914660473,0.10092850236794311,0.0921830241974327,0.06612074311422024,0.14535898982004855,0.14162371146219346,0.11858615087235545,0.11401462251626117
0.1058103915007294,0.18034016052876914,0.08437433250301433,0.12466201272788964,0.09097853088293127,0.08895071847645243,0.12324079805931824,0.10776702644799523,0.09387602887290032
0.09917530756970583,0.12161864052351314,0.10117741860329843,0.09348680958855358,0.06997825796309388,0.13997494141828296,0.14082968966706325,0.11714611931771586,0.11661281534877306
0.13657953063226666,0.13185501522467288,0.08820175823224267,0.08871648427891786,0.08412504288606994,0.10132093208080423,0.1440805455249387,0.12078074626972353,0.10433994487036358
0.10750181364269433,0.1751603482385143,0.08266570141022539,0.12450220863147055,0.10393946525177732,0.08129736550578902,0.12276405850518535,0.10915097273531811,0.09301806607902564
0.03969265820915381,0.06689286556550253,0.15809906461250395,0.06565197996628237,0.07943590723044096,0.16135576819032516,0.2593735719225216,0.08541030517681918,0.08408787912645042
0.10031119410593925,0.1718637196252271,0.08949483047766539,0.12294635444059587,0.07856662352771454,0.10505200746051974,0.1253232659845894,0.10800098486527515,0.09844101951247346
0.10628586507090665,0.18004536557162987,0.08393376771052656,0.1247250518289376,0.09312820332441894,0.0872931837172332,0.12308582877112413,0.10793310023691986,0.09356963376830331
0.09877776281510404,0.17358265842693052,0.0880666755740775,0.1188313136012769,0.0872041798954712,0.09735118330591923,0.12759666304859016,0.10927761890663142,0.09931194442599904
0.060866456034311046,0.06965567940949702,0.17867802430355448,0.09689761026690476,0.15394806530491303,0.07983614587204564,0.12273466542832305,0.11603059688225519,0.12135275649819581
0.17942961528557558,0.02995550721410603,0.1693742083684877,0.026858087004627763,0.10415594544794325,0.178504257072613,0.13469763065366688,0.06790410240409285,0.10912064654888683
0.1456942934386399,0.03224153706514435,0.3052907797596911,0.04813482705598735,0.10005416464666135,0.1392521980425181,0.056389760041924475,0.07373247518904902,0.09920996476038439
0.03877927626325028,0.029209714204413914,0.32881764242115635,0.07506263219571416,0.10385446139609766,0.08919787120976513,0.09371831324740254,0.08753732675592579,0.15382276230627415
0.14452481196256475,0.1201258401274168,0.09136397307282011,0.07615327385281338,0.07319450213738206,0.11639299809918317,0.14951020628908762,0.12014834815898301,0.10858604629974915
0.09070451655156407,0.09416381436725747,0.08510357586977792,0.11060615639003601,0.20608528605332724,0.06615698695904595,0.12367492780505213,0.12149803861449904,0.10200669738944008
0.043772300761843796,0.06513799787474274,0.10369956735959374,0.11383942739204195,0.122423895024434,0.09421580984729011,0.2741446502493085,0.1035071524086544,0.07925919908209071
0.09307610690821504,0.1497764675156049,0.0965355946130793,0.11961531926071478,0.07110148398391745,0.12615239757560626,0.1278507511125081,0.11010419836615211,0.10578768066420215
0.10208098915292685,0.17596413096802863,0.08781420772257605,0.12360770647314205,0.0813332335071105,0.1000581721638507,0.12462536616737784,0.10768989459812443,0.09682629924686297
0.11574699283000006,0.14756886473752237,0.08422414618638978,0.11832803478803523,0.10427120901268085,0.08446046007707553,0.13084940849258453,0.11771160233655124,0.09683928153916044
0.13827243673319448,0.11108035133129536,0.09473750530301368,0.07673882969629763,0.0693983676894157,0.12741736105623805,0.1497214346619832,0.12088705890576884,0.11174665462279303
0.04015121662255083,0.14677861000456435,0.08885816925377281,0.1427449831949642,0.09046927010992208,0.06800973843978976,0.22228348097955428,0.11049362277219406,0.09021090862268766
0.08118435195408978,0.08202060903397329,0.11194966604432988,0.0990811437013307,0.057058879090887686,0.19672101754356644,0.12701453462691994,0.11887468135764002,0.12609511664726225
0.08736236400200363,0.1305672171828419,0.10178388424934366,0.11769382652258864,0.06714698951755374,0.1433713076788867,0.12826129779949888,0.11208284005899012,0.11173027298829273
0.09765911640686946,0.16445787991076713,0.09206578175316282,0.121838467959607,0.07533055021085137,0.11260566381892645,0.12634734594900424,0.10866563549717573,0.10102955849363571
0.09070451655156407,0.09416381436725747,0.08510357586977792,0.11060615639003601,0.20608528605332724,0.06615698695904595,0.12367492780505213,0.12149803861449904,0.10200669738944008
0.12232059614253045,0.16153819548453696,0.08553453645467934,0.10425936137117399,0.09048002160742036,0.09227739200599953,0.13242401768581033,0.11325000778392884,0.09791587146392022
0.11215423598438247,0.10986462969506544,0.10075941086220601,0.10086383328393374,0.05891361412996434,0.15801281026499372,0.11397498122984379,0.1301114313805862,0.11534505316902433
0.04871195798893465,0.11877412829456595,0.07836515412249294,0.23401403143706842,0.16272572704219707,0.06805921850949119,0.0851780273763153,0.09738530080849106,0.10678645442044354
0.1043695673902496,0.17906931170496868,0.08518447262310758,0.12643513332719983,0.08831714279747048,0.09137097720905869,0.1230199435625416,0.107776505555943,0.09445694582946042
0.10713396086508802,0.16294576612797884,0.08230654114658582,0.12321506815185808,0.11999860582542836,0.07622966953343646,0.1229808919267044,0.11144241709946934,0.09374707932345065
0.11738479942345413,0.15547664007807704,0.08980561394134474,0.1030457310804518,0.07903347897055983,0.10632591607043472,0.13420980183055428,0.11324514521119404,0.10147287339392937
0.09070451655156407,0.09416381436725747,0.08510357586977792,0.11060615639003601,0.20608528605332724,0.06615698695904595,0.12367492780505213,0.12149803861449904,0.10200669738944008
0.014558472485509991,8.34169524970313e-07,0.09910842028960536,0.03370865428301099,0.3570783884693949,0.23658358126073206,0.027249851800394482,0.1135903673237565,0.11812142991807073
0.285922313777025,0.12315652922827669,0.09162983833422057,0.049743393026537214,0.0879587207119412,0.09127816608427243,0.08802655593708886,0.10140995085299244,0.08087453204764548
0.10213779556090781,0.1031817883400577,0.10542086001760544,0.09303668319648419,0.062387242301455,0.15859145444310999,0.13324108685162545,0.12200244983071386,0.12000063945804058
0.059741403628976904,0.1278713666069917,0.09432371251672668,0.1923702876109897,0.08641052523955851,0.11688188459960365,0.10457971888026503,0.10393043076957505,0.1138906701473128
0.10715170261313789,0.17793959325006004,0.08308697944824801,0.12469679486938046,0.09900261382420583,0.08364492193760276,0.12283542743123756,0.10853510359297781,0.09310686303314973
0.09070451655156407,0.09416381436725747,0.08510357586977792,0.11060615639003601,0.20608528605332724,0.06615698695904595,0.12367492780505213,0.12149803861449904,0.10200669738944008
0.11873850562653476,0.009192682570021876,0.33481515301154197,0.03528218252585351,0.08987966439982926,0.16099866639523466,0.04483457584929198,0.06150934058687727,0.14474922903481477
0.14441593651779205,0.039973793632708594,0.10304395393428385,0.04329604374688654,0.1293341324464563,0.23376051202669454,0.05676907767555905,0.14254890348807106,0.10685764653154788
0.09287250232053769,0.14909970216415708,0.09673164081646479,0.11950687794805241,0.07093710620930864,0.12677173703739653,0.1279048330545998,0.1101723457968798,0.10600325465260323
0.06414477552249076,0.05986764751250801,0.11063874493766222,0.07170818051948553,0.17090369454693666,0.18065474828849196,0.07217451831912901,0.20812160385953837,0.0617860864937575
0.10758403006025598,0.17322880004646532,0.08250569224442929,0.12433239094514877,0.10685302223304205,0.08013348757364729,0.12276307511354846,0.10954367453629087,0.09305582724717197
0.09479505483619134,0.15544130395255906,0.09486760402244865,0.12049673945408716,0.07255306331254698,0.12098556101816592,0.12734485246069713,0.10953894947504327,0.10397687146826055
0.1170895824364272,0.02924755210783177,0.10633900215955787,0.05146667302785269,0.047101183233819365,0.24373463665756004,0.14261650511194365,0.11934754443209496,0.14305732083291234
0.11924950142887462,0.14186361268535855,0.08408317869909283,0.10389579272746603,0.12210332629607108,0.0796123815298237,0.1324447793785369,0.11745366606922453,0.09929376118555167
0.1771828016140452,0.006168516052917918,0.06221295368833285,0.02102036003559321,0.10272077342607167,0.08055375334279839,0.1291374179940163,0.14949683234154887,0.27150659150467565
0.09528298162848621,0.15702460621024517,0.09439109424654087,0.12073621459131245,0.07298976265385212,0.11953847758157593,0.12718686339069715,0.10938282488166233,0.1034671748156278
0.08999801403654588,0.13953303072461443,0.09944849624237502,0.1178773636705448,0.0687357516307228,0.13569478607080968,0.12851012366262557,0.1111493823117472,0.10905305165001465
0.1223936403013957,0.1590789869221451,0.08446913055502646,0.10152956984474347,0.10090796431979958,0.08633521213028089,0.13234054125371422,0.11449971211160011,0.0984452425612945
0.09006930997973088,0.13964081772713868,0.09923392491458065,0.1197320189521965,0.06920457223621303,0.13432126908413955,0.1279032819748069,0.11113613928893314,0.10875866584226068
0.10726685023586426,0.16454913993200324,0.08229640515440766,0.12340576259762893,0.11808607815871913,0.07669341110542423,0.12293426206908087,0.11115990438693973,0.0936081863599319
0.1074953950575314,0.17525323867431764,0.08267537084537809,0.12450982972855364,0.10379178550504731,0.08136027948401155,0.12276482032866781,0.109131550925688,0.09301772945080451
0.10717390289740947,0.16340660026277987,0.08230261614648526,0.12327037562683167,0.1194519201608839,0.07635937247528297,0.12296722745083806,0.11136159734812096,0.09370638763136781
0.09543276285321405,0.16582886874016076,0.09197654040120551,0.1125607005791213,0.0805896133459234,0.10874139680922139,0.1302755059265895,0.11051309699980809,0.10408151434475593
0.09960604866952005,0.17001843166241823,0.09017336119171832,0.1226646367865057,0.07762012890880114,0.10704646602699186,0.12560043368981416,0.10815862249620771,0.09911187056802279
0.10677407314194275,0.17923367202291554,0.08346893658036246,0.12474397972947487,0.09595864926873021,0.08539516014630677,0.12293769151871879,0.10820039156754184,0.09328744602400679
0.1075129511859463,0.17498933601567113,0.08264845125923254,0.12448802988751291,0.1042092156127633,0.08118348003723182,0.12276285680347698,0.10918658030750938,0.09301909889065567
0.10249866676582398,0.16715760213688027,0.08488547218309832,0.11426491064864967,0.1101639360135832,0.0829117495024136,0.1274795957943262,0.11205746534185108,0.09858060161337358
0.1067860034707508,0.17405368368915028,0.08273115992748,0.12650104271852017,0.10419344298367911,0.08113307035810519,0.12223933783091183,0.10934830228280212,0.09301395673860047
0.09783394518128502,0.14804740646571735,0.08635522202519069,0.1066629113458109,0.13051566212131538,0.0798014009607807,0.13073949650770267,0.11613650705366642,0.10390744833853083
0.13021025983619117,0.12967317998238895,0.09290907857050046,0.08622160549202403,0.07339440176727159,0.11822946930294544,0.14374343664257194,0.11811280460262785,0.10750576380347865
0.1041805555519081,0.17944021456227346,0.08586615826153572,0.12428255786951437,0.08576423932848136,0.09402278751104792,0.12381982843129742,0.10755295044375442,0.09507070804018723
0.09448612099806324,0.13755968974645724,0.09976756668738677,0.11703492436015243,0.06734328577572397,0.13453815431074215,0.12398676201872953,0.11491533555245238,0.11036816055029224
0.10681461616810795,0.15968284359014573,0.08235429298464057,0.12281267050585304,0.12381369643374762,0.07538233390678599,0.12308229549338405,0.11200673396500875,0.09405051695232634
0.09070451655156407,0.09416381436725747,0.08510357586977792,0.11060615639003601,0.20608528605332724,0.06615698695904595,0.12367492780505213,0.12149803861449904,0.10200669738944008
0.10696555943498881,0.17868456918700937,0.08327925888734616,0.12473011464403144,0.09736224922335425,0.08455464053567006,0.12288400716827406,0.10834947351155409,0.09319012740777173
0.08493485140033395,0.1462755004460145,0.08799088216628835,0.15939139485188814,0.10677887686303235,0.08252787395153506,0.11238289918123899,0.11639030397060428,0.10332741716906431
0.07518291832711667,0.03820489975606272,0.11482894213181155,0.07837695694651962,0.04562819721383036,0.2684489071737099,0.11437532589835213,0.1266057240828895,0.13834812846970765
0.10759594567236437,0.1720723154984969,0.08243900901772667,0.12422223482136774,0.10848772641927822,0.07953891517486592,0.12277287827950145,0.10977071251466879,0.09310026260172989
0.08373546517254384,0.11498190689964803,0.10680460600719377,0.10456886555913573,0.06610556010677823,0.15295823817307294,0.12950764635955173,0.11899218434137786,0.12234552738069786
0.05812673557023201,0.11170192312628331,0.09974787982025109,0.18345028759392942,0.07890246407775599,0.13552632911456164,0.10618150142868603,0.10618469305182604,0.12017818621647446
0.09312422736291383,0.1499363008059244,0.0964892048656283,0.11964082029837671,0.07114053978146387,0.12600625377574648,0.1278377756625899,0.11008812208996022,0.10573675535739624
0.045345541687202236,0.12286791919696553,0.11908160901573166,0.1101207918001505,0.11608479015600322,0.15630128513667504,0.1379409658672478,0.14067789223128443,0.051579204908739594
0.06926325946140732,0.048586530973250726,0.11828045880281153,0.09707424767959782,0.04311533532459216,0.24722335581486451,0.09944176684863038,0.13462474530657845,0.1423902997882671
0.05757355701812381,0.015070812996248911,0.26619203335376973,0.0615637357273105,0.15883483573062707,0.15752033507628663,0.05113368917077856,0.07809389737914964,0.1540171035477052
0.43706184571244827,0.046134531927895385,0.059424461519706616,0.029160618219234127,0.11201059394783652,0.08117518776417108,0.0804681660531075,0.0643581389282828,0.0902064559273177
0.107451177247524,0.17580853270292449,0.08273795465741757,0.12455412139325887,0.1028904238442962,0.08175320068164067,0.12277112074121581,0.10901417036317114,0.09301929836855122
0.12141140622370213,0.1613786320700066,0.08633921401824074,0.10409328565102445,0.08729228169725149,0.09516706874066266,0.1327580610212789,0.11306933109315244,0.09849071948468058
0.07358110192067398,0.08608932787656522,0.11219487034957738,0.10385859300309326,0.055774082212754185,0.2015854219309611,0.12187647575702189,0.11869735741748078,0.12634276953187215
0.14194071412841186,0.03287134837877318,0.17417834657132017,0.05949020384709259,0.16195476069971748,0.12372984501597802,0.082272154103003,0.09563108154365785,0.12793154571204587
0.21483254861900236,0.06823585333801173,0.07984607260221348,0.04564543122856309,0.07950529734665805,0.09516064676795903,0.1711124374637187,0.1294366044428614,0.11622510819101217
0.09158887165803176,0.04498336472105035,0.24164865245044967,0.08547611183267802,0.1375192580078811,0.09630759561524589,0.1110534635365125,0.10258911100930397,0.08883357116884665
0.1071989626920042,0.17770292102102728,0.08303625515454165,0.12468383045316493,0.09948200467718239,0.08339258416638708,0.12282385147995618,0.10859141466730375,0.09308817568843251
0.06660515054414658,0.129893063962066,0.08034345551104775,0.19212012799027822,0.16177684509376264,0.06687245363954207,0.09815421343108716,0.10332832686747317,0.10090636296059641
0.09070451655156407,0.09416381436725747,0.08510357586977792,0.11060615639003601,0.20608528605332724,0.06615698695904595,0.12367492780505213,0.12149803861449904,0.10200669738944008
0.10731256686769715,0.17701747200894177,0.08290938316739797,0.12464154098316212,0.10079030862586945,0.0827325738059963,0.12279776659784729,0.10874932203795261,0.09304906590513527
