0.03965587093625714,0.5467704517714588,0.10251868368601842,0.04095552533254047,0.12377213046402426,0.057435910234907905,0.07326209918925067,0.000559262012683706,0.015070066372858704
0.06672403727197926,0.052154884812495195,0.028823511691945174,0.5855759412479785,0.06838682189135503,0.06347908771224339,0.06743432723309385,0.033170425205057454,0.03425096293385219
0.15825909010411127,0.06618768069002545,0.12306409381922921,0.08241405806129352,0.1334270675181858,0.07751498090267869,0.11617263608823904,0.07851741748215917,0.16444297533407778
0.13362907069849375,0.05794486277679465,0.1395645153192477,0.06963627601718464,0.1997111136022839,0.08148591035103049,0.13531313790043975,0.008022542190102051,0.17469257114442308
0.06841077246186841,0.04196426362486327,0.05335681049770372,0.20865597953416284,0.041609615313533126,0.33968847887576037,0.06413442883317348,0.13179799441430445,0.050381656444630274
0.08222297712117897,0.33607557831359086,0.1381255212137872,0.07486571352261372,0.09328613968850481,0.07045555249107673,0.05967999715282877,0.07825195399789163,0.0670365664985272
0.12024554883129975,0.06294864307966874,0.0912580398379013,0.3363398148112107,0.10353704508142787,0.06440407341425738,0.10094614591623995,0.02559822514621939,0.09472246388177476
0.15199964903520244,0.06754509975598594,0.1177983862766561,0.08350146875946923,0.12400032448264316,0.07651827821240345,0.11479378235249181,0.10948596957982519,0.1543570415453227
0.07244232204667349,0.08477051427046757,0.16875992093955205,0.07024249818306809,0.14719573804305133,0.09388021700158344,0.2699103649105224,0.004606019535854704,0.08819240506922697
0.1636077535343412,0.058892769943685065,0.1301860128650789,0.07450614056190634,0.1710163079424151,0.07739120908576688,0.11393553875564533,0.02341203302316419,0.187052234287997
0.1659908132893107,0.057984901179943184,0.1242748793516284,0.1012577649825512,0.12076318003136007,0.1058392064670377,0.11500458457421318,0.03980920953804311,0.1690754605859125
0.14017661634546186,0.0727386705532649,0.14111077386959847,0.08429274991295632,0.13550217435497658,0.08273362262101479,0.13601606747340123,0.0584895203179245,0.14893980455140135
0.05048732052579565,0.04707849998271344,0.03709605263341193,0.20815206641458253,0.054465854753044086,0.34746613239358554,0.05021776847471829,0.16986977430765973,0.03516653051448882
0.11179600497024213,0.07334919903141664,0.13593245897182837,0.09107028036483543,0.11773725914655879,0.1781700364192307,0.13356937506210642,0.04199475788320839,0.11638062815057311
0.10736617812741252,0.28449880156902857,0.11241656060584353,0.07427232437385112,0.10011004183902454,0.06673271119013097,0.05207316727028871,0.11072055188919157,0.09180966313522848
0.09122114313340272,0.23645855846193609,0.10663864659908766,0.051740935870795035,0.2422810886475093,0.07510726935097295,0.06648500170530346,0.0010002145734461152,0.12906714165754665
0.07507870499695858,0.0625052711953364,0.04790701071834234,0.4253725520187491,0.06184381601440384,0.051831228624765156,0.07908200519589013,0.15044911038693573,0.04593030084861874
0.11473533052081719,0.06826984194563734,0.15728200687410432,0.07477514625990772,0.1731141927000003,0.08712389131868747,0.16800095327891176,0.01061707458311724,0.14608156251881652
0.0626355994606539,0.3950113395387624,0.14984350561743123,0.07185776748786867,0.07240049628995056,0.06752475562665543,0.06480752264307421,0.07562549858314062,0.04029351475246299
0.10151043042314055,0.06570578561424036,0.08026819648205417,0.0774408182635366,0.07568424999351282,0.062344416211751325,0.10295744899434112,0.3367144704026539,0.09737418361476918
0.10825967866550773,0.0507729541757753,0.07907149972686033,0.10635449039232421,0.06980451453904067,0.2867220711054066,0.08063803209912793,0.1269150153478942,0.09146174394806299
0.07809933751993388,0.33815537517386884,0.16021411412779737,0.06902538338181677,0.12230199553740721,0.07603937297782848,0.07027526624013448,0.015775277982908002,0.07011387705830492
0.15328492457788165,0.05840890258218903,0.11393492796290679,0.11098721702170755,0.0914021856087021,0.1311190772226648,0.11780689661110215,0.07767959682448013,0.14537627158836577
0.1565566528108012,0.06667610103746248,0.1216476209783951,0.08286565798623291,0.1301174586456779,0.07727578988853133,0.11616677472583524,0.08718107837681255,0.16151286555025132
0.06908646631683527,0.25232672973380843,0.18283824713094554,0.07078496302183197,0.13163148629560784,0.0883940003813228,0.1369556836413659,0.006436609336122226,0.06154581414216007
0.054748437221354314,0.5054429872853162,0.11618284818766474,0.06216703968395749,0.06321926699089166,0.05499670730014406,0.041181215161334044,0.06962958013799232,0.03243191803134515
0.1454176432816305,0.06820131692424268,0.11299778728573173,0.08386968710995481,0.11440340968315425,0.07512099576788193,0.11495811451261255,0.13940783529027403,0.14562321014451748
0.1407445013381949,0.06274248932256227,0.14404771182336937,0.07491573717743437,0.17344932934044377,0.08198524074950635,0.13609861507918605,0.015870475445852045,0.17014589972345093
0.10667902081927715,0.20200588084519547,0.16355723575149048,0.0802196695208698,0.1356955089902643,0.08420982846533841,0.08901294513940043,0.029683230423625872,0.1089366800445381
0.12546911225206436,0.07753636662646597,0.11427442891077721,0.14287960959883902,0.10097089404853814,0.07293079841758272,0.12501517629254524,0.12990247119134854,0.11102114266183881
0.06790839716980353,0.37952483671912257,0.15932156741190737,0.06290960888611778,0.12264003010227538,0.07326545263865393,0.06930672878748272,0.008179008723823638,0.05694436956081311
0.07457663713090933,0.32515044177113467,0.15393485636310256,0.06286343195937276,0.14944237018117637,0.07735990113647034,0.07610680921115749,0.0050592391362387626,0.07550631311043772
0.01023127629356021,0.3040132741079328,0.06979816110811024,0.04830857279095363,0.00611623226665715,0.0792967455795023,0.3334141014300354,0.14869946593624137,0.00012217048700692457
0.06695312753288186,0.13822876735575693,0.17424620891895762,0.08640167767226349,0.07725177261455272,0.0878179219090129,0.23788895389045348,0.08369789706251535,0.0475136730436057
0.05812390904372359,0.12984840194040545,0.18314944923486187,0.07339477718515358,0.0965388761452466,0.09331829727482122,0.30923491297928213,0.009816586183220373,0.046574790013285135
0.10572440510508711,0.08708551685635042,0.16889686300367743,0.08521425331954337,0.12984977675425446,0.09044115093916087,0.1837128510490239,0.03522399387879542,0.11385118909410695
0.15898182998115343,0.0659126976712659,0.12319910847663794,0.08201301688417796,0.13772133614052104,0.07765958693942475,0.11386555743607309,0.07524893152173905,0.16539793494900681
0.16148208893518382,0.06481200088517702,0.12593916904527583,0.08104241615010582,0.14152712833106382,0.07784953031106615,0.1159276707216354,0.060473812967904654,0.17094618265258762
0.16008818813952472,0.06550562457747855,0.12465233500253158,0.08174818389311485,0.13760979014137986,0.07772847483399033,0.11608620096654311,0.06866066399148703,0.16792053845395002
0.12957518359099193,0.17230327875569285,0.11923254425016498,0.08136854344331784,0.11139273096557617,0.07317882734390091,0.06867898328140681,0.12356395968985823,0.12070594867909028
0.15201856826208615,0.06752288611170826,0.11757412411752793,0.08340873928033031,0.12532122266771065,0.07654828099242313,0.11366029442768537,0.10972602174777862,0.15421986239274968
0.10151043042314055,0.06570578561424036,0.08026819648205417,0.0774408182635366,0.07568424999351282,0.062344416211751325,0.10295744899434112,0.3367144704026539,0.09737418361476918
0.10151043042314055,0.06570578561424036,0.08026819648205417,0.0774408182635366,0.07568424999351282,0.062344416211751325,0.10295744899434112,0.3367144704026539,0.09737418361476918
0.15988084526762525,0.06251472715336076,0.12104769618133719,0.09624766999327056,0.11195081641574368,0.09749700815249107,0.11717627665970831,0.07488167873011532,0.15880328144634784
0.14402319965999125,0.06827200488272847,0.11195112267377373,0.08385232051978664,0.11281355208772333,0.07479966078840286,0.11471024503328482,0.14572281731855444,0.14385507703575448
0.11917921700927685,0.0694183121432629,0.15736396321775695,0.07651004378364988,0.1671963794873885,0.08678492081711102,0.16274008391946446,0.013732358314883111,0.14707472130720622
0.09373979176348003,0.21083647349947296,0.13735171075769778,0.0842264575512258,0.09365998248204205,0.07635697793276026,0.08102137756622639,0.14041198144639502,0.08239524700069968
0.13316054942277158,0.0683088082736546,0.1038857821712459,0.08308879293508782,0.101767796780257,0.07202643434229124,0.11231057962177986,0.1945124686321591,0.13093878782075294
0.10151043042314055,0.06570578561424036,0.08026819648205417,0.0774408182635366,0.07568424999351282,0.062344416211751325,0.10295744899434112,0.3367144704026539,0.09737418361476918
0.1366383221824603,0.07475509158403025,0.1376111923201325,0.08584453594524889,0.1264968511237479,0.08217633815683582,0.13578167647227615,0.07919187331286646,0.1415041189024017
0.11839242781790298,0.05223044891577816,0.12849324608176949,0.06312448205039804,0.23306184955926149,0.0814814815377159,0.14363321493050543,0.003099574203359536,0.17648327490330895
0.10151043042314055,0.06570578561424036,0.08026819648205417,0.0774408182635366,0.07568424999351282,0.062344416211751325,0.10295744899434112,0.3367144704026539,0.09737418361476918
0.1183607182100355,0.07815149950281328,0.12143237466243062,0.08451759071438958,0.09209108169749834,0.2262950736982485,0.11639391154656904,0.029109457647030924,0.13364829232098432
0.057101857251809586,0.504656248270045,0.13241433871820854,0.053475599699242225,0.10247449850097275,0.058725315585144135,0.046900106782499625,0.007406956171920065,0.03684507902015802
0.02517858837760996,0.6223084162547072,0.07371741669031162,0.04162891366037925,0.11325493869849379,0.06412150346218404,0.053086438962282295,0.00033924254475690806,0.006364541349274975
0.07205769500057806,0.472619170212567,0.1191918146893211,0.05955040783050911,0.09877515030972689,0.058373558047951794,0.038455766857840766,0.026968405441218122,0.054008031610287256
0.15029662982361072,0.051203928926758846,0.12464127349539356,0.0653825548414391,0.2153739861138273,0.07642071713392669,0.11400446845748229,0.006614819304485735,0.19606162190307583
0.16401143874969684,0.06238217193771769,0.1288138321910711,0.0784382523405031,0.1539597449558813,0.07785789503161496,0.11512522180716676,0.04031696309984142,0.1790944798865068
0.15024612983551972,0.06849023215367152,0.11381296918405863,0.09995973970042804,0.1167975728580452,0.07408466486968712,0.11483768349017719,0.11481847494600723,0.1469525329624054
0.08864637501867732,0.08099216391879363,0.1239932232674427,0.12180778033871627,0.09274674684808652,0.22894861229317195,0.13353077720225698,0.04966659081248104,0.07966773030037365
0.1495181854374589,0.05259089029339537,0.109388304282606,0.09945400367509209,0.09215968373572492,0.19408919140853756,0.1054718284357935,0.05438994774289662,0.14293796498849504
0.04900968216064544,0.5693461815950941,0.09471665405943562,0.059886187335617326,0.06735338651511852,0.060593911985926084,0.0589087559448806,0.015503092493435733,0.024682147909846686
0.04450955223187065,0.5932135882788877,0.099915648155654,0.05089329860643749,0.09361130953174064,0.05338685528072518,0.032782987703342995,0.0067715708254457605,0.024915189385895525
0.12015329474482823,0.061568776690830496,0.09027380102783887,0.08686983237377366,0.09765429912784275,0.191963716609835,0.0921545351668861,0.14677765947583762,0.11258408478232725
0.1021209027275957,0.19564744202434312,0.12048497017425475,0.0818389191730336,0.09680648734785403,0.07232430466529523,0.07017296039258523,0.16950319142901682,0.09110082206602153
0.1512161045609329,0.0676702775564675,0.1174130420427089,0.0836573619975625,0.12171470122892182,0.07634748922732663,0.11578814674679856,0.1127948291447658,0.15339804749451538
0.16671859110502896,0.05915882205512971,0.12636445411440864,0.09146671656913342,0.13113057100729378,0.09821648173994407,0.11359227206393356,0.04003221665741697,0.1733198746877109
0.010366311111245247,0.28979500636715144,0.071904453703635,0.04438766755098036,0.004915380856425909,0.19743600376457263,0.2583577433721343,0.12264279286458395,0.0001946404092712069
0.1574731181982685,0.06643850800732047,0.12265451184673537,0.08272192003668892,0.13049407654352393,0.07738747551596746,0.11739905828189495,0.08216837097129209,0.16326296059830822
0.08882901030927809,0.10593392691983217,0.1687061845103063,0.08939706291309381,0.10100083778280446,0.08985102882346215,0.1988038429296017,0.07557199149315903,0.08190611431846233
0.10278444338986385,0.21696653989720158,0.15909890437266264,0.08253117625318152,0.12147746068111913,0.08272583828780618,0.08552659598514682,0.050566116081233035,0.09832292505178529
0.06872080243266522,0.05398729553971674,0.03290830219421181,0.5043979486702871,0.059543857756855535,0.05208012162223927,0.06677931101861882,0.12184702647626482,0.03973533428914066
0.16051671027691686,0.05666031046125544,0.11857433125786217,0.10681648365861267,0.10299456087060484,0.1308549176662018,0.11571073936234655,0.050630479732740964,0.15724146671345865
0.052330807186478194,0.14141589891994946,0.1780364300267199,0.06970346703662976,0.08993698227890129,0.09233827951691093,0.3317755333126325,0.00707695756173294,0.03738564416004502
0.09105856098561584,0.22779345315052324,0.13609701015682876,0.10013501268070875,0.09041779561839251,0.07386545089492093,0.0788593815448605,0.12620714128928506,0.0755661936788644
0.06495660559881596,0.0297527248024536,0.0984582541381445,0.12388220915105704,0.0535074511677226,0.3857476338946048,0.14258841706937117,0.0026043529622918143,0.09850235121553848
0.10578355205626559,0.09062490416627207,0.16460073278763906,0.08777402154287332,0.1209301013744497,0.08956564698560042,0.1773440549958729,0.05512055504637744,0.10825643104464944
0.14925191656108383,0.06326002487922057,0.11459634511950297,0.09003737061208301,0.09888232261454755,0.10245794104241364,0.11733732643730822,0.11848678281271548,0.1456899699211247
0.13126766434124199,0.0711879698904062,0.12818882249064048,0.10184820184526117,0.09669937974676616,0.12571755207011368,0.12746464437776045,0.08593974744462834,0.13168601779318156
0.12354842142815163,0.07757776777563295,0.15702402087634112,0.08389955286711819,0.13970331216273182,0.0870142995046807,0.1578782482175215,0.03728381990298584,0.13607055726483616
0.15488550819004945,0.06706002877348814,0.12029548510749118,0.08319844319257994,0.1272297317028652,0.07701112450723276,0.11609954868857776,0.09538942337661165,0.158830706461104
0.1408923764876576,0.07132974316909117,0.14382376686697632,0.08297903774417888,0.1407749259491369,0.08304948819043388,0.13819891904643775,0.045758047329014895,0.15319369521707255
0.011203999350727708,0.29392434925160893,0.07484007068012173,0.04863249189928562,0.005775990833544579,0.13795672531479197,0.2878261746857396,0.13963572383530046,0.00020447414887938458
0.005061691961843672,0.30320177632772793,0.04483570216387286,0.13040183720990448,0.004712381598930533,0.18083678828667815,0.27469043066055426,0.05620568174583091,5.371004465728218e-05
0.08813887319789677,0.05173293392911996,0.06627005098548061,0.0985722765665093,0.07601020550296807,0.33755887551081254,0.07233899392062337,0.13208122058326024,0.07729656980332907
0.15355061515447918,0.06277050977780176,0.11587825610959009,0.09799971035775916,0.10578021555289334,0.12133711128999332,0.10938606908581394,0.07904413984965164,0.1542533728220176
0.1391476184314289,0.07358703602788912,0.13876113807170612,0.08512005077105456,0.13069690679383272,0.08231518933220446,0.1351725574261286,0.06948448622773983,0.1457150169180157
0.12185906016240015,0.05366112025177914,0.132099260461114,0.06470727996315462,0.22400049114548928,0.0815319766083221,0.14221817580686422,0.0038881494630789077,0.1760344861377975
0.16114928277433982,0.06498769752706851,0.12539154191187338,0.08116094962975946,0.1418219304603281,0.07784965883939755,0.11487822504072683,0.06277315078456501,0.1699875630319414
0.05563298788082579,0.45745041736175684,0.12593609222101235,0.06223469548008112,0.0768466227127449,0.06485044088075724,0.11446094710977445,0.011671766288856605,0.030916030064190626
0.13899883136078958,0.06999351235084017,0.11946524185382723,0.17724350339797867,0.1023286769053884,0.08698335682733267,0.12137666826124381,0.061194298300880336,0.12241591074171915
0.10151043042314055,0.06570578561424036,0.08026819648205417,0.0774408182635366,0.07568424999351282,0.062344416211751325,0.10295744899434112,0.3367144704026539,0.09737418361476918
0.1579779305645483,0.06310793756744647,0.11949672383282552,0.09629432313854976,0.11060394612384285,0.09643464658742769,0.11622687567946899,0.08407963557104924,0.1557779809348412
0.15136695959393365,0.05065960454016157,0.1135500304599935,0.08785519194499468,0.1442491952259902,0.16508508683892273,0.0992884183649601,0.013782689897658152,0.1741628231333854
0.1410267819310071,0.06902088097082826,0.10701161039017167,0.09955041354227896,0.10651474869554688,0.07208198920441496,0.11334053136335476,0.15590737543463207,0.13554566846776536
0.021147859590117137,0.6214602272035611,0.10533147745602557,0.044380650234086765,0.07898841812098449,0.064813993728657,0.05902466847639509,0.0011830560101526886,0.003669649180020206
0.1326867238393832,0.07574600076641674,0.1314672554677451,0.08661699883955117,0.11741945375861844,0.08065038505816931,0.13334965538582755,0.10792833459737143,0.1341351922869171
0.1632370605263422,0.05837582069763353,0.13017827082752917,0.07391107581652236,0.17360585856079122,0.07730549279773268,0.11379133591468153,0.021611291267245637,0.1879837935915217
0.10890754957733378,0.06649925395868882,0.0858512663206154,0.07900733287545517,0.08134244925401211,0.06471882309550896,0.10523881016864368,0.30347730299492653,0.10495721175481558
0.15503385362630692,0.06308540730733125,0.11404578540058218,0.11744948199076218,0.10440651727769329,0.11555168269186687,0.1084550703099323,0.07050860565595247,0.15146359573957255
0.15936575634064246,0.06579929331608714,0.12401455492900337,0.08203897190215094,0.13585844729157817,0.07765041976381493,0.11613397853182468,0.07264319168953998,0.1664953862353583
0.12444865550912632,0.06841662258303037,0.09481865748030582,0.09655591754502908,0.09252715707115006,0.0676467610088519,0.1082640348490807,0.23004043202150892,0.11728176193191682
0.04699719755071622,0.044770818850311256,0.03865589426384256,0.2534064969156664,0.04599096748793891,0.35426775015038653,0.052910811593970646,0.13060387072766044,0.032396192459507
0.14748316582193477,0.15541084741788877,0.13585364400546351,0.07480568619070628,0.15660772241673854,0.07663996286244538,0.07231159332088016,0.026976811599908158,0.1539105663640344
0.06649340493360316,0.4114933800172366,0.1285508142506274,0.09117538290982437,0.06723344384098799,0.06618920080394773,0.05176517920361878,0.07398176627921171,0.04311742776094227
0.14100142838438823,0.06836590818580927,0.10969539944888301,0.08374269927470779,0.10952987503327509,0.07407343600872932,0.11412014899263796,0.1593462480529326,0.1401248566186368
0.08994742672722449,0.10461771827729205,0.16982043070854994,0.08916873023431454,0.10339776515188141,0.09026654167104897,0.19905343521992133,0.06957418966330718,0.08415376234646015
0.09044240017877497,0.05930818485780869,0.07114382926530653,0.07970971889792071,0.06739144288781074,0.16807603201081367,0.08332737174921724,0.2990538776038402,0.08154714254850728
0.08693579764532218,0.09661618379314907,0.05813852372487365,0.27485260693717256,0.06327162504292753,0.0963869212233502,0.05974051451477349,0.20387175429949078,0.06018607281894056
0.12128880297013644,0.07517047197212819,0.15947680251434,0.08133437638087272,0.1491139144387066,0.0874134439194702,0.16173891136833873,0.025285775602836277,0.13917750083317085
0.10151043042314055,0.06570578561424036,0.08026819648205417,0.0774408182635366,0.07568424999351282,0.062344416211751325,0.10295744899434112,0.3367144704026539,0.09737418361476918
0.10151043042314055,0.06570578561424036,0.08026819648205417,0.0774408182635366,0.07568424999351282,0.062344416211751325,0.10295744899434112,0.3367144704026539,0.09737418361476918
0.1407199217950746,0.06452419936962477,0.1421944293021111,0.09150980430250656,0.16811441620828063,0.08023345496277919,0.1343996087005123,0.01663267042036813,0.16167149493874278
0.16416064993149684,0.06203976275192561,0.1288434578943113,0.0780049645683397,0.15696736786366472,0.07785415778808003,0.11393157156585275,0.038393917891537094,0.17980414974479195
0.07044338036873499,0.5011061206773567,0.10288491832979578,0.0585005724776875,0.0997385902140684,0.05493954262843261,0.03928687184550365,0.018984937546722484,0.05411506591169793
0.16404182320361607,0.06231642630853929,0.1288654947711858,0.0783658391069877,0.15428209590026118,0.07785253705731755,0.11510135671379114,0.03989691294327353,0.17927751399502764
0.08785653114064862,0.3819108478083664,0.1060565893350085,0.06754480916762162,0.08823878049538221,0.059859669926433136,0.04148603185633459,0.0970771596781339,0.06996958059207095
0.1212127035764801,0.1947105280527489,0.14510701820700392,0.081315290443361,0.12662834269620574,0.07971840037914228,0.07883210252383469,0.053339777732152455,0.11913583638907084
0.1424996635287296,0.07078736239443889,0.142519887545439,0.08273824228090398,0.14258807015196304,0.08272687294144511,0.1352605823753483,0.04631597181515821,0.15456334696657378
0.13965239712771815,0.06293022918072548,0.1445021927151604,0.07483938967230823,0.17515284514452892,0.0822264398778101,0.13606700147157164,0.015576893646245807,0.16905261116393125
0.1642816562707287,0.060447935096000494,0.1296630749183225,0.07622301855381071,0.16481104907619026,0.07766068074787286,0.11330863088362386,0.029949205119034716,0.18365474933441595
0.16331040107425004,0.06340210721191183,0.12785543141416486,0.07955035784438935,0.14889501113214829,0.07791075275291047,0.11548810587313103,0.04755206167300049,0.1760357710240937
0.10151043042314055,0.06570578561424036,0.08026819648205417,0.0774408182635366,0.07568424999351282,0.062344416211751325,0.10295744899434112,0.3367144704026539,0.09737418361476918
0.13937776696821894,0.0683867323803023,0.1084885732122009,0.08364758799640025,0.10784290036008339,0.07366767652925581,0.11377601452137191,0.16664267523435675,0.13817007279780968
0.09069110989162145,0.22934755561378414,0.1751993170493653,0.08036892750293957,0.1251057968992996,0.08604019900044658,0.09835311131290321,0.02703960979778017,0.08785437293185988
0.1410474885334623,0.07206253637517383,0.14176515350774735,0.08375481590743834,0.13807964926355068,0.08277431249080144,0.13584445294722192,0.053676558467983936,0.1509950325066202
0.13431762133236302,0.07527106106267652,0.13226405368952962,0.08642671710196988,0.11941814217555413,0.08085036422565646,0.1331707243571583,0.1018473154821784,0.13643400057291358
0.16422699895914158,0.06178697946779103,0.12924100056577909,0.07777990213158081,0.15686706443974383,0.07780247873439532,0.11490882250806012,0.036690221394528134,0.18069653179898015
0.13955184003846366,0.06836028262834203,0.10838542188583429,0.08356138401795342,0.10914942470663253,0.07373026618446028,0.11268182217918903,0.16635564994039267,0.138223908418732
0.14049554309421217,0.0698697267745252,0.13583475318888596,0.09910771062781297,0.11022806216073588,0.10099769255010804,0.1336769745302033,0.06895006894601209,0.14083946812750434
0.14801302827005855,0.06801588794696989,0.1149591633597023,0.0838370975514648,0.11751705950928903,0.07569332716761015,0.11537287626594846,0.12758287091037213,0.14900868901858472
0.061912901922329254,0.3173693469332605,0.18147922292155264,0.07691096528066024,0.07630093258744282,0.07937320188564166,0.12692550968607538,0.04250430128017182,0.03722361750286569
0.13917472699913072,0.07350275130272814,0.1395611586187977,0.08496922596838524,0.13178481823019864,0.08248972765677663,0.1356638970878196,0.06660667514678031,0.14624701898938297
0.06486215992514342,0.0540673571160634,0.030057986600828243,0.5297041571190396,0.05932420733908084,0.05454006211732984,0.06646729407780923,0.10567139495328254,0.0353053807514228
0.05517085125946119,0.048268356261350065,0.030180783951291493,0.6176768208641954,0.04220123395956027,0.061631817291484654,0.07217159900655658,0.04547953946093194,0.027218997945168435
0.10091922793570574,0.09487125572147087,0.16007186467705584,0.08958820024073405,0.10695612897563682,0.08815801830159824,0.17941413251534388,0.08118357510311246,0.09883759652934222
0.09400126668710666,0.06968002616540497,0.1592842503480705,0.07079219009810425,0.1796765511969335,0.09001705406570774,0.20386149427043362,0.005382791310577047,0.12730437585766172
0.15540652828286175,0.06694890026754756,0.12071371891364863,0.08310464666328948,0.12809859413837318,0.07709648803063872,0.11612626872342852,0.0928550519480517,0.15964980303216048
0.1630189348003906,0.06369470458449596,0.12728100786509078,0.07980526241244094,0.14872691367768717,0.0779392819297982,0.11449221460385466,0.05019774652089137,0.1748439336053503
0.15405884004128922,0.06723599446507304,0.11985938901931736,0.08341075597367609,0.12472536116642141,0.07685311894489694,0.11713929142115435,0.09898952136680143,0.15772772760137022
0.1498318697802082,0.06849370304837311,0.1134257026777274,0.09904006548444588,0.11749887602021249,0.07409578575996267,0.11379960511994243,0.11733263843657162,0.14648175367255623
0.03371735928317985,0.6266111269392819,0.09857569478871568,0.055247210924189744,0.06588024983960226,0.05590177389272425,0.03626707964723705,0.014123711828420748,0.013675792856648444
0.15393831806140612,0.05269400071009247,0.12041850172013058,0.07957474043915642,0.18407145678514525,0.11297755842252838,0.10356858178902845,0.010745117099957869,0.18201172497255458
0.031814854399226676,0.6312077808500584,0.0919984217503297,0.056072319502200506,0.06967716559687932,0.05761306027483837,0.03388560090165896,0.01473646309318248,0.012994333631625672
0.14871409816813014,0.05031419836570988,0.10981434291647807,0.08813442416770034,0.09301777361286517,0.21413138965411904,0.10464591529206213,0.045032334987575084,0.14619552283536016
0.08767749312542168,0.10678828190484195,0.16498878439451606,0.08980883748969719,0.09611214415736423,0.08861361300142769,0.19649209279871183,0.09007766584180561,0.07944108728621385
0.14244122954871183,0.07072766359442141,0.14271440367404994,0.08265617990665991,0.14298673716437327,0.08276020135544954,0.13539253881326666,0.04560541113085908,0.15471563481220837
0.1352447565934863,0.05930678888091698,0.1415203499863932,0.0710800334901638,0.19159247349712352,0.08171455610317001,0.13661468485963535,0.009549593917915183,0.17337676267119564
0.16070178822299128,0.0652244074522713,0.1252080225119752,0.08146493702498132,0.13923065786494296,0.07778714305443057,0.1160286533585378,0.06515476335701986,0.16919962715284975
0.13203276644472667,0.06827157925170346,0.10305231602038221,0.0829587008020043,0.1007191808873991,0.07171539007374715,0.11202289000418007,0.19956408182437965,0.1296630946914775
0.1418738281078653,0.07148234673879619,0.1419347586988536,0.08333724770429429,0.13990684756341087,0.0827157861268892,0.1353969717396606,0.050704131742131876,0.15264808157809806
0.0947877127091311,0.2026698812572164,0.13532291147466474,0.08440976150169961,0.09330146605543975,0.07608702388512306,0.08163887881185908,0.14809287386882944,0.08368949043603675
0.16431584749934217,0.06090105592702966,0.1297191154579229,0.07678944413640874,0.16117085863371838,0.07769613583188335,0.11459057928106459,0.031943829416690654,0.18287313381593953
0.10395016678650983,0.08354530330974946,0.17063673621532857,0.08220425465375981,0.13948164560808365,0.0908114699367582,0.1890159146249704,0.022841212204719616,0.1175132966601204
0.10311059538549561,0.08286456913323531,0.17083939139179974,0.08133156664740308,0.14330363840155366,0.09094399646632967,0.18955156956514305,0.020416868605473402,0.11763780440356648
0.14858341744428485,0.06627917689621755,0.10817928213766585,0.13060490757946594,0.09916774062614991,0.08615242348611697,0.113061065641494,0.11088486119363405,0.1370871249949709
0.14155853795933568,0.06600044288901115,0.1455178254582317,0.07789296985923179,0.16272482719834236,0.08268351773674977,0.1362767426317502,0.023066892792370997,0.16427824347497635
0.10151043042314055,0.06570578561424036,0.08026819648205417,0.0774408182635366,0.07568424999351282,0.062344416211751325,0.10295744899434112,0.3367144704026539,0.09737418361476918
0.0795246011499218,0.05638945808477228,0.0419800332030655,0.4191239329585072,0.06220888483514087,0.049588769351799344,0.07189385274639769,0.16770645307830268,0.0515840145920927
0.09732401830487841,0.09634144094391765,0.14920130570963774,0.08973174856116926,0.09894613880650723,0.08490158345971811,0.16796505945623175,0.12497431446061097,0.09061439029732882
0.15935617805607719,0.06580295199702972,0.12400620121673646,0.08204255879872675,0.1358361981907207,0.07764932600093187,0.11613448273069032,0.07269510936696394,0.16647699364212307
0.11495371410056572,0.054161107089810284,0.1329502066470181,0.06427123731381171,0.22590244854469235,0.08273833005711924,0.15122674867697147,0.0033397447921255396,0.1704564627778856
0.0607138819654331,0.4342408527582145,0.15340067928017745,0.06643137563875168,0.08081538554877181,0.06707801678439969,0.07372018735753348,0.02539979625294975,0.0381998244137686
0.14856687152556558,0.04262831465639038,0.11111377223761054,0.11810811476795975,0.16553767342758618,0.12296534586126047,0.10643607944538581,0.0029261466637026706,0.18171768141453856
0.16340677571202292,0.06329366510547595,0.12797228803807814,0.07943321511013325,0.14944080735066687,0.07790821061997194,0.1154505530937252,0.04671226181507465,0.176382223154851
0.10151043042314055,0.06570578561424036,0.08026819648205417,0.0774408182635366,0.07568424999351282,0.062344416211751325,0.10295744899434112,0.3367144704026539,0.09737418361476918
0.04361070153663873,0.08978177960114896,0.07636350202291169,0.13473594264998426,0.025994230727248963,0.2849173076042883,0.10343120602797769,0.2157371203125612,0.025428209517240258
0.10151043042314055,0.06570578561424036,0.08026819648205417,0.0774408182635366,0.07568424999351282,0.062344416211751325,0.10295744899434112,0.3367144704026539,0.09737418361476918
0.14092031842144925,0.06464234056408645,0.1454864248610884,0.07672619399561416,0.16479541352958615,0.08242361710446146,0.13858547948815358,0.019459504713988763,0.16696070732157176
0.12646960312276614,0.055290702143542925,0.13558868109399003,0.06660170009291788,0.21370700091246367,0.08149413067324744,0.13990249464551263,0.005126949818102549,0.17581873749745672
0.03879656314009963,0.6037057616328951,0.11328320061526931,0.052624559081646934,0.07262508377169456,0.05366638760427033,0.03979915389984357,0.008672381108147595,0.016826909146132857
0.16431722954248432,0.06093431907042087,0.12970436611152636,0.0768268385114272,0.1610093405808037,0.0777005473055886,0.11460233622912265,0.03210951722821793,0.18279550542040834
0.16474157944618587,0.06256919241847077,0.12330833117598101,0.11052261313909358,0.1516876690699131,0.07382770959680283,0.11085149226142377,0.03267516646216757,0.16981624642996143
0.1501893066349186,0.06779711423317157,0.11662147449431143,0.08373404657946432,0.12031850688124089,0.07614462839469914,0.11566788757793851,0.11756563884777887,0.15196139635647662
0.13634391040498875,0.1872077048433487,0.1216228936313543,0.0794694557944383,0.12324307410810725,0.07392250629903489,0.06912669717420152,0.07850389523301386,0.13055986251151244
0.16027227107360564,0.06542464312703768,0.12481754478992772,0.08166706569827305,0.13808172771696736,0.07774686550584982,0.11607070858580144,0.06762225073940954,0.16829692276312772
0.1627925573126957,0.0639007261101578,0.12726674255793177,0.08008506948575012,0.14635415944498686,0.07791087083053365,0.1156555414641182,0.05166626573752683,0.17436806705629904
0.1428753903453083,0.06668231765685005,0.14484347726267718,0.07876337009161595,0.1591032196923393,0.08258187416087641,0.1352899703842073,0.02635258572452534,0.1635077946816002
0.16316779922379124,0.0635521003979148,0.12768741082156762,0.07971190302052523,0.1481363778040821,0.07791285929991286,0.11553944615918658,0.048744772561076545,0.17554733071194306
0.14517031198481703,0.05276399881700505,0.10928056055942759,0.1032350808377701,0.07574747247650725,0.1928360537394842,0.11087373200384858,0.07207558342555011,0.1380172061555901
0.13955922281870847,0.04971339268018049,0.08980247130149588,0.21225565763270252,0.07400025436235359,0.198073861620066,0.08821523522348074,0.028982611970018987,0.11939729239099332
0.14095607381096062,0.07194653171860464,0.14229438525111024,0.08358413580771427,0.13899122617018586,0.08287419967729602,0.13619280464454334,0.05179099218796118,0.1513696507316239
0.10891909602050746,0.04918642313779601,0.11887139542950081,0.05952284502473537,0.25506926464093144,0.08173380010502589,0.14948030371495616,0.0017884134889581788,0.1754284584375887
0.16388271178363661,0.06262797177833873,0.1286103634524436,0.07870825353505101,0.1527510766311708,0.07787604878146641,0.11521415363229104,0.04193345346224556,0.17839596694335624
0.13504757739971332,0.047042835769577386,0.11526277430633065,0.06008137043434206,0.2502490327028512,0.07679094229643675,0.11667320710620621,0.002914141312791701,0.1959381186717508
0.1391567416209702,0.07336229251560855,0.14071559181292967,0.08472627327170061,0.1334057091854804,0.08273560826618583,0.13639245401979203,0.06250456972950015,0.14700075957783257
0.06489129579886585,0.05578990573242846,0.057804941834361946,0.06148269993465833,0.0665732944283069,0.30219071814016224,0.0804749498269398,0.24878352079509827,0.0620086735091781
0.1600246859802147,0.05352921407729285,0.12036636475426081,0.0840923265298863,0.1554850773098868,0.1325918352086314,0.09993395509346263,0.017640563889788796,0.17633597715657565
0.06609191829755613,0.4156065922062697,0.14584663356149638,0.06924495511404655,0.08256377016616674,0.0671808821230644,0.06763843448660854,0.03914069939663226,0.04668611464815925
0.12293759546459838,0.06675547575985481,0.096313272666508,0.07994456467074258,0.09303696037285003,0.08872167000180363,0.10581289030512579,0.22696794228829545,0.11950962847022129
0.06630064188388261,0.3231160830631597,0.14839125940971146,0.059048570059323235,0.16372881114600216,0.07958221978834273,0.0902833762232294,0.0022409660749955086,0.06730807235135315
0.1606678439709501,0.056020304694371435,0.12930522873586597,0.07111885128063507,0.1873405452723155,0.07693838638069661,0.11225329909194848,0.015022089666658488,0.1913334509065582
0.10151043042314055,0.06570578561424036,0.08026819648205417,0.0774408182635366,0.07568424999351282,0.062344416211751325,0.10295744899434112,0.3367144704026539,0.09737418361476918
0.07924455816186891,0.11723439192410005,0.16884816017175222,0.08907855997603953,0.08943238362452312,0.08867399126461672,0.2102581115621943,0.09079152599800577,0.06643831731689943
0.1412966785935684,0.07092566653232692,0.14391581044735305,0.08255316688931662,0.1437685082156088,0.08306666327092185,0.136770222643573,0.04359489109367435,0.154108392313657
0.12378297217537987,0.07877320595585155,0.15352824332178286,0.10035826822923373,0.13515620121990576,0.08479954950120415,0.1556143020103776,0.03817673671604125,0.12981052087022318
0.05614985106637368,0.04621488551385263,0.03805610794677893,0.23447456944048758,0.0539347923926895,0.31606295292426273,0.05161106282629672,0.1654602750096594,0.03803550287959889
0.12263326772962146,0.08029348841749988,0.15435270033142348,0.08606954282479846,0.1305224344213828,0.08665722304994351,0.15645885027593476,0.052648152304552505,0.13036434064484304
0.04198724204548138,0.23430800653217512,0.1225212807169282,0.13398352764493227,0.026698312891284864,0.19477536059423706,0.1512784411010466,0.07832399639775466,0.01612383207615989
0.135773900751763,0.16838026709048592,0.12341048462789024,0.08129172000914674,0.11893350856637479,0.07459909790357148,0.07071682547565197,0.0981435475218196,0.1287506480532963
0.16145468495255702,0.0648277416346572,0.12591292425109715,0.08105868242105359,0.14144100071591995,0.07784760628032071,0.11593183410100312,0.060643458763457316,0.17088206687993393
0.037700861143973946,0.617419147335922,0.08642799147026327,0.05132431899083956,0.09524670157013974,0.05623607884051309,0.031144102946502893,0.005361518266360617,0.01913927943548489
0.11891115555624822,0.055691735390649755,0.08955620720098706,0.09075076522099439,0.07943765434793854,0.2193672114384642,0.09140698698895174,0.14804282204906125,0.10683546180670493
0.15097844439759384,0.06771695214185523,0.11744477744591579,0.08375827022308589,0.12026944292204182,0.07628507363965552,0.11682476868844156,0.11350167288165695,0.1532205976597534
0.1391725603709001,0.07342227221874899,0.14024545002738772,0.08482895106999451,0.13273789719214976,0.08263631563491682,0.13609270926887176,0.06416799446316855,0.1466958497538618
0.15228790484300422,0.061129190341106275,0.11404376775928204,0.09341640513431099,0.10730062845285009,0.12658380597261432,0.10816982485188065,0.08920363366171573,0.14786483898323569
0.10151043042314055,0.06570578561424036,0.08026819648205417,0.0774408182635366,0.07568424999351282,0.062344416211751325,0.10295744899434112,0.3367144704026539,0.09737418361476918
0.10528469409132245,0.08775299760539142,0.1351270301316981,0.08852780079678912,0.099076426972109,0.08112392934806022,0.14889668398654632,0.15421558474962338,0.09999485231845999
0.11646162012037102,0.06796232846728623,0.15659871824603655,0.07489732926211312,0.17313007548476778,0.08682084737529065,0.1654252609546212,0.011014909479144597,0.1476889106103688
0.13948163735640606,0.04912795352780933,0.0959736153677339,0.2167816133198519,0.18577444686363367,0.06460144895095866,0.0973341618229913,0.003433285758337675,0.14749183703227742
0.12079169036958369,0.04505331428509248,0.08893900238562867,0.06858508164900513,0.15086060624114353,0.28474257436329686,0.08520151982078866,0.011365935884097173,0.14446027500136382
0.10188761670182574,0.08095890510128759,0.17054597953355619,0.07990163848044994,0.14642654453498183,0.0908943361136459,0.19322038405880193,0.016769401671828,0.11939519380362291
0.08855210420548194,0.10022626428341885,0.17912352562111375,0.08529461908343373,0.1164691764688159,0.0928029922288308,0.21534562773593613,0.033018840802558104,0.08916684957041071
0.15485809603896972,0.05729237517754734,0.11158723179327364,0.11091544559923715,0.11027365510417293,0.15573362374551075,0.10207478405666258,0.04855353349609448,0.1487112549885314
0.0584362467321718,0.14766298076624643,0.18694554191010374,0.07819897539536359,0.08200296918161874,0.09119607684686377,0.29222476076716725,0.02327053191287071,0.040061916487593885
0.14231640942569873,0.06833437722302906,0.11067522867828804,0.08380177488035724,0.11093396790786396,0.07439427613185752,0.11438538446489571,0.15342621460410896,0.14173236668390068
0.16407343612145742,0.06219943559961288,0.1291716794653925,0.07829167392161242,0.15354681101547088,0.07781861067833651,0.11613655027051413,0.03894661272785545,0.1798151901997478
0.028575927667160907,0.6348378688175464,0.10477734687869572,0.053203845868426226,0.05066895129290674,0.057168099243257414,0.056435450720388546,0.006998947320063051,0.0073335621915549785
0.12155501516504186,0.08115448972644491,0.15417815651980674,0.08650822010547325,0.12844979094272937,0.08668522279986939,0.15706786032365005,0.05610314587176862,0.12829809854521587
0.10151043042314055,0.06570578561424036,0.08026819648205417,0.0774408182635366,0.07568424999351282,0.062344416211751325,0.10295744899434112,0.3367144704026539,0.09737418361476918
0.1610457679991261,0.05632728899007689,0.12965405412950193,0.07152698076167358,0.18425227329522711,0.07696670382278724,0.11336663903306367,0.015680532218032863,0.19117975975051063
0.06871347799816825,0.07926213560274877,0.050557403225621224,0.20274991459804284,0.05414428327409763,0.27266606389057274,0.047113560044693165,0.17859226368898376,0.04620089767707162
