0.10190678921546743,0.09792078151957491,0.11656200055709272,0.09736862544552309,0.07062810081109583,0.11474369284508823,0.07355252649959233,0.2332600402132827,0.09405744289328276
0.07468901763580633,0.11726677974421773,0.13626204955188193,0.11392434675313601,0.087364585641287,0.13170045454825852,0.08411741692541698,0.14259556906088106,0.11207978013911452
0.20251415617457721,0.08358359136783815,0.13695594833742103,0.12684141266728044,0.07119667053598933,0.12218197820322167,0.09392143996441392,0.06292963224829096,0.09987517050096746
0.10925508419767499,0.09756335948146645,0.11742844939132646,0.09869857323456055,0.07147143188802801,0.1158849628052942,0.07410978773034176,0.22016116658037702,0.09542718469093057
0.30127244159844846,0.07548867771112028,0.11165415398905248,0.11007542632067878,0.07288556906387168,0.11113590832468685,0.06865944611514613,0.047643376103937506,0.10118500077305782
0.06048120186303233,0.09908524485825716,0.10952159486992437,0.0878170039383843,0.06406392319664843,0.10464813015126882,0.06871765408600672,0.3217066872762074,0.08395855976027038
0.2275341358937192,0.09208766482863788,0.138602775796916,0.13043707875246685,0.05861552664694175,0.12852152273421522,0.0729198946660266,0.033928196705684976,0.11735320397539147
0.28173296359569533,0.07832531488621584,0.11386399433179062,0.11024003174500514,0.07390487318564741,0.11356043293633662,0.0703299479476621,0.0557378441710876,0.1023045972005593
0.07802681469524113,0.11587054926988676,0.13553087436947253,0.11363350011422253,0.08673770477906406,0.131293804574789,0.0837798732500009,0.14348495858612606,0.11164192036119697
0.289834651435609,0.07526076897878488,0.106509254735854,0.10874251125858354,0.07108019254509006,0.10719182228412975,0.09623674092541627,0.04580287855294194,0.09934117928359053
0.30127244159844846,0.07548867771112028,0.11165415398905248,0.11007542632067878,0.07288556906387168,0.11113590832468685,0.06865944611514613,0.047643376103937506,0.10118500077305782
0.15230740886257024,0.09896708170109832,0.1434497381717046,0.1588063082296054,0.06054148975121084,0.1512036429070681,0.09841805009969223,0.04336897821680125,0.09293730206024897
0.02945583712475837,0.10107145106848425,0.10070232530143625,0.07639352789084101,0.05599797399550083,0.09110491747164812,0.06286524765589387,0.410182061624218,0.07222665786721928
0.30127244159844846,0.07548867771112028,0.11165415398905248,0.11007542632067878,0.07288556906387168,0.11113590832468685,0.06865944611514613,0.047643376103937506,0.10118500077305782
0.15547221497284558,0.0937633713632214,0.1165264106546768,0.1047230077589601,0.07394138939593083,0.11932744024250168,0.09454920835692164,0.141091191232026,0.100605766022916
0.012191556915055015,0.10908610937694359,0.09341708997026005,0.06569013994274145,0.04868113989607708,0.07608000345588112,0.05807004378402377,0.47537733741452365,0.0614065792444943
0.06629820965410962,0.03372769015390271,0.07419082088854177,0.06087353979944271,0.5675260748520689,0.06915959398688566,0.04662639263420224,0.04197125557144308,0.03962642245940343
0.07332635244537951,0.10122739515039599,0.1719999200567334,0.11070290735057946,0.12747598323124001,0.13735463155222202,0.07859212945446047,0.0642482746846005,0.1350724060743886
0.023250228877423413,0.10253106172205186,0.09840448610518311,0.07317956740856109,0.05378517037471483,0.08683130261822024,0.061326541269886924,0.4316492292951432,0.06904241232881522
0.27862628695039177,0.07841854718409214,0.112094524379457,0.10987092620610019,0.07314997864577479,0.11282858670517375,0.07892958819694078,0.054499214118910476,0.10158234761315904
0.05407622483225363,0.09925018679924243,0.10786768049734186,0.08580694168345526,0.06264408532284074,0.10271394903796831,0.0677305489868073,0.3381010352722276,0.08180934756786272
0.12159614475207774,0.03808906187298375,0.07087840640865188,0.07638480243599943,0.5187445155296587,0.06881500762595519,0.046192388946687535,0.016263248927630522,0.04303642350035522
0.13282391354412512,0.10896180102980685,0.14527060618807217,0.15960744751308734,0.06258103737480142,0.14981244344637093,0.08316321226712751,0.06228347554947628,0.09549606308713238
0.1950798883614473,0.08990242676965172,0.12028452921182158,0.10826778788924968,0.0759976702533607,0.1201998323013342,0.07544934395639645,0.11110335794943255,0.10371516330730596
0.006011585541131999,0.25041999323516584,0.1864254094151693,0.09802731671732319,0.17360466957610524,0.09154837617210572,0.07647129089492831,0.021784097505740355,0.09570726094233002
0.07653173267887167,0.09874710376938599,0.11294659265131592,0.09214764596330088,0.06710087606298558,0.10902064620686007,0.07091103827865533,0.28399689035341247,0.08859747403521212
0.05801166207530489,0.0991707112742904,0.10866678054330871,0.08692334177811067,0.0634520082577286,0.1043589795108606,0.0684077557257166,0.32805632692647274,0.08295243390820678
0.05057337403179094,0.07639060647062976,0.10302809365036907,0.0861250957937763,0.3390721255499274,0.10264101809160801,0.06496259768737433,0.09947609120996188,0.07773099751456225
0.10473859608504932,0.07305533051314538,0.09126506410119234,0.1717576637713294,0.06487189285811361,0.11664995643772413,0.25948502147137414,0.04472149691374524,0.07345497784832648
0.2775256583000959,0.0799010446082667,0.11801095666815738,0.12201070377957095,0.06976193460750077,0.1188074040280049,0.07054176223195564,0.04354035357359067,0.09990018220285705
0.30127244159844846,0.07548867771112028,0.11165415398905248,0.11007542632067878,0.07288556906387168,0.11113590832468685,0.06865944611514613,0.047643376103937506,0.10118500077305782
0.30127244159844846,0.07548867771112028,0.11165415398905248,0.11007542632067878,0.07288556906387168,0.11113590832468685,0.06865944611514613,0.047643376103937506,0.10118500077305782
0.12187143697900311,0.09693353696202182,0.11661367993512835,0.10048219080738918,0.0720250316746492,0.11706949589307224,0.0856045761501482,0.19242005381257013,0.0969799977860178
0.09513460024417957,0.11300143918618845,0.13779268628600919,0.11861473873375532,0.08976288427551843,0.13366372491179415,0.0846320022376675,0.11215554829661534,0.11524237582827203
0.09527090824636451,0.11797714798725718,0.14527107828525587,0.1564081520354805,0.060656583885489,0.1550855003586532,0.0908302904267781,0.08606934278946014,0.09243099598526155
0.07227749195854892,0.09886173241223102,0.11184872675101414,0.0909100472194414,0.06626027305785163,0.10840380113627886,0.07042745651589348,0.29379213073853333,0.08721834021020732
0.04112071014271165,0.08324563639939289,0.14830254391597214,0.19926764969815158,0.21680969436978992,0.15773055317963489,0.07958359495006649,0.023029285009634578,0.050910332334645876
0.19132900202798594,0.08595510061758678,0.11466390013144216,0.13063042209459166,0.07546213190321598,0.1278020515418956,0.10804246508615155,0.06993409553081811,0.09618083106631219
0.0030591526238420755,0.3888471020189235,0.1471612320254849,0.09900664407539161,0.09562472194118819,0.10910087737388874,0.04334932923769727,0.03044702934128049,0.08340391136230324
0.2880223605696141,0.07741766659974296,0.1131757185354801,0.11020346034829388,0.07359315245912663,0.11280973521149323,0.06980772793045291,0.053001381536720654,0.10196879680907557
0.2239645168646677,0.08958135334057343,0.12818459646821667,0.13493406875199615,0.06801742737544147,0.13058259869288844,0.07488119652714563,0.0501575247292383,0.09969671724983233
0.12067577673685882,0.10992163849102214,0.13506638482075684,0.1392182641050542,0.06471612173108061,0.14963641212146803,0.09484570736311165,0.09022550098786221,0.09569419364278547
0.07056251474111581,0.12692834159040572,0.14833374117781326,0.16096985580238518,0.05676575626122699,0.1614181711010522,0.09116930328085515,0.09634992947413105,0.08750238657101471
0.04286969576576823,0.13936195709672555,0.14559999384365743,0.11678637424436407,0.09685851453860898,0.13434206309206562,0.08742928381361374,0.11998023442192308,0.1167718831832733
0.03713893458227264,0.12100548345992594,0.12322482105732124,0.11758197253273206,0.053923868910322935,0.13416123314725348,0.08502248423989829,0.2509277653621223,0.07701343670815107
0.1391672856569844,0.08333723022907852,0.10810156537300762,0.14617440390659378,0.07276556138767643,0.14013855022805624,0.10132862279024112,0.04752271723738683,0.16146406319097498
0.1783814514226559,0.0914884620371376,0.12001902067514943,0.10723144386825834,0.0758204952090933,0.12008765878220899,0.07800791387670973,0.12590516110493652,0.10305839302385016
0.03611465771878511,0.11998458277242229,0.11703687613129028,0.09507995546905794,0.07340116717246328,0.11179897716035607,0.10781143519847612,0.24465476987473067,0.09411757850241825
0.13732984406052018,0.10659925100791051,0.13982304358677444,0.14344842450194073,0.06629670792277993,0.14383677851422796,0.08054829520681679,0.08393769679878804,0.09817995840024146
0.04173148605716661,0.13609052213209819,0.1434544336566365,0.13015614111119467,0.07446054942643429,0.14494430625707788,0.08776778693244343,0.14070510082039336,0.10068967360655508
0.0792211358491999,0.11571716935072059,0.1439125128496909,0.09520710631832159,0.05671820929543029,0.11778746653955079,0.08256183540513819,0.17770041769977898,0.13117414669216879
0.02373092320693823,0.18811322410389875,0.1715400871118337,0.12097567961756385,0.1565184890904554,0.11565772039117066,0.08316301824709216,0.02026538281227663,0.12003547541877076
0.03740240668259182,0.10007178276114943,0.10330095351975506,0.079892626469782,0.05844338066369228,0.09557409886021324,0.06462316717279075,0.3849658452487115,0.07572573862131385
0.17092057442507005,0.10055070707061287,0.1365259279025338,0.1492007216524038,0.06431342395237062,0.14487072457718161,0.0842272335719962,0.05259196301149144,0.0967987238363397
0.023310204567266058,0.10246412590481292,0.09854188700064404,0.07326822180798692,0.053836997336470425,0.08663599581856986,0.06129173588751563,0.4315040111926181,0.06914682048411593
0.0831085252982821,0.1149318701368172,0.13607020153644814,0.11493232565764899,0.08746287939965514,0.13207207376064586,0.0840468295445303,0.1347820814595532,0.11259321320641906
0.2200866299366134,0.08656537968029589,0.11766680007906906,0.10952751279686906,0.07566486048294864,0.11954230412141524,0.07957382786306579,0.08763291415260809,0.1037397708871148
0.2565362085043645,0.08318359320031865,0.12069065131220408,0.1240834259731336,0.07015745914100822,0.12132424792769714,0.07433818495373043,0.04903745342715069,0.10064877556039274
0.3000207292907449,0.07546885118616196,0.11095855195294285,0.10984423834473989,0.07253958362218331,0.11005656016977027,0.07287576981610001,0.047344737119085455,0.10089097849827129
0.30127244159844846,0.07548867771112028,0.11165415398905248,0.11007542632067878,0.07288556906387168,0.11113590832468685,0.06865944611514613,0.047643376103937506,0.10118500077305782
0.2716240494553299,0.0797716112602494,0.11492041220787559,0.11026128621668084,0.07437017329083369,0.11470420458330478,0.07113579571525966,0.06042096583786391,0.10279150143260218
0.14841729507369303,0.09881715965627698,0.12720502586662472,0.11708066944246785,0.07230687902749877,0.128567812860608,0.07791256004005072,0.1287116849343162,0.1009809130984637
0.30127244159844846,0.07548867771112028,0.11165415398905248,0.11007542632067878,0.07288556906387168,0.11113590832468685,0.06865944611514613,0.047643376103937506,0.10118500077305782
0.030085367114600678,0.14401957267255572,0.13694935732867963,0.10473133872794693,0.08704994630396516,0.12471079457858615,0.08316296582553662,0.1827672696939825,0.10652338775414665
0.1021496436502905,0.06850694577929393,0.1726819480891831,0.17886664952060152,0.07383068752179538,0.11604538961886375,0.1551183624835565,0.05480389751652565,0.0779964758198896
0.22548927696473728,0.08975837892205142,0.13178872174356013,0.1496985896689352,0.06323023619772221,0.1346101194053659,0.0739523030370083,0.035581259814657845,0.09589111424596171
0.06422745154587212,0.12380051176365738,0.1413890622273011,0.12413029384449019,0.08234155163897265,0.1394009137896395,0.08516994104097651,0.13091418240112185,0.10862609174796871
0.2712605088269017,0.07982330941346233,0.11495720270951347,0.11026112440112885,0.07438604332305736,0.11474384102727071,0.07116396801370882,0.06059625924125688,0.10280774304369979
0.1992046301425955,0.09293966103096907,0.13019652126804543,0.12534533229764375,0.08979108921572843,0.12650322524548843,0.07801308494966135,0.04318616599393806,0.11482028985592992
0.2682854070433361,0.08021815597187576,0.1153479432592629,0.11035994530349513,0.07455663656866389,0.1148321553241331,0.07134948238899755,0.062024923854532156,0.10302535028570341
0.1951292620745836,0.08989657947839595,0.12028297492671032,0.1082706679239835,0.07599798498692743,0.12019852436895434,0.07544786882511308,0.11105957604142229,0.10371656137390943
0.08219547078449192,0.11980587190697455,0.14774260773909953,0.13018026341046773,0.10357862653524584,0.1398290747997968,0.08778843276059038,0.06459090838615586,0.12428874367717734
0.03367909221092317,0.24515529163371755,0.12239322344196353,0.11206996410961446,0.058225565473460784,0.13190202571404633,0.08449656368199239,0.136497550608535,0.07558072312574678
0.30127244159844846,0.07548867771112028,0.11165415398905248,0.11007542632067878,0.07288556906387168,0.11113590832468685,0.06865944611514613,0.047643376103937506,0.10118500077305782
0.08372182698138242,0.09858222926379666,0.11391111520448192,0.0936333745690439,0.06814512474305497,0.11121627651704113,0.07180867169357687,0.26885832102517754,0.09012306000244462
0.08135216625582045,0.09864722499671459,0.11351004443741469,0.09309530696896029,0.06777667720948326,0.11067496541597573,0.071541349268634,0.27385215630886844,0.0895501091381286
0.2404718033717638,0.07946546442192769,0.10699486940936453,0.12122172785690179,0.07287668012918173,0.11985327547579828,0.11303578951506128,0.04936665324596969,0.09671373657403119
0.061798273080202304,0.1294587107262247,0.1528105419952449,0.1389446513695558,0.09662825305275295,0.14624588430086108,0.08861043709859001,0.06628979613891843,0.11921345223764991
0.028267177955365555,0.06637548025727652,0.08174146958251104,0.06446339428236836,0.3011933002234041,0.07837550570650821,0.05283204487348244,0.27187514779215877,0.054876479326924944
0.027625712970619266,0.10141873476925824,0.10005267129249622,0.07549736862087776,0.0553779220965683,0.08993031568198202,0.062428389986160654,0.4163310177004908,0.07133786688154674
0.30127244159844846,0.07548867771112028,0.11165415398905248,0.11007542632067878,0.07288556906387168,0.11113590832468685,0.06865944611514613,0.047643376103937506,0.10118500077305782
0.04730682182676829,0.13467913549446345,0.1448669005887197,0.13423611208925623,0.07588614782392498,0.148580241181036,0.09211490846452734,0.11937748212048734,0.10295225041081667
0.14951720285288944,0.2439460398725597,0.11251016832910822,0.09697370940685095,0.08304864838172582,0.1129775060317313,0.05725694566736489,0.04991631515744275,0.09385346430032689
0.007670871284025549,0.0750154303977231,0.10584302300241738,0.13239561481257628,0.45767539599406803,0.10802576609012203,0.051968867048910704,0.02923614347095105,0.032168887899205904
0.058265819912939935,0.11872845479086354,0.13141024378349636,0.10673348715253421,0.08234679221176418,0.12590215414206055,0.08143364998122003,0.18937533590316633,0.10580406212195488
0.19913400742526818,0.09493431103500265,0.1388004703902619,0.16484291628044945,0.059893774695110626,0.14211219071554235,0.07526938009025934,0.031877750466564436,0.09313519890154111
0.09627664257414109,0.11093441496427292,0.13480669544006316,0.12844202711434768,0.06592686241103353,0.1378526225734766,0.07952908783732242,0.15142649179772164,0.09480515528762097
0.008042179228982973,0.1899317715239309,0.27228493366708606,0.08531002897663105,0.20866739557001276,0.08077347226759558,0.06558447074108915,0.0005801938022385712,0.08882555422243292
0.19613438834744581,0.0939296323748831,0.12923774656700787,0.13341058506393563,0.06899845481772812,0.13369055703196767,0.08156872552562838,0.06262416098266932,0.10040574928873404
0.07078675895632636,0.08395037458133996,0.12463264369698542,0.21095803055341125,0.0788109140842354,0.15164838922417737,0.12260330220257469,0.03574737007843769,0.12086221662251188
0.011571998700445188,0.047738989561653594,0.04728763052869293,0.05729774290767269,0.38862883006254995,0.04394290132666597,0.19164061725154094,0.008598387269269534,0.2032929023915092
0.2868030822173772,0.07759405820362943,0.11331092866796226,0.11021185583125152,0.07365485431635187,0.11295753539861943,0.06991016272437399,0.053521734873174076,0.10203578776726015
0.0598616735104106,0.09912916774385168,0.109093720297944,0.08746677732110707,0.06383877512105555,0.1049720743461328,0.06869571188346119,0.32341555930681515,0.08352654046922192
0.2818298615048391,0.07831137425220218,0.11385356554842123,0.11023959800577314,0.07390019592832842,0.11354908971101478,0.07032202008489792,0.055694685241625984,0.10229960972289731
0.19559019144817666,0.07850650158156443,0.12658602238043515,0.11474976347199815,0.0742235561511387,0.11501017447210647,0.12211223015868562,0.07288852623706625,0.10033303409882861
0.178315922719765,0.09628827809191694,0.13091083660033476,0.12488724861119478,0.09001393595897648,0.12911217673339667,0.08458090702502441,0.05047466707305707,0.11541602718633391
0.30127244159844846,0.07548867771112028,0.11165415398905248,0.11007542632067878,0.07288556906387168,0.11113590832468685,0.06865944611514613,0.047643376103937506,0.10118500077305782
0.04095638083177611,0.1232467790851715,0.1279179565209552,0.10070671404852881,0.07896944030935421,0.12020596106088154,0.07904845180596091,0.22851896546151154,0.10042935087586018
0.11490914478945925,0.11482597240674715,0.14834792992145301,0.17083483356427887,0.058277231594527655,0.1597778161177252,0.08979030025949163,0.05218481656302474,0.09105195478329257
0.1034287862532325,0.09785115759691755,0.11675084006539728,0.09765206444704973,0.07080995499434736,0.11499263675595195,0.0736746920602262,0.23048868064345276,0.09435118718342454
0.30127244159844846,0.07548867771112028,0.11165415398905248,0.11007542632067878,0.07288556906387168,0.11113590832468685,0.06865944611514613,0.047643376103937506,0.10118500077305782
0.10885012340472078,0.057152458290619025,0.06544180946115201,0.06113128616872668,0.14178512289875098,0.06176004605761046,0.3173377674414517,0.00892490052846654,0.17761648574850186
0.07444440501394849,0.122854648983646,0.1484682848049914,0.12922074728639527,0.10382718331483097,0.14002687587555426,0.08823444807780838,0.06879634886769037,0.1241270577751349
0.14006596007551445,0.09549281660298632,0.11988725263844986,0.1033027042042907,0.07413071110362457,0.11916351844102174,0.07560527438908045,0.17243283982340188,0.09991892272162999
0.1401810973152921,0.0954834403480308,0.11989310490429829,0.10331719209105618,0.07413820952717794,0.11917164242136385,0.07560848475942003,0.17227466310410242,0.09993216552925831
0.17901636116837438,0.0830700803887068,0.11914605451087379,0.13321250670093934,0.06843590338955606,0.129050751543287,0.14322815449603551,0.05137104177194499,0.0934691460302821
0.17435569012827876,0.09735635529690524,0.13474034577968794,0.12887866511427568,0.09438830576820549,0.12986227269301429,0.08015167345118952,0.042099441842075154,0.11816724992636796
0.06748468755520011,0.09895984257230854,0.11088796082330277,0.08966846988627271,0.06538744154303615,0.10706584242877117,0.06977941339318366,0.3048720663131041,0.08589427548482083
0.30127244159844846,0.07548867771112028,0.11165415398905248,0.11007542632067878,0.07288556906387168,0.11113590832468685,0.06865944611514613,0.047643376103937506,0.10118500077305782
0.04287265501528013,0.1420833350663764,0.15574994209787066,0.1440882515879048,0.08812666211013087,0.15112654574764486,0.08875944259063516,0.0753142235807256,0.11187894220343142
0.06344357826835925,0.03677391154609199,0.07114591066342534,0.05970166602536749,0.5494135587453352,0.06898070461896168,0.04526352848154599,0.06385693682450083,0.04142020482641225
0.2990266430154801,0.07527178751751502,0.10999480709758513,0.10963154163755294,0.07226977561801294,0.10910677451668795,0.07704341487478629,0.04705358332019849,0.10060167240218121
0.01199200819894284,0.10920467485739727,0.0934580320581077,0.06558712643162044,0.04859875805089676,0.0755514624242577,0.05793208198037517,0.4763742163105235,0.06130163968787863
0.28396124529257843,0.08603881057093495,0.1360360975575123,0.1084356071483444,0.07439540792289007,0.11069014009869421,0.058946167850118227,0.04293498354298083,0.09856154001594652
0.08223820939335257,0.11516395187367312,0.13609749806422777,0.11483966059828678,0.08745914479130275,0.1320457858780632,0.08405937666801043,0.13554642381949758,0.11254994891358583
0.003961170607592749,0.0519383331001978,0.08640243859136389,0.060486032244306785,0.620540648462772,0.06668539600250767,0.04984977815021737,0.024664624385981836,0.03547157845505978
0.03017044981633465,0.10107600670956031,0.09891714804091173,0.07648954749435223,0.055782178873214454,0.09077846896180454,0.07386842827888149,0.4007345094249996,0.07218326239994095
0.30127244159844846,0.07548867771112028,0.11165415398905248,0.11007542632067878,0.07288556906387168,0.11113590832468685,0.06865944611514613,0.047643376103937506,0.10118500077305782
0.29388805073866775,0.07592326152604369,0.110730938650203,0.10993951896818858,0.07286184425082319,0.10971432619813586,0.0767819714255397,0.04900232096331226,0.10115776727908593
0.22093919922806685,0.08669185022708041,0.11908737731751873,0.10945512723783589,0.07588919846339952,0.11906839496357856,0.07441235319756188,0.09041007916946353,0.1040464201954947
0.28763179356773994,0.07520012064159724,0.1056357790271155,0.10854894337036074,0.07085591014255575,0.10699135239928263,0.10053792555470753,0.045534166107554286,0.09906400918908631
0.06310860845251803,0.13038180763380855,0.1525494469520994,0.1555789284928922,0.074904454455872,0.15921659467757646,0.09320246566650259,0.06704730845441066,0.10401038521431999
0.06926842460614065,0.21671293009060813,0.3503849157875199,0.06834354689945632,0.09612992621560988,0.06805033745996208,0.06773624692869368,0.009814445073546483,0.0535592269384629
0.1549228573750596,0.09859218003487952,0.1258789872878622,0.11824934863256738,0.0718287783276898,0.1315693199032012,0.08363937432156804,0.1145115220371386,0.10080763208003361
0.10478008541519525,0.09811278791991467,0.11611232126525912,0.09778523010755098,0.07074832344284449,0.11669678408354196,0.07639448914873594,0.22502743059664232,0.09434254802031528
0.15370918313383705,0.09380311882069804,0.11754187701256841,0.10466180935130343,0.0742091063236453,0.11825221902572812,0.09006324845593959,0.1469791079470294,0.10078032992925064
0.07200245883666136,0.09886755714854223,0.11179518858103142,0.0908405273631806,0.06621158433869899,0.10832975159256918,0.07039140954810523,0.29441737857789935,0.08714414401331172
0.2626983906698397,0.08103396851267364,0.11579823738963686,0.11023723369317816,0.07474147440473666,0.11564600110314045,0.07181033527798643,0.06487090677867997,0.10316345217012814
0.2892012699808746,0.07399199789546965,0.10396084889480987,0.10734670481293014,0.06971055068541267,0.10199956459810174,0.1108080271373486,0.04487436988873514,0.0981066661063177
0.30127244159844846,0.07548867771112028,0.11165415398905248,0.11007542632067878,0.07288556906387168,0.11113590832468685,0.06865944611514613,0.047643376103937506,0.10118500077305782
0.11517129853111113,0.09723654660289786,0.11804453262449015,0.09970081776083352,0.07208859497818289,0.11669642186441335,0.0744998984510906,0.21011901489386187,0.0964428742931186
0.14128289473780528,0.10771229713553103,0.14972920349719146,0.18713875732553387,0.05478627897810643,0.15782478859690127,0.0834670501208739,0.030260252428458742,0.08779847717959804
0.13632259860105375,0.10885906508170345,0.1448770852063398,0.1604811732833644,0.06189471124143351,0.1518324547027918,0.08342748714792618,0.057522395369878056,0.0947830293655091
0.054038537496453015,0.13457223719228237,0.15284190060516878,0.12894719189509848,0.10995782211193046,0.13971865442992085,0.08921305427565644,0.06547047626428985,0.12524012572919976
0.30127244159844846,0.07548867771112028,0.11165415398905248,0.11007542632067878,0.07288556906387168,0.11113590832468685,0.06865944611514613,0.047643376103937506,0.10118500077305782
0.14537489190740918,0.07514299675971192,0.22749182043237792,0.06812025061664674,0.04887926611972524,0.08236492115790629,0.037365418373343125,0.008124906821362797,0.3071355278115169
0.02986363244223893,0.16516943739393108,0.15491879378560894,0.1198008025962624,0.11348585370835389,0.1323615358413951,0.08818399429799921,0.07683031377268375,0.1193856361615268
0.08815123171955251,0.117983390058933,0.1416924641682652,0.1310014432884085,0.0849257050394997,0.1443904237538599,0.09187276019223041,0.08782261357191583,0.11215996820733491
0.23744134636947964,0.06980569904874694,0.11215559455902502,0.10139049312155124,0.055513832997217405,0.11026115391193216,0.062941178313022,0.018913231095462724,0.2315774705835628
0.16755741416238076,0.08493298749961974,0.1605563323764989,0.13004271034935858,0.06489855628718318,0.12964749568959216,0.12248712323376097,0.04812298301712414,0.09175439738448143
0.1347918199341239,0.10930447960761179,0.1442386071128459,0.1614117716551344,0.061195913488083176,0.1536299015064054,0.08641728651733667,0.05500396086720786,0.09400625931125096
0.1415303988105174,0.09981762392878457,0.1274411097373924,0.11696926322386801,0.07190429779963635,0.1288263833705221,0.0779953232931057,0.13510203915668056,0.10041356067949285
0.30127244159844846,0.07548867771112028,0.11165415398905248,0.11007542632067878,0.07288556906387168,0.11113590832468685,0.06865944611514613,0.047643376103937506,0.10118500077305782
0.30127244159844846,0.07548867771112028,0.11165415398905248,0.11007542632067878,0.07288556906387168,0.11113590832468685,0.06865944611514613,0.047643376103937506,0.10118500077305782
0.2965375776922586,0.07498722531001865,0.10831870583705246,0.10909478052308981,0.07160544877005166,0.10709375597013793,0.08594611067027459,0.04645218748398744,0.0999642077431289
0.30127244159844846,0.07548867771112028,0.11165415398905248,0.11007542632067878,0.07288556906387168,0.11113590832468685,0.06865944611514613,0.047643376103937506,0.10118500077305782
0.22927318055947946,0.08596239906863927,0.11513831872451154,0.1092517543840492,0.07444173562215632,0.12256233929135436,0.08472201400413924,0.07621705576740796,0.1024312025782626
0.17343502612906805,0.08857152095970049,0.12049752375943783,0.14685529150697696,0.07243523251255689,0.13231420049011502,0.11129905653253125,0.060384215762544956,0.09420793234706859
0.02059765907747729,0.09006227822801922,0.065937144637494,0.06355206698252731,0.557174807560897,0.06238912209797156,0.0287368949069368,0.013394283920190311,0.09815574258848647
0.021894681918765077,0.10283216305732905,0.0966796121500882,0.07238108723350734,0.053141677408308795,0.08631544781742595,0.06498313184602551,0.43357599105243766,0.0681962075161124
0.03574868689831346,0.1002276758387649,0.10278695086329576,0.0792103871885891,0.057963602368627555,0.09471697341931634,0.0642743953753397,0.39003261193523725,0.07503871611251596
0.2968691775417019,0.07492345666840441,0.1195278530142434,0.10957174954313352,0.07253208515105802,0.11054263875955493,0.0683412236098704,0.04715975827692976,0.10053205743510364
0.22771361848759208,0.08776832480991405,0.12359613248987018,0.12211411038076647,0.07196082588767728,0.12499111384953183,0.07466038099146712,0.0649929054846129,0.1022025876185681
0.24860817219513343,0.08533201987331866,0.12567319142687502,0.13708609636817565,0.06611471748538574,0.12774998427233786,0.07256191241571229,0.03898431978148423,0.09788958618157718
0.1937011844394326,0.13477854259586644,0.12916467172487342,0.10567559113381324,0.07036003272916892,0.12226630968885034,0.07143496122870475,0.05587805262369546,0.116740653835595
0.30127244159844846,0.07548867771112028,0.11165415398905248,0.11007542632067878,0.07288556906387168,0.11113590832468685,0.06865944611514613,0.047643376103937506,0.10118500077305782
0.30127244159844846,0.07548867771112028,0.11165415398905248,0.11007542632067878,0.07288556906387168,0.11113590832468685,0.06865944611514613,0.047643376103937506,0.10118500077305782
0.2481197923328677,0.07491179698960009,0.10688508822052446,0.10566045115121069,0.06957804724892892,0.10569163808097391,0.14040688390970243,0.05142701173080949,0.09731929033538238
0.30127244159844846,0.07548867771112028,0.11165415398905248,0.11007542632067878,0.07288556906387168,0.11113590832468685,0.06865944611514613,0.047643376103937506,0.10118500077305782
0.08851521097457306,0.11752488158208829,0.14705069888757608,0.1306203250142116,0.1030224354039575,0.13917545601125755,0.08729898400481469,0.0625691488321324,0.1242228592893888
0.30127244159844846,0.07548867771112028,0.11165415398905248,0.11007542632067878,0.07288556906387168,0.11113590832468685,0.06865944611514613,0.047643376103937506,0.10118500077305782
0.09185969243711535,0.09832380316628563,0.1151891178463416,0.09538760591948663,0.06932928729370248,0.11292624067695291,0.07265513892780762,0.2523464015245178,0.09198271220778997
0.21355117314095273,0.09094064463564515,0.1275482376794801,0.1339784094140742,0.06838933198468942,0.13179372133629105,0.08020128709840071,0.05372762998560659,0.09986956472486014
0.02503462533208627,0.10202158099199317,0.09909397871544685,0.07415722577283139,0.05445520264834324,0.08814956739210127,0.06178625088030545,0.4252907558937555,0.07001081237313694
0.044674264767812055,0.09958930753398798,0.10541985156221305,0.08266358723982746,0.06040452274150516,0.098985208535091,0.0660641296842746,0.3636525747628019,0.0785465531724868
0.03858183312261431,0.0673347157310838,0.08563115370246367,0.06884032438415226,0.2944499583368193,0.08370886564608522,0.055251915448568834,0.2468486637253812,0.059352569902831394
0.0629789089554192,0.09904945093109185,0.10992948358652987,0.08843925305696375,0.06451764394559545,0.10571040245532516,0.06913079449723548,0.31565699382968465,0.08458706874215467
0.11893946514793267,0.11040841978804809,0.14098159889092676,0.14324626569235152,0.06538924880216898,0.14562964582014434,0.0811670318468199,0.09744431499457462,0.09679400901703313
0.15448868887341966,0.10115461228052247,0.1352993151755254,0.12481657084620779,0.0914699365607053,0.1317160194989125,0.08190621302578338,0.06215330822347038,0.11699533551545314
0.03990683292337842,0.09987297135746924,0.10405562986400911,0.0808866652232118,0.0591447758047575,0.0968107640684051,0.06513590650133498,0.3774546243431261,0.0767318299143078
0.30127244159844846,0.07548867771112028,0.11165415398905248,0.11007542632067878,0.07288556906387168,0.11113590832468685,0.06865944611514613,0.047643376103937506,0.10118500077305782
0.21360640362498773,0.08765499998304192,0.11939453813611955,0.10907390044304231,0.07592464747475597,0.1196996012238639,0.07479330008622416,0.0959261966787801,0.10392641234918427
0.03676580154249066,0.051014918657189184,0.08076003219008197,0.08146759836909065,0.3912805422472407,0.08586236473377092,0.056498463354118365,0.1579620781116079,0.05838820079440966
0.08247542146880413,0.18170498596163911,0.20613647976100338,0.10814561771978244,0.06637159686794825,0.10451560256305237,0.15808414135722537,0.023647455272141238,0.06891869902840365
0.19494460073715167,0.09471668995262898,0.13450834639465648,0.1500475630775434,0.06465743528800065,0.1376305396269459,0.08108552883384113,0.045026944230678156,0.09738235185855364
0.01967816726612683,0.10386330656742,0.0969419152462988,0.07106432719280231,0.052342531697496884,0.08391939402150561,0.060358186605006754,0.44489430416765813,0.06693786723568461
0.2909920220867031,0.0769872198581941,0.11284291513980749,0.11018049906814716,0.07344038804857156,0.11244527627443539,0.06955589502330094,0.05175386612065521,0.101801918380185
0.17376728405071326,0.09230444291151686,0.1206607428845299,0.10677957753300783,0.07565213081364247,0.1204211246437138,0.07588129415522259,0.1317308631742935,0.10280253983335978
0.04530888137356878,0.13687255922972694,0.14453491643046681,0.11655945151283582,0.09581661839749593,0.13504871100200413,0.08738973999157007,0.12211520100786107,0.1163539210544704
0.12836250773349975,0.09638460846474346,0.11916709406988546,0.10172844476163678,0.0732777118803224,0.11818509305868552,0.07518987353820547,0.18926465790727723,0.09844000858574387
0.0759779139182366,0.12040415557054113,0.134301214091354,0.14314361171274823,0.05834992498920751,0.15363258788477122,0.11649014264234463,0.10936292332766913,0.08833752586312758
0.1391823271964625,0.10411683121314556,0.13623684513795226,0.12351133438692845,0.09120497482307048,0.13319869323991512,0.08301935188158978,0.07264827912215778,0.11688136299877812
0.30127244159844846,0.07548867771112028,0.11165415398905248,0.11007542632067878,0.07288556906387168,0.11113590832468685,0.06865944611514613,0.047643376103937506,0.10118500077305782
0.28352420239143233,0.07296651486003902,0.14462259032044353,0.1078986821413303,0.07157436381176535,0.10822131954264595,0.06743239490287563,0.04538571942835432,0.0983742126011136
0.08565634037451518,0.09852590247176492,0.11422875259259002,0.09406327865631602,0.06843785409473052,0.11164329050954654,0.07201985924377961,0.26484458298335745,0.09058013907339975
0.08872514377940859,0.10642666642500936,0.12294149575834172,0.14098235564649272,0.07486285368453123,0.14128064272818697,0.17642061742373824,0.04416756358556598,0.1041926609687252
0.05208733599067424,0.09930609997290024,0.10737445441025745,0.08517660305533864,0.06219453967230065,0.10197878419644842,0.06739493146792028,0.3433373853373814,0.08114986589677868
0.07968246803668047,0.12217398730584315,0.14267803900015222,0.15092688394800566,0.05921364701516594,0.15762703154939614,0.0943545333003734,0.10354005546203458,0.08980335438234849
0.11664485401639768,0.08735031397090198,0.13553749660141434,0.11718749976140293,0.1232436987870306,0.12762364433051684,0.09521282312554734,0.055416279610071444,0.14178338979671687
0.08757489671743536,0.12229646163864473,0.1531196337242482,0.16827850858842153,0.058454342855535975,0.15847055305729738,0.08269942650906659,0.07851572329845587,0.09059045361089439
0.0008744023504348176,0.0250974689076722,0.2157096313528728,0.07302074027730172,0.48096638017819965,0.07175513346885051,0.06696741594315375,8.928952957746178e-05,0.0655195379919371
0.19541427869118055,0.08613674633852807,0.11757092166099457,0.125118249331045,0.07685491862382833,0.12256993619755259,0.09455291952661142,0.08201149871984383,0.0997705309104156
0.07484272278995566,0.09880580771520153,0.11233890583248012,0.09154878903615597,0.06670645425691359,0.10907915328401341,0.07075709362414263,0.2880208988003048,0.08790017466083232
0.08334796974510529,0.03894104467895016,0.07517309033481154,0.06968220302590661,0.5451195234422216,0.07410021478149022,0.04592569186553983,0.016679913209944358,0.051030348916030456
0.30127244159844846,0.07548867771112028,0.11165415398905248,0.11007542632067878,0.07288556906387168,0.11113590832468685,0.06865944611514613,0.047643376103937506,0.10118500077305782
0.12049106933434532,0.10775959195410899,0.13713907075825538,0.1216836156053142,0.09072116395506545,0.13403116747356925,0.08398867948171707,0.08771608012045688,0.11646956131716751
0.30127244159844846,0.07548867771112028,0.11165415398905248,0.11007542632067878,0.07288556906387168,0.11113590832468685,0.06865944611514613,0.047643376103937506,0.10118500077305782
0.1088696797616534,0.09758344157679932,0.11738582016452366,0.09863119963321554,0.07142934577311401,0.1158288449368751,0.07408258331505824,0.2208307301495133,0.09535835468924754
0.2818604918298783,0.0783069671993103,0.11385026775306438,0.11023946002847196,0.07389871657281673,0.11354550254574158,0.07031951323403027,0.05568104893251877,0.10229803190416775
0.0681021909240339,0.09894751047274995,0.11101509188506935,0.08983211242336307,0.06550285096070184,0.10724402666327283,0.06986529728556294,0.3034222927624309,0.08606862662281527
0.30127244159844846,0.07548867771112028,0.11165415398905248,0.11007542632067878,0.07288556906387168,0.11113590832468685,0.06865944611514613,0.047643376103937506,0.10118500077305782
0.1805952408335727,0.0814367013047576,0.10134281469609824,0.1289257859320092,0.07076821861692961,0.12499127108026808,0.16778638371881002,0.05320835195546669,0.0909452318620878
0.2777424940093282,0.07986063164437633,0.11795327065498995,0.1219001252370671,0.06978975697425617,0.11873876400963101,0.07052548023562195,0.0435761267009937,0.09991335053373558
0.04697508018947038,0.11110273285220147,0.12037464216814797,0.10651877501330025,0.05865422568044596,0.11994644777769485,0.07174178318592735,0.2837169256156397,0.08096938751717202
0.026083652110494033,0.05547149184399105,0.08598201441313101,0.09221719307870373,0.42778566425879605,0.10632939662135527,0.0756135276263074,0.08877810671481573,0.0417389533324057
0.20209735671977255,0.08905965359877764,0.12003416172050592,0.10865249651488668,0.07602141656876804,0.11997964536164597,0.07521930027751843,0.10505295283233596,0.10388301640578886
0.1015227664383239,0.1121820154041107,0.13645786478505664,0.13892150669942593,0.06402067640446696,0.1418335517549799,0.09659315869376263,0.11379879279825807,0.09466966702161524
0.13330210777857074,0.09602325592233533,0.11950168828295915,0.10241774326745035,0.07365999272436626,0.11863554580521106,0.0753870046121941,0.18197595829593474,0.0990967033109783
0.2774543272040276,0.07991433975866197,0.11802993217228376,0.12204708727829323,0.06975278423831698,0.11882997872641292,0.07054711477192928,0.04352859152183972,0.0998958443282345
0.14442484843774855,0.10312930062983079,0.135979593438287,0.1240753109172625,0.09141434583609338,0.13288090755437992,0.08269800498366175,0.0684013797747996,0.11699630842793644
0.30127244159844846,0.07548867771112028,0.11165415398905248,0.11007542632067878,0.07288556906387168,0.11113590832468685,0.06865944611514613,0.047643376103937506,0.10118500077305782
0.016586470992373,0.15805213741107438,0.15079730344070233,0.18341936026963068,0.03928696428389256,0.15773715787932804,0.11300802790939483,0.11707253520741419,0.06404004260618998
0.12489115649912685,0.09662498165041973,0.11890445360380601,0.10122166670320402,0.07298895801742981,0.11783451375554736,0.07503172623605268,0.19455323810863648,0.09794930542577707
0.2699236253114225,0.08132025487891704,0.12003045277899325,0.12590883223096552,0.06879230461579157,0.12119849547824561,0.07110202597594335,0.04230293308703506,0.09942107564268608
0.046269895944200334,0.1397211710280924,0.1550099342338967,0.17710339185643262,0.050152898969094584,0.16962180247433442,0.09325922630289744,0.08912526424981915,0.07973641494123243
0.22239483286656722,0.06141821492182566,0.08913744012215293,0.07391506298219602,0.04530292709168815,0.08270977802168504,0.05078220480114893,0.010724044148444136,0.36361549504429186
0.02738045696968751,0.13885266355220827,0.16814391389102976,0.2036019502073284,0.03879959971726111,0.17924229482866263,0.13197053183415472,0.04586575975640539,0.0661428292432622
0.30127244159844846,0.07548867771112028,0.11165415398905248,0.11007542632067878,0.07288556906387168,0.11113590832468685,0.06865944611514613,0.047643376103937506,0.10118500077305782
0.03140257563982491,0.16563561529110535,0.15924610139669473,0.12381628213351172,0.12367679129032887,0.13166293364828585,0.08803345796550893,0.05414025752547539,0.12238598510926424
0.11749764584031841,0.06118175216227978,0.08709060463154174,0.059401851290879236,0.035612164475488865,0.06846880258485837,0.05587015576608492,0.004994067992117417,0.5098829552564313
0.14748239478363553,0.038604127251722735,0.07225356464840672,0.06828319958864344,0.4726083826705481,0.07401689417698283,0.04666583099295953,0.026311455342941686,0.05377415054415945
0.30127244159844846,0.07548867771112028,0.11165415398905248,0.11007542632067878,0.07288556906387168,0.11113590832468685,0.06865944611514613,0.047643376103937506,0.10118500077305782
