0.13365520057032274,0.021226987851225686,0.12199277360296427,0.13997701717474317,0.1267438001119163,0.14327550724047092,0.13636384809608523,0.10078146084602019,0.07598340450625159
0.12343055443636568,0.014854281104447148,0.11602891832105518,0.12479281742378108,0.10070947224368913,0.10147763980396633,0.11422482368998214,0.09922992176979212,0.20525157120692117
0.11979879277013605,0.11226217121886028,0.1156200117899537,0.10033660462636011,0.1317311326313835,0.10196304001368346,0.13598005342651723,0.11815894833782552,0.06414924518528027
0.17770504359164488,0.03435066959604286,0.13141298833425563,0.1300012196524815,0.10795899957935377,0.07606107755269002,0.10657706525084609,0.1470281437247088,0.08890479271797658
0.09724613084221574,0.2983197544617811,0.0837632046934228,0.08950683452625645,0.10495045523182873,0.08652655851271455,0.1402674536315701,0.06374991326799585,0.03566969483221483
0.12465610620921248,0.024964723788918387,0.1183058651849882,0.12873574870679014,0.1184385825406505,0.21044663009639508,0.11081526061708906,0.1228494961323573,0.040787586723598813
0.1914575241505263,0.02466757916769675,0.1055255441991419,0.13691268157985617,0.1150792507497748,0.066232876220348,0.14127922864140988,0.14290756679627814,0.07593774849496808
0.13260489916630153,0.05563989829797914,0.11958424307485827,0.13882082099836654,0.11915926518212179,0.09745712285225538,0.13355567905807617,0.1264665569559142,0.07671151441412706
0.21132761695095095,0.04135394763016805,0.12152074754415955,0.14964392005476532,0.12688203551817853,0.06393863992498684,0.11872444406571615,0.1074020160226778,0.059206632288396864
0.12622390808699546,0.11230505515519051,0.12935398187359573,0.11050754340681125,0.1096046355809616,0.04799580457434166,0.1228617683080762,0.08978573802899115,0.15136156498503642
0.155587810341171,0.015884660473464818,0.107325330887162,0.15073520289596973,0.1068739295448458,0.05243798532512025,0.12133789066250317,0.1484500883644175,0.1413671015053458
0.14863102689469487,0.02806313605753069,0.11994108081510603,0.16113763901901407,0.12586471302109267,0.05752574791223252,0.1138841717511702,0.14730268173322922,0.09764980279592972
0.09898138136345985,0.08194596579214831,0.11325135531658952,0.14292915213766774,0.14417268200455993,0.103522335300876,0.16725808723255567,0.10746387595103617,0.040475164901106746
0.08829269946834122,0.14626149437423783,0.10873077965446996,0.08321405932713137,0.0998384283329002,0.15489591188467094,0.0909150547372436,0.1731381636691778,0.05471340855182705
0.15918879888022702,0.07166258942866513,0.11977330846092847,0.11408243333395209,0.12811578290208978,0.12988837137147705,0.13245501274717503,0.10425358133992442,0.04058012153556103
0.07824166249368335,0.14044796783230448,0.11765062875325472,0.09071064949115389,0.09511367388833815,0.17358718157412686,0.09665272919361567,0.11651062731558347,0.09108487945793936
0.15967867580887818,0.03175090063576823,0.1375837350441535,0.1217131592255818,0.12082807508726263,0.09728220364341535,0.11558525380182194,0.12683059587038653,0.08874740088273181
0.07948906295242535,0.19996250826066223,0.09362543747737422,0.11603694580516066,0.12789604033810176,0.06992895838256454,0.12179844657116984,0.12449119082460165,0.06677140938793981
0.09697407212403653,0.2210248083668588,0.10111492563290571,0.09440394156647404,0.09647212249133574,0.07325819120255546,0.09585005092533382,0.10933492200181683,0.11156696568868311
0.16398748800445964,0.11305567970261533,0.1345997181849661,0.11933992453738647,0.09137561214728675,0.02877367069027519,0.0955008048531057,0.15108332586693557,0.10228377601296912
0.09842962660652517,0.15907490306907177,0.1037301872348897,0.1400418790312011,0.12057571035654935,0.07324503637952993,0.126444739089701,0.14886043625412362,0.029597481978408363
0.14371071009752467,0.020427256314875183,0.12739337856093844,0.15005549109080127,0.10463640875088907,0.03126502989922301,0.10194777271801876,0.1472899129846282,0.17327403958310147
0.19272889119599793,0.006200756573531145,0.11472130531430884,0.1695031014144842,0.12444544485127255,0.11641086206169136,0.11798465921207725,0.08902082691219625,0.0689841524644405
0.16873041531773394,0.00910263358891073,0.10684435199038918,0.1538615804173691,0.14590323096570748,0.08391379490696754,0.11348649970042907,0.1642376470699835,0.05391984604250941
0.16942829380323607,0.029212790188202515,0.12536422083078105,0.13773992851424555,0.12240747248259638,0.07140479593314447,0.11892522521827391,0.13767189658604148,0.08784537644347871
0.17120687348226918,0.04095727388526598,0.11161237431301224,0.15969025001767623,0.10660767847141443,0.05430093655006479,0.11994195391266305,0.1486756797825171,0.087006979585117
0.14390398120136705,0.06445714613691711,0.11305299563352061,0.15323387085741766,0.13409556525483338,0.04830667616665422,0.10382230784126216,0.1471216380194598,0.09200581888856797
0.09337113965511273,0.1568299537062208,0.11151556637654658,0.10203218961893701,0.11247360232069158,0.10943364969400482,0.12117236903672457,0.13061943671405332,0.06255209287770874
0.12835718851092504,0.024405741697866815,0.12035552343562421,0.13821735502214663,0.1197976336431491,0.10363875498672519,0.12184874584371473,0.12900898597134366,0.11437007088850464
0.15720590021211725,0.011460756520851411,0.12780322424789858,0.112211319438089,0.10613922135301207,0.11978057151045547,0.109607565928246,0.13950550269625983,0.1162859380930703
0.14853704653843505,0.004607672032131736,0.13371552990824156,0.1451822842865289,0.1007850715997418,0.07591077052282558,0.0923967915472459,0.1133187495842687,0.18554608398058078
0.11894144804320438,0.037277896363511656,0.12099879117733614,0.12647372141336938,0.12814747095086343,0.12144006758762675,0.11049144084428043,0.18109563126217584,0.05513353235763205
0.1073392880184922,0.17510944183503016,0.09513935977937221,0.12620770747495705,0.11272317066390196,0.1090440745347681,0.12417295439494747,0.11491272171152482,0.03535128158700603
0.09137466245815319,0.15053766851635517,0.09968051397591655,0.11905179546035283,0.12606993854315604,0.08322258673855872,0.13569973315849657,0.15090977542905618,0.04345332571995477
0.12150294736416671,0.05057280968072358,0.1047394273343461,0.16563255772136062,0.15751468699142795,0.08912794019188852,0.12753105791449185,0.11692791490852616,0.06645065789306848
0.19207154236781973,0.05342752048275751,0.11274942548639272,0.1377011165282018,0.11084639090376137,0.0659972915826841,0.13655175373536985,0.12916785309471562,0.061487105818297395
0.22512701209860894,0.024107281147533882,0.10228463945583154,0.16976861909443822,0.12129329187641981,0.04865654950221617,0.14127555533211486,0.10867449204369033,0.058812559449146255
0.13060449986969228,0.009037934098590555,0.1377813639147305,0.13840851486589595,0.11774712514884011,0.1434136058607275,0.11535035203926684,0.11143237908685648,0.09622422511539976
0.14164946439886483,0.05866854441203323,0.1430074476706827,0.12093525433633816,0.1164352473072607,0.11434026425353906,0.11053943012029144,0.10697775978087676,0.08744658772011316
0.11915618345670588,0.04230740920747828,0.11924433769584543,0.11744384509414418,0.11151737904563304,0.06001454016473915,0.11223211441255893,0.18803558241223228,0.13004860851066288
0.1767121168984959,0.027136590789193577,0.11799747660286002,0.17300685847081063,0.1298180398022791,0.026604612071928557,0.0990644263527068,0.12455943824566174,0.12510044076606366
0.17336278719790288,0.06371826825595474,0.11502860299132811,0.13883923214200009,0.11341272405561431,0.05808245359508033,0.13921505551603147,0.1361286442435947,0.062212232002493456
0.10088226617086511,0.07683124336345572,0.10728752266265973,0.10301575583954897,0.11601962075702166,0.14980000390881318,0.1129261588835287,0.19656625880046608,0.03667116961364087
0.14903949964328073,0.05311766751339155,0.14640892701533345,0.1351203759233092,0.12130206733069494,0.08981949682536898,0.10516799270937165,0.15249678011353063,0.04752719292571892
0.10321638339917283,0.0725550086873039,0.11531459111567384,0.13838141106052462,0.12103799625198251,0.1455217754739335,0.13046226363832505,0.12014457027943078,0.05336600009365298
0.16156854170798693,0.03857280640770242,0.12406572747691395,0.12536377962082737,0.12982818920398415,0.10530998735407525,0.1369819934178293,0.11320533039107761,0.06510364441960302
0.11203795460102957,0.19122145990618422,0.0834261088632222,0.12531575616262147,0.11368674408686234,0.07233797673238944,0.12493426736900164,0.1324327300203671,0.04460700225832199
0.13824684876271384,0.04200151054809805,0.12617981883916748,0.13542207196443562,0.11344212290846435,0.0330617119252864,0.11248280937843963,0.12219802425892297,0.17696508141447162
0.0671387244483381,0.41293113536736437,0.07410472286055733,0.08880033978442413,0.09758929787379017,0.04599812356997098,0.09692317819499267,0.0783496052412428,0.03816487265931943
0.13119321062070396,0.15662019315947998,0.1273041554006263,0.11731589838969791,0.11854929871286536,0.057687905783505154,0.11615487957923425,0.0795693196733539,0.09560513868053318
0.1615194825050262,0.024837017522787806,0.13150622193616404,0.15403978467342813,0.11199698625955473,0.03827098541533657,0.10960094203171122,0.12759621520425682,0.1406323644517344
0.1529736227103425,0.048153854846244716,0.09365885820613307,0.12450615775583566,0.16661353919409985,0.048679431274903734,0.18706756358029955,0.08302961213939727,0.09531736029274362
0.18390104317374675,0.016584796647969927,0.14802161939198896,0.1350694960040365,0.10823463532396523,0.06510687458915874,0.09652797187625424,0.1276460997480768,0.11890746324480284
0.10062751961716776,0.23196589515389396,0.09987840930535859,0.1307718020633689,0.1143836625210108,0.08221007518089539,0.11275773335056682,0.09965576942859011,0.027749133379147754
0.1561722387306469,0.032603398272953665,0.13237729945366028,0.14240744422249316,0.13130192509607275,0.06935927332007082,0.12152702156301032,0.11860461250768391,0.09564678683340817
0.16095739165334522,0.17549428065937192,0.11958587071527381,0.12015650827668577,0.10712310805774217,0.09427494345303067,0.1252758609880345,0.06863439442189058,0.028497641774625337
0.19462992122527856,0.03044151174510089,0.13468321458812385,0.14316703930741573,0.10671654486253486,0.04671498553059816,0.09990214166551319,0.1408256742902255,0.10291896678520925
0.15953448775272538,0.026519165899457908,0.13360469561087152,0.11933816179761007,0.12012703554422015,0.1034246942882781,0.13151001317458658,0.08220728658956096,0.12373445934268933
0.12589381056263751,0.03254953796384116,0.12383176311762945,0.1451798645995783,0.1386108320268291,0.07921348129323182,0.12253437475113767,0.09096237498700621,0.14122396069810883
0.12007688927367705,0.050959002082324206,0.12863616709049666,0.12314077760839388,0.11834335173211451,0.1797364536163847,0.1121307256593098,0.11317407521248078,0.05380255772481837
0.06263234406303578,0.29866892960268593,0.11018893693251848,0.0662593811415314,0.0812150567382955,0.09377578865709024,0.0888848658170378,0.13646193261942077,0.06191276442838415
0.1333577861401341,0.043725907566672696,0.10069583823074497,0.15367399353829966,0.11960657571326183,0.07546109309454523,0.1468230771971943,0.16308792546190812,0.06356780305723897
0.13092206991851738,0.16460921931495717,0.11015045853233528,0.12340794216770663,0.12349803963285326,0.07152533414738614,0.12509601952692298,0.09138114977442639,0.059409766984894814
0.09680380410131136,0.10202508031804171,0.12405101884298379,0.1263835898254505,0.13102488025526396,0.11044684772747206,0.13336543524460312,0.10682620369666436,0.0690731399882091
0.1972799030754072,0.064897216465267,0.10998842989322977,0.13242677118266158,0.11036847482607028,0.05881725955764688,0.13715866788283293,0.07760022383517866,0.11146305328170564
0.17574692534921424,0.08675999904152705,0.13019573479827395,0.1121479690768189,0.09914199868946937,0.018741006663073122,0.08757146720039614,0.11874571834838882,0.17094918083283842
0.18640168785775835,0.02375745451601692,0.13990015567531888,0.13478518006104492,0.1134666534014832,0.06123815911171881,0.10993445880915713,0.1340478685291859,0.09646838203831593
0.089302159329322,0.26002672275013333,0.11582514471848941,0.09789575558375534,0.09857702811835463,0.0799925546913937,0.1083596132470302,0.1023245037097165,0.04769651785180488
0.14416188303773103,0.05968563128401929,0.11501987046822075,0.1532480440828177,0.142439226294663,0.059656084559398824,0.12312084264040313,0.13206139410357956,0.07060702352916669
0.0642663429780544,0.3240848688160561,0.09024144031428694,0.08241891577414347,0.0904183988346939,0.07479192390388419,0.10208105695478953,0.07933867205056759,0.09235838037352401
0.19550568607001365,0.043618959841835094,0.1310250271904716,0.11242187670528954,0.1142720932190966,0.05317382069691501,0.10986901852590496,0.08723336800423186,0.15288014974624173
0.16953447860314708,0.01696902116197717,0.10081030819760185,0.1341813135937194,0.11535937099724246,0.07315092141501739,0.1204291385068813,0.1559348871439772,0.1136305603804361
0.14988744732160342,0.02795944364403599,0.12894262794355807,0.10846202120815941,0.11557395876179626,0.16973360941921367,0.1427089090382916,0.09381257610899124,0.0629194065543504
0.1593988108574984,0.014744011648697583,0.12550161385937256,0.13811425745157702,0.12520667115649542,0.06983519856008436,0.11561033346589039,0.15607282057999927,0.09551628242038511
0.10405467357312419,0.10759991974794547,0.12356674123337179,0.10454248606547574,0.13021482379260543,0.06537581330242782,0.10832725090450457,0.17687247116841012,0.07944582021213493
0.1378470860744755,0.03754203742184604,0.13366156299971937,0.15034236298247636,0.1314097235429024,0.07500500465364524,0.12208292114469566,0.12153734687395713,0.09057195430628225
0.12471273121439826,0.04772501211552963,0.1278588861049442,0.13175562595102255,0.12065896977447922,0.14755055631068278,0.12310501571332387,0.10549026905268626,0.07114293376293321
0.12130501502948425,0.145798599762484,0.09623205830521671,0.10831013866419047,0.12660146951143003,0.10147724985506286,0.10374898545981899,0.1442585957772015,0.05226788763511129
0.1559647293598556,0.04029816405585102,0.13646266458162326,0.13766699174325034,0.10274625293120959,0.04480343612732213,0.10065823324614155,0.17147092022963287,0.10992860772511355
0.14685352542053517,0.10950860597147287,0.11913952002604682,0.12831357721901446,0.1304953750290056,0.07088258273056752,0.11928737613511874,0.09070086657447106,0.08481857089376792
0.12349797349391751,0.09292423591680686,0.13497195357910394,0.13058013377291913,0.11294313545965566,0.11374369547934075,0.13182696968222674,0.09682411834646061,0.06268778426956877
0.151576088170471,0.03949742237086171,0.11613583974045866,0.17543873853843697,0.11859534134649935,0.092251197457156,0.15052629692544586,0.10169320937302873,0.054285866077641715
0.13625426465950544,0.1278382563760445,0.11640519596706977,0.1415636256433236,0.11825547454440337,0.07270200499047856,0.1320611023455805,0.07856216139012219,0.07635791408347198
0.15078212730783094,0.03963509283744749,0.12543018835466593,0.13804291445334135,0.13917066712962167,0.1198409867446643,0.12496679455835553,0.10527612694723461,0.056855101666838166
0.12795459513350987,0.06434267124687525,0.11716739787392494,0.09632570939023961,0.11579025647915098,0.18143541021705242,0.1359469977780817,0.1204478687569525,0.04058909312421274
0.07608006009649076,0.1337092974997903,0.10550401190538206,0.11930631410827952,0.1288748034501447,0.07973126235216658,0.10698435908226994,0.1387679041909503,0.11104198731452576
0.0818263407843877,0.25002180895360093,0.09024302840800051,0.09142350614575956,0.12150727579198496,0.10917266200729281,0.13524630302684218,0.08011158419865365,0.040447490683477715
0.0822802254124172,0.08017338314378651,0.1148975551232521,0.08144300791924997,0.10163105517372738,0.3068705381178174,0.09850112334819781,0.09576663214718857,0.038436479614363056
0.12286188602083968,0.24481228340510808,0.10132448435865012,0.09995606254435442,0.09354284755035752,0.05242723530621027,0.1222425123941836,0.08456213098915527,0.07827055743114107
0.13013427915284922,0.05497382646512744,0.13121960417964376,0.14125929563563272,0.12034566610796212,0.04233959455121681,0.10426089121149863,0.12963847997477285,0.14582836272129648
0.10217093740591049,0.245421313502971,0.10542606345131955,0.09018950911746167,0.10957023650120656,0.10794970495288332,0.11601890415465999,0.07123680875616849,0.05201652215741895
0.1095566584715663,0.04725246441047277,0.12138471531978419,0.11757953371867197,0.12319789025161694,0.1582766139280074,0.12500849350764381,0.12162693554220445,0.07611669485003218
0.18417280098441116,0.015223223546827364,0.1292867226993484,0.12365048475097358,0.1251976165610793,0.04883922398369173,0.10894234655337948,0.10177620942825343,0.1629113714920355
0.15682822599355808,0.016421867597383576,0.125337694015791,0.17855600095127266,0.1211960321955804,0.043319509955398815,0.12410302414302095,0.09756620635019919,0.1366714387977954
0.14675733000311142,0.03402325643970433,0.13809665646298794,0.1369130116467848,0.11245513660441568,0.0787813639820951,0.12626823380268895,0.1265186189291434,0.10018639212906837
0.12224465881818587,0.051249770565500036,0.12304952606369823,0.12900820246509107,0.12714249142702372,0.08516046318837438,0.15257026501287474,0.08398318312573644,0.12559143933351546
0.11426543603298771,0.10005332933794175,0.1091939389784306,0.12164458117136402,0.12170449882882627,0.12123663139093056,0.14099712332892153,0.12548870879115395,0.04541575213944359
0.1447766710097653,0.07530380401031551,0.125869195590345,0.13713169599783345,0.1316967104606676,0.05133100279610613,0.11274897376732684,0.1092781347374362,0.11186381163020409
0.1395262245218679,0.0922639081460657,0.130196902065322,0.12631551878999434,0.1254880131282047,0.09931916127161135,0.1253489422006304,0.09984758824547264,0.06169374163083093
0.10030392611218308,0.22358172419864755,0.10065718757039044,0.08943289341403604,0.12023529740064637,0.08799610365576453,0.1458657713662591,0.056896688436457676,0.0750304078456153
0.14496623495546396,0.061317960871949594,0.12996133091124265,0.1420769793159169,0.1299461082469319,0.07146568930629658,0.09676575331529423,0.15094324521705993,0.07255669785984427
0.1338502512047454,0.03866314581852779,0.12750378225371292,0.15926170460244052,0.11256482160916571,0.067255482594154,0.1231472795364384,0.11830841710765172,0.11944511527316352
0.1411388262427394,0.06123566131217809,0.11306371291622079,0.14709082933371806,0.12897331200256626,0.07830286913807812,0.13965897127557425,0.0964738314711479,0.09406198630777711
0.1495383740879078,0.0450237649645141,0.12741209460729516,0.13020349131898531,0.11211119546485881,0.09728414580502565,0.13806325149584697,0.12786925263900947,0.07249442961655682
0.0910080032582669,0.28422921895737535,0.09441328406304801,0.08113141768447081,0.10071146571882306,0.12969154786788128,0.09900824643482037,0.07900744829169366,0.04079936772362053
0.1560237963590733,0.0678258714916451,0.13121058056600818,0.12918867476166637,0.10325491923155823,0.06755684482339147,0.11751599393833471,0.1507925693445126,0.07663074948381011
0.1280206100160992,0.12272839080092417,0.1100166433254227,0.1189917644890419,0.11996182179383702,0.10248475054605526,0.11520783908411569,0.1269123935759098,0.05567578636859427
0.14068066521394654,0.025752000979493848,0.10922073885057297,0.1450102649497544,0.11525968600749607,0.047493000854360506,0.09130634477107939,0.1942224699642349,0.13105482840906138
0.06867905036872572,0.19959726477013895,0.08948102291779565,0.09122749747984449,0.0933345239310463,0.04262780140527294,0.10182066369143651,0.06622983881157483,0.2470023366241646
0.1480045435900794,0.09820678326579448,0.10414305341196377,0.1366073447682766,0.10966821748991391,0.058845096463656654,0.13331100351132508,0.14730022983298405,0.06391372766600616
0.11040539459481813,0.2714775384304852,0.10976370201449985,0.07416934732246798,0.09413907258819043,0.04197124309793035,0.08983120618923916,0.08932663391569766,0.1189158618466713
0.139414680179111,0.03512243214898359,0.14546035622011771,0.10775222274297015,0.1182817860738871,0.14835424266288316,0.1280097902509135,0.1033317804806952,0.07427270924043862
0.09108325307076758,0.15498217619273283,0.09587761874129942,0.12363123927809457,0.1268399687322317,0.06522490116793705,0.12088553838199347,0.14176037388255683,0.07971493055238639
0.0996271621966933,0.1076170348726216,0.11166853480818939,0.10793641803252751,0.11315773795117882,0.16952881150810914,0.13165377864238292,0.10278778856830635,0.05602273341999094
0.16633299865125503,0.035138247357693365,0.124160789347308,0.14892698233354065,0.11016984036280213,0.06443370015703291,0.11814056188119453,0.15977080517865183,0.07292607473052164
0.1586982758928052,0.13249803477711394,0.13491114022509468,0.11469757863595854,0.11042984701658727,0.054847301475198534,0.0978053414037643,0.11114204092916824,0.08497043964430932
0.13332310489679347,0.13482402178350436,0.11150360058898863,0.12744408018808745,0.13552270665180718,0.103656629932716,0.1089257318782361,0.09718533412227841,0.04761478995758833
0.13313624270269056,0.019314646401230904,0.11851716931007183,0.15963736634229464,0.14009657114195642,0.0902023018366036,0.13036541076739938,0.08988734206263042,0.11884294943512223
0.08394098998371731,0.17744482036639,0.11729250492924975,0.10502773021180885,0.11972025058536118,0.101992565009404,0.09948260848048679,0.11557502937588204,0.07952350105770008
0.17153383962071378,0.05302770766470447,0.13711154674671575,0.11806138049580854,0.10671184299736525,0.07855810255717662,0.12739282005704505,0.13533254302239264,0.07227021683807784
0.09577559194150241,0.14078323044867916,0.10660137081233327,0.13612186141988433,0.1309293625998357,0.11547315693126793,0.13205745038642014,0.08198118538529721,0.060276790074779894
0.16894623146446483,0.01625070494849917,0.11745851542408313,0.1482459377595803,0.1441129102292875,0.10084413784102697,0.13357356334490098,0.11110186799531223,0.05946613099284498
0.1433010835101469,0.3243068024491389,0.09359952072063493,0.08152979173217868,0.0802317200406701,0.03435021937515421,0.10761461122511244,0.05114804025727262,0.08391821068969123
0.08643410141304277,0.30197372509685566,0.08965546473838294,0.08397517735055164,0.10552472668869345,0.08367581769748896,0.13855064934751526,0.05983335248779451,0.050376985179674795
0.15913729480323335,0.04395293598995768,0.10529869984126439,0.1387517219846233,0.10891553912087139,0.10670463806521847,0.13345204797335816,0.123825429737676,0.07996169248379727
0.0969532936776067,0.12325537051676307,0.12277174150379289,0.0873420079544495,0.11196445418563622,0.1117923349496245,0.12839021426316669,0.06259004601289271,0.15494053693606766
0.07952814588078881,0.28883137514349627,0.09263563490251132,0.09241986949072094,0.09742174514310697,0.09598700802758904,0.10010616531035095,0.12097284400606635,0.03209721209536932
0.08441066121098662,0.22791740283476136,0.09880885566849466,0.1100835305395922,0.11900605866459583,0.07202650448585485,0.09790049600799362,0.12318402281419731,0.06666246777352347
0.07735692522756861,0.24081747179893478,0.09250680610535039,0.08301995805924597,0.11367535594894847,0.15847545078338923,0.10146605036418029,0.08270469664685405,0.049977285065528176
0.08520102128152274,0.2725980807597126,0.09969534133159753,0.11844427014144303,0.09450859056751465,0.08583297448637321,0.10537252130393154,0.08643278810081796,0.05191441202708672
0.10379263607521504,0.07848395721760394,0.09476149240405403,0.07858873658686598,0.10115366883853671,0.29141024880417854,0.10609756693124778,0.11501228850002702,0.030699404642270892
0.048153471231578614,0.2502761127754483,0.09070802023005685,0.07448467339426083,0.10278724678425823,0.17388061107613875,0.10219337170798504,0.09555910997879714,0.06195738282147623
0.11760156758361988,0.07476373555859782,0.11757367791528454,0.11470634703943432,0.1465250263595575,0.12116783064397778,0.1424485298012245,0.1077021561908763,0.057511128907427406
0.11612900888054316,0.12888217881383193,0.11243370077692542,0.10719994847823826,0.10952227658944284,0.06315402844247207,0.10889327565243746,0.1560400464214377,0.09774553594467113
0.15227598269465834,0.20270945749294325,0.111679729093351,0.08908142642044874,0.09168604590512093,0.12084917483423178,0.12298631943630943,0.07078769517518886,0.03794416894774754
0.1526166831376925,0.015281308167658375,0.14037058890449894,0.1395053723970229,0.11429151678397716,0.12804313633395867,0.09543581730067757,0.13467189661456294,0.07978368035995102
0.1655553887256406,0.027369915334242132,0.1449976832065111,0.14813102285691784,0.11317364675265786,0.07403917820660988,0.10107709358467391,0.1430136610302292,0.08264241030251747
0.11767668157747117,0.04228574856699502,0.1284465019094992,0.11209814312188131,0.11097795985286467,0.17052781621770804,0.09514443522154954,0.1603403484043592,0.06250236512767193
0.079321611823345,0.09937797625128413,0.10809791932535649,0.11248155989826995,0.12137807789059958,0.11619455137111136,0.10940076730424053,0.14421723564893021,0.10953030048686273
0.16610717409616446,0.058795328566476936,0.11674835838845254,0.16015184097874646,0.1090997873880098,0.041824406602355944,0.11632333683644287,0.16440334294507322,0.06654642419827779
0.10559610101429136,0.04447461598112903,0.11808039047088507,0.10951863894213776,0.13214316810959512,0.15412640586011403,0.10442411391332307,0.1608950181761067,0.07074154753241786
0.1531574126889459,0.05215291400050098,0.11958865517305266,0.11470947953324484,0.10963409211381599,0.12140403666728615,0.13448090979451555,0.1415809667740271,0.05329153325461087
0.1700889681153568,0.023849481172266884,0.13813162453167319,0.16213870025579386,0.10720481708059144,0.05298133603687322,0.11650237878804397,0.09805635107812527,0.13104634294127535
0.13875850622079655,0.2992922949578974,0.09089511776536607,0.09141957012123152,0.10361004041906054,0.0577242613005113,0.11617112070100107,0.04609408394970907,0.05603500456442654
0.18761890775447307,0.033274234860342415,0.12314670942706,0.13334386125596012,0.11630399183005476,0.08043368881816207,0.11987156417932954,0.12969472936248436,0.0763123125121336
0.09525765734001672,0.16763664006564008,0.10715675543433241,0.12260016313082707,0.13221662780644997,0.08571428314658879,0.12183805790833073,0.12316362662662061,0.044416188541193585
0.11710522858240775,0.042774121500040625,0.12106801106348226,0.15828381900506774,0.13546036807283882,0.07590139406474915,0.11887440805330773,0.14257297638935953,0.08795967326874643
0.17125660539081,0.025503517451139473,0.11282923930854794,0.13107902587680975,0.11769246303055635,0.06579177113039221,0.11324074927765555,0.1496576409400051,0.11294898759408366
0.08436868701406097,0.2895403087035667,0.09281156766969118,0.07980872946187417,0.10782742469551587,0.1127645119164843,0.10388340103573422,0.08564440778924891,0.043350961713823716
0.08737831459832084,0.2673049332290816,0.0933210474026634,0.09636272563495925,0.11351905659155788,0.06519868138244604,0.14235571754881068,0.05597144106704288,0.07858808254511725
0.1956765663938188,0.009049653834488653,0.13396520226448402,0.13322212333494646,0.09838889341776191,0.0695145907464464,0.10743124256598587,0.15743360117706473,0.09531812626500302
0.13990486800098278,0.1597224197385412,0.10241514730918001,0.12465239149836098,0.11635208198333223,0.09876648922725355,0.11377279350145114,0.09640011217409473,0.0480136965668033
0.12284269424890364,0.2090237444842256,0.09611564597916973,0.1054742658957753,0.11601407887729119,0.05085779960666471,0.1131800701715594,0.12753431099853066,0.058957389737879805
0.13912113116584546,0.22722528538251954,0.09492794439145337,0.09798968572105517,0.10767677133909077,0.08869160033724943,0.137237858565234,0.07136449316259343,0.03576522993495878
0.07962453675958492,0.1978190492599922,0.10543253083302258,0.0975421883424644,0.09984012523096521,0.14110788734827637,0.10610279189088566,0.1284959883103897,0.0440349020244189
0.13119468030000023,0.06453890514027684,0.11304015690733,0.11778994280787954,0.12079891402282932,0.08504963961961905,0.1302405486137432,0.08056547818085442,0.15678173440746737
0.11825979183065949,0.14560983688652085,0.11553037680922074,0.10680002037806051,0.11018311187866102,0.08163166914639973,0.10690095536674682,0.14395658762923083,0.07112765007449996
0.10262702896547683,0.0973119791209679,0.11505975449507089,0.11834027065434886,0.11978453007609968,0.11796587062305737,0.12474709540432334,0.14303585326524582,0.061127617395409305
0.09072284176306582,0.0649260713862914,0.11285991077954782,0.1296423470725444,0.12914355584786671,0.15215143584480315,0.12023898753533552,0.15299323557104968,0.04732161419949562
0.14465404196687104,0.037851877811230124,0.11972132946406706,0.15440521021129291,0.11635643823733986,0.05069693046650059,0.11715646295836372,0.10620428154063155,0.15295342734370318
0.1110252209201464,0.06687017519356057,0.12704592990952915,0.1533070724923183,0.13180643611452078,0.07512952805445046,0.11546276794914577,0.132240141392842,0.08711272797348657
0.09128306158920739,0.13823745363068177,0.10215181544195241,0.10044458024428438,0.10255140533802277,0.23183137405391485,0.11196436169389079,0.08921768326366253,0.032318264744383075
0.09610329367026112,0.1620728244355045,0.10256198086270653,0.12696263133654714,0.10288996953207796,0.09091113610095226,0.12422972788871321,0.14011141303471653,0.05415702313852077
0.10151042386297425,0.124446695306435,0.10193747068346691,0.11783772019347578,0.1297259601051895,0.08988714098277016,0.13401018389931071,0.13883790606489219,0.06180649890148548
0.10686401995700896,0.33179514883525796,0.08848697472217293,0.08433714765703922,0.10285402752352224,0.05815259686171612,0.11099902084044799,0.07390093607430703,0.04261012752852753
0.11237475214554264,0.09311855726634694,0.1010114786765578,0.10586243408357254,0.11653610019879561,0.1564409135570599,0.11950717978965737,0.1387124139096277,0.056436170372839496
0.1100631111307563,0.06891636194440016,0.11490309474259093,0.11372772624879408,0.1278436977370974,0.10625591451324716,0.10417993552290998,0.20502691188942712,0.0490832462707769
0.13018131740270392,0.1718569332430325,0.10986587532703973,0.11393651052754955,0.1306778785560501,0.05047156322608962,0.13782494567467082,0.0967377278786945,0.05844724816416927
0.13257108429065756,0.11280009286413074,0.10798093654437128,0.12980782783680186,0.11408410579382071,0.06566697141647485,0.12965116914249106,0.1454011816648985,0.062036630446353526
0.1008424077372994,0.1683276895613309,0.10551721025618993,0.0910966931272436,0.12265448300689454,0.13532996481439216,0.13834970796052995,0.0727445616523626,0.06513728188375689
0.13531675818272415,0.05697574384712382,0.11695665882271344,0.12118807602001604,0.109422562276141,0.08573284352267169,0.10337454693121266,0.17594861926024521,0.09508419113715194
0.1239004919859763,0.06922771153885637,0.0998962540308553,0.11302347026046124,0.12972825976497346,0.10746429071434498,0.1489131819762166,0.11813736816651878,0.08970897156179698
0.09491936424201351,0.11818536970003146,0.11463166696556609,0.13384810566802555,0.12144482812517769,0.06332146823708405,0.10702206050090361,0.16341606526770217,0.08321107129349599
0.12277271868470331,0.060404568836493526,0.13892190819116015,0.14499932112280198,0.13184302152281513,0.05605393321812124,0.11537483720371422,0.11939254846466922,0.11023714275552116
0.1316036969563876,0.13539359010919175,0.11816303947157732,0.12215657705583678,0.10597085064678553,0.10355491464872378,0.1384827197630748,0.10741594376433126,0.03725866758409115
0.09470211155879917,0.086719393391976,0.09970182968603651,0.09585386377740907,0.09298162184768001,0.05366542604117434,0.09440909606233312,0.13950926267281308,0.24245739496177862
0.08218075991152496,0.2821817579214057,0.0966763829904012,0.0867254187036625,0.09960618558750191,0.11412391804128273,0.1088169038547983,0.08161090276722864,0.04807777022219395
0.11573165284453818,0.151548026708435,0.10219054250873875,0.0988234326908815,0.11750340438810329,0.12590620181802717,0.12073065681977253,0.07922385928438506,0.08834222293711848
0.10028981358785234,0.1697302799437221,0.10697545983381203,0.1236001941087188,0.1054110336819365,0.07848533962018239,0.12064840884962735,0.1448599477144562,0.049999522659692326
0.17340957432626736,0.028226699150751423,0.13950326808374858,0.1437204282817595,0.11792659857746535,0.04292249184306293,0.09885025900482937,0.12813648675770262,0.12730419397441292
0.1927030136617102,0.04063888455468098,0.12062260655449582,0.11734535848497683,0.12773848856019898,0.10147829404513087,0.11732873631058009,0.11468877207325519,0.06745584575497098
0.18698518500127673,0.052271471528266424,0.11812239059206853,0.1123536035514412,0.12034213396479392,0.16122225981904748,0.13135116514351,0.07556042903843226,0.04179136136116345
0.15209730195930715,0.031539541131570266,0.12918651162461006,0.1222287667532644,0.10957875595852662,0.1113358279762795,0.11221573532981087,0.1691890991224653,0.06262846014416588
0.18000213330485748,0.043386113472748955,0.11364158836338352,0.11521509046202565,0.14413284944823512,0.06631185178709419,0.17640099571471604,0.07962139447747808,0.08128798296946103
0.05577930650919225,0.3011503059335027,0.10564156366396867,0.07160894020591561,0.08426070949925835,0.08632900757572655,0.07665670684963836,0.13938167068148444,0.07919178908131301
0.11102371355384295,0.09418254149629722,0.10396368291190984,0.11053642908618987,0.12405221953106028,0.11698835204061377,0.1338260450244879,0.17008670084769606,0.03534031550790213
0.08098384772268098,0.2849041408818959,0.09660525715479444,0.11646474165163245,0.10769188172302481,0.05595357228113176,0.0895541737059508,0.12371622231875763,0.04412616256013119
0.1525661827057443,0.06219864178749368,0.12427826397601281,0.12687775901080567,0.11331937090250521,0.07230579156169797,0.11230947596799364,0.12997763549568356,0.10616687859206314
0.09858162301190769,0.11371429636217263,0.11910867099453781,0.10740825874782862,0.11579094402637646,0.14580516556965048,0.11132680849377645,0.1407001790007961,0.04756405379295379
0.1406868304123058,0.0072536938325547,0.13633004603195814,0.13756973759598168,0.11150189865729578,0.050409853582088236,0.09358952548983207,0.13877678260146553,0.18388163179651804
0.11578604743521309,0.016635203071908206,0.10779483869049246,0.1053044500795995,0.09348151692364315,0.02742087402093692,0.09255486444075121,0.08684808810092555,0.35417411723652986
0.07702018772470409,0.17423593101004173,0.09354602265186666,0.12454811078353499,0.11230479469103993,0.12961766663640537,0.13383469260473838,0.13233995145467195,0.02255264244299686
0.16645026647624508,0.19447342523752598,0.10309589633064421,0.11502098413643236,0.10662464211230871,0.05432641819349423,0.11899251511504887,0.07347690772411351,0.06753894467418704
0.06745796031907782,0.2344931310945596,0.09644454220585007,0.07768108704140657,0.08986237976932898,0.14179988515458744,0.0964012496757603,0.1577881989408408,0.03807156579858839
0.1418371119026662,0.024912794424031704,0.12323594941424136,0.17652307036481885,0.14292987664902923,0.09337724592241414,0.10350656235005391,0.12138685121840842,0.07229053775433612
0.12654757467377134,0.07218619628929063,0.11494064373434548,0.11831608459137337,0.12448905206892015,0.11723852756380986,0.1321937421301477,0.12010342874088657,0.07398475020745482
0.15991065158303883,0.014181744893495192,0.11926192778693005,0.18973473927228232,0.13488909696010254,0.06436832954483397,0.11127802339739279,0.1349464773204471,0.07142900924147719
0.14574773955749745,0.03710697418223077,0.11917581479982087,0.1530392148810795,0.11552535656874374,0.02592622862199956,0.11087560923395368,0.09848722115776287,0.19411584099691162
0.16240622360829857,0.07862743750738486,0.1159196386143659,0.1256680202625652,0.11018746534782357,0.039052299527735194,0.10284802454315152,0.15963894628896902,0.10565194429970619
0.1539154167376832,0.03909793768641196,0.12508096736856497,0.14502395370156052,0.11333917656298799,0.05365421688641569,0.11495966907494658,0.16449340842062254,0.0904352535608066
0.15626377209727252,0.007937093189551403,0.12472360471529594,0.14031331487037793,0.11927027609812413,0.10986326867768163,0.11183635290313536,0.1560288162046888,0.07376350124387233
0.14137953179800417,0.12019429458324482,0.10070207382916167,0.1070082549627111,0.12349397484312234,0.08793837626474928,0.14852123338711778,0.12879018569880973,0.041972074633079025
0.1083334377620599,0.11516030811499185,0.11498379748760229,0.11643748475505893,0.11252497925132299,0.16662825644409007,0.11846815390292094,0.11619223364395397,0.03127134863799915
0.13207489376929957,0.2324561059952848,0.11749506823379867,0.08290924071701049,0.09285789768585262,0.041883652245615854,0.0935597291577361,0.06726337564731047,0.1395000365480914
0.09412021999871835,0.11250345300686822,0.10590633425521727,0.10700735249725257,0.11880063508729544,0.1629565430900473,0.11422920096233281,0.1340877320121918,0.05038852909007616
0.199853205071414,0.05383602682779076,0.11370368383475109,0.1334020987700331,0.13079702840274235,0.06343312810505108,0.146218289336863,0.08734008798292832,0.07141645166842624
0.11698343516671726,0.1324973034497551,0.11762534723395808,0.08125751261236276,0.10753010755983324,0.16528506072897864,0.10064121908183378,0.10665416051163122,0.07152585365492997
0.17817371937525528,0.06628844524653742,0.11994964445144056,0.13445067882484285,0.12628262854489777,0.06309372350000858,0.1301741791871798,0.12217836683291948,0.059408614036918356
0.11914045731327473,0.19660269569483915,0.11341195046626514,0.1192363172071938,0.0928386078694209,0.06431591408892134,0.10445895369960496,0.10596260108208914,0.08403250257839073
0.10463331536173902,0.03996746465322824,0.11798836532239047,0.11374709143998855,0.1277408281767244,0.11211433721166279,0.10935210227399816,0.14955190680269484,0.12490458875757353
0.09898099983505342,0.23866891489204356,0.10531210582318916,0.11460785234956078,0.10161623195009616,0.06120743619785752,0.11186741305109653,0.10860831752618227,0.05913072837492056
0.08598250474912568,0.14492071874504306,0.09488036513400207,0.10635620441679916,0.11663972866114787,0.15429337203840188,0.12045737924536483,0.15019657311982468,0.02627315389029075
0.06940728820278172,0.41873134196528117,0.07911117205020612,0.08108644073801502,0.08697650284970777,0.06408407511253711,0.09678842586748283,0.059204850594998006,0.044609902618990276
0.1268891593365555,0.010183802244197623,0.12475808633168949,0.11048395082797402,0.11776159333669678,0.16736781174401225,0.11014507632091579,0.1689856861414838,0.06342483371647463
0.10914312762383878,0.2035373974286638,0.11854849221748343,0.09060996143145965,0.09637658689400241,0.09954667169011078,0.10694110170657745,0.09016266096904063,0.08513400003882311
0.17303161867185204,0.06925162888833751,0.10432320872429908,0.1560425534320959,0.14010220485360456,0.030703140397818008,0.1209004060841115,0.10194486353886122,0.10370037540902018
0.13347841469207297,0.090997033284746,0.11114179630160176,0.12455192752552363,0.11577874883430204,0.13401716814871287,0.1403093977876251,0.1251177207510395,0.024607792674376076
0.14585172182553052,0.018001348445982484,0.12612525573952113,0.09729316767932328,0.09734990460268468,0.057254412074593836,0.09020205667641801,0.1736808836461778,0.19424124930976827
0.16723555186351993,0.02852998647526685,0.1363518965712536,0.1486462613999078,0.11149730241239458,0.055797569423609604,0.11181201629224435,0.16906374014963088,0.07106567541217236
0.06452095936057765,0.28744683467866866,0.09912320614888577,0.06686031066459834,0.09343548034095385,0.15158524570085938,0.09659358599058114,0.09131994630847691,0.04911443080639838
0.14116957597344162,0.09792566534650056,0.11857446212635159,0.13552049449465894,0.12443657062696652,0.05759828903690963,0.11246984115229704,0.10313087279476334,0.10917422844811074
0.10038671335879323,0.1412789856341223,0.12534708092797478,0.10581681403566413,0.11558291476649907,0.03954711336150409,0.09344065739367342,0.10359892988512955,0.17500079063663931
