0.11195997295881545,0.12192727106595991,0.1202412132533956,0.10762401103978932,0.0958783787094873,0.1067426416649923,0.09379119143105052,0.1197612070446648,0.12207411283184481
0.11001742855508338,0.09808480315900292,0.1243933292701331,0.12309763091178794,0.1164693676122812,0.1397172537245077,0.06250923868585279,0.10441128598017996,0.12129966210117105
0.15036889319717786,0.10508381607726748,0.10894047434312047,0.10102213723126814,0.1218122675898609,0.1299276893191735,0.11092917374013134,0.08069840985774594,0.0912171386442544
0.09297224793156755,0.09294854247772917,0.09484000251072772,0.08096540678276076,0.09254804109518698,0.11483448919936506,0.12909610049974143,0.14040792107051547,0.16138724843240582
0.14516572557619334,0.12244035621893061,0.11280316958443075,0.0854715701101602,0.12513173453867413,0.07944571840256602,0.12262459690549327,0.10804306178728589,0.09887406687626589
0.15047780490885296,0.11094581720837103,0.11547968802228525,0.09938227857012157,0.13152315151208202,0.12715680546163896,0.06970062875128516,0.09504906767093141,0.10028475789443171
0.1261802259595631,0.11464183529526724,0.10819187735478641,0.11403717021509979,0.09425276821334726,0.1116699174360576,0.087873150357664,0.12301727121110767,0.12013578395710688
0.12383258890002748,0.09595459528922352,0.09898770561366581,0.09221566560827683,0.11084092492741417,0.11799926190503596,0.10460379184295095,0.1422241699610309,0.11334129595237431
0.18626993148024495,0.12503549467567313,0.1246669925656954,0.09267342483706463,0.10857358161077606,0.06350665323210637,0.13345990216298767,0.08549617711444847,0.08031784232100328
0.10740865471215572,0.11588471153121664,0.1188566756880335,0.13808271580070833,0.09255113666030602,0.12027062647105596,0.10143361797140582,0.10357137682071527,0.10194048434440277
0.1237842004252994,0.10769344313409074,0.10980389992093287,0.08978206750585875,0.12103653361073663,0.14479236397806616,0.12585947864663158,0.08948767644194384,0.08776033633643998
0.09886498966517754,0.08487878841216094,0.0797920797551153,0.08436190390932019,0.10666539957060882,0.1311229488114054,0.2105220330782277,0.06890432206094484,0.1348875347370392
0.17363643509402304,0.1107329999244473,0.12838342687578672,0.11999031136432377,0.1290747047751403,0.10854961309792303,0.07596741788361568,0.0651790945941876,0.0884859963905525
0.07390254115805467,0.07826884239442948,0.16064516330020007,0.1361015131357939,0.09332553034610891,0.10467267404033699,0.04481164733464305,0.23316031305381246,0.0751117752366204
0.09902218532738775,0.10850657199717655,0.12906737560878198,0.12810789271651812,0.10175962955974475,0.10249761660546741,0.14048674593061927,0.10782837124710525,0.0827236110071989
0.14606356763032627,0.11034706484050767,0.12493215490491612,0.10239097431227949,0.09856563844025727,0.1146076804739092,0.10326460561722549,0.1124500696803119,0.08737824410026661
0.17647551361010597,0.11781631096428048,0.1178721134800426,0.06865948371916254,0.17018826771048803,0.11246046869281834,0.07038827139394832,0.08393537226821172,0.08220419816094199
0.10078979386059546,0.0977971280718798,0.08860973599367739,0.09927993862073799,0.09668556117621312,0.1184122098487261,0.22370275423153488,0.10040723575541825,0.07431564244121698
0.15529466057086574,0.11246980284895465,0.12103309915391657,0.08980998259393962,0.12128763978554895,0.08324524046551834,0.13166974725036681,0.10081130708414011,0.0843785202467493
0.09621433245967731,0.10995355053558958,0.12163053037556915,0.1285377785493881,0.09049144579739914,0.1178969951301565,0.09828050399625345,0.15507948094601753,0.08191538220994916
0.14912429914048272,0.12487607276323505,0.1250283299336126,0.10217234018122918,0.09983631970547219,0.10164280384007467,0.07522359056035254,0.11149091348830016,0.11060533038724091
0.17148880065340902,0.10233184959051948,0.09658594386115664,0.07229849809883328,0.15723200948834118,0.10848807916240273,0.06283780361549059,0.05659741978778462,0.17213959574206247
0.14361434880781787,0.09980197865002956,0.1121680148317461,0.12299364216482152,0.11658934856792623,0.11339183587584829,0.06767576644197268,0.13554791576419703,0.08821714889564071
0.09064766134201159,0.12282249343321296,0.11440249490354314,0.13370800271511415,0.11310541627493946,0.09977426206555416,0.14350311477100677,0.0971590686938545,0.08487748580076321
0.08315539427850077,0.12245702910873903,0.09187129095127589,0.09288735341189229,0.09364570830815948,0.09087026132143218,0.2592146677861862,0.08533302150216031,0.08056527333165396
0.16445049384241198,0.10909609894624912,0.12582397452829344,0.12147838564028422,0.11043806692937679,0.1184034040181564,0.06294835184977286,0.08945121807225594,0.09791000617319921
0.1751007989759367,0.12148693624588196,0.1160149918772531,0.09000124958682233,0.11746074048564802,0.10171902320125763,0.06552650588572616,0.1199627785717588,0.09272697516971518
0.08008798379346957,0.09499871351232025,0.09661321405536798,0.11628980704463478,0.09725221833451834,0.12949575980480096,0.1913509005543584,0.08283477425455836,0.11107662864597136
0.1358413028339264,0.10233834103755048,0.1170146151277986,0.11012707111985338,0.10158483451638796,0.1082114576952391,0.0996794394379897,0.12895630419544601,0.09624663403580842
0.10206224748620785,0.09195331993738765,0.12925976339607856,0.10865605064826915,0.11241889780985066,0.11484580856017397,0.08425594061588193,0.13947340156976998,0.11707456997638023
0.09185918533854698,0.10295319624805443,0.10646022045638855,0.12254596007453915,0.13027728338242558,0.10638375700526059,0.11893183520242673,0.09771723673290239,0.12287132555945562
0.12296753346634048,0.09260167164989246,0.11898490720137489,0.09716175850957913,0.1450111719147801,0.1372031313648477,0.08576120254370286,0.11685707332066157,0.0834515500288208
0.17440593002290242,0.10473649153706786,0.10452961291875447,0.10590044206107561,0.1263688311304038,0.14659505009953686,0.08184115970517582,0.06863549893567471,0.08698698358940847
0.1283785659076608,0.1222474603616177,0.11195900707565826,0.09666664087052823,0.08859982506313678,0.09857101107151055,0.1035323965914029,0.1558154294469235,0.09422966361156136
0.09008384013475362,0.10737656888838053,0.13430463692451988,0.14427908168131906,0.10752215791363855,0.09152271600030903,0.12847624407449962,0.10533785741462058,0.09109689696795921
0.09327284065788462,0.10516180777797139,0.10092810137843074,0.11044504783815674,0.09098959837274241,0.13693300588830992,0.15917694232948296,0.12287318667942893,0.08021946907759227
0.126469361689197,0.11519367482337879,0.11269254612649161,0.1035352104828355,0.14199106934960146,0.10804661493769148,0.07115407612414787,0.06378986771389757,0.15712757875275865
0.1240527981238126,0.10697786461575713,0.13613704044436445,0.10141697600755452,0.12172314503333383,0.1109963882899793,0.08133710044204666,0.09551424158946342,0.12184444545368811
0.10771689046594385,0.11220162308497529,0.10270401246475296,0.10242595866395288,0.09024835143476828,0.12655033169333477,0.12718960913619978,0.12879614231480785,0.10216708074126435
0.08383131275368853,0.10816462256196557,0.10704530124265223,0.11413495579597925,0.11064431268827281,0.13732307123160822,0.13109307670760437,0.09805374256590355,0.10970960445232547
0.11011475555456195,0.11779841046388602,0.12861221295895855,0.10451443670199186,0.10828156204722332,0.12759989780770908,0.11142055286837782,0.0966610127009907,0.09499715889630077
0.052792471725413286,0.09648021033313876,0.11446617080812484,0.11060559462933324,0.11370279988516252,0.15600776906602165,0.08281420953480971,0.14896958135371452,0.12416119266428138
0.09832807517895999,0.11739970580365879,0.11140641182019244,0.09277379278254033,0.09823040114070243,0.13611864487268235,0.07470702513865458,0.1469205426589104,0.12411540060369865
0.1016612395306633,0.10833687054213148,0.12057583094138213,0.13345346377229447,0.0933731195613398,0.12875945743731296,0.08300574168688568,0.12801128847478285,0.10282298805320743
0.1253075729727535,0.1105265211173735,0.09583731055324653,0.10037157422963154,0.12361792215587808,0.09664893337220049,0.18573351300271312,0.08232615623807364,0.07963049635812972
0.14951411914211907,0.10793940547876589,0.1199824350207233,0.10737508849412593,0.12627165447185926,0.10095840342441899,0.08364116575459558,0.06787256496752257,0.13644516324586944
0.1991005436656387,0.1128743554898103,0.11723210987849858,0.1074478048638764,0.10000147431430943,0.072890675352435,0.09551371642067329,0.10960677026839714,0.08533254974636108
0.12729709244708548,0.10938051127851399,0.11234640679086456,0.08588659047470633,0.10155524497806252,0.13324470647969056,0.0796260045635009,0.11775018275706106,0.13291326023051464
0.11963934172438483,0.11701407430874378,0.11072303903713855,0.10986347210185464,0.10569326505582133,0.11646944390581038,0.06149529131362883,0.112240754944109,0.1468613176085087
0.12630180534506566,0.10703882567662865,0.1393203933750115,0.10678922832860764,0.12359809852676822,0.10448599860716597,0.07972547549568744,0.11554159507132122,0.09719857957374371
0.10414996516680813,0.11203605098212739,0.1274954337143623,0.11914057830878529,0.08724604052623919,0.11110306944394266,0.0410569043051234,0.19658256201555924,0.10118939553705246
0.18601389926810794,0.11966525848433458,0.11305817298034564,0.10632462161513852,0.11209152662407518,0.11602590062606528,0.05709423582386641,0.09819487507389635,0.0915315095041701
0.1054077501004717,0.10833516501874012,0.11544969315638498,0.09204956789696145,0.11022270576189142,0.11905174927313221,0.15730795594461727,0.11809048195898826,0.07408493088881257
0.11178302708006443,0.0982781404689596,0.11850512494325433,0.11070401981035154,0.12714843396877967,0.13712164023831444,0.0721042677042586,0.11413344822126793,0.11022189756474936
0.07413779790596074,0.12852557754545646,0.10022580705811596,0.08771577557693537,0.10624785311661637,0.13685846303349228,0.11718151892405497,0.1532317479866257,0.09587545885274208
0.19152923984332756,0.11002375139021574,0.1333890043807857,0.10153803766760376,0.11233707052602193,0.09564644215195643,0.05099044881320259,0.11391263093830255,0.09063337428858381
0.14549687578795756,0.10601359008705519,0.11185508165144416,0.10621050063413622,0.11215672058781119,0.10971782287373344,0.06934703055589253,0.11525855455117644,0.12394382327079327
0.11190043030089329,0.12918562114775167,0.11540172510025838,0.10533755583912567,0.12018736793230311,0.10108157088229142,0.0958775410772637,0.09951672234816389,0.12151146537194894
0.12016988062408906,0.0993535059654751,0.11939494050497775,0.10474698727463094,0.13062272937670705,0.13863282289562184,0.07567828755014554,0.10483920793126189,0.10656163787709089
0.15821682349206553,0.1089680929437866,0.11327942809245213,0.11489573262902013,0.12856934793809932,0.12397849150629749,0.07710985496649252,0.09104656077460686,0.08393566765717948
0.05228402068667017,0.10598831566186558,0.09753130072161227,0.07953800181199451,0.11619607738443026,0.1463805220726533,0.13551393771390524,0.0929345255297599,0.17363329841710873
0.10206224748620785,0.09195331993738765,0.12925976339607856,0.10865605064826915,0.11241889780985066,0.11484580856017397,0.08425594061588193,0.13947340156976998,0.11707456997638023
0.09890159611098603,0.11415698093630595,0.10296093894741704,0.09601019137588944,0.12546168671524185,0.1080213483999808,0.16752772042641717,0.06330036547713729,0.12365917161062451
0.11017694327625194,0.11935089400053624,0.1288911095270189,0.08423924370519481,0.13225857379914766,0.1041457967933435,0.1481995443862126,0.08402521451048578,0.0887126800018085
0.08931505575776306,0.10972427095970287,0.09906991727887182,0.11599732320769161,0.11328244287702223,0.1380527085524185,0.12739471485019013,0.09331020700503882,0.11385335951130097
0.06053705154029565,0.09529907111236176,0.11256356929797051,0.11102534052473727,0.09760274677689847,0.10631779517138525,0.11245766065386827,0.23058505202533827,0.07361171289714454
0.10722328589057654,0.11844854870766001,0.08740165464759934,0.09126879739324052,0.09913530873249182,0.11160054992766226,0.21913564942374011,0.0935938862859439,0.07219231899108554
0.12416454645527654,0.10382451353991067,0.09607160059941595,0.10112917661694414,0.12017550246661168,0.19568059490452108,0.10100983755506644,0.05968853759103032,0.09825569027122312
0.11676378826688809,0.11713188125506437,0.08811080354130062,0.09611761070196907,0.13108580466817432,0.09984422441336911,0.14067335987027269,0.10102318487079533,0.10924934241216638
0.07586198896886526,0.11370899732338706,0.11781880663861337,0.09976321438197953,0.09275108850188928,0.12077559078879922,0.16612486209574837,0.10190551036317386,0.11128994093754403
0.13093941284306562,0.11995684148847345,0.11035726180010395,0.11519712772405549,0.12436051632433949,0.08813843491004873,0.09932342540164868,0.10404669165047846,0.10768028785778616
0.13065010645784012,0.11966428698653246,0.11927361109149048,0.09653624158387042,0.1372020679643021,0.1158795134316009,0.07908058206824865,0.09182098273631016,0.1098926076798048
0.10238256442607925,0.1171506505143803,0.12004558841449951,0.11622222897811331,0.10509756693817618,0.1399512638180552,0.08527067176801166,0.11609556735669062,0.09778389778599396
0.0878533412132403,0.1216429164180366,0.10553580816734039,0.1054586485066683,0.09751929120801879,0.06775636441980804,0.16418996227159557,0.1617499444393145,0.08829372335597746
0.10949461011199312,0.1145002901496398,0.10935823882302165,0.09769822563303347,0.09335097589960444,0.11457310932978844,0.08049701682574562,0.1875287436715539,0.09299878955561956
0.10568033615599089,0.11149004606313839,0.11971871180978794,0.10013923045843914,0.09924072679493673,0.12967797238349407,0.10236681408922065,0.13477363788152377,0.09691252436346849
0.15047985344310635,0.10616609329919148,0.11046331584145014,0.08994019156327582,0.1054204009646449,0.14756540169242674,0.11337830921831175,0.09739939944602886,0.0791870345315639
0.11270574222426104,0.12665201022297512,0.1252447953902727,0.09128906153942255,0.10124421930183047,0.06302310845970611,0.182071163767742,0.12775021776409523,0.0700196813296948
0.12809699980654005,0.08947569924062647,0.1253360488752027,0.134239571014907,0.13143693895116756,0.10783230516260382,0.07790243223438582,0.12045397012416342,0.08522603459040329
0.1478348919421585,0.10437023860034629,0.11079514484650597,0.11477539909660239,0.12609610239016641,0.14376610124526626,0.05720972611845915,0.07842737337950985,0.1167250223809851
0.16893326757916569,0.09581423209326297,0.10853449573148395,0.091298704734052,0.141835006483939,0.10074602444399594,0.0742513945021306,0.07628739908487445,0.1422994753470954
0.11476225044756067,0.09395542450298451,0.13370857175628637,0.09799627634776686,0.11784388559513546,0.07729253382825262,0.08620217818162142,0.19874237724082547,0.0794965020995666
0.13577123089839913,0.11372927590902411,0.11049960250337164,0.10379040838369452,0.10477805566659848,0.08321803112988267,0.11509562463630607,0.1376688491638448,0.09544892170887857
0.11000195894919552,0.09786504832626523,0.12394648869635856,0.115907698205836,0.0871305173068792,0.1567705893601087,0.062450248743606336,0.11912903484104435,0.1267984155707061
0.08982229736536156,0.12250390592941529,0.11759190261590317,0.10140831296243635,0.10990101193992745,0.137337622756317,0.08828762556388185,0.11420568632320365,0.11894163454355368
0.0897730884593132,0.11870822485788368,0.1108992358793794,0.10105123114543794,0.11161573567701927,0.09491735181199241,0.19168789293080724,0.08322336377686416,0.09812387546130262
0.1148812969858531,0.10891864337589624,0.10843149590073826,0.07158656049993346,0.18145043581234652,0.08439781786300367,0.12918821132863806,0.08521272183343233,0.11593281640015844
0.1025757680370349,0.1104520803636186,0.08517479244438338,0.09452254147506489,0.11989453416510974,0.14044547600797505,0.12365673588451014,0.09363607291880226,0.12964199870350102
0.1542302613408467,0.10763807162792206,0.1133192093743301,0.11550108790643122,0.09514930888474482,0.11682649004624245,0.053448337217767726,0.11217536754757614,0.13171186605413868
0.13304441387347118,0.11330483039170991,0.11940050670830238,0.12431332455490442,0.10573337993901566,0.10696867892610795,0.08690856547391927,0.11282049495587243,0.09750580517669682
0.17561037155901996,0.10734440189265577,0.10594335258096566,0.09814990608706288,0.12240932827586208,0.14231508298977844,0.038776101425112695,0.08048324009755796,0.12896821509198453
0.16367292971901845,0.10598186280521489,0.11547961200841901,0.1317955191587299,0.1176041730778458,0.1102398734147673,0.06918796503956527,0.07067807880100195,0.11535998597543744
0.11428394343570521,0.10760125732500514,0.1214157950909137,0.11231782160743232,0.11231387347721239,0.08471863271237422,0.13436865265423326,0.13361734846549342,0.07936267523163033
0.12480423371673179,0.11565336544082083,0.13291403458086784,0.11338020695633981,0.12575244075049452,0.08846367097469428,0.09292509308816692,0.10830075858382042,0.09780619590806357
0.08716897376697463,0.09799415352444196,0.11280676981366182,0.08557127588133284,0.11210029769915016,0.06911308366794817,0.2475218190788122,0.1008144394728727,0.08690918709480538
0.08844792513695136,0.0994321428061124,0.09552989080398051,0.10443273765738403,0.13804876020224144,0.1506128874522111,0.07909559133690801,0.06920450232207156,0.17519556228213964
0.07122109311180284,0.11491839051107756,0.11167278725893225,0.12482846207829433,0.10868443528241944,0.11981660883426258,0.10412246383607719,0.1325915208406202,0.11214423824651365
0.1874457808084965,0.09988217193619335,0.1141581734755126,0.08077281972458888,0.13128254790329788,0.10807285581444263,0.059806025920863044,0.09049962718949783,0.12807999722710725
0.13909057306027406,0.09819294463455364,0.09763775264888268,0.07875534729783588,0.09645767004094598,0.1416632504736135,0.14444633046129293,0.09485596814776365,0.10890016323483763
0.08203329544449071,0.10473502928739332,0.10542409710136592,0.10682749745882318,0.10146746322588636,0.1532971776604248,0.1480443941110738,0.09301958092763968,0.10515146478290215
0.1274920523887738,0.11200000733887966,0.11801464739713786,0.08848333704132744,0.1127433836404117,0.1307643039332772,0.1017525866689984,0.1245214096613106,0.08422827192988329
0.08472487179655265,0.11133911062301532,0.08867474577849277,0.09323471193448334,0.1220049245507081,0.15000410911928844,0.12274529176280691,0.09697953408480979,0.13029270034984264
0.13756975872080893,0.11459242930249895,0.11629204629093763,0.12430311208179345,0.12781417892736668,0.1114959184003977,0.07744517365167243,0.09416600760101068,0.09632137502351351
0.13350838979525015,0.11525208397944053,0.12323440331536832,0.15526368157021728,0.09963172235602395,0.11112419802716704,0.07703732965581506,0.09911925745690615,0.08582893384381153
0.1337744393494599,0.10527276159246292,0.10378507577083003,0.1098220221337702,0.12821579930591412,0.15536340896601594,0.0992748536665683,0.08926911393349213,0.0752225252814864
0.1758742178276038,0.10480460868045773,0.12368933489999877,0.09278141974900007,0.11056882162555533,0.10243067571590447,0.07325262635209633,0.10847421593730601,0.10812407921207745
0.12400316155329184,0.11036567532578091,0.11004582878573771,0.12082355544523364,0.1437930054245926,0.15624764826992046,0.06639656653676297,0.06528257415793008,0.10304198450074975
0.1478674894218591,0.09884599485731006,0.1293914590932709,0.08632085373502896,0.13678130837322605,0.08941802012695127,0.11729562286136236,0.11083816590577027,0.08324108562522109
0.06338860292308907,0.08978639293878465,0.10772016439266445,0.09958145266557565,0.09975742070256262,0.12467642051719968,0.12239885348320505,0.18394808494591186,0.10874260743100701
0.16357395819734355,0.10624295566357662,0.11572408898069304,0.10479639452610039,0.12328281902837494,0.10689510083952568,0.0968052270049828,0.0932420937577872,0.08943736200161573
0.1182391128528603,0.10987547376412983,0.11831987411384431,0.09097334573886147,0.12206915697022165,0.11179474002538416,0.13575634230597453,0.08902393771730922,0.1039480165114146
0.09209266663711442,0.11207024010042664,0.11999896124324581,0.13997445604176978,0.10577963240962984,0.16058813078815984,0.07556888182837138,0.08164591456555399,0.11228111638572831
0.110053233797209,0.10216453953125489,0.1077868066320133,0.12896598527142847,0.13248789042900552,0.1495670105502436,0.0707265674300902,0.0786429575493623,0.11960500880939273
0.13206675346356625,0.11270134389059054,0.09464854810687988,0.08283605372043146,0.10747620403704122,0.14408391710060023,0.14593264539780446,0.09147909971799688,0.08877543456508906
0.1359695316517299,0.12537239146765716,0.10767602929228341,0.10392313390508016,0.12090731358510608,0.1451083674109887,0.054052443499876514,0.11486524332515857,0.09212554586211948
0.08754310672868117,0.11306613046044134,0.13508641116772482,0.13821803027364757,0.09271875111860921,0.12606306233767411,0.07423799607909723,0.13649412853621304,0.09657238329791155
0.12400316155329184,0.11036567532578091,0.11004582878573771,0.12082355544523364,0.1437930054245926,0.15624764826992046,0.06639656653676297,0.06528257415793008,0.10304198450074975
0.08382660455121756,0.1308278101851427,0.12195391033065878,0.09853231386365617,0.0935370575649052,0.10999624572339932,0.1557947651408007,0.1220460232845302,0.08348526935568944
0.08986309626857326,0.09369150417168241,0.09243235919193647,0.09947758844971084,0.15302767391470476,0.1362296638655606,0.047931186616283906,0.058916058464586474,0.22843086905696122
0.12624518798761597,0.12661398310782476,0.11396150677295064,0.09149655643738157,0.11251476733123573,0.10493052156400574,0.1088303351755915,0.1357832486635837,0.07962389295981034
0.09362845851671346,0.12724780981153508,0.12267821165705611,0.1364153973498743,0.11586503016758332,0.13489187525475668,0.0924382929713176,0.08110676088279213,0.09572816338837126
0.15787000448547178,0.09962752409008223,0.11447273570833467,0.10377278445900495,0.15347796046394233,0.09566624234522648,0.10434963852545316,0.06391591392122051,0.1068471960012639
0.0782516222175212,0.11615285187423192,0.11491084179619544,0.06300304111940593,0.2071415204292273,0.08581262142812905,0.1387936648382115,0.08599158875905515,0.10994224753802258
0.062037263156713894,0.1191991978539312,0.11607600170954158,0.09143927393602254,0.0980296606443591,0.10566272105524034,0.21251656432885246,0.09408778427599844,0.10095153303934051
0.11114942981325471,0.12931089263731368,0.1097540091319525,0.08509397954710973,0.10689023049838974,0.07551761643420199,0.15163088167439753,0.13014917095444525,0.10050378930893476
0.16105539765364127,0.11471153480370554,0.11129356269754809,0.11204252838189765,0.10567515127802296,0.11317222391421798,0.06355600743415733,0.11195089588492357,0.10654269795188566
0.08914216413117616,0.12733545714773825,0.09809155585649208,0.09801059731450013,0.13403297073023465,0.14039023267074485,0.08315819473001136,0.09825676152815327,0.13158206589094926
0.09410133407391079,0.1368299424037096,0.11521299639033049,0.11880555795924706,0.11658496636204174,0.12628986095354675,0.10307343165173577,0.10728852729240035,0.08181338291307748
0.12050240283436635,0.0983160686586043,0.11249397553607728,0.10167948657414096,0.12443573729749945,0.10816785141181255,0.08304487721646399,0.1437725451004572,0.1075870553705779
0.14529709504435176,0.10866805429188058,0.11695400022778428,0.09933234220025995,0.09611068871916896,0.10043220857110528,0.08359490704413118,0.11582168346286685,0.1337890204384512
0.14675466933834722,0.1054888910920939,0.1200857769273605,0.08180151620900356,0.17358511740037808,0.11650983861501892,0.05965547193419866,0.11180442706727511,0.08431429141632406
0.1074546268079391,0.11888782672567721,0.11395479268560664,0.10990075984573631,0.13744972236906441,0.11251728388006864,0.1314793397105273,0.0732637715374668,0.0950918764379136
0.12721267508015324,0.11214678265160248,0.13144234274649383,0.10534569914275964,0.11437727903819817,0.0935351502943893,0.08772778776311974,0.1466555275237125,0.08155675575957114
0.12253924509428234,0.11105591009928469,0.08921795987794622,0.09301601845564637,0.11173681144931273,0.15067828647569823,0.0904083357159537,0.11305192485775066,0.11829550797412497
0.1659598515963943,0.11719718531695271,0.10580155077453612,0.08046683448422197,0.09983909730242509,0.09508855720686439,0.13485574266015293,0.11355386300766886,0.08723731765078363
0.1150499615635342,0.10614506610477327,0.12024922786183796,0.11740901999223348,0.1048543402236396,0.09764178851183757,0.10108079918956571,0.12923372230148908,0.10833607425108906
0.07715182444975041,0.07312921321679132,0.12726362157594276,0.10456848861352398,0.10485914662682873,0.12427714453619991,0.11139062257515832,0.19134765611569024,0.0860122822901143
