0.07536668002682818,0.10376891302395753,0.10730954441497638,0.11652006231182029,0.11178488362998906,0.08444799738860215,0.09431048504954369,0.1565475479697959,0.1499438861844868
0.11755533138987832,0.13071938368484978,0.09179995608847508,0.13904664143562384,0.16367757072748787,0.0971991631516788,0.07875709117334713,0.08411524277281335,0.09712961957584591
0.09465264777370665,0.11886279100285636,0.12385474490626895,0.11865497095510628,0.10939420683881566,0.11887335636390599,0.10262862496423171,0.10854795306734077,0.10453070412776765
0.09043939443054205,0.08584390566456694,0.11892197890440513,0.13175432178989724,0.1081322693641172,0.10985775136802445,0.08963832646426184,0.08226729701970308,0.18314475499448205
0.10110757555703043,0.13222609389774795,0.08742784159674115,0.08929028137473477,0.13598581710844238,0.12300507583069535,0.16121318199565862,0.1043534749689588,0.06539065766999065
0.08366839972005097,0.12586925180266048,0.10553749085586833,0.10023964969933981,0.10615591603672252,0.08892119063178518,0.16155691209636333,0.16722621089665748,0.060824978260551964
0.06529234728664111,0.09730026715213162,0.11497993615486295,0.12692395230875855,0.09709200651096976,0.11420115843830914,0.08611057896128686,0.12795403527022473,0.17014571791681524
0.07585499685314236,0.12942347396147239,0.13799640790178933,0.14277459049892585,0.11416229854474001,0.10505022684246153,0.10015166440273732,0.13141923379239687,0.06316710720233433
0.10479422307937718,0.11646080260753854,0.10452850354815996,0.11770459588163733,0.11460525764021541,0.11564003230681415,0.13178669672631452,0.09416628254014463,0.10031360566979836
0.13052780302511213,0.1013031320423074,0.12497998758883933,0.07186600429972291,0.10537460927790811,0.11835254328044893,0.10315756827689386,0.125108051006759,0.11933030120200838
0.0937743180296285,0.11594288060786319,0.12420412709021157,0.12054142334029994,0.1060277612132292,0.13285509007410198,0.10153818408115484,0.12250733624868489,0.08260887931482593
0.11216937513896007,0.10788188301580809,0.08973500747496,0.0999830038982233,0.11700318973730002,0.1534432849748298,0.10941395213397098,0.0900147850605615,0.12035551856538619
0.08518412808167364,0.10999914029739155,0.15362876470191858,0.08759969043901751,0.1017476623238498,0.1822650337597266,0.0621834749611068,0.1209997781905625,0.09639232724475305
0.08937456301691483,0.10570719929228163,0.12125632105637225,0.08781091373758713,0.10114091376354499,0.1503572579571338,0.07169044477127576,0.10882473666921928,0.16383764973567025
0.08678724522657089,0.11634039669794233,0.12284760221476503,0.14375231358514673,0.11511808961905201,0.10744994829619477,0.08823840269564592,0.0818416521953935,0.13762434946928884
0.07123649790938315,0.12230985702491626,0.13087262500949862,0.13180896172076215,0.10597928557328486,0.1032653934914568,0.09839631513365366,0.1371408367731238,0.09899022736392071
0.08037868368524546,0.11302559760975513,0.1389021520268941,0.1419906285611837,0.10728678272847879,0.13061791917041402,0.08563602831758932,0.09771819661621528,0.10444401128422416
0.11076873719562208,0.10509568398630338,0.09738174902649144,0.09735778921082199,0.11524776058533992,0.16385071521542605,0.09436244766736597,0.07707444146546684,0.13886067564716234
0.09862954669222156,0.11327583678833437,0.11858303459898854,0.10847874027171922,0.10774607697358134,0.09019736719000376,0.12494246666206953,0.1184066296981766,0.11974030112490508
0.07927158860880223,0.11750541221585786,0.14936304986442925,0.16369249123212173,0.10341936149884833,0.1517550387379551,0.07447932588138993,0.09032157717356598,0.07019215478702959
0.12163991807844095,0.11258899536039586,0.10988278503476911,0.10108014406298478,0.09727247476956534,0.10540032905881379,0.14969295675929184,0.13173063816586206,0.07071175870987628
0.07830670149703528,0.11567300304696926,0.11175966319754582,0.11118785893126526,0.10771983082273949,0.17904875717445098,0.070242095393112,0.09340546907879706,0.1326566208580848
0.1006180065507667,0.11389761391823716,0.13668814385791322,0.12459262486350937,0.10280544956771785,0.10438563386187756,0.10956857669712732,0.11670785642809813,0.09073609425475272
0.08171423503423418,0.10856262060289272,0.12521421109058742,0.1074233599724405,0.09522547669083269,0.09461639006519468,0.11492851357272121,0.16428964374381158,0.10802554922728508
0.07765411796748785,0.1254302200680382,0.09211636094785403,0.12463868293349299,0.11065521483794223,0.12000321755164084,0.14139138072425725,0.13890091063982804,0.06920989432945866
0.08567519892037462,0.11403274580704066,0.10622853894232076,0.13271433050116135,0.124525871523526,0.130394476239003,0.083543345587613,0.09401297379164737,0.12887251868731325
0.09185264351274602,0.10255423321159624,0.11572427043392132,0.0873456184600875,0.09948301899806417,0.10369047812708578,0.12311376514110224,0.14322793285974503,0.13300803925565163
0.10400947233114559,0.10584131513242877,0.09660012416709246,0.10747742197928462,0.11108402871309807,0.09410993331680954,0.14301210017808713,0.11251558440499031,0.12535001977706361
0.09872049212451446,0.12178398568470111,0.12186546552624868,0.0984682116757903,0.10877921075746587,0.1570638446102906,0.09560550191457039,0.10711932164146483,0.0905939660649537
0.10555793611290147,0.11828560014688023,0.09129363433852207,0.10870875092736067,0.11469208339890223,0.10525711814971934,0.17497220150277745,0.11082765114043254,0.07040502428250402
0.08686947094129309,0.08904690970968014,0.09276648082147036,0.10269555979962268,0.1045594230365854,0.0843884847620839,0.133586067918507,0.13463659737572983,0.17145100563502758
0.10018830764112434,0.12689310565395756,0.1335017350279676,0.11852493226283134,0.1166370507023216,0.12097590342651143,0.10019170980819898,0.09752535354073248,0.08556190193635461
0.10674987997019246,0.11833205051995066,0.1402742095615495,0.11889216029396737,0.1057444080622133,0.11590365049420175,0.10998640129837728,0.11982062338161219,0.06429661641793545
0.13394254124030147,0.09640587571273819,0.1055133149697725,0.08172639135837952,0.10585736270478334,0.12346254545366707,0.10228625717028883,0.0922736524733581,0.158532058916711
0.11857009067485869,0.10484942159580878,0.10606967630703563,0.10819079725861001,0.11790856369030665,0.08134838353815366,0.16391270293422186,0.08605623873280345,0.11309412526820124
0.11851528477120277,0.10365607752323842,0.07051294346930269,0.07212499928807616,0.12239026575712177,0.09159837230621116,0.1840789040876537,0.13032176524639624,0.106801387550797
0.08515758296215259,0.09721238466608932,0.09237352276776654,0.08756670524599773,0.10532738933479129,0.10284588776092203,0.111419523254147,0.13629473266183392,0.18180227134629956
0.07714814935651994,0.10192749235967008,0.11121531841729419,0.08840791559330545,0.10293987208108346,0.11346412828858919,0.07952251863158999,0.11004816031780014,0.21532644495414754
