0.11379836732906684,0.11908680716458792,0.1563306859851732,0.098937560461279,0.10106671785553974,0.1133611060478449,0.09782092884165455,0.09054323827516007,0.10905458803969381
0.10952123056091483,0.10670476389068735,0.16130161539907664,0.08841757464299149,0.12182817746208739,0.1317928818331754,0.07093120669474745,0.09715285955475712,0.11234968996156235
0.11107470158049142,0.11319272621751991,0.16933194383442432,0.10376446245644476,0.10447054735901733,0.10770359167786318,0.11013213331791749,0.09404809240226197,0.08628180115405955
0.08747501171334222,0.12302119975458259,0.2241473021236063,0.10214635012914723,0.1166230904612209,0.09053271499218457,0.09926770470349845,0.0683220379994849,0.08846458812293291
0.10469658361379759,0.10983038588505416,0.17768283609063595,0.09816950955918262,0.09925614133257306,0.13486685602473295,0.077910078215561,0.09873162850242545,0.09885598077603723
0.10144482704480344,0.12989173615153454,0.19371518363944007,0.0799719344977899,0.11691060553470249,0.07325576369929021,0.14566071667253755,0.06684472229709239,0.09230451046280934
0.15373443852325486,0.10708764224649674,0.14364953141025438,0.07078755018862627,0.10714868055732986,0.09222937860874585,0.14793362578481714,0.09536911901037014,0.08206003367010484
0.10184336000885652,0.09987881379971514,0.03329613284533194,0.13427146016293903,0.1523785587536913,0.13566484100245102,0.09261428543023194,0.13213692663414014,0.11791562136264293
0.12660586834272605,0.10328473204292564,0.17808278661673552,0.09674694795778314,0.06416024799123198,0.12482431527156652,0.09824114292886856,0.09091165392896074,0.11714230491920186
0.1124316774425158,0.12134107845589853,0.15404095696786987,0.0957080428620009,0.104589156077599,0.11519032533842744,0.08783535047565193,0.10334844843223161,0.10551496394780491
0.13660746081161204,0.09935542394740877,0.08456898089438723,0.10462930993203662,0.10932921269732136,0.14144178714952882,0.09332385804285509,0.10339883162971802,0.12734513489513208
0.10461465458927449,0.11937927100462369,0.1731856253927656,0.07308053499132212,0.15580926146076937,0.082797318110145,0.11657919475746115,0.0783316934878935,0.096222446205745
0.09916862566205255,0.1155487489954407,0.14802313249983823,0.12835495958987544,0.11509197397094699,0.09961345260174052,0.10872184978929646,0.09014984565683125,0.09532741123397777
0.14252152861504885,0.104575235593931,0.22237791582459618,0.09061854097258569,0.04049331110573023,0.1058030668312518,0.13568903119291253,0.08651966487052794,0.0714017049934158
0.1442536638480425,0.11731437107872277,0.049903942280019896,0.10469594104448816,0.11392589841282037,0.10577591396639956,0.11979343499111438,0.1270575813079974,0.117279253070395
0.1270762163174545,0.11394467923257251,0.15272476313044228,0.1186181075586608,0.05594374700563134,0.0981928159482513,0.1470264597398743,0.0876392712847502,0.09883393978236278
0.17016670538600057,0.11101936837875521,0.050206018934844325,0.07988495994028927,0.11044046312474272,0.10757255901940282,0.1377861619490984,0.11401595286853165,0.11890781039833502
0.09883365423885238,0.0925386535536864,0.021479475353194333,0.20603890241641395,0.10968354503632183,0.1057998950252082,0.11183112132687341,0.10756607662774775,0.1462286764217018
0.13166590141364018,0.120657669682738,0.12075768968852241,0.0918833601762777,0.09008915351459242,0.1029963190679053,0.12121190775172154,0.11887920861926027,0.10185879008534217
0.10700297525900093,0.11796901111820024,0.07489175909739036,0.12736309594343162,0.12349799192660293,0.1272675333120422,0.088805490857697,0.12954277169900755,0.1036593707866272
0.12515891189611947,0.11628284649617242,0.13872230959771636,0.11298544445244113,0.09982478896459784,0.11008617508870361,0.09193322016860524,0.09390516139204275,0.11110114194360123
0.10071118251683614,0.1058555319056717,0.18831162069421734,0.09150797780878002,0.12384680003800282,0.11456262974352359,0.09163123126283806,0.0914243857125402,0.09214864031759011
0.1016528324366935,0.11800282268124933,0.07577053188287702,0.11604152650392481,0.10627282475339091,0.11947066832975244,0.09162713748434688,0.13261103135769267,0.13855062457007242
0.13795107988970604,0.11062150523957276,0.15076513986861462,0.09766666440077736,0.07119310745442357,0.13332448324797885,0.09785685296093992,0.09854296091235916,0.10207820602562767
0.13793320745212256,0.11094777914756104,0.14840003418375328,0.06067429888488085,0.09457601128256654,0.09702340627799887,0.1418285723124916,0.11190519681200349,0.0967114936466218
0.1573901176053135,0.10140695861374205,0.24431866478048384,0.0557234915087772,0.06767101180992696,0.08309547657418365,0.13585747191583972,0.06466871002095283,0.0898680971707803
0.11005978734865712,0.11180481736203592,0.13021361185595756,0.08694220745303821,0.18624852219953625,0.0847076194848218,0.11482142845826566,0.08300186807685957,0.09220013776082787
0.11503504972173373,0.12466208961907634,0.09185827121591546,0.1092578396762776,0.10996347291495397,0.0975738550944134,0.11323669487505544,0.11696097273124734,0.12145175415132677
0.09997802967237085,0.11933132921847422,0.12552556862856037,0.13338012328621282,0.09810699451007154,0.11553627759883191,0.09427092944202231,0.11040080305279254,0.10346994459066343
0.09366305440699084,0.10764854027912442,0.051782135675935294,0.10578770132150334,0.1753121866221569,0.13184404694572893,0.08725994229138057,0.11870131729127141,0.12800107516590836
0.14476580904857594,0.0952276584980314,0.23731338903994628,0.05607415482693715,0.08687779745381079,0.1176047372093532,0.09544343106265347,0.07993036448778572,0.08676265837290599
0.08575997509914679,0.12474262439150115,0.09605229715712084,0.1457845263553134,0.13315138489027184,0.09020683539681251,0.10277195272661548,0.11613150354605185,0.10539890043716614
0.08574616814028047,0.12831609054744994,0.21257451022060522,0.1068569177631397,0.09655493662450298,0.07803466628029361,0.1335473807131123,0.06860237845823426,0.08976695125238153
0.1327804695744556,0.11946455647871516,0.08025827063916208,0.09592611165552833,0.11849859156154434,0.10691399032922833,0.1148452291828842,0.12080350042382337,0.11050928015465862
0.07971977340873404,0.09296669594798317,0.009540450636758757,0.1636376795366916,0.11060944914776205,0.07405748715426078,0.22561277181299336,0.1175831661187199,0.1262725262360964
0.07488617495385813,0.11627314570307827,0.22088652233918427,0.1154538751613579,0.15665590268842186,0.0729537693820994,0.09937057554673305,0.06704982076632182,0.07647021345894532
0.09967635139317364,0.12037450033635151,0.11517389721366793,0.1511904315313631,0.09906677409114438,0.10656861199769385,0.1063277529976055,0.105229377971236,0.09639230246776416
0.0872731941895955,0.13217248816246271,0.14953449475699854,0.13079336731180005,0.08588356000569279,0.06949081144508801,0.17432964772312123,0.06770537124313429,0.10281706516210683
0.09571599883454568,0.12744763104097637,0.1287943867817864,0.13124001400533233,0.1338976124782537,0.08380153703447961,0.1036571456759295,0.0875723777257038,0.10787329642299259
0.1442248009730028,0.11476283059731833,0.04940064044815601,0.10594441028968106,0.12073867735522315,0.11972104752504124,0.10340808398470801,0.12522776746829714,0.11657174135857229
0.10512732837961426,0.1266799017872526,0.15037667865540014,0.10757936530539912,0.10674104653719413,0.09466341424230595,0.11676988289755658,0.09396973611364723,0.09809264608162999
0.07799485857916698,0.09996676394458422,0.03737009056431897,0.1415638400080493,0.21673135884753333,0.1268574668266428,0.06895188130232895,0.11844342926258537,0.11212031066479011
0.0853133892413578,0.10724636881662408,0.01482516563910787,0.1316153945433987,0.14705972143934978,0.08513122321284879,0.16765438097988317,0.13473953796261148,0.12641481816481828
0.1439887893333295,0.10923915588897547,0.14051828843423855,0.09995164409708802,0.08417880320458553,0.12669937720704852,0.08919054775625558,0.10368585885889081,0.10254753521958802
0.12339036373721927,0.10189183363507252,0.036860948145703974,0.11541247666659683,0.17930637663415006,0.1280438415028675,0.09465157037951444,0.09673175510692733,0.12371083419194817
0.09959743568704686,0.11759787799613797,0.10809632052111902,0.14484291447072944,0.09232081328225526,0.1138317872514103,0.1097481232792471,0.10096164763207464,0.11300307987997943
0.09933254721794817,0.10181138954241452,0.1605919144529129,0.1273322967795384,0.1286114674301632,0.11898582472477925,0.08154935712038296,0.09366994535253535,0.08811525737932535
0.09106720475679614,0.12319752989903017,0.18855040036618634,0.1153577178841349,0.10757546231607489,0.09920110282897854,0.09953378012775954,0.08118099699149728,0.0943358048295422
0.17623192391782047,0.10338685576245153,0.14359526157475958,0.06868117051175497,0.06375275400357128,0.12425647500674995,0.11345116300408226,0.1013767431730866,0.10526765304572334
0.09483822588860392,0.11564076954129404,0.04490152924265648,0.13866933418568542,0.1778961205720532,0.1004190669002904,0.09427013477239071,0.11664147468258763,0.11672334421443809
0.10160340804913325,0.12498987949706332,0.13097195246150178,0.12450665187385752,0.113999974758763,0.09448676594392681,0.11748845444875818,0.08903212547830235,0.10292078748869367
0.18098497456938634,0.10788261820334921,0.05685137792473624,0.07945638471985374,0.08322697896796058,0.12331745390985988,0.1127494413151345,0.13725584074396768,0.11827492964575177
0.10010499602065061,0.12078772862223626,0.0822096178621509,0.1428581161335291,0.12005650805797947,0.11129437285484405,0.09843382193230936,0.11075114044034168,0.11350369807595846
0.15472850087839862,0.10704830852360735,0.06274579143586571,0.12184043347523836,0.10704382994184113,0.11704068929704033,0.09961421814904842,0.10849195870797364,0.12144626959098642
0.12546097982457163,0.10646462665035106,0.23807011169439793,0.07510085219753301,0.07248616087779867,0.11835214464855355,0.08719579139356139,0.07707694180630083,0.09979239090693187
0.12915542244084988,0.10932847537001865,0.14711931652218072,0.11260639371565768,0.14141918799102815,0.08978962727271493,0.08514635304020364,0.09093271099169442,0.0945025126556519
0.14056116287309475,0.11757283854655276,0.12764043422774393,0.09644936030345685,0.07823868950969133,0.1162312716914361,0.10323922490113274,0.10835974707225926,0.11170727087463224
0.07151594199435,0.110977094622554,0.03492101075090562,0.20466902286273592,0.08541312806633876,0.07384562176832758,0.1303905279588812,0.13571482192511913,0.15255283005078787
0.12154136584987944,0.11843331626599891,0.16635526284289617,0.11269835098694582,0.06212029388223101,0.09923251296619547,0.13773833772038735,0.0857665367450685,0.09611402274039736
0.10391453547555973,0.11344282499209717,0.11780886390567265,0.10692339534541,0.09719767525634149,0.14447310626782522,0.08032446616657689,0.1147333308017483,0.12118180178876863
0.08025250786571717,0.11863939751943801,0.048745440640992926,0.1489040314423501,0.17682314753239825,0.08586361059503127,0.11053692045084255,0.11833904325859447,0.11189590069463523
0.0897166585753389,0.1163224112880102,0.10658015523366461,0.13922577321497423,0.15844587952398514,0.10273712741721719,0.08076147087427137,0.0986083656732747,0.1076021581992637
0.09874147370811864,0.11082738293806993,0.118603738037669,0.1224397109012989,0.13836531338318572,0.11903782547148356,0.08681652909545412,0.09902027747687452,0.10614774898784556
0.13997588813286366,0.11089097272932806,0.10178610036057816,0.09308489796169343,0.08449895073583459,0.13520305544528877,0.09074461618624417,0.1258849874121003,0.11793053103606892
0.16465698970768622,0.09649956625321844,0.07055871920594563,0.08914476850268742,0.12502142087570922,0.1336146384387672,0.10145805980144064,0.11638881169081704,0.10265702552372817
0.12762890855567108,0.11010943362198283,0.1873864583185613,0.05259608415583647,0.13665045186732533,0.05211535331595709,0.2036887119160972,0.05666653334468674,0.07315806490388199
0.08492881751912841,0.10621406808357921,0.05700781447184359,0.15003350198183582,0.14379450613473418,0.13105119760063308,0.07644766928818268,0.13739801984855105,0.11312440507151188
0.14369983518177962,0.11465096417005109,0.14861345314705135,0.07259346822737094,0.07998664634415456,0.11731769484246139,0.12228440489934539,0.10179654256058827,0.09905699062719747
0.12488422176454904,0.1031474605046444,0.06082022393237607,0.08697729522050007,0.11245077648961643,0.1284908606691683,0.11457302946830088,0.1339535929508004,0.1347025390000444
0.09497208977747496,0.11303247673812689,0.19496819656709705,0.08987156450886187,0.10489978590259852,0.13039100549345747,0.07222832993115398,0.09975933521516017,0.09987721586606924
0.08897425292211031,0.12070553223512603,0.10016141735145045,0.16056724636203204,0.12070867008565069,0.10386103909542171,0.08596953168719389,0.11515899498266663,0.10389331527834829
0.13370379609435995,0.1138755082877912,0.17555593529915317,0.07786932887616183,0.07093231020969833,0.11590872127322689,0.10801568547100898,0.112190018085835,0.09194869640276465
0.07717947256982698,0.11709114520269147,0.10050541540202025,0.13285386344645114,0.18261465404748733,0.09184912191025119,0.08391503158696784,0.11286487979658906,0.10112641603771477
0.11147120934613629,0.1183950236449846,0.16106334230859265,0.1062417511437435,0.10897766118740652,0.11101976869651893,0.09025495500701664,0.09087751479823365,0.1016987738673673
0.10304006975000037,0.13212728134238858,0.13138707077322373,0.10315371768398025,0.11437875380893048,0.07867442697779649,0.1600500913994177,0.07891909185819009,0.09826949640607226
0.16337611215846162,0.10772740599384023,0.15870569205175464,0.08863081221146958,0.06341826309618336,0.11071943194881255,0.11928440936119471,0.09242078097416011,0.09571709220412317
0.10287049979301514,0.11778558503788639,0.15263106604386426,0.12291793441428382,0.10192808338821674,0.11821893507691163,0.09470725239305167,0.0890228273672727,0.09991781648549762
0.123015924063137,0.10577250997116862,0.08937856571155788,0.08383147700581865,0.20059512630357432,0.09738641005015376,0.1027117492440634,0.09469078342156152,0.10261745422896494
0.12230492056343452,0.12921790784901577,0.1314062789783375,0.09053662693370006,0.09305940803976685,0.07851765136957242,0.1727810152205592,0.07856556999756692,0.10361062104804679
0.09026673468132727,0.11465850164706344,0.12298069220451054,0.09717933576471523,0.1380002616898189,0.10013560154173766,0.0796187928942552,0.10341957488398634,0.15374050469258543
0.0922051498235771,0.11713762630252522,0.06082561966114761,0.11522520092080456,0.12348612292181667,0.11703306944418153,0.09369888841696362,0.14297796614985817,0.13741035635912555
0.11597721400940159,0.11512889094652097,0.11035047784316475,0.126265727545749,0.08644102405364502,0.12042957151265173,0.10630459342330789,0.11636617926913523,0.10273632139642386
0.11263725937425195,0.12320217242520871,0.13980527030143722,0.130662249577798,0.07720404840317585,0.09068456433849868,0.1385990735904442,0.09913307737167938,0.08807228461750605
0.09987520373649457,0.11776196361346898,0.056696912984681984,0.15045996669661088,0.13983115127950738,0.10597304779572397,0.09816470084385082,0.1151485231027442,0.1160885299469173
0.0873033603157698,0.10529961349275903,0.1049568602006244,0.1350740182669116,0.12820968347816117,0.14695327452808668,0.0683513034285959,0.12331836321710422,0.10053352307198714
0.07984551916093917,0.1271477232928178,0.19854722857765741,0.13101803064704096,0.0898161768217653,0.07846622527858527,0.11745857673473369,0.06573722655480957,0.11196329293165082
0.09864025140142973,0.11984866106279579,0.1736611874719044,0.13268936128052988,0.08952218012744267,0.08374760522922879,0.1302774152890152,0.06934615232136883,0.10226718581628469
0.08994940613752749,0.12280522795907921,0.06541086008731054,0.15628690204179804,0.13612140880954596,0.0960044205662363,0.10094875630563553,0.11360115282570397,0.11887186526716302
0.09319633938350858,0.11950156310379674,0.05217312373336511,0.1336616966205084,0.13399682876871574,0.1014070475775936,0.10653527007653531,0.13276973795379354,0.126758392782183
0.15465322936057477,0.11651973023039962,0.08741637198026588,0.09702827998774333,0.09390427846267262,0.10795166283117852,0.1187770388896761,0.10175518817745732,0.12199422008003187
0.112550751553452,0.119968172899299,0.09180425821178788,0.12498424564246151,0.10780891401975819,0.11885413348496071,0.09095308755706973,0.127464196692646,0.1056122399385651
0.11231843400900278,0.12278519776510353,0.17823689762140482,0.11505172584961874,0.06425935109721716,0.08660180231312103,0.1509445829228632,0.08090154082485285,0.08890046759681587
0.0964016363757504,0.12113886984521367,0.06497227222240165,0.146718251703343,0.13007808683664424,0.10341824288311456,0.10356482686977804,0.11682486955287562,0.11688294371087882
0.10366033015488234,0.11132711165168997,0.0828276301218875,0.10495017644112369,0.13558063316058858,0.1198292297433133,0.10452321517018409,0.13010533633939544,0.10719633721693507
0.17069043091277378,0.09411269869771151,0.16650351485757128,0.08254652666144317,0.04852969586884313,0.10764728874271401,0.12576037329427445,0.07807727036231372,0.12613220060235486
0.08489016216976707,0.11063989666887246,0.18160330642131883,0.10643771613938986,0.16840286772139032,0.06435017706426792,0.1410712580768931,0.060801346151941195,0.08180326958615923
0.0823530261527172,0.12969214187629138,0.18051289990756247,0.12419392462630217,0.08559695919470518,0.0786455060812427,0.1608468513861608,0.0684855716576267,0.08967311911739145
0.11147141599893902,0.12309348962524498,0.13342884333532684,0.11872304919662112,0.10087551205222012,0.09504338124115237,0.12085039043590647,0.08636588766534127,0.11014803044924777
0.10102288202137666,0.10245428835833259,0.13307675514003736,0.07087333326990494,0.10681161704254415,0.11454252119831067,0.09583704651475132,0.12388978307591743,0.15149177337882488
0.12076393601187192,0.10946455428205874,0.06966881940272336,0.10888238627073281,0.08891299798454955,0.12492964427504273,0.10980397374091899,0.14867839249519943,0.11889529553690252
0.08532455922204074,0.08476342670440969,0.02870640801509368,0.14781243646236494,0.2055820882279851,0.1270277045638828,0.10362298700163071,0.10973063211238782,0.10742975769020446
0.12217677686957022,0.10538625999863131,0.15807327328523446,0.07162411045696924,0.09599470449346788,0.1455821239740369,0.09237596440411432,0.1067800805066389,0.10200670601133675
0.11108590885543645,0.10657141816603131,0.14860346655584122,0.08012687923541355,0.09596827942705514,0.1291734391323062,0.10632262530309361,0.1140163309188687,0.10813165240595383
0.10302190101496693,0.11782994527603335,0.1599520502467785,0.0708975391419324,0.14115020616961096,0.11045427131074366,0.08871635674330779,0.09938238326702353,0.10859534682960297
0.07437900046464689,0.10207413105638628,0.10698502539131154,0.10430480691014994,0.2703077026972846,0.08972828773985005,0.07559297908857693,0.08757470048933984,0.08905336616245389
0.1330666647604386,0.10521597398122329,0.13920692915495686,0.06556998175376864,0.06985718211333587,0.10378766020346204,0.1510782503717594,0.13200651944303213,0.10021083821802314
0.14408672869716707,0.10546721484055448,0.10121715093192613,0.09669943425145272,0.0677268793279019,0.13737645323521405,0.11718218411340436,0.1020166635332213,0.12822729106915806
0.0958706453907952,0.1261128968722874,0.12435785673435386,0.11880397139066197,0.11777661692285768,0.09461991487923062,0.11787211869743802,0.08007780662752255,0.12450817248485253
0.12720355849019108,0.11488633413713506,0.11616006055288057,0.09953409854294827,0.1209439627428553,0.11996680886334343,0.0818804797716257,0.10634312901821956,0.11308156788080104
0.10380549523410487,0.11250177895889739,0.2332982586844573,0.08925749355493946,0.09217660197021477,0.10073824264823718,0.0865944705730022,0.08243697360167092,0.0991906847744759
0.08860380079064896,0.11544460531873067,0.08339406210627538,0.1511943224010486,0.13679977731610737,0.10704853622096933,0.10386030798949818,0.09153945854491002,0.12211512931181151
0.07734366134953784,0.12836827475468846,0.18489180814007877,0.11105624681662761,0.10706536313979491,0.07992760886136716,0.13035799762644554,0.05638166942585935,0.12460736988560035
0.10873961856791502,0.10402395507067376,0.1912721355591603,0.09059078554701155,0.08431717905290242,0.13764132904431003,0.07932431023251083,0.09717788868856388,0.10691279823695211
0.09280878006176528,0.1150225679158808,0.11785666822780809,0.12273724005846826,0.13079369125148899,0.12241610532310647,0.07517773619550737,0.11232952784709664,0.1108576831188781
0.15704939257189288,0.09229878177003119,0.03694876511234557,0.11534635695544138,0.14458235047053578,0.10505655500300815,0.12424780314604834,0.10739587800368715,0.11707411696700963
0.11194719357594601,0.12225159676315332,0.18896227847202063,0.1017861447755718,0.09788224611743492,0.059435788139833336,0.16955915434890104,0.06138325224889276,0.08679234555824612
0.12822488776328023,0.11902299486986245,0.07095423544282554,0.09113902797981048,0.1234192949133992,0.11688233134584047,0.10105205044827441,0.1166974538893893,0.13260772334731785
0.10501802939971956,0.10953667312983983,0.17850728010875705,0.09290460004919719,0.09837034034794527,0.13456987309596422,0.07523738624294164,0.09632580660702932,0.10953001101860593
0.09149177046783337,0.10543924474682509,0.0839081295587165,0.11231942558960799,0.23422100795294173,0.10232179313702554,0.08057311551954568,0.09385034635655298,0.09587516667095108
0.09273186335369038,0.11871719614534366,0.11503813815519366,0.12948410501751828,0.16529585054468846,0.086493560376793,0.10316618425067854,0.08283090467968451,0.10624219747640958
0.17744666465583428,0.11164068233586744,0.04738344613243566,0.09823804494739048,0.09398158651886353,0.119628850710299,0.10361705605925105,0.1306188565188436,0.11744481212121494
0.14888307043817833,0.11737746668509481,0.06105262072661912,0.10221738378509508,0.09601045561856865,0.11319531549199534,0.10151110532883512,0.1255571362026739,0.13419544572293965
0.09549438711941932,0.09418348037649833,0.1743825856717062,0.1060597119506335,0.15805654039461547,0.11513473038272022,0.06935349266504255,0.07857403129454,0.10876104014482435
0.12317090107522155,0.1195811523617199,0.15052535377576173,0.10523201858647502,0.08478228488005757,0.10848569567663306,0.11988535378497304,0.09696173959671624,0.0913755002624419
0.10308563330136361,0.11359579452921907,0.14329604361113246,0.09151642777303838,0.10973647555840532,0.13537396994760437,0.08752112764977436,0.11278018328529298,0.1030943443441694
0.16448702582707617,0.11330511213799495,0.10202129720483925,0.07834977450088311,0.07272500387874031,0.13083309299111393,0.10941728110182518,0.09664605555528222,0.13221535680224486
0.13240180885666986,0.12193837384406285,0.17713587678928325,0.07971542582795339,0.09086151974502014,0.0856880562665608,0.14258999398736244,0.07995146989974537,0.08971747478334186
0.1265575591861479,0.12634767253267645,0.1974543217434118,0.08035288949073288,0.06047824107009406,0.06478167027172049,0.21241269840656649,0.059694376053830545,0.07192057124481942
0.12384394893757251,0.11941721123617528,0.13617156917959883,0.10381208508771823,0.0988105415058584,0.10921041074544557,0.09785474861206866,0.0980251768363557,0.11285430785920673
0.11327629453626338,0.11667486673196166,0.11775188675081015,0.10997377092384125,0.13526699575552456,0.10135668746091914,0.0971956817039415,0.10114726454140378,0.10735655159533464
0.09356035642354703,0.10558367965513628,0.04024411519487749,0.1458890815687047,0.0886216161742288,0.11822072752318487,0.11701363845103414,0.1492827379334031,0.14158404707588348
0.10048202593192766,0.11895179101153125,0.15547553375357923,0.13390669519723405,0.07701196707114943,0.11153964824226499,0.11030294612147418,0.10214018391401074,0.09018920875682841
0.16241102167577467,0.1109613466308728,0.11583873936933908,0.08615674635250965,0.06464180687251116,0.11878706519411893,0.12290075184440523,0.09524131766018461,0.12306120440028388
0.11057142400556219,0.1127496637197779,0.20445092030000922,0.09196370402640319,0.09740271984405156,0.09607200042402299,0.12164302541334339,0.07537488354223772,0.08977165872459175
0.0924933723636837,0.12126329053558275,0.14048632828315857,0.13638657702176207,0.12426550977314503,0.10645591349394316,0.08284838283778923,0.09246269550586006,0.10333793018507527
0.11016744439920012,0.11891193363459514,0.2014789506136153,0.11958609390092034,0.06704492173806491,0.08489926969321919,0.14192370609292204,0.07402686974869228,0.0819608101787707
0.17422705847759745,0.09977899255091206,0.06939184355585801,0.07897797905181601,0.059260438928323556,0.16104142072496172,0.09849553957988966,0.14870184345306978,0.11012488367757182
0.11868967194872519,0.11008733488289925,0.10813374331090232,0.1203041713198526,0.10760332462201276,0.11494879439100499,0.10385644233511043,0.08996581222572031,0.12641070496377213
0.08407733052190876,0.11483934354562081,0.18778236822062933,0.12208299292611187,0.1416182759660817,0.09156005426085301,0.092011165341873,0.07415278721629871,0.09187568200062281
0.11351531211816192,0.11975711482097869,0.0797663042760264,0.11962259666761836,0.11105126009758255,0.09866141364663909,0.1312258421192379,0.09363014624028358,0.13277001001347158
0.11162025789052299,0.11950767139469388,0.07048379886206325,0.13805022484788054,0.07400930333149654,0.08647029009672652,0.17741389968189356,0.1179829023357631,0.1044616515589596
0.12924189922486234,0.11817350226491503,0.1708589683938109,0.08356640340912447,0.09199121154632721,0.11148735105145996,0.10058330464921089,0.09803184547648458,0.09606551398380453
0.10795501311429394,0.12341519520782795,0.17925875512482722,0.09550562385949389,0.07536157112489793,0.09832677799915607,0.13258762933820856,0.07515903270492591,0.11243040152636852
0.09119148856480543,0.11880274656409097,0.10696118116537207,0.15285122712694393,0.1045609147634566,0.10481269489955879,0.11761248649286678,0.11266224737796206,0.09054501304494343
0.12317090107522155,0.1195811523617199,0.15052535377576173,0.10523201858647502,0.08478228488005757,0.10848569567663306,0.11988535378497304,0.09696173959671624,0.0913755002624419
0.14043190783897133,0.11000586627940291,0.09391467067333233,0.09421008161894985,0.11547588816412961,0.11366283223961189,0.09998152053514313,0.12481836276762397,0.10749886988283493
0.14754662073080974,0.102539407965259,0.18182699715846273,0.06886109161537937,0.0581945460088955,0.1527558658344724,0.08512655305445677,0.10331233599836458,0.09983658163389998
0.11357963785683577,0.12414641600863045,0.1294806693677448,0.0858636832340237,0.11218268184121871,0.0935286473644128,0.13523391926414408,0.07615343259307976,0.12983091246990996
0.12576239880989473,0.10929813147723529,0.10920769231774856,0.13329999127617434,0.09497849797034147,0.123412469710049,0.09479381896839223,0.10918294607091095,0.1000640533992534
0.08489016216976707,0.11063989666887246,0.18160330642131883,0.10643771613938986,0.16840286772139032,0.06435017706426792,0.1410712580768931,0.060801346151941195,0.08180326958615923
0.1804487232803124,0.10477127450951908,0.1424621137336046,0.07225450445969926,0.06617063549324974,0.12229677783846632,0.10676547777247618,0.09626301463813185,0.10856747827454054
0.12598870171397966,0.11505168079442535,0.1383791880887946,0.08116346250555419,0.07104879451430544,0.11519205403994094,0.12636682536271415,0.1229396664660241,0.10386962651426164
0.1108402580330638,0.12255094645056008,0.13089353130903714,0.09016366399637137,0.15046441882879155,0.08892978206616575,0.11576552076853673,0.0896781358223468,0.10071374272512677
0.11216396089856849,0.11320632184971137,0.12148238281875441,0.06154357344567024,0.17210708982240633,0.0672832057044323,0.15371158020604045,0.08179044953260405,0.11671143572181238
0.11143486244529859,0.11717295958689565,0.1895142534199512,0.10585575851848117,0.08005366357717827,0.11049957602903687,0.09947506343891561,0.08549854749654888,0.10049531548769369
0.13727009903135554,0.11309114892676393,0.1534976598511162,0.09074201050217297,0.0742221169457685,0.11941799249842831,0.11181516640318177,0.10718352148895223,0.09276028435226058
0.0982734323205982,0.1256774649665969,0.14126106313844772,0.1252979780545295,0.09631332631171059,0.09832552317854854,0.12768440426545466,0.09159165068743037,0.0955751570766835
0.11577062078688788,0.10601379694983133,0.07350456919177913,0.09426145619221234,0.2051562326431623,0.08743380874489524,0.11910892086686022,0.0999056736511497,0.09884492097322194
0.11330523176858626,0.09987409624913218,0.022398605326968007,0.14312642214109347,0.14390184995163458,0.08507584799581126,0.1514730201605575,0.12204131074851109,0.1188036156577057
0.10561410014473187,0.1256843188467452,0.1952133510333615,0.09835203198775,0.09727011184980898,0.08248314070176498,0.12012220981326283,0.08181433741354428,0.0934463982090304
0.09432763453182375,0.12159478134602965,0.07356190170658242,0.12357165485394549,0.15615212412802457,0.10498944127131327,0.08955823629359855,0.11792623539632624,0.11831799047235604
0.13871061207063187,0.11633246741069847,0.12069859811275785,0.09957553690691916,0.052632553256405624,0.09828447780445408,0.17235391844338432,0.10526154785158216,0.09615028814316647
0.1674229347172259,0.10010156008496042,0.2375164348699269,0.06272855632478327,0.0525541180558707,0.10137319728771227,0.11433448124303591,0.0718278356230506,0.09214088179343398
0.1137779554940515,0.11036712572322249,0.08206113039091012,0.1131988421636766,0.15072869812886916,0.1191894345102884,0.08986695707863192,0.10814481657900894,0.1126650399313409
0.09092641203879791,0.11982319429694976,0.0889353102167113,0.1528664282616594,0.12972422860619154,0.10590682082433021,0.09578575801278877,0.09974854990500363,0.11628329783756741
0.08984015975743113,0.11399050322184238,0.0700452346762153,0.13536581153062058,0.14231072048977186,0.13295483761233698,0.07656176435814767,0.1266633482370661,0.11226762011656806
0.11657389212671825,0.11635832728845337,0.14588399159871132,0.10549932452536143,0.12265224382427098,0.0847494844286595,0.13349063299976394,0.09199900607025276,0.08279309713780854
0.1326836466554283,0.1136547456923536,0.11906122193104329,0.08783286603061101,0.12211840321395458,0.12282084316785095,0.08682386549253895,0.09996219737419636,0.11504221044202305
0.10050593545922787,0.11491216254822807,0.18345160881936828,0.09061351259034334,0.14085388591159245,0.09552157851470233,0.09120831828853972,0.09075810157667519,0.0921748962913227
0.09113838099582942,0.11524938129820687,0.10611746182405657,0.09949708279007174,0.13479677775858867,0.11817264298161427,0.08615862260257416,0.13082516681788223,0.11804448293117605
0.11022517303654748,0.09739687948819846,0.1385660667942031,0.09964405730618923,0.09993943788331727,0.14662967181238093,0.07987100882002109,0.10128784567514497,0.12643985918399744
0.12050148508642271,0.1100207131971429,0.0422877162079208,0.13280759399846834,0.1671151107311537,0.10013281716232059,0.09949580209596093,0.11323497444781265,0.11440378707279747
0.1259070447899433,0.11813094999954893,0.18035256324392943,0.10604024929956686,0.04591288397417109,0.07270842957409075,0.20050524508727338,0.07173561246854106,0.07870702156293524
0.09494400310021232,0.12444849801729409,0.21953862625394338,0.1057052975666537,0.08215594766320872,0.0841734191270918,0.12833334432906604,0.06983629749721092,0.09086456644531898
0.08975984756953319,0.12473046107038842,0.15438061675784723,0.1451119587161108,0.07182381720392601,0.08419462086043876,0.16750957966175925,0.07644927066623645,0.08603982749376
0.08750280226257541,0.12402270650009174,0.1433157163974806,0.11625567427587957,0.1586855847630079,0.08721804307534271,0.08482390318290456,0.0936656497360982,0.10450991980661929
0.09413059886355381,0.1274053339634457,0.16389752978417568,0.12818077650498425,0.0773780532478168,0.07965934215479954,0.17029821313544677,0.07813172706985527,0.08091842527592204
0.10738697427730916,0.12603712051481228,0.14709101078222395,0.11271104604358972,0.10008276287725414,0.0690015599354739,0.17013432353063127,0.07877808884789662,0.08877711319080901
0.08241076308769858,0.11256420195916945,0.06163275697691062,0.129469989986964,0.17236973868907865,0.11563918924628336,0.08178114706948396,0.12920196910318374,0.11493024388122765
0.1628586430922576,0.10446827819920773,0.10394867728824704,0.09312216899513227,0.07355205597146468,0.11694905572129018,0.1250206244032802,0.09876409863466525,0.12131639769445501
0.08974940891756827,0.12228188246450496,0.14092785111223924,0.11526973397868097,0.13427793704294275,0.11250258341845093,0.08060284420470816,0.09663165264081269,0.10775610622009209
0.151274241030933,0.11628285825388278,0.15605949919993337,0.05859590750521909,0.0865014661070136,0.07673651949859545,0.17480822787935704,0.09033087939797019,0.08941040112709547
0.1126997610429357,0.11067579662270481,0.2642481487559785,0.08842368228836193,0.060428327625698254,0.1001841942706103,0.11021509526802682,0.06746136099233464,0.08566363313334889
0.1310755835322246,0.1085648069430748,0.08324432727295054,0.10982258549052225,0.11231323813106964,0.13890126041235437,0.08872951807927787,0.10154681603574123,0.12580186410278463
0.08812127281897127,0.10522772324686441,0.10672690177858658,0.13469849880022003,0.1432695686500245,0.13174394299267894,0.07995802473170542,0.1071384886293289,0.1031155783516199
0.15450806627261227,0.1057639991631717,0.12409743030620768,0.10492872972905233,0.05261663898964814,0.11679365165347717,0.14240194479471155,0.0977510937647722,0.10113844532634696
0.09206788033246854,0.10903624506947486,0.03670342282261599,0.13660520873927093,0.20054694818039062,0.11557491352783385,0.08002017379739551,0.11226694349467521,0.11717826403587456
0.10331528694538487,0.09638062700419854,0.104631131359238,0.06981783788578406,0.1240920365131269,0.10707576172305623,0.12756051110247252,0.12604693386911936,0.14107987359761956
0.09234724797467501,0.1162447055080391,0.17480943406973407,0.10680557525937211,0.14954995790035153,0.09193856232956261,0.09110127690257537,0.07494299694321759,0.10226024311247266
0.11902370270840852,0.10389073666004316,0.06352924512490303,0.14029753389167657,0.12423906756382352,0.11882867754215448,0.11004661108957654,0.10598658419722307,0.11415784122219108
0.12001711100832015,0.12301603224739098,0.10116087117569426,0.11801510958418181,0.098597870314605,0.10681019038562183,0.11452320781276733,0.10553155228629041,0.11232805518512823
0.13409823281095437,0.10958383624147101,0.1499135525028052,0.09042972882611279,0.07808819171158517,0.14022434240262505,0.08427329490856898,0.10291051327280341,0.11047830732307411
0.09537547060023938,0.12099383817337557,0.14575965405456748,0.1317872537554858,0.09607127484037921,0.10798143253489804,0.1013209208970385,0.09918078389331757,0.10152937125069834
0.09726518286388612,0.11529982599356102,0.09551371960942467,0.09802656815789575,0.19549581263744772,0.10050666017782438,0.09573591357118975,0.09641354160989847,0.10574277537887217
0.1008528769018443,0.10017090099337643,0.030196058065988195,0.12422115613705041,0.1123010306802776,0.11505280099519459,0.1427561959858639,0.14298771679122993,0.13146126344917472
0.12068493258480491,0.11030749169246466,0.12700993027671595,0.1043231099191181,0.10439523300259168,0.13934841488295502,0.0779283986145169,0.10249079746005955,0.11351169156677325
0.09672153926751566,0.12568314708704217,0.09190012977062689,0.11345698592602871,0.14369936880243897,0.09813636209904975,0.11713525043169774,0.08940979640960245,0.12385742020599756
0.15436688525984646,0.11112388878259405,0.07650827867458913,0.10159925741903565,0.11326786447575217,0.12769761900062296,0.08395885816492483,0.12177451614316609,0.10970283207946867
0.15630051155689137,0.09861779874647418,0.12200493427536685,0.07779828117396388,0.14249323834229558,0.11238413862411911,0.10101518545745819,0.09629178297396156,0.09309412884946931
0.09928163091233866,0.09511481346544144,0.02420821979726905,0.10334602488917731,0.08088235698564773,0.12866477795872594,0.1782641972545882,0.16256788916328793,0.12767008957352377
0.08623986853104516,0.12487527011300632,0.160945834147148,0.16956792866298362,0.07405206689271515,0.06927494434827401,0.15582103625856789,0.07320918876861036,0.08601386227764952
0.1832755732581146,0.09951990748980966,0.08027581728739167,0.05658517832621163,0.08543605956086865,0.10817524499067217,0.152527778574581,0.1292387446712901,0.10496569584106047
0.08440911321199378,0.110042322172822,0.08753040613840368,0.13705160001058747,0.18235464087724287,0.11701860630488582,0.07204407829025646,0.1034711233934748,0.10607810960033315
0.1346864561921619,0.1097822520709671,0.0932382886944043,0.10382481895860672,0.1417511875312103,0.11699240203981676,0.09229889153174421,0.09448478465789019,0.1129409183231986
0.14052364310276624,0.1079988495128003,0.20103211257095763,0.07586180222861309,0.0770061595805648,0.104587737026736,0.09895726914279224,0.098458421587587,0.09557400524718272
0.10184336000885652,0.09987881379971514,0.03329613284533194,0.13427146016293903,0.1523785587536913,0.13566484100245102,0.09261428543023194,0.13213692663414014,0.11791562136264293
0.12848288272447497,0.12425306107264245,0.15441751700464681,0.08145243036772444,0.08782312711615836,0.08447473827529861,0.1610960952569424,0.07564557432555118,0.10235457385656081
0.125977173094852,0.11900904789843658,0.05737232491202556,0.11624169537164651,0.1318196170181727,0.11603406880966416,0.09603800428435537,0.11516067104196137,0.12234739756888567
0.12612965481091096,0.1013858740322698,0.1558847165326427,0.07871852626486454,0.13841833856368624,0.11571801716003917,0.08918303164258103,0.08982875354465707,0.10473308744834849
0.17209121031657815,0.10578108893391107,0.15050772490289388,0.09336237056449188,0.04741497208131721,0.10749477632239024,0.13202480970526503,0.09350978629653478,0.09781326087661775
0.11603256055974981,0.11509617847133054,0.09858541739900184,0.09840298155578914,0.13539342818904596,0.1273831902057519,0.08516821201565739,0.11608856970735476,0.10784946189631868
0.11485229587482747,0.11276377495865136,0.15350391266396687,0.09809407391602465,0.11852566065303856,0.10720714613120623,0.09538156716101735,0.09515570785485106,0.10451586078641646
0.0950138613958818,0.12315688167262118,0.14016740703078565,0.14558367494573907,0.08180143681572953,0.11711316684816098,0.09884986829023551,0.1023484437922454,0.0959652592086009
0.12039474701640313,0.11894961053009699,0.1213193647541717,0.10833677259930034,0.10497061567952078,0.11698257679468178,0.09548113052479705,0.10301792092781188,0.11054726117321628
0.132327507142159,0.10838344349386353,0.10970598724644115,0.12439456581340697,0.10192027514567652,0.10214812887950588,0.11216012179118162,0.09429706033532947,0.1146629101524358
0.16491476052213175,0.0993930343136511,0.1479374718676963,0.0828629669623407,0.04770089252037216,0.14982309553257991,0.10262051253595328,0.11267384525321332,0.09207342049206146
0.11820090149806262,0.11225768840696336,0.028875101669028302,0.12303611968766603,0.16490177643622297,0.10473275744890838,0.103921539200084,0.12443854404099042,0.11963557161207389
0.11997018004721706,0.11559392483900484,0.13885914154149767,0.10137055348587064,0.09008894096583869,0.12527430425983668,0.09113963832994655,0.11136369323795936,0.10633962329282853
0.15797050261976528,0.10632048442434723,0.0905207898581429,0.09697427464265516,0.12581632349501184,0.11735730849000801,0.09628662581052067,0.10127882239917009,0.10747486826037893
0.10041317440983698,0.11995596800151558,0.14608007432175074,0.11785423375311249,0.13135181142813263,0.10964571681642364,0.08249671319360331,0.09184171913066497,0.10036058894495971
0.16350495139971627,0.10995525885624809,0.09429407266882035,0.08835338743807876,0.08056672278651811,0.08545365044392433,0.17439414403121822,0.1110836142502916,0.09239419812518433
0.1458661631550551,0.1183780850460772,0.13487355556482095,0.09657439129791993,0.07954978017342622,0.09940729020791966,0.13619997840704953,0.09920463025187316,0.08994612589585828
0.11652610718982441,0.1140509198775674,0.2059073600980231,0.08991241894489531,0.08666294458150493,0.107758623331886,0.10104568220624029,0.08775778413058155,0.09037815963947704
