0.10927263525334567,0.10473661694114056,0.18795627553615876,0.09196812238199274,0.1029929700885912,0.107778549727568,0.09579604929105368,0.11013422034320297,0.0893645604369464
0.10279915249625061,0.11656082552130664,0.2596606910727546,0.11823987130734126,0.09889677870910864,0.09669297632448448,0.03776627160635645,0.09477291475478067,0.07461051820761679
0.11259978911457581,0.13125496926471414,0.08934925286027151,0.15102178055516263,0.12066289508030333,0.11369907990702632,0.04459290248035164,0.09986953501643166,0.13694979572116292
0.11428569338449389,0.11528176638548564,0.1917517651783273,0.10126692492180948,0.11174175682250487,0.10016823079673677,0.05161854869888391,0.10759692284135025,0.10628839097040799
0.12194164173461781,0.10365155325670998,0.283348011172834,0.10928741732546161,0.09779805364901267,0.0975517197394206,0.010397697863587003,0.10265949789009388,0.07336440736826248
0.11360095333437632,0.13482470423557777,0.14299527726158748,0.1156010898346973,0.11524800129596441,0.11378686303697416,0.03161184876562237,0.10408670291722762,0.12824455931797263
0.12005805305757707,0.11224661063331885,0.08479477910300331,0.07869752278422848,0.11271047978112027,0.14805786915594032,0.09971603953007295,0.11517570442543866,0.12854294152930013
0.10729747650816317,0.107192295525252,0.07064337366482712,0.07916398680400172,0.11406224577244096,0.12392238035467436,0.1430754019266737,0.11080768702482835,0.14383515241913858
0.11646141460464556,0.10665384757716605,0.06557596899206482,0.11191506355740226,0.11459890609660306,0.13681249454322778,0.10627996524084397,0.11619145230099463,0.1255108870870519
0.10303660702213284,0.12343046619576836,0.22785847670054005,0.10617494090494184,0.09501076050058584,0.10707761231354036,0.029327180519129446,0.09287975362955736,0.1152042022138039
0.11116295480059922,0.11740266849479149,0.08014696028235342,0.12276986461481025,0.11597298537062402,0.12100355764077912,0.127776636338665,0.10404001624624672,0.09972435621113064
0.11609654010733073,0.12266087432916517,0.13923206080713166,0.11915894937035702,0.12595892629986263,0.10023354184344235,0.03845528672256495,0.1079575178646434,0.1302463026555021
0.10833483087659394,0.08201675447550737,0.07078226410311071,0.08417849470392808,0.11435350126797449,0.10919152657083304,0.22845332101148863,0.12621661685322835,0.07647269013733547
0.11367399270429339,0.1236276821118965,0.08434467871944673,0.11582194725335278,0.11348696198222115,0.13128070562170904,0.07743957925284313,0.11045209361223762,0.12987235874199968
0.11231398500745741,0.12822341765119413,0.07355094737952132,0.1453169336395431,0.1272709975637386,0.11711453570799531,0.055614186002685084,0.10665224709310499,0.13394274995476005
0.10296033670685213,0.09541429861771782,0.06421696348501305,0.10178510903949382,0.1211874158488751,0.10643047887587526,0.1882389793147953,0.11231264231057453,0.10745377580080295
0.10750940725635644,0.11002801673472168,0.14346962583206072,0.13318764335953032,0.12520355471459466,0.09766805387754131,0.05805741298777329,0.11065031392598568,0.11422597131143586
0.1313947590876861,0.125876013800133,0.1447272517752017,0.09864976376743705,0.12389450818875247,0.12873338937738213,0.02298919069833739,0.11841636140923163,0.10531876189583854
0.10589482140006816,0.1255233729061348,0.2300460703411391,0.09301398511015423,0.0893089629185277,0.1098433753213593,0.030110140580463973,0.09267742870272454,0.12358184271942822
0.10817594799220183,0.10993805167134936,0.04404825718215278,0.12360392327210318,0.12805120408875678,0.10201899912020213,0.14192946924243927,0.10548081681425205,0.1367533306165427
0.09637503429131,0.08529152888845426,0.3145349457866492,0.050656573656833265,0.06737572389182718,0.09744717394591947,0.030139833083462197,0.0963284559953519,0.16185073046019258
0.10558418207883818,0.09105414365399311,0.10997623755940622,0.11816651041692357,0.12263028835842844,0.10100377896442723,0.15621552542081815,0.1184792971654518,0.07689003638171332
0.10576393621249898,0.11076320145237158,0.32760531744623056,0.09476415858185462,0.08209398901840877,0.09667857426747967,0.016165121113617714,0.0950013185081151,0.07116438339942303
0.11958245082818997,0.13507255151875952,0.11518173622520288,0.11733503426272829,0.11377709177308241,0.134597562720968,0.05843874607902825,0.10630818649899683,0.09970664009304393
0.12544589782978913,0.12307439515771146,0.12492585437022823,0.10982341762264607,0.1263575816113303,0.12299026056779251,0.06887000111005896,0.11769690777669863,0.08081568395374471
0.11276174936176402,0.12848111493510234,0.1030878532496805,0.1217834439232036,0.11816551978642993,0.10560397095974376,0.05970144969766811,0.10082292731535158,0.14959197077105615
0.1172478339648727,0.127740199659078,0.1705354849172497,0.08290867860178608,0.09623714926775957,0.1335296934579573,0.035713603463641934,0.10758181001095886,0.12850554665669586
0.10933042473881233,0.10571975543507472,0.07829645507189732,0.15100948255902072,0.13496580580595743,0.11541097873121543,0.06276274668809727,0.1191563993309105,0.12334795163901417
0.11806603107816059,0.1370273188088091,0.15914937620937805,0.12965470408722005,0.11584698834526519,0.12261902812155319,0.017989231160788276,0.10174129244019126,0.09790602974863427
0.1167171671863446,0.10151847919251937,0.21781723531108954,0.06007042096845525,0.08034086492537722,0.15653759584702967,0.024609620058500824,0.1101383158545179,0.13225030065616555
0.11220050898436058,0.12255202031108021,0.09869882541861512,0.11662764100351129,0.12257991262834463,0.1094564061958216,0.07001059135781858,0.10686584519483994,0.14100824890560806
0.10574099068957739,0.10661666031232801,0.046223228934952044,0.13733278556372994,0.11978593930331839,0.11441369961844124,0.1706555931894592,0.10813089418537458,0.09110020820281917
0.11441439626018653,0.11424159786203358,0.08803563151236615,0.11755910096550966,0.12902796383459259,0.11776904569133091,0.09400405887350503,0.11377729257914809,0.11117091242132754
0.11970417597593201,0.12805399271076232,0.07508366073973993,0.13780437443478352,0.13137322842201704,0.12699009399288597,0.0541761389336469,0.1106481668516897,0.11616616793854267
0.1074041872116998,0.1058893163094952,0.05952174890868938,0.08790944744478207,0.10714620864287629,0.12772315932233222,0.1810123588346293,0.10733193657016193,0.11606163675533382
0.1345583039186081,0.11808953905323095,0.1674153240883375,0.06335577535155316,0.09520612562649088,0.14384112689522532,0.014614681595137019,0.12102051689912678,0.14189860657229028
0.1240921990883798,0.13848763671177222,0.1956464505983286,0.09405518213761198,0.1077275445377569,0.11447191960487325,0.01589034493747107,0.10594616559463053,0.10368255678917569
0.10151126049889918,0.08822753266123966,0.35472127251998437,0.11169397577002198,0.07214752621846775,0.09644927527817704,0.012759990895073852,0.10386137624015464,0.05862778991798162
0.10288795830965418,0.08696240874687768,0.05264483678747004,0.11305150718400381,0.12757986744772642,0.10530260800579588,0.20354830154130785,0.11026869684056606,0.09775381513659809
0.10548430185084907,0.1025034192941436,0.17187044327051726,0.08484752425213876,0.10073820806758056,0.10395610647212113,0.1104303121204873,0.10486296849876642,0.11530671617339588
0.11987854666266401,0.12077702091556068,0.06441646581439232,0.11984004840405997,0.13787650859742195,0.1262891055311883,0.053620727433572934,0.11605575217631096,0.14124582446482886
0.11247869593769537,0.10882088948000133,0.20930860024085476,0.09122784373971571,0.10744593619798877,0.1035482581905635,0.06981942583164256,0.10841255858809351,0.08893779179344453
0.11520478511905634,0.13386324155140292,0.21060424894700694,0.10647444420931214,0.10782064919144753,0.10925767066581245,0.02426290323482065,0.09708640303629856,0.09542565404484245
0.10326238813530537,0.11376195715713215,0.04283315192504255,0.12866127804169417,0.11883283328172943,0.118761383113916,0.14855137237743854,0.10392027260459219,0.12141536336314955
0.10795327365706138,0.1085458161967855,0.055777482676231456,0.10745085490771905,0.11850685990493932,0.11481989612262877,0.17411786838997742,0.10811444967736421,0.10471349846729298
0.11532195680743366,0.12586030887854036,0.15896910180600718,0.13272591763708164,0.11654118339776587,0.11648916866730097,0.037784375037157945,0.10728351353356132,0.0890244742351511
0.10843401138674384,0.10072856483101918,0.07191353093858673,0.10796583939869094,0.12831195439062854,0.11454094380202366,0.14182023959780896,0.11505023551906814,0.11123468013542999
0.11614939049275748,0.1360025089525537,0.1354871528191231,0.14029267013025118,0.11351698213440675,0.12215148269671681,0.01728804213056317,0.09952983696268113,0.11958193368094668
0.12220799462911429,0.1427196394503039,0.14167666249296526,0.11477763057504435,0.1172076113426737,0.11930100732704581,0.028666175204348176,0.09938897790146976,0.11405430107703478
0.11440251954704635,0.10609819803742489,0.15905411923574475,0.07464078059634204,0.10227327289762721,0.13700517752614927,0.08969198613837977,0.1137559001348592,0.1030780458864265
0.10843229315449622,0.08367227890746269,0.05758752161830344,0.0932313935684424,0.13138728023441174,0.10281724593962172,0.20813971517950428,0.12094144652057943,0.09379082487717809
0.11037949701810806,0.11816985378517723,0.22122192826983691,0.13336336604428053,0.11407015673183829,0.09085056798534141,0.02433399347713656,0.09797501421415729,0.08963562247412372
0.12062194910199493,0.12643118107303683,0.12359018031253323,0.11371409307201268,0.12719172816520422,0.11883851687616631,0.057284658595232164,0.10898089332762606,0.10334679947619352
0.109274633622317,0.10873903185879362,0.05094381574247884,0.13087749341286667,0.1180623371005608,0.11762830180316615,0.12283253108961541,0.10739326394878444,0.1342485914214171
0.11975059803344672,0.136318285803955,0.24188618097618111,0.10962840866866856,0.09452747125132598,0.1275044562886591,0.005625039654495502,0.0977171449904648,0.06704241433280328
0.10515029581146422,0.10840844659361681,0.04510504816772779,0.09281462272744895,0.11122606696500736,0.1366721251757188,0.17431937132559386,0.10980035687082866,0.11650366636259353
0.11291869968701466,0.10838440213413957,0.03950927062857578,0.10947378719852931,0.12845042659621983,0.12450839074175496,0.15147206141510536,0.11270425337826655,0.112578708220394
0.11780262510100369,0.12366042816735372,0.09353603164548796,0.1099048858908697,0.11468576370425852,0.13816849387035646,0.06696843481320731,0.10812996187856362,0.12714337492889907
0.12031729882783514,0.14604435584230244,0.0948242496899067,0.13853377527878288,0.12226807504113572,0.12708815665087989,0.029025168828362594,0.10065854188079458,0.12124037796000002
0.1256448127023568,0.11522871059904503,0.22161286206523403,0.07505958851372742,0.10336670876961462,0.12119048554308381,0.02697064575967215,0.11474518211673441,0.09618100393053168
0.1150513607899134,0.11046937234253788,0.2109749082034079,0.10926116574762813,0.10921414332199803,0.10314126975579703,0.04131831478137352,0.1105795124548441,0.08998995260250013
0.12052456356454333,0.11693437005089513,0.1347402028277452,0.14178490473795635,0.13404457327977667,0.10454483100814432,0.03271188643265602,0.1123895790766305,0.10232508902165253
0.11625515963995879,0.1270206074502043,0.08251019576688529,0.11732787008045381,0.12328776529050327,0.12783029831025008,0.0867383754860851,0.10889574437262813,0.11013398360303121
0.1138893402011923,0.11303146218321325,0.1476711602323788,0.13212407683731986,0.11740599896284909,0.10625645093449025,0.059680969789155845,0.10852192287086242,0.10141861798853818
0.11226120626815839,0.11714136827398751,0.11401169969537915,0.14152517158842245,0.12501962590611035,0.10687771957803223,0.0732039202867202,0.10969850117947345,0.10026078722371627
0.11567195308515969,0.10491662792464296,0.13597971358528224,0.10550125593557229,0.11646880219579021,0.12707543421243694,0.08811010252566208,0.12187012495867093,0.08440598557678262
0.11717088327458121,0.13199056502095544,0.09357610443535502,0.0855886533087511,0.12122294175967692,0.1247054537772641,0.07304698326722076,0.10480236500701458,0.14789605014918097
0.1122782314550495,0.09448956243740592,0.07416098705979707,0.08345329649269752,0.12265562641117685,0.10767060083586061,0.20027213478245112,0.11701081268923663,0.08800874783632483
0.1144589126965687,0.11643315308692437,0.11936301570916091,0.10757416034925917,0.12576916768385368,0.10519718122851363,0.06916345275992021,0.1106301835481341,0.13141077293766518
0.09901228440019412,0.11755947532615374,0.281414479442009,0.11828814213745908,0.08478478790208004,0.08892296948766122,0.01674895644947374,0.09152081777536454,0.10174808707960459
0.10794185717698024,0.12761620012266975,0.1292987720219371,0.12936517709005166,0.1133537829716939,0.10755048419744556,0.05236195590228415,0.09974797065085801,0.13276379986607958
0.1070365930708597,0.09766192488136127,0.04999827637344569,0.11434769589385829,0.1128916869139458,0.11511011006083192,0.17758308259679012,0.10311688684777248,0.12225374336113466
0.1188747051662326,0.12203868488087151,0.15739849166354383,0.08448520477854955,0.1105253908469952,0.11871708309944762,0.052134600216807485,0.10941879060160008,0.1264070487459521
0.11404933789615097,0.1194481440858736,0.2265486574257266,0.0845587520742437,0.0960119398690787,0.11154224433478398,0.0223506629522766,0.09854670067430145,0.12694356068756432
0.11237099039990507,0.11310750085443498,0.07486504505826581,0.12885365850153999,0.11867962812592492,0.12235296110157474,0.12091594218703616,0.11139700715591656,0.09745726661540177
0.11052968386543195,0.08599616491505017,0.22552868223109948,0.07022463046559857,0.08601871856470433,0.1252100524176841,0.0505328210185538,0.11697320333677087,0.12898604318510676
0.10582842280597642,0.12178570161090063,0.22961932802807694,0.11440024524303587,0.10293896545001151,0.08759858152780194,0.02815503195449494,0.09601991020216018,0.1136538131775416
0.11571480161557679,0.13589974844499905,0.1459170686338002,0.09375126598553685,0.09668858191309637,0.1358648571752468,0.07591821464189823,0.1025866717840596,0.09765878980578625
0.12267814832832107,0.13083822539918402,0.09668238081384373,0.10369882039127475,0.1026837910409928,0.16775974056956575,0.03410331145673796,0.10608361158884094,0.135471970411239
0.11873152792755774,0.13149015868425495,0.07090566853797514,0.13263812455764762,0.1206333290159181,0.13327788394435044,0.05150064949072131,0.10976173344758862,0.1310609243939861
0.11511060434309332,0.12946690623429427,0.08082811560903509,0.13920923518524367,0.12642407937316935,0.11669556886311573,0.05576827607166463,0.10638111050991124,0.13011610381047267
0.0971795609068707,0.09141614245406443,0.05086773711407025,0.09102295675108875,0.11097434150205349,0.11449437728025817,0.2404616381913339,0.10312707077190657,0.10045617502835379
0.1136603111350732,0.11933597856050693,0.2127149027016778,0.10033869328494209,0.10988952412911208,0.10183515551431623,0.0369079715960448,0.10130501746932159,0.10401244560900524
0.1078636551343642,0.13267689303365182,0.08232295068394728,0.14333076125141012,0.11308198365320683,0.11585476907902122,0.06456576200380183,0.0992060847747766,0.14109714038582002
0.11859086864790352,0.12352773193718493,0.044690993299216185,0.12323467996958158,0.12963020520084165,0.13809005456750822,0.10069942880272437,0.1142073867572182,0.10732865081782139
0.1263831076346378,0.1065417373383921,0.14862790145119922,0.08243676127265033,0.1258471344025069,0.11776677070029092,0.08483168701039523,0.12507183109530443,0.08249306909462308
0.11304253129916779,0.10737454400737577,0.03987521073463327,0.08940029948870605,0.12367820939184904,0.1274284088319827,0.1801643015836114,0.11508916419601352,0.10394733046666045
0.10404034701188636,0.10854701401493033,0.3016841353881036,0.1560930852967212,0.09118987959619053,0.09322596586604716,0.008891606916721207,0.08745210513737352,0.048875860772026075
0.11853745999664735,0.13899538575591056,0.1524299917623444,0.1168244498987503,0.11594140469470426,0.10960198376499501,0.024031851882127753,0.10369717142810579,0.1199403008164146
0.1008653971343193,0.10022540297373113,0.03450939919824185,0.12289529609647754,0.12367955772416424,0.10871546978743618,0.1665413416467615,0.10787233345601195,0.13469580198285622
0.1210577722776424,0.11213710374426744,0.07975501277446205,0.11606513129043483,0.1407072615809993,0.11294939836768637,0.06475837759139387,0.12195027835455197,0.1306196640185617
0.12374347966024801,0.13461183462166215,0.09043501610950788,0.08932413434829883,0.11355421220317481,0.13093089870086994,0.09323545694203995,0.112842978500171,0.11132198891402738
0.09264728871896787,0.09750255202946374,0.042019067829457586,0.13664098472056593,0.11187232920861044,0.10284646644356436,0.21381085075720616,0.10111778514568336,0.10154267514648058
0.10657163436051119,0.0978952995842602,0.03950405557645103,0.1396790833356646,0.13246931881234794,0.11062193522501862,0.14804108883116288,0.11470372425797731,0.11051386001660625
0.11218976650726435,0.09795392826444531,0.21412673018364556,0.0508149004872522,0.08930621434552492,0.12419210562322996,0.0877900062646108,0.11523714970438396,0.10838919861964302
0.10690992510400503,0.11017941592582105,0.14355602578229876,0.11954205142707935,0.11610675558935069,0.10927468312471679,0.08826818072511385,0.11174791275917861,0.09441504956243585
0.10258401997661998,0.08533895017499636,0.3616306898375566,0.07075108832436812,0.06816874710692021,0.09152838172647342,0.02019575023817744,0.10060070822832257,0.09920166438656546
0.133558152798024,0.1282854423228997,0.07393104678096594,0.0915450162962798,0.13367150350691537,0.1371212345853208,0.0509323347520117,0.12027883237146203,0.1306764365861207
0.12510807136100138,0.13227032476995837,0.12434255029331032,0.13570936536870903,0.1289310294584603,0.12987072169737687,0.022500593222460234,0.10593975471167154,0.09532758911705201
0.09070050166371424,0.09043149552191049,0.027323935204277255,0.11054209972796526,0.1047233181740107,0.11206067388884981,0.27536788202055484,0.10295998088510018,0.08589011291361724
0.09191361419114052,0.09081491666976034,0.0443121853686075,0.13557438491511034,0.12122748788486959,0.09003288590207036,0.21331612873481873,0.10205490809933133,0.1107534882342913
0.12030621743960664,0.09984425237962417,0.18507649981408833,0.07621067367606049,0.10078539068337171,0.1413354035089467,0.0678300143101295,0.12417086370624857,0.08444068448192403
0.11145693106593535,0.11714002888971076,0.22783074548759297,0.12100993262082411,0.09633124870870224,0.11890896297495468,0.017553551441031514,0.09781717702644442,0.09195142178480398
0.11941160345801861,0.10632003334158409,0.0495319100801242,0.10087974637140458,0.14247452443185193,0.11595717855226166,0.09784588935243489,0.11855844318496074,0.14902067122735926
0.10140712882190157,0.09832013372762148,0.05603186300694588,0.13252724626311654,0.11830258992768268,0.10987291838046019,0.17824117648700563,0.10813393726909215,0.09716300611617396
0.11176321674521254,0.111874483172883,0.07861933452610163,0.11404467692625027,0.1284335222650455,0.11563599580181483,0.1052247407073451,0.11338269727459106,0.12102133258075604
0.11166154695663871,0.11891206515335194,0.2085818675970775,0.10723645045817874,0.10321381354833009,0.1129117750596955,0.03633450179689433,0.10510038423825264,0.09604759519158063
0.11125206562633257,0.12757553549057443,0.1307511545357665,0.1288658642748979,0.12017032764100387,0.10609029025044629,0.039496860628331375,0.10418688288206024,0.13161101867058686
0.1105618962525678,0.11002709388863152,0.043921558206858086,0.10936763245537107,0.13162048721763506,0.10895022929703231,0.08985292664304367,0.1075825446245283,0.18811563141433227
0.10322602970844842,0.10490256777088758,0.05788885574658827,0.12115725637318846,0.11977975502970079,0.1226261631808972,0.15566993211423327,0.11341221665513325,0.10133722342092287
0.10151039492087727,0.10846368367720104,0.047381125367068504,0.13038560377535216,0.12135020241312101,0.10579959045187083,0.1456878860862437,0.10321272607405475,0.1362087872342107
0.10295305968382733,0.10514055989801797,0.05787336743939273,0.11154080900493414,0.10911224232556481,0.12278293400387806,0.16936988502991582,0.10539339360129661,0.11583374901317249
0.11254873397384729,0.12377547774933008,0.12947972729546842,0.09693237175343206,0.11477399527103531,0.11734094720844417,0.08661968152151178,0.10629110634524193,0.11223795888168901
0.11890584538419495,0.10764546064691605,0.1309753617594818,0.11086841461013204,0.12906594514272587,0.11313547397193564,0.08486629490581726,0.1194376767892417,0.08509952678955468
0.11929263242758507,0.12179141737240796,0.12405052291974772,0.10491790726092398,0.12612677119001692,0.11501072133383157,0.057652611520632564,0.11254692016204564,0.11861049581280847
0.11426094075034092,0.11010016160709257,0.20546495583409766,0.07835707519296288,0.0884747459258991,0.12993731768478126,0.033854723343467646,0.10809235424154628,0.13145772541981168
0.12455428878482211,0.14247473054522028,0.17306775854619885,0.08507634895503728,0.09261371048837386,0.15501871016556704,0.014342794146571488,0.10346970903597476,0.1093819493322344
0.11507891138819963,0.12557967168879577,0.2130683982394661,0.10266813471213687,0.1071296981428495,0.11554393074880553,0.03857752046133997,0.10561690242651255,0.07673683219189409
0.08437417719872185,0.08785003984111228,0.02963194586152688,0.09774011517777337,0.09618534896320953,0.10107817539170122,0.32774329832781385,0.09549802496317007,0.07989887427497093
0.11766468951468745,0.11969993196792401,0.16396556058228698,0.07377485948089069,0.10031677846870542,0.12927882220440012,0.09145563048470419,0.10743060423857898,0.0964131230578222
0.10352662502573577,0.12494315715221176,0.15647169092886942,0.11981499910986178,0.10752373465010721,0.09938780413711268,0.04945708802811999,0.09882295074554844,0.14005195022243297
0.12122665615754942,0.10972892979562165,0.11449216027371904,0.08936350284581011,0.1183501848422358,0.1155371165749181,0.0907478534014902,0.12582087550743462,0.11473272060122108
0.116020806250121,0.1346964488966573,0.16767378905739075,0.13069103346182487,0.11381773459793083,0.11831409990092083,0.01756109208226415,0.10478752474583786,0.0964374710070524
0.1104350257207906,0.11833618215295379,0.2721875957609107,0.1207926125504301,0.09873052984562412,0.09967011212985533,0.015249908065970938,0.09589108911130302,0.06870694466216133
0.11205353905701369,0.11665997848134939,0.12376219818646195,0.1320995011931291,0.11294580540192001,0.12336184884977974,0.07287585950533416,0.10811017647942633,0.09813109284558563
0.12089923219582017,0.13515287444827237,0.10159439816313964,0.1549772105337803,0.12000407267327244,0.12601034587593585,0.040751968665154924,0.10438087336244022,0.09622902408218403
0.09732553273436843,0.09180355164670602,0.04367920390961797,0.10670999134573926,0.10924532501506197,0.11624637335305325,0.21970280184167157,0.10467858565731301,0.11060863449646852
0.1351893227943502,0.13275039058604146,0.12565875354889966,0.08478158414474822,0.12454789115288972,0.14004827647417725,0.0356571956202844,0.12225172047947092,0.0991148651991381
0.11724793017999074,0.12058495378862559,0.23022981692050062,0.11874579979559241,0.10659595067786674,0.11004213201953805,0.01570713243308024,0.09965778223358417,0.08118850195122149
0.11590561196999334,0.11615085276608518,0.060877474934687315,0.11988140991235284,0.1294196134704129,0.1194736254804765,0.11180970823152221,0.11084827633058536,0.1156334269038844
0.1227300220320187,0.12128933594215192,0.1638240250424641,0.06856998566343499,0.10112661122286341,0.12342147701305554,0.06522533296808987,0.11602918410487217,0.11778402601104927
0.10743818468958387,0.11943545596578586,0.07023500330953891,0.13704583492095676,0.12036551628117559,0.11494229065108079,0.13363333291869975,0.10639229008589579,0.09051209117728269
0.1080659694461057,0.10969350966749913,0.09184742973289912,0.12143506720455738,0.12066777519372213,0.11057264385239812,0.11203865403925994,0.10970472137020287,0.11597422949335556
0.093579594055266,0.12029901981008866,0.2608184817385734,0.11393448191738338,0.08618561261385911,0.08841993428786586,0.029813733915903817,0.08809929164826434,0.11884985001279551
0.11148527798457102,0.12360544633745346,0.08519825394332503,0.11919270550718115,0.12264809580336439,0.11380946714435143,0.07141369677613361,0.10857125046563304,0.14407580603798684
0.11804817399996444,0.13020231544340202,0.09775914747513233,0.1158830362257438,0.12686103473384822,0.11911865626593426,0.046061302113704454,0.10877248024508772,0.13729385349718282
0.10353301384339053,0.11239517777061588,0.21434851720121784,0.08626197439340254,0.09126893819442454,0.11356014927375606,0.07997210345984591,0.10180939200856476,0.09685073385478193
0.11559436075525892,0.11845379006207914,0.142833418071205,0.13715106213436187,0.12490540334511396,0.10880095679468926,0.031470886384154,0.10810548249171738,0.11268463996142046
0.11423562111034309,0.1101836936577383,0.1834966514158671,0.11126416666979022,0.11405941369702949,0.10429235535459917,0.07170532608895701,0.11057298304550371,0.08018978896017186
0.11217850434470877,0.11005276609229751,0.15377063365104357,0.1434191219231008,0.11916557163367934,0.09761346868632707,0.040040843797427415,0.11900387253981236,0.10475521733160313
0.10749227781039704,0.10114840674431276,0.05134531541327158,0.14421582184144674,0.1315955799665698,0.10399423310785383,0.13618593486328093,0.11424747408148966,0.10977495617137772
0.11699326050059716,0.12015875421121136,0.17728959897897698,0.06775231194569109,0.10526026729591091,0.12057099826593622,0.0643314388554078,0.10703903234513669,0.12060433760113176
0.12454962914876448,0.11924876137209366,0.07181546498759243,0.09447926958968224,0.12866962213955938,0.1531911086812062,0.08064469791151568,0.11716502127409212,0.11023642489549378
0.0960893754700403,0.07565954023575037,0.05806759466565575,0.07978996135540443,0.10568701841745565,0.11201699374069261,0.2911026081471108,0.11041061256025848,0.07117629540763155
0.12057736064405171,0.13206228809089468,0.11629848830007423,0.08451428303496096,0.11478760121733755,0.13706457663865457,0.08204388152633466,0.10945046045746017,0.1032010600902314
0.1041916499878706,0.08324196864124334,0.026220042864243204,0.10038861493744111,0.13099993671043816,0.11007083559186269,0.20465999128971055,0.11794414207157551,0.1222828179056149
0.11244708330670339,0.12039582602238463,0.14774859907481636,0.08382335068331102,0.11188218004587236,0.11199392019404786,0.0809440639002863,0.10343681036250396,0.12732816641007413
0.12011643220449236,0.12481636129916414,0.11730440971969776,0.1011044025653595,0.11419985526890881,0.11903942270994365,0.038461244383662545,0.11309540969452675,0.1518624621542445
0.11970385890402484,0.1220689935466452,0.15749271012649943,0.09187601144374873,0.10275802982484174,0.13819251123011503,0.04998307202284894,0.10852207550437548,0.10940273739690054
0.13875212852176078,0.11658826767209728,0.12981277240999614,0.07432289638608414,0.11750239382601914,0.14110727749265747,0.032933065677076434,0.12837854334554033,0.1206026546687683
0.12096843737405218,0.11913921518573418,0.22866184302612225,0.11395386860224149,0.11230210737743566,0.09748968278781729,0.021617268606651568,0.10720678087796935,0.07866079616197605
0.09204114661861822,0.08121668645283615,0.32210827674728454,0.18671509577788145,0.08545163147610813,0.06790804598261557,0.018278163530656474,0.09774470018437413,0.04853625322962527
0.10646614366536744,0.10890785808941304,0.2847362280722447,0.12353207806318156,0.0989784532515523,0.09015962295370417,0.024405445657713947,0.097758309414819,0.06505586083200389
0.11451688074429998,0.1202750636835982,0.060039326427271285,0.11777848363504967,0.12559768731228851,0.13192933953673983,0.10589017942689864,0.11335576066576487,0.11061727856808902
0.11683113319717425,0.11134177814477732,0.11602196583079409,0.10337214751991108,0.12603913328657065,0.11376570470110309,0.10652386391077524,0.11605474678944927,0.09004952661944493
0.1219792424037206,0.11022429834153165,0.10749332413075317,0.08543167776590228,0.11321124942129457,0.1265495605241102,0.10704012058305505,0.11983873611819484,0.10823179071143767
0.09608571862517608,0.09303042364103851,0.04072206107928949,0.10090118080094379,0.11385516831986874,0.10794415708966133,0.23872330806162592,0.10582493716125087,0.10291304522114535
0.11745477565859207,0.11924865525409496,0.10666593972236943,0.0596707682178468,0.10107001766723213,0.13737789025550876,0.11400995728356945,0.10529361961853705,0.1392083763222494
0.09847001552384486,0.08529620454798555,0.12258456864395384,0.09267905643524217,0.10047274655635195,0.09916893195092696,0.21690935853060622,0.1168294002222287,0.06758971758885968
0.08995764876530109,0.07586137381555584,0.03165016243801124,0.09900041666283581,0.11016727507692957,0.09396492539401957,0.267491193425273,0.09603096464833445,0.13587603977373955
0.11541978507531654,0.12178287986170383,0.14358115108358538,0.10633710237457139,0.11039808388445525,0.11711878701670075,0.05101617225641836,0.10539472712015678,0.12895131132709184
0.09067718604962778,0.09881514016344788,0.377482411524265,0.05853953667354522,0.05640288725773316,0.10301692617383557,0.009546982054057667,0.08492048994193009,0.12059844016155774
0.10424302466632179,0.11624894952159333,0.09653163125105675,0.09095376857366007,0.11068938252300904,0.11622056718485314,0.161538206637841,0.10394701184105641,0.09962745780060839
0.1224462211736641,0.11254136770368715,0.07617539775514053,0.0816817839404478,0.11453152640309372,0.14825377580850282,0.10840163217540488,0.11618422509091099,0.1197840699491481
0.10520337424530245,0.09444813274292581,0.057273307666374375,0.09140461637746082,0.11041125324978536,0.12085745699015533,0.21742881950865123,0.11570873090055038,0.08726430831879428
0.111437134775123,0.11652632338305269,0.20732452834992496,0.09142317514496456,0.10243386590209062,0.11110471655193532,0.05369820564814867,0.10356429724266496,0.1024877530020953
0.1202775943125695,0.11020282697932572,0.05739086685528776,0.09432363195140823,0.12026023108697492,0.14615929500771446,0.10103389952268209,0.11527633949913367,0.13507531478490362
0.09919366779006983,0.09737495773477643,0.05010067876019647,0.09253982743809934,0.11015184043131153,0.1158102771463635,0.2416202975796451,0.1090432878147027,0.0841651653048352
0.10594181119828207,0.10808935751496036,0.06324058984953192,0.1430920004669748,0.13035364900879431,0.10407544055192462,0.11470716359938864,0.10850718051881725,0.12199280729132601
0.12195723849692608,0.13072921665300466,0.08928766417963019,0.10960782767935084,0.13019646920380015,0.12870008186384838,0.052729005506395706,0.11023465435419655,0.12655784206284737
0.10533523772463908,0.09143581507604819,0.2192681749694387,0.0973087064298959,0.10225524040121158,0.09180419336210567,0.07717939051263846,0.11499432284891838,0.10041891867510404
0.09240317090672294,0.09207067677638554,0.04556158843215724,0.1287343626076579,0.11183142906140042,0.1114230090765053,0.23059063020416826,0.10965365328571051,0.07773147964929195
0.12021899205576629,0.09915188960415729,0.2222528083507231,0.06768247730526779,0.09629420895353864,0.11934812706968258,0.040638336601544534,0.12187779858558274,0.11253536147373706
0.13031997730075176,0.11828353667054921,0.1653060824317072,0.12288445282619458,0.12521863928990115,0.115500209649456,0.02492942175724185,0.11273178785255795,0.08482589222164023
0.12423198680769194,0.11490945805807534,0.08702627240585516,0.12867209360130397,0.14204625279765912,0.11738953462468842,0.04839794842732852,0.12035692364934895,0.11696952962804856
0.09653469359989882,0.08790924073978605,0.19795783310532555,0.11965935377190566,0.10510314946855052,0.09319065355155191,0.12839749596587782,0.11191511931076198,0.059332460486341644
0.10478902426414205,0.11300039596369277,0.32521666777305586,0.1018572396393231,0.08174091238527141,0.08716586986098718,0.013334793382068602,0.09456307411105724,0.07833202262040172
0.10383980669751713,0.11334853976412741,0.23700500623113138,0.10830812690562845,0.09390828838415766,0.09294648801399678,0.03444332281161157,0.09564945919081713,0.12055096200101245
0.10965141415833361,0.11419516218273018,0.06193927442536873,0.10612770612282475,0.11816638372745746,0.12443461823451307,0.1430516759321482,0.11119597963670323,0.11123778557992077
0.10661751238444796,0.10706013230017093,0.29022301582944365,0.15918646799706673,0.09402995902951639,0.09102534949340325,0.008737693881045281,0.0909687493062054,0.0521511197787004
0.1133912949432197,0.12500420282833194,0.08651832109595381,0.11681155132002131,0.12441350676202899,0.11606869136950072,0.08098859224235955,0.10582651785482677,0.13097732158375722
0.11238701133021084,0.11442100206012447,0.2422226347060239,0.07627792347673618,0.08905816556888285,0.11202562013031492,0.029930689875017763,0.10486674139592167,0.11881021145676747
0.10819708691452307,0.11541188241468792,0.27094872408638826,0.0766946003974442,0.08505545605914173,0.10558135078745373,0.021512849851733573,0.10110254567631383,0.11549550381231359
0.1121605583430003,0.11183860528450602,0.051715470695354676,0.10748883054769841,0.12453516471969946,0.12624372489727675,0.1397631617316804,0.11418482494139515,0.11206965883938891
0.09575074474355759,0.09558998937678977,0.036228772465207025,0.13585902193698438,0.12395434515636922,0.10403253288575358,0.1648550289450391,0.10494510295413066,0.13878446153616883
0.1272845076970399,0.11085667336211553,0.10033560070056607,0.08928387487704348,0.13410090633739336,0.11707505407835293,0.09324762773437872,0.1260592734647413,0.10175648174836872
0.12815284942943386,0.09983598235307682,0.10248593938950024,0.08918621070085363,0.12255317217549551,0.11967875739238504,0.057192490374568423,0.13620326430086838,0.14471133388381813
0.10646971258163128,0.11504088930415679,0.03995327392397699,0.119616828774323,0.11883503831491993,0.12770489233561746,0.15429593023602434,0.10929842661084338,0.10878500791850691
0.12312909573140136,0.12586731511941618,0.13743164199016636,0.11082973469477314,0.11091787327620091,0.13932022735563432,0.03445798404277713,0.10808172350258265,0.10996440428704791
0.11404968435903416,0.10016248838780961,0.14473493789290534,0.12294500019702946,0.12857054638214407,0.10174658780938955,0.0696490423431947,0.1203676620600805,0.09777405056841267
0.11534755173477092,0.11248598677134482,0.1474001261294508,0.10938054276351346,0.0985601702373458,0.13253683665467333,0.06970512322903769,0.1078913358990518,0.1066923265808114
0.11693817639388794,0.10951280871692985,0.06240858000946121,0.15280852825206967,0.1435067610917534,0.1038710634927112,0.07414397828841901,0.11177238612244912,0.1250377176323186
0.11062615666347363,0.10445989123509625,0.034544642045686635,0.11634600787653702,0.12315986387512438,0.1218740743521161,0.1872608492950402,0.11605519084324369,0.08567332381368213
0.118545509370464,0.11760414851448792,0.20056356830539912,0.073489573992,0.10335176671697187,0.11019799285238753,0.05079850156472828,0.11622575277152632,0.10922318591203502
0.09744367333194719,0.10548657941124923,0.3288797549046161,0.15159904994813556,0.07486661352186467,0.0832892123058067,0.010407967103454707,0.09057216963672328,0.057454979836202597
0.10943440015770715,0.11217089814005299,0.04896426192153324,0.12912586813496416,0.12483855201317622,0.11673229757186411,0.1381874491641999,0.11306320901324,0.1074830638832623
0.12363940534639749,0.12243995592506214,0.22593520968408287,0.07835682869975936,0.09959368721312654,0.12152215492063678,0.01969109162803201,0.11144480738586822,0.09737685919703454
0.11061842391093363,0.12842805390304865,0.10415476078604886,0.11827070576652454,0.11151372725274306,0.12319565734365741,0.08353512052002283,0.10433132502929908,0.1159522254877219
0.08100634969460914,0.07039709144123499,0.025691140571487126,0.08467621005661997,0.09888555577375692,0.08774766543285838,0.36667802078291817,0.09371278400164733,0.09120518224486791
0.09645403421819025,0.09533330562934857,0.07866752033767671,0.12397256366668052,0.11447209349286928,0.10668565648655454,0.1729806869404711,0.11293949492705742,0.09849464430115158
0.1248480916423621,0.12522432004772469,0.14707428006081188,0.11909200180677008,0.11953023460941768,0.1360251122448737,0.030614930653256833,0.11227032700999438,0.08532070192478867
0.10795584831614607,0.10066766982529118,0.09427993216074826,0.1023027951452994,0.10810875829623061,0.12758453425006552,0.1561458027282588,0.11693903816584215,0.08601562111211808
0.11603172875437362,0.1258762865769413,0.12432878855649375,0.11961129258223592,0.11163827287267354,0.12179163149462569,0.04979015298206726,0.10841536659490597,0.12251647958568294
0.09139666419061025,0.08928114259398036,0.030765595775916015,0.1141432314613382,0.11272167459767835,0.09521987997179913,0.24674285194599213,0.09980884693230459,0.11992011253038093
0.11288314172365775,0.12783516943553808,0.1107427560230627,0.11882863722342485,0.12086680241485852,0.11871772401520192,0.06861336933856611,0.10656159520764107,0.11495080461804907
0.11839271158567417,0.11803522040507991,0.134516425120079,0.1255472970311572,0.12392507982825611,0.11656723863205704,0.07006773676686587,0.1126977650533501,0.08025052557748069
0.11208130840373039,0.12623350643694764,0.11832881756695852,0.08596636641444777,0.10722527891386639,0.11532427688916273,0.0643532724311451,0.10878919948781444,0.16169797345592704
0.10277072894127327,0.10069275017081787,0.3345427554324128,0.06186310021485855,0.07099265104795759,0.1109306867478226,0.022083514449674883,0.09669103156364518,0.09943278143153726
0.10714543056074993,0.10419009071590352,0.03918173812750366,0.1381812393870037,0.12153437272992322,0.109002461179236,0.18788928326971843,0.11157635802009425,0.08129902600986728
0.08314277494615117,0.07459503671142537,0.36932721697009274,0.1510414869560778,0.06368905141089773,0.07298384986870764,0.026989816115321932,0.08984610205880668,0.06838466496251894
0.11531150045389538,0.11748781401770843,0.18467328360824542,0.08255157258568956,0.10470237812500342,0.11416253072485394,0.05544126484827302,0.11052017708503493,0.11514947855129594
