0.05887442623287777,0.14027914496861899,0.025495950254962072,0.5580824756769537,0.02053083331812175,0.07149071770597772,0.023757280767182202,0.07591690207070194,0.025572269004603878
0.0730710676971754,0.3523844504553544,0.0669411314095484,0.1441092783453981,0.01034528186787423,0.08100078284151975,0.03215216938361232,0.20249282061999407,0.03750301737952345
0.19049038394206208,0.11060073569363517,0.013058464971557082,0.03050824735344972,0.03270200033818579,0.16661099715246278,0.35362964543846176,0.08373686951887678,0.01866265559130891
0.05559837749899801,0.24087920207623378,0.058297622672671,0.13567026985113403,0.055570578869040176,0.09079866818493608,0.028798489787903465,0.2399703931994297,0.09441639785965379
0.05061721975097413,0.19562358206866184,0.13545713853862482,0.02836033522587551,0.018456143130157362,0.32056923013521255,0.07173722422459902,0.012954362892535043,0.16622476403335965
0.14270787647096647,0.10057921800417412,0.10201901342935725,0.07575019582383105,0.19179859351706674,0.15355134841640028,0.04210688891238113,0.06470068785818449,0.12678617756763855
0.2296117875320095,0.08169826013471115,0.04069844102235598,0.04004269636244601,0.09362516115105367,0.19911223394395236,0.11360739299601258,0.15084586844643194,0.050758158411026856
0.036083671993306594,0.06366097373183355,0.3100628039835067,0.010576356225032805,0.12646902729923362,0.13309046142932168,0.11573396637994544,0.05381341753330756,0.1505093214245121
0.09078863492864035,0.08035417035096874,0.0906074219422498,0.09532325913128092,0.3463717924066044,0.14317566663121714,0.05723661880489064,0.032323419696339374,0.06381901610780856
0.17015871927482332,0.2129770515572059,0.03620883964432286,0.12148480570308302,0.019065111133820204,0.06557347612926505,0.027900195958260654,0.3316107743315579,0.015021026267661136
0.04163369985175502,0.10716623588808893,0.051287540718960446,0.04152142159744695,0.46065502936090513,0.08545358356904613,0.17382016078567933,0.014295056666364431,0.024167271561753623
0.2336112736580107,0.05268711904025277,0.08454597652705757,0.09747592125452496,0.07954376894977332,0.11399937131005179,0.017462386344160027,0.2050713406495245,0.11560284226664452
0.053450915267272144,0.0658562683971116,0.2663140382647082,0.030226696775717,0.04692808490308193,0.10864480343962257,0.0760033913420637,0.041436823822973944,0.31113897778744887
0.0506697770334412,0.10395214024295217,0.05162875324480274,0.028222481516023207,0.05411599592919469,0.14754513002613398,0.04822540814160744,0.2698683194712251,0.24577199439461953
0.2998689224285167,0.2194912970706486,0.0372316733696301,0.0224241482914822,0.02844816831970391,0.18871353450963482,0.1455664998035513,0.030028474281386774,0.028227281925445605
0.23063132705589276,0.17871604556680018,0.04326748819701174,0.021166908211304524,0.03561398002004663,0.21865647112931988,0.15703637491274258,0.06250069154063963,0.052410713366241986
0.23607954927807204,0.1570674690184136,0.05576614329969196,0.11137073132401926,0.07568563058767315,0.16828395557958156,0.05938543596220316,0.05541871230740398,0.08094237264294134
0.16409192827224842,0.14897554431495805,0.08965183909887532,0.08472467798542384,0.021917391945412253,0.10160844519176841,0.04656638357624256,0.06676397253559634,0.2756998170794749
0.039162558216891456,0.09532937184066527,0.019196907876690667,0.29512679381302515,0.2478854852309358,0.09168229493857571,0.08918779700727149,0.05387807635166573,0.06855071472427861
0.27178044094544546,0.03984779136452945,0.029669999792904037,0.0129574026434972,0.14220368027019384,0.1714763827818575,0.3047353717191325,0.0087555001631413,0.01857343031929878
0.2583139267681949,0.07221704730018295,0.16556148431169945,0.01489953907145529,0.0672243793612652,0.18275657838245932,0.04880891164135731,0.16231197203770903,0.027906161125676454
0.3615743386907819,0.19775209319393774,0.06935862848832723,0.0641957827595166,0.028871189820941084,0.093097029958554,0.126336127554851,0.015549366701783557,0.043265442831306795
0.18169902064771448,0.1023725480771993,0.026474008914561586,0.3045846270538108,0.011072514057560955,0.10456248138516933,0.02540756918624767,0.2262345372020423,0.01759269347569354
0.3161220937448002,0.03988435343218618,0.030816740592648193,0.060519860674211355,0.22877647468679807,0.189799397484512,0.04392047195673036,0.05139417584091824,0.03876643158719543
0.036617624983681485,0.13498587576722862,0.040677616844670576,0.05941421029132221,0.38373171356735364,0.14435731176462027,0.09320521508147535,0.029420797525555275,0.0775896341740926
0.007928446123381602,0.04209583652691686,0.08302613681529834,0.10946307228745089,0.05684163309458689,0.049697330353017245,0.017060657530763638,0.3138488388951276,0.32003804837345695
0.1126531624894875,0.11292170107130706,0.021148398376428373,0.14890764746812607,0.012581666810038935,0.07492148312894917,0.03377403488187519,0.45289310196525373,0.030198803808533906
0.032707007795610754,0.11443265296394821,0.019630218656020392,0.016185253600020388,0.08616573262000511,0.11432422950808378,0.11078025781564284,0.012441846629355088,0.4933328004113134
0.10617239607659722,0.40944741668182094,0.06145078999306247,0.13325104121529177,0.012939224283977355,0.09440839349510614,0.06757243234773481,0.10489223004701392,0.009866075859395262
0.11382529370438954,0.2644990697844718,0.10467500148482523,0.028234238672046986,0.049556677245533025,0.2540854923922406,0.04470751764526774,0.05024259488228764,0.09017411418893746
0.08561426535335037,0.0940533055424118,0.07599830131686085,0.04827863401106402,0.06097467180896055,0.13265461732759257,0.02456948241078193,0.11943368061141964,0.3584230416175582
0.03741890160201095,0.03530302188736986,0.03375199144533287,0.0350524927192512,0.32459721812618114,0.15586264267726566,0.26588069457803326,0.013204800944508219,0.09892823602004681
0.08181062148316137,0.06143775996310911,0.37067730061399695,0.03720183539956969,0.152692125126534,0.07596014971626165,0.018029288125516418,0.13431181182409072,0.06787910774776018
0.22761512528656633,0.07433787605496849,0.07283039941371126,0.026691170282164917,0.09747458835799232,0.09749514864241086,0.06652102001579879,0.16460336652465027,0.17243130542173676
0.09384865162490504,0.18247377185775182,0.10389541481898353,0.022648383650480053,0.049682215481138964,0.22503525720020764,0.26576226184428126,0.027886899284704652,0.0287671442375471
0.06628331672511197,0.1417407906198107,0.09983500878911555,0.16986496949216248,0.023427836064891298,0.13916490283243554,0.10465768508700829,0.19011895358227862,0.06490653680718542
0.14546941813474193,0.07997193266690494,0.3100336928529528,0.02218261971045049,0.06833468782222729,0.13544825197443155,0.06581813900722079,0.10130721873547648,0.07143403909559373
0.12249809603761248,0.12088819337659142,0.1849596364714482,0.055424005944799744,0.15905046541706602,0.1761174336279284,0.04329776254660884,0.08973527655131679,0.04802913002662817
0.04555475200574676,0.09300554182808073,0.07591297443484916,0.10618424084491158,0.1588621104417697,0.07930383929605588,0.15635808400709075,0.06722754555029578,0.21759091159119967
0.1755334296756689,0.19764195588853836,0.09094222198084985,0.06814959422401529,0.03358338930551174,0.1575410491531125,0.057633547739471026,0.15001300534032824,0.06896180669250414
0.01860305961046614,0.09633394188835565,0.103024149078359,0.016644639943341408,0.2986497307903609,0.16026887338915605,0.12537283624061055,0.05556989982344507,0.12553286923590531
0.08041399823072516,0.09188702856818816,0.07599628179390722,0.5343098135781897,0.01316694211011237,0.0965613677220592,0.03279277257236007,0.05258162254951987,0.02229017287493829
0.3151280844997874,0.10833269513519501,0.07891922486718485,0.04011041884693675,0.08152701804388483,0.13203324612439413,0.10076962971515624,0.09453855926491449,0.048641123502546235
0.15069791716182673,0.11850672314203137,0.07927759954203155,0.06219290271603655,0.1156491527350949,0.17585163246695376,0.17880853003759625,0.08654894764128361,0.03246659455714538
0.10353269661756004,0.12966318287443077,0.12182989526040755,0.058450948286176134,0.13842661593673194,0.2152028095613275,0.11766241254601846,0.05211678187115476,0.06311465704619278
0.05070464598984383,0.07880319967546436,0.13133772510182093,0.11933703822262864,0.06128002324590252,0.10539671613192984,0.030879172919927974,0.30823275022382424,0.11402872848865776
0.04231139523989089,0.1436708486823681,0.04506650757671884,0.029234703509424295,0.08985773675912008,0.19838869308644466,0.12223662954813387,0.1258443462153869,0.20338913938251238
0.08154929647623839,0.1562880420301995,0.27365708533527283,0.06743792489400345,0.039637386663338624,0.17770802366372287,0.03772364873661659,0.04251256510897907,0.12348602709162874
0.2842867315732323,0.10498296981442608,0.09652181563657915,0.11749418633574976,0.0652889419828867,0.09102487089098361,0.04622485569943308,0.06111356935206774,0.13306205871464152
0.37562288863089854,0.07115968027391219,0.06311883158129745,0.12130570800860274,0.024498216811268195,0.08025841709669089,0.014435269333019226,0.19965296025961612,0.049948028004694583
0.01832829069482644,0.06742568403366812,0.09767020750822127,0.0500579770213794,0.15773342660028078,0.2094007364153306,0.09227975086072977,0.009769561662071364,0.29733436520349227
0.12424575307123602,0.16311058120687624,0.17953399275380147,0.06620847634180625,0.05404232771325806,0.21410495210094593,0.05121243217034466,0.09794208901165513,0.04959939563007618
0.20433047478820487,0.08617106359301559,0.14649560411871645,0.08523428057349391,0.010172327853335088,0.16676376342194774,0.04455384738078159,0.17779201612808712,0.0784866221424177
0.014980683656547028,0.05168579926456779,0.10203581761570348,0.143408454512112,0.14661683329901998,0.19399356567062273,0.19120645685200943,0.0742521081218133,0.08182028100760425
0.13325476452250165,0.21556889938130933,0.023672136418391315,0.13708339639526015,0.057707257507374925,0.15339299716055912,0.04109921231353182,0.21934280342225446,0.018878532878817127
0.10492415433857695,0.05429330562025919,0.28917930703346534,0.026465831772590074,0.13885928135033068,0.18673701452900107,0.09717516384580194,0.02811481979073681,0.07425112171923788
0.29231266533153594,0.03818830281801742,0.02666282330356908,0.021872240931650484,0.016927610601293885,0.2588110082546014,0.29814174431403884,0.02352318059731451,0.023560423847978424
0.20818747022179707,0.29345695026408386,0.07328393877716176,0.16961155651889484,0.023634919843763622,0.04708869440474613,0.03675481170939365,0.100198623192983,0.04778303506717599
0.04759065358954312,0.15815942536163913,0.06159187666906648,0.03740634374032083,0.03085519142726431,0.225519918554801,0.14812723907830733,0.23772301210654437,0.053026339472513506
0.04033076291103646,0.15376084388412978,0.12910241445773782,0.058458898629710675,0.19039923167536746,0.11398544085747654,0.1583757899123158,0.02117051624434874,0.13441610142787672
0.0426199492010269,0.09996893924101553,0.01560645819786819,0.6455933098542721,0.016142249338887932,0.0615777682242186,0.026415976489116772,0.05660477553148834,0.0354705739221056
0.10039458738211397,0.12198656361129169,0.08905627099253736,0.05348562929242695,0.12713444257640766,0.14351678414102315,0.11722688312753972,0.11246044150401464,0.13473839737264479
0.15719195669503727,0.14804707796370561,0.03383817729870126,0.06452812689982991,0.07421681503150324,0.30024738429373793,0.18537748241853544,0.014518791620181064,0.022034187778768297
0.1398382303814335,0.14574885601976365,0.09640713288866859,0.04015661868408449,0.10648257875844802,0.1712637998765667,0.11338313638395704,0.038533137554067114,0.14818650945301085
0.03924570243225175,0.0989937047936812,0.030657092016455684,0.48788441951099143,0.04414380660569186,0.05623077735208523,0.015464634513844805,0.14770411412854864,0.0796757486464493
0.1553772229840315,0.2343355388570084,0.042526362860119356,0.12664515097010262,0.10418404690522698,0.13645715041492434,0.05626448626763018,0.02947278901666209,0.11473725172429461
0.02311049843754291,0.1253259294653822,0.4582527712168276,0.02748141691177612,0.07427278748611939,0.09500420656626048,0.062356029356787496,0.05448388875848812,0.07971247180081571
0.05830223149166753,0.15489880416617957,0.13848779406629266,0.07619152972413083,0.016714407847936447,0.1497225648847773,0.35897360185040234,0.02257287040651855,0.02413619556209479
0.36422401578478486,0.18118415402687513,0.0874190236351024,0.025033556838311804,0.017798408085169224,0.08195786514838586,0.030934272124338812,0.1917961622795512,0.019652542077480836
0.1436622378769853,0.11426005053639092,0.11268232794480947,0.01270393328306423,0.12035247980639456,0.1579461213769818,0.0432055765617137,0.05712751914987043,0.23805975346378963
0.16575029118379445,0.16020842330684545,0.09185311648313853,0.11345696808380258,0.08566337007640712,0.15927744972634947,0.04708950416120982,0.10561614252606866,0.07108473445238396
0.03208352531535448,0.04059600085734746,0.06281848833174804,0.020263901190184147,0.07728246757473732,0.14464258541134636,0.2545043262801751,0.016327928985327714,0.3514807760537794
0.06617149451618919,0.19986374248814012,0.07761464091176017,0.3712748735664124,0.01464253335284052,0.0617323788147539,0.0357148118711186,0.15925073035118156,0.013734794127603553
0.10539116986185375,0.07361355832685611,0.03912277447296921,0.41582953307362147,0.015742584443073946,0.07631673659767714,0.04353968144354504,0.18862430522485577,0.0418196565555476
0.09647870362747685,0.13699692067361577,0.08452165933412048,0.06133476965124169,0.05395426724772586,0.3245551965844952,0.1308773687727374,0.030100271159325783,0.08118084294926105
0.10950094601207157,0.18848380886127583,0.084592998327035,0.2287537087810987,0.027806194234199597,0.07534097031094696,0.03747759891703452,0.2305428106423736,0.017500963913964076
0.16674250921488154,0.18550368158286742,0.11053237562416905,0.1477105151180873,0.04420637597881475,0.08632032450561701,0.05734145296359342,0.16677595016142033,0.03486681485054913
0.17560975183924202,0.08443660983653935,0.02445094268739906,0.0080358920493729,0.034611455024536546,0.2284481191469007,0.23095170596961814,0.03087043180773502,0.1825850916386562
0.05191545419620056,0.1146153221397535,0.1661802708923343,0.07592159924658215,0.0241557006887503,0.11889277233116018,0.07165503225837698,0.16096001235424554,0.21570383589259653
0.054341164660516965,0.1421598067465999,0.03010575044792722,0.12107904758191108,0.2839383418556651,0.14571600625521497,0.17019219161329538,0.03256285189879279,0.019904838940076646
0.03716076061217403,0.05059623652914216,0.02788495021394684,0.043670062085083394,0.08806181157252994,0.11685561328371497,0.06986506669469324,0.053132204385517544,0.5127732946231979
0.06368762733458841,0.09528200639550322,0.08671738825353507,0.060872259074804834,0.04523930104723117,0.18051749139560225,0.038671813804089385,0.1429118420642235,0.28610027063042215
0.4750632951153064,0.19905413222342871,0.07528677016641738,0.0340910263517875,0.023631656700406446,0.06415608517150966,0.028709577621043997,0.06286057468087941,0.03714688196922061
0.07355697489879198,0.06903682512849478,0.05095323543061651,0.038533307151633896,0.1165209702159779,0.3226381532518147,0.24364792153893375,0.014810435894082957,0.07030217648965352
0.08665404241718622,0.17761732671515842,0.0397472221190567,0.0540201968015032,0.0236615505888859,0.19752867962475076,0.3874686285572814,0.017328925517956152,0.015973427658221278
0.08845667591790725,0.16209784634634425,0.10245737184667264,0.09292896248972636,0.06494195153198412,0.22819521849079769,0.037261209037149336,0.10808213080103789,0.11557863353838049
0.01239931873953634,0.13724907974429607,0.08092895240518648,0.072845751086245,0.11714025587826211,0.2331261594006668,0.16109954068972748,0.0330915776965518,0.15211936435952791
0.46020314564094766,0.17761240263443479,0.03246407237405937,0.09356650656004646,0.01787681597264428,0.06273024210156143,0.061239179610565665,0.07425684325576952,0.02005079184997076
0.06481411119650493,0.05431697293094398,0.05396457250774508,0.02878000167795715,0.09305987212282456,0.1872244256498077,0.402371707356243,0.024157635253554143,0.09131070130441941
0.02884313447095477,0.061988277125568224,0.08838180978778977,0.0734822038937272,0.03429889913839091,0.3078114598153388,0.15572393153893074,0.02503015431255004,0.22444012991674955
0.12584984502632754,0.12164681813692495,0.113955823330529,0.026248366048861636,0.028403368708234015,0.27169059863890904,0.2038569060203724,0.034715515429386924,0.07363275866045443
0.026840467127351813,0.030575167200520836,0.025713980588157558,0.5746757979246859,0.030209990335270703,0.05252361068653178,0.04536957045093951,0.10746999463877537,0.1066214210477665
0.07113692974838726,0.10803552936031828,0.041638260805373785,0.024063260007822343,0.13713136482380248,0.1757449753220596,0.40262509851444706,0.018725348902696066,0.020899232515093197
0.033327974349969015,0.058060189012520004,0.08170608707983566,0.07505574255256696,0.2718667523203839,0.1656791659625446,0.2672258854906196,0.01807560686355618,0.02900259636800412
0.06165874272857266,0.18461807280076667,0.10744649747460622,0.03485759445970817,0.09179017276007291,0.13549213366272464,0.0735501704096942,0.1776375821217345,0.13294903358212004
0.07065470471156084,0.11200370946554984,0.1732661466825621,0.030561726671385753,0.1993548154261473,0.15673069363293085,0.08506130541915839,0.04326163560510702,0.12910526238559783
0.23820219356405622,0.06133650197852288,0.17842742381753038,0.04905160978528969,0.04888765940845646,0.15915180725353076,0.0677308005804932,0.037483935691533146,0.15972806792058727
0.08088640180415962,0.17719822082904954,0.16994279797686937,0.10372699041944163,0.09097434961486041,0.1483788361481106,0.06407436907989754,0.03719852184496346,0.12761951228264792
0.10760709582175816,0.06384476446204612,0.27180490533193485,0.02869075371346988,0.12966056085832664,0.19001487446592188,0.058368877999770245,0.03810231057042077,0.11190585677635152
0.016082845761272033,0.08530278072068041,0.014839436982894848,0.10819321382579271,0.032782791463461615,0.35071576517350755,0.341833856092965,0.005876897475159487,0.04437241250426632
0.10612433071655429,0.16487643636109978,0.05902011835828266,0.12533894734180348,0.1535622072238136,0.2017437027055593,0.08757621510571167,0.0784603986072595,0.02329764357991578
0.19171388812712206,0.19593787534276993,0.12626468746197447,0.05982845313917615,0.13504465515196157,0.0746725053008715,0.03563855163189645,0.03582671182437838,0.14507267201984952
0.15468816441675445,0.14161474851258454,0.07162156364981566,0.1581309929786112,0.015541683096129166,0.15175657061895234,0.04623782634231945,0.21354581325677804,0.04686263712805516
0.10333282790890812,0.10855156660052974,0.0829348875656664,0.039984749849500185,0.22960584418014393,0.19320908179763427,0.1009098613422812,0.021148569093464565,0.12032261166187157
0.3317657828605369,0.04083903231046673,0.04553847397120206,0.012977582011390454,0.15386993725604192,0.1932438673308451,0.13480180462457259,0.03085352253409378,0.05610999710085057
0.08196078473599787,0.05662002931906942,0.3317520166134624,0.05387730719968662,0.2028036031510403,0.08844162726079315,0.07061956325107153,0.03780212280750844,0.07612294566137025
0.08580666472642719,0.08352575210132201,0.06040341140054293,0.5270616666853912,0.024752273228111205,0.10787426423289419,0.018955479119865316,0.04189790884506142,0.04972257966038446
0.03773259571029199,0.24615600142212493,0.07050237705593936,0.3436510774328238,0.006411292326967494,0.08377313399891556,0.05766281480169257,0.129449062569432,0.02466164468181231
0.06614224051346194,0.10558107316472161,0.0879736415420822,0.09965936317451245,0.020288748575091647,0.3085737978208527,0.1980086542788412,0.04054034633023628,0.0732321346002001
0.08142053712021775,0.07600115225517073,0.025122306029159547,0.10394899996885709,0.1656861129313616,0.22223786549753957,0.16384965571666896,0.04430769932034673,0.11742567116067798
0.1706401154428505,0.11094579876332056,0.09941116302756366,0.12466066493251549,0.1015632915634297,0.12089013227415805,0.06470609904097188,0.14952116419053366,0.05766157076465652
0.2741724217117203,0.1553192403620934,0.07333165221468112,0.06683456922888734,0.09544789049284934,0.10194375600037199,0.05843673632752236,0.11937839736618187,0.05513533629569234
0.06612525604928766,0.08858428233001187,0.03929784312677038,0.07928979393213628,0.1557463309752022,0.17966182506377396,0.05302439771161697,0.23620491038808233,0.10206536042311837
0.21895605794980866,0.10498996233661911,0.12759026009102795,0.05679902849301027,0.05793712535168479,0.23229915585437402,0.05415677575032385,0.0352998705884362,0.11197176358471517
0.08839544438085185,0.10106527266943481,0.3112980517685289,0.08726896515411046,0.06349793451890097,0.11477549886169132,0.07022485526284995,0.03660360753487108,0.12687036984876063
0.15795641316159845,0.11549670001486297,0.08994854359418925,0.1601412678533079,0.02932465942517289,0.06397571442332446,0.055420598456244835,0.310330499199753,0.01740560387154631
0.05152774949095961,0.16021613211967148,0.04636785811009783,0.1091292447430145,0.09378880928586464,0.32379846410948554,0.08250960537888818,0.03619721324215374,0.0964649235198645
0.141767754090483,0.1492934902706942,0.010779951960399816,0.1300549745878387,0.08321204873988834,0.14885239412278,0.1679298867421752,0.15864235605394073,0.009467143431799984
0.012145556449939789,0.03184002330741656,0.01789525287843724,0.0213987188467282,0.27886574905433553,0.1902798634695754,0.18028059811556227,0.0066791635649720805,0.26061507431303294
0.05079770812689266,0.09961534761083272,0.03682347289270035,0.48673369938087613,0.07395794782340005,0.05058730006317171,0.033941078502746615,0.10901002048950077,0.05853342510987892
0.07986556109716685,0.1942791013516675,0.10003696491607221,0.07619725995005984,0.22295900820451212,0.11849213525341366,0.09315526789537626,0.030603358857285722,0.08441134247444577
0.20032865453449814,0.16904479432031536,0.02379375480183145,0.34182643080912495,0.025953271844667797,0.07283150089261281,0.07562071007897203,0.02461386242147254,0.06598702029650501
0.09515858746219823,0.1363000683281602,0.3412285455051423,0.03453339671997108,0.05602204398321048,0.11862515106874094,0.08746517605658348,0.07596844665248616,0.054698584223507096
0.08325389077746108,0.11342454105755874,0.04675579612527542,0.036235744970744464,0.12765089852844444,0.31692491604279777,0.1254672587691216,0.035852956149159454,0.11443399757943716
0.08191773601934574,0.12831786828718203,0.15011616467050706,0.0588175342614611,0.0996235902648346,0.25642269781548216,0.10652622418167523,0.06149960852367798,0.05675857597583415
0.07260717985136976,0.10964295145667674,0.043487712222640286,0.3985532220631793,0.0339967783783355,0.11661806665100594,0.07182678865872773,0.09788603035136301,0.05538127036670171
0.04904360048079962,0.04562242869091138,0.1609792487307824,0.12663135484653326,0.17444189534856155,0.09021574580142211,0.0532066313050969,0.09768998339333136,0.20216911140256144
0.1071385226197683,0.12877106478727077,0.1211537415623496,0.054052509894313344,0.10964191755813997,0.20410207629698465,0.08225995844428223,0.05714285937699895,0.13573734945989221
0.18369852856582325,0.09878588344803714,0.0765512425679616,0.037965624746780974,0.08213927552790187,0.09846926773182683,0.0976956350338949,0.19000540850794098,0.13468913386983242
0.16531405545799863,0.13123389545841035,0.12455540937994265,0.10182273947528837,0.12305048862197239,0.11946632341662432,0.09379921363277717,0.06865971503573608,0.07209815952125004
0.17710082350432563,0.1002621381315616,0.10271137814830587,0.05684692213673531,0.11089674038730406,0.14593279344305413,0.1352034724953914,0.014083589623965753,0.1569621421293563
0.0602386635023848,0.0615045184488115,0.03852725652059948,0.09112482384078584,0.1759230854668197,0.1891285662646298,0.10418246536583808,0.05871882526679786,0.22065179532333304
0.448869835009486,0.16886776259236316,0.14485501269094161,0.044168613071859354,0.018664346490738348,0.10615794861199114,0.017446194718710298,0.02402417739505643,0.026946109418853614
0.06965680923594345,0.2039620309322727,0.17262491263681,0.03954194121166959,0.020347500464265433,0.11250055524667828,0.10916770373407166,0.06671021380226562,0.2054883327360233
0.13231634806481582,0.1424422319588188,0.052275158008178,0.03351760696521042,0.05963341736792341,0.18013485749601724,0.14352999338303352,0.20535854669466924,0.0507918400613335
0.08161666936687963,0.1401758060415787,0.37964976023687286,0.04516501840288167,0.04086725003515693,0.12313342974649472,0.05587534778244674,0.05026322731544986,0.08325349107223894
0.03744356500132451,0.09608151805741855,0.4254771707528204,0.02658053585992995,0.046514289916774636,0.1390837756038282,0.042344859236698874,0.020980955914130905,0.16549332965707408
0.06118174291185328,0.1382455963572006,0.028532583861566246,0.10818247439955864,0.04299877220111231,0.05578916954473242,0.023232800982807292,0.4977653445565509,0.0440715151846184
0.06040424827353777,0.06899567170630923,0.3653979299674508,0.022660706996542088,0.09360895276085869,0.10286780369382163,0.09856001399674248,0.0629670076192417,0.12453766498549562
0.1897153748940507,0.14312521131253317,0.03470577632363919,0.04084300713210661,0.02717464869634927,0.2926247097983937,0.18638708979849414,0.04634370183087914,0.03908048021355414
0.2252567178390993,0.050512576986040024,0.019732285192755453,0.02416317682898289,0.1769468259048178,0.10390963106685419,0.3317709535635941,0.02171656336312593,0.04599126925473033
0.057902511431995346,0.31100404373226015,0.10616255254932228,0.11789013701575791,0.042695234388748005,0.16305089156658528,0.046713311005259904,0.07885794735109745,0.0757233709589737
0.0799026429689881,0.11227269414742151,0.0863227236813715,0.03676190575605397,0.03937585914807568,0.4472433110500704,0.10606156972737711,0.048766749453597415,0.04329254406704427
0.05184569234189828,0.15793871300617504,0.06678826913975738,0.4632426883590434,0.007841871988034254,0.05916156122508972,0.12560695430458008,0.008409169070222993,0.059165080565198834
0.03463582283498128,0.055051973648377835,0.054505915031074846,0.058455826633602596,0.07806717505415058,0.11112921318975803,0.07952323269424305,0.04866535116391744,0.4799654897498944
0.030871202877033044,0.07328878162887222,0.11774609182276959,0.04931475086951706,0.36914145438092566,0.20274020774711957,0.11068053023321307,0.006818159687382972,0.03939882075316677
0.10485497725000786,0.18675469888902133,0.042594422777726675,0.10362345587287063,0.04640889097890191,0.0910134924881245,0.04484078251804282,0.3650296276739013,0.014879651551402959
0.13552711205566423,0.10799289404135369,0.06716895152456641,0.061962844650065595,0.05445921902515005,0.1939064422830464,0.015935111097158193,0.2917019229791586,0.07134550234383685
0.06507236557876417,0.09448678975244525,0.30271424537306385,0.05096643105971519,0.07499351310155945,0.16613231569281148,0.0252308017969634,0.09063493855439564,0.1297685990902816
0.056077450427577225,0.10693512391342563,0.12477964229803325,0.4207890594870578,0.03730025836013156,0.09882550497921676,0.038169964144819456,0.054099042099866955,0.06302395428987144
0.05115498334310139,0.20356562790313723,0.11528320004109076,0.0487455965191011,0.0836092678759454,0.10953979121839175,0.07104032367571815,0.29449642574718626,0.022564783676327905
0.24247152219326998,0.17883190046891126,0.08277183990156024,0.05495378834069121,0.09366387187516345,0.19662021876402438,0.08179046308131004,0.04248994395178173,0.02640645142328768
0.0631931655953034,0.1170885745323103,0.020313462839380347,0.5327105779989151,0.012515003254120761,0.06970984006013739,0.036593118815073426,0.12218086947164748,0.025695387433111876
0.31354411205069543,0.15690911635602012,0.028553282770886423,0.01968634447685297,0.04531362383126128,0.12469225782752073,0.23608359393917847,0.034215302031899576,0.041002366715685024
0.08198015381665313,0.265378857512669,0.08634926776353745,0.19587381457135755,0.025233225668418836,0.1704086429171844,0.044443933645614664,0.054836159905430025,0.07549594419913498
0.09166478877981288,0.06238688933818252,0.037138192348227815,0.03913334508089833,0.2757678171259544,0.19285967112286337,0.07442421262177212,0.042593399318439695,0.18403168426384886
0.27133106155133396,0.09685834113618486,0.10831415085756047,0.027345974638975704,0.02659172989558121,0.19419954989433022,0.1889577896089197,0.03214488030914476,0.054256522107969114
0.2345501489266161,0.12343625412299518,0.14030242570906862,0.08153926141185878,0.042257376430887866,0.10159114558284023,0.072291707805542,0.11655081627706726,0.08748086373312396
0.05336673261844446,0.06266620714267092,0.11168805213756865,0.13279172545575255,0.08592131802441401,0.25630783362623394,0.14843290502864656,0.0346754573598243,0.11414976860644456
0.01877801172209929,0.15357838838442053,0.07021057844645513,0.08709822148910353,0.15106011179675047,0.25613542980659615,0.12169295271509106,0.057085618833355334,0.08436068680612842
0.017867487222212892,0.08359027664333542,0.06715858604818385,0.30823847011285616,0.03000689689112987,0.12132517717047468,0.06349523780444662,0.12486474677583859,0.18345312133152203
0.15823509112173414,0.10564495898709096,0.10515054509344957,0.06895643214971957,0.06392459190964765,0.1382755822977478,0.029361186154513386,0.28014334687992354,0.05030826540617345
0.044799917804569704,0.0753020868554063,0.32686523537904283,0.021488797713378846,0.03461582556115061,0.1570550394331448,0.15409810430190865,0.024608715856853158,0.16116627709454512
0.06435107982205805,0.07756376557679782,0.09099986745139467,0.01606729344480406,0.3525351138902557,0.14769540537544254,0.08495070972329181,0.10349439079126828,0.06234237392468705
0.030236905903073485,0.06357149110445379,0.09395136284950671,0.10777981917307826,0.05382009935101554,0.24514632029591665,0.24633272431878242,0.08396630211566491,0.07519497488850828
0.19808802645523196,0.08497664410059934,0.15755890600612124,0.06440760213453593,0.12010201287744103,0.17008255399094108,0.05019383526238074,0.05860612650230301,0.09598429267044568
0.10660902399404927,0.12038967999799288,0.07301361836865704,0.08682817331917454,0.19193117778271382,0.10954387410938077,0.12292709413280638,0.13280351511823676,0.05595384317698851
0.04543148486901665,0.08809051671996986,0.15004586118085098,0.03155381057844286,0.08603296155531286,0.21597700043377546,0.14956756046232653,0.15557930792535848,0.07772149627494636
0.04566883734445453,0.14468790717264793,0.2067685426181486,0.10138457711328168,0.09003608442331286,0.13865398250240757,0.1104056520903488,0.0170679941343819,0.14532642260101614
0.19744592182817544,0.22479245968741726,0.14411961951989424,0.08644571759401394,0.04955195069565795,0.1482677243619939,0.04216086007466192,0.050779625224877036,0.0564361210133082
0.1432859847741784,0.11275522855951126,0.025684153615483606,0.02020727051436635,0.07414383501890788,0.34781017831073086,0.16130312014311493,0.040224579478651774,0.07458564958505498
0.1078630484372679,0.06159331591620241,0.14566921539016733,0.07170330446849553,0.05109300468749784,0.1556342299147803,0.09757324238491127,0.06361007856403093,0.24526056023664636
0.10185370055608012,0.09874985354842065,0.12607166272824522,0.28579240664441785,0.011759220673680766,0.1725619873228348,0.09228402359641959,0.0925079023433157,0.018419242586585186
0.056981377245361314,0.10812200778219906,0.2392300599499159,0.05072088918461121,0.16193574222470022,0.1389200155380134,0.09493753010716799,0.08711169929025038,0.06204067867778058
0.08421102505335083,0.09285004340840476,0.11035090006417027,0.03828866362193392,0.10062547740928011,0.2960464640426923,0.13555159686958637,0.012736665103135194,0.1293391644274462
0.05757625331859679,0.21973928039365034,0.08503365266208923,0.049836070015336444,0.05180007392614081,0.22011805752542926,0.11392812568850857,0.14527753312296002,0.05669095334728858
0.1026954338233363,0.06452303469639588,0.05499124284635418,0.24685121118424116,0.011959630034289117,0.09877225960015364,0.07117662785333655,0.33914143806207625,0.009889121899816979
0.1311991333732421,0.12522147748772505,0.0708687247149852,0.03460722262433447,0.2229364133601814,0.17344182094876523,0.0982847139641125,0.0723164214414412,0.07112407208521289
0.05980125787554506,0.10769023436660852,0.04380720749861718,0.25062402845716814,0.19665237608961147,0.08706792353722152,0.0820781730387969,0.05033679272958528,0.12194200640684594
0.13953226171117353,0.23415544821585543,0.03586181925385203,0.17710069114688823,0.02118267774344804,0.07437874939617159,0.06080038910019552,0.2260907709561281,0.03089719247628749
0.05828523746360939,0.16835208847051855,0.15061229234151347,0.0849785913823274,0.0972918613850175,0.1510183767136122,0.03740479567642884,0.1282913158837948,0.1237654406831778
0.0424449032139825,0.19617075185555488,0.018613579233632535,0.5394434230516106,0.010170865634647202,0.03911920551434146,0.04785721463902639,0.06326193963119113,0.042918117226013235
0.11788410025465552,0.21142150314309283,0.12377681565071479,0.07525215082089297,0.07411142323652033,0.15552535415353794,0.04171723901418348,0.1331105005604538,0.06720091316594844
0.08017041333854048,0.05548971967215882,0.05396052807229074,0.48885077105396163,0.0177556180649518,0.1060580604362596,0.0204813736477539,0.10938829511900457,0.06784522059507837
0.1017483365113513,0.09791152598834983,0.1182109886544878,0.022497146933631806,0.07244141390328775,0.31303657262321266,0.11223730014374524,0.07498172380447167,0.08693499143746193
0.05269471201163615,0.22366551664991677,0.10190684636200043,0.056470454461244136,0.17770427763047988,0.15537316485410904,0.16279221146312542,0.03112010316814599,0.03827271339934223
0.02745109662729005,0.1358614313779711,0.045328841993209655,0.513035898819367,0.016293455415333707,0.07521822188405526,0.03822297234365757,0.12454596107611794,0.024042120462997765
0.06874950903720706,0.07559946080189059,0.053501243050507824,0.0512432203872448,0.016022233102625138,0.30498422444073525,0.38518969869036157,0.030989055238755527,0.01372135525067226
0.0933836876840405,0.21787727355387185,0.11558252668723819,0.03803064260419445,0.027880032375171462,0.1398150709265655,0.2186231641529772,0.1093620939763263,0.03944550803961455
0.05647850775830204,0.08012371941954043,0.33867673450977714,0.05123836658654693,0.025977683624899883,0.18210516215930106,0.07529547960434142,0.13662489335418015,0.05347945298311096
0.24036097979182136,0.05281779082311605,0.019455606013421275,0.015262132198604185,0.05375074553494468,0.19263396727285542,0.3104750372339334,0.05381574456663816,0.061427996564665334
0.10618674241246939,0.10314676736253948,0.1943497802493935,0.04943966842315741,0.32011342459121295,0.07765060985040549,0.08817138503287321,0.018462031270825838,0.04247959080712274
0.03410444457560575,0.06069110269188127,0.031870720972953494,0.012658395292237041,0.22247513810419775,0.1682952452858474,0.3524308712183841,0.014497049354686577,0.10297703250420663
0.07022667657537747,0.21534660160186223,0.035504380371410724,0.061911291214417546,0.03613191058690408,0.24618050344026499,0.059026158909707305,0.0574938637517727,0.21817861354828297
0.1833966910808518,0.19162877309993578,0.0880123388707074,0.2116268540500592,0.026304691093918243,0.05781780101147684,0.06269412230879362,0.16340717848214673,0.015111550002110292
0.18344744104514718,0.09535313374882796,0.03819944283410326,0.04965867708578423,0.05000384449641149,0.21047037220509912,0.33226666613887534,0.007554945388414128,0.033045477057337284
0.1299660177836465,0.21275167179763987,0.07984830407080849,0.07341926667936371,0.07403809882729334,0.13078189578820473,0.07077826460153909,0.09881997146161033,0.12959650898989386
0.029820211549702578,0.10183116385069335,0.2544503930387128,0.029693726027739013,0.0587620618897921,0.3177419521121934,0.04329168778383425,0.0478695790264144,0.11653922472091806
0.05403216906717053,0.07850069183153646,0.18061831944501414,0.039281435446060074,0.14702780174341876,0.20237140499877174,0.10004243779235418,0.03480898948141506,0.16331675019425906
0.05884355072848816,0.12026094118399817,0.4239064947040741,0.02277929741678926,0.05536195136102153,0.08455789324873535,0.07292434549460175,0.0663236155182212,0.0950419103440705
0.059518814382758876,0.17743520501708057,0.1686393019056187,0.11965158791233388,0.039346969686243,0.21974757509122242,0.09902664235232676,0.03924099660505293,0.07739290704736283
0.010995733645461964,0.09108861931056178,0.06520592693168055,0.0357584323941467,0.0754930645934543,0.3230156132526339,0.05136147242106608,0.1249529834568549,0.22212815399413977
0.02612290329329883,0.1668389730012275,0.032982060596342545,0.5349200220390866,0.022659008247473467,0.06253968459668784,0.031596021061222196,0.09253907788854417,0.02980224927611697
0.06839433918686887,0.27901960458741876,0.08722165107446374,0.02924475513609301,0.053606817945810986,0.2309406025257205,0.0955083993799586,0.06166721238496777,0.09439661777869775
0.08469576626789556,0.1616917000415871,0.12856700345921793,0.13830552843522223,0.1186134846588679,0.13590903696103682,0.06488465004842182,0.04318593989025748,0.12414689023749316
0.16268610224841676,0.10610521524614393,0.30549199657074644,0.0821865153928054,0.07856000566027507,0.1172683994921862,0.06637180791501468,0.04881821330983074,0.03251174416458068
0.05381117402863191,0.081415385942459,0.3091440584300362,0.054181822969028105,0.10653594762768596,0.1383188606722742,0.05620023188289475,0.15304423141060766,0.0473482870363823
0.1802817127185717,0.1369924573774499,0.058395999876787535,0.30655240958542485,0.019460241350366836,0.1326306645881856,0.0330369290304758,0.11569628895085472,0.016953296521883068
0.024286051885689355,0.04445722546877413,0.15241384750531473,0.020462275122773436,0.09865175341654105,0.18277079298080082,0.2853805206182569,0.008382011815045378,0.18319552118680424
0.11205558160753058,0.08988810204239626,0.3402674883196413,0.04701984939116758,0.09707303720748778,0.11618739808452476,0.04147238946558792,0.04932041028927645,0.10671574359238734
0.03792243738390214,0.15190076689607265,0.01745248691369956,0.5638778125576366,0.0071513839864153364,0.09541942136409665,0.035224595088703105,0.04052752272463908,0.050523573084834995
