0.07356031872379899,0.04184219304380877,0.08616971865946199,0.05771290674449661,0.14127316117132235,0.21486819328418486,0.13830264860704292,0.11768135390506489,0.12858950586081866
0.03034654145124266,0.06974229589365748,0.02352876953356169,0.008141177478973402,0.06979663359056305,0.08176620901014753,0.5289682262697654,0.055279199112411616,0.1324309476596773
0.01995014116028174,0.15297152474023815,0.21845655426349472,0.2129544019765002,0.030269949473130022,0.21510654825314704,0.07988410731797219,0.04095552684551674,0.02945124596971922
0.31672218145249426,0.017114750574121502,0.09161891938924445,0.054729678630615695,0.010888470628264377,0.05909128039999947,0.15597005549565732,0.1775670457653956,0.11629761766420728
0.2266150631235452,0.27171682983461626,0.14400041907970107,0.09292413931701597,0.012985793960891922,0.025447539158225157,0.044081112598481104,0.03817439817626873,0.14405470475125462
0.09950372540230007,0.13514986584546865,0.04810467265602725,0.5326827190177728,0.01089226759109928,0.07429511653948011,0.009199533061873452,0.03075066088296641,0.059421439003012035
0.09619881567297395,0.06519210546006964,0.0259923251393972,0.12638032929370166,0.19389650062997768,0.16791552970944124,0.0683026344878175,0.17526770460989413,0.08085405499672706
0.01351467260783154,0.11100988266102794,0.19013659207973324,0.023041805599114257,0.04431061764300897,0.10105426339467392,0.28707358083334256,0.17833595333878768,0.05152263184247999
0.04312356400491047,0.05581345867785387,0.04138403526962351,0.0027728337497779434,0.054190088355900036,0.09315815901295728,0.4164036908160024,0.2422427834302606,0.05091138668271388
0.2644728734628155,0.061854033253247676,0.08075830112245916,0.08102624620262254,0.026038573337391135,0.10087295555224822,0.08451048510701219,0.0811572124495982,0.21930931951260538
0.1666051433193815,0.10108530164905376,0.016912707839828848,0.4681561564735868,0.029766228039947756,0.02919679153558037,0.0073658919049759885,0.04100249944852763,0.13990927978911738
0.039052247357631555,0.10095469106079318,0.046951685016263546,0.03576723028764879,0.01568460124356524,0.02580893309335358,0.5488396272192476,0.10761334518892858,0.0793276395325679
0.037920432003699135,0.043788306970876024,0.0793191670226124,0.07617267573667738,0.08429541565301513,0.31234973410894373,0.018494732995887872,0.22301044083039565,0.12464909467789265
0.18171909427210128,0.15749435745232757,0.07371504570831265,0.07000458841826819,0.07905717676247419,0.04227469375895266,0.0598035225785645,0.05353626617201553,0.2823952548769834
0.024053516145799547,0.08058033491100054,0.07323660506610308,0.019291036413385965,0.37186062460056,0.19722991691254463,0.09982366849421137,0.10876783380819144,0.02515646364820366
0.03202111908771349,0.02422469071430636,0.05959735373538705,0.01416107276551782,0.01685202831434147,0.04276048377572849,0.6442002626592577,0.13546886709092285,0.030714121856824775
0.031799911332220564,0.13312040261275404,0.16925214560828414,0.02958772544698984,0.04563450619127301,0.08902745545627665,0.24643838918077043,0.23539646185407706,0.01974300231735433
0.031692109244335125,0.2118824814630973,0.058307694292805544,0.3022172340879419,0.2027945993499356,0.03607561404827169,0.03192424192662697,0.0351594153373033,0.08994661024968255
0.07305188124974539,0.46417706063131686,0.2274075749003425,0.024492413632235796,0.008797771580548593,0.036629186290110395,0.028659984181955315,0.10227843183033641,0.03450569570340878
0.03127226093271984,0.128514614804332,0.07699843723184592,0.06818303893193181,0.16398034749820603,0.2275627655842053,0.030685078651697038,0.05642630119370109,0.21637715517136094
0.05662214407821351,0.012001634801285521,0.023406171918983806,0.005159784083068208,0.1582946725724322,0.14747053746153313,0.4567105519713579,0.09131436457081622,0.049020138542309466
0.04744678006537978,0.10780410599096733,0.0884365460077159,0.011810034363879616,0.015364315722689564,0.04205430923575391,0.5340921869776446,0.03240986424891969,0.12058185738704963
0.03444187403187716,0.06259348051626641,0.2664809625290323,0.2107571842180412,0.058907599042350656,0.07970015027475529,0.013835692731922275,0.10175681015090376,0.17152624650485082
0.2898288400333442,0.2789728296292011,0.08054552793399089,0.07159948135971846,0.044588915566655146,0.024360336028308793,0.044740142109055865,0.02472523536305291,0.14063869197667264
0.38388943325473496,0.026675745669149736,0.22637592302522216,0.12356221571154569,0.01375403118275574,0.015022409611625596,0.004157399219743468,0.06947533353357123,0.13708750879165135
0.03368201621087871,0.059126210394192996,0.06561304623804902,0.0886093879648116,0.3471107287532498,0.12562959967395296,0.04540994027483151,0.06989704047717694,0.16492203001285644
0.03759871073356097,0.031544052123501094,0.025815157484438658,0.008365782052658149,0.03400167827373829,0.09353555150669686,0.567195999935658,0.15577598139967744,0.04616708649007056
0.04904075337368003,0.21016700438792094,0.03304493680289929,0.212448814977558,0.023273038088149168,0.24533301059232762,0.107882359652818,0.07347077241848021,0.04533930970616673
0.2341661179586708,0.10997402991503129,0.019599388103443364,0.4592125558168849,0.04218122856700282,0.015584923803612384,0.009954290118048478,0.0712824362032422,0.03804502951406377
0.022464112609398696,0.11581908188404112,0.08010732745632174,0.07220013632858101,0.29138703374120717,0.11022235625519328,0.06384758777870471,0.19752568888582087,0.04642667506073137
0.14715100518173152,0.06785311609046639,0.06367753934659041,0.03679555274283269,0.08279683569796127,0.04912951283808641,0.3264245240243541,0.09046801643521969,0.1357038976427575
0.05413732942664106,0.03892714364959155,0.05805668206808328,0.022231392267299244,0.04813540271399031,0.051478403127657724,0.6243217902200436,0.05936079864367708,0.04335105788301611
0.028851365991835215,0.020401380795484383,0.0670585692025531,0.04256178782366224,0.04862875757839032,0.11784239348021598,0.39226609362342035,0.2401078643290254,0.04228178717541293
0.031021178298761432,0.22232877215134894,0.16924673430012005,0.09709277400204656,0.022327677728687573,0.05269772179246005,0.04268137009871187,0.14220687090343634,0.2203969007244272
0.08055404471855822,0.11735339651982009,0.060345428648640766,0.09645195787372564,0.0817039149237188,0.12156193345919801,0.2627685592344151,0.14771525140704742,0.03154551321487598
0.015676691926395602,0.008599904007179561,0.07057351762769755,0.015157131071299589,0.29694781270311205,0.15545409277161998,0.13344141958556974,0.24039145184590996,0.06375797846121593
0.0455625572926474,0.014899337383732834,0.08096124407114126,0.0782115323964853,0.1621696599781258,0.26376561709231483,0.11843804790421324,0.14909644993502513,0.08689555394631426
0.06473426572792902,0.4643829644616142,0.11033509851092793,0.08522502154042894,0.010243801274732808,0.03231592446232569,0.08397660150649182,0.06665763376702942,0.08212868874852013
0.056098721186513954,0.18970476599155287,0.11666982968040451,0.12803986292929811,0.06912401237025384,0.14185348952216617,0.050832587305642246,0.0548584620274091,0.19281826898675922
0.025298342714619306,0.043826557300870955,0.04749570943498225,0.1694362213045558,0.1298481502027624,0.4197088038433035,0.08387487904361124,0.0439965041221689,0.03651483203312563
0.24928079316272322,0.1828732874255471,0.02743796083551515,0.10078061871869025,0.09093048268406974,0.04176613281990459,0.2255776926013886,0.051273434795955454,0.03007959695620582
0.036422146062106836,0.01709978529875501,0.07141509612312974,0.08479584000835384,0.028406238272898263,0.04088032934577874,0.45900318798987655,0.2243510446444256,0.03762633225467538
0.029950714140814117,0.087421577103657,0.07089652240707724,0.02628975307370664,0.08788796652133612,0.13883296022034775,0.11016511166666644,0.42051981858350446,0.028035576282890117
0.0636968028700222,0.02384897083965577,0.03707330286040409,0.01590445163820652,0.04482669788924785,0.05059321107771455,0.6160874994099751,0.06003443538381297,0.08793462803096104
0.10041692290177508,0.030931201228805397,0.0477346142447132,0.015763762994323822,0.03333116316891274,0.065837769650872,0.6244566261918001,0.05649049524187306,0.025037444376924605
0.08945416248594916,0.02821945348178227,0.04323239783132609,0.07196375333026911,0.029181275370939466,0.08007170492071872,0.3674232685512437,0.2364008588901471,0.05405312513762454
0.13657089802233802,0.02812718046811459,0.042626711496816995,0.006775146414931542,0.03745070849405806,0.05260467084467732,0.6058416048395633,0.05922427997513859,0.030778799444361623
0.0652363026058047,0.016782829868079666,0.02988098426732616,0.01971583184753901,0.07191890918176815,0.25517642112012906,0.21685501183448166,0.3093733817312492,0.015060327543622362
0.05425370586628079,0.15796297448876795,0.026028395707475463,0.014979196088074458,0.12022369157413208,0.09707123146786423,0.43611378773020854,0.05484888086254449,0.0385181362146519
0.06910426905038983,0.20776441534455173,0.05652004339405146,0.0445623688552553,0.11064258211487676,0.025567422050325434,0.3918608033939559,0.035688110230646795,0.05828998556594689
0.017788053204839862,0.01308731085652832,0.03423822518780331,0.008539920402273372,0.023992825124590108,0.1388992899289255,0.5852118618940564,0.16456720324972465,0.013675310151258363
0.0595743492173167,0.13373513943740403,0.3154018844129632,0.32475729182907104,0.015893702479790706,0.0346192536895484,0.007429195343368399,0.03594388681674332,0.07264529677379422
0.03885405427112729,0.01291201591316619,0.030836168149299233,0.014294465277575335,0.023755047167725432,0.04320993584321121,0.5964763745857307,0.2298454281971635,0.009816510595001134
0.025584189818636083,0.0778489067724903,0.12601702691813535,0.07439794359521296,0.026982627736881964,0.19412763469826388,0.05302582445698354,0.34474806012651454,0.07726778587688134
0.057139192008378276,0.33558574882789904,0.08461551211540809,0.10623765364016768,0.0248827703525356,0.05466345048780638,0.1125883216957987,0.023581189460484236,0.20070616141152195
0.09541134976440936,0.05470479566675109,0.0607258886676224,0.010839298279411063,0.04159263070855269,0.04354173360907654,0.4690183582702007,0.15101622401036172,0.07314972102361456
0.1618295488922484,0.06795204829994778,0.43621401468552445,0.044905111432619556,0.014350227342183544,0.02223285329681081,0.08039849744589496,0.07649634073014257,0.09562135787462789
0.07962999636327107,0.013882026090261334,0.04890697138046914,0.0030976562356559937,0.023876978915029008,0.07100521870739336,0.5935383702209195,0.11592098557270077,0.05014179651429972
0.022306392223648244,0.10067447143834603,0.034479183320976554,0.14700216467838215,0.46525822432326835,0.1353499201203883,0.033562674432403856,0.049667711151697845,0.011699258310888638
0.05295963312245672,0.02479356827086006,0.0473777096370201,0.013870054575760855,0.02113008544762629,0.10327732233788416,0.5860529910956122,0.11823533630926926,0.032303299203510244
0.059294293702279066,0.20095631883504975,0.017466416880863853,0.04170833488974099,0.047776533458706964,0.17881608671384552,0.04205719606652142,0.05821450954510405,0.3537103099078884
0.21731292912020683,0.05027840246937592,0.2414381771354849,0.049020688357467035,0.0316198547935104,0.07292712778682418,0.06413142199220838,0.09560273843731094,0.1776686599076114
0.06648080623828662,0.05296607688130298,0.07444727790734212,0.04964557862532759,0.17330298430155203,0.15105023223435246,0.1564623277391851,0.18132240406222078,0.09432231201043029
0.12634693523616425,0.05981272428506464,0.09955798766321744,0.026276387526123577,0.031426895163597944,0.019938686835701897,0.5155884383490985,0.032483757633614975,0.08856818730741668
0.02243647819815488,0.1383192431335133,0.31750641536827745,0.043080408424887855,0.15241781919542727,0.14680017708539916,0.03421664166172704,0.0955331467041799,0.04968967022843306
0.015755020005392133,0.027978888925447896,0.030907443689904113,0.01428560154826423,0.10396313404075104,0.15769688602487714,0.39926522571021494,0.10138650593501801,0.14876129412013062
0.009948919724817235,0.16773067170678077,0.022421235383945734,0.022170192580041197,0.2065827969775782,0.027661787892458867,0.3268455996280426,0.09617669999663388,0.12046209610970153
0.038132411284310885,0.12908802121697202,0.2828439396403845,0.10121997983362796,0.02254260787573607,0.05475081153362827,0.13491956366411237,0.13611536096872764,0.10038730398250034
0.04835042397520612,0.08157151575100095,0.043708583166750005,0.012527641739444373,0.05308771752460614,0.1508720971681933,0.442706560403423,0.12952071790043299,0.03765474237094318
0.012070031288908484,0.027715332844512126,0.01750980439648403,0.003557065039145728,0.394957803108037,0.24694728617156678,0.19171652689305307,0.0590038792074154,0.04652227105087744
0.015336945861944826,0.05923880859571806,0.07702799870901016,0.039419971399708105,0.10941920173189007,0.37099481066491347,0.018920223527431126,0.258905962307141,0.050736077202243164
0.07040733957249153,0.09368693792276615,0.04440838869556124,0.27932449750866534,0.05063246413036337,0.17131211070506444,0.020607993516672102,0.029101676177021512,0.24051859177139434
0.3091763427040974,0.05503520350832903,0.02366493349937031,0.027147485436805244,0.05113354543782033,0.16501736801130995,0.06934609495895837,0.21540801897459735,0.084071007468712
0.1258685438683055,0.0328852247014722,0.12310449837869802,0.051589511431738976,0.062272270194417445,0.20190103352895408,0.07128423608714955,0.2822126033240659,0.04888207848519834
0.035146943695275525,0.0832332768707496,0.15430828699408014,0.05552720833784558,0.18465161219976012,0.10044122499305469,0.050280395398441736,0.09481832104944149,0.24159273046135107
0.08635528874133312,0.22796822517745408,0.06813290103522607,0.24007407991405283,0.05125445855872565,0.04564497314584135,0.056341325597907,0.03525877492476345,0.18896997290469653
0.06813843778335776,0.06844692009896185,0.03319163132997033,0.6087411765820295,0.035498733142887456,0.04393046430274636,0.023179854121781977,0.06762572351309974,0.051247059125164966
0.11498991105579963,0.06468334117026918,0.028279725564953253,0.01673347254851261,0.02308301696340769,0.03439369055864775,0.6107773075084798,0.0377118716192786,0.06934766301065139
0.2523043395498425,0.05602873565438735,0.05555958362900698,0.11513409727723091,0.04648889237175536,0.20887968682504565,0.04697841477024448,0.18110271163253341,0.03752353828995333
0.027145331012008018,0.13156239410910228,0.044455944513488777,0.0201944398942126,0.060682942051940046,0.1586248502026234,0.3621602114870817,0.1411213734634554,0.05405251326608773
0.016650907335791568,0.07919892117419454,0.02422560297830825,0.03638587511151671,0.11278594642076074,0.026968966620635176,0.5662388090294775,0.09518514420130476,0.04235982712801075
0.05753600741383116,0.0193600736696846,0.02335408599281318,0.023252368663137502,0.03513149340580814,0.05333684317515216,0.6836071079714868,0.0655782221067867,0.038843797601299815
0.047954043050422446,0.09389473302058692,0.5044415777216517,0.12801130735254612,0.015667392101293646,0.02704517024316413,0.008253181525032913,0.0757918695565012,0.09894072542880093
0.03090172990974287,0.03721588242105032,0.060139141309432494,0.11494232691225285,0.06550707617714066,0.470881206332126,0.08702976740283445,0.04177719554315661,0.09160567399226383
0.02163658652720814,0.09199075578764798,0.02829586732835145,0.04961963658249121,0.30490043094678465,0.06729808148775364,0.027244101140408355,0.30418856015889534,0.10482598004045925
0.05290403747605458,0.04161402170292854,0.030898247717437387,0.00934355669304287,0.04769053454658678,0.0811373663848808,0.5244135098289875,0.1708383069282442,0.04116041872183732
0.041880766889569064,0.009894065649021306,0.039210595436756396,0.00866226414498395,0.3508256895498664,0.23143638722334273,0.04793221725228792,0.20828786613223924,0.06187014772193297
0.016554569112285138,0.045005618762771316,0.03529355808436188,0.013822482431899255,0.18941845916541186,0.36565590252661595,0.09610434544464991,0.2103179411540361,0.027827123317968657
0.01280099338919787,0.010496662707332743,0.024825112716388705,0.016014333845229104,0.03309708313755865,0.16197229653540804,0.5380856445682314,0.15784777537765357,0.04486009772299987
0.08794260924012039,0.057432046341661214,0.05094841307115878,0.030645685356211705,0.0626480664614555,0.0301082954377009,0.4221583408914515,0.14156235380226934,0.11655418939797078
0.07503075254635093,0.1644347942495394,0.4726934191048693,0.02142087987024194,0.06942906996292213,0.034051463897627365,0.010634971985582782,0.06714861937903516,0.08515602900383097
0.02368156386596897,0.013080573689777594,0.1959603596745306,0.007700856122387571,0.15325332864789107,0.04095472584721226,0.256901769824204,0.28684941717385,0.021617405154178024
0.012462718489792074,0.17760666137246942,0.036777147556058966,0.09146275562326099,0.030428881330186754,0.35287409238343,0.07026983813016337,0.01495671598941136,0.21316118912522697
0.031061617071352646,0.10773893299315279,0.027787241628507136,0.05653278614950407,0.16053244231243438,0.22880017075793666,0.028593002056514716,0.1376405898811204,0.22131321714947724
0.05899299382390922,0.04386620279121376,0.025379939394616146,0.04629613308206978,0.007142238352106159,0.02729721751437612,0.5838939342973325,0.13542540882144458,0.07170593192293169
0.07667715400466212,0.025712506531835527,0.0761858267806196,0.04461362171463693,0.015195440118146721,0.04053826474893973,0.646415395421213,0.04977502118137677,0.02488676949856969
0.014241336873153267,0.10288988652058563,0.035285334807609946,0.04667053018846884,0.05286934620682446,0.23896226112281546,0.39474049205739536,0.07567015141083606,0.03867066081231097
0.08099801647067027,0.2606395742309011,0.13741188451432015,0.16018329712419513,0.02055485179398592,0.0718285121380567,0.05018341476711924,0.1461518432958764,0.07204860566487496
0.020925092858375082,0.05889433369953651,0.030785049163619464,0.10762496612071003,0.07820946428664245,0.040469107661284955,0.36919134343437626,0.1235190075616633,0.17038163521379188
0.08637125869005657,0.017908598114613355,0.05029715811255222,0.10862769817883529,0.028482771271914262,0.0617947731854235,0.4752864677715068,0.07324158500948669,0.0979896896656113
0.05602819701601225,0.1011800864195422,0.03792067011470331,0.09680161784832757,0.10932218917421488,0.2653357955792636,0.07361279507610692,0.14718493248058456,0.11261371629124468
0.012870643210158676,0.03796791188083857,0.5145029070126629,0.011572305203328978,0.02983281949015974,0.14432809804566551,0.08308813459279203,0.11254231786353315,0.05329486270086057
0.02909109031897345,0.04544010082059303,0.06299058935551761,0.24896824883811655,0.22235494008038645,0.1818193732572002,0.011986284773006721,0.03939120268597501,0.157958169870231
0.26926125477504903,0.04107326318504997,0.04374689404774346,0.020982427645094618,0.04080167857039249,0.042129216914847424,0.46928562568158555,0.03736755999093736,0.035352079189300084
0.021770517777558628,0.025170499723021652,0.07407463582876889,0.02675108993296894,0.016182982322645523,0.21892432048942476,0.13711800247170894,0.4560814329354146,0.023926518518488153
0.08027181377355977,0.011093624874809006,0.09995837594059771,0.010974822756852765,0.08127380069933186,0.10844445066349014,0.45200610728144924,0.13288917199957426,0.023087832010335246
0.015075916618491197,0.08482690034033961,0.026537840742442084,0.018216508584522662,0.2322490483055277,0.4487426361764886,0.04771789924798612,0.057002396393828175,0.06963085359037387
0.18492164674670805,0.06560215024819044,0.0802742292512202,0.11840323857117563,0.0025208972183089987,0.02512575881493044,0.03838366622339775,0.1126707851671677,0.37209762775890076
0.09089970450218833,0.02867766082441008,0.06787004223894855,0.09117656739093338,0.025745895119811773,0.1118573536906216,0.19526250932143216,0.35961457013537346,0.028895696776280646
0.11639671423154108,0.044368806006674165,0.12634019359845827,0.07197683140743694,0.4034854100403467,0.044890982443727134,0.04733833890948295,0.06484617770950761,0.08035654565282523
0.024831571596493508,0.0283406351020792,0.03634583146627996,0.02042977173815951,0.04743615097516676,0.08801557479881578,0.5831222560884993,0.09896377561017207,0.07251443262433395
0.11298572186545619,0.009955988778869275,0.136585318420515,0.010874459489108791,0.038342711897746067,0.04390985203269413,0.2707412412368856,0.3595040764186363,0.01710062986008874
0.006789944899814233,0.056635952148216095,0.07295410289441477,0.037492620349625944,0.09945343013072322,0.41772865486653493,0.043928154600179035,0.200415821325571,0.06460131878492069
0.02132493820337764,0.011937132916729857,0.047589225900882444,0.0720341443590553,0.3525882773254252,0.2038081982762198,0.14338462243656233,0.1347880682948831,0.012545392286864276
0.12490835320204863,0.08298994925105484,0.028338490300061095,0.0762946046739439,0.03412230764231803,0.03568065178104226,0.4937837029463504,0.06028072574047925,0.06360121446270164
0.009920288508677254,0.07006524560198345,0.05108369369104316,0.07089642641407494,0.061349581896663195,0.5400885566154425,0.014844661957698388,0.13650993849825202,0.04524160681616506
0.11287793110157544,0.05843587760338301,0.07757774283214368,0.06000830643894014,0.03950559799916208,0.15547461989672512,0.1865745897143115,0.2538883882017952,0.05565694621196381
0.011243255128624384,0.2599156853427957,0.11930318424448039,0.1072147697402267,0.04665986013676004,0.13796367656080022,0.12141215622211754,0.07775876877008261,0.11852864385411249
0.023181616901331498,0.24619496417081513,0.16240253773194313,0.12285226341850812,0.031278791682412516,0.09029723425570606,0.043258295994206296,0.11512914091445355,0.1654051549306237
0.018786476634046024,0.006440381708924878,0.023251731417597093,0.028442660059315922,0.042974031752636276,0.057058527906381856,0.6278741156105174,0.12946305986382184,0.06570901504675862
0.023575439309277493,0.020742798234873853,0.07051800870573639,0.05757288175689762,0.10156818631089555,0.15566787585464206,0.06007038926296157,0.42446836272967986,0.08581605783503558
