0.11829618593512752,0.40308970832832663,0.17274057035694104,0.025701124271368225,0.1267655204955655,0.024114220270227246,0.04368434681635102,0.04930707906538918,0.03630124446070373
0.10206099386718002,0.03935066795920237,0.032698402798834014,0.10810505260348147,0.3779516709770478,0.042368024689961516,0.04285601136835476,0.13432351734630835,0.12028565838962968
0.26419921746714525,0.02137807186386351,0.008645175465569272,0.029048765282201044,0.18369220818854395,0.013309793184673324,0.0176755576128467,0.05259078036680607,0.40946043056835085
0.18961586293000468,0.011973925793933306,0.017627738890825383,0.032145624897713755,0.5624740934440327,0.011605645457536451,0.015380430487291132,0.10120406814999865,0.057972609948664024
0.05763074067701118,0.014126483135211221,0.01730831607025515,0.14326716431825778,0.029117980975602076,0.3873498269059148,0.1346094317434298,0.03293614888363568,0.18365390729068223
0.23701115337962486,0.5170418038208033,0.11416649329077816,0.008344855444954037,0.022988891549926223,0.014532395505432125,0.0302744210736612,0.016217204537531654,0.039422781397288505
0.3691133508802369,0.11986784335656082,0.11980821467710105,0.09140811743566173,0.13206891858254718,0.012681837421226305,0.02903133018242983,0.0897473179747772,0.03627306948945903
0.2675359838472802,0.06386150843119233,0.07097382628572985,0.11102605403666382,0.12303228845602515,0.022964547271930886,0.03745363194423948,0.1084563659970983,0.19469579372983992
0.4146690018562306,0.03321796167616211,0.13782458756305552,0.06397565818827723,0.03947385749523923,0.0314568483595824,0.21304516287225794,0.04624746346980163,0.020089458519393335
0.22618672339116463,0.014542232919013257,0.2922651942590924,0.08308726248520738,0.08243164974986351,0.05034786360800545,0.1536079992796117,0.05042186690520357,0.04710920740283803
0.11342955522291807,0.20119598082474907,0.038211490610380906,0.040445135606258634,0.16275464930234382,0.04429242087183436,0.08455784721549514,0.1492612930318363,0.16585162731418376
0.14918803423985919,0.02734837118202907,0.01225341019368107,0.014711461014042498,0.3764287741663286,0.01926354169078916,0.010123170002439145,0.1599859021030714,0.23069733540775986
0.029426633489640575,0.03879405278629846,0.06836130848165461,0.06601628915281947,0.023071686831985763,0.6335765724750996,0.05408763288244284,0.04671689301872319,0.039948930881335463
0.17944346575941328,0.10034283577982604,0.09678494359372856,0.04105118036256442,0.1801748348695947,0.10903425389507304,0.035760558377733294,0.16647320107467056,0.09093472628739603
0.2905024471847896,0.14098551975877338,0.24050936959727198,0.02508707144903809,0.04927032326894876,0.04312971355647908,0.1202871115696177,0.02196262053948649,0.06826582307559487
0.462964701130872,0.06402743838589327,0.04909499726415883,0.03160537766412947,0.19980625323179324,0.017549298947423797,0.0315761628935449,0.10878635025127348,0.03458942023091088
0.1185534225065157,0.056262326108578446,0.07398116653412805,0.08206449638274615,0.11757465208867425,0.018090143031703188,0.01774693141512877,0.0570287750299274,0.45869808690259806
0.3341976105271358,0.10553322991937787,0.056014184204047586,0.23444513336213538,0.12637547472606758,0.024614888229788055,0.05094930143189802,0.056809833998493396,0.011060343601056155
0.05641153365434113,0.5852062319214948,0.1642504541767685,0.006633950633037747,0.054477716037775896,0.009616497683667248,0.0724090216549567,0.017012283617478214,0.03398231062047975
0.06895615170017873,0.03790038048233186,0.006403559698986697,0.03581028035292136,0.15680330846791632,0.03914595913563057,0.00796368679104466,0.5707410810821444,0.07627559228884541
0.06080050150832631,0.0055015797650253525,0.024756849864393336,0.05425881943344794,0.02515850131867708,0.5875888455128319,0.08991153813368108,0.062030697800396,0.08999266666322094
0.09027439178169257,0.6124028908024045,0.13415920035081016,0.015270106566869503,0.033284418144065644,0.030199819650661024,0.012038837444036422,0.025495510168244483,0.04687482509121574
0.11876747565082933,0.1427350430358836,0.025474616659618653,0.3791327863913452,0.03157873531802912,0.10227616771532995,0.15535989716930565,0.026955724204833404,0.01771955385482508
0.05264165902397564,0.0242377792112254,0.2684874928917202,0.0245956478081046,0.01633433196446008,0.10271239720579521,0.04417519277503826,0.06828250153740108,0.3985329975822795
0.07713584284209017,0.04838668796203599,0.0686953652121358,0.0855541386526169,0.5012429855042703,0.04822730493462823,0.11615041203535685,0.02068806165968412,0.03391920119718176
0.03179324174530007,0.5557250830902688,0.11462541239455008,0.07723958573676994,0.019821653591269042,0.016002020813998704,0.0613287914150113,0.02498307775461873,0.09848113345821324
0.04898101846169076,0.040243770374259476,0.2272689611482658,0.5065419044710441,0.034306097579695626,0.053400253448872566,0.02468651744178532,0.03607855435736527,0.02849292271702103
0.16153967374434097,0.037434969323861936,0.020321620261316824,0.039131535232742674,0.27530432150687445,0.032922650697031396,0.01326905244913095,0.11978943188108881,0.30028674490361196
0.23136492143046206,0.04721633011087247,0.17731077445455898,0.024655086376394974,0.3643917423766762,0.007263384394743337,0.012330526308925562,0.07870153882160506,0.05676569572576137
0.15837290652569122,0.18962452285648387,0.06886991332098717,0.06786750936381153,0.11868266363947144,0.12263261455547154,0.05494651923295472,0.12213808699025984,0.0968652635148685
0.11866602370313295,0.017055699017888403,0.13126559749983166,0.07329270889601529,0.026326350312614932,0.07733206801077626,0.496231604431377,0.026466580765024204,0.03336336736333931
0.04639226048005218,0.4122700956373324,0.1725773356315988,0.14772826896738397,0.031252798342581614,0.06418965375668508,0.04877759126767318,0.01352390249717946,0.06328809341951329
0.27505804140048123,0.0802695305587617,0.19996396142421977,0.0517832777311053,0.0695483350682516,0.08984965233514451,0.007964627309440116,0.12472573619087635,0.10083683798171944
0.052118707690245125,0.04190342836330307,0.5279271381602991,0.07593263838712845,0.05831654410032755,0.04776490856793839,0.11942555263593628,0.033138731570776125,0.043472350524045855
0.0756488230166089,0.01487297633833392,0.2242347717860301,0.04842518253489999,0.07595432755428548,0.052810878157789905,0.43696026192425846,0.050775346158512875,0.020317432529280394
0.09340214074485952,0.33184736803148457,0.06830721439281748,0.0786108800909059,0.052451027340580963,0.07831669234602275,0.141895126036664,0.04582235733385983,0.1093471936828051
0.32030620232436785,0.026790494840251006,0.09872627931369622,0.09129853580850981,0.18949672222300593,0.015973325297707872,0.055402045099162134,0.11518125008652756,0.08682514500677165
0.09296685583428804,0.015404367361144708,0.1913307081660098,0.042790927245573714,0.04431398452129434,0.19175726977277122,0.056555882969797154,0.0496104668994673,0.31526953722965373
0.32112189486015263,0.03380609103465946,0.01911437203351263,0.12570105560493552,0.17730534477141802,0.03558873596694823,0.01882841149825344,0.17865452728303735,0.08987956694708266
0.15545611728058603,0.33172495580970623,0.0709413800662449,0.10526758718205666,0.07662022000191986,0.05901891168982527,0.053180849282622705,0.09692594600579824,0.05086403268124005
0.16125386060473337,0.1157648007495541,0.16542213765384975,0.03161792320950777,0.06223296478655988,0.0841451886563745,0.10778581948517184,0.08240718814140348,0.18937011671284532
0.15083342157102442,0.02484015837591183,0.022313393118557668,0.025843243847044454,0.028388179811417318,0.00868667629667959,0.012796018424342512,0.6767600903029748,0.04953881825204733
0.33070961864286136,0.09147974090007623,0.19222743114822646,0.04158358378210099,0.10899274881012061,0.012805658569833523,0.012701378886739322,0.05943685051981043,0.15006298874023113
0.20091253057118144,0.14805020401267208,0.037275130407922956,0.24062081104787592,0.026947158335059496,0.12606499505477567,0.06101910107611197,0.0480704816107134,0.11103958788368705
0.14522102369042011,0.2359344060185984,0.14761691037229008,0.11126216732173137,0.06970827483700355,0.03953629898577297,0.022730547977415083,0.11720027513119075,0.11079009566557761
0.2152329212028178,0.07680175084891072,0.024037375441468306,0.16217352762935125,0.1304851276982382,0.161284632278992,0.09601114489686356,0.03956120808951481,0.09441231191384337
0.03911051270980356,0.43609175289765983,0.16173748623615672,0.055349155812830696,0.08164973865583736,0.017126743795452145,0.14913528553327918,0.022420668873888244,0.03737865548509226
0.1570293352234753,0.00963095109619337,0.03902717236319173,0.03751143605099903,0.15354408046602455,0.010834984709725824,0.01739582172805633,0.0625688262831017,0.5124573920792321
0.23142219022589913,0.09708822647389909,0.06805754723907419,0.04216741391986393,0.20155619715301243,0.019487259416338373,0.01561784285788699,0.12944472404174232,0.19515859867228355
0.1660420966776483,0.14665967367728064,0.10706666255430941,0.015557536020730579,0.2690815720171476,0.04680153678981908,0.02530037044348665,0.06113334860466263,0.16235720321491506
0.18480271516717253,0.02659047859742047,0.03732273563961114,0.09132318368120672,0.08347336017189573,0.04633552607727135,0.47725509254890053,0.02369863826652519,0.029198269849996305
0.07311167258042496,0.12332071395090415,0.03046113985049756,0.03364911126202754,0.04830729921120317,0.015292417421373557,0.00755497578370203,0.5567819640249171,0.11152070591494995
0.15360762078632662,0.03721162958929866,0.01894166783217754,0.03608346975291316,0.25929619145907495,0.011017461518234226,0.013708093813874922,0.3250251657095826,0.1451086995385172
0.07570705195181955,0.5104357135479793,0.07676342656278133,0.1088028440003811,0.03223350441541121,0.047087938888606344,0.03217573268866216,0.03370735862034623,0.08308642932401274
0.24844152349576756,0.3267338597808357,0.25208246232548864,0.005229132692989985,0.042036343079319936,0.05105921345393521,0.046710943145009017,0.018244398486297334,0.00946212354035663
0.36710400520577346,0.07188956880822363,0.07053614919569832,0.18820785224063316,0.06826954717896495,0.01371215240496467,0.010144924198069127,0.18579771937155676,0.024338081396115884
0.09914232799581162,0.06694602647045574,0.15149842601592386,0.052483456694257025,0.024662205591253192,0.10140522129638783,0.4581285381574742,0.032748040469263454,0.012985757309173243
0.03010294868178608,0.03838486062001608,0.06488773323380699,0.1813521724795517,0.12658719656055342,0.16930577991431714,0.1409030031497439,0.03353769243757985,0.21493861292264482
0.1756377828703202,0.03427159471362073,0.02472388985213699,0.11918793506902903,0.18246181116225602,0.04808273570581334,0.030766073299487964,0.31769214961616793,0.06717602771116783
0.16497753481121996,0.04419757655578019,0.0934389674024733,0.16142540944599018,0.10040607324732553,0.10346882434000308,0.05276850132893817,0.08272742987524973,0.19658968299301985
0.10096702156760347,0.06038956961615765,0.057161775855632195,0.40819063911619186,0.05946603637391543,0.14841410544149725,0.026141683166261125,0.023536738944286973,0.11573242991845406
0.02791895059810434,0.5131005192738737,0.12823615504881092,0.018858631231064845,0.05366189108636338,0.1145285923252587,0.020310380969540263,0.029277808655676602,0.09410707081130731
0.061611106534842676,0.47442654306419946,0.04405347978430857,0.0068603682990291785,0.05459933953127133,0.058979573735456536,0.061309709050070875,0.0232770705553669,0.21488280944545435
0.027548956227721133,0.01799973903425769,0.02445029041079537,0.028750828114835647,0.03806671557948816,0.6507892687888651,0.10466243763100318,0.03703565494281538,0.07069610927021834
0.05691127982669597,0.5735830134168672,0.05670310056060893,0.0777157220107635,0.05426341437388323,0.033041238176764624,0.07567371547188163,0.018343379131686027,0.053765137030848724
0.04759593313202836,0.08590097406113155,0.246357723768181,0.05407143447015831,0.024342991333170957,0.1258323160940331,0.021770312037414044,0.05966944758765763,0.33445886751622517
0.1112698046911046,0.049673273169973,0.04911418764841206,0.2466684124689372,0.08361374091413497,0.21033309462406694,0.1708170019826553,0.05308582539745521,0.025424659103260732
0.14426547834853,0.05852148109760502,0.03296848595973562,0.07709344752835733,0.18627072821754856,0.0906748333185905,0.014475803925299596,0.14023408538316773,0.2554956562211657
0.05376104464340325,0.12373738102423294,0.21751267442403047,0.03636033876136154,0.19883408372911257,0.005373096443804889,0.03901171707659804,0.09271745538434532,0.23269220851311098
0.10777671068830597,0.546929984631728,0.07379668848550817,0.06943604075015686,0.040903772435134406,0.020903575990816423,0.0700296042366894,0.01728105157251331,0.05294257120914758
0.09660172531784104,0.06472349554964767,0.2046631072743741,0.030486851167924173,0.12209365689933484,0.11471296624087007,0.2709115144564298,0.03740587891208163,0.058400804181496756
0.030520234607521055,0.11851668702913752,0.05837445241820194,0.012324373706476042,0.03934824804123127,0.5230792217113865,0.044502176563281405,0.05244817658097739,0.12088642934178684
0.13321823605201422,0.04218518054828333,0.10860310923787557,0.3493150235355001,0.02156989256887266,0.0794269741156558,0.14461311399578802,0.038666743322511736,0.08240172662349851
0.3092986370269046,0.03450573220258937,0.20481412315548142,0.022712534226456138,0.03728382069583963,0.06452756901739086,0.2595390544857971,0.02646808159887221,0.040850447590668686
0.20159810436466663,0.08595582205681336,0.12998176751728707,0.06592779307385714,0.08640801412313609,0.06879484931007195,0.03460484505222806,0.15570404387946415,0.1710247606224755
0.08542958313555098,0.06774007485881228,0.015540458290853223,0.3239539798372624,0.3106794636332668,0.02807170810139641,0.0065704792276861075,0.11152611865308333,0.050488134262088445
0.037279977082603236,0.3640471090656016,0.040274799753876094,0.05227610385718756,0.2059803090031566,0.026821809367718535,0.004211001749414346,0.034655218134850875,0.2344536719855912
0.1973961731315158,0.043477748855004016,0.241488716540061,0.3261526962150745,0.00808495659413417,0.057479398711327644,0.08241362602077283,0.02895710340443465,0.014549580527675488
0.07460718767771397,0.013252068478100378,0.14673972174258224,0.40488160175129595,0.043044677175688974,0.2091617689129687,0.07247938757138717,0.027026327415628076,0.008807259274634554
0.14036292890107627,0.11338221639135965,0.025791941636932016,0.04205042340305277,0.460791011125894,0.06391670398779169,0.021381635424764307,0.09777831037547907,0.034544828753650246
0.036965900951886406,0.09184937072848061,0.2324589911752262,0.2381184414685186,0.02818519336574003,0.04206187113220227,0.23295124402498332,0.04904665083262292,0.04836233632033968
0.23517397940916976,0.02893616896880083,0.3372432327410329,0.01709070881421851,0.016322228756243253,0.05344944712146593,0.08875458635445317,0.03393247722969801,0.1890971706049177
0.2305862580272563,0.0996392408947464,0.05448862181840438,0.06403351433202405,0.2679642602252791,0.009606249569521816,0.030863416778308495,0.12138427952619425,0.12143415882826515
0.12265453183674115,0.07631101764763591,0.03432698731147856,0.04790715216679738,0.35099582518094413,0.03892034190313764,0.052910439985717726,0.16082517197618273,0.11514853199136477
0.19149326675022385,0.03640003099883391,0.028338346377862644,0.10465205364627929,0.23783092899897593,0.0409304772187686,0.03779949110405245,0.12987499356905255,0.19268041133595074
0.09577462858643863,0.02474106137108586,0.0866701914206655,0.08564074442980836,0.028045665910734194,0.08992063986299653,0.03588842081388408,0.04755815707098033,0.5057604905334064
0.14578342431136948,0.10395285087605888,0.050405626992502915,0.19924759800961833,0.054301132745016106,0.04636650330475922,0.008629774247554957,0.0818160488852686,0.3094970406278516
0.38744697774567366,0.060064341693492125,0.06486489231024563,0.0971417459568188,0.16734418359696332,0.03494721420440403,0.035268028174340514,0.09213787400764484,0.06078474231041703
0.41587037811521066,0.11317880180483926,0.09075944292915615,0.06427611689510493,0.08073537475350735,0.018593050383375567,0.079214160595955,0.05583659486302998,0.08153607965982122
0.10484872256584936,0.5874680934778684,0.08202288478577484,0.04300957933033334,0.07915228975566131,0.02092903664327744,0.028941207424511933,0.022269240245481926,0.031358945771241487
0.10952320229992855,0.015801820315975913,0.03188587386924894,0.04540262710822676,0.43884288031811014,0.05740527121501255,0.013378738410343934,0.15314847177779495,0.13461111468535827
0.14121562945180444,0.04320813651610544,0.015538109851173536,0.03530435596370503,0.07341494303523377,0.02367063680215385,0.044655072482167386,0.5895897913425237,0.033403324555133014
0.371206805828751,0.019552013186158953,0.0361856014266829,0.24935766117020677,0.11783137799422912,0.01129990071917729,0.034112253484448164,0.04887191763907881,0.11158246855126695
0.17942990290310423,0.14926351715396355,0.06310563233495466,0.08101871538407966,0.12750812009266857,0.06424336755652439,0.11634694571677766,0.16493687041200045,0.054146928445926924
0.08890261755678176,0.016179136259565553,0.16942269932888612,0.298951952830258,0.04183165913983868,0.2653243924403815,0.058453436771079004,0.04673818832627998,0.014195917346929389
0.10131863112696711,0.4217029866300801,0.1351976049028192,0.01807899068456895,0.03784648154758949,0.0728387198989477,0.0317299992714622,0.023430150300106273,0.15785643563745896
0.11485877349174563,0.0888511262889881,0.5544293455409982,0.033447400922350747,0.036720680833710946,0.05975208929683323,0.057199455379002506,0.017766662209474145,0.03697446603689667
0.05547998142214463,0.05675836916643249,0.5549866356447958,0.04673917926577608,0.012562517608907234,0.09311340856336721,0.11727102552063962,0.0290557998026679,0.03403308300526916
0.1543732778056931,0.0833865231413307,0.031167614166764685,0.014186899364711477,0.0331482198411689,0.009572732972561043,0.03493475135152869,0.5909837646992031,0.04824621665703847
0.21468845903406697,0.05255822476159089,0.050122584944182196,0.07876690828926931,0.04981738419643028,0.195580298737091,0.027742896939939376,0.12215753706594655,0.20856570603148336
0.34092641565455856,0.06076893004623448,0.048152573720495556,0.05338875639025942,0.10455732645478456,0.007639054901372895,0.026764844863889487,0.08790309064679303,0.26989900732161204
0.08682649372043817,0.0842513253060595,0.03460056485465388,0.1335639080179806,0.14535037625835742,0.2902474613450971,0.02692703172896872,0.10117838483709214,0.09705445393135242
0.11050827493113587,0.036296334898906414,0.015474228970017621,0.15318963948315864,0.0186633099942652,0.4689927854765288,0.07405505526779285,0.029110487152956718,0.09370988382523793
0.1315622200660446,0.10708535364623162,0.08262848679028835,0.16996153314666937,0.10423655490775251,0.05298030636973377,0.05666524250410045,0.17867208616085584,0.11620821640832353
0.14695938858120072,0.21692268538928486,0.14168696996994656,0.2071218912699256,0.07213417778117358,0.042144758890080104,0.018167263425131683,0.04730337321259944,0.10755949148065747
0.2069636068975903,0.03090898407014159,0.40822865320304996,0.02973202644234606,0.013046896433691816,0.03386516188545353,0.2361846747993678,0.027954710810418292,0.013115285457940697
0.11402440152814101,0.03278346688894721,0.5682996881194844,0.03461244670209931,0.00850200155352881,0.04821628438467604,0.13579232590146004,0.029307879252160305,0.028461505669502913
0.2017770711600186,0.01590211888454375,0.013312705982361566,0.08349387502049684,0.299322645954207,0.08672455043181,0.0602634340486386,0.18799573376576686,0.0512078647521567
0.061028777727254076,0.08866360186217408,0.13342940700227598,0.07718022736776772,0.12167962415523347,0.34790315861084126,0.054346644467454054,0.057511380268055794,0.058257178538943584
0.06431298145660073,0.0897790782683814,0.5711153139656778,0.12880268664634156,0.018316746863675425,0.028120758557778135,0.0330631940447138,0.01765800044335754,0.048831239753473615
0.08301589240727397,0.04352568056157271,0.022048073104478243,0.13055451681041944,0.03992380606468608,0.018896396649323615,0.005096590770520863,0.2703340523691467,0.38660499126257836
0.10347914353348824,0.022737802103135727,0.05221189111335778,0.0457735862617473,0.0246895712447998,0.0352051445831482,0.011920033143536846,0.6045748647274544,0.09940796328933188
0.38230166827700746,0.15358533665532537,0.04444358397906455,0.11629022534126987,0.15984652352341958,0.030965692842633775,0.03889832122688618,0.04182332528668337,0.03184532286770987
0.08183767240601542,0.1950447337411838,0.06937999667698247,0.10954825756956299,0.08131627549785218,0.23187705935498748,0.02333234499367758,0.14264706684592998,0.06501659291380811
0.10676015192137368,0.609887141980502,0.030632274033295704,0.029947975500381044,0.009273045201846344,0.06514689040425344,0.032844075152710504,0.036666087350230865,0.0788423584554064
0.5704582426853153,0.09937749027340696,0.06791959747859046,0.017642245818212342,0.0554432578780504,0.028033802869496072,0.05317741013292942,0.07010687491829887,0.03784107794570008
0.0468333132959854,0.6070030325937028,0.0756784045546594,0.026974369412230054,0.03671368434704541,0.04168081469222009,0.04608399481728636,0.02252942894877208,0.09650295733809851
0.47495270437356246,0.03311048834281144,0.07751781883589721,0.007741491596054252,0.2739262989198028,0.009723639016185668,0.035727364998780764,0.05442995233337244,0.03287024158353293
0.0696823662104286,0.032735781877622265,0.07804110169609711,0.020434764137929745,0.32350758520426476,0.03698439807063072,0.013081659605727478,0.2709700510010272,0.15456229219627202
0.14626938658772942,0.11213189453641918,0.0334683681128339,0.032027313801730066,0.08476656815583246,0.0468607237385377,0.01380471747415428,0.470209726163096,0.060461301429666936
0.3322294360434023,0.02391203227013576,0.14395268371943595,0.02389004390747611,0.28007948186094717,0.012704241267847636,0.01476699498410901,0.08426355513654676,0.08420153081009941
0.11454125099445851,0.622414216767232,0.08255956083144368,0.010821676209848535,0.017603909006422953,0.04574294681796467,0.033200613494562374,0.02306063156061901,0.05005519431744839
0.12978339942890063,0.03659997375633046,0.0285135330670922,0.1660932518216279,0.13982971313393033,0.018388696571924813,0.0229760547416334,0.4051835443014143,0.05263183317714588
0.04473325094725672,0.07168294957253107,0.07500916505770523,0.07658456748216355,0.22883356550159992,0.14422435463302788,0.15826879186857556,0.03300077044093228,0.16766258449620777
0.2105663724572254,0.23892593306995083,0.07654781303047474,0.18428384079083235,0.029390858442630192,0.07120835723262901,0.09249791500708236,0.05485481112122686,0.04172409884794825
0.5249807786977931,0.061948152125021826,0.05454435670581109,0.06137322511381225,0.1018822698493063,0.02363370554279233,0.03407470420437444,0.09304451268267185,0.0445182950784167
0.09418081061590976,0.052373432578205835,0.06235681530081944,0.053182986641801704,0.20482236178541777,0.09930525319533513,0.033271942776828205,0.08940821886342709,0.31109817824225505
0.2238977044809433,0.026597359709246482,0.170230122033709,0.17163136568912649,0.11180085967098057,0.02459149109822174,0.01573122452218222,0.03856969136898301,0.21695018142660713
0.09766292437956688,0.0695813727706437,0.08495516372226929,0.07653198992624115,0.06437147326774348,0.03126372356538071,0.03670301913870116,0.030070579583081226,0.5088597536463725
0.03177830290053402,0.027808955165120997,0.16855567514126127,0.5942654701963638,0.02405666609789429,0.022262290658347544,0.06662872941683501,0.025959963490795584,0.03868394693284758
0.1504973842240915,0.06536606289284147,0.06224400553277981,0.030356262863084422,0.3050545231440558,0.0725804020319442,0.02335852893322518,0.21131313303701096,0.07922969734096665
0.06608048978247576,0.0071980118836598465,0.1440445740972617,0.14052449072159576,0.0356171003258132,0.08551786426398889,0.4056919577221394,0.037787703092971144,0.07753780811009427
0.14027549603619247,0.17646876377771847,0.10640804930001983,0.020377912741934498,0.2102073804763643,0.04521297344173484,0.06128876748450146,0.09885866438782942,0.14090199235370474
0.17560827424420078,0.016810588530962713,0.01111072394280376,0.11862044358966312,0.18858904341116445,0.02204725256216966,0.027533428761008727,0.24123107469207863,0.1984491702659481
0.3558570271541157,0.032721878998410246,0.07548388143058278,0.05176786678731743,0.10735960562540364,0.020507886933262078,0.031126072216529892,0.25161659361922734,0.07355918723515088
0.15887531725579349,0.18041473470291888,0.023854979008009286,0.01764767205396699,0.17872513222452246,0.1007290287909119,0.011804733607709271,0.03332801316152248,0.2946203891946452
0.17707336496610684,0.009143895990711404,0.24767498706344948,0.03652298046321556,0.013158166374885906,0.03154705654741879,0.44854397338355817,0.017817250500738912,0.018518324709914942
0.05338170268262323,0.04846006825018743,0.03456479633299093,0.1424412588510061,0.08638606218351329,0.030696879529600013,0.05304223759576495,0.03346149775607368,0.5175654968182404
0.4562816994651408,0.07318186557123353,0.04448901543966277,0.15776712657214723,0.03990137304460442,0.01106800762135394,0.04054057228562604,0.11818274709108272,0.05858759290914869
0.08926351229439894,0.043423100402216065,0.04485996137855288,0.542705704739481,0.09445772852018697,0.045728330671905404,0.07215015445122709,0.03872840751393922,0.028683100028092434
0.17690723665135033,0.04995960926772086,0.027310971874635742,0.2166803466901972,0.05752730587092445,0.03486030624539042,0.03107396135275794,0.2706832667459569,0.13499699530106612
0.06903153382429063,0.4612705699026751,0.0460428035515504,0.047608375414293136,0.0116306148831521,0.08603310560060995,0.03201734668369744,0.023303655615568766,0.2230619945241624
0.350518934510814,0.05409277886327766,0.06787161096379775,0.1865796575692246,0.152116108109177,0.00898953626234042,0.02997482816357686,0.09138520341585056,0.05847134214194114
0.15418828920775626,0.35388288474135204,0.10321431147135707,0.0522848011615892,0.06592605370685918,0.038567522312468225,0.03219710552513797,0.057359620254306014,0.14237941161917408
0.07260084251064991,0.02229703999643703,0.16246645164582108,0.38301185558782275,0.027266382562151376,0.2408506177505243,0.029029536005077697,0.030234125749443532,0.03224314819207228
0.07624523296092983,0.12194154681659776,0.36326298561271847,0.05313703967292313,0.06460959948117902,0.0328363993816417,0.1741355509613102,0.06021555267207492,0.0536160924406249
0.5175100966985271,0.05994005929280308,0.03779961764049868,0.03631957055938545,0.23420643447595332,0.022193188968562084,0.024548049857562884,0.04409078174154626,0.02339220076516116
0.1578729510533957,0.045499062918458864,0.06319801952645056,0.2875207207051676,0.14480905655902257,0.02537026697147825,0.018422188033548274,0.14332543804889092,0.1139822961835873
0.39551609950051964,0.03404750987806242,0.02334053781876066,0.12268177248356349,0.09076674161478437,0.0998137666852178,0.039426469178797184,0.1367744180177941,0.05763268482250025
0.3446374159602461,0.10532024407587044,0.03398262718451996,0.06877095532021131,0.13633748564860348,0.050735398032956534,0.030314101380175467,0.18086875459046628,0.04903301780695039
0.0740158131444038,0.12451148807648249,0.20714918697615559,0.07200038441107541,0.0679025450997507,0.23298104999709338,0.08429749263371301,0.06792228660596035,0.06921975305536525
0.041131701722219506,0.48242889361801944,0.2323957369287093,0.025386587516353667,0.04268571123861766,0.09883298649506865,0.028796122781842824,0.02524369708919826,0.023098562609970768
0.4350999437724747,0.018413390400782048,0.05349389982327605,0.20752412496468628,0.0640144308492706,0.08539703135468511,0.0122683045579662,0.05561716577903084,0.06817170849782811
0.33087584519985663,0.00642504988034785,0.016591818129520392,0.08641234403628195,0.1146041128861391,0.08597073303219399,0.026540195381481568,0.26249484319832367,0.07008505825585486
0.07879046866028716,0.04144444863449367,0.592268231163732,0.04838984795992046,0.019949995966532196,0.0631490746031509,0.08026269277726368,0.04468345543889318,0.031061784795726688
0.34149959151699255,0.1996119161654998,0.048192218754492415,0.04176283528876282,0.053962774378252885,0.013796875773347927,0.08489655079848925,0.15134052374346102,0.06493671358070126
0.49838949802965854,0.012349814655129547,0.024348508886319464,0.015232835904075794,0.27342316153774876,0.0444604099663757,0.02635352631019359,0.058388558331186946,0.047053686379311684
0.12452381564026764,0.007735775146492919,0.005432011661390909,0.01807838605421347,0.01956375081795241,0.041938408416892205,0.03376018599522266,0.6719372214781515,0.07703044478941629
0.04977272247781624,0.14241658149333117,0.15299258936866453,0.38387020708586955,0.03701351890873772,0.07399223233116681,0.0803743967076186,0.03997454357866732,0.03959320804812819
0.041658538533186094,0.5851643475097478,0.04645587284171713,0.09661918343231087,0.02590606012594236,0.036469383920343115,0.09696377226361756,0.01900483544798226,0.05175800592515275
0.18201576696396105,0.05390369333571438,0.10170069009575688,0.4142403069978043,0.02442004629502525,0.10553343148926032,0.04335336894031766,0.04388580661964677,0.03094688926251331
0.38862130337768214,0.014384837137765527,0.06733507951127177,0.03226379413094613,0.1080828466979822,0.004409740447580912,0.039210884097988764,0.15486929860183832,0.19082221599694427
0.06698624695549357,0.5250369604452522,0.10776242803714442,0.027011814612592767,0.020446817031327225,0.08205113616823867,0.09364483892457136,0.023178635208335945,0.05388112261704392
0.2772630509982412,0.012940904226773693,0.04420788983040458,0.06533393203194886,0.27359989820033975,0.04055577063633942,0.13912367668659434,0.07819260103472529,0.068782276354633
0.08557852045499854,0.019655851716881275,0.15716669742332873,0.02041550381054445,0.07259645362214073,0.27977225361070185,0.08408707060167896,0.12325680636712256,0.1574708423926029
0.04745751469975001,0.016123822725974228,0.017202939456583587,0.03885859502923858,0.07861240882164887,0.07190172485565563,0.04236397133376133,0.6328385482312852,0.054640474846102495
0.029404399259093637,0.020907796823596104,0.1395034282214327,0.010642255591853453,0.02200807317067847,0.45046839441885683,0.02093659941153174,0.06384242120943633,0.2422866318935207
0.31605910634814016,0.05525284225578501,0.03625815916296322,0.04567605843296423,0.177859864517221,0.042576017976641456,0.014751981332827934,0.11102611657715568,0.20053985339630123
0.4679104960272467,0.01942932129006543,0.0691263329180198,0.05994070615680288,0.12961131363927075,0.017884291144785975,0.06617498207650872,0.05716821530210625,0.11275434144519343
0.12058293642471678,0.044771375322213,0.13423810614846343,0.12475193952827124,0.197650457162818,0.048342591956343606,0.05328314479252916,0.08592131664969259,0.19045813201495224
0.04366355610934249,0.6189545227154,0.05398434956457127,0.009742155778896583,0.08362491978994692,0.06033581682977101,0.005173360713535153,0.03233918216138929,0.09218213633714722
0.3823387601002389,0.03185915043005498,0.020324247582738052,0.007764813406133479,0.14331264100994967,0.003019307069033443,0.0375090956510667,0.1828559545013572,0.19101603024942757
0.24751869410008634,0.042922266368322116,0.058281783191002585,0.07943744047993188,0.1399038600246474,0.05451947263306115,0.06990879352107238,0.15602797776382607,0.15147971191805007
0.1097179740886322,0.1322442744908555,0.3352523216564806,0.08996943353357434,0.0709400145383427,0.04514447522662094,0.013811573013112421,0.027295545381197658,0.17562438807118372
0.34611527631528877,0.03534580569550183,0.05873033040202282,0.033982433313647455,0.21530798289157846,0.014365030982584195,0.03607598869753158,0.09091457266785737,0.1691625790339876
0.47708318795427856,0.15302926433943245,0.08020456163463985,0.018102396840064417,0.08832743681176675,0.009401605999944824,0.026155281917059334,0.12481908134039832,0.022877183162415462
0.22715516441037767,0.07567393796332317,0.011814781064586935,0.20683944653289177,0.03584343118173641,0.048359810228009746,0.07764852944327279,0.18114982144205524,0.1355150777337463
0.5526511746524561,0.03303449811591753,0.050406622411248526,0.08932694408187836,0.04851714548004258,0.046516993018024255,0.035848996725137305,0.13362158334062313,0.010076042174672336
0.17386515783743994,0.055587553308820016,0.126758267025226,0.06873613882308846,0.3396545328185203,0.010347489805597318,0.05599397470708941,0.09970067589028063,0.06935620978393782
0.09426360056222884,0.0365021542950762,0.031849604550934475,0.49033841297782493,0.0709929629936528,0.03366009466514081,0.16146155268477125,0.033194904063162445,0.04773671320720821
0.31567994312827646,0.014621543464153378,0.04728032873614149,0.045786704787168474,0.19588315801134612,0.05363403236442462,0.011354812453668858,0.20601930463745613,0.10974017241736445
0.05951141639632707,0.01607474179289804,0.24632211005273286,0.04507099652539228,0.007823188733166413,0.14741334173990878,0.3666571250262383,0.05113309194380845,0.05999398778952773
0.015566120796604702,0.05259066963114619,0.23185873570434357,0.025150576147476872,0.039136031698434395,0.051726634565558545,0.32088147588103694,0.04863292712834508,0.21445682844705374
0.041040081435014725,0.08866127177128458,0.027742784447033122,0.016992140831840447,0.017919321367033798,0.07913926979509854,0.08167521534952747,0.03875275346699195,0.6080771615361753
0.12492183258156335,0.045381705301223936,0.017015764548022023,0.18318051367378194,0.3546363598558868,0.032197453494459405,0.05552769867980056,0.10822726788802511,0.07891140397723688
0.160835369734506,0.058929493217558804,0.03776099563656423,0.05692480287227264,0.18557744778574767,0.021513061163435255,0.009895864592650835,0.07120122613199355,0.39736173886527104
0.030822332600422584,0.01055511443112369,0.030763354283631496,0.4182343293979803,0.036754585812565466,0.2210696126064127,0.08134622077387595,0.041908556060430445,0.1285458940335574
0.06452763348079404,0.1648976846320406,0.2468589025398946,0.1532568270084641,0.03639183082366038,0.11872841991206097,0.030498851707922093,0.061579986923387287,0.12325986297177594
0.11580113949654865,0.5697598115489868,0.090490419257181,0.026844464520478645,0.04835511082212641,0.012399234540992113,0.0390951833927474,0.01983261533946815,0.0774220210814708
0.3289986294481157,0.028610114391376156,0.21244499587125024,0.07231378565627529,0.007974359698174891,0.10414692152055909,0.15919230459646497,0.07098321720989388,0.015335671607889727
0.12228981071359042,0.42122221538087373,0.07847247736043873,0.013846319252165082,0.08890553764460063,0.1428584219347519,0.024881547538510563,0.05631317175602734,0.05121049841904152
0.15811139457415482,0.024217361087914144,0.052676798558999725,0.013156221422428107,0.09548862253851553,0.0606219250087073,0.10713298232837536,0.3897387516302293,0.09885594285067571
0.1618290661972218,0.031521174865900066,0.058131713908006415,0.026952356787509613,0.09893143564310847,0.04320559712202685,0.010801332628989383,0.5032653798415997,0.06536194300563779
0.07206393331074083,0.5326160717525287,0.05840633607809387,0.10834769182245334,0.030597006007100493,0.04536795881597842,0.04954632495972358,0.041461026810096585,0.06159365044328426
0.18356078974011436,0.04697114710328749,0.10145408369682139,0.0685337927383412,0.36900351706362083,0.04726874290374159,0.037861604550663286,0.09372430056843016,0.051622021634979726
0.08112652469735175,0.0867133249780061,0.03732026340759421,0.13298480393449494,0.2080531466648904,0.03358140740178182,0.033858798112218355,0.11002030213445972,0.2763414286692028
0.07471201347790382,0.06162960150510071,0.039898641430283925,0.025327274814642937,0.06023619962807982,0.33684059321531495,0.03498252085907335,0.06168769967245439,0.30468545539714614
0.037677853383296704,0.0430570194348488,0.21288907960028344,0.35835414172202884,0.08583803782935497,0.10681521737207626,0.04054238074154778,0.03642409708149311,0.07840217283507016
0.20712255680443403,0.11574415499843393,0.08355350652999295,0.07656560323085963,0.16050239359877494,0.06818878294203445,0.08289454388947808,0.12859189752996297,0.07683656047602898
0.041027004972178927,0.08065994864787188,0.036855665798103565,0.642620220155531,0.013181927607713905,0.06515810832920456,0.042956766592342537,0.04721935540013899,0.03032100249691479
0.08311627033610146,0.021370217358876162,0.029188439334806988,0.06152154709695753,0.2298131050732636,0.010257732527136847,0.02536715611504095,0.10463510739335329,0.43473042476446316
0.2188100350678773,0.383598490295286,0.06048258742662049,0.021126252770156298,0.032658183458455836,0.09962694363837994,0.054120104888500074,0.046345653547801645,0.08323174890692248
0.03026176066920688,0.014907464738897527,0.01978756338346554,0.3273227656552258,0.030978439604212576,0.32377665554922075,0.10201118344499903,0.027605787437246,0.12334837951752599
0.12830966252156037,0.07362794103283946,0.0590004853807695,0.46286716613846446,0.07515428931142874,0.023151753293015647,0.08945941552454885,0.036002129893697166,0.052427156903675776
0.23446340054304304,0.08012071948270606,0.06656766011002209,0.16757931954839944,0.13292075084122887,0.0634145425689391,0.2115032627266077,0.03409359126118788,0.009336752917865775
0.029377060749004428,0.07984237604578326,0.021796259862416345,0.18850258765889946,0.02147562466502222,0.4978487222556962,0.0311343834053207,0.07662805525667597,0.05339493010118141
0.24916765790783657,0.05386792782105889,0.05145914162939418,0.04192574158315578,0.2703704942654092,0.04150982669968189,0.06377694610465892,0.18747069466406072,0.040451569324743766
0.06482952460784454,0.04767239265837784,0.15369327885533998,0.03519504127630616,0.03960662540041113,0.13157264214777245,0.3200892079012637,0.13977210417256838,0.06756918298011579
0.15156079639492087,0.08585135845609,0.35597052120290046,0.01115941687559717,0.033019857636268295,0.02563910324978662,0.2915544909195256,0.02538930971504734,0.019855145549863642
0.3728432206174303,0.06882489463476356,0.051727225552625995,0.03663113479346771,0.21316772602094947,0.018401220867968242,0.03806579216927266,0.12689586115155108,0.07344292419197089
0.34752977035024846,0.027567827623994966,0.08123873969333,0.02292486479273519,0.3157320038814573,0.021854172501992924,0.03053023990752062,0.08323324505560402,0.06938913619311655
0.0415441764085678,0.011443491855975568,0.05283879566770755,0.022174660232164644,0.05294771349834996,0.1714533938055616,0.5638808727846403,0.047746579014989576,0.0359703167320431
0.15727115560532903,0.04937489851784918,0.4831090636742454,0.050500418895324056,0.017841782590856423,0.05994711127398686,0.1265730742255039,0.03428088665061455,0.021101608566290637
0.0403706351593293,0.08957618274247763,0.10587856220108609,0.5306943695468428,0.014314163035423377,0.10634762555986056,0.027842919781385114,0.037757968825658024,0.04721757314793718
0.07662639631792711,0.14500321448992942,0.24675994873008325,0.1147093922321198,0.2414456695164305,0.043660479462649386,0.04090802226019664,0.06130955255507207,0.029577324435591804
0.5561717958795632,0.11605508134999858,0.07241601525136211,0.012402434987701445,0.07295198184366741,0.008375981720329622,0.04555339447173667,0.06876965218554136,0.04730366231009966
0.5436066059738569,0.03823847732116129,0.012898570631295703,0.0331476440865358,0.16343957501873096,0.011038390190166643,0.009682884886715785,0.11936938159879272,0.06857847029274415
0.06052819312874627,0.575312368773138,0.03529580902463302,0.03703239235193319,0.04032298174911674,0.06359230913542585,0.04905751962568831,0.055893505847165625,0.08296492036415305
0.10163957412431841,0.026316094385773803,0.5465180800733285,0.024802527700107102,0.03208248147304125,0.04476357569611491,0.16850175590935365,0.03415523950762586,0.021220671130336665
0.0981606285112715,0.01222497766680527,0.0140746561093852,0.022173414707878893,0.09543223221128395,0.03150943724480235,0.008440620364771147,0.6949248542932893,0.02305917889051229
