0.2957580367598993,0.031043084012090234,0.0731662637053629,0.06484565999770411,0.16570714668028233,0.07219247194381946,0.10827043279430197,0.06278144674018164,0.12623545736635805
0.039619737483716035,0.059445031201522225,0.16012747880425118,0.22321672218605734,0.09771173300843135,0.13131850654253116,0.07329696616180474,0.13930910571969315,0.07595471889199279
0.19749063218243812,0.15803270986451556,0.09876876797643837,0.021763787388961998,0.13100200419038122,0.011715419190407,0.1624532776022157,0.14657584100723717,0.0721975605974048
0.04911096602183812,0.07479728235684978,0.020874559118782905,0.04077758980044514,0.04069436252328157,0.6201290094204364,0.04776894026592551,0.06221177251897681,0.04363551797346374
0.05540300672357673,0.0530993110819186,0.11897025177400582,0.10055731863209055,0.40022853994337115,0.028053256450770767,0.06509304809771002,0.039230093542485675,0.13936517375407073
0.06881140344119213,0.5478149028229838,0.06394995158633228,0.02124393120262603,0.046092381595650316,0.027979011800474,0.08041636863952992,0.09859396481445952,0.04509808409675187
0.0799683802644955,0.09100187853817221,0.049229084730368584,0.2169187228466097,0.19674915495953474,0.026554402458531624,0.06981759073547215,0.23922232106513444,0.03053846440168113
0.1084939692646325,0.048308901594750986,0.12378886887382685,0.03827832024163202,0.04513884277520188,0.5187911109655733,0.035621298897915904,0.04005329642811888,0.041525390958347654
0.1992028067359862,0.11814330037121407,0.05072960785615651,0.02587441394777028,0.15502502793871276,0.07686647370345559,0.1199402605911384,0.1813109091015276,0.07290719975403863
0.08410511703437606,0.06665516637172285,0.07505318418513209,0.11773295807038218,0.0911269834663182,0.4496996682713596,0.027514234854946102,0.06204995990399917,0.02606272784176371
0.07310677737817972,0.11797511796765048,0.20273858128057112,0.015155640176611229,0.1968752663679291,0.006807143982703088,0.09075717986222447,0.23118996397873562,0.06539432900539509
0.03781943838233024,0.3112607615680986,0.07738946364583865,0.05463999428836824,0.13312628754624908,0.028927572791811667,0.13157190972496674,0.05350236907734492,0.17176220297499187
0.17047457807433197,0.39763805636330635,0.07319264265825019,0.01267297192712148,0.1525940182236477,0.044283920049372615,0.05629899866684374,0.02565222165638953,0.06719259238073638
0.06388543878062543,0.084031830160793,0.05232481516468492,0.09921041435979584,0.056334373796596525,0.4029310200866469,0.07535249737571713,0.12321855710999029,0.04271105316514998
0.04542053663396121,0.06764238943236511,0.058742361133141,0.014178483124775085,0.04900812895749692,0.01953907811060381,0.1367654781630917,0.454507712751072,0.15419583169349313
0.09935863507445399,0.019964586332075207,0.1164854969715587,0.07226689329605791,0.11524864966210129,0.43658275842025623,0.03087064045643126,0.0493610689281917,0.059861270858873654
0.04425577334369884,0.08277138309801625,0.1864724129049032,0.045832276644164484,0.4974569236412119,0.06478148355616974,0.019945871398919835,0.030913352548900066,0.027570522864015578
0.02210148893224735,0.4259154619489573,0.04302798937440147,0.04638529058415391,0.039567661955096735,0.03632129443315751,0.2896562491036225,0.02157145906241636,0.07545310460594705
0.24924962680568866,0.2796698027855071,0.03581132318253549,0.01049151731432702,0.06808762387153965,0.02646269290143057,0.1784392477188231,0.09070548127955658,0.06108268414059178
0.5534059524995123,0.045272627340679696,0.021076036735888957,0.04935340830626611,0.06344498827956728,0.04831910932026143,0.014889270712798955,0.0884651633809374,0.11577344342408781
0.05648988881393747,0.061451182500344814,0.2101437049109681,0.062397199903175694,0.22386198128653487,0.012915165392417395,0.030014573352514996,0.07167403830118822,0.2710522655389184
0.047613331653306196,0.4677277849316955,0.018383804701962724,0.05213098474218273,0.052913460561352404,0.024319473055109064,0.20705144791551514,0.0746338807935921,0.055225831645284246
0.032190231418311004,0.19347576693494614,0.20689086808092083,0.2563582806144587,0.1807437810336965,0.04988331445119868,0.046695807539019585,0.022528858227999427,0.011233091699449147
0.06565655467925764,0.02894241752649761,0.1287247917705893,0.16255926285548908,0.040257734642033347,0.017215482870075464,0.05829762578753369,0.151758118293588,0.3465880115749358
0.034063577344087305,0.06949118163332452,0.06232344577156724,0.021843402844679977,0.07568385410160079,0.006512302374690478,0.13290532642846917,0.4596185621913678,0.1375583473102127
0.5610459522703847,0.04675381417338009,0.028992900137790323,0.07171150132514094,0.053270787794882736,0.17011121863667497,0.0063020693037851875,0.017303018035089837,0.04450873832287126
0.44975292164630015,0.033770814361619945,0.05813712774694365,0.04634015367568247,0.052640458903438776,0.08248860327163494,0.008233762862217124,0.2196867139087216,0.04894944362344137
0.03371143465048009,0.09222560582208617,0.10804595837418247,0.18141477501971823,0.13224128999430965,0.0779874040037536,0.06499696182352233,0.10021354576628866,0.20916302454565872
0.05237224580102875,0.2661862186548787,0.04144309524319683,0.16284428237794277,0.08727675192315205,0.16836975458518907,0.05707254259645548,0.07134487362570065,0.09309023519245567
0.03626434247244298,0.11189119604210573,0.1183048004257947,0.03601697913265006,0.29039799455073984,0.02587019023746627,0.2230902708079011,0.12437342917984529,0.03379079715105398
0.06838805528430107,0.08319342786895202,0.04820058764630029,0.3995560023112544,0.16661846685877071,0.11016238664114582,0.044038336766581976,0.027978840410823186,0.05186389621187055
0.06509823183021941,0.2648232454773842,0.17316434310451334,0.029223756307564002,0.16043865059423593,0.06191130967639766,0.04158666617491114,0.14068132092528904,0.06307247590948538
0.12326756489208708,0.03495694554584223,0.16833726774278826,0.052707894991505445,0.09668248821146841,0.286922628612424,0.04101252281176967,0.10936510477360158,0.08674758241851328
0.08492781223827335,0.03537499481070063,0.1261278159577929,0.05852643978852551,0.05159126512774248,0.4871990236001584,0.017484729608683313,0.08719317044335016,0.051574748424773297
0.031973710965892924,0.49767896251671595,0.02313396886788996,0.04196708061856505,0.10113149353057044,0.03756106823691969,0.14751245305067348,0.09927130733204637,0.019769954880726096
0.05628240413005875,0.17298874441525983,0.015171222251074217,0.16030954304607384,0.1073196949093702,0.015275711543259985,0.11318066061451325,0.19106170327299002,0.16841031581739993
0.012529497426239234,0.08326593285347163,0.03827641774461624,0.019679873128809325,0.19105558152746582,0.009311810461707008,0.21251626299665136,0.18545864710764726,0.24790597675339213
0.30257333035315,0.20182583000491297,0.03284133982465901,0.011380926003932423,0.03241177347585054,0.018531884490777764,0.1618981016389157,0.06389118767149722,0.17464562653630447
0.10216406212677803,0.0665371324295592,0.0743117700983363,0.15313595640515518,0.10858104384683621,0.2322177257649689,0.031949063151295344,0.14847779391219804,0.08262545226487285
0.04198729694598111,0.21700325972230897,0.06820566143817482,0.1138904113609757,0.19956041296412094,0.007782044932434769,0.09765227927817681,0.1111184475058874,0.14280018585193952
0.1260608558117016,0.15318942504532418,0.07236836816370719,0.04107914240115709,0.29825740585983646,0.028212485651017864,0.08481806306485991,0.17988145876253459,0.01613279523986109
0.0955015651280417,0.10131816488985412,0.06751848932462844,0.05844290963845313,0.03600386312702802,0.029193012383037866,0.10228427884128462,0.46659463518928096,0.043143081478391125
0.06123682959925969,0.03842858313925015,0.17167631101179773,0.05891159058583519,0.20917745318703662,0.08650382410830393,0.030312680263085607,0.2636027400370641,0.08014998806836689
0.25457935729804954,0.22414348863331554,0.02801882081969363,0.02419703299390516,0.0639432497461471,0.08136268700154674,0.17071538088057828,0.12291948468101899,0.03012049794574496
0.023414459327746162,0.2279758107548163,0.029605928867482877,0.2733972742596082,0.09679320662333617,0.05006192399074641,0.15701520268801747,0.127601656026265,0.014134537461981449
0.07784117092842126,0.03599354866479027,0.10728635227845962,0.12468461175818217,0.27284728075633996,0.1664233157169108,0.028690932121581008,0.028078819439360452,0.15815396833595455
0.4204073987659558,0.21339417718509934,0.03606082222942824,0.13177129737182144,0.024872786017852307,0.08246674376698838,0.032951001839632295,0.04252032144034684,0.015555451382875353
0.5809378215578747,0.03729227369299914,0.059095971895759575,0.04783968372941901,0.10893789265071015,0.10303142342835099,0.022760584661648042,0.013763270913924971,0.026341077469313606
0.100269529550528,0.10436326486454563,0.29886764744668315,0.0823791390327573,0.20521740841335503,0.06439190913937985,0.02630364268741529,0.02140383824122019,0.09680362062411561
0.11064627669856125,0.0617799376812296,0.08311037557903599,0.06798236592634212,0.34382333261720605,0.06383975671431212,0.12811399507544538,0.049513219202101506,0.09119074050576599
0.03927674720929689,0.1678560189241792,0.06286173882522629,0.23854670120776697,0.08116653340428259,0.2865533786320174,0.035334272053015335,0.04527542866428899,0.04312918107992634
0.39713726436070956,0.04609044589900052,0.023454705621796645,0.0384288985097716,0.07469642089434803,0.049758542251811366,0.07502140047586721,0.05787296784316978,0.2375393541435253
0.07720942361326787,0.05757665651149019,0.24671165344528825,0.033429705456593156,0.26308579641115865,0.006266525031878541,0.0717507321682813,0.16454649118820008,0.07942301617384191
0.047060687398452726,0.1273731132314833,0.13533672542733644,0.045108325011146276,0.10051997486406446,0.06373231178735436,0.3318641921761117,0.07055333677233828,0.0784513333317126
0.03876422395669608,0.16758801239002782,0.13488841904160118,0.03080403242539898,0.07429438776544788,0.02427771474457263,0.21222295232181101,0.13164245962468876,0.1855177977297556
0.18587429460675686,0.04790817328759203,0.1735219253163427,0.024603839585336948,0.3267202552776981,0.06909650635681022,0.0210300731639393,0.07713823427557974,0.07410669812994412
0.0643364247486476,0.14891869347454648,0.015817873894177752,0.05012358731340514,0.11898812457372986,0.017831773293137943,0.37146854542939595,0.1701111933291087,0.04240378394385059
0.041597318050749905,0.1406616532871581,0.17117755681801924,0.14598565874344024,0.2139984874092676,0.02567223580115315,0.04033317347915549,0.15501935052847415,0.06555456588258207
0.05690521468855186,0.1954228889061855,0.25045820059392954,0.017223250349843847,0.17175153701873924,0.03693069986806905,0.19096270389929615,0.04980281136168008,0.03054269331370477
0.022061246902036823,0.21120779377034204,0.005796929740478687,0.009785538001083052,0.028937621226881375,0.012095603172637616,0.37486500107359594,0.30304123044795106,0.03220903566499336
0.02569828202481271,0.0689812055180577,0.03230203600326576,0.04097424712425161,0.03704973986806461,0.019549086830860936,0.3963245711378944,0.20336356346960419,0.1757572680231881
0.03626434247244298,0.11189119604210573,0.1183048004257947,0.03601697913265006,0.29039799455073984,0.02587019023746627,0.2230902708079011,0.12437342917984529,0.03379079715105398
0.013212824032656334,0.3167771539987976,0.046938086877949224,0.06890866810238516,0.21588476793148217,0.011477065465482517,0.22745064469000376,0.02096491792573217,0.07838587097551108
0.0932645912295061,0.03418646261771132,0.19586032843147164,0.08237230288453883,0.411436780469611,0.02852861212971977,0.012546824056749168,0.018478585486972284,0.12332551269372
0.05830517776094172,0.022023867901148755,0.10130974987529195,0.47976025258098676,0.11447124595150011,0.07839608294724647,0.021242797502832655,0.014890672186714032,0.1096001532933375
0.060020969329084274,0.08439868842066482,0.04626437671744268,0.31191765172769753,0.11902584695613384,0.045066398311395084,0.053262964488124835,0.04480316772546117,0.23523993632399576
0.03015701605780935,0.14666527209774902,0.04688740468604476,0.05734910855762584,0.1139034293606262,0.019873343590321887,0.32436648389490913,0.17918544548362994,0.08161249627128386
0.035149081671687926,0.05035316270129401,0.47181982824066065,0.08331876953952197,0.09573184277212456,0.041874349758456546,0.015511576318134988,0.0509015478728236,0.15533984112529564
0.09158643427245522,0.03941968802127862,0.09684309844931195,0.06980786640856697,0.12392361970438277,0.033032942417401505,0.07000573610165281,0.3453767683693238,0.13000384625562642
0.044481442176727226,0.15784020520893624,0.09411842859147619,0.052221647824627036,0.0421114918356576,0.12911750295515173,0.20367857807358034,0.2064615169038544,0.06996918642998924
0.02990110009259747,0.05242595682764373,0.11266184393325838,0.3154149803251643,0.27014007359981146,0.0492775119707202,0.03213787426569611,0.0829153634164012,0.05512529556870722
0.014798005910012221,0.17963763962772464,0.3268579358764265,0.009683511028515899,0.3553604344546679,0.006408494003550347,0.0393586173799949,0.03661606121787182,0.03127930050123578
0.08698435742369387,0.07363751836497752,0.14112865837760816,0.2799919839778106,0.06326106792819901,0.19164015893969297,0.05143814690030335,0.09115006849863012,0.020768039589084488
0.026273535939504555,0.25938903498109694,0.11284379352473428,0.12428580877473955,0.0828673210069963,0.0163367767422834,0.24555855646474448,0.07351744490045449,0.05892772766544612
0.143445845909422,0.018532982775810485,0.07286230013042391,0.043039192140638984,0.0985625685206472,0.47378707988930363,0.028185186546698892,0.09753196526583707,0.02405287882121786
0.12746944074469493,0.5247799413253438,0.0761745140852349,0.03845546773538046,0.08074107560815437,0.019420507771501783,0.08730731082185354,0.017581171853138167,0.028070570054697975
0.16735863286704022,0.021948893391686635,0.22599848717701707,0.03488015846187493,0.2736129912652964,0.11826063950712713,0.02167100684437159,0.11833972795205876,0.01792946253352728
0.06923567014843367,0.07914951324312863,0.17191237451624022,0.04255978564576151,0.28897756050329343,0.024924894299032985,0.023212726279083534,0.18465529751028734,0.11537217785473863
0.15867519667328042,0.06861199396901452,0.06698591908992811,0.10710626217351855,0.1528672472253454,0.3657060761492021,0.023055241883732775,0.0354914530541409,0.021500609781837297
0.46133639450974745,0.14013580291852132,0.01657103359040725,0.1940249998813486,0.05249845170198706,0.04340665063117236,0.03217532454014228,0.01014740828912262,0.04970393393755106
0.09580766592886558,0.14274247111500016,0.02924254423263006,0.08062400481520604,0.365980904671767,0.06986733106600011,0.11044733015698012,0.07446642112622287,0.03082132688732798
0.21273400223273634,0.06651011548415546,0.06878021057610079,0.04269244444818827,0.13472527220687125,0.026926799785000205,0.22379230033071526,0.13521584759955876,0.08862300733667361
0.10994493469041468,0.020162556251224706,0.09566880283581126,0.02951384076872531,0.05452523087099195,0.5365164196317552,0.02173989246713307,0.1255610679294563,0.006367254554487573
0.038738953636995074,0.07238512279532716,0.045964002630952204,0.10820750818910323,0.0743909638545908,0.5450351211928672,0.02446976643964079,0.06536642987201051,0.0254421313885131
0.053315981016795695,0.10167790321591379,0.04493686775614141,0.03793968217594911,0.15530747534755038,0.01487153018651279,0.2934244999008944,0.21388742868609814,0.08463863171414428
0.10073543284248591,0.027340233598869588,0.12172133803263711,0.1386352226755199,0.08675577016542108,0.23990224629726428,0.09902229945950979,0.07800603326032383,0.10788142366796855
0.060385319032547714,0.05718592609417857,0.0908315961746426,0.05518577312640938,0.5402984448405826,0.08369789923801292,0.030160084626926195,0.040455793157996155,0.04179916370870367
0.08361491249963775,0.15122811659342206,0.03289517020984444,0.24105331664704277,0.23860084147671867,0.03676298447213631,0.030235980348829777,0.08831589599948393,0.09729278175288424
0.586820488923066,0.10747942076601946,0.06227071024408424,0.014075798853103026,0.04530194488225559,0.06323746388720007,0.019913105602513085,0.04244534737446043,0.058455719467297995
0.1289325100575647,0.1497118375559017,0.05096144777282411,0.03224278561300951,0.02467029466120325,0.32915016079288667,0.08247803180113214,0.04878167525499927,0.15307125649047862
0.5956652177298625,0.02643072577601391,0.03622006200870954,0.02775477094268856,0.03943420646853868,0.14309758320048147,0.014339702789474195,0.03693756945041106,0.08012016163382014
0.13855601862542707,0.15769967490356304,0.19965268946953105,0.02987481429495425,0.08796633442735084,0.059822065616428166,0.14961448491055554,0.15332196200781936,0.023491955744370668
0.04923385993858495,0.21129241626030226,0.19181358496971956,0.02859422456003193,0.26895267671230577,0.045533171216431904,0.08353907074876499,0.09418945234175989,0.026851543252098816
0.026683819210015752,0.08720569960880803,0.08519534940485655,0.14536955335262966,0.46735103049673715,0.02700804648402295,0.037896895542611754,0.024873313331851665,0.09841629256846655
0.0539160301639692,0.04557682753171568,0.1346388133388958,0.11572670219229216,0.16137035131938005,0.2651976295321256,0.0832141739532732,0.058538149714225364,0.0818213222541229
0.05108971536163851,0.047172550002075854,0.1447273295270313,0.03679892108789214,0.09874465071680649,0.030577577154299807,0.1434929193380029,0.3718615047024046,0.07553483210984836
0.02971811197990687,0.045248828232073844,0.07512933511543786,0.44609886006261706,0.07362425637740408,0.10173875746230022,0.1156782124897025,0.0914151219098616,0.021348516370696003
0.46939393353119147,0.050463395105154574,0.05835701460292822,0.03782784781951841,0.07865028388626005,0.09996547244412247,0.027434262137113585,0.06344735887116855,0.11446043160254259
0.09723497980524491,0.10197340772311199,0.055425182250491534,0.0546044827878435,0.055278742545176535,0.4651670824235443,0.030480960384894173,0.12743617941824378,0.012398982661449216
0.1626936029200217,0.10040624119192154,0.12882476609997126,0.03996893644723582,0.0991069783501949,0.028085834517496484,0.10098377743359432,0.16285307624485346,0.17707678679471048
0.08670537549803918,0.312064180652841,0.05329139297771782,0.015177275580621527,0.08441790930753774,0.10165973701367266,0.2893225212701082,0.031294175824529154,0.02606743187493279
0.04137418041763643,0.030731830346803855,0.1819728556297638,0.19626557029978273,0.1094527450864754,0.08079121745235847,0.050311645794843235,0.08970620075793667,0.2193937542143994
0.06506323936231016,0.16433539277704404,0.08153291150857277,0.059458526898896,0.13804005537961503,0.03401990353205175,0.12446058181199067,0.2763342333969818,0.05675515533253773
0.5151780249406306,0.0791410033866415,0.03384375626115985,0.132259889551218,0.04067925708707947,0.04593252542640474,0.05511369321363565,0.07449006642195248,0.023361783711277756
0.1899138706857025,0.3944337162401721,0.021722461195930104,0.02938954459947975,0.05668627483955015,0.05151193053732009,0.09354893100167198,0.14229741996709827,0.020495850933075047
0.5039767933228856,0.06780048068498506,0.02060799737600621,0.0329660628931536,0.06182933559116519,0.06817750957960196,0.13266053429318772,0.01014715014491288,0.10183413611410186
0.015598690396651122,0.3789666064349991,0.037717531767588706,0.12978579953304611,0.1074566729410497,0.022268653453720963,0.27235549489316563,0.024530807735468577,0.011319742844310086
0.09131805180288564,0.04965318501650917,0.07886053613145248,0.10573314556959133,0.22549810994496142,0.18555346453505914,0.031962352739344925,0.12933962592080675,0.10208152833938916
0.020394460268647403,0.36950507204201005,0.08406929757910205,0.15704754399749518,0.17379491064009703,0.031154630565962824,0.09328096362158472,0.0344625265803535,0.0362905947047473
0.013672917214960929,0.4286548052059711,0.0515565965092711,0.09769320028356458,0.22397657712183594,0.008913630710738666,0.14491577576570783,0.013263009345402269,0.017353487842547657
0.10217792413411075,0.04298836470656072,0.06765330671031798,0.14578537395930055,0.11201301410800525,0.13228134643619582,0.04689885576789817,0.11986627685841728,0.2303355373191935
0.0859571482922387,0.036058064823108756,0.18051184028702227,0.19824913005069253,0.13826746103480983,0.16392778274321396,0.021905394140383696,0.12066957327150886,0.0544536053570214
0.0573656068103153,0.3360887446771325,0.022122850997300117,0.024304187123566537,0.053741521886672056,0.03010482516971545,0.20428187268419343,0.25673957677732623,0.015250813873778385
0.6217367298997135,0.04735430214125578,0.033732671951252194,0.034074962969563104,0.05466384075001147,0.0652063631226084,0.07038833866740564,0.04864829063435553,0.024194499863834377
0.027635278761024413,0.07316890130034744,0.18283389005155296,0.062064226823609146,0.28573938931096815,0.1897245283139798,0.11444020861599681,0.04536729229988155,0.019026284522639835
0.026501226806815686,0.017807773553251083,0.5291741854310433,0.11682806753904162,0.071189074398893,0.08982091195495434,0.023901043856609256,0.10215427218471747,0.022623444274674238
0.015598690396651122,0.3789666064349991,0.037717531767588706,0.12978579953304611,0.1074566729410497,0.022268653453720963,0.27235549489316563,0.024530807735468577,0.011319742844310086
0.015665223092381657,0.08348985042803492,0.0848788865154167,0.036592594070089086,0.1787096264331561,0.03016283628593584,0.24127347084505033,0.30283492651273414,0.02639258581720133
0.04317038836009218,0.1107479099095152,0.06497758077682296,0.314130559055716,0.13110687089140877,0.055316849994360845,0.10191273001259625,0.0510760635147131,0.12756104748477468
0.11102986536239647,0.1585084354031606,0.03882689889077858,0.17720878875981852,0.09704712398452375,0.0411373771337166,0.07162415958545577,0.21655551390879804,0.08806183697135171
0.057973166463211066,0.08937151171940731,0.47159694092577525,0.057903483680906066,0.18036665100420005,0.029509475572653723,0.014239293638455155,0.048056823928494995,0.050982653066896345
0.13790442669359715,0.029099021934416297,0.11383081682077996,0.11779004368366885,0.44960506391298266,0.024280757797071655,0.02517852246962307,0.037544778499200175,0.06476656818866024
0.03627879943030349,0.1821409292770896,0.12764493791841483,0.028688944632458326,0.128275157344336,0.06877619052235394,0.07446314831529482,0.22907630432422196,0.12465558823552697
0.09598050889464742,0.2875282663224759,0.19322292480195347,0.035260362798421166,0.17717614973573456,0.00636878270293667,0.0928401577609335,0.07670580962699462,0.03491703735590265
0.043339752167285805,0.05323035822512195,0.1445283966186256,0.17048636898499456,0.10318677574378948,0.07167224357396536,0.0916679525441797,0.21172497453135963,0.11016317761067801
0.3049922394970593,0.31315735608294654,0.024921534110343323,0.17601952166650925,0.04972760102347473,0.023301831734829425,0.021396921481175543,0.017540602018804537,0.06894239238485735
0.14673760969677987,0.05016466970758227,0.1041871687101281,0.13967587449174126,0.20759044083329017,0.011371523356424941,0.04455759506498661,0.11486014221117674,0.18085497592789002
0.013656145666143349,0.4902958687240713,0.0508123389052339,0.1121052661176184,0.027279222710116336,0.027776989830997207,0.10624757858904814,0.05908464875447999,0.11274194070229132
0.054533383881593366,0.1366173767696029,0.05423320360969636,0.044085615490933594,0.14708757968617772,0.04848885383906635,0.27293896632671333,0.14765999938474975,0.09435502101146664
0.2332736384864039,0.05802750241075625,0.10910095495742406,0.012452879444259228,0.09389157038180584,0.3879454765139032,0.025236258631895842,0.07169522366077014,0.008376495512781515
0.02894172915664292,0.09864804815432086,0.17100922328972937,0.031716670057374614,0.23521819287255707,0.029836080888678673,0.2194575493604878,0.16407023547588198,0.021102270744326624
0.01975119193552938,0.08015867768247557,0.2434945238752374,0.015511038692523555,0.32454593033731194,0.036049069139627056,0.10018372510293806,0.16674900289625283,0.013556840338104168
0.05458446247354898,0.13253408039709016,0.05487045742584359,0.04031791519096694,0.12360916988852283,0.04485181595726396,0.09403101910415458,0.444521263041253,0.010679816521355967
0.0975626635062427,0.15364387986964526,0.040016693369121004,0.24516743766201188,0.06924949467284529,0.28797761658385435,0.05298125942467933,0.02097096308261319,0.0324299918289869
0.5849913233648157,0.026315799840371523,0.04245811245769971,0.03847792342965852,0.06011546812153127,0.0686269386317128,0.025304254242675368,0.0959367251491401,0.05777345476239509
0.06458601212728654,0.036612319938958894,0.03863161758685155,0.234544285926623,0.24274104514619577,0.10021886979416395,0.04512414299963139,0.03221080073208536,0.2053309057482036
0.02314099689828474,0.04156077819731482,0.07558056161318881,0.1061622947200861,0.07803420456873349,0.39503088491554256,0.06416265145216767,0.09329659401548628,0.12303103361919548
