0.13565746023235323,0.3355110186850472,0.02488818668017315,0.06058578578338671,0.061178678627029394,0.08064850605457637,0.030950925211489233,0.20291761140921863,0.06766182731672611
0.5089625945516261,0.08829215093905762,0.03539339794782329,0.017879297106595516,0.11900499062753415,0.018843153310458684,0.09430124708175859,0.09746575502499605,0.019857413410150068
0.14169053104190613,0.0411037048817281,0.02207204258595848,0.24178456538560367,0.014777476812306692,0.006082913742256522,0.016032810956968898,0.5121174781627652,0.004338476430506405
0.2110293513030558,0.036594905128344034,0.27883141169248693,0.027184734019809073,0.11661653215552469,0.00594506199931217,0.07335489080130224,0.2445869734269002,0.005856139473264781
0.04578199709799751,0.02586718692037679,0.0784273372251792,0.026172757142681104,0.04200017614541133,0.044351182823165664,0.07536142107464124,0.06713264197322598,0.5949052995973212
0.025034522525132576,0.05663898661518105,0.09925858453817989,0.08120631469521497,0.13370265501245002,0.41695093322073645,0.1130987908500703,0.056412537210906256,0.017696675332128493
0.05235952009817898,0.11099710917541916,0.025092109330377213,0.1305930591382638,0.019090273296106134,0.25539492048514245,0.10631322616565471,0.05808847888982719,0.2420713034210303
0.22377962388024922,0.057319521672237604,0.22442357881972527,0.0321217980809373,0.032119158279559766,0.08706363419823922,0.031083656595158573,0.045372261281222896,0.26671676719267007
0.06942416323664945,0.007381654393304499,0.013791412978047535,0.3323362628263264,0.04492107790755729,0.35418495299737246,0.036175943874598625,0.11081066263134269,0.030973869154801048
0.02533390367059174,0.029209140976230754,0.08037624793422679,0.07279509422572994,0.03599299166452156,0.6101238818435065,0.07344240568245941,0.05292917236265182,0.019797161640081575
0.03397895682093424,0.0242683265817915,0.034976113505333126,0.2696402780306612,0.05249270801583477,0.3355616241574115,0.12026166041630378,0.07677011895827895,0.05205021351345098
0.05569143327169726,0.030047215406839217,0.37743503350190216,0.1734242245409845,0.012663573918940374,0.10375448156754896,0.04271021223525475,0.12686472094277154,0.0774091046140613
0.15444174369121788,0.11560492747763303,0.419276627694072,0.017831987460893057,0.02534978651907484,0.021823174961626005,0.0818820163742222,0.15076089619924882,0.013028839622012256
0.025843913948225054,0.016286940707379977,0.15018024691582732,0.05692715092972634,0.06070917784820162,0.5542988199803522,0.05923778067493691,0.06441139926953023,0.012104569725820205
0.1079369500829615,0.055485754687828716,0.0348670279329587,0.07034215691092607,0.5405158486786986,0.047133767279732064,0.0768398037367445,0.04550474283468169,0.021373947855468072
0.06835742457636111,0.0193649380541298,0.28046564854922756,0.1189761507344426,0.23407874822856764,0.08238569176923838,0.12414059262112576,0.027704309437002084,0.04452649602990525
0.1311485630270843,0.030163696479647697,0.07212978752917014,0.042470734305242897,0.005223539185863373,0.014178878242656512,0.039725791338553175,0.6530184980024121,0.011940511889369738
0.06934528343289563,0.08618172415797863,0.10036067077968508,0.07988310485276638,0.34858438508105744,0.04754486643830952,0.027177359000728485,0.09521659765694584,0.14570600859963304
0.036653023219498315,0.18526365013205306,0.02872538387262516,0.14896996819449712,0.029357828242269502,0.2105161160718578,0.13108027664407038,0.1354513327114085,0.09398242091172014
0.029913366029437893,0.035177811372784105,0.08286285946470688,0.03407610099996692,0.011623584297446874,0.040380433044583615,0.10214571735478113,0.6470875285857398,0.0167325988505528
0.16945951280802174,0.5262277782647451,0.030130908020928243,0.025468187871461146,0.05268223878767637,0.05887711293506435,0.07497791746646787,0.014317886186737664,0.04785845765889759
0.0684771641638582,0.4773742077240233,0.09408213436452051,0.07238125764667154,0.0573743066563826,0.041820918685450605,0.041406404011350866,0.06383123300673825,0.08325237374100418
0.27603317312817144,0.0365979073932014,0.013435101649313287,0.032658621042266765,0.17319023544638737,0.04224422057828727,0.32567035758774165,0.054127241414456184,0.0460431417601746
0.4783302162482574,0.131811870162,0.0983332895184465,0.01670877468409045,0.08961408789196838,0.03572137728892544,0.01950263546595928,0.04389378913690417,0.08608395960344845
0.08462957827587168,0.06166613881237507,0.11368916327429839,0.027124665256180416,0.022528876839114576,0.06237596218546746,0.3993052385300893,0.04991737917048722,0.17876299765611595
0.505175133228117,0.1351050156425948,0.011546719181237576,0.017946072500541844,0.07679806617613016,0.030520953331376496,0.1054343839356247,0.11231701755021588,0.005156638454161553
0.03966400369405682,0.04405453306446405,0.12434370553562224,0.01667595867689357,0.0720890034872354,0.07107714503711936,0.09221463561389916,0.029016023390806056,0.5108649914999034
0.19777223047468773,0.0844080391616235,0.056741478546126684,0.015420718222203178,0.01570233271971961,0.02097416640373811,0.021398421066731347,0.583277807648106,0.004304805757063787
0.11329854168683766,0.017292734318588996,0.014238131311228029,0.05936957554244302,0.013527997620452972,0.6968496960707795,0.0318317107507329,0.04104907013337853,0.01254254256555841
0.36358269117062375,0.029663809385809935,0.06002849496763198,0.029548180690099735,0.11552515883539993,0.075808864399035,0.1663890111655899,0.06957199497243204,0.08988179441337774
0.06350717917441706,0.43890897187033745,0.06749819730953178,0.02390406095029358,0.09711065313312935,0.04441234352422183,0.0904583170388162,0.07294632299132171,0.10125395400793093
0.18214999352087924,0.29157502220483206,0.09772993123479934,0.03413471546363308,0.10650320868743224,0.04723213248910529,0.11227947452612279,0.036464166618827246,0.09193135525436875
0.13028276104021927,0.07228962653275715,0.0071285041725899145,0.033819855927078354,0.04000461486503181,0.028021284820311673,0.030631747644087454,0.5679381398500676,0.08988346514785679
0.25181796331954326,0.09480871646753786,0.045112543004158547,0.041248032137992004,0.07480454580673578,0.09149646425426024,0.30084982714016967,0.06345792097161355,0.03640398689798927
0.0736637333850738,0.08104591603634936,0.08417645475863489,0.02265693999596026,0.051838985966732566,0.07128964369889661,0.22091768812650048,0.04167912198704088,0.35273151604481123
0.07025745440386076,0.03652735194899421,0.017169630027179934,0.5777366127391873,0.044563929005658115,0.10265860607904043,0.04841667125320312,0.0696614307311067,0.03300831381176947
0.038982866300009376,0.05267966294738919,0.04582329537980843,0.018164915845077848,0.03500551099355656,0.5154310692305685,0.23001503818945346,0.05371659750100449,0.010181043613132195
0.5509145046231085,0.04135326439329347,0.026232526252683686,0.02356462133405272,0.07507118200274514,0.04884776630310769,0.0466235752239386,0.028004374679827027,0.15938818518724318
0.056216128529135455,0.11947619610279288,0.04731127355937403,0.009450725833012529,0.11765120302315923,0.039904144831723574,0.12194434873689215,0.25140098634006774,0.23664499304384226
0.5770138400686612,0.09417431472890232,0.11101050147015663,0.020139438897879877,0.046987259265707126,0.039953304266521925,0.0204117760729057,0.0718369301598908,0.018472635069374365
0.17391407903220854,0.10643952275094581,0.03759222014734483,0.09878577645256448,0.03730742490001146,0.14613310702411303,0.19937190367854551,0.08492666687644657,0.11552929913781984
0.26753775738909347,0.054040467993780365,0.03802592296607037,0.020355922821620003,0.2005813556883805,0.05348704172857829,0.08908881865457895,0.05740363788407426,0.2194790748738238
0.15824861554826566,0.031037145957940337,0.022715369709350244,0.037615212992203995,0.08154348321167486,0.009179126890515617,0.08270649460036691,0.554819997340815,0.02213455374886737
0.07998652207180461,0.06113033762743982,0.06703495540356202,0.026616716511857656,0.01568371318508661,0.034137622015764695,0.31618215779877223,0.04605568390916942,0.353172291476543
0.035576090849843624,0.038097843095729396,0.04137482182749215,0.027673273040968987,0.02707582353811099,0.6273250410009561,0.1431094048478474,0.04501000641469118,0.014757695384360092
0.04538814463670739,0.6670466828955295,0.046384510805181835,0.017482436604296676,0.014430374907799097,0.016296622531844208,0.11802484651890142,0.04173503869396707,0.03321134240577273
0.060538017537893694,0.12612343813343216,0.01316907845298875,0.05449611230214524,0.02446301477865669,0.029300880045914388,0.13923123410435875,0.4885639278231048,0.06411429682150555
0.04499750179973725,0.5046681355603322,0.01579632919572822,0.08120698384870556,0.0612904108048491,0.1540258925270519,0.04078695980524,0.029195852425579386,0.06803193403277638
0.21097919477855118,0.03580902321818388,0.07281431977751646,0.0539840784036863,0.03978561450370933,0.04963486869614905,0.3136201857617856,0.19342518262825292,0.02994753223216527
0.16176640766312045,0.0360091611318932,0.020714607354765647,0.10357167809925268,0.021611311847242114,0.010564448948409522,0.01341174055979616,0.6243338144926507,0.008016829902869465
0.21148020405499782,0.1373655341739627,0.037156081971774724,0.008739183688451035,0.04400265777865687,0.020881849281806187,0.019951565844879646,0.504753466047593,0.015669457157878177
0.05510618413379966,0.10747997272237868,0.04785052829620127,0.024737447599725054,0.3714553522761806,0.06457546321021986,0.07617268759583891,0.10033523281463969,0.1522871313510163
0.1837489548304266,0.06427603814208967,0.0784116607137101,0.3344257337040381,0.1103711232783543,0.010932066912885388,0.035996914568222314,0.16782314650810207,0.014014361342171364
0.42780504997126795,0.05850373148486151,0.044775309244494355,0.03222854841002719,0.02827374577484425,0.0360553750637271,0.21240488435552785,0.14613876753879015,0.013814588156459666
0.19258910774322188,0.24137651688770054,0.13009013456100307,0.03732519626368904,0.05378510166646988,0.05448172450980751,0.0709706575109218,0.04790368504679218,0.171477875810394
0.07372587819455592,0.08175172402793919,0.11137095050378143,0.02811930196944809,0.06811512187489566,0.46712563543432456,0.07918523271916095,0.029595754162360943,0.06101040111353323
0.12610661807160536,0.10530467111755898,0.10895856098476946,0.029261470824420526,0.3058475961171951,0.06983077944800758,0.1033356241156619,0.039246422085625024,0.11210825723515609
0.32969583386324386,0.08930197804425694,0.08201782019708705,0.02247338822679858,0.06873724768966921,0.025124198450249314,0.14137795431713152,0.07221419423214129,0.16905738497942227
0.059411049621159485,0.10993700049636529,0.2840942773385641,0.23873099333036985,0.01453546433432811,0.10853284212705093,0.09141892931472384,0.08710951766524895,0.006229925772189399
0.3877220178228018,0.1727556782692641,0.10720771948497944,0.024758991716281407,0.2138048205817851,0.031499022091329515,0.03217676399890232,0.021194774697012763,0.008880211337643553
0.11883556239005315,0.02721985221083392,0.0566177300125845,0.025795086172164527,0.3868102726324328,0.07077378113409036,0.14073914951317482,0.06389566952721915,0.10931289640744675
0.10005722656804832,0.5128263811069421,0.04291163676470783,0.06188599025271329,0.11906828135139698,0.05631657128167716,0.024253736827720394,0.05949607961017268,0.02318409623662134
0.037212091862749076,0.6287848653281353,0.0163152955072039,0.0993631883146535,0.02148510990030149,0.033076815435479835,0.07477674771368649,0.03385742495901196,0.0551284609787785
0.3041666599388822,0.08761029272487059,0.09482847484210677,0.0607259825841181,0.1650037309338087,0.030887827239221195,0.10684135969996937,0.06254154909697163,0.08739412294005144
0.10670781480946517,0.16627175117536633,0.10176854858334798,0.04240772331426007,0.061896937741216934,0.046652944063700075,0.21125329460756156,0.12244533752636393,0.14059564817871795
0.04147822382072715,0.052003989390580894,0.015933562887129316,0.624784076802314,0.10344971144385824,0.07558637799637018,0.034312099710766375,0.03992203722478114,0.012529920723472782
0.16900472377668038,0.08593753939891775,0.014264671951821887,0.034797270635159826,0.020677720532378974,0.006699921566880362,0.02207278100927848,0.6447175777912678,0.001827793337614401
0.15121405763285067,0.01573576600731106,0.09189304975109351,0.051935689922849526,0.12189870829307302,0.04780580071485344,0.2555400681100472,0.10715709440520178,0.15681976516271978
0.10065914245814211,0.00928654834143018,0.02863660928118235,0.22574376984485486,0.03464340607777514,0.539268550504132,0.031112546688712505,0.02151416151304633,0.009135265290724436
0.13327236696668468,0.08993111487411032,0.06929986140864955,0.07948698830914247,0.03699799613780245,0.4655250863970059,0.036818247313079526,0.05913592899757466,0.02953240959595047
0.03939618183229508,0.015615986923848815,0.1168250112655031,0.048669989361981775,0.4031042690275357,0.08033978348751743,0.12684023994441937,0.06743942510478666,0.10176911305211193
0.021669899775815845,0.02838592680474072,0.06496483252693706,0.32495124968914246,0.020711794330426563,0.2558241220224882,0.14995781141299822,0.1129992503349619,0.020535113102489014
0.18883302970392968,0.143388138719552,0.06183060517855604,0.25557388566617034,0.05813851705978625,0.03722893368537117,0.02893861950169056,0.03148223824429277,0.19458603224065119
0.059759328619947975,0.06404048645815834,0.033291931193790335,0.03138006198246487,0.49493195337941415,0.11036286034285685,0.08955088359366754,0.03845401083594735,0.07822848359375247
0.06794769247818432,0.025847689348107383,0.06474576832851957,0.01936366665067783,0.02236452443815283,0.03296678971145798,0.10792796609638892,0.5931616002609532,0.06567430268755804
0.40321422230725606,0.1426279185856553,0.01272496841651212,0.02808455203652078,0.04361556687999848,0.026811031019313102,0.09243896405633915,0.126362916883783,0.12411985981462205
0.04519350447595174,0.01343936582849072,0.06629938065805387,0.008788221381222478,0.1361856758253713,0.10712034858204567,0.21032479152880082,0.051116359399976545,0.36153235232008685
0.18465961057237504,0.035794478273497535,0.05502784398156265,0.06197448884664091,0.04911019586857839,0.03234049182631906,0.20806664362235192,0.05159223788987231,0.32143400911880216
0.03706803812581367,0.044290762060689916,0.03325715956983503,0.060081601037861004,0.027741503448797878,0.03470270862056327,0.054294166755124024,0.688218192570782,0.020345867810533293
0.1427048007796697,0.026631823098709814,0.020797213624402414,0.11085630465326475,0.01358486887175958,0.15317738954706786,0.3960598660978875,0.06396701155817304,0.07222072176906529
0.06403032107861675,0.10116493873918796,0.134638682266747,0.013315772900313107,0.03467207940799905,0.06117395623308921,0.3205347531970045,0.06927664244398664,0.20119285373305584
0.018651828344355182,0.008310675972593004,0.1686894942580104,0.10103805845550899,0.1489329078233249,0.3301339677216772,0.07698136109447486,0.025739423771202804,0.12152228255885268
0.3728757044894649,0.23033968892567777,0.046359895629192814,0.03517608075366455,0.05450730681031965,0.07448551189504254,0.10572295559729299,0.04231599801386185,0.038216857885482895
0.0636111909181402,0.05731331806708073,0.06450111578416849,0.10867861626820276,0.020589456986681163,0.010019466864534763,0.04715851342333053,0.6218815815063834,0.006246740181477914
0.0670298615417165,0.12592256631725499,0.04853546919322419,0.46068889318761697,0.06113120196352212,0.06632714459563245,0.09074144138720579,0.07459701853961959,0.0050264032742074055
0.15862809214053789,0.07724070077270832,0.044009156605401605,0.006913042275701413,0.029099326241373524,0.00908412713836119,0.03540552443876436,0.6341808854108034,0.005439144976348308
0.388305871874691,0.15413140022701677,0.06723658483026669,0.03224781905022594,0.053299035489904334,0.07061679388085003,0.06348831369285417,0.059555975023161234,0.11111820593102985
0.059711947531198815,0.14858971853940434,0.07393598254292029,0.0520670103027795,0.021638758590908757,0.027323690999536143,0.17168472975930485,0.08094464176850366,0.36410351996544366
0.30051459277578435,0.3132617284669135,0.04081609816236696,0.05778812598425662,0.09459310469007344,0.020943361773102503,0.14174812620755395,0.019722260702633273,0.010612601237315278
0.04813744913732329,0.04401641379828188,0.054207834741770995,0.07225550740037678,0.01159674667635738,0.5956370590498462,0.027961905636991302,0.04700157149190217,0.0991855120671501
0.13452035466936546,0.01404687429888693,0.04618297742172453,0.06157155310072768,0.009176173628660734,0.012261905842653265,0.06862474710842868,0.6496668943801231,0.003948519549429597
0.02615148848239303,0.17989986565984317,0.037817972448159265,0.1206557028349959,0.02644172886845478,0.15892729618234944,0.08931582394478775,0.15433348477690187,0.20645663680211482
0.08624494586815364,0.19545346468117367,0.07385057124582182,0.08778058474941246,0.02331143651957206,0.10218970340046035,0.17749488132656902,0.09967795648683318,0.1539964557220038
0.049697576478088736,0.01218923885221982,0.24810998554049402,0.03761353353527053,0.035394978099540106,0.0436998211936128,0.033251748538993355,0.4746377232375103,0.06540539452427037
0.45134966671381793,0.04185828516343051,0.08384803609480396,0.04654362333896244,0.05790832967270465,0.06822779259231722,0.10061195756550656,0.08949155424997722,0.06016075460847949
0.05050278510150875,0.045857723176991265,0.01237436597083254,0.44845333745288424,0.04675665179544219,0.15730408421961722,0.06808396113776573,0.05797189237716808,0.11269519876779004
0.28612288262456936,0.1064678301649581,0.018061218961360568,0.04332825356002551,0.10773262465403523,0.06563989102039465,0.23361693418471904,0.06656813504922479,0.07246222978071276
0.30572961731411324,0.26269526210467514,0.005846643157049477,0.031239446162003765,0.10703370475274222,0.021624126579775926,0.15069609497806472,0.06302273749467947,0.05211236745689609
0.6091352882950126,0.1389064879943142,0.032456957529893894,0.01996480280337667,0.06586096539962843,0.027759690604256298,0.02570771926800149,0.05578372909427216,0.02442435901124428
0.06507469336605694,0.010934055206512812,0.30731963300663445,0.015517371546267015,0.028030291741751635,0.019107730184637524,0.10952316151695597,0.04267803084073829,0.4018150325904453
0.10218293198075473,0.2273731890564096,0.04035734170058918,0.07746700077582593,0.07821160935742676,0.07588650546517407,0.14125418169026668,0.04018236163826328,0.21708487833528975
0.04960687053182453,0.1800351530085822,0.2808132109187729,0.23974635157282456,0.022373199704493325,0.05176757557807079,0.11698627077480662,0.05002530651235581,0.008646061398269143
0.3582444964592751,0.05771768671607346,0.0522604316469292,0.052463653302300295,0.14692147329798474,0.03749147344776544,0.10983406827989484,0.11413575010899972,0.07093096674077715
0.2804486720381987,0.060356678483305864,0.12274364242537635,0.10274010588076339,0.05322735524415231,0.059449616441614776,0.11035631779036588,0.0646363058764662,0.14604130581975658
0.4572983965514243,0.3059412517805215,0.016640717907504446,0.013080069764191538,0.07633072537288585,0.011743557448615683,0.06949603100706626,0.02947143432772593,0.019997815840064544
0.17726078930258438,0.23665158735602074,0.07914986514204528,0.06685257291757647,0.05981504793555629,0.08243745114340705,0.1070192695547305,0.10043278399969369,0.0903806326483856
0.02127499720003455,0.023865248138109047,0.005770328009951541,0.05046528891080002,0.010808509175503094,0.6307000659269183,0.18271715170517708,0.06129250551379816,0.013105905419708089
0.06354725218615849,0.22230678048061703,0.3453288159655279,0.036432503296647926,0.04493795964886153,0.035585048613620725,0.09529084113943086,0.12363166286831301,0.03293913580082264
0.021948205302477097,0.32667627391814563,0.08495102467231881,0.010731296753222729,0.01400350371628434,0.10810949425697193,0.01641773473142841,0.05013876720185726,0.3670236994472937
0.03753948932260607,0.02922745313588813,0.024168964459045036,0.17015893478779387,0.007552587344755141,0.432282462288135,0.10946390676244218,0.05456155997632415,0.1350446419230105
0.5467851108176265,0.06750589310319831,0.014764049217891073,0.06427881486991083,0.04163920670599671,0.0406968446116684,0.1224735784411675,0.04610312718020413,0.055753375052336455
0.07307980258488268,0.02137265136501128,0.552136818969949,0.06349216892537844,0.040149909849935356,0.010653279827213764,0.06460658166839055,0.13806645291034544,0.036442333898893446
0.05111163526589319,0.012088562722859235,0.12665180815499996,0.032917315080259926,0.024060826684005287,0.01991065615351214,0.07368099013880823,0.6436153026371753,0.015962903162486743
0.193963344277814,0.04524668997179476,0.05101901876906036,0.12393291046238199,0.1732988156059685,0.07608636151562075,0.06764872179367892,0.08251009657047874,0.18629404103320205
0.11960174780633119,0.12267877741668169,0.022377272406654384,0.018621082096709464,0.05447727816229459,0.10346144988606552,0.17977991539348304,0.05417269777015719,0.32482977906162286
0.05700346363964063,0.22628912872053383,0.026220314682931244,0.2882422006285194,0.06863050391796871,0.02863248593801082,0.1004913316904133,0.1349739379811513,0.0695166328008309
0.06736665828394638,0.03677135401662745,0.23031408769066497,0.04273311471841588,0.04756217207914205,0.1399043257757321,0.2881116224677314,0.06932563013776831,0.0779110348299714
0.13298940864668754,0.024270821396815728,0.050569901297382654,0.022905060123540936,0.1437836407278239,0.37092680157462965,0.14339311641276983,0.08467773946161022,0.026483510358739453
0.42459783895751096,0.05900076081191904,0.05500080737230841,0.035428057929867314,0.14360142294812245,0.01600629257803037,0.1711638424705376,0.03330616206230604,0.06189481486939777
0.041079124820419144,0.10686154943908242,0.027354252629706477,0.034249319627348486,0.02508110903197812,0.02924868115158356,0.048679072269591145,0.6659411985109039,0.02150569251938669
0.3415398078324634,0.042942260128716915,0.06609601996670902,0.11164346471295304,0.15085664127894002,0.08148469362337425,0.12961431686950547,0.048652433539056274,0.027170362048281594
0.4621499433859708,0.057039098452130316,0.025832658135477655,0.04525093527025245,0.1142076215465588,0.06628973273605747,0.09795396122088162,0.10669033281801721,0.0245857164346536
0.07524079314601952,0.05698101178929262,0.05246699887476929,0.04150486886416875,0.033012144067967014,0.04329221700914292,0.08355655212628428,0.5642951812817063,0.049650232840649344
0.2892580596956161,0.04536420008792719,0.0065761514965941015,0.22846273331686903,0.17016915642269748,0.053922161468059115,0.0737018062401954,0.11585177921869898,0.016693952053342707
0.1172925706615317,0.011210390204903586,0.06295339001428564,0.019130444522575396,0.02059853196821386,0.17200242048210712,0.16675384419576164,0.12192904346281634,0.3081293644878046
0.36056904835715753,0.040434942801789754,0.09307414843266272,0.022257913219919632,0.07526312085016056,0.06932565097081361,0.06682781187513426,0.027244209974142064,0.24500315351821977
0.11513691557422044,0.11610185441053354,0.1298958438736336,0.06483350978310908,0.07324726557467352,0.043336759304793145,0.14636135485902238,0.0828318080905105,0.22825468852950379
0.06067462994786863,0.04806690530263206,0.018008067094314087,0.06039477626733487,0.007201584699792616,0.04695570058374632,0.05699944084715208,0.6830016283219695,0.018697266935189735
0.06356788874832367,0.04496916742212303,0.1990019137030066,0.11692978161369161,0.1580856520058752,0.05278734259918658,0.19550750507314377,0.10339795693692296,0.06575279189772656
0.05090302404399041,0.04559842128591007,0.018378331895856928,0.16661823136389708,0.028371460185265956,0.19979371970033033,0.22965862576371165,0.17857337993765574,0.08210480582338175
0.42992988544559135,0.05823869801364464,0.07850553525022436,0.02284916618241251,0.11210323513015125,0.013885857350692052,0.043783875762430695,0.14160948477942817,0.09909426208542498
0.07567360065270314,0.05419889027769916,0.15710984837693545,0.07213560744158315,0.045451182950703044,0.21817682921586812,0.10093346642334429,0.09581339553424777,0.18050717912691586
0.07291616698921972,0.10915206304075563,0.07313572992868687,0.023021151108479784,0.12157305752294904,0.033875187354546116,0.4408282573060396,0.05863491241468304,0.06686347433464018
0.047675962858487075,0.08370814867277897,0.03785901427786405,0.04118833614921444,0.07182431049493196,0.05836634849658612,0.25873602283545255,0.0632834529506784,0.3373584032640064
0.10312500351772441,0.02641891762044664,0.1406602493299926,0.02304879094763827,0.03241748570786682,0.3832489534505468,0.1738916796806278,0.05249322818134935,0.06469569156380718
0.06431936926746125,0.021009493368862264,0.05593728130441163,0.15845273432051066,0.061255648762641966,0.34736387094068055,0.08072978140821732,0.11509431675063792,0.09583750387657636
0.02902718349156881,0.0345870185121897,0.06329510039596876,0.10844099436434346,0.041275365014635655,0.5690035469929929,0.037473552926021,0.0918746019903039,0.025022636311975918
0.21108446368554615,0.09815118602882746,0.19721887122410167,0.06892335567295009,0.09293718309344508,0.042719062759586174,0.0967635567163908,0.08754821892011407,0.10465410189903852
0.11271622201213809,0.030869908719118294,0.12864604599240737,0.15305544301525573,0.10558516107716147,0.06821834863803877,0.17618332932453787,0.13911603088732108,0.08560951033402121
0.3744515927263688,0.15466718774448016,0.06691146705901853,0.014707840803221637,0.024295092107874585,0.034355308510016024,0.21731130697572373,0.056807813794279925,0.056492390279016556
0.06133138130365151,0.04807116536816499,0.02212731690156607,0.03174245354906299,0.02261449133036419,0.09514448102858597,0.5381971810170686,0.1368084105367123,0.04396311896482341
0.05749598520718465,0.078889926321775,0.35553457645321807,0.11420449112157387,0.03729806782484992,0.053652992356511796,0.08662407335782084,0.20933825806552578,0.006961629291540201
0.3835200481883066,0.04607312389640977,0.035953346789052786,0.030736194519270926,0.0692840113966565,0.0414626590689595,0.20637577019233896,0.10815507330989362,0.0784397726391113
0.06317812610060829,0.04577483736861771,0.019763040858705384,0.03132832891709741,0.10155296603727271,0.015719701080372014,0.038132190789859945,0.6384660170198067,0.04608479182765998
0.15278094606085568,0.04433546477158673,0.22143644291065756,0.00985914712737161,0.04786460726248482,0.023806490151960385,0.30192685577198636,0.04204298057106101,0.1559470653720357
0.08565988325104895,0.043950620517483836,0.049585996431724066,0.01568793497910526,0.0800126553432939,0.07592865613850526,0.5040843160004861,0.10879853967226033,0.03629139766609229
0.2966479446605069,0.05543284551731579,0.027988561322582733,0.08161537469293963,0.2347783192992642,0.09230884947874306,0.07011558207973664,0.09453182518760328,0.04658069776130771
0.08226250553153641,0.0743793925239179,0.11978073473291635,0.027118270997559316,0.07572144616542258,0.0332435366909552,0.44949315368428905,0.04373152882171838,0.09426943085168472
0.20589629342957197,0.11472377745614053,0.3067803810588005,0.06547834157181985,0.1036123123680533,0.057244932892251264,0.02481454253272131,0.0489712529349897,0.0724781657556516
0.5664326989787779,0.02996833228305366,0.028448698050375625,0.05276536006847434,0.08457047604738138,0.031236575575192837,0.1064211087550792,0.06984878278469252,0.030307967456972534
0.16490658280683435,0.1526955097940527,0.0652162214450273,0.026148652749344442,0.13007532983657424,0.08276344361328512,0.13304227159332302,0.10664136112107121,0.1385106270404877
0.06747205530405569,0.019189754652153126,0.13890316457551474,0.017482197610819525,0.028631706294598342,0.011985980878707598,0.04972222807876973,0.6581594910058913,0.008453421599489953
0.03240952160331376,0.08632825989481376,0.049272735319917306,0.4034660496448212,0.04630314689478834,0.15146767319084953,0.06377394426519968,0.05612686874072805,0.11085180044556847
0.11239110864985939,0.029644975998796716,0.2843829546977083,0.08020783978133685,0.08151790078471621,0.0945523643705772,0.19760439156199086,0.03571928890175394,0.08397917525326055
0.06296298580304353,0.1464219726585532,0.18231473485672378,0.16434519760695096,0.18900110310527737,0.15743062596919258,0.049332725846711084,0.03477985153255762,0.013410802620989959
0.032566702314572434,0.024487741924238155,0.05824313195827139,0.5329907067684666,0.024656400737200542,0.14968022039517337,0.09322511213348524,0.0707525380986237,0.013397445669968653
0.5607319619136647,0.0715051308460209,0.03594964390332786,0.030152156365912317,0.03766635599288713,0.050392868137382064,0.10619901696987126,0.06409126585088175,0.04331160002005205
0.027890102249217775,0.03048540184241631,0.1992036007904706,0.13869430658838275,0.13126266742944606,0.08468538174498624,0.02390823291985465,0.3322777681146216,0.031592538320603936
0.10548635726575584,0.010263123374817029,0.12710405594934582,0.08230770415044773,0.018138312111235576,0.03661799114750852,0.18099577281747367,0.09824022524697239,0.3408464579364434
0.04669220330149473,0.020863021878197763,0.026616390365942672,0.09856812152778781,0.016418194529813166,0.6429867086014057,0.07883311916403526,0.028808467368036883,0.04021377326328607
0.05775824784262379,0.03889570870001817,0.03078470620873711,0.2574982180894331,0.04384900408222609,0.031453905008471984,0.023893864361388285,0.512721931034715,0.003144414672386567
0.12353303660298992,0.1802260905149425,0.24400510747111656,0.016768332810794023,0.06132040887505466,0.07161300204788278,0.08153426726924903,0.04608050833115487,0.17491924607681572
0.13217520397493424,0.0754510946905017,0.02622771126655034,0.03936658306171655,0.029713170618951304,0.041965362371397565,0.5140833647908748,0.06574228546010225,0.0752752237649712
0.020272015035283125,0.038893500462919686,0.09414912637998975,0.25198179765651574,0.019655596272939595,0.503611666496331,0.011610568347530168,0.047466562083759455,0.01235916726473151
