0.07824140415887014,0.11541330962451946,0.16060517941700406,0.13416426124561162,0.07921781261533713,0.09038343730270698,0.11155902658704818,0.12325834432598538,0.10715722472291707
0.10080385780086683,0.10092730380772975,0.13091018823866749,0.11223160196461122,0.1002789915824167,0.10629910996810764,0.12389597882569241,0.10386957857072543,0.12078338924118254
0.15346379398627386,0.07941693669516824,0.11045236906361455,0.1115698088761465,0.0787855885578266,0.13808958877319885,0.12680195710927447,0.08039326149554553,0.12102669544295146
0.1184190133758893,0.07941256867684691,0.09300662676918409,0.10114536173498183,0.10442855749446163,0.1160463458794484,0.11678959533992424,0.1683569955831855,0.10239493514607816
0.07255655001074827,0.12816984127257247,0.12976504976278114,0.11768241082497656,0.14045526592771773,0.07736850298173109,0.10747808088847398,0.10483658337061497,0.12168771496038376
0.07509395642992885,0.12260346915321667,0.1300004585382487,0.11704019391317066,0.1375327757664631,0.08035316000727022,0.10948911706020321,0.1048320748499929,0.12305479428150573
0.07086550034985592,0.09776607586639681,0.211270056890956,0.05986143191842821,0.07633399195447572,0.17634598683323274,0.10450883738395801,0.09305151018904263,0.1099966086136539
0.11983798140152714,0.0878686586304146,0.124994020375375,0.11166645586707509,0.0926482470961398,0.12042777744196759,0.12632601414552266,0.09295508714549433,0.12327575789648376
0.13118420208109263,0.07794477717389671,0.09516341288805395,0.12259700801320778,0.11835375456264663,0.12153956292509834,0.13279333111720615,0.08523294399656971,0.11519100724222804
0.0816792151387711,0.10534590577499785,0.15903173220051312,0.13924260465827545,0.05159163801084799,0.09707861324977012,0.11042019729866444,0.14819770203859942,0.10741239162956036
0.07905232839497395,0.10355529947630104,0.11208815289930661,0.12652314694641983,0.16139067032865154,0.08648101584702884,0.1132863023996482,0.099036267113364,0.11858681659430591
0.07510348626990197,0.1257642466497351,0.1286994458783112,0.11653429091548,0.13123929187959546,0.08135901285157666,0.11211927555587653,0.10771670392340553,0.12146424607611755
0.07269257211206977,0.11661144594778695,0.10828371338847949,0.13059119982246425,0.16629572998342462,0.07976192206419752,0.10966836147602316,0.10061239093511394,0.1154826642704403
0.13633933880530472,0.08353870533506687,0.11679173612855316,0.11157953467095334,0.08424239053527594,0.13036155922127526,0.12797529492706014,0.08702941338751942,0.12214202698899103
0.15044340505408904,0.07727346856993465,0.12559110066108733,0.11957194706833857,0.06509562873647012,0.14047129756693408,0.12652061596819925,0.08328677411705525,0.11174576225789172
0.0915234944704802,0.09176125430286557,0.1324007647376714,0.1335748081445758,0.1146930299703089,0.10256168571133077,0.12109432961328426,0.10195460345992706,0.11043602958955605
0.12843299662092966,0.08414035100682765,0.13475894640180178,0.11931332083003386,0.06862073389723074,0.12878158442272594,0.12712997118223066,0.09781806750567139,0.1110040281325484
0.09482238372537234,0.09304764226065095,0.13072309667749463,0.13291570783399617,0.10522153189458161,0.10457348786194759,0.1232241188960617,0.1067203482558381,0.10875168259405704
0.0841621759756798,0.17374026269142395,0.10752865620012986,0.1348505676231997,0.129411737083592,0.08092479363887213,0.08961146398349044,0.0953196664190921,0.10445067638451999
0.10816997545821373,0.0931779621122772,0.1271004455315275,0.11177555591645821,0.09749877927699106,0.11339526714877729,0.12646361456046154,0.09912975051548363,0.12328864947980982
0.08779123253293121,0.10657995090883905,0.1351898865395032,0.11311028983484663,0.11698576178603037,0.09491097412808125,0.11819251312957398,0.10479943161037299,0.12243995952982138
0.06372030420044549,0.20733744803385612,0.16333419188302412,0.1115807848246615,0.07848090775024467,0.0653605055645381,0.09771200208897035,0.09819274783410277,0.11428110782015695
0.09055604477914721,0.09653182617430726,0.12304433378783027,0.10403519802433063,0.09524394378482659,0.09878384870950935,0.11539758643104965,0.17156681910180296,0.104840399207196
0.11225775318442911,0.0814976957010483,0.12671772431921677,0.12919224025309375,0.0960361974247268,0.11882914528595385,0.12861504864792908,0.09635126705855461,0.11050292812504774
0.07181991305448625,0.1328518889107362,0.15021907491043815,0.11457739291763808,0.07757722277044425,0.08134835887668086,0.11168679288589678,0.14691672170148448,0.11300263397219495
0.1149892111305967,0.08911145462219332,0.1281763734828526,0.11173562297075512,0.09645851969996773,0.1168233647268635,0.12487077735295397,0.09415403726812249,0.12368063874569456
0.12782245653412025,0.09858422591982226,0.09617695242046896,0.08773930027959799,0.054781014617813685,0.11054002529942301,0.17305663681817582,0.08576256782163644,0.16553682028894165
0.08186826572966455,0.11630035426577474,0.1328816828079673,0.11409147749579111,0.11903340394734997,0.08932061111289151,0.11675876765832842,0.10899522621471926,0.12075021076751312
0.20858000103102223,0.0539304351777054,0.05395172454653948,0.12134707525399611,0.11472009639782454,0.13826713063632332,0.1333588923004948,0.06832156698211643,0.10752307767397778
0.09971609115338757,0.1428791508845718,0.03641799804877897,0.39058550234679107,0.023560541424389087,0.08251305147281969,0.11577652934723992,0.08956724146098773,0.018983893861034266
0.07076841425143965,0.14862153487912502,0.11888808266009578,0.10878197698142193,0.14550803744148713,0.07550832677164458,0.11101311232702725,0.10002251836731058,0.12088799632044796
0.07988558420694868,0.12555034155743752,0.1285363301975528,0.09880675603250577,0.12542838275257875,0.085534137195441,0.11895226783143902,0.11569939731766989,0.12160680290842653
0.08943208025361708,0.1032243422374353,0.13474895643377635,0.11305826483743503,0.1173489466409517,0.09662383907422362,0.1184959893700444,0.10307442126597223,0.12399315988654436
0.12452782684992651,0.08590879963080937,0.12454959509275863,0.11167826654861052,0.09139323308223095,0.1226973902163561,0.12564619418283407,0.09029714588834677,0.12330154850812708
0.08162682550234385,0.15385856173212786,0.1166567026313274,0.07518801151068547,0.05872924792619033,0.07681177849111016,0.11216353534632584,0.08945711607259678,0.23550822078729228
0.12533933036302214,0.10455084377561256,0.02223967984934522,0.05954111520420411,0.008230554727877933,0.375737844007171,0.07663036691304036,0.09970729360214675,0.1280229715575799
0.05662236778864519,0.0712228014045902,0.3288329635132397,0.058605675349964775,0.03732318013364453,0.18409801915360835,0.06641780080171322,0.14704687217873927,0.04983031967585472
0.1035487276714412,0.09090049605667345,0.14873268033020615,0.12001284619429116,0.08221584730889868,0.1123518639146921,0.12263811397746344,0.1062937217748437,0.11330570277149027
0.11292657429226849,0.08318978109992148,0.1244186416501664,0.12949589723537244,0.09227546684617756,0.11898375890140112,0.1300821296305557,0.09978148958684806,0.10884626075728883
0.11283066647362135,0.09311869267622819,0.12666164071542516,0.11170778589554149,0.09386028473535257,0.11564019617592025,0.12664417784566323,0.09791967534090112,0.1216168801413466
0.11291863859736784,0.0697322483174903,0.06157324985012899,0.10520256270142207,0.26022927517354105,0.09424299715641232,0.1067560441670495,0.09042974333563687,0.09891524070095103
0.11297780019430043,0.08983373798660653,0.12901509624384186,0.11176182302945951,0.09776249503014302,0.11544822215734252,0.12454227422927579,0.09489693818262417,0.12376161294640613
0.12882826895276392,0.08585548663773106,0.10629060497416942,0.11845037555200842,0.10303490397768521,0.12105932010329472,0.13125202291874774,0.0897990725925479,0.11542994429105173
0.1069569248117328,0.07590808971394915,0.08833656607887526,0.10999599236928047,0.1946831254051696,0.10136396976675749,0.12265340669953562,0.08953131024820467,0.110570614906495
0.1700663538453928,0.08584379386727858,0.04537531091358987,0.07059934876573011,0.016748045367008267,0.24908977726291925,0.11751583088818877,0.07702594818901898,0.16773559090087345
0.09436339257426381,0.10661821860904445,0.12403212157405842,0.09809302703645788,0.12768472053473598,0.09660404733681642,0.12078618789507893,0.11170348125911535,0.12011480318042889
0.07834715763360817,0.12468803941495415,0.1378401672648294,0.10248470341234212,0.10184632026706258,0.0863925064770739,0.11473895513597039,0.1439554074409369,0.10970674295322229
0.07089363160896063,0.15210179299691315,0.1278427476340235,0.2592071556028665,0.04235942818317485,0.07397732946758077,0.13532242693207103,0.08031133168808076,0.05798415588632889
0.08669481278987397,0.10611729099656714,0.12894062087945685,0.09788463939451865,0.13353674133944596,0.0928985971230768,0.12129999099689585,0.11173927996516353,0.12088802651500123
0.08053601081488505,0.11395507183650665,0.13526654888699283,0.11433087897069512,0.12748541006466538,0.08711854460973954,0.11377558483255999,0.10537712330978544,0.1221548266741701
0.09507201064506782,0.10034073933800108,0.12827382391801864,0.10308255816893887,0.09774789335951428,0.10164740421643359,0.12330476864776824,0.1388766341806332,0.11165416752562433
0.13156182659321322,0.08387235237346229,0.12180407797911484,0.11166935812212558,0.08822515253898511,0.12659273911937774,0.12583801217779148,0.0874868899379584,0.12294959115797133
0.09656536975803459,0.09329279944159079,0.14528372227946587,0.1545739486551137,0.03313134361685668,0.11310393626636861,0.10740191997427218,0.1515358147721255,0.10511114523617197
0.11126413204568196,0.09123253515569296,0.12767718535990122,0.11175082888489052,0.09705288364959687,0.1149991374807214,0.1257379447931893,0.0967954211633325,0.12348993146699326
0.10527953384646367,0.10181186236622947,0.12813567416632457,0.11211726699264052,0.09415773990496357,0.1090193746866343,0.12523651014040507,0.10515670458514138,0.11908533331119749
0.10366208357298412,0.0916940713335328,0.08380262516378663,0.10877596169157033,0.10934751212909129,0.10339332462677285,0.1199498789243205,0.1714187423168886,0.10795580024105284
0.13204751457622857,0.08423335062632346,0.11988264756871347,0.11173107806552851,0.08684540008714882,0.12761641530422277,0.12692357102352772,0.0879480208978421,0.12277200185046461
0.10706558895502875,0.0953559432613254,0.1293807413727512,0.11182892287020973,0.09797033402972033,0.11139823682715878,0.1252323663401912,0.09988343465693288,0.12188443168668178
0.07239897503786429,0.13126154347962057,0.12882780383481765,0.11740512244897124,0.13530697250055015,0.07792787144367319,0.1091106075792226,0.10721340659617608,0.12054769707910412
0.13911296379962518,0.08265342646954699,0.1163091543493935,0.11159873765526275,0.08361516013076153,0.13148853564858023,0.12748675968866915,0.0856554102051949,0.12207985205296575
0.0832535713913835,0.1383592511893349,0.11284724158788732,0.10598274727096348,0.10459733765867878,0.0947760347647133,0.11525708458750354,0.15957954367619767,0.08534718787333749
0.1084636458238336,0.09114208450335126,0.13195717130580317,0.11185472776489673,0.10203333248573572,0.11181954352541645,0.1228324156165936,0.09580272320714649,0.12409435576722296
0.08073043187215437,0.1147793508849989,0.13351252344340656,0.1146251727612246,0.12529683625635923,0.08780828059798736,0.11484188946107653,0.10612616471127372,0.12227935001151875
0.12629579884035994,0.08272388267492546,0.13740992560891377,0.11964748767495618,0.07188673201080475,0.12804304258797009,0.12608432154120122,0.09510759075189683,0.1128012183089717
0.07627955075930502,0.12218534729870939,0.14753139955051198,0.10764807053653654,0.10076137229073,0.08545984233020398,0.11748422452438091,0.12970217398290204,0.11294801872672017
0.07126052260683667,0.13292178381454542,0.1251465047994833,0.0720088635494842,0.06166157486771048,0.17223831949880788,0.1078381336852428,0.10700298659107892,0.14992131058681032
0.14155249660181932,0.08239567301041194,0.1141421999880325,0.1115571060379698,0.08203746992427503,0.13317837749082953,0.12821545631693768,0.08521015323581138,0.1217110673939128
0.09528379347045705,0.11319701742450945,0.04716593393077928,0.3809457651552677,0.032220098375668964,0.09156061529407289,0.1355448553060434,0.07423963372656356,0.02984228731663779
0.1379654093352958,0.08297475780954919,0.11644983053872837,0.11174875944442082,0.08385818076786695,0.13114468661211243,0.12754509153905033,0.0860059017687768,0.12230738218419934
0.10042763664785316,0.09858380520521741,0.13156009537022004,0.11204789301019613,0.10295481758190411,0.10636325393586693,0.12366617544543841,0.1023152292831846,0.12208109352011925
0.10458030919184447,0.0897088828408407,0.15019833069691113,0.1231829218753882,0.07242981258069497,0.11529836859281818,0.12350214941411342,0.11127781270755165,0.10982141209983722
0.06713776911944913,0.12825385337213283,0.09036036974239936,0.13455530141933225,0.1984534606710122,0.07080846198520975,0.10341866060778154,0.09413831234593872,0.11287381073674428
0.1462039503809393,0.0787479582290651,0.12462207961001744,0.11939629204979298,0.06496004703665943,0.13966648568087228,0.12828053393503877,0.08676581811251216,0.11135683496510247
0.11701166469320172,0.07709338148173271,0.13849990023192393,0.13765866546116057,0.07603393529815912,0.12400087901508901,0.12546080071987634,0.09906007618044942,0.10518069691840709
0.08289787489552002,0.11629060861809269,0.1082999598668536,0.07016500345595929,0.04684085979819913,0.22299698832858042,0.12101478156700594,0.09927527387615259,0.13221864959363627
0.09669063140219515,0.10036183765533313,0.14721945280655743,0.1192537484288785,0.07879879575810007,0.10540273085734979,0.12128216228301851,0.12011910079837347,0.1108715400101939
0.0751807222286746,0.12190785462824327,0.1505226649740918,0.1270667834772856,0.10980636032162351,0.08321595619534083,0.108857003322552,0.11050650269761614,0.11293615215457227
0.06280255686157243,0.1348796027138232,0.10451528887450112,0.08669098975578572,0.0424438875422859,0.24268439926866725,0.08712567803677662,0.10992547609140457,0.12893212085518316
0.12700433637815986,0.10593297492702163,0.04525942983775822,0.06814982574908222,0.022169862821123595,0.20974908049497412,0.10487710976133069,0.09257031867364662,0.2242870613569031
0.07245573368161803,0.13277204453005606,0.14421894092959406,0.12862259549983215,0.10439995491583533,0.08078551564542126,0.10949019790559593,0.11568037823485028,0.11157463865719681
0.08130506166430836,0.11067268169636724,0.10906534272734385,0.12687070991519653,0.14435653978368415,0.08950095026487309,0.11909053628810458,0.10417952885485039,0.11495864880527173
0.14612893223754206,0.08417543831528267,0.12312445917346022,0.11878347350998447,0.0620271331216567,0.13571200118330548,0.12794484104827478,0.0931045790356888,0.1089991423748048
0.1001520998300837,0.09905985896883128,0.13085414603882622,0.11203807662018127,0.10239901657805955,0.1063945315564689,0.12415515282648444,0.10299161949810427,0.12195549808296031
0.08650663447349133,0.10043409697284328,0.1311370250509522,0.09382806118170305,0.15946032652500122,0.08929297335921593,0.1109711258997801,0.10812491202266812,0.12024484451434474
0.06413567657308332,0.09413442637727927,0.23923563778810752,0.05963773922075457,0.06674162662689437,0.20907383752553388,0.08782672224087466,0.08401622998169378,0.09519810366577863
0.0995242485828804,0.07912421863669958,0.08864985644591493,0.11227618620278314,0.20227136013391814,0.09641022424635537,0.12059398026075153,0.09066269279059448,0.11048723270010259
0.0937761603827726,0.09016305022247656,0.11807529985756317,0.11412931717100518,0.1315155750682872,0.10162030518495398,0.12521647731999255,0.11744770227035217,0.10805611252259656
0.09587508615507319,0.0952025146045689,0.1521211378215874,0.12069046000397937,0.08736188360384667,0.10588502381404996,0.12030181705088988,0.10915809190818797,0.11340398503781675
0.10689025461008785,0.09338684411598967,0.1285373265805407,0.11183601992990914,0.09928731704291416,0.1120947331497903,0.12548767051147888,0.09898570920973894,0.12349412484955037
0.09611944923405065,0.0915753939198722,0.10663195136035541,0.10449702449676417,0.16330998940473687,0.09831219917690588,0.12382216453469254,0.10040279698379902,0.11532903088882335
0.1167049134415557,0.0915406929692321,0.11031630217334515,0.09794623841387588,0.12561946602925664,0.11187914159960122,0.12419304911552831,0.10424775459035751,0.11755244166724747
0.06868481238990702,0.15255534287651096,0.12024773783585006,0.12972704815915623,0.04246069077014466,0.0774859459168216,0.09965213634021262,0.17017119104696707,0.13901509466442966
0.06104917732971138,0.250527821647706,0.13500345959010515,0.11392469140266685,0.05931687795281304,0.06411352578469837,0.09597524639280863,0.10331446537206325,0.11677473452742733
0.1256260285051401,0.08811829003528304,0.12338750556518245,0.11171807656702314,0.0886213850575475,0.12293737363164019,0.12671017430620093,0.09145908636310295,0.12142207996887981
0.11418071854059174,0.09219448099407344,0.1272894255815027,0.11173605383969876,0.09401247862477759,0.11614148749413082,0.126044897825555,0.09662345633742893,0.12177700076224107
0.06787671676845976,0.13032735609844806,0.11574758301614264,0.11189039392717022,0.0591688712173579,0.18924105125125765,0.10262658333541723,0.10806286332704497,0.11505858105870166
0.08692989650331333,0.09824722726884727,0.12893806021674145,0.13530990282544758,0.11346222869916496,0.09902462676732839,0.12147586040040599,0.1077195646678989,0.10889263265085221
0.08735476941064484,0.09541588620291945,0.11492375593650435,0.12315000960053396,0.14943156663669765,0.09462639385080616,0.11832838669199634,0.09735457126349804,0.1194146604063992
0.09150860232150976,0.10112692636796326,0.13047678143693872,0.09817889270613724,0.13627064964548344,0.095309256748697,0.11903461511263004,0.10719700600293057,0.12089726965771008
0.06693785548184673,0.12329964056274219,0.10612088179475491,0.13476623656702932,0.1839665234959866,0.07109940285366924,0.09947419900068284,0.09835258934483415,0.11598267089845403
0.074606134839431,0.13911631718393938,0.11687083052632463,0.2845331994142107,0.041815355427197116,0.07991821861719785,0.12867931041391975,0.08008066781881754,0.054379965758962145
0.08535806658765421,0.10762520854536632,0.13383083284850852,0.11371076517138967,0.1213025274676816,0.09267461049695179,0.1171604316108195,0.10463770416120605,0.12369985311042227
0.1408811890160919,0.07771149498970036,0.10364232320418836,0.11654838787562984,0.10046077209509634,0.1288451946517171,0.13124638920041365,0.0829532130416024,0.11771103592556009
0.10514908256667677,0.09390186518509709,0.12176227704429993,0.10300143561910262,0.09699173483719846,0.10869566877194382,0.12492231451522677,0.1350333103825954,0.11054231107785906
0.13735425673259014,0.0772009637595185,0.09928645329764597,0.09873523258269301,0.12843748639554536,0.12622859218771718,0.12375501848513983,0.09136568384771744,0.11763631271143259
0.1426566129191573,0.08172433117806292,0.1149789624855777,0.11171017804890078,0.08242316439952883,0.13322904732617158,0.12717259106116194,0.08409563187575199,0.12200948070568692
0.07000496960429399,0.11631067306120264,0.13161357952663066,0.11878165617227586,0.04293060097696046,0.20680122265846587,0.1021053446089946,0.10383272568960324,0.10761922770157267
0.1107172107784491,0.13649355615685888,0.10087494308514366,0.09259054733315451,0.06981164393854128,0.08597014878854438,0.1589674957066692,0.09606780425927557,0.14850664995336338
0.09241034880942557,0.19431201628940634,0.1017042995882616,0.08312059266280876,0.028689319579059232,0.07359610390094591,0.08574997207519602,0.09517367017297819,0.24524367692191829
0.09784439780790612,0.09794789083304738,0.131826824683368,0.1122493272413544,0.10697680268806899,0.10469804552889499,0.12281499918528133,0.10190408001998245,0.12373763201209631
0.1042656099057165,0.09609661905318538,0.13149079328728489,0.11193527708473476,0.10112822919248797,0.10897444556622014,0.12380849649969956,0.10007329946500472,0.12222722994566616
0.07788659042293304,0.11984408344429283,0.13725291749178423,0.09943026326177075,0.13500280486668037,0.08336089444922845,0.11566064249991011,0.10924317161820064,0.1223186319451995
0.07513719030049165,0.12729694748344836,0.1291478464097067,0.11615496374550621,0.12777509789763583,0.0818156772911529,0.11281774423181294,0.10944040034906466,0.12041413229118074
0.08315214866640581,0.11578126822512837,0.13003492754925683,0.09359083727180838,0.146394901409631,0.08574861798173294,0.11282491109757026,0.11045634543750509,0.12201604236096131
0.08454391998549587,0.10618504676223783,0.15274954168555857,0.12286138854850748,0.09536557727782363,0.09524694197197092,0.1165829471948986,0.11350516903306247,0.11295946754044456
0.0989104304254661,0.10729013877806039,0.044579938822677835,0.054806225398393194,0.01061304322502121,0.3359519276399858,0.08266017243841232,0.09816678960802457,0.16702133366395855
0.08181496518434546,0.10058548587287253,0.12866057097602487,0.1194006155441449,0.1377022440787856,0.09143879045681191,0.11860776057927168,0.11196297352316813,0.10982659378457478
0.09772759611872783,0.09979553449333876,0.14662357858275166,0.11941518030032983,0.07870564476326343,0.10635581856169822,0.12153267949277007,0.11862378004688207,0.11122018764023826
0.13574552095930045,0.07737509252444764,0.10020033844416999,0.09852117884829603,0.13004555237134796,0.12520186986983936,0.12339832794888371,0.09179486702857309,0.11771725200514171
0.09130551125533277,0.09688286864400626,0.1297452624492131,0.09802007728128335,0.13969206064773695,0.09647350526115249,0.11957907176422604,0.1064894881301111,0.12181215456693788
0.09955768236630941,0.1003128251069455,0.09345460425152174,0.07101851664712501,0.04234756754797833,0.2508946862511991,0.12577673584377064,0.09102279402411734,0.1256145879610329
0.10958700184485282,0.09024732516365493,0.14378598517543753,0.11936066364723767,0.07570603464443075,0.11682030925363096,0.12497330122182915,0.10786712860994152,0.11165225043898479
0.1074964063130317,0.09181323288618787,0.14177927217709743,0.1196282460768443,0.07311055488495474,0.11656583727680049,0.1264407298426034,0.11288020125473924,0.11028551928774093
0.1443800483944728,0.10378003951463778,0.03684217058714489,0.13447901037986013,0.1874850565733667,0.10388560632284034,0.09361096883779009,0.10016723551782407,0.09536986387206327
0.06380182667196456,0.19710367411149,0.16400315139708152,0.10614259229445884,0.0957988768653781,0.06221000551493535,0.09397920263951466,0.0940720084225017,0.1228886620826753
0.2227898322938855,0.1136715788808637,0.009349148364559941,0.3558265202693139,0.007601336925687764,0.10196770507468712,0.07304015426829985,0.10523291445666388,0.010520809466038302
0.07988991147424628,0.10881320846196411,0.16278110121402742,0.14229470134581382,0.054601686800940095,0.0950846361003963,0.10927684560806006,0.14096412864163357,0.10629378035291838
0.07820673682041995,0.12031931703266929,0.1303056379615163,0.11543973089098365,0.12584914852989917,0.08538240631290396,0.11472939697627649,0.10801315015674516,0.121754475318586
0.08432621203836144,0.20393421373822954,0.024657550476209864,0.3969319423702731,0.018075483763806983,0.07196780378791226,0.07521682014356634,0.10734671244430079,0.01754326123733958
0.12157716078166521,0.07396443693084288,0.10379517864864156,0.1108839158661989,0.13019579385007898,0.11964761902201985,0.12816333541914882,0.1055259673918842,0.10624659208951953
0.08881573442228263,0.09598208232194812,0.16164796044090765,0.13805000758357885,0.051289406810628095,0.10464877473297159,0.11322873011973356,0.14100499771687072,0.10533230585107874
0.0767704125804264,0.12236727939339988,0.14683720134937642,0.12336012153651675,0.0939336173899325,0.08695229635017938,0.11390240040944044,0.12423986749133854,0.11163680349938969
0.11320799055893205,0.09309423132894236,0.12624464342452993,0.11169299538319188,0.09340069333844851,0.11597986196888475,0.12688853344556916,0.09795614447215366,0.12153490607934771
0.10812104471863353,0.08293223974264878,0.10699508603682917,0.0973922407019036,0.13688237464034594,0.10894278739559604,0.11680497730814239,0.13521375018469195,0.10671549927120859
0.14597622622165718,0.08075149787490589,0.09366349174585725,0.09934470497681802,0.11814979511234718,0.12890656785567578,0.12596221975322694,0.09193281865825914,0.11531267780125265
0.18482052177816696,0.13530413223054763,0.005180959352253552,0.3077713243930848,0.0033861043489545654,0.1653393548956872,0.06617315666248913,0.12263490029329988,0.009389546045516386
0.11204164997200305,0.09131660934716412,0.11153933701412223,0.0978387485957085,0.12610115697068083,0.11112780816739687,0.12583433282975523,0.1063237603573372,0.11787659674583191
0.07707848039893989,0.1299408379273345,0.12750736855089662,0.11562152120250103,0.11581115995242157,0.08456861136835869,0.11532506005412964,0.11527608661983996,0.11887087392557812
0.04659424315289187,0.17151739648852068,0.2732211078001978,0.057899198447492216,0.0388954275089684,0.12451408541505343,0.08741281579147124,0.09605881915338749,0.1038869062420169
0.08960498995177907,0.10941221672403824,0.1312418622571972,0.11296730555936503,0.10806256582479266,0.09746037177646916,0.12163780492716154,0.10897486235111548,0.12063802062808156
0.10949850642972421,0.1009961228869744,0.12560245185488858,0.11221116945208566,0.09049086010773288,0.11198426928848426,0.126314909134298,0.10428536925387566,0.11861634159193636
0.10380806846456707,0.09375835301041768,0.1322650240694343,0.11197559751154802,0.10426699746301965,0.10880409868884995,0.12279625906172059,0.09832622534407708,0.12399937638636566
0.09827273710723139,0.10214153049716433,0.04281716679942347,0.34109163882971244,0.014825061784801951,0.17015074831092183,0.1352401742429518,0.07737512137859685,0.018085821049195868
0.08529602214200678,0.09697837219681325,0.1143112543228356,0.12405593190762254,0.15261682395977122,0.0927575265424585,0.11705886229724839,0.09758423935325539,0.11934096727798832
0.06787334456765694,0.14388558392025907,0.12280031375377913,0.12056885715999845,0.14432271140288397,0.07135006211337923,0.10382987917314679,0.10536046273620804,0.12000878517268843
0.1933418725860839,0.13312573750919615,0.04465356765575618,0.2229934853899568,0.014875306941083168,0.11888306587927837,0.13033711613979324,0.08703105725797161,0.05475879064088058
0.09833005736470622,0.08653557530998268,0.13421293126326914,0.11824141694896095,0.06450231322495922,0.10982721204624053,0.11699163747992875,0.165708838320619,0.10565001804133345
0.08355637169761053,0.10300148607261313,0.12354437259901208,0.11671771650487989,0.13048295778884578,0.09287895574942813,0.12164697934735204,0.11810078591599442,0.11007037432426403
0.11459234787176842,0.0876541549780483,0.05435722547043157,0.24904051285878656,0.015236843655978263,0.21552274090459847,0.16643662715345242,0.06699636004160565,0.030163187065330374
0.14777512608860713,0.08075745845929727,0.11233317324033719,0.11157245998707406,0.08035952986721294,0.13578006645558038,0.12745032615139695,0.08257573698039046,0.12139612277010355
0.1124893986458362,0.09206219464593048,0.08094964968771977,0.2535271616593181,0.051226079701745204,0.10382571872148004,0.19206060654060542,0.07226784317055722,0.041591347226807546
0.10506362547161296,0.09715625856892769,0.0992021425386231,0.10481396545901339,0.15016338978918117,0.10109660434008157,0.12478868353713968,0.10307105293586427,0.11464427735955605
0.11989434341702732,0.10678170758127771,0.05387894391529147,0.06508777443210727,0.018739554340906565,0.21696750331725903,0.11125854041053491,0.08552509854234332,0.22186653404325238
0.14293291456586096,0.06956373095196672,0.08872075098279329,0.12196954798871734,0.12212099752023113,0.12611762647816108,0.13221056461516567,0.08038044198149143,0.1159834249156123
0.14726440618253062,0.07890276420826989,0.10006222100161692,0.11676115619584927,0.09548363968396782,0.1310108182135561,0.13255880750791768,0.08222120125496273,0.11573498575132896
0.12280542584673333,0.12753478618232142,0.08885177880819266,0.08084214114391912,0.01645909056520457,0.24186036085944088,0.12785283112218263,0.09509358418040559,0.09870000129159989
0.09730817070622462,0.09809558333505247,0.11244667205820874,0.12213490351544014,0.12582343689919376,0.1024581300294261,0.1254203655518501,0.10032751202624945,0.11598522587835469
0.09057121861055895,0.11145574430314277,0.14640325810071295,0.13798204472036915,0.06223953989295311,0.10687251570901542,0.11720520834557406,0.13513309487448236,0.0921373754431913
0.11645710962026007,0.11890278173728262,0.06011800613373005,0.08146713799622408,0.12163435531694845,0.07409752037719705,0.10100849553464408,0.09371159961167662,0.232602993672037
0.10841352315275381,0.0953046458504097,0.12728373802806245,0.111738202160288,0.09570633026075946,0.11292571071004011,0.12662161867188707,0.10041953671314043,0.12158669445265897
0.11004971321345007,0.09143673178965266,0.12879888424954788,0.1119412032773251,0.09854416836125877,0.11395837635897599,0.12487324919245807,0.09656395333361344,0.12383372022371814
0.06580217508466803,0.16931184587980216,0.1352610848617145,0.11684304753487525,0.06806755701540519,0.07362467231464136,0.10755904656865274,0.14350166300480297,0.12002890773543769
0.07731772140267618,0.12074043543008002,0.1469672745228043,0.12501486928843655,0.09523548913040353,0.08789164450813645,0.11504126076222576,0.12057894233347455,0.11121236262176264
0.07981759099527162,0.11496245574229663,0.1358143243077783,0.0996873001618041,0.13463186696040133,0.08592991123957344,0.11738597728603906,0.10937350601798601,0.12239706728884962
