0.11097452640754817,0.20692240790170224,0.11529239823042707,0.060679072786930806,0.03869875172174162,0.05165764749544121,0.15550374090329153,0.13322358037083382,0.12704787418208366
0.10677717087552785,0.11661227594357249,0.12111750668752495,0.05710071580987494,0.04404345912175314,0.07944710276773197,0.21060055077161288,0.13733997846344626,0.12696123955895547
0.12517087742891106,0.0769526674104546,0.1040755496186095,0.11964319734720728,0.08340390337505273,0.04119744421698534,0.09403940706693296,0.24397541967722855,0.111541533858618
0.12741755592316492,0.06832736091345995,0.10469192809629367,0.11377788309367998,0.07360494232051482,0.05508736201357631,0.12479736768982641,0.21374178202509964,0.11855381792438431
0.13610044514166728,0.09053391719204784,0.10697885210163423,0.14311564834950444,0.0659788532780408,0.0783738165060722,0.10602263960166107,0.1523019207497279,0.12059390707964418
0.11133667620345324,0.10931782037491129,0.11767900978031377,0.07538360951752915,0.05570077468816694,0.056938704262115884,0.1540490256765896,0.2061067887438294,0.11348759075309074
0.2914419592033458,0.0320766403391654,0.15502036823431,0.01842969497253284,0.09592291576980762,0.07203554517110654,0.1795646089977876,0.006106519435206786,0.14940174787673746
0.18008648046132558,0.0830144304787697,0.11544822227590083,0.08316331689722113,0.071286377833357,0.11312085460273552,0.17523316680520895,0.071773389807144,0.10687376083833722
0.12386502854314307,0.08953893320009366,0.10981570332918893,0.15811297015976108,0.08491654641885293,0.09029772900177997,0.07746966408692481,0.15601504048270604,0.10996838477754951
0.13070386293361722,0.13470757937630687,0.10739369551695734,0.1889825476003485,0.07742238878139701,0.10181270004364955,0.050373906277884774,0.09274351763998913,0.11585980182984949
0.1566507026313405,0.18025754564635185,0.14250201430777587,0.06304512764319208,0.06058825186532366,0.061470492144940325,0.13308374879937027,0.07282861368742782,0.1295735032742776
0.11569091128034381,0.06803724230780712,0.09594607221884938,0.2463579599166538,0.1414019919733498,0.09281039646741689,0.03184684885752031,0.10035543604660672,0.10755314093145224
0.3240478236416178,0.031671143858528074,0.09473527210600764,0.06387982299155522,0.0918110520241137,0.07831471752040332,0.1535230473002264,0.06632017074572015,0.09569694981182765
0.11793732177557877,0.09790875415464491,0.10226615108160231,0.22636873227411566,0.11961304644267944,0.10372451075271384,0.03437932694065406,0.07698419809195724,0.12081795848605377
0.12060346004712608,0.0992304600063817,0.11651220588804878,0.12018819429358818,0.07571005196771761,0.11946291554602535,0.10794159805831334,0.1065876035341879,0.13376351065861106
0.1261235165331726,0.12509467880550088,0.10384661432803637,0.10596896322220624,0.07762472146315459,0.03236584277368058,0.09071270559954885,0.201879753381231,0.13638320389346895
0.13826166519768768,0.06709390048729447,0.09774204516226485,0.1938484840321347,0.10138389323225738,0.04197181989507858,0.0554103620475875,0.17834274316698873,0.125945086778706
0.20887836980070618,0.0649813491462407,0.11738869988135693,0.07626185301842858,0.08454248191203308,0.09526778978115662,0.1631529759974578,0.09196173907408374,0.09756474138853648
0.13382316197770672,0.23198742490457944,0.09991112559176722,0.10078439387336248,0.04014046578465181,0.04868348730057265,0.11484567705938693,0.09953622591968668,0.13028803758828608
0.1268214295614846,0.1268834043152004,0.11067211801213062,0.17156832038150627,0.0779074616385917,0.10139680622152991,0.06011565951018407,0.10621452082597116,0.11842027953340134
0.13054711832925717,0.18220066198451793,0.10635146267216267,0.10614050045525063,0.045782910372626995,0.05711270881015834,0.1173251559510305,0.13638536941380566,0.11815411201119008
0.04422077604356081,0.41484898228539685,0.0959103477414799,0.009907390604218818,0.03516504976484422,0.08744854233549686,0.1996611137700689,0.04335338982383425,0.06948440763109938
0.12150352080598437,0.1077226785798912,0.10824914082332267,0.1931169708946517,0.09854498699490936,0.1033300893601077,0.04842987422180348,0.09907069064951775,0.12003204766981175
0.13372565349804688,0.13305228340724123,0.11230039482082017,0.1344326484326113,0.06081544334644454,0.11823750141003726,0.09151454773572648,0.08882910302487468,0.12709242432419743
0.10138287563494756,0.09757916338100954,0.11749108345109999,0.046041444207007044,0.040734500670702896,0.08761910310894543,0.25987807412674396,0.11825409836302142,0.1310196570565221
0.05027927966138035,0.44817979356807114,0.10940621425158102,0.02121793020962511,0.07234112339351548,0.11543640573299901,0.07053461371136675,0.03184002310406103,0.08076461636740012
0.12971887666424906,0.1156444146695,0.11192809597441711,0.14915847658365045,0.07403855055720704,0.12398708268313752,0.07877689751457077,0.08551174754155584,0.1312358578117123
0.12142895499934546,0.12665571259545272,0.1181996043330924,0.10569988540033128,0.058430715543358734,0.09661646298560429,0.12024776228619567,0.12913762486957073,0.12358327698704864
0.12210861682349429,0.08393177393710789,0.11134543554222454,0.13472050153254034,0.07851274434208072,0.09289902946344057,0.10078232864685277,0.16143728629399487,0.11426228341826404
0.13124277800507736,0.11901507400709349,0.11242659559076096,0.14006922396855606,0.06871420011567138,0.12502159165766558,0.08692718297911263,0.08537280201134427,0.1312105516647183
0.12822769756052285,0.13160342537948946,0.11420258164004206,0.10264480797436863,0.05198978894566925,0.11338329947689531,0.1305142621166114,0.0989686523385623,0.12846548456783882
0.12671841447959148,0.12045000061684048,0.11439880214653013,0.09841119836506274,0.05342472617507064,0.12086921992675737,0.1391061117051018,0.0940668963966965,0.13255463018834887
0.08727909440520461,0.11085769304009886,0.11208887149275494,0.08863173788820101,0.13849693546058675,0.20451169627626317,0.10542769584383728,0.05020488355077987,0.10250139204227349
0.06386837719353473,0.02133057276572188,0.12627873897100467,0.04061554067992084,0.12979574080187348,0.07864522564522021,0.27418155883203227,0.1613337962415923,0.10395044886909949
0.11714032207238816,0.038304728358693946,0.09100271342409567,0.21996619280224705,0.14894957644097453,0.06359958368785525,0.04136909914127385,0.18320276921979164,0.0964650148526799
0.12935711982281697,0.13906161081403648,0.11263641844895676,0.1462459744953962,0.06479827304979935,0.10131867886692925,0.07796757734270458,0.10880876891924272,0.1198055782401176
0.12406086038652527,0.12348195223836105,0.11397244291990942,0.0869626823198106,0.047881614820091456,0.11708421749713645,0.15835625257149377,0.0942552109044426,0.13394476634222952
0.25344517631461305,0.04707259157501608,0.09539977435347767,0.11221271620364882,0.13330241738524612,0.13728992674167376,0.07536379848543323,0.03890228502732843,0.10701131391356282
0.10998201883295067,0.14886022405239185,0.12426419142675725,0.07182458285769669,0.04825038648024658,0.06411908379495283,0.14898858666749626,0.15878169323712968,0.12492923265037818
0.13330129620245565,0.1417726573200316,0.10948889373010635,0.16705641502658194,0.06798420538682824,0.10481969833044445,0.06317891455663273,0.09394996566978747,0.11844795377713156
0.2599468896669576,0.02323651737791794,0.12101395486716844,0.03242044699157704,0.10901335431432169,0.10227023417160226,0.23199071771752167,0.035480823863573874,0.08462706102935937
0.12880318707629224,0.08287323375348447,0.10745963797623419,0.17056639558920586,0.09085020708095094,0.11385119554222596,0.07389249347716373,0.11034124802876139,0.12136240147568121
0.12312686026689501,0.07178376204297536,0.11035368106937689,0.02219977730001503,0.03574028219450883,0.09489948530611243,0.38359162379142653,0.054022473584443655,0.10428205444424625
0.057940361378263784,0.4806144279393844,0.07974425179930587,0.03127716121512674,0.04426712598036032,0.11825693158648533,0.08068917328191595,0.034630580120030306,0.07257998669912724
0.07731208426718299,0.07120772528766361,0.12906144869527802,0.04706529971095846,0.1284597314964333,0.09085516829743097,0.18946509455276242,0.1513296155987001,0.11524383209359006
0.11656576840267056,0.11241425415886208,0.12149777939368366,0.10573913670683659,0.06555389672153802,0.09341886190653237,0.11762946898216682,0.14102132462145314,0.12615950910625676
0.13251836751047905,0.17252321395226267,0.10736921018420749,0.12048883154453423,0.050010511250622454,0.061173050501816935,0.10187745908819558,0.14019304452172396,0.11384631144615763
0.2630324191292767,0.060570392040350224,0.10692190227738796,0.03297604979527705,0.10546378481466051,0.16549099121077507,0.15789637837919654,0.013045472545634195,0.09460260980744173
0.12446220138342849,0.10774414377179976,0.11131526275870741,0.16593557806162532,0.08788235860139593,0.11392905980760797,0.06550829083169338,0.09766788130044836,0.12555522348329334
0.1001726602852816,0.3447793296719845,0.10345060267650767,0.09673537849554348,0.04778256065538885,0.059817380715560364,0.06168427630843256,0.09042769366283372,0.09515011752846726
0.309252224827134,0.035424875410167575,0.1407484731478232,0.023777127964446323,0.0790793275895235,0.06927878481750847,0.15079591961612362,0.0065172834819261895,0.18512598314534712
0.1338344320652074,0.2636749047548877,0.10255100648722172,0.13276731111155027,0.0457472900374718,0.05547566195905559,0.060222856895012666,0.08456587661040411,0.12116066007918865
0.10676634988485763,0.1105650500037924,0.12161126775299695,0.06241199393834455,0.07716129103062828,0.03275864363690633,0.11311584761267246,0.23759299231183714,0.1380165638279642
0.1309645281737176,0.14010989615977337,0.10803595675363159,0.18290222486965577,0.07325452913291534,0.10014224536068113,0.053157480626623954,0.09495052625375829,0.11648261266924292
0.12337523415822609,0.18531505718739663,0.11229550542651175,0.08264188950632574,0.040316181660052144,0.07515613199742414,0.1440028804338738,0.11718054006183014,0.11971657956835947
0.10626868817196504,0.15810578754363125,0.10792438198825406,0.09751356979211777,0.07452594308136651,0.10253440883408253,0.10847307870468663,0.14715852194691004,0.0974956199369862
0.1196564433509182,0.06625996690832024,0.09953176066174507,0.21988102036054955,0.1309118325995187,0.10303873325021029,0.043229587144454296,0.10416518665927504,0.11332546906500862
0.0743358171429474,0.12019601695023911,0.1000662332760962,0.013086398740486246,0.04272686311752689,0.034161935162488506,0.35937693320504116,0.1255891390236828,0.13046066338149165
0.04922300676089623,0.47357807692854226,0.07035358570783289,0.021889694921331432,0.03981668708063545,0.15600255188861206,0.07783778649019234,0.015278310784897428,0.09602029943705981
0.12836085393775143,0.1154042232445635,0.10858370684026812,0.18113885502644156,0.08599080681317933,0.11480860158641465,0.05610237833947906,0.08616391815145265,0.12344665606044976
0.13041122062881072,0.1613627746450198,0.10317719584307476,0.17074673721261846,0.06104674088572084,0.05259314596056817,0.044546431419379175,0.16077142536522943,0.11534432803957867
0.12989148088658453,0.1139146719158101,0.11137596586579059,0.15433434926854675,0.07706115423274196,0.1242721436741049,0.07468065435395005,0.08439696764760156,0.13007261215486965
0.12206666272114824,0.1052478092450142,0.11543288086263348,0.13695578598423586,0.07935059063163269,0.11299321651971085,0.0887327649025309,0.11076604528048693,0.12845424385260681
0.06954307642658857,0.15315601273937174,0.1171047494491793,0.055366046489757424,0.16095415536854607,0.15823685705647328,0.09985839275659696,0.08227272585058988,0.10350798386289682
0.0979709244118034,0.04510865606587994,0.1284821400728822,0.029855209666988097,0.06326543024732408,0.08291908085523539,0.34729837834005,0.1029701110605334,0.1021300692793035
0.12455569634703283,0.23660416628465683,0.10981594986986563,0.09894877330151919,0.04386125888646025,0.05574779603305336,0.09384040221790953,0.11595149773829856,0.12067445932120385
0.12144697010825889,0.10975322951234058,0.11438254885229056,0.15288968966976896,0.08322756858800548,0.10449392628522518,0.07320782204690149,0.1165553407568246,0.12404290418038431
0.1189355638112201,0.09709699244778719,0.11347293947817212,0.15933124625137082,0.09621523794571253,0.10970222468432252,0.0687799401268207,0.10869226082690582,0.12777359442768818
0.113736590278346,0.08189625498992449,0.11442288081108064,0.07773303411621774,0.057974837372204484,0.08592335089339852,0.18307185335644957,0.16761081321958984,0.11763038496278876
0.05329076631851067,0.32252540606085867,0.0876320357229819,0.04288724532104382,0.15197713451309405,0.17338979101824678,0.03748242960305329,0.018207307990155932,0.11260788345205493
0.11630967165607009,0.1827868865619329,0.10809896793959424,0.05729780300581428,0.03200765725626937,0.07263731050027987,0.20475391932784448,0.1028424993407942,0.1232652844114005
0.12430038380398094,0.11442679566557053,0.11033552775808408,0.17650924456577086,0.0870989972799253,0.10582788489014515,0.05787274819427868,0.10251552719283741,0.12111289064940707
0.10271129805992026,0.0956541633376371,0.1235135611889841,0.05187998402905891,0.046841293092615026,0.08293520889694393,0.23064587673386874,0.1338457417630227,0.13197287289794912
0.0946367487476375,0.05822475134582911,0.11222076141506486,0.1332848642457722,0.17968575349923843,0.18380624814320998,0.08002744206129371,0.04247067521329096,0.11564275532866326
0.03708231089067207,0.364605690884969,0.2093627520099667,0.009698959070406302,0.1503487583791646,0.030734801483639145,0.04224617807700939,0.007055967209662104,0.1488645819945106
0.13023845736744308,0.11636658598548666,0.11201093895702503,0.14728356917964497,0.07289393768241387,0.12440750774869458,0.08042685200421185,0.08533395280338252,0.13103819827169744
0.1311835313284353,0.09109853802771423,0.10807703902973877,0.16619836387547104,0.08060964374771896,0.10586350107971572,0.07829278195942203,0.12009801529234714,0.1185785856594368
0.12655700162081066,0.11242930540982955,0.10781661846216804,0.18834934747302834,0.09075783574636659,0.113318433397263,0.05201073287406733,0.08538237232142322,0.12337835269504327
0.0953538265554109,0.036119200192546115,0.11434389715515529,0.04449609266756561,0.0757694771562076,0.04352994779566702,0.1679832173666329,0.3053328523814031,0.11707148872941146
0.05186814021965002,0.08399595557001531,0.16317786589904218,0.014916456736796252,0.04074477630854382,0.050311751317427066,0.37019079828545687,0.08200033888024624,0.1427939167828223
0.1263501892506453,0.11049649530075421,0.10716891535643434,0.19252462237619128,0.09382391065956595,0.11337923724203647,0.049823044696100514,0.08385398300115221,0.12257960211711973
0.11104256207475265,0.0976152086427513,0.12134338039254589,0.07603064869397559,0.05696346264414314,0.10069851218770849,0.1754575192847648,0.12798732143509725,0.13286138464426092
0.12963365013653175,0.12427255647896794,0.10812511467040302,0.184794443933291,0.08149318674918955,0.1089566097446016,0.05365167467913698,0.08945784033458122,0.11961492327329704
0.1274949412139574,0.2446782965303329,0.1005390336925353,0.06754105874345721,0.029400255398294477,0.0638375193225692,0.16272157981229465,0.07499384660789805,0.12879346867866082
0.12609578470878613,0.08647170372854267,0.10714181499001567,0.17746614781006279,0.09228130874378689,0.09853589985384072,0.06654750816823553,0.13388233834294316,0.11157749365378644
0.12647777140533878,0.12027787873755735,0.10669245297247425,0.19834921050056917,0.08848581179202612,0.10511994682374164,0.046469646952827216,0.08917082198444491,0.11895645883102061
0.11865885187480983,0.09348577920976765,0.11656696781769067,0.1281567804685155,0.08484314815774152,0.11774534412918782,0.09778242018837678,0.10851749962099334,0.13424320853291696
0.13371878474166352,0.1146646984761499,0.10858123330304714,0.1618844847157088,0.06772958011491828,0.09236061451076953,0.0787610401456446,0.12698772990697943,0.11531183408511873
0.31831651446802,0.03242536025771814,0.0877926144356022,0.11428028327455551,0.16142270277123802,0.09500248036202681,0.05346272149726645,0.02848162383114918,0.10881569910242367
0.11175827784203458,0.03347836908344728,0.10184250313251215,0.09295219212715278,0.10329218745856257,0.08079540961676922,0.15430482605105114,0.20622960280531666,0.11534663188315364
0.04436109521802018,0.2817018555823498,0.20219989365103305,0.018684402098619338,0.04904263218543204,0.04841171023543919,0.191390071677783,0.022579262715652745,0.1416290766356707
0.12704182109336112,0.12656038996488664,0.11516451997807887,0.11326359083142291,0.05847654586420415,0.11071153815236712,0.11520342461347888,0.1074295214116866,0.1261486480905137
0.12960099751766888,0.058996417961400004,0.1022958058724031,0.15616552723921137,0.09014727655842776,0.06322797237644699,0.08716689396998016,0.19900110515900418,0.11339800334545759
0.10745361271007735,0.040119401824001755,0.0906166296884099,0.23469339364926592,0.1803933119525,0.08232025451310983,0.033656830565039736,0.12652130880743315,0.10422525629016242
0.1154702334503951,0.04282715130767848,0.09722268811930086,0.15972757160191361,0.1091767713453361,0.05027852447593965,0.05031217032632615,0.2705565794621674,0.10442830991094254
0.12628190923278718,0.11259955716184049,0.11260644551473786,0.1526987623664281,0.07921453929889109,0.11549332577278355,0.07561221988089818,0.09923159458457875,0.12626164618705485
0.1183840679661688,0.04597138432651076,0.08674634585905595,0.2739318544135974,0.14927592337999704,0.0542783985131085,0.02413056926815226,0.15689533115762785,0.09038612511578141
0.11994169028863232,0.10506595850181115,0.11690055733116722,0.0974181141246084,0.061106464705786845,0.117843622385528,0.14063670263836356,0.10698349631580224,0.13410339370830035
0.07078551527960547,0.21064022132306137,0.10177180265118246,0.01650181598321968,0.025064973867249502,0.07114981754412358,0.33238946995877433,0.07267550893363539,0.09902087445914814
0.11683722555427291,0.13121197409210333,0.11938424484768013,0.09114758786345639,0.05264653302940575,0.08826884082535758,0.13818180426623392,0.13754617813230385,0.12477561138918603
0.13291056794174042,0.14025375300292645,0.10877194966040359,0.1744550149469173,0.07073609988110162,0.10371993512383587,0.058469972508833234,0.09355913294139828,0.11712357399284327
0.347122208152668,0.03400320607800992,0.09727298032588345,0.07092442870568338,0.0890209725331798,0.09623194240336969,0.11340165048692159,0.038026170145585715,0.11399644116869845
0.12415711983219936,0.059753139520770875,0.1025864454282398,0.17689709098757556,0.10354934002163312,0.08414577690386366,0.07119327431777724,0.17064722908090857,0.10707058390703182
0.0773311371786428,0.20351938714753262,0.12309623800911534,0.07360182771113562,0.1613165109561877,0.13065055345966956,0.0544702089074563,0.067234646106318,0.10877949052394205
0.1199071201261782,0.10348832029527867,0.11812637258219523,0.11111330639364364,0.06982833601101575,0.11165231911700073,0.11800766060349838,0.11762922125027216,0.13024734362091725
0.09247753998001224,0.12979005862625637,0.10707502499039163,0.026372436234264815,0.026669384684672587,0.06070304852735955,0.33263137204494614,0.0999813800406734,0.12429975487142327
0.10073501461737311,0.1862494957468119,0.09918732306413473,0.12217290849693581,0.09012676244749662,0.14849115362731521,0.06508452795680855,0.08409949766288571,0.10385331638023837
0.3469663936265264,0.041216616666928885,0.09126877856477711,0.061221086129777356,0.07981433086167448,0.11306662132332046,0.12681995533426768,0.029360664802001998,0.11026555269072563
0.11430340917294339,0.03268792666159928,0.09224544663141863,0.19478166761018914,0.15992678988653045,0.08038589771942017,0.055586823987470745,0.16138758685895577,0.10869445147147246
0.12384782981788554,0.09490745475611446,0.10886325651711953,0.16812524594679315,0.08512534127573111,0.08229772712406412,0.06771796121394155,0.16311626659080308,0.10599891675754745
0.12836544132380276,0.1367472492868288,0.11416422058389077,0.12384343896870768,0.05827956596384031,0.10594126458879573,0.1007838224785787,0.10742933643739,0.12444566036816528
0.09657198486954849,0.24606444211557033,0.1265277313904488,0.07058133817650823,0.07439792574712127,0.09069568252697478,0.10051488167363161,0.07904076371157752,0.11560524978861898
0.17759734041496103,0.15162697706319833,0.23215082449223204,0.022661881486633364,0.07623061048883627,0.045815648507782504,0.11452017401771421,0.004495317989713657,0.17490122553892853
0.1205841545821711,0.058286645347118395,0.10235267706984379,0.17621734272976453,0.10986891270167583,0.07735693204535836,0.06568587819992838,0.1889334588556879,0.10071399846845168
0.10503008497903715,0.09768952799362159,0.1318344103835154,0.09357644208185012,0.08964964503585486,0.13765287552884245,0.1505962931637945,0.08264070387717794,0.11133001695630602
0.08241093766450626,0.25592147360012474,0.09100792348950353,0.0847374720280253,0.08325215171468292,0.18082948707861465,0.06388357861615472,0.05241794011853241,0.10553903568985541
0.08984773880538009,0.12565607468865467,0.10833303402439608,0.04667932491452048,0.058851091912039834,0.10579840231813593,0.21492179522219326,0.14732456607827804,0.10258797203640165
0.13065708997487854,0.15011729576184907,0.11331122373921719,0.12352135387069131,0.05479049245855899,0.09980258035507879,0.09893712309627896,0.1080273873476903,0.12083545339575678
0.12695335887318906,0.15954282372656883,0.11448932462840815,0.12569229990619382,0.05616174884049976,0.08471646294344103,0.08984397887996719,0.12612763135428395,0.11647237084744823
0.11621965983303455,0.09458705708763208,0.1007530674900628,0.23449623343756695,0.1271817020441714,0.10168554520281758,0.03131761536077781,0.0738320890678132,0.11992703047612359
0.12677884280504167,0.1170341999110216,0.10606312218888009,0.20168497802718624,0.09189908695849398,0.10674495676724997,0.04507646040323365,0.08655618620804896,0.1181621667308439
0.12650495004266338,0.13559825748706392,0.11381473018129369,0.09245918995931211,0.04727955634959837,0.1102551711702985,0.1461635000463658,0.09858756716780477,0.12933707759559943
0.13353333699428968,0.03973702977746759,0.1260670957744596,0.04037976997735916,0.07266947674834649,0.08407988477625235,0.29039046868910634,0.10993327292526867,0.10320966433745016
0.12124108997442828,0.09654816513023913,0.110934351484108,0.16813191221040447,0.09904541883081519,0.11807717741607641,0.06374362896267723,0.09209540422856244,0.13018285176268884
0.10879046021851684,0.27837230763570125,0.10065596118147829,0.10165248912288423,0.05280191553613933,0.11452892121862446,0.0728552905303298,0.07048431968781048,0.0998583348685152
0.11211644901724745,0.11723795756428874,0.1177284825355943,0.06471318847928166,0.044766537123674836,0.09255451460776865,0.20061305196351853,0.12330210496043569,0.12696771374819021
0.10300138810654558,0.07768901122316631,0.11640454330341869,0.05127936845504281,0.050139707233891016,0.06756513249392797,0.2356433558125283,0.1801683325961062,0.11810916077537315
0.11767413432360956,0.09473950447632684,0.10651498489433099,0.2019170356254044,0.11563453487330973,0.10621601436932156,0.043938528206640404,0.08998606774606836,0.12337919548498821
0.11297366211987021,0.1822827968908772,0.1114031513836058,0.056521698272352615,0.034366095853819605,0.06508341580677128,0.19701887561539247,0.11862593259492941,0.1217243714623814
0.13211466166408228,0.1238148808118315,0.11299062768936079,0.1269425402186815,0.0615868299272525,0.12494786621607908,0.10007735514650373,0.08548085701593772,0.13204438131027094
0.10095306538358555,0.11741214887543978,0.13508134502875815,0.04753196287232794,0.0761657003579242,0.09317474845021682,0.18399683938540487,0.11932797596538795,0.1263562136809547
0.11561285764179853,0.09835618091250843,0.09907426367305089,0.24691692549036473,0.12740554159672546,0.09488009097889305,0.027405121018508477,0.0749973244465809,0.11535169424156953
0.12067998012629921,0.07250507120208778,0.10443999961579685,0.1910989078320259,0.11284227220225856,0.10026286735072147,0.05713709543188115,0.12848257250778672,0.11255123373114236
0.12709171895412377,0.06924353806109039,0.10348804604665933,0.18130869630856475,0.09630512404916948,0.08210354077043219,0.0679456631954929,0.1677145419387341,0.10479913067573308
0.1351593403474466,0.11364734749388357,0.10809615291998124,0.16569890664141426,0.06901356819157793,0.09226481018420685,0.07648310410541681,0.1264578085540848,0.11317896156198792
0.119121689946752,0.14427555496699593,0.1124647011919115,0.0693469109953149,0.038727556825662625,0.09510056561950246,0.18923787918769172,0.10454680989661508,0.1271783313695537
0.04846589647306935,0.026236258840330554,0.17299581583417586,0.034714361831032076,0.17886498540378917,0.18062607010696374,0.2385551678542969,0.021340290745399865,0.0982011529109424
0.12250230080472814,0.07922573286893787,0.1115476974148365,0.1268717726455992,0.07880712501599123,0.10248372503226207,0.1122311756935151,0.14815776548979456,0.1181727050343353
0.1388137342651052,0.12235995838450264,0.10483117850572882,0.15183146801947897,0.06243685397271941,0.05818299482746791,0.08836104791531658,0.1549311413961411,0.11825162271353934
0.12914526604438192,0.10514786705427365,0.10993956356501251,0.14732647874417334,0.069261523754959,0.08825047493556297,0.08973578090543304,0.1483716448533627,0.11282140014284098
0.11953951492917607,0.09491951309781588,0.1046650130608159,0.20837524813003294,0.11614567930760933,0.11276080060955147,0.04148459818449798,0.0756393109098138,0.1264703217706867
0.11357699040932105,0.11659727923472966,0.10615125328294495,0.05736267611194324,0.04597757661205532,0.04407502613906822,0.20531634701490484,0.18880331204969827,0.12213953914533442
0.13016226170186107,0.14716637448946177,0.11328902960143251,0.12959115214853265,0.05730924812545226,0.10017681669147273,0.09274708160735602,0.1088038553855254,0.12075418024890562
0.1184724276897766,0.09268742400118916,0.10344684721336372,0.21510321853780168,0.12184524854148882,0.11107433149393643,0.038424133275826534,0.07350016952420084,0.12544619972241614
0.11503333025368016,0.07410417356934175,0.11216307133418853,0.08129900790943793,0.060776861460592226,0.10257327148022466,0.1866334973616491,0.1430844706425898,0.12433231598829586
0.12386207624861982,0.10038133286938572,0.1068081434351771,0.1929869709336833,0.10359180241687782,0.11786074990620032,0.04924594958176224,0.07852948113830198,0.12673349346999171
0.12048967583757404,0.10261788813700264,0.10290411130748772,0.22251656878374312,0.11263538248190445,0.10427727979271273,0.03599556781284389,0.07946322493979915,0.11910030090693229
0.11227434940620211,0.17403101239846663,0.11652584757570268,0.06258914125997904,0.03938520240244047,0.06311589251430287,0.1738503956198767,0.13621901212798362,0.12200914669504585
0.038500628011081554,0.04896176143923331,0.2039910027553196,0.01922546682628339,0.2246176931941982,0.15341510314094228,0.16794634742897693,0.00653446446521285,0.13680753273875182
0.1154120246168142,0.04695792894902342,0.10068514231218594,0.17226050196935475,0.129173636453446,0.08671497574921606,0.06840455087334502,0.17402106372092566,0.10637017535568893
0.07559406058209246,0.17865067784682007,0.11582155295157213,0.07121275741185262,0.08649478006600604,0.20280173198059315,0.12416995654258989,0.042339507669088276,0.10291497494938533
0.11841950492162999,0.0717474207190385,0.10849240439033266,0.08489343029324016,0.06117584405260379,0.06949088810889434,0.1721908075327995,0.19923267455646618,0.11435702542499489
0.08849809993123449,0.1368899604732883,0.12349374392521086,0.1029148299270675,0.15720064318704294,0.12369524664272186,0.06357168437893501,0.08897482100241581,0.11476097053208323
0.13196706380053932,0.1271036063084572,0.11127586546939934,0.15316336862376098,0.06956493048176932,0.11675278283755121,0.07496195647694642,0.08952704675769756,0.12568337924387868
0.1338120873568607,0.0665104772095126,0.09969531076095167,0.20225126518375128,0.09634774803101696,0.0623069006036519,0.057838517076479024,0.1736945018499596,0.10754319192781625
0.1317059754482574,0.12199901544077203,0.11285202993945437,0.13182467071869877,0.06418957664031312,0.12495282215989918,0.09492187310267834,0.08566315644508059,0.13189088010484618
0.12727527093478885,0.11361909023032363,0.10754742659060064,0.1896451196582952,0.09032788184759521,0.11274732596831456,0.0512884495439912,0.08542116775736801,0.12212826746872267
0.12339477388881531,0.10554162172047855,0.11064963267982224,0.17194909472518397,0.09206901996757072,0.1129234602398056,0.06134458383216859,0.09677255538700404,0.12535525755915103
0.127934162233327,0.11347955762843343,0.10816797659947323,0.1844242248846116,0.08853049551177654,0.11500372131151874,0.05428866162440766,0.08501418303446744,0.12315701717198439
0.07453705134736298,0.11795817415498051,0.13147888291041995,0.06851557592069983,0.23428291748413055,0.126989904075725,0.0516726300480006,0.07454604133634754,0.120018822722333
0.12634487893973673,0.11189960860688802,0.11467847427636468,0.12161397926342137,0.06687791623096034,0.12285405968227218,0.10701273134635662,0.09639267093989456,0.1323256807141055
0.120864167154005,0.10563559793016335,0.11109610749982822,0.1561843623207143,0.07988157661308745,0.06825766992062936,0.06772670233352356,0.18672562035769036,0.10362819587035839
0.13105173759361957,0.17617452603042025,0.11020184813104465,0.15115064526485195,0.05817240582720764,0.08097828753180235,0.06591540680521718,0.11367432973279619,0.11268081308304027
0.1147980459567129,0.05614796186124246,0.10907653725488979,0.09070214222594027,0.07720383828515519,0.06758636365468476,0.14888178464517524,0.22828628667162223,0.10731703944457723
0.11048336863743792,0.06167839547384627,0.11407007121329875,0.0839204008318339,0.07425701091692961,0.09921623424613009,0.17389399388824126,0.1586654073484611,0.12381511744382107
0.12931073707423824,0.08801277627804162,0.10659165282804885,0.15455003381727914,0.07715655615084582,0.06613601336011819,0.08276731713442977,0.19014944986438512,0.10532546349261329
0.10242663673943037,0.1956108294442085,0.10116745254880265,0.11976688532138269,0.08385570927780973,0.1568094236362534,0.061283161586574895,0.0602502579728173,0.11882964347272061
0.09268670091939833,0.3504847241599445,0.09290349953429063,0.055834089032594715,0.041102216515545735,0.10890798772977461,0.10414324743400827,0.06591595800361573,0.08802157667082744
0.11508230887842724,0.060911671092915176,0.10568431844617258,0.17368745652554093,0.12743030023536206,0.1032782365496445,0.06497123126333655,0.1318273307657087,0.11712714624289222
0.29284320963647187,0.03431358232617849,0.16858621477075142,0.021405718510873164,0.10592278689768075,0.04989769831383444,0.13737568487888593,0.007490474071947872,0.18216463059337595
0.11408140046188621,0.14175176207100101,0.11757120234019218,0.0674365764306457,0.04259514031337339,0.07975734883929494,0.182245214015361,0.13193797206223448,0.12262338346601116
0.1184162818040702,0.10142050610346272,0.10066719565643441,0.23701508662857282,0.11962953206536803,0.0987187856968107,0.030696597117532493,0.07746102432850836,0.11597499059924037
0.12738153059601892,0.12983644680465958,0.11362792159470807,0.14039903245110275,0.0663055518670667,0.10618923388290114,0.08434203569227132,0.10835441085475638,0.12356383625651511
0.09901843452005987,0.2262966952406991,0.12519867565951576,0.08579162276591269,0.08521497418417406,0.09715452669528325,0.08358970536932027,0.08415526838689062,0.11358009717814432
0.1322320846248388,0.15387734167201536,0.107714925433769,0.18039624726305203,0.06782772603120472,0.09359105221178314,0.05283611028944261,0.0974350102586441,0.1140895022152502
0.09271144061426322,0.08055618082231984,0.10675050629198535,0.030330639587892033,0.034978557745600124,0.06127317597207338,0.3331392245371663,0.13940748820090165,0.12085278622779823
0.1250351914578557,0.16628278058911303,0.1135944100629329,0.14299793662614788,0.06104522942482834,0.07582946500392514,0.06903698325376488,0.13242710614012543,0.11375089744130672
0.12858190472623052,0.12055860158976273,0.10951322146968973,0.17448500314069085,0.08031434614400897,0.11299259572771962,0.05985150233936781,0.08941430210993873,0.12428852275259115
0.3059849940552896,0.014390805925966957,0.09200202946530295,0.021712329043402506,0.08291658660181905,0.045990819215831515,0.2668562434543909,0.06635672182725708,0.10378947041073931
0.0979040025681931,0.08926398528443823,0.11463095012992269,0.03962173001672382,0.03808925806545276,0.09024228336175777,0.29137074896030174,0.10608542498814193,0.13279161662506797
0.10909489432601538,0.04218853515726153,0.0935913849256325,0.12091370642126925,0.1689777276118356,0.07684195528409009,0.08539799713180245,0.14175856304577647,0.16123523609631676
0.13048675428106635,0.11893615906732642,0.10765425620842145,0.172251345252004,0.07257469933109038,0.07873641517731594,0.06571488265788893,0.14757434686509024,0.10607114115979634
0.11964504905851814,0.0892242076810389,0.11346766421851844,0.0935310947413354,0.06019635815380089,0.09146731447333133,0.15665200068457102,0.1583219683947431,0.11749434259414276
0.12505809865060621,0.119907740383545,0.1120294476384429,0.16184637539241034,0.0782975166278524,0.10654541831060915,0.06743504382560961,0.10551945695172953,0.12336090221919482
0.11841670937021354,0.221007032219629,0.114075979329008,0.08989287012761615,0.04511955585538019,0.05386780233265429,0.10180982878655527,0.13248211174019645,0.12332811023874717
0.1341145941199291,0.16056951143381012,0.1109430651027873,0.1387690261035669,0.05475270031758484,0.09994466974387411,0.08290070818209039,0.09678452358782537,0.12122120140853193
0.10833895530966497,0.035705265687622806,0.09744653390794493,0.13899725587619602,0.12345626083466645,0.0421924663080149,0.047861580862942045,0.31145776267721254,0.09454391853573542
0.12597846099116677,0.1100379021945449,0.11178686043377802,0.127088794805638,0.06402720658776971,0.07947213375110102,0.10453602709446817,0.1662180494949043,0.11085456464662909
0.12141621612187141,0.07093369412332767,0.10583245995521422,0.17897745578421287,0.11175110524807086,0.10923821965348986,0.06496603467750399,0.11898747981287815,0.11789733462343104
0.09361232201856161,0.18119845047173352,0.11780889729773525,0.029453340343626882,0.03275111992396923,0.04122945804521944,0.2375911815333176,0.12203464713143032,0.14432058323440625
0.0838385336020872,0.12453937657397644,0.14049564826650085,0.06175325154850333,0.11724538947341782,0.11797815813816143,0.1637259488804964,0.09635942779741569,0.09406426571944086
0.12478155679514953,0.11227131622316772,0.11538515541897078,0.10686165975895288,0.060904700976399884,0.12123322061482421,0.12637533606594722,0.09937530853628075,0.13281174561030704
0.1313143129728318,0.1516326740671045,0.10910895178179862,0.10076010866171094,0.04534123423132196,0.07376014404856662,0.1385800390076189,0.13149949318899615,0.11800304204005056
0.10474738532512486,0.11905537973572834,0.1096320824316736,0.1695709609464111,0.17387327059909574,0.0978510187473899,0.04365665181525363,0.07323518046207918,0.10837806993724364
0.05351283203974195,0.0363402260024737,0.15592954613959584,0.015004338631028744,0.06335444123287119,0.14011891127298984,0.4202261292987091,0.02319760365968272,0.09231597172290679
0.13007709972240444,0.08833278012177442,0.10672173369725835,0.17973954481536566,0.08887527053226692,0.10694195730808224,0.06749106639703266,0.11540216498617095,0.11641838241964426
0.12866772326321843,0.09312936348713487,0.10959616277969074,0.1515279378833181,0.07678848494137663,0.09742222041560215,0.08794939032025699,0.1408527046975184,0.1140660122118838
0.11830827922845084,0.21452216812204603,0.10880157175502048,0.12487621882847101,0.0656134071631925,0.10552167111825804,0.060073967888479074,0.09332929617713485,0.10895341971894723
0.08619693052619685,0.08014195785981604,0.11853320401156477,0.13336347694042722,0.13800717748359942,0.1789232849703216,0.0927868361690851,0.05568341324227775,0.11636371879671127
0.12119532843889154,0.15968106380042432,0.11749195483487511,0.11881053527915315,0.057348071870589816,0.07442960161292693,0.0896441126945166,0.14431904674607068,0.11708028472255184
0.129605976275407,0.12100380520235877,0.10900953617150581,0.17726464926741517,0.08098173675379965,0.11299768035790453,0.05823662731234292,0.08845195848985021,0.12244803016941604
0.10436039832380477,0.19850684766638862,0.10461852420297622,0.11118764623209361,0.07405103757630327,0.12071470427874094,0.07955533627249688,0.10818247462696333,0.09882303082023232
0.1248630535821948,0.12640755979682186,0.11621252894561102,0.11106443821930949,0.05871916874796157,0.10545152767665082,0.11667471075032947,0.11569507210616194,0.12491194017495912
0.13108170967377827,0.11132769915638328,0.11071535030270568,0.133978489857876,0.06283535043185697,0.09049852137061419,0.10354803963779517,0.14129754031772612,0.11471729925126438
0.1335687132546823,0.10125416711389577,0.10396437736058041,0.11523171625227291,0.06241739767094393,0.04755897419949648,0.1240915979869512,0.17962726783266944,0.13228578832850757
0.11539588201206392,0.1221254527078013,0.1110561153128513,0.05936203650223448,0.03753331253242986,0.10620709707435459,0.2237922797265329,0.09261243529658236,0.13191538883514922
0.12222292684271673,0.08942194145303946,0.10929532997308117,0.09551500835887865,0.06061695969963523,0.061460322377829675,0.14562453322242425,0.20466992065126574,0.11117305742112911
0.12399466354676779,0.04859061352119942,0.09986556946994274,0.1189507928204299,0.11566489560533029,0.032611306927167176,0.0745579781815414,0.2717786341373028,0.11398554579031851
0.12954020200294217,0.14098131031470784,0.11397349376410476,0.11283164387838523,0.0533198036095535,0.10655051261133151,0.11418502254662925,0.10404981548599619,0.12456819578634952
0.12157382711696248,0.07005938076597812,0.10603002023722473,0.17581053044295344,0.11039000007669854,0.10903303157617324,0.06754350177224232,0.12176447535283526,0.11779523265893177
0.12770265471625758,0.11385261777630512,0.11443519729695545,0.12002341784357907,0.06502826522287754,0.12370365969794722,0.10911252991634897,0.09451584464945466,0.13162581288027442
0.12266740968591498,0.10415084815146562,0.11145301040253973,0.08704569192996242,0.05021039975061692,0.09017045958358576,0.1722899244803956,0.14152140726359116,0.12049084875192777
0.13143842658478241,0.11500135123799106,0.10941356237019194,0.15443666939573011,0.06831117942455538,0.0855532849516743,0.08172517695694222,0.14404690129975714,0.11007344777837542
0.12858996666987454,0.04345854332606333,0.09999227044092938,0.13093959518627388,0.08790413816016517,0.06826573605711501,0.12259320827411918,0.16542172490307738,0.15283481698238213
0.28666793045567907,0.04775265676415588,0.0948311578589342,0.08944198130840823,0.10472517220215577,0.13394449816796106,0.09819727103218027,0.03826604655845519,0.10617328565207035
0.12788253800573213,0.11510315594972735,0.10858592510921199,0.18178634699561338,0.08640583222142867,0.11447028750725173,0.05573776149184828,0.08631767994339008,0.12371047277579639
0.10777363586408527,0.2937753069136433,0.10093802475690733,0.09709686971782522,0.051563807432398225,0.06890490275756399,0.08352518850965622,0.10513213897381846,0.09129012507410195
0.11901298821516104,0.1297863191893274,0.11328650420329074,0.06992881306422677,0.04122434846610758,0.10320661056220375,0.19277160017410155,0.10220026214866013,0.12858255397692098
0.05481566256144652,0.48157711430142625,0.07287698543925887,0.03582047689256853,0.055115199932187574,0.14409223582491773,0.04638416968688869,0.01997608300651568,0.08934207235479019
0.11267505602794088,0.0781077118584504,0.1109245673082544,0.0699083128826621,0.052233398222709594,0.0986796438858515,0.21388824553994182,0.13796384467010642,0.12561921960408284
0.08728169746030738,0.09526561993647827,0.11095230005247342,0.14059902420317125,0.26559348003506705,0.0932523772978076,0.0415456995526664,0.05079703834047944,0.11471276312154925
0.08309025913120192,0.09330340282900941,0.12600557449409008,0.061769124993824004,0.13231343236353585,0.12665609196407843,0.14721547021291775,0.1129395580835658,0.11670708592777677
