0.08947329549123147,0.10700850328448831,0.13718354642077898,0.11821590935515869,0.09737757079015674,0.13553742825560164,0.11848218192141569,0.07273158996420337,0.12398997451696503
0.11441770122650834,0.02662120933988533,0.15504168172149665,0.13864497795483413,0.08250484228437568,0.18238583509284803,0.09356715515846031,0.111148170630311,0.09566842659128046
0.07413183769993258,0.2918530383926345,0.08349921615048561,0.0949063445137905,0.0420744707474178,0.08004703679781533,0.10566237274595314,0.11573965618446551,0.11208602676750506
0.08445573507503516,0.04127624142388225,0.13240841297738615,0.12223592143756651,0.0771712922031677,0.107580577712397,0.11113294708160908,0.15387570406188453,0.1698631680270716
0.1240131974276314,0.031961391232436444,0.10348235029139186,0.111191472849633,0.21341641746233128,0.10185462649891637,0.14885443569913717,0.10575398375648577,0.05947212478203671
0.06529690262184835,0.26765686201752664,0.06935344235503259,0.09488753443108917,0.14941233759523206,0.1262040640103167,0.10110331602814031,0.06809514506981852,0.057990395870995616
0.13989938525950457,0.10674352782296222,0.12068741487819068,0.11477894855688552,0.15770680114728997,0.11398188582101061,0.1012583601443202,0.09731044006456345,0.04763323630527285
0.1290190230465359,0.2057078164225985,0.060819930077336076,0.0976911283473547,0.19028817956337332,0.10996281487281379,0.08842508038634823,0.06884133219582587,0.04924469508781352
0.0929707512743846,0.06621748833197645,0.11496415961409316,0.10990839967535547,0.05917590624145144,0.0880693039386637,0.11038872529386846,0.07167582581331021,0.2866294398168965
0.14396647872183307,0.026939590152611048,0.08881422420600482,0.1353165743320967,0.0706273206558949,0.17359839660084453,0.10447587561731153,0.11272769379070668,0.14353384592269672
0.10858143035182487,0.0973832322751284,0.08488872243069234,0.11767623769212747,0.10358158253065146,0.13988177722172393,0.12671863380897372,0.08458660582509984,0.1367017778637779
0.10234124713071646,0.09512765498340547,0.11929662904307402,0.12604162384936865,0.09727700076560519,0.11659649918286003,0.11533714063055074,0.08668736093389766,0.14129484348052174
0.07557077728812849,0.2193991770082319,0.07696531039454409,0.09687207351820033,0.14594038740682547,0.07965181345051607,0.09714592127435358,0.08729234043537575,0.12116219922382433
0.20429830317138273,0.017467281447986652,0.1302054896947443,0.1025634512836044,0.06912039345007201,0.11423791206308981,0.13955010008191507,0.09479836057459538,0.1277587082326096
0.09821622536426061,0.08720779385455159,0.12933269938555447,0.11886715812961957,0.04701795720183411,0.0788420312493028,0.09627587434162858,0.18653920708252167,0.15770105339072663
0.11519787574812144,0.10010788102167345,0.13507595125546504,0.1261566377227923,0.10438515506431334,0.12551320863531779,0.11737182146978682,0.06595314097797793,0.11023832810455186
0.0986062997639659,0.11501459090578804,0.11915180595756081,0.10679900000398591,0.11639080300572256,0.09393700081765649,0.09304238329733838,0.16420778288565632,0.09285033336232563
0.10112561670529137,0.1682239841908102,0.06573817306610343,0.09908584412502996,0.10574776944225829,0.13613673286597774,0.1117072653244771,0.0836826067692677,0.1285520075107842
0.10016866924358357,0.08356769617991512,0.056749080660926564,0.1203989548584512,0.07701448771788745,0.09551290165409375,0.13145460105353912,0.19621077449728305,0.1389228341343202
0.0972403409952206,0.05889204800856379,0.1462764266887369,0.12545937412063324,0.14521417115372015,0.08723060018129102,0.13870524571374454,0.0850076197628284,0.11597417337526139
0.08340162505162312,0.2739625072895517,0.12131479472009894,0.10885835432186981,0.08604789643639961,0.1245874278400158,0.08211311296028834,0.06627014246755193,0.05344413891260074
0.18679224127789507,0.0072395398303557,0.11078482492227217,0.12601512774539944,0.17105908450204943,0.14415719102306687,0.09547156975364375,0.050776941089425966,0.10770347985589161
0.1158138387125689,0.04983508068222414,0.11636661326696494,0.13961182885017143,0.0762492682848199,0.11138789476003198,0.14694015443326675,0.1505964491840794,0.09319887182587251
0.08954978050442512,0.12059905748818095,0.15085659746464483,0.11804815940675047,0.06291474864946262,0.08977976180205795,0.10678567444154531,0.14013129352325282,0.1213349267196799
0.1259690251800711,0.03831264605005707,0.12426229404557003,0.11811171491523305,0.056584415803714726,0.10696382251673313,0.13305641662448434,0.24665491676326515,0.050084748100871386
0.1331814425429637,0.04629836045393973,0.14593066261502866,0.13793161734216294,0.0966092911565604,0.1105749475458709,0.12001955520207312,0.11211324701782843,0.09734087612357213
0.07989299202002022,0.1031271856702916,0.1423910422272567,0.13347048767464378,0.09175945282124141,0.14815607686664503,0.09192692654888852,0.10446913683989985,0.1048066993311128
0.14366773059703924,0.048362723874451514,0.07804660879298692,0.15247919089060555,0.07981679890135233,0.10179664843667206,0.17141669872395857,0.0901485325896954,0.13426506719323847
0.07511232033161432,0.21242220021055333,0.10956719058928914,0.10806968775278171,0.047182024262298644,0.10830129637753434,0.10920472663649387,0.12701157642206948,0.1031289774173652
0.15493727304164814,0.015164487486409547,0.1922605515160508,0.12736390831379082,0.12926209152360538,0.1333418339837892,0.13541605934749976,0.05154043349255843,0.06071336129464794
0.0929326027933225,0.10202830500430678,0.07955696238459968,0.11826148365793167,0.1823613699190999,0.09614105843465802,0.13131112400602427,0.10523431528893384,0.09217277851112333
0.09982509585759619,0.21999450839436654,0.08046182823901964,0.1148365489161588,0.05969770098054123,0.10240940529522631,0.09630461660020384,0.11976645923676126,0.10670383648012623
0.06843525216356505,0.09392467365639905,0.12307359047204414,0.11019961931293083,0.050142057424618386,0.09934237779202154,0.11122906445275703,0.29097718919203347,0.05267617553363053
0.16010492336570234,0.031137213566496885,0.16587285009251138,0.1216896901612075,0.08404232669651125,0.104976255861147,0.1055659205584054,0.11467138937070127,0.11193943032731696
0.12062868884842932,0.0652564957122448,0.16116884100228104,0.13527095929504027,0.08972309924321616,0.14694754962664922,0.1377624649413782,0.08713315857151421,0.05610874275924669
0.09757867762182726,0.08593067354482024,0.200781565389064,0.09616903354620865,0.1586012423203306,0.11872114538145849,0.11341706385029948,0.06239128191576381,0.06640931643022742
0.1272588082135159,0.07865188174193743,0.10100658541959084,0.12427151715450178,0.12657065847534038,0.15320648685127247,0.1017737193773716,0.1082977212107852,0.07896262155568434
0.09578561037968607,0.07695928576858009,0.10438873897766394,0.13416489577344912,0.06917255380398532,0.1735375901666086,0.18495148113296864,0.08436423209697243,0.07667561190008575
0.17726376740383235,0.06688601977928281,0.10065827441530835,0.11451034030194145,0.2516051588739501,0.09752812757507946,0.08834111302107224,0.04420430287841264,0.05900289575112059
0.0623272922249871,0.22109378889862732,0.04594398613190084,0.08663494317574645,0.2215495699902006,0.07724679368711164,0.11991603670665002,0.08813612142641436,0.07715146775836164
0.11103580856469401,0.04705391377498521,0.14628748147981682,0.1064369687652491,0.10827713186678962,0.12090954415380473,0.09323339173613641,0.08705672287315724,0.1797090367853668
0.08440277651395763,0.18832043028341547,0.15361534495448495,0.11667504408760376,0.07444595579767484,0.12110335167963182,0.09633252610551746,0.10179111599783197,0.06331345457988215
0.09094617340171018,0.1129300998269825,0.08054212926802545,0.09754912352399309,0.18949057129237667,0.09280042294367068,0.13054481737072557,0.07146088273337674,0.13373577963913916
0.19896696874314554,0.03204798720506833,0.14088163005821885,0.13642318171711407,0.0841012897444665,0.15569323968947146,0.10277378697392416,0.09490324862905263,0.05420866723953851
0.19891193595275314,0.009958117528738571,0.09514520843000107,0.1175909855066783,0.23555164238275283,0.11387233798569187,0.11357077324579234,0.0845747256840143,0.030824273283577463
0.11753576410117071,0.0462588775961893,0.11660932705615736,0.1420371772185601,0.14467825084345096,0.1077112372863397,0.13751008229421124,0.12336487734245134,0.06429440626146928
0.08209348296112799,0.19944032300146577,0.04612303368135562,0.08640486980438856,0.19907706744908515,0.0869078802455751,0.1424500925668554,0.1178013144309568,0.03970193585918962
0.14386151761260013,0.03108212560399377,0.09852091660125901,0.12780835501194657,0.08091246309938761,0.19951981551699652,0.09270488159953037,0.16394276083341844,0.06164716412086748
0.18488454833634207,0.03586159544397056,0.12201868217527097,0.11933461852779548,0.11816548105703811,0.1213665432220255,0.1391266372559192,0.04862334434679922,0.11061854963483901
0.13247729969147673,0.07186093120364502,0.13162891868027765,0.1386626035871793,0.12118599540205292,0.15260003380992965,0.10795674844879,0.10094321230435273,0.04268425687229596
0.19382683152045835,0.057330435276135405,0.09144402187601897,0.1264128508715874,0.11381393723765613,0.13219141085645839,0.12601597470410897,0.08516322319607128,0.07380131446150516
0.1114366871212789,0.04173008495060482,0.11430244800867877,0.11852256140619148,0.14174761656637844,0.07460047811554914,0.09604367535639545,0.2130758235460597,0.08854062492886335
0.11096403785565782,0.08970458032546051,0.07102885030887314,0.11813680610427969,0.18527618044031646,0.1402460559075089,0.11731136464472935,0.12330825653478289,0.044023867878391215
0.14037200205590658,0.04307386954954486,0.058261599175598006,0.12002417905604572,0.19227003495000394,0.07374466846066006,0.17907013388444212,0.08017773549947498,0.11300577736832378
0.0944058902826344,0.13212460619083424,0.144138888008092,0.11820479044002453,0.04734401812047017,0.08868015782948711,0.11247369309743978,0.13730637944435356,0.12532157658666418
0.05524014320456911,0.23065577530934267,0.12500248975487757,0.0899688468918914,0.09084539086737768,0.0863134752497907,0.10702420401239969,0.0906114028013391,0.12433827190841222
0.10130632511613698,0.13986925226113497,0.051144601718874895,0.08512431877321226,0.1337029092416637,0.08022451717998876,0.10536658051182478,0.1075386028055524,0.19572289239161123
0.09410682947000375,0.0796349463228112,0.0833862437833468,0.10678651092834344,0.08268173574715741,0.0894814212733871,0.1660587975878202,0.11383145659326045,0.18403205829386973
0.10511277796242123,0.14800944499822097,0.09679401582952625,0.11978441580444803,0.05953414146496668,0.10052748863200422,0.14476042251038315,0.07273953959765242,0.152737753200377
0.18187749484173507,0.012458627073195653,0.10283144374236514,0.1521008857595504,0.07370641409352803,0.12839527743174697,0.18984716277197825,0.0589817495872639,0.09980094469863658
0.1018422544157166,0.062158002165575356,0.07546443412850334,0.12874716946659454,0.17648749817494247,0.10086476793467954,0.14858685016184128,0.09623795655577431,0.10961106699637256
0.10470428680722066,0.17098977314687014,0.06518506829434155,0.10867437508843919,0.18546089300003343,0.09805863986108747,0.12156035006079774,0.10024065021578143,0.04512596352542841
0.09712917985219532,0.11283698255596204,0.13713119354559186,0.10564345205902392,0.078452897450612,0.10204591484993998,0.12666063205184297,0.09874756696166294,0.141352180673169
0.15940244600637482,0.0740101426093784,0.09116573415355948,0.13790967677049085,0.06471199887273213,0.13050605181445288,0.12020357186906745,0.16984163803036836,0.05224873987357558
0.0825188964374128,0.1439906229368357,0.11091669656212,0.12859046825844636,0.04017562136181249,0.0968903497498449,0.14225976994279535,0.15050263160493116,0.10415494314580132
0.09396010608785917,0.08193921415415424,0.15121101922420147,0.1074218897076481,0.07287685793325173,0.11041998211995278,0.12928766251617915,0.07378639296046702,0.17909687529628635
0.0969527742315136,0.1377035158200469,0.08355778279439985,0.11773956643790169,0.09178090613174338,0.11885422490149872,0.11659223427412091,0.08983782769095884,0.14698116771781614
0.08514255574330971,0.09884079309656185,0.16873003588425176,0.10810602175601773,0.07541122400891809,0.12661029535654486,0.12487690115383739,0.15674254523649603,0.055539627764062655
0.09708294904743738,0.09168147841618524,0.07897980820935606,0.10964210697005355,0.07731627398763836,0.13314762717167294,0.0829684084674518,0.21539552841101303,0.11378581931919164
0.1374884272179413,0.07804670867697573,0.07822649822178539,0.08581361403930166,0.26218916993546504,0.073846521324161,0.09179300374018207,0.13392244978966075,0.05867360705452713
0.13545931662180086,0.02982763388858996,0.25598508948629023,0.11078406195440675,0.05015495709262436,0.0896966023533839,0.08900532238136351,0.10412050263624155,0.13496651358529876
0.1129985254781397,0.04691608641309414,0.09838000491669559,0.11385096418631586,0.1760441652349145,0.08450117950801166,0.10590529475294985,0.12905027707380126,0.1323535024360775
0.13911115912054087,0.11031051330261334,0.18046595138353658,0.09906197326325378,0.05653823471741532,0.11361299979697918,0.0973056879394532,0.04563744176054583,0.1579560387156619
0.12054340770864319,0.1450368174834992,0.0829356978925862,0.1035735917441234,0.13789407900486542,0.07616256537564353,0.11327090958946186,0.13424994208857996,0.08633298911259717
0.08575012760224154,0.1011672367841704,0.09503931769305916,0.13176429914381615,0.06521798161617533,0.10275479939505207,0.1289120808006275,0.16940817171017286,0.11998598525468496
0.11121659727773546,0.12097454887800678,0.12011531474453781,0.11606806619242595,0.12506026450923724,0.19309665757756347,0.08380060365067155,0.09919073327828494,0.030477213891536747
0.12324391271124786,0.07207930759132734,0.09087328895436797,0.14783642147903397,0.08059344628971947,0.11762385020815429,0.10112101439542065,0.15113726176178732,0.11549149660894115
0.15610823428506326,0.011947814621594268,0.1547986846691284,0.13899509225245996,0.10521100388713324,0.1423911534835317,0.11794582838117547,0.06268778974875862,0.10991439867115509
0.12269396075253268,0.0589617811713791,0.1439999347433247,0.13020165058084962,0.059603398646820786,0.09200968794787069,0.17474972524982105,0.08325220889732189,0.13452765201007946
0.22987861284043187,0.028274881835735746,0.15580908876710345,0.11088940877046712,0.11932846405066122,0.12973821092987448,0.10334689686370759,0.0709943835884866,0.05174005235353199
0.11844105317256493,0.0627035261240409,0.1150911168258073,0.13633456918579537,0.12391708780895831,0.10772569586555585,0.17159319775009127,0.11543980986936875,0.04875394339781735
0.311226723095616,0.0063802239101224964,0.1192701794668376,0.15190968095702276,0.08443251775766879,0.08359299372364075,0.11526380523677937,0.058553855398004014,0.06937002045430814
0.17669699679649406,0.10221899007835673,0.08241397843011565,0.13484696896523332,0.07774036280404509,0.13104803446941474,0.08777760375639011,0.1238225390930235,0.08343452560692682
0.0921310720031386,0.08188894143346158,0.14970735670142354,0.11997733927000281,0.1066739593664409,0.17348418997679452,0.11246499190690028,0.08952307602060182,0.07414907332123594
0.14265685151384305,0.07697707427323251,0.12413846167926713,0.11722595755976262,0.10540809408784013,0.14718686140640347,0.09335647785016023,0.0983360161478996,0.09471420548159126
0.09464804326329905,0.15406552072864974,0.11597307008685358,0.11031665332468839,0.09184929894485827,0.11126347111918515,0.07648604148838763,0.17527901150007139,0.0701188895440068
0.08214117605095751,0.0569751461790172,0.14737725977389468,0.10833766341077077,0.10465116469379261,0.12886214818851874,0.1431788787346104,0.15941316806637454,0.06906339490206347
0.12252401364540955,0.13027131017494356,0.08964570804105813,0.1391366855402086,0.0787134226255568,0.12221475890578594,0.1252532900911162,0.08034489267245674,0.11189591830346442
0.11518188408521084,0.072658067472175,0.12046086986951694,0.14136760331098372,0.0904281613754888,0.1416732017367729,0.13068118119210825,0.09409518397271037,0.09345384698503321
0.07624518337092402,0.07349340575470946,0.09111899503558236,0.1120167792250943,0.13397147640237997,0.09561144375415047,0.11632148885710288,0.16772493471833547,0.1334962928817211
0.09068696274277799,0.16209082350843737,0.16198709521159158,0.10399056866758165,0.08446503505265392,0.11609483913208464,0.09197045657394957,0.0737346288799411,0.11497959023098214
0.09536483994350865,0.1303322407750999,0.17085166841697672,0.11421468460937641,0.08034687648624526,0.11260221322672377,0.12617864502245615,0.0820251158507941,0.08808371566881912
0.09789746401795889,0.07657449991578678,0.12176382120738145,0.11165625375529402,0.12243713388730348,0.08497571670298364,0.12229745056124242,0.10549447139980576,0.15690318855224353
0.11875944477415934,0.12341766892468024,0.10487576750977269,0.13292099445989222,0.14717475605260844,0.11863866041163347,0.09812271930128168,0.0966250634729377,0.059464925093034256
0.15268581474896234,0.0683490671601874,0.1081684603179801,0.1478439459800637,0.1228067106270464,0.13751010934508365,0.10063515094583775,0.0974923076884512,0.06450843318638741
0.13428389700582025,0.1193515187450207,0.18704764147607836,0.11237821864001378,0.04832429560490142,0.11253741617094072,0.08095073166448724,0.15552587484130523,0.04960040585143225
0.21401947247407316,0.06973233245215396,0.15061620778388618,0.1363100321078532,0.06024722797495722,0.10810760531941022,0.11877614827929654,0.04169553611753602,0.10049543749083345
0.14095720138741738,0.044534773972503584,0.11562125563238183,0.11583366563032049,0.1659856752498337,0.10905064821811468,0.10857743365194382,0.10291244941204254,0.09652689684544201
0.09023738820384701,0.01872979324531641,0.18169123881398977,0.12579567066137023,0.07351776171507911,0.12399540590479596,0.09829518179718806,0.13352543831009525,0.15421212134831822
0.08923990787774845,0.10791408643137883,0.06390818793389476,0.09402948358759626,0.2906750927717234,0.10108210706298355,0.10139530708215339,0.06513422402570933,0.08662160322681207
0.17746337538600274,0.020113820129480885,0.09126111160822133,0.12743718523568545,0.10670383936445205,0.11569902578732394,0.11908415632010448,0.09770250255404449,0.14453498361468464
0.11227276903770718,0.05750796298462269,0.13605055014102566,0.12767610754989653,0.0681012227996033,0.13459342407182048,0.13096334588687755,0.13486501553561828,0.09796960199282824
0.13728065410710208,0.01960045389085458,0.1172955176598945,0.13175301947300663,0.16025823799572828,0.11584508273635906,0.12704639029504608,0.10765260126049693,0.08326804258151178
0.22004515785091838,0.0338172230959767,0.059467053794912406,0.13436400307902974,0.05780779643959916,0.0925109976167247,0.1860268345436419,0.12664865357867797,0.08931228000051894
0.16761275145696522,0.022359616332517332,0.06782835698985701,0.12978031446939156,0.058775178757682935,0.1169552338939281,0.10226137717980766,0.11598226090659736,0.21844491001325275
0.1501058069195738,0.02058844293980223,0.15879836876917933,0.10474678134425967,0.18389056248870495,0.1128780482203035,0.13287489328017524,0.0624995159795745,0.07361758005842674
0.08027742661128795,0.218998352424875,0.09646949412714119,0.10846410156221435,0.048175720392285674,0.08209196072867166,0.1188487857967153,0.08805604671791785,0.15861811163889103
0.08539432144879429,0.03927818768218766,0.15124319165484376,0.12017573366757894,0.1290859209890645,0.11708993240607497,0.10090538043589026,0.09456285589903424,0.16226447581653133
0.14182253654683377,0.044898868916820746,0.05756121328372402,0.12845909902368016,0.16193242446952197,0.14470021186232904,0.10550202754436096,0.17624336203379462,0.03888025631893467
0.16151970327995266,0.06720676339211734,0.07089722673595157,0.12547483414444904,0.15419444165671017,0.1440311550319465,0.08280777890914905,0.1420462033649297,0.05182189348479394
0.13989938525950457,0.10674352782296222,0.12068741487819068,0.11477894855688552,0.15770680114728997,0.11398188582101061,0.1012583601443202,0.09731044006456345,0.04763323630527285
0.08638732517984919,0.127978011189347,0.14657620329088408,0.11474823789612476,0.062304268279884216,0.11796683960442811,0.11947327824680631,0.09803447736298403,0.12653135894969228
0.0794870137884894,0.11027780846134032,0.09376011415314528,0.10840066027140378,0.06453450344728094,0.10391925970882766,0.07821759797813922,0.23611442322561835,0.12528861896575508
0.10453102373991972,0.13649827768023315,0.14125956711983953,0.11563658003938677,0.0660660475140269,0.13723636112994134,0.09660804748461915,0.12659158846272153,0.07557250682931192
0.06843909326146769,0.152706714505537,0.08458347665483094,0.10015798208264266,0.13671658445017162,0.13205509780530936,0.13235426036138934,0.11848007557826766,0.07450671530038372
0.1376930374324193,0.05630211880397825,0.12312769185354762,0.1456855617113884,0.15676245234634187,0.11690179503315586,0.09246263854608278,0.08123329380575675,0.08983141046732913
0.08977161510521996,0.10289707961647987,0.06296458013762891,0.12227469599867095,0.1801528811467,0.09737771232934245,0.1020540609309875,0.11448076823275834,0.128026606502212
0.10541463117995643,0.09132708309211618,0.12057459914607294,0.12274266319429063,0.06171186594149498,0.12367004425314414,0.08257249002816382,0.1311850534353671,0.16080156972939377
0.1267452262034108,0.09720917034609022,0.13640150027000553,0.11660191017597377,0.06205605948092465,0.11215821107098974,0.12149837633250389,0.07832993318474106,0.14899961293536026
0.1539355812297309,0.05229421270201601,0.10861591346269522,0.1446400904273456,0.09097931392593928,0.18586091174336264,0.10701465271915288,0.09440591922429002,0.06225340456546744
0.08455016827059812,0.03444082223475995,0.13263111438352518,0.11799928276845682,0.03903942897208754,0.09300250590811365,0.10180426433340066,0.11901841063074114,0.2775140024983169
0.11773724655495356,0.1249014902427993,0.106520406650228,0.11066245835318504,0.09974454304586651,0.12106808404005316,0.12553938930261052,0.07914272909154076,0.11468365271876313
0.07706384446388931,0.1540744233339207,0.11034122891722475,0.11830421003921178,0.08242378530025803,0.10745127395347633,0.12260031442142688,0.13043922819130713,0.0973016913792852
0.15490374968384246,0.17752695941711008,0.10694382236845885,0.11836977628443164,0.06046951907215265,0.14114771986403848,0.12226477210755311,0.05500378820236945,0.06336989300004318
0.11731675035770651,0.08738299711461511,0.12361081940277012,0.0934044681769366,0.19456184344157168,0.10714202637627053,0.09401844162178523,0.12365186990408768,0.05891078360425652
0.12710263764803156,0.03211731238724486,0.11555307878510056,0.15409813909980324,0.05935633172685726,0.15523438772336243,0.10638342267868572,0.08953356766985733,0.160621122281057
0.10606327099383235,0.047884362417173566,0.1224063473671198,0.12507759594166223,0.0742884442623546,0.13817292464280495,0.1520703726794588,0.08319739310313065,0.150839288592463
0.09633020866572554,0.16608359837068934,0.040891166254237894,0.09612415699496492,0.19979780554862825,0.10207612270505856,0.16518041213428472,0.07962048725409415,0.053896042072316686
0.11034156418786635,0.09527182233526986,0.10007403532998684,0.1270389145936255,0.11442733942828572,0.113649248070342,0.09591193921526842,0.17858712704109925,0.06469800979825613
0.08849343406621457,0.06783727642651723,0.12146518711030631,0.11800471881684528,0.06345703209634528,0.09465830979948069,0.1373670310336387,0.17225945606925228,0.1364575545813996
0.08283857263028821,0.039176110408731694,0.07088003446940087,0.12312084370203065,0.18693346128959584,0.10183116065339748,0.14578466456212663,0.16872738918094235,0.08070776310348621
0.08117164548365559,0.1588903379451695,0.09714393091839868,0.12089240223725543,0.08226098222200336,0.09235118659250086,0.11664352548400243,0.10871517150743504,0.14193081760957912
0.10072212947705246,0.18532760352930755,0.05342735294550546,0.09644463753847898,0.16880045837102567,0.07238321569909088,0.12010611812939191,0.08194195661441973,0.12084652769572735
0.13262702354423236,0.09947800212000364,0.11504871735013926,0.12601821072491382,0.05260261672949867,0.08831730144885937,0.09481679176264768,0.1661374986943242,0.12495383762538115
0.06968990361958732,0.20114932858415593,0.17968875478788934,0.10155971310281149,0.07350346320942787,0.09366917188842798,0.10777712954120085,0.05083475773791559,0.12212777752858354
0.16840685199285874,0.03923899057117695,0.09850382463069396,0.11873263729870752,0.0761978198917707,0.10308998906191136,0.1541879603308792,0.12643332373897667,0.11520860248302493
0.12132619763716136,0.10843096139030885,0.08019102035258474,0.1115953043797137,0.1675587667773292,0.10242432489028803,0.10131504558883637,0.10865986709440562,0.09849851188937209
0.07399891953062389,0.17701028941676844,0.09765875450388295,0.11234414828151447,0.08637433843741212,0.09787253068831347,0.12581795161470397,0.12389178353871044,0.10503128398807038
0.08120489908742379,0.1415073850297954,0.13935486203039868,0.11104074723495333,0.09569897267089789,0.10090753972968176,0.10923266893305526,0.10916493583472393,0.11188798944907001
0.1316670640976034,0.0782348751634603,0.10046612891143525,0.12121243796586367,0.09983225858452482,0.10924336706881875,0.11153910297844742,0.19745379685223208,0.0503509683776144
0.12515169140187074,0.04732155056371756,0.10946957784404021,0.1295394586890526,0.0714806209326977,0.10522738449747139,0.1105295059193336,0.06373423621002981,0.23754597394178634
0.10531238672023191,0.036082869264748026,0.09959557493455855,0.11457591856903297,0.057421281014814037,0.07249151993080889,0.12422500237780792,0.12867191653592766,0.26162353065207
0.11551148329887988,0.1185968240107228,0.1130378711258686,0.12448031366499941,0.056248101932556714,0.09215694114317126,0.1104953728419182,0.1369413306186251,0.13253176136325803
0.12459925326408772,0.039235488861110474,0.09438065211427776,0.12047375316604576,0.08582714100027705,0.12166491001377204,0.11770453359868882,0.10844834852156389,0.1876659194601765
0.09641418843048828,0.06189071863595195,0.08415013295208397,0.13900264086790112,0.08665715735897299,0.09407778467766244,0.12376580504292829,0.1426571630408813,0.1713844089931297
0.0992868285272726,0.0746263758629578,0.07164209436028256,0.11878204531504997,0.09139981972076283,0.12310186057924039,0.0954677495103904,0.13465316204160185,0.19104006408244154
0.1017353582801765,0.05563779687831425,0.044048947778816294,0.11892685466286534,0.2601025856117758,0.12711012942903308,0.09504564397413447,0.09662957225749924,0.10076311112738495
0.16965348205447017,0.05200348376577868,0.14677861643350393,0.1552446083133201,0.051021075707999054,0.1541295314578088,0.1383517394029313,0.0684836310562444,0.06433383180794361
0.0678578882584378,0.1983691997425642,0.05450412006497787,0.09615638138674847,0.19281919156640626,0.10045465814543247,0.12021200338520865,0.09477411522483531,0.07485244222538907
0.06792978021270653,0.2216837999026647,0.08326427905251689,0.09211755144331697,0.11663302911930944,0.07843365237855326,0.13550048330829415,0.1273974681338208,0.07703995644881735
0.08334310477219496,0.07271219130890798,0.10020949812065245,0.12243682513032605,0.12553653077284124,0.12188505748124528,0.12552214490040373,0.10463707318218972,0.14371757433123852
0.16671439752976072,0.1245923648959933,0.10700593925600543,0.12138857007231185,0.08570614179936147,0.11738335235845047,0.11430323152956799,0.04830269617402618,0.1146033063845225
0.16501439702369028,0.032883074151670244,0.2246339304506603,0.11257428004558835,0.06642069785660108,0.11571782908261484,0.09906273801321701,0.0508492451087541,0.1328438082672038
0.13545931662180086,0.02982763388858996,0.25598508948629023,0.11078406195440675,0.05015495709262436,0.0896966023533839,0.08900532238136351,0.10412050263624155,0.13496651358529876
0.11351206181005342,0.11603921848768324,0.13221557378037432,0.1371741928027447,0.07977443678148528,0.13652219013168962,0.13234454037558183,0.08189220245777423,0.07052558337261335
0.09073776721440041,0.12504401881107222,0.08502443886243688,0.1046311145638858,0.09773807321701015,0.12344864127512752,0.11260143357399795,0.09361718249256379,0.16715732998950528
0.16764401701694143,0.07663096548358896,0.09771053853450629,0.12492313413289442,0.1172355817836682,0.15363238208771446,0.10809189536314441,0.06590309940005151,0.08822838619749025
0.16839442842511096,0.053578840866160306,0.19801690319087054,0.12493490246667249,0.07532654003456428,0.14534105087731203,0.09314149369245406,0.09019641252278594,0.05106942792406938
0.08587487261741743,0.20814032645912403,0.0718908176994028,0.09880032972342462,0.15145609926310064,0.10035566582040462,0.10960444267248974,0.09659882898605969,0.0772786167585765
0.07436787864562881,0.16224150982285054,0.12512111169729215,0.10023571600225727,0.06167610506333258,0.08697691623949767,0.09611806295112875,0.19528719821712662,0.09797550136088577
0.1134761696755756,0.05681264618282855,0.07110180503585826,0.14855297213124538,0.10942919508050226,0.13654616255007154,0.14750252313100443,0.10932455731499015,0.10725396889792382
0.1757215909003338,0.05163150485739785,0.10108492503791906,0.1153559774924871,0.06391538318527967,0.08181467564906615,0.19159711135547833,0.07576318177185955,0.14311564975017857
0.1269689851659319,0.05259272922725328,0.14622142783814,0.12615373838997573,0.05857657767072163,0.16761185188657235,0.10805196223842144,0.11610586369804142,0.09771686388494223
0.09949781359935238,0.06614290616148154,0.07645109732564209,0.10140348824323253,0.035516850145773236,0.11491353713085313,0.08114489349595032,0.3732069087111782,0.051722505186536684
0.13182309134015452,0.031367392153083734,0.1646073911416353,0.14967626802741632,0.07479337513292693,0.12743703197532125,0.10104642139663234,0.1561274575619988,0.06312157127083085
0.1498747752803099,0.026462140987226396,0.080010912918462,0.13483122803223732,0.09356992424730486,0.1170693086201212,0.12901240203465544,0.0770837506430624,0.19208555723662044
0.11459631350448,0.1565140969001468,0.07734850977409662,0.10159887091622216,0.20628293341652396,0.1010978589056214,0.08333410765348954,0.05717125793425982,0.10205605099515967
0.11796038301744945,0.03118207923332947,0.0842473622116023,0.1275055208247763,0.09346559219051755,0.11558926186696046,0.11078675797398276,0.1464287849338074,0.17283425774757435
0.08065466036262442,0.09418231056109344,0.18101705057556447,0.12318690781099924,0.07247626214639809,0.08824057714693652,0.12079904198822179,0.08976862644772078,0.14967456296044124
0.1776687237030571,0.06657251462203578,0.1223341889584148,0.10661064074808281,0.11358679389310113,0.10814378190094891,0.13724447474752574,0.02934471366451477,0.13849416776231901
0.12407059048424801,0.1477556578429351,0.12146805140518772,0.1160627926241357,0.06229182166028905,0.16237203698476363,0.08920649307101612,0.12845776909838755,0.048314786829037115
0.09010471664279923,0.1918140591186511,0.12255708565451484,0.11388706695650415,0.0534403489455581,0.0989904379961763,0.10225760552303914,0.09095851904428888,0.1359901601184682
0.06482739571760777,0.20235906513912263,0.10555104400719052,0.10885439832573358,0.0595314123517399,0.12493473198539078,0.09909912268128007,0.15993218855064642,0.07491064124128827
0.10141777939977818,0.12104907583017498,0.1481770960286717,0.12585138856321776,0.09096210625018626,0.1186270441575998,0.14162584287480348,0.08061939029821945,0.07167027659734847
0.11046026815624425,0.07897950311607994,0.14312917070988587,0.1253464511925635,0.03650463304376238,0.12051026715200798,0.1147359323916583,0.15264678365090498,0.1176869905868928
0.11496454575053057,0.0917434548519216,0.19743392365771087,0.10197538427188181,0.0878073476921687,0.14106694179586413,0.08948644670438967,0.11699935722708328,0.0585225980484493
0.08306022478491353,0.14031222677471955,0.08604843200715495,0.09174716316718269,0.21614293332193815,0.08183475097983382,0.09142983726322512,0.10569764218594584,0.10372678951508633
0.13893360197735166,0.04153373158256867,0.11413178603304873,0.12229271559558613,0.2181654696174947,0.16146799944110315,0.08776912272272341,0.054637958902665734,0.06106761412745792
0.11199185399264872,0.09258312020614494,0.0806199297475547,0.12942415023880702,0.15829752403369732,0.10236089608849967,0.11780541714359656,0.13421570571226238,0.07270140283678873
0.10071930961034707,0.11542340973197956,0.10618463118392202,0.11096132500856067,0.06242741244501495,0.11493480982141215,0.08375041417933814,0.17178345155484007,0.1338152364645854
0.1254224595493616,0.025976900045924293,0.08176848809249816,0.14418195539045472,0.056997671310690085,0.08062249739629,0.14290306076157758,0.13467639359223735,0.20745057386096635
0.13689577368633732,0.028876566921483073,0.12408048320270072,0.12708390213936918,0.14986412318889505,0.13193507747105196,0.1182411312677183,0.08881658201229921,0.09420636011014512
0.10198719697660445,0.07165975713426899,0.1604465704899164,0.10652246560309699,0.14808272812302162,0.08911810003747729,0.12441621044689798,0.061292899548235726,0.1364740716404805
0.06912223746659209,0.17130776903185171,0.07338615603816731,0.10414862026780525,0.20345277015377436,0.09632775759447637,0.09640206285746805,0.11520112864350356,0.07065149794636133
0.11503580152267397,0.11781722710907398,0.15909878095517346,0.1293500993713301,0.05821636458149387,0.16408702866660582,0.11107569442837346,0.09523663501449875,0.050082368350776583
0.09358951829652744,0.1578905800123012,0.09268454927243554,0.10813790739711217,0.096823739327131,0.09978033866838742,0.166752468230461,0.08707411975208285,0.09726677904356147
0.1382076973661562,0.10601960497568878,0.0743143520702888,0.12139409655779716,0.17159015080865847,0.10677026574573571,0.105746951237404,0.11671829613941324,0.0592385850988576
0.12441675265956571,0.047872669009029055,0.0956130768437562,0.12897919570032196,0.09151318966237676,0.13625949958607073,0.1577007672424223,0.08719142841594087,0.13045342088051645
0.08893002975946572,0.21550923188341087,0.056018859265515586,0.09198290646195227,0.17897703177342153,0.09535869190481101,0.09137939797943904,0.11451635432491386,0.06732749664707002
0.10312146294933033,0.06767474882252433,0.12730204359313282,0.11920382580369292,0.07328939991267848,0.1547211947859281,0.10207360011252432,0.1765326263243431,0.07608109769584563
0.0871657534716057,0.07500231161382015,0.09856566484639684,0.1143141374994235,0.21053714622282896,0.11132522029386704,0.10143176260905361,0.07461808830960341,0.1270399151334008
0.08629687549756877,0.25868410180137,0.06091149844993121,0.0866506355404847,0.07903957157651066,0.07731975655474503,0.10008852842708926,0.16358617872107092,0.08742285343122931
0.13942645377973822,0.04908465874652664,0.12629941095368555,0.14790983678761613,0.07143581475310092,0.14478215614948242,0.1046283559560806,0.1465541107411458,0.06987920213262369
0.13070176963114566,0.031149809450269985,0.10198174849402204,0.1654123273303544,0.04775062422141404,0.09107398836930654,0.1316531919042432,0.18688555065249376,0.11339098994675027
0.15309383683440503,0.02094533841978044,0.11103110398110135,0.14218365697198732,0.0878286628767145,0.19024940898418155,0.0924219254690171,0.08406770652934979,0.11817835993346293
0.15517569645464116,0.02262694341864036,0.09760757123280166,0.10640990421387703,0.21034163665833894,0.125982434750783,0.08665603349281092,0.14115850565384283,0.05404127412426404
0.12770116395901018,0.07487585106831905,0.07981331316337979,0.12141007894026229,0.13238370717991574,0.10378372932497422,0.21025973002398843,0.09879625818655598,0.05097616815359431
0.15493727304164814,0.015164487486409547,0.1922605515160508,0.12736390831379082,0.12926209152360538,0.1333418339837892,0.13541605934749976,0.05154043349255843,0.06071336129464794
0.07784194284332135,0.07392677614306424,0.11225164507992232,0.11259736857291747,0.12227899625093264,0.09943760586958983,0.09247503113165444,0.12849836504269388,0.18069226906590388
0.09921901193562194,0.11148657371356263,0.12908204246925836,0.1326165271064634,0.05430716782589093,0.1202341726854619,0.11888822101027459,0.14188371763889895,0.09228256561456726
0.13026511142218727,0.04353470156238844,0.09027128138519004,0.10750814802708501,0.067015863748511,0.09785980768480924,0.09562859463398425,0.10607308232409751,0.2618434092117472
0.0892982211019671,0.1352770439872915,0.11521651449972752,0.10618739251886533,0.1627659418296855,0.1084820616875074,0.13446046515794635,0.06574300500545478,0.08256935421155451
0.14352496924347793,0.06041254910546417,0.08881845088725986,0.13709535198649056,0.116339960926734,0.13203939779268117,0.11336696704318755,0.13088087156137043,0.07752148145333432
0.13391106780949158,0.043533715364824456,0.11878561344124468,0.10834372059281512,0.14328032804403137,0.09499861165139951,0.12233731941666619,0.15717293437612254,0.07763668930340452
0.21700404525016515,0.05135822987018215,0.08144617200611581,0.13929803977897975,0.046852407421425,0.0935186851721399,0.12459448057980593,0.10384816057642958,0.14207977934475682
0.11358080508097523,0.08309134024247286,0.14257951729593962,0.13939168855502934,0.07692718953200961,0.11070469275558799,0.1253354607796552,0.07508152060241118,0.13330778515591898
0.09105080144225834,0.14055678268940344,0.13346557498828282,0.10767507093479799,0.07451691717266445,0.10629888417867801,0.1283407210013063,0.1345995368261622,0.08349571076644641
0.12690886896578926,0.04582114913851778,0.10596172325378651,0.14191616840771198,0.09184574335719535,0.11481078072963363,0.11159889336087338,0.1402801166423536,0.1208565561441385
0.1873185623316216,0.02885106960769786,0.14141146977504224,0.13759134588185898,0.07459172593312619,0.14772139730258343,0.12071997486871296,0.08506722057894477,0.07672723372041201
0.07328270313464043,0.2063440784097422,0.12481797037089298,0.10396560292556263,0.11175188718770603,0.10520801153395216,0.08664358280968874,0.11766185304210569,0.07032431058570916
0.10141582595883751,0.131418169888595,0.13909036954561987,0.11507751026023694,0.07594902304690213,0.11685309277778715,0.10274096452406474,0.1521226719082193,0.0653323720897374
0.08440160855465813,0.20282959475939313,0.10271566117536501,0.1144183691926478,0.048180893827008464,0.11252460871210486,0.07155346022889995,0.1640212935461307,0.09935451000379197
0.0987995517067703,0.06318936666627134,0.1679614585548035,0.11909432953803552,0.08424541169992772,0.11335084552983753,0.10476605947929706,0.09364634885937047,0.15494662796568656
0.10723291660020444,0.07862048201519546,0.07064097203201146,0.1125300310796871,0.14253928385232498,0.12768140502181063,0.13466636513933178,0.08793138182763521,0.1381571624317989
0.1507094262100184,0.12205609986655015,0.10516606553123976,0.13271033271103486,0.09797403378969534,0.13676813974724825,0.13032718729973092,0.05675927557008348,0.06752943927439879
0.10098213907020077,0.07130031220801404,0.111117211961871,0.09708608884398028,0.13862849490609921,0.09721180428412933,0.15127874593710164,0.12080892054142939,0.1115862822471743
0.0803757138259158,0.09921008511888053,0.11933218543705175,0.10686950206628702,0.18451323667201988,0.12515603936254796,0.10279780932002945,0.05463486238481583,0.12711056581245173
0.07867008324628934,0.14007033598686866,0.07284067905658147,0.09532336390890006,0.038670233764848724,0.09463522270723264,0.0768112979781171,0.3028524594398239,0.10012632391133806
0.07470103799099996,0.2592346468041997,0.08121770243611749,0.0969999694481249,0.08866978747264442,0.10320410997189249,0.09247867522860764,0.0885250210075479,0.11496904963986553
0.1281272006955338,0.03246588776953401,0.14873195588921573,0.12748733995867048,0.09863077756210621,0.10871656989400307,0.11043537192038959,0.1817238536243558,0.06368104268619129
0.13534803080870902,0.06075823045548961,0.0901818961299868,0.14526054581930717,0.11715881364224956,0.16458544806725392,0.1416552044090458,0.10866647307548326,0.0363853575924748
0.13070176963114566,0.031149809450269985,0.10198174849402204,0.1654123273303544,0.04775062422141404,0.09107398836930654,0.1316531919042432,0.18688555065249376,0.11339098994675027
