0.09955273750080873,0.15216196687283548,0.06405364179368334,0.04830154732072265,0.13083800340844529,0.08931619183378464,0.21756631119799252,0.1120154898238561,0.08619411024787126
0.1907673270925333,0.10768176026493896,0.07108945055051784,0.09520879553482176,0.11047937559200026,0.12300777280323742,0.14059952052100633,0.1176323040163318,0.04353369362461238
0.1865677471054994,0.08431756939976352,0.10804796744701939,0.08722795554620322,0.11164021320894724,0.07861115121504302,0.126039179662373,0.11359282913998109,0.10395538727517016
0.24816022149959438,0.06499943269927666,0.05675255944438781,0.12924380960968826,0.10249593333985403,0.10147041478376971,0.08756940113547053,0.12042092139076344,0.08888730609719529
0.20057449547470638,0.05114985426303856,0.09419426789300984,0.06648526242020376,0.11407763111235512,0.07794509398586213,0.12939282170719765,0.1268220035743664,0.13935856956926015
0.09427945138425153,0.08409618549382891,0.08761585647021508,0.06316797314363336,0.11667141987895034,0.23385225306530247,0.125562918970804,0.09652844459432185,0.09822549699869253
0.09995270124425544,0.05626305130658121,0.057482568389141064,0.15407032743076637,0.11259722607451812,0.16700573098520013,0.09896338173522407,0.09598245391035248,0.15768255892396102
0.06013618732616674,0.08492639715135149,0.07191556047679022,0.14673433207094352,0.10388903568683738,0.07821032437456281,0.18720668713296953,0.1198363964134766,0.14714507936690166
0.1586369509582455,0.05261071886551563,0.08189443868479927,0.08999238141360932,0.10465214401055535,0.06898030134930204,0.16524956443653901,0.12045154510210666,0.15753195517932717
0.20297344299135556,0.10487549764857391,0.07850674130064846,0.05824076923629748,0.1466217765628942,0.0960835547454623,0.09090142527521762,0.12332595252134008,0.09847083971821036
0.07678368213226881,0.10799838932947449,0.13844877057915683,0.11037651128279014,0.14442004147007134,0.06857274102934086,0.17020623647119146,0.1272248163325719,0.05596881137313416
0.24794298121457878,0.15871411727380405,0.06705112057009503,0.028317377043020744,0.09187727687270036,0.07173521688058357,0.1529381917161485,0.11780260193911936,0.0636211164899496
0.34495997861328714,0.045227732339865934,0.05840934139900991,0.05486505602822006,0.09610683178625452,0.06706509218822578,0.09406912389443535,0.1007444127472255,0.13855243100347575
0.12794444295600846,0.03471624846554789,0.07971569870243571,0.1159776300783714,0.09583653088211104,0.23334311913339187,0.08983558563922689,0.09038353115853522,0.13224721298437145
0.08273084485543147,0.03773754648167829,0.12874823144181682,0.18576743769571072,0.12623175390909716,0.09004992777086089,0.05741601252623934,0.11449987555144796,0.1768183697677174
0.25916310353781685,0.057911203867030366,0.09064482629177685,0.04617088030868277,0.10512125916647737,0.05779624016469718,0.16468377148172153,0.09887776495961965,0.11963095022217739
0.057592848732983426,0.32255387188312645,0.12402159699056713,0.007230362487172175,0.10105261419151775,0.08253096747577852,0.1700598279789913,0.11212124843624528,0.022836661823618026
0.2743177001879839,0.09320693956776545,0.11026382819347241,0.033396672591684266,0.12055454228861832,0.09164045858102339,0.09909583530191489,0.10581301695039881,0.07171100633713862
0.13362444653801253,0.0463833158140693,0.08093938373622032,0.1550890619233486,0.11991785325574088,0.12656292564777952,0.08396287277611865,0.12360140713743473,0.12991873317127542
0.3613789684868314,0.03247960524749661,0.057062658890215834,0.08315385354788694,0.08275232839922646,0.04216987259247524,0.12253853653193836,0.08871041762967992,0.1297537586742493
0.02280404904553344,0.1282693227356344,0.13709443318133527,0.186904487739504,0.12966869297774353,0.1442086295037013,0.07984644794399216,0.09240831875559569,0.07879561811696038
0.12997246225667083,0.16364557562807375,0.062233164406473494,0.03001864080013512,0.09984892328789959,0.061068144712907495,0.2802271921201089,0.10508264353197688,0.06790325325575393
0.12553270665629995,0.04393710758091115,0.09191057494176352,0.11040485533870205,0.10875933812013884,0.12671808837374426,0.10640703505238751,0.12492467708331813,0.1614056168527345
0.0937915582733619,0.09185367149284152,0.17701909763766255,0.09146014238821605,0.11820676288692324,0.053198961768531026,0.13006665981616944,0.11499062920923929,0.1294125165270549
0.20276382418242103,0.23747374886952569,0.07336590248559845,0.03818001868309706,0.09379918221470103,0.0668295096829765,0.146664432336149,0.09665730121461051,0.04426608033092075
0.22409474538000795,0.06923484523611166,0.085909460381605,0.16810191093809304,0.09620525855277497,0.05739055790045452,0.09576847069333194,0.10123867958981796,0.10205607132780302
0.08788366604185242,0.13741052601146467,0.08134332901779644,0.05438497651107715,0.11698572007461372,0.07633640554041564,0.19794087286372522,0.1267380967519481,0.12097640718710669
0.10958442046374794,0.14962179739198342,0.24455789724594704,0.0873464387646996,0.11458971685882131,0.06302485938371276,0.08624987640043678,0.10964891275428752,0.03537608073636357
0.28070634401064753,0.1700724564420176,0.07090768332724338,0.027806127227750502,0.10295247913393567,0.07301142837500398,0.13047625833784574,0.09670779239755495,0.047359430748000746
0.05923318716363,0.15875939372344852,0.1202210986690483,0.1426519110334248,0.09808114506404948,0.06937642930047712,0.19346791717847908,0.1159859216330719,0.042222996234370806
0.13668326752464685,0.09568735649675784,0.08436406055067795,0.22447717016196164,0.11018930297074274,0.06272714447330341,0.10651395990293362,0.11186122361195766,0.06749651430701835
0.16641721420556857,0.09323363291005575,0.10080550925009278,0.10215180386466788,0.10128066617602904,0.1428021856431753,0.0962659171637033,0.1153201290822024,0.08172294170450499
0.027862645373795385,0.23220410348419,0.3265309433341804,0.013073311714639749,0.1001498290651291,0.07216556929786783,0.10439509581879182,0.09297267712504755,0.030645824786358213
0.2853926153726331,0.10346834248747432,0.06051807206342019,0.0537230199870501,0.1052890315836622,0.09799201120457846,0.12067161935232511,0.10573740622190013,0.06720788172695641
0.2517615677521907,0.04208601862299122,0.13685736847992502,0.0731911202765289,0.10214095650264132,0.04536401571983284,0.13690362575064693,0.10025968827523495,0.11143563862000809
0.018501902527376785,0.048676364229614966,0.09447723446054183,0.2740939935580536,0.12156985812099973,0.1424957436410811,0.11043420290798493,0.06945964292224661,0.12029105763210039
0.22379580412134256,0.17581066605463436,0.08659384597260171,0.07755716219295251,0.0968211475978773,0.04623532383406021,0.14891618304161794,0.09910849119583526,0.04516137598907815
0.07068630397632011,0.04748724542669311,0.12627329997135725,0.27169659414855224,0.1117562005026838,0.07370002551448429,0.15218735161678323,0.1078274752631956,0.03838550357993039
0.10713008063110652,0.08103762117144052,0.0939332805891383,0.10362518044895479,0.12770211472560486,0.13423085117087266,0.1389882045719358,0.1465198011647589,0.06683286552618763
0.1449328502482569,0.09068190397461014,0.054511971552797155,0.07859727029930307,0.13022698509314787,0.09863040931240354,0.14119227943593504,0.12205271353126863,0.13917361655227767
0.14321737350435834,0.084485600841128,0.08511117076090684,0.08565466340066386,0.13308471750297848,0.0677950184911017,0.15264110607279055,0.12685853079002218,0.12115181863605005
0.055391101231452876,0.22179936500357622,0.05477832853031489,0.11471329108486007,0.10579007546727866,0.04642192718338678,0.2448600999025108,0.09221792622333132,0.0640278853732883
0.08199003794265873,0.05636016151061218,0.11774579013262278,0.08393061713710005,0.1020717624632667,0.19701256227273098,0.1380805864063828,0.10106359075829198,0.12174489137633376
0.04021382022733242,0.10883923201755714,0.15307131370476248,0.0903695469166625,0.10165561250434547,0.05627307371738329,0.2071908307354575,0.11210482103768686,0.13028174913881235
0.13694052567831252,0.10508417326115176,0.11304183993721983,0.12588974846922515,0.10336082763136424,0.1072541928305145,0.10335428302253813,0.12753487908779018,0.07753953008188365
0.0913321426835697,0.22743359679724598,0.07758366077623842,0.036654536651956594,0.13880597180664297,0.07374412724147227,0.15581259901418223,0.12650588575094038,0.07212747927775143
0.17913084602849705,0.05839961726314724,0.07663459066395135,0.08698123742314808,0.1424270772869293,0.1562268766521385,0.06869955503987682,0.11753331803151568,0.11396688161079599
0.051303688947138916,0.2638780135611295,0.08345867552703694,0.06199080273553739,0.12927871424857287,0.04437178887105488,0.16067448245252405,0.11616195115743766,0.08888188249956784
0.2085633604411714,0.1697976649175148,0.06777551587627438,0.07958839990714518,0.09728095209860937,0.0351337047399565,0.19472411975911477,0.09767525922740222,0.04946102303281131
0.15903051615335353,0.05589125380549944,0.13826476947372715,0.047720751461791354,0.11506308224509963,0.0720377053280528,0.11931899358686827,0.12341638667984889,0.16925654126575904
0.05952984102840451,0.05390255479939917,0.06395537842198788,0.15501596650767954,0.10246197088508213,0.12262231235864864,0.14860730022636667,0.11536803998080558,0.1785366357916259
0.10423443558987704,0.04391849881035589,0.10241635971158254,0.08261479716909857,0.13862935844842908,0.09583500316125708,0.13887011374028277,0.1490874259250751,0.14439400744404196
0.033540663781263934,0.20396534874863903,0.11494743823067817,0.1139160425883911,0.16458066025559942,0.08057331008768091,0.11606044077514392,0.10250913415837347,0.06990696137423003
0.06756464442104007,0.1811109518546534,0.15735941422103114,0.06854418510407544,0.10428861858866005,0.11348232908294771,0.13913481101926725,0.1194919942978074,0.04902305141051755
0.10305027845121023,0.3662638266178786,0.1580013059241391,0.009948411416242484,0.09183373095768103,0.04706318605875259,0.11256675516386945,0.09043488310454517,0.020837622305681248
0.24247777181112581,0.11244530482732724,0.07561243420144027,0.03161547219163655,0.0998949817517578,0.07553578187183152,0.18695490222208896,0.10945305603623216,0.06601029508655962
0.044793691886626484,0.3431687309349341,0.18113860447835942,0.037019597379247586,0.08963174902097398,0.0554030334063971,0.14583261734493244,0.09038064773151926,0.012631327817009652
0.16197798816669884,0.08901419826227712,0.1350815940368725,0.030528792937767033,0.13500551405554492,0.13718123571309257,0.09329771498154071,0.12432818978847286,0.09358477205773348
0.06700489348056966,0.07678265381820916,0.056505582114733145,0.09826920768115027,0.14270226854869048,0.08799637748603566,0.20913759733428336,0.1417279980212167,0.1198734215151116
0.2690925123513626,0.05205757483461559,0.060008780814562755,0.10058353919796732,0.11082075470160598,0.06564613242187381,0.10035964161876476,0.12238143967791626,0.11904962438133089
0.06594940957996948,0.04476782284624581,0.12280108498446668,0.075854602969905,0.10296927189087712,0.2474702207990426,0.13586050640025882,0.09212508854272618,0.11220199198650833
0.07697422621365542,0.08544465833971682,0.15889746386100567,0.04189861658816715,0.13248490407628635,0.1207803421442309,0.15429323487745014,0.14690938943148857,0.08231716446799896
0.0932652542880844,0.04238663407991583,0.06858376090831124,0.0698913937827303,0.10402962041868824,0.2378779838709879,0.06205352883860806,0.12182983710180333,0.2000819867108707
0.15067591786811416,0.09170402565903897,0.08835232321689647,0.07886173200552403,0.12956816293368859,0.08120781180911817,0.12270897047681652,0.13308157435628684,0.12383948167451626
0.1412375102734269,0.10900132870858943,0.08239244036452471,0.10079288689261008,0.11902385624249855,0.09383219845494244,0.12705135734927042,0.10778948162734825,0.11887894008678922
0.25740195118124,0.06162400346376327,0.08678186502008083,0.14566792601677672,0.09936118920836486,0.056634990045338986,0.07094123277396758,0.11029735111714473,0.11128949117332314
0.1927935675926166,0.08497626787330222,0.11478420215087752,0.05311235086206295,0.13577865506189948,0.08172249978905681,0.09846201340187787,0.12309140377622026,0.11527903949208622
0.11744540788409606,0.16517302144802348,0.23755181576087603,0.07708887464186619,0.10650659194320768,0.07136795426063917,0.09198759163178495,0.10329354896147447,0.029585193468031998
0.19048774135797295,0.08363939239602784,0.16223915197485506,0.09039921038235355,0.11419050795179929,0.05667312257630181,0.11312725424245386,0.11173490377678914,0.07750871534144659
0.14087266239994348,0.06782195297037637,0.10520722669901689,0.08643510666195973,0.12195897534874611,0.055603779285187505,0.16939907818974823,0.12369912750151607,0.12900209094350568
0.08435651002922334,0.16309603722654856,0.2745303384425309,0.07075171587781966,0.12074675231487049,0.04972224893263858,0.06625022149478207,0.11095690829766743,0.05958926738391884
0.11512879891064116,0.11579833526785999,0.10659890950970315,0.07098140648794703,0.14550818219700082,0.09789623225212694,0.11195027762754435,0.12541834590522125,0.11071951184195529
0.2413845709225133,0.055842878981593645,0.09682518354292942,0.13219864740138162,0.10368737312283383,0.09316752774560015,0.09287305291595033,0.11333124874739971,0.070689516619798
0.06041908185245678,0.19199105667112223,0.29015336995969604,0.03073248416677686,0.1124950273246667,0.0904310733089389,0.09876203353306769,0.10157142593154966,0.02344444725172519
0.09155747774133945,0.13882285380157494,0.11773267638288631,0.03241058606343403,0.12170414340690816,0.06466259997085719,0.17062571763950105,0.13319391951068035,0.1292900254828185
0.04177432064465376,0.08500113504903518,0.06957764272829585,0.2202359742145449,0.13350632132631848,0.05431073300680422,0.11247012061433008,0.08132215072809701,0.20180160168792047
0.18497661780282207,0.043623535901823794,0.09341075402610614,0.0784259422349392,0.10066164213159208,0.134931204140557,0.1038095470310243,0.11910702690117665,0.1410537298299587
0.0650946120007707,0.18065800596783146,0.24840964900069173,0.08920870505552121,0.11106783781013857,0.03824384851343304,0.11763251860902894,0.08799773221106157,0.06168709083152274
0.04519473381201141,0.08077680245756713,0.19528528189576647,0.23828665291044782,0.08791316662972652,0.08308815967709281,0.08557045529592326,0.10172469647178077,0.08216005084968386
0.08648914019631236,0.031114431748324043,0.08826939975638716,0.21503964152914257,0.11001887719709057,0.08505736713691521,0.11462458392372833,0.11991541443447314,0.14947114407762654
0.19966964054854316,0.09877731257659965,0.05856438413618272,0.1821978069606601,0.09704262469223864,0.10138638101093934,0.09379590703391877,0.11867629013562815,0.04988965290528948
0.18360223900918682,0.12920231972572208,0.05102096360955712,0.09758138946454586,0.1299945906284168,0.09414627094575882,0.1484473839771253,0.11721932893960652,0.048785513700080586
0.2532995623052284,0.06089957547459601,0.09256994735272624,0.10967412163374457,0.10161271845041665,0.05465239777428851,0.11337807827351386,0.10492369788550053,0.10898990084998521
0.23576755070484956,0.0693070417596366,0.05827391912883759,0.18062792701157138,0.11301812399650334,0.05570665450460658,0.07687746642066391,0.10899018975613295,0.1014311267171981
0.23673995407423734,0.08971836884520978,0.05102953953540431,0.12322677110387614,0.11218744760853289,0.04609398779974138,0.1261178855300159,0.09260654952524594,0.12227949597773626
0.15233339490629197,0.0791500801469971,0.1543587604037733,0.09427823284243168,0.10838857726618178,0.0988724036301219,0.09180746528075517,0.12713885181015616,0.09367223371329088
0.08198104878493305,0.12083978189676152,0.20358111793600106,0.06754494562037361,0.1238218184681837,0.14937866218570237,0.07961427746036798,0.1119385452609476,0.06129980238672909
0.15289168191304783,0.039571577792680335,0.07845553109842014,0.10814019627969786,0.12802243053156653,0.06601097443516007,0.09621968654039299,0.1117051183029812,0.21898280310605303
0.23673995407423734,0.08971836884520978,0.05102953953540431,0.12322677110387614,0.11218744760853289,0.04609398779974138,0.1261178855300159,0.09260654952524594,0.12227949597773626
0.11532790703965579,0.07140791511044979,0.1593377016530453,0.07967230950863578,0.1095785386161096,0.07090239710254914,0.13957347434285972,0.1362415041232898,0.11795825250340515
0.18408898184773337,0.09600721356092441,0.10446153710372642,0.062374914865255184,0.1356684050257069,0.09807817604437437,0.11673097795841836,0.10168027862734476,0.10090951496651616
0.11070570479040587,0.03701747312309508,0.09588064499859474,0.1491798172521513,0.10376610853688235,0.05772224610460003,0.14447268887378886,0.110780198015553,0.19047511830492883
0.1412041036364542,0.04337431683254375,0.06751793489326989,0.16464019722689527,0.09394469299181936,0.08546946867207861,0.10538150898969827,0.12232714916045774,0.17614062759678303
0.1007779669895283,0.10181686541976816,0.13295680224163628,0.12130119770598317,0.09418872767409137,0.032016043235266446,0.18321607812328425,0.10651378056733285,0.12721253804310914
0.0744237558476603,0.16866579963475517,0.1996511705520064,0.08212131012582054,0.08884525916873041,0.07961471697346773,0.16451792794263795,0.09258114692003422,0.049578912834887266
0.056338807095294874,0.1500207962998562,0.15803228053832827,0.052735284053298005,0.13916101928910193,0.05646595209288425,0.20156849598259444,0.12359325907776213,0.0620841055708799
0.06712881799812219,0.09195202251526656,0.11388247822225371,0.15220959987700702,0.11943029036602622,0.05238691495349979,0.17969695274549383,0.12739998959572638,0.09591293372660437
0.19549067213969654,0.13774370774501382,0.1260466501471482,0.10091161890924989,0.10910452840741641,0.03887080943918103,0.14046368040790436,0.0901400461395578,0.061228286664831925
0.10144536178747106,0.03731189521995648,0.10321770547207376,0.14865955976104064,0.112904471541131,0.0919315429657596,0.09776831583098228,0.11557022669894874,0.19119092072263646
0.14046719683609868,0.0644558093942202,0.10647285576470444,0.08074408595094491,0.11624564903037127,0.08060057607504607,0.10849042514119504,0.12403338947281188,0.1784900123346075
0.20914723905750085,0.1201647342882365,0.20945340907707907,0.05225377396459721,0.0948312226576587,0.03000417691571236,0.13646423692319842,0.09466410940283344,0.05301709771318344
0.19927892238714398,0.0568667358961533,0.0926087589623305,0.059463934619167776,0.10945766397330248,0.14128513122544237,0.09805099595755078,0.11964057768006718,0.12334727929884166
0.2164858322921365,0.0720258868722677,0.06202402499075221,0.10680020427515041,0.08986685442185265,0.12372331256373816,0.1281599193207882,0.10907745812958507,0.09183650713372908
0.07457682580217082,0.033713341943445885,0.06206896926360225,0.15215050454530077,0.10492417284608922,0.20611256118672372,0.16846514869504592,0.10512411974422071,0.09286435597340065
0.18407379606385785,0.14840343646866558,0.15254750777658926,0.061537441381339174,0.09362642025205377,0.05542209224530998,0.15203687006443226,0.09851410350590006,0.05383833224185212
0.13753266721313984,0.06064037292060659,0.10535287179402315,0.1420315979944695,0.10634580321291327,0.054008039835391264,0.09579627248710365,0.10901329720393627,0.18927907733841645
0.03510032119727876,0.3025061106386951,0.2677581505931171,0.05298299276530167,0.10730810219504094,0.04666356965743934,0.06683480967906102,0.09195629356495737,0.028889649709108706
0.1530533938469558,0.09035163712606632,0.11820792262797535,0.08672312230661339,0.1128651257505281,0.05781051093534348,0.15923151474846134,0.12107092343489802,0.10068584922315817
0.04261949321308619,0.34364252904094195,0.08982218610565529,0.04253162037132277,0.10958778520876948,0.05174923750825586,0.18288308668875577,0.11065843742797898,0.026505624435233677
0.11440923652886292,0.18291118192445752,0.09257241754032497,0.04920304010987633,0.11747861352420576,0.06453100082582981,0.19872917175165652,0.10624672130815128,0.07391861648663482
0.19599593677520255,0.06366167193474444,0.06835034946607281,0.12108089286788586,0.11159267280708347,0.10573137009916111,0.08138996718319834,0.11222858249246291,0.13996855637418842
0.1312651904440787,0.07233991957401785,0.07039214732903354,0.09236178492338169,0.1293791013521016,0.1865413240448405,0.10329625113691225,0.11601942702153693,0.09840485417409701
0.1474156502615009,0.08925058430778893,0.0923066479995317,0.04543680311681266,0.13238876680948117,0.06258982240680745,0.17740938737677778,0.11253178750978687,0.14067055021151262
0.1744422160248317,0.058160059061511726,0.09590774927958895,0.0678648211054877,0.08991681347360313,0.23550334031873107,0.1290045610828841,0.08268738147381682,0.0665130581795448
0.20302811757912695,0.07505303059588912,0.06229021510527835,0.12317292249454657,0.10142120104686775,0.08395490834584522,0.1501147415845332,0.13197812242475696,0.06898674082315587
0.1008357204286993,0.2047803820382276,0.12666807183331694,0.1199639148411753,0.1155477287310346,0.05260989873701122,0.10591382280736979,0.10756710586435042,0.06611335471881478
0.15916741254689426,0.11350645739378405,0.1298289509354822,0.1064021673028513,0.10018026920199898,0.05673269246625778,0.16333728750894896,0.10054698463167926,0.07029777801210324
0.0778491782822479,0.15309841219138834,0.23586702559129427,0.05892549373946144,0.1169493303547386,0.08833172383209735,0.10061380614498594,0.11354698754194802,0.05481804232183807
0.009566455172754834,0.09899555640553115,0.08005100425420707,0.11484930349992073,0.1440451735399254,0.09656944221989894,0.18366001749560412,0.10382111225236335,0.16844193515979433
0.19690726398526914,0.08895791897428444,0.09610067486040297,0.03808593627934356,0.1319159623296515,0.11013697191516363,0.11467914357084401,0.14309861206323207,0.08011751602180865
0.15514503894776466,0.07144899896860817,0.07125421968398371,0.12253835873871881,0.1278806909322562,0.09944609315432294,0.11661563726455378,0.11573143500618911,0.11993952730360265
0.22138134697278247,0.11676221367732764,0.07255301168731294,0.12553286100787972,0.12265526003878176,0.05664893221844891,0.121084195816624,0.10784721235997742,0.05553496622086509
0.08118611946042219,0.36421201038981305,0.1192862188969019,0.03797503953970906,0.09686839063816566,0.04098727972673638,0.153540347528247,0.0903065037410603,0.015638090078944577
0.10427207949250757,0.15762678838360036,0.1259683601576808,0.02958204298806649,0.12075648275140001,0.05283284068150029,0.22047027620311085,0.11848021610800204,0.07001091323413153
0.0960896086154977,0.08319838696372517,0.07749760796620637,0.1385923044132591,0.12319760632642927,0.1301396804552757,0.08989231446535212,0.11706756114432064,0.14432492964993393
0.041868149131899936,0.17686090502316118,0.09489685208260605,0.04785275192726854,0.10011090338207425,0.0350406147816864,0.29703153375009683,0.10897782758799703,0.09736046233320973
0.04156747122481887,0.19247789678856997,0.3114379630950765,0.02055969137640296,0.12084797549687133,0.06954829021789276,0.07668587508715992,0.09948910239091407,0.06738573432229365
0.06441866564667405,0.09195808649192709,0.22506478128426424,0.1557681056646406,0.10200695603451744,0.09128330207426305,0.13105092186375564,0.09339048726820698,0.045058693671750916
0.21302501987227376,0.13199522825317353,0.04771053675678568,0.06009330027360682,0.08059560813584243,0.04819830519492032,0.21501686462676203,0.10984784355684157,0.09351729332979386
0.07191834253162167,0.2532087933122667,0.11768253617681024,0.04997185281044917,0.11605598911077519,0.04911106675652793,0.20060821479120974,0.10751084114272384,0.03393236336761551
0.13423256736417596,0.06250911571666388,0.09129894236650404,0.09918582145375265,0.11008931487115083,0.13367929611166757,0.16116557408264556,0.10995148193246553,0.09788788610097388
0.10420763255316103,0.2347332953818471,0.26164551567318756,0.0381395634319416,0.08431367374254663,0.061740113384055904,0.08288523732826059,0.0972954360311001,0.035039532473899564
0.08966148929922059,0.3071850332726278,0.07229488739951324,0.11798828526009875,0.10002504994374084,0.07547158041603647,0.10989324362640736,0.10835129182815394,0.01912913895420108
0.20539324055786837,0.12229456584754224,0.059331284388825865,0.12363494506385796,0.10514783698600427,0.09077977558778427,0.08074705493048258,0.12053456402316069,0.0921367326144738
0.16610723857830326,0.10108403956719374,0.10926452484256217,0.08056058448781192,0.10546723360453171,0.09860051750428604,0.1522563429345329,0.1293393007155188,0.05732021776525942
0.12120782568440323,0.04081657697748295,0.1505793492762638,0.14422648726777573,0.10557555421145966,0.07180182909589443,0.1406405561014813,0.11657789722200669,0.10857392416323232
0.011022014664626318,0.039929925452917875,0.16996822125600675,0.12782721605604333,0.1017373997639211,0.11449617729819517,0.20271153437914313,0.08645338489581895,0.1458541262333273
0.10670629090790307,0.19395428284691077,0.1561034085693596,0.041714152498411296,0.12676757497481697,0.06843897850860413,0.1384205291458903,0.10972407043231015,0.058170712115793666
0.1459312935127197,0.33726603300289487,0.09309644858185097,0.025262912123553593,0.0827431034867789,0.04146115622805153,0.1781601383889666,0.08337278251870252,0.012706132156481413
0.2822674008453873,0.10841008488517818,0.09423463601048393,0.05034720102305778,0.09455328080977864,0.05761211472808967,0.12814012477897946,0.11978743776942967,0.0646477191496153
0.0399668078638672,0.21915412124538955,0.2046147257506256,0.0895255002523407,0.12318325919412117,0.06042415916260067,0.1492339612037625,0.08479350291644645,0.029103962410846146
0.05147860553143766,0.37685927438051053,0.13095688332700864,0.013832865070112893,0.09369726211807339,0.056192727722482065,0.1521669731328588,0.10110741086513148,0.023707997852384602
0.2499687194070359,0.07166848794005336,0.06225075043653861,0.04567176468710613,0.09560526433724885,0.21190602680678625,0.11442154095738528,0.08651392785528278,0.061993517572562884
0.23831131341863798,0.11219633119458267,0.1375936687826609,0.05623741795169102,0.10877177374734437,0.0710192129459825,0.09886426040031086,0.12156794331881814,0.055438078239971524
0.29382341350172586,0.040208938045215074,0.07601503124129853,0.05188661148910629,0.10394681674545055,0.06072041848847584,0.09793822797879305,0.098513103070007,0.17694743943992788
0.11141026649034753,0.07617932620106023,0.14790889231960197,0.07003352877918932,0.13750598658656862,0.0837021103930277,0.10471793166782158,0.14489254673610785,0.12364941082627516
0.217191509287195,0.07075962008850273,0.05382954378530724,0.08554052418097335,0.1030141210080495,0.12600540526736612,0.09639962469763887,0.11557348821919385,0.13168616346577328
0.1263280213097379,0.07426631769841203,0.09830876409445018,0.1391114913940695,0.12446073196012498,0.0776654590419077,0.1296210883458888,0.11097065793720325,0.11926746821820566
0.22666093678641322,0.10383053565756939,0.04790355159716563,0.08268308439398198,0.10884322491092714,0.08892651302259302,0.15616259045132339,0.11416531075486748,0.07082425242515873
0.1512961806675539,0.06710767470128447,0.06772835789508957,0.15511616628572336,0.1082222515508563,0.19271017569550275,0.07807951652331495,0.11879552870577992,0.0609441479748948
0.034427868454631444,0.14609161538827733,0.2608649100537278,0.021494482571588997,0.09842977453995488,0.07892976206218988,0.205932790929142,0.11086889639910014,0.04295989960138744
0.1541128800015397,0.04568806235864634,0.06577098740381654,0.1707996173620332,0.1101586339912517,0.1597838248410043,0.06615063695203771,0.10992335777971951,0.11761199930995092
0.10375271163552574,0.0656946727218747,0.12823966857522107,0.14705097862708297,0.1262674460062827,0.06921749046358143,0.08971436089532474,0.12156832384226217,0.14849434723284446
0.15980425688104574,0.06602662918700979,0.13122830697098553,0.050351328663787866,0.09651968558754809,0.06551573774784335,0.13865067664441594,0.12551204805579,0.16639133026157368
0.16356857568792996,0.04300783936821706,0.06738304231817925,0.14617413998718953,0.11883080750155632,0.06639796280870357,0.09703100925537413,0.11732987194629559,0.18027675112655464
0.06984298229736959,0.10972761092820736,0.06583678275810585,0.11765010810993427,0.11428280420239588,0.0729520664188283,0.18658039154527048,0.11520375694254843,0.14792349679733988
0.07355996795369053,0.059587170765503766,0.0713875903197202,0.04126132012002972,0.11443993508544227,0.08202175706959534,0.2059959214265227,0.13035681909648597,0.22138951816300947
0.08813871841402826,0.0496483241350914,0.12639592297065178,0.19631462164832533,0.08921795591930483,0.05700294287426396,0.11509477367444305,0.09480041937278709,0.18338632099110438
0.28466819473863697,0.055887495073924064,0.06471562445688,0.026127473540082324,0.09256649910076335,0.09844002558521299,0.1344954319608308,0.09865778239460656,0.14444147314906294
0.0804231183301448,0.08151193118094537,0.05646747596690379,0.10077587035049045,0.12498921449080876,0.1136673620884829,0.16108228104066788,0.13261004879095795,0.1484726977605982
0.05759620295527576,0.1689552032106736,0.09805350057458818,0.081236654741487,0.11436119698574944,0.11702223172039683,0.1660105144426909,0.11595800167706233,0.08080649369207588
0.09447244188580756,0.05554288209825881,0.09730317192960392,0.15840665323540135,0.11268274695462589,0.15107749121126848,0.0960520325667887,0.12293471670407108,0.11152786341417426
0.15050618600343413,0.20062423452142064,0.13562207393155257,0.12317163901333898,0.115320599655074,0.06930803452109263,0.08397198272088431,0.09479572579986412,0.0266795238333386
0.01798818753471536,0.20147596918673968,0.09226000288849061,0.024522335790384264,0.1164276617439417,0.07577861670915666,0.2777383309482604,0.11447999338170835,0.07932890181660308
0.12824988902790949,0.23127676047786402,0.08655525753522621,0.07425551100936696,0.09836926432308783,0.05853421129582989,0.16472446898808482,0.11121595399229893,0.0468186833503319
0.0420394804925844,0.38296362631832254,0.13426428921995032,0.011799293553501225,0.13073353445901825,0.09029880727755717,0.08232350773733142,0.10342231056424922,0.02215515037748535
0.08211436239210898,0.1033474041360785,0.10059291328320395,0.08426673013933378,0.1352586659940113,0.13520448916456188,0.09939364293998372,0.1384477714149026,0.12137402053581531
0.050724215732838494,0.044864549544350624,0.17677778564789795,0.06936743947321383,0.13316377664158072,0.09031520609079076,0.14485110947123145,0.13807983000668034,0.1518560873914159
0.0786217764283642,0.07783587460088655,0.12958056584666208,0.15896021434867988,0.12016309857737008,0.09412100289136816,0.14292408703009635,0.12459970072411151,0.07319367955246119
0.014993770017981583,0.26522083537431435,0.1955562926798081,0.07926525293444538,0.0927051400379049,0.03733983994403565,0.18229292297029934,0.10650347377879732,0.026122472262413432
0.2505279124737576,0.060567927572712545,0.06648261856602851,0.16489439196535885,0.09796399995498895,0.07701950312836364,0.09349903694368215,0.10315792798714929,0.08588668140795841
0.1465530166106391,0.07660634354802583,0.06701599786711605,0.20885167086651857,0.10309206237942752,0.05949423735844717,0.11077511544352377,0.12837791671025187,0.09923363921605009
0.08378524418721371,0.3029051428413702,0.08097862544862659,0.034907041785581426,0.10497128191350762,0.05546142142941116,0.19454031525034718,0.10531270558338596,0.03713822156055631
0.14837486671575786,0.08192815833741486,0.11304526144919702,0.1120983068701349,0.12374946579636976,0.09751700120101847,0.12338941949829484,0.11815935463469841,0.0817381654971139
0.2822674008453873,0.10841008488517818,0.09423463601048393,0.05034720102305778,0.09455328080977864,0.05761211472808967,0.12814012477897946,0.11978743776942967,0.0646477191496153
0.18877996428906577,0.15580992444852326,0.15270764832275044,0.0475755132949029,0.09374224911183794,0.04627675934526476,0.13860582596746934,0.09874614586422274,0.07775596935596285
0.05155540964662105,0.17937438644961082,0.40416190421963427,0.013934539871763282,0.08657036390714921,0.04729195995520547,0.07583471071288354,0.09135634847246264,0.0499203767646696
0.1355728535686311,0.16992909776454038,0.12611443336181863,0.04871800224868176,0.12941590722581697,0.08508376277358493,0.14077458076581467,0.11029742514867613,0.054093937142435454
0.018035284913397495,0.04525638494264097,0.10884919973754005,0.19162763673959696,0.10934112810847378,0.2060123343396312,0.08002662608482548,0.07405038305996613,0.16680102207392797
0.14317564771284175,0.03958490322979375,0.04811572257100627,0.12205510744207752,0.10055423537357268,0.14179940110899256,0.1968681354879538,0.10899109926864257,0.09885574780511915
0.07610230156689074,0.11556271717295108,0.3017537139189081,0.03515753991656254,0.09233381972062933,0.053768225297174066,0.16829114340452608,0.10256122154440457,0.054469317457953616
0.09416113520672832,0.11146783025320613,0.16188333202029406,0.073942386825632,0.1395855835367422,0.11740401309837978,0.11510973708184928,0.0920716466738503,0.09437433530331789
0.22589930882051376,0.1266993582779059,0.06871868241043821,0.0899306345808885,0.11157638360808038,0.06305405123931158,0.12337753147959857,0.11497673391462393,0.07576731566863912
0.09245384239642844,0.15497210947182768,0.27993571182113003,0.07905031727884392,0.09726211794123844,0.04917126943421579,0.10279032225878036,0.09654445732141022,0.04781985207612519
0.06356906132293018,0.08945986250054845,0.11714000781758528,0.13169862748907676,0.13855550760395663,0.1295132131378451,0.10485594019795026,0.11168624620072709,0.11352153372938029
0.1438231195636406,0.09701645240874486,0.08204374789896486,0.12286165530519033,0.12698123560718336,0.05319553091378205,0.17934204404545318,0.11290421671501633,0.08183199754202451
0.11790196552141563,0.02470007962423537,0.10887715732870369,0.09974038267868535,0.11799108670274917,0.05038098857468728,0.09132839845206132,0.12859764191343157,0.2604822992040306
0.07457682580217082,0.033713341943445885,0.06206896926360225,0.15215050454530077,0.10492417284608922,0.20611256118672372,0.16846514869504592,0.10512411974422071,0.09286435597340065
0.0525187519530394,0.18271492320288188,0.08835319535277812,0.34784500194440154,0.10229010361759272,0.02759583192624174,0.08927546200168184,0.08043590306611313,0.028970826935269683
0.2507831600890486,0.15742204745287422,0.0968542311835169,0.03006457923692386,0.08242381216464868,0.037511082484044146,0.20175657936961958,0.09679606908302989,0.04638843893629415
0.1626600323339419,0.047120140843100546,0.07486654886020826,0.09567628929054338,0.10188918680687149,0.05126078515822091,0.19295842653772657,0.11710903760428748,0.15645955256509939
0.19622385927361033,0.03847806662527276,0.06371829387145046,0.10635908731997921,0.11935316754526397,0.16457609310330856,0.06310905445642741,0.10675513510168799,0.14142724270299925
0.18615087118917473,0.059463014404719385,0.0985888975321141,0.156211274497192,0.12206414067796552,0.09197413625422961,0.06120997299163055,0.11518797163821025,0.10914972081476389
0.038240924237376246,0.268535654586794,0.24322818280968583,0.020189884950801634,0.09048253048439196,0.07354212710548641,0.1359008108948233,0.09471889894406861,0.03516098598657202
0.1587410854632324,0.040578598906457625,0.08477680387162727,0.1419627458045774,0.10948090405929356,0.05553762854492992,0.12441393584066922,0.11074263411378216,0.1737656633954305
0.07740070083496038,0.053133332482744516,0.07758772857728978,0.20245017297174975,0.10307832908939857,0.08211279134898851,0.11876037128903756,0.09163292500461745,0.19384364840121357
0.05490778769750215,0.15777542159179775,0.14603496440654332,0.04258771731325295,0.14383358700278945,0.06723277682935427,0.17608294253514098,0.12756842007961905,0.08397638254399997
0.21917366578803602,0.1374264933623861,0.08613726891438993,0.06065999280187997,0.10284503776380492,0.1295305131660981,0.11265262107861292,0.1109858525197467,0.04058855460504535
0.14115908109331457,0.07671993619218138,0.11637133006324811,0.15107811589021194,0.1213628791246286,0.09309392929331071,0.10306181148694855,0.13113815621695343,0.06601476063920265
0.0727430290227027,0.1439516007136288,0.218588385943147,0.02399580087765697,0.11494117181051401,0.08448911743331684,0.19226417476027283,0.10396433259259741,0.045062386846163406
0.17539679957009838,0.1279009651258025,0.10055792800367191,0.04478866426342797,0.09717488727325628,0.10848328070275048,0.14365781094770405,0.11106463838599856,0.09097502572728987
0.07582747284047862,0.06500529843568363,0.10886056686565587,0.18923806325793832,0.1096825919543683,0.07319410671326314,0.1684624060463905,0.12453949309770128,0.0851900007885203
0.18250350014294206,0.08532973313070301,0.07846872568333298,0.060080924281015614,0.10086815980994372,0.06662826158894589,0.18230753806358302,0.11026516869324399,0.1335479886062897
0.03451770633726036,0.06413498661767382,0.1392431827356699,0.20565478715348315,0.09883885940224683,0.17054844779886247,0.13372927381850408,0.10767795420073056,0.0456548019355689
0.21026572659927997,0.04490887753118409,0.08039246708664322,0.12055272662289367,0.10189280134608407,0.05570352459317677,0.10073042879080041,0.1184442394775317,0.16710920795240605
0.08106301094706263,0.31622950900894886,0.0949072498837461,0.06280586856606879,0.11479507500364877,0.04479719525736068,0.1291994369498706,0.10903120581409705,0.04717144856919651
0.2332249468673128,0.11804806978808419,0.07677337713345472,0.04705658507082266,0.11445302152206734,0.0771504988331012,0.17110686256503285,0.10552234500289064,0.05666429321723359
0.10279599898884852,0.02691414685795542,0.03378928000887817,0.14944706687831796,0.06779823265461171,0.3171857070975967,0.09164809796606212,0.08174484804240817,0.12867662150532116
0.10640527314317551,0.046395070162390036,0.16894694359874243,0.07770336207269092,0.10179958526634575,0.05926034942242147,0.11645718348050256,0.1293479938877698,0.19368423896596154
0.02474314849077551,0.37107930658093496,0.13411064493769354,0.04082775437424236,0.10469036449392422,0.04687041007957852,0.14292765148927952,0.10515776756930628,0.02959295198426512
0.10533831207128763,0.15658176555599398,0.2280505188182127,0.06255466050397976,0.11112354153414183,0.10716698102765636,0.08246838231309041,0.11246837613078649,0.034247462044850845
0.21528370085409088,0.041577141019956305,0.13797502575012197,0.12182006972887345,0.08114849428875746,0.04546563075952014,0.09729466433777934,0.09160972668312789,0.1678255465777725
0.07674533076689188,0.039650789325450846,0.06265796972708827,0.22976977507936025,0.10076174084680968,0.17639492954111366,0.12443610924871328,0.105406418317476,0.08417693714709622
0.05948606327021471,0.08429552658680954,0.11191335390455998,0.11137243586494512,0.14569682733617625,0.0925737809128947,0.09217301848128784,0.12754919087965508,0.17493980276345686
0.0984985544288534,0.10986419257670649,0.09002078906012946,0.07550007651170777,0.10814038950612852,0.08248402466464855,0.22183442658792585,0.12225603050879279,0.09140151615510718
0.14207079053169272,0.07790391107253039,0.09703984602053212,0.057144492503290074,0.11679303037528903,0.08381949371831478,0.1628706004245963,0.1261364785099771,0.13622135684377754
0.19812224977238033,0.05553548901161285,0.06120485952716256,0.09490382273653047,0.11276511628100654,0.05750545263757367,0.1739384669743369,0.11636861412942405,0.12965592892997257
0.29995037817068054,0.0933340817783284,0.07519602200236018,0.05525980506163758,0.10286051626608528,0.07930765641210752,0.10901287553486828,0.11696832003314443,0.06811034474078774
0.19263970264203478,0.09537884334460713,0.049219048229252514,0.0718398955883308,0.09340810641769497,0.1141943918728332,0.15034956549982867,0.12239207222358518,0.11057837418183274
0.11100293319646244,0.2888494452494916,0.17392692770625093,0.026537540050291214,0.12301295784897782,0.05936293327873909,0.10283910296491337,0.08635525525891612,0.028112904445957394
0.08735406828914427,0.08693304090436406,0.19472441029527307,0.07302431214546201,0.12848088043128073,0.11670559434115635,0.0860813021679757,0.13837418695949613,0.08832220446584761
0.08517989412008449,0.1709463403187739,0.05884187401192359,0.03593119458071464,0.1281087146789459,0.1272328131866768,0.19658849694065317,0.11931485697737872,0.0778558151848488
