0.33406446833390385,0.11082512608750024,0.12082538485166198,0.08900518772415705,0.06222410350219815,0.20071354204292916,0.04591340075581673,0.02507663678071409,0.011352149921118687
0.07715285749189993,0.11347060580924036,0.08330164550412435,0.12094708254517124,0.03894520663710498,0.10297105087724383,0.07942354220984257,0.18190621106968127,0.20188179785569152
0.10918542784934071,0.13090282377697568,0.1020750119415098,0.15355394995021257,0.09224106878010285,0.19249328180508804,0.10542581243404785,0.04168922495202906,0.07243339851069347
0.23441258779043705,0.09102842599693371,0.11208060483756226,0.07599881103800309,0.06730610946314843,0.30437261223150835,0.08974691101787942,0.004171982255585911,0.02088195536894175
0.2323199467779813,0.10780906367631267,0.12334575141080713,0.11276129061877342,0.021484431663579873,0.08048853452268027,0.22980144053084098,0.07597879203528442,0.016010748763740004
0.08862536547410012,0.10063621254178463,0.07131414611605931,0.11792500113466703,0.05484849585091839,0.19107200366210644,0.03963942626203477,0.03450665969353303,0.3014326892647962
0.14826801259571068,0.11614337890972161,0.11487422781583412,0.10841932405745007,0.09846210971662535,0.2438202639816394,0.05732249534798489,0.016001042125285168,0.09668914544974871
0.14115932668591202,0.1104063330020091,0.09723719881655557,0.16495713563562317,0.11022625553562344,0.0824587396200846,0.10416193470418889,0.019583343539945397,0.16980973246005784
0.12704133551890193,0.11761904876348411,0.1311717774527096,0.11167044591185267,0.11522059021047887,0.1500624970999004,0.10070316451795619,0.032598551707047264,0.11391258881766886
0.17546494167920526,0.104865395410331,0.08717295956932207,0.10755687558181642,0.23576346659950084,0.08387357220982565,0.08203488591791741,0.00560227214377372,0.11766563088830767
0.0590264250383132,0.08232040071890127,0.08279630172731618,0.08442834812242571,0.11364772130591967,0.058225736767399304,0.09093448643319847,0.3279394987299285,0.10068108115659773
0.2076396823011113,0.11583756626848801,0.18555175507314284,0.10757028461760891,0.08554165767029931,0.09954590247881238,0.1645938537797839,0.02121619820482015,0.01250309960593317
0.12853442033827786,0.10755330344778262,0.09424069398355163,0.1277794617538415,0.21206457783851126,0.07656230423700681,0.23112234211158653,0.005008755518113499,0.017134140771328434
0.22728277636887184,0.12436800804749072,0.11229556430718042,0.09353693381139201,0.10472017219879147,0.22291322052626947,0.09105256974004311,0.008278364342060385,0.015552390657900692
0.21099994112999568,0.11929062497006342,0.11059781094546893,0.09668808706859078,0.02319393843341096,0.2818868393538663,0.05948985501727907,0.07392821942265583,0.023924683658669038
0.1794475399281403,0.12105706063259884,0.1262449108262712,0.17931829155570267,0.03993079959388459,0.05546962454810087,0.21930579152270688,0.011883422701013757,0.06734255869158084
0.09711284569398698,0.1097126017346941,0.072571845332847,0.12318269226318224,0.07210190031981308,0.35051581316329533,0.09138815630438953,0.010991060483834199,0.07242308470395767
0.15586327037261583,0.1033016088552733,0.12352039096414073,0.08795982414543917,0.11787758633120853,0.21547469433387315,0.05452571882870649,0.059432841739506415,0.08204406442923627
0.16268596863742735,0.11773311880635252,0.13591471824343962,0.08890980914317788,0.054744781557651896,0.09041270132178887,0.0794971078367023,0.04654864832748327,0.22355314612597624
0.12767502607191186,0.09321005243727816,0.13151052016050702,0.10179452282033802,0.03836857140815872,0.11708748393730162,0.2797948851719638,0.049822147558770596,0.06073679043377012
0.09903376923627383,0.09541400454957132,0.10085793242176101,0.08398243113438841,0.151982096406764,0.10242096882770042,0.09159397959094427,0.20830361973129682,0.06641119810129996
0.1053967068548744,0.10569851957901359,0.10307615566816504,0.1115246539978002,0.046428952482044976,0.2123899247297042,0.07227281762478534,0.007312199844600283,0.235900069219012
0.09077787965632274,0.11591970795859922,0.10181662106375515,0.1158088614258397,0.11259697395030589,0.0888800788646859,0.11365733121854567,0.15225574008376933,0.1082868057781764
0.13120954120516182,0.12668395810678149,0.10636837842608908,0.12730121396645855,0.1107383998948795,0.1818716515377358,0.10811766705337196,0.043394421349018115,0.06431476846050364
0.15987744735088247,0.11088215476913017,0.07939318573053311,0.1360681079154028,0.033526410675989694,0.1931961915039544,0.16182486160388923,0.007704829784941217,0.11752681066527691
0.1810599002556883,0.13163133664324236,0.10016606698060136,0.12494412906529521,0.06484160196103295,0.1607415244065956,0.09229855749266479,0.022683907153727104,0.12163297604115235
0.08085930713082122,0.09496224796039472,0.08789682014901336,0.10350171357836906,0.09529760299107476,0.10901149674845396,0.08829799129163644,0.09141497351731594,0.24875784663292044
0.190552267803043,0.10506050645685223,0.16919664759748299,0.1278060615560164,0.06583079681458891,0.07094524758238223,0.1723360996838119,0.05775000749268267,0.04052236501313985
0.17748941751125988,0.14078536785124796,0.11620908136258838,0.13634731151018248,0.02851395463465155,0.15772245915410543,0.14836612843165484,0.03601642776251409,0.05854985178179536
0.21076151337902937,0.10361972396512886,0.1459021796020347,0.07349098884329709,0.08246378476627213,0.29215109149415625,0.05482400618505696,0.0039981454899281526,0.03278856627509654
0.18113758289453988,0.1113246688058198,0.09596872172618304,0.10050368278184646,0.11937673707281414,0.07471670364083942,0.10582051010519045,0.023814141757516404,0.18733725121525038
0.17444480054963588,0.11307899043723724,0.11713585667755716,0.10672139262804377,0.06791641693296167,0.29036158346020924,0.0820228752707974,0.02744094314813017,0.02087714089542742
0.1376498893850442,0.11693085182129699,0.11704472282275775,0.11213914418921839,0.015058006704475881,0.10784359527810287,0.16684615397412675,0.09462651787882846,0.13186111794614866
0.14895706503012476,0.12474235681052141,0.11891214901694384,0.1318128015896435,0.1866940502732862,0.09722794490321407,0.11166440631662784,0.021425436418498155,0.058563789641140285
0.10514641695413396,0.11426568024141688,0.13080513115786405,0.13183977041060332,0.17534616730964336,0.08028106423486471,0.12172867636657596,0.09762878684688951,0.042958306478008246
0.09571338307851228,0.08949995376779368,0.12038896554876559,0.08398894606378009,0.0409499867649712,0.1220769214643437,0.06994504566990596,0.206005059675753,0.17143173796617447
0.11493680455582687,0.14598049129422783,0.10680594434996916,0.12134136080259485,0.10411641405373624,0.0779680096186962,0.23325177182059312,0.06232447773426502,0.0332747257700907
0.15507088026842505,0.10212664742476184,0.0830241708773541,0.10812363340530085,0.15385570397547388,0.1437536404162235,0.09056739073211732,0.02018536735763444,0.14329256554270908
0.27453758307197673,0.10125481076907478,0.14308237493521916,0.06042000992107993,0.016803787175366666,0.20077928210816987,0.04222679963883295,0.005892801348823982,0.15500255103145597
0.11684942294516963,0.09357301042315759,0.12096511954751032,0.08040318556200161,0.2779227674063878,0.17193186749971057,0.06699955059626417,0.037652025079290156,0.03370305094050805
0.1914467125455548,0.10525787382792529,0.12854083980740907,0.06836601769588863,0.06175007230807079,0.28198690959884515,0.08046227744271225,0.00888005433819475,0.07330924243539937
0.3278250490006285,0.11735990836406425,0.10528150653467173,0.12235587467204538,0.0528644304461438,0.15859622463181094,0.09599285297190797,0.0016811790143420253,0.018042974364385445
0.07811332108322668,0.08644716814968965,0.08450393274923634,0.09983843127372442,0.07073232135726462,0.07268856884954887,0.05361048927987596,0.13814389413511508,0.31592187312231834
0.17589467462294459,0.08886856893191737,0.14713146387886508,0.058224036018304726,0.226340032320645,0.21310643837397983,0.03879863662679108,0.024074426806484528,0.027561722420067863
0.11960269922818367,0.08301457512098802,0.11473048674709185,0.08843969853872996,0.3467175124646502,0.05292825999776036,0.09136072160793718,0.08137322846002419,0.02183281783463452
0.14496310867408166,0.12026063077865252,0.17553416111569542,0.1049368842591396,0.08313731440073496,0.10324040253764384,0.12160822765520769,0.08957365930938992,0.05674561126945443
0.1496947859275403,0.11163681695008675,0.08439273572812345,0.07163405093874081,0.015283991549480238,0.312885104277367,0.05388233298503739,0.006253858686785238,0.19433632295683878
0.09186699812508108,0.10465562117549317,0.10648452074217822,0.10489996905826315,0.12043972484676808,0.0582931600141185,0.1310591817671283,0.2178522581065988,0.06444856616437065
0.23368387276814429,0.11737650620540789,0.13526331821212695,0.0629222249182224,0.10604389921230405,0.18282244846838025,0.09959835902768492,0.03290604525876623,0.029383325928963106
0.12169733867925851,0.09642134200967367,0.07672653325299632,0.10390453625488766,0.18154634512379708,0.09963098325666749,0.07788637160384525,0.014993966743196049,0.22719258307567794
0.24770508974621205,0.08967257468829504,0.16973565420996092,0.06411158027078584,0.05914328907117419,0.28072059013172135,0.032902705753441217,0.03948091166472749,0.01652760446368184
0.08013897865972845,0.08973622974378108,0.07223928811958862,0.1023458094043078,0.05372306663220439,0.08168795573910324,0.05913374658557694,0.28393656833028486,0.17705835678542461
0.1452879288912321,0.10871268115875525,0.10052080010320859,0.1101033165003019,0.08629259661405149,0.1545810289765562,0.11065847553850465,0.01013778338412385,0.17370538883326594
0.05684425574844849,0.09619598638927174,0.0801038585520395,0.09685398051294536,0.07893617927174139,0.1851347907534248,0.0409603108323939,0.15531738261032427,0.20965325532941056
0.12903526050019973,0.12838874868502229,0.12580544947871541,0.11282266364614751,0.12949398151836514,0.20110713437769115,0.06051158866498324,0.038482593887051456,0.07435257924182416
0.09752985629012355,0.11278371606570348,0.08037104930434362,0.12727002686503888,0.033988558537988926,0.08509971192390937,0.3329162696003993,0.06614184750763555,0.06389896390485733
0.25122578897016107,0.13290304398389732,0.17661176938361836,0.12328933209690311,0.0337167788454111,0.13907489537014836,0.07181043246406309,0.04811417038601234,0.023253788499785332
0.11716372878278263,0.07725607635690647,0.07358033764358514,0.08437646244057911,0.16125263220654026,0.059338688781123895,0.05396360590792226,0.061310403182672724,0.3117580646978875
0.11252686536008616,0.12637795832438967,0.1250686276206038,0.1326032589905449,0.08519811453763293,0.26576065131296844,0.11447511470451294,0.007390786112757744,0.030598623036503524
0.13186407451165777,0.09360089941998352,0.13094038444195086,0.10778334112559561,0.18055131351874557,0.05752691183434349,0.06711727223590315,0.1335514879177698,0.09706431499405023
0.06165668242160382,0.0875313041787094,0.07208438808666764,0.08543160464945955,0.12178820255155165,0.0907391419886809,0.03521626937770258,0.0701894388571086,0.3753629678885158
0.16005213654174635,0.11455362103722555,0.11869134460847798,0.10507488382050457,0.16483056948918937,0.13355111711453468,0.07046925007452087,0.009285746565242484,0.12349133074855817
0.1613540500370186,0.11303196194075377,0.10048674321238643,0.10316893093464236,0.0648165279510888,0.32561319501068114,0.059328059472622464,0.028211660164965957,0.043988871275840474
0.12658028805217625,0.12268322571825208,0.09679724637209493,0.11921537227283163,0.07256878883437028,0.1623622245932428,0.07226084038602364,0.030593976846535014,0.19693803692447334
0.2725285018776195,0.08488212384292576,0.10681294673189434,0.07249251482131476,0.06708864530180655,0.26796691999309047,0.10207518867871468,0.021931000061976454,0.0042221586906575
0.16568073609923992,0.11789521667455534,0.09922693321060942,0.10488292671273307,0.030287109802033193,0.27332139779579673,0.06616022573875575,0.04126403575435228,0.10128141821192437
0.06565751735993784,0.088659946895767,0.08115080657835787,0.08900914808664767,0.0904523256967824,0.08799615816903135,0.054425461342533794,0.06633353858102509,0.376315097289917
0.23335398795341944,0.1269816321830485,0.1167167378384399,0.10351144907565037,0.09694010458485869,0.07059917611291182,0.158922944530433,0.0027169638054831452,0.09025700391575518
0.15663937623994673,0.1185067796425694,0.13144483099741458,0.09175349319996529,0.11192681294138501,0.22500702511281842,0.055539815208648084,0.01598287343413975,0.0931989932231128
0.22912267016566365,0.11621706980390933,0.1547323615736407,0.10429905903287023,0.04527272086915297,0.11807542879420102,0.11440574762592404,0.02132950864246055,0.09654543349217744
0.1755740695260579,0.11731396999889025,0.12318277524925664,0.07114663785668231,0.021281418067992098,0.38514582570652717,0.06638920832574392,0.006704081293576607,0.03326201397527322
0.0698009277186635,0.0920229484217438,0.09178917618908833,0.09838636394458918,0.05832074940749025,0.10974862108613652,0.08610728226910862,0.25090622012460045,0.14291771083857943
0.13571899920738834,0.11694193998423087,0.09811501678914235,0.11820690263518253,0.08623072131078369,0.07924830120799581,0.09398830991993952,0.13140578194085636,0.14014402700448056
0.16739257781017666,0.11195087162810509,0.11057251096973698,0.10413976931343627,0.14915640950471512,0.12889245494009904,0.09156840041139948,0.029499015535082693,0.10682798988724863
0.13045642875266858,0.12068215719570181,0.09116829176146907,0.11582494203365128,0.038218151837143756,0.11477067710680915,0.07409007856553769,0.06532115453878953,0.24946811820822912
0.1395104879476576,0.0967101506923529,0.09180054608576484,0.11843900842572404,0.1996194517521722,0.0679295048875133,0.22521162971444922,0.044696894842035116,0.016082325652330687
0.11713239281093009,0.11003778163646143,0.09510318136536022,0.12775783597078993,0.10797933855049736,0.09346817114486738,0.08548833794426401,0.019446770040825647,0.24358619053600397
0.091814031263738,0.08317354830416233,0.09592090527313558,0.0834466237446353,0.06909861547514475,0.18600162426350697,0.03450597070285746,0.22875305070104254,0.12728563027177692
0.18888849631224672,0.1480537437264557,0.10563857326438035,0.11901852969808578,0.03656969639470829,0.05656779555181296,0.19566164061676675,0.09140756247834325,0.058193961957200224
0.2598812652956839,0.1167254399884249,0.10077594885893089,0.11062270989566335,0.05369652604303654,0.09348346391232965,0.18403423042816472,0.010914981764212092,0.06986543381355394
0.13507391459870516,0.11475180128593288,0.11944665444035445,0.11009275151200165,0.19101796471378818,0.18780244061974857,0.04256786491708173,0.010931242961346732,0.08831536495104064
0.25199873443059245,0.09709260495047066,0.13390134156307446,0.07452973701891658,0.08684309138451474,0.23861588788704483,0.10037788009789302,0.013804814784929571,0.0028359078825637173
0.14620590879661025,0.11495396399243658,0.10026066450334394,0.12330669667817329,0.04566472030352601,0.10017759503782059,0.16568622755768522,0.16655465290415825,0.03718957022624595
0.04841410239665795,0.06411624993027022,0.05700726762586261,0.08200748626729876,0.0569123689666046,0.044654808426305925,0.06246812622365081,0.30070739088302306,0.28371219928032604
0.11785541324360038,0.10407074026696578,0.13351268179230572,0.13336192448217143,0.20087474906803485,0.09802848949451447,0.12180547897391218,0.017785292066882206,0.07270523061161292
0.24091712542058175,0.1527888658198623,0.13537430892673494,0.13040718817513494,0.043902943875426405,0.15633135660290898,0.09734605481062185,0.0036780836588810976,0.03925407270984772
0.2919018755373061,0.12499354770101288,0.1320253922341219,0.07928858176659691,0.06839007073529939,0.20638570090724595,0.05218248919459226,0.00871525948179213,0.03611708244203252
0.15253829875861688,0.1456036684086068,0.12316914465999573,0.1311283963526626,0.06688751742921005,0.08815482229173972,0.12135356722929785,0.1317352859381334,0.03942929893173692
0.07724882228599965,0.11434096840650869,0.10440559571242598,0.1316005952014078,0.22018845503591414,0.06068976948906809,0.09666630558143934,0.0827807913658758,0.11207869692136047
0.1352817859307927,0.14047841794633245,0.10561256585171754,0.12341554082133611,0.07372194889638731,0.09456803980785765,0.15179829929211588,0.13710899072385702,0.03801441072960325
0.32442757193446486,0.10779361463212363,0.12366789538772045,0.09942623527943599,0.014617922420956149,0.0426561406844784,0.15989156477069585,0.10150238076112728,0.02601667412899732
0.21055030101993957,0.08617535633875795,0.1504611805949065,0.09036108432442447,0.023979517639393527,0.17413562336674826,0.26192804713506357,0.0005807380536241308,0.001828151527141942
0.10402694306887712,0.08775138555338229,0.07288560041005265,0.08374686587378206,0.06118107028432119,0.06322222561093427,0.023862560017323828,0.026037086453262432,0.47728626272806424
0.1237788240210392,0.12293412422091139,0.13262482636806883,0.11284829163384724,0.1628832759252468,0.11349538464311999,0.1284208339963219,0.07713918964176883,0.025875249549675922
0.16395625328006716,0.15168366107770137,0.12616597763859771,0.11797191155799175,0.059202273789860975,0.097821995956959,0.09104691100861889,0.08340337807358557,0.10874763761661765
0.11369426796994286,0.13027505739715273,0.09111092380305987,0.1023996606746671,0.04143449147947675,0.10188531602075734,0.0930904133174103,0.04909524689346447,0.2770146224440686
0.13896406199894984,0.10540760247745612,0.16467876324668573,0.07513782434601453,0.10276850765377239,0.2845566038487841,0.04927930622958315,0.01901106296757876,0.06019626723117535
0.187731717414934,0.11628117901777903,0.16954887638199442,0.09553147504350629,0.06036066931001344,0.14437512072740852,0.16388975354245264,0.028735228317098235,0.03354598024481352
0.10775913299423928,0.1027767880900714,0.11426383009595302,0.10613877974813735,0.08277733591871976,0.05566040434915626,0.13387898701539794,0.08839109688257812,0.2083536449057469
0.2513183903362689,0.12632058160768098,0.15086616716112075,0.1331050187390712,0.05244833393849896,0.1088430240046256,0.1482910823836376,0.004096026812710096,0.02471137501638591
0.12862566965235267,0.11629010989453724,0.13900574065241816,0.11789299331400067,0.14517764877576428,0.05817601026029584,0.19789955306406629,0.07733465402182821,0.019597620364736546
0.1256668279966393,0.12759049077821913,0.15282462828343887,0.09722300745667427,0.06047255216170255,0.292844341968873,0.06561717948308234,0.015923500652104298,0.061837471219266305
0.09494110526545478,0.09775179494840032,0.09067731496467873,0.09895163213819191,0.12324574468556454,0.05034929211585184,0.093577761367173,0.3146721952971317,0.03583315921755328
0.09328770484562586,0.1087552595151021,0.07642829367983592,0.11816314657392829,0.024611993116977506,0.10345255375000494,0.06454880163281379,0.12115484716062963,0.289597399725082
0.12557149495185818,0.13118334375726468,0.15430753031897723,0.11246711517435255,0.15095978446076944,0.11069048920538128,0.12189836027143697,0.027013561825224117,0.06590832003473547
0.1707397655480228,0.12184537742910716,0.10753846190613174,0.1361849870636573,0.038998891450864735,0.23455829012964888,0.15454961339258474,0.013492715462991306,0.022091897616991357
0.06375726487961934,0.10318501346606594,0.09628708192454484,0.09539180701142909,0.12260275610111533,0.12510929000804347,0.07577078359357202,0.2844211084961362,0.03347489451947377
0.12182370429400373,0.12022882107151876,0.10358567159935905,0.11398890176735073,0.24809985532272094,0.04848897968586024,0.11020834586996535,0.05389143717752485,0.07968428321169634
0.0694762962091854,0.07934188390516932,0.07218818773212003,0.07584722551770255,0.06868814248806876,0.07925931580400371,0.03582393480216627,0.20624813900284863,0.3131268745387353
0.1917539799579392,0.08515139282053723,0.11138117212766085,0.10836528350070217,0.08109380929335468,0.06314978530968758,0.10572435941741547,0.14961642673762748,0.1037637908350754
0.19868771006172745,0.12107155447409988,0.11229408241246551,0.12136241155978057,0.05979188534579766,0.22094693923740918,0.0936205846166097,0.004985159482716653,0.06723967280939343
0.23050978262791133,0.15465055906942624,0.16429933376999553,0.11266093595224952,0.07604828472741007,0.07579063267738932,0.13615941259263276,0.017517254941719327,0.03236380364126593
0.10278204441076234,0.13221290882958736,0.09394771831816562,0.11569246819880158,0.09721677815580006,0.14758951154451158,0.09624336662435706,0.07788669779230357,0.1364285061257108
0.1407078936316082,0.09114142370099125,0.09426441220279842,0.12095351936314884,0.050431410383969345,0.08543012120766352,0.15548813768038125,0.04222124913366817,0.21936183269577103
0.18203546382101568,0.0990386432513558,0.0832150699134147,0.09557104966604953,0.09782626648673726,0.13330566206521488,0.04181320420157225,0.002197198890445634,0.2649974417041943
0.30281178417433957,0.11130496906738385,0.11151303349266727,0.16243949109938324,0.062378953316931864,0.031301653266367434,0.2111579418959857,0.0020903890203406526,0.005001784666600458
0.26535314512591596,0.09215270499422372,0.13997195219871572,0.06003748653449024,0.11888034256443696,0.234281734973093,0.047739682171570735,0.0033530847274153073,0.03822986671013829
0.12524435134355272,0.12060681390892146,0.12211887569284692,0.10754403715480639,0.13437504383562893,0.1145643302852863,0.07164663252554643,0.08534999618694072,0.11854991906647017
0.09074026938047515,0.11260649823193732,0.0917485667194153,0.12687958681548153,0.057371417562350285,0.07119354930888222,0.10086108277126117,0.0682947157643518,0.2803043134458451
0.11566570240488455,0.11813740545904068,0.10704719380946581,0.15132711589110562,0.07708193415754562,0.10791694073371254,0.08248649910928275,0.05033940253372022,0.18999780590124224
0.07029431523842856,0.10421929866885248,0.07930841213939949,0.13684704864357233,0.1935569096252816,0.07984043140498757,0.1406513878738718,0.09582887186855789,0.0994533245370483
0.10582823239723271,0.1048659755173979,0.09505107054164824,0.12000049111314082,0.22242766376908016,0.1959854421069114,0.124280052396108,0.008454524926252397,0.023106547232228426
0.08290991556911943,0.08328750747629005,0.07896381903259704,0.07875375955577964,0.03965538449236928,0.071196395815705,0.026149002771100705,0.1553032709556821,0.38378094433135684
0.11611495328618944,0.10273572921959688,0.07915104170564786,0.12028325318047563,0.3411078467239996,0.15164111137785383,0.07430126727460483,0.005776305815710306,0.008888491415921686
0.085859229259007,0.09845362730890439,0.08476278243706198,0.09499999846152114,0.1321014567969849,0.09225838712609631,0.16360703983451277,0.16103081352953952,0.08692666524637192
0.13769843785599534,0.10896850290072387,0.1695179636277169,0.12687023448552603,0.11564293525820955,0.16912289364187072,0.14347415855285317,0.005954592911730272,0.022750280765374203
0.24896010304400504,0.10558462024844971,0.14579459124285626,0.078932320101982,0.043166779910220644,0.2731334057230076,0.08664339595608787,0.0037028308673864065,0.014081952906004528
0.24294055028800413,0.12089426180585357,0.1377134251720641,0.06589422679536866,0.03908184638053031,0.2152756162974545,0.10851525212254098,0.05657949090497408,0.013105330233209598
0.11620905448282555,0.09613038101669232,0.06710096092342345,0.13583838446910082,0.009607444328810215,0.06060599775180433,0.3089886712299493,0.02038089463597363,0.1851382111614204
0.26602817912934684,0.13225303186787948,0.1569078423853639,0.08005609858948871,0.08614742454487945,0.1591703938238871,0.06860690924831463,0.01380464426101842,0.0370254761498214
0.060548406093452946,0.08289312892108303,0.07655788802079314,0.0794190680710302,0.03722755431506825,0.07560137950698141,0.0432205259460355,0.09779643413584142,0.44673561498971415
0.11955440791902565,0.11382900961372067,0.08732019093280424,0.09046359670727815,0.017786487841103798,0.20546124395940335,0.06220744445732119,0.0639855015965648,0.23939211697277818
0.24592087517653774,0.10270700406899247,0.13353623118508715,0.10661769869545494,0.07323836242265787,0.17494148477617802,0.14164172799952804,0.00883816322673924,0.012558452448824446
0.11181614476875153,0.12181056663359079,0.08429435425029175,0.1332412873130396,0.08485021742405807,0.08442468153584416,0.18374659087599768,0.059395438809626465,0.13642071838879993
0.1373794378643182,0.12605905620519373,0.11485302492786854,0.1413159465026643,0.07725761869556265,0.10615015216502054,0.13918435133170948,0.09703237822765982,0.06076803408000279
0.22552064874516317,0.0962121362749694,0.08554337041514275,0.08603609373581128,0.08256938645072576,0.3323553194487521,0.07273321743396138,0.0002607314388766015,0.018769096056597562
0.09709884518516838,0.0990104927584541,0.12859151071833883,0.11413487914383047,0.2706720367424111,0.10364382405517154,0.11176673312925257,0.04420044758976355,0.030881230677609586
0.19601355503141302,0.12683999091035594,0.11848824221910376,0.10423735468649586,0.047353482897964205,0.15847854190129776,0.11883898786449232,0.10858624773997401,0.021163596748903137
0.1977162923621841,0.11688431051949395,0.11107609620006988,0.09636027740995474,0.05280248077781155,0.12531053870309783,0.04177876308327696,0.019720423887775704,0.2383508170563352
0.18274451228733946,0.12921367399713138,0.12271996742454998,0.13753395977453525,0.13295901031567683,0.1352156287837805,0.11574697752015951,0.007635224569690474,0.03623104532713664
0.1888883858807783,0.12825803980257852,0.09166685212196547,0.1594757039123519,0.056982350085071985,0.14983353128529175,0.17569978536492495,0.007998173618653,0.04119717792838411
0.16871214622600136,0.10752234181758624,0.10100377026527052,0.13937494829141028,0.05560921924462232,0.06582693044692321,0.1572537463888105,0.17881696273395895,0.025879934585416514
0.16770345268207373,0.10279267563066545,0.11594299497948386,0.08761548606447102,0.04417181928579531,0.257568159161707,0.09823554219783741,0.005148608627548592,0.12082126137041758
0.09712944512753809,0.10166105246218558,0.08845160987927518,0.08305132383300143,0.027184235519840196,0.08824923421451947,0.09596663783327948,0.18663298628436173,0.23167347484599884
0.11611495328618944,0.10273572921959688,0.07915104170564786,0.12028325318047563,0.3411078467239996,0.15164111137785383,0.07430126727460483,0.005776305815710306,0.008888491415921686
0.1374963618611646,0.09571937695394343,0.07110337136379992,0.11186543667870535,0.21132727769177098,0.2201372543435006,0.10746981829697226,0.017242585707446478,0.027638517102696287
0.1161088257073631,0.13114506066119713,0.09967800561648614,0.13067660848937424,0.13667965754792757,0.16089492687140752,0.09452901193172532,0.0763483971134436,0.053939506061075386
0.26250473538358976,0.09051382801778896,0.13800580013299962,0.051934422220760335,0.12231028486573516,0.258864934375827,0.05202208730973578,0.00972722838644392,0.014116679307119547
0.14928833373880293,0.12024795692856179,0.11776856997868605,0.13556180138553964,0.07999330470066997,0.20467627819745418,0.08755920513657499,0.05789186319232853,0.04701268674138189
0.11369426796994286,0.13027505739715273,0.09111092380305987,0.1023996606746671,0.04143449147947675,0.10188531602075734,0.0930904133174103,0.04909524689346447,0.2770146224440686
0.1457027910740262,0.11964649600933071,0.14524504420697956,0.11338567763789707,0.17572017761234351,0.10311884463794752,0.11608680241414342,0.020098382579327417,0.06099578382800467
0.2297055596240718,0.13688709802655688,0.10936333451134422,0.11340129910526242,0.08739299163388459,0.12035682670177798,0.14293735438386324,0.03569248254241272,0.02426305347082609
0.15250747583067606,0.1178917368808115,0.1303972848589325,0.1142918510829527,0.15245404209978822,0.09913763914292094,0.1157388377533,0.05949899569381325,0.05808213665680486
0.12447881608299662,0.12167727166586872,0.09517195292552479,0.13043333491517226,0.15121541501193198,0.14136880305836988,0.10388816180953342,0.04905035218185607,0.08271589234874635
0.27961755636076596,0.1069362631245015,0.1298785293706957,0.05858723041661409,0.06836730857830825,0.23788716570724036,0.08976813074674996,0.007030473009753714,0.021927342685370402
0.3048151920064041,0.0964576603050812,0.1702961630149149,0.07115025467847068,0.07175213554235106,0.20965298674391644,0.052691830453185505,0.00365961569185879,0.0195241615638173
0.16476744248693073,0.10270589316514257,0.14372533123967182,0.10030391304077663,0.1576402297702,0.1878706413871217,0.07735219043670322,0.004204374546989096,0.06142998392646418
0.118721616357423,0.09580816821690212,0.08367114513471809,0.09970901308586727,0.17112749098611144,0.11742712674965328,0.07428837172824235,0.0049711904113942,0.23427587732968824
0.045036839596723326,0.08004690277672875,0.07600465648083182,0.08745656417915387,0.10155804284768616,0.06135729676351689,0.13397635547199105,0.33199270330685643,0.08257063857651172
0.10503976243525139,0.12997966051405094,0.08883024529612454,0.12879531228902494,0.03832971463433025,0.19127210684737808,0.08658855827195959,0.060214856589006376,0.1709497831228739
0.19375560540437084,0.09644853645235675,0.12608751889431732,0.1036069687838903,0.07225463715692308,0.16115498139530607,0.20644325890615237,0.0131757837795973,0.027072709227085958
0.2506627020475173,0.11915941964250269,0.12103696960340227,0.08056582741937819,0.052313076225085235,0.23283311275865373,0.09249781265846559,0.0028754461302029325,0.04805563351479206
0.09617393218265734,0.1265279445782765,0.08546199153020051,0.13037464157007242,0.13195505281014816,0.09946242615257168,0.08632820702081372,0.02618391556955914,0.21753188858570058
0.09297622638471666,0.10706564531426362,0.08636594202230491,0.11729399866636352,0.21001577212368397,0.12425154298588863,0.07543516005516628,0.005388065373641837,0.1812076470739706
0.2037507642881776,0.0928041936538974,0.17334712939646257,0.05950828767596742,0.06669841783169776,0.29920687686619346,0.054620602816531326,0.013367145656814449,0.03669658181425808
0.08951090898621038,0.11917234553465694,0.1129835301766232,0.1390775259748902,0.16522085270707784,0.19375250000486552,0.07151354980030084,0.04587527314924573,0.06289351366612937
0.10151942474392278,0.09318345585382731,0.11363168156728369,0.09937650597225163,0.2247988746824426,0.18880400401543151,0.03537381415897863,0.02376798378007916,0.11954425522578271
0.11802694834801987,0.1226135698837504,0.12130504508712868,0.14688455818023097,0.10082433470917294,0.08686993326957244,0.18377844765298343,0.023307413911773656,0.09638974895736761
0.07834603238090805,0.08836554766545686,0.0896777004278116,0.09816986256140196,0.03962675269663033,0.06125550724804734,0.1290915724295274,0.2624806426594713,0.15298638193074518
0.18129618163454797,0.10047982532438536,0.11942323346104679,0.09909693918843591,0.21661944537721411,0.047324013324612356,0.1602144411455979,0.04275172623670107,0.032794194307458495
0.0725791552633352,0.10883146317477109,0.11806991912365945,0.10425658897727715,0.09474719389055684,0.09511851562180844,0.07750958829469055,0.22073615829400203,0.10815141735989921
0.1998985543555709,0.13480963436803192,0.151951741005734,0.1008431157100419,0.07686754855866124,0.14155768504285465,0.08267247921701737,0.02990263723412817,0.0814966045079598
0.2528277455820023,0.11122684008497352,0.13490198613151236,0.07523197019813888,0.04543998121189318,0.1931587975599092,0.11251755698432915,0.05737327663887782,0.01732184560836363
0.17714724766781012,0.11110283915868853,0.10333966373859875,0.12780075644966393,0.06700218156690473,0.14082810100638718,0.23231156134549846,0.028328177693782552,0.012139471372665704
0.19624870248445936,0.10036942899013851,0.10380907989616228,0.07442427635127913,0.21981773833263854,0.19688496079569204,0.06266655745715546,0.0036685466421160183,0.04211070905035863
0.26860956170318745,0.08682709542228695,0.10561177866271604,0.06104781230588896,0.0565197553365245,0.3526936936635155,0.05480688347539379,0.0015025351545993621,0.012380884275887419
0.2501986281315239,0.0967359862441642,0.14623559543219652,0.0745628357419972,0.04458020714088418,0.27748975292089456,0.06379896223177946,0.026816744230082373,0.019581287926477533
0.1984888417554509,0.14294658269627364,0.08142953503270957,0.13696449751268222,0.08811175840223973,0.09132797995027879,0.20574596097127254,0.02448773681696666,0.030497106862125863
0.12981963466975502,0.09576546282270636,0.07831933000123376,0.07576899231760506,0.08123487006937975,0.07935697512939043,0.05156749862608497,0.006437034272803598,0.4017302020910411
0.1155934353885457,0.09833239946018069,0.08955761246703932,0.09103943730810106,0.1311217936516725,0.15944061593697353,0.06360415363228021,0.19790651646214255,0.05340403569306438
0.18557444884748286,0.10107201505877032,0.13714030940424568,0.07494663713584339,0.13665677740318888,0.24834717090573713,0.06148345666098948,0.007961492450253788,0.04681769213348838
0.16693987630305474,0.10355958779554998,0.12310556851304756,0.06832269200938551,0.07426842507238042,0.26524624392530816,0.05586841632313647,0.00317347253944884,0.13951571751868824
0.18256592037644462,0.1179946949341361,0.10266530198692696,0.13367589979778358,0.138997162714438,0.09116766143062684,0.14487614318092681,0.0124618905418685,0.07559532503684857
0.17443288047917474,0.10097080671741561,0.11393590803817731,0.06931213324599271,0.12003116438591704,0.3225987305098728,0.06610912379015149,0.012121659715606475,0.020487593117691712
0.06540023094036296,0.09798781865639154,0.08748956387871819,0.11378253536315859,0.027884168401565056,0.11332823552608144,0.08473605672987326,0.19714241193789128,0.2122489785659577
0.0830109321546915,0.10488842003992664,0.0805493993050943,0.11264833631450355,0.048614166904683676,0.3388461640932327,0.04859565826675494,0.005088973392308893,0.17775794952880378
0.09143453187207129,0.1155494321576737,0.12351849513444157,0.12108417071130384,0.20972858342256342,0.09345882107736429,0.1012175135571899,0.07580766267664601,0.06820078939074598
0.11225694165701651,0.12022506645784152,0.10858752612385021,0.11970485712608626,0.15822420626923936,0.12336362090643,0.10927745705636523,0.08290325771346684,0.06545706668970408
0.06202747726264596,0.09150152568564825,0.06690072604431628,0.0942854220591789,0.05938995780597225,0.09587129856316669,0.08623772466667022,0.10625319230546788,0.3375326756069335
0.11034925167825964,0.11106850870597433,0.10954015562179227,0.13191167558044317,0.16801531670540848,0.17306164453781392,0.10949276958288517,0.030892417922188876,0.0556682596652342
0.2700344314518485,0.09479567397485887,0.1389195505668334,0.07995607443442809,0.10539329251620766,0.19211554790075624,0.09993445300056629,0.004958566841056166,0.013892409313444798
0.10899195170259386,0.1094369657583173,0.07736660032817909,0.11714653083047677,0.027999182774016047,0.25307818286755507,0.07784224173677018,0.08664179376307711,0.1414965502390145
0.26054012038219837,0.08824251778967514,0.1587585709035925,0.05895594145471649,0.0574514772494338,0.27638950200875306,0.06707132239343823,0.010278464266712415,0.02231208355148001
0.06735168037279277,0.09973755013400992,0.08801752757323866,0.10107375632546178,0.0467103420861976,0.07594026718808071,0.07979252740020716,0.06933260205516613,0.37204374686484526
0.0749573771776722,0.0832483204764356,0.07202764476287322,0.08722305049097956,0.12377805900333054,0.10720268569492312,0.058604883578335064,0.07631744308631815,0.31664053572913253
0.12370946656992797,0.11620166183211378,0.08973232805325422,0.1391442186102797,0.054379796641977896,0.08806765264723858,0.1914029655237742,0.09650210473418415,0.10085980538724955
0.203490824106853,0.0949252845646039,0.14505269428620096,0.07038608360006963,0.1322118685654512,0.19291847464880219,0.10780929770983734,0.008310885694355848,0.04489458682382602
0.15357674908984956,0.09166040573510541,0.09604647516907966,0.09499717590078229,0.20795610697831737,0.06272425135614879,0.10976420187494042,0.01633074415271703,0.16694388974305954
0.11503873079474859,0.10977646956384586,0.0869210348048572,0.11924085996101362,0.05146883649334133,0.12326209228125355,0.107986654621131,0.12052839089580658,0.16577693058400225
0.17614720152640362,0.09011398058656123,0.09183079517619379,0.06907885509485248,0.08022351686015426,0.18809045395107513,0.030244041156279117,0.034111084230431694,0.2401600714180487
0.1566361288706144,0.10288597517758168,0.10824822152311274,0.11059665272326132,0.12199986454790528,0.17598964513223536,0.17021007230309695,0.022905817509430135,0.03052762221276219
0.19750075531999037,0.11349173640664106,0.14072541204473882,0.06401878641864656,0.040246573968470326,0.2805382890150921,0.034152912513730586,0.038095878389027595,0.0912296559236626
0.09299564435623624,0.11621592318559514,0.10184559956345263,0.11600406200600073,0.13174562252363392,0.2529070347487737,0.0694591954683549,0.05475588281542701,0.06407103533252571
0.14749997666168493,0.11045128868942651,0.13396893914599847,0.1048854748064834,0.08776317433641369,0.2480739572023377,0.07538558786537211,0.024541591286167164,0.06743001000611597
0.0915560374964272,0.10469497431676818,0.06266528463214448,0.0993184774502368,0.08246545798486782,0.08264800276204921,0.09016853227332507,0.004060625612803698,0.3824226074713775
0.14115932668591202,0.1104063330020091,0.09723719881655557,0.16495713563562317,0.11022625553562344,0.0824587396200846,0.10416193470418889,0.019583343539945397,0.16980973246005784
0.14655338774974105,0.09844835950388524,0.07505144586062813,0.0973258952679213,0.034216611496800886,0.06332025123775549,0.04686343640575402,0.03147080316229278,0.40674980931522103
0.27566320972105673,0.1190328337190929,0.1413433609438365,0.07817938051747986,0.010387788795146005,0.13662441319234495,0.20514308828820157,0.025834063787150568,0.007791861035690972
0.10378348081262938,0.09171266863299359,0.07228904145803026,0.11049431458045479,0.03582380095013842,0.07496169102804716,0.0701425903215827,0.018477051366646607,0.42231536084947713
0.32898181849017877,0.10438582306494926,0.12149355555533713,0.05054088175002049,0.036568234489219635,0.2333411647270854,0.1029514263161672,0.011520849743946281,0.010216245863095925
0.21395998014202175,0.09023708727079542,0.16349688415848487,0.04871670788468286,0.0640901983323013,0.2665373100887848,0.025004900119449027,0.03532624961850518,0.09263068238497478
0.10740455670762945,0.11587862855562248,0.08859045549995485,0.1180515991679293,0.05353909422766842,0.09138519463024568,0.06721721792100621,0.02833902734336941,0.3295942259465741
0.12224717997690208,0.09841416648766,0.12769397647314318,0.07557561491260066,0.20638282460184412,0.22906474668463628,0.06199713762283829,0.009559289106517403,0.069065064133858
0.12425735478335627,0.10964462759779171,0.08161259885032351,0.12354139140917729,0.1387828219028168,0.16166349546389938,0.19530162302502188,0.014278521997929757,0.050917564969683395
0.23517724414931898,0.09445194086202773,0.08535176386360584,0.1825342813789851,0.07401117078330526,0.052698583877174555,0.27102164605867535,0.0003540404816385956,0.004399328545268655
0.19877657851991568,0.10134671813941791,0.14455904455881405,0.06132206484251859,0.08433017261891647,0.19150753531205425,0.039408900953020846,0.16053407175999088,0.018214913295351357
0.18911910181961766,0.0995822595783193,0.11000222314007152,0.06589251626235741,0.10638573894217729,0.23366635254920068,0.06043453434827093,0.006986532005124307,0.12793074135486093
0.06154784329985585,0.0951175754514103,0.08166918625668469,0.10202031525542504,0.07090494580512526,0.04508908624235899,0.2427100216345949,0.09663389397461668,0.20430713207992834
0.15068530291049556,0.08785856089968436,0.08749554819514621,0.09470107053298671,0.03520132906764253,0.11225555364189775,0.06954104205563054,0.07174694861815939,0.290514644078357
0.15781891943790868,0.15224825844474515,0.12416518893615654,0.169184144728594,0.10135524762829844,0.1552290512407686,0.08864297554157662,0.013560318696537574,0.03779589534541443
0.235881844659662,0.10964853934466169,0.16073021867680978,0.09013784213487758,0.15303317411850018,0.11176295157861872,0.08466711682112522,0.0031275706035976494,0.051010742062147174
