0.11666281596971458,0.0750207568815563,0.12117427145545012,0.09440098733292113,0.09232422852622252,0.13471551563272474,0.1392628510944112,0.10865387957942559,0.11778469352757381
0.11998748945728281,0.06748318519698067,0.07950998224831311,0.10091156062726943,0.0803929928988867,0.16869922524424563,0.11912739741969804,0.12689358114439256,0.13699458576293105
0.12080690500830443,0.07086474750671434,0.16789921163627328,0.09429282435700564,0.11846037568891127,0.14971661510206977,0.13263361015407485,0.061949727642765164,0.08337598290388125
0.09112162720053985,0.07597610444366837,0.15797024921280212,0.09846253980904283,0.10741784666019584,0.19632701143477663,0.08717093495245044,0.1259542545434957,0.05959943174302823
0.08494970303372389,0.07558619930428447,0.2206139051383352,0.08975448066013704,0.13519185712879547,0.08452848284539632,0.12435230318762647,0.10814619694342664,0.07687687175827458
0.0687201285309224,0.07034651752956649,0.09043334930138558,0.09316940071103652,0.26070707709145574,0.08741480592307214,0.09132006424876178,0.1375056175703527,0.1003830390934467
0.0896070508107033,0.054784851618572085,0.12391875868104697,0.09659387910095125,0.1470098567555751,0.08384293283725984,0.12639610477149382,0.17366772178601053,0.10417884363838714
0.09289364636373666,0.3122628958527441,0.06039203870508323,0.107781405054799,0.0427143772348628,0.07391621519766481,0.08869991627503922,0.09195118123709123,0.1293883240789789
0.0716397050394328,0.052273606614840186,0.1143463689263456,0.10499445579257134,0.15358897206289743,0.1176084916438489,0.13088171288832562,0.08221978546666674,0.1724469015650714
0.09774817368124428,0.062446923968996336,0.08923656735482784,0.10439230523998495,0.1375261094747358,0.20340690219227653,0.12266447704112564,0.0887188957722405,0.0938596452745681
0.07718672043591603,0.047451980660975245,0.26729524639272956,0.0930234782949776,0.14720058096581862,0.1400882738126026,0.09077154591437296,0.09336562072403583,0.043616552798571497
0.09278905452678114,0.09261410385546397,0.1555771860586875,0.11505805464609076,0.06973230020373068,0.10400400789137698,0.13325171867109667,0.10084047718148174,0.13613309696529052
0.02703846718110532,0.12661808116022957,0.027972104375242723,0.10239552387959965,0.2727969961987633,0.09188925233593394,0.0847551841614748,0.07347132064433591,0.1930630700633149
0.16637381151642233,0.09379203682444053,0.10460216662460264,0.12126689946770325,0.060726364633352396,0.1064617327058589,0.11659035144364698,0.1408058045560728,0.08938083222790026
0.08327355485878625,0.11643663704571851,0.11370389210664449,0.11267136885726514,0.0490377417909001,0.18720214386894315,0.1096690557353538,0.11740858596829744,0.11059701976809107
0.14499940293102875,0.04865827809727997,0.14640459122357233,0.10807715507471762,0.12673944518470973,0.1100754420766582,0.10469114332105896,0.08357199816987865,0.1267825439210957
0.1381498304075008,0.1045631880008769,0.07621711271431574,0.10501026956969821,0.15783573413700686,0.07932381426900433,0.12612591983447766,0.11780462267004584,0.09496950839707369
0.0627197375323421,0.08417499203787099,0.11353496547331376,0.08668299130747281,0.10537685020579173,0.21672930962580572,0.14354799122527181,0.09657906356875738,0.09065409902337372
0.11302976515803599,0.06877376448873958,0.1329767719486351,0.09672029235476669,0.13913410741688528,0.086856607788609,0.1323277389840305,0.08294580332827915,0.1472351485320188
0.08917358468779706,0.05258471224314826,0.16733494485330025,0.10323935203577618,0.07170195674689098,0.2280030654322586,0.06993105600895545,0.10262474283227391,0.1154065851595993
0.046769148480340174,0.07697826442377223,0.2314410837867713,0.08974981289587491,0.13224839287880094,0.16090015031422641,0.11123349302458053,0.06301233797587269,0.08766731621976082
0.07388951643456707,0.10266196092243551,0.07225365096064662,0.09195809069918437,0.23112236761181362,0.07683484558736976,0.11575758031218925,0.11885664601845224,0.11666534145334155
0.1508040027100018,0.06658692694017464,0.10869402414564854,0.12025385778250142,0.04819652004927904,0.09696950546733087,0.09391114570812585,0.13419556240742633,0.18038845478951152
0.13103503658304239,0.07106170658584345,0.07768108733889512,0.12637137811301405,0.11991684371169775,0.11447545387723694,0.07583947307124915,0.08231756788464722,0.20130145283437403
0.132931405744871,0.17942663465954642,0.06490897921711838,0.09500226060370881,0.09711375548267392,0.08330350963052129,0.1284703809444762,0.09899558090983296,0.11984749280725097
0.17145120207462225,0.14410504027750903,0.06859381695695639,0.11552019271137959,0.09745217194184792,0.06273444229745558,0.09605772756583841,0.11394003882114064,0.13014536735325016
0.11934454185030115,0.08200812653935026,0.14433093845418332,0.14524951876825384,0.04618132585792223,0.1653714176046471,0.08379030200896469,0.08468124628223657,0.12904258263414084
0.14036361360653152,0.11892064407692803,0.0673657755939563,0.10349813034038964,0.09227178883544578,0.06851948203524191,0.15787239378519477,0.08106068181703946,0.1701274899092727
0.09474238536850492,0.08944208748113014,0.15366995860213614,0.11397098205132906,0.1130760805802093,0.12166083887326007,0.09496581779148872,0.0796431917337187,0.1388286575182229
0.06877986142583059,0.10275964849587547,0.15050537632226937,0.10798364826505079,0.128547157636134,0.1118975258350568,0.10847603789668663,0.06331442329926962,0.15773632082382671
0.14950227259523685,0.05356160532412657,0.2008328250238686,0.1093211211379412,0.04329639825910362,0.1740501536714749,0.08271453505288738,0.1200456606807106,0.06667542825465039
0.11871158214332082,0.11083425747476462,0.11183915682024896,0.10224051694354493,0.12243771136347253,0.11529752023973046,0.13433329307555722,0.10576186773566426,0.07854409420369612
0.0810379390355419,0.09747303560847709,0.2319181807066101,0.09789210285067791,0.04562878269935176,0.17594215871647564,0.07762921033552202,0.14679742978793797,0.0456811602594056
0.11347080289544788,0.06915707862707128,0.19941697399466027,0.10894901348180337,0.08515242122684562,0.08175688275937652,0.11897924252510672,0.07435386547390765,0.1487637190157806
0.04565433731292595,0.08799874430526322,0.08192702470524073,0.0850941854704289,0.26398297522262043,0.16458274121193825,0.07214293117410081,0.10383818827691414,0.09477887232056759
0.1513637631795712,0.04737958903064304,0.18017734629080792,0.10039234554243398,0.04294408105896629,0.15978241364165782,0.08518188981094811,0.14007431658546962,0.092704254859502
0.06501717043307483,0.060738845845964805,0.20274827467247933,0.09486032822660362,0.25219137657187934,0.10020768918075477,0.08169050180084046,0.06896060322887833,0.07358521003952456
0.1117381717291505,0.10742384618777634,0.10460907007006677,0.10380214472757111,0.0706123328798993,0.09902598323631366,0.15829354908161994,0.09599794439033049,0.14849695769727192
0.1316463763228515,0.08444009982823299,0.12482683342345198,0.11784721422059573,0.05343359556484203,0.1610433365040172,0.0829295428328559,0.14533753389089749,0.09849546741225523
0.12144736476464392,0.06625571763309547,0.1326167726015228,0.10299329522743939,0.11746736862379285,0.12846836932716107,0.09758971213477123,0.11427127105939906,0.11889012862817423
0.1169471336477068,0.09485511238256106,0.050365370773671925,0.09728336602213528,0.170115788574956,0.07479674378773131,0.12456733097087751,0.11010187194068127,0.160967281899679
0.03961492304682834,0.0754582654861972,0.20523054207713765,0.12737513555005575,0.09389866728290429,0.1949634488328474,0.11733758930337224,0.1053959389719074,0.040725489448749784
0.09243373634255726,0.12733290630096658,0.06801038141030519,0.10524337002157812,0.15666558785626725,0.08541515475746624,0.11407975104237593,0.1798790720439609,0.07094004022452256
0.06176532936521159,0.1588572625411698,0.0900548824726987,0.10601238759916383,0.07846290455784727,0.09943617180270585,0.1169216254541371,0.11428344339253993,0.174205992814526
0.0981706493545822,0.10147832780451972,0.10862127320302846,0.09871549964589464,0.10503257078458904,0.1993423684730751,0.10176544588056013,0.04620250572996992,0.1406713591237807
0.030905648043238376,0.03768832499153923,0.10809963926010263,0.08853259596628527,0.29503231103445543,0.22458050459755,0.10274143079077337,0.0519298793207918,0.060489665995263876
0.05965306255148208,0.11486120940814215,0.14972488440850729,0.12240221497447745,0.18114188266782696,0.1322820566471469,0.09184355329843469,0.06686673280541841,0.08122440323856399
0.04195521475544837,0.053207186828030696,0.06182113712753997,0.08751598581642332,0.31439365870062047,0.11484555940542927,0.11423931559523119,0.0901506586466736,0.12187128312460306
0.1440876235646646,0.11482903922538461,0.164479766862027,0.10532255880503123,0.20317798164485046,0.09368132542953918,0.046740473269275606,0.09085215011230367,0.03682908108692363
0.14178527695480306,0.13093256482716523,0.057916997645382794,0.0838503015487632,0.17203714542938883,0.0867354935690189,0.07236340335475604,0.17210764970747314,0.08227116696324882
0.17227968554306358,0.0930738050426035,0.13122239801520794,0.09062423524816458,0.05096907573118362,0.08333832770575146,0.12950167499917478,0.07607363965388818,0.17291715806096242
0.08896963734759727,0.1102395875371251,0.09171104259382634,0.09971946323299079,0.240933640987775,0.08712974354027121,0.10612553901978848,0.0806130199732817,0.09455832576734408
0.09364226376443428,0.10880307139974732,0.12402438934367266,0.09417002297482918,0.17143669030749997,0.08844709585795724,0.09068338624256005,0.1523182869298144,0.07647479317948486
0.12287353678698339,0.07609786798355193,0.09058842395844459,0.12072724684918763,0.13645485704048896,0.07708433275689304,0.11675642374539864,0.13574062862793188,0.12367668225111994
0.08067908926775638,0.11817809250079474,0.12812094601691215,0.17602429287300644,0.172363104188453,0.1127158213850522,0.08760525465862683,0.04041579941856302,0.08389759969083532
0.03437847462652418,0.10849839121081672,0.207133755371493,0.08543699998784109,0.24151949133090267,0.1417312455603408,0.06159988276439989,0.07641965602168634,0.043282103125995286
0.08489986196007303,0.0569103589116087,0.06205603420999637,0.08828337779684241,0.27245027528288973,0.0733530894254635,0.10992888426164589,0.1489636242559753,0.10315449389550498
0.011337198227884357,0.036853420903583206,0.15320791293113675,0.06460337811398306,0.1420856766678562,0.06175624081472364,0.09879141053554541,0.3801338243587518,0.051230937446535584
0.12560205070555527,0.05425784075026324,0.2626150458192334,0.09977491551835428,0.0922437626479748,0.07828548496425235,0.11005804892497999,0.07155362326067095,0.10560922740871581
0.09213456135083442,0.1006194816373102,0.10477835822380126,0.11551793173475909,0.1446417992154653,0.09029621134229826,0.09492505550463752,0.15757042232047988,0.09951617867041405
0.09719175239270995,0.19747688341115363,0.07382584025283101,0.0971928609978198,0.1263186683136757,0.08543030604194174,0.12046259385170215,0.10477833546324099,0.09732275927492508
0.09885862136392759,0.06055551249273341,0.09376488011629758,0.10872624861840834,0.14830302370477533,0.14768839420760083,0.09067708530455866,0.09431051966595212,0.15711571452574613
0.191886896168053,0.07687701785227434,0.0854840577836863,0.10184680071117595,0.08635456072881303,0.09149028447521983,0.13409575172527444,0.09735233408126531,0.1346122964742378
0.1023545076422268,0.2021643359451867,0.08742077752224946,0.10010370407131997,0.11592754456610238,0.10178994329215807,0.09756425166924998,0.10482307107436073,0.08785186421714586
0.10429782787264745,0.06546126315531643,0.1917972829619303,0.08504385324512227,0.06378572256987275,0.14993007115564083,0.11604091406764962,0.17141998300518438,0.052223081966636
0.1587131935062803,0.18943180125110182,0.05522716625482622,0.08900195439864654,0.06457460064405246,0.1664627708428655,0.08360668342076416,0.1515170265485308,0.041464803132932194
0.05178769419845458,0.0830830490423235,0.16690903951146305,0.11369408555928291,0.12979263884972833,0.1191706969914164,0.09018100928240842,0.07759275331135301,0.16778903325356975
0.10543927163463203,0.06154254355791842,0.08002177775198151,0.08497313431096583,0.2056865625778365,0.0900391792639993,0.12864312642736364,0.11777534191063233,0.1258790625646704
0.15753097318627043,0.05538955248198568,0.1769867853785353,0.09296406662184913,0.13210913068389052,0.12208258150383196,0.11218893123368921,0.07904349681989824,0.07170448209004954
0.057190029384407,0.05257865960972826,0.21077673324587676,0.07673334044543595,0.06638306203340481,0.15574016075283736,0.11486478707705779,0.21022663150984144,0.05550659594141053
0.05889477109588325,0.09525916014608814,0.08500873137966396,0.0951485344831187,0.14220238082816397,0.08125815506391727,0.05817870865885002,0.30670844960523697,0.07734110873907772
0.12096072191377216,0.08845039937193754,0.15633995425477312,0.10628706578669549,0.07661220296704756,0.11586170750929455,0.11994243716877769,0.12754007564057762,0.0880054353871243
0.05630853617820603,0.10369397855261615,0.06729729116091772,0.09202728727312333,0.31536508877967956,0.12647204597132247,0.09339533544130842,0.06339954173443273,0.08204089490839352
0.10614525139307845,0.07246228688351829,0.038452346759826776,0.09178830749811527,0.30174743552901423,0.07560903209520463,0.09079008939034129,0.0843499393107008,0.13865531114020022
0.058756200049940976,0.09457156066214178,0.10730212872636807,0.08686558396093014,0.21357447996531628,0.15908779847393192,0.09091129525666353,0.1083826787126815,0.08054827419202576
0.12931848022780634,0.138663269684262,0.06600718932295807,0.10226509828313657,0.09682017840851657,0.09411413264862119,0.11400426549174573,0.09749103924534967,0.16131634668760386
0.11619578107011158,0.06661194238725572,0.07081125685742508,0.10070913334338177,0.12830229324110498,0.12429576482627154,0.1255716183194259,0.11802823125899926,0.149473978696024
0.057797287090586236,0.09463218356677705,0.09678606962227065,0.11287524165598968,0.1786218399664373,0.15413887168814386,0.0934270444845845,0.13611796175945454,0.07560350016575618
0.06896262021417511,0.12382547831619488,0.09189820008445793,0.09083783164135935,0.2764093330880896,0.10660998553529637,0.1099939237657514,0.06121669518564857,0.07024593216902673
0.12207185445672014,0.0717956667441136,0.17934971540925285,0.09691728722405107,0.04347503427796898,0.1550935672153365,0.12669658328300223,0.11893328349921539,0.08566700789033933
0.07216715183956944,0.04202449158182666,0.103849341824523,0.0713693622052823,0.32246248064787175,0.061903635191388605,0.11600889104500813,0.130105323693375,0.0801093219711551
0.13347405486868982,0.06815467070632415,0.23671151630022105,0.08507579544404142,0.0866099816846763,0.11153537748547056,0.13507873399412462,0.08768257766691641,0.05567729184953551
0.08019432508807162,0.06298213658645262,0.09888545814639277,0.10139191771758775,0.12738817143271625,0.14775265838146454,0.09413157193385945,0.08056403836558014,0.20670972234787496
0.07506051214884052,0.04676248019471213,0.12153893977700969,0.09129501530879763,0.3517212135805372,0.1509592663718331,0.05392719576487803,0.04911724126335488,0.05961813559003687
0.06527111557255573,0.11324595574672398,0.06521099426785658,0.0833750427997136,0.24455143065598084,0.05386795013070259,0.1071801754663268,0.07152404590497129,0.1957732894551686
0.07505974691995797,0.10104804329373944,0.07197808764847059,0.11357757838788063,0.16298272373206804,0.13388088962727343,0.11157654588663589,0.054877458986950685,0.17501892551702336
0.048428349832473176,0.2780541256848585,0.1320838724663879,0.11655991340831173,0.0991470704087405,0.09856869906384995,0.08987047790759696,0.07625752157941558,0.06102996964836574
0.11962186265792775,0.07693393162354906,0.13345432998064155,0.09551455310685614,0.08925948321137785,0.08922293531263152,0.12567591867605063,0.12103546197769137,0.1492815234532742
0.059721175403788074,0.07682967516240927,0.1615880510586123,0.10237495856209577,0.21129619660317356,0.09657330077303554,0.09094907075482683,0.08088359284309961,0.11978397883895904
0.1723411102031119,0.05941941328662751,0.0852201307646111,0.12677218982009783,0.03739640832625207,0.14621810203698496,0.09451994338022356,0.13130479202269882,0.1468079101593923
0.06267832569795628,0.0646010637839396,0.1441922343438697,0.07608422250488596,0.18884697272625353,0.12891557257787176,0.0700804383267925,0.1406517290660881,0.12394944097234255
0.026318575398209375,0.05419966779209177,0.10778400681666456,0.0734929778938696,0.3250444987132883,0.08603015075336116,0.08700521545701177,0.13446506528936733,0.10565984188613613
0.11309031217256156,0.09083059595718361,0.09746597281675491,0.1091550762368421,0.0918021820870774,0.08202794725710773,0.12153526970198138,0.05869418209033367,0.23539846168015766
0.0874871391907238,0.06709422926144161,0.0692854471966997,0.11160615980472348,0.29521099510650745,0.09896600714728244,0.1160035615573879,0.07998377324484635,0.07436268749038728
0.09625301346916242,0.08762589037428377,0.1798989164360184,0.11043287232508579,0.07361584132447609,0.14707303903463115,0.1127897456471079,0.10339623567682249,0.08891444571241187
0.06213803898730122,0.08824313109360926,0.067064753697461,0.09977182958358817,0.2597936669004928,0.16739463592310222,0.08888582571989033,0.11366830918129227,0.053039808913262786
0.05498523721223894,0.3269062372378427,0.12144266949580361,0.09793077181071691,0.05220578859506745,0.06312483041821966,0.10334310471991155,0.09182278218716715,0.08823857832303202
0.09708987193823561,0.11113107210794153,0.07820098627941553,0.11148696904166815,0.14476777361870527,0.07980787249891604,0.12560490130408264,0.11488027130528598,0.1370302819057493
0.08687782387497554,0.22379298088866428,0.18315173954402522,0.11085876281803185,0.06235708814727173,0.07481569636681636,0.09217057631376956,0.06130766540486569,0.10466766664157971
0.0858342126853953,0.0677595501875186,0.16000439826638724,0.08451219110654491,0.2024208767827617,0.09266690793104355,0.1386877687784652,0.07449701089544479,0.09361708336643872
0.0457890332740948,0.0513613006137904,0.14675494069860914,0.07495989038519926,0.15366659166331462,0.1594229709012225,0.09060383844911564,0.1806086789265864,0.09683275508806717
0.09143277091819273,0.08524891838401283,0.10056411446236141,0.11286408700355698,0.1974263537980606,0.08220375130645839,0.10517593348839706,0.10971820827763122,0.11536586236132874
0.1078592035810559,0.08830662911056929,0.1829823851255331,0.10361139350512723,0.07232859680375353,0.13969746763297852,0.0967157370817468,0.08400790585160955,0.12449068130762608
0.06445497871313799,0.0905087746508529,0.22565191834335296,0.09570326212441932,0.10567651830771467,0.13135579809255066,0.09291164319614613,0.09153439423862696,0.10220271233319851
0.1049918753250123,0.0646973078951613,0.09775024653296867,0.12172778611902065,0.05730327408717928,0.11953173783394505,0.11896303389884529,0.11564357867346366,0.1993911596344038
0.04386844095899403,0.08725379245100127,0.16435619070641483,0.09876926157481004,0.15685973902575337,0.11201468444505237,0.11750317726864772,0.11899748084484855,0.10037723272447778
0.10842206473822989,0.062466321185878776,0.07124255859768594,0.1079211334188378,0.1604361541201441,0.13069240779079486,0.1177570688918846,0.10499927668306996,0.13606301457347408
0.0869121666136528,0.06170991995219862,0.17201172281741317,0.11634768761243636,0.10964977613880462,0.15075427894692342,0.10448651693668809,0.10858212987508542,0.08954580110679744
0.034562945283210814,0.05271374016660382,0.04472456823989692,0.09147825645971923,0.20599021571935425,0.1062356224010208,0.058667002735284746,0.17561105205479113,0.23001659694011822
0.10610602409235192,0.07295521035261694,0.14520477341160656,0.10479228640321653,0.08617330394893231,0.158471027248006,0.11639224576153562,0.07523654772710368,0.13466858105463042
0.08434043738672033,0.13368242308244713,0.1307916991310981,0.12319080504502204,0.14225717915490624,0.0827276250145317,0.1116079473185701,0.10969590391831037,0.08170597994839404
0.06908425911340718,0.1328256109799619,0.047886023757240326,0.0961779411261534,0.2811649041279258,0.06275165516819381,0.0896653017969773,0.11140509390745819,0.10903921002268224
0.14968640107201367,0.07507488481746556,0.07402442440451247,0.11461055236171458,0.12531718198853495,0.07000958346189425,0.15146398785545498,0.10200399912473794,0.13780898491367155
0.14078529013354865,0.10731040668124987,0.089546214047667,0.10921630966182529,0.0640079548796883,0.10437858683599961,0.10898062414732203,0.12614297220498613,0.1496316414077131
0.13804988274016608,0.06425053740516597,0.10389175197024327,0.10703290166788511,0.07161686702452626,0.12996411529180912,0.13816059408332973,0.10646308599270009,0.14057026382417437
0.046429799984944314,0.0826636711002977,0.08661494779900487,0.10846282223425097,0.17335691971262915,0.10962748052876799,0.11584886127954137,0.16530496099137004,0.1116905363691935
0.019194891672333778,0.1335591721553541,0.0954703770164181,0.08063529471095908,0.23227275532241123,0.10055677042991225,0.0819875650885263,0.07258484275894134,0.1837383308451438
0.08893497759992779,0.08264430644623495,0.05797171495663666,0.08843443917859767,0.31957967757209066,0.060592420937714685,0.09573754772287092,0.09636676475003596,0.10973815083589082
0.10524376858124018,0.11483440346439817,0.09357916917642417,0.08644724270414046,0.14888281652903942,0.11604910300635483,0.115121695114018,0.1582340610374672,0.06160774038691757
0.13070266809593822,0.07677062018655761,0.08064668879639074,0.10709128356069532,0.07974302638101455,0.17294085556102226,0.10372955532394185,0.14163563753523056,0.10673966455920886
0.02865583243270377,0.08678450952555054,0.12864293566012489,0.1068311358927962,0.22899479995050523,0.10589201729078963,0.08123548765995293,0.18476365497989503,0.04819962660768174
0.10260193831967951,0.13783489263695872,0.06428605186861355,0.09375127105018626,0.177533451479992,0.0893633321063535,0.13250393757049192,0.1288638430974569,0.07326128187026766
0.06764493272521246,0.09923482505923913,0.08505710549806021,0.0898610423747705,0.2502782357484737,0.10405120636862308,0.1139288104404132,0.09156981319815882,0.09837402858704891
0.16229919078127183,0.04684250788693258,0.1200654863520943,0.09737756421851873,0.026137554216188515,0.18541805979248505,0.10167400865947529,0.11210657105743764,0.14807905703559607
0.15162188225194745,0.1019809214734373,0.09305322872354599,0.1112200083563561,0.08397486456945509,0.09369360233962813,0.13997579535449647,0.10798662876023858,0.11649306817089494
0.08044766732714902,0.059916289705595864,0.1505560689395255,0.08929737551674281,0.08200703705536327,0.1826531423396742,0.1118117187545004,0.13325607652322916,0.11005462383821978
0.13099252977095324,0.05552093505923925,0.11839350679796252,0.10146792243015983,0.16983634350770827,0.12966867589170042,0.1048573599174375,0.07871633325645912,0.11054639336837986
0.1741268978783386,0.07457907358659087,0.06622227820088103,0.10128715547362986,0.04833557121264784,0.09241234069583676,0.10191602961410103,0.16814473466682656,0.17297591867114748
0.04923613641012884,0.061009556954845695,0.10474024376713359,0.10315569588913022,0.3247494215084568,0.06826032843928599,0.07998223515142988,0.13802231716303673,0.07084406471655219
0.012120929917283795,0.09325928315271981,0.08239705109712915,0.13434868519804277,0.3180445445287194,0.07298082253297809,0.11579537239532278,0.09152343874884657,0.07952987242895762
0.03964282445403317,0.09803869519137372,0.21294636337325343,0.09909806462198452,0.09959185865099157,0.07303389454536646,0.1132163885069561,0.18542083989124772,0.07901107076479336
0.06704539213041376,0.05795237356661336,0.12470837527179085,0.10509455857351914,0.2017114279119808,0.12910115540421482,0.12010435998902136,0.12368579319791455,0.07059656395453129
0.06049569558889282,0.04989529504145898,0.16036519863487608,0.12531912514945684,0.07161778721344615,0.2021271581961955,0.05904219857482112,0.07897474664670452,0.192162794954148
0.09578708919615304,0.045135561974105086,0.09458111758421099,0.12093632369139047,0.1160790275381821,0.1970630337035536,0.08274653608177546,0.08693325364981701,0.16073805658081228
0.0848112549117803,0.0685546040681911,0.06951559760372407,0.09739042441718242,0.11111011771377016,0.18264186717497632,0.1204346224018477,0.09631568856835125,0.16922582314017667
0.08399666531767187,0.08144554360999803,0.07498575180288213,0.09133041751951876,0.2652047653190182,0.10621450389373736,0.12510017445366425,0.08888207771502514,0.0828401003684843
0.07856562174411806,0.09197247982847552,0.09705407564298175,0.12876117553592417,0.13129309546216714,0.13049196060516632,0.10667508922661868,0.1279710621918652,0.1072154397626832
0.08763780313529955,0.17541223718022733,0.10407164069811943,0.09992920133223075,0.0573796376685633,0.08294392070882987,0.09054296048284875,0.08428661793102221,0.2177959808628588
0.13151730064458608,0.08546445097106271,0.08785459418550894,0.10109476074021573,0.0744261337104721,0.106037027230771,0.08743453834124572,0.12437477338843779,0.20179642078769988
0.05026826392445779,0.11335340124066977,0.09790860691700287,0.09688328243878752,0.08930011675227288,0.22502907335226965,0.0894324135523647,0.06264926479705356,0.1751755770251212
0.06508949869254942,0.06247972433297039,0.10862034416838624,0.09932047575058749,0.2742842915593904,0.11485532875227583,0.08539652999113878,0.07656626977242885,0.11338753698027272
0.05105918574281502,0.2565325399830592,0.07999865529427952,0.10658170649907502,0.1478799516131216,0.09360615886288215,0.06495245563636959,0.1078346383117803,0.09155470805661765
0.1032309829559686,0.11364167574920973,0.12037118816396315,0.09858390252660366,0.06025273238936252,0.12011776268639911,0.129636766509736,0.10450341369522798,0.14966157532352922
0.09225848092319333,0.16608718911877537,0.039926372027045715,0.08709024417434752,0.21187512090095154,0.0667169629952147,0.13857322693448018,0.0868735925239219,0.11059881040206974
0.0601994708447135,0.08671340684562706,0.1438244114847906,0.10682153910840884,0.14899991935614368,0.1269440851107284,0.11336985916580951,0.1169746801978308,0.09615262788594764
0.06381724830830292,0.07711861634177904,0.13196846899887713,0.10973570577057451,0.07946410293411739,0.23370044154732592,0.09855782466783221,0.09271847111128967,0.11291912031990127
0.06082129040654049,0.05955334105168706,0.11420750818802466,0.14056314618071972,0.16052713778680472,0.1436454371086866,0.09282253899789995,0.1450343280523573,0.08282527222727946
0.10861999566746039,0.08056571230927485,0.07332293952770631,0.10785410711813427,0.19694338339913375,0.12222220105453825,0.09577281085430621,0.08349412952318043,0.1312047205462654
0.06568826134165212,0.10117498347520248,0.09890682200831531,0.09168180393037285,0.20469884034890487,0.14576565355267976,0.09624087546855568,0.10773993736308425,0.08810282251123268
0.11429092335722639,0.09965916661125786,0.10333310283368807,0.1073847097301146,0.11886998235968133,0.10087098066236751,0.09723698776024481,0.08604695062975128,0.1723071960556681
0.031145379953004704,0.11896943184208993,0.35552177504470245,0.12599672341451265,0.12644861877558203,0.0654160502526283,0.0780746649065607,0.05376186587765425,0.04466548993326491
0.08164585918440971,0.08358608798645205,0.1804615515580071,0.11961003976540414,0.08216154696509813,0.13746498710716437,0.09381374783132934,0.11007562398947224,0.11118055561266295
0.13332275536956836,0.055989364514463624,0.16925381665229397,0.12563698938774107,0.09034375484970342,0.0773286518208632,0.12055263708219476,0.1021037275492697,0.1254683027739019
0.1038816419535979,0.06067687700070223,0.09888477671784672,0.0948565493225297,0.200019572182114,0.11726452751751248,0.11492475135033431,0.1384908953007317,0.07100040865463092
0.053854928595702095,0.04974444894623983,0.10503569491470736,0.08652433075895848,0.1874594313513602,0.07442844057130521,0.10722313527734312,0.1814102666693057,0.15431932291507813
0.044923928247417776,0.22668820583582197,0.09043778217780551,0.09094704412724552,0.1195828629148149,0.12148351601243246,0.11162818307309041,0.13915344600322224,0.055155031608149115
0.047475663334951596,0.05432182840516762,0.20297900251249099,0.06323276620276604,0.16240227376929559,0.2422963198992261,0.14588209860663753,0.047899724199677994,0.033510323069786525
0.1118035594053789,0.07541788316088967,0.06564824654778352,0.10468117648291901,0.24043840072734582,0.10004551693187357,0.10170584500204292,0.10109985786597674,0.09915951387578985
0.20224427828422553,0.07849231886619537,0.15111018010139612,0.11428529415374448,0.07342801788137143,0.06621474483656231,0.1113801677274867,0.05711767798181857,0.14572732016719953
0.16492351332904,0.04868443171479323,0.04581693468133335,0.11475936765898771,0.14115908898060905,0.07434622023089757,0.128299316094478,0.17328346148127963,0.1087276658285814
0.08669165555178886,0.07598746181560756,0.1475074262337097,0.13017207186252724,0.11320177040071577,0.12081779740670051,0.11291719112078402,0.09637160013173725,0.11633302547642915
0.07106771929109042,0.04807433338137563,0.10097511670707394,0.11577502080160908,0.14273343884154396,0.09966434218233007,0.10328031313089159,0.1489365364896417,0.16949317917444362
0.09011764197936757,0.045801621216998795,0.11187644297092546,0.11420760592376938,0.22674563399988026,0.0826616096234219,0.09933695446741697,0.12325197372481651,0.1060005160934032
0.06250628939947783,0.22183057380644944,0.09300422336509628,0.10783110426602531,0.07377195843083294,0.11979961722818568,0.10959233588925273,0.08278123785448038,0.12888265976019944
0.05888145709004774,0.12000461107272169,0.06865533973234353,0.11930831221554021,0.19180007980378055,0.11041166537150769,0.1313548784545387,0.10489234152714033,0.0946913147323795
0.08796413559447296,0.0902103590903947,0.09722953562842405,0.14778567704327641,0.1707564410179407,0.09323664995135383,0.07486693070070688,0.0727746001012413,0.16517567087218912
0.06361967117794765,0.12236190070931817,0.18704293166787025,0.09096143639205644,0.11407808097390447,0.09877540719610095,0.10583575150238937,0.0661659745814715,0.15115884579894112
0.14555050478160153,0.06961860264260868,0.09605417295545988,0.13370101574222162,0.11212773736001419,0.08848351774589013,0.0946853413487857,0.1312287455148854,0.12855036190853278
0.0915312524161261,0.07179817416569699,0.13374390028389216,0.09518992073460007,0.1671585222746407,0.11796631165488193,0.11041195930542497,0.13012575877429428,0.08207420039044282
0.050204144360999105,0.0438383708894326,0.1140047197736679,0.08546732336833295,0.33556567978205826,0.1034108911193063,0.09613744744826487,0.07357847641211153,0.09779294684582661
0.07121907286872246,0.05808974337548776,0.10947991854396526,0.1076089210286016,0.2126876806383472,0.12621989948432757,0.11413352509679749,0.10459353304748586,0.09596770591626484
0.09641996871331555,0.12397605605781031,0.20792190550705145,0.0941763801093201,0.07493817856625874,0.09437953544810916,0.10715018966372121,0.06464217435485818,0.13639561157955532
0.1508870379912484,0.04925152738120539,0.08417337616770314,0.10237943570038226,0.12314039057576054,0.1384263816732355,0.07224295088522324,0.2284519549148135,0.05104694471042804
0.029545880237047517,0.03984543202837989,0.18562910123309237,0.07901224155207046,0.051022656690023205,0.3085911344749607,0.06925723660941623,0.19821421028520017,0.03888210688980948
0.09266657622205221,0.1304250427187815,0.05629085969730863,0.10048968280292363,0.3473023956461354,0.06838117494767561,0.0819117600180906,0.06591135955911505,0.05662114838791734
0.09072052351403724,0.0861485953655316,0.14180548168628299,0.10404420336660399,0.18585933162266347,0.06706085497984603,0.11467728613068144,0.056298771778799946,0.15338495155555334
0.07787895695994147,0.08174268929503355,0.16628404206649372,0.11234209933376453,0.10988517081368047,0.08492142396204432,0.09311576860425114,0.08498386189923707,0.18884598706555375
0.13481251729409333,0.07673858854353989,0.07578997105922992,0.08507739708006312,0.22650372505939864,0.06792490520922335,0.07901050215815598,0.14423754286661214,0.10990485072968359
0.03631611541886779,0.05572106983923116,0.1242503704692099,0.09919088766864494,0.24767498236736207,0.2040553449467232,0.11425979765933901,0.04303270769213155,0.07549872393849032
0.0634883280054387,0.19655205681925456,0.062029263955778124,0.09414044862427644,0.1435644002388833,0.087864849118287,0.05993211966197253,0.10278244527116802,0.18964608830494126
0.08599684253581419,0.06459100446691005,0.14099725182608847,0.09827587401827965,0.18526525151408038,0.11068827849387529,0.12481308328056669,0.0775959703191539,0.11177644354523147
0.10996719984437348,0.11522547080907315,0.03185470966672573,0.1152835524011445,0.19113597324523282,0.07704659119220277,0.08367018230289984,0.1467909782108262,0.12902534232752152
0.10147185882637645,0.11221478793249817,0.0348416213436615,0.11507831909421552,0.1775534758683545,0.08744476969283142,0.0979908292720505,0.17465198932946194,0.09875234864055005
0.14833477923995023,0.05449488111800547,0.14123855009980918,0.10808758501035376,0.060155780958856674,0.13611876797631994,0.12907994380408827,0.12959096579096677,0.09289874600164971
0.12908256430241913,0.0962870710060732,0.09908847705738764,0.1420680659723528,0.08506982538936275,0.15040400169296705,0.11235945992855668,0.08723629019105084,0.09840424445982983
0.039026280451954984,0.10942726280758702,0.07195136271999847,0.11476749028528414,0.25297865372350503,0.11827595240443067,0.07322908966181213,0.1110546615305757,0.10928924641485192
0.09646681296169046,0.08995550902321776,0.1688649249255607,0.1082532539729788,0.0836747461791227,0.13192767668438835,0.10937068349666597,0.0990681393498767,0.11241825340649851
0.08601214934346317,0.08567701243113623,0.09876808264893179,0.08940890886159088,0.1451353294063966,0.1470241956245476,0.10829325702425481,0.10939484693107987,0.13028621772859905
0.06696755561842553,0.05219352418552089,0.15876611964365503,0.10028375359138447,0.1345995094249254,0.21154380183453295,0.0959508632736613,0.09229052940608216,0.08740434302181227
0.04301333182199004,0.05956434365559373,0.11880971205728826,0.10478212215424894,0.20469959186980036,0.17972620468998013,0.10927588011930504,0.0668695685380676,0.11325924509372583
0.0715466498776224,0.12643300054529524,0.0352565820912421,0.09703246336683878,0.32842452028841645,0.07469573283327076,0.07753768303227938,0.09352974454773788,0.09554362341729698
0.062293095660519326,0.05793812895334688,0.10364618351217032,0.09965737320595854,0.18640515864628782,0.07941566915065244,0.14191357116294948,0.1298870435906442,0.1388437761174709
0.07348050033597725,0.0986244137703396,0.17277841365746247,0.13804246975112036,0.09618962637914569,0.1286937827732391,0.12363269660398367,0.05142359121084111,0.11713450551789077
0.1259454526046143,0.11111602659796199,0.13348008810665138,0.12563845816637007,0.08548747058945334,0.0928786846585035,0.12005819416926922,0.08726802869453491,0.11812759641264142
0.10290787550229397,0.13797059382447932,0.12497709565786685,0.10985432476156289,0.08716753554558006,0.11011540843276196,0.12775454462145508,0.11618153103079225,0.08307109062320767
0.10546117550143634,0.068477929370533,0.12101319650988035,0.10648887773148619,0.19897941975482167,0.10367858917345217,0.11097264182005133,0.09360687175710992,0.09132129838122904
