0.0734892456876451,0.03835516466969552,0.12444587831242789,0.1350484383257692,0.09839021421577317,0.13934678626242222,0.06113823535036584,0.24398389165351286,0.08580214552238812
0.10500438928865459,0.13506136510833347,0.13079405827134738,0.13009868189357557,0.12027945050846767,0.11950116407762945,0.06313924759591637,0.10716131149993276,0.08896033175614276
0.06323236445760534,0.14892835832676987,0.10037485227047932,0.10160769176639987,0.09040879690356274,0.10314264002751955,0.16782366374988789,0.16967571261322298,0.05480591988455247
0.11830358067841244,0.08211569352091763,0.13904479180086413,0.14164340753151364,0.14621971192069164,0.12925028761556426,0.04914277235880716,0.12544545225229584,0.0688343023209333
0.08181103046921134,0.062441215383799785,0.10937108747911234,0.10877431193772945,0.08867662853135765,0.09485699245259906,0.07382128947672484,0.30300361104196166,0.07724383322750396
0.05360314056157026,0.055019556334703866,0.08577129068967243,0.09214970778416104,0.0865171477278764,0.09659205795244075,0.10531476068606195,0.16131494640048075,0.2637173918630325
0.10405313650290117,0.14630849379744185,0.14307472538597338,0.11012273914253691,0.1172362295937302,0.1398646855585497,0.05789933279987785,0.09432090092557384,0.08711975629341502
0.09239564009856355,0.10965403152303721,0.11879599229159776,0.10186214224630132,0.10766852475876994,0.10704214708682519,0.04958246089126909,0.241576405085996,0.07142265601763986
0.06603699583298518,0.10937122828210866,0.13067723369889706,0.12219989272331722,0.1354220081590891,0.12888017713560543,0.05403578865789425,0.10481991063638219,0.14855676487372088
0.11059042177897978,0.11655059184884754,0.13030194420244237,0.1267551081299023,0.12273896102239469,0.11894007557498877,0.061803383696409316,0.12093850358889859,0.09138101015713661
0.1048936035343665,0.06422132637138718,0.12402337852919441,0.1273611018441548,0.11316322921604616,0.11915684234244346,0.05347332947537368,0.21216144057771177,0.08154574810932197
0.07573661427595858,0.1589873226119974,0.113345549882415,0.10294643613980696,0.10920822543493407,0.1278663460240124,0.04038974576154629,0.2184182008980231,0.0531015589713062
0.057396417185898475,0.15816597045102332,0.11816665261771453,0.10977752941004422,0.10053708185519301,0.08389349645059434,0.06351350300957105,0.24617331516591726,0.06237603385404383
0.09243856089050566,0.11905518123953529,0.12742294130834905,0.12031590344989025,0.11609931376076965,0.11234935779475842,0.05389394723958754,0.1804064543792455,0.07801833993735868
0.11060049103705766,0.11976308634266986,0.1293623927095491,0.12719170172295055,0.12688263668703637,0.11997971204538492,0.06221033536002688,0.09817162496789807,0.10583801912742663
0.08584296963742377,0.12216365497301529,0.08168175211438126,0.11454319478693313,0.10376309509609234,0.10490541179355513,0.24540693771969393,0.06598460410133007,0.07570837977757498
0.09997275879262359,0.11940036167534109,0.1199116851449052,0.12239436762413142,0.11910948433172479,0.11503766713799479,0.13384371788909064,0.08433829684984413,0.08599166055434428
0.06318620925601136,0.13700599677477507,0.12988418142678804,0.1280267822904747,0.15813049652550545,0.14211708470559967,0.0736946022549179,0.07266629812247104,0.09528834864345676
0.09443724936803755,0.10633527893835291,0.12747419754789535,0.1259041198013856,0.12925507916763523,0.11948510474780889,0.051955284349388516,0.15933954698316977,0.08581413909632618
0.07271420107773346,0.1010851497862148,0.13368133607730792,0.13007526977049452,0.1343705313959331,0.12033213649787393,0.05410071894071287,0.15827489949686657,0.09536575695686282
0.11059042177897978,0.11655059184884754,0.13030194420244237,0.1267551081299023,0.12273896102239469,0.11894007557498877,0.061803383696409316,0.12093850358889859,0.09138101015713661
0.109915491972649,0.09319271344148942,0.1377852319708589,0.12840539103096413,0.12943699022782823,0.12602469982732095,0.09476788118133783,0.10109613987362791,0.07937546047392363
0.12914386077572151,0.1123677544127941,0.1298192525316111,0.12385602324267853,0.12153222488717802,0.11713914082119813,0.06689639192311787,0.1113785630144037,0.0878667883912971
0.10339929188714565,0.10197176304072013,0.11866306510363872,0.12283022555507246,0.11753212510512277,0.1139411358749748,0.07235022320329644,0.12930359708269476,0.12000857314733426
0.11059042177897978,0.11655059184884754,0.13030194420244237,0.1267551081299023,0.12273896102239469,0.11894007557498877,0.061803383696409316,0.12093850358889859,0.09138101015713661
0.11394225172013628,0.08910230911255808,0.16130633217337756,0.12349519857764006,0.1337428569427757,0.1346325443915161,0.05447255432618362,0.09392407829080562,0.09538187446500705
0.057679596727577755,0.12579357577775416,0.08958976426320493,0.09318999817425966,0.10097800053307905,0.0927240127540004,0.049620254039164535,0.31956761216921076,0.07085718556174884
0.11166340192592765,0.11367051599076605,0.12958017907733388,0.1223494492211022,0.12997858333061546,0.11943581596762644,0.05316785883186905,0.08286913996078278,0.13728505569397645
0.08352792197804587,0.14508390461986345,0.15130577454391939,0.11674980798080777,0.13411944843532275,0.1357046452408199,0.06702609199535577,0.08630739530484989,0.08017500990101512
0.07462499207134188,0.13613051602210544,0.11467728047049887,0.10973372728256879,0.09910591903813111,0.0990320346550992,0.042363001578772985,0.24439093098539524,0.07994159789608647
0.1136772089103567,0.09716313737580602,0.1333495673157171,0.13059939586471592,0.13159674016405196,0.12118733144577354,0.06661218012040135,0.11634468050818321,0.08946975829499426
0.10585674972015281,0.10741464087726299,0.13156413759691318,0.1329076695377027,0.12903328670968847,0.12059839551708514,0.06387120510851803,0.11620142036543074,0.09255249456724597
0.11059042177897978,0.11655059184884754,0.13030194420244237,0.1267551081299023,0.12273896102239469,0.11894007557498877,0.061803383696409316,0.12093850358889859,0.09138101015713661
0.08756418263023287,0.039342830039461325,0.1103110582577733,0.11293378977426267,0.09828875368439054,0.10083943420792203,0.0393192309671039,0.32644139456303956,0.08495932587581373
0.08299940114833523,0.1713640291714432,0.11677922381348953,0.12657687071852539,0.1246299110536705,0.109873195228732,0.06703220793469568,0.11336988235083624,0.08737527858027223
0.07296892019412687,0.13864622541573787,0.12561802556605103,0.12365331736096456,0.12099619728005338,0.11110271700877906,0.07146526022301425,0.16288751936133514,0.07266181758993785
0.11059042177897978,0.11655059184884754,0.13030194420244237,0.1267551081299023,0.12273896102239469,0.11894007557498877,0.061803383696409316,0.12093850358889859,0.09138101015713661
0.11059042177897978,0.11655059184884754,0.13030194420244237,0.1267551081299023,0.12273896102239469,0.11894007557498877,0.061803383696409316,0.12093850358889859,0.09138101015713661
0.10639246409869167,0.116017343322252,0.12663183835678596,0.12379965915167808,0.11781431609945754,0.1159110555683542,0.08265169247673317,0.1137007062323816,0.0970809246936658
0.10096462677153722,0.07952438588100726,0.12178304259023738,0.11770217307968502,0.11390366360101171,0.108291726698579,0.077615396651729,0.1517489978275808,0.12846598689863267
0.09725731508046892,0.11598315098648193,0.12101983815426605,0.11133536414658192,0.10634660825695279,0.10279941193008431,0.07110399994192705,0.13754188985002505,0.136612421653212
0.06640380604868544,0.14806536022830283,0.11726051815715276,0.09943671070784817,0.10443837512690259,0.10254796342109722,0.05835635971395525,0.23969258398456758,0.06379832261148831
0.11059042177897978,0.11655059184884754,0.13030194420244237,0.1267551081299023,0.12273896102239469,0.11894007557498877,0.061803383696409316,0.12093850358889859,0.09138101015713661
0.08816637671451254,0.11354390628307337,0.14798796126515448,0.11923157902566507,0.12333412727497499,0.1292504988455307,0.04940590123773312,0.14687992285589363,0.08219972649746217
0.07693086338897061,0.15528495860609715,0.14687898993751505,0.13022491051873739,0.1292753311711552,0.12644528808785985,0.05108656528728122,0.09729116836131453,0.08658192464106908
0.1480002994150121,0.09852943664584435,0.12012128150739777,0.12409676750084431,0.11951212784403849,0.11673570481371899,0.08599700997628697,0.10158933228549237,0.08541804001136462
0.09104126384804019,0.07954523715138255,0.11972182922351082,0.11576390361698596,0.10576453891920827,0.10852051482352544,0.13195227374637733,0.14076050491770095,0.10692993375326852
0.10730944505598751,0.128207194682379,0.12923638969799953,0.12617458917033578,0.13247208621069323,0.13242491311721918,0.05658467114656022,0.11907548857490613,0.06851522234391948
0.08318542918860794,0.12482357247835756,0.10917905752264141,0.10689732810147078,0.11591765150371057,0.11078567817356592,0.10694694611489963,0.16818170462372095,0.0740826322930253
0.18659996346846933,0.12148996806561733,0.1274428094031817,0.10845650888986563,0.10649933238077817,0.1140187612887927,0.04121254652249959,0.09892665698610838,0.09535345299468716
0.11059042177897978,0.11655059184884754,0.13030194420244237,0.1267551081299023,0.12273896102239469,0.11894007557498877,0.061803383696409316,0.12093850358889859,0.09138101015713661
0.15783304871306136,0.10546141682184677,0.12779319007420029,0.11903267653842498,0.11826283106640667,0.11303675845052108,0.07136698712897412,0.10578391757658272,0.08142917362998196
0.1126873810736817,0.047485698587889286,0.13160832235065864,0.1327962967163364,0.12729829673046342,0.13124010747121198,0.05434509347153397,0.17240151513193816,0.09013728846628655
0.07168394560959453,0.1494880106173918,0.13168876183229708,0.12291533684758009,0.15400835496911136,0.12956520811602976,0.05740916933083842,0.08439970608010121,0.09884150659705569
0.10537953959033602,0.08963678606310443,0.08557056204462017,0.10111915740408255,0.1003729860603118,0.08931592040289571,0.28113239702874443,0.0784355970491243,0.0690370543567805
0.1395450820621596,0.1308276132703692,0.07438541842811215,0.08668888105171195,0.07849725382802156,0.08227182918147581,0.21758233334139732,0.13177966249703696,0.058421926339715304
0.07298264526487176,0.11663722802360736,0.11304461746277776,0.10706174023019503,0.11884725632522548,0.10929461546807667,0.05986280795446657,0.2313399501790606,0.07092913909171887
0.21556846025051715,0.10149064554973343,0.10876129245215316,0.1094377588712241,0.10822387572516491,0.10673044835307433,0.07734058796207549,0.09538320637412893,0.07706372446192859
0.045105314177308176,0.21042792173726985,0.0925978748709047,0.1002961250341457,0.13533612390618752,0.09604237913005513,0.122047526225279,0.11710153714775136,0.08104519777109861
0.1072129684593192,0.09690347100678172,0.12888028176062308,0.12262590205994149,0.11864922134840461,0.11960282186619971,0.09516121680404395,0.1278274020295018,0.08313671466518448
0.10306512990101178,0.10103969273863411,0.13102301894216145,0.1341178136052564,0.1158977701619706,0.11095255775958679,0.06883252899882925,0.15856779791526612,0.07650368997728348
0.08744382379746207,0.11231365176997517,0.11309810378496782,0.11251722528886159,0.11742949856149688,0.10372387007902618,0.08303723355499378,0.12292642193604779,0.14751017122716872
0.11078126122092526,0.10846511369538153,0.13497797181519824,0.12691312577110053,0.12421712211640945,0.1210635305874322,0.07322094779707351,0.11346226097233679,0.08689866602414252
0.22167537929537015,0.10270341443886344,0.1119158334356165,0.10960949838934453,0.10982303100685113,0.10752107844109322,0.05616973521211386,0.10303324535274583,0.07754878442800135
0.11059042177897978,0.11655059184884754,0.13030194420244237,0.1267551081299023,0.12273896102239469,0.11894007557498877,0.061803383696409316,0.12093850358889859,0.09138101015713661
0.09418853559833751,0.037507874060694106,0.07806167381651347,0.0873746003748707,0.08777803832837638,0.1007927471101873,0.14763212725793162,0.27312490606750894,0.09353949738557991
0.08596146041127488,0.1266666184420715,0.1413213823503602,0.13065979536897732,0.12540651588585797,0.12496232396847884,0.09975381245174937,0.08429602811553145,0.08097206300569844
0.08430642158537423,0.048816159864508886,0.1007575289654158,0.14859196612029688,0.11438388770645867,0.1250514811957745,0.0825277522294383,0.14680226074216107,0.14876254159057165
0.08955009607659681,0.11598466463551582,0.11577355600041517,0.11372047292616953,0.11202401377937991,0.10254572265844757,0.13447962577712103,0.12863040624876157,0.08729144189759257
0.08650576193399108,0.15090562006576716,0.1206697327795897,0.13334510059371327,0.10293020584556106,0.11584151171382877,0.04639610914342162,0.08508020853775743,0.15832574938636987
0.08307122012399881,0.09638661900617469,0.14348809619227443,0.1449886572560929,0.1292778492480991,0.12456037914947293,0.0635155112760078,0.11252415930513344,0.10218750844274593
0.11453426254752874,0.12795134528674557,0.12640207629957004,0.11219936971604273,0.1272862771858735,0.11887535271733046,0.10069045937243999,0.07508083310924296,0.09698002376522596
0.11059042177897978,0.11655059184884754,0.13030194420244237,0.1267551081299023,0.12273896102239469,0.11894007557498877,0.061803383696409316,0.12093850358889859,0.09138101015713661
0.11059042177897978,0.11655059184884754,0.13030194420244237,0.1267551081299023,0.12273896102239469,0.11894007557498877,0.061803383696409316,0.12093850358889859,0.09138101015713661
0.04122308305631722,0.13602026798377806,0.09748386789907233,0.08462158205733043,0.09148581442193505,0.08710224457157793,0.2520398769318968,0.15874510327375277,0.05127815980433951
0.06562497489760617,0.14056723713688243,0.12635145016648522,0.11307500451503948,0.12590252367172453,0.11187633501225934,0.08494399902310497,0.1479686362053391,0.08368983937155876
0.1106382855023131,0.101975322014016,0.1284212060799722,0.12918168937387298,0.11909288749427739,0.11952213641261202,0.06118635079291787,0.10816268534399992,0.12181943698601853
0.11059042177897978,0.11655059184884754,0.13030194420244237,0.1267551081299023,0.12273896102239469,0.11894007557498877,0.061803383696409316,0.12093850358889859,0.09138101015713661
0.06332104346040356,0.17912158145838367,0.1120275702381302,0.11433414676145227,0.10639692268264711,0.11721323614231109,0.1272227062786309,0.10250909859902012,0.07785369437902102
0.11059042177897978,0.11655059184884754,0.13030194420244237,0.1267551081299023,0.12273896102239469,0.11894007557498877,0.061803383696409316,0.12093850358889859,0.09138101015713661
0.06790167246102254,0.132596577585982,0.13674807846868775,0.11612845741834882,0.114754840674004,0.11710799523854261,0.08773075111583721,0.12529009391852974,0.10174153311904528
0.11059042177897978,0.11655059184884754,0.13030194420244237,0.1267551081299023,0.12273896102239469,0.11894007557498877,0.061803383696409316,0.12093850358889859,0.09138101015713661
0.07186692438541897,0.12078603905234868,0.12467338869834597,0.11959323096132646,0.1056470801104208,0.10498830696998378,0.05813632817730415,0.1887220909812203,0.10558661066363091
0.15848610533398905,0.09241952943322901,0.11897601371953324,0.11228566783757538,0.10064917216744036,0.10407959987418182,0.06374824351348422,0.1767948603912998,0.0725608077292671
0.10241032130720411,0.10038112601818157,0.15607009834621252,0.12544405480002063,0.13027072974735074,0.12556297047674225,0.05614845758371803,0.0585184853367261,0.1451937563838441
0.13315318152396505,0.1708993222112082,0.09876090346782916,0.13043124812003168,0.11124567051872908,0.09950523171123839,0.0691908162219365,0.13072960044388007,0.05608402578118183
0.11381540183249512,0.09652187510408904,0.13330951362186078,0.13077491076705386,0.13217817229792303,0.12127589436127247,0.06696824277275308,0.11587478521258354,0.08928120402996909
0.05995338941536351,0.033844423667700095,0.10582446419042117,0.10990703785474526,0.08637291741373387,0.1117246124034984,0.1220121703825046,0.3203824963866572,0.04997848828537582
0.0851811389520775,0.10513416557506909,0.10086487203903871,0.09562049749032565,0.10181104093424866,0.10122837852749948,0.16623799164222186,0.1334663761721188,0.11045553866740025
0.11059042177897978,0.11655059184884754,0.13030194420244237,0.1267551081299023,0.12273896102239469,0.11894007557498877,0.061803383696409316,0.12093850358889859,0.09138101015713661
0.08939974905233161,0.13738809670768173,0.1325182113393638,0.10783277766531764,0.11177993215746891,0.14107103997028855,0.07436595575292845,0.1379807331757667,0.06766350417885264
0.11059042177897978,0.11655059184884754,0.13030194420244237,0.1267551081299023,0.12273896102239469,0.11894007557498877,0.061803383696409316,0.12093850358889859,0.09138101015713661
0.04822758740339175,0.10439884603781274,0.13370003639775466,0.11798070077500056,0.13788398562942472,0.12384295780380067,0.20649870711663557,0.06526255342400038,0.062204625412179006
0.09593108189111126,0.11639427281026134,0.13760910810212884,0.1262814110948751,0.12137201382884612,0.12287563850022269,0.05870794496495322,0.11405043991034496,0.10677808889725643
0.11059042177897978,0.11655059184884754,0.13030194420244237,0.1267551081299023,0.12273896102239469,0.11894007557498877,0.061803383696409316,0.12093850358889859,0.09138101015713661
0.11793241275293942,0.09780709293843164,0.13706832054085213,0.1396032264530727,0.12489992237062018,0.1271602174791577,0.06394554813159338,0.09459335689980457,0.09698990243352833
0.1072521468471601,0.12836583895939147,0.1291474850120263,0.12616384340872203,0.13259682409099757,0.13262001684718283,0.05654863226115755,0.11903569665801815,0.0682695159153441
0.11059042177897978,0.11655059184884754,0.13030194420244237,0.1267551081299023,0.12273896102239469,0.11894007557498877,0.061803383696409316,0.12093850358889859,0.09138101015713661
0.11059042177897978,0.11655059184884754,0.13030194420244237,0.1267551081299023,0.12273896102239469,0.11894007557498877,0.061803383696409316,0.12093850358889859,0.09138101015713661
0.10221775026464265,0.053772216020452866,0.1184487980565632,0.13244160718274814,0.1217996226377467,0.1295994677923104,0.05872353331652643,0.09015686276472497,0.19284014196428453
0.10645008174629896,0.119448122662073,0.13121260392217296,0.12794796659332325,0.1327032395784186,0.13106968100882074,0.05507995403453503,0.11364353099885409,0.08244481945550332
0.08471536007110562,0.14023408399416595,0.12514777687040632,0.12461363914103558,0.12997186720238058,0.11989927454201448,0.06361995546809644,0.09856934190004733,0.11322870081074769
0.11059042177897978,0.11655059184884754,0.13030194420244237,0.1267551081299023,0.12273896102239469,0.11894007557498877,0.061803383696409316,0.12093850358889859,0.09138101015713661
0.10947469677434311,0.1172768456500705,0.1274272106424059,0.12455882304000747,0.118863749253728,0.1171445257247604,0.06077695317505324,0.10996943367817942,0.11450776206145198
0.08555806993547327,0.12536056591570702,0.09994223199914798,0.10784934217935933,0.10305251447587027,0.09901408302971991,0.12285799033004587,0.18387143711926346,0.07249376501541292
0.10227089295766155,0.0893675615375555,0.1329517861888013,0.11789736408177405,0.13170612929445785,0.1167038266638906,0.10959169864201757,0.11267913107342449,0.08683160956041709
0.0866997076258521,0.15057574384510383,0.12556399770581986,0.12335810267396764,0.12609293103362987,0.11756168397200689,0.06007627487467757,0.10291661012568892,0.10715494814325328
0.10506930540210475,0.13484056085406126,0.13081163525629794,0.13006328374187395,0.1202980201543375,0.11949877965169324,0.06311991971768666,0.10731029623177214,0.08898819899017252
0.11821346961053521,0.06932077562924631,0.1350848154806977,0.12799705566411293,0.14693660717710735,0.12758889629344097,0.06275027261843051,0.09827173412431778,0.11383637340211121
0.11509031136284242,0.11217701396870562,0.1362659086015537,0.131414652719429,0.12147015658502795,0.12247894078430259,0.06303140610137713,0.11463973691854479,0.08343187295821684
0.10405313650290117,0.14630849379744185,0.14307472538597338,0.11012273914253691,0.1172362295937302,0.1398646855585497,0.05789933279987785,0.09432090092557384,0.08711975629341502
0.11059042177897978,0.11655059184884754,0.13030194420244237,0.1267551081299023,0.12273896102239469,0.11894007557498877,0.061803383696409316,0.12093850358889859,0.09138101015713661
0.13209721674193084,0.10495067974991289,0.12814826870702198,0.13692261776721992,0.12444923062730277,0.11531635075893225,0.05919574305123534,0.11308203599290094,0.08583785660354303
0.059062977278360074,0.12874590796932509,0.1490070053108126,0.1105669682028901,0.1234769177068381,0.121842050248537,0.10058407591715657,0.11841811955021414,0.08829597781586623
0.09268729741056801,0.11176254296245393,0.13974099419432298,0.13332176970736262,0.1339746701501807,0.12624623766814524,0.06079473019510795,0.11227195334784068,0.0891998043640179
0.10760979695031947,0.11535164725137498,0.12839559455495744,0.1257002449374772,0.12019385886403129,0.11691484442864285,0.08265812168522353,0.11511570493203116,0.08806018639594204
0.10585042627440215,0.11589379309037688,0.13152904930008125,0.12680089342002523,0.12501480386160516,0.1192419282536354,0.07485580837105614,0.11153815025248144,0.08927514717633633
0.11158252618884819,0.08272439404493306,0.1313055189537898,0.13297938683275065,0.11829837111167289,0.12234761187674777,0.05640621685852496,0.16648843628586926,0.07786753784686334
0.11971119554405592,0.12027884770679924,0.13825954864450984,0.1284410466543032,0.12747373428999098,0.12394228525844288,0.05325668070287124,0.10008041337561073,0.08855624782341602
0.10968947657559613,0.12763529076838476,0.12831928772231613,0.1230094423841666,0.12795894413891454,0.1201193468799945,0.06011544618598067,0.11508340090472957,0.08806936443991709
0.08161873788667535,0.1000097227720264,0.14414550522889466,0.14855394399174507,0.13135107272252933,0.12312815116919122,0.06191457442911607,0.11090008224223676,0.0983782095575852
0.10660694122419308,0.10027441687581377,0.12984070142242085,0.1277021972482915,0.1246546791947961,0.11929233202582916,0.09556235538768532,0.09742602455862444,0.09864035206234573
0.10868204990518875,0.1074896418348557,0.13461867665896765,0.12513239829173714,0.13881340822013855,0.1326336725559638,0.06858919751540071,0.11243850028973211,0.07160245472801573
0.05972569614682638,0.11502571966210313,0.08487637335811155,0.09429177678844088,0.12355333585543293,0.09968788554434556,0.06994753732101451,0.29183317524375657,0.061058500079968527
0.11059042177897978,0.11655059184884754,0.13030194420244237,0.1267551081299023,0.12273896102239469,0.11894007557498877,0.061803383696409316,0.12093850358889859,0.09138101015713661
0.09412227578060213,0.13484722671380908,0.13890330214505606,0.12937558412879702,0.12089100652804052,0.12116506680439532,0.06348122070584919,0.09526249666796366,0.10195182052548708
0.07224442964361054,0.12742584321453201,0.14592172044389504,0.13996995031303403,0.12667687850099688,0.13154409356127594,0.0876241844381513,0.08832545774631324,0.080267442138191
0.07744192067702944,0.02821038646053241,0.09269931915602454,0.10457956056134894,0.10107498957449879,0.10494597173349686,0.10314952537554249,0.3341511309003214,0.05374719556120506
0.09546697796196686,0.08465036840722258,0.12264471187072683,0.11213748807347439,0.11717869370223195,0.1038904939579528,0.13236255316225434,0.11475828035543456,0.11691043250873583
0.11642657209868917,0.0739759353333682,0.13783574112015892,0.12675361038646177,0.11631210844842309,0.14355032815378668,0.08215304636219364,0.11026327847861866,0.09272937961829987
0.11059042177897978,0.11655059184884754,0.13030194420244237,0.1267551081299023,0.12273896102239469,0.11894007557498877,0.061803383696409316,0.12093850358889859,0.09138101015713661
0.05587395242886278,0.08776109743222821,0.11615131569254722,0.1373360632278478,0.11626114369250806,0.11993976576755838,0.05830974510989398,0.0752641185818025,0.2331027980667512
0.11059042177897978,0.11655059184884754,0.13030194420244237,0.1267551081299023,0.12273896102239469,0.11894007557498877,0.061803383696409316,0.12093850358889859,0.09138101015713661
0.09965904213772729,0.06784185425565155,0.13221373449806714,0.1326216420533358,0.10723077468805416,0.11753950443184764,0.07071244584500003,0.20463410462118983,0.06754689746912655
0.0383574670892478,0.14230750460705838,0.0615668324298558,0.0635537717372455,0.09193647636394875,0.08397458110630497,0.3033928590529612,0.1661727048962893,0.048737802717088274
0.21246112194304648,0.1343458987351363,0.11681674304881588,0.09877940886431706,0.11672349513470154,0.12011395859902478,0.04841987659628182,0.0936351411807419,0.058704355897934296
0.10274250076076681,0.12789227701074032,0.10872167596548889,0.1192800609422533,0.11609630547137699,0.12364601946219429,0.08106020240028299,0.14650472826348937,0.07405622972340704
0.07112678458466026,0.12579062985817543,0.1398376121464646,0.13410259796872132,0.13209089235763746,0.12706749053794478,0.08448396295229037,0.09165499919461405,0.09384503039949176
0.13398926172031353,0.1315249802573826,0.091809865370426,0.10251607496465663,0.09920444934784282,0.0918565503073067,0.12271068771824555,0.14768951328864033,0.07869861702518595
0.10576858962689355,0.0699380565020364,0.1335674063933694,0.1274241540260909,0.1337649736656141,0.12167886011926188,0.10598671981713825,0.10442214133611478,0.09744909851348087
0.11059042177897978,0.11655059184884754,0.13030194420244237,0.1267551081299023,0.12273896102239469,0.11894007557498877,0.061803383696409316,0.12093850358889859,0.09138101015713661
0.17429281660896956,0.10237160415584967,0.12642142265675432,0.11301264806592333,0.11527307772882833,0.10895609756837672,0.10059989482194541,0.0873823110877099,0.07169012730564273
0.11059042177897978,0.11655059184884754,0.13030194420244237,0.1267551081299023,0.12273896102239469,0.11894007557498877,0.061803383696409316,0.12093850358889859,0.09138101015713661
0.10749994850807117,0.11529276261881045,0.12830054951003478,0.1256528813629969,0.12010016987944318,0.11683856041187736,0.08344815191487959,0.11492031995254935,0.08794665584133715
0.11172526621649616,0.09843422407846159,0.13002750554759587,0.12880407658764512,0.12656199620753197,0.12120105478774479,0.06305384943716182,0.12101294499857117,0.09917908213879144
0.11059042177897978,0.11655059184884754,0.13030194420244237,0.1267551081299023,0.12273896102239469,0.11894007557498877,0.061803383696409316,0.12093850358889859,0.09138101015713661
0.2740626211557149,0.08510301466154763,0.1081877309450074,0.11305979296039642,0.10365274775772794,0.10025228501226212,0.04479844731461552,0.09481521665354535,0.07606814353918274
0.1118118296230231,0.09657535035855547,0.12993068403170918,0.1289986987641161,0.12696023615953536,0.12142833961337691,0.06320587519439187,0.12097211586469203,0.10011687039059992
0.05613501528268888,0.20226853722770646,0.09793880578572389,0.12454417892465779,0.1548013236006853,0.12867929863223496,0.05805160495506071,0.09469835204238913,0.08288288354885286
0.09116474148437116,0.058489705138837604,0.15888349431411417,0.12999056623502822,0.13749185550080434,0.1492529107611158,0.05885085774856754,0.10173588889883207,0.11413997991832919
0.08581420893132218,0.11385002375213497,0.12037324664271142,0.12062414946422578,0.11862559506517197,0.11176997190060707,0.05664526386642862,0.18724181677833265,0.08505572359906532
0.07877259818263842,0.17583553875539368,0.10207071948896396,0.09390804348388603,0.11424388657228295,0.10300892978987157,0.1365925108339007,0.08741932246335408,0.10814845042970866
0.09043916289422144,0.17649881207420048,0.10579019259213183,0.08854783498317774,0.11817039272531926,0.10906627261591482,0.10596361975958675,0.09514028846901039,0.11038342388643724
0.08307122012399881,0.09638661900617469,0.14348809619227443,0.1449886572560929,0.1292778492480991,0.12456037914947293,0.0635155112760078,0.11252415930513344,0.10218750844274593
0.11059042177897978,0.11655059184884754,0.13030194420244237,0.1267551081299023,0.12273896102239469,0.11894007557498877,0.061803383696409316,0.12093850358889859,0.09138101015713661
0.11059042177897978,0.11655059184884754,0.13030194420244237,0.1267551081299023,0.12273896102239469,0.11894007557498877,0.061803383696409316,0.12093850358889859,0.09138101015713661
0.21658929926310086,0.17231300279825815,0.1042841470498086,0.11573880257088359,0.11167507569275552,0.10192257706301383,0.05708374504016827,0.07163340384893938,0.04875994667307185
0.05910338636770065,0.17111279913860153,0.1319648258195058,0.11825470151547046,0.1235102430239454,0.12063749888165226,0.05629380703831826,0.09520828755385137,0.12391445066095429
0.1162366184026517,0.0764126517875777,0.1378996464153457,0.12691492991066555,0.11726264734829384,0.14109704808318346,0.07956255786624161,0.11176182366082499,0.09285207652521543
0.11059042177897978,0.11655059184884754,0.13030194420244237,0.1267551081299023,0.12273896102239469,0.11894007557498877,0.061803383696409316,0.12093850358889859,0.09138101015713661
0.23195681173940486,0.09188536183798522,0.1171576639608156,0.114463909837148,0.11807183043976995,0.11141465791716737,0.05076945895135557,0.08994218003897497,0.07433812527737842
0.095853981456626,0.1341221408063357,0.12910230617511162,0.1428793261295568,0.13790536771520853,0.12860075416335695,0.05559909354753443,0.11194998790473376,0.0639870421015361
0.117529296857851,0.08954909092034875,0.13211608191745336,0.1296329009083638,0.13996729120301057,0.13385120192640612,0.05650465617672545,0.10304159400052781,0.09780788608931312
0.11059042177897978,0.11655059184884754,0.13030194420244237,0.1267551081299023,0.12273896102239469,0.11894007557498877,0.061803383696409316,0.12093850358889859,0.09138101015713661
0.10567769053324345,0.13311922144172525,0.10891046496972047,0.12473396756367838,0.11905599707457593,0.12550277979574082,0.0620199835085356,0.1394732324707095,0.08150666264207057
0.13094931316097683,0.033580225987086966,0.12368031971606164,0.1260757554442967,0.12305995547696703,0.16070118667769026,0.08481281462908569,0.13544394941167626,0.08169647949615856
0.09964738699662022,0.05700579777932338,0.10084420109214853,0.12025810025384691,0.1083178956065517,0.12184213529266341,0.06900743938057206,0.24122749147514064,0.08184955212313327
0.10838622034542521,0.1281679532384347,0.13190098586833024,0.11922063884872054,0.12455596003572522,0.12451697292834392,0.07291307853505288,0.10254828534224496,0.08778990485772226
0.1419486365047101,0.09019273340394408,0.15675706900895575,0.13536385168142118,0.12435410778500094,0.13641832468771245,0.05444417545843703,0.08659846209482232,0.0739226393749961
0.10975156250184175,0.10420009447075868,0.15596891416554057,0.12492953681590017,0.11777144987639171,0.1344763456018373,0.059524256620435874,0.11650168429549303,0.076876155651801
0.11805588944711738,0.134119509346566,0.1374402684442302,0.13920111221562506,0.14122665123959224,0.12319681876412332,0.048079099636980836,0.08458287154008082,0.07409777936568411
0.07200046587621262,0.2065508389052447,0.12484894671750586,0.10587772719086384,0.10998219780548428,0.11960936281025958,0.05882355131067211,0.0970074120896234,0.10529949729413367
0.07477101021164977,0.06081451010269367,0.119202639132653,0.104605948691952,0.09512603695477018,0.10228649810916235,0.06252527554159065,0.2551590633550066,0.1255090179005218
0.0744367986181496,0.06624544874530279,0.1137523929948635,0.0883977370909735,0.09212993950229814,0.12425399006945793,0.15195970357630253,0.20634574522637197,0.08247824417627993
0.11787777253214926,0.13640207168644075,0.13674726244689347,0.13963988194037524,0.1419014038982294,0.12298135193971259,0.047613224085917394,0.08330836165705742,0.07352866981322455
0.0503847046994312,0.13535076996301032,0.12994034906255528,0.11531522980805754,0.13501640563407183,0.11347010802652573,0.1367470761372636,0.08574788686330759,0.09802746980577697
0.0785013976143767,0.2116426706375335,0.12603336367152643,0.1180556853050508,0.10745918987949904,0.11095346135924976,0.05126726611000426,0.1091451508017796,0.0869418146209799
0.13793381772495503,0.11847461317089159,0.1169633158548324,0.11301166025200421,0.11038782741068769,0.10766365944341949,0.10217912776581543,0.12477400424985206,0.06861197412754214
0.08702844376742856,0.11923632122496541,0.11068811234200006,0.09219637217599319,0.09715173521862745,0.09956979833570175,0.09256629885363632,0.22467199805828564,0.07689092002336158
0.08310742991880746,0.10820515986507484,0.12202186392285141,0.12196331903907225,0.10628671146961509,0.10641903221212956,0.05714706243437454,0.2095582333552489,0.08529118778282598
0.0578521365807221,0.14338455220296392,0.120772506612336,0.1268227999538287,0.11946211570182337,0.11469592782228316,0.05742795776704928,0.09787021984090043,0.1617117835180931
0.18048303801583065,0.12419768112863332,0.102089152088552,0.1145863057435282,0.10082900118409432,0.0995276765038729,0.09685182892493638,0.11884638371732126,0.062588932693231
0.09844219328888393,0.09016111833317764,0.13167385003423485,0.12088701992858852,0.12574390017830753,0.11417073355926048,0.14140357621545743,0.09708656843869501,0.0804310400233946
0.09409542276738155,0.07284106374906157,0.09915832396800438,0.12132787210733735,0.10921285114961077,0.12254650481522505,0.0861161689089965,0.19219845651939357,0.10250333601498929
0.10997506792065641,0.10561743642979099,0.1273978518831692,0.12570238779665993,0.12143478810285618,0.1191593923796519,0.06402428730453878,0.107072955244211,0.11961583293846555
0.09384351285088342,0.10315060874232425,0.10209054282424802,0.11999348717009894,0.11216093596537025,0.11123221897135784,0.18370185992860913,0.08969946902932673,0.08412736451778145
0.15190433440279988,0.10547883031242439,0.11900583528797992,0.11856244657178866,0.11885176121644135,0.11366089081418514,0.10195584206809839,0.0917713583682246,0.0788087009580577
0.06741447752274952,0.11010113108306115,0.1256755010960752,0.13025589559380826,0.11579244780482163,0.11833741118642631,0.05867450489633991,0.11806506105737828,0.1556835697593398
0.09945596055443735,0.0721051762841634,0.13640621746875106,0.13537360743905688,0.12577564082792592,0.10940845326711508,0.06479884078297628,0.18638280868405255,0.07029329469152143
0.10721606581469974,0.12846530514602367,0.12909070436588513,0.12615708551293972,0.13267502601811432,0.13274262826819425,0.05652648464512905,0.11901057983498849,0.06811612039402566
0.10754154575887308,0.11189289769498484,0.1272826643947218,0.11962878003021844,0.12310260159086077,0.11678780380130754,0.07375387354374041,0.13074839623028867,0.0892614369550044
0.0750733135993016,0.11156616441983967,0.13483629641398018,0.12834691489276917,0.12467641023133534,0.12070668110944072,0.100228663031612,0.12202241762623689,0.08254313867548439
0.10925777998919993,0.11717900061007176,0.12832410071932576,0.12463703437458891,0.12009529542680586,0.11776250990505255,0.06142936980486696,0.11944871838369187,0.10186619078639642
0.10863100937737134,0.12255059735776715,0.1334020683941047,0.12012645421473389,0.13020395568480816,0.12126077534552865,0.08001492322067921,0.10584135154910723,0.07796886485589967
0.10773793413678599,0.07906036569410968,0.12795215616078767,0.12450106118643323,0.12263275300619926,0.12192660421621189,0.09838362996545735,0.12748063239370258,0.09032486324031229
0.11055358985576579,0.10120846593024561,0.12933526452655042,0.12918063937153565,0.1221310285164029,0.12085970219100985,0.07781712032755063,0.11536866836364933,0.09354552091728983
0.11059042177897978,0.11655059184884754,0.13030194420244237,0.1267551081299023,0.12273896102239469,0.11894007557498877,0.061803383696409316,0.12093850358889859,0.09138101015713661
0.07462499207134188,0.13613051602210544,0.11467728047049887,0.10973372728256879,0.09910591903813111,0.0990320346550992,0.042363001578772985,0.24439093098539524,0.07994159789608647
0.12041922306163098,0.06127151461625571,0.07552965293541637,0.08921000507646404,0.08040314938648961,0.09815448205271193,0.3796079575889333,0.04463820393426557,0.05076581134783243
0.11059042177897978,0.11655059184884754,0.13030194420244237,0.1267551081299023,0.12273896102239469,0.11894007557498877,0.061803383696409316,0.12093850358889859,0.09138101015713661
0.0765698891107418,0.17074061623545211,0.11987551244420151,0.12035774132015063,0.12666149194735313,0.11592331746046347,0.0594142941176781,0.09393556530035058,0.11652157206360862
0.11059042177897978,0.11655059184884754,0.13030194420244237,0.1267551081299023,0.12273896102239469,0.11894007557498877,0.061803383696409316,0.12093850358889859,0.09138101015713661
0.10516291577468774,0.08899865182428467,0.13483623794515712,0.12512001834667233,0.13271273964555866,0.119858976035967,0.09796959086667817,0.10381578133309337,0.0915250882279009
0.11059042177897978,0.11655059184884754,0.13030194420244237,0.1267551081299023,0.12273896102239469,0.11894007557498877,0.061803383696409316,0.12093850358889859,0.09138101015713661
0.11059042177897978,0.11655059184884754,0.13030194420244237,0.1267551081299023,0.12273896102239469,0.11894007557498877,0.061803383696409316,0.12093850358889859,0.09138101015713661
0.08829838336842465,0.1116519906440599,0.1125810991390761,0.11887083046959575,0.094437046543652,0.1061264148443974,0.06397519046350457,0.10036289596889471,0.20369614855839488
0.05536223304268795,0.1239030040772899,0.16001289028282864,0.12893302356212508,0.11710828506388647,0.1359267818686122,0.11708632581639668,0.09327721279153141,0.06839024349464166
0.09768699957683698,0.1154965141924789,0.12381310672946888,0.11300455690471196,0.10927639482767636,0.10375031011510767,0.07344263320772416,0.1523265887907473,0.11120289565524771
0.10972290735272627,0.10401163767134936,0.15631535382828465,0.12490341473273751,0.11768227930481419,0.13472119799762056,0.05951172993553022,0.11641533092171803,0.07671614825521915
0.039470948589371384,0.09036397750242735,0.09743407490427353,0.09859285969881455,0.09187065186077566,0.09339533851951189,0.3830905285724424,0.06035162880399183,0.04542999154839148
0.08171268838652922,0.08593789652920092,0.10600961752214681,0.09623950165783883,0.11708975531233427,0.1005307453011447,0.2030693494691341,0.09739949791734832,0.1120109479043228
0.11059042177897978,0.11655059184884754,0.13030194420244237,0.1267551081299023,0.12273896102239469,0.11894007557498877,0.061803383696409316,0.12093850358889859,0.09138101015713661
0.06641102424161928,0.10974132636013822,0.1252513287758877,0.13029383132768654,0.11539554363823216,0.11819435602424976,0.05854143384191867,0.11781858262233975,0.15835257316792786
0.09923132463447515,0.06172110630209635,0.13746633135745742,0.13604764505911893,0.15796317407852703,0.14556458275215886,0.06568085184396372,0.08789885738864506,0.10842612658355744
0.11059042177897978,0.11655059184884754,0.13030194420244237,0.1267551081299023,0.12273896102239469,0.11894007557498877,0.061803383696409316,0.12093850358889859,0.09138101015713661
0.06668040541221547,0.1547985065780136,0.09622389650023672,0.11768655954838565,0.13145694936238708,0.09620479624030125,0.03766581128751236,0.21773025017943545,0.08155282489151237
0.17365234539594096,0.1684908395341439,0.13214178248855085,0.12288579217418581,0.12405446241321154,0.1169686716420651,0.040577909520250824,0.05854680017060662,0.06268139666104436
0.06113780482906433,0.14248901151198248,0.0669410483071301,0.07549101247973071,0.07053531899365006,0.0699995218053684,0.3529438978215748,0.11707845373978572,0.0433839305117134
0.07541051520461826,0.10374586376904028,0.12896164416557077,0.11600056597499638,0.13009778910885542,0.11636836890422027,0.10941896610803958,0.12920406069203585,0.09079222607262318
0.10359372979361658,0.11978609245967513,0.12926326032851945,0.13523025427552646,0.1173090632569489,0.10765771767774347,0.0585305235332729,0.15974238489677003,0.06888697377792706
0.08485310831612435,0.15794432959711824,0.1131072166995523,0.11428035511017394,0.12179241407840775,0.10888649355391271,0.07893009404203337,0.08486026807912023,0.13534572052355712
0.10863100937737134,0.12255059735776715,0.1334020683941047,0.12012645421473389,0.13020395568480816,0.12126077534552865,0.08001492322067921,0.10584135154910723,0.07796886485589967
