0.046140364247266454,0.1154393714535704,0.023856234792377116,0.15611802164610192,0.07177041060536789,0.11371667376908667,0.07365700869991884,0.09757199483992701,0.3017299199463837
0.03340633961883734,0.0802608053826565,0.08160837454258128,0.1237210662600187,0.17758385463955528,0.13795676452548122,0.1446535651298991,0.12806241791570094,0.0927468119852697
0.08311483366247109,0.019286503853629688,0.14265715675414933,0.04047708977131665,0.1747720970825218,0.09885452204123167,0.13402306608365108,0.09825188487771537,0.20856284587331342
0.02668229506389687,0.06137462735288309,0.09002610738161027,0.2048678385084869,0.10162227184014423,0.12173126868539569,0.1463003180236604,0.11459186355009483,0.13280340959382766
0.0447216584229189,0.11816046510761376,0.10378765790718915,0.11577129538647883,0.11010617371890367,0.13693244207056876,0.13669302199600653,0.12629033421069438,0.10753695117962603
0.03901169147591311,0.09669151853505724,0.135306023405426,0.13604769833914182,0.11770629030374802,0.13714765007538035,0.12308083616362346,0.1253310509106573,0.0896772407910527
0.03750095348479571,0.14887124326613557,0.12996440284823704,0.12972649591605476,0.10500382157380982,0.12642523733765507,0.1126800730211356,0.11257782421987443,0.09724994833230198
0.05677626326875226,0.06972070944028089,0.10755943458505686,0.1775225293639012,0.09164933293411846,0.1399310297015452,0.11906572445085613,0.131501851662439,0.1062731245930501
0.07816931411216632,0.08695026455456711,0.11142278017202702,0.08762425439177074,0.15572185715799425,0.12697678924737782,0.1253412979144374,0.11581725278813615,0.11197618966152323
0.1791398723412724,0.24462082067728572,0.0654015087496697,0.0328858215094665,0.044182281697865144,0.0959084954309282,0.12216065370018885,0.105187723175747,0.11051282271757647
0.040533934549890516,0.17762396951302853,0.1040434924966585,0.07714127872854004,0.041685203320283644,0.16131990118109266,0.10863436644664504,0.1412260969199801,0.147791756843881
0.0374321660387674,0.2683099240914413,0.03455008406321791,0.10982004520527212,0.03815888858623894,0.10277842896253438,0.10241891582502767,0.10782464377050442,0.19870690345699585
0.04835619129928418,0.05022246061922992,0.15086352661679311,0.08952608388202339,0.2043389194074915,0.11726348229148216,0.10787922279679184,0.11545416044902135,0.1160959526378826
0.057942790522919806,0.095118205519214,0.03796676774709778,0.15368698736520822,0.1793572044499285,0.12589357442207164,0.13201814817286525,0.12347303759827406,0.09454328420242082
0.04271956419115346,0.11027309095968967,0.09791395818866216,0.12333145818809066,0.12427226117972749,0.13714493153736648,0.13742691356650633,0.12310358286406135,0.10381423932474232
0.0496172799074979,0.11656869188687953,0.1127647597145167,0.11807656236435725,0.11811385878738744,0.12928022911794754,0.1320754829247617,0.11877812794022313,0.10472500735642865
0.052308296554147544,0.0949322235518381,0.06629125854618444,0.20427248064720482,0.10403953575095465,0.1331266923337816,0.12017339812391693,0.13572088219954015,0.08913523229243171
0.05065116453422799,0.03881533798999853,0.2644523496806737,0.06877171146028964,0.11803131222991303,0.12901413876085235,0.1363380781142708,0.10837852880553096,0.08554737842424298
0.06508792424382122,0.08677866088550794,0.10447022814157653,0.1198380432645732,0.09619415521615886,0.117429187976504,0.1578793567054573,0.1205149604402771,0.1318074831261238
0.0358045294168611,0.10171266943487262,0.0836600935247259,0.2096075832971569,0.11668946964728595,0.12299257924584495,0.12373934656918584,0.12057583256672567,0.08521789629734111
0.04292427353525905,0.11736986202213495,0.11170296120579411,0.1231676150266009,0.11999461189938669,0.1310577125556163,0.13932543400214056,0.11958178870736218,0.09487574104570522
0.054220272675580945,0.06355376142666887,0.0646398316388742,0.13817065371594364,0.16120768641653152,0.11932177472078337,0.13993582719435604,0.11539005634915632,0.14356013586210506
0.044731843915650514,0.15069600818276183,0.11140371222476231,0.11200575209931159,0.10034355313533251,0.1281359943202087,0.13551468727662783,0.11987164127766552,0.09729680756767917
0.10224141405894867,0.054430778019210695,0.07899249597785261,0.09462215153690441,0.18886686029362995,0.10210899492268632,0.0847401888864041,0.11437406887325213,0.1796230474311111
0.033532399056017764,0.13556014743116018,0.09612430982815938,0.11333409187930808,0.0804541552048245,0.13409815363976743,0.14403953236233233,0.13342295982448119,0.12943425077394913
0.04223842016855676,0.10336086954721235,0.10449859774685655,0.14530283186472748,0.10782038120090708,0.13785978183782602,0.13169840523033163,0.12309598072741111,0.10412473167617098
0.03635425258115976,0.11066367955826968,0.07920025451343513,0.11145569397615551,0.14193980610650778,0.14084950346394878,0.12370392318191094,0.1241204664174771,0.13171242020113536
0.03798481073287945,0.11724281215420894,0.10269743294382666,0.11881957277560938,0.1366790885723513,0.12692749846042575,0.14230690427716147,0.12906951686998583,0.08827236321355124
0.05218023947528013,0.11653177663877656,0.10291316639640467,0.09862925073146489,0.1189141924661894,0.13490354376240962,0.13696399663030415,0.12283454538713053,0.11612928851204007
0.46779103513246345,0.06581428764440979,0.07968126786095803,0.0434320052505339,0.06809646733543046,0.08143124401842762,0.058097831958120905,0.08479220877232048,0.050863652027335386
0.04656606725760071,0.08370933949692017,0.1657916774044181,0.08638728479999852,0.12094324443084613,0.12508954365775757,0.11805767359588493,0.11872960213446303,0.1347255672221109
0.041335588747198275,0.08155653791563533,0.09072370619809712,0.17985740122422259,0.094816740675476,0.1228338390662193,0.150743556911259,0.11567298394146575,0.12245964532042664
0.07742481373551711,0.12983627368557238,0.08479103189887033,0.12321656220621507,0.15525545511951033,0.13069299386756864,0.10215771888350202,0.12247273322620167,0.07415241737704242
0.0466520624788422,0.14510349667142688,0.09157919759632827,0.1248798503662012,0.11119435436606336,0.1371925121356772,0.1313233611428898,0.12550521608459447,0.08656994915797661
0.04310023311533464,0.11630951911068595,0.10940664131866328,0.1282071006824979,0.12059158318781481,0.13141451954000993,0.1369151241257617,0.12009702649700182,0.09395825242223
0.07946006559420955,0.12094096772210901,0.07043458067401752,0.12027983772217483,0.06813412312761896,0.1289404738461055,0.08790380885600463,0.13124835761164966,0.1926577848461103
0.061352314555132986,0.08570593740939193,0.1339786862760499,0.10593583748510786,0.10091935731802364,0.1229209070147801,0.13058789968737392,0.1252567695943267,0.13334229065981296
0.03673355562071242,0.08133581033526222,0.11941971288279596,0.1326095726951915,0.10871811886911054,0.12225016458714417,0.13873661913503874,0.12184907213590575,0.13834737373883865
0.04894233354446376,0.11718215078725698,0.10360781535757775,0.12353534733466548,0.12053891986144812,0.1320338437719674,0.1395079306223867,0.12018615496997619,0.0944655037502577
0.040519642732758765,0.14130109632876903,0.15928826363816398,0.05649929693586466,0.05960050586288113,0.15862142652002034,0.12862205281389005,0.12358842676239434,0.13195928840525759
0.03619807642547762,0.022229054775637993,0.0857543173495844,0.16928145455654162,0.199355725871731,0.1573411418739005,0.13309490563558146,0.12403233552903735,0.07271298798250797
0.07093634861985115,0.08453432834242343,0.0828976802225546,0.1110918176645286,0.21011197525805977,0.11639830345023368,0.1235397231170771,0.11193827957274177,0.0885515437525299
0.11826315135732039,0.19371837024597446,0.06231834310304074,0.056715439897455665,0.19266598489779427,0.08969286065540079,0.08514832942463994,0.10009833878259115,0.10137918163578248
0.08835520957530507,0.058487518583365095,0.05521812453566894,0.1458549772026475,0.10287548224669411,0.16062559936274948,0.14511667018866423,0.14575145040614193,0.09771496789876366
0.044930364356753814,0.1617143661409803,0.07161232025615184,0.1217939631240827,0.1221237358130413,0.13723660129117726,0.08784560685805202,0.1098689676331573,0.14287407452660347
0.17761982401939078,0.04993664343349815,0.3537367175572184,0.06363821861029524,0.05534913569223802,0.07848283614141449,0.08421279450139153,0.07549888762403308,0.06152494242052022
0.04094982790246001,0.05854030854068298,0.08233153590888238,0.13210905149611904,0.18920184423235598,0.12230550463479521,0.15225518433843943,0.12275047983049049,0.09955626311577441
0.4875211204650884,0.0376003880175533,0.061885053323298946,0.04472368474278295,0.0599578041133369,0.07652593561036919,0.08975468024602933,0.08094446269709898,0.06108687078444198
0.05038846312783688,0.09448702964458384,0.13961422545582575,0.10511200573445573,0.12441054065290126,0.11849364182165213,0.1323856268309093,0.12092773158327275,0.11418073514856224
0.056122512502803874,0.14791419844623055,0.08945550027592446,0.08781381165122493,0.0901938669562626,0.12615904719325913,0.13553789316977652,0.12274012889913961,0.1440630409053784
0.0726645916333344,0.07584719077677517,0.07467107354749909,0.1097877762095139,0.08712732869976954,0.11717675286495906,0.24824780057989426,0.11062032305329339,0.1038571626349611
0.03357147906926008,0.36693767766372715,0.07130456128591221,0.07701014561228638,0.051460725060411494,0.11838016402367785,0.0945221662999936,0.1040986847956673,0.08271439618906395
0.05647202797117631,0.024450494118280843,0.07834861740307146,0.11651937463213274,0.29491910156182743,0.10889657777546459,0.11914278886220127,0.10621594634327686,0.09503507133256854
0.2118940491807023,0.07614247051037555,0.04883911201045068,0.11190213220153182,0.0800149159235785,0.12778209138168342,0.136224588283171,0.12671841303287232,0.08048222747563448
0.030948074294266947,0.19438971192932017,0.08327918405004613,0.049867182383455715,0.06938958174432393,0.13773517131552515,0.10099820996675102,0.11812571049500914,0.21526717382130178
0.04284533635519386,0.10887696086186632,0.11498164423249295,0.12357886226820643,0.12385624168494076,0.13212896071002986,0.13534666860799738,0.12422108975235491,0.09416423552691756
0.04161646678496591,0.19773519602193254,0.09781659182151074,0.08826138486199912,0.07879580955682998,0.12175718859335673,0.12781901429040868,0.12010091407385011,0.12609743399514628
0.04069445981124178,0.08900219083223486,0.1318233183321434,0.1103212887372982,0.15227809092032352,0.1258323207978005,0.1457965091121368,0.11642386255415099,0.08782795890266998
0.06589152625215824,0.16362205276807956,0.058613896778910886,0.03394073822949573,0.12830883251272054,0.08117948638018162,0.1044709758146994,0.08530386372661297,0.27866862753714094
0.04118350368583093,0.1234895489406087,0.14733259908158122,0.1108453159804574,0.08068716484961024,0.13835429295554108,0.12479938713905625,0.12735866450494437,0.1059495228623698
0.05218189665671194,0.027604345784763385,0.06953533337756758,0.08937605261768457,0.16857038859628973,0.14929800203371427,0.11300971456976411,0.13823275054364254,0.1921915158198619
0.0319028003082232,0.05341631087517315,0.21802301764153462,0.1254432756173565,0.09279276227285127,0.11027962299513681,0.1398068386068548,0.10349986682419084,0.1248355048586788
0.07243445743012498,0.10715405499970772,0.07227277723852647,0.12119240639168567,0.09114555032511867,0.1419285344834435,0.16691096698471922,0.12834540111062875,0.09861585103604496
0.05454990714243924,0.05138788274229239,0.23251783967551778,0.09810311530375733,0.12214227356254805,0.10825844929330346,0.11509550196926871,0.10612778941180767,0.11181724089906546
0.04292427353525905,0.11736986202213495,0.11170296120579411,0.1231676150266009,0.11999461189938669,0.1310577125556163,0.13932543400214056,0.11958178870736218,0.09487574104570522
0.03974338621178151,0.14008197863478108,0.10800587123894771,0.11013831306044974,0.12398494174629603,0.12196381301666019,0.1230872980676128,0.12018832559877012,0.11280607242470082
0.046112036374744515,0.11976321422460186,0.09750094790415824,0.13677236544390745,0.12313914872040828,0.12805450038546978,0.13019653450208227,0.1217120145723614,0.09674923787226625
0.03789563784982669,0.05878053519437043,0.14144860384672378,0.08020148865290598,0.13595662343497875,0.13756829180352653,0.1647493806539457,0.11611006539856317,0.127289373165159
0.05211475248598185,0.14270498868231768,0.10679278993141232,0.12035260032410179,0.10852774576635837,0.13371619380517316,0.12210892551828567,0.12422701321266817,0.08945499027370096
0.0358130647240771,0.13866568404250945,0.11821601453644315,0.1368184140907894,0.1601241284777462,0.10659961635880844,0.09012036840751247,0.11116730599038628,0.10247540337172749
0.041407015647464886,0.1364737329762147,0.1073842569393072,0.11434721002584665,0.1089925428929137,0.12880640698788767,0.13874493098254273,0.11805746998947937,0.10578643355834305
0.08284457722513262,0.07769625394576511,0.08438082464749319,0.11995970535647653,0.11461454817986182,0.13024173197759867,0.1540165054227938,0.1257716158602554,0.11047423738462285
0.0479783425854459,0.08393095751776454,0.24919782876700838,0.10725449745108795,0.0947074986865689,0.11221848944450208,0.12501934826924996,0.10521358705631582,0.07447945022205639
0.05742919482923544,0.08691097158974641,0.11511913040097181,0.10341153570194915,0.12787281587439975,0.13893223397331642,0.08542471154849644,0.14213786398629716,0.14276154209558736
0.045210478751690625,0.047650914362086454,0.2558709843399168,0.0880095277106532,0.10235854114976567,0.10236983899550567,0.12089680866610945,0.09132654670581014,0.1463063593184621
0.049280711625374375,0.07375267074755688,0.13217935347801446,0.14163729872336003,0.051314451830769936,0.11132218288268679,0.2354574665587543,0.11271397216253665,0.09234189199094651
0.04464930722792412,0.11034831737456602,0.08723276421175659,0.0900941747142035,0.07726356712524107,0.1503938279800515,0.16695387777756288,0.13904002140622115,0.1340241421824733
0.03825783567983757,0.104231356460796,0.10624232281172293,0.1597458693744489,0.07846711257576733,0.11190441670923912,0.10665119505350662,0.10341465183012864,0.19108523950455292
0.0423503941528116,0.033006079945269634,0.06023317491865369,0.19221132415200104,0.09326237365715394,0.14733784236352673,0.13758622510158056,0.12239084086172299,0.17162174484727988
0.04156683951189281,0.1770221513051761,0.10083100008985062,0.11925528475244096,0.0997794506630993,0.1271921982434913,0.13212689360087893,0.112738250245997,0.08948793158717301
0.09216517800223628,0.08562820221738436,0.10605252029524198,0.08685637531499292,0.14486008546606663,0.1244678991872812,0.12177734452426858,0.11518409422174687,0.12300830077078113
0.04947134806141873,0.15732177061100097,0.09396630033416249,0.12205049040465125,0.10576300545366336,0.12609473229274307,0.13531126897274195,0.11641726604477402,0.0936038178248441
0.13723629007710403,0.08509404197246356,0.039378425004534985,0.1426204838997139,0.11740633754601226,0.11233507743635747,0.09859425688032737,0.10145974829502442,0.16587533888846198
0.04340664470714456,0.1495019385562907,0.09920872314755502,0.125336697947808,0.09882646458654078,0.1308220087136456,0.13947550272159984,0.12034780764080229,0.09307421197861321
0.04845276469343882,0.07142227361047873,0.08688580274772652,0.11732616052828004,0.13330033705210217,0.14435468278410885,0.15356910078366778,0.12852624738266177,0.11616263041753529
0.041391319735767824,0.14422272264771005,0.09914226103777729,0.11152882951743019,0.1064361745360178,0.12915835106104667,0.1370050733589572,0.1254055249459944,0.1057097431592986
0.13076257202818778,0.13704580897314636,0.07780092719007106,0.0938783160514599,0.11030058402879798,0.11053068488344868,0.13554432025508,0.11408590736834619,0.09005087922146197
0.06990307219742997,0.23996041964343007,0.05613281963393838,0.05135809071330214,0.06597976308318396,0.1343448965708787,0.09594928074568616,0.1254229089554495,0.16094874845670112
0.053236175792158245,0.07391315827727392,0.235735873765087,0.11867124924493844,0.09451445015118426,0.11433626213246588,0.11431776124437842,0.10930315328920175,0.08597191610331219
0.07660390979986835,0.11302046375623616,0.09314273761828658,0.14714858488804713,0.07253409864493342,0.12534643246511115,0.11681859264719886,0.12635167226589686,0.1290335079144215
0.04292427353525905,0.11736986202213495,0.11170296120579411,0.1231676150266009,0.11999461189938669,0.1310577125556163,0.13932543400214056,0.11958178870736218,0.09487574104570522
0.039097359118885094,0.12782310462446397,0.0763566652068131,0.09941422212282615,0.07687834863995496,0.14697366773377063,0.10499517667777443,0.11890585915483663,0.2095555967206751
0.055263968551717495,0.05971841462729813,0.21524052670581226,0.08488161169862729,0.14056540858825003,0.11343185182622327,0.11840704866819485,0.11052076913056293,0.10197040020331383
0.4732085821013823,0.04743589465457939,0.0526023902884054,0.04351479605485603,0.08818545845647237,0.08323563232830761,0.06993015089538447,0.0872919928071585,0.054595102413453965
0.05607155053367554,0.06348237065585612,0.10232758230527172,0.11100121984279014,0.14543188138788066,0.09827825150462266,0.1165433618617751,0.11448408616849681,0.19237969573963123
0.03954928789757602,0.15329773137151476,0.07784737753392544,0.09083449519778512,0.07318827534093995,0.1303419150793411,0.11438599804068765,0.12955315746343682,0.19100176207479325
0.05219275184612904,0.03411611675781533,0.04940032580874176,0.08183431369211819,0.29701051726670286,0.11727222617265969,0.0816883914152508,0.10911661692199419,0.17736874011858825
0.039075819308346145,0.19285273872655284,0.07692177339922494,0.1237199253869156,0.11792304484743905,0.11860272422881203,0.12496037022057416,0.12257469434106893,0.0833689095410663
0.08702162383896883,0.07475966483457841,0.09307454870631092,0.10160508130399125,0.12422156822776192,0.13360165790009956,0.14809274825419885,0.1245153414661071,0.11310776546798312
0.042452779066939166,0.229258978998282,0.08389527102615284,0.10702957320433519,0.07847679700786536,0.12652335050814764,0.11899185693446745,0.1240438549644603,0.08932753828935007
0.07616102324799551,0.10107655796984778,0.07710244036809728,0.1193744552252018,0.12044543624100183,0.1256478935950793,0.1458275573354495,0.11827454968193762,0.11609008633538931
0.06082476621561305,0.263600670458282,0.0481380836976207,0.08437791207082919,0.10237750552349718,0.11094608514254863,0.0868433371406821,0.11227830226769074,0.13061333748323642
0.04292427353525905,0.11736986202213495,0.11170296120579411,0.1231676150266009,0.11999461189938669,0.1310577125556163,0.13932543400214056,0.11958178870736218,0.09487574104570522
0.04212892109711163,0.12912160151024346,0.09692327225319336,0.09658803496690678,0.13929800629492306,0.1284575908276643,0.12553493018812145,0.12309385993943911,0.11885378292239683
0.03346281478885949,0.1034386129507192,0.07509951132671105,0.058728832897504114,0.11258172633066739,0.15279858652700276,0.12569200728290902,0.13236861706346284,0.20582929083216417
0.040421369142973534,0.06877759929031492,0.49535160227171665,0.06573732881073109,0.05225424719724109,0.07529027308554305,0.08313300721282642,0.07000783714767718,0.04902673584097598
0.03924885615469249,0.09134706910928005,0.05986734708483487,0.12512635572011152,0.10759068972729363,0.13059856307461548,0.09872319912667005,0.11295284740259452,0.2345450725999074
0.06882919669475222,0.14697241900215288,0.1428912645821501,0.05027818586461084,0.04894734664621695,0.15452030756807597,0.09309607141110256,0.15047549277286318,0.14398971545807523
0.04972804235565462,0.14758437304178995,0.11547828577782034,0.11631032072773755,0.11101530666401387,0.12718089556137183,0.13002428973297694,0.11348481101024312,0.08919367512839187
0.044222194277338873,0.13071755784304415,0.11161882700458962,0.12184895081104834,0.11053730859787213,0.13017591610597792,0.13604696862023102,0.12171343343508527,0.09311884330481264
0.1406445553954681,0.14322615708655473,0.10181868035540621,0.08601868047327849,0.11053639655989463,0.09801452128883888,0.11816415521902413,0.11077611153457302,0.0908007420869618
0.04971504417077329,0.06600767325862834,0.0692127116230168,0.23512985121690047,0.11977137285505508,0.11157445321801833,0.1068355581103659,0.1265073961272404,0.11524593942000134
0.09151427303159283,0.09866565470833384,0.20040789928392064,0.10034703843800656,0.08806047005627761,0.1081284339224672,0.12684739023894825,0.1087549463610296,0.07727389395942341
0.09352390250372095,0.1731057725999646,0.06406670537026608,0.09055332413767425,0.1301783963770046,0.12348754382701843,0.11162141286739093,0.11920606182650917,0.09425688049045093
0.04292427353525905,0.11736986202213495,0.11170296120579411,0.1231676150266009,0.11999461189938669,0.1310577125556163,0.13932543400214056,0.11958178870736218,0.09487574104570522
0.034613710424965305,0.047857275312412295,0.07943343247097924,0.16926084987485232,0.1071595068080368,0.1396608113276742,0.17286656919263851,0.13901792753889922,0.11012991704954202
0.04392795450328286,0.09752083498448873,0.08263723625636654,0.1294687513835996,0.13046776903296634,0.1139140128020879,0.18770646813657152,0.13265838291326285,0.08169858998737363
0.23084364185319114,0.0609017477950555,0.0810144734155695,0.08027255790778925,0.09837182838638821,0.11767861341155246,0.0968119122472818,0.129135011173426,0.10497021380974608
0.038075866786925865,0.03199543739491906,0.1403109752424995,0.08344414090310835,0.15384513435122185,0.11215640778321127,0.11703312141737303,0.11413547681824925,0.20900343930249188
0.03001048508435687,0.031781814281381784,0.17514356133929768,0.2698258400740172,0.07321604324028587,0.0991952689031419,0.10499454606880014,0.11008120722887327,0.10575123377984534
0.11464204590561193,0.29220471760324046,0.05579479345476363,0.05062546853586145,0.04633168486708663,0.0951051992086655,0.08847393384942058,0.09915074755174579,0.15767140902360408
0.06942410991980692,0.061172195011588416,0.13275092953769674,0.10372731899010883,0.09026000595514432,0.11833864908066967,0.1453543133679793,0.12636975326662095,0.15260272487038487
0.0472466504236006,0.3131460954707407,0.054265141479642925,0.06594227467276714,0.04785465318179525,0.11462130487865928,0.12524545649407537,0.1171217549850661,0.11455666841365258
0.043226287141585024,0.11173767976920242,0.11092387890345208,0.11840937062428021,0.12206408872623066,0.1343460300166852,0.1384351717976627,0.12181755272764323,0.09903994029325851
0.18258530573663986,0.06264041834873812,0.0804685308096454,0.030936481426228127,0.04664616860614753,0.12229324327903157,0.10425556668021962,0.1088124154106765,0.26136186970267317
0.5270189513169792,0.051058871612850165,0.05329656426468649,0.03687458779923069,0.053769401305592775,0.07206166538243468,0.07079653476142818,0.0794449920978593,0.05567843145893864
0.3162827441694876,0.03271937113191089,0.02813519259443335,0.07026798079780287,0.12044324232238846,0.08125145266695931,0.10317405484703975,0.08748848149794285,0.16023747997203489
0.1732845739425021,0.14310166442888111,0.07221364987942158,0.10453762172161017,0.08735537482804313,0.11641937097276511,0.126062451945777,0.11110132718116672,0.06592396509983313
0.04577867443532913,0.09219586073225798,0.09379429735747076,0.1297394531171146,0.1636795287547325,0.12887406669757007,0.1331048091054706,0.1177567259482349,0.09507658385181943
0.03433468444045632,0.189886860087587,0.08656872419321582,0.14545603869951815,0.11856916559723757,0.10820587760546996,0.1244787264831178,0.11322032053302805,0.07927960236036942
0.042673392961571834,0.058150987243606546,0.10537793023782427,0.11382493501947533,0.12973901917761715,0.13093124591085334,0.17249439389671994,0.1247402186191765,0.12206787693315506
0.04928947456653251,0.06608606153007429,0.11497403125433413,0.10793774563566828,0.20601862534804974,0.12407201090684555,0.12243956729902822,0.11500709236254976,0.09417539109691747
0.03648525578230851,0.0590380720097714,0.4457869018680465,0.07775335378773053,0.0515975308784845,0.08863528998891528,0.0885837532069632,0.08257461877236219,0.06954522370541795
0.0876649476021401,0.1245802025729323,0.07780849579044168,0.12307690334278036,0.10905052182856372,0.1269066428555934,0.1387857067053509,0.12300575509004348,0.08912082421215407
0.03617713010373287,0.14032047703478553,0.06561658397430482,0.13500260475656992,0.14294733838387383,0.12789442657775246,0.10964410141992853,0.11372091364207748,0.12867642410697458
0.04360594779214943,0.11444826189989514,0.10870237275098556,0.1256341336268017,0.12093515671731099,0.1324077322611477,0.14017380606559662,0.12050657990793197,0.09358600897818085
0.06592761236154521,0.1636417815752964,0.0585806817485938,0.03390877109646696,0.1283069579665951,0.08114656673221732,0.10443876309465035,0.08527864166454556,0.2787702237600893
0.03546407754453457,0.1085359432509347,0.10751340682045733,0.11910266843213398,0.11522726523119904,0.13223914597603204,0.14159824510752217,0.12985488717196256,0.11046436046522369
0.042818918433002846,0.11752402840890112,0.10910700918604756,0.1281806504557291,0.1205108246829326,0.13121040147395327,0.13636890896857343,0.11967457830963824,0.0946046800812219
0.03855262369210182,0.11151378355607842,0.11518021304347148,0.14574918598009903,0.0866779817109597,0.14344807284265623,0.13481922679081051,0.12780602220122428,0.09625289018259854
0.2872577821240834,0.16363527441118095,0.03609852746509509,0.054889932955353125,0.11137743979866623,0.08977224719017106,0.0770526807143349,0.09655887866466713,0.08335723667644811
0.047915341181333164,0.08529277573604875,0.1455844585934264,0.13842238137149435,0.06690352378925354,0.11327819080774211,0.12070664213636927,0.11597803185269984,0.1659186545316326
0.06087178065210876,0.14713819719835233,0.09931847771177384,0.07038202867858949,0.08173075965688863,0.1283111300507616,0.14068671318390377,0.12189934728713041,0.1496615655804912
0.04297043691570062,0.15904484774192254,0.09886642102856392,0.12522106540308509,0.09519499652723175,0.1264367074181094,0.14014650683688268,0.12000584024108878,0.09211317788741526
0.04724583413178534,0.10716840134109477,0.09595405061884321,0.12181343471147671,0.09752056117794923,0.14442197810235027,0.1469972306889133,0.13369337411795643,0.10518513510963068
0.060724337605405986,0.31394116490050916,0.09554202175212667,0.0783401674964258,0.11779727564197685,0.08772682998432609,0.0728118197130108,0.11209088670157297,0.0610254962046457
0.13372893471151293,0.18136397821983316,0.04986024104945767,0.07696515453577102,0.10238138041427759,0.10907431262707774,0.08892298048583204,0.11888406879831082,0.13881894915792709
0.03675983342907225,0.02692420377873315,0.10012885077294502,0.27589278542050427,0.07362807539005607,0.10629809223927482,0.17818187328599364,0.11646768483566171,0.08571860084775917
0.06064263724147315,0.11180567267920377,0.07035712968514725,0.1251523441955079,0.13682592869344015,0.12123775301065436,0.1507541016502377,0.12342899827923913,0.09979543456509665
0.4649632667964018,0.04877065381743029,0.03108230122305176,0.052287563449804286,0.0751395844833383,0.09207308624786532,0.10570133787494534,0.07639814313451006,0.05358406297265294
0.18660239888514576,0.10081422294172025,0.049955352551017775,0.046551320409344836,0.21981598449444809,0.1032897346787499,0.10647982736632255,0.10198653149075447,0.0845046271824964
0.0652197643692237,0.09926178749275281,0.11175436464487404,0.10417032571535693,0.13678997501239434,0.12483757615328611,0.13688316684750745,0.11659537790067714,0.10448766186392751
0.04326359887465925,0.11480732668968223,0.1073359662309929,0.11751637115512582,0.12218751156556457,0.13319941878587524,0.1475279375162154,0.11885852881978383,0.0953033403621008
0.031774071775394264,0.08651972509296196,0.1102567100721396,0.3070376624570903,0.06841540985057225,0.09874162081828601,0.11052637255712401,0.1102760184876974,0.07645240888873411
0.26639139827636005,0.05706030960090216,0.040314796966107104,0.07587426554823762,0.08783150923973583,0.12851958487622606,0.1094351343742392,0.11558652301191696,0.11898647810627505
0.04552837855501371,0.12703237431472006,0.08009451902444695,0.1349306727585526,0.10404101798481473,0.13588008869532206,0.16008442949260157,0.11910197684519787,0.09330654232933046
0.04447835608792688,0.1201053451483225,0.07368109234800573,0.17227695566203707,0.08486027988153584,0.13760530701435647,0.12629171802517503,0.116631898939958,0.12406904689268246
0.12986558454059993,0.04793111177639337,0.08737045303420864,0.09344074038238735,0.18889998646077144,0.10479324795942253,0.10752516299885727,0.11577720566313154,0.12439650718422783
0.04064041466352708,0.10745551440776363,0.11207852806447267,0.10374494683793682,0.1191338077142358,0.13308836389168033,0.13697977625400662,0.12072837679797604,0.12615027136840104
0.04507072623592375,0.10067153849940554,0.10116341194191013,0.11371891901113614,0.13312445828587502,0.13063570127021157,0.14979083950956243,0.11943530810972046,0.10638909713625504
0.20999029146246326,0.0654062825942434,0.025217618016851465,0.0895721360393541,0.1637822268862712,0.1283480651724605,0.09572119275437403,0.11608233785189215,0.10587984922208993
0.060111277041657946,0.27580306670097793,0.06897278974023671,0.047542950326909215,0.042053906600879216,0.13507832683835028,0.1334151514241824,0.13286786252335586,0.10415466880345052
0.11999900362018429,0.13633631870638677,0.07106488770079618,0.12552293973885667,0.11773492162606601,0.11728286359384286,0.10222342498981624,0.11283102038838061,0.09700461963567038
0.03658709515454966,0.1691511085163,0.09117393724978645,0.08790890341574265,0.09625463305922882,0.14077712550378732,0.12274876443745057,0.1298141718698027,0.1255842607933518
0.049555753984399785,0.08696621607162423,0.11994147068685153,0.15763133804216237,0.09292662308551485,0.14190020778891252,0.11416600977671638,0.13600228984322124,0.10091009072059713
0.04361364145687178,0.10868289301940265,0.10196547802958672,0.13063789915684354,0.12274978583928316,0.13346961858060966,0.1357821370649824,0.12315560015608441,0.09994294669633567
0.036691421805624715,0.032855356612758665,0.10477505795836033,0.07982839656456019,0.2109673773637385,0.12529775727145606,0.14670737569316553,0.11160300068830054,0.15127425604203545
0.18762726533724497,0.07305616618833156,0.06832706587833166,0.07004355275020752,0.19860870193254213,0.11298335346509264,0.0845413564785595,0.10737702456837699,0.09743551340131297
0.04584886367045588,0.08635477092132021,0.12097971859617258,0.11069732997361832,0.10735628700199686,0.13770737049807422,0.12993033790732125,0.1255376796128269,0.13558764181821378
0.04715200123252546,0.1268933250196488,0.11863339666520523,0.12870200727689282,0.12747901816101373,0.11790313841994082,0.12301262805128077,0.12076748155654526,0.08945700361694708
0.044389846731220005,0.11163019491865174,0.10576282404099668,0.1280043259254966,0.1217847438623686,0.1336881656055308,0.1409478066636494,0.12140076435521845,0.09239132789686777
0.04380017906207067,0.12339298200009319,0.1117167664920613,0.1315326969476789,0.11679059019917892,0.12956654084534697,0.1282134521619245,0.12226360280458097,0.09272318948706455
0.4542028605680093,0.032661814103690186,0.048613121457084074,0.038288440161322816,0.14078549520494832,0.07852291642319766,0.06981070173368192,0.08131577195642428,0.05579887839164144
0.09705783377949206,0.06688830477763887,0.13542247638250623,0.19491148504592445,0.13913155332652627,0.09584060562935652,0.08574367394522979,0.09983008733557029,0.08517397977775554
0.06582830852921995,0.11229351966302041,0.10505765764648776,0.10214136071864,0.1298872825639758,0.1316996345166114,0.12325002314891602,0.12595725374463898,0.10388495946848963
0.08149513362004072,0.20186506794149803,0.04465468640148168,0.08562196082611732,0.1284770548257178,0.10971119004845771,0.12514954300868894,0.12097161539154903,0.10205374793644872
0.032417278491596695,0.0333771587038856,0.08088456922581024,0.1439583937394913,0.16035310488323595,0.14616411827188858,0.1736758986173286,0.12450024989837256,0.10466922816839042
0.10802085667269008,0.03296299979471389,0.08789703822514965,0.1013127276793912,0.18222637982643938,0.11421887987855127,0.16186879570016527,0.11796438764644102,0.09352793457645821
0.05207207630785818,0.23944000587466618,0.1072272405505152,0.09095160659700781,0.09199529308929982,0.10450040731713123,0.10423711591071709,0.11047134659864065,0.09910490775416382
0.04403279079998954,0.1017349139817294,0.10579474181358561,0.12783315407256732,0.1178802924872564,0.13418527753471413,0.15355695484789292,0.12067239025634628,0.09430948420591838
0.2972573364194171,0.03154204228679905,0.1024563968537655,0.06432816993091238,0.11170582495579967,0.07243561636599526,0.10641704836639425,0.09935640556784249,0.11450115925307441
0.046262290813192934,0.14262929625790224,0.10947823739144853,0.07971285408950324,0.09946201556518368,0.14491311896700454,0.12001099071594928,0.12816778407789556,0.12936341212192
0.04355643984187599,0.15299793430118605,0.0826186534053469,0.09960025032108737,0.2045367739550715,0.10034482240039837,0.14514741895473735,0.09635180210037286,0.07484590471992371
0.034651840355848645,0.08243074160878537,0.13377292462812887,0.07138814229831747,0.07794858703614686,0.1068819681066873,0.11309174535065596,0.12609432460135658,0.25373972601407296
0.048365401363553655,0.10981667944122471,0.07887951047332192,0.0631713354893112,0.03896400092961692,0.16024052785775253,0.10283709753418478,0.14844110330263494,0.24928434360839932
0.05970780393639557,0.07443182949399467,0.11568656329493282,0.12266216812486908,0.12930651927603432,0.1126688468498976,0.10009544216705753,0.14401822678188692,0.14142260007493154
0.07363458629916034,0.15388045932612573,0.08829535663923327,0.1078749979209477,0.10215915542770626,0.12955367539580095,0.1230246165647525,0.11542180492651079,0.1061553474997625
0.19557429348969704,0.06326689984988094,0.09910364922171376,0.08366547408768372,0.08366960297577536,0.11403470217961391,0.14600926898530409,0.1097408712063201,0.10493523800401099
0.036317224462234704,0.1642154408833393,0.12112482203910745,0.10496528415539315,0.08065652416073339,0.13492772607392006,0.11941966380527802,0.1182583033653033,0.12011501105469062
0.2526385456378378,0.15419300923518645,0.03988720417207936,0.06628453112803435,0.11259617016388712,0.09701859395650246,0.10217693366519565,0.10604545039794679,0.06915956164333016
0.05098568984208884,0.2030495965516046,0.09007769249237767,0.1318679307847361,0.07098061966459011,0.12075958046384362,0.11273145333160332,0.11489702450369044,0.10465041236546535
0.04335704843553801,0.16668721808249287,0.09143020675498616,0.10513406526390799,0.10076712542643841,0.13048184190258114,0.10303045028675228,0.12293935983990793,0.1361726840073952
0.040519642732758765,0.14130109632876903,0.15928826363816398,0.05649929693586466,0.05960050586288113,0.15862142652002034,0.12862205281389005,0.12358842676239434,0.13195928840525759
0.049697634862497474,0.1294698167286316,0.05260521834619384,0.20953610530802422,0.09465391452330814,0.13322306404208326,0.07015212778449167,0.14695029569934884,0.11371182270542095
0.04655328924938395,0.16863767735861268,0.07226330212040663,0.11195889415866007,0.09578991102384422,0.13604781732641172,0.15705304742454443,0.11133563502289717,0.10036042631523918
0.061687731981865425,0.036345857741237816,0.11404566775192038,0.11470673236209439,0.20846695058638856,0.1127191484637277,0.10646561760372837,0.11804790899443031,0.12751438451460703
0.03501932616813035,0.14610176782304865,0.16977219231867538,0.11606717428510788,0.07141489340746393,0.1162723792205232,0.13893875745325543,0.11370736144528866,0.09270614787850644
0.08472286050371802,0.1786330847193324,0.07922658412214802,0.09696662638338738,0.08344072154825159,0.1222267278499094,0.13304749252192058,0.11569201242383291,0.10604388992749976
0.04028853480696073,0.10146050784805322,0.0703583495558369,0.29159409349615967,0.08787537951752505,0.10646171092698364,0.0947271082370743,0.12628258643616105,0.08095172917524548
0.060993589381097335,0.11144654426974761,0.11057756606008966,0.09989407756317263,0.09569723489773162,0.13664371064035238,0.10675714846644717,0.13772942729565743,0.1402607014257042
0.04277827979121556,0.16327191986744524,0.08810912054469228,0.11664391573695997,0.10157312934151286,0.1312404419228866,0.14395632134544825,0.11564910154576054,0.09677776990407871
0.04079657139926737,0.058147821212300145,0.12620224802783617,0.1166519440476766,0.12381650422697656,0.13195462966847135,0.10082000838772291,0.12406303058892006,0.17754724244082878
0.046298254433031934,0.06494472395424124,0.2007915263793795,0.15893890502870364,0.08064680517919665,0.12505763578900417,0.11731987802602228,0.13285921012991267,0.07314306108050793
0.07392264220795965,0.07312352203208418,0.0799584668331182,0.13093042617674935,0.11634438956893399,0.14075194264561122,0.10795571971258434,0.12374782530257578,0.1532650655203833
0.03870214439932321,0.10116575768640296,0.10752446441563847,0.12049982152212753,0.14456182855889207,0.13143189328791727,0.14269133442920548,0.11988313181238258,0.09353962388811038
0.05458131032466209,0.12418103758939886,0.10140646567725985,0.12102911865812095,0.13213833445976483,0.14076883439149523,0.10770596073776596,0.13257653793768961,0.08561240022384264
0.04292427353525905,0.11736986202213495,0.11170296120579411,0.1231676150266009,0.11999461189938669,0.1310577125556163,0.13932543400214056,0.11958178870736218,0.09487574104570522
0.04972804235565462,0.14758437304178995,0.11547828577782034,0.11631032072773755,0.11101530666401387,0.12718089556137183,0.13002428973297694,0.11348481101024312,0.08919367512839187
0.08282314877219622,0.054742096498821495,0.10075825489116567,0.07382981338260645,0.15056147022255936,0.10831510401745005,0.16149363525871596,0.12099071605479839,0.1464857609016865
0.31247267321707517,0.026381916604251748,0.07637939265071221,0.05132135334230783,0.1590049979810275,0.09345007468897475,0.09982051748613054,0.09125973489142458,0.08990933913809585
0.3413650672486044,0.06835237603962478,0.09785895347357225,0.05251316258003171,0.10067945080778322,0.09480743015083481,0.07632504556174773,0.09569213777937065,0.07240637635843049
0.06559236588217898,0.06809335424555653,0.042774384224662766,0.11546357163344027,0.2966822214962228,0.10223107256212909,0.0810672920051454,0.09358703175072343,0.1345087061999408
0.05743325382428316,0.0476628104816886,0.05492601237371003,0.09686487947237986,0.23752357243513558,0.12315149113033368,0.11891285584047821,0.10097134914928518,0.16255377529270573
0.020233829584431567,0.045141752089532826,0.3047740996366431,0.10400209132673605,0.09302692311110439,0.09567432430273264,0.11357635491219321,0.0998542022729481,0.12371642276367807
0.04244347945665372,0.11286089948001965,0.07748284615132191,0.1525615666071424,0.13462558595989704,0.12348516071254172,0.12738145946802903,0.11173786620690969,0.11742113595748499
0.30175400097270616,0.14912236495768896,0.039773613202074204,0.07313349895996665,0.07251922691778818,0.1070864592834908,0.08638731253893299,0.0873729988335145,0.0828505243338376
0.06516811608874812,0.17243399173524585,0.08782887759112462,0.1120158295026256,0.16381092017833931,0.10823639625924035,0.10604701040957971,0.10468417421421594,0.07977468402088049
0.10094631781800596,0.0503912933057413,0.43658974289447655,0.062109476634772405,0.05879172176603622,0.07274783619500093,0.0833347607442844,0.07129788614931916,0.06379096449236303
0.02932796229914958,0.05256961205518428,0.13813598073993327,0.09896624394722825,0.16363888887285885,0.11252176852000018,0.14538354991070976,0.11164574505970269,0.14781024859523312
0.07186023322293036,0.20159530527874256,0.049994218927909895,0.12133902326844215,0.12480178603619613,0.11386976543297116,0.09884728267572497,0.12283730592812368,0.09485507922895908
0.11871498798005937,0.06510175233462882,0.07283037942442692,0.12946342872428587,0.09922815930387623,0.1307360376479149,0.13190507643597518,0.14093317451686357,0.11108700363196918
0.035168093993130006,0.063981518536392,0.05021794944004995,0.23717302134622908,0.14610561892145835,0.12000134316147892,0.14186413339374204,0.11761753197040499,0.0878707892371146
