0.04984487372206365,0.09768994240164487,0.08084510489532186,0.21876967844071757,0.1062278338651675,0.17697384152271048,0.09385865774861564,0.05567316951550239,0.12011689788825597
0.016496796805992964,0.10612667853575426,0.08524819646076108,0.14081764530416582,0.07434820244037522,0.2021327521809487,0.09954773444541694,0.20462167041393187,0.07066032341265312
0.10698788978234518,0.08062835393221353,0.08611692632427899,0.14623848173787327,0.08580142861856595,0.19354135188685204,0.11240910591600317,0.06684582170819219,0.12143064009367573
0.19263114248943933,0.09001696589992679,0.08235486421480903,0.0790952571947513,0.13355693637168817,0.11094874371692659,0.10056078495651961,0.09935069666796709,0.11148460848797209
0.0856593915174499,0.12629157847952224,0.10047941202918358,0.06914732117830584,0.1321658923102872,0.1167766641878355,0.11281113681117223,0.1361579594378192,0.1205106440484243
0.15071567897935886,0.09222113076508316,0.2596362601402184,0.0617927473155489,0.10245631046044085,0.08081305787900833,0.08641427459053934,0.08585281661052795,0.08009772325927425
0.08314233486417788,0.12623389292558782,0.09529218285826628,0.06354640697216159,0.1317774360653081,0.11497265055514565,0.1109885787041869,0.16422836182489775,0.1098181552302681
0.05331867526358574,0.06671191799212259,0.5089583042534006,0.06669187430236938,0.06805925115245921,0.06385436059428458,0.06687656466897783,0.04776488678967533,0.057764164983124644
0.07964680385972484,0.11667869010525295,0.09544314310173568,0.14246001551780835,0.12924069831105287,0.10257758565542037,0.10288188590997664,0.12394650530631506,0.10712467223271323
0.08565395529833673,0.1263943684423415,0.10050433527862089,0.06911694964939673,0.13232877928470596,0.11678346497902531,0.11257086583248531,0.136139267233506,0.12050801400158152
0.13195766513450427,0.093708558126602,0.07847474106967475,0.11247642528321383,0.11741481680079661,0.10567385630195757,0.13006850056545988,0.12315824682893117,0.10706718988885988
0.1529949231045182,0.10357696770786418,0.0803697594383855,0.13465377003793624,0.11346484781834183,0.12137054075369746,0.16011772228122445,0.06925745098153065,0.0641940178765014
0.07020937787895254,0.11267299359140338,0.09447273923813974,0.07912970536311431,0.1380048850489833,0.1302548077780036,0.10497402636700044,0.12017427224363819,0.15010719249076449
0.05096766859312543,0.09636369088375646,0.09443646387203623,0.11056869378908851,0.12217431013570242,0.17952618047147517,0.12516823730083576,0.10629830247923673,0.11449645247474334
0.07416387749549073,0.11835686928352217,0.08636948293493397,0.12887500140156347,0.12996053634310661,0.11387650930818878,0.11371020305088196,0.12490636969989555,0.10978115048241673
0.075389449152421,0.12751855332263964,0.10197701507056962,0.06389853347117058,0.14255123241619175,0.14447349685395403,0.10596147449804187,0.13456486673112292,0.10366537848388842
0.1634831935071888,0.1075380528771905,0.09404090347159226,0.09890418784415402,0.12297042747531624,0.11615141081222864,0.09197073393932713,0.10151541739937141,0.10342567267363094
0.060467650540647004,0.1146459102655073,0.0924581398373499,0.08031320444058963,0.11741788088964979,0.10521758229040952,0.113519744929772,0.2044927313743713,0.11146715543170353
0.08180611757899504,0.120890262882466,0.09774202297613895,0.0822301215028881,0.13364929579766352,0.13148270166885276,0.10650785784938932,0.12468701480333354,0.1210046049402728
0.04872557889443981,0.1275723749696231,0.07735581733477585,0.1772244930097198,0.10016300653590944,0.15405924208072688,0.10500389639525116,0.1272508933671224,0.08264469741243141
0.08558499746314567,0.12796543243839767,0.10117898213749675,0.06869906221384463,0.1348787611388879,0.11686747956748335,0.10879246583856207,0.13569929200255973,0.12033352719962219
0.08558499746314567,0.12796543243839767,0.10117898213749675,0.06869906221384463,0.1348787611388879,0.11686747956748335,0.10879246583856207,0.13569929200255973,0.12033352719962219
0.09583363319382754,0.07516483717392637,0.0676187705377047,0.21697806246632087,0.09116976118834796,0.18932043951978017,0.093402314478928,0.06986157021235052,0.10065061122881384
0.08558499746314567,0.12796543243839767,0.10117898213749675,0.06869906221384463,0.1348787611388879,0.11686747956748335,0.10879246583856207,0.13569929200255973,0.12033352719962219
0.1523383094934152,0.11229896083633623,0.08778241430239915,0.0631423326867721,0.12175101812512594,0.10884807027702142,0.0999745020023645,0.145697592062206,0.10816680021435943
0.06501238002547782,0.139385522673212,0.08041597732928003,0.04378855169098855,0.11448226169075804,0.10387343067164916,0.12355350267568455,0.10780564462253965,0.22168272862041025
0.038532423868950165,0.129082883664742,0.0968261610960659,0.08482484617721374,0.11323781005308903,0.17561930772143786,0.1079285749246028,0.15460465276168836,0.09934333973221016
0.06921618407254808,0.11997672217535094,0.09679069458081037,0.07714044013034956,0.12713831677918327,0.11875790978780142,0.1119085052734371,0.15659829785028123,0.12247292935023808
0.06070967780633691,0.11610956193389464,0.09212521301993055,0.08204106925857906,0.12620798854313384,0.10721144015848073,0.13462581603990806,0.15516535771772247,0.12580387552201386
0.0623487186921079,0.12036488938610466,0.09298275902722168,0.08714550639425088,0.14141403760204813,0.11065266746493745,0.13048597359159889,0.135809895070363,0.11879555277136737
0.07666378390414802,0.11439504523734549,0.10002912729963802,0.10100021503754884,0.12309616193296034,0.11128308152235118,0.12395917871257141,0.1332537861121938,0.11631962024124294
0.13652765641409242,0.1253560043087146,0.09782654484728569,0.058785223060012846,0.12918179217096495,0.09407812980073084,0.12439544328529173,0.1321541189952871,0.10169508711761988
0.051917651721095776,0.07607829009336928,0.47550714847359493,0.04915515157276126,0.07918331998088438,0.07042175673135695,0.0676753464251899,0.05987888399273167,0.07018245100901584
0.05101987612449185,0.12718981824571518,0.09336650715208446,0.08211288243629462,0.11058336692019612,0.15490767866836352,0.11600635688085988,0.1900246396672514,0.07478887390474298
0.09818631552006836,0.13471563053860072,0.09534303921977892,0.08395954563045639,0.13013443607053096,0.11930215302256254,0.11438674093838007,0.12306951548309512,0.1009026235765269
0.08558499746314567,0.12796543243839767,0.10117898213749675,0.06869906221384463,0.1348787611388879,0.11686747956748335,0.10879246583856207,0.13569929200255973,0.12033352719962219
0.08558499746314567,0.12796543243839767,0.10117898213749675,0.06869906221384463,0.1348787611388879,0.11686747956748335,0.10879246583856207,0.13569929200255973,0.12033352719962219
0.07532765940496272,0.09524600723498163,0.10233970395022633,0.20442997451221145,0.10162559677624951,0.09939771232199894,0.1166628522123397,0.10067575232310426,0.10429474126392546
0.31950661644747763,0.08462362150677037,0.07293704012089305,0.0443405264641421,0.11080781665276879,0.12272620079972081,0.07534313607838007,0.0853606745694021,0.08435436736044499
0.08927136056592265,0.13439836792625015,0.08231847798893357,0.06589861529358594,0.09933551450779499,0.17879250771041,0.09999050827996155,0.15965441681391448,0.09034023091322664
0.08558499746314567,0.12796543243839767,0.10117898213749675,0.06869906221384463,0.1348787611388879,0.11686747956748335,0.10879246583856207,0.13569929200255973,0.12033352719962219
0.031179158730435492,0.10584063217594501,0.061783305897531726,0.23618983077130498,0.06944453680734423,0.16207604807692486,0.11998920009654455,0.0784800300868844,0.13501725735708467
0.028888714597832477,0.10845086608921535,0.0859147173586956,0.1318006879884576,0.10108649261049586,0.1899253036104052,0.10274752470914345,0.15597243690211962,0.09521325613363484
0.08558499746314567,0.12796543243839767,0.10117898213749675,0.06869906221384463,0.1348787611388879,0.11686747956748335,0.10879246583856207,0.13569929200255973,0.12033352719962219
0.07442204101002586,0.11903960308151322,0.09069500375098592,0.12601579643327243,0.12175865985699376,0.1016581814107513,0.11197288505002155,0.11583050110523892,0.1386073283011971
0.11065137348670956,0.12187841482454949,0.09697873072615544,0.06830470604200885,0.12904866127880424,0.1069153578163734,0.1061491045074248,0.14439526638580613,0.11567838493216809
0.08558499746314567,0.12796543243839767,0.10117898213749675,0.06869906221384463,0.1348787611388879,0.11686747956748335,0.10879246583856207,0.13569929200255973,0.12033352719962219
0.07601787255816828,0.12611224610156513,0.09581091632918876,0.06458366865347707,0.13144687891459786,0.12131394838506658,0.11103936457270903,0.15730221540136,0.1163728890838673
0.09055356527223857,0.12840201182318292,0.10062564364943256,0.06909253750768193,0.138935607517786,0.11619440618777431,0.10897021956410502,0.1277832246077362,0.11944278387006253
0.16801024910755072,0.12833134299512042,0.08733046953521804,0.11793761551044447,0.13096853213031567,0.1121195001126077,0.09919684996378487,0.07921345440857412,0.07689198623638394
0.08307154682674979,0.12241224826701418,0.09709462640180673,0.05808660253477955,0.13056986623282796,0.16256849317028751,0.12646597752523803,0.12483423860352878,0.09489640043776744
0.08558499746314567,0.12796543243839767,0.10117898213749675,0.06869906221384463,0.1348787611388879,0.11686747956748335,0.10879246583856207,0.13569929200255973,0.12033352719962219
0.12483108815106699,0.09708281866547158,0.07646089455337464,0.11268400916080912,0.11188637940502442,0.09290435757081365,0.14016995668651455,0.1388092905601648,0.10517120524676025
0.05885379465542229,0.11804286777645116,0.09374691098099802,0.09051679272688669,0.14734453847908272,0.12893735520069258,0.11483279421665504,0.1310171076675619,0.11670783829624953
0.08558499746314567,0.12796543243839767,0.10117898213749675,0.06869906221384463,0.1348787611388879,0.11686747956748335,0.10879246583856207,0.13569929200255973,0.12033352719962219
0.05083096772808138,0.06807326959259509,0.509269034753618,0.05792366081963373,0.07072456133300457,0.06448410644826054,0.06511776065600818,0.05278954914406699,0.06078708952473163
0.10535859629877313,0.13391590512473797,0.09835819391751066,0.08218825991183167,0.12812091302735992,0.09802398970250988,0.11268628203766438,0.12827075182447403,0.11307710815513844
0.27531900093279854,0.08480632857079255,0.07529586075936297,0.06321709220967599,0.09812423064227609,0.09387853022522587,0.10384344419244496,0.12104471903151355,0.08447079343590935
0.03709142702230527,0.1296345783262001,0.0714266079187137,0.1771782824914663,0.0972119975189789,0.17740888926884293,0.09580865315105493,0.0766627905348481,0.1375767737675898
0.08110003118937172,0.12593478427053575,0.09929322755524343,0.07201488708011043,0.13016813203523633,0.11165758399505811,0.10979009441606792,0.15562422802128761,0.11441703143708855
0.037819494313108645,0.08318290837036497,0.07885559526462284,0.239072452971546,0.09233254698824041,0.0886893117181623,0.14367315407809583,0.0872228150618179,0.14915172123404116
0.08087463340249497,0.12884372478384942,0.09647577964950882,0.11560294246939364,0.1288124366434512,0.10621252399120955,0.10502282602749408,0.12584186940329634,0.11231326362930201
0.062145257452478675,0.12373720457705169,0.11191481940431736,0.0939140447853311,0.13710652519120115,0.11433365222551596,0.1109165865246796,0.11333968921926334,0.1325922206201611
0.018551860393486604,0.20275710437004965,0.0710758203151524,0.1013277452084028,0.08849632696200314,0.19274588994973904,0.08966349752516095,0.1456188315202972,0.08976292375570821
0.05441774148158337,0.17149984737471735,0.0792362563381585,0.15356407352985824,0.08912137213272765,0.08760157581724122,0.15078864227803127,0.10570796750383227,0.10806252354385014
0.015177833065295472,0.09070243874096084,0.07043314245042868,0.1947706958750235,0.08975652725850537,0.17071286229641794,0.11926929202278873,0.17678474377189068,0.07239246451868873
0.05431579644000365,0.0697773420764798,0.49273833057056676,0.061611219231735494,0.07155640784986829,0.06597810164792549,0.0672688373565477,0.05530673458132148,0.061447230245551376
0.07276642308333958,0.12608703213377728,0.09150296400796652,0.12079384476657747,0.1212066791284318,0.15030321664871402,0.10228753207530555,0.11495931596244713,0.10009299219344063
0.08558499746314567,0.12796543243839767,0.10117898213749675,0.06869906221384463,0.1348787611388879,0.11686747956748335,0.10879246583856207,0.13569929200255973,0.12033352719962219
0.041625321281848274,0.13030131931424524,0.10278225930644395,0.08385357103747122,0.11421681200816607,0.15736125877252233,0.11038222619869675,0.15849881220040526,0.10097841988020091
0.09434482418722633,0.12048743379290498,0.09813775696603033,0.08249434472765203,0.1235814910361153,0.10487874789898355,0.11352042940325567,0.1376344519223147,0.12492052006551718
0.08558499746314567,0.12796543243839767,0.10117898213749675,0.06869906221384463,0.1348787611388879,0.11686747956748335,0.10879246583856207,0.13569929200255973,0.12033352719962219
0.05786698070546431,0.10969781829974991,0.08452236517861024,0.09636382047907201,0.11899063235294244,0.11947912382681934,0.10602360272857447,0.21073674949015017,0.09631890693861701
0.1569902858589872,0.14374567957527276,0.07182556718230164,0.0713073322502848,0.12366044650478518,0.08928686439740367,0.11883100867252278,0.09735995308955991,0.12699286246888206
0.08558499746314567,0.12796543243839767,0.10117898213749675,0.06869906221384463,0.1348787611388879,0.11686747956748335,0.10879246583856207,0.13569929200255973,0.12033352719962219
0.06477037608809262,0.13175262877738106,0.1116111215581897,0.10926353249996346,0.14308218449255428,0.1103688656118816,0.09324731823886935,0.12520623530882127,0.1106977374242467
0.04253694004148054,0.09797067212628723,0.08520940713347303,0.20845781887028805,0.12675999137682406,0.09844286521705055,0.10651621336542993,0.10739921198362386,0.12670687988554272
0.08558499746314567,0.12796543243839767,0.10117898213749675,0.06869906221384463,0.1348787611388879,0.11686747956748335,0.10879246583856207,0.13569929200255973,0.12033352719962219
0.08558499746314567,0.12796543243839767,0.10117898213749675,0.06869906221384463,0.1348787611388879,0.11686747956748335,0.10879246583856207,0.13569929200255973,0.12033352719962219
0.06603392548162652,0.11983992073131311,0.06323536950023508,0.18751314031159225,0.06946306120877759,0.1277004479847309,0.1353600391867906,0.18680590727008714,0.044048188324846825
0.04912121701768374,0.11140768355891688,0.08757270840358827,0.1040355000086185,0.1251515727652087,0.17748738619040524,0.1964336566926699,0.08685730683682864,0.061932968526080136
0.08558499746314567,0.12796543243839767,0.10117898213749675,0.06869906221384463,0.1348787611388879,0.11686747956748335,0.10879246583856207,0.13569929200255973,0.12033352719962219
0.18815985396821833,0.04934862240571833,0.08456485547964405,0.22986166562031704,0.05469323915235653,0.09557439405775738,0.14101157649057375,0.11711563655454955,0.03967015627086503
0.02758396106612032,0.09293143461605669,0.15937089549487823,0.2118881026246393,0.044442157122500825,0.10676373479383634,0.12139603011567464,0.07916411596587736,0.15645956820041626
0.05171513447123769,0.11673411287504191,0.08551249380099384,0.06732496398578514,0.11249664481265344,0.1365516742572862,0.11822988383946681,0.2072212066533796,0.10421388530415547
0.08407855172122014,0.12461449137573687,0.09800737486802914,0.06041216524036544,0.132571359710137,0.15079511133846624,0.12033167327508487,0.12828479725911748,0.10090447521184277
0.27091969239832026,0.08545825040943576,0.07700064797137551,0.09622693307199132,0.10857645078914663,0.1128041150124709,0.09907477126637688,0.07944748618182178,0.070491652899061
0.21656001620958434,0.10981074718036914,0.09282825842516844,0.06144454809384456,0.12120029724300264,0.1009293633241773,0.09710774589402045,0.10380382791573524,0.09631519571409779
0.08558499746314567,0.12796543243839767,0.10117898213749675,0.06869906221384463,0.1348787611388879,0.11686747956748335,0.10879246583856207,0.13569929200255973,0.12033352719962219
0.025444636950907793,0.09638931213186563,0.1029173539073774,0.19458325730108306,0.06671685705789102,0.21882489268822292,0.09165833645889776,0.1488476114687745,0.05461774203497987
0.06564670938361027,0.12996886755803302,0.08458082068630916,0.1313723479810345,0.11182153898806746,0.17066537743969565,0.09003047328020337,0.10227680557195569,0.11363705911109095
0.033600683980247154,0.10047966598243131,0.07011515128908423,0.3009224098821239,0.07430343281705225,0.08583645518850698,0.14441398985754234,0.07808936394499232,0.1122388470580196
0.022122507410372628,0.08467326869917735,0.08096733840046015,0.21522607202132496,0.06262414919963279,0.18146572994288898,0.12798412466472986,0.17897737480377776,0.04595943485763541
0.07211974168529865,0.1020126588385896,0.11165821649820366,0.1858654982120488,0.11706850838011475,0.12071485946774886,0.11543040740147803,0.09835652007232143,0.07677358944419622
0.02828197527668598,0.11895184200021514,0.08978854181070872,0.09965310808059381,0.10762559774688345,0.1625959476409247,0.12235418020516224,0.17871425004428435,0.09203455719454158
0.05403829366017248,0.08094309285860389,0.44258271772753255,0.047931655420330364,0.08490640045063873,0.07446211577653623,0.07064473913671493,0.06928531901142336,0.07520566595804734
0.08558499746314567,0.12796543243839767,0.10117898213749675,0.06869906221384463,0.1348787611388879,0.11686747956748335,0.10879246583856207,0.13569929200255973,0.12033352719962219
0.07596714590806644,0.09929962846067329,0.07957761341763488,0.17201051381751883,0.11169509492727085,0.11417037451894314,0.1257701049526738,0.117934465118662,0.1035750588785568
0.05446866385017172,0.07133380378574287,0.48836086394630884,0.05948949662866709,0.07289931075780613,0.0671360098544193,0.06769710525961775,0.05548294404016211,0.06313180187710421
0.04973945140777463,0.10958427303120234,0.08302737270753245,0.15746038168394205,0.10093279254251782,0.1671519111066276,0.13820927909914646,0.09301730256551473,0.10087723585574189
0.08558499746314567,0.12796543243839767,0.10117898213749675,0.06869906221384463,0.1348787611388879,0.11686747956748335,0.10879246583856207,0.13569929200255973,0.12033352719962219
0.06728279487402994,0.12302761157429028,0.09885440531175838,0.125868648740348,0.13744961892415006,0.10264308405327993,0.09886912257723178,0.12124959561401154,0.12475511833090003
0.06418011754790105,0.1176846315443348,0.09317850576477361,0.07045732273561565,0.14484653835458564,0.13335599492725184,0.11902239450177866,0.13015402084935107,0.12712047377440752
0.04223579126810786,0.06362485932861453,0.06801328524119266,0.24125554536099617,0.058689331953515146,0.16511054903903485,0.14161663599037969,0.11416340575879669,0.1052905960593623
0.11868812246179376,0.13812505789471827,0.10151123647195075,0.08573295891790111,0.14212705988892674,0.09259016669893906,0.10467922915882309,0.10572637325111629,0.11081979525583095
0.05176537448144447,0.06968924094848822,0.5028991492550517,0.05676806560212041,0.07186388659776027,0.06564081504913376,0.065779110814818,0.05323881490786525,0.06235554234331788
0.05249803974779584,0.06856250558028339,0.058403332450093624,0.24683538495990928,0.08996806752046431,0.10987811022469762,0.1493059902984409,0.11341239444032376,0.11113617477799131
0.08819705409453744,0.113546237290447,0.10612440331383473,0.11892754276286333,0.11120051101568373,0.10432865468335989,0.11514961025972124,0.13948362645177884,0.10304236012777379
0.08068300491072215,0.11354715831374584,0.08776351749073706,0.06918177862144453,0.12815832493578946,0.1693719296785444,0.11648010582421497,0.12215280497279297,0.11266137525200863
0.07237652293301097,0.09053325050569783,0.0817258170973575,0.3129243947136212,0.11206132639198167,0.06764776677732907,0.09368468067257729,0.06528141349795703,0.10376482741046737
0.042066032573086436,0.07522149820699914,0.07079622147205132,0.239819247894437,0.12760151700861577,0.07654061508459338,0.16458517620019936,0.08849590144303039,0.11487379011698719
0.042606562183193634,0.12959083541163618,0.096989120097337,0.07522829221648758,0.11262983660776965,0.16165426496765478,0.11596334704422005,0.15489654315614101,0.11044119831556014
0.08558499746314567,0.12796543243839767,0.10117898213749675,0.06869906221384463,0.1348787611388879,0.11686747956748335,0.10879246583856207,0.13569929200255973,0.12033352719962219
0.0798827221633501,0.11708811698042139,0.09566380843688145,0.13959994149438792,0.12956091632506364,0.10306633439156943,0.10315970598010336,0.1244094715845595,0.10756898264366321
0.049427808135853096,0.07043414666395299,0.5081270964405705,0.05099905147350269,0.07316737303178077,0.06592290446302788,0.06442912497578686,0.0532075508079429,0.06428494400758235
0.08558499746314567,0.12796543243839767,0.10117898213749675,0.06869906221384463,0.1348787611388879,0.11686747956748335,0.10879246583856207,0.13569929200255973,0.12033352719962219
0.08558499746314567,0.12796543243839767,0.10117898213749675,0.06869906221384463,0.1348787611388879,0.11686747956748335,0.10879246583856207,0.13569929200255973,0.12033352719962219
0.06826680033546993,0.1269851933924349,0.0921261698558719,0.10030925191819932,0.109942388774928,0.12628765836992942,0.11621033415841205,0.15217688186207753,0.10769532133267694
0.25561433821652163,0.09300590396367593,0.07612925643297304,0.045236901099677596,0.11084138839727604,0.17062377017421934,0.08258439784196675,0.09731192278398561,0.06865212108970409
0.06931630406604378,0.1589534477176191,0.08615078984209538,0.11468091364871881,0.12676452979575797,0.09816105560498356,0.12542526426492792,0.1194765482777566,0.10107114678209694
0.08558499746314567,0.12796543243839767,0.10117898213749675,0.06869906221384463,0.1348787611388879,0.11686747956748335,0.10879246583856207,0.13569929200255973,0.12033352719962219
0.15113377291947436,0.11715536766160116,0.09888221992581651,0.07249164512772986,0.13939641516962265,0.10057147183181264,0.1001054571877091,0.11262472786476553,0.10763892231146822
0.05052752450941945,0.0726800256906895,0.49703556592841425,0.050295011023267944,0.07519402776601411,0.06770839572247862,0.06575098742284015,0.05435977748467182,0.0664486844522042
0.10001817805913736,0.13088215539612616,0.09622857202233064,0.12518866135259119,0.13336517159139197,0.09343766256798376,0.12176902961030782,0.11095106649402374,0.08815950290610736
0.10394688884240737,0.09166430246111373,0.08105010791490597,0.09999300492609046,0.11028540085429199,0.16290301122713777,0.11868026654218983,0.10709833913218499,0.12437867809967795
0.03386477370558935,0.09022659501580162,0.0777614565270812,0.2875800876529344,0.11248685042702683,0.1438100528683739,0.09939364869045429,0.06331134747904692,0.09156518763369144
0.24597430190335487,0.08971238257952407,0.07863694942251236,0.056733227086732396,0.08792332084769387,0.15755466403520543,0.10408068773030406,0.12006841422960986,0.05931605216506308
0.08558499746314567,0.12796543243839767,0.10117898213749675,0.06869906221384463,0.1348787611388879,0.11686747956748335,0.10879246583856207,0.13569929200255973,0.12033352719962219
0.09042654749142269,0.12490336277370599,0.09835748937132326,0.06613530067052623,0.13257116785336942,0.12961875248396856,0.12136218347062432,0.12796231942559602,0.10866287645946356
0.08558499746314567,0.12796543243839767,0.10117898213749675,0.06869906221384463,0.1348787611388879,0.11686747956748335,0.10879246583856207,0.13569929200255973,0.12033352719962219
0.08558499746314567,0.12796543243839767,0.10117898213749675,0.06869906221384463,0.1348787611388879,0.11686747956748335,0.10879246583856207,0.13569929200255973,0.12033352719962219
0.08558499746314567,0.12796543243839767,0.10117898213749675,0.06869906221384463,0.1348787611388879,0.11686747956748335,0.10879246583856207,0.13569929200255973,0.12033352719962219
0.05198494550428375,0.12033146365349222,0.11039793110099178,0.08848167753624903,0.134455157819789,0.10573428955570613,0.11530825115993192,0.12617372872966046,0.14713255493989583
0.05271926502039325,0.07870266205688826,0.3614619485331179,0.07485775431239101,0.0865401025371791,0.07732337906104461,0.08991972494790128,0.07838010421043039,0.10009505932065425
0.08004082449349219,0.12906038620423607,0.10207358487706164,0.0668704965243923,0.1394949239468336,0.11269401331359802,0.10842681098709057,0.13744541052027145,0.12389354913302415
0.03460508113874671,0.07147698035760348,0.4558482139267273,0.07080584357128937,0.0582841109142612,0.14210209692084994,0.06292098882047104,0.05979817148423829,0.04415851286581255
0.04991063620425674,0.0706712079807461,0.5051195546593648,0.05156061671626733,0.07338584738545738,0.06614995914260961,0.06476695603900297,0.054050705269617784,0.06438451660267733
0.09997825198089906,0.12584928649518198,0.08135460523649689,0.0722313402749832,0.11973920611266585,0.17293563443149104,0.10735701888919215,0.13646890270575546,0.08408575387333443
0.08558499746314567,0.12796543243839767,0.10117898213749675,0.06869906221384463,0.1348787611388879,0.11686747956748335,0.10879246583856207,0.13569929200255973,0.12033352719962219
0.07823228869353438,0.08756061144400458,0.07140524255648291,0.09950734428577013,0.10732762236249181,0.09934768194291838,0.1327744835928751,0.09864344544373299,0.2252012796781897
0.16399297337469218,0.11326897707278995,0.09649362072153926,0.07691834106269664,0.13162407358298203,0.10655212058421511,0.1042797971265589,0.10781554687548796,0.09905454959903796
0.08558499746314567,0.12796543243839767,0.10117898213749675,0.06869906221384463,0.1348787611388879,0.11686747956748335,0.10879246583856207,0.13569929200255973,0.12033352719962219
0.08129897832214954,0.11803253536873771,0.09510100487210293,0.09150512237414767,0.13253674710984986,0.11442151125880597,0.10438136443437755,0.12356877730438433,0.13915395895544447
0.06485869925108484,0.11118890651356685,0.08142247490355276,0.3081298576938191,0.10315242341108839,0.07293968309463955,0.08629688048369243,0.09064133173200205,0.08136974291655413
0.07906597263710291,0.12188797431142749,0.0981182856442775,0.08405929482980597,0.13451072095188252,0.11180945796106194,0.10265654414481222,0.1293051919059289,0.13858655761370053
0.08558499746314567,0.12796543243839767,0.10117898213749675,0.06869906221384463,0.1348787611388879,0.11686747956748335,0.10879246583856207,0.13569929200255973,0.12033352719962219
0.09213051607357498,0.08546215259225594,0.07793564941904929,0.15412844446859775,0.09895486589912635,0.09066454826006883,0.12480644313253526,0.16847422781679802,0.10744315233799358
0.08396798751218441,0.11592284520251689,0.09091109411429336,0.09252401284899459,0.13203756073058728,0.1550174161183415,0.10200916094154473,0.11447575108460666,0.11313417144693061
0.06256477379473466,0.11302561258220016,0.09107597522272438,0.06883848167087613,0.11720420055786439,0.09138526790171801,0.10673346484932278,0.25599007228357723,0.09318215113698236
0.07018364841095581,0.1488791943692413,0.08094714130914997,0.08205472955350655,0.11826300221619707,0.14960093552044004,0.09531913494606709,0.09941482921705325,0.1553373844573889
0.08558499746314567,0.12796543243839767,0.10117898213749675,0.06869906221384463,0.1348787611388879,0.11686747956748335,0.10879246583856207,0.13569929200255973,0.12033352719962219
0.05997122762505297,0.1325928411242542,0.09610205953093731,0.10415554808171802,0.1384318204749301,0.10896614026173039,0.12393193129378632,0.124516134605201,0.11133229700238968
0.2255227863462704,0.08276818072072717,0.07437139849027402,0.13357636370950535,0.10925178214550108,0.1336729752322792,0.09470466658624171,0.07484870184390068,0.0712831449253004
0.023196559974844457,0.09718162036319611,0.060910093291908496,0.32617673824813737,0.046583029988819365,0.14024596214054402,0.08489604824669339,0.16665226050189022,0.05415768724396661
0.047664763925609116,0.10979825878586964,0.08771583990291332,0.1757137445091234,0.1217114577744312,0.09425720185146341,0.10613594759544198,0.13275065971947003,0.12425212593567792
0.11143828561761375,0.12168941810834612,0.09686075136202389,0.06829010068974858,0.12886655196275676,0.10663508136560962,0.1060589711983374,0.14463305632509962,0.11552778337046421
0.08558499746314567,0.12796543243839767,0.10117898213749675,0.06869906221384463,0.1348787611388879,0.11686747956748335,0.10879246583856207,0.13569929200255973,0.12033352719962219
0.06168690541399327,0.12457296950867186,0.10916513207942431,0.08359521688011828,0.13402653929846978,0.10905772786484234,0.1061254572851476,0.13969818604420217,0.13207186562513043
0.07974541954685431,0.09741633484765107,0.13439820330772587,0.049960760004040226,0.13776431151462307,0.1206350451247246,0.14433037449978908,0.12922010193536274,0.10652944921922909
0.08558499746314567,0.12796543243839767,0.10117898213749675,0.06869906221384463,0.1348787611388879,0.11686747956748335,0.10879246583856207,0.13569929200255973,0.12033352719962219
0.06214629883593754,0.11065589318448117,0.0877020376374801,0.1137747872067873,0.13288455113377684,0.13081993850339194,0.12460073044667468,0.11742189229872434,0.1199938707527461
0.08558499746314567,0.12796543243839767,0.10117898213749675,0.06869906221384463,0.1348787611388879,0.11686747956748335,0.10879246583856207,0.13569929200255973,0.12033352719962219
0.05023012004883137,0.07002401765622969,0.5024451620985227,0.05311031317403748,0.07320364672707169,0.06574362754187955,0.06481364322420219,0.05677569934824996,0.0636537701809753
0.06164239403771441,0.11804702037647082,0.08982472401821369,0.0810216193677352,0.1288939712618024,0.10177103060148869,0.1216288945579036,0.18839153848795717,0.10877880729071397
0.06830037257668424,0.12178487938258209,0.09729615228821424,0.0645526644464557,0.12990545613297688,0.1358715703666996,0.11513753150665872,0.15368401123666864,0.1134673620630599
0.08558499746314567,0.12796543243839767,0.10117898213749675,0.06869906221384463,0.1348787611388879,0.11686747956748335,0.10879246583856207,0.13569929200255973,0.12033352719962219
0.23358387410744888,0.08568093090581386,0.07039086216266384,0.1583647433461455,0.09028110524894223,0.12683889979212928,0.0911207726851403,0.08344740049494086,0.06029141125677533
0.0573107377867386,0.1144602534751943,0.1024117845269132,0.1022129681558801,0.12132743730894176,0.1257751612164741,0.10865481784165225,0.16929118235531515,0.09855565733289055
0.08501994957249104,0.12439645853844739,0.09961059005943555,0.08240335196280692,0.12878943709430027,0.11562287877360063,0.1089345994793615,0.139739262530802,0.11548347198875475
0.08850630542978545,0.1218871522641095,0.10280169320406785,0.08143803631002361,0.1361246797822173,0.10083079699937599,0.10336534090014658,0.13817840059814687,0.1268675945121269
0.0699002791589441,0.11342102724235757,0.07248808543054673,0.1485087973603493,0.1187243138107485,0.1345472532186732,0.11196196457862849,0.12873445960197627,0.10171381959777591
0.08558499746314567,0.12796543243839767,0.10117898213749675,0.06869906221384463,0.1348787611388879,0.11686747956748335,0.10879246583856207,0.13569929200255973,0.12033352719962219
0.21160622363101553,0.08628532812114727,0.08623533333124689,0.08670140720559372,0.09807562755822169,0.09175406195329931,0.1270368469281126,0.12002200236848283,0.09228316890288017
0.08558499746314567,0.12796543243839767,0.10117898213749675,0.06869906221384463,0.1348787611388879,0.11686747956748335,0.10879246583856207,0.13569929200255973,0.12033352719962219
0.08558499746314567,0.12796543243839767,0.10117898213749675,0.06869906221384463,0.1348787611388879,0.11686747956748335,0.10879246583856207,0.13569929200255973,0.12033352719962219
0.04746231165155305,0.07401803513229914,0.1177783928605625,0.22924777705808275,0.05079242577319609,0.15978529266472968,0.12126909041501643,0.14942479031111386,0.05022188413344648
0.005123088809176314,0.11603184999943833,0.10142490079646842,0.1572589286561112,0.06091281025987231,0.20229055368819035,0.10644960529333974,0.11876430788630556,0.1317439546110978
0.06931116105502542,0.11707419255486162,0.11187877265482055,0.0630084676451593,0.13136377014360073,0.13212425181542062,0.11015752042718265,0.15489871602946165,0.11018314767446753
0.07325208129833391,0.1178826732588647,0.09659823879952704,0.10815620664033045,0.11357653450456107,0.16625863967567625,0.10903980996653323,0.13020995004475547,0.08502586581141776
0.19224816233387088,0.10179487868710076,0.08975549602974221,0.09802738028260505,0.1175984862811702,0.07989922268718812,0.12234054169940023,0.1124508213865336,0.08588501061238879
0.003017438617315002,0.101367314970636,0.12011872775486727,0.21965017225018835,0.05292638131548353,0.20081070218712113,0.09340637203880241,0.16035208057950437,0.04835081028608187
0.027955905105424533,0.10770188902880999,0.09314433928324935,0.40259263232779485,0.07626058761985416,0.058268369903659155,0.09901344680944828,0.054916870595386504,0.08014595932637307
0.06803258945679795,0.1031321480885496,0.08029423009618124,0.09815877993193396,0.11985707537191385,0.16034238883430313,0.11489806541295022,0.12490966941977673,0.13037505338759334
0.026107491196606564,0.07481694004540086,0.06330109849913429,0.3801252425432648,0.08742748426040196,0.14142333879279723,0.09740730421566192,0.07222978735305519,0.05716131309367728
0.06505004338939276,0.12091856121321033,0.09082640802785892,0.06653258147422253,0.12169030183842937,0.11296323061051794,0.11296684397037836,0.20506953171809414,0.10398249775789568
0.0808679280381846,0.13487961107078258,0.10947368515167351,0.04950456613582218,0.13758426740797403,0.09123301251802339,0.11670932466364681,0.12549166116593324,0.1542559438479596
0.031514781707691474,0.08988985728094125,0.07312375101714777,0.29844511706264715,0.07599749857711106,0.19965762509726084,0.09614687807267093,0.056000825167083684,0.0792236660174458
0.13837262317946122,0.1132849856848381,0.08453258036002993,0.09594214138227951,0.11533794863943216,0.10392680495817741,0.10490838573725071,0.14588459193660938,0.09780993812192157
0.048931548861708536,0.11816515323362593,0.08468666239700318,0.10796135315534061,0.12685772203901322,0.17254810715114077,0.14888055742733364,0.10633956804897939,0.08562932768585474
0.2123162344399343,0.11202476701045722,0.08270645555885385,0.057256126112588214,0.12766699623165342,0.10211471649581505,0.095004882735373,0.11356130329656484,0.09734851811876016
0.045605935893035465,0.0875408430375778,0.07505988007678463,0.08977259677714577,0.1263443130084556,0.1283187330778132,0.1500179651300976,0.07488822086563175,0.22245151213345826
0.4037171076843347,0.059271297439755614,0.0624101080037931,0.06311413906231612,0.0904181701595451,0.09784574416308278,0.10473894442949987,0.05919680163287474,0.05928768742479799
0.11672370288723825,0.1215357056609145,0.09704406619465243,0.06572190442916895,0.12987153844928612,0.10084459486448327,0.10334779830671036,0.14675529313762326,0.11815539606992288
0.11071328556937521,0.08950930024997217,0.08283069610050592,0.17027247452613412,0.09792195918936548,0.1347043686605149,0.11246446087037626,0.08233028262793377,0.11925317220582214
0.06510417059307803,0.11152540203820475,0.09293723812234563,0.07963959373029188,0.1325538341874215,0.12015351670677217,0.10350983518704664,0.16049870313840922,0.1340777062964301
0.05907317578055407,0.11550131612778686,0.09381256284187771,0.06859014514513795,0.12750871911614742,0.09688190878734482,0.11717917550300279,0.20334779820513724,0.11810519849301108
0.08558499746314567,0.12796543243839767,0.10117898213749675,0.06869906221384463,0.1348787611388879,0.11686747956748335,0.10879246583856207,0.13569929200255973,0.12033352719962219
0.13115929380532462,0.12705688843890917,0.09967972403124305,0.06531099715058519,0.1308241615481701,0.10011497792863239,0.1256428041755406,0.13533363594272851,0.0848775169788663
0.08558499746314567,0.12796543243839767,0.10117898213749675,0.06869906221384463,0.1348787611388879,0.11686747956748335,0.10879246583856207,0.13569929200255973,0.12033352719962219
0.05539203094400588,0.07323244256907807,0.47442795913983166,0.058666366917336565,0.07523508616051997,0.06869702384193975,0.06866797689475995,0.060512694016616714,0.06516841951591153
0.07955291108895783,0.12479485773948062,0.09979818167958072,0.07061196957450638,0.13343506989956813,0.11225075541381664,0.10968755773070422,0.1557747474298503,0.11409394944353517
0.06156635859560553,0.1598165666167564,0.09542547194161373,0.07173681095390032,0.1329196740462871,0.13561631669519025,0.09551338751753546,0.12538669146087236,0.1220187221722389
0.03977701076833786,0.08182379605273771,0.050173939768595265,0.3756973194716264,0.07544593627934298,0.06752537084935957,0.14761695284925616,0.09041428830995445,0.07152538565078968
0.06401180009831392,0.07820210156988024,0.1482731603695151,0.048827875542996946,0.12942009423791975,0.18234612413871673,0.13821075047971246,0.11819424007284314,0.09251385349010166
0.06603582632843781,0.09796168924057837,0.3282605217080423,0.05422652826783644,0.10184299887527463,0.08925148511528508,0.08469017725191985,0.08786943537997437,0.08986133783265116
0.06092002682521181,0.1125140193552649,0.09132860587076823,0.06577265260224778,0.111325493355928,0.09019730933002286,0.11040385650715966,0.2649814611479167,0.09255657500547998
0.05066978657969367,0.08667241874951943,0.38494817590985964,0.05929332600249574,0.09389608551677335,0.07913281111461155,0.08672777509270761,0.07689405035198603,0.08176557068235303
0.059633449472491364,0.12037335686855151,0.09050350334597994,0.0695687216273267,0.13092176998266009,0.11006823087460697,0.1267491742786682,0.17955542585880438,0.11262636769091078
0.08558499746314567,0.12796543243839767,0.10117898213749675,0.06869906221384463,0.1348787611388879,0.11686747956748335,0.10879246583856207,0.13569929200255973,0.12033352719962219
0.08544660534689692,0.1272577038226903,0.10052276264372835,0.07149524939862245,0.13355403113734732,0.11668576964352657,0.10887502591686038,0.1367880058263787,0.11937484626394894
0.05280540121264596,0.15338863076253154,0.08445030772089228,0.18776247091201206,0.11028318961840222,0.16654694836777953,0.0696115224428085,0.10126679885379457,0.07388473010913338
