0.12001245533375438,0.0974246531870625,0.12384670252560515,0.10056408428002267,0.12028279080304115,0.1132430956653359,0.09190049249805284,0.10922951071132388,0.12349621499580153
0.12064213476717756,0.10279789585443568,0.12936877556585638,0.09919254728254816,0.09949882654043572,0.10966840536695073,0.09261920759050966,0.11174056096264211,0.134471646069444
0.10145965183118351,0.13997891296259904,0.0762328984334944,0.131599363194789,0.1169873533490069,0.09232106770827035,0.09906607051206746,0.10916950037795764,0.13318518163063175
0.09595361443022771,0.14148018946521793,0.06835793439508621,0.149733423648588,0.12274881917671347,0.08926959322061785,0.10156920060677044,0.10362045583705128,0.12726676921972713
0.12409283173703829,0.12052292350476458,0.1407856207773403,0.0897732342070851,0.08825190906646523,0.11358759099952263,0.09345026477837241,0.10591715559004344,0.123618469339368
0.1056979308877208,0.12692234497328117,0.07644197195198267,0.1347272852699022,0.12457184066947126,0.09750260996864839,0.09694269856350142,0.10835622426291404,0.1288370934525781
0.1231447524137511,0.1005677992783963,0.13455462719534392,0.09671693369277694,0.09688279151881728,0.11165203596650099,0.09382539096119939,0.11057216223600634,0.1320835067372077
0.11350279716156327,0.10730474728842208,0.10975829960988885,0.11191488106386276,0.10689651171658739,0.10376688702909205,0.0936723638040099,0.11448119321882959,0.13870231910774414
0.12568615306353434,0.09716812813117405,0.15541397645548102,0.09096860698716173,0.09331263411788233,0.12293232887552685,0.11207181092418904,0.09218437668191291,0.11026198476313787
0.11906643659445781,0.11184472663520872,0.12382301198960512,0.09900347499245798,0.09885311456906139,0.10757510514234675,0.09123191981853192,0.11293453616225561,0.13566767409607475
0.10177283579449548,0.13982882981042014,0.07652862560765068,0.13091930102002208,0.11637726885683553,0.09246761815958278,0.09907465783730222,0.10958287916222358,0.13344798375146757
0.1248321890690135,0.11091664854308696,0.14570057197922,0.09026601273050118,0.09110122228290103,0.11578084746231004,0.09623634817436617,0.10281229456802032,0.12235386519058085
0.12087361910760254,0.12160001150753463,0.126997701615526,0.09403549319778504,0.09290199808332551,0.1082509907001219,0.09004426024014922,0.1125127214822917,0.13278320406566338
0.11382986245046982,0.11458990671267551,0.10902339303326868,0.10843528123780544,0.10510684620999523,0.10322642582550796,0.09264329024414485,0.11443747489013896,0.1387075193959936
0.12377931375891009,0.09512082717866353,0.14701144028640523,0.09295347109497742,0.11007947033568204,0.12229230735367551,0.10699677060736162,0.09260344295897133,0.10916295642535329
0.11375908910951348,0.10400295464994706,0.13934237005313188,0.0941808598607889,0.11042231061162572,0.12899020414029633,0.1412171896824996,0.08327863399578603,0.08480638789641094
0.11302490751064977,0.11154803101843819,0.10128375818188336,0.1133743733037552,0.1146296666822078,0.10334187671801104,0.09298770118820425,0.11493886344057234,0.13487082195627798
0.11390812371756492,0.1279955426542384,0.10534791691470363,0.1045065276770467,0.10131536426555914,0.1015681756775686,0.09137014345134375,0.11557787301650484,0.13841033262547006
0.11259107556732123,0.1209800731882255,0.10475414655452353,0.1088774860084802,0.10548251787673817,0.10170867037254648,0.09249653590217642,0.11430532671185105,0.1388041678181374
0.11854589001707787,0.12157684857396439,0.12179661746610972,0.09689525022401653,0.0966239140778428,0.10648051357011773,0.08977657056986309,0.11307477593190766,0.1352296195691002
0.10908722320351287,0.08242786302700461,0.10529123894751034,0.12343900580495026,0.161728441931021,0.1345713732029129,0.11864393471661976,0.08699641324381768,0.0778145059226506
0.12633103587363928,0.08374493521981158,0.15112619500285182,0.09588587957794958,0.09921658547378924,0.11858361551922315,0.10275915658648399,0.09956863878186467,0.12278395796438668
0.096043773947611,0.16432785609538822,0.06342646233036649,0.13446462197226472,0.12167291929365968,0.08609612445084731,0.10028811850522695,0.10781920451809161,0.12586091888654402
0.1231596604732433,0.10254579396362064,0.13726592172715724,0.09518840195155247,0.09666363820170731,0.11234833376044155,0.09357974183638572,0.10852147041599526,0.13072703766989655
0.11358064388050877,0.1299661028260141,0.10627632346148352,0.10359674548961229,0.10185569270028694,0.1015885655564102,0.09055217119334602,0.11448319526305124,0.13810055962928688
0.10321929236104192,0.11730625591270373,0.12610291406910945,0.09446870397261152,0.08991016763924974,0.13161254031642253,0.1755098564807873,0.0912677603112965,0.07060250893677741
0.06820248829978107,0.1629070863630857,0.05711830812207439,0.10499480060472838,0.11996124362534917,0.13058185636531267,0.20546305120133682,0.11728843020344032,0.03348273521489148
0.12008367214699898,0.1491311011063173,0.06265395637157635,0.16023096368325593,0.04809863145694133,0.11194351662105945,0.10364088146345786,0.13269296432825067,0.11152431282214216
0.11911828705784129,0.11168524003630846,0.12399042183540655,0.09896351112020318,0.09883180494059333,0.10763287076089771,0.09125065058708565,0.11290076545340388,0.13562644820825998
0.12360674690293566,0.10882313591941063,0.13906857629424849,0.09268849034840959,0.09393274625640492,0.1128417206635665,0.09322399083976175,0.10725809206485547,0.12855650071040706
0.12040617811480785,0.0982066128030225,0.1465679274111931,0.0930734830393841,0.11082999930641692,0.12612297912712198,0.1211516832759445,0.08610157616624363,0.09753956075586546
0.09432543338629072,0.12582796866004986,0.1035436571040877,0.09917505550906254,0.14603058477773953,0.12876569369873053,0.15939113921510814,0.08221603178438203,0.06072443586454892
0.09313759756038069,0.13910922479847607,0.06552945155503519,0.1635505304490719,0.12382967246308463,0.08806156536396263,0.10256319015914121,0.10053887271354688,0.12367989493730086
0.10767290004910494,0.13254782855603395,0.09082219346920184,0.11644772189416057,0.11050290232707542,0.09712689055175915,0.09448360765652676,0.11263560231357661,0.13776035318256083
0.10856283671545867,0.1370022354560516,0.07377936512796361,0.1609711229927356,0.05786283588445368,0.13943401447870715,0.10234388107860055,0.15201679921591235,0.0680269090501168
0.12661039970445873,0.09568942475025354,0.15466297438477805,0.09130216095896819,0.0926442806592141,0.1230576944373052,0.11310280689439633,0.09257475217333216,0.11035550603729366
0.11990960958104264,0.11915526555658486,0.09665427677032223,0.11395910083291803,0.10883943102341764,0.1186229234415818,0.09038541429923658,0.12252689570369661,0.10994708279119957
0.12324567550709072,0.0931667412692923,0.13771001591352885,0.09648377626633381,0.11067873128788987,0.1159772152207759,0.09589877662257461,0.10418186325066975,0.12265720466184415
0.1132843911533663,0.11852888300878343,0.1069411723127797,0.1082107785197154,0.10502126106337717,0.10244555681021437,0.09241903165687652,0.11439456296383625,0.13875436251105075
0.10854376548274532,0.10764262264496909,0.09061303588873848,0.12806307498780894,0.12433117329707581,0.10148833691400487,0.09501335422878211,0.11259464315169689,0.13170999340417852
0.09266356924823964,0.15418694293238924,0.06043998094737519,0.15502977127619083,0.12404438115532458,0.08571654488845289,0.10356338561954737,0.10221323289450766,0.1221421910379726
0.10130906580286288,0.13483296054352537,0.07800057174540569,0.13411256512825664,0.11830919342125985,0.09305571645928672,0.09884720125140439,0.10819175338000575,0.13334097226799269
0.038754353888534626,0.17754660069459394,0.00515740682161253,0.1541900764446192,0.2326214781425574,0.0824474474829381,0.07762730185977634,0.22332474304694186,0.00833059161842611
0.07311377773923843,0.15971850753230646,0.06970969839668492,0.10009173653505803,0.08338796413596927,0.13350264892161423,0.21542706373627665,0.1257755264988121,0.039273076504039967
0.05644868036963682,0.15551792016398333,0.025207002375961327,0.12128928019140062,0.101529612101436,0.1357602763032376,0.23126965873691144,0.15692616863870285,0.016051401118730033
0.11490849428568588,0.11043557108437917,0.135080963197457,0.09395119500184342,0.12364983989264011,0.12614408937429397,0.12084020367776244,0.08592630306774808,0.08906334041818992
0.11627711722572966,0.0986786963202083,0.14709878821580238,0.09342351481581086,0.09406336752583234,0.13007744745677233,0.1495058933444662,0.08360184240646008,0.08727333268891778
0.11559919689325338,0.15317902067964312,0.054578367381334446,0.17841051461566418,0.049189185859468375,0.10536426237129522,0.11159214843776989,0.1202822401567415,0.11180506360482996
0.1209519833726419,0.11140944378131834,0.1297154941192723,0.09597885598390003,0.09653502031828413,0.1094294437579091,0.0913371100900401,0.11125998109845507,0.13338266747817903
0.11815814864995626,0.09194195499221798,0.12507177873892555,0.10762375884639935,0.10462314670650807,0.10869446371838931,0.09434188180595549,0.11347317923319689,0.1360716873084511
0.11475857055544512,0.10424142603831672,0.14461916399329475,0.09289970600212488,0.09220710027182512,0.12968366108252496,0.15002506423635542,0.08608821925907335,0.08547708856103968
0.11651791974656871,0.11441481043375717,0.11413057367004,0.1037889559283439,0.10101291307887178,0.10477439537498079,0.09202681199782958,0.11534666814889814,0.13798695162070998
0.1132229927258389,0.10215639551058547,0.14250420147505435,0.09381439322411633,0.09340525862367903,0.13081593896639002,0.15699493806226728,0.08429651599835418,0.08278936541371452
0.1261758166973834,0.08384349909206919,0.15809504141988115,0.09372091982595081,0.09794851293161805,0.12466881159117116,0.11829263173052394,0.08793229739072035,0.10932246932068196
0.09574437856936306,0.15044929339305554,0.06516382857058832,0.14535434714738824,0.12171373026851647,0.08783416730356146,0.10224892555301462,0.1051101157154752,0.12638121347903702
0.1262614687492498,0.098583015337992,0.15117276602250349,0.09134851227762264,0.09382902547409393,0.11884889000393128,0.10176396548364379,0.09870032639761349,0.11949203025334958
0.10715545749477762,0.12351771363146623,0.0916495338863026,0.12165244320680786,0.11249048638512536,0.09788110735834649,0.09576876035753355,0.11212600809320167,0.13775848958643855
0.1157576824324399,0.10441124099279385,0.11592634778967285,0.10798241642862826,0.10477226719499642,0.1056195840892367,0.09312635901237028,0.11436584469292932,0.13803825736693243
0.12249410417641034,0.09856195180998621,0.13542056546508127,0.09747647902283896,0.09864972143885047,0.11181484115403624,0.09381626141013809,0.10959208102324092,0.13217399449941755
0.06781850243474706,0.16055606366585448,0.05741283978797505,0.10535744353707821,0.08545607039950077,0.13696161661151882,0.22175191511481188,0.13175167197658386,0.0329338764719299
0.11196146248345144,0.12731168169815713,0.09465577650956088,0.11119100107243114,0.11336210145874337,0.10102792943494017,0.09195731395992196,0.11426754450170425,0.1342651888810897
0.11437331905370902,0.0982380908912714,0.13394691007238504,0.0962946045861457,0.13063998999245088,0.12835384329973115,0.13155654071972323,0.08085860719056813,0.08573809419401553
0.12107213727637696,0.08637393362409508,0.1340955087704879,0.10407451062215932,0.10310154204234077,0.11166382262506497,0.09562866487403032,0.1108356947704426,0.13315418539500212
0.10398663978512461,0.1286366587116632,0.08421516958694296,0.12866353797060412,0.11580999791302411,0.09537211715664302,0.09748780825477425,0.11007943115299908,0.13574863946822477
0.10412695283991791,0.15258440748695346,0.07958382761344474,0.11742457246931472,0.1125397674197709,0.09239322659120974,0.09486785168392088,0.11177573577786959,0.13470365811759802
0.12440450709328366,0.11638341573273425,0.14796928239423449,0.08913643183384078,0.08860246708069018,0.11722525929091691,0.09857846054350224,0.10042523176074415,0.11727494427005332
0.11862863481540209,0.10128599408249722,0.11605536544446614,0.10275071385926214,0.12547567746913266,0.11289800026209751,0.09042161740354986,0.11109748869482894,0.12138650796876337
0.1202801117646163,0.10050791260287385,0.12623977918436965,0.09988653060480633,0.10993833150793116,0.11110692271043664,0.09201820633400609,0.11055274631674743,0.1294694589742125
0.07858901134027407,0.16239970354118374,0.07688153351471948,0.09890415159091186,0.1337776481723707,0.12454321497375465,0.17826362109423224,0.1018330112936477,0.044808104478905486
0.12491671928306099,0.08895472065538775,0.1572360332965309,0.09263630007703422,0.09613948573700755,0.12586749512287135,0.12273461197935882,0.08662363693369902,0.10489099691504945
0.09059546567698351,0.1688749058271243,0.055201227122630175,0.15094819380963753,0.12644498887573427,0.0825561606570122,0.1035057212692923,0.10363793651476429,0.11823540024682137
0.11510291204355631,0.09337670140141925,0.11198946425030709,0.11425350549164177,0.1152200365559477,0.10681179417460451,0.0939552530034372,0.11567596512858191,0.13361436795050427
0.12515082145199893,0.1091801583526672,0.14727500042052005,0.09021161322131582,0.0912191340015644,0.11664054726339913,0.09758025443231606,0.101651219342913,0.12109125151330535
0.11850066923037966,0.11694158025776731,0.1140676853454587,0.09859305748991772,0.1250733545986004,0.11454982691920439,0.08833412562691284,0.10922385036245079,0.11471585016930815
0.11440643124617635,0.11787484773588815,0.109985561867416,0.10600086199558528,0.10359505644868605,0.10331987771112983,0.09190769578829995,0.11444426674782297,0.1384654004589955
0.11150237881621217,0.12268322681364492,0.10171683670185312,0.11076826751702172,0.10669839303399752,0.10077582633506033,0.09295560958873827,0.11406798521713855,0.13883147597633338
0.10325457390976622,0.13953336287278736,0.08032671333509436,0.12564225028470205,0.11563468836589973,0.09354537728863271,0.09715444406227443,0.11008779829728328,0.13482079158355983
0.11887283023680928,0.10164256152706351,0.15021965912888072,0.09206963220188752,0.09237094934935557,0.12816138625067922,0.1378042644370063,0.08647221613606743,0.09238650073225042
0.12247605740844174,0.13710889367410553,0.07282079021938413,0.1502802712149993,0.04929406431338589,0.11908299604315985,0.09900069252886716,0.14073123034465543,0.10920500425300099
0.11606632635476762,0.11088339931549684,0.1460620060181535,0.09167910344200021,0.08959273898086735,0.1276041573001981,0.13968847421019354,0.08968932626812597,0.08873446811019688
0.1182058506173516,0.10438511470779026,0.1491925209166375,0.09187272871265073,0.09149318798963972,0.12795461374756129,0.13787389668969427,0.08745802447148932,0.09156406214718533
0.11116084754329454,0.10246091951270546,0.13936807083915115,0.0945836951441083,0.0938514412374399,0.13168261618958493,0.16351922463634544,0.08361535669804175,0.0797578281993286
0.10853903924362433,0.13245106982128438,0.09282477084211575,0.11426662633770185,0.10923541015125422,0.09770459807356652,0.09382821492289455,0.11308623468454822,0.1380640359230102
0.11863888761265684,0.14157795207637294,0.055670472500563804,0.17758712909298455,0.044752204630021504,0.11082610490595339,0.10790635839973638,0.14151764674931047,0.10152324403240015
0.10642167546771168,0.12854845873100923,0.08780017203829045,0.12233638864901299,0.11208367864769646,0.09659941198887546,0.09651975581210152,0.11241111631229965,0.13727934235300257
0.11488464290450386,0.09149293734717734,0.14581715078140986,0.09607479841020705,0.09757743417265517,0.13188110100814657,0.1597538928634234,0.07816920172727176,0.08434884078520495
0.11979938471888844,0.09914523140202208,0.12291115647547009,0.10060160604810897,0.11917029621138452,0.11261809529538325,0.09151861642114638,0.10978032217635858,0.12445529125123767
0.11994357491611825,0.11088489981669915,0.13766181043585102,0.0924617696858432,0.11793753872748329,0.12204907822071161,0.10390605140515448,0.09286953668261601,0.10228574010952306
0.12653040092740722,0.08853535012215974,0.15676810716697578,0.09255322568036174,0.0962985706412013,0.12317928132894213,0.11285417614571881,0.09116248379741705,0.11211840418981621
0.12236095026308969,0.10148056364420599,0.13471659372373682,0.09676931594264647,0.09792241027250732,0.11147890564020878,0.09328226597916929,0.10976436433298949,0.13222463020144615
0.12160391182898223,0.128812952184885,0.13432826118098543,0.09026453091707654,0.08913217497459675,0.11032684731896784,0.08958614697983358,0.10854318957720992,0.12740198503746272
0.11127586087083548,0.1004485574249852,0.10680699087679012,0.12013505017529764,0.1101784669489897,0.10314995811683679,0.09528897045615141,0.11446582242352614,0.13825032270658755
0.12249272811591806,0.12586884018738168,0.14816980338952798,0.08863411156734642,0.08543318987889732,0.11822779616925334,0.10154101687321378,0.09895933219874076,0.11067318161972058
0.10557396474380841,0.13248492652386665,0.07869088301756168,0.12819407591763773,0.12284330686916649,0.09636340904342384,0.09602160883020762,0.10866537403622918,0.13116245101809837
0.12326380214062248,0.08765451955399305,0.1397004857729591,0.09978923617134289,0.10090703681766906,0.11360123802548322,0.09638746739310462,0.1079982035070033,0.13069801061782227
0.12418286970509806,0.10533424092133521,0.15389175373981492,0.09013243057108328,0.09065847231183839,0.12299497109273701,0.11316852729670972,0.09268834761826981,0.10694838674311354
0.11435900333875049,0.07265625443366582,0.12507809914326873,0.12452991069196843,0.10717336450726554,0.10877670991475079,0.09880112826469607,0.1169797494376803,0.13164578026795384
0.11889180379966575,0.12008910239532151,0.12292610805739568,0.09675560651224886,0.09659213161861542,0.10689750590745621,0.08996149782434582,0.11287045179340922,0.13501579209154146
0.11316135510513285,0.11651559084830483,0.09961272238832726,0.11134624176734222,0.11861272164608966,0.10403985832237377,0.09112548275033505,0.11357645826036138,0.1320095689117329
0.11510056769559306,0.10229613714623563,0.14521432254508101,0.09312599300693085,0.09288927853826699,0.12992919744048248,0.15053107492385606,0.0851359667963274,0.08577746190722658
0.11593674932474736,0.12443399334687966,0.11170226531924632,0.10149446802454554,0.09926871072261116,0.1035242235278897,0.09068668135203174,0.11528345115373569,0.13766945722831284
0.09622912288832002,0.1355183681798137,0.11422391655308765,0.09372768937617898,0.08505608209150646,0.12908299747448523,0.18018046002542984,0.10225210585144756,0.06372925755973056
0.10493353656899888,0.1283110491980187,0.08606527850648861,0.12593898865645733,0.1147261526973115,0.09596309365225264,0.09688216765293885,0.1107594128133876,0.1364203202541459
0.11062843707433741,0.09932873658229506,0.13873765167321206,0.09577098788137108,0.09543036956540502,0.13255946510400088,0.16775999049392767,0.08109265203275849,0.0786917095926923
0.12388876648499696,0.09055374382765367,0.14097827958851575,0.09602280850208322,0.11080994947761579,0.11743452306575237,0.09801498165888728,0.10177809813618033,0.12051884925831462
0.12068682777547597,0.09618705109920049,0.1528226361183452,0.09242596257128366,0.0940865387977543,0.12814150514072623,0.13551412743412342,0.08495300990869577,0.09518234115439501
0.12268820984578314,0.1073273569254856,0.13557958845717075,0.0944860237835637,0.09565608898565496,0.11158260541972335,0.09259417489237141,0.1090949011897086,0.1309910505005386
0.10171090061592199,0.1432203778877638,0.07674166490017185,0.12846575393028303,0.11717145212036535,0.09216845502298988,0.0979833372472364,0.10919898223284663,0.133339076042421
0.11926139360640413,0.09425567119513167,0.12718399114066462,0.10461928168080979,0.10310093256196644,0.10927737958498818,0.093928223063241,0.11279567305240638,0.13557745411438785
0.09565034948581119,0.14324433464716,0.06749405316474384,0.14976937854283398,0.12298237596689159,0.08886889616751496,0.10169136632530539,0.10348782017987339,0.12681142551986566
0.1254934026290597,0.10462934888795572,0.1528099181608861,0.09004534627417105,0.09125458500006706,0.1205786303379179,0.10565170864259998,0.09594000477137948,0.11359705529596309
0.11329460141752677,0.11046718533645383,0.10852632671962224,0.11118944641080376,0.10659871014755372,0.10328655487610168,0.0934121504844082,0.11442409443594664,0.13880093017158315
0.11617211126326148,0.13435725666215917,0.11218915870610147,0.09796159224458757,0.0960084460406228,0.1030475481338163,0.0888242473921778,0.11504204260901219,0.1363975969482613
0.09054690459457478,0.13229140453328936,0.1036310076342478,0.0971255368117856,0.08779824986976037,0.13395147408057054,0.19796879629945097,0.09978611959400241,0.05690050658231822
0.12607017790377542,0.09832262159087178,0.14932007273391376,0.09188798200343547,0.09440821553863214,0.11771716710060492,0.09977324225821604,0.10057134502715322,0.12192917584339713
0.10701220128613347,0.13864675721402867,0.08822166252223247,0.11569375107791253,0.11046007043199084,0.09597806976139461,0.09425419941433028,0.1125217481888466,0.13721154010313052
0.11892030237878214,0.12132820973131402,0.1425926626109804,0.09089327840622148,0.10130052800004641,0.12252109528499339,0.11089313208148728,0.09291011454097052,0.09864067696520451
0.12656083511816876,0.10347194053180449,0.14986595199790112,0.09056040671764272,0.09113254788433127,0.11870807095705255,0.1018974299613496,0.09952714433846872,0.1182756724932808
0.11856977179080924,0.12040734056710546,0.10142925253049608,0.10773558179190772,0.11951328422545587,0.11800851990417265,0.08876939822854446,0.11656703614971246,0.1089998148117961
0.09021578473561957,0.13252875947483309,0.10301332749678399,0.09729020618560051,0.08782337394921735,0.13411144854811155,0.1985818098870719,0.09988964101317847,0.05654564870958356
0.11688377150632367,0.11020996856957781,0.11851686329188423,0.09847838669079677,0.14081065062317488,0.12232500697710032,0.095588423082088,0.0987421734000087,0.09844475585904562
