0.11104062082607846,0.12488136166049879,0.07935368439520578,0.18093198552022613,0.11731790874493486,0.12853421184469557,0.1058959122910285,0.0837288987674773,0.06831541594985463
0.1280806554961802,0.1222163279147853,0.10755194352141985,0.12724864176152462,0.12314564479768553,0.1179297784124198,0.11123256342871413,0.0774351618619593,0.08515928280531136
0.1364718874993709,0.10128294980153156,0.13940878643823465,0.07489582948008149,0.11658270392933297,0.0813601514741066,0.1261792066101732,0.0925672898020889,0.13125119496507967
0.1335998512611277,0.09434668973122153,0.13417423838908896,0.07333515913352356,0.11391640685039695,0.07661406264915045,0.12601224841427638,0.10264400319926405,0.14535734037195036
0.1375518366314676,0.1122427038806736,0.09387283742541257,0.12121890237069471,0.11940681935937397,0.11501217745382536,0.12393324122767257,0.08584705397005643,0.0909144276808232
0.07725803187420384,0.1398222281533902,0.06250611170205549,0.24573713601744762,0.10387726812078879,0.13860954706978687,0.0880535696313877,0.09365171786226324,0.05048438956867627
0.13685877079676026,0.11488672037128557,0.10534863281561054,0.11905989968100285,0.1219180600147934,0.11213532213374751,0.1187690264170812,0.08093113236233196,0.09009243540738665
0.08238531438552181,0.1405454434266793,0.06568704518430567,0.23532112510360007,0.107718691008724,0.13746377093722742,0.08865254884753704,0.08834275398318252,0.05388330712322218
0.13305330402892643,0.11892336843318309,0.10452801985557565,0.12064040386601864,0.1221208353268282,0.11295826447603086,0.11911601002700295,0.08037600937104718,0.0882837846153871
0.11341156675009766,0.10316662558053298,0.1572363852308298,0.07529643807252921,0.11715881679721346,0.11972997621834237,0.08990156307244425,0.08890486354254414,0.13519376473546615
0.1414604656664096,0.1124546021023942,0.11672693795635558,0.09755573745109054,0.12108579373444438,0.10284703027619008,0.12426915739027596,0.0820017926643199,0.10159848275851985
0.13928821747608255,0.10328640491813638,0.1379938839023788,0.07703640447009248,0.11760939768574936,0.08468536279807874,0.1257585207855003,0.0889546777781526,0.12538713018582884
0.1364917013012302,0.11503611891123684,0.10793912549412156,0.10791315707098108,0.1215278481920024,0.1155742687725118,0.11726793096442122,0.08200764926480868,0.09624220002868628
0.08379061772448448,0.09171653529101753,0.1230629516288424,0.08118749942775655,0.107302429547162,0.06408068207040013,0.12363076378522643,0.15709263980441443,0.16813588072069605
0.11259402330362643,0.09300322898347868,0.11483779311150626,0.07321703825562993,0.10940064781826848,0.07542144978273131,0.12326465684052941,0.12884712250843333,0.1694140393957961
0.13012362730319543,0.10523391015656273,0.16401711951010134,0.07607693991538474,0.11922669931616664,0.08662562712489863,0.1117419393426049,0.08423868059800703,0.12271545673307861
0.14135267571456103,0.10608728525493784,0.13585029276590332,0.0807786627222497,0.11899605609877051,0.08906824634528247,0.12479289717855468,0.0851481842271579,0.11792569969258249
0.08084530639342835,0.09459876233006308,0.10970742870885968,0.08132418977682207,0.1066311411301089,0.09323921194894152,0.10127429895127926,0.1519972935568932,0.18038236720360393
0.12281066642956673,0.12353452026265448,0.09209289343239636,0.1461381189916197,0.12090852961620041,0.1208646762757259,0.1140092731568416,0.08113108263541163,0.07851023919958315
0.1011111392002278,0.13883409436036837,0.08958343195092426,0.18909337606661566,0.11922658693292158,0.1285181089847309,0.09182651717459837,0.07355235135602536,0.06825439397358772
0.14233849301815432,0.11023871993278782,0.10935330537474264,0.09628079310618558,0.11965048896331981,0.10681952981310315,0.12479194095852862,0.085190268977752,0.10533645985542613
0.04942938801184482,0.09085729700984346,0.08163831469043747,0.10798862493282661,0.09156285083223871,0.05908270071215135,0.11558526038139305,0.23343138129041674,0.17042418213884777
0.0886222516208688,0.08999360550475906,0.10987274350128284,0.08077067938113171,0.10568217883051662,0.06721396990929673,0.1210911511196806,0.16033370351716608,0.17641971661529757
0.1452713988606766,0.09851266875713567,0.12148922492578991,0.07761108804000391,0.11524297661996365,0.08715257487386519,0.12907316122612209,0.09371875906834405,0.13192814762809882
0.14147787101920248,0.11208382084378786,0.12321428576989073,0.09414219114007606,0.12130192817416281,0.10010008705172709,0.12315561381638525,0.08107608836219783,0.10344811382256981
0.12035677502969995,0.12720275327832709,0.10076195743844936,0.14725990186494053,0.1225959339564497,0.11952565422260246,0.10773816197518539,0.07630473117030047,0.078254131064045
0.1350460078069492,0.09305279761820058,0.1205784364289993,0.07271788776014367,0.11171109710720555,0.07750761590643228,0.12920395665383377,0.10771071661897745,0.15247148409925818
0.1422692926193498,0.10741083019246221,0.13222766259020455,0.08340029523145527,0.11953265626727523,0.09187378763909243,0.12482661294515768,0.08402378120906884,0.11443508130593401
0.13810823414576454,0.11364075304740406,0.10500864178198598,0.11811782353753841,0.12170021806320008,0.1118788809819818,0.11920352793974072,0.08141573887287373,0.09092618162951072
0.12641386219797415,0.09596173332221147,0.15554967867482206,0.07342222512604965,0.11590329184484743,0.0771037001693712,0.11731311428367978,0.09839073698553863,0.13994165739550557
0.022925810706544526,0.09034030820172252,0.08895458854524274,0.15932541625823057,0.07414799361134727,0.1332248052936844,0.08160309323434509,0.22104267868901942,0.12843530545986342
0.10222329471690318,0.09181636736295153,0.115958274586987,0.07513962554805087,0.108260492583012,0.06739055503278353,0.1276762288876876,0.14124048492138444,0.1702946763602398
0.10766837845150551,0.13156842420712586,0.08402327779459062,0.17964866930136406,0.11881200321858436,0.12776206068258358,0.10226916412931404,0.07961128608209611,0.06863673613283584
0.1412088730153999,0.11265379004971372,0.1114437255888054,0.10057421217357838,0.12078050603336236,0.1051057489919383,0.12519839951273135,0.08292812182814766,0.10010662280632288
0.14146824681274386,0.10044949897264233,0.12376813471212572,0.07598166669725943,0.11527092014716545,0.08534998747184862,0.13023848442429056,0.09455065011065307,0.13292241065127097
0.12858446423443828,0.12099118936761011,0.11605522769844819,0.1182213268311994,0.12375456596910628,0.12172698842780698,0.10586036851635866,0.07594660841274475,0.08885926054228738
0.14708848019206275,0.10171750335339179,0.12183499761251713,0.08247276767513022,0.11735938220881642,0.09213197370383168,0.12743874233460162,0.0886372862587415,0.12131886666090692
0.13930405863917014,0.11188637653487195,0.12532019086237886,0.09287428885751574,0.12149352111454499,0.10597385150868144,0.11655241617472777,0.08098971344861555,0.10560558285949358
0.13692497469701045,0.1084724827870484,0.15549970450557712,0.08054459107711505,0.12049505418420979,0.08631936096507968,0.1180782218353551,0.07990636719310117,0.11375924275550331
0.10101374799298331,0.13240100906959187,0.07568763907067022,0.19638046279126178,0.11558188903808315,0.13141772128103993,0.1005658279371328,0.08325612763934917,0.06369557517988773
0.1354563431322163,0.1001395633047462,0.13723909810115276,0.0741381500494727,0.11585580118150972,0.08023697105502849,0.12702281527831935,0.0951344314371776,0.13477682646037684
0.12021461457699871,0.12524905383608823,0.09181059068221616,0.15145940013444964,0.12096578268561735,0.12187619109030834,0.11148476320407312,0.08022129498070374,0.07671830880954471
0.1412679095712967,0.09611688531949779,0.1238022027977302,0.07473529811046348,0.1139470285148484,0.08228633328139458,0.12886296887772625,0.09854336277753939,0.14043801074950316
0.069144737793126,0.14996462425074628,0.06241000736295264,0.2573799007917846,0.10034059393836352,0.1390738945757979,0.07883668128685047,0.09252079428963451,0.050328765710744135
0.1325403410940665,0.09766348548406219,0.13134624223657657,0.072825037755214,0.11410716399180847,0.07783479779463563,0.12872442549951793,0.10173999824187979,0.14321850790223886
0.14456613393822076,0.10483759835616124,0.121136681176935,0.08225498293753265,0.11763953849966567,0.09267710772907682,0.1291223170586042,0.08825657711729225,0.11950906318651139
0.1276949546893814,0.09492625089191242,0.12286058084339029,0.07191697416788578,0.11177530011958643,0.07510335333650935,0.1302020742139576,0.11142143789895549,0.15409907383842117
0.14171359930495644,0.10479499963141319,0.1329492179379357,0.07962592827233393,0.1182152589611118,0.08834643607531734,0.12626309575984704,0.08711938359531966,0.12097208046176496
0.13091089503776962,0.11764452394694673,0.09727627019100311,0.1343114713062884,0.12143915962614264,0.11734314336196205,0.11606577788218513,0.08134492159218193,0.0836638370555206
0.10085428253854052,0.12912009361963295,0.07480474681336169,0.20524469971427708,0.11488306498512608,0.13246410116555266,0.09702248165430215,0.08357145981425494,0.062035069694951955
0.1195287972059937,0.0977222768180457,0.15353347010848462,0.07239718588010004,0.11516809730826362,0.07491208733395519,0.1199358152860126,0.10338694443917172,0.14341532561997286
0.09471899701282455,0.13372271013862777,0.07054015751032348,0.21076272341558996,0.11263300501555408,0.1340114746180869,0.09790687562212495,0.08605364662927718,0.0596504100375912
0.09372893235610892,0.0937812759011728,0.15022395477469322,0.07617602988382739,0.11172717419600332,0.07086619351904662,0.11557823616673324,0.13004438533903903,0.15787381786337537
0.1380139379004958,0.11593702334347332,0.12353866441680185,0.10208808765771216,0.12274651665257456,0.10360764886222586,0.11903412211445989,0.0781029704508811,0.09693102860137548
0.14076514198828,0.11036110724222221,0.1367697122097471,0.08692167295146302,0.12105607319939465,0.09378378429791318,0.1214098911437943,0.08038037569682355,0.10855224127036196
0.11953958890781609,0.123505155957228,0.0854387278360142,0.15526759465106174,0.11930248432692579,0.1237166842803047,0.11418752619674866,0.0834454156329949,0.07559682221090593
0.13007868409281986,0.10264056793940929,0.15832473238909064,0.0743975096504627,0.11788118835481465,0.0813421683181703,0.11755794774686089,0.08923491474574795,0.12854228676262375
0.13742116237165358,0.10855233609089382,0.15355664552151682,0.08094942236787439,0.12051870974518429,0.08692089864947898,0.11853271155591107,0.08005311055848517,0.11349500313900189
0.08063950362652789,0.13589326154848094,0.06347614026073954,0.2441684478352513,0.10514281209705212,0.13830909748515885,0.08842713089600106,0.09274732504158983,0.051196281209198446
0.1428191900491841,0.1074256577465192,0.12944730131747925,0.08407985172011294,0.1194303812648333,0.09283182558209963,0.12550139221990914,0.08436391379611759,0.11410048630374474
0.12133542838212345,0.09738254855223803,0.1516180554363312,0.07215241236005175,0.11489638007525338,0.0722859776358427,0.12382752048564542,0.10349378616673421,0.1430078909057799
0.13166198186485292,0.11511848069287234,0.1695965179811152,0.08772498168662062,0.122875043232759,0.09279839829387525,0.10552647211527266,0.07097031386795437,0.10372781026467753
0.0881976754790421,0.13202930079130062,0.06565282987271594,0.22994521697834366,0.10844601744459015,0.13671461445108649,0.093773778857269,0.09059624470416457,0.054644321421487396
0.13209740240903992,0.09709536959269548,0.1462239714595602,0.07406982561171283,0.11599476620220418,0.07994230291496114,0.12001863380597248,0.09642916969348349,0.1381285583103703
0.14532573453680822,0.10763297787482529,0.12336554329085044,0.0951075372981932,0.12110286594183257,0.09999217080315152,0.1212973997172563,0.08147054033679406,0.1047052302002884
0.13726459709622021,0.10971068095484031,0.16708463676914997,0.08903753096128485,0.1229319951010981,0.09007508622271669,0.10754338637314409,0.07199424016197607,0.1043578463595697
0.14008352771500698,0.10732005498901338,0.1555150477746811,0.08519492249186988,0.12163412495874863,0.08932334935999682,0.11442344795280679,0.07721078991569548,0.10929473484218094
0.05926369512444743,0.09454441967495052,0.1271040354100564,0.09218333131395158,0.10339813048122726,0.0999655919373741,0.09448730794282097,0.1646524959919101,0.16440099212326167
0.1315566783833074,0.11677141396317436,0.09507101421093907,0.13351954037533956,0.1208646618792339,0.11761433777164783,0.11776596661210763,0.08261639282797993,0.08421999397627032
0.10734201264731774,0.13285500079162096,0.08665555828884963,0.1790294732736074,0.11944321514640925,0.1272684132940793,0.1003818870724198,0.0778538250983665,0.06917061438732934
0.007449990020256779,0.08442740112719159,0.049397519256329604,0.2615479940877979,0.04036538126565553,0.05430977196911041,0.07366477770029504,0.3417009579949193,0.08713620657844384
0.1396673633611361,0.10339888272363418,0.12439897327749977,0.07930015802997094,0.11722334617307928,0.0978893298314566,0.11937957001593835,0.09048071886701996,0.1282616577202648
0.0772247529484636,0.14014907118267328,0.06261207826413465,0.2457218495980845,0.10396259877820153,0.13860131030215583,0.0877829777445509,0.09337232407488072,0.050573037106854984
0.13922093183493664,0.10032437564220957,0.12900737444934507,0.07514244365937038,0.11552604474794496,0.08320684875359415,0.12899034110128374,0.09476264870613836,0.13381899110517714
0.051392090404391466,0.09115788149172417,0.08679225579813195,0.10617974475519021,0.09360353135895151,0.059527537793615214,0.11627927666961989,0.22546885478117992,0.1695988269471956
0.13282116871635022,0.10045301064665806,0.14496694651547923,0.07376328849782193,0.11634724037572135,0.0785686281015288,0.1250476152455255,0.09424948344036571,0.13378261846054934
0.14232711570997783,0.10682070767348888,0.12003370941142426,0.09209166239044793,0.12026156111551155,0.10986769460660191,0.1141720714760633,0.08360742922934322,0.11081804838714095
0.1324483324447413,0.11409126744941576,0.12754155691157198,0.09646797475661945,0.12249616519576918,0.12232343244847861,0.10298291086619804,0.07835861850398866,0.10328974142321713
0.13813324761329934,0.11237868091819153,0.1471206989557121,0.08779034662208741,0.12205663478463606,0.09286655117351017,0.11692434564290623,0.07691456985088783,0.10581492443876937
0.10331966223358852,0.1317275384850739,0.0776018149977543,0.19104014499115193,0.11649162829849975,0.13039834780523324,0.10171283943772465,0.08253158550383674,0.06517643824713702
0.14251456290774414,0.10954900166590797,0.12765195904800514,0.08800876902594788,0.12038252449802778,0.09588460460152531,0.12433842671804234,0.08251242447116901,0.10915772706363046
0.12850284439432336,0.12100911222795808,0.09779272241100517,0.132460752231252,0.1216225195882077,0.11705603156274003,0.11717479686270445,0.08090882661630379,0.08347239410550543
0.10810591139488496,0.12788687531911697,0.07756962952480101,0.18150035819206475,0.11669964590060726,0.1290799358774681,0.10716550380151259,0.08443895248326501,0.06755318750627941
0.14231878775700457,0.10952524196463563,0.10346259290361005,0.10564965812132893,0.11983485330626731,0.11163914573767923,0.12249457354803339,0.08506586167514613,0.10000928498629467
0.11456563439925845,0.09187399357096543,0.1370522622482834,0.07345344748288571,0.11198431114294914,0.06929990354151162,0.12467420863638135,0.1197331286585888,0.15736311031917596
0.10910103104188962,0.0913345433472302,0.12764902975221204,0.07456283190740622,0.11051679788497937,0.07086468459820132,0.12251601929032784,0.1287033003242621,0.1647517618534913
0.14754923847925216,0.10498865192163503,0.1103061995866474,0.09171586784352849,0.11823319076237006,0.10072415323596241,0.12826033188740957,0.08713654550052524,0.11108582078266956
0.1370006007491341,0.10417962041533667,0.147524450598802,0.07675302940795893,0.11836178160513346,0.08315422496164715,0.12292746973157676,0.0867671465380556,0.1233316759923554
0.06674747859758895,0.1419017883672388,0.06100885645668954,0.2664814328051181,0.09667764780021774,0.1390171029071955,0.08114488377798297,0.10103616817883754,0.045984641109130815
0.13391037368693195,0.11912277794307637,0.11241585345507939,0.1156020777101906,0.12293848108457243,0.11012364806494679,0.11747675113721101,0.07832243646146159,0.09008760045652985
0.08587992443224281,0.13244888084803574,0.06345606949617233,0.23018168519646007,0.10668688123135367,0.13712577116830535,0.0967680786293595,0.09369662348534476,0.053756085512725794
0.12154739115927289,0.09731947808776988,0.14578433164197274,0.07247861422713675,0.11466956808186318,0.07566688218516039,0.12184600844914313,0.10501726351698511,0.14567046265069591
0.1366715152293634,0.10086848387434932,0.15420519748116432,0.07707361160274145,0.11857580356615717,0.08490255157818498,0.11597594737369828,0.08654432146122622,0.12518256783311488
0.1350123409171186,0.10104008374845293,0.15798104837295235,0.07636615463841148,0.11853439118399921,0.08324951991921696,0.11580471322656645,0.08656414717365275,0.12544760081962927
0.13386611338055063,0.10020479027991887,0.14127780760297184,0.07386057483145479,0.11607041568233727,0.07917778018048666,0.12601829686767882,0.09493190268130657,0.13459231849329453
0.10370363615197518,0.12757964208873662,0.07241556864189287,0.19223627230549498,0.11422441522658773,0.13139403283976625,0.10662842545014674,0.08742881158602116,0.06438919570937852
0.13509619181116442,0.10052860350261011,0.13977764502916734,0.07422947875187537,0.11618512195502044,0.08010322039718643,0.1263061901582175,0.09419823303296149,0.13357531536179687
0.13860468648410346,0.11540360646413524,0.11738937994294436,0.1037259156771726,0.12223189430419056,0.10529442348168601,0.12100221417632114,0.07973142395740408,0.09661645551204251
0.13164361325861385,0.09313157892338296,0.12399454877709921,0.07256034896323839,0.11194639785896081,0.07582776637523683,0.12848427790684772,0.10921402333373476,0.15319744460288542
0.142337398757307,0.10757853592509492,0.13182121070185757,0.08374497940747037,0.1196005435236573,0.09220935240258084,0.12481017660082566,0.08389300467057859,0.1140047980106278
0.14035188796053588,0.11347754372434656,0.12331213432454939,0.09691101043964057,0.12186508691145759,0.1014252099047039,0.12175418982946955,0.07996949433033981,0.10093344257495669
0.11608444063352819,0.09635522694145099,0.1480094674621458,0.07253483074005597,0.11415052352532691,0.07355082050056681,0.12113352085720604,0.10948151562539647,0.14869965371432278
0.10654039103562125,0.12712067277867523,0.07467022866799976,0.18569992072230654,0.11540867904861037,0.1301557737141678,0.10778777087607744,0.08633082724037117,0.06628573591617039
0.14369747847099792,0.1065617840645227,0.1253373251218419,0.08378599914746056,0.1188000427364081,0.0932472452470528,0.12708161185391076,0.08581891550528392,0.1156695978525214
0.14231376853650715,0.11099201212710623,0.10475650840549104,0.10068480255471894,0.11945682856221435,0.10643204341534972,0.12815670838941753,0.08557073625836413,0.10163659175083095
0.10359377360526296,0.13370574375887992,0.0816138660755411,0.1886450310820772,0.11781387114385637,0.12947595403931203,0.09919084015051416,0.07958722779979699,0.06637369234475936
0.11055855004895777,0.09510915990299389,0.15191575689438735,0.0726497621244393,0.11347438148890802,0.06858943705179459,0.12331459495149012,0.11416352996369532,0.1502248275733337
0.12175467171314834,0.09912443264867028,0.1534808924318096,0.07522514478140827,0.11696298930229333,0.10146296673799744,0.09938431082711978,0.09335979311354521,0.1392447984440078
0.13327061926092468,0.09875701146402473,0.13557657054086028,0.07325701997951094,0.11499019404396955,0.07846095434337905,0.12765510538361477,0.09867429042647395,0.13935823455724208
0.14200750633684378,0.10928813322685356,0.12440144507119456,0.08846746660465382,0.12020751245423944,0.09991985013835902,0.12211451891895943,0.08337566825161617,0.11021789899728014
0.1406445123162031,0.1026160498862619,0.14847514741107276,0.07914367530747916,0.11910162152054156,0.08498322936092302,0.12030279535531745,0.08447902743659612,0.12025394140560496
0.09732084927518436,0.09244054091528568,0.11914874717838364,0.0771737329710679,0.10925422699066852,0.0959428245432903,0.10018296512345327,0.1315147019922716,0.1770214110103947
0.14225476649758598,0.10366623131315722,0.12918721278845643,0.0788770797931257,0.11743382545455232,0.08810885442502102,0.12775939508051495,0.08901411922745418,0.1236985154201321
0.136827874809061,0.0974184545279894,0.13619332645181192,0.07487020113292554,0.11565069534890766,0.08295784761125526,0.122429825294262,0.09594094988019301,0.13771082494359413
0.10725812928011741,0.09334915646420809,0.13251041892535761,0.07378768273812174,0.11116495047518526,0.0681999877496287,0.1264006903905082,0.12695050264370802,0.160378481333165
0.12987576587210717,0.09626073461472218,0.15181901549250953,0.07334860266830252,0.1157863777288319,0.0750411364503584,0.12201884839487392,0.09749556417917925,0.13835395459911506
0.06621350786471926,0.0912114886749742,0.09738870577091692,0.09192810830224436,0.10007658873060533,0.06196535851843448,0.12096201309453063,0.1958081710644585,0.17444605797911628
0.1408835217313735,0.09932607502708474,0.12167046391774772,0.07508221524705054,0.11444479154929389,0.08433842401257807,0.1309720268714263,0.0967862449387412,0.13649623670470404
0.040830653898481346,0.09026280561594734,0.07423262316990137,0.12068675254131576,0.08575961916402942,0.05691990795126086,0.11179915365449189,0.25466069058169305,0.16484779342287892
0.1095865551082504,0.09303026078391252,0.12585780733581056,0.07349360770529957,0.11048463751815989,0.06890169013146029,0.12765044800474012,0.12809686743823306,0.16289812597413347
0.10853650804447666,0.09138494802853503,0.1390288812607521,0.07429810924775304,0.11158600233666251,0.06770813426001338,0.1237598120776604,0.12469690593054066,0.15900069881360632
0.11064808668278454,0.12627274994880774,0.07810220167634131,0.17610937061768117,0.11693825015060642,0.12823901489346268,0.10957692409010202,0.08500337746980759,0.06911002447040653
0.1155776975634595,0.12629173242253167,0.08538432291555054,0.1633658713455305,0.11941359905786479,0.12502584289201185,0.11005969252880744,0.08190470760570322,0.07297653366854054
0.13616019669289461,0.11623571073265322,0.10261871953333539,0.11501197395771791,0.12117328435937273,0.1117619967083956,0.12282450616573944,0.08257326476898587,0.09164034708090517
0.11535513050284381,0.1229695428953594,0.08291110213187539,0.17296263667861256,0.11856026286246359,0.12669884475897078,0.10698602274975826,0.08267704111121525,0.07087941630890097
0.053806772864268305,0.14930396742287483,0.06261456941193536,0.27870376805415337,0.08685613433877015,0.13867163391569326,0.07585297812135251,0.11008910927041578,0.044101066600536414
0.14137589712556,0.10928777974257327,0.13522682815409418,0.08557423679987013,0.1205309943636096,0.0930790451102816,0.12268227087134502,0.08165524032496128,0.11058770750770487
0.10164538773659056,0.0920681913112441,0.11943910002628289,0.07526950338082396,0.10880667098936214,0.06721756866214766,0.12724462336487175,0.1398089877687386,0.16849996675993828
0.1460519715062562,0.10427225921515022,0.11965121293761945,0.08703837748881149,0.1186874144643918,0.09910458644687181,0.12334707050371747,0.08630492771632949,0.11554217972085196
0.14086458739541766,0.11303638968012257,0.11206246030289956,0.10109901818699012,0.12098333696271342,0.10520764356588781,0.12468053046257105,0.08252372025533718,0.09954231318806063
0.11528533223323854,0.12222664368064105,0.07804627906352707,0.164484825092749,0.11681300152360713,0.13035618543001395,0.11277844422079532,0.08694342031941742,0.07306586843601054
0.10784017502260564,0.08923496026156884,0.1146099220728851,0.0750310788908964,0.1078075274586499,0.06785643169199905,0.1261976631774343,0.138946801839135,0.17247543958482572
0.12638478646718407,0.09356158264001935,0.13073194621598946,0.07290387560590537,0.11276224755404492,0.07651815393696206,0.12365331262398487,0.10997277367801557,0.15351132127789424
0.0027540549787296114,0.08758774095897258,0.042980306110591164,0.2941317230459353,0.02541396667355386,0.029905099661046982,0.07091196977393247,0.3798408843592426,0.06647425443799532
0.14262045072676707,0.10358332997972657,0.1277571146657346,0.07903797285077448,0.11731536353267256,0.08850297767856896,0.12814822066043674,0.08924519763239631,0.12378937227292275
0.1388359633242012,0.11430697557073283,0.13370619272699233,0.09488543568505563,0.12255596476777038,0.09878670510510197,0.1184056674850648,0.0774429841603803,0.10107411117470068
0.13585605580205942,0.11606054295809015,0.11975783071998018,0.1176452627077869,0.12379976227799887,0.10902303984340463,0.11207691603366408,0.07587462667464283,0.08990596298237287
0.11811321357486126,0.09904616487904432,0.17487935215804326,0.07167633966503484,0.1162040276031726,0.07069437646572149,0.11780197101639976,0.09600365820549989,0.13558089643222254
0.12141434206039707,0.12718242145433067,0.10525289002384532,0.1431443672053829,0.12318172512825247,0.11794804997183816,0.1071572333400191,0.07505010704512834,0.07966886377080586
0.13577455932078603,0.09873952241564177,0.1303677363016261,0.07361619770923934,0.11468142636363275,0.08008696229895888,0.12892145069024152,0.09851511839827805,0.1392970265015956
0.14074845449510168,0.11288692410770355,0.12479056734781425,0.09514759195926599,0.12170324409468498,0.10034068116146867,0.12200539153949108,0.08015557146226972,0.10222157383220004
0.13634226222731954,0.11570637420869485,0.10516224246775156,0.11157936972518666,0.12139225211714444,0.11377771873373639,0.11999461393830267,0.08225992374053147,0.09378524284133237
0.13236824321294746,0.10312002089705219,0.15800920264075766,0.07471456738450037,0.11803445870407309,0.07912599262706853,0.12075647959367149,0.08777179330041866,0.1260992416395106
0.04146452865163691,0.15024795873410426,0.07221735568559495,0.2892597262275287,0.07418233704602113,0.12331586954201318,0.07573293693975654,0.12690644950244911,0.046672837670895195
0.1411968644121214,0.11102218134898538,0.13212274689163603,0.08927072337129217,0.12120998355398961,0.09597615111660751,0.12199180172318953,0.08047717227957797,0.10673237530260042
0.1335245980403701,0.09524989253836484,0.13649051517106436,0.07340709430469435,0.11440155303796574,0.0768775306044672,0.12576063240057198,0.101071720931392,0.14321646297110951
0.06791967765214994,0.08993663861408689,0.08053141210904056,0.08847981148187611,0.09563039891091522,0.06424142380552239,0.11863646809685137,0.20710096830347233,0.1875232010260852
0.140719201845665,0.113230668929537,0.11330833681818946,0.10088260839413526,0.12115636728760203,0.10489248207421605,0.12422071914741824,0.08212327370307239,0.09946634180016452
0.10894945655025405,0.09282025119714722,0.12399117999644205,0.07362425710451294,0.11014685315602189,0.06877414431507402,0.12780971584855425,0.12975310746929394,0.16413103436269974
0.13218681877156827,0.11309783318186377,0.12646710951720966,0.09480999692809962,0.1220572835079402,0.12452412096147647,0.1019510069102808,0.07922345680746042,0.10568237341410075
0.13804355313108121,0.11102818101455258,0.15009340492576326,0.08502840470899246,0.12154381824978479,0.09061149940710202,0.1173919371377052,0.07779011985044322,0.10846908157457531
0.06677626495755055,0.14271915157678258,0.061328679950655614,0.2667512558791673,0.09686249936589954,0.13890808560258905,0.08013802565741357,0.10006833306259989,0.04644770394734188
0.1343223670870575,0.1190843182701764,0.1174011790283651,0.11255792772890094,0.12329159672966637,0.10833062607539512,0.11653477958200531,0.07721479012973101,0.09126241536870223
0.13036499614834918,0.11914493579239697,0.09547885338963948,0.12953992633603942,0.12089117957593072,0.11685810753481436,0.1199896925598425,0.08271584897526128,0.08501645968772609
0.12170827788600143,0.09554044405725963,0.13531423709868476,0.07218545318692189,0.11304951242040433,0.07254386431543351,0.1273875926989685,0.11104859390890266,0.15122202442742336
0.10861769021886852,0.09239469122153586,0.11128055861745051,0.07383686822747554,0.10836556805523055,0.07423433826449789,0.12314291880228763,0.13502331580805976,0.1731040507845938
0.020921754111814142,0.08612413746847088,0.061038933851089876,0.1848464024607237,0.06554214906421979,0.04703379893372748,0.09572363733296031,0.30570024556553127,0.13306894121146245
0.044439819631007266,0.09010846621755941,0.07354390487240946,0.11346786785424985,0.0871102801164309,0.05783847973908953,0.11348362459689103,0.2498072817623982,0.17020027520996442
0.1388358334055437,0.10217673671105586,0.1361443787094857,0.07611217619086919,0.11693435854175767,0.08367578740300154,0.12667543396449213,0.09097269969651078,0.12847259537728345
0.14008093869471297,0.11273533191281654,0.13290088190434401,0.09213324948133801,0.12194219658225174,0.09749498892584152,0.12020101623237656,0.07886734440921714,0.10364405185710161
0.1307822413686707,0.09777147425647893,0.13518474795465293,0.07270638293537085,0.1143991234983059,0.07685240575005786,0.1277971587795466,0.10167537244738499,0.14283109300953115
0.13946114549914904,0.10183158036497442,0.12579552280879766,0.07716270335960511,0.11634562970446928,0.09191189767850279,0.12286893510707779,0.09273528659603858,0.13188729888138537
0.12284174402924852,0.09616876171264559,0.1385468686501218,0.07219125900475383,0.11362577717050888,0.07297885298512956,0.1268046618896488,0.10828972449627404,0.148552350061669
0.14120781195382373,0.10521154658985911,0.1354183415465016,0.07971466192854386,0.11853015579650145,0.08808650377662323,0.12541955724984324,0.08632419684329361,0.12008722431501018
0.07106500218373049,0.09524968597894941,0.1253081010114633,0.07952954930919796,0.10570875682941612,0.13407788930878808,0.08592484920121224,0.13129747306141645,0.17183869311582586
0.12763622261680355,0.1204627307481404,0.09311576897691283,0.13596346951194485,0.12071463114508989,0.1186983061680708,0.11836870204942873,0.08263135072534537,0.08240881805826354
0.10389471635452456,0.09131589493187804,0.1251507220498499,0.07578554949755494,0.10992333171904811,0.07254847715134587,0.11921181991984021,0.13405793943235464,0.1681115489436038
0.07966586010348008,0.09287154075300612,0.11610067786573502,0.08331767651902927,0.10651884200990114,0.07166546317101326,0.11530030176444835,0.16219880454039073,0.17236083327299603
0.14472170557420172,0.10561862945409424,0.12023099127443367,0.08369746531386694,0.11801241757915638,0.09402638713351356,0.12889374366475145,0.08748295695803147,0.11731570304795053
0.10731761363309429,0.09089163928080705,0.10609102161656243,0.07369473078240237,0.10652045905136709,0.06861383496530972,0.12924761068829335,0.14208023593802063,0.17554285404414313
0.14116832032484228,0.10519325104472961,0.13554043861733142,0.07966973098552717,0.11852509887053946,0.08802360502369429,0.12539949935058958,0.0863368010530992,0.120143254729647
0.09695578585443361,0.1321491612564186,0.07389308473526336,0.19971175677763706,0.11454367383518009,0.14416166946250109,0.09367869562442153,0.08293303392622049,0.061973138527924236
0.13499366829965434,0.10283824949137473,0.1451800098170375,0.0757416799069408,0.11769361970191594,0.08481910192298275,0.12079594049188887,0.0897075281974092,0.12823020217079595
0.11167064183473485,0.09526409203240621,0.1513455171244945,0.07255454538732321,0.11356619580167003,0.06892375872214156,0.12350749186607095,0.1133223446715354,0.14984541255962328
0.12204771456447482,0.1223014784710728,0.08683784929866208,0.1496197341542437,0.11956700734217422,0.12249482655849518,0.11596526965077318,0.08362558073895969,0.07754053922114433
0.12444926656223958,0.09951181317503581,0.16045699496535837,0.07239973826300296,0.11627520595697276,0.07373685237722848,0.12140973298927543,0.09602787210966991,0.13573252360121676
0.14326302062882879,0.10260009872090663,0.12375652957017619,0.07854981923204991,0.11653267318569983,0.08860773648246806,0.1295475369735368,0.09095982495178483,0.126182760254549
0.039444946406550246,0.08909452660956509,0.06676631517693282,0.11975651201205328,0.08237772252262365,0.05638730471272993,0.11108459555334511,0.26578394855155335,0.16930412845464646
0.13211141782852936,0.10123146811507805,0.1504785047513002,0.07390444672190392,0.11693085141091615,0.07832918586408862,0.12344264863645181,0.09220956000260562,0.1313619166691262
0.10657680550483666,0.09431651112009816,0.14937429368505004,0.07328388394666767,0.11277875961959127,0.06760331008508569,0.12347678726436999,0.1193361949283173,0.15325345384598324
0.14646898564316932,0.10468274432244525,0.12321994554153538,0.08674809503131058,0.11905737487623087,0.09527075172116113,0.12542683138334612,0.08526186036989569,0.11386341111090559
0.11260643587969432,0.08941353535301393,0.10858519447468883,0.07353194117220417,0.10697629385695456,0.06926605460648701,0.12804471307633505,0.13702864834940492,0.17454718323121718
0.1401912581362192,0.10318092512811002,0.1349308432710016,0.0773544906957842,0.11743057109806165,0.08550022686522518,0.12656525768897164,0.0893335602506992,0.12551286686592725
0.14635486884477436,0.10366342980171998,0.1253881719052679,0.08460231114077048,0.1186660446260332,0.0933131671570568,0.12550468723684038,0.08597038113322168,0.11653693815431516
0.07615637337427723,0.09092442853777716,0.0989188623246904,0.08532813309896083,0.10214004674806716,0.0633351615547793,0.12346105148279858,0.18204245118784104,0.17769349169080825
0.1382697925712698,0.1112064117525301,0.11681576489963948,0.09457931245288505,0.12082521243941495,0.11460036171908827,0.11358532122043197,0.08295611916705017,0.1071617037776902
0.12196422252006316,0.10537826235611332,0.14089016396798817,0.08596045787558237,0.11925396420894614,0.14557618939414316,0.08484698345376196,0.07815814484745463,0.1179716113759471
0.14149295107401114,0.10071138572051995,0.14063354255559793,0.07783600838923875,0.11778591912511675,0.08445558095196581,0.12336219378524584,0.08831387854427909,0.12540853985402478
0.14133382550876838,0.10280740187427834,0.14673153347804757,0.07972106117039733,0.11918846051147097,0.08579679650007872,0.12054779599176897,0.08429441072355648,0.1195787142416332
0.13152799250894495,0.10120103207916249,0.14768223087791268,0.0741668042178087,0.11690424754056432,0.08173413657948428,0.12073412153894736,0.09302991898837987,0.1330195156687954
0.006763930608767709,0.08407694397396538,0.04879374264788384,0.2644691487900327,0.03833680069036116,0.041381204974285,0.07451026603611534,0.3563385945982365,0.0853293676803523
0.11842824504410711,0.1243865572413314,0.08567746499902358,0.1574615104053184,0.11942792435052403,0.12402847542580535,0.1128913240319509,0.08285865673180072,0.07483984177013851
0.13552775885864246,0.11682977694579795,0.10320737046488164,0.11610493570171133,0.12141999756592553,0.11196338749129597,0.12200224566178834,0.08204304040590356,0.09090148690405327
0.11137142833168569,0.1299199760809754,0.08690170937422302,0.17109908660633785,0.119755048212752,0.12598172625123746,0.10467240397143796,0.07933219348218952,0.07096642768916106
0.14002628468432804,0.10248868276797202,0.12972134245628839,0.07733568329365705,0.1168825994317338,0.08894244238119699,0.12482110666792316,0.09113142698080644,0.12865043133609408
0.10014505984791422,0.09195140659559072,0.11852304954487562,0.07567262904977336,0.10852768610710734,0.06693369562403194,0.12709388226712362,0.14190963512278307,0.16924295584079999
0.1393777530779594,0.0987574757673893,0.12300014617230019,0.07434673095930318,0.11419536832155132,0.08282010365146225,0.13071670724396395,0.09810973621341108,0.13867597859265932
0.14024659985015492,0.10980450580941283,0.1405386534639894,0.08515852954891978,0.12089757496430202,0.09201602443123995,0.12092192262404122,0.0803875922331046,0.1100285970748353
0.06328512906627287,0.09142387087028318,0.10388791733143905,0.09440899241912144,0.10058467964839989,0.06149511953484832,0.11978792848786529,0.1946955084744083,0.17043085416736162
0.10741362727955389,0.09279092845498543,0.12492433710071449,0.07390600088198168,0.11015514970686115,0.0683864579325311,0.1274766826458583,0.13080463367045278,0.1641421823270612
0.10362768338775231,0.13299287168874077,0.08901605094687288,0.1771936561318862,0.11961977584393683,0.1436400901953232,0.09032504608258118,0.07502901923878492,0.06855580648412161
0.09852424861347703,0.12344579908728504,0.09607641146882602,0.1589148795485734,0.11793726153438389,0.19131125671066349,0.0748672382907349,0.06845555383760484,0.07046735090845153
0.12951659181879832,0.09728232814187276,0.13463171100553814,0.07250155749271779,0.11408009895755002,0.07612165796519411,0.12791230864447758,0.10333006251434888,0.14462368345950236
0.1374837992036595,0.10159766667517844,0.1379199223412433,0.07533737971051527,0.11669278296292518,0.08227444489940815,0.12644362995125732,0.09198656977538731,0.1302638044804256
0.1396441908129681,0.11362271037795836,0.11867518599046993,0.10781019896283772,0.1227389197419137,0.1062368708408384,0.11765363246133982,0.07864514912277365,0.09497314168890032
0.06123535805070221,0.14732379566340412,0.06091620772463785,0.27067356735778375,0.09319430859968696,0.1381883799174429,0.07907293607216641,0.10399955478607292,0.04539589182810302
0.14202815642688513,0.1043259905027301,0.13109316994118228,0.07936523927641297,0.11788417781790489,0.08834648848310846,0.12696781312633412,0.0879276547346483,0.1220613096907938
0.13952231690479652,0.11417590851033126,0.10935956376668958,0.10524090377132712,0.12118859976706915,0.10730336536065865,0.12401357262514562,0.08231695958710902,0.09687880970687301
0.09850451627036251,0.09007856984941069,0.12232544515318063,0.07713560862003731,0.10848635868589424,0.0660369195719282,0.12461278468296945,0.14355307963020567,0.16926671753601139
0.08925879367800994,0.08908758992328751,0.10239336819666289,0.08035601054893253,0.10390110653333716,0.064790089771377,0.12435256169187647,0.16595163393849188,0.17990884571802457
0.12280111567626406,0.09655016154890182,0.14167479674733097,0.0722045103947188,0.11401459738758979,0.0729498130186242,0.12613533162328125,0.1067896770700783,0.14687999653321085
0.13238069695942087,0.11689142698157513,0.0926047146120626,0.126294575549019,0.11984038327947082,0.11670284324049605,0.12323512579242046,0.08494814975161163,0.08710208383392341
0.14285223453117565,0.11078838565643707,0.11511713891113588,0.09483016714254366,0.12026135533212318,0.10184155223174836,0.12619622846563852,0.08358777426324536,0.10452516346595236
0.07232696193002525,0.1412575755283213,0.061161168497210976,0.2544242829507137,0.10074909045705893,0.13917773131289388,0.0856791098952737,0.09701105170606328,0.0482130277224391
0.1429629119400126,0.10855234290981103,0.13651372526006678,0.09054164324614461,0.12164952421256316,0.09556168539227493,0.11871593189759237,0.079257134349207,0.10624510079232753
0.10814999633730017,0.12575885074225407,0.07843546895123722,0.18942885990930658,0.11682765542397167,0.12978693376319342,0.10224561884822188,0.08317935606355055,0.06618725996096453
0.14090001608624728,0.10043985915923508,0.12520314255912118,0.07576025477671909,0.11535943491538604,0.08478271538881159,0.1298908376612749,0.09455509827275847,0.13310864118044638
0.12898293682776962,0.1003386137596483,0.15393250098722813,0.07311194682407317,0.11655880752431598,0.0762460852616257,0.12284673290651327,0.09417661586568855,0.13380576004313724
0.10459692629926383,0.13402425407714455,0.08412758628129595,0.18550307701145038,0.11858414284622171,0.12864547344740238,0.09876024016222164,0.07829780808773755,0.067460491787262
0.1408815044418448,0.1118236925830925,0.13109848840846136,0.09100219844610126,0.1215162902777082,0.09714878448617686,0.12151379399211953,0.07994004709702306,0.10507520026747237
0.1427208401273348,0.10542140810588191,0.13078069166541753,0.08717521358830682,0.12026718551551663,0.10180281984996255,0.11499887716895785,0.08302322618390547,0.11380973779471638
0.1410758424938714,0.11232799903496865,0.11826221641738414,0.1053615212657485,0.1223347974225773,0.10540714042156439,0.11896574116209285,0.07953599500495635,0.09672874677683639
0.011118475546520913,0.08198301417551533,0.049183641098240465,0.2342042285672367,0.047779079948411886,0.03835553257542745,0.0846074110332463,0.34272705799955544,0.11004155905584549
