0.1679443362037468,0.09520358856097473,0.09761585114736872,0.10224686346203282,0.09786162259378374,0.13183017073089512,0.11959222071147924,0.09852376748090796,0.08918157910881079
0.04194889317344427,0.12012223821374557,0.14210867585749043,0.12284483793718115,0.1195946184720237,0.09922135386162172,0.11068714490270153,0.13900349711719406,0.10446874046459759
0.13563576836828534,0.1084780310061444,0.09522721265157641,0.09857336594530347,0.09792498616386812,0.14211970080822922,0.13132744387303938,0.09803940778155247,0.09267408340200119
0.0473883126096195,0.12591153342326536,0.12718163489885373,0.11564982209982866,0.11103417056103569,0.1297590724295664,0.10609755479912913,0.14031311201271482,0.09666478716598668
0.031118473805252646,0.13826074289923992,0.13257341895849137,0.13579585481886436,0.13615648835797745,0.07797762997676962,0.0923084771406148,0.11883677071521805,0.13697214332757188
0.059241995259396885,0.12099031300104847,0.12119042566990017,0.11098882539480208,0.10539541282303543,0.14553540178021376,0.10876743029567248,0.13627263479450893,0.09161756098142182
0.05578268008106572,0.01641817891316977,0.23857279203041115,0.27861947176743496,0.14727766277202872,0.030688452181419464,0.06400543252178222,0.007764699915223587,0.16087062981746444
0.09779040855780263,0.11198820884087386,0.10673769965098227,0.10318872111894883,0.10048985295255643,0.15521871236263438,0.11643856891323003,0.11920492695162671,0.08894290065134482
0.2871297835130589,0.0782432833214416,0.06615820412907807,0.08514984750503962,0.09378994372788756,0.11476253402456811,0.10519721428177824,0.06447111801944383,0.10509807147770416
0.09099526430050843,0.11580036323151022,0.10826771517690988,0.1044703628160371,0.10097345175760897,0.1504194619803321,0.12148543135237723,0.11684928471366944,0.09073866467104669
0.042597549602788255,0.13341300843891138,0.13114017359529645,0.11971647865628847,0.11734369458087453,0.10386181678020774,0.12029094368809583,0.12452782166061493,0.10710851299692244
0.04518829552883619,0.12612243869374495,0.1287303030531828,0.11677012449159874,0.11234417881864538,0.12700172368057708,0.10366013133328744,0.14237917597967487,0.09780362842045247
0.297641717035718,0.07672175207417901,0.06349440693004649,0.08479369429986867,0.09194252148771452,0.1081254790366802,0.10782426603883895,0.06008374536526893,0.10937241773168521
0.05871794794478746,0.1203496358075154,0.12161821239347466,0.11106165787200033,0.10535020589976496,0.14651269677582954,0.10709831197597386,0.13807143835523145,0.09121989297542227
0.1281749368222345,0.10657266996369714,0.10036845844908941,0.10127460423094338,0.09872667244993688,0.14474092694589835,0.12463749891989552,0.10502954970521701,0.09047468251308777
0.04470716264029676,0.12657083457419405,0.12928339192154167,0.11705971419011173,0.11228876320339927,0.1268080769812406,0.1030777647998381,0.14164453329392312,0.09855975839545476
0.019462125625355403,0.0916780815366688,0.08493954195391061,0.24205333456742595,0.16362845346500068,0.06039926570856263,0.03829931182907841,0.04772106378398188,0.2518188215300156
0.16996880333005415,0.09997111386619878,0.09115367809268195,0.09882702443715702,0.09661837775483471,0.12574458719744872,0.13540926946891843,0.08904718195610355,0.09325996389660283
0.049195226175722896,0.12655086629201404,0.12603890628211054,0.11485185050080167,0.10985468360959293,0.1314713304800402,0.10875379430414156,0.13664991723656586,0.09663342511901037
0.1351141656159248,0.10516133440616,0.096919393630275,0.09823260970895949,0.09792364612301645,0.15312791136959333,0.1185043109223687,0.1050021798226395,0.0900144484010628
0.034510271869532254,0.12736329439478083,0.13665758624237903,0.12691479052051463,0.12527709463616446,0.10067529267916157,0.0880100114723578,0.14706628212871067,0.11352537605639872
0.12677109871028094,0.10832311650062698,0.09832809016469474,0.09946597991895954,0.09842487174140947,0.14940245330144683,0.1238058626361865,0.10450891015278448,0.09096961687361049
0.08627961401600888,0.11970254160018634,0.10876491790717058,0.10544814630432409,0.10184363287298837,0.14307391890349416,0.12891406645067952,0.11322383132153126,0.09274933062361683
0.04806097025321162,0.1304872697389021,0.12538813411185107,0.1155195099185944,0.1118012327353578,0.12326161539681209,0.11534631520305978,0.13079013744013043,0.09934481520208065
0.04851928486493188,0.12449729356898738,0.12700363985826849,0.11499281756285201,0.10963750839463411,0.13406939173825505,0.10440611967102047,0.14135895875242718,0.09551498558862347
0.27378210738753767,0.08068661147873551,0.06865250834144482,0.08582607153306569,0.09373190598380154,0.11905234545693251,0.10802142959349888,0.06770333211943826,0.10254368810554514
0.2538168349610805,0.08352050707631213,0.07304142956638911,0.08696472941040045,0.09423479064810937,0.1301963853476916,0.10564978984761354,0.07428755853061918,0.09828797461178408
0.029581116508618586,0.129330015134157,0.13468893375911958,0.14544895971131108,0.1432837896393267,0.06849102404957734,0.08634276674132979,0.11385352507227058,0.1489798693842893
0.05344699410917656,0.125526314632516,0.12349752887853338,0.1131462220352667,0.10799101147671973,0.13572803651694515,0.11178394929518469,0.1338372980490041,0.09504264500665377
0.33590889291575987,0.06916026471069014,0.0556514650920284,0.08469698921909107,0.09150415709508702,0.093075255283671,0.09768932889689681,0.049761717047173276,0.12255192973960233
0.03616870046513738,0.13591574325007436,0.13301611415139564,0.12486040249632907,0.1238442967254949,0.09806277696015503,0.10242515526020868,0.13040260293679354,0.11530420775441141
0.033476033163964115,0.134127708887795,0.13476374554439788,0.12933861821019021,0.12940704319095087,0.09036499492797638,0.09396661109395033,0.13271169887683068,0.12184354610394456
0.18670674805436374,0.09630783173534536,0.0852919223793468,0.09285751996387324,0.0961878870643365,0.14096658173372537,0.11952143296678645,0.0894640660861216,0.09269601001610084
0.10775773535476135,0.10708215906861225,0.11130733714954744,0.10768007982458194,0.10098435616821493,0.13639478030163454,0.12590566827612273,0.11365361995550183,0.08923426390102301
0.2342089829832871,0.08818208856542507,0.07586214454284042,0.08862000885945365,0.09346510375422112,0.12985443757823076,0.11596291015250319,0.07623660811653282,0.09760771544750589
0.055961270374614014,0.12610435554706217,0.12177418588547344,0.1123378488958479,0.10736799617086813,0.13563359492061863,0.11573872034628896,0.12996896465885097,0.09511306320037576
0.06284566438838701,0.1197167424531297,0.11956079128779538,0.10992872825712201,0.10442093813991905,0.1484549370077589,0.10933449372744357,0.13498137583239347,0.090756328906051
0.07969474040263001,0.11689363973502502,0.11249959057071235,0.10629735757180535,0.10192720996061759,0.152201641068903,0.1160093248418536,0.12439392662223552,0.09008256922621748
0.05954639346249221,0.12228581547844602,0.12071862568791404,0.11103137270936488,0.10563765743513469,0.1433003205636836,0.11158505395562351,0.13344588489343812,0.09244887581390294
0.023101286139038835,0.07004297437951881,0.12048321967582594,0.2416317670338468,0.15810194346793793,0.052631242827039175,0.05646385818131547,0.05513000801050544,0.22241370028497154
0.09702261085988921,0.11553066741328251,0.10602270507308433,0.10361552600208601,0.10056957613629852,0.1480374063449278,0.12530834918302575,0.11249204026066295,0.09140111872674293
0.05933527123227698,0.12738886438054056,0.119329066319383,0.11134345987045631,0.10676162895828917,0.1337739536886472,0.1224219273568058,0.12391847535927136,0.09572735283432958
0.06665288704829969,0.12102914422419771,0.12019267994576804,0.1109997199274478,0.10483184162658511,0.13655617179519686,0.12218305982621251,0.12430324878560323,0.09325124682068907
0.04889145539515579,0.12633583564370543,0.1263046740377273,0.11497001399400274,0.10993833343243993,0.13156515070840868,0.10800138703222006,0.137405119281906,0.0965880304744342
0.3252542682378609,0.07134367646427191,0.05792504594403009,0.08448691925700653,0.09120627936172802,0.09789527239856417,0.10081629916283409,0.05265997682084526,0.11841226235285905
0.03723899257581408,0.12737718181350965,0.1402822158291688,0.1266276113190097,0.12519320578032542,0.09001503439071168,0.10775011771509567,0.13030052181594542,0.11521511876041958
0.3717556591938227,0.060842013467793464,0.0467469465447617,0.08856661312988373,0.08939095225598052,0.07649656782637461,0.08298701989805347,0.038171856703121836,0.14504237098020792
0.06870833802523525,0.12047102516494111,0.116460113585992,0.10869259749946196,0.10373297593898066,0.1470172648088723,0.11578620115566092,0.1276579255730387,0.0914735582478171
0.028364021046183668,0.13181320207905353,0.13115269052644463,0.1482864406227852,0.1443859414007684,0.0699876597032131,0.07677488950173683,0.11480693236583288,0.15442822275398174
0.035514762959578706,0.13141196319532028,0.1374239060021106,0.12764877634625812,0.12673955157693328,0.09040674522065627,0.10244216009544231,0.12991613347757194,0.11849600112612858
0.12934190641690416,0.10402239860439087,0.10621659155660629,0.10751291693383906,0.10051973358268684,0.12182627587700846,0.13806830989376664,0.1019710896060228,0.09052077752877481
0.2558510452208897,0.08325967456745015,0.07259328756801692,0.0868478031025911,0.09413243039393142,0.1291035667939607,0.10593567258321544,0.07356054864354815,0.0987159711263964
0.04924142398308141,0.12453181522278062,0.1264997741932521,0.11468447225431794,0.10932239029256052,0.1346497306486384,0.10528470335100319,0.1404736630940883,0.09531202696027746
0.051017515824145154,0.12969427530376682,0.12385798558274796,0.11420004313801337,0.10980179621097075,0.12751553496814252,0.11712515726155448,0.12862947066428246,0.09815822104637649
0.06065882775466613,0.12598816520857495,0.11903537686768377,0.11094440656850983,0.1061950721904553,0.13652725603292928,0.12065919368858863,0.12518463829597254,0.09480706339261956
0.15730797819704498,0.10212621947767077,0.09136601675117872,0.09590776818400759,0.0968908013705269,0.14617512503977317,0.12228661120523582,0.09624735622050051,0.09169212355406152
0.06768281868799796,0.11812121434274085,0.12274525580893651,0.11232467051526368,0.10562004055560542,0.13141885774611858,0.12379333237339007,0.12584711411675284,0.0924466958531942
0.02080418749959697,0.10658113110584157,0.09576382405292812,0.21614102374241106,0.1622461540750821,0.059661278597940647,0.04282595555062673,0.062322759461143594,0.23365368591442928
0.0836644250562746,0.11783597620546865,0.11285721175425183,0.10784958292241298,0.10268713342266361,0.13775751804863054,0.12951028654747787,0.11555620766903418,0.09228165837378564
0.14320517437191244,0.10560369571895888,0.09415793448031684,0.09757593370570465,0.09754042255429456,0.14570600832103528,0.12577524669683332,0.09862302511510541,0.0918125590358387
0.06381520157327981,0.12211073859879502,0.11824125896366146,0.10999875775195685,0.10524191428942999,0.14285364528852262,0.1158125442399681,0.12972700310878427,0.0921989361856018
0.33590889291575987,0.06916026471069014,0.0556514650920284,0.08469698921909107,0.09150415709508702,0.093075255283671,0.09768932889689681,0.049761717047173276,0.12255192973960233
0.03975130488625247,0.13373237857338197,0.13111082615944494,0.1208555330744266,0.11836267277958196,0.109125941229596,0.10664409691073734,0.13283316622319583,0.10758408016338283
0.02365144774908229,0.10783623425494356,0.11628317302275314,0.19420536886518455,0.1588889015512754,0.05778215831936765,0.055966798380440254,0.08079502237849466,0.20459089547845855
0.048996413804168325,0.12028756072779088,0.1334276478975428,0.117582011472122,0.1120549405750551,0.11970706355120424,0.11141915891952009,0.14019259627047273,0.09633260678212385
0.017626025096863628,0.07775822137143888,0.06964813803042348,0.27214585704124156,0.16463420200708243,0.06437210704117456,0.025997352744642155,0.03445718738281515,0.27336090928431817
0.17875674790640242,0.09942804016556299,0.08719956305104765,0.09584126445548695,0.0957981541848652,0.12832255626298075,0.13401284480292666,0.0863291292151382,0.09431169995558913
0.1516952672549283,0.10088052082393432,0.09357093521595718,0.09610588327399407,0.09718681515855805,0.15461655485349246,0.11388719608299747,0.10243335212052408,0.08962347521561405
0.031395219741235145,0.12526636720176565,0.14028077429479455,0.14190015700622186,0.13948581167544893,0.06972089433324828,0.09413631999954701,0.11662976018798842,0.1411846955597501
0.09099740800443408,0.11543002675424963,0.10838811310197262,0.10443203269104274,0.10091846157107405,0.15131303269736884,0.12046286282336678,0.11757129711032438,0.09048676524616685
0.04365290482950531,0.1246666038790647,0.13677234081258619,0.12063163202246763,0.11666750920579323,0.10620414407849181,0.11390295568251498,0.13414436359763607,0.10335754589194006
0.05664742425110636,0.12095426071055178,0.13090943308628497,0.11654135106003154,0.11101292263257674,0.11012078528192897,0.13280546263307746,0.12406490093049356,0.09694345941394855
0.03324133604555032,0.1299734171821037,0.1384431136085098,0.132331204679324,0.13247832278361127,0.0821771732135124,0.09665068191840472,0.12863704681476681,0.12606770375421708
0.03772354756301029,0.08271577407492108,0.1747311818448778,0.16305659076145126,0.14033476836021383,0.04543559384798504,0.1254339563547214,0.08877451106366235,0.14179407612915704
0.09556218768156526,0.11358141427279966,0.1093874321868493,0.10573513074026875,0.10112451799043003,0.1438471176334896,0.1253337376538244,0.1147030316054624,0.0907254302353106
0.05506624442407953,0.12091307408640685,0.12936555771450323,0.11551496022257564,0.10926755157218067,0.12360249573292803,0.11886734020966268,0.13218396490876513,0.09521881112889817
0.032664179101613615,0.12963779257935668,0.13663802900915398,0.1309435183631432,0.1303790840681757,0.09096003548400615,0.08645588952850732,0.14031113285356703,0.12201033901247631
0.03213081562817075,0.13330862790204137,0.13582803511494942,0.1332191406486598,0.13180334949496583,0.08650075947130458,0.08800939593505475,0.13070939266502746,0.12849048313982603
0.35138035059660405,0.06577385921750922,0.05195583518572607,0.0857127484465826,0.09015502109870438,0.08609153425664094,0.09284987420465786,0.0447693263538716,0.1313114506397033
0.30655100750878295,0.07484722761352125,0.062175503241120374,0.08460780713914519,0.09228969554188027,0.10759351578588901,0.10233738244294166,0.0585872302132087,0.11101063051351057
0.2874501759037024,0.0787694199384397,0.06522294520904774,0.0851634398775946,0.09193856158898141,0.11013019321914426,0.11185623746023181,0.062219131011030666,0.10724989579182746
0.14538561804190375,0.10181836767857222,0.0985374840305014,0.10118918874853404,0.09817599377950693,0.13949524594121157,0.12382662301707585,0.10143921430253611,0.09013226446015814
0.07314185543410313,0.1189660399741969,0.11479223342248686,0.10766966434229679,0.10291562489258198,0.14940508773939662,0.11595287525498381,0.12634284946391902,0.09081376947603487
0.04776799321324051,0.12339544332915409,0.1277662462466161,0.11522441195770039,0.10969970945347335,0.1349907395524286,0.10176259632592706,0.1443364228945796,0.09505643702688038
0.04894859532187958,0.13255607972804764,0.12648136558920448,0.11618633361730413,0.11279753927497799,0.11024218709308103,0.13038880233884398,0.11971258034433158,0.10268651669232964
0.04403078706866085,0.1272478785674501,0.1351095635559811,0.1202135720231259,0.11677579546711819,0.10395311061503427,0.11923294924562818,0.12889388873304672,0.10454245472395479
0.028707432603988503,0.1315131064868657,0.13029681656627587,0.15020802512786616,0.1457665590771207,0.06419997138628826,0.08735023566850277,0.1023360490980383,0.15962180398505377
0.060572548371908265,0.12016525131340942,0.13036405543512136,0.11631722294269971,0.11075344230578298,0.10236734868525955,0.14575586214766725,0.116359071940271,0.09734519685788041
0.2400447553221269,0.08641527357783707,0.07526684585852071,0.08805554299508829,0.0942160009729792,0.13124306454393891,0.11098284785955197,0.07663121097832809,0.09714445789162889
0.10507316550318879,0.1093519819687953,0.10513384028442531,0.10183663550076516,0.09937979909450105,0.1594541051151374,0.11312402230104733,0.11837025361565946,0.08827619661648016
0.22057390171194038,0.08948219871172636,0.08052049945368674,0.09134811561414179,0.09490460224106269,0.13164572139602324,0.11507891679421811,0.0818131013670547,0.0946329427101459
0.3473444488598718,0.06700097753638146,0.05382472836426148,0.08489344559325873,0.09006954482028921,0.08543492080143959,0.09671760156629926,0.04650891040747942,0.12820542205071903
0.049529706809300154,0.12655757802844478,0.12868020995860444,0.11626969322619966,0.11136319129607351,0.12078394960432744,0.1171258799983786,0.13107184752781775,0.09861794355085364
0.02583512169815839,0.12699477730693606,0.12317779665834531,0.1647228910217909,0.15282780533597753,0.06254952923106745,0.0666156007923072,0.09927169139937268,0.17800478655604446
0.12061704230465281,0.10775717930847994,0.10245709807902097,0.1021947095009887,0.09916506031489965,0.1460181332911896,0.12372501118707724,0.10790621500267471,0.09015955101101641
0.051294781305641766,0.1286934818031593,0.12399177587371119,0.11407578882861454,0.10947734351209631,0.12934449427804914,0.11545182521497514,0.13020871360453445,0.0974617955792182
0.02834963106077341,0.13237585032505672,0.13069556306635008,0.14757891557389416,0.1450960484610149,0.06946460883984272,0.07808179308605401,0.11468943667638958,0.15366815291062455
0.07303278463763142,0.11788671400254093,0.1151219992860647,0.10757285544991187,0.1027076144371426,0.1516324885549272,0.11340518975257645,0.1285468953850675,0.09009345849413734
0.08393742971451373,0.11482250574777442,0.1113220614993226,0.10537270459092496,0.1012442976074628,0.15541911153282595,0.11397437393272174,0.12472763968830765,0.08917987568614627
0.04776076044335115,0.13208040502173898,0.12884336339796734,0.1174049138389676,0.11518989194568813,0.09909367361251598,0.13894305959933592,0.11587731490295823,0.10480661723747664
0.0585001151942961,0.12249047896363364,0.12125314778639217,0.11133887905712114,0.10591257138354078,0.14270864113290194,0.11101443394330894,0.13416282034060403,0.09261891219820129
0.033365446492343416,0.13238065165744592,0.13582133562177331,0.129782152355813,0.1287826988890669,0.09204640456400054,0.0907377350860517,0.13549262351625838,0.12159095181724677
0.0805547971451178,0.11770130469442776,0.11643594747014115,0.11013986118937602,0.10388274276465055,0.1285420959104864,0.13512117425806225,0.11462560149028019,0.0929964750774579
0.25278858943888516,0.08348006546337049,0.07689656737723788,0.09166576949741027,0.09426262053733676,0.11600981081654381,0.11311830908611521,0.07443351723039549,0.09734475055270492
0.03453490309997168,0.13202321412948506,0.1351424782219197,0.1272387149740678,0.12650037207606935,0.09624542878439481,0.09378047959450014,0.13781038331048587,0.11672402580910561
0.09508207090994014,0.11173074199640981,0.10794433232008556,0.10339735157575329,0.1001262030783056,0.15827842292911484,0.11341446372701214,0.12151583335955886,0.08851058010381975
0.15150952453323088,0.10579856843752485,0.09120850329021675,0.09677552123491417,0.09696291806259512,0.1377809175933592,0.13369117955549834,0.09265789309410544,0.09361497419855531
0.03152795110667419,0.13027635476867622,0.13766296771886252,0.1376539814783461,0.13661463259653273,0.076339326798862,0.09133744096811457,0.12277100184107048,0.13581634272286125
0.04864549922116377,0.12559439270209274,0.1296551000246656,0.11663424583262431,0.11157232878407945,0.12166217563174853,0.11395896005089168,0.13396916892475172,0.09830812882798216
0.03645368597747173,0.13483524280494344,0.1332504054620102,0.12448708151546943,0.12312554109300829,0.10005271368366225,0.10144600683015846,0.1324174200479067,0.1139319025853695
0.040385102417172816,0.12848799461684002,0.1351123311511684,0.12169377166784523,0.11857653834694633,0.10655146376758447,0.1069665302613842,0.1357992759096419,0.10642699186141658
0.12904059718515065,0.10628271663646627,0.09839526335669464,0.09895671541617083,0.09821974206208967,0.15390507200764278,0.1184017043316102,0.10697173814898919,0.08982645085518577
0.05892783047789089,0.122848157277456,0.12092371361601516,0.11124929483701222,0.10590067924733515,0.14216670193241437,0.11213297329228085,0.13301767715668295,0.09283297216291242
0.2728171000913983,0.08036768893151314,0.07273727950726237,0.08982781145076969,0.09358806272735258,0.11008047762076474,0.11075311185611651,0.06917366755805422,0.10065480025676854
0.11225009407460056,0.11537049524591714,0.09991309212344418,0.10165116473214157,0.10004684404685642,0.13682265985486067,0.13899875170738366,0.10140165975205984,0.09354523846273595
0.06829713815623518,0.1217178805688428,0.11630838043784412,0.1088797162139085,0.10403930217742093,0.14455396003454518,0.11829152193512253,0.12565044233033082,0.09226165814574994
0.15150952453323088,0.10579856843752485,0.09120850329021675,0.09677552123491417,0.09696291806259512,0.1377809175933592,0.13369117955549834,0.09265789309410544,0.09361497419855531
0.3170943489046298,0.0731124035651188,0.06410651850851977,0.08741607502709509,0.09173808338522478,0.09116660652260394,0.10665361379068818,0.05713786175805843,0.11157448853806129
0.03497748501569524,0.13130321083243404,0.1354803036747925,0.12662386158289063,0.12493915812989657,0.09914271919895123,0.09319126904082826,0.139026434068636,0.1153155584558756
0.05236129033146325,0.12536646332028972,0.1242321617454113,0.11352387194925591,0.10831724169905255,0.13545455252735097,0.11027164206442264,0.13535339608169175,0.09511938028106202
0.03598218258813202,0.14471059589375881,0.1283764263404278,0.12395920803137529,0.12700814643372857,0.07816395781123443,0.1302943074209667,0.10622075704356637,0.12528441843680985
0.033153436689550266,0.13851017619839454,0.1331429091219044,0.13015516316674167,0.1306019817380474,0.08572530055842148,0.09850853599968724,0.12355036828316246,0.1266521282440905
0.04839658862961721,0.12652899314270136,0.1321328710823829,0.11800350361796563,0.11369349856801532,0.1087308739521964,0.12510254625679904,0.12606166155740048,0.1013494631929216
0.08868550277596805,0.11833705250779737,0.10808068073353527,0.10509159136871964,0.10194043419957773,0.14396782571824376,0.12771689951193727,0.11416090155300536,0.09201911163121552
0.17108666970837128,0.09628949691423531,0.08973701417686819,0.09381003391093855,0.09700278397306066,0.15404243801256487,0.10918891094111878,0.0994354917027296,0.08940716066011274
0.2511502383371968,0.08512990213976028,0.07257794449825065,0.08733001441982886,0.09343284109170023,0.1240947475580964,0.11439554252490618,0.07224084264858044,0.09964792678168016
0.03771982577379202,0.13515173620284068,0.13412468767755187,0.12422581778380222,0.12482607689348275,0.08852284068222242,0.11826653243271802,0.1210861107110311,0.11607637184255887
0.09559109797140797,0.11686717524328488,0.10605487226305267,0.1039038421268033,0.10081119181964066,0.14533981769873713,0.12828219494871518,0.11103567252099705,0.09211413540736113
0.054689514496285764,0.12321356709967136,0.1288709228622116,0.11571540976059673,0.1100130042216814,0.11869082222904204,0.12457786502123284,0.12727836483019164,0.09695052947908665
0.05052470221285941,0.12501250631363361,0.12552250657080968,0.11419778535740471,0.1089119349498542,0.13488725769878093,0.10756737808137712,0.1380971285232218,0.09527880029205847
0.043529061221496156,0.13301684225384042,0.1307627055025146,0.11920008739709805,0.11663459445730955,0.1045199602663802,0.1222325829989868,0.12380900153067599,0.10629516437169821
0.036054294977449476,0.13583952995462303,0.13274810746773102,0.12486733357360415,0.12454664854314772,0.09707525161250909,0.10282413971230696,0.13092600019857248,0.11511869396005614
0.09125318084395988,0.11265427585418943,0.11554592134941975,0.11027772879104775,0.10340592819397058,0.12597434807219673,0.13615929635145255,0.11335482285835075,0.0913744976854126
0.13131908122917543,0.10846517581543669,0.09673210883309696,0.09902301601881437,0.09819032419903674,0.14561303218146313,0.12773446899500784,0.10104915987605578,0.09187363285191304
0.2588064973044552,0.08334884161401111,0.07152889387477536,0.08675613076648192,0.09358203491677097,0.12454344965016466,0.10995274168579412,0.07135903360784729,0.10012237657969926
0.057488574653543144,0.12166196850278992,0.12482360532225428,0.11329299189571351,0.10727343544017198,0.13367631448567135,0.11526112624926792,0.1328341838053498,0.09368779964523806
0.0780995206314039,0.11695556215688241,0.11315522565306596,0.10656903097830768,0.1020657341602313,0.15250185765318117,0.11499558641399639,0.12570313906208888,0.0899543432908423
