0.04916578890197274,0.02566927871457868,0.04356419181133209,0.5584051318200348,0.1025213065866996,0.02366681578649014,0.03386234891903601,0.017385042673397428,0.14576009478645838
0.18029736557527856,0.15065041269924015,0.06519299790119347,0.09176417757476406,0.0569121543576826,0.12909766142944704,0.053265962562580156,0.10879229979800085,0.16402696810181314
0.15083549990559633,0.16237702539780674,0.03743404829407848,0.006348945023776617,0.1337058160585215,0.4381883995655543,0.022932919061850993,0.007993506315872631,0.04018384037694246
0.04931824580668298,0.06934085177785755,0.02904189969283597,0.1024965917378791,0.023890890160171343,0.009822384711668472,0.08223312385408547,0.03354878608657217,0.600307226172247
0.5769301205955443,0.07318123591085003,0.029483586683625163,0.05568525089990856,0.03092603750382424,0.04730598820557138,0.024162635895449733,0.11680402600184363,0.045521118303382846
0.2997821904454467,0.13365657813205406,0.037547836361172864,0.017583500999945403,0.01056047109985872,0.038159705213996545,0.049817439199035564,0.00544732950889987,0.40744494903959033
0.06866659403848638,0.044688028119916144,0.37952111822401147,0.09698845304497099,0.10518334624631347,0.060590701824769944,0.12842483106603386,0.08289125978927404,0.033045667646223714
0.03677232063211564,0.046125263918145275,0.16110242144395187,0.12003935752163077,0.17075363219773956,0.015842917734281394,0.017601136561794243,0.37581627445713833,0.055946675533202955
0.07078259735098986,0.28657575554792425,0.03330276892822174,0.1541633519772284,0.02422603575776405,0.1082451830193355,0.025268342490495754,0.2397267598973185,0.057709205030721904
0.029809523116200293,0.056180624790658905,0.057509158068252846,0.08919352844616411,0.5473672692034973,0.030369456651872347,0.034327882696150426,0.11049892168715286,0.04474363534005099
0.4477197568840064,0.25134651112291845,0.07699431770832087,0.02297245935567362,0.019263489007170415,0.09726026911383694,0.02505883712535596,0.01756959022666887,0.04181476945604847
0.12608551719555314,0.14423611336984285,0.03218156070308122,0.12390617767143891,0.054456606696983656,0.08157705712322881,0.08206401078635231,0.05672964341218653,0.2987633130413326
0.09716651811339909,0.06974702543672072,0.15062219244947292,0.020821163129121183,0.2124116435378681,0.3069611352844113,0.050510959161813855,0.048585711572532,0.043173651314660784
0.6360315084560083,0.04491658988181355,0.0626879743881262,0.021907671943689033,0.028667319171813935,0.08773017527738175,0.033314003672639154,0.054213178400192345,0.030531578808335662
0.15016203342910886,0.13723444672890575,0.018280909205902075,0.10020275194972537,0.05577423701172741,0.11757805066062421,0.10209135206588034,0.04440940273915132,0.27426681620897464
0.042544656320021836,0.46645024816724473,0.13802780590677774,0.10223188312320762,0.025071118744964913,0.04690041136366913,0.05577793483178051,0.09827064164280104,0.02472529989953252
0.27782320267767113,0.06439754902854142,0.09803597440087562,0.05265499703556733,0.04572523393261757,0.028959656048656263,0.05850596269867583,0.028141839340367236,0.34575558483702756
0.07625580211943664,0.039528587235961206,0.021484985788528713,0.4763728016485276,0.03732235250710138,0.015743795203141283,0.04623674481561347,0.12082850768160884,0.16622642300008086
0.019181064765823135,0.05736945766372107,0.026443327962452235,0.03369137227319594,0.2527563901105389,0.4569707099316492,0.03493669679489618,0.006518072119751347,0.11213290837797192
0.1566585316394816,0.23464021770683674,0.033199439883384876,0.006735878642914601,0.10156748566953615,0.4030349894406919,0.03348956487341077,0.007221060878018532,0.023452831265724953
0.08943180241699548,0.04688017956394713,0.09271752419386843,0.17400937298646435,0.36502208914478285,0.039579082542204394,0.0362293372720719,0.07687705510921446,0.07925355677045103
0.03467614339729915,0.0747867601602372,0.08680116816518224,0.12286537383355707,0.41809298167770453,0.04393023788170101,0.025412238855183577,0.136667344619703,0.05676775140943221
0.11085245752068477,0.2145555753902506,0.0359914717000272,0.0075047901832304325,0.18547942852853852,0.36652951196745587,0.03608838044314545,0.01666367329826018,0.026334710968406862
0.05120749759444493,0.028617341321779222,0.01392643275101661,0.051385505932068,0.023141379033816068,0.02982032257344776,0.10895322480922309,0.0068921365697423515,0.686056159414462
0.12019585526582087,0.1777935207589136,0.00729607481708358,0.030193402673269535,0.05211830281513316,0.3307216178784349,0.19759510716315246,0.06759813611076636,0.016487982517425514
0.16274601722868318,0.1733199007586621,0.013881390499673912,0.0966335458705307,0.03076853036826593,0.18489246565380305,0.10384260349846601,0.08253844186074978,0.15137710426116535
0.11565805431420419,0.10393391898563904,0.02881390254394181,0.14202432646155386,0.042515994064119676,0.07223205835209451,0.05994693799832692,0.10654275934378861,0.3283320479363314
0.09250822236712179,0.13720527149568285,0.04045234398459294,0.09392615322013308,0.13985547363027093,0.2675885219140393,0.07672418719408287,0.04751757919276837,0.10422224700130789
0.019965825583441964,0.03885579002640696,0.12470256964903352,0.093347277266749,0.15179712444600713,0.009332684111678865,0.011206791907662291,0.49105104212597195,0.05974089488304835
0.048357920411628647,0.04475942394163768,0.03763934886020566,0.5655469141472355,0.07318518020677857,0.019495291157824265,0.023724716801735896,0.07725459481469925,0.11003660965825456
0.184359165505533,0.040559722954960735,0.09538314725909132,0.02746774405542393,0.014997941704583378,0.015930603875762343,0.04737990806961024,0.0035441006481792534,0.5703776659268558
0.1953043487344445,0.11340081319820655,0.03240641392696886,0.025370806069296453,0.01215203352161475,0.05135975187361245,0.058240320168401964,0.0031685048370826354,0.5085970076703719
0.24726067001371846,0.16967365881580806,0.020667953459671876,0.04383549635752682,0.04135939693162573,0.21895739444074522,0.04767204842483697,0.12075230022602405,0.08982108133004287
0.2881142726422278,0.1820725172879313,0.01404789066154037,0.04998010569409481,0.03274730008259779,0.19928123812696855,0.044556175036887934,0.10297375491061622,0.08622674555713515
0.06285925461134428,0.031168967541325098,0.06597192338442687,0.21549540849972526,0.3434068510389327,0.019113586270852887,0.023022632912830288,0.1473315910468631,0.09162978469369953
0.14927863341279424,0.14671683004905467,0.1407512679923675,0.31226759502057466,0.059496460797032226,0.025105575642080612,0.0218990381414184,0.062234406726972356,0.08225019221770533
0.041027605844330926,0.04298961329505838,0.0549755185207079,0.6165783893502202,0.05532091736440987,0.015457317415901853,0.042826002334017045,0.04774132946529593,0.08308330641005778
0.07278918346466536,0.0336964955020904,0.09265355221153841,0.3035803966921685,0.26605731946797495,0.02121637625284395,0.04536393464161822,0.08073446797845857,0.08390827378864173
0.09865572961138008,0.06273380098295693,0.022383375996178356,0.05212902903353328,0.017775727934470884,0.04396102572016941,0.05803422349782315,0.029468231231810277,0.6148588559916776
0.3748272612733147,0.1532591832585756,0.04727705954395092,0.023251713714422462,0.011688923413320404,0.06172240835135947,0.03907309323594399,0.015328141407475107,0.2735722158016374
0.08676780451958359,0.1601577216295008,0.24882262941128674,0.04083708091299641,0.01973203568860739,0.04890959104775124,0.3321673281041369,0.02623064450907406,0.0363751641770628
0.07687313832075426,0.1994259546985181,0.006606417453133885,0.09373436398960133,0.022655575447213264,0.1869536795977936,0.07134674890146925,0.2753596012337425,0.06704452035777385
0.04867559404640764,0.07615201079753832,0.10279272784001192,0.41750565329660166,0.12520002040040557,0.015085839786461655,0.020303602999491775,0.12767931166188098,0.06660523917120054
0.23390422717901851,0.15621329528107025,0.017377165817147676,0.04478145442754417,0.03680877527782151,0.17096816243323384,0.06575453366210239,0.06833237093150897,0.20586001499055273
0.02709576511887592,0.11085756491662004,0.06357237448905809,0.04824454839151824,0.1817629666248658,0.05355636323019481,0.014738873708900424,0.45108405813547797,0.049087485384488726
0.05787728618507715,0.057183184562844186,0.05384410260442038,0.10931022215353542,0.43980600127871244,0.0831941453388476,0.0343482513502216,0.09007430145115726,0.07436250507518401
