0.052475595995217,0.06675816410332208,0.042375948948525345,0.027290438856790913,0.22251409981382664,0.07293319989236931,0.4282983559686702,0.0343710215975687,0.052983174823709754
0.22078786925255148,0.0693401783132311,0.05438456029578247,0.24499189059489265,0.12389074924400512,0.05375206749148013,0.0282660910442903,0.14521513283263657,0.059371460931130236
0.18456238398220237,0.012669484572790879,0.040732209706432876,0.05564050774150523,0.02313396303352752,0.44627921070148524,0.0021377311672358544,0.22109028495815586,0.013754224136664163
0.43825167652404245,0.035670394186658655,0.023002583096938683,0.1038042735520599,0.17944198216995907,0.09154012128938542,0.015636316993035877,0.0842665348326216,0.028386117355298297
0.16197052919985747,0.022277476679678138,0.048807227210800976,0.10193021114029294,0.27960870834439816,0.04297150409526287,0.01968517912372078,0.24176308095216956,0.0809860832538191
0.028691432109965876,0.12802146912732312,0.03213963777133209,0.022053383565843934,0.1307752956632308,0.06688595712102667,0.5238453073821001,0.03418663233104522,0.03340088492813222
0.0075559144917095354,0.04217066081701503,0.05903847432295133,0.05814176885964636,0.14546072406685637,0.06447122323711402,0.4899610191947073,0.024605284787246735,0.10859493022275334
0.25300591962630536,0.007331558531990342,0.030938254537576242,0.012258405195259664,0.19125155311154787,0.23858866298503442,0.01200270540435712,0.010210580242713894,0.24441236036521508
0.0923023303790599,0.03740045203041798,0.0428282528364106,0.05322477266673047,0.35623961994437453,0.09395077809464242,0.025190332993376724,0.07016616268253108,0.22869729837245623
0.18123381190984889,0.0834736456470887,0.023026706550868203,0.12443443739607496,0.015778030761836596,0.07200823446359854,0.018801864119918642,0.4463502588726962,0.03489301027806931
0.006511270558873762,0.04350553875735228,0.06458332832036973,0.15907592154855293,0.24755864644151582,0.06351604416487969,0.25434966339638304,0.026771977362999314,0.13412760944907345
0.009914976353803421,0.20819118382604485,0.03870625572154273,0.05737193301574323,0.08912664877281984,0.04454033806152404,0.3926545686191683,0.03445097181115329,0.12504312381820026
0.028466497927044282,0.04253818613346394,0.0813233497326666,0.032338048409625474,0.06085961300328263,0.1282758907935159,0.3870029646829783,0.041718800775005005,0.1974766485424179
0.03700064953866757,0.06312939095758129,0.045745662764980155,0.05977424249425627,0.1785417414679981,0.05788670366261093,0.31454656439020257,0.036340216682803496,0.2070348280408996
0.28916195334770933,0.020470895586910138,0.05376289864811382,0.008041049598943667,0.06863580480905986,0.5273917484502503,0.007495678539404779,0.014745904751320526,0.010294066268287714
0.005533250438779293,0.05591042168147822,0.0545515351893175,0.014064077174038158,0.10540936846265632,0.05639719528344463,0.5809372440878523,0.0873417633285087,0.03985514435392487
0.13411999854113707,0.5444241058818801,0.03251161623457907,0.07720443654338338,0.004764923712896343,0.02735480321545594,0.13481347575903735,0.03291731727793751,0.011889322833693127
0.008891550335300091,0.03790438202343103,0.027029350223205156,0.030901913865538783,0.20443570515990006,0.07608319733947776,0.2761797265679444,0.06345581433817053,0.2751183601470322
0.010822360788053991,0.05265367530237216,0.024160625268441493,0.023503755581576177,0.041931599184152596,0.10117554392175811,0.04518652773788154,0.06476540991132938,0.6358005023044346
0.019598208389012623,0.15329400019256445,0.22139446256625428,0.12840116170177823,0.08792547239410047,0.011586078824033267,0.06409293698752183,0.2273894284080528,0.08631825053668207
0.03747317363893482,0.05438455935727012,0.5146103625501004,0.07124997299528592,0.08288454186544934,0.018211044498285936,0.05505422927112182,0.10887972431356747,0.05725239150998412
0.014559086734423033,0.07311403567588853,0.04685472625091804,0.052210298693433306,0.208587500610513,0.0789673331973189,0.4726258241363728,0.0263689773915371,0.026712217309595294
0.07083741852243954,0.024542426940663248,0.029493465527471275,0.5329497415096928,0.08432379516153593,0.03561852704187187,0.023442537588156388,0.1699427452808339,0.028849342427335025
0.012168095746207449,0.07417480239564186,0.0395919856722847,0.01998279249204746,0.210738099122647,0.06325119518078741,0.5027026170771883,0.034123767724558766,0.043266644588637014
0.019731059633902533,0.024553580031354563,0.055024066333039835,0.03976286284999903,0.108134900604635,0.07644479375525344,0.6172236633165706,0.033990052439625947,0.025135021035619074
0.01730852394545176,0.03778435480757553,0.08831500233659477,0.020965825708593278,0.2015273954388865,0.04970204757868213,0.2535082102563986,0.08291717656354275,0.24797146336427478
0.012103155486829484,0.052224576079308714,0.03474783093576583,0.026583750072102397,0.26643272636642573,0.07661768570183682,0.4325106539831789,0.04898392914744237,0.049795692227109924
0.021070497383460087,0.172904375505022,0.37667159186371474,0.1250148346514327,0.07851433472288137,0.011215063570847991,0.055877952199919194,0.05749493565955948,0.10123641444316249
0.02663655865817725,0.034728177810761166,0.040612588239606534,0.1133461069544865,0.4768221405709223,0.07361507597965698,0.1479415833971018,0.03285377215216407,0.05344399623712339
0.0047851734381666655,0.049738195992698735,0.04552165467213509,0.013098328979101065,0.1122489045338626,0.05212144261675857,0.41729348658154036,0.02029194462357088,0.284900868562166
0.04519559229884514,0.06572075128908565,0.08395717569866869,0.03141644563422825,0.18780071673403964,0.16555355517268458,0.21876804619444,0.07245059563031338,0.12913712134769462
0.03437661076392313,0.0341575391787589,0.07022359458906943,0.06181571985580414,0.22354151628593147,0.04762074620476187,0.057230516344243726,0.10888789083680046,0.3621458659407068
0.03129057517743055,0.08819779433340354,0.6236676571235574,0.05777117720787362,0.04254031666238483,0.029842296979273836,0.052401891215653286,0.04623914325868279,0.028049148041740263
0.00884515291398401,0.045738850575466554,0.05720157048302053,0.04578935944285919,0.11812501162130372,0.05452131162120263,0.6164590005272251,0.018587767154615548,0.034731975660322684
0.015947885386713618,0.12134083000789771,0.058219706989242774,0.02716702598986079,0.15676862189467708,0.04570679654633623,0.4983779138165026,0.03079050770613348,0.045680711662635674
0.023689045344326035,0.03621451529748546,0.04309649368701271,0.07057596992416018,0.15578929441519404,0.06702830681229288,0.5198374308232824,0.021432028576157724,0.06233691512008873
0.01056552910169066,0.090412184341932,0.0321666664245696,0.011842788292542289,0.15949362879158657,0.04532608329737775,0.21877641062797012,0.029256298949651986,0.40216041017267906
0.01565394928636971,0.060689566426189494,0.052730400477546346,0.08242880471001497,0.2174969541560853,0.10167492299646812,0.29678695445531117,0.02197804122896771,0.1505604062630472
0.3252398607002144,0.07079559854584037,0.01136554189490895,0.16805495796735123,0.06983570207930694,0.049863191751081413,0.017712322326492964,0.2569170103515543,0.030215814383249568
0.007298035274576914,0.06599954833458395,0.06607672110477768,0.014365246477509058,0.18272482359438927,0.05700879436719966,0.46202121580869093,0.059691497956080884,0.08481411708219161
0.16018225070300773,0.20888736023036067,0.048265154175025894,0.19093778451885823,0.05099687653849788,0.0472400044410472,0.034799199412317794,0.2060711571334838,0.05262021284740082
0.007246030495927035,0.1085925949696882,0.02819280291978848,0.02392546566013708,0.23610353404521114,0.06316918835207042,0.3486410821104091,0.03887009748329931,0.14525920396346922
0.25315823323765685,0.1274555331935112,0.10194373282871912,0.10477698011168309,0.006610584703628355,0.07674485223692723,0.08396137862484582,0.16677865920754806,0.07857004585548029
0.006647594065747758,0.02001395904352089,0.0381950251512898,0.20039184062591656,0.21205117928446135,0.05615265154514073,0.3776625489238468,0.01565918208439072,0.0732260192756854
0.1323914206960272,0.20922285089649148,0.05499207004008497,0.1268333353031478,0.04812319034715945,0.05418054081342647,0.10501580037969471,0.19207913355723952,0.07716165796672841
0.014128812415252663,0.056269841408897424,0.05304546816244993,0.07665533792829045,0.12223348769841895,0.054451771032112774,0.5905328757972749,0.01830482827943834,0.014377577277864614
0.508518384733467,0.012394126626666647,0.026841353496390274,0.046163412025347905,0.13706329882490742,0.07561669758587214,0.011171824749428329,0.12081690921407924,0.06141399274384098
0.16013467119359753,0.03522643164454827,0.0453763804543868,0.007812546103563939,0.035197663968077816,0.6742897918476776,0.023209828918526545,0.01641714522543777,0.0023355406441837555
0.016400666548704472,0.05630103485685825,0.06765243850549131,0.013975080690915404,0.13784708960898254,0.051296935860040076,0.5585548061865048,0.027504850280645244,0.07046709746185796
0.004980517953689752,0.0878801514328749,0.015422326300520345,0.005017347635199844,0.13393933367676802,0.07486943882021337,0.26653406866848955,0.0376545390629557,0.37370227644928855
0.0023728584334384286,0.10901353947553666,0.04960511258744935,0.0277842025746166,0.14663875855293096,0.04258102548200771,0.44020718760613947,0.11000572949117167,0.07179158579670913
0.12084857549245583,0.26503145222910457,0.04896311541765785,0.02758042530471107,0.21644158121470944,0.04358134655862636,0.11265104280313176,0.12922034810450178,0.03568211287510135
0.35415359593965445,0.21489514387210076,0.03920585963074041,0.031417631731961736,0.06338755097181183,0.05232141841260013,0.03326001569375222,0.12563455609417717,0.08572422765320127
0.011345519189009919,0.032787628587846424,0.031715985780324925,0.024500155663062146,0.06957252098571964,0.08620453793368889,0.5560915726215515,0.020889275749741764,0.16689280348905478
0.1292182896092294,0.4951861395130048,0.047981758174814114,0.07519867797816569,0.02564395815827278,0.02652096311564035,0.09562501050149981,0.07066016357593091,0.033965039373442286
0.01714085063140142,0.023623686759306955,0.025714486602585334,0.03810339854000466,0.18641679719217988,0.0982424335367963,0.5759589063503895,0.019597961155074627,0.015201479232261188
0.08473832640298273,0.571728228306234,0.052547449491178295,0.04749181845590341,0.0012367971164456472,0.17530025425277462,0.02983114389046555,0.03290050868179821,0.004225473402217419
0.1112442678695273,0.34757198048105836,0.09386460006102089,0.08565564232622241,0.04357223460138645,0.025751916693719883,0.0678548759468704,0.1612352348466363,0.06324924717355808
0.01670236442544944,0.051325573144771854,0.06661336722007898,0.0724382940059876,0.17875412833495288,0.05081891785805027,0.4555461105833564,0.061415518686160464,0.046385725741192124
0.03436550405814847,0.040460483127590735,0.07918481840362014,0.026260543308143296,0.2854703959964358,0.03220061199602183,0.0631557310654591,0.04219654552100804,0.3967053665235725
0.013724885374825678,0.05560351615029807,0.04189145121509099,0.04627896557229949,0.13654864573088557,0.0677276487231129,0.5654743299829159,0.021047890221113422,0.05170266702945789
0.017489397248002154,0.07509133380850969,0.025239929761279173,0.05566526868798649,0.09051182475534358,0.09499166691101625,0.4894941159974641,0.026044031794365638,0.12547243103603287
0.11885334293249329,0.06668891002982562,0.05259725469292175,0.09000445197467999,0.17411688713191262,0.051598364087350745,0.05570861579110145,0.0652570772482467,0.32517509611146783
0.09211546599065785,0.020361692903254704,0.03401474912466151,0.07700643763701033,0.4614308838486802,0.08696933290876131,0.022577385472806064,0.05583380405743867,0.14969024805672945
0.35641558312141836,0.21244494935701697,0.025796835225671083,0.1436263565543381,0.005391727958914166,0.06464602737957569,0.02408685866885663,0.1350267116679759,0.032564950066233056
0.15126239912955872,0.005281426110242336,0.043122815278356035,0.09029977357676182,0.26045256207144285,0.20380188245214,0.008151049691809699,0.10293837465560339,0.13468971703408522
0.011961665458529079,0.05371053837863892,0.07400806179375147,0.021339267015665086,0.07629007654851802,0.09148824123768733,0.28771332412693384,0.021746951526684894,0.36174187391359136
0.08545627533042859,0.29300862948120715,0.028335717550887613,0.10602433463996581,0.15901155054010374,0.1631362698615101,0.10115872199640952,0.03650228821245908,0.02736621238702826
0.07270663303011,0.1550966452480241,0.07615813206431434,0.21960030973213843,0.12101811812538261,0.027324957457544995,0.042139506730138804,0.20765187620813688,0.07830382140420984
0.023386063659000436,0.04706767395406014,0.04245765094141888,0.09872043736211979,0.19594023713797837,0.06860922053143698,0.40558826744896354,0.02493078631454358,0.09329966265047833
0.02348167885680652,0.026539390764491966,0.40751160239876566,0.028542733947518818,0.23045812898635928,0.021899807997973208,0.1897697837990533,0.032511382763050815,0.03928549048598046
0.20946723210721138,0.03983884278044449,0.030553518459012025,0.36101077790842284,0.024712169121926853,0.13135344474204913,0.017829403547218906,0.16215879184974522,0.023075819483969095
0.06844997232555967,0.0637162979069809,0.029583842481517058,0.5765358493254605,0.0619132722797163,0.034322275607857895,0.027008278514725658,0.1121514033220556,0.026318808236126354
0.024755453874960563,0.030129863544694522,0.3654249265533002,0.033664539043021455,0.2900704239788779,0.017437777271055405,0.11898492139733303,0.03716659912265887,0.08236549521409799
0.016777046764553723,0.07577050677472918,0.02516936428796673,0.0284937206086044,0.12787398766495256,0.07359225349184818,0.6012179394166143,0.020128260189757535,0.030976920800973435
0.06551804119006356,0.08935827488091719,0.04209610172833867,0.01979995166429888,0.23642706475733113,0.119361221862891,0.11614165751530825,0.051480743125412176,0.25981694327543914
0.05569647024410437,0.028463873896513572,0.025477507156111467,0.5788871523633173,0.17333830088737542,0.025291810571140532,0.029895047284051346,0.05453261879496447,0.028417218802421585
0.005182422966206394,0.05708703291640419,0.04328277574667481,0.12225915720078613,0.2468880408134959,0.05397549877191671,0.3662159931104573,0.07825561863053467,0.026853459843523858
0.06254561755568754,0.32153124103726455,0.11826436384718432,0.1166130774702749,0.11350008089695662,0.0224717063883481,0.04809081807706084,0.1000815570522237,0.09690153767499932
0.09972790484552148,0.06725151455893918,0.09834060434395264,0.10926451220225425,0.20979255947521827,0.021753020596274913,0.03242975473192063,0.25436317413995146,0.10707695510596717
0.09826244073419858,0.040921396764734615,0.06387225774472811,0.21913482785317773,0.36212976802894725,0.023072026774864685,0.030076466896469423,0.07521083744715633,0.08731997775572325
0.011210866347483936,0.0397139950546731,0.054784586800362495,0.0667354933928944,0.18755917279196252,0.06246831396684254,0.4467933320026905,0.02872947438427431,0.10200476525881619
0.026557036247239235,0.11526512581595827,0.045161839757683835,0.020262532804956154,0.24088783702656424,0.05883367769190418,0.31582391329495985,0.04362435785573366,0.13358367950500052
0.021168379440848303,0.04669015787091679,0.03313774238840988,0.04121689340644006,0.5500771612897819,0.070485616843574,0.06208058380368842,0.08886291053471156,0.086280554421629
0.004260030291503604,0.04538083878406565,0.047195688500137424,0.041771630649293186,0.1675799634314948,0.06412344807073009,0.4567658086215179,0.021058783971506182,0.15186380767975122
0.2522541346776327,0.03288713456704625,0.0401312266342189,0.28937081141076293,0.11638866565968098,0.05379055718788287,0.02309581583577516,0.1342443523520046,0.05783730167499563
0.0061973879680033,0.16086870987402813,0.2940485554923619,0.04062432961824198,0.19883549743598106,0.013367448938414841,0.18741127986660142,0.05107806542828646,0.04756872537808097
0.03448098101859015,0.1454638159634146,0.05927650342526561,0.018816514593492706,0.24532557004814692,0.041495115071219286,0.12686060962269127,0.05234135072859492,0.2759395395285846
0.004260030291503604,0.04538083878406565,0.047195688500137424,0.041771630649293186,0.1675799634314948,0.06412344807073009,0.4567658086215179,0.021058783971506182,0.15186380767975122
0.19756488122501814,0.039739390682054405,0.0694668659014147,0.2888648184971705,0.14254169969386613,0.04466039421482806,0.029456437511076416,0.12966806154811028,0.058037450726461354
0.01774643291508615,0.03422412019856542,0.020058861392981228,0.03576000363359733,0.19214581578235387,0.1131150727079721,0.4112742837042374,0.026715552555522246,0.1489598571096844
0.08193201968370506,0.11168346767889582,0.03624180597932581,0.31548140382477624,0.057987003170809515,0.054464146426325764,0.03155102719870722,0.27817095122818286,0.03248817480927169
0.0519587460073892,0.026511352867091525,0.0395541384285954,0.11800782480384264,0.21631794996366518,0.25578127203259415,0.0078046388254525,0.20962435544582694,0.07443972162554247
0.02249401163754079,0.07413586779040279,0.05564259334823116,0.024145020642820814,0.2505621410824583,0.05854168505798419,0.40354191507682646,0.033302195878023105,0.07763456948571242
0.015606340216374843,0.1753409890019312,0.48201853630186636,0.06980193973376884,0.0028475081674051834,0.024722605590790026,0.027738502942004476,0.19377831215678712,0.008145265889071917
0.009414158201827462,0.03920584468954434,0.021737329172774225,0.020902375042624568,0.2310589010288789,0.086950939117222,0.5122760493882655,0.02755354191174943,0.05090086144711337
0.021878942536154262,0.030643184579761756,0.025676800655078436,0.03353055532459609,0.10894266790260652,0.07039169150344605,0.05500091617919012,0.0414871452217593,0.6124480960974075
0.02786571033931012,0.0748330278909951,0.10470491017891574,0.04707262154254394,0.24756298406901847,0.05628477641691931,0.31267607499247946,0.03521974193637239,0.09378015263344543
0.31376071580065895,0.05261334406778056,0.06041865834986565,0.2204929839483233,0.05638736282321905,0.05119073756059337,0.042412917811095484,0.16078991300547077,0.04193336663299289
0.04778826829101784,0.08328049891652804,0.053519278587833674,0.04043573094828452,0.43886799498022716,0.1417054674644523,0.06715391631297739,0.07479554518354246,0.05245329931513667
0.017350823283376986,0.021604277230953945,0.06700318363753048,0.0884076903141476,0.2534181685867474,0.06867750256472145,0.30698194561116465,0.07036234520476613,0.10619406356659127
0.06349944795601453,0.02214953836453309,0.04328063658740628,0.5551101615173532,0.14374398170725278,0.04287042777106236,0.01966055381180934,0.06939398306304488,0.040291269221523686
0.18725851200402868,0.07148084432936135,0.06923827021441832,0.32672723969879097,0.13038752470338036,0.04534219258415397,0.042238849719755535,0.07826153342204893,0.04906503332406182
0.09422607004620587,0.0033511804012011114,0.012200569742670175,0.30344853360200724,0.34916313542751337,0.15814725167391705,0.025496190526703044,0.009483099331207591,0.044483969248574555
0.007573790518272064,0.1151913239986443,0.04604754024479454,0.03676623255662417,0.14161445655877086,0.056385475329108314,0.5319550796752811,0.021225843933925344,0.043240257184579384
0.12485244501665216,0.10011423490382276,0.29848903852236647,0.10546059312204485,0.08966582590891359,0.02709180702577013,0.09309015309590007,0.08139763707586505,0.079838265328665
0.009430660723943668,0.022027095894272125,0.3557636517396608,0.020614578080237544,0.08859192916541392,0.015264186145840722,0.06699217578823823,0.030981630493971093,0.3903340919684219
0.018711094902152642,0.04395748829500429,0.05453171579655608,0.019628017507351367,0.16892566574004633,0.09161488663188709,0.493565564580752,0.03118995843035986,0.07787560811589034
0.004320373049524218,0.03441611864682791,0.04118597508785617,0.009388726713276944,0.10483891572417042,0.07820828383763744,0.622444402795948,0.024382821429937928,0.08081438271482086
0.008504068936316375,0.042940711699576674,0.023800162980920813,0.04547127024999139,0.1911392704182587,0.14293282834966922,0.4140925549065408,0.026553991092698053,0.104565141366028
0.18239556815737165,0.2457964577719438,0.061758756413365846,0.06274295585434114,0.10176756784490042,0.06326434874157368,0.028079355119630944,0.19707180422420886,0.05712318587266365
0.09293522399887451,0.12520888160890822,0.04544064208348394,0.4004352198383372,0.11820832969366908,0.038783262365267496,0.03344087241502421,0.10759361236163938,0.03795395563479592
0.012304118679816638,0.0736192709849514,0.06584289210116402,0.018524874601778235,0.1654762222487918,0.049508023580792454,0.33538837597208265,0.028853544923271565,0.25048267690735126
0.003139404594103794,0.07304694363909016,0.038783162367579414,0.12311431055424059,0.22022006701653327,0.05627207775183859,0.34691121390893476,0.08105780309689746,0.05745501707078202
0.2966656024507142,0.028046461917231754,0.05510920545665005,0.0929350604122103,0.19436607257351446,0.04196230471635711,0.022252926910812435,0.18579369165507767,0.08286867390743206
0.03064443145150378,0.06957067714952707,0.09862771051980758,0.06347835895546498,0.28626326998296225,0.07679554869729334,0.27057903119594373,0.027433155720642286,0.07660781632685493
0.04122256730677927,0.37142751240304134,0.07919129445743273,0.06152809239533702,0.15981757368181437,0.018951968151677413,0.04712561992883172,0.18238399236404845,0.038351379311037694
0.03126612976221925,0.07267707225873658,0.588880933388057,0.07328363809364408,0.06595876452183246,0.014201744771038314,0.045897771259020385,0.05188439025190072,0.055949555693551256
0.01971568951778462,0.03465020564128348,0.033352396682344854,0.3289241643711422,0.1988689596930415,0.06042110162165784,0.1773148599907054,0.02878534170781899,0.11796728077422113
0.18869116669019892,0.13811910777735795,0.04393922494442668,0.22511493812828745,0.023541316195455696,0.17211772918735105,0.028100781436589155,0.12289627566575838,0.057479459974574786
0.08132287532680087,0.050118831957444876,0.14635100226215716,0.07403188715069091,0.20612205002504494,0.09385016262213235,0.13581486002680965,0.044318309430851154,0.16807002119806813
0.16254372360099498,0.027659208074785755,0.052487369099875864,0.12258213245692319,0.24986692887007358,0.061605409770960594,0.019127250335566406,0.21765185900424525,0.08647611878657441
0.21946790727160012,0.4831055621667591,0.05116604054362047,0.027324084411478423,0.0036807626768964315,0.12804171637385817,0.03784663637481266,0.039962695840828844,0.009404594340145686
0.027637890504607975,0.06394704153681308,0.022994859169985903,0.026358399415673653,0.23005050392881046,0.08704921493272962,0.4519194856197469,0.03407350983648006,0.0559690950551524
0.24928178683680788,0.08619353079946095,0.03298278710109904,0.11606569511923302,0.04644880361316011,0.05098522587110375,0.024431961384903413,0.3396171240104498,0.05399308526378207
0.01809308462500484,0.09408265991674881,0.04100510538396005,0.030455356519546773,0.18972829819753503,0.059031170435238554,0.46247297573902896,0.037462192435390985,0.06766915674754591
0.015722936889242364,0.02776309877871712,0.313495424753611,0.03732033809011918,0.26345646706619297,0.017895792426487273,0.12468290971244489,0.03400252963888721,0.16566050264429807
0.26469123684856216,0.13274470999493915,0.08151337394951697,0.02868987338622762,0.17535722435847045,0.10128152710728512,0.03875927126166143,0.08703690854980779,0.08992587454352931
0.030240485242914523,0.05302374278883961,0.052165787970932236,0.024140261887825948,0.3675858692276282,0.06006522110064055,0.2307203016920886,0.043375278361804916,0.13868305172732537
0.02029510165081798,0.1484441719764456,0.04257784207293936,0.04404374959788098,0.22470958870647706,0.05910664376328067,0.35989778514352727,0.04754754845087512,0.053377568637755925
0.006019966539546823,0.06359100211003646,0.05591293738445274,0.041493782484220865,0.16696384247919374,0.05692358922102949,0.5079601043852646,0.045661866920424184,0.055472908475830994
0.013272679072569744,0.034736686822673085,0.33243405371439944,0.02437848095430795,0.28539169235375655,0.015406075950221842,0.09401510849177429,0.041519149935890176,0.15884607270440684
0.03596068888073678,0.4985252420678079,0.06076872833173206,0.13901017402168783,0.012473126509701726,0.021892972758586305,0.0686813993330933,0.1351297971964592,0.027557870900194816
0.07174481586033941,0.06819341377919619,0.03710592316869913,0.05400979428705751,0.3648758852659795,0.0583243813628331,0.043247913287244415,0.061420827545403185,0.24107704544324757
0.06732083427301329,0.0244297552603297,0.060847852173486844,0.0312121782154756,0.25514976663272043,0.13029731258630364,0.25547822273824067,0.0437984356933675,0.13146564242706235
0.1400563484001751,0.027225402095219144,0.0749564690680109,0.38052748472474196,0.08408082016821754,0.04916893248169344,0.04414614131810734,0.15153058542102035,0.04830781632281419
0.2819212619350831,0.24273693698020626,0.03257687295812781,0.1311444672721537,0.07119644603918779,0.07168676479018711,0.04123780157360329,0.10302345651626653,0.024475991935184377
0.01306169407132994,0.02440364536852198,0.03658334135657903,0.0846074351655655,0.14424401679946405,0.0653165081108257,0.5225612437389641,0.018842738196701053,0.09037937719204862
0.052683744259338076,0.11680297067721214,0.5445282946115025,0.06492596287107866,0.0735771451698429,0.01629962727935155,0.028161592457060524,0.07296588819889087,0.030054774475722763
0.010697540127414376,0.046552102088230296,0.042158376627446266,0.07187211264578384,0.15508269066805838,0.06605911383873377,0.4382016732738589,0.024881881791668736,0.14449450893880547
0.026645155051558317,0.02801294876051384,0.4074809007547005,0.03789902716753973,0.28027507905805726,0.014894568113033376,0.06938812155916366,0.0432352449632778,0.09216895457215553
0.02022822269405156,0.0244747013682549,0.42106028676043455,0.030274079016998242,0.2783871429210174,0.02240174888761157,0.12269176680290683,0.03896682327650974,0.041515228272215134
0.006862316674871455,0.033130246169369514,0.03203298712503054,0.024755719975445175,0.057808267292495906,0.05601646883447611,0.23799798118644447,0.04784589433919013,0.5035501184026767
0.14967340449957495,0.46098672089140563,0.030612630936703206,0.11911708544142731,0.0238941083394035,0.04061754250615414,0.055013264425994496,0.10392883168392308,0.016156411275413757
0.06612102173440437,0.03165212908784709,0.03034596870607033,0.07509799690044695,0.35182660221961415,0.13751899440794066,0.019877895085554986,0.0861377903679552,0.2014216014901662
0.04141055174569786,0.1363661255085253,0.03642231278473196,0.016640905972231432,0.147719124237213,0.1259444609350719,0.4046636116381704,0.052369423344747916,0.038463483833610236
0.10890353751802813,0.03019277688167435,0.0228083140125435,0.01880250159206655,0.08939079249414017,0.06468980366882819,0.022209212335022172,0.4613127327955606,0.18169032870213633
0.025702458663089667,0.09352824794918459,0.031190166396252567,0.016603753816898742,0.16035218410371996,0.1072510172110307,0.5212740500391053,0.03062700403265914,0.013471117788059336
0.011359131774559814,0.06990475195566566,0.04914964869667354,0.0271015025981635,0.17552929204276438,0.0541268961844835,0.21526526503758447,0.03754884201331704,0.3600146696967881
0.18110676379841137,0.13576190498004848,0.07162360074532449,0.0657830457799649,0.10891714513644563,0.029971199327373892,0.046880402349095074,0.267582326747756,0.09237361113558017
0.011030985801442421,0.0345976320778928,0.035148156298627935,0.031686975072854874,0.08363570544973675,0.07391319760935518,0.4935933087178756,0.023086127978372274,0.2133079109938422
0.33254806418656707,0.05799369240126406,0.04603880455557182,0.08962319273272519,0.06685507838472964,0.057019041776461214,0.022522069363320903,0.2733086284062383,0.0540914281931217
0.09754897207631402,0.019173658123085382,0.029624119509995894,0.6026083145379381,0.05336587342121315,0.07867343865446692,0.026184779920640073,0.07311526629112898,0.019705577465217623
0.10351889777907596,0.07711826788243056,0.04786359548956722,0.059162663701195994,0.2824425903719809,0.05562388061241889,0.26218211770522787,0.04064731865876234,0.07144066779934025
0.2820376762696979,0.01734945544372932,0.08785107578451899,0.07139134174981011,0.2566746794063851,0.03669450685735967,0.024067267379604493,0.11952963310626936,0.10440436400262504
0.018578234395736273,0.07666687494367654,0.04505491873462022,0.04236159194624162,0.24975100123680316,0.05999919690025087,0.4407061695154972,0.029767752208390997,0.03711426011878308
0.19579774714551038,0.08308991147465651,0.059353994122600486,0.22777590790824612,0.19383010843878026,0.039721606459309035,0.0366689880551579,0.08481755988295342,0.07894417651278586
0.04296636607251097,0.07559758154171574,0.026460502982888153,0.017050417719142546,0.2005336592727196,0.05087666709172872,0.06877911019388189,0.0570299818090882,0.46070571331632415
0.22526081312064014,0.019125822295061445,0.05603163830311256,0.006066398833722414,0.1253486523384423,0.3708579048237388,0.03834600170728477,0.11555963075869348,0.04340313781930408
0.14181299904659414,0.17693710082844616,0.060708433982816945,0.19299556500997428,0.09456156624244415,0.043211060652223486,0.03541425680921633,0.18774817379678432,0.0666108436315001
0.009995144217631268,0.0804355661301363,0.04630909346325459,0.024338734820917318,0.17639143698020807,0.060729057744464965,0.5538413734542661,0.022721187934383227,0.025238405254738167
0.015379620137782088,0.024188603093668857,0.024714971313432435,0.023187806946634828,0.05472866464874473,0.0629175177573514,0.03451298649941586,0.05125640406940698,0.7091134255335628
0.25526259219230174,0.01635031456979915,0.03309519564340907,0.0687902776108399,0.01965186949888038,0.04488666283344947,0.021888365579406207,0.5015038469342525,0.038570875137661616
0.01715351496298428,0.06511950467286337,0.04918316498911621,0.029726050977754492,0.12256051358886601,0.06343347348495103,0.5889979677030858,0.024173363978015533,0.03965244564236322
0.015368894135023495,0.030796727542918543,0.038339290052812613,0.016662795814815595,0.12151391285096519,0.07848853168531696,0.6578888960362258,0.020532370135806815,0.020408581746115078
0.09443279602227068,0.05811756662151404,0.126910649850438,0.07334981589358677,0.25985814700206455,0.14479195959638638,0.15136108237801657,0.03828098021286402,0.05289700242285889
0.17164625568366368,0.013913766363330785,0.3309369897892302,0.05909749390918503,0.18768585489006426,0.024689569857799767,0.015424645316936906,0.11598088463459105,0.08062453955519826
0.04379094003909065,0.05843636084959978,0.16837975267178887,0.03550559702157414,0.2871169129131668,0.05313765680602339,0.12452008090910831,0.05115212940644525,0.17796056938320282
0.011835527031315332,0.04986355875320476,0.10445082910974424,0.021747703556098483,0.16511757541777947,0.07813711818127743,0.5208426234364839,0.03015623930531358,0.017848825208782802
0.025835499593360015,0.03911286976874235,0.26035759759284094,0.027975117532449707,0.3191767311571779,0.023078787490879018,0.1444356962525155,0.04141665480629047,0.11861104580574411
0.17148821140883808,0.13787108233798875,0.06980363988292819,0.3276970702989777,0.04310266669712434,0.06088149786943441,0.03791605668154601,0.11310006853409439,0.03813970628906805
0.04922200940620558,0.020730755865005744,0.02446312451220813,0.02655849100843483,0.14345208278747412,0.2574964538794029,0.1203657017139443,0.11752165284272624,0.24018972798459814
0.005690201170490602,0.016755376216729678,0.015055143698732057,0.0642961668073009,0.1308426966947899,0.10233851925350018,0.5103258743533211,0.035485740692890726,0.11921028111224481
0.38050148743297957,0.04332005320135149,0.0260125322920335,0.03228280011903346,0.02480556538021947,0.05834659231012179,0.01880436917067719,0.37684575289114036,0.03908084720244312
0.010697540127414376,0.046552102088230296,0.042158376627446266,0.07187211264578384,0.15508269066805838,0.06605911383873377,0.4382016732738589,0.024881881791668736,0.14449450893880547
0.022146619850737907,0.033751195575777326,0.021824731758127203,0.03567437010880294,0.19716522911024145,0.09136985528885677,0.5478058896408166,0.020808909865480205,0.029453198801159482
0.021484836134846263,0.03645611718996395,0.3246649669525237,0.022308180129477304,0.33077389940776253,0.019527688925171264,0.09025060835775954,0.04514405649192212,0.10938964641057318
0.008078124356098651,0.03932033170726739,0.02536273354808737,0.05180025285780565,0.2388283905765287,0.07252197673036061,0.44472286356242363,0.026521275461863104,0.09284405119956489
0.01140662913260126,0.018948058621725442,0.03827428859630572,0.05978805140373247,0.16233693364590798,0.08739949532681812,0.5498133518323761,0.018925873745325617,0.05310731769520711
0.1675971144692422,0.15376665676161086,0.12381948108572133,0.07136311930016383,0.06453849044153841,0.16779270924289105,0.0891803135180928,0.028020975803929427,0.13392113937681005
0.023802901045011798,0.04342177088714994,0.040793753704160336,0.06555781919508884,0.4185964525467196,0.12636171769425245,0.12081233393258722,0.05396220102284404,0.1066910499721857
0.007009596742383718,0.04202169273741473,0.029899332787372297,0.05056722164381366,0.15739772914196706,0.07237627260122932,0.5562476284260444,0.02093020435201397,0.06355032156776072
0.0787161434824042,0.4022249763484516,0.029516208658091587,0.011871961754706853,0.054122598866131376,0.039100062951468346,0.08465805797650394,0.2751471889527907,0.02464280100945142
0.009574719412046207,0.24845573274699775,0.28794441734089793,0.26469063928968867,0.026512915474598036,0.00829864248944155,0.050761369571539844,0.034537890560909244,0.06922367311388082
0.16390501736355492,0.4223186958797795,0.10316961890875126,0.05756171019588722,0.03652112185704335,0.05938566373243249,0.045609961246342125,0.06442441674074302,0.04710379407546612
0.01995142062082043,0.11639333937994269,0.05098331300622399,0.04697178585511446,0.3261043062092523,0.05123651505520963,0.22263334167306884,0.03901657643422749,0.1267094017661402
0.10616281921944686,0.01340405142669615,0.17746479349990626,0.07496747623624724,0.3896756246050633,0.04708358519051679,0.023308556844686273,0.03797896717743222,0.12995412580000495
0.09422607004620587,0.0033511804012011114,0.012200569742670175,0.30344853360200724,0.34916313542751337,0.15814725167391705,0.025496190526703044,0.009483099331207591,0.044483969248574555
0.0050764007813420935,0.06852317691480246,0.034589769881177575,0.023997209075885106,0.047434695991595076,0.05681097996826451,0.7031230277002273,0.02272064202645281,0.03772409766025316
0.03185166848457801,0.07293668869597124,0.06042443796606386,0.03178190713860915,0.06904548456862165,0.11054691732442855,0.5488564625382347,0.04165153641495141,0.032904896868541346
0.21238529860078972,0.07673461257990233,0.07059525971874268,0.31763768951535276,0.03613441488933646,0.05362415210699725,0.0664052452674045,0.13175887893213953,0.03472444838933469
0.006287114962840387,0.01343474518131108,0.028391203764449188,0.030557289578191676,0.12065275566605227,0.08806424080536246,0.058274719753864675,0.04883386132108397,0.6055040689668442
0.03649564590622178,0.02487667559449966,0.02150347289143567,0.04084814263579877,0.25663781220306786,0.04794206497091547,0.049580597040662124,0.0335319478451013,0.4885836409122974
0.020021992375046736,0.026354791284185358,0.40609048659258945,0.02491015219488601,0.2280154295315886,0.025674352567731717,0.19590736279572832,0.03577126469170816,0.037254167966535724
0.11727211096117596,0.09588931283996287,0.041234389902801566,0.2908287400002432,0.13204949847527808,0.06705302187055484,0.030671883572275446,0.17527660423373348,0.04972443814397448
0.027261541173511095,0.050101983499208115,0.06195742049589131,0.11439531298585304,0.28809031037950433,0.07010106296270852,0.3277602193742252,0.028792190023079506,0.03153995910601883
0.029701404431240586,0.05500962092126251,0.017038931640330726,0.01575637288024727,0.12852186716001826,0.0706067798113935,0.15761325486806432,0.03656047433056648,0.4891912939568763
0.13560289071958329,0.1594668810260812,0.11542124182741258,0.19573051824420654,0.01293931110080705,0.03231129219494303,0.03926905080914067,0.27894841735097314,0.030310396726852446
0.3847741455963616,0.07521229483994958,0.05137253149212064,0.11182267459173585,0.07721707920127004,0.06795499831455247,0.028226833874438154,0.12853978796105525,0.07487965412851649
0.01315233270044625,0.023351159833125065,0.03175402827963817,0.03730260397393471,0.25634100848572067,0.08461862753973577,0.4175515459661503,0.02689054315086087,0.10903815007038815
0.05275839213709695,0.1412371299718664,0.30448342242035176,0.17016971984423346,0.038589412872712094,0.015258654229774243,0.09557684661592315,0.11575786613000676,0.06616855577803515
0.010332248001762192,0.07569026949621284,0.03346870921489425,0.026207563694748665,0.09662101551176422,0.06933561140323057,0.4928379902354583,0.0493467995127899,0.14615979292913903
0.015879917181073525,0.047189787045748666,0.03373033077066951,0.026192066208383675,0.17432434871761757,0.07216954250149567,0.5248948644412135,0.045103937798380116,0.06051520533541762
0.031052054218615482,0.049242274027354815,0.04949093731201448,0.025898137612945016,0.26056276219478985,0.0610724472703966,0.36983158468298377,0.03267916444100042,0.1201706382398996
0.18614261280714683,0.03739197990240826,0.03626358292195797,0.021110551646589606,0.05631107726027346,0.5978817817518284,0.01250613946108727,0.02327433890143522,0.029117935347272906
0.08612668670195951,0.5892028283448777,0.04108161071536901,0.05059047632504532,0.022075641291604265,0.02463813291502749,0.07072689343712239,0.07853969344274314,0.03701803682625116
0.007114074001170613,0.03870455244284991,0.024215005002914607,0.07908931511283446,0.5129661411076375,0.08409643969766555,0.20463490900153078,0.031831426337627436,0.017348137295769256
0.023774704545004854,0.0551647672507525,0.07786774420506477,0.04675210549808234,0.341712593609469,0.04322720670567961,0.24690672705724678,0.038732821128424716,0.12586133000027547
0.3676838511413192,0.012545471106133167,0.09550314570104497,0.10758922836843987,0.22058957655997136,0.05804007553956,0.016816240445785207,0.06679335816701039,0.054439052970735834
0.025544819418935025,0.13854613228180665,0.41189125268493826,0.08644108128769878,0.0898504103742321,0.012104969231263007,0.047925439139633486,0.06031762401292873,0.12737827156856393
0.0249429403590244,0.03707841931299193,0.2819423803030013,0.028461543993126132,0.3133184206781774,0.021219995749812093,0.13552206631193725,0.040574609918860804,0.11693962337306878
0.013237930409848489,0.1753838692075701,0.05417803410167555,0.02037966925331129,0.13191964557088462,0.03228394032725975,0.21036296964541637,0.038454366250711504,0.3237995752333223
0.03670172941288778,0.04494703130004346,0.0546532343122893,0.03832465202698671,0.20221483199266943,0.056448886398288,0.14076009328655595,0.04170913954136374,0.38424040172891577
0.13699840255879306,0.010701096549051492,0.022483246091522437,0.006355457010338686,0.03772539916567101,0.66854474625882,0.08092387464288738,0.020190784946019422,0.016076992776896518
0.008371677838133381,0.09430440246172428,0.02520818883260681,0.05317435403531201,0.18096715983012857,0.0548577976243807,0.1427565666981178,0.0798242579424075,0.36053559473718894
0.009696873428388151,0.0448634678401564,0.029650043062147288,0.01671704342143075,0.1812254414838399,0.07656798376956807,0.5553817042760761,0.027857296109395635,0.058040146608997645
0.04561420941651462,0.034085946142674385,0.06037852765203481,0.03890643379836672,0.4258252746274492,0.04001679008830455,0.0663933946697856,0.045081158677133804,0.24369826492773639
0.04474554514083303,0.04828725694435206,0.04835954527854006,0.031910320404679095,0.29428290950893604,0.08780807017471283,0.19245691332781445,0.04777604150010656,0.20437339772002586
0.005117881848815601,0.07352066616623494,0.052983839939705624,0.006774157747073384,0.09772175091540103,0.04753646245678403,0.34900062827079276,0.029158330760586826,0.3381862818946059
0.03292048361146283,0.07021209091125098,0.5248238052235572,0.11452476777317477,0.07871609048050691,0.014283906660414132,0.05888123346679658,0.03966965945800944,0.06596796241482716
