0.4557793977368069,0.20837711454341046,0.04404071567358725,0.02514973931840794,0.0028666088157883497,0.02673013703741003,0.12616591387160836,0.019161044082133302,0.09172932892084745
0.09316228071055498,0.07039885567676767,0.0460151415757534,0.11441293776600202,0.364667466432028,0.061630728236293175,0.030655225152922377,0.0936224677336419,0.12543489671603647
0.02780129682040745,0.1027831618892328,0.4739588939255818,0.10164468143183386,0.06537963951317179,0.04430573503465717,0.0947514991581457,0.013404550555092133,0.07597054167187724
0.10397199031587967,0.04669260802814142,0.062329055209203954,0.0761467565303773,0.1703230418495021,0.21436269868392502,0.1094252726838852,0.07145372528668152,0.1452948514124038
0.14074974224726136,0.12496494567890332,0.07284188861133341,0.02361399115666574,0.10327604319813688,0.08284217567988866,0.16772293198762758,0.00787402670257292,0.2761142547376101
0.026585665912291962,0.05403753679836545,0.025077683704278556,0.07206968551496833,0.040796499138238795,0.5751004507301986,0.049686689224419996,0.07097046479597452,0.08567532418126385
0.06762657615554661,0.06386772473646689,0.04654303160410466,0.055488548380185375,0.18459661068966793,0.03652236932744964,0.07907895993655843,0.3606511349106916,0.10562504425932889
0.3102770363315947,0.11615914722815486,0.04142387975641065,0.04735220391841199,0.22859084481331415,0.023078751598895577,0.041130002031205,0.02588083510383458,0.16610729921817843
0.18805824328640341,0.05622907426276045,0.052737472592206014,0.04605256955826561,0.21621632785107095,0.041145493971564535,0.0013480044456542321,0.10956094129479316,0.2886518727372816
0.05500091620594205,0.06261645293808261,0.044606452958657034,0.13384666979649193,0.07058004535348748,0.13603315122363288,0.2235620986805953,0.15391069895251175,0.11984351389059895
0.5575019501301622,0.12373698107849633,0.055385443812926725,0.024857621836651706,0.00857832127587029,0.014962317728836,0.0748985299468626,0.029844267387566636,0.11023456680262755
0.04531452150812049,0.06859050073885418,0.03094285651243732,0.1673599962278631,0.10076845362115348,0.1789090535932726,0.18101344570661584,0.10890146667236429,0.11819970541931864
0.13816910819743242,0.059543093479186966,0.07223950346633107,0.20341769659790598,0.12274487823838909,0.0751412785779894,0.05629224135153137,0.14842008649412894,0.12403211359710482
0.11806058828936965,0.15400192109881808,0.05387134824471914,0.08491480182414324,0.020085213163623824,0.06622872220145208,0.3332259698898262,0.06327303436424872,0.10633840092379909
0.060489458098417735,0.16842873128530178,0.05530971640124251,0.23158312975253104,0.22925265009215193,0.03233179240288652,0.01149484377481988,0.09411084240896071,0.11699883578368793
0.15143307699684694,0.05793134968432665,0.039434746035497216,0.1716060889834795,0.16937225938414366,0.05123259404496083,0.09646299435103683,0.1516062938606053,0.11092059665910299
0.0348655635760859,0.1480538231680459,0.06026859557772619,0.15114478311249047,0.33413707181730734,0.07256185969394417,0.04667794985931262,0.03492819032352978,0.1173621628715577
0.0393151831762671,0.16140988922724886,0.05678221117692329,0.15918619191215533,0.4270630807940847,0.015499769822478368,0.009249304806493767,0.01944957276146983,0.11204479632287867
0.22268784051781665,0.06563697925052715,0.040515844741372486,0.11705747342445387,0.31252993796309153,0.024174238277034524,0.03172721386444541,0.035070462171030166,0.15060000979022828
0.02594801607011568,0.23295621237972194,0.024349918678889054,0.03143012835207643,0.056953049705488874,0.4951800370800215,0.030510506555182778,0.03173148088754623,0.07094065029095743
0.06570437744377369,0.04759161089338707,0.039391886269422714,0.0392046814112938,0.27919808245289135,0.20339828360226073,0.017852519725262674,0.09120570415182638,0.2164528540498816
0.17510592718000628,0.08558496307306046,0.034771645600174726,0.04566811196976422,0.3143374521092108,0.021220476769945734,0.12884445050289195,0.07708618199628726,0.11738079079865854
0.05714630787961882,0.038287840879567527,0.02499414929955675,0.09515516430526726,0.17833742266189653,0.21595010284790472,0.06385947362143372,0.08217346305853866,0.24409607544621606
0.4345434099018868,0.09282854813917753,0.0715394539860738,0.04636200210932045,0.03022839142667862,0.02054441071147309,0.15959234070350423,0.04240428431237433,0.10195715870951112
0.2806720403707535,0.10793378616537468,0.043320937686317944,0.0843125675237809,0.2466060742224072,0.024757166318272808,0.05160439511800744,0.026047922132783383,0.13474511046230211
0.05729911706551605,0.11853235723770739,0.031944361225680944,0.05446698563412303,0.02650259397997934,0.4924242591969214,0.07855625724152794,0.05568452196233729,0.0845895464562066
0.05617467524841734,0.2024445649891995,0.044983282203809725,0.12648969571532828,0.09757241335531057,0.17396148094109534,0.030863029055996406,0.14232444496256674,0.12518641352827609
0.029168495285337576,0.057089262293796426,0.08371033698003856,0.1142690985332051,0.009369162370210382,0.5706992299485316,0.015228503146439329,0.015731102975972248,0.10473480846646872
0.06958570151752404,0.05625859870072759,0.01860053359273412,0.02030693993963132,0.5281153956148322,0.0818280871853414,0.012055046011257805,0.1352803636792915,0.07796933375865996
0.08890218279608315,0.058066223128875154,0.11469659277294865,0.06964697605452862,0.13331349134551504,0.19411687804901664,0.15415840097320618,0.054080841315729274,0.13301841356409724
0.03417669980270142,0.047364431108058776,0.049258119910811964,0.042655356194724665,0.2571088661993947,0.055550374856689455,0.04704743591511512,0.08550906278873245,0.3813296532237715
0.018983866822785057,0.17856075307461303,0.4619979689751392,0.12941208900215628,0.06831348719575853,0.024693754037542343,0.036029528770376025,0.01949984234149572,0.06250870978013393
0.07721332281402991,0.08823787468601725,0.049690735684493774,0.2014506086119808,0.2259523673526652,0.046359619698431824,0.07740184124807899,0.10645379544435174,0.1272398344599506
0.05807421441980996,0.0978535284220924,0.03028482368066625,0.07876988042647837,0.35446295492425,0.053898117809620914,0.012878232017757063,0.20373706423229543,0.11004118406702956
0.027845817410169244,0.07014884935334804,0.06741944713358602,0.0660782301258246,0.024445124729366236,0.5975672505093113,0.041903784555026906,0.02907245478490122,0.07551904139846644
0.06330761371417015,0.08810676641100323,0.028009527311726984,0.03449066915327838,0.2970957092340547,0.28320796701411305,0.07701160467293118,0.046806875983485284,0.08196326650523704
0.07281028014602627,0.06829210288899908,0.03636639126561802,0.09369930337269324,0.18285181295132666,0.05405921997803143,0.08995453583723782,0.2894004328690308,0.11256592069103676
0.038363890348492746,0.15740851952577228,0.04562314603078879,0.0985291491982631,0.413475090902269,0.021877487328812405,0.026091356588823028,0.08986663040187283,0.10876472967490584
0.028436074499790086,0.11122151615740868,0.04802567324572751,0.12731001990309518,0.04407554032160175,0.31197464344769776,0.1469200465164077,0.07331037132344097,0.10872611458483032
0.06990452833330994,0.06177472068294615,0.03374604901108268,0.07807479897427605,0.3715345400820123,0.028679050592152523,0.02965296228593366,0.14103292457645403,0.18560042546183264
0.07778651205859262,0.05646098572166763,0.041135498449906695,0.04318150650400071,0.2788367635963926,0.25477976479460096,0.10687135881368222,0.04179179437578678,0.09915581568536976
0.028672503971844714,0.10465965630138685,0.030689760453073322,0.05440591165128928,0.029342277139698242,0.6005864344511568,0.046283337745304326,0.03169260577562045,0.07366751251062602
0.07945591663984793,0.06957314426524168,0.04482064244803958,0.0732077346276552,0.25059144935644795,0.06800435836175171,0.07198247192260791,0.19513011165564956,0.14723417072275843
0.008661146285866795,0.23509289196258046,0.5006877253778105,0.08894678236398391,0.08134159961900246,0.023015053298569708,0.007999427627669862,0.0024264867490440055,0.05182888671547233
0.04865315793815849,0.12588652625964716,0.22534467990735996,0.03954020321288444,0.04435430910421027,0.35175982546238,0.004239950860227627,0.0215008975316594,0.13872044972347275
0.026583024667826114,0.1787181199356749,0.03061679907719893,0.18359697710266212,0.016703561162835442,0.35989699417677506,0.07525522421310417,0.042441804015583236,0.08618749564834005
0.04354915092243003,0.12434608064392479,0.050082976001483696,0.03533968742151331,0.060306995294109676,0.51001850075378,0.10853854347684004,0.0031497053238727737,0.06466836016204563
0.07133884822647535,0.051767586746108284,0.07694809024707332,0.06375099923178452,0.3260944102064075,0.10761753355295216,0.047284669901081135,0.16074535924760688,0.0944525026405108
0.05164637633272182,0.0932781568459526,0.04636503614997365,0.17668510795781925,0.04041850753640545,0.12893201716415018,0.19241663332367917,0.16894729510595208,0.10131086958334583
0.032568471803592784,0.16739917556439152,0.3174179052492861,0.1889359494023447,0.019961825224284264,0.11669080567924357,0.046513857557033154,0.019501444299871315,0.09101056521995254
0.07606492084965306,0.045169233385418554,0.03864394176366094,0.10787028894197816,0.0572147040717969,0.08350033470258496,0.22289142467414258,0.27561287249893124,0.09303227911183354
0.032738286160552826,0.0906654400229802,0.03350980198461967,0.12780831048451527,0.3378804636143566,0.06246875849504326,0.017033169247680308,0.02218035924413247,0.2757154107461193
0.027029878949193436,0.14819882858443964,0.02902575366513985,0.144208074471568,0.025263876882409376,0.3427883895830533,0.16826695595069294,0.029651959042217475,0.08556628287128605
0.05578814318995986,0.11107789738517977,0.0641907445178827,0.16423884713346124,0.037374742623485474,0.11440420992708379,0.2558918208044904,0.0915340770323777,0.10549951738607906
