0.004420611207040066,0.26778493851035845,0.10228818967918384,0.020373714943626612,0.027565435611119894,0.4815119270753101,0.04816972598905806,0.04263952099737726,0.005245935986925684
0.09584832419647392,0.05916298910537634,0.09791890953697847,0.23724125367678395,0.08339553581245991,0.10057669841987738,0.12253134046431662,0.157610214473641,0.045714734314092446
0.16855559049030314,0.06620669807802772,0.10651469089999045,0.06707804869826584,0.03831621672594629,0.026695334443699783,0.19209927599027118,0.02865797530080601,0.30587616937268963
0.17175180310649993,0.014180350145025514,0.05900502555441784,0.017839887200693256,0.4567979330784114,0.030223426145800796,0.029979435851274053,0.18622971806599578,0.03399242085188142
0.04006682683572758,0.06480837667932228,0.1307130783148064,0.20758339571283527,0.05937314424209276,0.09594597363759115,0.06659487753790555,0.13579210598208577,0.19912222105763325
0.11295537665139704,0.5018437919491857,0.0711322280041255,0.05791728569010173,0.03173224377383047,0.02226272086812846,0.06209736413534494,0.02478576730018631,0.11527322162769975
0.047514758137141476,0.05486922793840974,0.0910022330119525,0.09300846603939862,0.04737791450243772,0.0994317880444532,0.10668368156281464,0.38773234807618545,0.07237958268720662
0.22127033646241925,0.08080696924852014,0.1533867261548236,0.14512547816306196,0.06288168261368442,0.04906098877132815,0.12379896635723224,0.1260070216131752,0.03766183061575507
0.17822203338670936,0.08997673081432767,0.1318629186342087,0.23697106634189144,0.07023883536533033,0.045503745765612814,0.15108325933858033,0.023338799222519774,0.07280261113081957
0.023034838739603197,0.08563755420051378,0.13742527672637486,0.03977189656422666,0.031257871993731146,0.5046401661072139,0.07796220547715216,0.07823906180231295,0.022031128388871446
0.09833468646640962,0.038466376437502586,0.29678630739645034,0.28230608246404565,0.0533199302079069,0.10789218220725723,0.07463189489479329,0.04519310095042802,0.0030694389752063144
0.14946803611454088,0.10097428060822723,0.13278879493745127,0.1192905554751824,0.020491389819553698,0.05152865504743453,0.10296947876769824,0.07152235232607981,0.25096645690383196
0.14648395526644567,0.062081441947982326,0.08803662157886226,0.408273655496542,0.03394254948107084,0.06876606097675597,0.062438999325316435,0.0949959317813507,0.0349807841456739
0.3491867940061169,0.04195805345746675,0.08680171485424554,0.055800428017205805,0.033873477613349814,0.03022802770609348,0.08686196741530992,0.17248459126827667,0.1428049456619351
0.10299108316016732,0.09982410179290362,0.16434710640186126,0.12490375079038744,0.07698172641587918,0.07666691015822387,0.13856206957583497,0.12746268236320568,0.08826056934153659
0.5171212503958865,0.09004328509780697,0.07955147426874914,0.0761289492101318,0.017545809994485097,0.02629785615722745,0.05691859232197128,0.05483139033925386,0.08156139221448784
0.060610147330097536,0.08685326661174153,0.08716886223541885,0.11780984539294685,0.025652119036046726,0.05883210182055241,0.08987401455319809,0.047219953192882004,0.425979689827116
0.08372245385604211,0.018901438598477815,0.0688449988915555,0.040925947470326275,0.5937931436698375,0.031004835205902397,0.05823093463913815,0.09099837826744774,0.01357786940127254
0.04719160414319199,0.2751010084394556,0.15069801299842736,0.08486989871280916,0.019944882726370565,0.24756157341227722,0.10181889029856156,0.0197222195714029,0.05309190969750363
0.04723110092759306,0.038514803554908446,0.06313861189655702,0.04396167504910722,0.04784255729263745,0.06908503410575827,0.07831245968211527,0.5789478322330931,0.03296592525823019
0.10625429671241958,0.09539816140713071,0.11642244797388318,0.29558654269154017,0.05416567690357895,0.0666619358901583,0.10602903795825809,0.08024220148780752,0.07923969897522355
0.11376580036612453,0.17049806602854065,0.14528163464739471,0.07622181275076556,0.05032077693438067,0.09913355613618093,0.17783919145944938,0.07646613830539349,0.09047302337177011
0.17525287222143757,0.07017570681074105,0.0938114206102002,0.22971448094313615,0.04239958170690173,0.048744558226885386,0.21981135899719884,0.07501466648264027,0.0450753540008588
0.03448039361633742,0.0791232441548748,0.10292120778661486,0.05876174554150615,0.05733201019954865,0.05350152765028732,0.1311913649987606,0.07105623514402902,0.41163227090804116
0.059456733738904,0.02504890867066456,0.07706170579635502,0.023414879005614554,0.6350685444481929,0.050292773167125986,0.04615418670724412,0.057933166191009265,0.025569102274889604
0.021297704594186978,0.1303751242360337,0.14166060588625093,0.04544243089194611,0.02795727534623298,0.4225692828003866,0.12399287067981497,0.03707397469672266,0.04963073086842499
0.23401983820779457,0.1656967471259239,0.13078654740939885,0.13266215138757975,0.03968236307390018,0.03419295194967153,0.1238022205946017,0.06618913683177753,0.07296804341935202
0.1243074272111231,0.22517315937444038,0.09497153009821761,0.05036867067207667,0.09474955507985204,0.034966982196433266,0.06986123226831598,0.023596372815765394,0.28200507028377564
0.06671766990864303,0.08695083367608762,0.12769388919877464,0.17724492752187518,0.017603875443374557,0.05436573576771223,0.10725010258401231,0.035282399501085575,0.3268905663984349
0.41949088799079065,0.03244418035705685,0.08231553860764597,0.05908435078104781,0.061785565346908926,0.07463820264433568,0.06510223486474713,0.17132279173400036,0.033816247673466505
0.1016495919107308,0.10300478014317838,0.12039265861463767,0.10449215803548878,0.06853506380461752,0.08612931243974159,0.25054244945332993,0.05824474443069896,0.10700924116757636
0.09229986334493294,0.12759983237359213,0.15126471694802782,0.057344128937712124,0.07013979126565821,0.13155765624042623,0.1820601813288029,0.04177590575610341,0.1459579238047442
0.13413498826474893,0.07726840806920271,0.11975403644813264,0.08253034814265876,0.09795522154734744,0.07088087984383108,0.11671987722212988,0.2423424721583535,0.05841376830359521
0.0804889680106992,0.1048752746604264,0.21697793583736294,0.17558530991201163,0.05721840949221608,0.0945905737171553,0.11979850008278299,0.0774199952859234,0.07304503300142208
0.12078240935093487,0.10124143907172924,0.13033455555637616,0.0981522776083112,0.09951179010653981,0.07665407417393563,0.16719062254486605,0.05582815828366666,0.15030467330364036
0.06121554710235335,0.2566277930434746,0.1450936551013933,0.1661225607804039,0.015916533238544552,0.16610893818166153,0.08781567597042543,0.013224979904882079,0.08787431667686124
0.01903655957813299,0.1136338095651776,0.23244149351743162,0.25872499825777806,0.05688350615900678,0.17886731548590792,0.07298287513520822,0.04511077760965467,0.02231866469170217
0.06074659091964716,0.08970418582687117,0.11053709445120435,0.06937155825740615,0.05272559827661639,0.05170562555233468,0.15326969616807362,0.05927761584262847,0.3526620347052179
0.12767178280484415,0.08846573277593017,0.1396535675081693,0.11499558568997141,0.08066651560571757,0.05445892941620972,0.15859529175775108,0.14403232064943078,0.09146027379197579
0.10359716351051311,0.07751121225606844,0.11075277617104146,0.201017857658199,0.04535914914306232,0.07121766830218695,0.2381736803847004,0.06710949048549937,0.08526100208872889
0.30236357045367185,0.3082102562827917,0.07099683207995904,0.07099005732802133,0.030788640987125,0.03648362294516445,0.06506237801954527,0.07002152278710015,0.04508311911662108
0.05085684949923212,0.03554578710583915,0.056679321051702425,0.037941246151906444,0.03481541024311392,0.0822638322470363,0.06172074197551133,0.6100032543951536,0.030173557330504665
0.23157535985570868,0.037943679940428035,0.09158261832398669,0.03258628104150101,0.08896118284766813,0.04165801802576376,0.11973247828550874,0.15023283078542385,0.20572755089401107
0.16063652538185674,0.10513977079632457,0.11516742515640833,0.20086194800725707,0.04703353472548167,0.053665002191953755,0.17938217125229203,0.08244941415528985,0.05566420833313607
0.1072023812638521,0.10114395321820158,0.12417647145780268,0.11742285969357358,0.04934044950127738,0.062088933266429884,0.13523480729738888,0.21121441517207504,0.0921757291293989
0.1797033955634497,0.0441763158791918,0.09623280003039937,0.05089879118143791,0.34941372960312295,0.034914900915990636,0.07539084841482298,0.10671800263029713,0.06255121578128754
0.11513266862196443,0.28551451883141743,0.1194004108782404,0.11559387416179068,0.024703689423615033,0.07038662401898828,0.12126485596998159,0.09187010275134293,0.05613325534265929
0.09437184326293781,0.07862304186717553,0.10420930618779282,0.07660418078166167,0.05964846417948639,0.0433606346245018,0.11920508498264437,0.02845827384183223,0.3955191702719673
0.25499558807773165,0.10049214063183255,0.1183936309264156,0.08470681002729985,0.06162594085289171,0.04329140663132184,0.09634229659403298,0.09659099866673003,0.14356118759174374
0.010370866940205179,0.29351033358583495,0.07834090704922762,0.04543043455193748,0.06538199019961262,0.05356006121425185,0.06344807703502124,0.3088171828175312,0.08114014660637803
0.28506300496003795,0.06918157956254116,0.13243766120675105,0.07888168555813431,0.09637956110948492,0.03429398482405412,0.1500768193920882,0.05992410599255186,0.09376159739435651
0.05887432816057048,0.05081579440555661,0.09471580448362872,0.06984449040730327,0.05925100227000093,0.07248648410463905,0.1289172898138724,0.4141590928681658,0.0509357134862626
0.2763273203136681,0.1096535369905786,0.12103375643148905,0.09380957200035471,0.052398930436896286,0.045456330953990286,0.1270943117083321,0.05703127956570694,0.11719496159898402
0.008298156744214212,0.2284462017495815,0.11106794821545263,0.022438819085247974,0.02138468555027073,0.5228684903213584,0.06293524824482609,0.00932035337879918,0.013240096710249205
0.0043278197483368345,0.12450488050977682,0.13122318795440416,0.026004306437690222,0.04345692425495956,0.60235643405186,0.0530187636525529,0.010029122165295452,0.005078561225124129
0.1496327742900617,0.0977262679875734,0.1727162856087939,0.1553216490482524,0.07060709371564637,0.07802814012508895,0.09863637831618981,0.12092925969642733,0.05640215121196621
0.217371650190083,0.10475828052025327,0.16462754304733285,0.12065959913878997,0.08094464420874288,0.07557342146750512,0.13398513731892628,0.05489463872776936,0.047185085380597236
0.2129736239634807,0.45381917016546086,0.07298350853495178,0.04094138718008533,0.039466110302636005,0.020421345608522566,0.06518250599574126,0.044529103889929776,0.049683244359191824
0.051857345018703316,0.24271798350528664,0.11413156857093443,0.3641187121765667,0.009181108356344133,0.05740414618788651,0.07332415280441927,0.007951970463725169,0.07931301291613381
0.016442800747722,0.6213165401515975,0.08088316430223164,0.03114539119290165,0.027791506087280916,0.09834196199822821,0.0493860472554969,0.02166732622311876,0.05302526204142222
0.2703833754212364,0.04936992040174174,0.08451733383972576,0.20122909528262292,0.04417030900437718,0.051103945249961334,0.12499011890579954,0.13807858908644063,0.03615731280809436
0.09300815368474508,0.12189014836089603,0.15499067598456467,0.08293427984046514,0.07395488072897614,0.12119917425310507,0.179820774356633,0.07384485996235417,0.09835705282826081
0.02315341333739929,0.267442487020946,0.1259093755865953,0.048643396385769505,0.04583792095792053,0.3777930531412079,0.07540579558652082,0.015265541202545656,0.020549016781095008
0.04315390455238347,0.0789858503403837,0.12114287199723255,0.13955531503244886,0.0763768608431748,0.11270818771039086,0.10346821703369043,0.1348034654037744,0.1898053270865209
0.0853213109427499,0.311377346146782,0.10274876673906853,0.11317592971778641,0.014445483199481376,0.05773005188639028,0.1103276448777482,0.06505935472331846,0.1398141117666749
0.05835918029770423,0.11701324955594657,0.12027492727684869,0.13001053926785033,0.03700827323581384,0.054628610381520025,0.11848484471943672,0.05058240924787019,0.3136379660170094
0.269115975752449,0.0891999932083486,0.10961162227683956,0.21770503123906662,0.03410796243598343,0.04226524635331786,0.09712020236562167,0.07377193164321495,0.0671020347251583
0.1048851551048421,0.061727279843830814,0.10962502476009577,0.13687225269214598,0.055858608482830065,0.05605552480411835,0.13574010680739493,0.2892272417880802,0.050008805716661754
0.04873002015853637,0.08318113846237192,0.09333633748932539,0.07999404000359374,0.040023957376829004,0.0758380886551458,0.1278688896572764,0.18013189565212237,0.27089563254479904
0.014535529637383415,0.2591877037936196,0.11639311085811038,0.04249579746673365,0.011472955253299196,0.43341440688014626,0.07642216030070338,0.011306751994756397,0.03477158381524767
0.013804575305057363,0.14608954454645365,0.1863297177064761,0.3794034657162156,0.031177374116697246,0.13399471019813733,0.06792915558362127,0.031239636567160042,0.010031820260181339
0.13448468068667843,0.07721662916015222,0.0988026799159797,0.18160636813958128,0.02611441042456337,0.047620729590484766,0.1388303064950798,0.029691759477402494,0.2656324361100779
0.2286410855132113,0.07455449128338419,0.10605151994061356,0.14229646844723934,0.04849561607823083,0.04517846206914813,0.19502003423383163,0.08963429980158595,0.07012802263275494
0.09926617862150067,0.09026857602930116,0.11863435809230877,0.1675770912372158,0.07987781460815284,0.10940138263263838,0.22830684495345221,0.035102862649741794,0.07156489117568841
0.06145864277654892,0.08626836738099243,0.12230572873614337,0.10586883955083724,0.05607360020279328,0.05341372728556787,0.11709203229721143,0.1432282950736851,0.25429076669622036
0.0017838320444307804,0.0960173325907933,0.042943320304328125,0.30542819082859934,0.06724977278711276,0.2577440664313016,0.17049543527300248,0.0480524617594568,0.010285587980974821
0.06045048482337415,0.23859724677183736,0.11442567033829094,0.171345251854817,0.02125429363168078,0.04770096582007224,0.11264775473980741,0.1011139111868515,0.1324644208332686
0.3360383195113837,0.1805577912677789,0.082957023844471,0.13838482832452018,0.0385955495889361,0.02578716200541807,0.09887311777889929,0.07369105206646197,0.025115155612130794
0.28899487768661714,0.10941613065368104,0.1224188795961894,0.11355529524447304,0.029966261901624446,0.04337524538852206,0.14037156111849033,0.07151079562999961,0.08039095278040298
0.23230485195744036,0.04670939937968988,0.08384062338979333,0.0451138811901536,0.30222967588353006,0.037761854304446375,0.05501226095733774,0.1609696615794872,0.036057791358121455
0.43005236774951605,0.05407437029251826,0.09554888434875297,0.13958061728095314,0.03495577723050505,0.027755305713824615,0.06852064952791871,0.1104819681457393,0.03903005971027195
0.06814287970027402,0.10277232669309684,0.12994087891538275,0.08153373640720811,0.10960437156427909,0.07571765096943837,0.13669749414404941,0.11068287454631316,0.18490778705995822
0.0661934762401186,0.06542696457542181,0.09495921819093035,0.10416907470174232,0.037122425011625604,0.04283317360246557,0.12933220620676447,0.2595329639057386,0.2004304975651927
0.25277044104717544,0.06782592669343955,0.10182626251196973,0.10163013009082651,0.03757472967153788,0.04392084669035007,0.0972896231204058,0.0587193722641183,0.23844266791017674
0.13587886053876413,0.07364736555486819,0.09931698620299549,0.16541209685522706,0.04551534366207915,0.1276034582892027,0.13334495132200974,0.040935422795416516,0.17834551477943703
0.10868217670374881,0.14434947352744917,0.12437383933657387,0.09417750031160953,0.03196286684121283,0.06086462332410624,0.12916767527757003,0.025528159301503154,0.2808936853762264
0.11134357795686466,0.13967442560319318,0.1712294044072795,0.1355272805587146,0.037111617600995316,0.10393389449633446,0.1363716249435949,0.05096693402696925,0.11384124040605413
0.14355581631735237,0.010663749880673952,0.05556369598343536,0.028151589277706456,0.07987037293865512,0.047132043863583606,0.05922440488751404,0.5528337855074512,0.02300454134362795
0.02170511795282662,0.12285671281532735,0.25561683157000176,0.23218665399664482,0.06295427480703174,0.1430570528589375,0.07826357023787903,0.06824534939080192,0.015114436370549295
0.02313168379186496,0.18909420981703998,0.13010529004481577,0.05393184710683426,0.05408716370657926,0.36212771023607826,0.09723306067306701,0.06365736605157467,0.0266316685721459
0.005068900524145371,0.163482526841106,0.17393217946290784,0.21415197807791841,0.06010627458976808,0.20301509497227008,0.06440826908202672,0.10399998058403707,0.011834795865820402
0.0811088753062098,0.0284496598764488,0.056618033926661954,0.032109636423419366,0.036583462892451214,0.08597030768605984,0.05619910970900038,0.6052679152290734,0.017692998950675293
0.33820695020405234,0.0720312564694212,0.09281225144267141,0.21420455348996528,0.031936625967621604,0.03718730005384489,0.08812492608088209,0.09367874494312019,0.0318173913484209
0.1457874482764666,0.04017916051101738,0.2784952937377459,0.23045899711767706,0.04689736616463106,0.07576321757212572,0.08551368907782066,0.08542524348808862,0.011479584054426986
0.23501783688532396,0.10011614995502843,0.16022177737791912,0.16681552170741112,0.04691809072699482,0.05777021233117391,0.10712798488218843,0.07641741404398521,0.04959501208997497
0.004873140948659292,0.14320107558766498,0.12045209985389184,0.018215424681496718,0.041244480677359245,0.6075987988096121,0.049777523936829576,0.008898504016370158,0.0057389514881159565
0.07527253949510772,0.1173843428225969,0.14469062754604867,0.14614165731658002,0.04848672870550453,0.08028696367853495,0.158855480751127,0.0942965456274632,0.13458511405703696
0.045792210340496124,0.07148628345965626,0.12884859245719663,0.08177497886049863,0.07413524474288034,0.08876526389556354,0.18325984862875386,0.16036197664536253,0.1655756009695921
0.18141098428800873,0.07432058580838478,0.10974551091194484,0.10706426126186779,0.15392568051763358,0.05864229015350519,0.0911610442702544,0.17989000979338646,0.043839632995014303
0.09390909761540063,0.2026629790079146,0.12513985141774964,0.07001988020198698,0.046831707024721024,0.06952298120679368,0.14070398770754708,0.05209216907682914,0.19911734674105722
0.20970962021926887,0.09732335624568102,0.12892813178245288,0.10079392854150016,0.05483566950896116,0.043458833170815704,0.1763819378839213,0.07320678831063758,0.1153617343367614
0.02271573485380028,0.11375617335248643,0.25023688849856646,0.23718538054661711,0.03336799209633947,0.12749657608923048,0.10085721762948797,0.06017239025543305,0.054211646678038676
0.14512444593705157,0.06171802644178148,0.10022918365010174,0.29541954712172047,0.06222084359113066,0.09559567143190816,0.10302740378744181,0.10568431566300496,0.03098056237585915
0.4797698363125262,0.02921344846715632,0.06862985667214729,0.05777167566871167,0.028038151686277924,0.024001501765162473,0.047661606994169076,0.22011392662892929,0.04479999580491978
0.05605349970883431,0.15090602952496404,0.1362044795725941,0.0667181268170323,0.06387055308480659,0.1399871951959549,0.10585674475621366,0.19238515494149322,0.08801821639810692
0.007495814240915284,0.09301763806402774,0.09839360447886869,0.03344677102677738,0.025539003492214024,0.22097674772737555,0.10166735888255872,0.030827825718083245,0.38863523636917935
0.07458068993860296,0.11040585974175189,0.20881916692601274,0.09954679769801139,0.05678020503346796,0.17200706305211041,0.13885402787418927,0.08192167070714694,0.057084519028706406
0.12008241004033367,0.08242452318439292,0.10102406035884937,0.18405151463691974,0.053842945237133046,0.09289410552911863,0.1424331896135668,0.06046215226315443,0.1627850991365313
0.10322046688276616,0.09351404585898883,0.13325217988755353,0.18018869505397914,0.06330188535816574,0.08274418983599607,0.127930852130462,0.1290038385433097,0.08684384644877885
0.1366731144561855,0.06576227108122908,0.22338340287875266,0.18494347710197676,0.08530160497335244,0.06521931104532597,0.13191337640181192,0.07496237026507101,0.031841071796294744
0.02608402323875862,0.06431859705865979,0.09436680044867253,0.06943229395249632,0.044111004788991236,0.05765098283309872,0.15116601235441796,0.08844957642306739,0.40442070890183746
0.06968226092677572,0.0658120235964779,0.113191795840717,0.070955206275619,0.06710354739527243,0.08955819568332286,0.14056369516736342,0.27578682042807223,0.10734645468637931
0.15022932335066316,0.029345090186893245,0.10861227950195067,0.15837161367068497,0.18378165089943643,0.035209969266129786,0.08781576029620786,0.11202835096864679,0.13460596185938709
0.21679060021106258,0.08987631612973836,0.11514849655610458,0.10197308543663004,0.04577537661465253,0.04767208156744484,0.14250226156358323,0.0791527679885326,0.1611090139322513
0.11747322239287479,0.12731974180455352,0.1521248162993801,0.09511221982126679,0.051529733439775544,0.1841938693067385,0.16211546026153686,0.049747571503628886,0.06038336517024501
0.1810548612247015,0.4055247804125783,0.08880652117849448,0.057457011957900955,0.09717092868806892,0.02118068278669805,0.0757515477857863,0.0424796948528672,0.030573971112904233
0.08103012819444178,0.286882611565867,0.12740353813298214,0.20497971192345232,0.023715537918600472,0.11676291299082069,0.08765253086905572,0.028547106712381653,0.04302592169239829
0.13452456781011282,0.3085174597423258,0.11671626137819174,0.07263680597296772,0.07797470440856827,0.04751675666495612,0.10499813062236574,0.04722615202853995,0.08988916137197185
0.11008172083964989,0.09814117976095421,0.1274097240441092,0.07265954372776671,0.22187781521668168,0.05843411507824033,0.1093701236962717,0.1010674862142054,0.1009582914221208
0.21927791727639648,0.08726130424706828,0.09117870062134437,0.05888071331648465,0.017127019571329265,0.041338384232297076,0.08226585351239445,0.05496755157749452,0.34770255564519087
0.0819334274822211,0.07184521684238729,0.11898495714094515,0.06555228953378238,0.04950351325173103,0.0514879622501973,0.20365313368620783,0.04139331228539053,0.3156461875271374
0.062296017962085615,0.3248928741660356,0.10907448310451429,0.07699768143189951,0.012001593639225977,0.10283355630294044,0.0873375755014678,0.01480662363665356,0.20975959425517718
0.1154754994191924,0.030513375929258606,0.05907991477201197,0.04337321801580768,0.038825834856883144,0.059986322589267595,0.055216084469521344,0.5763338118964723,0.02119593805158501
0.11797328745288348,0.11367926048022241,0.10502177285293429,0.06960177207098356,0.05594353684432526,0.036494189382708105,0.11989119904409518,0.022377067033806795,0.35901791483804096
0.26880766441213183,0.21595686633914016,0.11285765036546429,0.13097748437538204,0.03911799520410398,0.030656274623623404,0.1063911964413118,0.028165603193508276,0.06706926504533427
0.29466048755328145,0.16998911671526232,0.11064491525993576,0.09850233543994709,0.06115241923960679,0.03407837756838605,0.11472343551239499,0.04684395853666166,0.06940495417452391
0.0562174050790565,0.09854403275455692,0.11129153435544453,0.06844851201621881,0.04874650274480782,0.055895260330855075,0.15287001247243326,0.06710970564462819,0.3408770346019989
0.056824157287726974,0.08435928540008801,0.13615352753991825,0.08665782077215668,0.09413222084194299,0.08583896620128033,0.18491441891561644,0.08798059793252859,0.18313900510874173
0.18742768267768298,0.055767769561576634,0.09618312755060486,0.055237470084294894,0.03904654078578212,0.03172653584429592,0.1475286026887362,0.05818993448540141,0.3288923363216251
0.22484098638226846,0.08295805616134126,0.12586840482122783,0.12394802832244432,0.047799712741996854,0.03875963761422258,0.172973779313533,0.09832159865990724,0.08452979598305844
0.045279794943188505,0.06972855203845497,0.13103938066410128,0.10602553558183836,0.029279387172022595,0.07540985613535804,0.15952501350188206,0.2251056343254533,0.1586068456377009
0.013899646656691337,0.08426372096285067,0.08550322765018174,0.20961355508139343,0.03763214290160488,0.1284141486686278,0.2172702204960507,0.04115604142902938,0.18224729615357013
0.17504826044799635,0.09379017851169162,0.1223401364694383,0.07630585867661013,0.04509431682715551,0.04844181437132552,0.13002520993189995,0.0721200584226447,0.23683416634123788
0.09582224304675928,0.04093296435449234,0.10193213034387745,0.18078326420427285,0.0669266918720544,0.08147823470713109,0.156991631487394,0.1560556413527023,0.11907719863131633
0.15510266041315948,0.04148006643789653,0.08747700747696513,0.2225346681686302,0.02784593183099544,0.03424497554723808,0.14874417544549232,0.02364797383575611,0.25892254084386673
0.09234420788887616,0.0832761702025545,0.13149424122461903,0.08885333399056822,0.07606804393117614,0.066796305098309,0.16912548098511346,0.1445386613789836,0.14750355529979994
0.09402209341438761,0.12462702620407133,0.145211815456437,0.06617498652077279,0.07685440766378675,0.10648205426809222,0.17312314371694248,0.049609726893919966,0.16389474586158992
0.04878603907298635,0.11118134874658804,0.10170054044414967,0.08991282617841169,0.025932481894620153,0.0468305447684241,0.10722924904661295,0.026684050589046923,0.44174291925916015
0.2200450364821888,0.39388853311435407,0.07861794563671741,0.14651043480597015,0.013858502329009812,0.01903333364483763,0.06854765339209769,0.025410275687107853,0.03408828490771659
0.2612327522198762,0.09181096858543132,0.12279225170630388,0.09299386719029261,0.050379156021109456,0.041658749879829066,0.14677358472205007,0.09556024190916079,0.09679842776594655
0.089504716443762,0.08014482671760327,0.1288846142649468,0.08464100804322276,0.07205438083347672,0.049872210746539254,0.12682443111442726,0.135709996336379,0.23236381549964302
0.008856740627116378,0.11407520734410104,0.1339545884897392,0.0307530964961132,0.028124407012942106,0.5697844638521764,0.07815102758129104,0.0141218321250626,0.022178636471458044
0.24120367388704012,0.06205457003446871,0.20060036770692846,0.16821703564474919,0.05927553899340035,0.05536703497401858,0.08395819368423633,0.08797153680365244,0.04135204827150596
0.007376190343377447,0.14520061460443925,0.12163669549967156,0.02944698713007432,0.024003272773157586,0.585383526717369,0.059252122321741145,0.008623345499213087,0.019077245110956587
0.27970555786480955,0.051445438085558313,0.08218990829608723,0.17875313252847871,0.052248541476787334,0.040971710186982216,0.16310589631019565,0.12867580230330625,0.022904012947794747
0.11888978884178582,0.10964858750882707,0.1727866218320242,0.1271968657809601,0.0584535494734183,0.0878988537813928,0.1474951732771884,0.11455092081108238,0.06307963869332094
0.26826483687171004,0.18563703438753343,0.11899290184221083,0.10787924991754572,0.07217489799116521,0.03339305008182478,0.11283992318253862,0.0525365046259084,0.048281601099563067
0.22185351412903617,0.03816113693917871,0.1055246268347773,0.13293560933315549,0.05644944927957738,0.04598871972908417,0.21775818939439517,0.06341514978335118,0.11791360457744447
0.29690480967845634,0.16638254228150115,0.11135548165777959,0.08661601826943423,0.04529603429049737,0.03129780834613027,0.12740509487633286,0.07498106424335894,0.05976114635650923
0.03015150899516353,0.1055053548832527,0.23542378758857493,0.21468462215023484,0.05527524377608933,0.1233331427844118,0.10748619913975803,0.05697667996524316,0.0711634607172717
0.12716464619886417,0.11080226102083372,0.13572213009594933,0.08672273399813829,0.13703066865352495,0.05265957111593272,0.12215971578569866,0.08881657650668874,0.13892169662436948
0.09789124734292191,0.1460895612227409,0.15723979940490104,0.0974513750665509,0.05903972849657502,0.11619473850597074,0.12825918192672406,0.0889291320766357,0.10890523595697972
0.281506125554385,0.11455911464998791,0.12408320873461154,0.11269893710404662,0.11791218847776436,0.02849583998198302,0.1344791476133441,0.054639628009888995,0.03162580987398847
0.06314651367375294,0.07775943561520463,0.11297279080819052,0.04785410703268494,0.10410991356212496,0.06260912163744685,0.1724710917249421,0.04994132146186514,0.30913570448378797
0.07775332377717242,0.05267071116429719,0.2443833379369635,0.09835659839125192,0.10079657512245255,0.11698859106753427,0.09054363805389896,0.12041789132180332,0.09808933316462583
0.12572921736996004,0.0564753423558084,0.10967443790516841,0.44685887498491444,0.06427163534827622,0.046894527281531866,0.07753939354199021,0.05178099340393561,0.020775577808414804
0.3536489357975183,0.14210879716512145,0.10469477251922171,0.06304319098522497,0.06228708373864524,0.027231781279665745,0.08717475330217646,0.08123776711613505,0.07857291809629106
0.08367424071934611,0.03825685474344872,0.07369810554873595,0.04064334437466772,0.05842974072677524,0.07192975481228651,0.06825225692402331,0.5142208802159193,0.05089482193479708
0.257349172747118,0.09945080397019616,0.10718465381519181,0.26210596652807827,0.0322446216836793,0.04044621913997283,0.09955247664095383,0.06651613898281918,0.03514994649199068
0.09284783359832595,0.1545235742402358,0.15231618343999087,0.1307619760455557,0.03470438650475538,0.11117557377550757,0.13259075164518716,0.0738347865512809,0.11724493419916064
0.37200388692505487,0.05976792065921524,0.10592681957796644,0.08990879505547929,0.052097718149153205,0.031919441449580775,0.09679915057481421,0.1430837063473072,0.04849256126142873
0.13127958764793815,0.39616934499956474,0.07982179948643915,0.09124273386091895,0.02031560505683239,0.03059974673058602,0.06636664656349024,0.009688176007345096,0.1745163596468853
0.15024910407655664,0.1934108117515947,0.13421999003567864,0.224073985039455,0.02759358425903489,0.07296015523277975,0.08823231849597485,0.025125930475424007,0.0841341206335015
0.20838122604607637,0.05607018687622497,0.0967282937151755,0.0701515227930541,0.09855538782869179,0.07684579914919082,0.04914837266648978,0.24668620721733633,0.09743300370776035
0.0921072628392332,0.08910205499428651,0.2550935098041724,0.343974455931094,0.030606885688578233,0.0821247610113446,0.07168108360509047,0.027187434119742532,0.008122552006458133
0.07101537749681357,0.053067228981901825,0.10271131199610518,0.08096336396890447,0.06135208108679246,0.061733061252809494,0.16727487400610763,0.3161100146594749,0.08577268655109038
0.004239619158623899,0.10104310463115164,0.11774972910140265,0.03675002508196048,0.026682692486849582,0.572279524399287,0.06673094488402882,0.01441709645301896,0.06010726380367717
0.007790324044074845,0.044257262498092594,0.03945062953389462,0.07076451976411073,0.004101166422301807,0.12934559071417043,0.048022048457625706,0.6490872255826168,0.007181232983112402
0.3562680566372329,0.1530542377359248,0.10522164900904662,0.11323139376327536,0.04495522925920204,0.02438068544533571,0.10502684608307818,0.041352620089172266,0.05650928197773205
0.05517003503956813,0.04274378448262404,0.08822919869222974,0.028340122519480454,0.4839602549180091,0.057636958346207634,0.06515566416813788,0.07384467727795378,0.10491930455578924
0.11871317316050652,0.10938662163444156,0.13967995814695955,0.08095098709527414,0.13381180030777953,0.06712350940382927,0.15346575608913204,0.096120963195847,0.10074723096623035
0.2222189266315604,0.1866594613292747,0.13526196234428348,0.15769156729593256,0.07070599624097358,0.05155428593743564,0.07492152769249638,0.031231049287386736,0.0697552232406565
0.12437460439671676,0.07174777399791536,0.09025029407237987,0.26706494358674787,0.03425844611036421,0.04821124826492579,0.2527709637501394,0.027208518371585905,0.08411320744922489
0.1056019968186811,0.13116904930287257,0.12293986096456326,0.1413705437645648,0.029724750682295544,0.050505597385016344,0.11402701990293106,0.03620622295940495,0.2684549582196704
0.22666999468132162,0.17953502847211897,0.1212076893041261,0.10089147675592507,0.05752226907992051,0.037681539564466716,0.13748827636888164,0.08104211070619692,0.05796161506704243
0.13504169336042002,0.5807285458492762,0.06236855756141114,0.08290811976645773,0.018571779646651795,0.01633739523377868,0.0505813718084559,0.03811362792233714,0.015348908851211257
0.09054581443987035,0.06528319490255174,0.1088483755371632,0.11454979052626761,0.05221881024280459,0.054414668730816775,0.15029625380495706,0.3112760646364165,0.05256702717915218
0.3961059776110234,0.19273471982881407,0.07985938290057383,0.11979475742813546,0.032096000892595705,0.018530930722263396,0.058118793454880795,0.06951393784611219,0.033245499315601265
0.06766178096099397,0.05287736863410573,0.11304585076459726,0.07057713541971193,0.06223048465442491,0.06854107397762103,0.19013448563144997,0.07983615312363261,0.2950956668334625
0.25298945556026853,0.04563441221657244,0.08787217249098937,0.18551299407863078,0.059261843653478384,0.045923228792977916,0.16914085959872804,0.12959067870252397,0.02407435490583053
0.11893811958885629,0.2851031248902773,0.10258527213316254,0.1964212660735364,0.04205292526446259,0.03946747317883987,0.09269500562054482,0.011681693083211861,0.11105512016710828
0.07229632010440012,0.09169726179454692,0.1708129541992018,0.11366224716877608,0.062079193768054486,0.06957201338997523,0.13574735982047936,0.1197547752056458,0.1643778745489202
0.04528584743061576,0.04276791905283301,0.08955518870670005,0.02816079393106106,0.39570194688390076,0.06707505259697318,0.08709451500189343,0.07187785249729493,0.17248088389872787
0.05846937672575575,0.09305664222983832,0.11260933261625816,0.04668788813275459,0.11038017836899465,0.05427777305026774,0.11049969453152508,0.06720374092301536,0.3468153734215904
0.0030293151678712333,0.2005515508339459,0.09612370617221534,0.04726128210334588,0.11779991210414141,0.2741194012594706,0.04085383391646883,0.18821498092461397,0.032046017517926906
0.07270175059462704,0.08602190233446882,0.11608177634989919,0.0821554856998502,0.09839757003722356,0.04483669935678361,0.1394918130862077,0.03814184223850545,0.3221711603024344
0.09100506328617329,0.06468863369842975,0.10249546372331904,0.3596552442294552,0.03954865468538122,0.08545210213860377,0.10094729265708817,0.10060003303164876,0.05560751254990076
0.028977179067999122,0.40340306394006525,0.047615718803488694,0.2885450210772173,0.01992008344909367,0.11111186626575259,0.044957897531980075,0.027036496701685685,0.02843267316271761
0.15152441603081215,0.35183434075007575,0.10551847260603912,0.07126592990813542,0.03185031962169211,0.04971048072735688,0.08902720407393083,0.025089531975939935,0.1241793043060178
0.15100760491251067,0.08868035212994436,0.12490224722373201,0.19248489918676662,0.048269177423043236,0.05454647302282778,0.1539958068995295,0.086211708284525,0.09990173091712085
0.027814490050650852,0.1819531947126274,0.14688283161526847,0.0409986955626136,0.06268590683891477,0.37952921977938264,0.10181648124447529,0.03939536965851193,0.018923810537555277
0.07222370746831329,0.09827025859328094,0.12141131327978032,0.05885023920922993,0.0736699207824266,0.06730726527326841,0.1825439526010816,0.06412952296611162,0.26159381982650726
0.07020532110939792,0.03501363740974296,0.07170720433306405,0.04447637264956341,0.040800292145806764,0.09078573943054669,0.08798551792618119,0.5395890986516357,0.019436816344061202
0.25380251025659883,0.12895589380619907,0.1337835075801853,0.1230074781810639,0.03891916043478842,0.049889935475640086,0.12490664907345501,0.06776706851442817,0.07896779667764114
0.12964746563389143,0.15418787744629803,0.12626607044357793,0.0692196466256077,0.09314018840010374,0.04063378149316376,0.1397472995383685,0.039875629926643015,0.2072820404923458
0.06380073991386308,0.08422040806102667,0.17449839281300358,0.10947371612504848,0.054824243343353014,0.0767856680683852,0.1256444270075794,0.05473189415620685,0.2560205105115337
0.10518484092494103,0.06087055543438372,0.10290510126194513,0.2789406001524686,0.044911404561122366,0.09841264970928959,0.10435746319666067,0.13283545929855187,0.07158192546063703
0.15450085443104,0.11666196681689404,0.15094416267337224,0.1937195638335726,0.05161335727334631,0.05353727522954754,0.13431142228023266,0.05161554569663033,0.09309585176536424
0.03143916963042562,0.058950493916124884,0.12743974339275074,0.1556034175369481,0.0697269538885939,0.40169028464774365,0.06299169879907604,0.08568292166262871,0.006475316525708399
0.15878360402449754,0.10416361540470202,0.13019550248728376,0.17262229901491133,0.03719108298413526,0.047643598061446656,0.1462000488150372,0.10955774007289787,0.09364250913508826
0.099855103970794,0.11290190089260747,0.11356233973758834,0.0919989968084657,0.042863028319501534,0.03935917115652532,0.1496394177731772,0.022159304247778542,0.32766073709356197
0.039977703180643386,0.2931386216278192,0.12720324882220801,0.06182637393409338,0.03972531063493215,0.31151779937563423,0.0899973713645681,0.01785982431174807,0.018753746748353565
0.08847658246737179,0.0861316085252755,0.12414990615876997,0.22395008103838854,0.058989903318570514,0.09861258315676114,0.1423629396701821,0.09149139927804208,0.08583499638663833
0.17781998484239137,0.11177758077103178,0.12965889058575583,0.11898507147135996,0.04030493575168719,0.04600777346754922,0.1654187069799701,0.06881234362929035,0.14121471250096415
0.15048009008714,0.3166855248625742,0.10816094281169575,0.0918824599229373,0.048796079737584895,0.03650375122877688,0.11386255246120981,0.05809199177522307,0.07553660711285802
0.07143898857104426,0.11666002245065843,0.17085939878956014,0.18237347690980643,0.05968410397029247,0.1280803596690915,0.1278687684842602,0.07168298911066347,0.07135189204462311
0.05116356354406937,0.052687915705215534,0.12613826658851912,0.09138709844547134,0.062331059960002135,0.08416492548235564,0.054949445614054286,0.46139198612827853,0.015785738532034077
0.15646549816624447,0.11979532759838814,0.19468207518513062,0.15826365925570496,0.046411293230466555,0.0650048897109761,0.1302818428709803,0.04422701109923427,0.08486840288287463
0.0968679970014405,0.12291858710388452,0.13125836028343016,0.21150973088798172,0.04680749216288144,0.08535370178425244,0.14989550110365388,0.05766195987587153,0.09772666979660379
0.2719343412173855,0.032669312587891165,0.0873334800514925,0.031020610927919887,0.13931977332977694,0.07604484879310366,0.0906606599914343,0.07205979919089313,0.19895717391010295
0.019925761267725585,0.015217702460829536,0.08105786461089487,0.03601428039667592,0.3176162157929969,0.07415484086955243,0.03401880889163886,0.1807121910526082,0.24128233465707774
0.025486678992201837,0.1063284619865252,0.2251452081389008,0.22995285227846732,0.059361664145489185,0.12879850752940006,0.11182468954829383,0.040930247381223424,0.0721716899994983
0.14173496512485664,0.05144459517214284,0.2421331216827666,0.11921235034134099,0.06922845686748504,0.10019788107094774,0.10111210115858171,0.1342930322877394,0.04064349629413901
0.21734835964725854,0.0935688781709233,0.11930160552335901,0.16120786414562235,0.035809916979707104,0.05198772542364752,0.11056665704674602,0.10467657998798269,0.10553241307475338
0.06248643144321849,0.02173663373882935,0.08268037403535676,0.026124351637869758,0.5324273585439346,0.03130080885949245,0.05741042825745776,0.08454321726626884,0.10129039621757198
0.26954236667182857,0.15049559915661606,0.1006202104313509,0.11479335316865553,0.04050227470561817,0.037823506107667916,0.1089396924497749,0.10666089518991695,0.070622102118571
0.28398202300385555,0.20045853815818507,0.10945894601061261,0.09558089838171402,0.05052878954465904,0.03511196663775359,0.09907678156792556,0.05615714666754414,0.06964491002775038
0.06197966759847512,0.4851125970720634,0.11137852618209215,0.050700920774356784,0.039571258663257745,0.15221394806956903,0.06909497467243021,0.017132371925699007,0.012815735042056534
0.1292100458679746,0.10311857113950589,0.19502829250493037,0.17868226512647456,0.05329466151212663,0.08189053691997804,0.11071616612727762,0.10148422134578693,0.046575239455945404
0.11622397924629276,0.02314542456085975,0.058944410477768994,0.028718879168452477,0.09085102487773855,0.06534644885519282,0.05020174784160072,0.5505447518227581,0.016023333149335853
0.16886578163981092,0.06667400454237014,0.09874023756143584,0.06075147312890632,0.026109942470300157,0.03673862203612938,0.14113150122796161,0.06732845297775318,0.33365998441533246
