0.2129078218094801,0.09158734892696373,0.08836091028781486,0.07904860188316994,0.05628388412929334,0.08977831693940386,0.23645048922032777,0.10148388251836005,0.04409874428518636
0.08486313709982403,0.07910438209658034,0.18242537772857584,0.14433603486663424,0.01996323846072053,0.13801376857091296,0.16442320835616805,0.08488938779043691,0.1019814650301472
0.08334139219669988,0.06670071318935471,0.18259508910141245,0.1308866638549924,0.14172069335092893,0.09775019191682195,0.13125495783036473,0.11359774862056866,0.052152549938856145
0.04374480943752037,0.3874389941720464,0.07531482095329488,0.1866304571423524,0.023352705626314075,0.08648372918274394,0.06208790013617541,0.07852609501084766,0.05642048833870481
0.06187060535686154,0.03991791426600037,0.2531571121099581,0.06329389663852941,0.015736683761709145,0.13193530022522698,0.29430823949556467,0.05052925853314072,0.08925098961300904
0.04211186266513064,0.1653045856453048,0.14017318311515523,0.11309803286449804,0.050032518521591185,0.1395695951612986,0.17325111953303615,0.0843327617067771,0.09212634078720823
0.050063588850161156,0.4276270274991001,0.06615898329227898,0.1414069827067592,0.03548891588868971,0.04878369823715247,0.15510144240441168,0.0439198583851736,0.03144950273627314
0.05612849183859018,0.0890077884344599,0.18878275237729134,0.08655873605798518,0.10418877697703156,0.08791451517995996,0.23845839571582914,0.07750327194285955,0.07145727147599311
0.05084164774406399,0.07660060163949069,0.10173389842784626,0.09538287230769261,0.017209458407470842,0.11670831277198807,0.39048930540926663,0.06493284323932981,0.08610106005285117
0.05087967733182592,0.15209620972412852,0.13699887533068053,0.12525288013779337,0.06121200193061151,0.11488853008686158,0.14281195357184237,0.0799130407809845,0.13594683110527173
0.03952968289257846,0.06054416946708182,0.13765768168399523,0.07432444806538654,0.07728008468892916,0.09146339461091207,0.05001932450146138,0.05407677615611228,0.4151044379335431
0.061795848248715896,0.05588497665232331,0.20848679860332686,0.11770386488463293,0.060862745459869465,0.12220854291399584,0.11880490935448645,0.10152407868195533,0.15272823520069392
0.03339133758545967,0.11304357752076451,0.12862535311347081,0.08461876315173794,0.08740478996428398,0.11591954441841079,0.08080531798293156,0.07004604115390578,0.28614527510903504
0.030008776835969395,0.4392279797007592,0.04653947073515594,0.1637084263709626,0.0494212319124901,0.062317612905035034,0.06828580302506784,0.06108528384850581,0.07940541466605407
0.04588999582915446,0.11802582392162986,0.18240735122268012,0.07390829132386538,0.10901782122175185,0.13787221633259789,0.0911161991130071,0.09605016235656443,0.1457121386787489
0.07148404832324981,0.42638968568716223,0.09821922833231068,0.1321843965280601,0.04910017216807899,0.047734660139264286,0.1087202270991473,0.04719707249155172,0.018970509231174968
0.038276249087669606,0.12772877195196422,0.10836971401644836,0.11839343201831058,0.0319770881249725,0.10956127447306546,0.22246274235261565,0.06390116790255147,0.1793295600724021
0.06313523312137626,0.17918683359130264,0.11185070029754722,0.23140490377748943,0.029357319317799346,0.11497335180461898,0.10016558543676736,0.10194814261953901,0.06797793003355972
0.043790930808949115,0.07529140301826241,0.059364489142625564,0.10641965336152204,0.17583222182485336,0.08221341436221435,0.05253683533520229,0.0618079747603675,0.3427430773860034
0.05783292553325472,0.14179055064259358,0.06969252211278056,0.13946480151146268,0.025153979977446533,0.09715220326877964,0.15691584219694463,0.07569292348008023,0.2363042512766574
0.019248523051955676,0.018934147067334227,0.18025529679880373,0.12297181586867273,0.016807139800175595,0.16663141019118236,0.04799849200323642,0.21408989707737236,0.21306327814126683
0.0756585016012404,0.0705285641249996,0.22851593803932566,0.09072900759755076,0.04869128081204388,0.12420493527720182,0.1255451881438315,0.10213081293141764,0.13399577147238872
0.06304038889715981,0.04288404478221609,0.12402764420463064,0.09752556421089038,0.012768068513757483,0.1418375743083787,0.37479496197513135,0.10868718666924397,0.03443456643859149
0.05863651600427284,0.12932504467213357,0.16127887000128302,0.10038703140114329,0.13086385023647168,0.11022748873170969,0.13818459024411697,0.10837876404847391,0.06271784466039515
0.07334785942460913,0.0940012982116339,0.17616331924481168,0.1214038350663052,0.05330663527516547,0.12083470515753847,0.1132650713888639,0.08159714100336322,0.166080135227709
0.0837141135542653,0.1768332202435313,0.1509379353664709,0.0798039123734156,0.08510883510466137,0.04819781558548955,0.3093650113235014,0.031127518108463745,0.03491163834020081
0.2836026827230918,0.1362636978212556,0.09154085528685481,0.07584157296474144,0.1405524992631633,0.0830200049736929,0.07140192949223582,0.08168706529291246,0.036089692182051804
0.08534579319956676,0.05200204242974931,0.24279174701451942,0.0843207219589327,0.09201867136151314,0.14285857884401712,0.11993532220060284,0.16689137705427906,0.01383574593681962
0.05051900081020591,0.14474964175226165,0.14023596386309545,0.14354953393331382,0.04576368898546468,0.13049991278596962,0.12729644158456396,0.07622760697540344,0.14115820930972145
0.03707234641575668,0.09004662846389881,0.1866981758564175,0.10204824085087953,0.014256532142212805,0.14989858069748896,0.18253351029420797,0.06035041481778545,0.1770955704613523
0.05489863303977982,0.11686012523103706,0.0792462313022995,0.17447586109333493,0.2792015819694352,0.08226910466619948,0.09914473564676964,0.08060258433302335,0.03330114271812092
0.04512855849035391,0.08393503682095858,0.20286498919691529,0.09899583075129799,0.030812787251108597,0.13331516152416534,0.13688425565472442,0.07157301282237222,0.1964903674881037
0.05350502076749833,0.1068031914252296,0.20375909889550867,0.10854469440988791,0.05936980896173474,0.13172230982593422,0.1402448651792093,0.08574019231298509,0.11031081822201212
0.04272092399507832,0.051296746356256605,0.05164641182072194,0.12772508382233672,0.49459865346980747,0.06091991916690076,0.09653890666705943,0.06679151931655036,0.007761835385288421
0.3326484645072067,0.14689174090251977,0.052904678969113585,0.08362759263911725,0.03534919170795908,0.06468839946560793,0.08812411510748165,0.06166699806603428,0.13409881863495965
0.04357784960500206,0.1707176628365931,0.12634971901838885,0.1287656163263994,0.06545814344171762,0.12551210452630998,0.14566481526565245,0.07892140052886548,0.11503268845107106
0.09116563235679094,0.13819701403334328,0.10436176457644282,0.10917419894564788,0.1169115133601284,0.11381699689495019,0.1861911403203481,0.10515463855699096,0.035027100955357535
0.03611484647441005,0.15500054621814977,0.14184170072780042,0.10728356652980088,0.0507261694476891,0.13640317525711623,0.1587175031890544,0.07999350614466905,0.13391898601131005
0.03738326741769963,0.3426600361306797,0.09906263708600777,0.26531501064369395,0.010500232114962598,0.07661132618358894,0.07853178022101674,0.08376997467644569,0.006165735525905012
0.13545316877704972,0.044597532133235196,0.11987752287552722,0.18472966660501877,0.05194627883061115,0.11091790116045241,0.19782538253509765,0.10401034203180427,0.05064220505120364
0.021331834327456885,0.021135018675174366,0.06583996664917131,0.05529956040929967,0.2094024464741802,0.06709352172556703,0.38298952072743075,0.0841527492529386,0.0927553817587811
0.08796293816486657,0.04736913588641622,0.2527761795333179,0.06937283239884968,0.05802564226624692,0.09198940119343475,0.27619660707150756,0.07758611075414835,0.03872115273121207
0.01872893153559865,0.014105851594605498,0.11566576341608555,0.11864080656246816,0.021768519254529207,0.14852060846324036,0.16603352156138543,0.3505048996447544,0.0460310979673328
0.04044877914497033,0.16128660505344009,0.07437255639938126,0.0979116955500929,0.15374891457359105,0.09671880267249033,0.09402464048330976,0.08585206076629692,0.19563594535642737
0.04507609371136812,0.05336221096285112,0.20513257561582202,0.11671250313277105,0.05283674507730043,0.14715692001652816,0.10533311666974961,0.19577186788196424,0.07861796693164524
0.0686967472087824,0.08826225041271961,0.22702448024373542,0.077861353965286,0.14132788452311956,0.08758512414596113,0.1484207003448235,0.13080492375910482,0.030016535396467647
0.016267163435819968,0.15801269454483885,0.050905971325232835,0.0629794103628043,0.061201987612209574,0.08547991189421161,0.4300552316468149,0.07618539191354366,0.058912237264524235
0.02474108050533322,0.11641048213584963,0.08609462079683643,0.06855515512886924,0.11245658384243766,0.1231813694268427,0.0972776717518208,0.08096331775215515,0.29031971865985523
0.028669832755163036,0.05980142779137482,0.10233504672919196,0.1470399113935877,0.10641451124071931,0.12484561957732583,0.05088002630529479,0.11146698204102984,0.26854664216631274
0.08505470741201504,0.14449800842300795,0.13974070441868888,0.1477161866760854,0.09762794896499007,0.09196171398548392,0.11926634086783942,0.08120669556878612,0.0929276936831032
0.024702827631866695,0.026619510714642535,0.04991830632217723,0.059846938969792866,0.2968234884787568,0.0664672118540106,0.3736213794147039,0.08689617875707596,0.015104157856973393
0.04493260591928469,0.05143568420375879,0.21876738870273763,0.09825106218567743,0.0490058821818628,0.15563101653352113,0.11529194454986548,0.10780912544164667,0.15887529028164535
0.02500208028790137,0.4166878114281847,0.09108554337794689,0.17106638532670293,0.022195654574023557,0.0876868578318264,0.07920598470978343,0.06363937527211909,0.043430307191511704
0.39998774733088044,0.1177099853841737,0.06524509735112012,0.06005492571111402,0.03976849180051128,0.07579555757033074,0.12394877217604637,0.09398889655080174,0.02350052612502158
0.02941543775837305,0.0924978325437155,0.17499334063678096,0.07037006125791505,0.06404894471619799,0.1058629829401702,0.3316489271903024,0.07215404391809958,0.05900842903844533
0.057144592193320465,0.1573651294241195,0.12722698325044743,0.12522025888649838,0.05632070447284182,0.1210600250458889,0.16346785396166108,0.08215759483637455,0.1100368579288478
0.4234808766666836,0.07410147497885437,0.08160595811166997,0.04149622235798928,0.13568332782607742,0.042150100124080776,0.01678486063658916,0.15059795440296997,0.034099224895085475
0.5214218576476833,0.027618532517967854,0.08341675763972121,0.04911687097712263,0.049822867736560604,0.05188405112666849,0.12605343363154528,0.07854697275039352,0.012118655972337107
0.036295965317552116,0.02933724369477027,0.15711272371241028,0.13979159129235383,0.055934630191460645,0.1417319124301402,0.10190217564111399,0.2782180117555694,0.05967574596462927
0.05123637729642894,0.1076597040095378,0.13196473838902467,0.11287865508614976,0.022525021412461543,0.13471176083650604,0.1928855214622557,0.0750395188709043,0.17109870263673121
0.03790373674208606,0.058155967236180724,0.14476673712062535,0.15209499282159405,0.04141367590059375,0.15685391813865956,0.10626155996423224,0.133256658329876,0.16929275374615235
0.049876368819536186,0.1780353500433731,0.06543055107839439,0.23417425710805376,0.13512295035033164,0.09080464865724204,0.10646137888745622,0.07162125138870246,0.06847324366691025
0.05642918759420559,0.10856733402513145,0.22742036984361091,0.09076212873364847,0.0528329498189527,0.14476974319801506,0.18486374609876657,0.09561861529562797,0.0387359253920413
0.029823440041383275,0.051888163454344834,0.2223208587467739,0.11176643037763358,0.04546953489982286,0.21158401616153544,0.09063605006313456,0.15474860199967633,0.08176290425569514
0.07107363855148091,0.11367822865020233,0.16223284192378054,0.10264808729672105,0.10632969321383828,0.10869732096718243,0.1381846291018172,0.12310963096323524,0.07404592933174194
0.09146206529888457,0.09067252493686623,0.19419503840591104,0.09910592884255424,0.06771032857047395,0.1335943653383381,0.14264463344284753,0.09799874324248366,0.08261637192164066
0.03683060115797628,0.028953887171865294,0.07477285833258505,0.11835117850274592,0.4907244396095425,0.07694135670065073,0.0531799043937079,0.11208825809201957,0.008157516038906817
0.06733525452062955,0.06904239187068557,0.223750466019594,0.09631122387387435,0.03433889230105754,0.13801693017873776,0.19655204246847716,0.0841498559212401,0.09050294284570397
0.02818217506943993,0.11295455884887635,0.04614649877195375,0.16482538915644188,0.345983589821103,0.0833746853757903,0.11917317846307961,0.0759303890208798,0.02342953547243543
0.40882446171593445,0.18874625926199107,0.0515661728563123,0.05906640466641009,0.04631692413639074,0.0866374473756672,0.05689401024692144,0.08549524692433881,0.016453072816033934
0.03435653979234657,0.30065421882921384,0.0967795292618258,0.1343910711786462,0.09111581288796404,0.09210618327140825,0.05988498178419316,0.07300441763454871,0.11770724535985345
0.02499941627890212,0.010165223279830103,0.16799721406290513,0.10502321747526737,0.06377193307722202,0.1154783942539071,0.07284203568441029,0.4168587493172744,0.022863816570281536
0.053371143750946835,0.08416222122699185,0.08260511677632519,0.21533923132704302,0.17257125981572508,0.12302780670531306,0.11651999168060156,0.11955102501165149,0.03285220370540192
0.044638734493234904,0.14075069625351347,0.1550134376792416,0.11266405370036192,0.060970409221253304,0.15261064096630747,0.13933586574376639,0.08454694643601109,0.1094692155063099
0.06207662124236669,0.1429074660609405,0.09697232479691757,0.11583068660895479,0.04570719370657639,0.1251908469628398,0.15772732324049812,0.14981469727620744,0.10377284010469869
0.047599315272795845,0.029460806535314882,0.3317711187603506,0.08774756590612613,0.0740204181406431,0.16194261714808503,0.11125498038369645,0.11208618771831709,0.04411699013467096
0.027855152974971067,0.007006495320011348,0.0741520853204524,0.18460061583180706,0.2759540740128161,0.10902712707304657,0.07964116461570396,0.2400371760678679,0.0017261087833236606
0.020227955234588826,0.04340500953993568,0.18648172857533699,0.20894320101976918,0.024462376270132577,0.1363814175290933,0.05187976139076378,0.3153240893890658,0.012894461051313725
0.07997099800206137,0.11029315613996382,0.14261751132409572,0.12345794389651431,0.04608203530985424,0.10856589198209136,0.1775279546683265,0.07888975833557633,0.13259475034151638
0.04892307778306176,0.15010781055920738,0.17524820193914203,0.10411432933500253,0.15390951033477607,0.1164169002894222,0.09802261806823209,0.09414907239017585,0.05910847930098009
0.047450385487866086,0.15545053009770693,0.14553372464101808,0.09277342509283217,0.09490722487125891,0.14071086512891798,0.099385192456035,0.08805200284315852,0.13573664938120636
0.0360825137810394,0.08134848481898278,0.0937538795244961,0.08329356481348348,0.034404204827972684,0.09181382484556945,0.06820409152850698,0.07749345518502986,0.4336059806749193
0.03794921518167261,0.1571390739220202,0.0634746662679833,0.11972616728426204,0.1996305148550587,0.07442239794944074,0.049513669771107854,0.11029229942697966,0.1878519953414749
0.09878596530333732,0.15203257638483522,0.10188842974668653,0.14765092993817086,0.05188113378399131,0.11996721628428468,0.17812717159324679,0.09987874603650614,0.04978783092894113
0.05598490331279787,0.011993901530921676,0.17606926758913288,0.11041483264413487,0.03205963012038848,0.11480862452440567,0.23342615797156738,0.24972860353746276,0.015514078769188465
0.032453276590404666,0.09546802914042846,0.04817282771043224,0.11323671489648253,0.45282135569534193,0.07627798420313087,0.06458585057585652,0.07305201026968927,0.04393195091823349
0.038852693863130165,0.17024959199878517,0.17064255564250308,0.11069537986020406,0.05770605422101538,0.14417054886207567,0.14227748278592697,0.07769308987529139,0.08771260289106808
0.08359039373543292,0.11645904729011562,0.1454512738596712,0.12441901560274081,0.1423393386765949,0.11135374992201681,0.13409424245350474,0.09911433329495327,0.04317860516496975
0.03101006759166378,0.174033042986231,0.16095832313634914,0.09987139481761194,0.055844136964076474,0.15311734372014493,0.1569327459285305,0.07906684303377556,0.0891661018216167
0.03998400952458183,0.007910003274049601,0.12359095109151512,0.1726063186435162,0.061483500535174346,0.12197857161137049,0.32760653868474077,0.11979542460083992,0.0250446820342118
0.051812743290125064,0.40229563227884874,0.07612181142812309,0.1350852905750665,0.04201583476167428,0.048085295538712984,0.16024525372101414,0.03851381947146841,0.045824318934966767
0.02237138317145701,0.018159227794515575,0.1554587082555413,0.06203768161644024,0.07479528151071792,0.06755308121852834,0.45615144015617054,0.07659631866934667,0.06687687760728239
0.04328467139794595,0.13177824658660361,0.1975670640057597,0.08921339078390988,0.06235033444842423,0.13440065892301853,0.19724556790414047,0.09302794002446685,0.0511321259257308
0.031084990569983362,0.13467184568434407,0.14212220632653386,0.11862215079197953,0.016931576688968053,0.14762392708376806,0.14966820885153778,0.0621585198076822,0.19711657419520315
0.026572993470300458,0.041081627539516184,0.11311791298167569,0.11475525856339248,0.04773011747889078,0.15063961828463354,0.05768620019838735,0.11035306997918203,0.33806320150402147
0.06201707773647405,0.05884609629012674,0.0831505866895775,0.23074012773161856,0.24769200925378496,0.10133918886937866,0.07327025339933287,0.1012247448726125,0.04171991515709417
0.05916018339051252,0.08272269459557786,0.18481313932770427,0.1154053576639265,0.062016249784501286,0.1314810151855851,0.1505362074920927,0.12058518492599324,0.09327996763410652
0.13106212243173643,0.013057356829401968,0.22793605627970362,0.11363756175218169,0.02007737067520203,0.11036632135130837,0.13870380631436732,0.1122301375372099,0.1329292668288887
0.03249789474575326,0.43949752833224337,0.07639544691016949,0.2062587352091021,0.021028695813197874,0.07009580375190995,0.07667190870416885,0.0592034980199736,0.018350488513481533
0.04010613845853428,0.1491511680727779,0.07920055974816047,0.09651058044799993,0.04733824978779829,0.11123142572610721,0.15769418309335417,0.0795317657771627,0.23923592888810505
0.04670753210772361,0.10823385288111692,0.06395148727398488,0.1451357980464364,0.36532263531587134,0.07978164686491929,0.09556654757406378,0.07449494249525178,0.020805557440632005
0.0387865404127636,0.0574963271628223,0.068386693678701,0.06240303582545828,0.08313888649709057,0.08123894626031702,0.4637595443755916,0.09303322492097477,0.051756800866280754
0.07303088501408717,0.07101821330509998,0.1307797183007455,0.10275600247075034,0.3176469638353115,0.06979325884039024,0.126905491146079,0.08172442719466626,0.026345039892869865
0.04679950801866331,0.07533807959061152,0.23862245897566928,0.08622151900712456,0.020258033733734093,0.14753933680996323,0.22123522032135357,0.07344044691402987,0.09054539662885054
0.04903380738574697,0.1339374326761168,0.07330206773190055,0.11967580920451441,0.4110591256297645,0.06790754293541293,0.06105356570909356,0.07863305111573801,0.005397597611712317
0.024707795547690592,0.012443931273198856,0.2530268979907147,0.12047745336089584,0.047160653575693094,0.17166897410275495,0.06353792970149387,0.2912429777452722,0.015733386702285804
0.051332960520504595,0.46762034732097263,0.04876340091296668,0.1632059604755976,0.04091614077023064,0.049028181558634636,0.08479240717149629,0.06966548699058982,0.024675114279007093
0.041727456154671244,0.014555791724546114,0.34555818589881326,0.08193089813773612,0.03719454735446279,0.14029403894471276,0.16196517176026232,0.15649233995003312,0.020281570074762268
0.054458936879914856,0.06568374712249672,0.12014914396828752,0.21049238264362793,0.06994868600801178,0.1557819626531576,0.1212410392831269,0.14252099373196783,0.05972310770940889
0.06035244085422723,0.08164554429501535,0.09911087310127108,0.08326296296746281,0.036958188404019585,0.08201707593586598,0.19070209421930218,0.1344944633065329,0.23145635691630298
0.0913166920210083,0.26812921265374196,0.06201466381824731,0.19966449530144,0.019617073707434967,0.10083305104941122,0.06989544136344873,0.06883188798110502,0.11969748210416246
0.03666984574415606,0.03311899810713793,0.11579200744591085,0.11483357277719859,0.05445927723785335,0.11559175813217158,0.33581128103226154,0.14819747282789525,0.04552578669541477
0.053154192610437516,0.07941180305146793,0.18878954165063208,0.14055435366830218,0.04310521568639181,0.16311766484255233,0.12572759721111645,0.12885624693084244,0.07728338434825725
0.060697863910754185,0.31904188750697443,0.07177458127550192,0.14536942899898755,0.08612844379071567,0.1020011000730387,0.053123433898107864,0.14977617060285778,0.012087089943061943
0.03303007319588205,0.3338385503263037,0.07550787931737836,0.24305420986849577,0.029562551892894074,0.10021465030734551,0.07046835937854791,0.10093877822842832,0.013384947484724229
0.09668844336964343,0.0445317362796915,0.15332525098451003,0.15933731990074937,0.09855800389669579,0.13961798884401763,0.08424947054576853,0.18948729033108877,0.03420449584783502
0.05303182481826183,0.14029257407271445,0.07613502608616929,0.1901272245944948,0.1727314295620248,0.1048935236027388,0.1038315950267182,0.08018685484100503,0.07876994739587286
0.03995751934610612,0.07768454116617887,0.05119071493384771,0.1448824099721628,0.4141079336815631,0.07713420690865856,0.09707212121985483,0.07262404772128214,0.02534650505034596
0.06937506263813616,0.08333663436017902,0.2066213620343996,0.08676332260682257,0.08034622796977123,0.09196118322153629,0.23088421104815557,0.08348123520426794,0.06723076091673162
0.0517986531937234,0.12899271282103772,0.07376258134457588,0.09630289529226203,0.05191568124504192,0.10645350365662742,0.09968454580527815,0.09361945947023342,0.29746996717122015
0.034292911427337903,0.11356386876959261,0.20745190535231084,0.10839616743131662,0.018965565969230127,0.157292129542441,0.13318029047926927,0.06195493880826897,0.16490222222023268
0.03312124394446201,0.14602101692033878,0.05384048447612729,0.15751470881998586,0.2528325267741042,0.08997425923919904,0.12725199031267861,0.10034804048136199,0.03909572903174239
0.15027949860513012,0.01894892079114488,0.08578058267973467,0.10841390650985838,0.05275440259016447,0.09179516133031489,0.3698503144934247,0.10129194354561523,0.020885269454612648
0.0337002647755981,0.138679261224763,0.09676378947046603,0.18382497346128568,0.04111560571498294,0.1447197925069957,0.11241225865465705,0.08801034240997395,0.16077371178127742
0.05041163304045818,0.2190030779279133,0.08439284559928857,0.17864947056801617,0.03336549973695019,0.1097641154216409,0.11672881585878829,0.07630432106851161,0.13138022077843278
0.03585637653938798,0.378728401378851,0.06320465883397881,0.2613569751925491,0.011313397288954594,0.07887299450126538,0.06297179778423037,0.09563367065237789,0.012061727828404986
0.05310953179113544,0.017424466350227905,0.13762540817412292,0.124742374081945,0.030844223696419207,0.13576019510367995,0.06858147119685566,0.41237828580858554,0.01953404379702844
0.1683317648494256,0.13087802359217526,0.15292383664235273,0.13429421203499628,0.11160223346146614,0.09433922023986696,0.05863957535236955,0.10611750200755886,0.04287363181978853
0.11290581843902214,0.09530521902488188,0.04434428854813994,0.09291558049489189,0.2749031189932336,0.08111050889375859,0.051267286133592625,0.0711019329928083,0.176146246479671
0.03000727267118489,0.06536244020096738,0.2818511477266793,0.06423621605966244,0.042846734101998275,0.1276556016645467,0.2589885477375887,0.06653410426807126,0.06251793556930106
0.054994961183290086,0.04889818688961169,0.299576407915174,0.06609551305061988,0.021890334713807653,0.15258313036135485,0.24908892201393198,0.09396392421738196,0.01290861965482798
0.05054481797861949,0.0308272638229577,0.2762416830085598,0.11653288413253153,0.07454400470434373,0.14512140444649935,0.10792318187638428,0.12743184550116304,0.07083291452894115
0.06553639193102427,0.04522736521615247,0.2070104447321235,0.08992098426690948,0.16841059264246436,0.11509370680936255,0.08188160731466496,0.1200534796688983,0.10686542741840022
0.06447957822441612,0.12706889015142864,0.09214154823995153,0.1543250745855335,0.10119726549623868,0.0927501124349705,0.09982117289968569,0.09550643617841297,0.1727099217893624
0.04808821403768317,0.1755849611633731,0.12423772108811355,0.1309846336091011,0.035459525336988575,0.1598284072091707,0.15561763125478134,0.08400704182698117,0.08619186447380726
0.0414581670491546,0.1622178519771811,0.08226755104222326,0.2545029067586573,0.03810030339375087,0.1292441808883273,0.07246998742034902,0.1450875161033129,0.07465153536704365
0.11196716961079174,0.02161144564943671,0.16526944457478135,0.0918218349597995,0.036812840060340586,0.09710406859254489,0.3060085908968168,0.13198850502221007,0.03741610063327823
0.022869976423282118,0.05502574680113855,0.22482166719955718,0.08567437512905605,0.05386068300949138,0.18058187733094563,0.1677277574117293,0.1897043571239548,0.019733559570845032
0.11909145374991285,0.1420872003488524,0.07275159715106284,0.08778893168638263,0.15157595903191637,0.08700398912236111,0.10137123458388804,0.0632757402836286,0.1750538940419952
0.0476073980373164,0.04280438699004981,0.05440740528510705,0.09541148314262231,0.5392247972699065,0.06435514799560729,0.06559655047279986,0.07085384554059257,0.019738985265998318
0.0680710803794901,0.11077331606929432,0.1310701319212724,0.1190785346876344,0.034263000808308665,0.12527344444978142,0.14020356212726737,0.12433738120244457,0.14692954835450678
0.11083805148748162,0.14550827413278042,0.07744835597373244,0.2078901708786526,0.12266254346329897,0.10375865063778689,0.10104034259238709,0.08546608513037228,0.04538752570350768
0.23626464221640706,0.0382798622529471,0.11074887198758811,0.10551161540308916,0.19369568114650723,0.08983087928741472,0.11724361535597272,0.09391820571932641,0.014506626630747496
0.05039482043661948,0.15229231461114537,0.1119920331748553,0.12299849352253145,0.09366808905369502,0.12502892607652133,0.15658641726661335,0.12985181300092685,0.05718709285709186
0.04355156457406215,0.09190896611065395,0.1486517994827171,0.10124117502896947,0.02803532776177554,0.15176300554259226,0.2040232490900057,0.07782920686469923,0.1529957055445246
0.04226748969684673,0.25959723473321406,0.06520038477369215,0.12813736294094605,0.09898418817607907,0.11945185287791106,0.14410155864096164,0.07719702996699614,0.0650628981933531
0.05224858356179665,0.04523286132954529,0.16990123926219827,0.09427884585717848,0.06315576399095599,0.11459627445047225,0.07381471336313104,0.12941298559648148,0.25735873258824055
0.08770418311149845,0.0664027010980859,0.15730899019191252,0.10602602684141488,0.049809928953404116,0.12326115551243609,0.1816454578156382,0.08308249908979061,0.1447590573858193
0.08817689945890894,0.5047596512150884,0.04407713211844296,0.14211277535854083,0.024415269961396802,0.056684332165257,0.06626323699156338,0.05479835443236336,0.01871234829843826
0.045033744815450055,0.12434782007882296,0.11019260448877943,0.1448367999298064,0.02630957770789318,0.11311199662294442,0.10079556839483184,0.0608338823635946,0.274538005597877
0.061192924597680574,0.14367952785514462,0.08505847948781493,0.18449124363697258,0.10965421137806448,0.09932603926471235,0.12332305498962019,0.07589116669549613,0.11738335209449408
0.0402829541469469,0.4070886605351851,0.05111136163746018,0.2485758868794076,0.04605367097608178,0.061043355935697846,0.07195398796264008,0.07036603254210876,0.0035240893844718166
0.017809554689249003,0.023709764496014567,0.11729753247668943,0.07103614405912102,0.05766165325048256,0.07912064507949465,0.4701422010297163,0.08518302925023762,0.07803947566899473
0.04413185720553985,0.11728401650056591,0.07913475865645371,0.20000065856329838,0.2597589139900607,0.09690714498342075,0.07349666070682767,0.10589565580484195,0.023390333588991175
0.042880057062396254,0.48697507495465825,0.051767388456694326,0.19237474572469518,0.016686382325389378,0.052196853451437375,0.08972544803562095,0.04779283476560303,0.01960121522350529
0.0197179731443755,0.012101973491202138,0.040851125590970226,0.20852104199051205,0.4188724111024052,0.08734702629715374,0.06666626207706781,0.13923605150899596,0.006686134797317381
0.03918151890656204,0.10459052965563616,0.08681598746717435,0.07619247642592851,0.09239988947462707,0.0812519553674079,0.38838914236438393,0.07015165318222874,0.06102684715605131
0.03300883545451939,0.22089421438047538,0.052765984545900535,0.16931230591413185,0.2434568395757741,0.08255861038115281,0.0677500772565058,0.0732884334709463,0.05696469902059387
0.0717490466418744,0.3079177466477764,0.08814171351355003,0.23316602485494217,0.012823402377900708,0.09273372792397372,0.08050181191110316,0.08886892083631091,0.02409760529256852
0.09463735287117793,0.029471321817581806,0.1818359612482997,0.042528077855321755,0.1271466821317099,0.04997050029693009,0.37211976221425974,0.02735743078296966,0.07493291078174946
0.05512391101166905,0.100390547615135,0.0704938505151181,0.17613519451976542,0.2998018542766314,0.08674467367781273,0.10049890711912772,0.07617077174140614,0.034640289523334436
0.03436323209318544,0.04903511672102467,0.1970663405966513,0.14940610105417537,0.07891381630872374,0.17971709441833225,0.09354657453662496,0.16961832063638224,0.04833340363490004
0.03852261033794659,0.1390455300096944,0.10965450982120413,0.1101978681729305,0.04236409495142111,0.1087793509698044,0.2411929141816481,0.06789599717728768,0.1423471243780631
0.42202620470375357,0.11859108500678121,0.08143576865810626,0.050064212223032645,0.1017637128703034,0.06275633063389822,0.05804017097251268,0.09485397065752359,0.010468544274088524
0.3064470365371563,0.06399268687860737,0.10681131524279618,0.09845955651111804,0.05287833529882391,0.09244592873452552,0.15308715598918074,0.10286970762757351,0.023008277180218504
0.09899667449712485,0.0734908255089516,0.1948396052869815,0.13355680570885767,0.045943872359162606,0.12059250764593778,0.1468162575160832,0.09004473153131204,0.0957187199455888
0.06464603936494062,0.18865457517195616,0.10277076268151768,0.18895008278667422,0.11509696030484921,0.11852692641314642,0.06781306272619722,0.13762672284659586,0.015914867704122617
0.08687540682537749,0.03395403555635357,0.0431733241237336,0.1038694411427236,0.4275910707674013,0.06569366955184415,0.08595310360903391,0.06674885595060033,0.086141092472932
0.05810585771579322,0.09596840407459906,0.06524050522475737,0.19607697592828546,0.2753945541382526,0.090316250426974,0.10789441877116263,0.07845343835465489,0.032549595365520906
0.03646237561804052,0.01441695931908186,0.18131307616972145,0.08202364220230719,0.029713647793871673,0.09454823599134772,0.35913573259899056,0.15285239545528276,0.0495339348513562
