0.0751795058443337,0.0930860528188962,0.0387637339984983,0.2987677368188074,0.054679021248282035,0.07820953271634273,0.08330237709370503,0.1478204011652155,0.1301916382959191
0.04105798993820381,0.06553630791846632,0.07884882275775823,0.06320515275439798,0.3295696223476892,0.05217576973236463,0.026548172624220535,0.2539801976254442,0.08907796430145508
0.14151956599830992,0.04671203229529003,0.03388388624144709,0.1864594844030345,0.07914191155970257,0.07584356071969471,0.2059179573542027,0.09896733908270688,0.13155426234561166
0.048645360012298515,0.10484239694712157,0.08109164980944804,0.1818184578910006,0.07165205412468997,0.07892910321926645,0.2512355967696837,0.04809129538912684,0.1336940858373643
0.028515633337870105,0.15609775098474177,0.25141822459949303,0.025401750390795997,0.1495499483295389,0.07917620541949046,0.024186392076900237,0.2141967640997329,0.07145733076143658
0.19287443045191974,0.019481181839955536,0.20388984593821688,0.07330796990501737,0.08937207114156213,0.0722671788528298,0.08154541321794746,0.1651662576541949,0.10209565099835617
0.07748173601144454,0.1351091486184592,0.12130191099708278,0.07889261933270904,0.0271683526073707,0.060170573306421025,0.09041812005342513,0.2916038897566195,0.11785364931646808
0.0787108902828062,0.003677653036627572,0.5349001788278221,0.06053313774629506,0.0693176483335932,0.059252148924914844,0.061175833390432144,0.05398525168358707,0.07844725777392177
0.026892725787706396,0.059732979944449545,0.1044591310192682,0.27352333067390694,0.1272078473434501,0.08425357869685841,0.15476992251235677,0.03910429817238337,0.13005618584962028
0.04998657085241925,0.2813635830419448,0.10660117723124192,0.04091803041309656,0.022874888111956284,0.05681445688466615,0.069392750266867,0.261679696434759,0.11036884676304898
0.2784083828029869,0.06317937816614361,0.04251355227438668,0.18631823358366698,0.14193791397992503,0.08210619913474043,0.061761058770156065,0.02859503367345964,0.11518024761453462
0.1392612874095054,0.0394780088043838,0.06886901894145434,0.19014659274333703,0.06020004238234116,0.07954243932380252,0.1369978121760618,0.16279426541456377,0.1227105328045502
0.06859797373642328,0.010722924346881818,0.11764638423976796,0.04221711498413882,0.05185539608155668,0.06430802514302959,0.4931389466883966,0.04962546326214337,0.10188777151766189
0.3551218610196106,0.05801160009981612,0.05967184912621901,0.02257329891382055,0.17928777247693792,0.06600697458342429,0.03738463349664129,0.11472202050900233,0.10721998977452789
0.036793972423729976,0.3882362025650094,0.08987415757929157,0.04636998033946049,0.04970083406286963,0.06363942195122245,0.07585074395228267,0.11574530128101439,0.13378938584511949
0.21239682228072285,0.014673689152667082,0.041750197410245694,0.03953403681227756,0.28528921407743785,0.06586714435926573,0.06688646437852112,0.16020568446141584,0.11339674706744622
0.2519082400234048,0.08430518001271152,0.04119252207850515,0.05716870629271507,0.08301886557476015,0.10266115690392018,0.1306617326648254,0.11569148891270398,0.1333921075364538
0.1807953987021005,0.29364192331144223,0.03459779720744937,0.05093901480884775,0.047773840700958935,0.09445336469313546,0.021722855555364674,0.16132061695186486,0.11475518806883618
0.25560526291259583,0.012185909875002851,0.03158178462436559,0.09724507983111198,0.11638681047361614,0.06064717758238258,0.033484393718958026,0.3021666664214466,0.0906969145605205
0.09329882713283205,0.020140993481807676,0.11436943294472846,0.0794563842090571,0.06316199050370329,0.06740222607609132,0.3565067989369706,0.08715511504557188,0.11850823166923767
0.23674777915966097,0.01738801801122119,0.11852722360956629,0.08821546042125099,0.046692754496543386,0.06880217766358115,0.06547480032623516,0.25728544136368525,0.10086634494825564
0.0396552416976167,0.05578394455141308,0.08394296410690961,0.35495047071453584,0.19609214587070764,0.07852334359344093,0.028176017326480396,0.09566895274909985,0.0672069193897961
0.13805845792552165,0.03721722919230975,0.06184250931310354,0.10021234098150933,0.05500544077928387,0.0752175155042696,0.2814771374452483,0.12635026040457525,0.12461910845417871
0.013344710386983342,0.333745484979735,0.20970735948363547,0.00801264477912795,0.038123647627978256,0.040247140451882026,0.17132541442128393,0.09663973301221838,0.08885386485715573
0.08015145014501095,0.013483400414496765,0.14617496073417371,0.051715908948279876,0.06396671266666806,0.07277838719928212,0.39136981746320587,0.08723736255777614,0.09312199987110653
0.10881330372292301,0.0515685314319688,0.07638035143029843,0.0852184818372551,0.1335689838996739,0.07896947517085774,0.19901788239353188,0.1193585056262695,0.14710448448722158
0.08629204331779021,0.10589803178514028,0.12970889396815474,0.12166260205253725,0.019702126459347716,0.060028778368757356,0.08747162079001698,0.27969059281656117,0.10954531044169435
0.49717818425278626,0.14873146407335547,0.01611703165872609,0.02150619404939631,0.08963522466252098,0.05417555403855586,0.03214423267785294,0.046904544880293615,0.09360756970651252
0.03510339558617792,0.42092979416923226,0.0705434088712198,0.044169301636901276,0.031182393349518996,0.06916304857146126,0.04905643535134798,0.15663520910611925,0.12321701335802125
0.057870739995850025,0.45998411678712786,0.05742549141662604,0.02493868122443287,0.060002815872176686,0.10538615033635464,0.022214638836486954,0.11339952785511763,0.09877783767582732
0.22736123813569556,0.024399420170488146,0.09306460992674546,0.06871560815157769,0.09222803055892304,0.07959512528716232,0.09322697891756825,0.20606128449866254,0.11534770435317698
0.06829279498126646,0.0077922413360666685,0.16101059811918264,0.03609716147741044,0.056529160354497954,0.05302031101769696,0.47150395076175383,0.05416776759781932,0.09158601435430569
0.0947594120409986,0.021893914871296438,0.4081778881907496,0.08361749077833047,0.05255536639071166,0.0564655572424681,0.06915720971762764,0.11712393392603554,0.09624922684178207
0.4667878267052205,0.024490946276228876,0.036946586872525,0.03606634138493806,0.11247810343697158,0.04844961019488767,0.03228471768891986,0.15879283301399402,0.0837030344263144
0.026047954009564733,0.2313318267182283,0.15700234522592316,0.08552997347222731,0.14962229271876631,0.06835355523873987,0.060763090171953,0.07502079805024069,0.14632816439435659
0.041463844427778764,0.2011126613217006,0.2800575262380466,0.009517285755761733,0.10678734364393487,0.07688009370868144,0.03843292464476627,0.15989984843765323,0.08584847182167643
0.24117969087761204,0.1080712306556395,0.0872065989268254,0.06195791679596142,0.04317106720782695,0.08653102249568544,0.02277452175837794,0.2394645598484506,0.10964339143362063
0.08264991209433363,0.05509249902188906,0.062185575780814316,0.2331827449033983,0.1127886608166574,0.10458817723701523,0.10232863648903051,0.10726767270121802,0.13991612095564362
0.06933178144612777,0.031183561085919947,0.0921374148767044,0.054953332047562975,0.04109182611716245,0.07314766865247285,0.4613921762238946,0.06451817692372729,0.11224406262642779
0.22862298428264669,0.08386615303659821,0.06759163038368439,0.0832775570800683,0.04737481110658039,0.08730897852255078,0.10789451948556467,0.16756502519082692,0.12649834091147968
0.18912147406871727,0.018224098493552363,0.16169373661583455,0.05125614734338405,0.08975103953577716,0.08235681532096355,0.1273471899929729,0.17229361677997493,0.10795588184882317
0.06873377929934589,0.07272256180947793,0.0389509647024513,0.36499543599985357,0.04300744671405277,0.07265084605681889,0.09241078462469902,0.12625321438768047,0.12027496640562015
0.07633736367766009,0.09603500080871635,0.07871574769847961,0.07422486361647007,0.10906681356088842,0.07722799030813775,0.06620287510713962,0.28618863253968574,0.13600071268282232
0.01631964339640491,0.13189453703420528,0.3812445487717118,0.09485429586463712,0.046789309076584774,0.053097017433772604,0.09969189519417904,0.06496362362913656,0.1111451295993678
0.04502284979719856,0.05058761779086477,0.08573773111242468,0.25457589147222165,0.11470396367888543,0.09593215640232645,0.1655789361055728,0.05603962842598074,0.13182122521452486
0.09964305924788654,0.05004336781529106,0.05615590653783298,0.22560669969283062,0.09249753808324072,0.09940440781468025,0.08443685310503855,0.152841830116867,0.13937033758633224
0.015885788756425916,0.5254083551618081,0.09116906587907088,0.013618553159513812,0.046811867575918785,0.08990121696776236,0.017905074281116675,0.1224627958413886,0.07683728237699487
0.38361152387948244,0.352734510607328,0.03749965886141785,0.006868732002727188,0.05096837710987027,0.07552448095706742,0.002513200732639655,0.03468780932828843,0.05559170652117871
0.5556806908747308,0.06809713069149355,0.027593054744234253,0.036283538260737734,0.08722285341564541,0.04655814765737367,0.02010385570041953,0.07519798349116763,0.08326274516419734
0.5630708179360925,0.130022954399706,0.02501968933158741,0.015839805531791495,0.05138307674544176,0.055337089442560945,0.005176797393761415,0.08272661307430607,0.07142315614475231
0.17305360254210847,0.08010838420180645,0.0701734457874731,0.03958780341643676,0.07485069855106889,0.12395880054985836,0.2541803904269938,0.052394142888723925,0.13169273163553022
0.05094528863925494,0.1137150395412177,0.07008816884727713,0.30787684188331216,0.03837488632782174,0.08749808408778696,0.08331528609995674,0.10709115791674835,0.1410952466566243
0.18907595711553613,0.2470195713614658,0.053146485174896375,0.04339793087128866,0.07350981228524227,0.06638956974639021,0.0336984791376518,0.16514401909604645,0.12861817521148225
0.04577758193686143,0.11764849583068682,0.07998337645922059,0.17959182725193915,0.05812092452601023,0.08125406807155157,0.24896840567974188,0.05227901684646356,0.1363763033975248
0.07363217265175721,0.13150700467428864,0.14561439525052478,0.07587644716327814,0.01737650092604762,0.061440940363846896,0.12425213481529067,0.25269216747834505,0.11760823667662094
0.12360077654013162,0.005743212265282936,0.5331864589117098,0.037750564126555496,0.04659640552205677,0.04492127369727608,0.07469944565425672,0.052282835706602825,0.0812190275761277
0.13026131573143587,0.014854542464161328,0.05673855836119626,0.13501143331358081,0.07248983953776661,0.06798045852585416,0.2895484743011392,0.11390805892161658,0.1192073188432492
0.09322219593432514,0.44354436652425244,0.0377829031993433,0.04238749951617188,0.04411281977804121,0.07232633416575086,0.03494157791414516,0.10877709200539215,0.12290521096257782
0.07598612182548137,0.14838715818307405,0.03619410420184394,0.17012111672572605,0.04407748397233772,0.08436974667540302,0.16466447816819652,0.13953989857269525,0.1366598916752421
0.06339391846394556,0.04388759362308791,0.24835360174450619,0.0369073680531602,0.341562009423009,0.08075318981295647,0.04765143285103282,0.04126795802835753,0.09622292799994432
0.04735860912508971,0.07895285660917917,0.04081182947321783,0.4050286023389467,0.046763632059423584,0.07184022748731567,0.12456627815344497,0.06755140807379119,0.11712655667959114
0.07623086075737075,0.03129201718724687,0.0788968526576081,0.2364207517908803,0.24564513751618966,0.12402834530136904,0.07254848041454884,0.03293075854263059,0.10200679583215583
0.06408068407918582,0.21123589751087257,0.09058369691393504,0.09212017685116812,0.024100736964795023,0.06172731538444363,0.09931530296427127,0.24058142262359872,0.11625476670772976
0.42045047075558134,0.06322918380227717,0.048995285655478484,0.03231701857314377,0.13879957014031416,0.052424219473288985,0.07240784984670508,0.06025312421163753,0.11112327754157353
0.05295682503873752,0.07136389087551025,0.05322191249413837,0.32425277156385546,0.07392259625574388,0.07474273364601319,0.12783130184135374,0.09481197597248527,0.12689599231216234
0.03939044647319934,0.16113819672478855,0.07608307566228566,0.18511821289613992,0.05360960271900205,0.09215839577926672,0.15873589626415843,0.0871375497426304,0.14662862373852892
0.09461977849248833,0.017140083046205443,0.5280485786499267,0.039672862069041005,0.06465536937373582,0.05075550459131691,0.043860865205067046,0.06956656267052197,0.09168039590169656
0.010446845131939537,0.07294670093876278,0.22036736095341422,0.18378949669539935,0.05745957200286128,0.06897946737506937,0.2525903036703341,0.01882750050522569,0.11459275272699367
0.3866206878190634,0.034191783364646226,0.052552666381812885,0.06118086448644943,0.05527342983278982,0.06516345310195053,0.08281381858375625,0.15402360326411577,0.10817969316541583
0.11430811018697318,0.05164343028871258,0.2840105799462544,0.11571322018791902,0.13848582875674162,0.055234677458224836,0.03614661382221602,0.10644376005297057,0.09801377929998778
0.22727319547197947,0.011268691648104123,0.13196087574468646,0.05429727489149214,0.08574990147890597,0.07868657909129727,0.11435415707330858,0.19604573102178766,0.1003635935784384
0.16012600738934624,0.017371753857407256,0.12320499937903422,0.006725555860796037,0.08672323621540945,0.05681547709769349,0.41756681512614807,0.03466569708236614,0.09680045799179911
0.05764672633049608,0.12379002459392206,0.1465041797309109,0.06817794206555201,0.023969554954375836,0.05871706821302148,0.21446852004610517,0.1960545149528984,0.11067146911271793
0.19320871870000586,0.03035941099374025,0.04715209713648805,0.09469059571512943,0.12392205122098153,0.0738212738975184,0.07749329300346179,0.23595498018419145,0.12339757914848333
0.05746621975715812,0.04559608635323339,0.1901554068380614,0.025947924111201753,0.17188292285574394,0.06441200905933205,0.24135551384025644,0.0684490472549254,0.1347348699300876
0.060132592730495864,0.187919639262331,0.09731576246185787,0.10485528912231036,0.030136736791654132,0.07650828701155216,0.10693688881501172,0.20212638815539818,0.13406841564938868
0.08632358887121411,0.12581594938382115,0.07232126321534584,0.17846543483243563,0.07680425637190652,0.09010096072947299,0.11635538422694809,0.10156727009386896,0.15224589227498664
0.18140753389249686,0.08018767021382263,0.07557111650919544,0.05300997502989515,0.20693201286909688,0.09295340902081455,0.04430115146109123,0.105318966132665,0.16031816487092215
0.008854052134190658,0.6475141782731598,0.03334121564264233,0.008800235858390707,0.026826514533008005,0.1138056865129563,0.005665651739124859,0.07297721847317608,0.08221524683335121
0.08379936986312608,0.06244433651838394,0.04903837118747315,0.2946214837392797,0.04818711231186737,0.08344120854628793,0.12775220984245353,0.12130233945812607,0.12941356853300215
0.1400072351681959,0.05118193623351522,0.05582029851988982,0.07223951114654382,0.24551134055729049,0.08671050292378372,0.05868529440678932,0.13777563153553576,0.15206824950845593
0.3381939250173414,0.014507134769920613,0.07605305511625342,0.05762762142911625,0.09707917061628785,0.05998862576044913,0.060034642822330064,0.1941283531177714,0.10238747135052984
0.32651696047604306,0.11462881047263507,0.03104464731130874,0.08373180525097611,0.05520090755754045,0.07577998905607612,0.03909745164796145,0.16026703277608723,0.11373239545137186
0.13433178283378144,0.05001480512825871,0.034061496291134113,0.27230925126679856,0.04581107270805848,0.07075375931516299,0.07898726688955007,0.20383382309851564,0.10989674246874005
0.03822400936616829,0.11738109000189097,0.0586772179053053,0.27490836598726176,0.04160703873422995,0.07568882393646537,0.17206561944462784,0.08746872003093487,0.13397911459311565
0.0955781242662493,0.09624180306266918,0.1030676436418797,0.09531326887839886,0.061853230202236986,0.09903977963413713,0.14882834236161366,0.1517101246377826,0.14836768331503258
0.017033537048017775,0.22244618582787481,0.1385260787914372,0.08145175535080022,0.031885149224433605,0.05263895790871404,0.30774426930532034,0.036544910053620865,0.11172915648978114
0.5730549571101721,0.1307858821569544,0.015518555451983607,0.033263386154039364,0.036987867466626155,0.05485716002616467,0.019527825844619356,0.051726856977826474,0.08427750881161383
0.06445808945350742,0.1345213663557371,0.12480404727589327,0.023222817555610526,0.20094177390081194,0.13101348241098817,0.09179621700270695,0.11966550059494556,0.10957670544979915
0.033526258828824616,0.2529054334068885,0.16049970993849894,0.046985356428986554,0.06617389436515107,0.07119584643864811,0.09772536075376426,0.15658563575141804,0.11440250408781993
0.24620340602816193,0.1532337912189127,0.06234263782406726,0.16642502036835904,0.03856494005135128,0.08206534551870708,0.06189545553531323,0.058870964143751627,0.13039843931137582
0.05141287234316694,0.08567258217133261,0.029612456355929833,0.43302780309847416,0.03642955526120012,0.06679836887574757,0.10008606029314553,0.08324639361155489,0.11371390798944843
0.04897104183592534,0.02474932011059709,0.04812659751901605,0.5278436141852559,0.04462378844669109,0.07950959919363675,0.06885779569386327,0.05336188135561951,0.103956361659395
0.01440540355954946,0.225918050121536,0.11917795233045829,0.20284993326056613,0.059923565589893375,0.10091364183950834,0.11875043145606683,0.023330965292133094,0.1347300565502885
0.12017851028183173,0.3605228533272698,0.04768352493511958,0.060413622469718466,0.05847149155233126,0.08679712168171534,0.040140671467370596,0.09670785892207924,0.129084345362564
0.22015541197599361,0.013862819331664578,0.43531595979139937,0.01566874231593753,0.08645918697979578,0.0444870516615176,0.07014033801890401,0.033984416440182276,0.07992607348460523
0.5425815742905841,0.029172066237539998,0.04666134172389056,0.02762886658050781,0.07162672180425421,0.05544623296511362,0.05673577718925407,0.06703281559608837,0.1031146036127673
0.057800233531659084,0.4261000796522083,0.04183229362085483,0.1331509837412953,0.04617113021705801,0.09163308139280518,0.024436566469172697,0.05329912338360846,0.12557650799133815
0.21374097063806774,0.01074294982438591,0.3958143810180994,0.04562486367417368,0.046180142438597804,0.04708298011146084,0.0836461952589007,0.07232553889194818,0.08484197814436568
0.03528085985285725,0.23644764868038295,0.061714578911235475,0.13378251626177684,0.02654954169152948,0.06377961080258297,0.2207296937876322,0.09951055951798911,0.12220499049401362
0.09105850159962516,0.2671880493019367,0.05622199548438881,0.171790656959909,0.071937938332422,0.07749113840128245,0.07002196019658948,0.04987461013590943,0.14441514958793703
0.21670794824402387,0.022228339438321098,0.07516226467929332,0.02371898084870742,0.25188143130651636,0.08437887870251852,0.15277628732315487,0.06999358048092494,0.10315228897653966
0.08671665286399943,0.05959138284063307,0.07069991381789605,0.2107944289664954,0.06843548183635834,0.09453486033681474,0.10117041395594108,0.1628855808928788,0.14517128448898306
0.13121698608223145,0.0323085761948039,0.05015886315578114,0.09642742495556145,0.114735320013806,0.08181052414740601,0.25635888893093206,0.09508941287852209,0.14189400364095586
0.580039965882654,0.06243752346304863,0.0312673300423632,0.06452109063851273,0.028192333588105713,0.049903972520987,0.021239662971407867,0.0768339331860072,0.08556418770691358
0.11165609409928297,0.0062937791270046934,0.46414658279286486,0.07227632496915688,0.03884860977026456,0.050494642956657565,0.09401034476810192,0.07460062254697675,0.08767299896968983
0.062211708533725374,0.16252086105170294,0.0620894011991204,0.17144977633761052,0.043088542314942975,0.0789633626764766,0.11948269806107975,0.16147621801166975,0.13871743181367172
0.020649931804668276,0.35003985312484337,0.1482002993401583,0.1082924245100071,0.010707874531107275,0.037846852984563854,0.07484587255958801,0.1610011444910858,0.08841574665397799
0.05559673124779337,0.19491231222160374,0.09662850069120328,0.09809937774501483,0.06005743240148457,0.08270660468095335,0.12165367545710891,0.16495026917802103,0.12539509637681692
0.060639385936334306,0.13900101749500293,0.06807197137339481,0.19962263682983658,0.044120112083287887,0.08373261135926817,0.11735765697532752,0.1454646506001317,0.14198995734741607
0.14238412727234262,0.04633532204907636,0.04502449299860773,0.21144341485299023,0.07507768902203944,0.07792171604124253,0.11160248117717018,0.1528609909695501,0.13734976561698076
0.5046668184441981,0.03203948952681595,0.04210142570875527,0.049607155453918805,0.050779661323851776,0.054453733286179605,0.042969444681580975,0.13306385218674066,0.09031841938795888
0.09062543358099669,0.07580673316721592,0.0845181424657039,0.19368709739014286,0.07224765234904726,0.09887668738304001,0.11812910226666712,0.125680124292934,0.14042902710425229
0.024204322616151974,0.025894709459111136,0.15079782136514544,0.212039024288703,0.2443065462357977,0.08572075843879633,0.09441649687638849,0.03879773799278084,0.12382258272712497
0.12503148361400038,0.010738135067640348,0.4085685924327105,0.07633607766283006,0.046360209420080796,0.05552245532953865,0.078238543037145,0.10559313138621691,0.09361137204983734
0.08048478795425558,0.099768343810322,0.16305105708219636,0.07220996964259509,0.021054741361107996,0.06078947890399398,0.13942160515757132,0.2531951401230203,0.11002487596493736
0.057898758289109446,0.11047240676545238,0.09081509030825036,0.2085012731251652,0.041285600266076,0.08928921724754964,0.11886775835337698,0.13881094651918807,0.14405894912583186
0.06951711415926326,0.4095350417991124,0.02279924842577417,0.04601362593057656,0.03162289908991851,0.07768353290580743,0.014975978745642578,0.22930575827854902,0.09854680066535608
0.11627970994833836,0.04601400291893301,0.0924783044769402,0.10150421538306988,0.2773394123948288,0.07334379900543982,0.05984834864295766,0.08150098900684544,0.15169121822264678
0.05512005901800463,0.14539449866586562,0.05951953544661861,0.23122187536319863,0.051088492283650366,0.07991909867479291,0.09841209673785191,0.13882214202871102,0.1405022017813063
0.3455395463197328,0.3012954917362259,0.03057485630907102,0.046024188335962696,0.037019872688644186,0.05892966333525973,0.015029708376165685,0.06950609927190464,0.09608057362703333
0.28751816384074586,0.007566247105266554,0.04501276798095363,0.12841956562022497,0.12284152294896909,0.05419274640779905,0.10786845806681523,0.15155722697925134,0.09502330104997427
0.0517931432327216,0.017851552411000986,0.5225342911951903,0.024438202605326184,0.13779195948025913,0.04725986303250665,0.046354044132000734,0.059661007611457005,0.09231593629953734
0.052925973283677936,0.0823830884795095,0.20667406692223056,0.022317940240231607,0.18691138603575266,0.12527424502762854,0.05333086119355101,0.18650212432735117,0.08368031449006712
0.03189342634254793,0.06175116455584373,0.09660451752813709,0.18894355410607902,0.04392302400766832,0.06570981007153522,0.10319338705397246,0.29040937744293877,0.11757173889127744
0.043102102735116186,0.12688063584584955,0.034852780149128265,0.2991363053585681,0.05165412033363002,0.07702154486037371,0.16878680215170458,0.06881327002598168,0.12975243853964782
0.5297396156750876,0.04358239344144003,0.042122341656379826,0.020522079397549787,0.16601005186287998,0.045239434836192326,0.01556563895141446,0.05879797318905003,0.07842047099000575
0.08855297902326636,0.028900140794758177,0.1995497646436324,0.02313862449552624,0.28997999326784246,0.06224213246785046,0.09109050022872424,0.08801275973728191,0.12853310534111773
0.5961412413214108,0.12573229898625404,0.02389810929814828,0.024462877944287312,0.0382310267984728,0.05176982441006155,0.012393032235948136,0.04483641837212074,0.08253517063329635
0.16113135683337163,0.012364449976481728,0.09116635353058068,0.06845442502431169,0.08066074027627529,0.06720466108397405,0.32325686111127144,0.08253456051871443,0.11322659164501908
0.4712190532169609,0.01882698556620241,0.11266160847519786,0.024669364214507012,0.034514638577684144,0.05128775909434341,0.07775179449981674,0.11854394495323618,0.09052485140205134
0.5867721134597196,0.06708822515335777,0.038071086714564675,0.02423269103532989,0.043430281858954756,0.05546812680708766,0.03173228553285186,0.06065694351331024,0.09254824592482362
0.5466806664531253,0.1728148905263391,0.020939934789485627,0.016744352589440847,0.049579117918199155,0.057592771957251855,0.004653069458664798,0.056875673218893495,0.07411952308859979
0.27897470450571177,0.025279531817988508,0.23113564560583522,0.04468098327555716,0.0597473194047515,0.06064880021037113,0.06297180386471286,0.15116021326764897,0.08540099804742285
0.09583021364860765,0.037379838940978884,0.14721954889307465,0.027823115198250675,0.4128096235214927,0.06869632043705062,0.0487916918968798,0.049197046470579715,0.1122526009930853
0.11987438763669195,0.02013310267920557,0.41814375440140744,0.058735374817316756,0.05820130153491657,0.05713292422652358,0.07344326821270668,0.09732909604144234,0.09700679044978915
0.07597231709667776,0.011869409508048559,0.5306192507067377,0.0570481746833155,0.04069810626389464,0.047315312833633716,0.05535836343432523,0.09678021714473907,0.08433884832862781
0.10222997725593218,0.12912902740464938,0.06920456573248822,0.09529843158187129,0.03806659470642725,0.06990064479272695,0.05849155141616418,0.31796240218338995,0.11971680492635069
0.15943605760921753,0.011564837547259331,0.17281268073401101,0.08307108474753547,0.052636093487207714,0.06366503840438144,0.17567261677774204,0.16673152388880555,0.11441006680383987
0.025901293391293812,0.07963142244536388,0.02964612341931938,0.03155190171918928,0.032360485736457494,0.6600466476961241,0.019131625862830043,0.03947975392199266,0.08225074580742943
0.26518378284556726,0.007089070346247848,0.07430982457535167,0.03792789894066039,0.11515666133906372,0.055453205870927724,0.2842390489102871,0.05816741298105654,0.10247309419083778
0.04149584170971096,0.49968484801427576,0.031980220659213854,0.05677540242334981,0.05308581354424674,0.09504794238103931,0.023989610385355215,0.07689854695346869,0.12104177392933962
0.03304559556109756,0.11758299274994927,0.21343513450369245,0.03601912796116419,0.07396288815838653,0.058607283879068876,0.2357795499907336,0.13049763967646238,0.10106978751944508
0.04218130294051362,0.03921645001705391,0.05503078684021212,0.5119201350849913,0.04146005001589232,0.07451029613332996,0.0765255945463205,0.05060878979589911,0.10854659462578709
0.2356526013253648,0.04021329249728905,0.059411313367138084,0.07753106225711622,0.08186865849241691,0.08701464640701669,0.0683408362095319,0.21582336525135615,0.13414422419277025
0.007802288572422592,0.022567753517322476,0.24269100174975386,0.16826502197356144,0.2276056095443222,0.07258465473127483,0.15131448692674682,0.007962153820497487,0.09920702916409825
0.1265957629616891,0.08846094298251128,0.0769988142460312,0.10184945158280234,0.04141233799693204,0.07191885809627951,0.07556835750323725,0.29660290369070347,0.12059257093981378
0.22805354690489552,0.13014562989451625,0.08436349866041089,0.1270166246395661,0.040574762661288434,0.0751775383108591,0.0914648941671941,0.09655522119756677,0.12664828356370283
0.16159865231535483,0.015291356168035489,0.13750642521818737,0.0967460899242399,0.06752103075658726,0.06756014797816005,0.20526082395122644,0.13358828521071486,0.11492718847749377
0.043736923135944045,0.08162333743461003,0.06158296975511057,0.424081321771314,0.03186144311079384,0.07138740959091384,0.08699723549379336,0.07971024755654856,0.1190191121509717
0.025649520358306577,0.04651976882562451,0.0654269802251727,0.4636684168671317,0.06534492175628974,0.07869510459805222,0.10642819588629719,0.03135287884073009,0.11691421264239532
0.07832751790823282,0.030428326394394394,0.03934090990853086,0.03928223478792328,0.043897272795985966,0.5484909391363332,0.06219870069762188,0.06684629742236102,0.09118780094861667
0.05629853434235244,0.07772498373119056,0.0662230763978728,0.27093501788421465,0.08158343976738287,0.0875072202510262,0.09883092853578139,0.1177407041724065,0.1431560949177726
0.08484243520126823,0.0787087067696405,0.0407554627862119,0.30611548064896715,0.040169131043483186,0.07323838602793968,0.1211820128795071,0.13769873341514283,0.11728965122783931
0.19768507643455469,0.1740713477440331,0.08502846392542183,0.10213362072433037,0.04985586130391074,0.0698129552120677,0.0783000516932022,0.1095423839985189,0.1335702389639605
0.4673183423720282,0.03927535900244169,0.07075129820629344,0.01646969968231099,0.1271212617085972,0.06647217558550532,0.066545829599803,0.04698965246158715,0.09905638138143302
0.12191796035044038,0.008556456200254192,0.23561906887524398,0.05133236560205442,0.04755694687486711,0.05738951448251837,0.25972873526621726,0.11542274557991804,0.10247620676848623
0.10135309079020298,0.01823424062288674,0.07908357880136475,0.37204433238148066,0.11051256426673685,0.05240800347312526,0.07722526729612596,0.09971410698224914,0.08942481538582775
0.024471706609886915,0.036234507472330944,0.17033240087761303,0.2515307093031663,0.0783601635183002,0.09740655804018561,0.17602249257033012,0.038540756685339746,0.12710070492284703
0.012032623630171234,0.12422235448042006,0.12545116427889855,0.21029414852595807,0.09072338010077392,0.07534549988670124,0.20774265181168525,0.020670513487926884,0.1335176637974648
0.050235099122437406,0.1503663281306892,0.08647119550882776,0.1699534652534919,0.03588375767568679,0.07673319969708396,0.15457749248182232,0.13882388558969683,0.13695557654026383
0.08662746510527908,0.11681654428751208,0.1056680948758688,0.06396869810488794,0.09360697756462649,0.0806458041826565,0.05810696799710143,0.26805118356421825,0.12650826431784934
0.3783677370747314,0.015413848273298149,0.39942804616410826,0.009260264901375529,0.04078311757512222,0.040663229472761256,0.022716558232653453,0.025115402529138135,0.06825179577681151
0.05343890373942265,0.028389872541157737,0.07237510862553186,0.36228706964512075,0.13175433464303107,0.09001678414511488,0.061118740123473424,0.07826676954503793,0.1223524169921097
0.36534191222768797,0.24067287617883323,0.10203581135293806,0.013853564440476787,0.066270432218282,0.04223017281503472,0.04309220678609582,0.045110927516406295,0.08139209646424511
0.3569286583681828,0.07488010670347163,0.06298526402013578,0.05740255485466255,0.06691993005538055,0.08024925084657557,0.04577885191610102,0.1407048371703791,0.11415054606511095
0.046218690845418554,0.08940781194961096,0.10361686169310062,0.18884299116232497,0.0579565996278299,0.08825916330190225,0.18951654557943276,0.09443913985286982,0.14174219598751014
0.03610253640773844,0.06858416850040233,0.1349104031473604,0.2814126218261912,0.04339030588397499,0.07668348680927235,0.16322351233898766,0.07063519733708144,0.12505776774899122
0.01035643072749056,0.0957747327307919,0.20304946982012306,0.04547866303924584,0.3606741017627833,0.05134789827567535,0.07717676618119247,0.039549933504922426,0.11659200395777497
0.10280846086511215,0.048770657859165144,0.14354418970365682,0.07229477501524874,0.048018923072616314,0.07848644320814506,0.07886630549842528,0.3233346126812449,0.10387563209638545
0.03626369906943506,0.03933435530484861,0.061180878348795265,0.021970705733987777,0.107906042888394,0.5357494006247622,0.05008249338164822,0.0645977614272451,0.08291466322088385
0.5539359885503793,0.04053978704405421,0.062383032639614554,0.02646638072572202,0.06363337072687587,0.06541638471077164,0.03418922546538898,0.06865757083130707,0.08477825930588635
0.0549752891756086,0.08284620152439937,0.05947355627410847,0.35820108442424264,0.03761323752890816,0.08900540828040665,0.08949390343836951,0.093996320896379,0.1343949984575776
0.12870979451702216,0.16471167168608766,0.027161879860589443,0.027141913310835458,0.12217939560556906,0.12216468653340258,0.031782812117811206,0.2511507405046592,0.12499710586402314
0.015255281528649377,0.05352275016143162,0.1651846921827148,0.06113417890016054,0.3153004253174884,0.0826276312156161,0.17353200495609922,0.019755983195586496,0.11368705254225335
0.10996028459231934,0.07913778700771068,0.054244498507150574,0.252694390016254,0.03164084846357163,0.07318807464924956,0.06904016405333357,0.21473048353041513,0.11536346917999556
0.1510311922171822,0.050325519105866114,0.06281502064133047,0.13869005991292735,0.04529913283793274,0.07902927683572022,0.15566465058614035,0.19250892600174419,0.12463622186115647
0.022862739007209778,0.13464031772202084,0.22771909102746712,0.06687067439961204,0.14060837523076838,0.06028980463635943,0.09209254877659395,0.12487440323125333,0.1300420459687152
0.023223264694748086,0.17403100399036595,0.18779700569996813,0.07102785163410695,0.12995347402009494,0.0635350120826858,0.08994364676886381,0.12399005851500979,0.13649868259415657
0.08082638233749244,0.13664036632055443,0.09864222688445103,0.09668997625751478,0.01902305092761208,0.06589685254361759,0.1854883669614729,0.19805439974722794,0.11873837802005693
0.03080005331329387,0.3596800731916958,0.09250517712703614,0.042150730141188454,0.055379999580302784,0.07938420969431574,0.07102676970600753,0.1401209622604788,0.12895202498568104
0.05822444079397964,0.16519361269150945,0.04926856917418076,0.17292949478857325,0.07898119925450499,0.08164233512885212,0.0746303580630125,0.17349312528067196,0.14563686482471536
0.12926477294823868,0.10977124313489946,0.08996416682983073,0.10975044709737192,0.05537669231184261,0.08314987717306632,0.08068887880166574,0.2050898201654154,0.13694410153766914
0.0612557737527393,0.09138502747652007,0.048323305408172874,0.3268656137213151,0.04644667679247603,0.08345925939944088,0.09704423440185168,0.11179228586589822,0.1334278231815859
0.1291573715279835,0.2559963818752501,0.022783509369931204,0.051915474762755064,0.07317371714217245,0.10633773316526539,0.01089586037985075,0.24562922960219058,0.10411072217460098
0.02862869951076823,0.046672915347324435,0.1257358944622519,0.21902981856051337,0.10319005909630562,0.11701339434926772,0.20980241334689928,0.027763507808652315,0.12216329751801717
0.06566286093187067,0.05262573112685709,0.042452486811081554,0.4233458823711121,0.042145077491783776,0.07737444745193911,0.06936928571649682,0.1079637043386658,0.11906052376019294
0.031195103657747126,0.16128001532470038,0.10593579568901294,0.19376513356779843,0.06896123347120123,0.08172216281905166,0.11202918976025011,0.0943253677993822,0.15078599791085592
0.058905420109395625,0.1385735154741895,0.06490364738306964,0.1538478573226467,0.04850376008631225,0.08289777050666415,0.1833687504277203,0.12753250253043072,0.141466776159571
0.2809402845529821,0.03169324197179129,0.14396947934460227,0.046486676805760074,0.09260653391710964,0.06716949544601503,0.1183735647027135,0.10328746405158369,0.11547325920744243
0.13422056134422475,0.029281017268073917,0.039841600411437354,0.13929526786003463,0.05853686986977863,0.07126893655173012,0.3313556598140785,0.07565003540683352,0.12055005147380855
0.2197373865535713,0.03277203845408088,0.09885391113171475,0.06463328404127965,0.18377487080926339,0.07815120998522396,0.12669601916291676,0.07214708681846509,0.12323419304348425
0.36901303096598653,0.0043355752843193115,0.15233216308675854,0.011620228703176666,0.055575545266986964,0.046979497263522414,0.23334318221998088,0.04841273716440394,0.07838804004486473
0.11524080693653198,0.034295235578431775,0.10390603186191955,0.1151656234314935,0.1285888435297864,0.08416084656676041,0.10898243744143232,0.17761091470034804,0.13204925995329608
0.08383356276399277,0.09922681554322954,0.057773895409056246,0.2303463586621044,0.054940461082129584,0.08635738096811103,0.10209889968573811,0.14936343341376704,0.13605919247187126
0.018362395062527792,0.1253906250035466,0.13838668135086918,0.19413890902634887,0.03958092136758204,0.0701255277376323,0.2411304622445181,0.04542496506275558,0.12745951314421955
0.05381786236418173,0.0311309049878237,0.2531025559406455,0.05163214309238359,0.3318738572464824,0.10693782497467406,0.04292260440219369,0.05074743568909593,0.07783481130251944
0.4758664392141254,0.10811017395164878,0.046381019003945284,0.05934124415858639,0.04997116471445185,0.06119744383495312,0.016334420566542353,0.0918913949110743,0.09090669964467248
0.12393285544383152,0.00681139130639277,0.12304742248720173,0.06608413578278884,0.042374989500364973,0.0595334001388698,0.39761994348015683,0.07686674354065756,0.10372911831973602
0.10911054744913755,0.012273349499654479,0.5017262586182326,0.03191484976672492,0.10028171446257923,0.05529754464127338,0.04117797037444102,0.051588540020504885,0.096629225167452
0.034417190356842695,0.15148470981858275,0.051933491527983135,0.09281535930736572,0.2451178481746903,0.0718813343744912,0.05475554799153446,0.15937891093184883,0.13821560751666087
0.055368834666236405,0.11893306944532107,0.15733812841481046,0.1494002596919191,0.033413938648829127,0.07422783145673273,0.1515446814002254,0.13336535713999384,0.12640789913593184
0.05705601687307405,0.11993895319329984,0.04683216527634557,0.25174004220377694,0.06450158785561338,0.08235870078038893,0.10650312168714555,0.1289844406584956,0.14208497147186008
0.023820045141689877,0.04117891755745455,0.13431911382717907,0.31361266334495586,0.1200954447715562,0.08944495479890067,0.11123128698553175,0.035322186405013854,0.13097538716771828
0.29070575359484435,0.01613341448577912,0.3328326876802246,0.037982465158507575,0.07565904660609189,0.061420325815756016,0.03319350340687015,0.07484598929041818,0.0772268139615082
0.04710726982638514,0.029050473686891204,0.19882859334885838,0.05431638959229799,0.24568625799067303,0.05247693981370329,0.08724702621266402,0.16699907853253707,0.11828797099598987
0.0970825787330516,0.021183797870863618,0.32045133941745413,0.12411697497674479,0.06612658979388342,0.07232020546941635,0.08583270547840964,0.11417014667910215,0.09871566158107421
0.17647648203477137,0.028991852387491013,0.10036326056151135,0.06436972487202564,0.07575762244635038,0.07854872877968201,0.10666236877317554,0.24060254341048115,0.12822741673451146
0.040191615054995404,0.04329313827274708,0.283014925008779,0.06840506709500781,0.2223582796328527,0.14488914801490355,0.03677869383704773,0.09904210096474368,0.06202703211892304
0.45505455242188386,0.028798953048024628,0.09371825384130283,0.060901156817862206,0.03969989601237856,0.05684033273360281,0.038397994013442786,0.13304220354055146,0.09354665757095092
0.0657803633188044,0.12036156000960575,0.07268689334184153,0.20144327116847663,0.048651735199655606,0.08612219536404653,0.0996934694582547,0.16191073028352174,0.14334978185579308
