0.09936465844594973,0.09998133818396004,0.06950361780255933,0.017304235141628863,0.09414503336308362,0.3661611103506565,0.0443566880666087,0.149957408737324,0.05922590990822921
0.09365961994420717,0.022839993947454507,0.055727911417765154,0.04828590217684969,0.4723056286038523,0.03860481315570971,0.11897822331778023,0.048944717893878414,0.10065318954250276
0.07499729225690056,0.017915526715049524,0.05151381815619619,0.011993030263941431,0.2946618155932696,0.0401024045693221,0.2643964913687192,0.17875565994459727,0.06566396113200419
0.08627771449360937,0.026215598013308816,0.07148296706536984,0.08071808919215757,0.05661330895505879,0.04436331922259453,0.5092553146784689,0.0520772528310624,0.07299643554836986
0.14447248260579426,0.04291687193547846,0.09865845616548774,0.08296244896028358,0.18949508299847448,0.022231512708043345,0.03359616444168851,0.06560987121466101,0.32005710897008854
0.09127487187226825,0.2375096027453424,0.11687828100110227,0.07950118923967377,0.07573676908241012,0.09136611078832486,0.02855691469449162,0.16134027452681537,0.11783598604957135
0.07949516068119054,0.17916956529882433,0.0386065324230535,0.01202820253814194,0.03391562708981665,0.3607767606036752,0.18908617853073592,0.0825379771189143,0.0243839957156476
0.08867548078665066,0.10502346547977477,0.11791608557696111,0.21735421057867566,0.07200151430447427,0.101391441644053,0.04734585686946611,0.12155578804342415,0.12873615671652025
0.08998609538451936,0.09147047490859195,0.14680356314387058,0.2540645722583927,0.0719792219356999,0.0633338597780561,0.029957938875662487,0.14042169947732366,0.11198257423788327
0.0537068665959059,0.039626589616641034,0.07152327102663197,0.19682376382972033,0.01858576010327782,0.47561309374553895,0.06184747957685379,0.04974989975528606,0.03252327575014433
0.09157753371793027,0.123116852615482,0.10437036181566021,0.29060705058941266,0.025831389013949338,0.18512417612842566,0.013328836896353204,0.10244523267646516,0.06359856654632144
0.07993452189775542,0.0746818926191427,0.1307510513397445,0.26444540463825805,0.09902131387625646,0.05958661035035678,0.05741563405848512,0.1505465265917331,0.08361704462826795
0.16645799426569477,0.16133153155597782,0.10049194262211436,0.01063152307491586,0.14216670626891723,0.01572651935523132,0.010571120598041382,0.06028486335647496,0.33233779890263226
0.1328487565554326,0.05358566369846524,0.14959531165187737,0.08524416913222051,0.06484774433097652,0.0313570030675011,0.09068344133523253,0.09810048152627932,0.2937374287020147
0.11227955966174934,0.30854739679646376,0.12455129523512339,0.08160219430833511,0.09112154628739366,0.07747049630512284,0.019968299671588887,0.07204362712121344,0.11241558461300953
0.0943842762587528,0.09406883001687599,0.1426119843791672,0.29571526244885843,0.07406392372681452,0.07489989775918428,0.02028499851625291,0.11567828270863123,0.08829254418546262
0.1346278116362525,0.13394053874293987,0.05071988456288959,0.019084822275052846,0.017418817792196055,0.4762032513967924,0.08303925171436045,0.036198912330324566,0.048766709549191704
0.23345810168931772,0.057955981678881774,0.10409280584653406,0.04332240620628445,0.14338153631157366,0.021804769702626955,0.002370874816363515,0.06511077342757905,0.3285027503208388
0.10670333857101517,0.3553693234080191,0.10042238297075899,0.09222778498692008,0.04822329502189554,0.08889168244050545,0.013239622859458726,0.0714053907648577,0.12351717897656929
0.10249054732743801,0.12515079605270507,0.09606030574147013,0.1455501202884669,0.1458538318097604,0.15365928575570406,0.04748892596759296,0.0635375235901382,0.12020866346672425
0.24520224562332696,0.14051281255252376,0.18662765792529531,0.026423833152137238,0.08548629333456371,0.0717186262558132,0.06421830636265596,0.024968502027583286,0.15484172276610056
0.0921209316491533,0.0381586386695015,0.11228362201878701,0.01006336152921237,0.023033828280839063,0.07421505291200185,0.546010575020941,0.05692737511636054,0.04718661480320339
0.12580243263138724,0.04622989063145705,0.0883746774978249,0.15567429521144194,0.33460986800556736,0.036789381844939704,0.05154088351960349,0.023959819549075875,0.13701875110870246
0.09535413158386924,0.03199411231754238,0.07638537407909625,0.1560725459393739,0.3679008699083481,0.0360218689377614,0.09274318489710792,0.03211409429096774,0.1114138180459332
0.07110264257777403,0.02513803212235668,0.06447181451585955,0.0245496392832035,0.0648332597801712,0.05441177921135049,0.6050927592201638,0.0505445294047441,0.03985554388437674
0.3352293519538306,0.032379559253132954,0.3939088814287757,0.03713201017689364,0.023451896186890423,0.05302102175554193,0.020746664635568672,0.028863142181580672,0.07526747242778538
0.15911169625439178,0.11812240783696935,0.10151913610342216,0.071668111674611,0.17905411160929965,0.046388706402826135,0.10608437583930902,0.03840016408061699,0.1796512901985539
0.09713742504592388,0.17751504199030776,0.11567901362683401,0.10195698348398752,0.17834524301253143,0.0802395135635708,0.022738105040769216,0.09365284161994374,0.13273583261613162
0.08728749686915706,0.130690694119859,0.07818233339113528,0.09358193640875134,0.0658535657085328,0.22982183849237345,0.04449598152976458,0.15149295758708284,0.1185931958933436
0.08473315588621456,0.1558924139275589,0.09266354822909578,0.1851311710984108,0.01713457805060864,0.2246150977967717,0.018189302984956295,0.1384864229132706,0.08315430911311274
0.09783597313940856,0.2951782035941341,0.0966131277389276,0.04271801237923593,0.057200431330072465,0.1173482902906337,0.010752469684780398,0.1380904252355116,0.14426306660729574
0.15874093231709174,0.050041959690790255,0.11096149942709266,0.13041932063579156,0.2589796688146943,0.03169237456018895,0.020316635717738306,0.040671479683054894,0.19817612915355723
0.1557775640065497,0.06807821230597559,0.09990417459524341,0.08949458641462409,0.19944772216108278,0.027870999409318514,0.070137761346563,0.05158638509702671,0.2377025946636162
0.06764111095452936,0.07695466213201525,0.05164160369723539,0.031813644626602015,0.011994287079838436,0.07909600088722867,0.5663848747879338,0.0628466839453709,0.05162713188924628
0.09578369713628883,0.3569040055100101,0.08267058852475832,0.19165221474548436,0.020198940592914816,0.08029708200445308,0.020424773777545563,0.057180032216118205,0.09488866549242662
0.24860746161223113,0.17927276266813164,0.22297370137552985,0.026330523944542814,0.05939682933138667,0.018714554157565913,0.010074767467118377,0.036248885769142,0.1983805136743515
0.09344580682763154,0.1722193542007128,0.11221156303336105,0.2884990634769391,0.011038965156637099,0.09634281290487867,0.018539770343246973,0.13414638040006907,0.07355628365652363
0.10004846443295334,0.023699339682623336,0.07880160139979031,0.3061996629338452,0.0863855599776308,0.022346333663155037,0.2269107184659903,0.05169128530703976,0.10391703413697183
0.13572064299456432,0.2111997816912519,0.23260577263773,0.11397121153338037,0.056313241062751075,0.10782095891637418,0.029673123014902172,0.044311288900720225,0.06838397924832562
0.16250327647217847,0.033341381680996464,0.16873493640768245,0.06058386916792793,0.3440182978816185,0.029268100723934782,0.013033596574802278,0.043178073131965304,0.14533846795889382
0.1885975246670334,0.05622498305210946,0.15986502947909076,0.03351786331578416,0.2927417876848984,0.08433015442854457,0.077157700165647,0.01564269729042447,0.09192225991646778
0.1392773655307004,0.03961792327154166,0.10116200541103156,0.17962070605087513,0.18110396471352042,0.03197523580492082,0.11431774801663984,0.04099157016331339,0.1719334810374568
0.08406403290398978,0.03293047964571255,0.08997337444960422,0.017560325912285013,0.06769355605786674,0.07656611741814805,0.5335055902605755,0.05676665673087123,0.04093986662094684
0.10022403081713499,0.05478399804633141,0.13112299747682077,0.07521381076131572,0.13690865119101361,0.07847845266149174,0.33883398893468925,0.029288364162864233,0.055145705948338335
0.10359760121341427,0.12622660003797842,0.12946359012085126,0.11545668845091898,0.18275394307507295,0.0516792608628782,0.030329814321799344,0.0956380370487415,0.16485446486834507
0.08429919475731802,0.032418717031162725,0.08310556366974216,0.29562945071181557,0.22578102962506175,0.03257928330190756,0.10801981663433653,0.04244251162552642,0.09572443264312928
0.29328938442744296,0.031384412904351316,0.29531247626423485,0.1602927350802004,0.0394100809659858,0.01693420051811704,0.017902548473116897,0.033095516862982524,0.11237864450356823
0.26713861117379833,0.12077339597175962,0.28785982776873437,0.14606821176675003,0.0016765529787345155,0.09317710716015067,0.035315686507569694,0.013202766862416677,0.0347878398100861
0.3344343950792681,0.21142002525645823,0.06856630542680775,0.012937912858295814,0.04448980341538821,0.02169699084903422,0.10965720288013293,0.07392156294465112,0.12287580128996363
0.18563654697155532,0.18803227397801747,0.178191460020209,0.07738104478861228,0.07150620490947272,0.08720824473138776,0.00044484485427224345,0.05519825597595538,0.15640112377051776
0.08153977490265783,0.10786619973343727,0.09075942784991294,0.3086640525124777,0.04218054998993723,0.10535985932067131,0.0523873944956629,0.14053440773625966,0.07070833345898316
0.09059764510269629,0.09457572611779426,0.15617148988734533,0.22638825094838566,0.04768380105488309,0.11007300761975214,0.04302094817360489,0.15107940214314844,0.08040972895239
0.11367488469518339,0.08710759144021031,0.09382370392514305,0.06415118951212502,0.20606079098873467,0.020411982098864242,0.04607070504800272,0.07385407352670782,0.2948450787650289
0.0977676245083615,0.028937348807260035,0.06766631279362585,0.012613852633273187,0.28664064707608944,0.05628251030592399,0.28269740557184825,0.09556441501616819,0.07182988328744955
0.3124473110155582,0.15006839931060542,0.1831566414664442,0.055881374292878955,0.03697249502648927,0.03359312444264011,0.11015696306599426,0.01976757341073677,0.09795611796865278
0.07279970577611726,0.05993388818286238,0.058499240576552425,0.09080031877799118,0.14029877161245824,0.25292844481950344,0.12692559521367874,0.16156691508154222,0.036247119959293896
0.3267833204453427,0.04177982791351279,0.1880662474676658,0.04824050716044414,0.019308899938540753,0.03734171537926026,0.1440219573105146,0.015198417951400393,0.17925910643331855
0.10910548041214223,0.04193892978050006,0.13448807416117747,0.07003164404452188,0.1084196859200635,0.06765987742827885,0.35331729952657315,0.0449833576218211,0.07005565110492169
0.10459848409279482,0.21805207979938546,0.11434667839488503,0.09201331459699987,0.025162278223026732,0.11365641272929024,0.014709110262193284,0.16138281447019517,0.1560788274312295
0.2765186379634814,0.10046665801577435,0.15975075311690715,0.0350204419332127,0.0996104320709653,0.06057168426625418,0.10930280841146607,0.021449803326274653,0.13730878089566412
0.0656849917698112,0.025479290524553926,0.07889931690695319,0.04450090895737587,0.14991060596667738,0.07004492939548129,0.022898079282253028,0.4140593607781832,0.12852251641871096
0.09181468980006713,0.03204621416252975,0.09551261099383403,0.018268758052140215,0.36353682992385944,0.06352775898507552,0.212433738983362,0.06706881109948439,0.05579058799964757
0.0910292501678318,0.13636000444966953,0.08947170601202022,0.036703544904849734,0.03758111323228267,0.3419832219339785,0.08217171090602304,0.1287468551313579,0.05595259326198664
0.09502543533343366,0.31014875753719534,0.07957976096257197,0.00598075554464378,0.031111406576883504,0.21426711526015665,0.003265227098642681,0.12618076759513464,0.13444077409133767
0.09456258800465205,0.10419159787996939,0.05382932049711852,0.034659993074595094,0.1099621380517285,0.41514136271555574,0.04469431585020018,0.11610426131954305,0.026854422606637538
0.0902960453733187,0.023129398944977227,0.035959330129153276,0.004511367032512003,0.4031109511742003,0.04860538510896651,0.14724975198167434,0.1697174116388436,0.0774203586163541
0.08064552522686387,0.062044612867921546,0.12158045863512867,0.12731720589912662,0.054988878217647454,0.11459226969841162,0.04069474141296991,0.3430874891843784,0.05504881885755197
0.19461111084123348,0.059201562342566204,0.10860414300175315,0.10496297659732477,0.22714498017670373,0.04249299836217035,0.05213455717833818,0.0267385831356023,0.1841090883643078
0.1396700717874583,0.1614843987128616,0.15438867945696066,0.0244352942262283,0.07249041546006828,0.036530311601002,0.11189680312154236,0.08131056602270043,0.21779345961117813
0.09144040354109069,0.09479226587821954,0.13862389897373154,0.22313942899865433,0.15194420707101322,0.06288811380589793,0.022116950273765475,0.11226597761375424,0.10278875384387304
0.08236012609514858,0.056002777211844317,0.13135290553434656,0.10209877343830205,0.03573361915432793,0.4989466760548075,0.0017416905024802264,0.026079512194798177,0.06568391981394456
0.17627784686602577,0.17178725739088266,0.08790631531741759,0.03120759296905083,0.052348431520626175,0.01836398940893973,0.038763647499769203,0.04355678371737931,0.3797881353099088
0.09405002591086938,0.01571100541656163,0.05809010353616837,0.0063311287406086275,0.17559969265546646,0.03583101261897047,0.27713525886972706,0.16262557611775919,0.17462619613386884
0.22688265483233483,0.06323144323347596,0.10734284239478065,0.10281001787423584,0.15695377550155667,0.02502771080581638,0.024053104294010228,0.06312584188868488,0.2305726091751045
0.08669535081690442,0.09587468751468149,0.08619024982134864,0.10664763898260972,0.07003629984615621,0.32018804143526663,0.08051963172506944,0.11529363432510681,0.038554465532856595
0.10097575950899655,0.08587375896392553,0.15283533038998132,0.257093918577417,0.039918554535988214,0.11219854329232087,0.007522466539374864,0.14816002476641887,0.09542164342557674
0.0819027677660088,0.15485422725633977,0.1406011272981518,0.13681921160188668,0.01554333505966284,0.08196940127906978,0.029373686308477646,0.21131389138079582,0.14762235204960683
0.1204575964362412,0.0316129968817281,0.0861009720953725,0.19898544157756573,0.18221809647327744,0.030656001949468364,0.13316259956247045,0.046050859625569485,0.17075543539830682
0.1076103757471339,0.1255035859577829,0.14596378352030678,0.028168761869405336,0.026211223496359057,0.023680935570780545,0.1280532066285752,0.15712014738563984,0.2576879798240164
0.07179830518599642,0.1548433516829745,0.1159324716268288,0.14399538260554443,0.01559536124706419,0.16033795478450613,0.21740259696114114,0.07428638908472822,0.04580818682121616
0.09830660300439113,0.2836912613562485,0.11642692184699303,0.11220563959200498,0.06495897784372857,0.05818986638573498,0.028301996805829555,0.10394487666150197,0.13397385650356727
0.11176658208602537,0.11006815373986208,0.12135519576568903,0.08672695968665112,0.09792537326369316,0.1731879019954374,0.05704398742549017,0.17304868795025766,0.06887715808689401
0.09668317317234752,0.024764873731503406,0.08735534087733217,0.023532380377202792,0.11595174192838158,0.057123552817698646,0.44928093509700684,0.07655082147274067,0.06875718052578643
0.07509995383634313,0.016830822276215487,0.04061402521572279,0.013356080458373868,0.250569774932366,0.037650206182579554,0.36133574797118007,0.13947832380122605,0.06506506532599304
0.2616974998220529,0.14000382442332618,0.18184592553681386,0.010154040643972828,0.12691117654686526,0.04073849634911268,0.0015558548542144752,0.025645986073315617,0.21144719575032614
0.0911311819456407,0.04952794296816252,0.06166798985230709,0.0868919875345867,0.06393479066045171,0.2576119850620632,0.06026142960704478,0.28508188550808006,0.043890806861663266
0.11735184020921278,0.037953545633187064,0.1137889584032707,0.1417105273694952,0.32805189131349405,0.0296437912018858,0.023802649841560178,0.05139874334663822,0.1562980526812561
0.08874108055341616,0.17186256070277536,0.0975077766221492,0.23766314064051755,0.03458808571181777,0.09859037672656072,0.02940942696665295,0.13285234301712243,0.10878520905898785
0.15080674434954774,0.06004138832521443,0.16418208115781904,0.09402775872641987,0.2550880046616664,0.046389486184423595,0.06098376837384759,0.04306932953348014,0.12541143868758117
0.11489650499550604,0.020506784830359347,0.04950596926167439,0.04272569084261236,0.30246093157957593,0.029421435093844133,0.2503856474396197,0.07119351390259505,0.118903522054213
0.12174292310382129,0.10110704470820259,0.15232989238009742,0.28407798735829337,0.09075020042565707,0.11584562055914245,0.01134586136043691,0.04295286662634101,0.07984760347800787
0.07069696847783946,0.063516988264559,0.08575158540108328,0.40668415773240135,0.02417301662039234,0.13173560007475418,0.029297731482240612,0.13610992919393866,0.052034022752791176
0.1775350799147699,0.0654887426742524,0.1348932929607682,0.0964945311478077,0.18483438983773737,0.05165038798723106,0.09629065704639579,0.03834841768553783,0.15446450074549967
0.1014873979826722,0.25774248875338246,0.10998701946315309,0.17217363164035537,0.020348038298828246,0.13625185310373997,0.009826982273533222,0.11089420005199006,0.08128838843234533
0.11648622149601566,0.10172279311513843,0.12316707243899881,0.12257396676861419,0.11961562336840344,0.1882896924716512,0.0172494715602388,0.13816525864702928,0.07272990013391019
0.08615735004310766,0.10479356126881012,0.10315621196788612,0.34055812030128657,0.027958015508793583,0.12049379516950791,0.02030524417246893,0.12879110764144458,0.06778659392669435
0.1801837573068001,0.1339535801001566,0.23592914175555194,0.025409959186072435,0.028641111609562914,0.03475177433080764,0.007667812037232077,0.06565727414419197,0.28780558952962426
0.11154769571061673,0.05325987323267792,0.14168782702790453,0.12604945825598599,0.21444703871345927,0.09031834088321998,0.02452585597922038,0.12588921062529565,0.11227469957161945
0.06613368183806408,0.09076644339142721,0.08513770195838838,0.3471106189170534,0.007340848128222949,0.2201189560523762,0.02902398574406083,0.11682089178560658,0.03754687218480028
0.26822677950657997,0.046115822562589635,0.1441750030041181,0.11985507126831019,0.03165840094175331,0.17457764324993005,0.05239044771411116,0.01541804070874988,0.14758279104385766
0.08510001749147593,0.016799436163010422,0.06922183975170841,0.023298885411732362,0.14486060278295623,0.038291146849838274,0.42711286000279375,0.1329205045625745,0.06239470698391017
0.0942246132602144,0.03397598507463167,0.10651169807987447,0.07921911019954458,0.41854563573838127,0.03320025690076946,0.04613955517398169,0.07321060596389066,0.11497253960871179
0.1642507323988666,0.058805334384647655,0.1527289474913612,0.05532410889533023,0.3488286899109337,0.04283478082513931,0.007628348194203358,0.021351291106300616,0.14824776679321736
0.3309235035467077,0.04263214939940857,0.34855316501861117,0.07244037347828299,0.05558248789161921,0.017293481664601932,0.003682897081246739,0.03980226694047984,0.0890896749790419
0.10421477985460971,0.18785583569149145,0.116726417848244,0.026034992123935483,0.046631482181145774,0.018787873131059677,0.10694545996890703,0.08016162346145639,0.3126415357391505
0.16498153713436373,0.0590798419053356,0.15332307058973013,0.10192194072636918,0.23027258602185083,0.06961941126739078,0.10386725999710306,0.017725327100362218,0.09920902525749448
0.10096291851016154,0.0224024568485805,0.06585480833279563,0.032184734237481034,0.48201598281301955,0.03740837280231279,0.0804783840798707,0.0731120418391991,0.1055803005365792
0.1138206118136487,0.28215944008948285,0.11392137082826619,0.12353791517142576,0.034530851573901976,0.09640589405225575,0.020756837864053846,0.08289146171125976,0.13197561689570514
0.10598166772046724,0.037538815478513954,0.05487398059365033,0.009725221349130031,0.4647000257428799,0.04645314943364726,0.0895023164007599,0.10144730947275478,0.08977751380819664
0.10294285039730232,0.04315683369827542,0.10843617353964095,0.0767246559986018,0.05540907964153985,0.07258627518381132,0.43822578665635836,0.02695766087192977,0.07556068401254025
0.14551632922635674,0.025073587722366963,0.04584610623713004,0.008867893802614291,0.4056511069421466,0.04208663200052679,0.12971107954961195,0.05848781121858001,0.1387594533006666
0.06081802108774578,0.0778534378995595,0.06569264293230881,0.396801612861528,0.008205231767681042,0.1550249752931576,0.03682853751707693,0.15624488855135124,0.04253065208959112
0.10061479930358608,0.13904023889137462,0.12560251147995147,0.19033808113494424,0.0724485626448972,0.11982308157297734,0.02232150589215461,0.11817439475489643,0.11163682432521806
0.05604203323660396,0.06628398933450264,0.04665945223252907,0.25451332769218055,0.005138844011682602,0.5226643301050632,0.005511261345336259,0.011987849419797586,0.03119891262230406
0.1301497714532636,0.0373605042669257,0.1287394041619042,0.14577951930698024,0.09208220592479961,0.02267788998580832,0.08553721431402007,0.13816847839875332,0.21950501218754495
0.09805816511369764,0.02511532691415287,0.07309428315382933,0.016019981008867302,0.2822787680475717,0.04691161304358266,0.22833402511745193,0.12916237262053434,0.1010254649803123
