0.051789139715474025,0.17490273768384537,0.2941323720834779,0.0633031197766974,0.05981381261160867,0.1519073980891054,0.11736487085587514,0.0197850947543724,0.06700145442954351
0.057743039941030964,0.06618499194348063,0.04883321020124842,0.16261754574545442,0.08998699213198706,0.13598926946451445,0.11488367497168328,0.04282109798256353,0.2809401776180372
0.04889768450960641,0.19820424128355282,0.3138096333690691,0.08707917389220993,0.03981491989256082,0.1413109330939968,0.10380365308332007,0.01020916085675613,0.05687060001892785
0.0869084868557915,0.12022495146168762,0.20479837420729305,0.07145937239299516,0.15517665001822745,0.11441142472422178,0.1464162837670874,0.07982230148194532,0.020782155090750713
0.06208715541216258,0.22122712232120834,0.11833782955340687,0.0683723216524828,0.07634035345549982,0.1749997904247288,0.13883075677000697,0.029132317029818593,0.11067235338068526
0.06131670508827087,0.011514398411249335,0.058477092962800035,0.23012750239232252,0.020266224837993358,0.16051815891675525,0.10702479857205115,0.06098316298712588,0.28977195583143156
0.05313303278665604,0.19799026903860809,0.48635136620007663,0.047547257498651484,0.05845312197630546,0.03706363992637594,0.09340355810513835,0.00812703509357445,0.017930719374613633
0.053291490005592745,0.19238056529739236,0.03134910639818352,0.1246504160083407,0.13540935418657982,0.11259868131877025,0.1111068592865841,0.051776458467988305,0.18743706903056823
0.05650370398123405,0.09227595745782323,0.04869842280463047,0.042687090244800795,0.30100938676893757,0.076059339433411,0.15867496698133046,0.1012012974583885,0.12288983486944387
0.056000939678421874,0.05621080517877921,0.09278715185811533,0.09825108868260768,0.02382687283094868,0.21535263862479304,0.11313978700548005,0.03845779406206066,0.30597292207879345
0.0590621928921333,0.11961363928393205,0.25496147680044273,0.03167511482254493,0.08368395797025442,0.12074133259902271,0.09546831823548507,0.008702387876999321,0.2260915795191855
0.05698144188419416,0.10447787778868822,0.033449103914261126,0.44906660046600394,0.060546544193640965,0.06660977709492272,0.09956486739138874,0.08490994289604818,0.04439384437085197
0.06542748042489549,0.18947471722306294,0.2500889315239314,0.08264443896175386,0.07013265958492855,0.09156995963743993,0.09209281673168189,0.003402928036656228,0.15516606787564968
0.39286310050726936,0.03161446123015383,0.034380187261222606,0.032993345565165755,0.03218371463073737,0.09356238158711672,0.08817903609875292,0.23343600124307282,0.060787771876508655
0.23286988560289842,0.09412118294067785,0.21256044442521174,0.014797172727855119,0.0020921446301175235,0.01926399324995583,0.06997952468091263,0.35277950771431305,0.0015361440280578223
0.14546134682082804,0.031913369331781606,0.04753201362001918,0.020264415225421457,0.218844197434801,0.22188635475549554,0.08976504592007828,0.21179023656278426,0.012543020328790719
0.12984316924058958,0.1143209115398308,0.3362283268137292,0.08108379134484449,0.014417031616348011,0.06570333978238269,0.14909539593871435,0.09686408535900283,0.012443948364557875
0.04576578586780391,0.20730340746199485,0.05628381694226889,0.03319783645005495,0.1831152564581798,0.08015255425023209,0.09227425883334828,0.015776891007771587,0.2861301927283456
0.10796528399520533,0.007466464237391065,0.034432309751356076,0.23719486285609695,0.021043750355979385,0.10461233237067415,0.11204468586366322,0.3076742278895403,0.06756608268009352
0.1338464115027552,0.04662408875494555,0.08625013775121039,0.08830991566165088,0.01628817703622162,0.2557150225096822,0.10662493519528488,0.2182100970174019,0.04813121457084741
0.09935279711015656,0.030994586634886887,0.22852669097414793,0.038022277766313235,0.3703568681857732,0.03176233139985111,0.11565779887478367,0.009784480589400181,0.07554216846468742
0.10974589392171157,0.05857214791322501,0.04092118568501963,0.28849828830165297,0.05784520429984955,0.15643515802678032,0.12137440857424286,0.04824420548037698,0.11836350779714104
0.05907899017671908,0.04960302707584106,0.03147592069956566,0.17594234842911635,0.06759015483290019,0.19119231036467008,0.14689692737899662,0.1502384820914441,0.12798183895074688
0.06875458613053947,0.1087659027327494,0.05190109081519995,0.06891140674245501,0.1412877824092341,0.08984146010328653,0.10377208035740766,0.022947320587186276,0.34381837012194166
0.07555191320748535,0.06364467482898951,0.048156954089063064,0.3027618886847811,0.010502390591100412,0.1405180219578686,0.09973985267993467,0.0564873639391826,0.2026369400215947
0.10444116483867756,0.00898662708879644,0.026207151628423613,0.22218009046311582,0.05528839216254802,0.14456102461439174,0.11041299308786039,0.04974677530608105,0.27817578081010524
0.06838410413488748,0.03256162904294751,0.0678727586893615,0.26532009400502266,0.07515981012356333,0.1874028079957859,0.1330881736582384,0.11417977590865418,0.05603084644153905
0.23474074779596554,0.014358767581674025,0.03696378714577569,0.03864912454770164,0.11053812056205099,0.11434792389996846,0.07026000256773281,0.37132133171965515,0.008820194179475624
0.05401144219212517,0.21817246568152113,0.3657742892529627,0.031374962006950766,0.11781948596616931,0.05057048292828317,0.09989144225754419,0.044919810826696736,0.01746561888774678
0.05087533383266148,0.1793869721324001,0.11663146932270953,0.029241982607878914,0.0881102662126511,0.1193103275788765,0.08676913491214473,0.009122578822940984,0.3205519345777366
0.06408296800473362,0.23751336474559226,0.13245698714247367,0.08633814619675212,0.19709064464114748,0.06691644203242623,0.1088693122072706,0.030298008366748442,0.07643412666285555
0.10558055152564821,0.025147276718844286,0.03325551872063928,0.06305505500041937,0.21042939997517351,0.1275343544372959,0.08059574401829238,0.348454323066752,0.005947776536934975
0.07250508760247075,0.0750932683891643,0.38966411947129226,0.05326868738053984,0.20207368279411794,0.04340520996391058,0.10649944180986592,0.01326459391145352,0.044225908677184934
0.10616791416530984,0.006076351549659653,0.025661546201252345,0.257819242191621,0.1255550706597983,0.13705554590607072,0.13449614208006902,0.14928681317602085,0.05788137407019841
0.04192246703478397,0.19679825232694304,0.041130899717430065,0.0802761641659915,0.10977589514170094,0.11059836184578727,0.10593931186856072,0.021474102634882475,0.29208454526392
0.0649749283724002,0.05184182435944721,0.035868714840125306,0.10400967804465172,0.06038398077736612,0.19451794648044576,0.1192230978145119,0.03544604163246023,0.3337337876785916
0.047390091821444956,0.04101707991485637,0.030205172411837896,0.17176064441166272,0.1355938390600232,0.19966227057050634,0.14428746288734326,0.16910427230669053,0.06097916661563476
0.5437680963700581,0.037540992383467975,0.045478350243015164,0.05945857618992372,0.06177875201262054,0.03804768156174939,0.16278784988093795,0.037391497457667296,0.0137482039005599
0.09800425564406706,0.0013578386405825964,0.13581803491399813,0.09740318046403555,0.0022818437958196016,0.1790818195555202,0.11191999506472479,0.3088151234676442,0.0653179084536078
0.13036477825760717,0.08160229358128047,0.06300226196405034,0.16463768074772686,0.31975200790732594,0.04883498610121276,0.12443154469282496,0.0478146633321555,0.01955978341581598
0.10054957210938142,0.006808773354203779,0.07156139288499919,0.12849181724913286,0.006121453211538932,0.10107061972055027,0.08301489061216506,0.4876774755078946,0.01470400535013397
0.08038979728527022,0.021248023011016026,0.24643047042714528,0.013047331932164714,0.3838298701092846,0.021351410138437898,0.07989677132268401,0.014177827842111834,0.13962849793188534
0.06956479892007449,0.12270976218587676,0.07104892396450911,0.1728596283441568,0.11518917146736744,0.12185232694948596,0.12104022254555148,0.07562948667356655,0.13010567894941136
0.12504529858686053,0.0378927931830394,0.023490657757317585,0.12289706589506294,0.21632455151820715,0.1042079469798723,0.13326574807656885,0.2115392447743785,0.025336693228692714
0.05578956310805545,0.20599142381886207,0.10152479922624523,0.054149647896729276,0.2595794345689497,0.06496802638996287,0.10949310108861747,0.037322415274283656,0.11118158862829423
0.042476782882043713,0.3764389365359386,0.11968947888504133,0.03838100683014935,0.14337231307951093,0.06798552439377685,0.09968491742058776,0.008236433313221605,0.10373460665973004
0.11879237696435242,0.025800153913740815,0.04761738401383788,0.17973921729246078,0.043471127677494815,0.12423468732722942,0.10500854052635285,0.027281099292591926,0.3280554129919391
0.05046963619388898,0.2975196620595992,0.14019578660750173,0.049393511366574876,0.2386358119967312,0.03619623889916633,0.09997695702153865,0.013787588028238098,0.07382480782676103
0.16802179722514696,0.026266938824403705,0.023386228519750318,0.15002294878204941,0.024269278536323536,0.17472029252015173,0.13754874976924855,0.14953642394698552,0.14622734187594033
0.330739893165306,0.031210091808120885,0.036782550330013354,0.08787059241078277,0.07946388645698883,0.07080915729031269,0.11934224048968389,0.02011225138944651,0.22366933665934505
0.10944953351923391,0.14038958803401205,0.10433043360488585,0.16198847130525454,0.22780720666648824,0.0613364680241933,0.11810040149454842,0.06164736600386576,0.01495053134751794
0.08080367611260399,0.03702466880311244,0.023667395066553396,0.27571121406896243,0.1887977171366304,0.10283084561797168,0.10726054745076648,0.06364893879875343,0.12025499694464575
0.21760810837339048,0.02436603978873707,0.03756364685226082,0.13799049646746733,0.017722354764639094,0.14751948225530465,0.09714590332008079,0.019990600300074098,0.3000933678780457
0.07451196751676466,0.019315702875290292,0.02917141582256481,0.26069918716168483,0.07784523316231877,0.11807025713137526,0.13551848169228983,0.10188894208515394,0.18297881255255763
0.03984421651565951,0.24194114662031904,0.01772061920792603,0.11061537803085351,0.10507861178452808,0.1309062183695006,0.13840747043412222,0.12634619960177343,0.08914013943531758
0.11643278469535367,0.0374855293903803,0.044290916595186046,0.15767484799333673,0.03343391129804841,0.12388016635851222,0.11474503561798455,0.3142042419119783,0.05785256613921979
0.10906738379522192,0.035510594272970486,0.05161763933807098,0.19234984854130577,0.020980027434737383,0.14988272235745373,0.11011813434172203,0.07373378330771048,0.2567398666108072
0.060831008966142186,0.00879842506466724,0.0430793948124172,0.23448833607480765,0.06275969666950525,0.17693520212428818,0.12195878986681363,0.08169134767705645,0.20945779874430226
0.05792854950062947,0.22067617708440782,0.02368205838159877,0.15049140921571155,0.1055922576456542,0.06533397224172308,0.10958554416912673,0.26109995096942223,0.005610080791726205
0.06924652508619693,0.09089508338676376,0.1410023013577407,0.03982189916733827,0.23541601607162885,0.0673052372172384,0.10937954680872007,0.007230470238921447,0.23970292066545154
0.0561582887617888,0.014153220953595745,0.02532089526412082,0.16476512021020925,0.11073757123789947,0.16981743034265953,0.1388365562260971,0.23144060396864274,0.08877031303498643
0.045691487033339424,0.26662778307075097,0.2789667739145811,0.04672618482371269,0.10252046565991897,0.06937600079357599,0.10274405067402227,0.006220163560214932,0.08112709046988369
0.056141792584676865,0.34218694883670536,0.16112769415346045,0.030968465783358472,0.022118264881470145,0.11719474059719105,0.11276214413470471,0.14908967759337893,0.008410271435053813
0.07158805864590798,0.043175413572582956,0.041387558121896685,0.20356812517732284,0.06424371959882562,0.1886933813962365,0.15367455121159307,0.15479025891967668,0.07887893335595768
0.14851696979166248,0.18878981271807038,0.1165083553847061,0.03896849923237151,0.02884387668956932,0.052651401104742916,0.14296156593549678,0.27776295137652285,0.004996567766857578
0.07348040794903635,0.04818214195135028,0.07937651275187362,0.25367076499806207,0.008311293891591937,0.1727897529900306,0.12221005786469329,0.10579333351103788,0.136185734092324
0.05761743543093978,0.0750823063653533,0.034104081775544685,0.1654624547345702,0.09405442124170871,0.12392387741804263,0.11516131442186113,0.06671329360505966,0.26788081500692
0.046242994211433845,0.4650231419085413,0.19478688177245337,0.06971665034312599,0.04387047997191181,0.05511424963592323,0.09288935799544684,0.021910740448377194,0.01044550371278638
0.07430788570595884,0.056130436862971374,0.037578604951258476,0.11330285931420052,0.1082365007103047,0.20917270954460965,0.15991820769697537,0.10423788549895485,0.13711490971476634
0.06915552105494638,0.44892690870475604,0.0628277435009845,0.2138519739399317,0.049941762601566464,0.03545227192394564,0.08414054363665201,0.012009036442366833,0.02369423819485052
0.3258123075544899,0.2415132267820279,0.0985488641626424,0.007616527496536951,0.016674084180292616,0.09578549164863322,0.15324067564961474,0.04005879453441171,0.02075002799135048
0.07132166457430668,0.0070592850875445595,0.024255169367023446,0.22170364426883013,0.046460003766196585,0.10320412868326255,0.11898514140911638,0.3532981738700529,0.05371278897366676
0.07889434802281839,0.046929232015769116,0.042577157186321435,0.15335467911045841,0.07040285159740182,0.23593253990945562,0.13805808630508992,0.08239480201552978,0.15145630383715547
0.0632614080865438,0.0626717278147695,0.0521538205282737,0.19472145825388076,0.054010153563980624,0.12263792343114899,0.11637211786292,0.05633926308161405,0.2778321273768686
0.09945504590040428,0.37908923914342135,0.1688623531175749,0.036892637104982,0.18037883522757192,0.02574152441372766,0.08294442717344187,0.006329125649791496,0.020306812269084432
0.12495451394976227,0.05014101820949648,0.06580760362405293,0.31017142119166424,0.017761114916600637,0.1165604765958444,0.11776749509858349,0.17289928301155164,0.023937073402443953
0.05575747256224093,0.09999668027287846,0.19443346467716008,0.011462634320770373,0.1698700907100049,0.07628659814648474,0.11987441847367873,0.24179721596811962,0.0305214248686622
0.04415830027514683,0.16835345121298487,0.042073235611072186,0.1526622997666008,0.022182372393877787,0.14770474188714985,0.0795733243842303,0.013220660530994946,0.33007161393794243
0.13618016765777255,0.014523051873164515,0.05652901137125205,0.308735944976262,0.034385309045670116,0.23039324753950866,0.10032674228577272,0.07752744899442082,0.04139907625617659
0.1152085200733326,0.23702240727298454,0.25902684193592246,0.05489571256311285,0.09354109428525502,0.05198706663546335,0.09872826484640972,0.0650781750296555,0.024511917357864094
0.10615651905962943,0.18744907310818548,0.07275913651594594,0.006565068250938767,0.21417381281058456,0.16381485735587206,0.07648535864903713,0.1712387411721592,0.0013574330776475187
0.09147430075509004,0.031216123143450607,0.14831591380569073,0.11093803964470954,0.017583720911534453,0.2841194683339953,0.14800094370035033,0.08365379047178893,0.08469769923338999
0.4180452520912983,0.014215507155029542,0.048676010584046324,0.07327840267725234,0.04816391800856971,0.1552079327068107,0.09382671954765537,0.10191126096503046,0.04667499626430721
0.08017726951582488,0.008544012099381795,0.04446453313469887,0.3742056526707149,0.05802517958326194,0.15412522496548733,0.11140164504456534,0.09918786635120631,0.06986861663485879
0.09030811048688793,0.18782794473857267,0.1322052613509451,0.028589639960626103,0.09858148788620902,0.11429038899765848,0.13920187019773922,0.1882368801716602,0.020758416209701192
0.06538187134404012,0.4076376183286374,0.18577503266723683,0.12786834554169382,0.08030646035586662,0.03916297923957227,0.07380378106626632,0.008100216472255319,0.011963694984431374
0.20079137615514187,0.08230783588403205,0.030876727451695212,0.37195932201629006,0.0580515617001748,0.1307646643822806,0.08384511031480484,0.018920172368770898,0.022483229726809665
0.20010913113374817,0.09892829703052756,0.1664526598554993,0.11616814129432064,0.08068791389848412,0.11278061519959064,0.1534115383012382,0.04095742623365106,0.030504277052940326
0.17913823342204216,0.020765712541145245,0.07771301739430916,0.2097615754446059,0.04240229966684092,0.1861212891924631,0.12504245575769327,0.025493613453407022,0.1335618031274932
0.05818607546199316,0.06954840275834867,0.4183574633659443,0.03737452801528534,0.16705624689035967,0.06383057530804008,0.12203535409573861,0.010411010180681647,0.053200343923608624
0.41168897613054045,0.031573765432091165,0.0613203253080092,0.08474584781941506,0.007797817039872516,0.09364027167556731,0.06834725073820902,0.027477012693677055,0.21340873316261813
0.057277475674133084,0.032203419773382064,0.02804496340016464,0.2918772817632878,0.07069211513634319,0.10218757675855056,0.11324628158814055,0.07044715712454915,0.23402372878144895
0.06314295337630639,0.0267003616383837,0.029987981023412106,0.21972067691156383,0.09969360673387336,0.11411680658222183,0.12066105880756732,0.12099529591861484,0.20498125900805655
0.6043883988396371,0.026170580354744222,0.05681162099840221,0.05328321961362172,0.05135697203794148,0.06196289914973014,0.07804340748835135,0.0395562111482732,0.02842669036929844
0.06753119553660274,0.07723339376194631,0.02970980358661483,0.09087763803755482,0.20885312356742572,0.17532099196272713,0.11404712976385194,0.20614253254564222,0.030284191237634216
0.30554635817220216,0.01009582515197424,0.0478152571546413,0.18075283108940796,0.011272164390007852,0.14390960439452352,0.09285777730280376,0.0523971472051716,0.15535303513926768
0.06982636719418822,0.030000557028401643,0.03860436172693166,0.21027613987245944,0.16177783711462254,0.08355097306837327,0.12029136807135525,0.21703769999593,0.06863469592773801
0.0767345161687376,0.05183501440789431,0.29060323854869397,0.06405952982133606,0.07105062688603274,0.10251741495698448,0.12842184387586744,0.20481438676980215,0.009963428564651234
0.06226682595459554,0.09479003099287642,0.06094529492588912,0.06531900645971445,0.1764213649402785,0.08285944331522928,0.11022207595398313,0.039195024145864885,0.30798093331156867
0.06631039112630362,0.04110819935823957,0.029607812210927092,0.23830870636493276,0.09350490215821321,0.08782767182264356,0.12717494124327824,0.18880901235669265,0.12734836335876934
0.11055635239329342,0.6031350238762233,0.05926254276742534,0.01723252196766703,0.048992847160791164,0.04038477902709276,0.07763688588085135,0.0130957401887079,0.029703306737947684
0.058668655803231114,0.08838060438252492,0.070562989370591,0.0942212994776324,0.1913635368173423,0.170217283129389,0.08446315806407967,0.233637976352995,0.008484496602214571
0.06131462525396312,0.030824280115753794,0.04906784290180646,0.18512148909660645,0.0628943459265986,0.16077871559810417,0.12937854226149006,0.09635938718707808,0.22426077165859926
0.24475840115659497,0.4467766043230163,0.12900083963048511,0.013463066118888289,0.011571749498266871,0.021394668437121702,0.07889847636701437,0.04891645424700467,0.00521974022160772
0.054841428678494675,0.14364898199127193,0.0872734943600681,0.12389879222572898,0.06525312712574127,0.19833690908401827,0.1325635777989893,0.14483267945218078,0.04935100928350667
0.0612732349723839,0.13819973277392508,0.2982775444765368,0.13520568048853823,0.1402904226377718,0.05934400115665839,0.10394752801597197,0.005723017295443285,0.0577388381827706
0.051539283688490596,0.14899970200978713,0.23950642649307555,0.03114881891186083,0.02676284642054533,0.19563909707931137,0.0860435445692828,0.00845903764947602,0.21190124317817038
0.048138522380940185,0.10239308488988669,0.03734399892569285,0.2697815907975399,0.043433734936011444,0.11272485670267231,0.09670632543747305,0.02141013133924519,0.2680677545905384
0.07856219989816297,0.00674117111633299,0.03766515945968553,0.4311957867874767,0.10096158859260278,0.11579817553934783,0.10908822966370031,0.05997308836566465,0.060014600577026206
0.5357839447895493,0.12464086444819052,0.10107657504354493,0.04809442716280213,0.010898928751365012,0.04584809563235218,0.09986936335340396,0.026973578210083102,0.006814222608708953
0.26835906543253385,0.20807289573901908,0.15038740613744409,0.04248690589250311,0.015800778857347073,0.14794325734084618,0.09144115674433638,0.028270956216309217,0.04723757763966103
0.24912179079910643,0.2270601242655205,0.1567805914559868,0.07603321469860777,0.003516204620207023,0.16559505979979347,0.08808476189169821,0.024086633910567062,0.009721618558512645
0.09734178748393403,0.06396371571483886,0.03462001595117689,0.27479150973984506,0.1137135509249968,0.14701221188027858,0.11763904222114256,0.06873581956153854,0.08218234652224869
0.0966882521164734,0.040748694150186476,0.033638006919645955,0.36883376890989766,0.0811175570131374,0.13219132865964536,0.12051102756105929,0.04133292620840425,0.08493843846155023
0.06750625918544509,0.17717029741214166,0.1547147848319651,0.20804153711612258,0.23963375343499652,0.02252333560809879,0.09091009522658623,0.011941287215756644,0.02755864996888735
0.28563757239088844,0.0021918524216300965,0.03916472765329329,0.28250372009791264,0.025442231815416966,0.0829823854087899,0.08413990074776913,0.17539613466893425,0.022541474795365214
0.04590537206114433,0.26881861467834994,0.07182411304418393,0.10576610911847684,0.33066657720378306,0.017589676587772704,0.08710160864841006,0.0075326094521114455,0.06479531920576767
0.05972692923247985,0.35375349488315205,0.10921815977916571,0.08645056469025057,0.016529467288416668,0.11592066393141705,0.09692148354272441,0.1344447169689264,0.027034519683467272
0.07767575445032386,0.125935778057759,0.048851920312140806,0.1252758435079149,0.05884019730149256,0.17243913384382914,0.10023029516799616,0.035750315376661755,0.2550007619818818
0.4669562982326007,0.21878250415636727,0.0444887052104345,0.05122408935147341,0.02075381171585827,0.07665571820830219,0.055804107167699964,0.0028302261474049194,0.06250453980985866
0.08666965326380231,0.20132271987081274,0.013157632844595424,0.03820626579706552,0.25667723150181965,0.10244389765177313,0.08401288631041275,0.2094384024299029,0.00807131032981557
0.06422732285194312,0.02454856452856506,0.05082809720078832,0.22032904948052345,0.05690174362488414,0.17129493349272462,0.1240935523608757,0.0955123157886542,0.1922644206710414
0.07217888295708685,0.24346449652513194,0.08454595497719593,0.13019480516515317,0.16274535138178087,0.06935881031068698,0.1003243817622077,0.04037402166722709,0.0968132952535294
0.14485696132499576,0.021267526247429017,0.0950452729414184,0.14382120266535228,0.018939002380312212,0.17755806862376197,0.093160831709087,0.2904883629886234,0.01486277111902008
0.04886665572533657,0.05521827994212405,0.07594052251497278,0.014760162871139959,0.4826927469732538,0.021981291260249267,0.09427215221312825,0.01512159003559057,0.1911465984642048
0.06550586843410672,0.08492072679910263,0.035206843301799594,0.3365863359878296,0.05872112285412686,0.14538943640034863,0.13012634688107497,0.0732659183420687,0.07027740099954231
0.06308746364254125,0.0814139114287576,0.03130237355004925,0.22104954126642404,0.11727124912293047,0.11511501281176846,0.11158548878225061,0.20647164377011437,0.0527033156251639
0.05561466471182707,0.3924947166601637,0.048970586666454825,0.018706534350206683,0.1863386852444142,0.04087603640056448,0.12542217807579395,0.11773502216185387,0.013841575728721132
0.28117346585596503,0.02157852757453012,0.03568277453199988,0.23065566945644542,0.03337538347647732,0.07729714583760681,0.08784591792092357,0.09750499701064654,0.13488611833540523
0.12384254070028479,0.03233682382537448,0.061106755497703724,0.08752441186741881,0.04063081877614337,0.21662370316170595,0.12303660092442222,0.19141884803940945,0.12347949720753713
0.09164926424791071,0.1882632850624625,0.020193860485742055,0.193722716055839,0.1259255586592199,0.11099837063462596,0.10381923676170228,0.029517868471886293,0.13590983962061134
0.06276942802323758,0.11483868052926825,0.5162307741139197,0.044342063209420635,0.07023820389695944,0.046100746548565996,0.09076620360001032,0.01986551382997063,0.03484838624864743
0.1587256755977705,0.2501696370590238,0.15316369429284507,0.06873070312030918,0.07666354035356124,0.09240318883194587,0.12565349680857194,0.01574198213629779,0.05874808179967459
0.0738819706943554,0.16300907726589564,0.16965711442428963,0.06175768567638854,0.18484199960723932,0.07633206791787779,0.11524630399885079,0.02684932858621579,0.1284244518288871
0.3081642060447765,0.029012089321536483,0.06257652720266951,0.08589783201185737,0.0032269893546180077,0.3016517872582531,0.1390699413380869,0.029309820785037924,0.04109080668316415
0.03341886764922675,0.5119473307343552,0.10731842788264405,0.10074034800124591,0.026297729515069913,0.06224359003218392,0.06470990467982887,0.00381779053199165,0.08950601097345375
0.046760547555436995,0.21224307754375227,0.0865159667420295,0.07506798551954454,0.04373771567639976,0.19412608910003412,0.115516203344577,0.033286176031888805,0.192746238486337
0.2020443439814561,0.504137575653757,0.13380519632641877,0.011018702771682156,0.019839643997364015,0.029559515595108152,0.07124035804340147,0.02046539576915091,0.007889267861661354
0.05269048574359824,0.05763082280253754,0.04038957897483001,0.1778803769140717,0.08307417242920712,0.1553110731511871,0.11933856863028436,0.04585158449816889,0.26783333685611493
0.0701349931045948,0.05272859251591016,0.05270112910282481,0.18495625198526125,0.060131553546414224,0.17491529185223384,0.13960768615835742,0.07348558676129986,0.1913389149731037
0.11045867138942465,0.0031208222655292775,0.03483421977479893,0.20496336049340433,0.03161987510455123,0.11943302626905829,0.1158430683530028,0.2922964385450453,0.0874305178051853
0.15566515293037061,0.08967620360570927,0.06884743099371042,0.17517955532488852,0.06158399096613191,0.13207941797537956,0.10227700575481509,0.05328233241811972,0.1614089100308749
0.11840981557761016,0.12445070447667013,0.10413929990808028,0.07104334659514074,0.1039470471600546,0.26655168224707815,0.11719258665215736,0.05213047879630802,0.04213503858690063
0.07428870153708007,0.055149776294552345,0.4801474426851467,0.03965954507257171,0.12462616351985494,0.06015833646876268,0.11300371346925442,0.02750445590466832,0.025461865048108826
0.14485696132499576,0.021267526247429017,0.0950452729414184,0.14382120266535228,0.018939002380312212,0.17755806862376197,0.093160831709087,0.2904883629886234,0.01486277111902008
0.18134053561069496,0.015536716900235984,0.04895238539386166,0.19666929149152354,0.02940927496871826,0.09776972204383082,0.1039391187715279,0.2854090281533472,0.040973926666259784
0.1909004138297449,0.20948506183089455,0.10178225579375495,0.0694360070362218,0.01071877360223848,0.21160678095543042,0.10003211266495009,0.025117756166652988,0.08092083812011171
0.05927705001193873,0.04287234449270786,0.27861988162310714,0.037613588348939346,0.29516052899601025,0.05253658495052394,0.11978810055373941,0.013566402831417745,0.10056551819161552
0.06687152569296172,0.023683533532812804,0.04085992384227148,0.2237060104782934,0.15803241520542358,0.1806428886928558,0.11408302991094295,0.1668510415637696,0.02526963108066857
0.30554635817220216,0.01009582515197424,0.0478152571546413,0.18075283108940796,0.011272164390007852,0.14390960439452352,0.09285777730280376,0.0523971472051716,0.15535303513926768
0.09036959509179528,0.017101229358994295,0.32565085040717745,0.07961286239858302,0.0019973768377048793,0.22994811424889114,0.09557929515468462,0.11511817439086125,0.04462250211130809
0.06407497449652179,0.014450186912287333,0.03984958845557345,0.12069864107582433,0.03303389154156854,0.1326146966808315,0.16164512918928434,0.40615255345927825,0.027480338188830472
0.2056663122223623,0.4298695705278998,0.18316439212505287,0.00886358382667359,0.041451185870287795,0.022353187006811603,0.08655635966010304,0.013392249706955156,0.008683159053853843
0.07402112567583333,0.2244193190346125,0.12631901451612304,0.060548174187405636,0.2778361995465039,0.03016199101275202,0.09465285135599906,0.007866998000650714,0.10417432667011982
0.05755887834635302,0.20159563709718895,0.16405756524629045,0.08795968404208503,0.2533004924572442,0.03851598238900948,0.09323347602188219,0.00599344231693219,0.09778484208301452
0.09281258735947384,0.18096329194219518,0.04908202560550074,0.321244508711704,0.041725980610906765,0.12246904027777937,0.08705081757602588,0.08943303923768357,0.015218708678730564
0.06261198313885617,0.18164882014756056,0.14124956168702005,0.042315084023554723,0.133134077366397,0.1164319964695432,0.11124410300798865,0.025552357328775768,0.1858120168303039
0.5627477054545497,0.10819599943323426,0.09230929525807853,0.06111198841257833,0.008873531049971786,0.046210885785598656,0.06164525895590637,0.051003949566381934,0.007901386083700432
0.3078840211915463,0.022126331864624173,0.10803600706130322,0.08158058312526469,0.0011382842198159463,0.3073155614914859,0.13104101020464393,0.02421559728950985,0.016662603551806047
0.18750566307163322,0.045140277251199325,0.347402934153459,0.09830793073715892,0.08886007190395827,0.06726926825744918,0.1275199205146185,0.007715199033608081,0.030278735076915458
0.0720484227249511,0.027543995526954277,0.044336777312156385,0.1331800073249593,0.05727307244149236,0.2904776854206491,0.13863931327894083,0.06862565983930263,0.16787506613059397
0.434642724898703,0.011472578982172412,0.056360620088188075,0.12766998074538405,0.011054465357426919,0.04386034823151691,0.06113908862967024,0.21757530351764584,0.03622488954929246
0.06957065602200094,0.06459009823810812,0.03717588710003323,0.18790968447087034,0.06661581201195353,0.16331982357713856,0.11849895363637246,0.04362140344207121,0.24869768150145166
0.07584227959492379,0.08172737829010555,0.13327448277267762,0.03718332029108971,0.3948610309867176,0.035619139696976325,0.09708789252842008,0.008922945506214008,0.13548153033287522
0.05274272882292632,0.04985464161460904,0.06286906051411877,0.04785771060890448,0.4485668820537758,0.039189571096435206,0.14439542955973286,0.11758747958908662,0.03693649614041091
0.08723083101967351,0.5288414763825189,0.0608923903122204,0.04922447282475162,0.01718591230413975,0.11175327318325047,0.07251447416446893,0.022047317669819155,0.05030985213915728
0.12029804364317394,0.0053142764787002346,0.03624157496610759,0.2811858938035812,0.019033776908184894,0.10585067902842993,0.09591419037289563,0.11478987069617823,0.22137169410274835
0.06843176930570812,0.02025804501650265,0.039607977737733994,0.09453155329163931,0.11625102372058249,0.277331077132246,0.14186851005096077,0.12978394848660302,0.11193609525802362
0.07468781568892585,0.009936306163122683,0.029920438086496748,0.38171005814149045,0.06831595704928493,0.12523597332554207,0.11348193630976933,0.05960545603047276,0.13710605920489513
0.10624359938487947,0.4710916615383726,0.025039929469040777,0.08969254632708328,0.011010771854909784,0.11937307206857994,0.08687364657220353,0.035109434075498346,0.05556533870943211
0.05688523509141779,0.18554604391463303,0.057073105542305415,0.08074933914962246,0.04919330142893938,0.20319320995492748,0.11063638675284004,0.029923990142154955,0.22679938802315938
0.2901776905357312,0.06487512636299468,0.050259575095375326,0.09949192333450241,0.034669548616956015,0.08593512790986625,0.08688446528826564,0.007062263660374868,0.28064427919593365
0.39002938045077734,0.004140065655181176,0.04079795665829924,0.23307350873005128,0.011961271527376,0.05712176571126767,0.06740305876425146,0.1427642641982865,0.05270872830450938
0.11058392042027919,0.20684724669843044,0.03560118180324614,0.0406291426441671,0.23179238407001046,0.147789582603233,0.06889805466730184,0.15333597958926337,0.004522507504068413
0.11955004270162516,0.005038481058029682,0.04392440447017332,0.17857756372125763,0.050849393882605655,0.2557613503909529,0.12052851128038282,0.17535480227063452,0.05041545022433835
0.18878830826260537,0.004478176966106271,0.03524390122009099,0.19333754091014468,0.014324716953064679,0.045512914128745106,0.06440761685227837,0.43277919051240216,0.02112763419456234
0.046523328971944354,0.23257029947692132,0.18440172411701994,0.14565418647675474,0.1820127579864345,0.03286670783700724,0.08891114047073645,0.004976136836378026,0.08208371782680347
0.18750010173067466,0.002928582089581636,0.03548571500739297,0.20686623964246084,0.010623563412546388,0.0695285487622433,0.08638094277819558,0.3767142546531139,0.023972051923790715
0.09021597175576355,0.0798747387759753,0.035536195437942765,0.08199367297820215,0.07002909633863207,0.15907873486504925,0.10104162527216777,0.029957982165821694,0.35227198241044544
0.038328110013332195,0.34837905422864157,0.08362775513093818,0.11132802445596905,0.21749385516109443,0.02995582859925852,0.08389088209982846,0.006660997480061932,0.08033549283087565
0.05611237057825541,0.12681146699136994,0.14864390592583657,0.049363961916751686,0.2263277570523156,0.06491175432239736,0.09976446724861886,0.008333108091352738,0.21973120787310188
0.20746101075279264,0.012930882212718986,0.05669132665226028,0.21482543039138968,0.010564407712969149,0.06866711212678145,0.08232387209038249,0.3203394554127769,0.0261965026479284
0.05017931219509303,0.04566391475273676,0.04816534708769108,0.06538581727633462,0.29560971604747144,0.10407837960529588,0.13919923272981163,0.0599623486571291,0.19175593164843638
0.05064018573398582,0.042376255463002194,0.05620486973682037,0.09708131570691013,0.04178417492053584,0.20200254440410817,0.10142589057590763,0.02349362970043108,0.3849911337582987
0.050830411681577724,0.18698843530615053,0.07509304058843515,0.05018754332815046,0.09010879109619492,0.2884748146067441,0.11384464568809272,0.05572537953690382,0.08874693816775053
0.047094872385225965,0.04037583505379335,0.022510973273773927,0.10269013198483885,0.10111237732819983,0.13452241545981106,0.14172592013155758,0.3893639624287557,0.020603511954043707
0.060992234928311,0.1262421059065356,0.08348727073160452,0.07915277082785535,0.08933201699537248,0.1716200875662258,0.12976231870681076,0.23817985125171837,0.02123134308556614
0.05770019781233257,0.16824747810205998,0.06481585500631411,0.010550459044041685,0.246551776718667,0.18450527746271428,0.07083659232822598,0.19359619106993486,0.0031961724557095918
0.22146693040322085,0.03132088126096904,0.057545797325735344,0.3713218630088617,0.04369732318792491,0.13607507930807175,0.08728357554603379,0.028799666447911553,0.02248888351127108
0.046548685234087034,0.24188291775621504,0.1690281413822965,0.08314125139338846,0.06527819745159677,0.12021587110877135,0.09821087350901915,0.005561403929709111,0.17013265823491655
0.08181572868327629,0.06732681378063761,0.17672675247971345,0.07792635287187528,0.38275964621767705,0.028151992768777754,0.09959811068025054,0.024929669616027172,0.06076493290176487
0.07242687596766571,0.25923021535389607,0.15778542742615956,0.10520208216180581,0.06144130655568364,0.13275687165026026,0.11069947908441786,0.030331151161567232,0.07012659063854385
0.0815823293022125,0.09945600860077514,0.0339734250162932,0.061269712064922766,0.09219494912777774,0.19928325989802245,0.13469790361694653,0.245423475771823,0.052118936601226684
0.0523342102623591,0.07678544982782459,0.06736333741894446,0.08691230963627335,0.03190285624806841,0.22232356970883907,0.09971068639449364,0.025541367569895765,0.33712621293330164
0.04870922583180054,0.02394249551745198,0.03098570443748198,0.1900369358688462,0.10408969448430962,0.1421561165337872,0.12789626688285433,0.05827953394166404,0.273904026501804
0.07978642803233409,0.13959166159827374,0.2030826063152348,0.044449740404372655,0.08087996931808268,0.15355250072902235,0.11682565095437551,0.032025605282756886,0.14980583736554728
0.0650586904452072,0.07032050970560583,0.1521437436492146,0.036076221667594464,0.3710326043634529,0.04749421795763432,0.11808446928212502,0.01661604421668054,0.12317349871248505
0.23715984328880624,0.032739283062943055,0.14536221933596513,0.12241596415768974,0.1254789975202509,0.10219827513109092,0.11859423202592452,0.02552710023134938,0.09052408524598009
0.0772649269885524,0.022391521703140488,0.06598296794900096,0.23579629929714954,0.03719019456079724,0.13706030935220556,0.1281752497994505,0.2325003917841417,0.06363813856556155
0.2356041246929109,0.1913782609757799,0.01787790736781749,0.044457157612273736,0.16681846000854197,0.07869689840966133,0.11541718788970808,0.014263881081001345,0.13548612196230517
0.24375923493684926,0.38152069654267545,0.14755749812819027,0.014858040313963835,0.010640254057778626,0.021967315241937905,0.11611875207612248,0.05947800349249904,0.004100205209983237
0.08264592516519507,0.008430112277947974,0.04580961975331077,0.2326120853083723,0.019397995318755707,0.10320073312353654,0.1022095425453546,0.375695956084757,0.029998030422770078
0.24716727184427847,0.4332284448349369,0.12221635719578022,0.011513651995813586,0.0025041038233097413,0.05900442479817214,0.08313602404002078,0.037852475203553775,0.003377246264134335
0.06788319252745062,0.06497057926296733,0.03498889160274447,0.19098555840981488,0.08701033956417918,0.14822077519986623,0.12343875486273963,0.04394002758752602,0.2385618809827116
0.4766341464330434,0.017226631240586005,0.04950565998438398,0.15228865559663432,0.025733407671526848,0.08359424602117292,0.08738423709891326,0.05317386936342352,0.054459146590315734
0.053291490005592745,0.19238056529739236,0.03134910639818352,0.1246504160083407,0.13540935418657982,0.11259868131877025,0.1111068592865841,0.051776458467988305,0.18743706903056823
0.06051683628424989,0.07269112910009173,0.3312631113218057,0.05395325054776779,0.254724910538113,0.04152360566465668,0.11280481089828635,0.00795973709266011,0.06456260855236869
0.04317414691203259,0.37249067684015524,0.11000544442733323,0.0645477269755914,0.14100168634269086,0.04405970969020475,0.0789595270061051,0.005307737274681684,0.1404533445312051
0.06297905239190278,0.024031444085124528,0.031191603312959008,0.13775986252190328,0.09406311278865372,0.17339708103768936,0.12224893163052686,0.04107362997221883,0.3132552822590216
0.10778166075517166,0.040467169053376245,0.028318938254810366,0.03185956290881689,0.2383315533762854,0.11061481368435465,0.09035365853999432,0.3483276460308104,0.003944997396380168
0.043297744475145505,0.0728012451455737,0.048741728277311214,0.018167673752610133,0.5036435697643331,0.038236155928020765,0.1175639610588597,0.11255511915344583,0.04499280244470006
0.09249342001315192,0.1254529776752237,0.041629270082893396,0.1671303067795706,0.06965357127729145,0.18938251274105802,0.12260425274772352,0.16060299675302747,0.03105069193005992
0.0612055008113521,0.0685525145248375,0.04639075928540589,0.18178954023621,0.07545735142832796,0.18194393188737878,0.14239879277024903,0.12068838335427069,0.121573225701968
0.06728084854983758,0.03114457397505659,0.035663625677067344,0.2409700772145973,0.05941991812504919,0.17856934303944225,0.15073667479949684,0.19286528662359728,0.04334965199585558
0.2343612509920051,0.2792471670981034,0.1521168086151737,0.02090292745101305,0.010701056859003142,0.029877958944093275,0.15582357233273605,0.11082207271089008,0.006147184996982129
0.06484682061052177,0.01729347565597383,0.029107166433796627,0.28043490975949975,0.05375784193547528,0.09234241482060353,0.11056414620512935,0.09070638766720486,0.26094683691179504
0.1579594724007852,0.024269450783223456,0.053081878261424666,0.2447883388956106,0.051646877774741466,0.1344089371194783,0.12215816610800749,0.04274030101690157,0.16894657763982732
0.0814020943741697,0.05334901530881677,0.12602372254430502,0.06680448828328865,0.13277621987733249,0.12143267887942504,0.11378890870521792,0.01665599539182273,0.28776687663562167
0.16699528093572094,0.02432447662232415,0.02968732645369811,0.37103518704498306,0.05957574181705814,0.10756442585515404,0.11946234412423255,0.08211422133141398,0.03924099581541493
0.05182990858190786,0.26063415389959405,0.14880323084208422,0.10059060224897427,0.04288012983777753,0.15812899816621226,0.09963658729398128,0.013382759642534983,0.12411362948693344
