0.09779274463842595,0.1747310106485205,0.054281150165706255,0.04804333886551063,0.16709472664739256,0.12639092775284555,0.10447653919766847,0.09232921220586447,0.13486034987806564
0.2284338971734169,0.07439569529686119,0.04529392948441169,0.05392352022422684,0.13782790820852256,0.13118911215995474,0.09590497017291306,0.1128002598357523,0.12023070744394082
0.08383437197401601,0.014122530463247948,0.42359476821987857,0.11388030760547474,0.03069554825677707,0.09163174734394884,0.0695000042158274,0.07656814215908155,0.09617257976174783
0.04592501469684059,0.04056568563736182,0.2923327027964063,0.1347344806182232,0.12349508433586572,0.10063313721595567,0.068224862877987,0.07084535544721736,0.12324367637414234
0.03286409669137014,0.04917308465302028,0.06334987641002614,0.08794570794664473,0.10691369679366321,0.17810432139849963,0.12131476075598278,0.15034756765452165,0.2099868876962714
0.1265546537837349,0.04325848022004033,0.05886287684742237,0.06965961392548307,0.12357764396598458,0.1307457588121922,0.11467294329317756,0.14863816867134322,0.18402986048062178
0.00782438531910809,0.05806975583065455,0.14289733721746098,0.1474362628266207,0.0924504691394984,0.12821139780999133,0.10959197244812267,0.13486657634682167,0.17865184306172163
0.10334439058981189,0.245127940731908,0.07587749914898599,0.03384392177004687,0.10161112166055764,0.12648367665359442,0.1184430560964476,0.1017774815958667,0.09349091175278085
0.12466960813229395,0.09283939214947885,0.07271052116336015,0.04392549023275218,0.13767557457545335,0.14565250922676468,0.11460798691097825,0.14221114716554079,0.12570777044337778
0.3464391353211557,0.04812049695159995,0.043605515064925236,0.0413056203803906,0.12807108531815403,0.11869841940226245,0.09646577411916636,0.08080742871464448,0.09648652472770114
0.09093603811801322,0.06761098641764239,0.08294788716775892,0.06728030348294615,0.11972672915472023,0.15837071373791922,0.14910345349302748,0.1271613861266565,0.13686250230131589
0.1277259786450141,0.037868744965470255,0.079058111945272,0.11037289439798297,0.1449236016354417,0.10916601699455332,0.11094631881781969,0.12251799392797803,0.15742033867046798
0.04028271348733303,0.030514059997840483,0.1885799919663523,0.0741212890871861,0.12184073923107691,0.1292499983065808,0.12981584025841944,0.13930502062991387,0.14629034703529706
0.031863042866728385,0.032133484527429305,0.1434771794850806,0.07011170826874706,0.16445909953915136,0.15325264973198618,0.15999114726623698,0.13107831770446646,0.11363337061017366
0.07758928379657681,0.12432780330471631,0.06865070233101774,0.08058917537049697,0.1567995683937589,0.14181084360997162,0.12918844408395982,0.09262898978915031,0.12841518932035145
0.091338909242404,0.09570267277074586,0.0681287217877596,0.08054999578035361,0.15993995787504353,0.12764345166826466,0.12703832406243773,0.13890621197112094,0.11075175484187001
0.24267216722081467,0.035100310043779594,0.15193957778417896,0.05667932422032066,0.05728059799100634,0.1169407692437099,0.11325636758592782,0.08687393409816029,0.13925695181210174
0.1241981452751874,0.04936222066582999,0.11974118402237693,0.04674939276264468,0.11096748595446948,0.1578112613713691,0.13694482956060397,0.1459620559411269,0.10826342444639149
0.41358069482483967,0.04408743245100002,0.02485690280472774,0.06862590371827891,0.08820246339035913,0.1113468162040734,0.08367753978632698,0.05958769740219524,0.10603454941819894
0.0317722862361969,0.03220201739473241,0.2356522937024511,0.0423361104901839,0.15919191222565118,0.14229114465876683,0.0977597675282799,0.1163682267322756,0.1424262410314621
0.12557357541578093,0.1498174135959984,0.048744985385799355,0.04297438384604807,0.17964343773732297,0.1278559488018607,0.11306531483484837,0.09518338325295107,0.11714155712939006
0.20223018781688182,0.06532909253068821,0.13009501195879686,0.049091891529804275,0.1028732739690652,0.1264969229744419,0.10553458641390752,0.10523673820006683,0.11311229460634736
0.4356778100364375,0.046484269772653186,0.05897838764259814,0.03243198129568149,0.08074532948367437,0.09006480332313131,0.1111674232395168,0.07036287449148669,0.07408712071482047
0.2548964980621617,0.03887652448108068,0.14631881640698027,0.0751022113163946,0.05921335836848676,0.09728670413285401,0.1375523387912113,0.1078139918627093,0.08293955657812133
0.3272541000737244,0.061787826654554255,0.05112013254772507,0.040543473180698175,0.14375035482971005,0.12458075217957461,0.08190831282497618,0.06985481727526847,0.09920023043376873
0.4636764966175801,0.04528254687073302,0.04311345811902471,0.028118075485349003,0.07693225459307441,0.09007226205634716,0.0918196415769833,0.0737136659157845,0.08727159876512376
0.031061443259091315,0.040173294877798214,0.08607021360463862,0.11545461894201708,0.09143842658615949,0.13812818113026495,0.10751549656320418,0.20485446147162545,0.18530386356520065
0.1509151042814489,0.026905475352242015,0.19043268591562312,0.0703002087853304,0.06412320381362291,0.1400572528495143,0.09309135548498543,0.14104486052024987,0.12312985299698316
0.10309223831834986,0.11590437904535174,0.05833027794418802,0.05414358393616017,0.20201303070844212,0.1301425489831373,0.11078730834458894,0.09483375419905128,0.13075287852073048
0.1753657453137432,0.09064664265845324,0.06597435392720209,0.04475113516352367,0.15663440067491008,0.12959650952411017,0.11280057684990358,0.11055825550803133,0.11367238038012269
0.07716635547734542,0.0968566943573086,0.048614514504768495,0.045595250472514816,0.20384977761099318,0.14111374920294642,0.11302789914343729,0.13095772039352868,0.14281803883715702
0.37610989462256555,0.05579117446930352,0.03190038080809613,0.10609261679312804,0.10221509620666018,0.10006815575936251,0.10514735801634832,0.051019917779818756,0.07165540554471694
0.03523300547327739,0.04788238348171503,0.05473314561935009,0.07820008981120434,0.16612708952238117,0.17086466005704937,0.12061228841690604,0.1527619734743685,0.17358536414374806
0.20935790179772953,0.04699550115767406,0.07026479247467732,0.07161284172665329,0.07982040644952551,0.15101610205066943,0.08584619799054587,0.15223071046247905,0.13285554589004592
0.061051778581577586,0.08710538047269763,0.09969069096790828,0.0510595064186446,0.17430385830894202,0.1539030354704408,0.14813896020965592,0.0829244396434234,0.1418223499267098
0.03530190034944251,0.027523463273011944,0.19746257126927744,0.13092125973303384,0.2075508844261593,0.09005582515254491,0.10921214956643362,0.1144303313400859,0.08754161489001051
0.06328805812786314,0.11351731682914101,0.05092790945338135,0.08429167664358528,0.13203202580076623,0.1555393737652485,0.163949334484758,0.1190197250997302,0.1174345797955263
0.15042455674129532,0.06913226722152817,0.08900723555027097,0.1190881157073967,0.08422429111799436,0.15448566091340118,0.10829847905375035,0.1125978146542186,0.11274157904014433
0.02906170846767801,0.04424820236522734,0.05956881142927425,0.057829167705150904,0.4131120980525305,0.09501830961687611,0.09499534569186557,0.11585944928512337,0.09030690738627395
0.09226619568418504,0.06227343603634617,0.09331585593680718,0.0569751342652877,0.18161707344864852,0.1287508419929168,0.08688072024107647,0.20135917447360055,0.09656156792113162
0.39384292426959616,0.04022865068950255,0.04229989442242064,0.0643784940363722,0.07793516630080459,0.10292995072131432,0.11033391415158027,0.08164480685196564,0.08640619855644364
0.23620646011806234,0.03712196955658436,0.0992185741401352,0.057063309174748465,0.06850137634967858,0.1045219327424849,0.1689940777517215,0.10283999210738025,0.12553230805920434
0.06211348262852238,0.02439173101297445,0.2487088326040038,0.09919380973169996,0.0721605284254091,0.0964662093043361,0.11694760902625147,0.14442810989307406,0.13558968737372876
0.01100253751571934,0.02205600582619176,0.342415395945763,0.03811855317704829,0.25389826512042407,0.08436621193082555,0.10453799887330308,0.05180323652895735,0.09180179508176767
0.07011651508137479,0.08477240347322405,0.053159947329653436,0.06569300272125911,0.18507846447403845,0.15457233990289607,0.12023943911897654,0.10840993164688985,0.1579579562516877
0.12234813523366435,0.09317333824881763,0.06865428255540246,0.046887598802305835,0.1546392135345501,0.141447378029599,0.1193115725763149,0.10270380474535057,0.15083467627399522
0.07597765592135358,0.09693074823537019,0.06832346657963605,0.04677300453624091,0.18053122935068103,0.14273318848742358,0.13635894342958724,0.11780672916794103,0.13456503429176644
0.135308109162289,0.10756903211841636,0.050186449011345814,0.04495805564974889,0.19248232555965725,0.13159281117322275,0.11492048306225695,0.10050167661237784,0.12248105765068519
0.10862139663750571,0.08765358815841395,0.061814239216810264,0.050707058785318844,0.15226969022113918,0.13772873208788217,0.11207348491693804,0.1375958296994285,0.1515359802765634
0.0018791949335127747,0.023817466208325606,0.08610208768248767,0.13491531010124402,0.056772912092938166,0.17877133941443155,0.1085196213196117,0.22533352592583422,0.18388854232161433
0.054673166643452675,0.07121981387768955,0.10193854816173571,0.05701201196481032,0.16744188710265373,0.14411072553368487,0.1365958743010014,0.1403306438125356,0.12667732860243616
0.1385221219500695,0.07109169350524741,0.05897213743877052,0.059957154968941946,0.17003367523364155,0.13847454208761248,0.14515510266767243,0.0830141297023678,0.13477944244567633
0.011338334259965124,0.008361416459809744,0.19213090590506654,0.2653866734154316,0.06630251121615512,0.10124624285553578,0.07602512680023243,0.1761504989417965,0.10305829014600716
0.1823441471461044,0.06925995891422276,0.07088915684877527,0.08314058987877482,0.13867239959997782,0.1225949589960675,0.11738937227982689,0.10480129467753602,0.11090812165871451
0.23563549219016952,0.025544862234416432,0.07126703267370992,0.0645226848025041,0.11506931050829879,0.10283855779353494,0.10661263394914401,0.15206448397800518,0.1264449418702171
0.2336025088903192,0.038836481763932985,0.054187249756167705,0.06856303345891575,0.08065030490101917,0.1347103330262578,0.1601012003182215,0.09855413751239134,0.13079475037277452
0.13142777124704694,0.05285341734405591,0.13660209910694113,0.05859381506538477,0.22189794469944948,0.10577136961536922,0.12144706016260332,0.07278328056808657,0.09862324219106262
0.22994932816814737,0.07152239133350026,0.06698824238681715,0.04850350288174035,0.1291839056660248,0.11723359981936539,0.10904948679795774,0.09828502711515524,0.1292845158312916
0.20619326043287542,0.014673162795745981,0.11927103257005124,0.08766877775356981,0.14491015171539962,0.12216142815780351,0.09641501944550816,0.10691967716241342,0.10178748996663288
0.24787906868079887,0.03265560399839453,0.06715263589113955,0.16432092024042996,0.06657918197944325,0.11341436675428401,0.07911647179694224,0.08146727718238621,0.14741447347618136
0.1065393330316371,0.10845686815957661,0.05857166157933571,0.054650530930093144,0.17603514356689975,0.14146017008575412,0.13325541320178294,0.09306299546432333,0.1279678839805973
0.07634254904596494,0.12277609913685866,0.07480447272249194,0.07072413050384875,0.1823061133918793,0.12886121719340973,0.10554414615396611,0.09089307833087303,0.14774819352070753
0.09413412026675672,0.2653608435495381,0.04843900323085135,0.039194040738930055,0.12909481695126734,0.1148481237935649,0.09916057179772013,0.08412345201301373,0.1256450276583576
0.044831805255047076,0.03421763382950943,0.20225114957213183,0.06938229768539196,0.10906784588705459,0.11762523563447676,0.11737483872076597,0.07962701254313609,0.2256221808724863
0.054907928156937076,0.06686354067607876,0.10143212649713407,0.14569875787417316,0.1572147150501807,0.13329826865123298,0.108497006148005,0.1093145135324669,0.12277314341379132
0.0025990009650839496,0.004810570142914856,0.320465118984681,0.07713549508701027,0.3140650727122158,0.060663925534607484,0.08510569004971252,0.03574738191413963,0.09940774460963446
0.13916651587770293,0.012451810738581065,0.14404073719659952,0.16734967063169295,0.08786657554428202,0.10975174222090854,0.10003534181065515,0.09955568079330712,0.13978192518627072
0.03314720306437433,0.07421372869578076,0.1567338532557455,0.06927726085439374,0.17091071248724346,0.13349844723461693,0.11984669425926348,0.0910419472500867,0.15133015289849508
0.06464778958154178,0.29645553501338034,0.06449902254830552,0.037827646641894745,0.13770822970198726,0.11061813986858156,0.09608612928628833,0.07763420323650151,0.11452330412151901
0.10591009371013231,0.0936975886034437,0.06857921009569717,0.06063221552563303,0.14827523077668275,0.15500702004904804,0.13148662665372132,0.11993526548257714,0.11647674910306445
0.03061374547128073,0.05781117081527265,0.0832352073583046,0.07779388316460448,0.2670642398109777,0.11847441234626392,0.13372239419072252,0.11491550661129075,0.11636944023128278
0.061450627495270825,0.07756981578062515,0.06748056170870148,0.03461722596206202,0.2565673246858111,0.12849786760665433,0.12564525078383285,0.11667797380791445,0.1314933521691278
0.25722322523658764,0.03714824449456303,0.2255031419952155,0.06319712610071063,0.06830912477256229,0.10344146973966761,0.07763627342553368,0.07038801630856825,0.09715337792659136
0.03656569641664861,0.11020113400488381,0.0835351861587706,0.09799016233157289,0.16587810838699446,0.1360814360345906,0.10670596549633853,0.10820817778449743,0.15483413338570315
0.055975949350751876,0.02367157735757801,0.2322031605927637,0.1283588961068616,0.07472318933489819,0.11584001978805147,0.0766995128891743,0.1603892158515823,0.13213847872833856
0.4866991854800738,0.026001340938088577,0.068723882433945,0.042490719988819516,0.08037111827982672,0.08142062015109612,0.07409653550663442,0.06161769637438186,0.078578900847134
0.145969191528509,0.030846652962172854,0.16870989528705607,0.08413265090313493,0.08659039080866211,0.14447577474051407,0.15963473939909387,0.06451785104493112,0.11512285332592596
0.005306492673244248,0.042639359443918994,0.04858398976439088,0.09104437531929817,0.20271411556890584,0.19176532329238016,0.13695502918327723,0.156871109764582,0.12412020499000237
0.04608900194248375,0.023936246599133276,0.15941530699544348,0.07764825732806012,0.18442947856541778,0.11426918283218312,0.0819245947978582,0.20950971373036506,0.10277821720905526
0.028730339861014958,0.05249536062814516,0.1319841010363815,0.05460661516691359,0.3235185003532594,0.10162544039321857,0.09667731179192757,0.07274231330331794,0.1376200174658213
0.03545969837985067,0.07035862406880283,0.06034596926513016,0.0658390000065963,0.21237817926072433,0.1488442202129538,0.12360043145070909,0.16826861370554588,0.11490526364968705
0.09189868936257135,0.0739475949731664,0.09771018092490506,0.05421616791635569,0.21919023847282834,0.13129639108825503,0.10316479269202382,0.1264813808186184,0.1020945637512759
0.26016858091804823,0.058766921799883846,0.06961079894765236,0.07550848312230178,0.10399222077850107,0.10984834053768439,0.10649314892245887,0.12048169088224614,0.09512981409122338
0.2452965007581888,0.022217736213614878,0.1317471957267502,0.08267090263041037,0.06484994762679423,0.1236762594589655,0.10535659499592305,0.10070257482223853,0.12348228776711444
0.04556236374467024,0.019295831381535938,0.3664966882920621,0.031015798710008813,0.12872155606547986,0.10602624844892587,0.1344000582157053,0.048109431243950895,0.12037202389766095
0.21782976259755352,0.02162018436792887,0.05148448240404312,0.11804665903015958,0.04129754689218864,0.11530527885920139,0.09932734180589142,0.09014712691776845,0.244941617125265
0.48591825003499683,0.04247099182832432,0.04602346649210687,0.037520823237819065,0.0647755443528626,0.08198320791256632,0.07946772354395049,0.07477136365139302,0.08706862894598043
0.15069909099700798,0.08373028841965291,0.08026158644447977,0.10168815134410543,0.1382330227514105,0.13152040496722595,0.1102495024007591,0.09287501772097367,0.11074293495438454
0.13509699336756908,0.037138259576930926,0.20716138712757512,0.18904949659940637,0.08280790978256775,0.0764065977482646,0.08746412963003836,0.11341495878793025,0.07146026737971765
0.2578247917297294,0.03803489675665871,0.03390478726110452,0.11521404922241739,0.14998610743277171,0.10524339089466896,0.09949092558828347,0.11681279547756585,0.0834882556368
0.06602957748247494,0.03756134346555786,0.20995328012827766,0.1886916245853354,0.061420423028772465,0.13773859688018517,0.10982170491607972,0.07621720845016479,0.11256624106315195
0.021537504308994582,0.05035510779794797,0.09916610259810316,0.1240402281845291,0.08580289642588655,0.1828041419898588,0.1674655139020315,0.11322048104481529,0.15560802374783297
0.16956447855933524,0.07821178399756888,0.05892439210577962,0.04297655373837547,0.14783929353602568,0.12638232895067375,0.10728389591476621,0.11797629903262381,0.15084097416485132
0.07904879338664149,0.01883861638356181,0.25380195979726755,0.04025228874953395,0.06699640410346984,0.12104733513056802,0.09839085258833837,0.21901486238293466,0.10260888747768428
0.2527687333079489,0.054869026796518616,0.10873558260333366,0.0390161553527713,0.10849899070183451,0.11243531269584113,0.11045170763885633,0.09199508239605984,0.12122940850683568
0.03791226899279816,0.08891182729787395,0.06581775967764934,0.05321502559358917,0.14290138670386113,0.16218882253368755,0.1821451801372184,0.11463289921138275,0.1522748298519395
0.10209828843743811,0.0862975156175367,0.04535458635141167,0.05153194046488191,0.23610837307320423,0.12830820876794255,0.11360557358879053,0.10714559189407936,0.12954992180471503
0.30541641881465265,0.04411286417520518,0.08091654493515595,0.03583324452415003,0.07734105451847734,0.09903090518025585,0.13244293113815,0.1174955365112872,0.10741050020266578
0.11019422455790533,0.026255726382813458,0.2297542490012284,0.09806465492081368,0.0773652036146471,0.11295845837231648,0.07666784831659618,0.10543351907680176,0.16330611575687762
0.026353884676650795,0.026918950384302715,0.10345387839430904,0.0908490340679744,0.1905793029508461,0.17802535160112096,0.14129146444930354,0.10512985607077045,0.13739827740472202
0.07878058096022252,0.08864314945879281,0.11391599059394668,0.053427950674040575,0.22294645609378935,0.12214909911119017,0.11047624496934354,0.09077690426747644,0.1188836238711979
0.11412403961387374,0.04678314277613085,0.1317446023778183,0.05811597119903301,0.12150713580626911,0.1353025978066611,0.12159072019581087,0.13198120387070836,0.13885058635369474
0.11998570074469257,0.11391482501029494,0.055536847716656366,0.07958016251807955,0.14498676195891122,0.12593232853058342,0.11301214574133485,0.11846377889443033,0.12858744888501672
0.0608900425817796,0.1433494989989339,0.13423915385043025,0.07366556169659921,0.17464752852335774,0.1170731725562842,0.09109229405701068,0.07490767861926144,0.13013506911634298
0.12235160753571939,0.09840947544994631,0.05339283819942988,0.05501240347673488,0.17849364077470367,0.141841241957211,0.1117185654797933,0.1083673322090482,0.13041289491741348
0.01332575057760014,0.028734305296864004,0.2226837658497909,0.06486752504236307,0.16668897432900054,0.11644758812773509,0.10560524234340264,0.10223708783649817,0.17940976059674543
0.12790974463794885,0.0505332241350099,0.04392964640058276,0.06654166143758727,0.20411504618900755,0.14474405758535414,0.11683228390488028,0.09578715627287969,0.14960717943674948
0.2029242350715554,0.04737359406955204,0.05898148822332835,0.1352991529872667,0.06016163491454888,0.14506345978646798,0.126639377592252,0.11913386268099185,0.10442319467403682
0.2660534492548347,0.06994707644281652,0.05720877990744888,0.0413566792956111,0.13023410046222914,0.1132901264322611,0.12110579180764532,0.08750869361108106,0.1132953027860722
0.050382714177554695,0.043086375164175135,0.12045754550215217,0.11557186118518063,0.12850181415333742,0.14584859631577968,0.11733410878887744,0.10346731174750558,0.17534967296543724
0.07524767485618646,0.11759556967866232,0.08238373585349847,0.07234030429097853,0.18813976914617916,0.13754731665952233,0.10358055133867171,0.09676520417613393,0.12639987400016708
0.010967678340432703,0.078299197633059,0.2563508521263372,0.26895130178605087,0.11097886802140876,0.07705774606653835,0.05674707314361682,0.05167832900405445,0.08896895387850179
0.06145675358826692,0.045480344525949325,0.061480316178478066,0.06318953061655684,0.10513456762801898,0.10602953246395257,0.08700866501275349,0.339699317543886,0.1305209724421377
0.14293593313236064,0.06254900905327715,0.12493556620373143,0.0606051301032183,0.12895575977256885,0.13913061355979087,0.1299685021608261,0.10321724642298519,0.10770223959124148
0.07407523830804418,0.06951747262391172,0.05903851109146511,0.18570449861458624,0.10687546226446626,0.1345148186055722,0.14244725574288505,0.12109118517635908,0.1067355575727101
0.03141118659613759,0.026087553810917846,0.07599100054517614,0.1389761109662729,0.13902634601949737,0.13299100757648805,0.1592651416900153,0.162208286579384,0.13404336621611077
0.01581309141675663,0.056062907392167405,0.16818754859425022,0.09319250987169525,0.1461242872561014,0.1286571249062657,0.1706597781230469,0.07925769140402991,0.14204506103568662
0.18432058730417136,0.0670652271910503,0.050218767999873244,0.056818975519360874,0.2004333423112211,0.13819339700563635,0.12247596932290783,0.08040866368184026,0.1000650696639387
0.39989173587803134,0.032035276278826526,0.07550440697712328,0.05906075733468157,0.08416232421269883,0.10105150428036618,0.08578815743689128,0.061634571200613,0.10087126640076799
0.08225893470394967,0.037581350457035534,0.11023901230430622,0.07863282847548332,0.20886367236230394,0.12433902766855866,0.09730251789731077,0.07880742231211729,0.18197523381893457
0.07254226442801692,0.08315849819140288,0.0915800789082513,0.14447383648849485,0.16629565719563455,0.14380897711807772,0.08989276931238906,0.10148114539973797,0.10676677295799471
0.19925288902228977,0.04306268549593039,0.048794034907640255,0.09524914473192186,0.12889256146267203,0.12094679827643195,0.09323639115030742,0.16386739003448217,0.10669810491832414
0.10060572058548371,0.11984803884350058,0.05424391423961661,0.06399054401906197,0.1557587240423136,0.13960436749516425,0.12391416182352755,0.1146257690316674,0.12740875991966427
0.2662046197958401,0.06675283030424042,0.07180979787432153,0.04491648370359494,0.11464628127613767,0.11403477447539419,0.1019154261960006,0.08886058252354685,0.13085920385092362
0.023370603866987232,0.02805294720795819,0.10263391814452032,0.1288603196922301,0.24566071403842937,0.14140194831704336,0.11289229611150282,0.09383316364274606,0.12329408897858252
0.3368900245516957,0.06274885936777942,0.08046872437281682,0.10901737246787184,0.05197964413466158,0.08815259507721479,0.06661944124993123,0.11839202373695358,0.085731315041075
0.10504274682188985,0.08096966338638746,0.08219140286740438,0.1101020666028623,0.18464259812873296,0.11440455692443663,0.11010177591429782,0.10224607738155556,0.11029911197243292
0.09136779999365185,0.04674288036468092,0.09526044916165728,0.05001335359905079,0.2024726318377653,0.1313425070146997,0.08778318204039348,0.1555719506146949,0.13944524537340572
0.01783764776000608,0.04714022699623177,0.14988552781222905,0.05949321212921238,0.2574635149254096,0.11600141595139928,0.13517990338872707,0.06986196099865531,0.14713659003812948
0.030524884846159478,0.07484409855301817,0.11921806335848995,0.07117774354047887,0.25955040411910874,0.11102137658251299,0.11258638160721879,0.11339130981157126,0.10768573758144177
0.2721304627946303,0.06432034521716666,0.03885539445896855,0.07981707357262688,0.12055998357650748,0.13615090743049382,0.08453633873768678,0.08985005522959316,0.11377943898232641
0.14466550276896228,0.053401036275243896,0.06227663931616254,0.09733906306312519,0.1591473999287163,0.16400266741819644,0.1477329176966421,0.07591818379280588,0.09551658974014532
0.06497559863243496,0.2920032970779241,0.05584419026297746,0.037350055233137544,0.1250631386443618,0.12633650659597107,0.10707207757067098,0.07649979834781002,0.11485533763471202
0.10816782985326649,0.05359430337173757,0.17194401659345004,0.11266154555776864,0.10702010048968906,0.12584853454527287,0.11553407816880566,0.08207113747458315,0.12315845394542659
0.052773963663936774,0.07542164308147153,0.04918748000282127,0.2417171275633597,0.15510677361366057,0.13572098385793416,0.10817444979122515,0.06998255525795825,0.11191502316763262
0.08554291213661787,0.07132311935008026,0.04971221289072756,0.044315008751347675,0.22177211002785513,0.12804874717986292,0.13224318457244016,0.14241878164702648,0.124623923444042
0.04775756097350389,0.08209606831205149,0.055606595756971265,0.056874295607306335,0.1451534566475377,0.1333773621781121,0.21205955638969617,0.15569982773903476,0.11137527639578632
0.325570315204932,0.035336196780905965,0.04602309570229881,0.06425106836249131,0.08632915267909218,0.11339553869047143,0.1328262822645183,0.09634799101672313,0.09992035929856691
0.06829028532941578,0.07000571208768368,0.09217603993244734,0.13566389853193012,0.11846732460931532,0.11700578912869973,0.10396883650013329,0.18885375865116613,0.10556835522920856
0.4339338846613252,0.033998196895496546,0.08222998494481602,0.04339364419936881,0.08691000230725078,0.08253509693159104,0.09983487660823782,0.08003125302772839,0.05713306042418537
0.11384041014883484,0.03736336213380478,0.09234871741147314,0.14013692537959463,0.18166162426878443,0.13184097267536352,0.10948683715706986,0.09157651894937084,0.10174463187570397
0.005541986718808567,0.027659501066268022,0.36944117321882847,0.19826204607227402,0.05835662671548488,0.07899623677731439,0.06798570940633035,0.13069265343067932,0.063064066594012
0.0960060380380447,0.10010646554745561,0.06622287395021643,0.04492722558346066,0.1734440462151776,0.1410214261331815,0.13827230452723677,0.10483430858471236,0.13516531142051433
0.44186834289058,0.0138773107741604,0.11613932508909557,0.06462583009044133,0.036377448225336596,0.08688244804214572,0.05944275125544137,0.08432400295524227,0.09646254067755672
0.15031762154325676,0.020699412603328828,0.17060494624230083,0.062051764504549245,0.10470705542751817,0.1312067087457925,0.14449563561330378,0.08908784310995276,0.12682901220999712
0.07640217058204374,0.30741192963331093,0.04922676269870203,0.03459410371464462,0.12929590787668857,0.11701776664598335,0.09374229102906101,0.07813018153126376,0.1141788862883019
0.16354319192383046,0.04463473883098023,0.1101720575470906,0.07455247496591427,0.09176559334980122,0.1338834561448844,0.08673460607822525,0.16464559317805788,0.13006828798121575
0.10125256775160425,0.23571442160108105,0.04459873412887061,0.03798514017383789,0.14919986764532908,0.11914681004689544,0.1033986497093045,0.09043540166530811,0.11826840727776915
0.12054426219861414,0.19244473707754053,0.043833957778266236,0.042981778692106155,0.16892622789185097,0.12138191635155111,0.10390085401405587,0.09236049531176682,0.11362577068424816
0.1941038639595621,0.027982166880534693,0.3053961257415758,0.09322756847236312,0.048609185391999994,0.08828463223938289,0.06896312010472738,0.059303316723691574,0.11413002048616251
0.17007770982778714,0.09918217048428492,0.057405686526678525,0.08195044839251306,0.13216162617630153,0.11780074353066654,0.13697017452641527,0.09960802817609092,0.10484341235926219
0.10187354069019854,0.020096025090286185,0.16719223895958205,0.18159757195072726,0.1195390463381611,0.10795490150365218,0.10428519307395089,0.05330017333807321,0.14416130905536853
0.03216158848788652,0.09929280762960535,0.1226996806227204,0.07994175743710105,0.13395738181005967,0.14737138114321227,0.10709701413984947,0.1325021055972385,0.1449762831323267
0.024901375005195996,0.03088584250862945,0.23551464793014976,0.16325318815002135,0.07228078356812191,0.13821887306465466,0.11510796891345271,0.09369121164280624,0.1261461092169679
0.036153777385239894,0.07726717601631318,0.17188418055288598,0.08072923924006853,0.1375869713431029,0.13124007910509491,0.09536736720249983,0.0835260512542298,0.18624515790056498
0.058950223226520604,0.04239990874925701,0.08167027806235795,0.21283902894922624,0.1541222737774501,0.13127694721973993,0.08404109402985253,0.11544925785109367,0.11925098813450195
0.3192515489179143,0.05700519768906084,0.02357677388025518,0.12137131906102876,0.10142173483439894,0.13114033285602633,0.07805958563124456,0.06204491494410903,0.10612859218596198
0.1704126759478051,0.06787528792545512,0.057242349572131986,0.05007873979722032,0.15489983427266305,0.1451673322729187,0.1256858296598026,0.10259987170789293,0.12603807884411022
0.04593625764318591,0.06536010199642923,0.04704219166016251,0.06452138840265452,0.18708929919540437,0.1355150448051791,0.10617770511065028,0.18902466237425267,0.1593333488120814
0.1601137130149789,0.07686521468553982,0.0583735404398232,0.0889631996151647,0.13343110470739003,0.12439917649738978,0.10991164381868977,0.1295230371331387,0.11841937008788513
0.03799595893558411,0.035081331223495806,0.129470620662506,0.1128007540542779,0.08788300636786772,0.16305292916278513,0.2297760622224828,0.07603975224662211,0.12789958512437846
0.03950673530921967,0.06530341308115943,0.08030865449524238,0.06599819251258758,0.23052671144291467,0.15715510228494775,0.10745616823288344,0.13052760773967967,0.12321741490136545
0.07483604898868779,0.07638017711231748,0.1292946965045572,0.05523066981607914,0.2058435180290735,0.10115105834224429,0.15351799995141258,0.07834549814579105,0.125400333109837
0.09648153789373286,0.08080356030696463,0.0760309084102313,0.061050429691043594,0.18156257031235193,0.14591050565018623,0.11477933052709223,0.10376310388530118,0.13961805332309607
