0.3844409883802542,0.03982344849368535,0.09505232524974498,0.07402266976495507,0.05111983747661802,0.046547351561144146,0.14181590897427485,0.1078566658703733,0.05932080422895004
0.3382684041992958,0.08156132240892931,0.03510116385115166,0.1543355138318453,0.10094804087514136,0.03968968757740197,0.12294283540762856,0.06054677730742935,0.06660625454117668
0.03327098337070144,0.13496797000633196,0.14723411716509363,0.05662856089453677,0.35083098190452655,0.09359938574554853,0.10587405330427646,0.04621469803550369,0.031379249573481045
0.1913077328109296,0.05385878344404729,0.04605427955628211,0.11143512088509148,0.08065276688424393,0.09383357724593411,0.06498330177679741,0.022080454658869906,0.3357939827378041
0.2456813579232606,0.050880109438130455,0.30719360103282045,0.05090575217653773,0.08635138032196482,0.03027778581133489,0.1579544980228251,0.02920298305441125,0.04155253221871471
0.4108376193173022,0.04513236502560705,0.14247406943350222,0.10431260182751424,0.04353514634202085,0.008736890568937216,0.10145882291759772,0.07741003067639941,0.06610245389111911
0.1113263025643405,0.05568577178664561,0.09115903608834552,0.08663409069511752,0.05456623384719397,0.32916581364535835,0.08327311522717674,0.07098117502038008,0.1172084611254417
0.4978330399462898,0.02702535176256285,0.03248134241710681,0.1406710747652766,0.07390655307911322,0.03268505653989053,0.08419655246175717,0.04253027211620783,0.0686707569117953
0.4381403232381218,0.05691019307011013,0.07251943313892914,0.13297707714675883,0.13752270399996755,0.02213170097917209,0.06423428741354305,0.03442646981660229,0.04113781119679511
0.042851134089777226,0.19574586711513423,0.13748710150269886,0.18527857221204083,0.028122982860264895,0.14256719876527638,0.10859673622857095,0.055957383846212926,0.1033930233800237
0.41142454619745256,0.035156807861509105,0.030993848655554473,0.12554505055573373,0.05339094122231055,0.026230907553598984,0.22652796037537384,0.03268444399933337,0.05804549357913333
0.5635913320475169,0.032480230866593296,0.05390931965868296,0.08477473158559275,0.09110726506073157,0.011950241931607824,0.07871111725743261,0.056483958689514634,0.026991802902327482
0.22402852950877086,0.03260497816735126,0.2748273276425701,0.06079596787581773,0.1402111668562868,0.06338105157955735,0.1293891765783751,0.04294395106176019,0.031817850729510606
0.021313604498513068,0.46101911843605264,0.04342488533572666,0.016796048210201697,0.0537120667303654,0.03783810447285974,0.04702713879336393,0.2651779036261017,0.053691129896815064
0.4400868904380948,0.0447177143050403,0.0743700299985889,0.07388156004095044,0.0539626670289474,0.005828015262272186,0.06231315290344997,0.20999207827013314,0.03484789175252286
0.04156670038639667,0.4521885264871426,0.026964608369780946,0.024218517030091563,0.0660275503727447,0.2556656205342689,0.048518021737510166,0.04263249364688662,0.042217961435177774
0.40375559387744464,0.1577384358034711,0.010474314956176428,0.03553455834235895,0.12817594888923534,0.016232001174316783,0.014713927504597784,0.13004185075198216,0.10333336870041689
0.05862382855133993,0.22572457291062986,0.16460958147085827,0.017114869823690544,0.08030053792605545,0.07966054492744161,0.2931444887346917,0.03401223208535863,0.046809343569934096
0.10927692722404285,0.07570541966729999,0.03172384290726491,0.19192022687255017,0.02907351041619279,0.03354792599368415,0.07672527093355179,0.027605273353968954,0.4244216026314444
0.3614396996187142,0.3582302134402542,0.016352714153346992,0.05099496342064371,0.03535767581403637,0.002634042084296981,0.03169824075723973,0.09667285887282935,0.04661959183863853
0.1701717655882945,0.024564771897644232,0.09399941454018078,0.11356258876273202,0.08673384274559383,0.012298534312964057,0.33719294038810405,0.14193686030821065,0.019539281456275783
0.18520689234432117,0.17299936775110925,0.028740577462927797,0.11155756229173286,0.034043731032493835,0.020776660820930663,0.03825257503721382,0.3633130525567194,0.04510958070255127
0.3935423951511492,0.06380290408131141,0.06407094934090511,0.13397919757064936,0.09495557386167978,0.03625610756450207,0.0739516103875602,0.08125517803033788,0.05818608401190497
0.09933569226574196,0.015740737514150505,0.12323362612914879,0.13117566336177813,0.14322642123081508,0.02501523774248308,0.22330090847511452,0.2162757946561631,0.02269591862460479
0.5671672595038962,0.05263692697816638,0.03784360796049455,0.08646755155254786,0.039508826348288346,0.012063832981463352,0.07821883242371767,0.05289992395683268,0.07319323829459283
0.6225990635952515,0.03367028682379525,0.047068713711905526,0.11246289834251412,0.049335156063505727,0.01755304553627218,0.05311491960904504,0.022199898722531766,0.041996017595178924
0.15975878055626724,0.06344929173063872,0.14685702529214859,0.2572275893823398,0.027448189321401806,0.03962838151703645,0.07533542018750734,0.04550015072935981,0.18479517128330022
0.048254747486943105,0.08912550161151428,0.16145339580971116,0.03902544045353567,0.06409021985079394,0.3989793849313945,0.07107946086879106,0.03359627122029313,0.09439557776702312
0.5502245594291869,0.0629752104793344,0.07080817859707053,0.08299821195112211,0.0348367922671162,0.010533736752485631,0.11321935783252485,0.03989075304021509,0.034513199650944314
0.23251664019112708,0.07529879707437091,0.051443012870179015,0.1569422558160578,0.24328290871223793,0.04122311742665608,0.06515727722553598,0.07474892268367796,0.059387068000157216
0.25461575992979546,0.08635967968505424,0.03333324112483841,0.24505501684334471,0.06347507855702368,0.012028061966146997,0.014280728474212056,0.211245054341189,0.07960737907839541
0.07069790342682969,0.11413694405956105,0.06149981527346358,0.12413897216837928,0.19021702307122187,0.053204894557045156,0.08969010682198299,0.229903082289137,0.06651125833237938
0.032959377154873924,0.1643624326878403,0.45005315048172,0.028039609566769,0.13969342932949755,0.06905723886721836,0.04690338866534415,0.03257385757780422,0.03635751566893241
0.15816233696806767,0.06952774363147515,0.16346968054318892,0.07031738481706921,0.31042059590662646,0.013480281013916247,0.09894349981318347,0.08937071637661603,0.02630776092985679
0.10462125442469267,0.09905203975767633,0.08813229423396206,0.022532672494762363,0.2242681381739069,0.2356572610340355,0.13763715054586906,0.02680244947527607,0.06129673985981899
0.544332564551241,0.03190780269541451,0.03245967593039425,0.06940825535453042,0.12501003819225895,0.00495331271852325,0.03570143380774046,0.11843737851086932,0.03778953823902785
0.4274903370446043,0.014643636341168728,0.02726821830663496,0.07552656717728735,0.11621144222396267,0.00920559186162091,0.22127617824000279,0.06258712542495758,0.04579090337976072
0.5438496797195144,0.03784422845457755,0.07734136375820777,0.12524790242576547,0.025367030488121903,0.022098447294631677,0.05944013803918643,0.032393696134404334,0.07641751368559041
0.23764760898306972,0.13208800497534523,0.07837660462737008,0.08502439947505415,0.030211563247935964,0.06970037199219019,0.2062208011370692,0.044886137097709354,0.1158445084642561
0.12613511672926933,0.05206998311296473,0.03834287439450565,0.42517083693496116,0.1359127464079043,0.008241672997919365,0.05744212522257403,0.05488949003373019,0.10179515416617124
0.15441516976925965,0.08751680584109046,0.051304092635663635,0.2852302426951674,0.047062103667418864,0.04041309420773343,0.028726845711313564,0.0927200348457999,0.21261161062655307
0.4510745011396186,0.016747673467731605,0.031066005913493955,0.11706777547747578,0.13242109767007285,0.005942043772198844,0.18742382097534496,0.026478867513095732,0.03177821407096764
0.05549778742205271,0.02752800507273433,0.07104340216235021,0.058825392236822864,0.07906588824166709,0.08456774753033054,0.47176986063638066,0.1274690822873837,0.024232834410277914
0.05963551921146824,0.18026944361071173,0.009959767210356065,0.14249849618245872,0.2346094407832953,0.03962192203111809,0.09473446727968933,0.16417656275518003,0.07449438093572235
0.08299811323828261,0.28883863942949434,0.1853037976286017,0.06841393947987424,0.16375765026225206,0.060848867926441876,0.045584212414818887,0.05703144621237327,0.04722333340786103
0.19594140247546274,0.06789044173198956,0.2895217047146025,0.1474525227277824,0.0650316427477771,0.011266653458154627,0.043748594581676625,0.08246201188680365,0.09668502567575087
0.20906858973021905,0.11160818136198214,0.1614432079135518,0.019072745309731225,0.05944741609778784,0.1117534621610438,0.1385667494555198,0.15218334962070545,0.03685629834945887
0.2555240108467787,0.11764766900131918,0.05362192598807627,0.1392708665977789,0.20373873453012326,0.008044492406493369,0.060246911796403645,0.07358585399020572,0.08831953484282089
0.07092305764107154,0.1362177103520019,0.14156587705143678,0.0648728709192126,0.10279608268707037,0.04840805492081796,0.07084645532625423,0.08277842931760315,0.2815914617845314
0.3890783848092701,0.06864952091410825,0.04298016806432916,0.0813448777127818,0.06262335504967606,0.08643721884513682,0.032814973798819244,0.05364528062372129,0.18242622018215723
0.33241400163306833,0.0679941600412415,0.08010667514396591,0.11275127351689722,0.10891118758909779,0.04510242102489872,0.09863652596886972,0.059322305596785085,0.09476144948517579
0.2079465258256441,0.04337460983224839,0.26479202490508763,0.0161246252120476,0.09393084111468973,0.08894836563925801,0.13898740454663397,0.06852614666408345,0.07736945626030717
0.17132683010146368,0.09795587717790118,0.1267291059472643,0.20538876730828162,0.0613496593952135,0.06768531388482586,0.024367317405313272,0.09900581408436256,0.14619131469537408
0.06750710881004142,0.08045473002238807,0.22542078091499532,0.056295618508715735,0.08777993977379601,0.22791656816628333,0.11965324876307286,0.10607647226071475,0.02889553277999248
0.5544552315123265,0.05648350003379349,0.03911045204349353,0.12404933885810686,0.03731567616902627,0.01866202291046018,0.06792692111624038,0.03389055403962676,0.06810630331692617
0.5046720292421814,0.05265076212817799,0.04742378768028057,0.07360787542811015,0.10665725431558537,0.029444789534308218,0.11974483908308449,0.01713118653403356,0.048667476054238344
0.39187914858784706,0.11474845969449328,0.02510426247558038,0.22651901007170472,0.056361784081367515,0.027884883059210882,0.04985489593742005,0.03628833480987001,0.07135922128250606
0.17640482859926768,0.07570443143379142,0.09957201315962468,0.17243929632088814,0.21230026732519347,0.015133674719648221,0.059186086233723505,0.03672405413840068,0.15253534806946228
0.3659033446110094,0.07428663892679373,0.12582276542521548,0.14319901304097163,0.08254002057898356,0.03707821404295204,0.09047828513230416,0.02680673474312779,0.05388498349864224
0.47806471167003606,0.04622361249235941,0.02953806363613062,0.14632795398698192,0.14838764391036144,0.01691528929251501,0.06533347850046338,0.03499475608678718,0.034214490424365
0.14273338721681164,0.24288778518273887,0.06941015764067687,0.009189148755420002,0.1194335063780197,0.011246812944982193,0.013864153149270357,0.3466339698934346,0.04460107883864578
0.0638130872388888,0.13669438102764572,0.3118364340243298,0.06969083368814223,0.17177682879879588,0.0457554202779974,0.059882667076309175,0.07207113077062359,0.06847921709726737
0.17545689165319356,0.04911369865250154,0.15189320849874874,0.07730272609953494,0.06430213999923566,0.08128759476254983,0.06533633460161128,0.020909158984209763,0.3143982467484147
0.03679710041740045,0.1751697411192119,0.2849794617581221,0.03359964604405421,0.16471723390977572,0.15435727793041223,0.04601977947955501,0.05154826175340288,0.05281149758806556
0.53073664827398,0.05355334304647771,0.03969551868175417,0.16347050304020394,0.006344058071479455,0.045797046546133695,0.08682033020866346,0.03393168618084653,0.03965086595046099
0.08979448995705623,0.09901451700501496,0.10907831893541738,0.32547798295595737,0.025980064183936186,0.00978655505868959,0.06042941628505539,0.1088604560465918,0.17157819957228118
0.48577633777562124,0.02760898561988601,0.05786622902306862,0.08782209160075181,0.14576959318760072,0.03581502043083796,0.05038723836794747,0.06273360529783571,0.04622089869645037
0.05125509068435935,0.09700397428791803,0.3645628212387841,0.03161530943007431,0.0919098123466413,0.05808053265209723,0.19978355627444813,0.08116523398955673,0.02462366909612081
0.34342551934567506,0.055509488852811206,0.0924203155519401,0.11150773169222572,0.10070857442229865,0.10603914472591763,0.057845697124651985,0.08488161966779496,0.0476619086166847
0.060511829023158104,0.5283607648741958,0.051993077225978616,0.04206293516999978,0.09003518641519796,0.045889823059042247,0.02841666436847644,0.10772421713677398,0.04500550272717698
0.16464781011978516,0.16864384731095325,0.14620382684630698,0.11583122707365222,0.09651274421999782,0.07097985743858204,0.06042822260081262,0.07067969409163928,0.10607277029827068
0.43056980111750015,0.0909639086002045,0.058451862707354856,0.04094853077221293,0.022434220948936778,0.04670973381544491,0.16556680473979987,0.06980926603019048,0.0745458712683555
0.5013370488082227,0.02703266204492114,0.09926043366371368,0.07705722085541496,0.10865583828400376,0.012997285802035435,0.04382671659077108,0.06644996433213124,0.0633828296187859
0.5153319400322974,0.0456567619363791,0.048165618287299816,0.09143523387767173,0.08350561370143024,0.035690683508264764,0.09625843072796392,0.02402268746392297,0.059933030464769936
0.09010868692240027,0.11521187347465423,0.13040948522696796,0.017147243298044526,0.33232111412353355,0.06017561443703342,0.08798505498527527,0.14213278750172448,0.024508140030366398
0.22302882091145468,0.07740513508002654,0.08220211068645038,0.11136818119412463,0.24925474283666782,0.03242828352147366,0.08671560415348616,0.041762688025874545,0.09583443359044157
0.4236939052208404,0.04062858272879938,0.15508447413809248,0.06839469524140766,0.04303373107181763,0.011311518934960617,0.11351889233692476,0.06316707452115877,0.08116712580599829
0.17102945092941021,0.20510516612789065,0.13818131321591476,0.02226375905611261,0.13827925724188214,0.05379549104403753,0.040300556651906315,0.18603757044344615,0.045007435289399565
0.3636797534694975,0.08800479816234015,0.10150138895500788,0.13622365871082115,0.10003504748677398,0.01884435007893449,0.05591085295110284,0.0807018661699709,0.055098284015551176
0.5065587936443664,0.06253140747890677,0.03362637668803451,0.13864333818755062,0.03162840101717043,0.0376966786672781,0.08767454142968446,0.03316437559872742,0.06847608728828132
0.07897693189190105,0.06122590484283985,0.02925349825223737,0.4174915399761638,0.15126486846523976,0.051036736632841674,0.05222091264987191,0.055320377106298585,0.10320923018260614
0.6272921808662143,0.029876429125858348,0.05910779035550514,0.09918155289071025,0.0465708595989226,0.015955063274705094,0.030317373151029225,0.0231300391441327,0.06856871159292233
0.5323984629336507,0.041845474764101,0.03848785052713419,0.1483263114533223,0.07286992718203812,0.012848661782613147,0.05458980984263764,0.019464007432100732,0.07916949408240208
0.5636129573596876,0.04667735760401348,0.05053337405502537,0.04472708309788668,0.02303133687598292,0.11855306880000592,0.07711284963603927,0.020835550091285047,0.05491642248007363
0.015044521288190177,0.06349604488955314,0.1864920975057485,0.01294363374901219,0.13646612590541882,0.30253260457400116,0.1867625918299336,0.05270405492411417,0.04355832533402811
0.117191199177323,0.15737294438639235,0.11587266374597742,0.07005742514715675,0.3076742246662854,0.056598297187259734,0.07725822604410719,0.05380002447877791,0.04417499516672022
0.1031970259011112,0.10865776837994594,0.08987452399918106,0.025388402602199326,0.08308311637530826,0.3657035398232571,0.11139540693272842,0.041848990176777574,0.07085122580949103
0.03128477507989293,0.08735833897203571,0.1297028708725023,0.022214672760234606,0.18433128189271616,0.4180258542703444,0.03805409096199822,0.025769712191315432,0.06325840299896032
0.5509400276335992,0.0297078169527609,0.07732479985067504,0.11307740057523412,0.022473397247406306,0.02524600673542478,0.08913679468439395,0.032776187223882404,0.05931756909662336
0.1949157779180726,0.04780164909859428,0.04825098017479686,0.083533660950158,0.0575885377038323,0.11723689517968754,0.03179943606428193,0.06963070415350753,0.349242358757069
0.3383809068292209,0.07381190136451318,0.142078187103831,0.0950406443351362,0.03514221058053687,0.033495084608957455,0.07793302298541378,0.047139503268023776,0.15697853892436686
0.05177128142571022,0.042696360009211516,0.3066159167727842,0.02720492107820059,0.16618221617998571,0.053715710934814885,0.22991957732191678,0.09676830074043473,0.02512571553694133
0.3547687442008258,0.1280098049800343,0.09560764602440462,0.06681202440702692,0.14628781897768675,0.012346533492612796,0.05686540247816376,0.049578384177272374,0.08972364126197269
0.32142539705044243,0.10733539886189176,0.030043545490034313,0.1348714170423709,0.14894584065571184,0.025372308922405478,0.042657358470755184,0.05040837820357296,0.1389403553028152
0.45458873833109154,0.0674761246929751,0.017241164452991075,0.1592932625065052,0.12389420250245263,0.008148191018059671,0.04372972233612765,0.05344849871920319,0.07218009544059392
0.1299675992201757,0.07956235144547646,0.11126927718603892,0.15064936019481326,0.14746273113794844,0.12033707899639555,0.07277651204140885,0.09492550380812521,0.09304958596961765
0.03602028695126655,0.18816172185725422,0.18188308281536605,0.026015002402941998,0.24259668095351708,0.14428086692968264,0.06879233679250828,0.0682698791507315,0.04398014214673163
0.28179148057493314,0.06994796428691358,0.05462940119867351,0.1217564539297088,0.1846735143105104,0.026617742163658784,0.05233103247153784,0.11642790544219624,0.09182450562186772
0.33889838681002965,0.09280939167394442,0.06690371193732757,0.08300426326635942,0.12619180071977,0.02689729081088088,0.12747691023488664,0.06952253270040094,0.06829571184640051
0.03040022722953521,0.15694878216645933,0.11064007571333019,0.031174404289423224,0.4469036043649018,0.10857187686701669,0.05595256125493453,0.02600990677810648,0.03339856133629246
0.29124158638312886,0.08838051783869476,0.06500500379200656,0.07754015192269353,0.10681723525696496,0.10031578030166645,0.05633116936318314,0.1408324112119718,0.07353614392968995
0.4614643347679097,0.13021077954712126,0.0370020194041643,0.08029748532297033,0.1075971373293455,0.03902504973814375,0.03173388929279456,0.043016128020857934,0.06965317657669272
0.5476863632843075,0.030022645597570254,0.061496418764488255,0.11676119535582012,0.043991662221481244,0.046071322693392876,0.0597407341786907,0.022969773064186728,0.07125988484006225
0.29799581868245534,0.043650604414021056,0.03319312777363728,0.1562557594512468,0.13397686981262,0.020423534974037982,0.17412674890640112,0.10171992125766212,0.03865761472791834
0.17781621763415334,0.03458488988414473,0.023701257792975317,0.041482388279157845,0.43406529105490704,0.08022673723774058,0.09775137227938104,0.09038138058207656,0.019990465255463528
0.2786877768820258,0.2306381541570003,0.019971307926206282,0.05380254799714679,0.10754266813582769,0.03778700832171522,0.03063647859499995,0.09680029132137469,0.14413376666370326
0.0271989392768075,0.16918740686185887,0.31743030282132817,0.035184175230991405,0.2416010908170203,0.013689344492060862,0.05666998069224035,0.10121523227595457,0.03782352753173796
0.10904553910495711,0.03553315319039966,0.2592302572932943,0.14330384043853786,0.04204818657418646,0.14561810416356885,0.12847431362318457,0.08999804110373909,0.046748564508132064
0.029923918083915164,0.12447709384456469,0.12671393266834355,0.04928639562602501,0.09788011518434893,0.12262805471792744,0.07642789006785485,0.040676446420038564,0.33198615338698184
0.367343499244882,0.03026532692305663,0.043637268347621994,0.1861879672007222,0.03927752870059076,0.01573920196843333,0.21407192628882274,0.07608827319359412,0.027389008132276293
0.48817372920547886,0.06373441348368276,0.03806231852851138,0.0806295379319351,0.10372451766843142,0.018078264129720027,0.038166210425715975,0.050483934890788916,0.1189470737357355
0.3599974941242288,0.05317237314595242,0.07705010744454605,0.04484213133423259,0.040447225878540334,0.07260565754006973,0.1458440482261816,0.13160522182457382,0.07443574048167463
0.05103385375891867,0.16646175247897707,0.07749761130392259,0.07821002458053966,0.08452791111439745,0.24436637875249967,0.21318401760858996,0.04378440341142751,0.04093404699072745
0.2527107973459521,0.07841746118247826,0.0731855275278012,0.02643892083210721,0.11942255614177177,0.08169700938538935,0.23392177403277567,0.0743366283476993,0.059869325204025166
0.3966601917586609,0.06523387365890687,0.11399363779456156,0.04801308381140223,0.08015908299544654,0.08628220721284284,0.08507592012461763,0.05043023495031095,0.07415176769325053
0.22743743580946582,0.05782653915240967,0.08010104690824503,0.20963154035718704,0.16810378790016367,0.02422283785083049,0.02480200015631993,0.06341621396366091,0.14445859790171744
0.17621444040794762,0.14131289377566866,0.14529174386488283,0.06159754553439711,0.07969688829049143,0.09142322256228082,0.13778030917490985,0.06792913121849155,0.09875382517093013
0.3648391273605724,0.04329579973815247,0.0716300181445213,0.05257005446392741,0.1631179354957966,0.03034658229956311,0.16781431919485956,0.04425003256913417,0.06213613073347305
0.05130100732668075,0.18590236314288047,0.04043173588772782,0.026259259240338274,0.4021790179192082,0.08670046276441713,0.07520006784865774,0.0942556147791962,0.037770471090893334
0.048498409569576184,0.22572388527320253,0.101334713917575,0.08665923930890891,0.03689385042496766,0.02410210497397509,0.051286611298490194,0.3052028877970973,0.12029829743620712
0.10040509798450718,0.07347013252544322,0.2927261869380409,0.01619731551251605,0.25161211065734673,0.11887265828947417,0.05743905618449535,0.044295002580249244,0.04498243932792706
0.47170330023215007,0.03849688842767061,0.05880347986697717,0.0731459662326795,0.03505872486889953,0.08270365401381108,0.12494847121242918,0.062260853419451895,0.052878661725931
0.5085793787260892,0.10920375392592613,0.07596512716366184,0.06684148692991275,0.03207471826149167,0.030018908904343663,0.08719649249042516,0.023462853841166434,0.06665727975698317
0.10428830574772874,0.1255734366089005,0.13611444205401316,0.040792014872624405,0.08847819031262849,0.2210645805374384,0.16083688963157966,0.03577556871570192,0.08707657151938468
0.3044750323853252,0.03386814145218228,0.09270905513078748,0.12550676955233311,0.05033239167464815,0.08786509318288016,0.1844034544080523,0.010833593094884528,0.11000646911890671
0.20340751806528592,0.06551558505898085,0.038556673933261655,0.09105093562794286,0.04645380183969916,0.10417862375286129,0.047260117519302626,0.020550240398363496,0.38302650380430214
0.03523375190167712,0.30800419289730585,0.09890728410398576,0.05552020934890045,0.25062949250277916,0.038050159616070105,0.06850485710764928,0.08308202516581109,0.06206802735582115
0.0743143683284176,0.11696381067109159,0.07541286672968225,0.025200103839569842,0.10646128325231606,0.3414610796358577,0.08736573594382797,0.133239382432182,0.03958136916705507
0.01167812417568495,0.09237218716070354,0.2108364616527302,0.08237460631587103,0.14616773471871472,0.13572944047045035,0.028289200852509643,0.036688031518811275,0.2558642131345243
0.3924270576710427,0.06668693103807304,0.1366237838842087,0.12367000148685821,0.010063533557401931,0.05455957156738339,0.14118259359095062,0.027443683039475076,0.047342844164606435
0.1163310327511037,0.06568061516365262,0.12464357546888967,0.048212296583185536,0.0944545128743779,0.4151611796228154,0.07216105492708969,0.02193170906196112,0.0414240235469244
0.06457569607598256,0.11608006042660007,0.021158385169500655,0.11555887291149299,0.07933207775431865,0.2592967270488969,0.24701612629625788,0.07375899672103013,0.023223057595920246
0.13663504463123943,0.061796373517076925,0.04268902705372211,0.11723019295469038,0.264208947711555,0.05688308524232047,0.16393866428764747,0.12010132706208039,0.03651733753966785
0.04473880333453256,0.15114214084145755,0.3107057851185067,0.02343042412183846,0.15144476327435832,0.09997902704162333,0.08122149250410106,0.03931867125580085,0.09801889250778117
0.19503397085733384,0.05310277706488464,0.032890892636859174,0.2350193203101586,0.08727423825441327,0.07210738540452372,0.11683107584011056,0.10792731466349392,0.09981302496822224
0.16468847158860758,0.10804770867622093,0.040635370824496864,0.17556678247294935,0.13553347462800044,0.0691510858724597,0.05039379990337776,0.06636673768033764,0.18961656835354976
0.030939005296806026,0.07226859721483947,0.08283187832272718,0.3835165103979597,0.027765040509692196,0.07362899611460703,0.015712884348851434,0.035104715272001506,0.2782323725225155
0.0834105293809864,0.18950532631657305,0.06643320049018682,0.04250973483860409,0.33070538967442464,0.12208117504928079,0.04383684782995717,0.039636567849258515,0.08188122857072852
0.2921561510344041,0.11092604760670062,0.024900962647038633,0.036358623563300684,0.10684841572846838,0.06161471400875163,0.273233289398899,0.06438171622819928,0.029580079784237625
0.17405649806652593,0.0824096204542654,0.160994823117215,0.35636202285395197,0.034453007711915194,0.014625870654138742,0.03976461554811458,0.057161503666148444,0.08017203792772465
0.06927519715222068,0.10663678387536478,0.04186819599356653,0.02071787147233887,0.4817461661838083,0.02965644614301798,0.08138207143175312,0.14170868481270835,0.02700858293522145
0.21617438061293112,0.07588684079987261,0.040627151745221406,0.21549028842727036,0.12173599992169633,0.05029444520921946,0.19648272907885342,0.03938926859624442,0.04391889560869081
0.5771937977144702,0.03200844445557733,0.08349466091666162,0.1362510114399271,0.03749045145038397,0.017525235109950937,0.03149076914053481,0.045076706562539336,0.03946892320995476
0.5217199285051928,0.024166849047940465,0.03344507757505355,0.08821246829801528,0.05548800179631608,0.014575763501813934,0.1536943454463652,0.07075036866630728,0.03794719716299547
0.31244366834661635,0.03526730326445232,0.024946134777876064,0.17897747410774525,0.12001507267416094,0.007660614596139995,0.14450506204707145,0.14447005382937522,0.031714616356562385
0.03113180510190976,0.17319279678266594,0.22842722050308417,0.010269976427143918,0.14757106309502607,0.018997689828268438,0.1983266325457478,0.13304745152138905,0.059035364194764905
0.3702468110622686,0.03648771490446504,0.12583989655204783,0.11981261246503816,0.08099246924298777,0.026753704633188217,0.08993092450301031,0.09049999928167883,0.0594358673553152
0.3239778311857437,0.05116887514048677,0.07846588384580257,0.11476179398380432,0.08289014184266402,0.008781543332305361,0.20032907991217255,0.07763547030587475,0.06198938045114601
0.02509889976930535,0.1392965775528565,0.09189569427636622,0.021802509093892693,0.041555972089864196,0.4142534405640898,0.15047125160344132,0.03277604066257854,0.08284961438760535
0.04773267137815529,0.0655870952664679,0.06396164615460281,0.02304353977765028,0.0706552290707036,0.474455352799848,0.17832336446371674,0.0250729144774022,0.051168186611453094
0.40606084055315456,0.0973080406640323,0.0486747757376157,0.14214843799771873,0.16255553203397333,0.014029942393991787,0.03264272301661362,0.04257403889915371,0.054005668703746255
0.2191332318547433,0.057876737836783175,0.04879181389746573,0.12430874693780593,0.08721091703935008,0.10187194981445756,0.026910420383445478,0.03181537068119186,0.3020808115547569
0.015228166669396914,0.13412069876907465,0.4572534624172972,0.01498801425742143,0.07911484822440207,0.14392511975970718,0.060932534256792244,0.053607751375025235,0.0408294042708831
0.21829596199751564,0.08678889308732622,0.10701253628438982,0.20943249409055242,0.056868362704490416,0.04873174909262166,0.17492658880554635,0.02791088220695161,0.07003253173060596
0.02967199313044912,0.14731678778237225,0.2287506947899706,0.01615504431387922,0.023181016661486278,0.41238446796140443,0.08221333315272537,0.0171594009195408,0.04316726128817192
0.1994497710126907,0.11782495399741445,0.08887050135346103,0.05544777917219135,0.06873757378145685,0.17137702664986465,0.0860172258652735,0.0786844555998804,0.13359071256776703
0.062196307077220375,0.1920012283195824,0.25729271090129896,0.01762483192341835,0.2650037514361538,0.04889015029956923,0.025580404654629574,0.09301379949805748,0.03839681589006977
0.13473705778806264,0.06529751728102089,0.25647625912529076,0.08415117775151533,0.12453314285621651,0.10941034085711761,0.12313096092319152,0.06503800667709356,0.03722553674049116
0.08463989969471301,0.060902241511773335,0.47058639355161375,0.036929994137714556,0.1766555139900768,0.022678301271758055,0.04150105865502133,0.08552915364585623,0.020577443541472878
0.5806601282785968,0.029150857858560867,0.056445970223382796,0.10478604277222636,0.042449644054704805,0.03286215511550816,0.050162523579053375,0.04376996431739719,0.05971271380056966
0.08441120097988626,0.10432486938378625,0.1261838913879509,0.35279184400235275,0.13343837556875793,0.04336087210442801,0.024316988664316294,0.051395499464832066,0.07977645844368957
0.13675478354547654,0.07185277207696986,0.14743394587008396,0.08811031666709024,0.02833891723610075,0.06634367492185211,0.24767706129375885,0.1652481783266363,0.0482403500620314
0.048585916062034905,0.10048557375218713,0.08995948991358828,0.025370028836546838,0.16912292003591012,0.08667033113466543,0.26451045062312234,0.12178728872283723,0.09350800091910771
0.049509570211060346,0.08506487924243918,0.11185772304425949,0.05491806275181287,0.130335619460083,0.2056238922784626,0.19218255587100627,0.06876810599367064,0.10173959114720567
0.07415500804032617,0.12600844990882154,0.19602938011458174,0.03270400089939606,0.29221690780836324,0.05612321281325896,0.10522777073927185,0.06303303025490323,0.054502239421077237
0.037571262517370585,0.02828270796064974,0.18511372191804917,0.021314538748800422,0.10026579533974593,0.4174172739971341,0.1408704979794714,0.02333349028259904,0.04583071125617958
0.06895897780106304,0.12380280668570808,0.17509258609880948,0.03421789991522612,0.20348947531639996,0.07326824248021603,0.10579460878307041,0.1746645198473762,0.04071088307213077
0.17247663733418897,0.1900642982852253,0.07602441079932035,0.0755702865789497,0.2476795784680057,0.03785648277011063,0.07916223874713536,0.07829248022009429,0.04287358679696973
0.45698334652793166,0.04983120309454664,0.024712567082777026,0.14081330879704304,0.03988086346063002,0.07749348514804036,0.130258501052176,0.028604641319007012,0.05142208351784827
0.13578603837167216,0.05880378239283018,0.1454103757210449,0.0794357443147581,0.2559098628822419,0.06933845336926497,0.061756279878125264,0.13161434969947414,0.06194511337058852
0.3648246611553587,0.05828947084833073,0.11059258008845822,0.09612999136243051,0.11688524862524118,0.020445262830021,0.08114192254539672,0.06656114955976829,0.08512971298499461
0.26915243814620954,0.08844235266519786,0.15954615608935308,0.03933542455587036,0.05550786784558026,0.15052509074504053,0.1676613393218563,0.034314931876748535,0.035514398754143604
0.05621985514519053,0.12035612442143707,0.1786038301196807,0.09512073748366533,0.11971219192578031,0.016371923465827155,0.07805387032880236,0.28155247165044667,0.05400899545916993
0.19971270126442675,0.10282061895601464,0.20777070562281155,0.05534219883893798,0.03242632980248047,0.06440221633603473,0.06279043975122243,0.16631452236697006,0.10842026706110135
0.2339962895873641,0.05243429020403237,0.03786125511466086,0.1408724461807012,0.13650472209049525,0.1355490023557332,0.10997722238253986,0.033655186052842505,0.11914958603163063
0.030661974747660723,0.2565181385687382,0.1376494068863023,0.0554787445955043,0.18447367486269928,0.025772508206305677,0.036379584271181466,0.1634963233199901,0.10956964454161805
0.05695778344461083,0.1758122451292007,0.16094835215923278,0.06387147621402353,0.13956898363686523,0.08236275329952301,0.19980724772520966,0.04531196124792548,0.07535919714340862
0.14653854590107804,0.07916172601112434,0.27527823334671414,0.019325868304491314,0.038531602638050826,0.24271730544784653,0.10039195189951992,0.028537404459991016,0.06951736199118383
0.020104736992928,0.11237163301438924,0.16688856519920572,0.05480331827032286,0.2558437720824069,0.11799683130996641,0.11410459257719167,0.07856516865481106,0.07932138189877819
0.22502890811884704,0.13124918171778294,0.03607290511860619,0.1849891779770703,0.052374814002584265,0.02877538764710071,0.06342639639690863,0.09399039951640864,0.18409282950469133
0.07446659101111365,0.136962904506546,0.2145044072412471,0.14615794204583402,0.11066625145464791,0.07627185640770479,0.11436921786060716,0.04844655430618533,0.07815427516611399
0.37147225569952624,0.07113390699188858,0.23186156641995717,0.06616925157378227,0.041770232993477485,0.036968992386499186,0.0921131910887214,0.033400620630592855,0.05510998221555478
0.08564667426639933,0.0801154490387234,0.04344874966977504,0.2234759030867884,0.12344901516942718,0.15347878761670405,0.15545737164545836,0.0449104768646734,0.09001757264205086
0.056603402822241265,0.12158301411363454,0.08678231667344057,0.035557100029554624,0.35865883682371225,0.015024654740394215,0.05441151221235734,0.21155068877381708,0.05982847381084818
0.07714665102885704,0.4191527999115608,0.022985239915177282,0.02692771285938189,0.1223992503535266,0.020334794456002416,0.037857506670612585,0.228135008839386,0.04506103596549533
0.1326818379393503,0.075067764050187,0.18645141110583932,0.023580826008510147,0.08372905300289363,0.08921689076934808,0.25722826835919105,0.11808110753544239,0.03396284122923816
0.01687050424078676,0.03200491453254158,0.012801159260613676,0.13586870714469326,0.13758391261265743,0.2013477231987932,0.34260448666031446,0.09650548244625272,0.02441310990334682
0.5960090869384844,0.03981285409205269,0.043950327404287115,0.07965977298020062,0.06054979137024396,0.0194464754641645,0.10080342132952018,0.03441526900186973,0.02535300141917694
0.21957888329589056,0.1500363071840188,0.15532591447462438,0.024502429275339882,0.15784947009059788,0.031242798766838376,0.14744373759478413,0.07481502003214842,0.03920543928575764
0.5952964650232885,0.03911684108706851,0.04301092538175683,0.11785824219654462,0.020285021517065786,0.014659575409393407,0.03339047929871528,0.05176845591714022,0.08461399416902687
0.20535618628994443,0.11151274823448898,0.07314239692122355,0.13542437246879943,0.08727344095426313,0.05871033313733846,0.05823882103535085,0.11072649188342513,0.15961520907516608
0.19775040437138589,0.0524702540420153,0.04134018012021964,0.06287970710207937,0.12788335399976877,0.021805151668713274,0.41239458695075903,0.05934525883732213,0.02413110290773654
0.5109359837610273,0.059513783411682335,0.05090708846444142,0.06868218439766172,0.043586636865277445,0.02268357643194689,0.16328097064935196,0.0284619242852637,0.05194785173334717
0.13662909323238856,0.3242268252007959,0.06337680475185775,0.03736535178896398,0.04658717320015731,0.0830800697321858,0.05314223705992547,0.1666730628800043,0.08891938215372087
0.30705854337725125,0.029927771077548543,0.058138623701626896,0.05193609850004507,0.11449814081245585,0.02631660329132988,0.30288429081617363,0.05600993835318779,0.053229990070381095
0.04209331234426905,0.11223515375647108,0.1566037799901133,0.052037095894865916,0.14557335562837057,0.10844695432601677,0.2882768896624239,0.04658360366384351,0.04814985473362593
0.505224607352969,0.0581999861442632,0.050852534136020804,0.0666073295518122,0.041642969915966964,0.024915303367757557,0.11135826635584062,0.054931154345704836,0.08626784882966475
0.4970664794588598,0.05266161041168127,0.06282933867409816,0.09891907304795529,0.038851000260567356,0.030144668916135358,0.049775672278459325,0.0897044827805676,0.08004767417167581
0.11205664662784488,0.2513936064365923,0.060468419790042305,0.09513319198915719,0.050824459669493456,0.06466117379078483,0.09526060110343963,0.16744891300542253,0.10275298758722284
0.49006828819217957,0.04869414354983783,0.04749375102157099,0.06984060381493364,0.10664757849128263,0.010906881617755042,0.11943770815052934,0.0727173671690282,0.03419367799288277
0.15422404334933232,0.019009883471778326,0.03632154886446864,0.21519368578293477,0.045705863693800204,0.07141017765977549,0.34094938107748235,0.07321360186136605,0.04397181423906191
0.26366701430569917,0.05817455952822828,0.1960023553409048,0.02175356705493726,0.22840170685473418,0.04404320654245999,0.1003568662212186,0.061339834633562206,0.026260889518255535
0.08557582307342632,0.03819117567545605,0.1744162334325117,0.034158395943892444,0.09018838721547968,0.2293776059753044,0.21631036165486797,0.0609797954077678,0.07080222162129364
0.07319149612821903,0.13814229952618431,0.053634405518444256,0.16255893389978296,0.10490898211362225,0.013243251591660407,0.05972525427510931,0.14341978918909937,0.25117558775787807
0.38751346750453136,0.09911561624963133,0.113845048054578,0.022241191170827578,0.1349834199250097,0.12027845170970279,0.03787472951005876,0.05159707728768643,0.032550998587974056
0.40062003147425584,0.034249568170489374,0.048117412886303605,0.16329531211454448,0.06394734780738665,0.013698822728880443,0.18657590496921653,0.04085670594094749,0.04863889390797558
0.233411982499687,0.15603520086298042,0.11143734776892843,0.05597844857715173,0.09807594971827666,0.06257341796199278,0.043343449066996755,0.0791489698687582,0.15999523367522803
0.36496579693497405,0.05710847032699156,0.08047428358599422,0.09600017509395731,0.05306558581377512,0.08870476579736841,0.18562092198774197,0.03097277558917602,0.04308722487002135
0.19603725738622546,0.07618572932536945,0.20968357346525623,0.10627093295092616,0.04067514062133512,0.11728469287512024,0.14889419382140803,0.04655099215100026,0.058417487403359024
0.10541873889646913,0.09340687952490345,0.12069692722037821,0.03109805320123091,0.13759601059946255,0.15750580060188302,0.2152448254218182,0.09599133602358483,0.043041428510269715
0.03894340355076419,0.14955757136790152,0.14756082039266613,0.0348734446757425,0.10607065888516583,0.06129172243368581,0.2932039331619731,0.09713490114496277,0.07136354438713825
0.060369218947565105,0.095261442341344,0.15261083499541572,0.035806865891273555,0.057122359645456755,0.41852945437410255,0.07899959973698152,0.07073159796313379,0.03056862610472703
0.1242492787221583,0.20067014757062598,0.09795438605417267,0.029417474030352764,0.30811776351623615,0.03457384716080505,0.06730153816071772,0.09311867460934309,0.04459689017558829
0.26290758684574606,0.06472635362047889,0.018027591580483258,0.4423586195139902,0.07887004636799128,0.010557539471924208,0.027607648911791894,0.05568185022467797,0.03926276346291622
0.5083270379222676,0.05032515048970143,0.04933375224567988,0.14005210984871608,0.07349156647578674,0.01530624465148407,0.08895910765959116,0.015532412571567745,0.05867261813520514
0.5707940831620543,0.04261675825494879,0.03855640229465013,0.15697868184534572,0.08881762917228027,0.004885067300009124,0.04261645931378377,0.021582441811621497,0.03315247684530651
0.0757662087363023,0.0371142741575052,0.16448093471377181,0.019472060095334167,0.08589503363859287,0.11956660477019822,0.3933085216474736,0.056975935296579294,0.04742042694424248
0.41782095887449694,0.12472473199049688,0.039076310184112666,0.11059220633671324,0.046288561039036814,0.01627512673413872,0.03777531622500638,0.1539158883854004,0.05353090023059798
0.37121425558625454,0.060222163403732286,0.02255135018744922,0.2413445020155546,0.053498464395346716,0.010692179909997745,0.06077711702744237,0.11273815832634553,0.06696180914787701
0.029821760155145344,0.4544764046328826,0.03676872065007585,0.020801941330474954,0.059009304349797675,0.06268935960689455,0.12488767479611568,0.1349031729796336,0.07664166149897969
0.09899569202023535,0.1125332564167505,0.032178917626793986,0.11538789971261444,0.19321816883601003,0.020457547656378357,0.10525555298528262,0.0869382070423786,0.23503475770355609
