0.009379888564842098,0.0039824233347493946,0.14063621506831853,0.2699316694218831,0.28304267632179664,0.026446552299835616,0.017266641856071557,0.030545376730785268,0.21876855640171777
0.2051251290860793,0.07925286467771751,0.0471047369173311,0.17648658678881232,0.06120452963049474,0.028503473042712304,0.23145044412391544,0.1290974074229108,0.04177482831002647
0.0127932179947058,0.07454350203478965,0.02107165842165087,0.046280612320305926,0.29180153812317766,0.11337975378630322,0.07213337510626834,0.023851428007373412,0.344144914205425
0.0432870263789756,0.08268724467846993,0.13782293533704829,0.12729479323627535,0.1229253693852775,0.06499078486763354,0.0734406875786781,0.06030871458184408,0.2872424439557976
0.5292161587144931,0.06576347249366195,0.0311532530025371,0.04476415840655473,0.03646571115789246,0.1159070572370116,0.0103007179653908,0.11234050759576708,0.05408896342669125
0.6603486726012292,0.05971369611452474,0.012478551746749085,0.07787786570946585,0.06070843842027777,0.07294642791185298,0.007108800316589967,0.018810891005421475,0.030006656173888844
0.035828299154929764,0.22033585679149723,0.17743031077989438,0.08555705316413277,0.14958549878100755,0.09868255631905298,0.029329403568331542,0.03181079986631811,0.1714402215748357
0.045277350750579974,0.03310838556191124,0.13635135986015776,0.019261248459765522,0.01142955486060533,0.04343815740973269,0.06455913209722554,0.6228167624841384,0.023758048515883534
0.04107694846898877,0.1316514678352215,0.058183355954477455,0.08324292785710437,0.15881914787896576,0.16807486313584766,0.2513678167006797,0.05507860302939845,0.05250486913931627
0.017076244375023007,0.0182516818783485,0.05769324757487398,0.08985804050484887,0.4142550236067781,0.05500799799905548,0.009290111032781186,0.05141572390271235,0.28715192912557846
0.5742529892294406,0.009930272945668185,0.017995836819932443,0.14189725462231295,0.04002755565542863,0.14254186838898972,0.037524231291029046,0.012943981357036788,0.022886009690161756
0.15865028524505684,0.07215002633886815,0.05528185731824003,0.11761508880412323,0.09707128685340709,0.2168868008642075,0.1358878187893292,0.0692403773499662,0.07721645843680182
0.08046538177906827,0.10934834003138283,0.0075703899708110855,0.03660483110060625,0.07506478692690793,0.3579319915792983,0.1758539079010418,0.029146417811470815,0.1280139528994127
0.4788302904085304,0.030388025133094066,0.06082326001765941,0.06059896959739205,0.03753578615507638,0.19351879433849536,0.052264597172964104,0.05023418397461573,0.03580609320217229
0.0450970256154847,0.35016380593597113,0.03846064423241797,0.10042616465889743,0.05172133055628112,0.2613190205922537,0.05041843284424613,0.04361098372652861,0.05878259183791923
0.041232315765385025,0.511057466647742,0.09986586460134594,0.12415391297661106,0.06467794781954744,0.031676709145416024,0.0934074389228891,0.006886870122574686,0.027041473998488632
0.5801399932084236,0.035247049842691926,0.02485715752842722,0.07488095072726847,0.055255218005120586,0.087691132629931,0.03522798978919139,0.04645290327316728,0.06024760499577845
0.06096496337146685,0.04805466584668394,0.029415829554406567,0.12120869141313854,0.14007878388988515,0.1407422151496266,0.06291520443251401,0.06957788065359011,0.32704176568868815
0.051459166123683016,0.04545200460492527,0.0293306531707979,0.05953102223995604,0.18471817802309434,0.34743919902296216,0.09919649385620295,0.02367420351660321,0.15919907944177522
0.02745139104174406,0.08822541890815132,0.061347587134835936,0.09064261608313097,0.3092468782825358,0.0793796677771667,0.09405917190585389,0.03292404447791952,0.21672322438866176
0.04916991005531318,0.016975025082564252,0.013901479905726865,0.05422273366063456,0.5252841344184646,0.15262411179976001,0.06292932691294882,0.041411605526434296,0.08348167263815343
0.08857790797976366,0.16213431607559672,0.01630503055642799,0.16973061530947953,0.3283906136231016,0.05198678986912819,0.08103004577415886,0.024071116097378165,0.07777356471496526
0.020383845514004833,0.05769946242816426,0.1061032575305551,0.015513668680288998,0.06445502202409498,0.4232927367574562,0.11541089329308368,0.012227253357912757,0.18491386041443922
0.025910970065670582,0.06297482026623731,0.12325434383552897,0.04851767371618949,0.04346242552891216,0.018877847285421707,0.07808868975239033,0.1709741998018213,0.4279390297478282
0.10419862242308962,0.1296730164779127,0.08993848083638756,0.08639048272027194,0.12910247719263154,0.19385798040948501,0.026868111782778207,0.13082265693694484,0.10914817122049858
0.01617695197303393,0.3312757893536003,0.08331810364016995,0.11642537665197929,0.02084184902141564,0.18553401093483837,0.0954953936118406,0.04637826492439658,0.10455425988872541
0.09609847385828885,0.13692327714190633,0.0647460431859707,0.215820627226981,0.08248612578529631,0.2452204729592241,0.04499983929125311,0.0352947880508827,0.0784103525001969
0.052593023213308145,0.10675042225109092,0.01735719562412012,0.1707148673476148,0.04572764987509272,0.3937654255426985,0.04538370467948142,0.05911024630966343,0.10859746515692993
0.05411624384258413,0.03558306378109104,0.06683919804173583,0.05653435039672532,0.04635687952311616,0.006265589793631791,0.04762368655802455,0.6147786667869064,0.07190232127618462
0.04519627368576321,0.10924269698229798,0.17501188194897224,0.1852664447867178,0.0595551651679875,0.19845560377977153,0.1063531551205764,0.03756333579196972,0.08335544273594366
0.02451333894685251,0.024151159204043596,0.010978671429416132,0.2050512240078648,0.28106774173160637,0.15235380705538787,0.04361603071372106,0.023249963749552446,0.23501806316155519
0.026761390719464876,0.10034659009716317,0.0223255039929431,0.22640655362930706,0.21477210341067787,0.14845804951629119,0.05262060029260853,0.03142167643269945,0.17688753190884476
0.6035405748468925,0.040026361903435954,0.06383010103104153,0.02164016215862219,0.11047313294663204,0.006529338997364512,0.06756140682554256,0.06865028235024286,0.017748638940225835
0.6595463995264641,0.015637162007224994,0.045592555214787146,0.10324205282963282,0.02313533020047659,0.0120783595267319,0.07393819641066858,0.054077475783269546,0.01275246850074443
0.09863963833752361,0.07283731437107749,0.023289681109303826,0.13214368046566186,0.44928059429155737,0.04297114349910964,0.021586928506557704,0.09039288085411605,0.06885813856509253
0.19572949240858983,0.058801481175088786,0.044685469301529966,0.12898602917659582,0.08169535253639314,0.17431974447210583,0.1382548510357351,0.10976365248832,0.06776392740564148
0.015157331446787306,0.047126635299167385,0.01807269938045291,0.5084524380137162,0.0745027877677497,0.020920794933896817,0.020580843555923177,0.035897874839113525,0.25928859476319294
0.04474613460602463,0.06886158113736189,0.016910782975978544,0.3189443273313989,0.10187022811146963,0.34544649962917445,0.07563140286611042,0.007173417359818981,0.020415625982662642
0.088283250290226,0.27034587623317646,0.04537655945229663,0.21353012252147327,0.05567764018447995,0.10162193975103556,0.043782546332932375,0.027341699978301017,0.15404036525607875
0.6322495186956514,0.0394100040517509,0.02211248440066078,0.06063632841885478,0.036444164234508025,0.13708887971678155,0.018313285516374334,0.017287567564106453,0.036457767401311854
0.014961426015298518,0.32829760480624337,0.06512302424505517,0.031244910466242337,0.01996278484759985,0.09802646695547419,0.30040416206793147,0.10138546033089624,0.04059416026525884
0.08786214035479578,0.24994962129060808,0.04214563442089301,0.05820616215414386,0.07014843564004526,0.14461204218286747,0.10614216067359551,0.10148610025256377,0.13944770303048717
0.12623999713044723,0.16743421036864337,0.04067197995849082,0.1350531948338384,0.14159390404476677,0.13187407016850913,0.05182243892823324,0.14328896163864155,0.06202124292842944
0.5503163824969263,0.12715861490106636,0.01620672057872359,0.14612467924647654,0.03429999765729946,0.03162211825985665,0.02440861821115374,0.04819643346093622,0.021666435187561048
0.02198350212145364,0.03174491089208865,0.11107384706672209,0.013108961671018687,0.09330551734318016,0.009383741903983868,0.07167510045826725,0.5333185877307947,0.11440583081249107
0.10993814580006804,0.026457171334971673,0.17718890173447263,0.022757152440065403,0.18034305176483614,0.198816936542448,0.05020117347141706,0.08474778745636392,0.14954967945535722
