0.11251996653059282,0.06144896523021298,0.07731922472606291,0.05139584673869984,0.08414660114231799,0.08383247132234395,0.3990420685286342,0.041517794839250784,0.08877706094188446
0.3090106735726445,0.057094692028013004,0.09793934175514579,0.21671553862747384,0.09202741232142249,0.0402065353234882,0.0439214224357784,0.0672089636446129,0.07587542029142087
0.13404539294230208,0.023072298399768158,0.02825163138350241,0.07857549339300475,0.03297472328669548,0.17521059551323623,0.048172630557612776,0.38655726119172895,0.09313997333214925
0.20884374359663424,0.047900044644071625,0.0330327829415249,0.03206131450211,0.05762870709903806,0.11302857707868415,0.04420816324812662,0.2884963289453501,0.17480033794446034
0.16051071222533617,0.04500620482800693,0.06781985242226178,0.40074794585151663,0.080548655427878,0.027686259379687345,0.0383419505085791,0.09329587587922922,0.08604254347750484
0.05270160389966885,0.07975303283635063,0.04951943755740873,0.03255083595185842,0.03714088170928393,0.09614008009579039,0.5857078616371085,0.019823535776933045,0.046662730535597476
0.15521782634061843,0.0486992450838396,0.03723004471161915,0.07599082180049854,0.1274282769056519,0.04884167589562987,0.4136665125258745,0.00962529174555068,0.0833003049907174
0.08897549083128183,0.019270117673482242,0.055712034558348576,0.024224311068672146,0.2607506791588512,0.1679239662063378,0.1568069632216006,0.06699261411282766,0.15934382316859788
0.11839419166575182,0.02412629773164246,0.026246737352291105,0.08580597364673444,0.2668351638058573,0.08329081663000727,0.0789190093138562,0.028682738622564947,0.2876990712312944
0.06992059060980708,0.03121707859131347,0.04266208161710939,0.09563504753118744,0.03110835829010213,0.03407998387341284,0.01448702101275359,0.5216167993595218,0.1592730391147922
0.0970482692072095,0.07571409599598822,0.14628374260749824,0.1059127325101773,0.11357591139835942,0.07809128830885001,0.16944051002610397,0.022008386830536113,0.19192506311527732
0.05230495562096498,0.03385179264292525,0.04038871978528985,0.05601114470260405,0.054838571282669356,0.11942547185478318,0.5599015723280327,0.05484636327770293,0.028431408505027594
0.11304045067560613,0.012718460018291881,0.04643295823752321,0.02634432053492496,0.035790145694751876,0.4759238682802249,0.08196077192061879,0.024533164884013938,0.18325585975404435
0.07868954846071248,0.08809257185210319,0.04736884209359767,0.08096253824959575,0.11231025367285978,0.05539271912516547,0.38041026086124297,0.05114369513874021,0.10562957054598247
0.09909193764610869,0.012591769035004233,0.026005835809841584,0.03584058283693965,0.26423340818784974,0.37640495097946935,0.01833269756705227,0.0508840983529249,0.11661471958480958
0.07466093823818286,0.04347357588580692,0.047985491301082595,0.0166512087471807,0.0237340667132284,0.08712866810581421,0.6072501949024695,0.010459913630251264,0.08865594247598352
0.08735818498547483,0.4156871557211794,0.08614216039171126,0.18054872094706975,0.04594610998389331,0.045497150836937304,0.10491946778324018,0.020614362053627263,0.013286687296866584
0.05078688669574369,0.04502570026222802,0.04002001885747549,0.025199038143241443,0.05301901582196566,0.14968712763681338,0.5671039751670711,0.02020061175317454,0.04895762566228662
0.04294108695534531,0.02377902192924761,0.026307629411280283,0.009933975577740393,0.0649642156934089,0.2687757083714932,0.05598114782366929,0.314731383949806,0.192585830288009
0.1495374929973239,0.08574972215127397,0.0969496211783767,0.10959664512404177,0.0628809422349444,0.049135231075059606,0.19937816963719324,0.14664497590474868,0.10012719969703776
0.058622726031552476,0.1493242816748849,0.46041798388290905,0.15437036653226757,0.0403628069789937,0.033620915490770724,0.030259788628463638,0.03197735068290344,0.041043780097254436
0.09802497467226974,0.045634468125765326,0.05615992727941147,0.018913244042547607,0.11408774562493836,0.15159886328453032,0.42087377915424606,0.021273657131151494,0.07343334068513956
0.25952461749661765,0.07466916851575948,0.054973749468306056,0.34055410499907257,0.058866730070595376,0.021556958476770555,0.022828310668166873,0.05671021481664881,0.11031614548806273
0.041676312192286076,0.033159632103486124,0.05114240375746936,0.06617641123422939,0.08259839522811284,0.13754746621101013,0.47439869806071133,0.05923300313318081,0.05406767807951401
0.044250849836329716,0.041297567713385226,0.036701877261553724,0.016822543371549068,0.10916358380754355,0.13316688933150947,0.4668475173046856,0.12320238521756428,0.028546786155879227
0.08010943778564318,0.056640431626379904,0.0737482555453139,0.14068146303337026,0.08625976526572361,0.07015480405448571,0.4171118153746795,0.016875987546954834,0.05841803976744906
0.05608865628858469,0.04533372835066385,0.03794821046432849,0.027003504449650533,0.06740829501466274,0.26723182137474716,0.420825890028173,0.007566190554025993,0.0705937034751635
0.03254835034171131,0.102673055941434,0.6887928260968726,0.021814282691242307,0.06930534758760229,0.0060426123566092544,0.022288256296607994,0.028959027117981425,0.02757624156993883
0.11474174796620502,0.06990903156582064,0.04818905217966038,0.06949280061308821,0.10405161079980087,0.03410777849034571,0.491714298370085,0.026324199648904534,0.0414694803660895
0.04145065350772385,0.04224256408300281,0.11513928651615213,0.020759097810099433,0.05980624509818394,0.06564263332187592,0.5544197028507574,0.04113636936454614,0.059403447447658464
0.0924145176051158,0.11112433149013089,0.05146582293498364,0.033236410792557465,0.10508000219504121,0.07323432336233843,0.31551623992135897,0.06771917412255207,0.15020917757592153
0.10796523887186081,0.014650814888004996,0.07928340839817166,0.04602830650756423,0.21022214809685366,0.20572243395533607,0.03519186431953088,0.10236634895520902,0.1985694360074688
0.07188178078549107,0.20197780960359568,0.6098730809738537,0.007365927793721108,0.03606770343010112,0.01348113591808691,0.023297979385074847,0.012574489526942734,0.02348009258313286
0.06071990487927662,0.06965956101881578,0.04640880458911539,0.06432835922644088,0.06873698855719314,0.06095326631344852,0.5561721509823842,0.022089486775409204,0.050931477657916356
0.08101919402937678,0.044669370356439586,0.04664941214517434,0.16550607486897295,0.06056565325580509,0.13839408200664868,0.3601758250750408,0.028439725080018977,0.07458066318252289
0.06313967745630278,0.03965023118651701,0.04548517290241195,0.05505253710350786,0.016969944140032764,0.14103987108908458,0.5871505651490558,0.009985949778256153,0.04152605119483111
0.08061009795722827,0.09683292068110609,0.12155452197798437,0.11113546029113437,0.1835149092001597,0.06462138022039793,0.18469855749653732,0.023058303321834384,0.1339738488536176
0.06997257365607405,0.03264264220875012,0.030598841640051302,0.03294841352277228,0.03720508717207387,0.25342585227281256,0.14156438939216828,0.10851699367221955,0.293125206463078
0.14725801650915918,0.12837367872060104,0.13471760972078894,0.0626881095740247,0.11503970777905369,0.022074524510464415,0.02823208676234959,0.18480872436654305,0.17680754205701535
0.07114228279818188,0.07942164260560496,0.05333748109653935,0.03905131094020122,0.04640256788134717,0.11009102284336147,0.48494928775410723,0.0374512819048842,0.0781531221757725
0.13681710881871473,0.09455655227734784,0.08551833483926892,0.38406108299042213,0.10021841566639211,0.009516831941921345,0.053958736223473885,0.059400659510647186,0.07595227773181185
0.032249394375737844,0.027767675944058486,0.0444503192523325,0.03384460575932481,0.03630233105315007,0.21916086882341335,0.526691778524933,0.02669410836028646,0.052838917906763344
0.11593247515779248,0.04923755275924687,0.05160062473773839,0.02753136149264364,0.021156925919736103,0.27849582928207023,0.1225914766104222,0.22623498181043714,0.10721877222991287
0.043842037990222016,0.036502813895283925,0.047844743459766505,0.018060780208191424,0.024384873228798964,0.1380764042550374,0.5762072908888323,0.04981001962600651,0.06527103644786103
0.12008932275585271,0.06339435333350674,0.07450734484348909,0.04066594636381155,0.05303048705123458,0.184690715153234,0.171437032987489,0.19932743281422283,0.09285736469715954
0.049710132458292394,0.042989479515157684,0.06547495579458443,0.07496437408053068,0.07409324140339743,0.05577417624957306,0.5407266346585754,0.045869690198959256,0.050397315640929786
0.14426607280147022,0.02666545396258241,0.05357571962158625,0.0870292301131111,0.1408437199709683,0.19360775598081661,0.029315054588948092,0.27527713548247595,0.04941985747804106
0.04658613308820809,0.06667890879654158,0.07003014575787946,0.013723001073422387,0.0813743994474617,0.40269871378268673,0.2583086205756631,0.028150552051925123,0.032449525426211816
0.15710106973927038,0.024884996067432857,0.07498149352151406,0.05421601209533633,0.04152821490333159,0.03686253833574601,0.539253633990943,0.018343203325350024,0.05282883802107582
0.03176743593484039,0.019777947457939222,0.032319290989821066,0.057927346917075816,0.04263335650859432,0.303543293823111,0.10982972659138535,0.03189220163829068,0.37030940013894204
0.07220711159195153,0.058985778090155074,0.06408840542409988,0.025795231432025934,0.031213874082628948,0.23994077566966335,0.3796981242610101,0.0713445788645936,0.05672612058387152
0.12610194831301663,0.14407352482970065,0.06537157242522702,0.23739930762413372,0.14162557196482287,0.029730980205662078,0.02371679268110681,0.10594792028305917,0.1260323816732711
0.11889479863273049,0.5034106702030842,0.0807912959176811,0.0836427025779498,0.02003784694139193,0.01444418989652991,0.11634827340096776,0.03658452976549812,0.025845692664166763
0.01974807934958266,0.02748269117565499,0.07006921372697013,0.03126556401166477,0.015651171812806765,0.14218005341561327,0.6217257380824337,0.03941811554124285,0.03245937288403083
0.132386707955476,0.5336843271249085,0.17954718117107837,0.02256937957820417,0.023300265162446956,0.02053094967454969,0.03411423060043356,0.027645052931398368,0.026221905801504408
0.058049277520091654,0.04644939721212763,0.05072263081513192,0.13293240794168926,0.06329651758566636,0.14922473153042135,0.4355289332285493,0.024234223157560766,0.0395618810087618
0.06790638445826092,0.6375643690619385,0.16826592143875763,0.03671978326830006,0.023296981124809314,0.011837137178848696,0.012541751686087102,0.013701360886656093,0.028166310896341695
0.07493182796946517,0.25192847383579275,0.1341515981515006,0.10557486152027663,0.07677793256244704,0.0452851398730407,0.10700469110954595,0.15123638516234153,0.05310908981558952
0.0917561843968105,0.02446175221993582,0.039116257702245506,0.09267249438492857,0.11792897505377742,0.03752324164849803,0.5217816228111904,0.053601770068369886,0.02115770171424387
0.1670177704943178,0.016558947380335216,0.026208923937468803,0.02062488071485107,0.37765789445830467,0.01792553763105,0.15072142533771427,0.02679910462010184,0.19648551542585638
0.10464638450120418,0.03279809438572027,0.0471360155208502,0.05022922867109891,0.07131656222442412,0.1036484133769599,0.5204071336589858,0.038336078905600174,0.0314820887551565
0.09331918723902011,0.05121863083186711,0.041915390036505185,0.020704018943802364,0.05014027414706945,0.11981045815984859,0.5537965849387105,0.029795471128010172,0.039299984575166445
0.057713447072248104,0.12432138444813445,0.09182963303860525,0.14315571369813804,0.23959802788417853,0.02026815282061048,0.03717071654399342,0.10992160363483501,0.1760213208592567
0.2172554847359347,0.03861827844921988,0.048208489916926285,0.13378580702478562,0.3847871570234734,0.019538503023607268,0.026983238190220277,0.04352667948702115,0.08729636214881137
0.19408062626562814,0.1265297196892518,0.06186797070269079,0.2029627168380311,0.12840475031916088,0.03143991576523161,0.026957741324372914,0.1749869529993373,0.052769606096295406
0.08259455178689484,0.04940383736175324,0.03678385598281955,0.1745681919535893,0.18482238490445876,0.07079954751591601,0.06968037310550866,0.15444147811680312,0.17690577927225656
0.08376194428831242,0.04024252272043338,0.07146933399518507,0.02820926411459627,0.15115850046909132,0.12340929317386268,0.08309066005463256,0.07285787778704976,0.34580060339683655
0.0638669467812651,0.5214562317198245,0.19366590791491736,0.028539123649696862,0.08177063032149455,0.027255858548471065,0.034155771328920885,0.021969383582920703,0.02732014615248893
0.1903164985578449,0.06653911793525358,0.05063860472699753,0.42002756044595296,0.08631881532174757,0.022178805189657317,0.051550152010294524,0.05532618001187501,0.05710426580037659
0.1224225578971417,0.03628642986595735,0.027636104865613617,0.06193574647519481,0.024446344424004358,0.10380313242716706,0.5600889604869806,0.018953233718458043,0.04442748983948242
0.025354727874957492,0.11500098997288562,0.5998675734346097,0.04859992659151286,0.06534340393302453,0.020879310769225473,0.05671110908520618,0.029532051321374663,0.03871090701720328
0.1860632486076994,0.07629838524787895,0.05157600583299151,0.4636176720465657,0.030778811698303234,0.019033441469204136,0.049194553238532106,0.0935198060226438,0.029918075836181276
0.08966577708394663,0.058846447120343794,0.0629417403871067,0.4987464017739896,0.1685920217399701,0.014510143397445573,0.015672417432933673,0.024235899370716112,0.06678915169354784
0.02855666558877881,0.1576876799078127,0.6364257518116478,0.014665780655298055,0.0384259262896245,0.023901765932049342,0.018931542404646697,0.02629171933137735,0.05511316807876476
0.07211066735856152,0.04611925642044168,0.03423039307325129,0.01120682253932726,0.05338393854766269,0.09838089918100133,0.5760680685651178,0.041945130214781266,0.06655482409985512
0.026295576047761626,0.029997048294292145,0.042960108820484545,0.11219622320222107,0.03625495473210589,0.09778563646417067,0.3945633465408061,0.09829839906486189,0.16164870683329607
0.11233782745990094,0.03722224860433579,0.0911114644304476,0.38869497057472896,0.14883981086855572,0.015863070117766834,0.016213244807069305,0.04659425023823995,0.14312311289895496
0.14904380411072463,0.10771293103936104,0.07345750452116251,0.044182990276739054,0.18327632708116834,0.05967878480243097,0.28184457016142356,0.015903812281900895,0.084899275725089
0.10298520383172143,0.15157123645993167,0.07689039662472597,0.35567724146967555,0.10970017159018342,0.06668140004880668,0.05225559543093109,0.03589610068842519,0.04834265385559907
0.12628498906276858,0.03849038120956318,0.03425928234838746,0.2583826363917612,0.02341323091235523,0.13419845302998049,0.12350998687267922,0.15957655175281182,0.10188448841969283
0.22179581644652213,0.05526712887273819,0.033984953818652075,0.42235297143087136,0.05599866578971165,0.053904866947371934,0.018543939185376525,0.03448028387458003,0.103671373634176
0.06250022325907083,0.04737811963357615,0.0395504107227841,0.015034055913614749,0.02695163419227536,0.056208356496426054,0.6701581636047679,0.026438770013242113,0.055780266164242726
0.11904820052866938,0.0667505845970899,0.06702735107338427,0.06133851490188156,0.09842424307529103,0.13154268198508154,0.2867396303135224,0.05909064934463968,0.11003814418044018
0.08204226716825748,0.056649538807516775,0.06988340205668316,0.09982316341746672,0.5404719826578631,0.024329852124430656,0.026943938816021987,0.022010662436381164,0.07784519251537891
0.06929137391235246,0.022138836532000866,0.05888921052704971,0.04920183842790917,0.12604505689455595,0.11096061248934468,0.4490879591770256,0.026807261180225136,0.08757785085953647
0.17272567258964422,0.050759321597218576,0.06711365059639209,0.4547358609111069,0.07388038356189643,0.02983902353344567,0.021502889145546652,0.055183496505373596,0.07425970155937583
0.0657483294675625,0.17358428540493695,0.4959466382209737,0.030736654824834706,0.060386915703235323,0.02564543728720138,0.03545088114876096,0.05134181702811228,0.0611590409143821
0.17862466820169087,0.05553780231662219,0.046696341183196016,0.056064542181886313,0.03571264781035607,0.06887963200917682,0.44519244527239926,0.031423033001148834,0.0818688880235237
0.06929137391235246,0.022138836532000866,0.05888921052704971,0.04920183842790917,0.12604505689455595,0.11096061248934468,0.4490879591770256,0.026807261180225136,0.08757785085953647
0.1828388700917005,0.03631458524325854,0.03831126840949987,0.4023062625534484,0.06036851512977685,0.05202126363294518,0.04486458130507657,0.10986690063117932,0.07310775300311474
0.06223122061577154,0.02679824635227,0.04206297385673635,0.017357504447548026,0.033680956395463875,0.12422412486024213,0.6065390756918577,0.02114061280034894,0.06596528497976141
0.2038051628625965,0.0443049779738171,0.04732796265707304,0.4404972862771929,0.042839316010104704,0.030474656075660553,0.08250703741085173,0.0911029566665819,0.017140644066121615
0.21769916440141168,0.04404618416745784,0.05629305869067965,0.15072052397213095,0.20166819737680966,0.07689071902555115,0.04535214304304008,0.11721500785154598,0.09011500147137297
0.07627011902422576,0.03699274840936152,0.07054235206899438,0.020738241117108126,0.06855686712018727,0.0925190857068226,0.5361622810390471,0.01801847512686938,0.080199830387384
0.08555260322086651,0.1840047620549745,0.20640300976123369,0.04074942186433397,0.019987521755504504,0.03358219568297879,0.32729550176857747,0.06424095950758242,0.038184024383948106
0.02947160430199061,0.038852440638878855,0.04281151151675735,0.022604186354046246,0.0691888078005112,0.14382410209768862,0.5635987380453806,0.014607301444205,0.07504130780054152
0.04940928467294486,0.02050823009096728,0.04472238301431932,0.06777934699265925,0.08233205985483301,0.1334062259398023,0.06861890440188421,0.09930847699108454,0.43391508804150525
0.08553353408989274,0.13561592603148934,0.055453700326684334,0.03561928921670426,0.06370842779308837,0.12785509880196702,0.4297261515080539,0.029854568290808837,0.036633303941311195
0.1694024368908905,0.040176875029102666,0.055161704668703036,0.5439583268208777,0.03974240875821338,0.02575434584849928,0.04219984442141766,0.05974633586262542,0.023857721699670455
0.16357103589402003,0.04916475790793801,0.08109466292595699,0.10509737116121119,0.3180143659359094,0.04131934639557242,0.03734185662177734,0.0527183709798189,0.15167823217779572
0.14855374515995975,0.1287669513557528,0.06404461005095725,0.11800085741828566,0.16523478307099795,0.028338763291816976,0.23080268057092715,0.024409795206861307,0.09184781387444113
0.11274430590983768,0.031119850433497437,0.06697142843076158,0.5453017667087758,0.07763900151173547,0.034788467236630184,0.025403121491286623,0.020334370819632724,0.08569768745784251
0.17768923831124953,0.08991772768559332,0.06095249642256748,0.4438585117420253,0.0822555260955301,0.012276652988066147,0.03533622537233927,0.04097896280161902,0.05673465858100978
0.1557015728257782,0.05968164194435164,0.09609660274670041,0.12282345321456127,0.19957381608193123,0.030603553471089295,0.11771084640822042,0.1215201156956931,0.09628839761167436
0.0472693402306897,0.0879425543408483,0.060673807071728425,0.09136317522041952,0.08361617880913791,0.07575547893554214,0.45623738021361565,0.02221337304195815,0.0749287121360602
0.19514995682585712,0.09537474836767433,0.06656696781143107,0.09925452411095825,0.07407792492848629,0.010570339170371817,0.2747694335708623,0.09679455162337129,0.08744155359098744
0.02145578157025278,0.141833812341019,0.6313455575905659,0.009219836135731269,0.06282609490203188,0.031511069605610384,0.02750656208108529,0.027830158882576565,0.04647112689112684
0.10179395938064033,0.03164670367308888,0.0567188179126401,0.00951066600525296,0.05909298025034068,0.046417375573251075,0.6015097224232683,0.024223028871692046,0.06908674590982578
0.023330871914097138,0.0845675235347389,0.06614590174361182,0.02193790813119013,0.044480812755444216,0.034121929090883484,0.6524370562642176,0.012495319203598476,0.060482677362218344
0.022697287755556614,0.0155155354670694,0.04947601001961516,0.040851013055107695,0.01830578348548028,0.1537743563007298,0.6483934367779467,0.01139166308285716,0.03959491405563711
0.1828508682860807,0.03295216300179727,0.026328937181884032,0.040162812895694754,0.03887738716592715,0.12486849871179768,0.020202603575144956,0.3773843730791781,0.1563723561024954
0.20137826256530844,0.11978853930836374,0.06975274022445997,0.3614506204226018,0.09015934954246459,0.07540920505334263,0.015872724558518545,0.03168253415475639,0.03450602417018404
0.07694838316720164,0.04621201393444093,0.05389855337253121,0.15933136900224065,0.03989814864650566,0.07100938688592073,0.43961674519135624,0.04076176160854497,0.07232363819125788
0.08132644852357594,0.07275890852945012,0.03802865016279411,0.07494876707718522,0.04044953105206998,0.07153133093871651,0.5291537817851665,0.01612241377929673,0.07568016815174487
0.2764275465754251,0.0690038522009313,0.09222501382171262,0.0909619235418626,0.18017014815623053,0.019076597279926555,0.049804992145959015,0.07985506983725735,0.14247485644069494
0.12643230569404848,0.06190722863653653,0.057362574582638694,0.1998212907671737,0.08989600987996711,0.09917312656954992,0.1900347227857299,0.04831982904235848,0.1270529120419972
0.07472588088016563,0.2202912191056704,0.11820003840374306,0.10771401487178094,0.06416609562372409,0.018067171547755532,0.23286550059139635,0.04845570743142702,0.11551437154433704
0.06655050544717185,0.2850837534156467,0.3704507551550286,0.0317306730872663,0.039469517330025565,0.020369624578841377,0.0755963751902532,0.030781853962760813,0.07996694183300555
0.04306360144915633,0.03960271273886292,0.08169182078363409,0.04622337246635353,0.4877871916698875,0.17466190265246895,0.03240457434938548,0.04804193840262005,0.04652288548763117
0.24718100914741784,0.08610723563156346,0.10455641721826221,0.21898269439075602,0.08717897798653451,0.060006310334739014,0.016256627609810278,0.03526383782739021,0.1444668898535265
0.04058605492466931,0.023314590655504914,0.04933072835364164,0.023235605491023936,0.08133610948007279,0.15510622228744486,0.024856634673659575,0.17873488864417295,0.4234991654898101
0.16803254486022892,0.04528656200208773,0.035742661482448916,0.4238277134918445,0.061069380912800265,0.03475565790691456,0.08355241730285135,0.08107239354808811,0.06666066849273565
0.108288306924724,0.49170667270563895,0.08766477129321355,0.13707365062147492,0.0411777075088779,0.014096474121705177,0.07215015192141229,0.02180919707238709,0.02603306783056619
0.045933860878413314,0.06453024248185872,0.0641869760522261,0.22088351975401158,0.09757863493939295,0.10474013128270959,0.30124307659692506,0.035923001766909046,0.06498055624755365
0.07413990899918056,0.02908103148213198,0.04358237221181074,0.04761934990821524,0.07244471396739005,0.07586884930551348,0.038375556695739284,0.5441202021470278,0.07476801528299083
0.027626591651930443,0.0672597568061635,0.0847874648653113,0.029562630321235295,0.06423660698236057,0.11057369684127782,0.4796630894258014,0.022527610053863372,0.11376255305205628
0.02649601615509094,0.25109935379584086,0.4893256663409585,0.015951979824884655,0.051842632036746446,0.009800055379403481,0.02065631675424848,0.03202392396573533,0.10280405574709128
0.06038852627421933,0.25259318455137986,0.1718158608983362,0.03132395159990552,0.25655199469600437,0.122887810854249,0.02236144245038915,0.029357783764351494,0.05271944491116506
0.12395938351183881,0.05520586051284254,0.04615619993155649,0.04698532060213445,0.06455247512084428,0.10802909866121717,0.4713899155891235,0.033463336678174714,0.05025840939226809
0.1259975957857138,0.0870380876126488,0.037151976720323256,0.04428553060238613,0.06656359041341742,0.08227385952526732,0.4723825436159325,0.04759649529742802,0.036710320426882735
0.07639531590570274,0.037308111509393116,0.039609466615540025,0.10076795395578945,0.08293991295044328,0.03942703180884425,0.5318239264221859,0.03399220930623476,0.05773607152586659
0.03517267054391043,0.08245843902702449,0.7232805351456474,0.02466682839213519,0.03637851454699605,0.01865006605755884,0.019595047919623805,0.023122574887913378,0.03667532347919025
0.20155612282536492,0.4868947003606971,0.11200462680567236,0.04204599591248482,0.025285124159301568,0.023847859698870145,0.04768834540487674,0.036609671556831376,0.02406755327590097
0.17501477732142356,0.03758622412842515,0.03909174657965627,0.018120471112323844,0.18899796879050454,0.034671521583838065,0.35344309660167655,0.07762613285247444,0.0754480610296777
0.10242156065595011,0.03823414660394745,0.05737555873658822,0.04572684915054596,0.5120279541955614,0.11796716575431225,0.07039912747949227,0.021013980567264955,0.034833656856337276
0.1622906842762116,0.08325715944238356,0.04254639386249836,0.4623147887707242,0.04685515570709797,0.05468464718016792,0.06841556693371793,0.051640740208349634,0.02799486361884886
0.25300053356099933,0.14211183401865224,0.12308967387132945,0.20322578310078507,0.05931810478088443,0.014354412792267708,0.11225583090366446,0.03722974493971143,0.055414082031705926
0.056039613500367624,0.048134705684389906,0.05509906500185402,0.041390268104191684,0.07557113290237198,0.15389750812027705,0.4609998725499958,0.05887452317614461,0.04999331096040729
0.14177151169880808,0.410930441892122,0.13524288027736542,0.08852357932796422,0.04914268281183184,0.05131691420577538,0.06255259782941049,0.019411317926224674,0.04110807403049797
0.07280618842036998,0.03818824578243706,0.04880006327122624,0.047129267891447287,0.013952525037455227,0.07906168071969076,0.5750097948408021,0.03175266662940283,0.09329956740716865
0.06982800851436471,0.11965805996903889,0.6043909152600326,0.023388874731196347,0.052310641726675995,0.016167388501103257,0.0711265693051292,0.01335928815513243,0.02977025383732664
0.07045209288932908,0.21722333712310582,0.3433236191911752,0.0358055978666627,0.10727108351400799,0.04742678588687799,0.08052955020938125,0.030832476814791898,0.06713545650466805
0.09540163014596414,0.038278714235483256,0.046303230680056144,0.04181491670153834,0.03405658199402543,0.20148247259670313,0.4606695630888091,0.0416641461983122,0.04032874435910831
0.13999849611806806,0.1387739434449929,0.12569109093135342,0.3081124782048627,0.07026884205891192,0.02947315458314646,0.09349870388660109,0.021764997184276977,0.07241829358778652
0.17532897727051525,0.037141730731077814,0.031380299410728986,0.03777297235820521,0.43878695024923436,0.03221795651107681,0.05539112507131897,0.10264825397920903,0.08933173441863347
0.060371824542509396,0.10609781877523024,0.2018846247950921,0.013013919563467246,0.2066853264527029,0.09733283464178027,0.13279467795791913,0.09839781818243447,0.08342115508886416
0.10957724609486098,0.02792841081785388,0.041756271182435106,0.137624055927735,0.2642127993961336,0.08230416954234253,0.02304168271934876,0.12324130969729997,0.19031405462199016
0.07826654819284333,0.07780850416247964,0.0697744891330798,0.05742744800234584,0.1707352311623119,0.04976431787012844,0.3345597223122348,0.07036179391242962,0.09130194525214654
0.0819312989828598,0.03500059808084315,0.025988542432032736,0.04696181025061454,0.03698791396617441,0.08848881037106286,0.541145535631336,0.027452715384204334,0.11604277490087193
0.21433217130515933,0.04823020324973443,0.04114971948711858,0.10858329939229638,0.03334407904606181,0.07709756565789637,0.025790095586714624,0.1302346487080905,0.321238217566928
0.0344922432675239,0.04142295497967921,0.04533282952792048,0.0110371501580469,0.04833158532717089,0.15634050182725315,0.5993248531030289,0.021505887708991447,0.04221199410038509
0.2265004868616758,0.014363450099697916,0.046835956944066164,0.023301390965376024,0.03134523813727306,0.07540871082393029,0.020655367060072392,0.44214972942921954,0.1194396696786888
0.09737823481821005,0.07000039392653208,0.053219593162676944,0.5427186566027369,0.10061243318674644,0.018742771006859206,0.03884613240218889,0.033210449579469135,0.045271335314580365
0.14809321142670315,0.04998644232530557,0.046461975505142916,0.04365953136661169,0.04847756100718103,0.036352292317271585,0.4711532977127584,0.11922947000866586,0.036586218330359736
0.13766820221181314,0.0281233407937744,0.06310984899860685,0.07165270148787208,0.16995792012803537,0.08707289946693185,0.02480059917746878,0.15727010865919835,0.26034437907629915
0.053656585289347504,0.09550192979319645,0.03666828135810996,0.07538718561274904,0.11238139419477822,0.09751031986604486,0.3902107006221489,0.034155398043551326,0.10452820522007374
0.18631016875795703,0.02795380630488876,0.05053768135124657,0.43394223632078915,0.14645423121521006,0.030827195077196983,0.01642340277050831,0.04853467256666027,0.05901660563554297
0.07102453175174496,0.029412169147222087,0.04740178862726457,0.0849198675418249,0.03577329573795066,0.15768111145577576,0.42097120970926366,0.13389840155147922,0.018917624477474197
0.08656052819562919,0.04885717994061196,0.04676418922949174,0.0393527165395607,0.10199411120316393,0.17129690463256922,0.38005880137161396,0.028949119204131058,0.09616644968322825
0.34887766065330195,0.09331342679096448,0.09064274575845399,0.10320019683496418,0.16856653469106556,0.06769313036993717,0.0369555635561196,0.027192599525500186,0.06355814181969292
0.05413652811161138,0.05289132900639306,0.06577844701417995,0.11943983015465143,0.10143184409253349,0.06135617713206836,0.4745753491953158,0.018059325881675713,0.05233116941157093
0.08615202490798039,0.06383909100773281,0.037335968325439346,0.06039434462140877,0.20981907435538139,0.06496312840795726,0.21048563286817798,0.11150337556985083,0.15550735993607126
0.09468596993601093,0.0363514217433363,0.06652949634632148,0.036356181220724704,0.04871199284334002,0.10872949310700035,0.07094024723172411,0.4944856302766985,0.043209567294843494
0.07256895723713809,0.07047943231988057,0.05658762241047909,0.04878678131916331,0.08560076847035254,0.07473281643077462,0.46971665310056787,0.024575967797083983,0.09695100091455992
0.028631298363056574,0.0631016811839778,0.10412913968426692,0.01935678665812006,0.0769567189916342,0.12204386232224036,0.5210255033113095,0.026227189596983374,0.03852781988841119
0.04499490546673233,0.18766728214822745,0.2537207187635277,0.07288807241599672,0.06482525378541908,0.14636692053146558,0.07511961650122771,0.10371917729578105,0.050698053091622314
0.07091351272662272,0.04434928504299429,0.05117127063447859,0.04433756738312078,0.3946039062602393,0.06824862733270746,0.009459441266304937,0.17839279294262245,0.13852359641090956
0.15390677768963962,0.0980517247107066,0.0855901497628259,0.19300936518813674,0.07250765498476748,0.025271508491156957,0.19311394676711643,0.02351202403680565,0.15503684836884465
0.08748409373697835,0.05949699840477322,0.08940248283134018,0.0791452791558704,0.3030173884575749,0.056582862728270365,0.22613777089470452,0.04545611019140139,0.05327701359908663
0.03229980038441332,0.1598079877237625,0.6325842514029858,0.018769090161779457,0.05550305981959222,0.012407144377122925,0.022517022804492387,0.030197802387151768,0.03591384093869979
0.22588052999488617,0.07041274939773058,0.04397066815279358,0.2869236506545538,0.10992580128834202,0.05360143331118792,0.08943151070540474,0.06342449347020757,0.05642916302489361
0.14934471837269236,0.019050050192802034,0.04209554392398154,0.03824058516792838,0.11434310607984081,0.2970690339448084,0.05839783875196595,0.05842626371141669,0.22303285985456392
0.05271447795841566,0.022513113450214516,0.03696189079005862,0.02348657581380023,0.07454522412007922,0.08084183109747421,0.5764602770331593,0.06442078945236333,0.06805582028443499
0.10106204277350243,0.020184397889724242,0.03697281337983574,0.024091796776023338,0.03350557265125825,0.2624310295092344,0.0417095181634313,0.40645501033628517,0.07358781852070496
0.07280618842036998,0.03818824578243706,0.04880006327122624,0.047129267891447287,0.013952525037455227,0.07906168071969076,0.5750097948408021,0.03175266662940283,0.09329956740716865
0.032466048007486106,0.1252530883761651,0.04425581377000603,0.040502589998765694,0.09189094287494286,0.09732680394824245,0.4158022408257907,0.040802123379022205,0.11170034881957887
0.03427573361249909,0.2831716757625393,0.5086611496969192,0.016546069771856645,0.04273880957631005,0.00815236297952975,0.036753347135449706,0.030805428688728802,0.038895422776167456
0.03313835544212842,0.06683825162597033,0.0532754511044387,0.07771800685372192,0.05788802620821493,0.13380712348216695,0.4430160501959303,0.016689253447966308,0.11762948163946213
0.04500862115013513,0.033341525322699385,0.03653439964929429,0.02528023776482881,0.09147228489450965,0.08794512063483718,0.5266342824015903,0.09946058619980165,0.05432294198230345
0.08723159094875343,0.008930551868573432,0.0283971052809438,0.03214628509747847,0.05927454853710479,0.09526815314927638,0.14221875795830655,0.13851625958487304,0.4080167475746901
0.11568189708921466,0.052972428078496725,0.08385023705643334,0.024476586001126243,0.12522523909470348,0.09679916462242193,0.335065738230347,0.10081119583725716,0.0651175139899995
0.03759480230368485,0.04303338215992216,0.07946239598563787,0.02916841257679938,0.08716309999716881,0.08312996723458314,0.5717769560693488,0.02692250062490557,0.041748483047949536
0.12411174330636603,0.1539224147795004,0.0960604498263884,0.2692556191048326,0.12279979925336838,0.04729958546195893,0.03108967163318869,0.0524222030278246,0.10303851360657208
0.08260532556671403,0.12330387909108252,0.6560812008024461,0.013424704763840792,0.029943656709208486,0.014142079354432556,0.04250209340178155,0.012235252482046752,0.025761807828447374
0.15893900006818842,0.411289004120341,0.06845241927611152,0.04355189889829054,0.07476009336414208,0.09988897552907618,0.0645115101264889,0.0382274888381988,0.0403796097791626
0.0916278164825214,0.07370496228739841,0.0437367005301037,0.024026270117704123,0.08130059169018318,0.03389572288421847,0.5181202121394425,0.08209259492658111,0.05149512894184697
0.08317337535203738,0.03700164146594265,0.05169233249528355,0.10946887828800585,0.394764258778119,0.050030955516130814,0.03064982933905282,0.05594091691579665,0.18727781184963124
0.1557015728257782,0.05968164194435164,0.09609660274670041,0.12282345321456127,0.19957381608193123,0.030603553471089295,0.11771084640822042,0.1215201156956931,0.09628839761167436
0.04392192320570363,0.03414167909897033,0.051429655666973294,0.022161528980854814,0.015077650734630283,0.12056853121852575,0.6645573129568253,0.013563502355824977,0.03457821578169154
0.05022563211053596,0.052359983508575215,0.05421390963265424,0.03917302516203306,0.02697481208074949,0.18234595187901023,0.4901938275472168,0.055012039255258854,0.04950081882396618
0.3885985284298706,0.06354323577906328,0.02710139217749341,0.23483641483866333,0.03680461923666909,0.01695909701842743,0.044532107652108445,0.08917592444872559,0.09844868041897877
0.04516086129199245,0.01030455212746381,0.026204174589296764,0.02720438372072188,0.03242642877524592,0.43428266975128316,0.10653108842074092,0.05551111569841274,0.2623747256248424
0.07415559346463288,0.02238775925028644,0.060177922285818364,0.0327383399267428,0.09457282979871369,0.26485285686854115,0.04002994599633449,0.08861711238501464,0.32246764002391565
0.024132481902780445,0.10377885851950946,0.5512085293098338,0.02779145061044853,0.14160561551278003,0.017562515002859314,0.0595553554023377,0.01537435088927152,0.05899084285017921
0.1562534053416075,0.0453569607332562,0.052750675140815606,0.41301855252600433,0.09648290334896287,0.02162240349334939,0.022285775222268364,0.028708473385455624,0.1635208508082802
0.12792678116667935,0.03060625558178734,0.05332164718881636,0.034774407708120854,0.13549633280822168,0.15803377485592104,0.25142233496282285,0.03735904300049782,0.17105942272713262
0.07457824264045622,0.07088002568119663,0.07457866723767391,0.15604869043608446,0.132118330527477,0.13419183503561194,0.2595830109667217,0.04219535132012132,0.055825846154656876
0.09477403122777354,0.04590388751069755,0.025341704461350756,0.03470615207214733,0.03333834088240817,0.18347039331863446,0.0531274057570982,0.49165827629989306,0.03767980846999699
0.16714831496487115,0.056612572265446894,0.08656660006496436,0.11412918220353423,0.37861147459809713,0.03899305471406711,0.044535142355901426,0.07345566928466564,0.03994798954845211
0.05369532927690518,0.014859388645035304,0.0438289110085771,0.01928628654612968,0.07130566906586507,0.11153784724922722,0.6403598559038802,0.012859867630816863,0.03226684467356334
0.2122510221164816,0.09951695267244297,0.06560111459332385,0.22527568225448044,0.02441833807549032,0.021739551049919398,0.24647513707697302,0.055018430730278844,0.04970377143060955
0.09000102549419182,0.03560160722585446,0.04007713612382779,0.020752959713545373,0.09022045765144238,0.09780195877619961,0.4770249591733478,0.06483052798797583,0.08368936785361492
0.15380820193953312,0.041876995527454434,0.0376198275863241,0.014518778116633846,0.022888922241967743,0.11774593485157757,0.5544745210425318,0.012155156707088341,0.044911661986889145
0.03910340666370774,0.08619065564584061,0.05723380952945706,0.11727197836553958,0.5120027363148282,0.02500149938962983,0.022960352836454784,0.020277026400149206,0.11995853485439306
0.04671499141830349,0.007295336322841695,0.02257473955000795,0.016743131095072663,0.08522363477653694,0.462987871320566,0.08978763323977633,0.1558763923378289,0.11279626993906598
0.10932757582812126,0.594848454838303,0.06424718102870493,0.02100868161034805,0.03655749835129006,0.017791706312241726,0.08609700229503377,0.04903163963984173,0.02109026009611559
0.02974944996762904,0.025711812348966964,0.06766962172326434,0.19660575524266166,0.4634328942058746,0.07588976138704566,0.050894938724668826,0.03512407998622272,0.05492168641366618
0.09895863581938368,0.02687222839897173,0.0346521146619262,0.037281901077344616,0.07813020188800097,0.08340401581466332,0.5696943424484586,0.029354718742887878,0.041651841148362935
0.21306988271262137,0.05428748863438276,0.04537027134956486,0.31506535501704264,0.045306152554940415,0.05910367409238946,0.09933797196651317,0.09224388831827963,0.07621531535426569
0.06389864757244022,0.23201575483244186,0.5564256607113122,0.023662312572710075,0.020482108836142602,0.011336563257414925,0.009874936078641093,0.03485349374004723,0.047450522398849775
0.09601381569161005,0.1456575166875966,0.5123726911102827,0.013375429196414811,0.03585385495929829,0.07688316512071355,0.05469043280530914,0.0320976539680601,0.03305544046071476
0.08757990496662799,0.08041985206538627,0.04344969911900275,0.05438127887340117,0.0898692236087823,0.1376859712978693,0.29082742271680967,0.020315153954356922,0.19547149339776368
0.23431280764584642,0.0695174597086968,0.04500121083962699,0.18301852955941078,0.14399372948758524,0.06453373951905901,0.15064506483059473,0.03390244620452963,0.07507501220465039
0.047948971870695224,0.02612497441799237,0.051169655160203886,0.041231826114918775,0.05342162825994595,0.3374169556706113,0.11564384245279584,0.037850132350895786,0.28919201370194086
0.07289246797703187,0.026653615141183667,0.04586140838099221,0.03260858495801618,0.02550627333250437,0.13849387418045797,0.5328858203597405,0.047946740459018256,0.07715121521105493
0.10006876684936113,0.022519992828601232,0.03780863157110496,0.02366182628806991,0.048253105749716585,0.10986741123623069,0.5844595696585272,0.0427307632414232,0.03062993257696493
0.08189402235997796,0.030337041411093585,0.03732467720325763,0.056311356337374836,0.08116763802606178,0.05084094414435542,0.49378218695423404,0.08937668986518886,0.07896544369845587
0.10195088397989438,0.04430538069318953,0.03436761195455295,0.13296437436517752,0.08463280279889561,0.05705878991977128,0.37714458282049484,0.021935215887695484,0.14564035758032834
0.062322346556557856,0.037333843811526164,0.0321698160558809,0.08514399585576819,0.03809737380712741,0.11578548158183105,0.5586115577701329,0.024577204979601242,0.0459583795815743
0.0309983429333395,0.17982829764144004,0.6137653107348644,0.013482435013997372,0.05368395245786117,0.007294006818550149,0.01776731311990128,0.05499925889703988,0.02818108238300618
